%YAML:1.0
---
descriptors: !!opencv-matrix
   rows: 210
   cols: 32
   dt: u
   data: [ 236, 224, 185, 114, 137, 77, 87, 141, 114, 191, 165, 24, 214,
       245, 72, 58, 153, 210, 104, 58, 122, 98, 251, 51, 235, 219, 69,
       125, 208, 115, 198, 98, 120, 168, 124, 120, 136, 233, 81, 87, 178,
       21, 164, 24, 55, 151, 64, 17, 9, 178, 77, 16, 58, 75, 226, 53,
       219, 201, 48, 121, 224, 128, 198, 106, 93, 93, 61, 103, 176, 14,
       111, 184, 112, 234, 127, 68, 211, 113, 145, 112, 54, 68, 92, 110,
       233, 176, 125, 46, 228, 239, 37, 148, 104, 243, 64, 49, 236, 48,
       189, 99, 173, 125, 83, 152, 91, 255, 165, 24, 223, 93, 75, 59,
       145, 80, 253, 58, 43, 100, 251, 16, 207, 219, 65, 125, 194, 107,
       70, 114, 236, 176, 189, 115, 173, 253, 81, 153, 127, 127, 165, 24,
       222, 125, 74, 58, 153, 18, 253, 16, 58, 102, 251, 147, 207, 219,
       81, 127, 210, 75, 198, 242, 212, 180, 159, 242, 168, 237, 1, 207,
       186, 187, 129, 88, 183, 247, 72, 27, 129, 215, 109, 24, 59, 79,
       250, 49, 153, 163, 127, 124, 128, 64, 135, 115, 104, 180, 188,
       250, 189, 253, 81, 47, 223, 95, 172, 24, 190, 189, 78, 251, 201,
       147, 251, 16, 62, 107, 242, 147, 203, 223, 84, 123, 210, 76, 214,
       74, 212, 188, 221, 247, 136, 110, 65, 191, 178, 191, 162, 16, 215,
       247, 200, 123, 1, 86, 109, 24, 59, 77, 251, 34, 201, 227, 117, 84,
       160, 224, 134, 113, 252, 172, 252, 118, 136, 109, 85, 191, 178,
       182, 164, 24, 115, 119, 64, 27, 1, 214, 109, 40, 56, 79, 251, 51,
       219, 203, 117, 61, 224, 240, 198, 122, 120, 176, 253, 112, 168,
       252, 81, 83, 163, 95, 164, 24, 19, 183, 66, 59, 1, 150, 237, 16,
       26, 107, 242, 0, 219, 235, 116, 121, 224, 192, 198, 115, 252, 44,
       220, 114, 137, 109, 84, 223, 147, 183, 180, 25, 83, 225, 75, 27,
       137, 214, 236, 16, 58, 103, 218, 50, 219, 203, 85, 125, 243, 249,
       206, 2, 248, 26, 157, 116, 168, 44, 85, 182, 160, 190, 178, 120,
       223, 55, 1, 91, 133, 247, 109, 2, 104, 71, 194, 32, 211, 235, 117,
       152, 96, 240, 7, 43, 64, 168, 157, 255, 200, 237, 1, 135, 190, 19,
       96, 24, 182, 243, 64, 91, 129, 122, 106, 24, 50, 76, 218, 49, 205,
       163, 84, 120, 144, 64, 133, 42, 244, 100, 189, 100, 141, 79, 87,
       168, 66, 182, 161, 8, 82, 117, 73, 59, 153, 212, 104, 98, 104,
       103, 249, 8, 249, 203, 69, 63, 65, 123, 70, 98, 249, 184, 253,
       112, 141, 253, 81, 150, 227, 247, 164, 24, 59, 181, 66, 58, 1,
       214, 248, 24, 27, 111, 242, 49, 219, 201, 85, 121, 226, 192, 198,
       106, 216, 188, 188, 240, 169, 237, 89, 151, 191, 187, 180, 24,
       191, 191, 64, 27, 167, 183, 125, 24, 58, 77, 242, 51, 219, 219,
       116, 121, 194, 192, 135, 59, 248, 188, 188, 120, 169, 253, 81,
       215, 251, 59, 180, 24, 191, 191, 64, 59, 133, 183, 253, 24, 186,
       111, 242, 179, 219, 251, 117, 121, 194, 72, 198, 59, 232, 188,
       180, 252, 173, 237, 84, 223, 255, 187, 188, 24, 191, 249, 85, 123,
       201, 246, 127, 24, 42, 111, 219, 179, 219, 219, 85, 122, 210, 88,
       210, 11, 248, 188, 188, 248, 173, 253, 85, 223, 255, 59, 180, 24,
       191, 253, 64, 59, 141, 178, 253, 8, 186, 111, 242, 179, 219, 251,
       84, 123, 210, 200, 198, 43, 150, 237, 246, 255, 238, 171, 254,
       255, 191, 242, 250, 146, 237, 238, 61, 75, 255, 255, 127, 131,
       240, 255, 207, 255, 190, 254, 223, 128, 165, 253, 161, 193, 220,
       209, 30, 231, 36, 14, 127, 185, 60, 170, 214, 32, 247, 87, 137,
       83, 118, 213, 125, 106, 104, 212, 249, 46, 231, 235, 103, 148, 32,
       179, 129, 51, 69, 52, 149, 101, 161, 110, 119, 56, 120, 202, 103,
       12, 222, 113, 9, 51, 147, 68, 104, 106, 225, 240, 185, 74, 165,
       190, 69, 6, 72, 115, 67, 51, 212, 168, 189, 114, 138, 233, 21,
       143, 178, 183, 164, 56, 23, 247, 64, 27, 163, 215, 108, 16, 58,
       79, 170, 32, 217, 195, 117, 125, 224, 64, 135, 42, 240, 56, 255,
       112, 42, 233, 81, 82, 163, 191, 164, 56, 19, 183, 64, 27, 35, 244,
       108, 24, 8, 71, 170, 0, 89, 203, 117, 60, 224, 192, 70, 99, 240,
       177, 156, 114, 168, 105, 85, 255, 178, 63, 165, 57, 23, 183, 74,
       27, 131, 147, 109, 16, 58, 75, 202, 49, 219, 131, 117, 125, 224,
       64, 134, 91, 248, 168, 124, 112, 136, 233, 81, 87, 162, 23, 164,
       24, 55, 151, 66, 27, 9, 178, 205, 16, 58, 111, 226, 53, 219, 195,
       112, 121, 224, 128, 198, 42, 208, 160, 185, 240, 10, 232, 81, 19,
       162, 151, 164, 24, 55, 151, 64, 91, 1, 183, 109, 16, 26, 79, 178,
       16, 217, 225, 112, 121, 160, 192, 6, 106, 37, 113, 17, 71, 85, 79,
       103, 184, 106, 224, 43, 8, 214, 81, 77, 52, 144, 92, 64, 106, 65,
       240, 249, 28, 45, 156, 1, 52, 64, 59, 70, 160, 44, 241, 57, 105,
       28, 79, 83, 184, 98, 48, 45, 8, 211, 85, 73, 48, 153, 88, 64, 106,
       75, 112, 251, 29, 109, 141, 5, 116, 80, 59, 70, 162, 93, 93, 125,
       103, 176, 78, 79, 188, 97, 234, 254, 76, 247, 119, 137, 114, 86,
       214, 92, 106, 233, 145, 121, 46, 243, 239, 37, 148, 104, 242, 194,
       57, 21, 252, 185, 255, 180, 43, 111, 188, 54, 235, 95, 112, 215,
       119, 152, 96, 119, 95, 29, 58, 187, 180, 105, 63, 236, 239, 63,
       196, 164, 243, 129, 225, 213, 149, 121, 239, 176, 47, 79, 185, 52,
       234, 255, 96, 247, 119, 137, 112, 23, 214, 93, 106, 249, 176, 105,
       63, 233, 239, 39, 212, 32, 227, 128, 49, 252, 121, 189, 103, 172,
       78, 87, 152, 97, 250, 183, 12, 215, 85, 73, 59, 148, 212, 124,
       122, 201, 103, 249, 32, 247, 217, 101, 52, 104, 243, 70, 115, 236,
       112, 189, 99, 45, 111, 83, 152, 91, 254, 181, 24, 223, 93, 73, 59,
       153, 212, 124, 122, 171, 102, 251, 16, 207, 219, 101, 125, 194,
       251, 70, 114, 252, 173, 252, 114, 173, 189, 87, 223, 243, 191,
       180, 24, 123, 249, 90, 59, 9, 246, 236, 26, 58, 111, 250, 51, 251,
       219, 117, 125, 227, 249, 198, 42, 231, 230, 246, 255, 252, 15,
       238, 253, 63, 186, 251, 222, 239, 235, 220, 67, 255, 207, 127,
       191, 248, 247, 207, 239, 190, 254, 239, 132, 151, 255, 227, 129,
       230, 230, 198, 255, 252, 43, 238, 252, 63, 178, 251, 250, 239,
       235, 220, 67, 127, 239, 127, 167, 232, 247, 207, 239, 190, 255,
       239, 164, 183, 251, 227, 137, 252, 188, 220, 118, 168, 109, 85,
       191, 178, 191, 164, 25, 115, 247, 66, 27, 1, 214, 237, 8, 56, 79,
       250, 34, 219, 203, 117, 61, 226, 240, 198, 106, 120, 184, 253,
       112, 171, 237, 81, 87, 162, 29, 164, 8, 27, 183, 64, 58, 135, 151,
       253, 16, 26, 107, 178, 0, 219, 201, 116, 121, 226, 192, 198, 99,
       104, 189, 188, 254, 157, 221, 84, 103, 223, 91, 172, 25, 174, 189,
       68, 50, 201, 178, 251, 0, 126, 107, 242, 179, 251, 255, 212, 123,
       82, 72, 214, 90, 224, 188, 29, 250, 232, 237, 1, 143, 142, 59,
       160, 24, 182, 211, 64, 91, 129, 18, 106, 16, 51, 111, 218, 49,
       221, 130, 117, 124, 216, 8, 131, 170, 69, 103, 216, 39, 176, 10,
       110, 168, 120, 160, 107, 64, 199, 98, 155, 82, 18, 76, 108, 110,
       100, 240, 205, 106, 236, 255, 39, 4, 0, 243, 75, 0, 249, 184, 188,
       112, 141, 253, 81, 23, 227, 55, 164, 24, 27, 181, 66, 59, 129,
       150, 121, 24, 58, 111, 242, 1, 219, 201, 84, 121, 226, 64, 198,
       106, 197, 99, 37, 5, 44, 14, 71, 184, 108, 172, 179, 76, 194, 0,
       159, 87, 152, 196, 108, 111, 200, 246, 237, 72, 164, 58, 101, 20,
       64, 51, 98, 101, 92, 16, 156, 245, 44, 46, 89, 154, 174, 187, 183,
       33, 223, 127, 9, 91, 231, 213, 125, 24, 8, 193, 203, 0, 203, 251,
       123, 148, 160, 225, 1, 19, 216, 176, 188, 112, 41, 253, 81, 19,
       187, 59, 180, 24, 191, 191, 64, 27, 135, 181, 125, 24, 186, 111,
       242, 17, 219, 219, 114, 121, 194, 192, 7, 59, 197, 52, 157, 97,
       161, 110, 99, 24, 104, 234, 47, 88, 214, 115, 73, 59, 145, 84,
       108, 122, 17, 240, 249, 8, 205, 153, 97, 116, 200, 99, 67, 49,
       196, 180, 157, 118, 152, 111, 71, 174, 114, 186, 169, 24, 214,
       119, 73, 59, 145, 86, 104, 58, 121, 100, 249, 46, 233, 174, 85,
