%YAML:1.0
---
descriptors: !!opencv-matrix
   rows: 153
   cols: 32
   dt: u
   data: [ 193, 127, 159, 181, 160, 46, 47, 55, 56, 202, 82, 245, 245,
       55, 131, 123, 54, 103, 124, 110, 229, 212, 161, 42, 228, 163, 126,
       128, 8, 240, 129, 89, 104, 97, 121, 101, 124, 79, 87, 56, 96, 172,
       239, 8, 211, 21, 9, 48, 24, 220, 68, 106, 72, 178, 249, 28, 231,
       141, 33, 53, 96, 187, 70, 162, 212, 96, 156, 182, 140, 40, 70,
       136, 226, 178, 131, 89, 199, 225, 73, 27, 145, 196, 108, 123, 40,
       101, 203, 32, 216, 163, 101, 61, 160, 123, 82, 2, 226, 184, 251,
       80, 234, 237, 177, 71, 250, 91, 116, 56, 54, 156, 70, 63, 167, 59,
       114, 17, 19, 126, 178, 115, 93, 18, 80, 107, 201, 64, 199, 255,
       225, 56, 181, 93, 77, 205, 65, 7, 235, 249, 164, 24, 178, 177, 64,
       63, 200, 118, 106, 8, 11, 122, 242, 49, 69, 184, 84, 56, 66, 8,
       214, 42, 100, 102, 117, 103, 52, 79, 118, 56, 121, 170, 115, 72,
       211, 105, 149, 49, 144, 84, 108, 106, 236, 240, 233, 14, 167, 254,
       65, 5, 66, 179, 70, 37, 208, 174, 159, 182, 170, 168, 13, 151,
       182, 19, 132, 244, 183, 227, 64, 91, 39, 102, 108, 156, 59, 77,
       131, 51, 216, 227, 126, 120, 168, 64, 163, 41, 118, 181, 189, 250,
       189, 245, 153, 207, 139, 253, 141, 25, 150, 255, 78, 42, 205, 91,
       253, 17, 158, 75, 250, 177, 203, 213, 157, 127, 144, 76, 151, 83,
       221, 119, 189, 37, 168, 127, 87, 184, 99, 254, 167, 93, 215, 55,
       203, 59, 151, 212, 108, 126, 253, 69, 249, 50, 235, 203, 101, 116,
       234, 243, 134, 115, 192, 62, 159, 117, 160, 10, 117, 55, 248, 143,
       114, 124, 247, 51, 128, 27, 167, 119, 108, 8, 48, 248, 129, 40,
       204, 162, 116, 128, 200, 224, 135, 43, 64, 49, 49, 69, 18, 78, 52,
       41, 104, 224, 106, 72, 214, 21, 1, 50, 176, 20, 72, 32, 65, 240,
       177, 12, 165, 136, 5, 6, 64, 34, 71, 40, 126, 176, 168, 50, 157,
       253, 80, 207, 195, 125, 165, 25, 10, 220, 94, 154, 201, 138, 201,
       21, 30, 107, 250, 177, 219, 221, 149, 127, 211, 13, 222, 214, 10,
       181, 58, 33, 241, 223, 61, 111, 59, 125, 44, 25, 140, 254, 78, 48,
       183, 27, 213, 32, 214, 218, 177, 87, 239, 93, 21, 231, 66, 4, 143,
       255, 240, 160, 252, 112, 168, 105, 81, 27, 130, 183, 164, 56, 23,
       17, 64, 27, 1, 150, 108, 16, 26, 111, 234, 16, 219, 129, 113, 125,
       240, 200, 70, 34, 228, 244, 188, 51, 168, 111, 151, 168, 58, 254,
       37, 25, 214, 125, 75, 27, 153, 84, 108, 114, 104, 116, 249, 42,
       239, 211, 69, 119, 192, 121, 86, 83, 245, 228, 157, 50, 168, 109,
       87, 159, 178, 247, 173, 25, 215, 247, 75, 27, 129, 70, 125, 30,
       123, 101, 251, 34, 233, 239, 117, 124, 224, 243, 198, 98, 244, 52,
       189, 246, 140, 110, 85, 16, 242, 178, 135, 24, 215, 49, 73, 27,
       129, 212, 125, 58, 40, 101, 219, 2, 217, 163, 117, 52, 160, 121,
       86, 34, 100, 110, 61, 103, 36, 79, 230, 184, 121, 170, 115, 72,
       210, 105, 21, 49, 144, 116, 108, 106, 233, 240, 217, 108, 165,
       186, 97, 4, 64, 179, 70, 33, 201, 156, 63, 191, 32, 110, 109, 55,
       124, 74, 78, 84, 245, 54, 186, 97, 213, 103, 56, 173, 241, 152,
       49, 47, 229, 171, 250, 64, 24, 224, 161, 121, 108, 97, 57, 103,
       116, 79, 71, 56, 97, 172, 191, 8, 211, 21, 9, 48, 24, 220, 68,
       106, 72, 178, 105, 12, 231, 157, 33, 52, 66, 187, 70, 227, 217,
       60, 191, 55, 160, 110, 127, 55, 48, 202, 70, 84, 247, 55, 3, 123,
       55, 119, 124, 46, 233, 220, 177, 42, 225, 235, 126, 0, 168, 240,
       165, 121, 213, 125, 191, 100, 168, 110, 95, 176, 233, 254, 174,
       29, 215, 61, 83, 59, 167, 213, 125, 126, 249, 69, 185, 34, 251,
       235, 101, 116, 232, 243, 134, 115, 217, 62, 159, 183, 162, 110,
       53, 55, 180, 251, 102, 84, 247, 55, 0, 91, 167, 119, 108, 0, 49,
       221, 145, 8, 233, 227, 119, 0, 168, 112, 135, 123, 195, 174, 135,
       18, 168, 168, 76, 135, 251, 19, 128, 220, 166, 162, 212, 95, 161,
       102, 104, 29, 183, 77, 142, 115, 152, 50, 86, 120, 192, 68, 195,
       44, 244, 253, 253, 118, 168, 110, 87, 188, 178, 250, 163, 88, 87,
       247, 73, 115, 167, 247, 108, 74, 121, 71, 251, 42, 249, 171, 101,
       20, 224, 243, 198, 115, 228, 244, 189, 51, 168, 111, 85, 168, 56,
       190, 163, 25, 215, 117, 73, 27, 145, 84, 109, 50, 96, 228, 251,
       42, 237, 130, 117, 52, 192, 113, 71, 115, 196, 52, 156, 119, 168,
       111, 117, 186, 250, 190, 167, 56, 215, 113, 9, 27, 129, 70, 108,
       34, 32, 229, 251, 42, 207, 251, 117, 23, 192, 113, 199, 35, 69,
       199, 245, 7, 160, 27, 39, 184, 110, 190, 59, 108, 206, 96, 207,
       126, 151, 68, 108, 126, 192, 240, 109, 124, 172, 158, 101, 22,
       194, 243, 193, 101, 212, 116, 157, 246, 8, 46, 69, 56, 178, 186,
       167, 92, 215, 115, 73, 91, 149, 212, 108, 42, 104, 69, 219, 2,
       217, 171, 101, 48, 160, 249, 2, 35, 194, 184, 149, 80, 136, 232,
       0, 7, 170, 83, 160, 88, 182, 146, 64, 63, 129, 51, 104, 16, 19,
       75, 178, 113, 153, 144, 90, 122, 136, 0, 131, 60, 229, 68, 21,
       103, 169, 111, 69, 184, 118, 250, 163, 24, 214, 53, 9, 123, 145,
       68, 104, 122, 105, 244, 121, 28, 205, 250, 69, 20, 216, 121, 192,
       34, 240, 204, 126, 116, 188, 74, 71, 183, 240, 150, 166, 24, 115,
       33, 144, 115, 1, 246, 108, 40, 104, 239, 225, 47, 243, 235, 100,
       17, 99, 240, 214, 42, 225, 188, 17, 112, 237, 253, 80, 7, 235,
       115, 160, 24, 182, 152, 68, 59, 129, 54, 120, 16, 63, 111, 242,
       51, 155, 216, 17, 122, 200, 8, 194, 46, 161, 184, 59, 123, 205,
       237, 225, 71, 234, 83, 160, 24, 182, 216, 84, 59, 201, 58, 90, 9,
       3, 111, 242, 49, 133, 152, 80, 56, 64, 72, 211, 174, 108, 115,
       121, 103, 116, 79, 87, 56, 97, 172, 127, 40, 211, 21, 137, 16, 24,
       92, 68, 106, 72, 178, 233, 12, 103, 221, 33, 52, 66, 179, 70, 163,
       217, 180, 191, 117, 130, 110, 85, 55, 53, 207, 103, 28, 247, 55,
       2, 123, 55, 183, 124, 28, 57, 220, 179, 10, 219, 235, 117, 0, 170,
       192, 167, 123, 180, 240, 185, 114, 172, 205, 85, 220, 130, 254,
       165, 25, 151, 221, 73, 27, 141, 217, 93, 82, 106, 103, 250, 48,
       251, 217, 37, 125, 240, 25, 214, 242, 44, 117, 83, 102, 113, 79,
       119, 248, 161, 168, 109, 8, 94, 215, 41, 52, 156, 220, 197, 98,
       73, 179, 24, 46, 115, 221, 5, 38, 107, 187, 70, 179, 193, 113, 17,
       69, 17, 78, 102, 52, 96, 128, 98, 72, 246, 19, 0, 112, 16, 28, 64,
       106, 65, 176, 81, 13, 229, 168, 0, 0, 72, 50, 67, 42, 212, 116,
       189, 119, 168, 110, 37, 184, 186, 186, 163, 89, 215, 119, 73, 27,
       183, 85, 108, 34, 97, 197, 219, 42, 205, 162, 117, 20, 64, 113, 7,
       51, 119, 112, 200, 158, 172, 80, 78, 136, 131, 192, 141, 173, 243,
       252, 223, 34, 218, 197, 253, 243, 205, 67, 255, 136, 186, 49, 143,
       187, 12, 63, 26, 84, 252, 164, 153, 118, 137, 105, 69, 140, 179,
       187, 163, 24, 215, 243, 73, 59, 129, 214, 108, 18, 59, 71, 219,
       34, 217, 195, 117, 124, 160, 115, 130, 34, 242, 170, 213, 80, 169,
       232, 64, 7, 243, 31, 176, 249, 35, 171, 68, 155, 201, 166, 236,
       144, 62, 111, 194, 81, 154, 210, 208, 123, 227, 192, 238, 14, 0,
       172, 187, 90, 210, 225, 171, 199, 126, 1, 120, 114, 180, 243, 100,
       32, 255, 59, 2, 144, 18, 186, 138, 115, 29, 141, 62, 104, 209, 64,
       167, 171, 44, 99, 121, 103, 112, 15, 103, 184, 105, 168, 111, 72,
       215, 87, 9, 20, 158, 92, 68, 106, 72, 176, 105, 12, 103, 220, 33,
       20, 66, 179, 70, 163, 248, 53, 187, 116, 184, 108, 85, 183, 242,
       170, 170, 24, 87, 191, 65, 51, 161, 247, 125, 56, 104, 79, 144,
       10, 251, 237, 117, 56, 224, 240, 194, 42, 205, 116, 17, 103, 97,
       94, 55, 168, 121, 234, 111, 8, 222, 117, 77, 52, 145, 84, 104,
       106, 97, 240, 249, 110, 239, 223, 69, 6, 74, 115, 67, 35, 111,
       105, 160, 50, 217, 60, 222, 200, 123, 242, 41, 13, 12, 250, 95,
       190, 153, 205, 81, 95, 134, 66, 250, 226, 61, 93, 141, 190, 203,
       119, 90, 198, 92, 52, 149, 55, 168, 110, 5, 154, 50, 187, 171, 88,
