%YAML:1.0
---
descriptors: !!opencv-matrix
   rows: 112
   cols: 32
   dt: u
   data: [ 120, 176, 127, 112, 171, 189, 89, 87, 163, 29, 164, 24, 59,
       151, 64, 59, 135, 147, 93, 24, 26, 79, 178, 17, 219, 201, 112,
       120, 226, 128, 198, 123, 220, 164, 253, 114, 171, 120, 93, 159,
       178, 191, 167, 185, 79, 183, 74, 95, 39, 214, 237, 154, 58, 77,
       171, 162, 251, 195, 117, 117, 162, 212, 134, 115, 100, 99, 104,
       103, 112, 10, 107, 40, 50, 164, 111, 137, 211, 67, 219, 16, 18,
       204, 69, 106, 8, 144, 237, 12, 230, 173, 33, 37, 36, 179, 70, 96,
       244, 32, 188, 116, 8, 108, 65, 138, 242, 182, 166, 24, 211, 49,
       65, 27, 129, 212, 108, 10, 40, 101, 219, 0, 203, 235, 117, 53,
       224, 97, 70, 34, 69, 118, 121, 101, 112, 14, 107, 48, 121, 232,
       126, 228, 221, 23, 145, 48, 150, 85, 117, 110, 193, 144, 241, 78,
       102, 189, 43, 128, 76, 179, 3, 113, 120, 177, 123, 120, 9, 221,
       81, 71, 227, 85, 164, 57, 43, 157, 70, 59, 168, 178, 204, 16, 30,
       107, 178, 17, 219, 217, 16, 123, 115, 132, 198, 126, 240, 168,
       255, 122, 168, 173, 81, 199, 171, 23, 160, 24, 55, 159, 68, 27,
       175, 179, 125, 16, 26, 111, 178, 49, 211, 201, 112, 122, 224, 0,
       198, 42, 69, 100, 165, 7, 164, 63, 175, 184, 122, 242, 11, 92,
       212, 96, 221, 175, 19, 68, 120, 127, 177, 112, 253, 106, 44, 30,
       69, 116, 204, 251, 211, 116, 124, 97, 35, 230, 85, 78, 71, 232,
       49, 164, 235, 9, 66, 85, 9, 84, 112, 220, 105, 98, 72, 147, 249,
       14, 241, 164, 133, 20, 34, 59, 118, 98, 77, 117, 16, 103, 113, 30,
       119, 184, 125, 232, 111, 76, 222, 113, 9, 181, 144, 76, 80, 106,
       225, 240, 121, 110, 103, 255, 5, 2, 74, 51, 67, 162, 100, 160,
       189, 81, 200, 237, 81, 139, 234, 177, 45, 24, 214, 177, 72, 58,
       129, 86, 106, 24, 19, 122, 251, 16, 77, 158, 85, 124, 192, 73,
       198, 162, 124, 184, 253, 114, 171, 253, 81, 222, 179, 251, 164,
       56, 59, 247, 201, 191, 39, 215, 236, 24, 27, 99, 186, 49, 219,
       203, 117, 127, 227, 209, 198, 115, 248, 156, 222, 126, 137, 108,
       84, 183, 240, 26, 166, 24, 123, 115, 0, 251, 129, 246, 236, 2, 57,
       111, 155, 33, 211, 235, 116, 25, 234, 240, 202, 10, 229, 164, 149,
       146, 205, 237, 197, 207, 222, 183, 169, 24, 214, 240, 72, 59, 137,
       86, 106, 24, 59, 111, 250, 50, 157, 150, 85, 124, 192, 73, 215,
       224, 126, 119, 200, 166, 250, 18, 30, 152, 51, 182, 141, 237, 77,
       99, 203, 146, 23, 221, 237, 242, 76, 67, 207, 136, 250, 199, 237,
       191, 166, 247, 14, 3, 69, 49, 121, 101, 112, 14, 107, 48, 120,
       232, 126, 196, 221, 55, 145, 48, 150, 93, 85, 110, 129, 144, 177,
       76, 228, 190, 34, 128, 76, 179, 3, 177, 124, 99, 104, 71, 120, 75,
       71, 168, 33, 172, 255, 168, 195, 101, 137, 20, 88, 220, 196, 106,
       72, 178, 233, 12, 230, 164, 37, 181, 99, 187, 70, 227, 120, 184,
       251, 116, 9, 204, 81, 7, 227, 85, 164, 24, 63, 159, 64, 58, 161,
       183, 125, 16, 27, 75, 178, 129, 219, 233, 48, 123, 227, 128, 70,
       106, 114, 169, 248, 90, 137, 201, 208, 205, 171, 53, 168, 9, 34,
       205, 76, 18, 136, 147, 237, 80, 26, 43, 202, 113, 91, 152, 5, 123,
       81, 10, 198, 10, 82, 249, 145, 188, 251, 192, 20, 239, 171, 148,
       136, 41, 44, 246, 64, 150, 162, 123, 233, 80, 67, 11, 178, 253,
       185, 212, 15, 123, 0, 22, 135, 126, 45, 249, 24, 35, 153, 221,
       118, 164, 239, 248, 40, 13, 190, 216, 67, 144, 128, 105, 192, 86,
       71, 40, 90, 53, 175, 221, 5, 126, 88, 31, 203, 154, 233, 60, 149,
       119, 232, 106, 69, 151, 242, 187, 34, 120, 247, 241, 193, 63, 1,
       126, 104, 24, 57, 254, 203, 34, 253, 167, 117, 48, 226, 240, 130,
       40, 240, 172, 142, 178, 140, 173, 65, 135, 182, 19, 132, 24, 183,
       179, 64, 27, 193, 230, 125, 24, 58, 79, 218, 51, 217, 227, 116,
       121, 128, 72, 218, 10, 205, 36, 229, 71, 135, 123, 231, 168, 122,
       226, 15, 90, 216, 112, 221, 175, 51, 68, 122, 127, 177, 244, 253,
       106, 45, 14, 71, 116, 239, 255, 81, 100, 124, 101, 72, 103, 209,
       75, 86, 168, 49, 164, 239, 137, 195, 97, 11, 16, 24, 204, 201,
       106, 72, 242, 201, 14, 238, 199, 5, 53, 99, 251, 78, 2, 193, 186,
       159, 81, 140, 173, 161, 151, 254, 91, 34, 84, 246, 177, 208, 107,
       1, 38, 106, 28, 179, 109, 147, 113, 13, 58, 86, 64, 200, 64, 193,
       40, 200, 190, 191, 122, 184, 236, 49, 214, 186, 31, 100, 56, 191,
       215, 8, 24, 167, 59, 109, 24, 50, 77, 170, 119, 201, 247, 48, 72,
       192, 129, 167, 107, 240, 169, 245, 112, 233, 201, 84, 207, 227,
       177, 160, 24, 59, 159, 68, 59, 171, 255, 108, 16, 90, 107, 226,
       49, 251, 217, 85, 127, 227, 208, 230, 42, 216, 190, 254, 114, 184,
       172, 81, 214, 187, 31, 182, 61, 191, 247, 138, 24, 39, 51, 109,
       24, 50, 77, 186, 119, 219, 239, 48, 201, 226, 129, 167, 123, 77,
       119, 52, 71, 117, 30, 118, 184, 105, 232, 127, 68, 222, 112, 31,
       180, 148, 68, 100, 110, 197, 240, 249, 110, 39, 255, 37, 6, 74,
       115, 75, 165, 200, 134, 151, 189, 170, 170, 41, 191, 190, 19, 130,
       241, 245, 39, 128, 91, 39, 23, 109, 16, 49, 205, 195, 21, 204,
       162, 126, 208, 132, 192, 129, 57, 225, 168, 215, 88, 205, 236,
       224, 199, 251, 27, 160, 88, 34, 177, 68, 191, 137, 186, 106, 24,
       59, 111, 210, 115, 29, 186, 84, 122, 202, 64, 194, 44, 44, 165,
       145, 98, 221, 79, 71, 232, 83, 160, 173, 8, 82, 113, 73, 52, 217,
       218, 0, 122, 122, 114, 249, 58, 111, 157, 5, 124, 194, 123, 210,
       162, 118, 119, 133, 166, 186, 75, 22, 168, 51, 232, 139, 237, 70,
       126, 75, 146, 148, 221, 253, 227, 77, 83, 201, 42, 184, 198, 237,
       183, 44, 119, 26, 87, 124, 119, 72, 103, 217, 75, 87, 248, 49,
       172, 191, 45, 66, 117, 75, 16, 24, 220, 237, 98, 72, 243, 201, 14,
       251, 199, 37, 183, 99, 123, 78, 19, 245, 116, 145, 167, 203, 79,
       87, 236, 19, 238, 169, 13, 86, 117, 75, 27, 217, 204, 104, 102,
       105, 119, 217, 42, 177, 202, 69, 54, 105, 123, 70, 242, 44, 64,
       101, 99, 100, 79, 235, 152, 100, 54, 115, 8, 211, 25, 17, 41, 24,
       136, 87, 123, 200, 180, 121, 16, 69, 136, 161, 4, 117, 187, 86,
       226, 116, 21, 149, 182, 168, 110, 7, 169, 170, 187, 171, 88, 215,
       115, 73, 218, 145, 215, 108, 34, 57, 67, 219, 34, 177, 166, 109,
       60, 128, 115, 131, 33, 77, 119, 49, 71, 244, 30, 103, 184, 105,
       236, 127, 76, 222, 96, 159, 180, 180, 76, 70, 110, 197, 176, 249,
       110, 39, 61, 37, 4, 74, 243, 67, 245, 192, 158, 159, 93, 232, 168,
       33, 151, 186, 27, 98, 252, 180, 163, 192, 91, 39, 126, 110, 24,
       51, 92, 195, 115, 204, 166, 116, 200, 128, 192, 163, 41, 225, 232,
       214, 88, 109, 153, 160, 199, 251, 19, 160, 120, 34, 176, 68, 155,
       137, 162, 106, 16, 55, 111, 194, 19, 30, 218, 84, 122, 200, 8,
       202, 142, 233, 170, 133, 48, 237, 169, 160, 207, 210, 243, 32, 93,
       166, 168, 64, 155, 201, 42, 226, 21, 54, 111, 194, 179, 28, 82,
       85, 123, 210, 76, 218, 142, 37, 237, 176, 69, 253, 31, 198, 136,
       74, 184, 168, 8, 194, 120, 93, 174, 153, 78, 66, 120, 223, 98,
       251, 49, 47, 28, 5, 62, 216, 123, 218, 134, 127, 243, 109, 75, 58,
       83, 31, 184, 23, 244, 141, 168, 217, 118, 203, 180, 23, 213, 253,
       226, 202, 82, 255, 31, 239, 71, 173, 183, 54, 183, 6, 117, 60,
       115, 72, 103, 112, 75, 118, 184, 33, 172, 251, 237, 195, 101, 9,
       16, 24, 220, 197, 98, 76, 178, 201, 12, 230, 197, 37, 149, 105,
       187, 78, 147, 117, 117, 145, 167, 201, 79, 71, 252, 17, 234, 235,
       77, 86, 117, 73, 26, 217, 204, 98, 110, 105, 242, 217, 42, 185,
       142, 69, 54, 201, 123, 194, 242, 44, 105, 145, 230, 73, 77, 71,
       88, 35, 168, 173, 8, 183, 211, 65, 150, 16, 252, 68, 106, 75, 66,
       218, 57, 249, 209, 5, 60, 98, 179, 6, 160, 199, 190, 220, 81, 188,
       50, 236, 191, 255, 179, 182, 84, 193, 50, 222, 127, 163, 198, 124,
       152, 183, 205, 255, 246, 14, 218, 255, 215, 140, 240, 201, 13,
       243, 156, 157, 124, 169, 253, 16, 55, 223, 123, 166, 120, 246,
