%YAML:1.0
---
descriptors: !!opencv-matrix
   rows: 83
   cols: 32
   dt: u
   data: [ 217, 188, 191, 254, 169, 237, 93, 254, 187, 91, 180, 28, 255,
       255, 72, 59, 165, 247, 253, 8, 171, 79, 250, 179, 219, 251, 119,
       184, 170, 208, 131, 123, 250, 180, 180, 250, 143, 253, 84, 93,
       187, 23, 173, 25, 238, 253, 74, 158, 185, 147, 237, 17, 62, 103,
       154, 147, 219, 219, 84, 123, 243, 78, 239, 66, 126, 182, 190, 250,
       237, 253, 217, 219, 191, 95, 181, 29, 238, 253, 126, 255, 205,
       155, 255, 19, 191, 111, 250, 243, 219, 223, 219, 251, 218, 77,
       223, 119, 221, 86, 123, 239, 52, 31, 235, 248, 124, 232, 247, 254,
       255, 95, 153, 97, 126, 221, 31, 239, 233, 182, 109, 142, 246, 233,
       163, 132, 45, 187, 113, 241, 92, 53, 188, 166, 168, 111, 95, 184,
       166, 254, 159, 45, 215, 255, 75, 83, 215, 87, 125, 98, 204, 65,
       187, 40, 251, 209, 111, 189, 48, 243, 45, 83, 205, 222, 253, 247,
       172, 108, 125, 150, 190, 251, 183, 116, 223, 63, 66, 122, 135, 87,
       127, 24, 179, 108, 251, 98, 207, 255, 118, 212, 202, 241, 199,
       123, 157, 20, 125, 245, 36, 46, 125, 58, 60, 234, 247, 244, 223,
       95, 145, 121, 127, 157, 31, 47, 233, 212, 121, 14, 198, 235, 235,
       132, 44, 225, 1, 113, 255, 112, 189, 250, 173, 125, 83, 216, 251,
       255, 181, 29, 223, 223, 79, 59, 205, 209, 255, 86, 175, 103, 251,
       176, 219, 219, 85, 126, 210, 63, 70, 115, 254, 180, 188, 250, 173,
       253, 89, 218, 191, 95, 181, 29, 222, 253, 126, 127, 205, 155, 255,
       19, 187, 103, 250, 243, 219, 219, 219, 255, 210, 77, 198, 243,
       253, 57, 253, 230, 169, 95, 95, 252, 171, 254, 188, 13, 223, 255,
       75, 59, 134, 215, 253, 110, 201, 99, 251, 184, 251, 217, 101, 190,
       106, 247, 198, 115, 205, 188, 189, 247, 188, 108, 123, 148, 191,
       251, 183, 92, 255, 255, 74, 123, 133, 86, 125, 30, 179, 109, 251,
       35, 207, 251, 117, 212, 202, 249, 194, 123, 118, 108, 246, 239,
       110, 11, 254, 232, 125, 162, 243, 10, 207, 234, 61, 82, 254, 237,
       127, 227, 232, 247, 201, 238, 182, 250, 207, 148, 101, 187, 115,
       129, 252, 112, 252, 115, 169, 95, 87, 152, 115, 190, 165, 9, 223,
       95, 75, 27, 221, 213, 253, 122, 104, 102, 251, 48, 255, 219, 101,
       53, 242, 179, 78, 115, 182, 109, 118, 239, 126, 11, 254, 232, 61,
       160, 242, 2, 239, 234, 53, 81, 254, 237, 127, 227, 232, 179, 73,
       255, 182, 250, 207, 148, 117, 187, 97, 137, 220, 55, 188, 230,
       168, 79, 95, 184, 35, 254, 189, 13, 95, 119, 75, 19, 150, 215,
       253, 106, 72, 67, 249, 40, 251, 201, 101, 189, 34, 243, 142, 83,
       220, 117, 188, 230, 168, 78, 95, 184, 35, 254, 191, 45, 223, 127,
       75, 83, 151, 215, 253, 98, 76, 67, 251, 40, 251, 233, 101, 189,
       32, 243, 142, 83, 205, 156, 157, 247, 168, 174, 125, 159, 190,
       251, 178, 116, 255, 123, 128, 123, 231, 119, 125, 156, 179, 205,
       75, 179, 206, 251, 255, 212, 136, 240, 161, 27, 253, 188, 189,
       250, 173, 45, 85, 223, 251, 251, 177, 92, 223, 249, 89, 59, 137,
       215, 125, 26, 187, 111, 251, 178, 251, 219, 85, 60, 202, 248, 194,
       35, 234, 176, 190, 250, 237, 253, 249, 91, 191, 95, 181, 29, 254,
       255, 110, 127, 205, 155, 255, 16, 191, 111, 250, 243, 219, 223,
       222, 251, 210, 76, 222, 243, 253, 121, 253, 230, 173, 93, 95, 184,
       235, 252, 180, 12, 219, 127, 95, 51, 142, 213, 253, 106, 201, 99,
       251, 168, 243, 217, 101, 190, 99, 251, 198, 115, 77, 190, 255,
       255, 236, 175, 111, 191, 127, 234, 254, 246, 255, 255, 208, 96,
       127, 239, 127, 140, 179, 248, 239, 255, 254, 255, 247, 192, 175,
       248, 225, 249, 18, 221, 146, 159, 246, 130, 190, 230, 190, 3, 90,
       50, 172, 250, 32, 64, 119, 123, 55, 193, 114, 153, 2, 255, 188,
       182, 158, 194, 21, 80, 161, 137, 2, 205, 2, 159, 214, 130, 190,
       230, 188, 3, 90, 130, 108, 238, 48, 64, 127, 123, 179, 195, 98,
       153, 10, 255, 60, 38, 158, 128, 21, 80, 177, 153, 120, 181, 180,
       250, 173, 253, 80, 121, 191, 31, 189, 25, 111, 253, 78, 154, 217,
       147, 237, 18, 62, 99, 218, 147, 219, 223, 85, 127, 210, 78, 206,
       82, 62, 253, 23, 188, 157, 207, 215, 236, 191, 172, 248, 11, 238,
       254, 44, 212, 249, 255, 239, 99, 104, 99, 218, 255, 185, 246, 143,
       63, 81, 63, 231, 2, 213, 126, 123, 239, 52, 79, 107, 248, 125,
       234, 247, 126, 255, 95, 145, 97, 126, 253, 95, 238, 233, 182, 249,
       254, 246, 249, 163, 128, 44, 187, 97, 241, 54, 101, 118, 239, 95,
       75, 254, 232, 63, 164, 251, 3, 204, 254, 13, 80, 250, 221, 239,
       227, 104, 243, 201, 222, 191, 246, 207, 23, 69, 123, 101, 194,
       205, 188, 189, 115, 168, 236, 127, 144, 255, 251, 183, 92, 255,
       127, 89, 123, 135, 86, 125, 30, 179, 109, 251, 99, 207, 251, 117,
       220, 202, 227, 195, 123, 118, 229, 114, 239, 124, 11, 254, 233,
       63, 160, 251, 138, 239, 238, 60, 80, 254, 221, 127, 227, 200, 179,
       203, 223, 190, 254, 143, 188, 117, 186, 115, 129, 54, 237, 98,
       206, 124, 3, 126, 248, 31, 160, 252, 10, 107, 235, 61, 80, 122,
       237, 23, 234, 200, 178, 200, 255, 62, 252, 135, 172, 119, 187,
       114, 129, 217, 156, 157, 247, 172, 172, 125, 159, 190, 251, 178,
       116, 255, 115, 136, 123, 135, 119, 125, 28, 187, 77, 251, 51, 203,
       251, 127, 208, 168, 208, 131, 41, 217, 188, 157, 246, 168, 172,
       93, 191, 191, 251, 182, 92, 255, 247, 64, 123, 135, 247, 125, 24,
       187, 77, 251, 35, 219, 251, 119, 216, 136, 208, 131, 59, 237, 191,
       230, 223, 252, 63, 239, 255, 255, 251, 254, 222, 251, 233, 158,
       255, 125, 238, 254, 174, 191, 239, 255, 255, 254, 127, 247, 248,
       223, 253, 250, 221, 237, 188, 189, 251, 173, 173, 77, 255, 251,
       251, 180, 92, 255, 249, 89, 251, 201, 198, 126, 30, 187, 111, 251,
       179, 223, 223, 213, 124, 202, 120, 210, 186, 253, 188, 189, 250,
       173, 237, 85, 223, 251, 251, 181, 92, 255, 249, 72, 59, 137, 215,
       124, 24, 187, 111, 251, 179, 219, 219, 85, 126, 202, 120, 194, 51,
       141, 52, 127, 253, 36, 111, 123, 58, 60, 234, 247, 118, 223, 87,
       145, 105, 127, 189, 95, 174, 233, 244, 125, 142, 199, 251, 99,
       128, 44, 233, 97, 241, 73, 21, 189, 229, 164, 110, 125, 31, 236,
       251, 254, 116, 223, 63, 145, 123, 231, 87, 127, 44, 185, 240, 113,
       200, 199, 251, 118, 132, 140, 240, 129, 113, 205, 252, 189, 115,
       168, 236, 123, 152, 255, 251, 183, 92, 255, 255, 73, 123, 135,
       118, 125, 30, 163, 101, 251, 115, 207, 255, 119, 252, 202, 225,
       71, 115, 124, 181, 184, 234, 173, 125, 82, 216, 63, 63, 189, 25,
       223, 255, 78, 154, 217, 219, 253, 50, 30, 99, 219, 147, 219, 223,
       33, 127, 242, 79, 206, 82, 120, 181, 177, 250, 189, 221, 84, 125,
       191, 63, 189, 25, 239, 255, 78, 144, 221, 155, 239, 16, 94, 107,
       218, 147, 251, 223, 21, 123, 210, 78, 198, 90, 118, 117, 246, 239,
       207, 79, 254, 232, 63, 170, 251, 10, 206, 250, 13, 80, 250, 221,
       255, 227, 72, 243, 217, 206, 191, 254, 207, 23, 101, 123, 103,
       130, 54, 101, 114, 239, 221, 15, 254, 200, 63, 168, 251, 10, 206,
       234, 29, 80, 254, 205, 127, 243, 136, 179, 217, 254, 191, 252,
       143, 52, 197, 59, 115, 130, 252, 112, 252, 114, 169, 79, 87, 152,
       51, 254, 181, 9, 223, 95, 75, 27, 157, 213, 253, 114, 104, 102,
       251, 48, 255, 219, 101, 53, 226, 251, 78, 115, 246, 97, 86, 143,
       124, 11, 238, 232, 61, 160, 243, 10, 238, 202, 61, 81, 122, 205,
       127, 227, 104, 179, 201, 253, 180, 186, 143, 148, 53, 59, 113,
       128, 34, 205, 98, 222, 212, 131, 174, 228, 86, 0, 120, 2, 96, 232,
       53, 0, 121, 234, 19, 227, 194, 186, 12, 255, 60, 14, 143, 136, 85,
       95, 112, 136, 38, 237, 98, 206, 84, 131, 238, 236, 95, 128, 120,
       2, 104, 232, 181, 32, 120, 234, 19, 227, 194, 186, 12, 255, 62,
       12, 135, 168, 85, 187, 114, 140, 38, 237, 98, 206, 84, 147, 238,
       248, 87, 128, 249, 10, 104, 233, 189, 0, 122, 235, 23, 227, 202,
