%YAML:1.0
---
descriptors: !!opencv-matrix
   rows: 298
   cols: 32
   dt: u
   data: [ 248, 170, 218, 120, 170, 169, 81, 87, 179, 31, 164, 185, 39,
       231, 66, 27, 175, 179, 237, 16, 58, 79, 130, 19, 219, 195, 112,
       121, 240, 192, 198, 123, 248, 170, 222, 114, 170, 233, 81, 199,
       163, 183, 164, 185, 55, 199, 66, 26, 39, 179, 237, 16, 26, 79,
       170, 33, 219, 193, 117, 121, 224, 192, 134, 107, 69, 125, 157, 23,
       188, 46, 167, 156, 122, 250, 11, 92, 214, 112, 89, 43, 145, 102,
       120, 127, 177, 240, 251, 42, 237, 142, 101, 52, 200, 123, 211, 48,
       105, 253, 184, 115, 221, 221, 117, 159, 123, 245, 44, 28, 190, 60,
       70, 190, 129, 78, 240, 92, 247, 120, 251, 51, 111, 223, 21, 118,
       202, 84, 203, 127, 205, 116, 157, 101, 161, 110, 119, 56, 121,
       234, 111, 24, 222, 49, 9, 59, 144, 68, 104, 106, 97, 244, 241, 10,
       229, 251, 69, 6, 74, 115, 67, 35, 106, 188, 180, 248, 173, 189,
       88, 215, 159, 59, 188, 24, 190, 189, 116, 90, 205, 187, 255, 17,
       186, 107, 242, 243, 219, 223, 222, 122, 210, 200, 242, 138, 80,
       24, 159, 116, 160, 108, 65, 55, 160, 219, 166, 24, 247, 55, 0,
       123, 129, 118, 108, 8, 25, 77, 179, 2, 201, 235, 116, 88, 128, 96,
       135, 59, 248, 180, 190, 248, 173, 253, 81, 83, 255, 91, 180, 24,
       190, 191, 66, 59, 141, 179, 253, 16, 58, 111, 242, 147, 219, 219,
       80, 122, 210, 72, 198, 123, 101, 117, 17, 71, 117, 15, 103, 56,
       120, 224, 107, 76, 214, 81, 24, 48, 144, 76, 64, 110, 193, 240,
       249, 14, 37, 188, 5, 6, 72, 51, 67, 35, 5, 125, 49, 69, 117, 78,
       230, 184, 120, 232, 106, 76, 222, 24, 21, 180, 144, 92, 80, 106,
       193, 176, 113, 14, 37, 188, 5, 6, 72, 51, 67, 177, 37, 117, 17,
       67, 21, 79, 103, 184, 110, 224, 43, 8, 214, 81, 77, 48, 144, 92,
       82, 106, 193, 240, 121, 28, 45, 156, 5, 52, 72, 59, 67, 162, 36,
       224, 57, 111, 13, 77, 87, 168, 66, 20, 37, 8, 242, 85, 9, 48, 153,
       80, 64, 106, 74, 34, 251, 17, 229, 153, 1, 61, 80, 59, 70, 98,
       230, 160, 189, 118, 200, 100, 17, 207, 186, 189, 160, 25, 52, 247,
       76, 27, 129, 87, 105, 16, 50, 79, 170, 33, 89, 129, 125, 255, 128,
       96, 135, 235, 120, 173, 127, 114, 154, 201, 85, 199, 178, 53, 172,
       56, 43, 247, 64, 24, 35, 179, 205, 144, 122, 75, 170, 117, 251,
       199, 53, 121, 224, 64, 166, 106, 1, 125, 19, 69, 21, 94, 231, 52,
       104, 192, 106, 76, 246, 16, 133, 180, 50, 116, 80, 106, 193, 180,
       53, 12, 37, 184, 0, 2, 74, 51, 67, 189, 86, 180, 155, 250, 203,
       224, 21, 143, 178, 23, 173, 185, 20, 247, 72, 90, 97, 158, 233,
       144, 26, 79, 186, 35, 219, 231, 222, 127, 160, 64, 166, 115, 125,
       221, 125, 103, 180, 78, 79, 188, 97, 232, 190, 64, 119, 119, 137,
       112, 86, 212, 124, 106, 233, 129, 121, 46, 243, 239, 37, 148, 96,
       243, 68, 57, 22, 253, 246, 223, 254, 27, 254, 236, 127, 178, 250,
       34, 238, 250, 61, 97, 255, 255, 255, 227, 248, 243, 235, 255, 190,
       190, 207, 214, 229, 251, 241, 133, 92, 159, 25, 231, 176, 47, 79,
       185, 52, 170, 255, 96, 215, 119, 137, 112, 23, 246, 93, 106, 121,
       144, 105, 46, 233, 239, 37, 148, 32, 243, 196, 49, 124, 85, 125,
       102, 168, 78, 79, 188, 225, 168, 190, 72, 87, 119, 9, 115, 20,
       212, 125, 106, 201, 3, 249, 44, 243, 233, 101, 20, 96, 243, 198,
       59, 44, 48, 185, 115, 173, 125, 81, 152, 91, 255, 181, 24, 218,
       125, 79, 58, 153, 216, 253, 48, 58, 102, 251, 18, 207, 223, 49,
       127, 210, 75, 70, 115, 252, 188, 245, 86, 168, 110, 69, 186, 179,
       190, 165, 24, 115, 119, 73, 59, 1, 214, 108, 42, 56, 103, 251, 46,
       251, 227, 117, 60, 226, 241, 198, 99, 20, 181, 153, 231, 180, 46,
       79, 184, 54, 170, 223, 0, 247, 119, 137, 80, 87, 222, 93, 106,
       121, 144, 105, 63, 233, 239, 39, 148, 160, 243, 128, 49, 228, 180,
       157, 250, 236, 237, 69, 143, 222, 59, 161, 24, 246, 241, 72, 123,
       129, 18, 106, 24, 51, 111, 218, 113, 221, 146, 85, 124, 216, 72,
       199, 42, 252, 14, 159, 116, 168, 46, 85, 186, 160, 186, 166, 120,
       87, 119, 1, 91, 135, 247, 109, 42, 104, 71, 203, 8, 211, 235, 117,
       28, 96, 241, 134, 35, 236, 116, 189, 231, 44, 110, 67, 152, 122,
       186, 183, 56, 214, 115, 73, 59, 153, 84, 124, 122, 41, 116, 233,
       2, 197, 219, 101, 52, 192, 115, 71, 35, 69, 115, 17, 71, 16, 14,
       103, 184, 108, 168, 107, 68, 222, 19, 137, 112, 148, 92, 76, 106,
       193, 144, 217, 108, 165, 188, 39, 4, 8, 51, 3, 33, 64, 172, 157,
       255, 200, 237, 21, 135, 186, 23, 96, 24, 182, 243, 64, 91, 129,
       122, 104, 24, 50, 76, 218, 51, 205, 163, 117, 120, 144, 64, 135,
       170, 116, 117, 117, 70, 205, 109, 199, 190, 193, 174, 188, 12, 82,
       117, 205, 55, 8, 214, 100, 106, 201, 99, 248, 44, 113, 152, 69,
       62, 67, 251, 198, 122, 74, 178, 220, 49, 162, 57, 56, 159, 63, 51,
       2, 245, 141, 39, 74, 218, 167, 15, 237, 20, 54, 92, 201, 83, 206,
       215, 116, 247, 168, 196, 139, 27, 252, 197, 188, 126, 139, 105,
       23, 172, 178, 55, 173, 24, 111, 243, 74, 83, 19, 214, 232, 98,
       122, 71, 203, 55, 251, 227, 85, 125, 112, 115, 134, 42, 45, 113,
       17, 97, 49, 95, 82, 8, 105, 224, 45, 8, 218, 16, 13, 180, 152,
       156, 68, 98, 73, 176, 241, 12, 167, 221, 1, 54, 75, 35, 74, 166,
       248, 170, 252, 112, 170, 233, 81, 87, 162, 63, 164, 184, 19, 135,
       64, 27, 47, 146, 101, 24, 58, 111, 162, 16, 217, 203, 116, 125,
       225, 192, 134, 107, 77, 117, 188, 71, 177, 94, 55, 184, 121, 234,
       111, 12, 222, 112, 9, 179, 145, 68, 120, 106, 229, 240, 217, 10,
       239, 255, 69, 6, 202, 115, 195, 22, 248, 172, 220, 114, 168, 173,
       81, 223, 179, 63, 164, 29, 55, 243, 74, 27, 1, 242, 109, 24, 58,
       111, 218, 51, 219, 203, 117, 121, 226, 192, 206, 11, 248, 188,
       247, 114, 171, 249, 85, 214, 179, 191, 164, 56, 110, 247, 64, 191,
       39, 247, 236, 16, 58, 111, 170, 99, 219, 219, 85, 123, 226, 208,
       134, 107, 244, 188, 189, 118, 137, 236, 85, 142, 187, 251, 160,
       24, 118, 247, 77, 123, 129, 247, 253, 16, 43, 75, 186, 49, 251,
       243, 85, 127, 128, 112, 134, 58, 205, 52, 157, 101, 160, 110, 105,
       19, 121, 226, 39, 16, 222, 51, 65, 123, 133, 68, 120, 44, 177,
       212, 241, 74, 199, 251, 83, 4, 130, 225, 67, 96, 76, 117, 57, 103,
       112, 14, 63, 184, 57, 232, 127, 108, 222, 119, 137, 48, 148, 93,
       85, 106, 193, 144, 249, 78, 103, 253, 37, 134, 74, 243, 7, 179,
       253, 112, 249, 103, 104, 92, 71, 152, 99, 250, 165, 8, 211, 85,
       201, 59, 16, 212, 116, 106, 233, 102, 249, 0, 199, 219, 101, 60,
       107, 179, 70, 241, 102, 173, 150, 186, 153, 205, 22, 230, 159, 21,
       168, 9, 230, 240, 100, 144, 201, 123, 106, 82, 126, 107, 90, 55,
       185, 150, 85, 59, 208, 91, 166, 14, 193, 166, 133, 155, 236, 169,
       96, 142, 254, 19, 225, 208, 245, 226, 248, 75, 99, 66, 106, 28,
       51, 109, 207, 51, 12, 2, 119, 104, 156, 193, 195, 160, 108, 160,
       185, 97, 141, 111, 19, 137, 91, 63, 37, 24, 214, 53, 72, 58, 145,
       20, 232, 50, 51, 116, 249, 18, 207, 215, 69, 119, 194, 107, 198,
       34, 204, 56, 149, 119, 169, 108, 113, 8, 249, 250, 39, 24, 222,
       119, 73, 191, 129, 117, 236, 18, 33, 100, 251, 96, 207, 219, 81,
       59, 202, 113, 7, 51, 204, 180, 188, 99, 137, 111, 17, 9, 122, 63,
       37, 24, 214, 117, 72, 27, 145, 20, 232, 50, 50, 116, 249, 18, 207,
       211, 69, 119, 192, 75, 135, 34, 125, 87, 125, 103, 180, 30, 71,
       184, 96, 232, 191, 76, 83, 113, 159, 51, 20, 196, 124, 110, 233,
       176, 253, 44, 226, 235, 37, 148, 106, 243, 82, 49, 120, 170, 254,
       120, 10, 233, 81, 71, 178, 23, 164, 57, 55, 183, 66, 26, 43, 178,
       237, 0, 10, 107, 162, 17, 219, 195, 112, 121, 224, 192, 6, 43, 80,
       156, 191, 116, 168, 108, 81, 55, 160, 159, 166, 24, 119, 183, 64,
       123, 35, 118, 108, 8, 56, 75, 179, 0, 217, 227, 116, 24, 160, 224,
       134, 107, 109, 116, 145, 69, 1, 110, 98, 152, 105, 226, 47, 72,
