%YAML:1.0
---
descriptors: !!opencv-matrix
   rows: 247
   cols: 32
   dt: u
   data: [ 213, 78, 157, 119, 164, 46, 102, 188, 60, 250, 178, 80, 215,
       115, 137, 123, 181, 70, 124, 110, 233, 244, 9, 46, 165, 186, 101,
       20, 72, 241, 67, 49, 120, 173, 222, 112, 152, 201, 81, 247, 178,
       53, 172, 24, 55, 215, 74, 18, 9, 178, 109, 24, 122, 107, 226, 55,
       219, 207, 52, 121, 224, 128, 198, 106, 228, 116, 189, 99, 173,
       111, 71, 152, 122, 186, 43, 24, 214, 113, 73, 59, 145, 84, 120,
       58, 49, 100, 251, 34, 207, 251, 101, 116, 192, 115, 198, 98, 228,
       253, 189, 103, 153, 79, 71, 172, 58, 250, 169, 8, 214, 117, 73,
       51, 145, 94, 121, 106, 121, 112, 249, 63, 237, 251, 69, 116, 72,
       123, 198, 114, 172, 101, 61, 103, 189, 79, 71, 168, 116, 230, 173,
       8, 211, 117, 9, 49, 216, 84, 89, 106, 105, 240, 249, 47, 229, 255,
       69, 20, 64, 123, 214, 114, 100, 69, 173, 103, 141, 79, 71, 168,
       86, 226, 239, 8, 211, 117, 27, 51, 88, 212, 121, 106, 104, 242,
       249, 26, 231, 223, 197, 52, 82, 123, 86, 98, 124, 224, 57, 105, 8,
       77, 81, 136, 66, 180, 165, 8, 87, 85, 65, 58, 25, 16, 64, 58, 10,
       98, 235, 17, 203, 201, 5, 61, 112, 43, 70, 226, 81, 93, 93, 103,
       48, 14, 79, 188, 96, 234, 62, 68, 211, 113, 145, 112, 22, 100,
       124, 110, 233, 176, 253, 46, 236, 175, 37, 128, 104, 243, 66, 49,
       120, 160, 60, 112, 9, 249, 80, 203, 195, 53, 160, 25, 174, 217,
       74, 155, 137, 178, 233, 16, 30, 111, 218, 17, 219, 209, 85, 127,
       82, 8, 78, 10, 249, 190, 158, 50, 168, 189, 88, 215, 163, 127,
       180, 189, 191, 247, 194, 59, 135, 183, 253, 20, 190, 75, 226, 49,
       218, 243, 113, 251, 162, 196, 142, 91, 112, 184, 255, 112, 136,
       232, 81, 87, 162, 23, 164, 24, 55, 151, 64, 27, 33, 182, 109, 24,
       26, 79, 178, 1, 211, 225, 112, 121, 224, 192, 134, 122, 212, 240,
       149, 119, 136, 110, 4, 152, 50, 187, 35, 80, 215, 119, 201, 123,
       1, 84, 120, 58, 49, 196, 251, 0, 201, 163, 101, 84, 168, 241, 134,
       48, 252, 164, 252, 118, 136, 105, 85, 191, 162, 182, 164, 25, 83,
       247, 73, 27, 1, 214, 109, 10, 120, 71, 250, 32, 219, 195, 117, 61,
       226, 240, 198, 98, 101, 113, 61, 101, 40, 78, 87, 56, 104, 232,
       167, 8, 215, 55, 9, 51, 148, 84, 124, 106, 73, 224, 249, 12, 231,
       235, 101, 20, 72, 179, 70, 115, 224, 180, 156, 218, 140, 237, 65,
       143, 206, 59, 161, 24, 182, 243, 72, 123, 129, 146, 104, 16, 51,
       111, 218, 113, 221, 146, 85, 124, 216, 72, 199, 42, 144, 168, 155,
       115, 144, 239, 98, 222, 118, 163, 226, 16, 115, 243, 40, 88, 121,
       254, 40, 152, 58, 188, 25, 59, 219, 239, 181, 0, 160, 208, 224,
       42, 81, 133, 127, 103, 184, 106, 71, 191, 228, 32, 170, 8, 215,
       115, 8, 115, 34, 214, 108, 106, 121, 169, 121, 61, 235, 235, 37,
       84, 96, 226, 192, 40, 244, 77, 124, 101, 168, 106, 79, 168, 96,
       162, 174, 8, 215, 115, 9, 123, 18, 212, 105, 106, 104, 241, 201,
       46, 225, 171, 69, 20, 96, 243, 70, 32, 116, 103, 124, 71, 140, 75,
       71, 188, 65, 164, 174, 10, 83, 97, 73, 23, 24, 212, 68, 106, 72,
       114, 237, 40, 121, 201, 101, 53, 101, 251, 214, 34, 148, 189, 31,
       247, 145, 110, 103, 249, 52, 162, 239, 0, 115, 115, 9, 97, 121,
       254, 25, 170, 104, 208, 57, 46, 233, 167, 199, 0, 32, 115, 164,
       162, 69, 245, 157, 119, 153, 78, 55, 188, 122, 251, 43, 8, 246,
       113, 73, 50, 145, 86, 120, 106, 115, 240, 219, 43, 237, 190, 69,
       6, 200, 115, 195, 51, 69, 177, 149, 83, 169, 46, 55, 152, 110,
       187, 43, 68, 222, 115, 73, 122, 151, 87, 124, 58, 145, 80, 219,
       96, 173, 190, 103, 118, 136, 115, 131, 33, 192, 164, 157, 217,
       200, 237, 65, 143, 62, 51, 32, 24, 182, 51, 72, 123, 129, 19, 106,
       24, 51, 72, 211, 113, 205, 146, 84, 124, 208, 72, 135, 42, 72,
       190, 188, 117, 187, 105, 21, 175, 90, 63, 46, 57, 230, 49, 66, 27,
       129, 86, 232, 16, 50, 108, 203, 55, 207, 215, 85, 119, 192, 72,
       199, 43, 109, 101, 112, 103, 53, 30, 118, 56, 121, 168, 123, 73,
       203, 121, 157, 180, 150, 76, 125, 110, 196, 240, 201, 142, 231,
       255, 5, 18, 66, 183, 82, 7, 76, 125, 120, 103, 50, 14, 63, 184,
       57, 228, 127, 173, 223, 87, 139, 16, 22, 93, 253, 110, 64, 208,
       249, 124, 231, 217, 37, 132, 66, 179, 7, 241, 124, 175, 252, 114,
       170, 169, 93, 223, 162, 31, 164, 185, 55, 231, 75, 27, 35, 242,
       109, 152, 58, 75, 138, 49, 217, 195, 117, 121, 224, 209, 134, 123,
       5, 113, 115, 69, 80, 95, 227, 48, 97, 232, 103, 72, 82, 21, 133,
       52, 56, 92, 64, 106, 65, 176, 57, 12, 39, 152, 1, 4, 107, 179, 70,
       180, 193, 170, 143, 155, 140, 169, 160, 134, 254, 19, 162, 212,
       181, 226, 224, 75, 107, 34, 106, 156, 51, 77, 198, 113, 140, 2,
       246, 40, 152, 200, 129, 40, 240, 172, 189, 114, 136, 237, 85, 214,
       178, 183, 172, 24, 51, 247, 64, 27, 129, 246, 108, 24, 58, 111,
       250, 35, 217, 203, 117, 120, 224, 81, 198, 42, 213, 92, 157, 247,
       168, 110, 87, 188, 254, 250, 162, 80, 247, 247, 65, 123, 151, 119,
       124, 106, 105, 69, 219, 42, 237, 251, 103, 20, 136, 113, 1, 51,
       197, 92, 157, 119, 168, 110, 103, 184, 120, 250, 163, 88, 215,
       115, 9, 123, 145, 84, 124, 106, 97, 244, 249, 42, 229, 235, 101,
       20, 200, 115, 3, 49, 120, 169, 126, 120, 136, 233, 81, 119, 179,
       21, 172, 56, 55, 183, 64, 17, 1, 178, 237, 0, 58, 107, 226, 53,
       219, 199, 112, 121, 112, 128, 198, 42, 5, 85, 17, 69, 81, 78, 102,
       56, 108, 224, 107, 72, 222, 81, 1, 180, 144, 92, 80, 106, 65, 176,
       121, 76, 37, 188, 1, 4, 72, 51, 67, 176, 108, 228, 189, 122, 141,
       109, 87, 168, 243, 183, 173, 24, 214, 117, 72, 26, 153, 82, 105,
       122, 122, 102, 251, 51, 235, 223, 69, 127, 210, 123, 198, 34, 220,
       16, 157, 116, 168, 108, 81, 24, 162, 187, 163, 56, 215, 183, 72,
       123, 133, 212, 108, 24, 25, 69, 187, 0, 217, 179, 117, 92, 128,
       225, 135, 51, 100, 113, 153, 99, 192, 110, 103, 152, 98, 242, 39,
       8, 214, 55, 73, 58, 145, 92, 104, 122, 17, 240, 249, 8, 237, 137,
       101, 116, 192, 115, 70, 34, 108, 69, 185, 103, 157, 79, 71, 168,
       117, 230, 239, 8, 211, 117, 9, 48, 216, 220, 120, 106, 105, 178,
       249, 10, 237, 255, 69, 52, 80, 251, 86, 98, 117, 79, 197, 39, 176,
       10, 70, 184, 116, 234, 122, 228, 211, 97, 153, 244, 22, 204, 44,
       110, 233, 240, 77, 46, 172, 174, 37, 148, 108, 243, 80, 33, 36,
       81, 57, 69, 4, 79, 67, 8, 72, 224, 107, 8, 210, 21, 13, 48, 144,
       84, 80, 106, 65, 176, 113, 8, 101, 168, 1, 52, 64, 59, 70, 34,
       124, 160, 57, 105, 9, 77, 81, 136, 66, 180, 165, 8, 23, 21, 73,
       58, 153, 144, 64, 58, 10, 98, 251, 17, 203, 201, 33, 61, 240, 43,
       70, 98, 251, 170, 182, 178, 233, 173, 88, 215, 187, 59, 160, 217,
       63, 255, 64, 27, 135, 179, 253, 21, 190, 79, 194, 177, 219, 219,
       92, 251, 162, 196, 130, 11, 248, 184, 254, 112, 138, 233, 81, 87,
       162, 87, 164, 29, 55, 151, 66, 27, 35, 179, 237, 16, 58, 79, 178,
       17, 219, 195, 116, 121, 224, 128, 6, 122, 252, 40, 220, 118, 137,
       105, 85, 223, 179, 183, 164, 25, 19, 247, 75, 27, 9, 214, 237, 24,
       58, 71, 202, 34, 219, 195, 117, 61, 226, 240, 206, 34, 85, 14,
       204, 71, 148, 62, 66, 154, 97, 163, 175, 68, 67, 98, 159, 254,
       115, 198, 108, 190, 189, 161, 253, 106, 170, 239, 5, 20, 235, 243,
       90, 4, 229, 151, 92, 74, 184, 63, 86, 191, 119, 40, 190, 124, 83,
       114, 142, 245, 151, 214, 108, 106, 173, 40, 121, 63, 170, 255, 37,
       118, 122, 226, 200, 13, 100, 113, 189, 101, 40, 78, 87, 56, 96,
       236, 167, 8, 215, 55, 65, 51, 144, 84, 124, 106, 73, 96, 249, 8,
       199, 169, 101, 52, 64, 179, 70, 115, 221, 170, 148, 48, 169, 60,
       64, 155, 251, 187, 162, 92, 206, 226, 201, 255, 133, 71, 108, 28,
       191, 77, 203, 66, 152, 250, 127, 126, 138, 101, 139, 5, 205, 246,
       185, 103, 180, 127, 118, 184, 121, 234, 62, 120, 222, 120, 129,
