%YAML:1.0
---
descriptors: !!opencv-matrix
   rows: 277
   cols: 32
   dt: u
   data: [ 125, 85, 125, 102, 160, 78, 79, 184, 96, 232, 191, 76, 83,
       119, 137, 115, 22, 212, 124, 106, 201, 161, 249, 44, 243, 233,
       101, 148, 104, 243, 66, 49, 93, 93, 125, 103, 176, 78, 79, 184,
       96, 232, 191, 76, 215, 119, 137, 115, 118, 212, 124, 106, 233,
       129, 121, 46, 227, 237, 101, 148, 104, 243, 64, 49, 252, 52, 189,
       99, 173, 109, 81, 152, 91, 255, 165, 24, 222, 127, 73, 59, 145,
       209, 253, 50, 58, 103, 251, 16, 219, 219, 65, 127, 210, 75, 70,
       114, 252, 112, 189, 118, 40, 108, 83, 152, 251, 250, 183, 24, 215,
       215, 73, 59, 148, 212, 124, 122, 169, 103, 251, 32, 211, 219, 101,
       60, 200, 179, 70, 51, 252, 188, 253, 118, 152, 110, 69, 190, 178,
       191, 165, 56, 115, 55, 64, 27, 1, 214, 109, 42, 56, 79, 251, 42,
       219, 195, 117, 60, 226, 225, 198, 98, 102, 237, 214, 223, 237,
       139, 254, 236, 191, 179, 250, 10, 238, 234, 124, 71, 255, 255,
       127, 195, 120, 235, 203, 251, 190, 62, 223, 150, 135, 127, 227,
       141, 197, 184, 148, 81, 168, 44, 36, 159, 234, 187, 2, 84, 212,
       178, 200, 255, 135, 86, 120, 24, 179, 77, 155, 97, 140, 186, 119,
       126, 136, 112, 129, 37, 224, 237, 157, 254, 200, 237, 84, 175,
       158, 27, 168, 24, 182, 243, 72, 82, 129, 122, 106, 8, 67, 107,
       218, 51, 237, 163, 117, 57, 80, 88, 135, 42, 20, 108, 27, 103,
       148, 78, 71, 224, 116, 162, 235, 0, 83, 115, 9, 80, 249, 252, 12,
       234, 40, 177, 57, 46, 249, 238, 165, 4, 32, 51, 100, 34, 101, 69,
       93, 100, 168, 10, 71, 57, 232, 160, 171, 8, 215, 115, 9, 115, 146,
       213, 124, 106, 105, 33, 249, 12, 225, 168, 101, 20, 96, 179, 195,
       32, 252, 252, 252, 255, 173, 111, 95, 184, 187, 186, 191, 56, 255,
       255, 73, 91, 151, 215, 253, 106, 232, 103, 219, 187, 255, 255,
       103, 189, 226, 243, 199, 115, 192, 168, 157, 249, 232, 237, 1,
       143, 142, 49, 32, 24, 182, 19, 64, 91, 129, 19, 106, 24, 19, 72,
       211, 113, 205, 146, 84, 120, 144, 8, 133, 42, 69, 227, 144, 3,
       176, 12, 102, 188, 106, 185, 43, 76, 254, 96, 94, 182, 149, 70,
       108, 126, 215, 112, 217, 119, 173, 188, 37, 100, 72, 19, 203, 13,
       69, 49, 17, 69, 5, 15, 98, 56, 104, 224, 99, 76, 214, 16, 9, 48,
       144, 4, 96, 106, 193, 176, 209, 12, 133, 184, 1, 52, 72, 35, 75,
       2, 6, 252, 246, 159, 252, 43, 254, 236, 63, 162, 251, 186, 238,
       254, 29, 64, 255, 255, 255, 227, 248, 247, 203, 255, 188, 190,
       207, 206, 133, 123, 225, 129, 54, 101, 244, 207, 188, 11, 254,
       232, 127, 160, 249, 3, 206, 106, 29, 1, 250, 205, 127, 227, 236,
       243, 201, 254, 190, 254, 143, 150, 85, 123, 99, 135, 214, 237,
       166, 247, 221, 63, 238, 236, 127, 178, 235, 26, 207, 234, 29, 113,
       249, 207, 123, 243, 248, 247, 249, 254, 191, 254, 207, 52, 193,
       123, 241, 134, 248, 154, 248, 122, 170, 185, 80, 31, 195, 31, 181,
       57, 63, 155, 98, 27, 11, 146, 237, 16, 58, 111, 202, 17, 219, 193,
       112, 121, 243, 200, 204, 11, 236, 252, 188, 255, 141, 253, 87,
       182, 219, 187, 165, 24, 191, 249, 64, 59, 201, 242, 252, 26, 59,
       110, 250, 179, 239, 219, 85, 58, 210, 89, 210, 42, 216, 52, 189,
       240, 168, 108, 89, 31, 187, 251, 180, 24, 191, 183, 72, 59, 133,
       151, 125, 24, 187, 79, 242, 0, 219, 251, 117, 248, 194, 192, 198,
       123, 248, 188, 188, 112, 173, 253, 85, 223, 251, 123, 180, 24,
       159, 189, 64, 59, 133, 215, 253, 24, 187, 111, 250, 179, 219, 219,
       117, 125, 194, 72, 195, 59, 232, 188, 180, 250, 173, 253, 84, 223,
       255, 123, 180, 24, 191, 249, 68, 59, 201, 242, 255, 24, 187, 111,
       250, 179, 219, 219, 85, 122, 218, 220, 210, 27, 236, 52, 189, 99,
       168, 110, 117, 25, 123, 251, 191, 24, 223, 119, 72, 59, 149, 20,
       125, 56, 177, 244, 249, 2, 207, 219, 117, 84, 194, 226, 198, 115,
       220, 221, 61, 231, 40, 78, 127, 184, 52, 170, 247, 56, 215, 87,
       137, 115, 246, 213, 125, 106, 104, 213, 249, 47, 231, 235, 101,
       148, 32, 179, 4, 33, 204, 20, 189, 231, 32, 110, 123, 24, 57, 234,
       247, 16, 223, 119, 9, 123, 247, 85, 125, 42, 169, 244, 249, 42,
       199, 251, 97, 148, 128, 241, 70, 115, 205, 52, 157, 229, 129, 126,
       53, 19, 57, 243, 39, 84, 158, 51, 64, 123, 133, 87, 120, 24, 49,
       220, 241, 66, 207, 251, 87, 70, 138, 96, 131, 51, 252, 164, 188,
       114, 168, 237, 85, 159, 162, 191, 165, 24, 23, 247, 74, 27, 1,
       214, 109, 24, 58, 79, 250, 18, 217, 195, 117, 125, 224, 192, 134,
       99, 45, 113, 17, 69, 49, 95, 114, 24, 105, 232, 111, 8, 214, 16,
       5, 180, 144, 28, 80, 106, 69, 176, 209, 12, 167, 221, 1, 6, 74,
       35, 75, 183, 69, 113, 149, 71, 1, 78, 118, 56, 104, 200, 107, 8,
       222, 48, 13, 50, 144, 68, 104, 106, 65, 240, 209, 8, 165, 184, 68,
       6, 72, 51, 67, 6, 244, 10, 204, 180, 136, 40, 93, 159, 178, 183,
       134, 185, 87, 163, 67, 91, 3, 231, 109, 148, 56, 79, 203, 32, 216,
       227, 245, 189, 160, 240, 134, 66, 248, 184, 220, 114, 168, 173,
       80, 223, 179, 191, 164, 29, 55, 243, 66, 27, 129, 226, 237, 20,
       58, 79, 218, 51, 219, 203, 117, 121, 232, 192, 202, 10, 77, 117,
       157, 71, 177, 126, 119, 184, 121, 234, 111, 8, 222, 113, 13, 178,
       145, 92, 104, 122, 97, 240, 249, 46, 111, 255, 5, 6, 202, 115, 75,
       51, 248, 180, 247, 114, 171, 233, 81, 254, 179, 63, 164, 56, 15,
       247, 72, 159, 39, 214, 236, 24, 58, 107, 170, 35, 219, 211, 85,
       126, 226, 192, 198, 99, 212, 120, 255, 118, 40, 104, 85, 152, 176,
       190, 167, 56, 87, 119, 73, 91, 39, 212, 109, 106, 40, 69, 171, 34,
       209, 227, 117, 28, 160, 241, 6, 99, 212, 88, 159, 116, 42, 78, 69,
       176, 176, 186, 166, 120, 119, 51, 129, 123, 34, 244, 108, 106,
       105, 69, 187, 40, 241, 170, 101, 16, 96, 177, 6, 33, 108, 180,
       189, 98, 173, 109, 81, 152, 123, 123, 165, 24, 223, 127, 72, 58,
       145, 24, 253, 58, 59, 102, 251, 18, 207, 223, 81, 127, 194, 75,
       70, 114, 230, 228, 222, 191, 236, 171, 254, 239, 191, 178, 243,
       27, 247, 235, 93, 75, 255, 239, 127, 179, 98, 119, 203, 255, 252,
       222, 239, 164, 149, 121, 227, 130, 104, 180, 189, 250, 189, 253,
       81, 15, 223, 123, 173, 24, 158, 253, 74, 58, 129, 155, 249, 16,
       58, 106, 250, 147, 207, 223, 80, 127, 210, 72, 198, 98, 232, 189,
       191, 248, 157, 221, 84, 231, 223, 91, 236, 24, 190, 191, 36, 177,
       201, 186, 251, 0, 127, 107, 242, 183, 235, 255, 150, 123, 82, 92,
       222, 106, 96, 189, 156, 250, 248, 205, 21, 175, 186, 59, 160, 24,
       182, 243, 72, 27, 129, 82, 106, 0, 51, 107, 218, 49, 253, 134,
       117, 124, 216, 72, 131, 26, 245, 69, 93, 100, 168, 10, 71, 184,
       96, 176, 174, 8, 215, 51, 128, 115, 2, 212, 108, 106, 105, 97,
       241, 12, 241, 171, 101, 20, 96, 179, 195, 32, 96, 181, 145, 122,
       153, 237, 84, 175, 107, 51, 169, 24, 150, 187, 76, 54, 129, 151,
       104, 16, 27, 107, 219, 147, 185, 222, 85, 127, 208, 72, 198, 42,
       69, 67, 208, 39, 176, 42, 110, 136, 120, 164, 107, 192, 199, 98,
       219, 218, 50, 196, 108, 126, 4, 240, 205, 42, 172, 253, 39, 5,
       160, 243, 75, 4, 64, 168, 157, 251, 201, 237, 33, 135, 190, 17,
       96, 24, 182, 147, 64, 91, 129, 58, 106, 24, 18, 76, 218, 49, 205,
       147, 84, 120, 144, 0, 133, 170, 150, 247, 114, 239, 254, 11, 254,
       248, 127, 168, 251, 106, 207, 235, 189, 97, 254, 221, 127, 227,
       232, 243, 201, 254, 190, 252, 175, 150, 103, 251, 161, 161, 246,
       236, 214, 223, 236, 43, 238, 254, 63, 178, 255, 26, 237, 235, 29,
       91, 127, 239, 127, 171, 120, 247, 203, 255, 190, 254, 223, 212,
       135, 251, 225, 136, 54, 109, 86, 207, 124, 11, 238, 232, 63, 160,
       250, 2, 234, 234, 53, 80, 250, 237, 127, 227, 108, 243, 201, 254,
       180, 190, 143, 176, 85, 59, 115, 128, 22, 101, 126, 167, 190, 11,
       254, 232, 127, 160, 251, 2, 223, 234, 29, 64, 250, 205, 127, 227,
       200, 243, 73, 252, 188, 255, 175, 148, 117, 123, 115, 131, 28, 65,
