%YAML:1.0
---
descriptors: !!opencv-matrix
   rows: 269
   cols: 32
   dt: u
   data: [ 93, 85, 125, 103, 176, 78, 79, 188, 100, 232, 254, 100, 215,
       119, 137, 112, 54, 214, 28, 106, 233, 144, 121, 46, 227, 239, 37,
       148, 40, 243, 192, 49, 252, 172, 252, 116, 136, 109, 85, 255, 179,
       190, 164, 24, 83, 247, 65, 27, 9, 246, 109, 42, 120, 103, 251, 42,
       251, 203, 117, 61, 227, 240, 198, 42, 236, 112, 189, 97, 41, 111,
       81, 152, 123, 255, 165, 24, 223, 93, 73, 59, 145, 92, 124, 58, 43,
       100, 251, 18, 207, 219, 101, 125, 194, 251, 70, 115, 21, 157, 57,
       239, 180, 110, 79, 184, 54, 232, 255, 64, 247, 119, 137, 112, 87,
       94, 93, 122, 123, 144, 121, 63, 233, 237, 39, 148, 160, 243, 128,
       113, 244, 92, 189, 116, 168, 46, 85, 191, 160, 190, 182, 56, 87,
       55, 129, 91, 135, 215, 109, 34, 104, 101, 235, 40, 211, 235, 117,
       148, 32, 240, 198, 43, 232, 180, 188, 250, 173, 253, 81, 47, 223,
       63, 173, 24, 190, 253, 74, 59, 137, 146, 255, 16, 58, 110, 250,
       147, 207, 223, 80, 127, 210, 72, 198, 106, 208, 12, 94, 245, 146,
       106, 95, 167, 180, 166, 166, 16, 215, 99, 1, 83, 51, 247, 77, 170,
       40, 197, 65, 46, 235, 227, 101, 17, 32, 240, 132, 42, 168, 253,
       182, 252, 157, 253, 85, 230, 223, 150, 172, 8, 170, 255, 37, 17,
       201, 250, 251, 64, 106, 107, 242, 191, 251, 255, 214, 59, 210, 92,
       246, 106, 100, 101, 59, 86, 221, 198, 199, 224, 248, 136, 235, 8,
       82, 223, 61, 48, 248, 253, 83, 227, 73, 227, 186, 78, 49, 188,
       135, 26, 65, 51, 102, 162, 69, 245, 149, 87, 153, 15, 39, 184,
       106, 240, 43, 76, 254, 113, 73, 50, 145, 70, 104, 122, 195, 112,
       219, 49, 173, 158, 69, 118, 200, 115, 67, 34, 69, 113, 17, 69, 1,
       14, 102, 56, 104, 160, 107, 76, 214, 17, 9, 48, 144, 76, 96, 106,
       193, 240, 209, 12, 165, 188, 1, 6, 72, 51, 67, 34, 248, 152, 252,
       120, 174, 237, 81, 155, 195, 31, 180, 56, 51, 17, 66, 27, 11, 146,
       204, 26, 58, 111, 114, 49, 203, 201, 116, 121, 243, 201, 196, 43,
       92, 112, 156, 231, 44, 10, 127, 152, 174, 186, 183, 32, 223, 123,
       89, 74, 254, 197, 125, 235, 72, 193, 203, 232, 198, 243, 239, 149,
       164, 243, 33, 1, 188, 104, 123, 97, 0, 107, 99, 80, 96, 162, 103,
       8, 83, 23, 129, 57, 56, 244, 68, 122, 9, 244, 177, 8, 65, 137, 97,
       0, 97, 179, 70, 160, 242, 172, 134, 26, 137, 173, 4, 207, 190,
       179, 160, 25, 102, 242, 104, 159, 201, 231, 106, 17, 62, 79, 218,
       51, 153, 50, 95, 123, 208, 88, 174, 14, 109, 71, 29, 103, 52, 46,
       103, 184, 96, 234, 107, 76, 211, 97, 153, 50, 16, 68, 108, 110,
       233, 176, 249, 46, 228, 175, 37, 20, 72, 243, 82, 33, 216, 176,
       188, 248, 40, 188, 89, 26, 187, 59, 182, 56, 191, 255, 72, 123,
       135, 151, 253, 24, 186, 73, 251, 17, 219, 251, 115, 252, 130, 128,
       67, 59, 232, 188, 188, 248, 173, 189, 81, 215, 255, 59, 180, 24,
       191, 189, 80, 59, 205, 190, 255, 24, 186, 111, 242, 179, 223, 251,
       84, 122, 194, 204, 194, 11, 226, 172, 246, 255, 236, 47, 252, 239,
       255, 187, 242, 26, 236, 234, 20, 91, 255, 239, 127, 129, 184, 239,
       203, 255, 191, 254, 223, 184, 213, 248, 243, 137, 178, 172, 164,
       255, 253, 175, 92, 255, 223, 59, 242, 24, 235, 233, 84, 91, 205,
       239, 127, 129, 186, 111, 219, 255, 191, 218, 223, 250, 211, 216,
       242, 10, 225, 207, 7, 103, 180, 14, 103, 188, 112, 168, 106, 76,
       243, 97, 144, 112, 20, 102, 108, 110, 233, 184, 77, 47, 228, 174,
       37, 16, 72, 178, 82, 41, 150, 172, 246, 223, 252, 171, 238, 239,
       191, 179, 250, 18, 236, 235, 125, 107, 251, 255, 127, 131, 178,
       255, 203, 255, 190, 190, 223, 180, 247, 248, 211, 129, 229, 79,
       195, 101, 180, 46, 111, 186, 112, 234, 122, 68, 211, 97, 145, 112,
       16, 102, 108, 110, 233, 176, 77, 46, 228, 239, 37, 144, 72, 243,
       82, 33, 197, 116, 149, 101, 161, 46, 119, 56, 120, 234, 107, 92,
       222, 51, 9, 59, 146, 68, 104, 106, 97, 244, 249, 74, 229, 186, 69,
       6, 72, 115, 195, 34, 205, 52, 157, 229, 129, 126, 113, 19, 57,
       251, 47, 20, 158, 55, 65, 251, 133, 87, 120, 24, 49, 220, 241, 66,
       199, 255, 87, 6, 138, 96, 131, 50, 216, 188, 159, 112, 138, 232,
       17, 7, 162, 183, 164, 56, 55, 183, 64, 27, 39, 247, 237, 16, 58,
       79, 170, 34, 217, 195, 117, 125, 224, 64, 134, 122, 116, 188, 253,
       114, 232, 108, 65, 155, 178, 183, 173, 24, 23, 183, 73, 26, 35,
       214, 109, 24, 58, 79, 186, 34, 219, 199, 117, 124, 224, 241, 198,
       98, 248, 174, 254, 120, 138, 233, 81, 215, 178, 23, 164, 185, 39,
       135, 64, 27, 35, 178, 237, 144, 58, 79, 162, 19, 219, 195, 112,
       121, 224, 192, 134, 106, 240, 181, 28, 50, 184, 173, 85, 191, 178,
       53, 173, 25, 23, 183, 74, 27, 129, 211, 109, 16, 58, 75, 219, 49,
       251, 195, 117, 125, 224, 80, 142, 74, 69, 85, 17, 103, 49, 78,
       119, 48, 109, 168, 111, 64, 222, 51, 1, 116, 212, 85, 56, 106, 65,
       144, 89, 78, 167, 254, 3, 2, 74, 51, 3, 51, 244, 46, 140, 182,
       168, 40, 93, 159, 162, 183, 134, 189, 87, 227, 67, 91, 3, 230,
       109, 132, 56, 79, 203, 32, 218, 227, 253, 189, 160, 240, 142, 74,
       248, 188, 158, 50, 169, 173, 80, 223, 179, 187, 164, 29, 55, 243,
       66, 27, 129, 230, 237, 16, 62, 111, 154, 51, 219, 195, 117, 121,
       234, 192, 202, 26, 141, 117, 20, 71, 241, 95, 102, 184, 127, 234,
       47, 72, 222, 112, 13, 181, 145, 92, 80, 122, 229, 240, 89, 62, 47,
       223, 5, 38, 202, 115, 75, 151, 248, 190, 245, 114, 171, 233, 85,
       255, 179, 191, 172, 56, 47, 247, 72, 159, 39, 246, 237, 24, 58,
       111, 234, 51, 219, 223, 85, 123, 226, 196, 198, 107, 252, 188,
       252, 116, 169, 109, 85, 255, 179, 191, 164, 24, 115, 183, 64, 31,
       9, 246, 237, 8, 120, 111, 250, 2, 219, 203, 117, 61, 227, 240,
       198, 42, 92, 180, 140, 181, 138, 38, 81, 154, 162, 183, 134, 157,
       215, 103, 74, 26, 37, 215, 237, 144, 56, 197, 219, 0, 217, 227,
       253, 53, 160, 97, 6, 114, 221, 213, 61, 231, 176, 110, 79, 185,
       36, 168, 191, 64, 215, 119, 137, 112, 22, 214, 124, 106, 121, 145,
       105, 46, 233, 239, 39, 148, 32, 243, 132, 97, 132, 252, 185, 255,
       180, 46, 111, 190, 54, 175, 127, 48, 215, 247, 217, 64, 119, 127,
       63, 202, 106, 212, 235, 51, 237, 239, 191, 132, 164, 241, 133,
       161, 252, 112, 189, 97, 40, 111, 83, 152, 115, 254, 167, 24, 223,
       87, 73, 59, 149, 212, 124, 122, 41, 102, 249, 2, 207, 219, 101,
       52, 224, 243, 70, 115, 148, 237, 255, 255, 236, 43, 255, 255, 62,
       191, 242, 178, 247, 239, 217, 91, 255, 95, 127, 147, 114, 252,
       203, 59, 252, 175, 255, 164, 164, 249, 133, 169, 236, 180, 189,
       115, 173, 109, 81, 25, 127, 63, 165, 24, 222, 125, 72, 59, 145,
       146, 253, 48, 58, 102, 251, 19, 207, 223, 81, 127, 210, 75, 198,
       114, 120, 253, 182, 252, 157, 245, 214, 230, 223, 130, 236, 8,
       170, 255, 37, 112, 201, 250, 251, 64, 106, 107, 210, 191, 187,
       255, 150, 59, 82, 125, 254, 138, 69, 103, 152, 39, 176, 10, 110,
       152, 104, 170, 43, 64, 207, 98, 201, 82, 146, 68, 108, 126, 196,
       240, 205, 42, 172, 254, 103, 4, 200, 243, 75, 0, 141, 117, 57, 71,
       112, 14, 63, 184, 125, 234, 127, 96, 222, 119, 137, 48, 150, 93,
       87, 106, 225, 176, 105, 110, 103, 191, 37, 134, 74, 243, 3, 177,
       54, 229, 118, 239, 223, 15, 254, 232, 63, 164, 251, 2, 206, 106,
       29, 64, 251, 205, 123, 227, 96, 243, 217, 254, 189, 190, 143, 22,
       85, 123, 243, 130, 54, 229, 214, 207, 252, 11, 238, 232, 63, 160,
       249, 2, 222, 234, 29, 64, 251, 205, 127, 227, 96, 243, 201, 255,
       188, 190, 143, 182, 85, 251, 115, 128, 101, 99, 1, 69, 116, 15,
       102, 56, 104, 168, 123, 76, 214, 0, 153, 180, 144, 76, 100, 110,
       193, 176, 201, 12, 37, 188, 33, 20, 72, 187, 66, 5, 38, 229, 214,
       207, 252, 11, 238, 232, 63, 162, 251, 2, 201, 234, 157, 80, 123,
       205, 127, 235, 104, 243, 207, 254, 188, 190, 143, 164, 85, 251,
