%YAML:1.0
---
descriptors: !!opencv-matrix
   rows: 347
   cols: 32
   dt: u
   data: [ 118, 105, 246, 238, 93, 78, 254, 232, 31, 160, 240, 10, 204,
       122, 29, 64, 248, 221, 251, 227, 40, 243, 217, 254, 191, 254, 143,
       23, 81, 59, 119, 130, 221, 28, 255, 255, 44, 46, 121, 152, 188,
       250, 183, 116, 255, 119, 153, 123, 103, 213, 125, 174, 169, 229,
       235, 162, 195, 251, 115, 148, 164, 249, 1, 113, 220, 52, 189, 242,
       168, 108, 89, 27, 186, 255, 151, 125, 223, 255, 74, 123, 167, 151,
       253, 49, 185, 71, 251, 0, 219, 227, 255, 252, 128, 224, 167, 115,
       204, 188, 188, 115, 169, 253, 125, 151, 251, 127, 180, 24, 190,
       191, 66, 59, 133, 83, 253, 24, 179, 109, 251, 243, 223, 219, 117,
       123, 194, 80, 135, 123, 120, 173, 182, 252, 157, 205, 86, 226,
       143, 132, 172, 9, 174, 253, 36, 16, 200, 251, 235, 66, 88, 107,
       210, 188, 251, 251, 85, 59, 82, 61, 230, 74, 230, 172, 214, 159,
       253, 47, 252, 239, 63, 187, 251, 26, 236, 250, 12, 89, 255, 239,
       127, 163, 114, 255, 203, 255, 61, 190, 223, 214, 149, 120, 243,
       137, 246, 172, 246, 223, 236, 171, 252, 207, 191, 187, 242, 18,
       236, 238, 28, 91, 255, 239, 127, 145, 178, 223, 203, 255, 190,
       254, 223, 244, 149, 120, 243, 137, 104, 244, 184, 254, 221, 109,
       85, 143, 83, 55, 172, 25, 190, 253, 74, 16, 217, 154, 233, 16, 58,
       110, 243, 151, 235, 223, 20, 123, 210, 88, 198, 106, 130, 172,
       246, 255, 236, 43, 252, 255, 127, 179, 250, 26, 237, 235, 60, 73,
       255, 255, 127, 129, 178, 255, 203, 255, 190, 254, 223, 238, 151,
       248, 241, 137, 108, 180, 184, 99, 173, 111, 81, 153, 115, 61, 173,
       24, 223, 61, 74, 59, 153, 22, 233, 24, 26, 106, 251, 16, 207, 219,
       81, 127, 210, 75, 198, 98, 84, 85, 61, 231, 40, 78, 71, 184, 32,
       232, 191, 72, 215, 119, 137, 115, 22, 212, 125, 106, 73, 208, 249,
       44, 225, 235, 101, 148, 32, 243, 6, 115, 236, 112, 189, 103, 40,
       78, 87, 152, 49, 238, 167, 24, 215, 87, 73, 59, 148, 212, 125,
       106, 105, 244, 249, 8, 199, 219, 101, 52, 64, 179, 70, 115, 197,
       78, 157, 103, 160, 14, 102, 184, 120, 170, 162, 80, 215, 115, 137,
       123, 181, 100, 108, 110, 225, 212, 217, 42, 165, 174, 101, 20,
       136, 243, 67, 49, 228, 245, 29, 103, 168, 79, 71, 188, 114, 186,
       175, 24, 215, 115, 73, 51, 145, 86, 120, 106, 105, 112, 249, 63,
       237, 187, 101, 52, 64, 123, 198, 34, 65, 48, 157, 245, 40, 204,
       97, 16, 173, 217, 166, 8, 223, 23, 64, 123, 134, 116, 124, 24, 25,
       200, 243, 0, 197, 251, 112, 64, 136, 128, 5, 51, 124, 164, 188,
       114, 141, 237, 80, 207, 147, 183, 173, 26, 67, 249, 77, 26, 201,
       210, 104, 16, 58, 107, 219, 178, 219, 223, 85, 127, 243, 73, 206,
       34, 236, 160, 252, 118, 141, 125, 81, 138, 243, 183, 165, 25, 219,
       253, 88, 187, 201, 214, 233, 26, 26, 103, 251, 35, 207, 251, 85,
       125, 227, 233, 198, 66, 241, 184, 247, 112, 171, 253, 80, 87, 251,
       123, 180, 120, 58, 189, 198, 63, 171, 182, 124, 16, 191, 111, 178,
       51, 219, 218, 112, 251, 235, 192, 198, 95, 217, 186, 254, 176,
       168, 172, 88, 151, 163, 95, 180, 185, 191, 183, 66, 27, 135, 183,
       253, 20, 190, 79, 162, 49, 219, 219, 112, 249, 162, 196, 143, 75,
       248, 176, 252, 118, 136, 109, 85, 159, 179, 191, 164, 24, 51, 247,
       72, 27, 129, 214, 109, 24, 58, 79, 250, 33, 219, 195, 117, 125,
       224, 96, 198, 106, 93, 69, 95, 101, 22, 78, 99, 56, 100, 160, 107,
       64, 215, 49, 9, 112, 50, 212, 92, 106, 9, 176, 85, 14, 231, 239,
       33, 20, 96, 179, 64, 32, 252, 96, 189, 118, 8, 108, 89, 152, 226,
       251, 167, 24, 223, 255, 73, 59, 129, 213, 125, 154, 41, 103, 250,
       34, 211, 203, 117, 60, 192, 241, 71, 98, 209, 172, 189, 55, 180,
       106, 197, 175, 238, 247, 146, 24, 247, 41, 16, 35, 3, 119, 108,
       41, 56, 237, 237, 44, 233, 235, 117, 84, 196, 168, 135, 104, 116,
       52, 172, 182, 156, 108, 65, 135, 242, 249, 142, 25, 215, 253, 91,
       59, 129, 230, 125, 25, 59, 73, 251, 34, 217, 163, 253, 57, 128,
       121, 214, 98, 246, 60, 188, 254, 139, 112, 87, 202, 147, 183, 132,
       185, 78, 247, 67, 31, 131, 247, 237, 2, 56, 79, 170, 178, 219,
       243, 85, 255, 162, 229, 134, 115, 71, 115, 148, 135, 34, 11, 38,
       184, 125, 226, 99, 108, 222, 114, 141, 180, 150, 69, 108, 99, 229,
       240, 93, 78, 164, 182, 79, 6, 72, 51, 3, 5, 44, 195, 185, 75, 144,
       79, 71, 152, 86, 53, 47, 140, 211, 103, 136, 116, 85, 222, 12,
       106, 250, 240, 121, 63, 237, 134, 37, 116, 114, 251, 196, 112,
       231, 117, 133, 135, 232, 14, 14, 168, 56, 226, 163, 200, 214, 102,
       205, 179, 21, 213, 104, 226, 105, 70, 249, 106, 173, 178, 205, 60,
       8, 243, 130, 52, 244, 103, 142, 166, 137, 95, 150, 200, 146, 190,
       169, 73, 102, 240, 75, 155, 217, 197, 232, 99, 108, 99, 217, 42,
       185, 195, 69, 63, 193, 123, 30, 6, 208, 188, 189, 112, 168, 237,
       65, 215, 243, 191, 164, 24, 23, 183, 64, 58, 3, 246, 108, 24, 58,
       111, 178, 2, 217, 207, 117, 120, 224, 192, 198, 99, 36, 229, 241,
       111, 252, 11, 214, 168, 95, 176, 185, 104, 198, 121, 157, 48, 223,
       88, 87, 98, 202, 98, 203, 191, 46, 222, 5, 62, 84, 251, 82, 135,
       205, 101, 61, 103, 164, 31, 118, 184, 121, 234, 127, 105, 223,
       121, 157, 176, 182, 68, 124, 110, 228, 244, 233, 46, 231, 255, 37,
       4, 66, 247, 195, 99, 208, 56, 187, 48, 10, 236, 81, 23, 230, 87,
       162, 24, 183, 147, 64, 91, 1, 183, 76, 24, 27, 109, 147, 17, 217,
       129, 114, 120, 232, 64, 7, 42, 1, 170, 159, 217, 108, 169, 105,
       23, 238, 25, 114, 112, 181, 163, 240, 107, 99, 42, 110, 12, 19,
       216, 131, 113, 76, 136, 114, 104, 152, 128, 161, 169, 209, 142,
       95, 109, 180, 174, 67, 55, 116, 9, 98, 84, 211, 33, 144, 112, 53,
       230, 44, 60, 185, 188, 5, 15, 232, 175, 48, 64, 232, 192, 194, 41,
       17, 138, 207, 121, 36, 170, 105, 23, 118, 25, 114, 84, 243, 1,
       144, 120, 51, 46, 44, 28, 155, 252, 5, 21, 204, 171, 112, 192,
       232, 128, 224, 41, 129, 170, 159, 145, 236, 169, 105, 23, 230, 19,
       98, 212, 145, 131, 240, 75, 99, 42, 74, 28, 51, 124, 7, 83, 76,
       131, 114, 72, 152, 192, 225, 168, 40, 253, 148, 184, 235, 141, 20,
       174, 159, 59, 40, 61, 174, 43, 64, 144, 135, 91, 226, 64, 102,
       106, 90, 183, 172, 214, 84, 123, 90, 92, 139, 155, 209, 142, 91,
       109, 180, 46, 67, 183, 112, 75, 254, 84, 115, 97, 144, 112, 53,
       230, 108, 44, 185, 173, 37, 47, 232, 239, 36, 80, 232, 226, 192,
       41, 129, 138, 159, 57, 164, 168, 105, 151, 118, 27, 98, 116, 183,
       163, 240, 107, 35, 42, 46, 28, 51, 220, 39, 51, 204, 138, 118, 64,
       152, 192, 225, 168, 241, 207, 95, 70, 180, 14, 71, 182, 224, 74,
       190, 76, 115, 97, 145, 115, 52, 230, 76, 46, 233, 169, 173, 47,
       112, 175, 101, 16, 105, 226, 194, 41, 156, 92, 126, 255, 44, 42,
       127, 184, 188, 242, 183, 50, 223, 119, 153, 107, 103, 213, 125,
       238, 232, 197, 107, 171, 194, 235, 251, 148, 36, 249, 33, 97, 221,
       20, 188, 247, 168, 44, 89, 27, 171, 251, 183, 52, 223, 127, 203,
       123, 231, 215, 125, 24, 185, 69, 251, 192, 219, 251, 119, 212,
       128, 224, 129, 115, 232, 184, 180, 250, 173, 173, 84, 159, 255,
       187, 180, 24, 238, 249, 92, 27, 133, 114, 255, 24, 186, 111, 218,
       177, 207, 219, 85, 122, 210, 88, 211, 11, 166, 172, 150, 255, 237,
       175, 252, 239, 191, 187, 242, 18, 206, 250, 124, 91, 223, 239,
       127, 145, 58, 255, 203, 243, 157, 186, 223, 254, 213, 120, 243,
       131, 130, 172, 222, 191, 236, 171, 236, 239, 63, 179, 250, 26,
       229, 234, 52, 73, 123, 239, 127, 129, 50, 255, 203, 255, 188, 190,
       223, 196, 149, 120, 241, 136, 146, 172, 214, 255, 254, 171, 252,
       239, 191, 179, 242, 18, 237, 234, 52, 73, 255, 239, 127, 145, 50,
       255, 203, 255, 188, 254, 223, 228, 245, 104, 227, 137, 20, 237,
       157, 231, 180, 14, 79, 188, 54, 170, 222, 64, 215, 99, 137, 64,
