%YAML:1.0
---
descriptors: !!opencv-matrix
   rows: 289
   cols: 32
   dt: u
   data: [ 93, 85, 121, 103, 180, 78, 111, 188, 112, 234, 126, 100, 211,
       119, 153, 112, 54, 84, 28, 106, 233, 144, 121, 46, 239, 239, 37,
       132, 104, 243, 192, 49, 125, 85, 125, 102, 164, 78, 71, 184, 96,
       232, 191, 76, 83, 119, 137, 115, 22, 212, 124, 106, 201, 163, 249,
       44, 243, 233, 101, 20, 104, 243, 66, 113, 28, 157, 91, 231, 180,
       79, 79, 189, 52, 234, 127, 96, 247, 119, 137, 112, 119, 254, 29,
       106, 249, 144, 105, 46, 233, 239, 37, 132, 40, 243, 196, 113, 148,
       189, 59, 239, 180, 43, 111, 191, 54, 170, 91, 112, 247, 119, 153,
       96, 119, 95, 29, 58, 249, 184, 121, 63, 237, 239, 39, 132, 164,
       251, 133, 241, 236, 112, 189, 99, 41, 109, 83, 152, 107, 255, 165,
       24, 222, 93, 73, 59, 145, 212, 253, 58, 43, 102, 251, 18, 207,
       219, 69, 124, 194, 123, 70, 115, 252, 112, 189, 99, 40, 110, 83,
       152, 115, 187, 165, 24, 215, 87, 73, 59, 149, 212, 124, 122, 41,
       103, 251, 2, 203, 219, 97, 52, 224, 243, 70, 115, 232, 180, 188,
       250, 173, 253, 81, 41, 255, 63, 165, 24, 222, 253, 74, 63, 129,
       19, 249, 16, 58, 110, 251, 147, 203, 219, 81, 127, 210, 72, 198,
       242, 142, 236, 246, 255, 253, 43, 254, 237, 191, 178, 251, 27,
       238, 234, 93, 195, 255, 239, 255, 243, 248, 247, 203, 251, 190,
       254, 207, 182, 181, 127, 225, 129, 252, 172, 252, 118, 136, 109,
       85, 223, 178, 182, 164, 25, 83, 247, 75, 27, 9, 214, 109, 10, 120,
       111, 218, 34, 219, 203, 117, 61, 227, 240, 198, 42, 232, 188, 188,
       254, 141, 237, 84, 143, 223, 31, 172, 25, 174, 189, 100, 91, 201,
       50, 249, 16, 58, 107, 242, 179, 235, 223, 84, 123, 210, 72, 198,
       122, 248, 184, 253, 114, 137, 221, 81, 215, 163, 183, 164, 24, 59,
       215, 66, 58, 1, 178, 236, 24, 26, 111, 186, 49, 219, 203, 117,
       121, 226, 128, 198, 122, 246, 237, 246, 159, 252, 171, 238, 238,
       63, 178, 251, 18, 236, 234, 93, 67, 127, 239, 127, 243, 226, 231,
       203, 255, 188, 190, 207, 156, 149, 123, 227, 136, 230, 237, 246,
       223, 252, 171, 238, 238, 191, 178, 251, 26, 238, 234, 124, 66,
       251, 239, 127, 243, 250, 239, 203, 255, 190, 190, 207, 148, 149,
       123, 227, 128, 238, 252, 244, 255, 173, 175, 94, 250, 191, 186,
       191, 24, 239, 251, 93, 27, 217, 239, 127, 26, 250, 103, 203, 251,
       191, 254, 215, 254, 210, 251, 210, 3, 252, 244, 252, 254, 173,
       109, 94, 189, 255, 187, 181, 24, 255, 253, 89, 59, 223, 215, 255,
       114, 250, 103, 219, 179, 251, 223, 117, 255, 194, 251, 214, 27,
       244, 20, 156, 116, 168, 44, 85, 58, 160, 186, 167, 56, 87, 55, 65,
       91, 135, 212, 109, 42, 104, 103, 203, 0, 211, 171, 117, 28, 96,
       240, 70, 35, 31, 253, 86, 255, 159, 15, 254, 248, 127, 162, 255,
       6, 223, 235, 29, 32, 127, 239, 127, 239, 233, 243, 217, 255, 191,
       223, 207, 68, 111, 251, 161, 0, 96, 137, 157, 251, 232, 205, 5,
       143, 158, 19, 32, 24, 182, 55, 64, 90, 129, 19, 106, 24, 19, 72,
       211, 51, 205, 150, 84, 120, 144, 72, 133, 42, 254, 237, 246, 191,
       252, 43, 254, 255, 127, 178, 250, 18, 237, 235, 29, 65, 255, 239,
       127, 227, 248, 255, 203, 255, 190, 255, 255, 212, 167, 249, 225,
       136, 182, 237, 214, 191, 252, 43, 238, 239, 63, 178, 251, 26, 237,
       234, 61, 65, 251, 239, 127, 163, 120, 255, 203, 255, 188, 254,
       223, 220, 133, 121, 225, 136, 5, 112, 17, 69, 85, 15, 98, 48, 104,
       168, 107, 76, 222, 17, 25, 176, 144, 76, 64, 110, 193, 176, 209,
       12, 37, 188, 1, 0, 72, 35, 67, 161, 220, 18, 189, 247, 44, 108,
       121, 152, 175, 254, 151, 56, 223, 247, 73, 123, 199, 85, 125, 122,
       168, 69, 251, 0, 203, 251, 119, 220, 160, 169, 5, 115, 213, 135,
       73, 109, 180, 42, 79, 189, 116, 170, 122, 244, 211, 33, 144, 112,
       19, 198, 76, 46, 233, 180, 77, 30, 232, 175, 37, 20, 108, 240,
       192, 32, 188, 104, 123, 100, 66, 106, 99, 80, 96, 128, 102, 8, 19,
       23, 129, 57, 58, 252, 64, 106, 9, 244, 160, 40, 65, 137, 33, 0,
       97, 179, 70, 160, 240, 172, 134, 186, 141, 233, 68, 207, 187, 183,
       160, 26, 38, 226, 100, 223, 233, 226, 234, 144, 62, 111, 202, 115,
       153, 130, 215, 123, 209, 88, 238, 14, 248, 188, 189, 120, 169,
       253, 81, 87, 251, 127, 180, 24, 191, 191, 66, 123, 133, 183, 253,
       24, 186, 111, 242, 145, 219, 251, 113, 123, 194, 72, 199, 123, 40,
       165, 156, 121, 137, 109, 20, 175, 63, 55, 44, 25, 174, 51, 74, 25,
       129, 19, 233, 16, 50, 104, 91, 23, 239, 215, 85, 127, 210, 72,
       143, 10, 232, 188, 188, 120, 173, 253, 85, 223, 255, 255, 180, 24,
       191, 189, 70, 59, 201, 246, 253, 24, 186, 111, 242, 179, 219, 251,
       85, 123, 210, 200, 198, 123, 204, 180, 189, 97, 169, 111, 113, 27,
       123, 251, 167, 24, 223, 55, 72, 59, 149, 20, 125, 56, 185, 244,
       241, 2, 207, 219, 117, 116, 194, 192, 199, 115, 21, 189, 249, 239,
       180, 175, 255, 191, 46, 233, 254, 96, 247, 255, 216, 96, 255, 79,
       127, 29, 219, 184, 233, 63, 236, 239, 175, 212, 164, 250, 129,
       249, 20, 221, 59, 239, 180, 143, 127, 190, 46, 232, 222, 100, 247,
       127, 129, 64, 118, 255, 93, 123, 217, 184, 105, 61, 233, 237, 47,
       212, 164, 250, 129, 57, 176, 170, 254, 120, 138, 233, 81, 87, 178,
       23, 164, 56, 55, 231, 64, 27, 33, 178, 109, 16, 58, 79, 162, 49,
       219, 131, 112, 121, 224, 192, 198, 234, 45, 113, 17, 69, 17, 95,
       118, 56, 105, 232, 107, 8, 214, 16, 5, 180, 144, 92, 80, 106, 197,
       176, 241, 12, 39, 220, 1, 22, 74, 51, 74, 166, 240, 72, 223, 94,
       66, 66, 111, 240, 176, 130, 226, 96, 113, 215, 129, 115, 102, 244,
       108, 202, 105, 199, 160, 40, 145, 170, 226, 0, 32, 176, 38, 57, 5,
       67, 16, 199, 112, 15, 110, 184, 124, 168, 127, 64, 220, 83, 137,
       244, 148, 76, 6, 106, 193, 144, 73, 124, 166, 188, 35, 132, 10,
       179, 73, 161, 244, 46, 140, 180, 168, 40, 93, 159, 162, 183, 166,
       185, 87, 227, 67, 91, 3, 246, 109, 134, 56, 79, 203, 32, 218, 227,
       253, 189, 160, 240, 142, 74, 248, 188, 222, 114, 168, 173, 81,
       223, 179, 191, 164, 29, 55, 243, 66, 27, 129, 242, 237, 24, 58,
       111, 218, 51, 219, 203, 117, 121, 232, 192, 206, 10, 150, 236,
       222, 191, 236, 171, 254, 239, 255, 179, 243, 27, 247, 234, 92, 75,
       251, 207, 111, 131, 122, 247, 203, 251, 252, 143, 255, 189, 245,
       121, 233, 2, 230, 237, 214, 191, 253, 171, 238, 239, 191, 178,
       251, 26, 239, 234, 93, 79, 255, 239, 127, 163, 120, 247, 203, 251,
       190, 254, 207, 166, 215, 127, 227, 133, 246, 237, 214, 159, 252,
       43, 238, 238, 63, 178, 251, 26, 239, 234, 93, 71, 255, 239, 127,
       179, 112, 247, 203, 255, 188, 254, 207, 142, 149, 123, 227, 141,
       232, 180, 189, 250, 173, 237, 80, 15, 255, 59, 165, 24, 158, 253,
       72, 59, 129, 147, 249, 16, 58, 110, 251, 147, 207, 219, 80, 127,
       210, 72, 198, 10, 81, 141, 93, 102, 184, 14, 71, 181, 232, 32,
       174, 8, 247, 51, 136, 115, 6, 214, 108, 106, 105, 9, 121, 44, 249,
       233, 101, 16, 96, 178, 192, 41, 126, 237, 182, 252, 221, 207, 214,
       230, 255, 128, 236, 8, 186, 251, 117, 84, 201, 255, 123, 211, 107,
       235, 210, 239, 187, 255, 143, 59, 218, 120, 242, 130, 252, 245,
       188, 247, 168, 47, 94, 188, 187, 186, 191, 56, 223, 255, 73, 91,
       183, 215, 253, 114, 184, 103, 203, 162, 251, 251, 103, 252, 194,
       243, 194, 19, 220, 253, 188, 247, 172, 46, 95, 188, 191, 250, 191,
       57, 223, 255, 201, 91, 247, 215, 253, 234, 248, 69, 203, 226, 251,
       255, 103, 188, 162, 243, 131, 83, 61, 237, 22, 239, 221, 15, 238,
       232, 255, 160, 234, 10, 222, 234, 61, 64, 249, 207, 123, 235, 107,
       243, 217, 255, 191, 255, 143, 20, 89, 123, 243, 130, 220, 221,
       190, 247, 172, 43, 126, 188, 191, 186, 179, 48, 255, 127, 9, 91,
       247, 215, 253, 227, 248, 229, 203, 235, 254, 251, 239, 148, 132,
       251, 163, 1, 220, 237, 254, 191, 172, 43, 126, 188, 191, 178, 187,
