%YAML:1.0
---
descriptors: !!opencv-matrix
   rows: 96
   cols: 32
   dt: u
   data: [ 92, 116, 21, 231, 3, 78, 79, 184, 49, 166, 231, 136, 223, 103,
       9, 215, 54, 213, 237, 234, 105, 213, 249, 72, 247, 243, 71, 4, 34,
       243, 39, 112, 69, 113, 17, 69, 17, 78, 102, 59, 104, 224, 106, 72,
       150, 55, 1, 50, 144, 84, 104, 104, 65, 144, 241, 76, 165, 188, 1,
       6, 72, 48, 67, 50, 112, 157, 190, 188, 139, 224, 21, 103, 178,
       191, 166, 59, 38, 191, 99, 91, 225, 247, 237, 129, 60, 75, 146,
       11, 251, 227, 94, 27, 160, 120, 165, 74, 194, 247, 159, 179, 178,
       232, 189, 167, 188, 31, 18, 241, 253, 127, 72, 75, 167, 87, 125,
       145, 114, 221, 11, 103, 237, 179, 126, 195, 132, 80, 133, 123, 36,
       97, 177, 65, 9, 79, 67, 8, 98, 164, 41, 8, 210, 21, 73, 48, 144,
       84, 104, 106, 65, 48, 249, 0, 109, 156, 5, 52, 64, 59, 70, 34,
       229, 121, 191, 86, 236, 77, 151, 200, 218, 250, 177, 104, 242,
       220, 93, 43, 152, 116, 126, 99, 229, 103, 250, 40, 113, 24, 101,
       58, 72, 123, 86, 195, 229, 180, 189, 91, 141, 108, 199, 152, 86,
       243, 133, 24, 210, 113, 92, 43, 209, 70, 120, 122, 51, 100, 251,
       51, 77, 26, 69, 124, 216, 123, 208, 96, 69, 117, 24, 231, 48, 14,
       119, 184, 124, 234, 111, 76, 215, 115, 11, 80, 180, 92, 124, 106,
       225, 144, 217, 46, 229, 255, 37, 4, 72, 243, 3, 35, 221, 36, 159,
       119, 129, 118, 107, 24, 112, 194, 103, 16, 89, 247, 107, 255, 113,
       252, 56, 186, 41, 212, 185, 42, 203, 239, 193, 0, 170, 243, 42,
       48, 237, 245, 148, 99, 173, 47, 86, 184, 91, 186, 169, 13, 206,
       121, 73, 155, 153, 70, 232, 118, 111, 102, 219, 178, 239, 223, 69,
       62, 218, 127, 202, 2, 240, 12, 157, 244, 136, 108, 69, 135, 162,
       179, 162, 88, 87, 247, 65, 91, 129, 247, 108, 0, 57, 111, 203, 32,
       217, 163, 117, 24, 224, 112, 198, 34, 117, 221, 125, 102, 156, 78,
       71, 188, 224, 224, 174, 8, 83, 117, 9, 51, 0, 214, 108, 106, 121,
       99, 249, 44, 249, 169, 101, 28, 96, 243, 198, 32, 252, 96, 252,
       114, 12, 109, 81, 152, 243, 183, 165, 24, 83, 209, 75, 59, 137,
       212, 108, 26, 42, 103, 250, 34, 219, 203, 117, 61, 225, 249, 70,
       98, 246, 100, 204, 166, 139, 98, 23, 136, 19, 182, 135, 187, 67,
       103, 75, 27, 81, 212, 233, 242, 104, 71, 219, 42, 249, 163, 205,
       61, 161, 115, 22, 98, 210, 222, 157, 189, 170, 164, 61, 191, 190,
       222, 130, 247, 181, 55, 65, 75, 167, 119, 125, 133, 225, 205, 147,
       127, 232, 162, 127, 152, 12, 112, 165, 91, 109, 117, 28, 103, 49,
       15, 119, 184, 120, 168, 111, 12, 215, 113, 11, 16, 148, 76, 124,
       110, 201, 176, 217, 14, 231, 255, 37, 20, 72, 179, 74, 50, 69,
       119, 24, 175, 176, 14, 119, 184, 120, 168, 111, 76, 215, 115, 11,
       80, 148, 68, 124, 110, 232, 144, 217, 46, 229, 255, 37, 4, 8, 179,
       11, 3, 229, 244, 149, 67, 141, 109, 199, 136, 90, 243, 137, 28,
       210, 112, 93, 111, 145, 68, 120, 127, 251, 100, 251, 19, 173, 26,
       69, 124, 216, 123, 209, 36, 124, 77, 72, 167, 146, 74, 87, 168,
       32, 164, 239, 11, 83, 99, 11, 80, 112, 236, 104, 226, 72, 146,
       201, 46, 249, 165, 133, 21, 33, 243, 110, 66, 208, 168, 157, 48,
       136, 168, 65, 135, 166, 147, 162, 24, 247, 243, 64, 91, 1, 246,
       108, 16, 58, 77, 195, 49, 201, 163, 117, 88, 160, 64, 130, 10,
       224, 233, 25, 76, 92, 141, 99, 60, 102, 32, 98, 8, 182, 145, 0,
       112, 0, 124, 106, 72, 66, 58, 211, 63, 93, 172, 33, 56, 80, 136,
       66, 40, 244, 109, 204, 167, 138, 74, 87, 172, 50, 182, 143, 169,
       211, 103, 75, 91, 19, 214, 109, 226, 104, 71, 233, 42, 248, 163,
       237, 181, 164, 243, 150, 114, 240, 142, 143, 148, 142, 106, 5, 39,
       180, 150, 162, 187, 102, 35, 0, 91, 97, 246, 108, 160, 120, 207,
       195, 75, 208, 162, 254, 19, 33, 96, 164, 42, 108, 197, 209, 103,
       185, 15, 71, 168, 99, 160, 171, 8, 214, 113, 73, 118, 16, 220,
       104, 106, 72, 112, 217, 46, 237, 188, 5, 52, 210, 251, 66, 34,
       252, 104, 253, 118, 44, 77, 85, 216, 243, 182, 165, 24, 83, 209,
       73, 59, 9, 212, 108, 26, 42, 103, 250, 34, 211, 203, 117, 61, 227,
       249, 70, 98, 109, 117, 24, 103, 53, 15, 119, 184, 121, 168, 111,
       12, 215, 113, 11, 16, 144, 76, 120, 110, 65, 176, 217, 12, 231,
       253, 5, 20, 74, 187, 74, 2, 112, 140, 252, 124, 141, 105, 85, 175,
       211, 23, 172, 25, 99, 225, 78, 91, 129, 214, 233, 0, 122, 111,
       218, 19, 219, 255, 85, 63, 240, 120, 206, 106, 238, 182, 180, 113,
       169, 125, 21, 159, 59, 255, 52, 61, 206, 61, 207, 191, 133, 86,
       253, 48, 183, 68, 251, 130, 207, 219, 117, 191, 194, 116, 222,
       119, 193, 188, 159, 86, 170, 236, 37, 135, 254, 251, 34, 120, 180,
       242, 192, 123, 35, 119, 106, 24, 51, 77, 154, 99, 13, 34, 119, 72,
       200, 80, 131, 185, 197, 188, 133, 85, 172, 46, 229, 151, 242, 251,
       34, 84, 243, 48, 208, 43, 1, 102, 120, 28, 177, 252, 255, 34, 12,
       42, 117, 20, 200, 248, 210, 40, 68, 207, 124, 67, 146, 175, 111,
       181, 236, 180, 174, 72, 215, 99, 217, 67, 34, 102, 106, 122, 240,
       241, 45, 124, 237, 138, 101, 84, 224, 251, 197, 32, 206, 93, 175,
       181, 168, 102, 29, 182, 148, 250, 138, 65, 247, 63, 49, 107, 197,
       119, 125, 197, 249, 201, 211, 42, 233, 163, 255, 144, 128, 113,
       181, 122, 109, 119, 156, 39, 180, 14, 118, 184, 122, 168, 47, 77,
       215, 113, 75, 18, 145, 68, 108, 126, 236, 240, 217, 42, 239, 255,
       101, 52, 72, 243, 90, 3, 109, 103, 140, 39, 172, 14, 70, 184, 114,
       186, 139, 77, 215, 105, 91, 27, 145, 196, 108, 111, 236, 112, 201,
       42, 238, 255, 101, 52, 200, 251, 90, 1, 252, 188, 253, 118, 168,
       253, 85, 159, 179, 255, 166, 24, 255, 247, 67, 59, 7, 246, 236,
       24, 59, 79, 250, 35, 219, 235, 117, 57, 226, 208, 198, 123, 244,
       111, 237, 167, 168, 106, 79, 152, 162, 190, 131, 169, 215, 103,
       75, 27, 17, 196, 109, 118, 104, 67, 233, 40, 233, 227, 237, 181,
       160, 243, 22, 114, 86, 245, 153, 170, 139, 68, 23, 232, 186, 247,
       137, 25, 84, 246, 72, 122, 177, 213, 233, 243, 123, 67, 187, 114,
       185, 135, 79, 127, 144, 115, 167, 114, 100, 36, 57, 101, 81, 111,
       65, 8, 96, 224, 171, 8, 211, 21, 73, 48, 152, 156, 72, 40, 9, 242,
       241, 8, 197, 156, 1, 52, 64, 34, 70, 162, 112, 136, 188, 124, 137,
       109, 81, 175, 147, 55, 164, 25, 3, 181, 64, 90, 129, 150, 236, 0,
       26, 107, 219, 17, 219, 243, 85, 127, 240, 104, 70, 42, 124, 193,
       248, 109, 13, 77, 87, 168, 67, 182, 172, 8, 83, 117, 73, 114, 17,
       212, 104, 106, 74, 98, 251, 17, 251, 235, 69, 61, 113, 59, 70, 42,
       252, 182, 245, 114, 169, 237, 85, 222, 179, 190, 165, 120, 127,
       247, 201, 191, 7, 214, 236, 26, 58, 103, 234, 35, 251, 219, 117,
       124, 226, 209, 198, 35, 109, 117, 24, 103, 21, 15, 119, 184, 121,
       168, 111, 76, 214, 113, 11, 16, 148, 76, 108, 110, 192, 240, 217,
       12, 231, 255, 37, 20, 74, 179, 66, 35, 109, 245, 133, 163, 141,
       31, 70, 136, 107, 242, 137, 76, 214, 120, 89, 186, 145, 68, 120,
       127, 205, 112, 217, 146, 173, 222, 69, 118, 136, 127, 90, 22, 246,
       191, 204, 182, 138, 113, 22, 200, 147, 255, 153, 191, 71, 236,
       203, 27, 215, 215, 237, 247, 190, 67, 239, 162, 186, 71, 237, 255,
       165, 119, 158, 87, 116, 103, 173, 167, 172, 78, 79, 152, 34, 238,
       139, 205, 215, 103, 89, 26, 149, 196, 109, 126, 72, 65, 233, 42,
       233, 231, 237, 180, 160, 243, 150, 113, 222, 242, 150, 50, 187,
       210, 16, 173, 191, 95, 131, 181, 78, 246, 202, 219, 183, 85, 236,
       51, 62, 69, 171, 117, 154, 243, 127, 223, 162, 7, 173, 87, 77,
       103, 140, 39, 172, 14, 71, 184, 112, 174, 63, 77, 215, 97, 219,
       18, 145, 196, 108, 111, 236, 240, 201, 42, 238, 247, 101, 180,
       200, 251, 218, 65, 77, 71, 156, 39, 180, 14, 103, 184, 122, 172,
       127, 77, 215, 97, 155, 82, 17, 68, 108, 110, 232, 240, 201, 46,
       236, 255, 101, 20, 64, 243, 66, 1, 213, 217, 157, 100, 0, 78, 71,
