%YAML:1.0
---
descriptors: !!opencv-matrix
   rows: 330
   cols: 32
   dt: u
   data: [ 220, 0, 253, 247, 44, 42, 91, 24, 244, 186, 183, 16, 223, 99,
       153, 123, 119, 197, 125, 234, 169, 229, 235, 34, 210, 235, 99,
       148, 164, 251, 65, 33, 220, 36, 188, 245, 172, 44, 125, 29, 251,
       187, 183, 24, 223, 123, 200, 123, 135, 199, 124, 24, 184, 69, 227,
       2, 207, 251, 119, 212, 128, 224, 195, 35, 221, 180, 189, 242, 168,
       108, 93, 25, 186, 251, 151, 120, 223, 127, 72, 123, 151, 23, 253,
       49, 187, 69, 251, 0, 219, 251, 127, 252, 128, 226, 135, 115, 120,
       253, 182, 252, 157, 221, 86, 231, 223, 213, 172, 9, 174, 253, 102,
       18, 201, 243, 251, 80, 94, 107, 242, 181, 187, 223, 213, 123, 210,
       124, 246, 74, 130, 172, 214, 191, 236, 171, 252, 207, 191, 179,
       210, 18, 238, 232, 52, 75, 255, 239, 127, 1, 50, 255, 203, 255,
       188, 190, 223, 244, 148, 120, 209, 137, 182, 168, 214, 159, 254,
       171, 236, 207, 191, 179, 242, 18, 110, 234, 52, 91, 251, 239, 127,
       1, 50, 255, 139, 255, 156, 186, 95, 244, 149, 120, 227, 128, 108,
       176, 188, 105, 173, 127, 83, 153, 99, 63, 173, 24, 222, 61, 74,
       58, 153, 20, 233, 58, 26, 98, 251, 16, 207, 223, 65, 125, 210,
       107, 206, 114, 236, 112, 189, 99, 40, 111, 83, 152, 99, 250, 165,
       8, 215, 87, 73, 59, 145, 84, 109, 122, 9, 116, 249, 16, 207, 219,
       101, 52, 192, 251, 70, 115, 85, 213, 61, 231, 180, 15, 79, 184,
       52, 234, 159, 96, 215, 119, 137, 112, 23, 212, 125, 234, 233, 240,
       105, 46, 237, 239, 39, 212, 168, 243, 129, 33, 236, 112, 189, 103,
       36, 111, 83, 152, 107, 238, 39, 8, 215, 85, 73, 58, 149, 84, 124,
       122, 9, 116, 249, 8, 207, 219, 101, 52, 194, 251, 70, 115, 236,
       113, 61, 103, 160, 78, 119, 184, 96, 234, 183, 8, 215, 119, 73,
       51, 148, 212, 124, 106, 233, 240, 249, 8, 231, 249, 101, 52, 72,
       243, 70, 51, 21, 245, 189, 231, 180, 14, 127, 184, 54, 234, 251,
       96, 215, 127, 153, 96, 119, 93, 63, 123, 233, 240, 105, 46, 237,
       175, 175, 132, 172, 243, 129, 49, 68, 85, 93, 231, 180, 78, 79,
       184, 32, 234, 255, 108, 215, 119, 137, 112, 86, 212, 125, 106,
       233, 144, 121, 46, 229, 239, 37, 148, 40, 243, 68, 113, 109, 85,
       61, 103, 32, 78, 119, 184, 104, 232, 63, 72, 215, 119, 137, 51,
       180, 84, 124, 106, 193, 240, 249, 44, 231, 249, 101, 4, 64, 179,
       70, 113, 213, 222, 157, 119, 160, 46, 102, 188, 120, 186, 162, 80,
       215, 115, 137, 123, 149, 86, 108, 110, 225, 212, 219, 42, 169,
       190, 101, 20, 72, 241, 131, 33, 108, 112, 181, 71, 137, 110, 71,
       153, 123, 243, 47, 24, 214, 115, 73, 62, 145, 84, 120, 122, 49,
       100, 251, 34, 207, 255, 69, 116, 194, 115, 198, 98, 120, 180, 187,
       112, 153, 237, 81, 103, 251, 53, 172, 24, 54, 183, 64, 58, 129,
       58, 104, 24, 58, 107, 242, 19, 219, 223, 16, 122, 192, 64, 198,
       42, 172, 101, 177, 103, 189, 79, 71, 168, 112, 234, 173, 8, 215,
       119, 9, 48, 216, 92, 88, 106, 105, 240, 249, 46, 237, 255, 5, 52,
       64, 123, 86, 226, 100, 69, 57, 67, 157, 79, 71, 184, 117, 36, 239,
       8, 211, 85, 25, 48, 88, 220, 122, 106, 104, 178, 249, 62, 231,
       223, 5, 52, 82, 187, 70, 98, 60, 101, 120, 234, 221, 79, 86, 232,
       83, 166, 173, 10, 75, 121, 99, 48, 217, 220, 194, 114, 108, 99,
       219, 158, 251, 223, 5, 61, 243, 127, 78, 162, 108, 37, 121, 111,
       93, 94, 95, 56, 81, 132, 239, 8, 219, 125, 25, 48, 88, 220, 241,
       106, 72, 242, 249, 14, 103, 255, 4, 21, 99, 251, 86, 226, 69, 113,
       17, 71, 112, 78, 103, 184, 120, 232, 35, 72, 214, 83, 1, 52, 144,
       92, 72, 106, 65, 240, 249, 14, 165, 188, 5, 4, 72, 179, 66, 51,
       217, 190, 220, 176, 171, 188, 88, 159, 163, 91, 148, 185, 191,
       247, 66, 27, 135, 183, 253, 20, 190, 79, 226, 51, 219, 203, 125,
       249, 162, 196, 139, 91, 252, 168, 220, 116, 136, 105, 85, 191,
       178, 182, 164, 25, 83, 247, 74, 27, 9, 214, 109, 8, 56, 111, 218,
       32, 219, 203, 117, 61, 224, 241, 198, 34, 69, 117, 145, 69, 17,
       78, 54, 40, 104, 226, 107, 8, 222, 55, 9, 50, 144, 84, 104, 106,
       1, 240, 241, 8, 165, 190, 64, 2, 72, 115, 67, 34, 85, 69, 95, 103,
       18, 110, 71, 56, 100, 0, 171, 8, 87, 113, 9, 115, 50, 212, 124,
       106, 105, 161, 89, 12, 243, 175, 37, 20, 96, 243, 64, 32, 64, 140,
       157, 251, 216, 237, 33, 143, 158, 51, 40, 24, 182, 51, 64, 123,
       129, 82, 106, 24, 50, 108, 211, 55, 205, 150, 84, 120, 144, 72,
       135, 42, 197, 245, 157, 71, 129, 14, 119, 184, 122, 250, 47, 76,
       222, 113, 73, 51, 145, 68, 104, 122, 241, 240, 249, 42, 237, 187,
       69, 68, 200, 115, 195, 33, 240, 164, 191, 112, 200, 100, 225, 207,
       178, 179, 226, 24, 80, 183, 104, 59, 233, 215, 115, 152, 58, 127,
       186, 66, 89, 170, 223, 108, 193, 64, 231, 170, 12, 230, 149, 97,
       152, 111, 71, 152, 86, 247, 43, 68, 211, 103, 73, 120, 17, 92,
       104, 122, 155, 208, 121, 22, 237, 143, 37, 116, 240, 251, 196,
       112, 244, 117, 158, 166, 137, 95, 22, 236, 147, 190, 169, 25, 70,
       240, 79, 159, 217, 198, 232, 98, 108, 99, 218, 42, 179, 215, 69,
       63, 193, 127, 222, 6, 216, 180, 189, 118, 168, 108, 81, 155, 242,
       187, 166, 56, 215, 247, 72, 59, 129, 215, 108, 0, 59, 109, 251,
       35, 219, 231, 117, 61, 224, 96, 135, 35, 109, 117, 49, 103, 117,
       31, 118, 184, 121, 232, 127, 105, 222, 121, 157, 180, 150, 76,
       124, 110, 228, 240, 233, 174, 231, 255, 37, 6, 66, 247, 67, 231,
       76, 117, 249, 103, 50, 79, 63, 184, 57, 164, 111, 173, 223, 119,
       137, 16, 150, 85, 237, 110, 96, 208, 249, 110, 231, 223, 37, 132,
       98, 243, 7, 113, 252, 163, 252, 114, 170, 169, 85, 89, 179, 183,
       165, 57, 115, 231, 72, 27, 3, 150, 109, 26, 58, 67, 234, 3, 219,
       203, 117, 125, 225, 194, 198, 98, 101, 112, 91, 71, 80, 74, 67,
       48, 96, 200, 101, 72, 83, 23, 137, 48, 16, 252, 64, 106, 73, 246,
       176, 12, 103, 169, 32, 0, 97, 179, 70, 176, 193, 168, 199, 27,
       208, 168, 96, 135, 246, 17, 66, 208, 179, 224, 208, 75, 99, 46,
       106, 28, 51, 220, 207, 49, 12, 162, 118, 64, 168, 128, 208, 136,
       80, 184, 31, 120, 8, 236, 81, 23, 230, 113, 166, 24, 183, 215, 64,
       58, 1, 183, 108, 16, 27, 77, 211, 21, 217, 163, 48, 121, 224, 0,
       7, 42, 226, 173, 148, 190, 169, 237, 20, 167, 159, 27, 168, 25,
       166, 242, 100, 159, 137, 115, 232, 16, 126, 79, 218, 51, 169, 150,
       85, 123, 208, 88, 143, 15, 129, 170, 145, 155, 236, 169, 232, 207,
       254, 19, 96, 208, 181, 194, 240, 75, 67, 10, 106, 28, 51, 124,
       143, 115, 12, 130, 118, 104, 152, 192, 129, 136, 129, 174, 135,
       155, 236, 169, 224, 135, 254, 19, 160, 208, 181, 226, 224, 75, 99,
       34, 106, 28, 51, 77, 206, 115, 140, 130, 126, 104, 156, 192, 131,
       136, 129, 142, 207, 89, 164, 170, 101, 151, 118, 19, 98, 212, 243,
       225, 144, 121, 51, 46, 40, 28, 59, 252, 199, 51, 76, 170, 116, 64,
       236, 208, 208, 40, 232, 180, 156, 107, 169, 109, 20, 175, 27, 63,
       44, 25, 174, 59, 74, 27, 133, 19, 233, 16, 50, 108, 219, 19, 207,
       215, 84, 127, 210, 72, 143, 10, 72, 188, 188, 242, 169, 173, 93,
       159, 235, 59, 180, 24, 191, 191, 64, 59, 133, 87, 253, 16, 186,
       109, 251, 241, 219, 219, 119, 126, 194, 64, 131, 43, 182, 172,
       214, 159, 238, 171, 236, 207, 191, 179, 242, 18, 238, 234, 52, 91,
       251, 239, 127, 129, 58, 255, 203, 255, 156, 186, 223, 244, 245,
       120, 227, 128, 232, 177, 188, 250, 157, 93, 81, 141, 91, 121, 165,
       24, 255, 125, 74, 18, 217, 146, 233, 16, 62, 106, 251, 147, 239,
       223, 20, 127, 210, 10, 198, 74, 130, 172, 214, 159, 252, 171, 232,
       206, 63, 179, 242, 18, 236, 234, 52, 73, 123, 239, 127, 145, 50,
       255, 203, 255, 156, 190, 223, 228, 213, 104, 243, 136, 178, 172,
       246, 255, 252, 171, 252, 207, 191, 51, 242, 146, 237, 238, 116,
       91, 239, 239, 127, 17, 186, 219, 203, 241, 158, 250, 223, 178,
