%YAML:1.0
---
descriptors: !!opencv-matrix
   rows: 278
   cols: 32
   dt: u
   data: [ 93, 85, 125, 103, 180, 78, 79, 184, 116, 234, 127, 100, 211,
       119, 137, 112, 54, 214, 28, 106, 233, 144, 121, 46, 227, 239, 37,
       132, 104, 243, 192, 49, 125, 85, 125, 103, 164, 78, 79, 184, 97,
       232, 191, 76, 83, 119, 137, 115, 54, 212, 124, 106, 201, 177, 249,
       44, 227, 233, 101, 148, 106, 243, 194, 49, 29, 221, 91, 239, 180,
       47, 111, 188, 52, 234, 127, 96, 247, 119, 136, 112, 119, 254, 29,
       106, 249, 176, 105, 63, 233, 239, 37, 132, 40, 243, 192, 113, 149,
       253, 187, 239, 180, 47, 111, 190, 54, 235, 95, 112, 247, 119, 153,
       96, 119, 127, 29, 62, 251, 156, 105, 63, 236, 239, 39, 196, 164,
       251, 129, 241, 236, 48, 189, 115, 173, 109, 83, 152, 123, 255,
       165, 24, 223, 93, 73, 59, 145, 208, 253, 58, 59, 102, 251, 18,
       207, 219, 65, 125, 194, 107, 70, 115, 196, 236, 254, 251, 236,
       169, 255, 254, 254, 179, 247, 26, 245, 239, 89, 91, 107, 239, 127,
       218, 242, 231, 203, 243, 255, 191, 255, 220, 133, 249, 225, 130,
       158, 236, 246, 255, 253, 43, 254, 255, 191, 179, 243, 18, 239,
       235, 93, 75, 255, 223, 255, 163, 250, 247, 203, 235, 191, 255,
       223, 183, 183, 249, 233, 131, 166, 237, 246, 255, 253, 43, 254,
       239, 63, 178, 250, 27, 239, 234, 93, 75, 255, 207, 255, 227, 120,
       255, 203, 235, 190, 255, 223, 135, 213, 121, 235, 139, 252, 191,
       253, 118, 168, 105, 85, 191, 163, 190, 164, 56, 83, 119, 73, 31,
       5, 214, 109, 42, 120, 79, 234, 40, 251, 203, 117, 60, 226, 240,
       198, 115, 246, 236, 246, 255, 253, 171, 254, 238, 63, 178, 251,
       146, 239, 238, 29, 77, 255, 255, 127, 179, 248, 231, 203, 254,
       190, 254, 207, 150, 151, 255, 227, 133, 104, 181, 188, 254, 221,
       237, 81, 47, 223, 31, 172, 25, 190, 253, 108, 80, 201, 58, 251, 0,
       58, 107, 242, 183, 235, 223, 20, 123, 210, 72, 198, 106, 246, 236,
       246, 255, 252, 171, 238, 238, 63, 162, 251, 26, 236, 234, 29, 77,
       127, 239, 127, 179, 176, 247, 203, 255, 190, 190, 207, 158, 149,
       251, 226, 132, 254, 237, 246, 254, 253, 47, 238, 253, 191, 186,
       249, 26, 235, 235, 221, 83, 255, 239, 127, 242, 248, 231, 203,
       254, 191, 254, 231, 188, 199, 251, 243, 129, 157, 229, 27, 99, 21,
       79, 71, 248, 86, 160, 239, 0, 83, 81, 41, 112, 113, 220, 8, 106,
       107, 176, 57, 63, 233, 207, 5, 20, 112, 187, 68, 32, 69, 249, 148,
       71, 157, 13, 102, 184, 110, 184, 43, 76, 246, 112, 73, 182, 145,
       70, 104, 94, 195, 96, 219, 51, 173, 188, 5, 60, 72, 51, 75, 6,
       196, 237, 214, 159, 220, 43, 238, 236, 63, 178, 251, 26, 207, 234,
       25, 65, 123, 207, 127, 227, 112, 247, 203, 254, 188, 246, 207, 76,
       133, 123, 225, 128, 150, 237, 246, 159, 254, 43, 238, 237, 127,
       162, 251, 26, 206, 234, 25, 64, 255, 239, 127, 227, 248, 247, 203,
       238, 188, 182, 207, 164, 229, 123, 225, 128, 85, 78, 93, 111, 180,
       46, 71, 184, 100, 138, 126, 68, 83, 97, 145, 112, 53, 196, 108,
       110, 169, 176, 45, 46, 224, 239, 37, 4, 232, 243, 66, 1, 252, 252,
       180, 254, 141, 237, 86, 183, 211, 187, 172, 24, 255, 249, 65, 27,
       201, 242, 125, 10, 122, 111, 218, 187, 251, 223, 213, 59, 210,
       120, 210, 10, 248, 188, 191, 112, 169, 253, 89, 215, 251, 123,
       180, 24, 191, 255, 64, 123, 133, 183, 253, 16, 59, 111, 242, 179,
       219, 251, 117, 121, 194, 72, 199, 123, 233, 188, 188, 248, 173,
       253, 80, 223, 255, 251, 180, 24, 191, 189, 64, 59, 201, 242, 125,
       24, 186, 111, 242, 179, 219, 223, 85, 122, 210, 200, 194, 107,
       204, 52, 189, 103, 40, 110, 115, 24, 120, 170, 183, 24, 215, 119,
       73, 123, 151, 212, 125, 58, 169, 212, 249, 2, 199, 251, 97, 148,
       192, 243, 70, 51, 220, 92, 127, 231, 32, 14, 127, 188, 52, 170,
       247, 104, 215, 87, 137, 115, 246, 244, 125, 106, 233, 213, 105,
       46, 231, 235, 103, 148, 32, 179, 64, 49, 205, 113, 157, 103, 164,
       78, 71, 184, 104, 234, 35, 76, 215, 113, 73, 51, 144, 68, 124,
       106, 201, 240, 249, 8, 229, 249, 101, 52, 72, 115, 66, 49, 232,
       252, 189, 122, 169, 237, 21, 175, 155, 127, 44, 24, 190, 189, 70,
       59, 133, 82, 249, 16, 50, 108, 250, 51, 239, 211, 84, 123, 210,
       88, 199, 123, 204, 52, 189, 113, 160, 110, 121, 27, 59, 255, 55,
       24, 222, 119, 72, 59, 151, 87, 125, 56, 177, 212, 249, 66, 207,
       251, 117, 230, 192, 97, 135, 115, 199, 110, 141, 183, 172, 46, 78,
       142, 58, 250, 130, 221, 199, 104, 89, 27, 149, 102, 108, 127, 189,
       84, 205, 34, 172, 50, 253, 180, 140, 121, 82, 5, 184, 186, 255,
       112, 138, 233, 81, 87, 178, 23, 164, 56, 55, 231, 64, 25, 33, 186,
       77, 24, 58, 79, 162, 51, 217, 195, 112, 121, 224, 192, 198, 234,
       244, 228, 188, 114, 168, 109, 85, 159, 178, 63, 165, 25, 87, 247,
       74, 27, 129, 210, 109, 16, 58, 71, 218, 51, 219, 195, 117, 125,
       224, 209, 134, 98, 69, 113, 145, 69, 1, 78, 103, 48, 104, 224,
       106, 8, 214, 49, 73, 50, 144, 84, 104, 106, 65, 240, 241, 8, 165,
       188, 68, 2, 72, 51, 67, 34, 248, 190, 156, 114, 168, 173, 84, 223,
       178, 191, 164, 29, 55, 227, 74, 27, 129, 230, 109, 28, 58, 111,
       218, 51, 219, 203, 117, 121, 234, 192, 202, 10, 205, 245, 149,
       103, 241, 127, 119, 168, 123, 234, 47, 8, 222, 112, 77, 51, 145,
       84, 104, 122, 113, 240, 249, 10, 239, 223, 69, 22, 202, 115, 195,
       55, 100, 49, 24, 96, 8, 13, 83, 24, 34, 160, 165, 12, 151, 19, 67,
       18, 16, 148, 72, 120, 8, 98, 216, 0, 203, 137, 33, 124, 200, 131,
       66, 34, 252, 42, 252, 114, 137, 109, 85, 218, 147, 191, 181, 24,
       99, 225, 75, 27, 9, 210, 237, 26, 42, 103, 218, 50, 219, 203, 85,
       63, 243, 249, 206, 34, 104, 180, 189, 250, 157, 253, 81, 15, 223,
       93, 173, 24, 190, 253, 72, 56, 201, 27, 251, 16, 58, 106, 250,
       151, 203, 223, 16, 127, 210, 72, 198, 234, 246, 172, 214, 159,
       222, 171, 238, 238, 63, 178, 251, 18, 238, 234, 29, 77, 251, 239,
       127, 179, 112, 231, 203, 254, 188, 190, 207, 158, 149, 123, 227,
       132, 230, 239, 180, 255, 252, 47, 206, 253, 127, 186, 187, 88,
       235, 235, 93, 27, 221, 231, 127, 163, 248, 103, 203, 255, 190,
       250, 199, 188, 214, 251, 242, 129, 106, 237, 183, 252, 221, 221,
       84, 231, 223, 83, 236, 24, 174, 191, 36, 116, 200, 250, 251, 0,
       122, 107, 242, 255, 251, 255, 150, 27, 82, 88, 246, 234, 197, 180,
       148, 81, 136, 46, 32, 155, 250, 187, 34, 84, 212, 242, 192, 126,
       5, 70, 120, 24, 179, 92, 211, 66, 13, 190, 119, 68, 136, 96, 129,
       33, 236, 188, 180, 247, 189, 47, 94, 184, 255, 187, 189, 28, 255,
       249, 93, 31, 221, 199, 127, 122, 170, 103, 219, 191, 255, 223,
       101, 190, 210, 251, 66, 1, 253, 244, 180, 254, 173, 63, 86, 252,
       255, 187, 181, 28, 255, 249, 77, 27, 223, 215, 108, 122, 234, 103,
       251, 179, 255, 223, 117, 126, 202, 251, 194, 19, 102, 109, 182,
       252, 221, 207, 246, 230, 255, 226, 234, 8, 186, 191, 53, 112, 200,
       255, 123, 195, 105, 235, 210, 238, 187, 254, 207, 59, 90, 121,
       114, 138, 253, 245, 188, 247, 185, 47, 94, 188, 187, 187, 189, 28,
       223, 255, 73, 91, 151, 215, 253, 114, 187, 99, 219, 243, 251, 251,
       101, 252, 202, 243, 194, 19, 96, 180, 145, 107, 217, 109, 84, 143,
       123, 57, 41, 24, 214, 57, 76, 48, 145, 30, 104, 16, 27, 108, 219,
       151, 175, 222, 21, 126, 210, 72, 194, 34, 220, 252, 156, 183, 172,
       47, 126, 188, 191, 186, 187, 56, 223, 251, 73, 123, 247, 215, 253,
       115, 120, 101, 203, 162, 239, 251, 111, 180, 132, 251, 131, 3, 36,
       45, 19, 222, 93, 197, 135, 98, 218, 128, 232, 8, 182, 241, 36, 48,
       200, 122, 82, 67, 99, 107, 250, 111, 33, 158, 6, 26, 80, 9, 98,
       170, 166, 231, 86, 207, 254, 11, 254, 232, 63, 162, 251, 234, 206,
       234, 157, 65, 127, 205, 127, 227, 96, 243, 73, 255, 188, 190, 175,
       148, 85, 251, 243, 129, 182, 101, 118, 207, 254, 11, 254, 232,
