%YAML:1.0
---
descriptors: !!opencv-matrix
   rows: 265
   cols: 32
   dt: u
   data: [ 117, 93, 125, 103, 180, 78, 79, 188, 116, 234, 126, 100, 243,
       119, 137, 112, 54, 214, 28, 106, 233, 144, 121, 46, 227, 175, 37,
       132, 104, 243, 192, 57, 253, 93, 125, 103, 164, 78, 111, 184, 96,
       234, 191, 76, 211, 117, 137, 115, 52, 212, 124, 106, 201, 176,
       249, 40, 229, 233, 101, 148, 104, 243, 66, 49, 237, 113, 189, 103,
       172, 78, 103, 184, 96, 250, 55, 76, 211, 85, 217, 51, 20, 84, 124,
       106, 201, 112, 249, 40, 231, 233, 101, 20, 104, 243, 66, 113, 148,
       172, 255, 255, 188, 175, 255, 255, 62, 179, 243, 146, 245, 255,
       88, 105, 127, 255, 127, 155, 178, 220, 235, 51, 253, 239, 255,
       196, 229, 249, 209, 163, 150, 236, 254, 255, 254, 173, 254, 238,
       255, 187, 251, 26, 255, 253, 125, 91, 255, 247, 127, 147, 250,
       119, 203, 243, 255, 223, 223, 221, 229, 249, 229, 131, 132, 172,
       254, 255, 236, 169, 255, 238, 190, 179, 255, 26, 245, 255, 92, 91,
       255, 255, 127, 147, 178, 231, 203, 247, 255, 191, 255, 220, 133,
       249, 243, 163, 252, 112, 189, 99, 40, 110, 83, 152, 115, 250, 183,
       24, 215, 87, 73, 59, 149, 212, 124, 122, 169, 230, 249, 2, 195,
       219, 101, 52, 194, 243, 70, 115, 252, 172, 252, 118, 136, 105, 85,
       191, 178, 182, 164, 24, 115, 119, 64, 27, 1, 246, 108, 42, 120,
       79, 251, 42, 251, 203, 117, 60, 226, 240, 198, 106, 252, 110, 252,
       118, 136, 41, 85, 154, 211, 182, 180, 24, 115, 225, 67, 27, 9,
       214, 236, 26, 40, 103, 203, 34, 219, 203, 117, 61, 227, 249, 206,
       42, 104, 188, 189, 250, 221, 237, 81, 15, 219, 31, 172, 24, 190,
       189, 76, 122, 201, 59, 251, 16, 42, 110, 242, 179, 207, 223, 84,
       123, 210, 72, 214, 234, 38, 229, 112, 207, 252, 3, 238, 232, 127,
       160, 249, 3, 203, 107, 29, 0, 255, 205, 127, 227, 232, 227, 203,
       254, 190, 254, 143, 156, 69, 251, 226, 128, 69, 48, 145, 69, 17,
       14, 98, 24, 104, 224, 35, 76, 214, 16, 73, 182, 144, 68, 120, 106,
       129, 240, 217, 12, 141, 184, 5, 54, 72, 35, 67, 34, 102, 101, 114,
       238, 252, 11, 110, 248, 31, 162, 251, 10, 105, 235, 61, 112, 122,
       221, 127, 227, 224, 179, 201, 254, 54, 254, 135, 172, 55, 251,
       112, 129, 118, 101, 118, 238, 222, 11, 238, 232, 255, 162, 251,
       10, 79, 234, 61, 80, 122, 205, 127, 227, 224, 243, 137, 254, 182,
       254, 143, 188, 53, 251, 241, 128, 213, 241, 29, 103, 160, 78, 71,
       184, 96, 234, 171, 76, 215, 113, 137, 51, 16, 68, 124, 106, 201,
       97, 249, 40, 225, 233, 101, 20, 72, 243, 194, 49, 248, 180, 188,
       112, 173, 253, 85, 159, 251, 123, 180, 24, 191, 253, 66, 59, 133,
       247, 253, 16, 58, 111, 250, 179, 219, 251, 85, 121, 210, 72, 199,
       59, 232, 180, 188, 113, 189, 109, 85, 191, 127, 59, 60, 24, 159,
       61, 72, 57, 129, 22, 125, 24, 186, 124, 113, 55, 239, 223, 116,
       117, 194, 216, 198, 59, 204, 180, 188, 97, 161, 111, 117, 31, 123,
       187, 39, 24, 223, 119, 72, 59, 149, 28, 125, 56, 184, 244, 241, 2,
       207, 223, 117, 116, 194, 192, 199, 51, 20, 172, 218, 255, 188,
       171, 255, 255, 62, 163, 250, 2, 247, 235, 88, 64, 255, 239, 127,
       145, 26, 184, 203, 55, 252, 239, 191, 192, 164, 250, 161, 137,
       214, 172, 222, 191, 238, 169, 252, 223, 191, 179, 242, 18, 253,
       235, 124, 91, 239, 231, 127, 145, 58, 127, 203, 243, 254, 191,
       255, 200, 133, 217, 161, 136, 198, 172, 246, 191, 238, 173, 252,
       207, 191, 155, 242, 26, 237, 234, 116, 91, 239, 231, 127, 145,
       186, 111, 203, 243, 159, 254, 223, 202, 133, 248, 161, 137, 200,
       244, 189, 113, 169, 237, 117, 191, 95, 127, 36, 24, 190, 63, 72,
       59, 133, 27, 127, 24, 51, 108, 251, 115, 207, 219, 84, 126, 208,
       88, 199, 251, 196, 92, 61, 231, 40, 14, 95, 188, 52, 170, 246, 40,
       215, 87, 137, 123, 22, 212, 125, 106, 233, 213, 249, 46, 247, 251,
       101, 148, 32, 179, 3, 51, 220, 217, 61, 231, 180, 14, 127, 188,
       52, 168, 214, 32, 247, 87, 129, 81, 54, 245, 93, 106, 232, 149,
       105, 60, 231, 233, 103, 148, 32, 178, 129, 43, 20, 189, 58, 239,
       180, 171, 127, 191, 44, 168, 222, 32, 247, 123, 0, 64, 118, 255,
       93, 107, 216, 185, 73, 61, 232, 237, 47, 212, 164, 250, 129, 41,
       85, 85, 29, 101, 48, 14, 103, 56, 96, 168, 43, 68, 215, 51, 137,
       115, 52, 68, 108, 110, 225, 176, 153, 12, 228, 170, 97, 20, 104,
       179, 67, 33, 65, 121, 145, 101, 65, 78, 116, 48, 105, 224, 98, 8,
       158, 48, 1, 50, 128, 84, 120, 104, 65, 248, 241, 8, 37, 248, 68,
       6, 72, 48, 67, 34, 244, 47, 204, 180, 138, 32, 93, 159, 162, 182,
       166, 185, 87, 231, 67, 91, 67, 214, 109, 134, 56, 71, 203, 34,
       217, 227, 253, 189, 160, 240, 134, 98, 180, 236, 254, 255, 236,
       169, 255, 236, 190, 187, 243, 26, 247, 235, 121, 91, 251, 255,
       127, 211, 250, 231, 203, 115, 252, 155, 255, 220, 133, 249, 229,
       131, 134, 236, 222, 255, 236, 171, 254, 237, 191, 179, 243, 27,
       238, 234, 93, 75, 255, 239, 127, 211, 122, 247, 203, 251, 190,
       154, 255, 189, 245, 123, 225, 3, 236, 176, 189, 115, 237, 125, 81,
       152, 123, 127, 165, 24, 222, 125, 72, 59, 153, 18, 253, 26, 59,
       100, 251, 147, 207, 219, 81, 127, 210, 73, 198, 242, 230, 237,
       214, 255, 253, 187, 254, 239, 191, 178, 251, 27, 239, 234, 93, 75,
       255, 255, 127, 243, 108, 115, 203, 255, 190, 222, 207, 174, 151,
       255, 227, 143, 120, 184, 189, 112, 168, 204, 81, 23, 227, 253,
       172, 8, 55, 151, 64, 58, 1, 182, 108, 24, 27, 75, 178, 32, 219,
       203, 116, 121, 224, 130, 134, 123, 230, 237, 214, 159, 253, 171,
       254, 236, 191, 178, 251, 26, 239, 234, 93, 75, 255, 255, 127, 243,
       112, 119, 203, 255, 188, 254, 207, 166, 149, 127, 227, 141, 232,
       180, 189, 251, 173, 237, 81, 9, 251, 59, 165, 24, 158, 253, 72,
       58, 137, 26, 253, 16, 59, 110, 251, 147, 207, 223, 80, 127, 210,
       72, 198, 34, 230, 237, 246, 255, 252, 171, 238, 238, 191, 186,
       251, 26, 239, 234, 124, 71, 255, 239, 127, 243, 250, 111, 203,
       255, 190, 254, 207, 158, 149, 255, 227, 132, 230, 237, 246, 223,
       252, 175, 238, 238, 191, 186, 250, 26, 238, 234, 125, 67, 251,
       239, 127, 211, 250, 255, 203, 255, 190, 62, 255, 156, 149, 251,
       227, 129, 104, 189, 181, 248, 157, 237, 84, 167, 223, 25, 172, 24,
       190, 189, 100, 56, 201, 178, 251, 16, 59, 107, 242, 183, 235, 255,
       212, 123, 210, 72, 214, 42, 236, 180, 180, 247, 173, 63, 95, 156,
       255, 187, 191, 28, 223, 253, 93, 27, 221, 215, 255, 122, 186, 103,
       251, 162, 239, 255, 119, 244, 210, 255, 194, 19, 252, 182, 180,
       255, 173, 47, 94, 253, 255, 187, 189, 88, 203, 255, 92, 31, 221,
       214, 127, 58, 186, 111, 203, 242, 255, 255, 215, 254, 210, 251,
       210, 131, 115, 237, 178, 252, 221, 223, 254, 230, 255, 226, 236,
       10, 186, 251, 52, 112, 233, 239, 123, 203, 105, 235, 250, 239,
       187, 254, 207, 58, 91, 120, 242, 138, 220, 253, 252, 247, 188, 46,
       94, 188, 191, 250, 191, 61, 255, 255, 73, 115, 215, 247, 125, 126,
       233, 197, 219, 190, 255, 251, 103, 252, 138, 243, 195, 27, 39,
       239, 102, 207, 252, 11, 238, 248, 63, 160, 249, 198, 203, 234,
       125, 80, 127, 205, 127, 239, 232, 243, 221, 254, 189, 190, 143,
       52, 85, 255, 115, 128, 38, 231, 246, 206, 252, 11, 238, 232, 63,
       162, 251, 234, 205, 238, 157, 80, 127, 205, 127, 227, 232, 243,
       207, 255, 190, 62, 175, 172, 117, 255, 114, 129, 205, 117, 49, 71,
       240, 14, 63, 184, 57, 232, 127, 96, 220, 119, 137, 52, 150, 93,
       119, 106, 225, 176, 233, 78, 103, 252, 39, 132, 74, 243, 3, 177,
       248, 56, 254, 112, 11, 248, 81, 87, 226, 87, 164, 24, 59, 149,
       194, 59, 33, 178, 252, 24, 26, 111, 178, 0, 211, 201, 112, 57,
       227, 196, 198, 106, 38, 101, 242, 207, 124, 11, 254, 232, 63, 168,
       251, 170, 237, 238, 157, 80, 254, 221, 127, 227, 200, 179, 203,
       255, 190, 254, 175, 140, 21, 251, 113, 129, 102, 229, 82, 207,
