%YAML:1.0
---
descriptors: !!opencv-matrix
   rows: 232
   cols: 32
   dt: u
   data: [ 84, 113, 21, 103, 34, 74, 115, 184, 40, 232, 107, 104, 223,
       87, 137, 48, 178, 93, 124, 106, 65, 144, 217, 12, 197, 225, 33, 6,
       96, 179, 7, 51, 197, 116, 189, 115, 136, 110, 71, 152, 114, 243,
       163, 24, 215, 119, 73, 123, 145, 84, 120, 122, 57, 100, 251, 0,
       205, 171, 69, 84, 200, 115, 199, 48, 86, 229, 140, 166, 139, 65,
       22, 232, 130, 182, 133, 11, 70, 254, 75, 83, 177, 213, 233, 243,
       78, 67, 155, 48, 251, 195, 207, 127, 176, 119, 47, 66, 216, 176,
       157, 112, 168, 109, 81, 159, 178, 251, 164, 24, 151, 183, 64, 58,
       7, 215, 125, 24, 59, 75, 186, 34, 217, 195, 117, 124, 160, 208,
       135, 115, 109, 113, 189, 103, 173, 95, 71, 152, 67, 254, 181, 12,
       219, 89, 219, 191, 152, 68, 124, 126, 205, 118, 249, 8, 231, 217,
       101, 52, 74, 255, 90, 119, 205, 180, 149, 176, 141, 125, 64, 143,
       251, 243, 130, 88, 158, 184, 72, 191, 129, 71, 120, 21, 63, 77,
       219, 128, 137, 210, 93, 126, 138, 108, 155, 6, 124, 97, 76, 167,
       8, 75, 86, 168, 32, 164, 175, 169, 67, 99, 11, 18, 88, 196, 237,
       98, 76, 178, 201, 12, 242, 197, 229, 53, 97, 187, 78, 2, 193, 184,
       157, 89, 232, 172, 36, 23, 254, 27, 98, 84, 180, 179, 192, 123,
       37, 46, 106, 24, 179, 220, 147, 81, 77, 170, 118, 64, 200, 192,
       129, 169, 168, 206, 102, 117, 118, 10, 236, 55, 117, 162, 114,
       210, 11, 41, 148, 149, 43, 134, 87, 44, 240, 252, 69, 141, 38,
       122, 116, 192, 103, 200, 210, 136, 180, 103, 64, 129, 212, 11,
       198, 111, 80, 170, 240, 250, 67, 0, 149, 17, 121, 204, 6, 230,
       104, 246, 69, 30, 188, 0, 165, 180, 109, 248, 82, 136, 77, 249,
       17, 26, 253, 221, 38, 140, 238, 113, 40, 8, 254, 240, 72, 180,
       145, 74, 234, 90, 3, 104, 250, 117, 173, 23, 85, 126, 218, 91,
       139, 168, 104, 33, 53, 69, 45, 79, 69, 43, 113, 172, 230, 8, 154,
       21, 1, 52, 136, 28, 104, 40, 73, 248, 241, 12, 199, 250, 21, 54,
       66, 40, 70, 170, 112, 79, 84, 158, 156, 134, 79, 167, 204, 4, 202,
       66, 226, 98, 53, 80, 72, 226, 74, 207, 122, 139, 91, 127, 189,
       166, 142, 24, 16, 90, 240, 40, 16, 173, 24, 187, 149, 169, 230,
       238, 94, 35, 232, 23, 182, 57, 20, 0, 121, 203, 10, 1, 122, 184,
       91, 127, 189, 134, 150, 112, 249, 88, 217, 138, 246, 36, 215, 242,
       205, 98, 104, 75, 59, 183, 163, 27, 74, 235, 76, 219, 249, 199,
       105, 177, 56, 71, 219, 194, 155, 254, 215, 127, 161, 97, 230, 2,
       222, 244, 156, 182, 139, 96, 22, 236, 178, 182, 133, 187, 79, 255,
       74, 27, 179, 215, 237, 179, 46, 71, 155, 51, 250, 195, 125, 127,
       164, 119, 175, 83, 117, 117, 125, 101, 44, 79, 71, 56, 64, 232,
       174, 72, 115, 49, 193, 51, 24, 244, 124, 106, 73, 99, 241, 8, 243,
       201, 101, 48, 97, 250, 82, 40, 65, 235, 19, 24, 56, 141, 40, 214,
       238, 25, 184, 76, 182, 146, 192, 116, 132, 47, 78, 92, 131, 9,
       194, 113, 152, 184, 42, 120, 8, 0, 35, 45, 43, 249, 113, 83, 117,
       157, 226, 148, 91, 97, 124, 108, 42, 152, 215, 180, 30, 106, 146,
       94, 199, 248, 124, 253, 46, 88, 5, 98, 95, 159, 90, 189, 193, 188,
       149, 24, 137, 237, 33, 143, 238, 123, 162, 92, 182, 176, 196, 127,
       129, 34, 120, 28, 51, 109, 250, 113, 153, 26, 87, 122, 216, 64,
       131, 60, 220, 188, 158, 178, 169, 236, 21, 151, 187, 255, 143, 61,
       222, 247, 74, 91, 133, 87, 237, 19, 54, 77, 154, 34, 219, 243,
       126, 255, 130, 85, 143, 91, 116, 97, 88, 102, 26, 75, 87, 232, 2,
       164, 237, 139, 83, 119, 11, 16, 88, 220, 65, 226, 72, 131, 217,
       30, 241, 197, 37, 61, 97, 59, 70, 98, 84, 253, 188, 174, 154, 69,
       23, 236, 130, 188, 141, 41, 86, 247, 75, 18, 149, 85, 109, 115,
       74, 67, 154, 57, 249, 135, 109, 191, 160, 115, 167, 83, 231, 166,
       228, 23, 172, 58, 172, 191, 255, 251, 147, 252, 195, 104, 223,
       239, 21, 70, 108, 47, 189, 229, 239, 227, 44, 58, 253, 212, 207,
       253, 216, 85, 223, 166, 133, 23, 173, 60, 108, 138, 255, 251, 146,
       221, 207, 224, 221, 255, 131, 70, 108, 29, 191, 109, 207, 178,
       136, 242, 127, 156, 138, 245, 217, 5, 205, 73, 79, 103, 0, 94,
       111, 180, 100, 194, 102, 128, 243, 103, 145, 115, 82, 228, 120,
       238, 105, 208, 253, 44, 229, 235, 231, 0, 34, 179, 96, 104, 243,
       62, 236, 21, 174, 51, 156, 63, 22, 246, 154, 255, 225, 108, 214,
       139, 223, 247, 253, 165, 189, 205, 239, 46, 170, 99, 255, 151,
       173, 124, 153, 95, 222, 19, 151, 244, 162, 90, 61, 49, 169, 242,
       131, 252, 79, 246, 201, 255, 166, 245, 252, 226, 225, 69, 171,
       200, 152, 242, 111, 142, 38, 36, 167, 117, 222, 246, 204, 182,
       138, 98, 30, 168, 50, 246, 141, 191, 79, 255, 75, 27, 55, 215,
       253, 179, 62, 71, 219, 50, 250, 199, 237, 255, 164, 119, 175, 83,
       229, 117, 181, 79, 205, 79, 71, 168, 123, 234, 45, 8, 210, 113,
       77, 55, 153, 84, 120, 106, 105, 96, 249, 62, 111, 250, 69, 54, 66,
       123, 86, 98, 233, 168, 229, 87, 149, 126, 97, 191, 83, 243, 102,
       24, 123, 125, 148, 190, 17, 230, 112, 8, 185, 252, 255, 175, 79,
       122, 213, 16, 231, 236, 210, 108, 193, 184, 149, 89, 136, 237, 1,
       135, 238, 115, 162, 88, 182, 176, 196, 127, 129, 54, 120, 24, 51,
       109, 246, 113, 141, 58, 87, 122, 216, 64, 131, 44, 40, 164, 149,
       208, 141, 249, 129, 207, 158, 61, 172, 56, 142, 180, 72, 188, 137,
       146, 234, 16, 58, 107, 98, 209, 153, 146, 85, 127, 210, 72, 198,
       170, 109, 183, 184, 103, 189, 95, 87, 184, 123, 236, 63, 13, 219,
       125, 222, 50, 149, 76, 252, 46, 237, 240, 249, 15, 239, 223, 37,
       181, 74, 247, 78, 115, 199, 180, 181, 83, 172, 45, 176, 139, 123,
       251, 19, 120, 150, 56, 220, 47, 135, 86, 125, 21, 183, 108, 203,
       241, 14, 26, 85, 246, 204, 205, 209, 7, 216, 50, 90, 96, 40, 76,
       81, 17, 224, 168, 182, 40, 31, 23, 192, 50, 166, 148, 108, 40, 9,
       37, 176, 0, 211, 233, 32, 112, 104, 128, 70, 51, 210, 95, 87, 255,
       11, 66, 38, 37, 173, 2, 226, 230, 103, 118, 36, 199, 230, 117,
       232, 98, 105, 197, 1, 173, 177, 242, 78, 18, 0, 112, 165, 61, 72,
       115, 81, 101, 48, 75, 49, 24, 45, 164, 103, 104, 223, 23, 137,
       244, 22, 28, 236, 96, 1, 144, 225, 12, 197, 241, 33, 6, 2, 162, 7,
       33, 133, 100, 157, 167, 228, 43, 175, 136, 126, 178, 59, 216, 213,
       99, 217, 43, 51, 76, 106, 126, 33, 244, 205, 42, 228, 134, 111,
       36, 196, 251, 3, 160, 112, 168, 253, 112, 136, 233, 81, 199, 162,
       183, 164, 24, 23, 151, 64, 27, 1, 150, 109, 24, 58, 79, 226, 17,
       217, 195, 117, 121, 224, 192, 198, 106, 105, 48, 25, 69, 125, 95,
       64, 57, 107, 232, 246, 104, 146, 17, 132, 180, 152, 20, 236, 40,
       9, 184, 225, 28, 7, 217, 49, 55, 66, 40, 74, 175, 48, 205, 92,
       159, 156, 143, 71, 175, 30, 5, 234, 6, 166, 99, 52, 64, 105, 226,
       10, 65, 122, 169, 89, 127, 189, 166, 150, 16, 56, 88, 208, 42,
       252, 60, 150, 254, 205, 100, 82, 74, 243, 155, 161, 25, 74, 251,
       109, 219, 201, 246, 237, 18, 44, 103, 218, 162, 155, 243, 213, 63,
       131, 121, 126, 2, 244, 52, 150, 190, 205, 102, 96, 74, 179, 187,
       225, 90, 66, 242, 109, 223, 233, 247, 234, 50, 61, 103, 154, 130,
       153, 242, 211, 127, 137, 105, 122, 6, 97, 141, 92, 159, 220, 169,
       70, 175, 142, 1, 170, 78, 247, 99, 0, 80, 99, 226, 106, 76, 50,
       41, 95, 63, 252, 167, 14, 88, 152, 90, 137, 8, 68, 249, 61, 101,
       17, 78, 119, 176, 104, 168, 110, 8, 214, 19, 1, 48, 144, 84, 64,
       106, 65, 176, 249, 12, 229, 191, 5, 0, 64, 50, 71, 34, 8, 207, 24,
       127, 176, 141, 86, 190, 86, 13, 108, 1, 183, 99, 131, 80, 131,
       106, 44, 78, 106, 184, 75, 63, 234, 239, 52, 81, 18, 153, 200, 11,
       249, 184, 252, 112, 41, 253, 81, 87, 227, 127, 180, 28, 59, 153,
       70, 59, 131, 166, 252, 24, 191, 111, 182, 49, 219, 251, 112, 59,
       235, 192, 202, 95, 237, 119, 232, 103, 172, 30, 71, 184, 97, 238,
       191, 108, 219, 125, 219, 182, 156, 196, 124, 110, 201, 112, 253,
