%YAML:1.0
---
descriptors: !!opencv-matrix
   rows: 167
   cols: 32
   dt: u
   data: [ 252, 188, 252, 118, 168, 109, 85, 191, 179, 190, 165, 24, 115,
       119, 72, 27, 1, 214, 108, 42, 56, 79, 251, 42, 219, 203, 117, 61,
       226, 240, 198, 42, 88, 180, 185, 114, 168, 237, 81, 27, 179, 63,
       167, 25, 159, 183, 72, 90, 129, 159, 109, 16, 26, 79, 250, 19,
       217, 199, 112, 125, 160, 64, 134, 99, 1, 125, 49, 71, 83, 94, 119,
       48, 125, 200, 106, 72, 254, 17, 4, 180, 146, 124, 80, 106, 65,
       176, 113, 111, 39, 188, 1, 2, 74, 50, 67, 177, 172, 176, 188, 99,
       237, 125, 81, 152, 127, 123, 37, 24, 222, 125, 74, 59, 145, 16,
       245, 58, 59, 100, 123, 16, 207, 219, 81, 127, 210, 75, 70, 242,
       69, 39, 144, 39, 176, 62, 110, 152, 123, 170, 59, 68, 207, 98,
       217, 250, 179, 69, 108, 126, 180, 240, 205, 106, 172, 255, 103,
       68, 136, 243, 203, 5, 64, 136, 149, 255, 72, 237, 33, 142, 190,
       17, 96, 24, 182, 243, 64, 90, 129, 122, 106, 8, 50, 72, 218, 49,
       205, 162, 80, 56, 144, 64, 7, 170, 224, 172, 157, 250, 200, 237,
       20, 143, 154, 27, 160, 24, 182, 243, 72, 123, 129, 82, 106, 16,
       51, 111, 218, 51, 221, 167, 117, 121, 208, 88, 135, 42, 252, 188,
       189, 118, 169, 125, 87, 191, 179, 254, 174, 29, 223, 119, 75, 187,
       133, 214, 253, 42, 249, 69, 249, 50, 251, 219, 117, 55, 234, 241,
       142, 115, 204, 113, 113, 101, 32, 78, 111, 48, 32, 168, 103, 72,
       211, 23, 153, 119, 22, 212, 125, 106, 201, 212, 241, 8, 229, 168,
       101, 132, 34, 179, 70, 33, 80, 89, 59, 174, 26, 198, 19, 96, 164,
       68, 207, 3, 247, 215, 33, 64, 112, 241, 57, 227, 72, 131, 51, 44,
       241, 165, 138, 25, 48, 43, 37, 122, 208, 24, 159, 116, 8, 110, 69,
       51, 160, 219, 166, 24, 247, 55, 0, 123, 1, 118, 108, 40, 57, 77,
       179, 0, 209, 235, 112, 0, 160, 224, 4, 57, 197, 116, 157, 67, 172,
       111, 167, 156, 122, 250, 39, 92, 214, 113, 77, 43, 17, 68, 120,
       122, 177, 116, 249, 34, 109, 138, 101, 116, 200, 123, 195, 49,
       112, 174, 254, 112, 170, 233, 81, 87, 163, 53, 172, 56, 55, 151,
       64, 26, 3, 178, 108, 16, 26, 79, 162, 17, 219, 195, 48, 121, 226,
       192, 198, 107, 1, 117, 49, 71, 113, 95, 246, 56, 125, 200, 107,
       72, 254, 80, 12, 180, 146, 92, 80, 106, 193, 176, 121, 111, 39,
       188, 0, 2, 74, 50, 67, 183, 181, 231, 44, 169, 60, 11, 202, 232,
       68, 180, 155, 143, 211, 72, 155, 1, 88, 196, 76, 111, 236, 161,
       77, 29, 232, 129, 173, 181, 125, 187, 88, 0, 36, 241, 57, 65, 217,
       79, 67, 168, 106, 56, 41, 40, 210, 85, 77, 48, 145, 88, 64, 106,
       67, 112, 249, 21, 111, 156, 5, 118, 80, 59, 70, 163, 44, 112, 185,
       97, 172, 111, 83, 152, 74, 251, 37, 24, 214, 21, 73, 58, 145, 84,
       125, 122, 3, 100, 249, 18, 207, 223, 101, 125, 192, 123, 70, 115,
       150, 237, 246, 255, 254, 43, 254, 237, 191, 178, 251, 26, 239,
       234, 29, 83, 255, 231, 127, 227, 248, 243, 203, 239, 190, 254,
       207, 156, 165, 251, 225, 128, 246, 236, 246, 255, 252, 171, 238,
       236, 63, 186, 251, 58, 239, 234, 221, 64, 251, 239, 127, 243, 234,
       103, 203, 255, 190, 254, 239, 188, 149, 251, 226, 129, 104, 180,
       188, 251, 173, 237, 81, 29, 123, 59, 173, 24, 223, 125, 72, 58,
       145, 19, 253, 16, 58, 106, 251, 19, 207, 223, 81, 125, 208, 74,
       198, 34, 252, 188, 252, 118, 169, 109, 85, 191, 179, 191, 165, 25,
       127, 247, 74, 27, 1, 214, 237, 10, 56, 79, 251, 34, 219, 195, 117,
       61, 226, 241, 198, 35, 232, 60, 190, 252, 141, 205, 84, 102, 207,
       27, 164, 24, 190, 191, 96, 91, 201, 178, 249, 1, 122, 111, 210,
       177, 219, 251, 84, 123, 210, 88, 214, 10, 252, 56, 186, 252, 141,
       237, 84, 198, 247, 179, 162, 24, 158, 187, 97, 91, 201, 253, 251,
       16, 58, 111, 218, 162, 219, 251, 213, 59, 194, 121, 102, 2, 192,
       172, 157, 250, 200, 233, 20, 143, 158, 59, 168, 88, 182, 247, 64,
       91, 129, 82, 106, 16, 51, 111, 218, 51, 221, 135, 117, 124, 208,
       88, 135, 42, 220, 56, 150, 246, 169, 44, 85, 151, 179, 155, 160,
       121, 255, 183, 65, 91, 165, 247, 253, 0, 56, 79, 154, 32, 219,
       243, 117, 184, 162, 112, 135, 59, 120, 205, 244, 239, 61, 31, 126,
       189, 61, 162, 254, 8, 239, 107, 20, 211, 218, 229, 255, 106, 232,
       242, 217, 239, 247, 255, 71, 17, 118, 186, 195, 139, 69, 231, 145,
       3, 180, 14, 102, 184, 122, 184, 43, 76, 214, 112, 217, 50, 145,
       68, 108, 126, 195, 112, 217, 34, 173, 188, 37, 68, 200, 51, 211,
       33, 120, 168, 254, 112, 171, 233, 81, 223, 178, 23, 164, 25, 59,
       255, 66, 27, 167, 179, 237, 16, 58, 75, 162, 49, 219, 203, 116,
       121, 226, 192, 198, 107, 205, 245, 189, 99, 164, 111, 103, 184,
       114, 250, 47, 24, 215, 113, 73, 42, 17, 86, 120, 122, 115, 244,
       249, 34, 111, 143, 101, 116, 200, 251, 211, 35, 93, 69, 93, 102,
       176, 74, 79, 184, 101, 160, 171, 8, 87, 115, 9, 113, 50, 212, 124,
       106, 105, 161, 121, 44, 241, 233, 37, 20, 96, 179, 64, 32, 124,
       81, 35, 238, 31, 199, 83, 104, 4, 0, 201, 3, 119, 215, 41, 64,
       120, 249, 27, 227, 72, 3, 90, 189, 241, 164, 138, 24, 48, 59, 36,
       114, 180, 32, 44, 25, 207, 107, 176, 73, 70, 53, 225, 27, 66, 136,
       30, 11, 232, 140, 234, 49, 62, 243, 83, 16, 93, 3, 209, 119, 241,
       8, 254, 194, 120, 170, 250, 112, 170, 233, 81, 87, 163, 23, 164,
       56, 55, 183, 66, 26, 47, 179, 237, 16, 26, 107, 130, 17, 219, 193,
       112, 121, 227, 192, 198, 43, 64, 170, 211, 176, 50, 201, 41, 67,
       62, 5, 96, 168, 189, 135, 192, 16, 54, 59, 7, 144, 18, 24, 134,
       81, 204, 132, 58, 232, 132, 128, 7, 168, 220, 188, 189, 254, 138,
       236, 85, 155, 182, 191, 135, 25, 247, 247, 72, 91, 39, 246, 109,
       26, 58, 77, 251, 49, 217, 227, 117, 120, 160, 241, 134, 115, 252,
       188, 220, 118, 169, 109, 85, 159, 179, 191, 172, 25, 103, 247, 72,
       27, 129, 214, 237, 8, 56, 79, 218, 34, 219, 211, 117, 125, 226,
       241, 198, 59, 232, 188, 188, 254, 141, 205, 85, 47, 203, 27, 164,
       24, 190, 187, 64, 59, 201, 50, 249, 0, 122, 111, 242, 49, 203,
       251, 84, 59, 210, 88, 198, 42, 240, 184, 255, 114, 171, 201, 81,
       197, 179, 55, 160, 57, 47, 191, 64, 27, 175, 179, 109, 16, 58, 79,
       130, 49, 219, 211, 93, 123, 224, 0, 134, 59, 52, 205, 155, 125,
       144, 206, 71, 190, 118, 138, 234, 64, 243, 115, 0, 112, 89, 254,
       44, 106, 123, 248, 97, 63, 233, 175, 37, 20, 240, 248, 228, 42,
       109, 180, 20, 99, 173, 45, 80, 25, 107, 59, 41, 88, 206, 57, 72,
       184, 145, 23, 236, 48, 22, 116, 217, 145, 143, 219, 85, 118, 218,
       74, 202, 3, 69, 231, 128, 33, 180, 14, 102, 184, 120, 160, 43, 76,
       211, 96, 89, 18, 17, 76, 104, 127, 208, 240, 221, 10, 172, 188, 5,
       84, 200, 243, 210, 0, 213, 66, 12, 165, 12, 31, 68, 56, 84, 162,
       131, 79, 215, 8, 27, 41, 152, 132, 104, 111, 236, 245, 93, 30,
       210, 203, 65, 20, 124, 57, 88, 4, 100, 163, 120, 97, 176, 77, 81,
       153, 34, 189, 37, 57, 147, 19, 200, 26, 25, 148, 69, 24, 26, 82,
       201, 16, 207, 153, 53, 117, 192, 128, 198, 35, 217, 120, 55, 117,
       45, 110, 81, 16, 249, 242, 166, 28, 254, 17, 1, 191, 161, 100,
       108, 74, 105, 229, 179, 40, 195, 251, 81, 18, 74, 49, 67, 42, 47,
       115, 104, 69, 113, 31, 251, 56, 121, 232, 119, 205, 219, 12, 159,
       180, 22, 140, 213, 110, 197, 176, 117, 204, 103, 93, 1, 132, 79,
       167, 74, 245, 120, 170, 222, 120, 170, 169, 81, 87, 163, 29, 164,
       185, 47, 131, 66, 27, 167, 179, 237, 16, 26, 75, 130, 17, 219,
       193, 48, 121, 224, 128, 142, 11, 40, 165, 121, 88, 209, 205, 49,
       111, 127, 29, 109, 24, 190, 149, 12, 52, 147, 26, 194, 0, 18, 58,
       98, 23, 79, 220, 16, 111, 82, 0, 198, 235, 5, 231, 16, 69, 116,
       31, 230, 184, 125, 168, 122, 76, 222, 88, 157, 180, 180, 76, 70,
       110, 229, 176, 89, 46, 38, 190, 37, 4, 74, 187, 75, 133, 208, 184,
       191, 116, 138, 96, 81, 23, 162, 151, 166, 56, 55, 183, 64, 91, 39,
