%YAML:1.0
---
descriptors: !!opencv-matrix
   rows: 105
   cols: 32
   dt: u
   data: [ 45, 116, 185, 67, 117, 111, 227, 152, 91, 235, 63, 8, 210, 93,
       77, 62, 153, 92, 82, 122, 129, 244, 249, 10, 79, 221, 5, 52, 194,
       251, 86, 243, 237, 81, 61, 103, 96, 78, 103, 184, 105, 232, 55,
       76, 215, 119, 137, 55, 148, 84, 124, 106, 225, 240, 249, 44, 231,
       249, 101, 4, 74, 179, 66, 49, 252, 245, 223, 114, 168, 109, 71,
       252, 179, 190, 173, 56, 115, 247, 201, 59, 55, 214, 108, 122, 106,
       67, 186, 50, 251, 203, 101, 124, 226, 243, 198, 33, 120, 177, 123,
       88, 155, 233, 17, 103, 163, 21, 172, 56, 63, 151, 64, 52, 35, 154,
       236, 16, 26, 107, 162, 21, 219, 197, 16, 123, 99, 128, 166, 106,
       141, 142, 220, 115, 244, 171, 103, 159, 118, 191, 126, 124, 211,
       97, 138, 113, 23, 78, 46, 60, 178, 252, 109, 63, 108, 143, 53,
       100, 250, 216, 192, 41, 5, 117, 16, 69, 116, 31, 102, 56, 121,
       168, 115, 76, 214, 80, 13, 180, 148, 76, 68, 110, 229, 176, 217,
       14, 38, 188, 33, 4, 74, 179, 75, 133, 37, 113, 16, 69, 117, 15,
       230, 56, 106, 224, 43, 76, 214, 48, 93, 180, 144, 76, 80, 106,
       197, 176, 89, 28, 37, 156, 1, 52, 72, 59, 74, 164, 244, 160, 253,
       118, 168, 77, 85, 153, 162, 183, 165, 24, 83, 247, 72, 27, 1, 214,
       108, 26, 120, 103, 251, 32, 219, 203, 117, 61, 224, 240, 198, 98,
       220, 205, 92, 103, 138, 74, 71, 168, 180, 178, 167, 8, 83, 115, 9,
       83, 113, 214, 108, 234, 104, 197, 89, 46, 249, 227, 101, 21, 32,
       115, 108, 34, 100, 99, 81, 101, 116, 79, 102, 184, 105, 168, 122,
       72, 195, 105, 21, 48, 152, 220, 100, 98, 201, 240, 217, 12, 39,
       188, 5, 20, 64, 179, 70, 160, 101, 101, 216, 103, 116, 11, 118,
       168, 120, 160, 107, 8, 215, 105, 25, 16, 154, 205, 96, 111, 76,
       240, 201, 14, 230, 175, 5, 21, 100, 187, 91, 2, 248, 172, 254,
       112, 169, 237, 81, 215, 179, 191, 164, 24, 63, 183, 64, 27, 7,
       178, 237, 24, 58, 111, 162, 19, 219, 195, 116, 121, 226, 192, 134,
       43, 240, 172, 159, 112, 172, 236, 81, 215, 178, 27, 164, 24, 55,
       243, 66, 27, 9, 182, 125, 24, 58, 79, 194, 49, 219, 171, 116, 121,
       224, 192, 206, 10, 240, 168, 156, 244, 136, 105, 81, 31, 242, 179,
       164, 24, 55, 245, 66, 123, 1, 246, 108, 0, 56, 111, 202, 35, 219,
       163, 117, 121, 160, 232, 134, 42, 77, 113, 145, 69, 97, 92, 119,
       24, 105, 232, 111, 8, 158, 16, 77, 182, 144, 92, 96, 106, 69, 112,
       241, 64, 71, 248, 1, 38, 74, 51, 67, 182, 100, 103, 49, 71, 112,
       15, 103, 184, 104, 172, 127, 72, 211, 67, 137, 52, 144, 92, 68,
       106, 64, 176, 233, 14, 101, 156, 37, 20, 64, 179, 70, 161, 240,
       188, 223, 80, 171, 248, 81, 199, 243, 91, 164, 56, 42, 247, 196,
       63, 163, 246, 236, 16, 59, 111, 178, 115, 155, 251, 85, 123, 226,
       192, 142, 47, 217, 89, 93, 102, 168, 14, 69, 180, 224, 154, 166,
       76, 115, 115, 129, 115, 4, 228, 108, 106, 233, 99, 187, 44, 241,
       235, 101, 16, 104, 177, 194, 41, 253, 81, 223, 118, 8, 78, 71, 57,
       240, 250, 167, 88, 83, 119, 137, 123, 50, 244, 124, 106, 105, 103,
       187, 10, 243, 235, 101, 28, 104, 242, 66, 49, 5, 103, 80, 5, 116,
       31, 238, 48, 124, 172, 123, 76, 195, 64, 159, 148, 20, 76, 70,
       110, 228, 176, 205, 14, 38, 188, 33, 4, 66, 179, 74, 133, 208,
       172, 191, 113, 136, 234, 73, 135, 246, 23, 162, 16, 247, 163, 80,
       91, 35, 55, 108, 25, 58, 237, 131, 51, 201, 163, 118, 80, 224,
       192, 133, 40, 197, 117, 189, 103, 176, 14, 103, 184, 122, 234, 43,
       72, 215, 113, 89, 50, 147, 68, 108, 106, 225, 240, 249, 42, 237,
       191, 101, 20, 72, 243, 67, 33, 124, 101, 80, 103, 81, 90, 118,
       232, 113, 164, 239, 40, 75, 99, 9, 148, 122, 212, 236, 234, 72,
       242, 205, 140, 246, 239, 133, 5, 99, 183, 110, 2, 208, 168, 159,
       248, 136, 232, 81, 23, 162, 23, 164, 24, 183, 151, 64, 91, 33,
       179, 109, 16, 58, 77, 130, 49, 217, 227, 112, 120, 160, 192, 167,
       42, 205, 245, 157, 103, 161, 14, 103, 188, 57, 234, 111, 76, 214,
       115, 9, 115, 151, 84, 124, 106, 225, 208, 217, 42, 229, 255, 101,
       20, 72, 115, 131, 49, 108, 245, 57, 107, 221, 77, 71, 168, 91,
       121, 173, 8, 210, 117, 73, 48, 217, 92, 120, 106, 75, 98, 251, 55,
       239, 223, 5, 124, 82, 123, 198, 98, 77, 117, 157, 103, 161, 78,
       103, 184, 57, 234, 47, 76, 222, 113, 73, 50, 144, 84, 124, 106,
       97, 240, 249, 42, 237, 255, 101, 4, 200, 115, 3, 51, 69, 117, 25,
       103, 176, 14, 103, 184, 104, 168, 107, 76, 215, 115, 9, 48, 144,
       76, 68, 106, 193, 176, 217, 46, 237, 173, 37, 4, 72, 115, 67, 163,
       109, 113, 48, 69, 117, 30, 102, 56, 105, 232, 111, 12, 222, 17,
       13, 182, 144, 76, 64, 106, 193, 240, 217, 8, 39, 253, 1, 54, 74,
       51, 75, 134, 228, 101, 81, 71, 240, 74, 103, 168, 112, 160, 107,
       136, 211, 69, 141, 180, 24, 220, 68, 106, 105, 240, 237, 14, 37,
       172, 37, 21, 96, 243, 70, 160, 240, 188, 255, 82, 234, 233, 209,
       199, 251, 91, 160, 56, 50, 254, 68, 59, 163, 179, 108, 16, 63,
       111, 186, 115, 91, 154, 85, 123, 193, 64, 198, 111, 56, 177, 57,
       120, 219, 237, 17, 71, 163, 29, 172, 24, 58, 151, 68, 48, 169,
       154, 192, 16, 26, 43, 178, 21, 91, 193, 16, 123, 227, 0, 198, 234,
       46, 101, 64, 7, 85, 91, 230, 168, 125, 164, 251, 169, 195, 72,
       159, 148, 88, 204, 194, 98, 108, 176, 77, 142, 36, 116, 133, 21,
       103, 191, 94, 196, 208, 142, 159, 245, 168, 170, 77, 151, 182, 23,
       162, 80, 183, 35, 0, 91, 33, 102, 108, 24, 58, 205, 131, 55, 201,
       163, 118, 80, 224, 192, 161, 40, 252, 117, 157, 246, 168, 108, 71,
       156, 178, 186, 162, 120, 215, 243, 73, 59, 145, 214, 108, 114,
       107, 69, 219, 34, 249, 227, 101, 124, 168, 115, 130, 51, 44, 97,
       88, 99, 244, 27, 86, 168, 99, 160, 189, 8, 219, 73, 89, 144, 26,
       204, 68, 122, 72, 50, 201, 60, 238, 221, 5, 117, 99, 187, 74, 130,
       94, 183, 140, 167, 154, 99, 30, 184, 50, 250, 159, 239, 213, 119,
       75, 18, 87, 223, 253, 243, 125, 67, 205, 34, 248, 199, 239, 189,
       164, 119, 159, 83, 197, 109, 157, 103, 132, 46, 71, 188, 114, 162,
       43, 8, 211, 97, 89, 50, 17, 70, 104, 110, 105, 240, 217, 42, 237,
       174, 101, 52, 200, 243, 194, 32, 213, 120, 159, 180, 40, 44, 20,
       22, 170, 154, 162, 92, 183, 179, 65, 91, 133, 245, 108, 2, 41, 71,
       146, 32, 145, 226, 118, 58, 168, 113, 3, 9, 124, 221, 92, 110,
       155, 91, 22, 184, 19, 188, 173, 173, 107, 119, 75, 208, 87, 212,
       237, 98, 106, 67, 203, 63, 250, 231, 101, 191, 58, 55, 14, 19,
       124, 117, 120, 110, 91, 82, 86, 232, 113, 132, 237, 40, 67, 249,
       15, 20, 88, 220, 236, 98, 72, 227, 219, 14, 243, 229, 5, 31, 107,
       59, 110, 2, 208, 168, 159, 248, 138, 232, 81, 151, 162, 23, 166,
       24, 183, 151, 64, 91, 33, 182, 109, 24, 58, 79, 162, 49, 217, 163,
       116, 121, 160, 192, 166, 106, 252, 174, 156, 116, 136, 41, 85,
       159, 178, 183, 164, 57, 55, 231, 67, 27, 129, 247, 237, 16, 58,
       79, 202, 32, 219, 195, 117, 125, 224, 96, 142, 10, 109, 245, 145,
       99, 233, 127, 71, 137, 123, 251, 45, 24, 214, 113, 72, 190, 145,
       92, 104, 122, 19, 112, 249, 18, 239, 223, 69, 118, 194, 115, 198,
       162, 109, 241, 153, 107, 253, 95, 71, 168, 123, 248, 37, 8, 214,
       117, 73, 52, 145, 92, 80, 122, 67, 112, 249, 29, 111, 221, 5, 54,
       90, 59, 66, 162, 109, 117, 48, 69, 117, 31, 230, 56, 105, 232,
       111, 76, 214, 16, 31, 180, 144, 76, 64, 110, 197, 176, 217, 14,
       39, 253, 5, 22, 74, 51, 75, 134, 56, 176, 57, 120, 89, 237, 17,
       87, 227, 29, 172, 56, 58, 151, 68, 56, 137, 154, 196, 16, 26, 43,
       242, 21, 91, 221, 48, 123, 211, 0, 198, 235, 71, 114, 197, 5, 102,
       43, 175, 152, 106, 226, 3, 236, 212, 68, 221, 46, 55, 68, 122,
       127, 129, 244, 253, 72, 12, 10, 109, 180, 140, 247, 19, 117, 88,
       188, 157, 117, 168, 107, 85, 63, 50, 186, 170, 56, 23, 55, 0, 19,
