%YAML:1.0
---
descriptors: !!opencv-matrix
   rows: 67
   cols: 32
   dt: u
   data: [ 108, 101, 76, 39, 48, 91, 102, 40, 49, 164, 239, 137, 195, 97,
       11, 144, 24, 196, 232, 110, 104, 176, 201, 14, 230, 247, 5, 21,
       99, 247, 94, 2, 240, 172, 142, 186, 137, 237, 65, 207, 178, 19,
       164, 25, 183, 245, 88, 27, 201, 179, 121, 29, 58, 79, 218, 51,
       217, 131, 222, 121, 192, 72, 154, 42, 108, 253, 125, 231, 236,
       111, 127, 188, 41, 238, 191, 44, 251, 127, 141, 51, 158, 246, 125,
       106, 249, 242, 249, 170, 247, 249, 229, 180, 102, 251, 198, 243,
       120, 177, 92, 160, 8, 141, 80, 84, 162, 89, 164, 77, 55, 183, 66,
       91, 132, 177, 221, 80, 31, 75, 210, 17, 211, 193, 112, 121, 232,
       2, 10, 19, 248, 168, 253, 112, 137, 253, 89, 215, 162, 181, 164,
       24, 31, 151, 64, 59, 7, 182, 125, 28, 26, 79, 242, 17, 219, 201,
       117, 121, 226, 192, 198, 106, 237, 125, 127, 103, 236, 126, 255,
       188, 105, 234, 191, 108, 251, 125, 159, 51, 30, 246, 93, 234, 249,
       242, 253, 174, 103, 217, 229, 180, 79, 251, 214, 241, 109, 221,
       111, 79, 180, 126, 111, 188, 125, 203, 127, 116, 251, 125, 159,
       112, 183, 246, 125, 126, 233, 176, 125, 111, 111, 255, 37, 132,
       206, 247, 214, 113, 194, 188, 254, 245, 237, 173, 124, 215, 187,
       187, 30, 59, 188, 191, 68, 58, 167, 127, 255, 145, 182, 221, 146,
       227, 255, 223, 255, 227, 140, 112, 143, 155, 218, 188, 255, 180,
       251, 248, 60, 215, 191, 223, 222, 191, 44, 191, 118, 93, 167, 251,
       255, 145, 182, 207, 178, 243, 219, 119, 94, 139, 134, 84, 167, 95,
       242, 184, 255, 112, 171, 233, 81, 71, 171, 23, 160, 56, 50, 191,
       68, 59, 175, 179, 109, 16, 58, 111, 162, 115, 219, 216, 84, 123,
       225, 64, 198, 43, 252, 119, 92, 102, 9, 31, 86, 248, 1, 166, 173,
       15, 67, 105, 75, 147, 220, 212, 237, 98, 76, 99, 217, 40, 243,
       193, 69, 63, 107, 251, 74, 19, 112, 190, 157, 50, 170, 237, 85,
       223, 178, 255, 180, 61, 23, 167, 66, 27, 39, 211, 109, 16, 58, 79,
       154, 49, 219, 131, 117, 253, 160, 208, 134, 91, 108, 101, 108,
       103, 20, 75, 103, 168, 97, 164, 111, 137, 195, 105, 31, 16, 24,
       196, 233, 98, 72, 176, 237, 12, 102, 229, 5, 21, 103, 191, 86, 98,
       69, 97, 145, 101, 32, 78, 239, 24, 104, 160, 107, 72, 215, 51, 9,
       50, 148, 85, 88, 106, 1, 240, 209, 10, 229, 188, 5, 4, 72, 243, 3,
       32, 248, 172, 142, 250, 141, 237, 64, 207, 182, 19, 132, 24, 183,
       243, 72, 27, 193, 178, 125, 24, 58, 79, 218, 51, 219, 195, 245,
       121, 128, 72, 154, 10, 237, 85, 21, 103, 189, 111, 71, 184, 127,
       234, 43, 72, 211, 117, 9, 115, 145, 68, 108, 106, 105, 240, 121,
       62, 237, 219, 101, 20, 88, 123, 64, 50, 124, 101, 108, 103, 145,
       74, 102, 168, 49, 164, 239, 137, 195, 97, 11, 16, 24, 212, 233,
       98, 104, 242, 217, 46, 231, 231, 5, 21, 99, 123, 78, 34, 193, 174,
       143, 17, 236, 172, 105, 183, 190, 27, 2, 212, 177, 226, 208, 123,
       69, 38, 122, 28, 179, 77, 215, 51, 12, 42, 255, 232, 136, 192,
       210, 40, 94, 247, 156, 166, 186, 10, 30, 184, 187, 190, 141, 237,
       78, 231, 75, 18, 151, 85, 253, 98, 96, 67, 138, 47, 250, 247, 109,
       191, 10, 243, 15, 19, 124, 119, 120, 111, 27, 79, 87, 252, 49,
       172, 239, 40, 66, 117, 11, 16, 88, 220, 237, 98, 104, 242, 201,
       14, 247, 231, 37, 55, 99, 123, 78, 51, 212, 160, 157, 176, 168,
       105, 69, 138, 162, 191, 162, 56, 215, 247, 73, 27, 129, 214, 108,
       16, 58, 71, 202, 32, 217, 195, 117, 124, 160, 113, 135, 35, 124,
       253, 127, 231, 253, 110, 127, 255, 169, 234, 190, 8, 127, 127, 9,
       51, 187, 247, 127, 106, 249, 247, 249, 239, 251, 255, 103, 180,
       98, 251, 198, 243, 252, 221, 255, 239, 245, 110, 127, 255, 61,
       202, 254, 26, 127, 127, 9, 112, 183, 247, 125, 106, 249, 191, 57,
       239, 255, 255, 39, 133, 231, 241, 230, 115, 32, 184, 17, 72, 209,
       237, 67, 67, 51, 33, 104, 72, 58, 151, 68, 180, 145, 58, 64, 24,
       27, 58, 240, 83, 13, 156, 16, 106, 194, 2, 70, 184, 233, 188, 149,
       112, 169, 253, 84, 159, 251, 123, 164, 24, 190, 241, 68, 191, 129,
       86, 236, 24, 55, 109, 186, 51, 139, 251, 85, 123, 202, 64, 207,
       47, 253, 117, 157, 167, 139, 15, 87, 248, 17, 230, 163, 15, 87,
       117, 75, 27, 220, 197, 104, 102, 109, 247, 217, 42, 241, 195, 69,
       52, 105, 123, 66, 82, 212, 181, 189, 182, 168, 79, 21, 184, 166,
       254, 131, 57, 215, 247, 75, 27, 135, 215, 109, 99, 120, 69, 251,
       48, 217, 195, 127, 60, 160, 112, 7, 115, 225, 172, 215, 84, 204,
       173, 224, 199, 251, 27, 224, 88, 34, 176, 196, 63, 137, 166, 98,
       24, 51, 126, 210, 99, 28, 186, 84, 122, 201, 72, 194, 172, 161,
       172, 129, 21, 196, 173, 228, 199, 122, 179, 96, 92, 178, 240, 213,
       61, 153, 106, 98, 28, 63, 254, 214, 51, 12, 154, 85, 40, 201, 72,
       210, 140, 77, 111, 191, 39, 177, 30, 110, 184, 125, 174, 227, 76,
       207, 98, 25, 243, 148, 197, 108, 238, 236, 208, 253, 46, 173, 255,
       71, 4, 64, 51, 195, 100, 129, 156, 223, 117, 226, 238, 97, 151,
       246, 219, 102, 116, 243, 49, 128, 123, 35, 62, 120, 24, 177, 252,
       55, 51, 77, 171, 116, 64, 232, 192, 227, 185, 193, 188, 143, 89,
       236, 172, 97, 151, 246, 91, 66, 84, 177, 177, 208, 123, 1, 46,
       122, 28, 179, 220, 247, 51, 76, 42, 118, 64, 136, 192, 209, 168,
       108, 112, 189, 103, 104, 79, 87, 184, 107, 234, 37, 8, 215, 85,
       73, 59, 144, 212, 108, 106, 73, 116, 249, 56, 239, 219, 101, 52,
       66, 187, 70, 35, 225, 172, 151, 84, 104, 185, 160, 70, 250, 27,
       96, 124, 162, 176, 196, 159, 137, 46, 98, 16, 39, 126, 194, 19,
       28, 186, 82, 106, 200, 72, 67, 140, 100, 101, 72, 45, 60, 74, 71,
       56, 32, 172, 255, 9, 211, 81, 11, 16, 88, 204, 68, 106, 72, 178,
       201, 14, 228, 164, 33, 20, 104, 187, 82, 194, 73, 125, 5, 37, 17,
       78, 109, 55, 56, 224, 74, 76, 156, 55, 17, 244, 132, 5, 121, 44,
       193, 152, 241, 78, 229, 254, 30, 0, 10, 180, 3, 120, 208, 188,
       159, 55, 138, 232, 5, 134, 190, 215, 130, 180, 247, 182, 194, 91,
       163, 119, 108, 17, 59, 77, 187, 34, 136, 162, 126, 208, 128, 81,
       133, 121, 153, 156, 223, 125, 178, 106, 97, 23, 114, 91, 102, 112,
       115, 55, 128, 121, 55, 126, 36, 24, 57, 252, 51, 15, 205, 235,
       116, 64, 233, 224, 226, 57, 137, 188, 159, 89, 164, 236, 97, 151,
       118, 91, 70, 84, 183, 177, 208, 107, 33, 46, 120, 28, 179, 252,
       183, 51, 76, 171, 116, 64, 232, 192, 209, 185, 77, 181, 145, 67,
       241, 127, 48, 25, 123, 251, 43, 88, 222, 118, 76, 190, 149, 29,
       192, 48, 49, 240, 249, 66, 15, 222, 5, 102, 202, 98, 139, 183,
       109, 161, 168, 3, 221, 124, 195, 136, 75, 109, 45, 12, 194, 104,
       94, 22, 217, 78, 96, 94, 22, 48, 248, 32, 47, 125, 5, 117, 194,
       79, 218, 198, 100, 45, 140, 111, 201, 111, 71, 170, 2, 182, 173,
       8, 211, 103, 73, 27, 217, 214, 104, 106, 88, 67, 219, 60, 239,
       219, 197, 61, 208, 123, 198, 162, 100, 121, 41, 37, 88, 207, 71,
       48, 160, 228, 110, 13, 215, 69, 3, 16, 88, 236, 72, 110, 72, 176,
       240, 12, 229, 180, 1, 16, 64, 187, 70, 114, 248, 158, 255, 117,
       178, 106, 65, 55, 113, 139, 230, 120, 51, 55, 128, 121, 55, 182,
       100, 40, 57, 252, 33, 15, 235, 239, 116, 64, 227, 224, 198, 41,
       217, 253, 127, 102, 178, 206, 87, 181, 161, 200, 175, 104, 127,
       119, 128, 115, 38, 246, 220, 106, 249, 139, 184, 46, 251, 233, 36,
       128, 98, 178, 166, 121, 85, 223, 205, 53, 168, 14, 14, 191, 186,
       250, 162, 237, 247, 110, 154, 83, 183, 199, 125, 231, 221, 201,
       223, 41, 236, 171, 127, 148, 76, 112, 139, 89, 239, 148, 107, 235,
       116, 116, 235, 248, 127, 91, 255, 86, 217, 254, 188, 224, 255,
       201, 55, 238, 179, 166, 187, 247, 95, 255, 171, 204, 223, 239,
       113, 245, 112, 168, 253, 112, 136, 237, 89, 71, 162, 183, 160, 24,
       55, 147, 64, 27, 161, 178, 125, 24, 26, 75, 178, 49, 219, 201,
       112, 121, 224, 128, 198, 42, 244, 112, 157, 246, 140, 104, 85,
