%YAML:1.0
---
descriptors: !!opencv-matrix
   rows: 300
   cols: 32
   dt: u
   data: [ 253, 113, 253, 101, 164, 78, 71, 184, 97, 234, 182, 76, 211,
       117, 201, 51, 20, 212, 124, 106, 201, 96, 249, 8, 231, 249, 101,
       20, 106, 179, 66, 113, 93, 93, 125, 103, 176, 78, 79, 188, 97,
       232, 190, 76, 87, 119, 137, 115, 22, 246, 124, 106, 201, 129, 121,
       46, 243, 237, 101, 148, 104, 243, 194, 49, 149, 189, 185, 239,
       180, 47, 111, 191, 54, 235, 223, 80, 247, 119, 153, 96, 87, 222,
       29, 62, 187, 180, 121, 63, 237, 239, 39, 196, 168, 251, 129, 49,
       236, 48, 189, 99, 173, 111, 83, 152, 91, 255, 181, 24, 222, 93,
       73, 59, 145, 84, 124, 58, 51, 102, 251, 18, 207, 219, 101, 125,
       194, 123, 70, 115, 236, 112, 189, 99, 41, 111, 83, 152, 123, 250,
       165, 24, 223, 87, 73, 59, 145, 212, 124, 122, 41, 118, 251, 32,
       207, 219, 97, 116, 194, 243, 70, 115, 252, 124, 252, 118, 136,
       109, 85, 254, 178, 190, 165, 24, 115, 247, 75, 27, 9, 246, 109,
       106, 104, 71, 250, 34, 249, 195, 117, 61, 227, 241, 198, 106, 252,
       100, 252, 114, 136, 105, 215, 216, 211, 183, 181, 24, 83, 233, 79,
       27, 25, 214, 236, 90, 58, 103, 202, 34, 219, 203, 117, 61, 227,
       251, 206, 34, 172, 180, 189, 115, 237, 125, 81, 153, 127, 127, 37,
       24, 222, 125, 74, 59, 153, 18, 255, 24, 58, 100, 251, 19, 207,
       223, 81, 127, 210, 75, 198, 242, 248, 180, 253, 112, 136, 236, 81,
       215, 179, 191, 164, 24, 19, 183, 66, 59, 33, 214, 125, 24, 58, 79,
       178, 35, 219, 235, 117, 121, 226, 192, 198, 115, 232, 180, 189,
       123, 173, 253, 81, 15, 95, 123, 173, 24, 190, 253, 76, 57, 129,
       147, 251, 0, 58, 110, 123, 151, 207, 223, 80, 127, 210, 72, 198,
       122, 246, 237, 246, 183, 238, 43, 254, 238, 191, 242, 251, 155,
       207, 238, 61, 91, 255, 247, 127, 231, 176, 247, 203, 254, 190,
       254, 207, 148, 165, 255, 227, 193, 134, 237, 246, 255, 254, 43,
       126, 238, 63, 242, 251, 26, 207, 234, 29, 107, 255, 239, 127, 243,
       248, 247, 207, 255, 190, 254, 223, 158, 165, 255, 227, 133, 224,
       172, 152, 250, 200, 237, 85, 175, 154, 19, 172, 24, 182, 243, 72,
       120, 129, 58, 106, 8, 51, 111, 218, 51, 221, 163, 116, 121, 208,
       72, 135, 42, 20, 76, 27, 103, 148, 78, 103, 228, 116, 162, 226, 0,
       83, 115, 1, 112, 241, 252, 12, 234, 40, 176, 25, 46, 241, 239, 37,
       4, 32, 243, 96, 34, 182, 237, 246, 223, 252, 175, 238, 238, 127,
       187, 251, 26, 238, 234, 29, 81, 251, 239, 127, 242, 248, 247, 203,
       255, 190, 190, 223, 190, 197, 123, 243, 140, 117, 5, 125, 103,
       176, 14, 79, 184, 108, 160, 171, 0, 215, 115, 9, 115, 50, 212,
       124, 106, 105, 161, 121, 12, 225, 239, 37, 20, 96, 243, 64, 32,
       248, 94, 189, 116, 40, 44, 85, 190, 160, 186, 182, 120, 119, 55,
       65, 91, 135, 215, 109, 34, 104, 71, 195, 32, 211, 235, 117, 152,
       96, 240, 134, 35, 252, 252, 188, 247, 168, 47, 94, 188, 187, 187,
       183, 25, 223, 127, 73, 123, 183, 215, 253, 122, 184, 103, 219,
       179, 251, 251, 119, 254, 194, 243, 194, 115, 69, 70, 144, 39, 160,
       58, 110, 136, 121, 162, 107, 64, 207, 98, 201, 218, 147, 68, 108,
       126, 20, 208, 205, 74, 172, 255, 103, 4, 128, 243, 11, 4, 21, 165,
       59, 99, 149, 79, 71, 232, 118, 160, 239, 0, 83, 113, 56, 112, 49,
       220, 8, 106, 107, 176, 121, 31, 233, 142, 5, 116, 112, 170, 64,
       32, 22, 237, 118, 239, 254, 11, 254, 236, 125, 170, 251, 98, 239,
       234, 157, 1, 255, 255, 127, 227, 232, 243, 201, 255, 190, 254,
       239, 150, 101, 251, 97, 129, 244, 236, 230, 191, 188, 43, 238,
       238, 127, 179, 250, 18, 237, 234, 29, 91, 123, 239, 110, 227, 240,
       245, 203, 255, 188, 254, 223, 20, 197, 121, 225, 136, 246, 236,
       246, 223, 252, 43, 254, 239, 255, 179, 250, 18, 237, 234, 93, 91,
       123, 239, 127, 131, 248, 255, 203, 255, 190, 254, 223, 212, 149,
       249, 225, 136, 69, 113, 17, 69, 1, 14, 102, 56, 104, 224, 99, 76,
       214, 16, 9, 52, 148, 68, 104, 110, 193, 240, 217, 12, 165, 184, 5,
       4, 72, 51, 67, 32, 198, 236, 246, 159, 252, 43, 238, 238, 127,
       186, 251, 26, 238, 234, 93, 73, 255, 207, 127, 243, 248, 247, 203,
       254, 190, 222, 207, 204, 133, 251, 225, 128, 143, 86, 111, 133,
       38, 86, 175, 56, 29, 238, 87, 230, 221, 22, 179, 101, 118, 117,
       159, 239, 225, 148, 37, 206, 100, 123, 235, 132, 14, 191, 53, 117,
       180, 104, 123, 68, 66, 106, 99, 80, 224, 132, 100, 8, 19, 151,
       129, 59, 38, 252, 68, 106, 9, 183, 160, 40, 81, 169, 32, 0, 97,
       179, 102, 160, 232, 188, 188, 248, 173, 253, 84, 223, 255, 59,
       180, 24, 191, 253, 64, 59, 141, 214, 255, 24, 186, 111, 250, 179,
       219, 251, 85, 59, 210, 216, 194, 11, 248, 188, 188, 120, 169, 253,
       89, 255, 251, 123, 180, 24, 159, 191, 64, 59, 133, 147, 253, 24,
       186, 111, 242, 179, 219, 219, 117, 124, 194, 200, 198, 123, 230,
       172, 247, 223, 236, 171, 252, 255, 191, 183, 242, 155, 237, 239,
       92, 91, 255, 255, 127, 131, 248, 255, 203, 255, 255, 255, 223,
       168, 151, 248, 231, 201, 231, 188, 246, 255, 252, 175, 252, 255,
       191, 243, 246, 154, 253, 255, 221, 123, 255, 255, 127, 153, 187,
       127, 219, 251, 191, 254, 223, 170, 159, 252, 227, 153, 236, 52,
       189, 97, 160, 110, 117, 31, 123, 251, 175, 24, 223, 55, 72, 59,
       149, 22, 125, 56, 57, 244, 249, 2, 207, 223, 117, 84, 192, 224,
       198, 115, 20, 189, 153, 239, 180, 47, 127, 191, 62, 169, 254, 32,
       247, 255, 217, 64, 255, 223, 127, 154, 91, 184, 233, 63, 237, 239,
       175, 212, 164, 251, 161, 169, 101, 23, 29, 103, 180, 46, 103, 184,
       96, 234, 46, 76, 211, 97, 153, 115, 20, 70, 108, 110, 233, 176,
       253, 46, 228, 175, 101, 20, 72, 243, 66, 33, 62, 65, 114, 224, 21,
       95, 82, 112, 5, 164, 255, 3, 75, 157, 51, 192, 248, 189, 151, 227,
       76, 179, 1, 140, 179, 221, 129, 23, 119, 175, 124, 70, 105, 253,
       56, 83, 217, 221, 87, 190, 123, 115, 44, 24, 190, 48, 70, 180,
       129, 90, 240, 88, 119, 104, 250, 55, 111, 223, 21, 123, 202, 85,
       203, 254, 197, 253, 141, 19, 172, 47, 167, 156, 122, 242, 3, 92,
       214, 240, 89, 43, 145, 70, 120, 127, 241, 116, 251, 34, 173, 26,
       93, 116, 200, 123, 211, 36, 205, 52, 157, 101, 129, 126, 113, 19,
       121, 242, 38, 20, 222, 51, 65, 123, 133, 84, 120, 56, 177, 212,
       241, 74, 207, 251, 69, 6, 138, 97, 11, 50, 45, 113, 17, 97, 49,
       95, 82, 24, 105, 232, 109, 8, 214, 17, 9, 52, 144, 28, 80, 106,
       73, 176, 241, 12, 231, 221, 1, 54, 74, 35, 66, 178, 220, 50, 251,
       96, 162, 110, 65, 83, 178, 174, 164, 56, 19, 183, 193, 58, 54,
       180, 68, 56, 56, 247, 176, 10, 89, 169, 101, 36, 225, 224, 102,
       227, 69, 113, 145, 69, 37, 78, 55, 32, 104, 192, 99, 8, 222, 48,
       69, 50, 146, 84, 96, 106, 69, 240, 145, 72, 37, 184, 68, 2, 72,
       115, 67, 38, 252, 42, 140, 182, 168, 40, 85, 159, 179, 183, 134,
       185, 23, 163, 67, 91, 3, 198, 109, 144, 56, 71, 202, 32, 218, 227,
       245, 189, 160, 241, 142, 66, 248, 188, 156, 50, 168, 173, 80, 223,
       178, 191, 164, 29, 55, 243, 66, 27, 129, 227, 237, 20, 58, 79,
       218, 51, 219, 195, 117, 121, 232, 192, 202, 138, 205, 53, 145, 71,
       241, 127, 119, 168, 123, 234, 47, 24, 222, 112, 77, 52, 145, 92,
       96, 122, 97, 240, 249, 74, 111, 223, 5, 38, 202, 115, 203, 166,
       248, 188, 212, 122, 173, 173, 80, 223, 147, 59, 160, 29, 47, 233,
       96, 155, 201, 226, 238, 16, 62, 111, 218, 179, 219, 211, 84, 123,
       250, 76, 202, 10, 120, 188, 255, 112, 136, 237, 81, 215, 163, 23,
       172, 8, 59, 183, 66, 59, 33, 210, 237, 24, 26, 107, 178, 49, 219,
       203, 116, 121, 226, 192, 198, 123, 246, 236, 222, 191, 252, 171,
       238, 239, 191, 179, 243, 27, 247, 234, 92, 75, 251, 207, 127, 179,
       114, 119, 203, 251, 252, 159, 255, 228, 149, 121, 227, 138, 236,
       180, 189, 123, 173, 125, 81, 25, 127, 123, 173, 24, 222, 125, 72,
