%YAML:1.0
---
descriptors: !!opencv-matrix
   rows: 224
   cols: 32
   dt: u
   data: [ 108, 229, 189, 122, 137, 109, 87, 140, 115, 55, 173, 24, 214,
       119, 72, 58, 153, 82, 105, 122, 122, 98, 251, 51, 239, 223, 69,
       127, 210, 83, 198, 98, 108, 117, 57, 111, 29, 79, 71, 168, 66,
       224, 169, 8, 210, 85, 73, 48, 152, 92, 121, 106, 73, 112, 249, 28,
       237, 221, 5, 52, 80, 59, 70, 114, 248, 184, 255, 112, 139, 232,
       81, 71, 163, 21, 164, 56, 55, 183, 64, 59, 131, 178, 109, 16, 58,
       79, 178, 17, 219, 203, 80, 123, 224, 64, 198, 106, 244, 116, 189,
       117, 168, 110, 85, 146, 242, 191, 166, 24, 151, 55, 65, 59, 1,
       212, 108, 26, 41, 103, 251, 2, 201, 195, 117, 60, 224, 241, 70,
       35, 81, 142, 95, 101, 176, 42, 71, 190, 116, 138, 106, 240, 243,
       97, 144, 113, 19, 230, 108, 46, 249, 252, 77, 47, 232, 174, 37,
       192, 232, 243, 192, 41, 5, 117, 17, 69, 117, 94, 230, 184, 121,
       232, 107, 76, 214, 80, 13, 180, 144, 92, 80, 106, 225, 240, 249,
       14, 39, 190, 5, 6, 74, 51, 75, 181, 37, 117, 17, 71, 117, 95, 230,
       184, 78, 232, 43, 72, 210, 80, 77, 164, 144, 76, 82, 106, 193,
       176, 121, 30, 45, 156, 5, 54, 72, 59, 66, 164, 36, 241, 57, 75,
       93, 79, 71, 168, 74, 56, 33, 8, 210, 85, 77, 48, 145, 88, 64, 106,
       67, 48, 121, 21, 109, 152, 1, 118, 80, 59, 70, 162, 21, 85, 17,
       103, 48, 14, 111, 184, 116, 232, 123, 100, 247, 115, 137, 112, 54,
       68, 28, 110, 233, 144, 125, 46, 228, 174, 37, 128, 40, 243, 1, 49,
       249, 190, 158, 58, 170, 189, 89, 215, 179, 95, 180, 253, 63, 215,
       66, 27, 167, 183, 253, 20, 190, 79, 226, 49, 219, 235, 116, 249,
       162, 196, 138, 91, 108, 112, 189, 98, 40, 109, 83, 152, 227, 187,
       165, 24, 215, 87, 73, 59, 129, 212, 124, 122, 11, 103, 251, 32,
       219, 219, 101, 60, 192, 243, 70, 51, 252, 164, 252, 118, 136, 108,
       85, 191, 163, 190, 172, 24, 83, 247, 73, 31, 1, 214, 109, 42, 56,
       71, 250, 34, 219, 203, 117, 61, 226, 240, 198, 98, 244, 180, 253,
       114, 168, 252, 85, 159, 163, 255, 164, 24, 23, 183, 200, 59, 7,
       214, 108, 24, 59, 75, 250, 48, 219, 235, 117, 125, 224, 208, 198,
       115, 66, 249, 179, 82, 137, 205, 53, 164, 171, 21, 32, 8, 174,
       214, 76, 22, 129, 91, 232, 80, 2, 73, 186, 117, 169, 144, 30, 123,
       128, 16, 135, 110, 144, 141, 94, 247, 146, 202, 79, 175, 52, 167,
       166, 16, 247, 115, 0, 81, 51, 246, 77, 248, 120, 201, 25, 63, 233,
       239, 53, 17, 160, 240, 132, 42, 224, 213, 149, 123, 141, 77, 68,
       175, 123, 51, 170, 24, 214, 51, 76, 115, 129, 151, 104, 16, 123,
       108, 219, 23, 173, 154, 84, 118, 80, 88, 196, 42, 69, 112, 21, 71,
       1, 78, 67, 40, 104, 160, 35, 8, 214, 83, 9, 54, 16, 84, 104, 106,
       65, 240, 249, 12, 165, 186, 65, 4, 74, 35, 66, 34, 69, 113, 25,
       101, 17, 79, 115, 40, 104, 224, 110, 8, 214, 17, 9, 48, 144, 92,
       72, 106, 65, 240, 241, 12, 229, 157, 1, 22, 72, 35, 67, 34, 109,
       101, 49, 103, 52, 30, 118, 184, 105, 232, 127, 73, 219, 93, 157,
       176, 150, 68, 93, 110, 196, 240, 233, 14, 231, 253, 33, 4, 66,
       183, 66, 103, 76, 53, 121, 101, 114, 11, 59, 56, 41, 164, 127,
       168, 223, 39, 138, 16, 22, 93, 205, 110, 0, 144, 233, 76, 231,
       221, 33, 132, 98, 163, 7, 113, 84, 173, 191, 114, 154, 233, 85,
       199, 178, 183, 172, 24, 55, 247, 72, 26, 161, 215, 237, 16, 26,
       75, 186, 51, 251, 199, 117, 125, 224, 65, 166, 106, 133, 197, 207,
       55, 128, 42, 103, 188, 118, 178, 67, 208, 211, 225, 217, 73, 113,
       76, 42, 238, 105, 212, 207, 50, 236, 162, 231, 4, 232, 241, 208,
       160, 100, 237, 41, 127, 153, 77, 71, 168, 2, 84, 173, 8, 242, 119,
       9, 48, 217, 194, 121, 106, 75, 66, 251, 53, 237, 159, 133, 60, 80,
       51, 70, 114, 77, 116, 189, 103, 161, 110, 119, 138, 121, 234, 111,
       24, 222, 113, 73, 58, 147, 86, 104, 42, 97, 244, 185, 42, 231,
       255, 69, 38, 202, 115, 195, 35, 77, 180, 185, 119, 17, 78, 51,
       136, 123, 226, 103, 40, 222, 119, 73, 48, 145, 93, 112, 50, 33,
       244, 249, 110, 239, 255, 5, 6, 202, 115, 3, 163, 248, 190, 252,
       122, 172, 173, 85, 255, 151, 63, 164, 56, 179, 241, 98, 27, 201,
       242, 238, 0, 106, 111, 202, 51, 219, 211, 117, 57, 242, 216, 206,
       11, 93, 85, 29, 101, 17, 30, 71, 56, 117, 168, 239, 68, 223, 83,
       1, 112, 212, 212, 108, 106, 201, 144, 249, 30, 227, 255, 33, 20,
       42, 179, 32, 33, 248, 172, 247, 126, 171, 232, 81, 223, 179, 31,
       164, 57, 46, 231, 64, 159, 39, 247, 237, 24, 58, 79, 170, 241,
       219, 243, 85, 123, 226, 196, 134, 107, 13, 117, 16, 71, 117, 31,
       230, 184, 120, 168, 114, 76, 214, 80, 149, 180, 148, 76, 84, 110,
       229, 240, 217, 78, 37, 188, 37, 4, 74, 51, 75, 133, 101, 71, 148,
       69, 224, 30, 102, 184, 121, 170, 106, 76, 211, 112, 141, 247, 148,
       68, 108, 110, 229, 240, 217, 14, 36, 190, 101, 4, 74, 243, 74, 5,
       37, 117, 17, 71, 117, 31, 230, 184, 106, 232, 43, 76, 210, 112,
       93, 180, 144, 76, 82, 110, 197, 176, 89, 30, 45, 156, 5, 52, 72,
       59, 90, 132, 37, 241, 17, 67, 213, 79, 231, 184, 110, 232, 43, 72,
       214, 80, 77, 180, 145, 76, 80, 122, 193, 112, 121, 28, 45, 156, 5,
       116, 200, 59, 67, 164, 248, 176, 255, 116, 40, 236, 81, 23, 178,
       127, 164, 61, 55, 151, 66, 27, 7, 182, 109, 24, 59, 79, 242, 1,
       219, 235, 112, 120, 224, 128, 70, 123, 242, 170, 206, 80, 203,
       185, 208, 199, 170, 55, 164, 185, 35, 235, 70, 27, 105, 178, 235,
       16, 58, 111, 194, 49, 95, 131, 84, 121, 225, 72, 206, 202, 117,
       100, 202, 102, 197, 54, 70, 248, 113, 226, 239, 12, 83, 120, 31,
       51, 249, 196, 80, 174, 237, 243, 221, 10, 115, 239, 197, 5, 105,
       115, 106, 130, 194, 186, 188, 220, 170, 228, 17, 143, 171, 191,
       164, 185, 100, 231, 70, 91, 135, 119, 109, 16, 50, 79, 170, 113,
       219, 178, 125, 255, 128, 96, 135, 107, 229, 180, 157, 82, 248,
       173, 65, 143, 251, 59, 169, 88, 150, 240, 72, 62, 129, 218, 106,
       16, 59, 111, 219, 115, 157, 150, 85, 126, 216, 72, 195, 34, 116,
       69, 93, 103, 20, 78, 71, 184, 100, 160, 171, 8, 83, 113, 9, 112,
       48, 212, 104, 106, 105, 177, 121, 46, 241, 239, 5, 20, 97, 243,
       64, 32, 252, 78, 157, 118, 40, 108, 92, 186, 176, 186, 166, 56,
       255, 115, 1, 91, 135, 247, 109, 42, 104, 71, 203, 34, 211, 235,
       117, 25, 96, 241, 11, 35, 52, 188, 159, 254, 136, 174, 21, 143,
       182, 151, 226, 16, 247, 243, 32, 88, 209, 126, 104, 16, 58, 205,
       218, 51, 201, 167, 117, 88, 176, 64, 132, 42, 84, 197, 93, 103,
       21, 79, 67, 168, 118, 160, 171, 10, 83, 113, 8, 112, 49, 212, 72,
       234, 104, 176, 121, 62, 249, 174, 5, 84, 97, 171, 68, 34, 100, 97,
       187, 100, 221, 198, 167, 224, 224, 128, 235, 8, 84, 243, 105, 48,
       248, 252, 82, 235, 65, 243, 186, 72, 113, 172, 135, 12, 65, 51,
       103, 162, 2, 223, 23, 186, 185, 197, 22, 230, 191, 76, 202, 101,
       166, 246, 35, 212, 193, 123, 172, 64, 107, 137, 2, 63, 168, 182,
       28, 27, 24, 29, 165, 95, 104, 118, 252, 113, 235, 57, 17, 158, 91,
       191, 60, 189, 174, 61, 199, 30, 135, 82, 237, 16, 34, 108, 203,
       178, 206, 215, 117, 63, 210, 221, 79, 11, 208, 168, 191, 112, 10,
       232, 81, 7, 162, 23, 164, 24, 23, 151, 64, 59, 1, 150, 232, 16,
       26, 111, 162, 0, 219, 225, 80, 121, 224, 64, 6, 98, 92, 101, 112,
       101, 83, 90, 122, 40, 49, 160, 111, 136, 219, 67, 201, 148, 50,
       221, 245, 234, 64, 208, 201, 78, 231, 205, 37, 133, 99, 179, 79,
       162, 124, 189, 250, 114, 154, 201, 83, 107, 178, 181, 173, 56, 55,
       247, 64, 18, 33, 179, 237, 18, 90, 75, 170, 55, 219, 199, 53, 121,
       224, 2, 134, 106, 236, 164, 188, 99, 137, 111, 17, 9, 123, 55, 37,
       24, 198, 113, 72, 59, 145, 20, 232, 50, 50, 116, 249, 18, 207,
       215, 69, 119, 194, 74, 199, 34, 244, 164, 189, 118, 136, 108, 87,
       159, 178, 183, 173, 24, 211, 183, 72, 27, 1, 214, 108, 26, 58, 79,
