%YAML:1.0
---
descriptors: !!opencv-matrix
   rows: 203
   cols: 32
   dt: u
   data: [ 100, 37, 57, 103, 49, 78, 71, 40, 96, 160, 235, 8, 210, 83, 8,
       48, 152, 220, 64, 106, 72, 242, 249, 14, 229, 156, 1, 20, 64, 51,
       86, 162, 84, 168, 189, 115, 138, 232, 21, 143, 182, 55, 142, 176,
       183, 231, 72, 90, 35, 223, 109, 144, 26, 77, 175, 51, 201, 167,
       127, 125, 160, 208, 135, 106, 240, 170, 126, 112, 200, 169, 209,
       207, 178, 55, 164, 153, 35, 195, 70, 27, 9, 178, 107, 16, 58, 111,
       194, 51, 93, 130, 84, 121, 225, 72, 198, 138, 212, 108, 156, 228,
       140, 46, 70, 152, 114, 178, 162, 88, 215, 115, 73, 27, 17, 196,
       108, 122, 40, 103, 203, 34, 249, 131, 101, 52, 232, 241, 66, 34,
       245, 113, 169, 165, 140, 110, 71, 152, 98, 254, 135, 9, 215, 53,
       83, 59, 145, 228, 125, 123, 9, 86, 249, 8, 237, 163, 229, 52, 128,
       123, 86, 98, 242, 170, 191, 254, 168, 224, 17, 143, 171, 191, 128,
       185, 102, 231, 68, 91, 135, 247, 237, 16, 26, 79, 170, 113, 219,
       178, 125, 255, 128, 96, 134, 99, 228, 124, 253, 101, 168, 111, 85,
       150, 50, 234, 166, 8, 215, 55, 65, 59, 1, 244, 124, 104, 105, 244,
       241, 10, 239, 203, 101, 52, 224, 240, 70, 107, 75, 115, 113, 69,
       114, 26, 106, 48, 41, 232, 127, 228, 221, 22, 149, 48, 22, 93,
       125, 238, 193, 144, 165, 76, 102, 124, 42, 132, 78, 162, 3, 49,
       205, 96, 121, 103, 32, 126, 123, 152, 121, 224, 103, 8, 223, 87,
       137, 56, 22, 85, 88, 106, 33, 244, 249, 110, 199, 185, 1, 4, 64,
       163, 7, 96, 192, 182, 25, 113, 176, 46, 53, 191, 62, 43, 50, 124,
       183, 55, 128, 16, 135, 23, 108, 0, 51, 88, 193, 23, 237, 247, 116,
       208, 200, 192, 135, 57, 212, 245, 157, 102, 168, 110, 71, 184,
       162, 178, 163, 8, 215, 247, 73, 123, 51, 212, 108, 122, 105, 69,
       187, 32, 249, 227, 101, 52, 160, 243, 135, 50, 197, 22, 157, 165,
       176, 46, 41, 59, 56, 235, 91, 245, 213, 39, 136, 90, 23, 5, 125,
       60, 177, 212, 201, 78, 204, 182, 123, 196, 140, 224, 131, 113,
       124, 176, 255, 82, 171, 253, 81, 223, 179, 255, 165, 56, 91, 247,
       76, 63, 39, 218, 228, 24, 59, 107, 186, 49, 219, 203, 117, 125,
       227, 192, 198, 243, 100, 164, 189, 115, 157, 237, 81, 143, 122,
       55, 175, 24, 210, 245, 72, 58, 193, 86, 104, 24, 58, 104, 251, 51,
       205, 191, 20, 125, 192, 72, 198, 34, 124, 127, 254, 102, 141, 31,
       86, 248, 192, 172, 189, 43, 66, 121, 75, 19, 216, 212, 237, 98,
       72, 99, 219, 40, 251, 193, 101, 63, 99, 123, 94, 3, 100, 101, 17,
       111, 217, 79, 70, 168, 122, 160, 105, 8, 210, 113, 9, 48, 144, 92,
       64, 106, 41, 240, 249, 62, 229, 190, 5, 52, 64, 51, 70, 162, 220,
       110, 156, 182, 184, 61, 95, 156, 187, 191, 167, 189, 239, 231,
       203, 159, 135, 247, 236, 30, 42, 71, 235, 40, 250, 211, 117, 191,
       162, 247, 142, 89, 222, 189, 204, 182, 139, 122, 93, 175, 177,
       246, 134, 153, 207, 103, 74, 91, 35, 215, 253, 166, 120, 201, 255,
       42, 219, 227, 223, 149, 166, 116, 158, 114, 230, 174, 248, 50,
       234, 105, 28, 138, 187, 247, 161, 185, 135, 238, 207, 27, 135,
       223, 237, 82, 54, 79, 206, 48, 218, 209, 85, 255, 192, 241, 143,
       86, 244, 112, 189, 228, 140, 79, 71, 16, 226, 230, 134, 8, 215,
       53, 65, 59, 129, 244, 125, 122, 105, 71, 249, 8, 217, 129, 101,
       48, 160, 121, 86, 34, 4, 226, 189, 179, 186, 233, 185, 143, 186,
       53, 25, 185, 245, 238, 200, 10, 135, 91, 105, 145, 18, 68, 207,
       115, 204, 135, 63, 253, 196, 83, 135, 195, 52, 207, 46, 58, 156,
       197, 151, 237, 198, 29, 233, 11, 67, 200, 58, 64, 249, 170, 106,
       115, 94, 43, 75, 55, 249, 133, 37, 125, 241, 10, 244, 194, 100,
       65, 21, 103, 8, 79, 71, 168, 100, 160, 227, 8, 214, 83, 9, 112,
       144, 84, 104, 106, 73, 176, 249, 12, 229, 168, 33, 52, 80, 59, 70,
       34, 116, 32, 156, 116, 136, 45, 68, 2, 226, 178, 162, 24, 215, 49,
       65, 27, 129, 198, 108, 8, 40, 101, 211, 0, 217, 195, 117, 60, 224,
       112, 66, 2, 224, 124, 189, 117, 168, 111, 85, 55, 48, 170, 162, 8,
       247, 51, 65, 59, 1, 246, 108, 8, 104, 252, 209, 10, 237, 159, 117,
       48, 192, 240, 70, 42, 240, 168, 253, 120, 136, 141, 89, 215, 163,
       23, 160, 24, 51, 159, 64, 59, 137, 179, 125, 8, 26, 111, 242, 49,
       219, 201, 112, 121, 225, 128, 198, 42, 205, 32, 249, 71, 65, 127,
       107, 8, 113, 226, 103, 8, 219, 87, 25, 57, 16, 148, 88, 42, 40,
       244, 249, 8, 199, 219, 65, 20, 194, 163, 71, 162, 203, 174, 167,
       23, 173, 60, 237, 159, 255, 247, 6, 156, 235, 228, 214, 175, 5,
       70, 248, 29, 183, 237, 255, 162, 142, 123, 213, 48, 206, 252, 219,
       124, 240, 172, 174, 186, 9, 237, 65, 199, 162, 19, 160, 25, 182,
       245, 80, 27, 201, 179, 121, 29, 58, 79, 210, 51, 217, 163, 218,
       120, 192, 72, 146, 42, 236, 213, 61, 111, 188, 47, 71, 184, 84,
       190, 175, 12, 211, 113, 9, 83, 145, 68, 104, 110, 104, 96, 121,
       31, 239, 250, 69, 84, 216, 123, 196, 114, 124, 101, 76, 103, 17,
       91, 118, 168, 49, 166, 239, 137, 195, 97, 11, 146, 24, 196, 233,
       98, 108, 240, 201, 46, 230, 231, 69, 49, 99, 255, 94, 2, 216, 180,
       29, 116, 9, 110, 85, 51, 168, 242, 162, 24, 255, 55, 0, 123, 129,
       215, 108, 42, 121, 205, 241, 13, 241, 251, 80, 16, 74, 112, 3, 58,
       100, 184, 185, 81, 205, 237, 65, 143, 239, 49, 164, 24, 150, 181,
       72, 58, 129, 94, 106, 24, 19, 107, 251, 16, 77, 158, 21, 126, 192,
       89, 198, 34, 33, 169, 57, 91, 85, 205, 227, 233, 126, 81, 108, 0,
       178, 209, 28, 48, 216, 10, 18, 72, 19, 58, 122, 53, 109, 189, 0,
       104, 80, 10, 86, 234, 84, 253, 189, 102, 138, 74, 87, 184, 162,
       182, 175, 8, 215, 119, 73, 123, 51, 212, 109, 122, 104, 65, 251,
       32, 249, 227, 101, 52, 160, 243, 134, 34, 201, 189, 29, 55, 185,
       204, 23, 182, 170, 125, 46, 76, 254, 119, 65, 115, 132, 119, 252,
       78, 227, 72, 251, 47, 237, 245, 116, 18, 8, 82, 7, 121, 56, 184,
       24, 96, 121, 205, 81, 80, 163, 172, 164, 12, 54, 159, 64, 16, 136,
       184, 197, 16, 74, 43, 80, 21, 219, 217, 49, 123, 106, 10, 70, 187,
       248, 156, 215, 126, 169, 104, 84, 167, 243, 27, 163, 56, 111, 243,
       72, 251, 129, 246, 236, 0, 56, 111, 250, 33, 211, 251, 84, 27,
       226, 240, 198, 43, 120, 176, 251, 116, 139, 236, 81, 23, 227, 85,
       164, 24, 63, 159, 64, 122, 163, 183, 253, 16, 27, 75, 178, 1, 219,
       233, 16, 123, 226, 0, 198, 106, 120, 185, 123, 120, 75, 205, 81,
       71, 227, 85, 164, 56, 63, 157, 64, 50, 170, 179, 213, 17, 11, 107,
       178, 49, 211, 217, 16, 123, 99, 0, 198, 123, 228, 180, 189, 122,
       172, 109, 91, 152, 155, 255, 181, 29, 215, 253, 90, 59, 133, 211,
       125, 19, 187, 103, 250, 51, 203, 219, 117, 125, 216, 107, 198,
       115, 252, 169, 247, 112, 235, 221, 80, 207, 227, 177, 160, 24, 11,
       159, 68, 59, 171, 187, 253, 16, 26, 107, 178, 145, 219, 216, 85,
       127, 227, 144, 230, 43, 221, 238, 28, 190, 168, 172, 95, 188, 179,
       190, 166, 13, 255, 227, 75, 211, 135, 231, 237, 94, 106, 77, 203,
       55, 248, 243, 101, 120, 162, 247, 11, 75, 254, 156, 140, 182, 137,
       116, 85, 191, 179, 247, 135, 145, 243, 119, 74, 123, 97, 214, 253,
       160, 56, 73, 251, 34, 251, 227, 253, 149, 160, 240, 182, 122, 251,
       188, 222, 50, 169, 188, 92, 255, 179, 255, 164, 29, 63, 247, 70,
       187, 165, 231, 252, 20, 191, 79, 186, 35, 250, 219, 85, 251, 234,
       212, 138, 95, 213, 48, 172, 49, 140, 237, 145, 11, 234, 243, 131,
       29, 151, 152, 82, 43, 129, 70, 120, 21, 151, 109, 255, 0, 201,
       201, 123, 125, 200, 9, 91, 82, 255, 172, 172, 55, 141, 124, 204,
       135, 242, 243, 134, 153, 243, 252, 82, 171, 137, 230, 253, 157,
       190, 77, 255, 34, 203, 235, 253, 249, 164, 108, 218, 106, 80, 33,
       17, 33, 16, 74, 105, 43, 100, 32, 74, 0, 151, 19, 16, 112, 50, 28,
       120, 169, 73, 152, 209, 12, 229, 164, 15, 4, 40, 160, 3, 34, 244,
       113, 188, 228, 140, 14, 85, 16, 226, 162, 166, 8, 215, 49, 65, 27,
