%YAML:1.0
---
descriptors: !!opencv-matrix
   rows: 188
   cols: 32
   dt: u
   data: [ 108, 96, 57, 107, 29, 79, 71, 136, 6, 164, 173, 8, 211, 23,
       73, 48, 216, 220, 121, 106, 73, 98, 251, 28, 237, 221, 5, 60, 80,
       59, 70, 98, 124, 225, 220, 232, 31, 79, 87, 232, 3, 180, 169, 11,
       75, 253, 111, 18, 249, 213, 232, 98, 76, 99, 217, 156, 187, 221,
       5, 63, 115, 63, 110, 34, 252, 32, 189, 114, 136, 108, 81, 27, 178,
       191, 165, 24, 215, 247, 73, 27, 129, 214, 109, 16, 58, 71, 250, 2,
       219, 195, 117, 125, 224, 225, 134, 98, 248, 62, 222, 54, 168, 237,
       85, 159, 179, 255, 180, 189, 255, 247, 195, 91, 167, 247, 237, 20,
       188, 79, 202, 50, 218, 227, 117, 185, 234, 208, 142, 91, 81, 31,
       29, 101, 176, 14, 71, 53, 96, 168, 170, 76, 243, 51, 128, 115, 20,
       230, 108, 110, 233, 169, 209, 44, 224, 171, 101, 16, 104, 242,
       194, 41, 120, 56, 59, 112, 51, 237, 113, 82, 250, 29, 36, 56, 54,
       151, 64, 56, 163, 58, 76, 24, 18, 237, 178, 23, 219, 205, 48, 123,
       192, 0, 71, 107, 254, 172, 132, 182, 203, 113, 20, 143, 147, 179,
       128, 187, 110, 250, 74, 155, 129, 223, 233, 145, 126, 79, 207,
       162, 187, 67, 221, 191, 162, 116, 158, 14, 93, 69, 125, 103, 146,
       79, 71, 184, 100, 160, 235, 64, 83, 115, 9, 112, 50, 212, 92, 106,
       105, 176, 121, 46, 231, 239, 37, 20, 96, 243, 64, 34, 108, 103,
       117, 103, 53, 91, 118, 56, 121, 234, 127, 8, 203, 45, 149, 52,
       152, 212, 236, 106, 236, 240, 237, 14, 231, 255, 37, 53, 98, 191,
       70, 38, 76, 119, 121, 101, 50, 74, 63, 56, 61, 228, 111, 172, 223,
       119, 137, 16, 150, 93, 109, 106, 193, 144, 249, 76, 229, 255, 33,
       4, 66, 179, 7, 113, 77, 65, 126, 231, 50, 26, 126, 56, 125, 160,
       111, 0, 223, 115, 169, 240, 54, 116, 60, 106, 64, 144, 61, 140,
       231, 255, 7, 1, 50, 179, 41, 32, 109, 113, 53, 101, 53, 31, 114,
       56, 105, 232, 63, 77, 218, 61, 159, 178, 148, 68, 124, 110, 196,
       240, 249, 12, 231, 255, 33, 182, 66, 183, 66, 119, 193, 174, 159,
       155, 236, 169, 236, 143, 254, 19, 96, 208, 181, 226, 224, 75, 99,
       98, 106, 28, 51, 109, 206, 115, 140, 2, 255, 104, 152, 208, 131,
       168, 129, 170, 155, 187, 108, 137, 232, 207, 238, 17, 112, 240,
       181, 226, 240, 74, 99, 42, 106, 28, 19, 124, 207, 113, 140, 130,
       119, 104, 152, 136, 161, 168, 108, 229, 10, 126, 25, 68, 79, 232,
       179, 72, 237, 9, 243, 243, 43, 16, 216, 224, 121, 238, 74, 67,
       218, 63, 235, 255, 133, 57, 24, 51, 98, 82, 109, 245, 57, 103,
       149, 15, 119, 184, 121, 236, 46, 12, 222, 113, 11, 48, 144, 76,
       120, 110, 192, 240, 249, 46, 231, 223, 5, 54, 74, 123, 67, 98,
       205, 124, 191, 119, 161, 110, 119, 138, 121, 234, 110, 8, 222,
       115, 73, 59, 177, 116, 104, 122, 97, 244, 185, 42, 231, 255, 69,
       50, 202, 115, 71, 35, 80, 152, 159, 252, 136, 196, 65, 55, 162,
       25, 162, 88, 119, 183, 0, 114, 65, 246, 124, 8, 25, 73, 243, 21,
       217, 162, 112, 88, 48, 128, 166, 56, 72, 48, 181, 97, 97, 76, 113,
       0, 107, 241, 38, 8, 158, 23, 64, 63, 128, 28, 104, 24, 3, 252,
       241, 0, 143, 248, 17, 114, 194, 0, 71, 162, 77, 112, 189, 84, 105,
       124, 49, 0, 235, 218, 37, 8, 158, 151, 77, 59, 129, 85, 96, 18, 3,
       101, 186, 64, 71, 153, 85, 47, 194, 113, 71, 163, 124, 37, 56,
       110, 29, 79, 83, 40, 82, 164, 173, 8, 82, 85, 8, 48, 216, 220, 72,
       106, 72, 99, 233, 28, 243, 157, 1, 61, 81, 43, 70, 98, 88, 182,
       156, 48, 169, 45, 20, 143, 171, 63, 172, 57, 143, 51, 74, 27, 133,
       151, 237, 16, 62, 77, 203, 17, 219, 211, 85, 127, 192, 64, 143,
       11, 220, 166, 156, 112, 137, 109, 21, 143, 178, 191, 165, 25, 143,
       183, 74, 27, 129, 23, 237, 16, 58, 77, 203, 18, 219, 211, 117,
       127, 128, 64, 143, 3, 252, 164, 156, 114, 169, 109, 81, 11, 179,
       191, 165, 25, 23, 183, 74, 27, 129, 151, 237, 16, 58, 71, 218, 18,
       219, 211, 117, 125, 224, 64, 134, 98, 252, 172, 252, 50, 168, 173,
       93, 151, 179, 251, 180, 185, 191, 247, 66, 27, 135, 247, 253, 28,
       58, 79, 202, 50, 219, 219, 117, 249, 162, 212, 142, 75, 213, 93,
       159, 118, 40, 76, 69, 181, 240, 218, 163, 88, 119, 119, 137, 123,
       32, 244, 108, 106, 105, 69, 187, 42, 241, 235, 101, 16, 104, 242,
       194, 57, 189, 207, 78, 127, 164, 27, 70, 188, 84, 128, 230, 144,
       227, 97, 187, 229, 80, 100, 172, 110, 108, 244, 111, 61, 162, 235,
       101, 21, 122, 189, 248, 12, 242, 232, 204, 90, 201, 249, 81, 207,
       171, 55, 164, 155, 34, 229, 70, 31, 105, 146, 235, 16, 42, 111,
       202, 49, 31, 211, 84, 123, 227, 92, 206, 78, 101, 180, 149, 115,
       205, 45, 69, 143, 127, 187, 169, 88, 214, 115, 76, 59, 153, 210,
       108, 18, 59, 106, 219, 51, 141, 222, 85, 126, 208, 89, 194, 163,
       117, 69, 93, 103, 148, 78, 71, 184, 100, 160, 171, 72, 83, 113,
       25, 114, 48, 196, 104, 106, 73, 177, 57, 46, 243, 239, 5, 20, 97,
       243, 64, 32, 252, 76, 220, 119, 40, 106, 87, 188, 48, 178, 166,
       24, 215, 115, 1, 91, 3, 212, 108, 106, 104, 101, 203, 42, 243,
       235, 117, 21, 96, 241, 78, 42, 228, 197, 45, 109, 152, 79, 71,
       184, 87, 52, 175, 12, 211, 101, 9, 81, 81, 196, 104, 110, 105,
       160, 121, 31, 235, 190, 5, 20, 80, 251, 68, 48, 192, 172, 157,
       251, 200, 237, 5, 143, 190, 23, 32, 24, 182, 243, 64, 91, 129,
       122, 106, 24, 50, 76, 250, 51, 205, 162, 116, 120, 144, 64, 135,
       170, 116, 253, 125, 70, 188, 111, 199, 190, 193, 238, 190, 12, 82,
       117, 141, 54, 21, 214, 76, 42, 249, 35, 249, 46, 249, 190, 69, 54,
       97, 251, 198, 113, 76, 101, 120, 101, 18, 74, 127, 56, 41, 164,
       111, 136, 223, 119, 137, 48, 50, 221, 125, 238, 64, 144, 249, 78,
       231, 237, 33, 5, 99, 179, 7, 32, 216, 184, 159, 112, 168, 237, 81,
       151, 230, 123, 166, 24, 183, 183, 64, 123, 33, 183, 108, 16, 58,
       109, 211, 49, 217, 227, 116, 121, 224, 64, 135, 42, 129, 142, 141,
       57, 164, 170, 109, 159, 118, 187, 98, 244, 243, 227, 208, 121, 17,
       110, 46, 28, 179, 252, 207, 49, 204, 171, 119, 196, 232, 192, 192,
       168, 108, 229, 57, 110, 25, 69, 71, 168, 19, 4, 237, 8, 242, 119,
       9, 16, 216, 200, 88, 106, 75, 2, 251, 63, 235, 253, 5, 60, 82, 51,
       70, 114, 77, 245, 57, 103, 181, 78, 103, 184, 121, 236, 111, 12,
       222, 117, 76, 48, 144, 76, 104, 110, 225, 240, 249, 46, 239, 255,
       5, 6, 66, 115, 71, 99, 76, 125, 191, 117, 161, 110, 119, 139, 121,
       234, 110, 8, 222, 115, 65, 59, 147, 118, 104, 122, 97, 240, 185,
       42, 231, 255, 69, 51, 202, 113, 199, 35, 240, 104, 255, 112, 10,
       200, 65, 86, 178, 151, 164, 24, 55, 199, 64, 27, 33, 246, 109,
       136, 42, 79, 162, 33, 217, 163, 117, 56, 96, 128, 102, 106, 248,
       170, 222, 48, 138, 169, 80, 87, 162, 23, 164, 189, 55, 131, 66,
       27, 167, 179, 205, 16, 30, 79, 130, 49, 218, 193, 112, 121, 232,
       192, 138, 11, 77, 112, 145, 65, 105, 92, 49, 0, 235, 216, 37, 8,
       158, 149, 77, 58, 128, 92, 96, 82, 3, 116, 242, 64, 71, 152, 85,
       47, 194, 51, 71, 163, 37, 103, 49, 71, 244, 79, 71, 184, 113, 168,
       107, 72, 211, 81, 141, 180, 24, 92, 68, 106, 201, 240, 233, 46,
       45, 220, 37, 52, 64, 179, 70, 160, 238, 174, 212, 114, 233, 173,
       92, 159, 187, 59, 162, 89, 174, 235, 64, 31, 135, 247, 125, 28,
       58, 79, 202, 227, 219, 219, 85, 250, 194, 212, 194, 11, 5, 167,
       220, 83, 244, 43, 103, 152, 127, 183, 127, 248, 215, 97, 219, 121,
       19, 78, 38, 62, 178, 240, 109, 54, 108, 142, 37, 100, 228, 251,
       192, 225, 240, 168, 236, 120, 8, 233, 144, 207, 186, 55, 164, 153,
       163, 201, 70, 27, 73, 162, 233, 16, 46, 111, 194, 49, 219, 195,
       116, 57, 225, 72, 206, 138, 205, 247, 252, 71, 230, 15, 103, 184,
       126, 244, 79, 204, 215, 97, 219, 39, 23, 76, 112, 126, 225, 240,
       253, 14, 108, 58, 101, 4, 110, 251, 208, 113, 85, 5, 117, 69, 148,
       14, 103, 184, 116, 160, 235, 64, 83, 113, 25, 112, 112, 196, 88,
