%YAML:1.0
---
descriptors: !!opencv-matrix
   rows: 207
   cols: 32
   dt: u
   data: [ 125, 93, 125, 101, 168, 78, 87, 184, 97, 232, 190, 72, 83,
       119, 129, 115, 20, 212, 124, 106, 201, 67, 249, 12, 243, 233, 101,
       20, 106, 243, 70, 49, 237, 112, 253, 101, 44, 79, 87, 152, 115,
       250, 181, 24, 211, 87, 205, 59, 20, 212, 124, 106, 233, 102, 251,
       0, 199, 217, 101, 52, 99, 243, 70, 115, 124, 112, 189, 99, 41,
       109, 83, 216, 115, 251, 165, 24, 215, 87, 73, 58, 145, 212, 124,
       122, 43, 103, 251, 2, 203, 223, 97, 125, 226, 243, 70, 51, 104,
       180, 188, 250, 253, 221, 85, 47, 251, 59, 173, 24, 191, 185, 72,
       48, 137, 147, 249, 0, 58, 107, 250, 151, 255, 223, 84, 123, 210,
       72, 198, 42, 120, 188, 253, 116, 168, 237, 81, 27, 178, 255, 172,
       60, 183, 183, 64, 27, 7, 182, 109, 24, 59, 79, 242, 19, 219, 195,
       117, 120, 224, 192, 6, 123, 124, 184, 255, 114, 136, 253, 85, 223,
       227, 255, 164, 24, 19, 247, 72, 59, 1, 214, 108, 24, 59, 111, 250,
       48, 219, 203, 117, 125, 226, 208, 198, 114, 85, 70, 220, 71, 149,
       62, 66, 152, 105, 163, 175, 68, 203, 98, 159, 246, 51, 198, 108,
       254, 173, 165, 253, 234, 162, 255, 5, 20, 234, 247, 72, 4, 156,
       77, 27, 103, 148, 78, 70, 236, 116, 162, 235, 0, 83, 243, 41, 112,
       217, 254, 8, 106, 104, 177, 25, 46, 243, 239, 37, 4, 96, 243, 226,
       34, 96, 213, 149, 115, 157, 77, 68, 143, 95, 49, 40, 24, 150, 51,
       76, 116, 129, 19, 104, 16, 91, 104, 219, 23, 173, 158, 85, 126,
       216, 88, 196, 42, 64, 172, 157, 217, 200, 237, 33, 143, 158, 51,
       32, 24, 182, 179, 64, 90, 129, 27, 106, 24, 51, 76, 211, 115, 205,
       150, 20, 120, 144, 72, 135, 42, 21, 69, 121, 103, 22, 79, 71, 184,
       116, 160, 239, 10, 83, 113, 25, 112, 48, 212, 24, 106, 105, 176,
       121, 30, 229, 174, 5, 20, 112, 187, 64, 32, 5, 97, 27, 102, 85,
       71, 231, 232, 116, 160, 235, 10, 80, 151, 41, 32, 184, 221, 82,
       234, 65, 243, 56, 108, 117, 142, 7, 4, 65, 51, 103, 162, 69, 117,
       17, 69, 81, 78, 102, 56, 104, 224, 43, 76, 222, 17, 9, 52, 144,
       76, 80, 106, 193, 240, 209, 14, 37, 188, 1, 6, 72, 51, 67, 162,
       118, 101, 150, 190, 139, 106, 22, 200, 179, 134, 169, 169, 71,
       226, 105, 222, 209, 245, 236, 114, 44, 67, 202, 170, 176, 246, 69,
       59, 160, 119, 46, 6, 109, 101, 120, 103, 52, 27, 126, 40, 121,
       160, 107, 9, 219, 9, 29, 176, 146, 76, 93, 111, 196, 240, 205, 14,
       102, 253, 1, 21, 70, 183, 90, 0, 76, 101, 120, 101, 50, 14, 127,
       56, 56, 164, 111, 136, 223, 7, 138, 48, 54, 93, 221, 110, 64, 208,
       233, 78, 231, 205, 33, 133, 98, 167, 7, 96, 129, 121, 19, 69, 18,
       74, 103, 48, 96, 192, 102, 104, 242, 17, 129, 52, 50, 116, 64,
       106, 65, 176, 177, 44, 37, 168, 32, 0, 107, 179, 67, 173, 125,
       207, 70, 71, 181, 26, 102, 172, 97, 128, 239, 136, 235, 96, 159,
       215, 50, 230, 236, 110, 108, 176, 205, 173, 166, 248, 69, 21, 103,
       247, 218, 36, 197, 164, 133, 155, 236, 169, 101, 143, 254, 179,
       99, 208, 149, 226, 200, 75, 67, 78, 106, 24, 51, 124, 207, 51,
       140, 130, 119, 108, 152, 208, 195, 160, 205, 116, 189, 103, 161,
       110, 119, 136, 121, 234, 43, 8, 222, 113, 73, 58, 177, 84, 104,
       106, 97, 244, 185, 42, 229, 255, 69, 54, 200, 115, 67, 35, 69,
       245, 157, 99, 180, 111, 39, 140, 122, 243, 47, 8, 215, 113, 73,
       42, 17, 84, 120, 122, 81, 112, 249, 18, 237, 143, 101, 116, 200,
       123, 211, 35, 77, 117, 156, 103, 161, 30, 103, 184, 121, 234, 111,
       12, 222, 113, 9, 179, 145, 68, 120, 106, 229, 240, 249, 78, 239,
       255, 69, 6, 74, 115, 75, 34, 248, 174, 220, 114, 168, 173, 81,
       223, 178, 191, 164, 25, 55, 243, 74, 27, 1, 214, 109, 24, 58, 79,
       218, 51, 219, 195, 117, 125, 225, 192, 198, 43, 240, 48, 255, 96,
       130, 105, 65, 87, 162, 181, 164, 56, 19, 151, 64, 27, 46, 148, 68,
       24, 24, 127, 160, 0, 89, 137, 112, 112, 225, 192, 198, 234, 248,
       174, 246, 114, 171, 168, 85, 215, 179, 31, 164, 185, 47, 231, 66,
       31, 39, 182, 237, 16, 58, 79, 162, 35, 219, 243, 84, 123, 226,
       196, 134, 123, 108, 233, 185, 67, 217, 77, 71, 184, 115, 181, 173,
       24, 210, 117, 73, 62, 153, 216, 96, 122, 90, 98, 251, 55, 111,
       159, 5, 125, 210, 59, 198, 226, 108, 48, 189, 97, 237, 111, 81,
       152, 75, 251, 189, 24, 223, 93, 73, 58, 153, 84, 124, 58, 27, 102,
       251, 16, 207, 223, 1, 125, 210, 235, 70, 243, 104, 181, 188, 115,
       189, 253, 81, 57, 127, 59, 173, 24, 223, 125, 72, 56, 145, 146,
       252, 16, 26, 106, 251, 23, 207, 223, 81, 127, 210, 74, 198, 34,
       244, 188, 253, 118, 168, 109, 85, 159, 179, 191, 165, 24, 83, 247,
       73, 27, 129, 214, 108, 26, 58, 111, 250, 34, 219, 203, 117, 61,
       227, 241, 198, 99, 248, 237, 182, 252, 141, 221, 84, 230, 223,
       146, 164, 24, 174, 249, 37, 51, 201, 226, 249, 64, 104, 111, 242,
       189, 187, 251, 212, 59, 82, 57, 214, 10, 221, 46, 156, 183, 168,
       60, 92, 158, 243, 187, 163, 93, 207, 226, 203, 219, 135, 199, 108,
       62, 188, 69, 203, 34, 218, 251, 117, 253, 160, 241, 139, 1, 213,
       70, 238, 87, 164, 58, 70, 143, 119, 174, 230, 52, 67, 96, 159, 91,
       113, 206, 44, 142, 236, 212, 237, 42, 242, 239, 245, 5, 226, 241,
       248, 68, 224, 188, 157, 90, 248, 237, 5, 207, 250, 59, 160, 88,
       150, 243, 72, 59, 129, 82, 106, 16, 51, 111, 218, 115, 221, 150,
       85, 126, 216, 72, 195, 170, 69, 245, 149, 71, 29, 14, 102, 184,
       106, 248, 43, 76, 214, 113, 73, 50, 145, 68, 104, 126, 193, 112,
       217, 30, 173, 158, 5, 54, 72, 51, 67, 33, 93, 77, 93, 103, 180,
       78, 111, 184, 101, 160, 171, 72, 211, 115, 9, 115, 50, 212, 124,
       106, 105, 176, 93, 44, 247, 235, 101, 20, 96, 179, 194, 32, 117,
       69, 89, 101, 20, 79, 103, 40, 116, 160, 235, 2, 83, 113, 25, 112,
       48, 204, 8, 106, 105, 176, 121, 30, 229, 174, 5, 20, 112, 187, 64,
       32, 116, 127, 154, 166, 185, 15, 22, 232, 146, 172, 185, 109, 102,
       248, 67, 18, 156, 237, 236, 99, 76, 99, 200, 42, 248, 199, 101,
       59, 72, 123, 14, 19, 124, 101, 74, 103, 84, 26, 102, 168, 121,
       160, 107, 9, 83, 73, 29, 16, 50, 204, 65, 106, 76, 176, 217, 14,
       247, 237, 5, 21, 101, 179, 90, 130, 129, 92, 83, 79, 66, 94, 231,
       48, 104, 192, 98, 104, 242, 80, 133, 181, 50, 124, 80, 106, 225,
       180, 181, 110, 37, 184, 0, 2, 75, 50, 67, 189, 236, 164, 189, 99,
       137, 111, 19, 136, 122, 183, 37, 24, 214, 117, 72, 58, 145, 84,
       232, 50, 50, 116, 249, 2, 205, 151, 65, 119, 192, 107, 71, 34,
       205, 116, 157, 103, 161, 110, 119, 184, 121, 234, 103, 8, 222,
       113, 9, 123, 145, 84, 104, 106, 97, 244, 249, 42, 229, 251, 69, 6,
       72, 115, 67, 51, 69, 241, 157, 99, 148, 79, 71, 188, 114, 248, 47,
       8, 215, 113, 73, 50, 17, 84, 120, 122, 81, 112, 249, 26, 237, 143,
       37, 116, 200, 123, 211, 32, 109, 113, 16, 101, 49, 94, 82, 56,
       105, 232, 111, 12, 222, 81, 9, 180, 144, 220, 68, 106, 205, 176,
       241, 12, 231, 253, 1, 22, 74, 51, 74, 34, 248, 168, 222, 112, 170,
       232, 81, 87, 179, 23, 164, 57, 55, 151, 64, 27, 35, 178, 109, 24,
       58, 79, 162, 49, 219, 227, 112, 121, 226, 192, 166, 107, 248, 188,
       220, 114, 168, 173, 84, 223, 178, 191, 165, 61, 55, 243, 74, 27,
       163, 198, 237, 16, 58, 79, 218, 51, 219, 195, 117, 121, 232, 192,
       138, 3, 248, 170, 90, 112, 138, 169, 81, 87, 162, 183, 164, 185,
       19, 151, 66, 27, 35, 178, 69, 24, 58, 79, 130, 16, 219, 201, 117,
       121, 224, 128, 134, 43, 100, 103, 241, 71, 112, 79, 103, 184, 97,
       172, 59, 72, 211, 37, 205, 52, 16, 92, 68, 106, 72, 240, 233, 14,
       45, 156, 37, 20, 66, 179, 70, 33, 242, 170, 255, 82, 235, 248, 81,
       71, 179, 31, 164, 56, 42, 247, 196, 63, 39, 182, 236, 16, 58, 79,
       170, 115, 27, 251, 80, 123, 227, 192, 230, 111, 77, 85, 127, 103,
       48, 78, 111, 176, 97, 232, 111, 68, 243, 119, 136, 114, 22, 244,
