%YAML:1.0
---
descriptors: !!opencv-matrix
   rows: 182
   cols: 32
   dt: u
   data: [ 228, 116, 157, 119, 169, 111, 71, 152, 58, 178, 35, 24, 214,
       119, 73, 59, 145, 84, 120, 122, 49, 84, 251, 34, 207, 187, 69,
       118, 192, 115, 198, 114, 236, 116, 189, 103, 29, 79, 71, 184, 50,
       234, 170, 8, 214, 117, 73, 51, 145, 84, 121, 106, 105, 112, 249,
       62, 237, 223, 69, 52, 64, 123, 70, 114, 108, 188, 189, 115, 169,
       237, 85, 159, 251, 191, 164, 24, 150, 181, 72, 59, 129, 82, 108,
       16, 58, 105, 250, 48, 239, 211, 85, 127, 194, 88, 198, 107, 220,
       180, 156, 112, 169, 109, 81, 143, 179, 191, 165, 57, 150, 183, 74,
       27, 129, 151, 237, 16, 58, 79, 219, 18, 219, 195, 117, 127, 224,
       64, 143, 3, 120, 160, 185, 120, 155, 237, 81, 79, 227, 53, 164,
       24, 54, 151, 64, 58, 129, 146, 104, 24, 26, 107, 242, 17, 217,
       205, 16, 123, 226, 0, 198, 106, 44, 101, 185, 71, 149, 79, 71,
       152, 101, 228, 239, 8, 211, 85, 25, 48, 216, 220, 91, 106, 73,
       178, 121, 44, 231, 221, 133, 52, 64, 187, 86, 242, 209, 143, 93,
       101, 176, 46, 111, 183, 116, 136, 122, 68, 243, 99, 144, 112, 23,
       102, 108, 46, 185, 184, 77, 47, 232, 175, 37, 208, 232, 243, 192,
       41, 37, 117, 145, 67, 213, 95, 102, 184, 106, 224, 43, 8, 214,
       112, 77, 48, 145, 92, 82, 122, 193, 240, 249, 62, 45, 156, 5, 54,
       72, 59, 66, 166, 249, 184, 220, 178, 234, 188, 88, 159, 179, 127,
       180, 185, 63, 247, 194, 26, 135, 215, 253, 20, 62, 79, 202, 51,
       218, 203, 117, 249, 162, 196, 142, 91, 124, 164, 220, 118, 169,
       109, 85, 223, 163, 183, 172, 25, 119, 243, 75, 27, 1, 214, 237,
       24, 42, 111, 202, 32, 219, 195, 117, 61, 226, 240, 198, 42, 232,
       174, 196, 48, 248, 185, 104, 207, 179, 187, 112, 253, 47, 225,
       218, 155, 3, 142, 198, 28, 54, 122, 202, 51, 94, 82, 117, 109,
       202, 196, 202, 136, 228, 125, 245, 118, 168, 109, 71, 152, 243,
       190, 173, 24, 83, 247, 73, 59, 17, 214, 108, 106, 104, 103, 250,
       34, 123, 250, 101, 60, 224, 243, 198, 34, 85, 69, 125, 103, 22,
       78, 71, 184, 101, 160, 235, 64, 211, 115, 25, 112, 50, 212, 92,
       106, 233, 176, 93, 46, 231, 239, 37, 20, 97, 179, 64, 32, 220, 76,
       93, 118, 40, 74, 85, 184, 176, 178, 167, 24, 215, 119, 9, 91, 167,
       213, 108, 106, 104, 71, 203, 40, 211, 235, 117, 29, 96, 241, 14,
       34, 69, 113, 29, 101, 1, 78, 51, 16, 104, 192, 98, 8, 214, 19, 1,
       50, 144, 116, 104, 106, 65, 240, 241, 76, 229, 186, 0, 2, 72, 51,
       67, 34, 69, 70, 149, 71, 160, 42, 110, 168, 124, 162, 107, 68,
       215, 98, 137, 91, 51, 68, 108, 110, 33, 208, 205, 106, 172, 190,
       103, 4, 136, 243, 1, 4, 69, 245, 149, 103, 177, 14, 103, 184, 122,
       248, 43, 76, 214, 113, 73, 50, 149, 68, 104, 126, 225, 240, 249,
       46, 237, 190, 101, 20, 200, 115, 195, 35, 104, 205, 156, 126, 139,
       168, 22, 166, 187, 22, 44, 9, 238, 99, 3, 91, 129, 118, 232, 66,
       104, 73, 218, 59, 227, 247, 84, 59, 82, 113, 78, 10, 216, 168,
       189, 116, 136, 232, 81, 23, 162, 55, 166, 56, 55, 183, 64, 59, 1,
       246, 236, 16, 58, 109, 162, 1, 217, 227, 112, 121, 224, 192, 134,
       106, 76, 113, 121, 103, 114, 74, 127, 184, 41, 164, 111, 136, 223,
       87, 137, 80, 22, 93, 205, 110, 64, 144, 249, 76, 231, 253, 33, 4,
       98, 179, 7, 112, 69, 117, 153, 103, 240, 14, 103, 184, 105, 168,
       43, 76, 214, 115, 9, 18, 144, 76, 108, 106, 193, 240, 217, 44,
       239, 188, 37, 6, 72, 115, 66, 35, 104, 32, 49, 97, 105, 205, 65,
       16, 107, 61, 32, 8, 146, 23, 64, 190, 128, 28, 72, 24, 11, 120,
       243, 16, 7, 216, 16, 120, 66, 128, 70, 168, 240, 182, 252, 120,
       172, 173, 81, 87, 210, 31, 180, 56, 51, 177, 98, 27, 9, 186, 108,
       24, 58, 111, 226, 19, 219, 139, 116, 121, 241, 200, 198, 43, 240,
       42, 251, 100, 2, 104, 81, 80, 160, 164, 164, 40, 51, 151, 193, 58,
       38, 244, 68, 24, 9, 231, 160, 8, 209, 161, 33, 40, 97, 160, 38,
       162, 212, 213, 149, 118, 137, 102, 23, 168, 176, 178, 163, 24, 86,
       119, 73, 127, 145, 212, 104, 98, 121, 71, 155, 40, 185, 162, 69,
       62, 136, 115, 134, 50, 120, 176, 185, 112, 155, 237, 81, 95, 227,
       61, 172, 56, 22, 151, 64, 58, 129, 150, 108, 16, 26, 107, 178, 17,
       219, 237, 17, 123, 226, 0, 198, 107, 88, 24, 159, 116, 40, 108,
       65, 22, 170, 155, 166, 24, 223, 183, 65, 123, 35, 245, 108, 24, 1,
       77, 179, 0, 209, 227, 116, 24, 160, 240, 7, 57, 232, 176, 253,
       112, 104, 205, 81, 87, 162, 253, 164, 28, 183, 151, 64, 27, 133,
       182, 109, 8, 59, 79, 242, 1, 217, 201, 113, 120, 64, 128, 198,
       123, 252, 164, 252, 118, 168, 105, 85, 159, 163, 183, 173, 25, 83,
       247, 74, 27, 1, 214, 237, 24, 58, 79, 218, 34, 219, 203, 117, 125,
       226, 240, 198, 106, 120, 177, 253, 114, 168, 237, 85, 223, 227,
       253, 173, 24, 63, 247, 72, 58, 1, 214, 124, 24, 27, 107, 250, 49,
       219, 201, 53, 125, 224, 194, 198, 123, 221, 38, 156, 182, 168, 58,
       92, 154, 122, 191, 171, 121, 207, 98, 203, 219, 147, 199, 108, 30,
       60, 71, 203, 34, 218, 247, 119, 61, 160, 241, 139, 1, 228, 189,
       157, 242, 236, 141, 69, 175, 218, 59, 169, 88, 246, 240, 76, 51,
       137, 210, 106, 18, 123, 107, 250, 115, 189, 150, 85, 126, 208, 88,
       198, 42, 93, 69, 95, 103, 148, 78, 103, 184, 101, 160, 235, 64,
       83, 115, 9, 112, 48, 196, 76, 234, 105, 176, 89, 14, 243, 239, 5,
       20, 97, 243, 64, 32, 65, 105, 17, 101, 49, 14, 102, 48, 104, 136,
       106, 8, 246, 17, 1, 48, 144, 100, 72, 110, 65, 176, 209, 44, 165,
       184, 0, 16, 72, 50, 67, 40, 196, 140, 157, 255, 136, 237, 21, 135,
       182, 23, 104, 24, 183, 243, 96, 88, 193, 122, 104, 16, 50, 76,
       218, 51, 205, 167, 117, 120, 176, 80, 135, 170, 249, 188, 245, 85,
       177, 126, 71, 191, 113, 226, 162, 88, 91, 53, 129, 181, 23, 214,
       108, 40, 249, 252, 249, 46, 169, 254, 85, 22, 99, 248, 198, 60,
       104, 118, 252, 113, 171, 121, 21, 158, 75, 191, 60, 56, 175, 57,
       203, 26, 135, 90, 237, 16, 2, 100, 235, 18, 207, 215, 117, 191,
       226, 216, 198, 107, 248, 170, 254, 112, 138, 233, 81, 87, 163, 23,
       164, 57, 39, 167, 66, 27, 129, 183, 237, 16, 58, 79, 130, 3, 219,
       227, 116, 121, 224, 192, 134, 107, 220, 97, 120, 101, 83, 27, 123,
       40, 41, 164, 111, 136, 219, 23, 137, 52, 50, 221, 213, 234, 64,
       148, 237, 78, 231, 205, 33, 5, 99, 163, 71, 162, 65, 97, 120, 101,
       116, 30, 122, 40, 105, 160, 111, 9, 211, 9, 21, 48, 146, 12, 85,
       110, 196, 176, 197, 12, 70, 249, 1, 5, 68, 163, 74, 0, 248, 160,
       190, 114, 173, 205, 81, 87, 242, 31, 165, 24, 63, 147, 64, 59,
       129, 178, 236, 16, 58, 111, 242, 49, 219, 195, 112, 121, 226, 128,
       198, 42, 108, 245, 57, 107, 201, 77, 71, 136, 67, 54, 173, 8, 242,
       87, 73, 48, 217, 88, 64, 106, 75, 34, 251, 49, 231, 217, 5, 60,
       82, 123, 70, 98, 77, 116, 189, 103, 161, 110, 119, 152, 123, 234,
       47, 24, 222, 113, 73, 58, 145, 92, 104, 42, 97, 244, 251, 10, 239,
       223, 69, 36, 202, 115, 195, 34, 240, 40, 255, 112, 10, 200, 81,
       86, 178, 23, 164, 24, 23, 199, 64, 27, 35, 176, 109, 24, 42, 79,
       162, 0, 217, 131, 112, 120, 224, 128, 102, 98, 109, 103, 192, 7,
       180, 27, 102, 172, 97, 228, 255, 169, 195, 96, 159, 148, 26, 204,
       100, 110, 204, 176, 237, 46, 38, 255, 37, 21, 102, 255, 218, 68,
       104, 32, 49, 65, 105, 221, 97, 0, 107, 177, 33, 8, 150, 23, 68,
       191, 128, 28, 72, 24, 3, 120, 243, 16, 7, 216, 17, 114, 66, 0, 70,
       160, 220, 162, 222, 112, 138, 137, 81, 211, 162, 183, 164, 189, 7,
       135, 66, 27, 39, 148, 237, 16, 26, 79, 138, 0, 219, 193, 117, 125,
       224, 128, 134, 35, 248, 34, 254, 112, 10, 232, 81, 87, 160, 151,
       164, 185, 55, 135, 64, 27, 38, 180, 69, 152, 56, 79, 162, 0, 209,
       193, 112, 57, 224, 128, 6, 106, 77, 113, 145, 71, 97, 76, 118, 0,
       105, 232, 47, 8, 222, 16, 69, 182, 128, 84, 112, 106, 65, 112,
