%YAML:1.0
---
descriptors: !!opencv-matrix
   rows: 234
   cols: 32
   dt: u
   data: [ 100, 97, 57, 103, 1, 78, 71, 32, 96, 164, 227, 8, 210, 83, 9,
       50, 216, 212, 104, 106, 72, 240, 249, 40, 229, 152, 1, 52, 64, 51,
       70, 34, 164, 135, 61, 107, 152, 47, 71, 185, 86, 47, 175, 28, 211,
       97, 9, 81, 145, 214, 76, 126, 250, 176, 121, 31, 239, 159, 37,
       116, 208, 250, 196, 96, 252, 191, 156, 146, 169, 29, 86, 184, 139,
       190, 164, 125, 206, 227, 67, 151, 197, 198, 236, 114, 126, 71,
       202, 48, 186, 209, 69, 127, 146, 117, 14, 7, 110, 33, 192, 196,
       205, 61, 78, 207, 3, 163, 172, 8, 130, 227, 85, 190, 217, 218,
       210, 152, 24, 98, 218, 226, 23, 220, 149, 56, 210, 251, 218, 172,
       230, 185, 252, 26, 171, 120, 29, 138, 171, 119, 165, 185, 207,
       238, 207, 27, 135, 215, 237, 82, 54, 71, 239, 113, 222, 241, 69,
       255, 198, 117, 143, 87, 198, 186, 159, 252, 232, 224, 25, 142,
       186, 158, 160, 185, 100, 231, 65, 91, 135, 119, 109, 16, 50, 79,
       138, 113, 217, 178, 127, 255, 128, 112, 7, 115, 229, 96, 173, 164,
       140, 109, 69, 152, 162, 254, 134, 25, 215, 53, 83, 59, 129, 228,
       125, 127, 9, 86, 249, 8, 205, 129, 229, 53, 160, 121, 86, 98, 21,
       228, 165, 165, 20, 78, 71, 184, 118, 242, 2, 66, 215, 113, 16, 35,
       51, 68, 121, 111, 41, 240, 93, 14, 237, 174, 69, 20, 236, 171, 81,
       48, 245, 89, 49, 103, 20, 79, 71, 56, 108, 160, 35, 8, 247, 81, 1,
       52, 16, 228, 88, 106, 73, 176, 121, 12, 225, 200, 1, 48, 104, 59,
       70, 98, 248, 184, 253, 112, 43, 189, 89, 87, 162, 29, 164, 24, 59,
       151, 64, 59, 39, 146, 253, 24, 58, 111, 178, 49, 219, 201, 112,
       120, 226, 128, 198, 123, 205, 36, 121, 103, 96, 126, 123, 152,
       121, 226, 103, 8, 223, 87, 9, 61, 22, 85, 80, 106, 161, 244, 249,
       78, 71, 185, 65, 4, 66, 163, 7, 224, 248, 98, 92, 48, 40, 13, 84,
       120, 224, 62, 164, 77, 23, 131, 74, 27, 128, 132, 76, 78, 74, 103,
       194, 16, 210, 201, 116, 61, 104, 144, 74, 3, 108, 103, 88, 39, 48,
       27, 102, 184, 121, 172, 127, 9, 207, 99, 139, 144, 144, 196, 236,
       110, 76, 240, 201, 14, 230, 255, 37, 21, 98, 179, 74, 0, 100, 164,
       189, 123, 157, 237, 65, 139, 246, 55, 167, 24, 214, 181, 72, 58,
       137, 22, 104, 24, 59, 122, 251, 19, 205, 191, 81, 117, 192, 73,
       214, 34, 124, 224, 121, 102, 140, 79, 87, 248, 99, 188, 165, 8,
       83, 85, 72, 48, 25, 212, 100, 106, 72, 99, 249, 18, 243, 205, 37,
       125, 96, 187, 70, 226, 212, 245, 189, 230, 170, 78, 87, 184, 166,
       242, 171, 8, 215, 119, 73, 123, 51, 215, 109, 122, 57, 65, 251,
       34, 249, 227, 101, 52, 160, 243, 135, 50, 120, 48, 122, 122, 75,
       237, 81, 81, 160, 21, 165, 25, 51, 159, 74, 56, 40, 184, 209, 16,
       10, 47, 178, 17, 211, 201, 48, 121, 113, 128, 102, 250, 56, 56,
       122, 224, 93, 221, 81, 83, 195, 37, 164, 24, 63, 157, 98, 16, 136,
       184, 211, 8, 26, 43, 50, 21, 211, 201, 16, 121, 115, 136, 70, 234,
       120, 184, 123, 120, 77, 217, 81, 71, 227, 85, 180, 25, 59, 157,
       86, 58, 136, 178, 197, 17, 30, 111, 242, 49, 83, 217, 80, 123,
       115, 12, 214, 122, 120, 184, 251, 116, 137, 252, 81, 7, 227, 85,
       166, 24, 59, 191, 64, 122, 129, 183, 253, 16, 27, 79, 178, 1, 219,
       233, 80, 91, 226, 0, 198, 122, 1, 173, 59, 126, 84, 205, 111, 231,
       124, 64, 108, 8, 243, 241, 56, 112, 24, 106, 50, 76, 67, 184, 178,
       63, 109, 189, 132, 8, 80, 130, 82, 232, 65, 151, 157, 37, 176, 46,
       109, 63, 40, 235, 26, 116, 215, 55, 128, 114, 151, 23, 124, 44,
       241, 216, 241, 14, 237, 191, 126, 196, 136, 224, 131, 121, 228,
       112, 189, 229, 140, 108, 69, 16, 98, 166, 134, 8, 247, 53, 73, 59,
       129, 212, 121, 122, 40, 68, 249, 8, 201, 160, 101, 48, 160, 120,
       86, 98, 100, 97, 17, 103, 25, 79, 71, 168, 114, 160, 33, 8, 210,
       81, 8, 51, 144, 84, 104, 106, 104, 112, 217, 60, 165, 176, 5, 49,
       64, 51, 70, 34, 64, 69, 149, 229, 44, 74, 71, 56, 96, 162, 11, 72,
       215, 49, 16, 35, 19, 84, 108, 107, 41, 240, 201, 14, 237, 166,
       101, 20, 100, 235, 5, 32, 248, 156, 213, 126, 169, 104, 84, 183,
       241, 178, 166, 88, 127, 247, 64, 251, 129, 246, 236, 2, 125, 111,
       219, 33, 211, 235, 117, 27, 226, 240, 206, 11, 117, 188, 156, 118,
       168, 141, 84, 187, 178, 187, 172, 77, 87, 243, 64, 27, 135, 247,
       125, 16, 62, 75, 218, 48, 219, 207, 117, 189, 232, 224, 10, 27,
       164, 165, 189, 83, 204, 237, 165, 207, 222, 63, 173, 24, 150, 241,
       72, 63, 9, 18, 74, 24, 50, 107, 234, 50, 205, 134, 117, 124, 192,
       73, 215, 160, 5, 241, 17, 26, 137, 205, 22, 168, 235, 112, 33, 8,
       254, 210, 105, 180, 145, 123, 74, 98, 67, 97, 154, 117, 169, 144,
       5, 126, 88, 59, 3, 166, 92, 238, 156, 182, 184, 24, 95, 185, 179,
       191, 167, 189, 239, 231, 202, 151, 135, 231, 237, 78, 120, 77,
       235, 35, 250, 215, 117, 185, 162, 247, 143, 113, 100, 69, 25, 101,
       16, 79, 71, 40, 116, 160, 107, 8, 215, 55, 9, 112, 16, 84, 104,
       106, 105, 176, 249, 14, 229, 175, 33, 20, 64, 59, 70, 34, 244, 96,
       156, 118, 8, 76, 81, 24, 226, 182, 167, 24, 215, 51, 73, 27, 129,
       212, 108, 74, 104, 101, 219, 0, 209, 235, 117, 61, 96, 49, 70, 34,
       224, 109, 157, 101, 40, 79, 69, 55, 122, 170, 162, 8, 247, 51, 65,
       51, 128, 246, 108, 40, 104, 248, 209, 42, 237, 154, 117, 48, 64,
       240, 66, 42, 203, 190, 164, 23, 173, 61, 173, 167, 254, 247, 134,
       157, 235, 236, 214, 175, 133, 102, 249, 29, 247, 109, 255, 162,
       174, 123, 223, 176, 142, 252, 219, 92, 240, 168, 253, 112, 136,
       173, 89, 87, 163, 23, 160, 24, 51, 159, 68, 59, 161, 179, 125, 24,
       26, 111, 178, 49, 219, 201, 112, 121, 224, 128, 198, 42, 113, 157,
       149, 60, 136, 108, 4, 175, 234, 59, 170, 88, 247, 50, 0, 114, 193,
       247, 108, 0, 25, 79, 211, 39, 153, 166, 116, 90, 200, 96, 130, 10,
       105, 149, 181, 71, 185, 15, 71, 57, 111, 172, 47, 8, 246, 113, 8,
       116, 144, 86, 108, 42, 80, 48, 121, 29, 239, 253, 1, 52, 82, 234,
       192, 34, 64, 49, 49, 101, 32, 78, 179, 16, 104, 136, 42, 72, 150,
       31, 0, 48, 148, 29, 84, 96, 129, 176, 145, 12, 197, 156, 33, 4,
       64, 2, 3, 163, 119, 98, 168, 180, 12, 45, 88, 30, 162, 255, 130,
       157, 135, 136, 91, 26, 133, 197, 125, 21, 142, 71, 222, 0, 216,
       193, 253, 124, 136, 104, 26, 82, 62, 97, 19, 108, 91, 75, 22, 104,
       163, 164, 168, 9, 78, 223, 101, 144, 152, 253, 193, 98, 72, 35,
       130, 28, 179, 212, 1, 63, 82, 51, 38, 162, 88, 225, 172, 34, 141,
       77, 68, 141, 102, 49, 137, 25, 215, 56, 90, 50, 145, 134, 104, 53,
       30, 96, 219, 49, 255, 197, 21, 125, 240, 90, 214, 10, 254, 176,
       245, 114, 169, 104, 80, 158, 179, 251, 179, 56, 95, 247, 204, 191,
       135, 215, 253, 16, 59, 75, 218, 160, 219, 211, 117, 255, 162, 196,
       198, 51, 114, 169, 252, 106, 9, 217, 82, 204, 171, 53, 172, 9, 42,
       207, 78, 22, 136, 179, 237, 80, 26, 43, 202, 49, 219, 212, 5, 123,
       242, 2, 198, 46, 129, 174, 191, 17, 172, 173, 160, 151, 254, 27,
       50, 84, 182, 160, 212, 43, 37, 38, 106, 29, 179, 237, 183, 115,
       76, 58, 114, 64, 200, 64, 193, 141, 100, 56, 189, 80, 201, 237,
       81, 143, 251, 179, 162, 24, 150, 181, 65, 58, 129, 30, 104, 24,
       19, 99, 251, 16, 205, 158, 85, 126, 192, 89, 198, 34, 68, 252, 17,
       71, 17, 110, 51, 184, 104, 232, 42, 72, 254, 87, 13, 48, 144, 92,
       68, 98, 1, 240, 249, 61, 13, 188, 33, 70, 72, 35, 71, 187, 201,
       121, 189, 101, 164, 94, 125, 183, 121, 254, 38, 12, 191, 63, 83,
       59, 132, 86, 125, 92, 225, 248, 241, 40, 239, 251, 117, 16, 202,
       240, 198, 123, 201, 189, 29, 119, 177, 204, 55, 182, 168, 73, 46,
       76, 254, 55, 0, 114, 132, 119, 124, 74, 227, 8, 251, 39, 237, 249,
       54, 16, 8, 82, 135, 123, 56, 186, 56, 112, 121, 205, 81, 82, 163,
       173, 36, 12, 54, 155, 64, 16, 136, 184, 197, 16, 10, 43, 82, 21,
       219, 221, 17, 123, 66, 8, 70, 171, 77, 99, 56, 69, 52, 30, 107,
