%YAML:1.0
---
descriptors: !!opencv-matrix
   rows: 364
   cols: 32
   dt: u
   data: [ 68, 113, 157, 229, 133, 78, 103, 184, 40, 170, 39, 72, 214,
       55, 73, 18, 144, 84, 125, 106, 65, 208, 217, 8, 173, 179, 101, 4,
       0, 51, 131, 49, 189, 237, 106, 239, 212, 139, 239, 248, 116, 160,
       245, 10, 115, 201, 185, 49, 122, 237, 22, 235, 232, 179, 40, 253,
       250, 201, 167, 160, 117, 187, 242, 160, 158, 196, 210, 255, 221,
       111, 250, 232, 63, 162, 247, 18, 207, 251, 125, 89, 251, 205, 127,
       251, 40, 247, 219, 254, 255, 255, 207, 54, 199, 123, 97, 130, 200,
       180, 188, 241, 168, 44, 121, 159, 251, 251, 182, 60, 159, 191,
       200, 91, 135, 71, 125, 28, 243, 109, 227, 194, 207, 251, 119, 220,
       194, 192, 131, 107, 200, 188, 188, 114, 169, 189, 125, 159, 251,
       127, 181, 28, 190, 255, 64, 59, 135, 83, 253, 18, 179, 109, 250,
       243, 207, 219, 119, 250, 194, 80, 131, 123, 234, 188, 180, 251,
       173, 173, 93, 159, 255, 187, 180, 24, 254, 253, 92, 123, 197, 119,
       255, 24, 178, 111, 250, 179, 207, 219, 213, 250, 210, 88, 215, 33,
       130, 188, 246, 159, 238, 35, 252, 207, 63, 243, 242, 191, 236,
       238, 54, 73, 255, 239, 255, 149, 178, 255, 207, 255, 156, 58, 223,
       238, 149, 252, 241, 217, 232, 244, 188, 250, 157, 221, 85, 175,
       87, 31, 164, 25, 186, 253, 72, 51, 201, 146, 249, 16, 122, 111,
       243, 179, 235, 223, 84, 123, 210, 88, 198, 74, 248, 176, 191, 248,
       137, 245, 81, 194, 147, 95, 165, 25, 94, 253, 106, 59, 205, 243,
       253, 16, 43, 103, 250, 144, 219, 243, 85, 127, 210, 76, 230, 115,
       130, 172, 254, 255, 236, 175, 252, 207, 63, 187, 242, 26, 239,
       254, 20, 89, 255, 239, 127, 145, 186, 255, 203, 247, 159, 251,
       223, 218, 133, 104, 241, 137, 144, 172, 254, 255, 236, 43, 253,
       223, 62, 179, 250, 154, 245, 239, 16, 88, 127, 255, 127, 153, 186,
       251, 203, 55, 220, 175, 255, 200, 165, 248, 225, 137, 236, 112,
       189, 103, 36, 111, 119, 152, 123, 238, 39, 8, 214, 85, 73, 58,
       145, 84, 124, 122, 129, 244, 249, 10, 199, 223, 101, 52, 192, 251,
       70, 115, 77, 85, 61, 103, 36, 78, 103, 184, 104, 232, 127, 72,
       215, 117, 153, 115, 148, 84, 124, 106, 193, 240, 249, 12, 231,
       249, 101, 20, 72, 179, 71, 49, 208, 190, 251, 112, 10, 232, 1, 23,
       178, 23, 160, 24, 19, 135, 64, 57, 37, 150, 100, 16, 42, 79, 178,
       19, 217, 162, 112, 120, 224, 192, 134, 42, 77, 103, 16, 7, 116,
       31, 102, 56, 121, 168, 107, 76, 211, 96, 153, 180, 144, 76, 100,
       110, 197, 176, 201, 14, 36, 188, 37, 4, 74, 179, 74, 4, 197, 214,
       157, 119, 168, 46, 100, 184, 120, 186, 163, 80, 215, 115, 137,
       123, 149, 70, 108, 106, 241, 197, 217, 42, 165, 171, 101, 20, 200,
       243, 195, 33, 118, 237, 150, 154, 153, 197, 150, 236, 191, 144,
       169, 9, 230, 242, 105, 148, 217, 235, 234, 83, 110, 67, 154, 255,
       185, 22, 15, 123, 16, 127, 175, 6, 236, 164, 189, 115, 169, 109,
       85, 141, 91, 63, 173, 24, 214, 117, 72, 59, 153, 18, 104, 26, 58,
       102, 251, 51, 239, 223, 85, 127, 210, 73, 198, 98, 244, 164, 189,
       114, 136, 109, 85, 158, 242, 183, 165, 24, 87, 117, 73, 59, 1,
       214, 108, 58, 58, 103, 251, 34, 251, 195, 117, 125, 224, 241, 198,
       34, 124, 169, 156, 114, 137, 109, 87, 168, 195, 182, 173, 8, 83,
       241, 73, 26, 137, 214, 236, 18, 26, 99, 250, 16, 219, 195, 69,
       125, 242, 123, 70, 34, 209, 143, 31, 101, 176, 46, 71, 191, 116,
       170, 250, 68, 243, 97, 144, 112, 23, 230, 108, 46, 249, 184, 77,
       47, 232, 175, 37, 144, 232, 242, 194, 41, 73, 48, 157, 101, 32,
       78, 113, 18, 108, 216, 38, 8, 223, 23, 0, 123, 34, 84, 124, 8, 1,
       216, 241, 0, 197, 251, 112, 64, 8, 128, 7, 51, 221, 157, 159, 103,
       176, 14, 71, 188, 112, 138, 234, 68, 247, 115, 136, 115, 53, 118,
       124, 106, 249, 201, 25, 47, 233, 239, 101, 20, 104, 242, 64, 41,
       252, 252, 247, 126, 168, 237, 69, 222, 242, 159, 165, 24, 115,
       247, 200, 59, 3, 246, 108, 90, 58, 111, 250, 35, 217, 171, 117,
       120, 224, 243, 198, 35, 77, 52, 189, 71, 161, 110, 119, 56, 121,
       234, 47, 8, 222, 55, 13, 62, 149, 84, 124, 42, 129, 240, 249, 8,
       111, 255, 101, 4, 202, 115, 71, 114, 244, 36, 204, 39, 160, 42,
       102, 136, 96, 182, 167, 153, 199, 35, 75, 91, 51, 196, 104, 126,
       44, 208, 205, 0, 198, 227, 101, 21, 160, 243, 78, 2, 69, 113, 17,
       101, 49, 78, 119, 40, 104, 200, 107, 8, 222, 17, 9, 48, 144, 84,
       120, 106, 65, 240, 145, 76, 165, 188, 1, 6, 72, 51, 67, 50, 165,
       246, 252, 23, 180, 63, 71, 190, 122, 250, 119, 124, 211, 113, 219,
       41, 19, 78, 116, 46, 233, 244, 253, 46, 238, 175, 117, 148, 236,
       249, 216, 49, 81, 69, 95, 103, 18, 78, 71, 48, 100, 160, 171, 0,
       83, 49, 1, 115, 50, 212, 120, 106, 105, 160, 81, 12, 243, 171, 1,
       16, 96, 178, 64, 32, 220, 48, 145, 241, 169, 45, 80, 18, 170, 187,
       165, 88, 159, 179, 65, 187, 133, 86, 236, 24, 26, 97, 219, 0, 203,
       209, 113, 126, 194, 97, 3, 35, 28, 213, 63, 103, 145, 79, 103,
       249, 116, 164, 235, 0, 83, 115, 9, 80, 49, 244, 72, 234, 104, 241,
       57, 46, 233, 239, 69, 4, 96, 115, 228, 34, 224, 136, 157, 254,
       200, 233, 17, 135, 138, 23, 160, 24, 182, 243, 32, 91, 193, 115,
       107, 0, 50, 79, 202, 49, 221, 163, 83, 121, 144, 72, 133, 42, 192,
       164, 149, 217, 136, 109, 69, 143, 62, 51, 160, 24, 182, 51, 72,
       123, 129, 19, 106, 24, 51, 76, 219, 115, 141, 146, 84, 124, 208,
       72, 135, 42, 112, 141, 93, 109, 184, 74, 79, 189, 100, 32, 170, 8,
       247, 115, 128, 115, 18, 246, 108, 106, 120, 169, 73, 61, 233, 235,
       101, 80, 112, 170, 196, 40, 209, 168, 190, 80, 138, 253, 57, 71,
       238, 83, 166, 24, 183, 250, 86, 123, 163, 167, 120, 152, 55, 109,
       183, 113, 153, 171, 90, 121, 200, 64, 139, 14, 245, 184, 158, 50,
       168, 237, 81, 222, 243, 219, 165, 29, 215, 243, 74, 27, 163, 231,
       108, 22, 63, 111, 154, 49, 219, 203, 117, 120, 232, 113, 202, 82,
       144, 172, 189, 53, 148, 107, 193, 175, 126, 243, 130, 24, 247,
       108, 16, 43, 19, 119, 104, 57, 57, 252, 125, 44, 233, 163, 117,
       84, 228, 104, 215, 40, 245, 44, 172, 182, 140, 108, 89, 130, 178,
       243, 135, 25, 247, 245, 91, 59, 129, 230, 125, 29, 58, 77, 251,
       34, 217, 139, 253, 125, 160, 105, 214, 106, 246, 174, 190, 222,
       137, 96, 85, 239, 187, 191, 164, 185, 102, 231, 102, 27, 129, 247,
       237, 16, 58, 79, 170, 115, 219, 242, 85, 191, 128, 113, 134, 87,
       45, 117, 245, 71, 54, 31, 102, 184, 123, 224, 107, 76, 223, 56,
       153, 180, 23, 92, 244, 106, 225, 240, 253, 12, 46, 255, 69, 4,
       110, 187, 74, 52, 69, 49, 57, 101, 1, 79, 55, 56, 104, 232, 107,
       72, 222, 19, 9, 48, 144, 84, 108, 98, 1, 240, 241, 12, 229, 184,
       33, 38, 72, 51, 67, 35, 36, 199, 249, 75, 24, 79, 71, 184, 86, 36,
       173, 204, 211, 101, 137, 80, 85, 220, 8, 106, 234, 176, 121, 31,
       239, 158, 5, 52, 112, 251, 68, 112, 213, 79, 78, 71, 130, 26, 103,
       184, 116, 134, 103, 132, 67, 98, 155, 245, 114, 204, 40, 110, 105,
       212, 173, 46, 164, 171, 229, 5, 111, 243, 232, 4, 244, 102, 135,
       150, 138, 42, 7, 136, 50, 187, 131, 254, 198, 226, 201, 91, 113,
       198, 108, 242, 57, 71, 207, 98, 184, 34, 239, 148, 136, 123, 163,
       33, 44, 103, 113, 103, 116, 91, 118, 184, 121, 168, 127, 72, 203,
       77, 157, 52, 178, 92, 68, 106, 196, 176, 233, 14, 231, 253, 37, 5,
       66, 179, 70, 165, 236, 102, 252, 103, 170, 62, 95, 152, 51, 186,
       183, 169, 223, 119, 139, 27, 23, 213, 253, 126, 104, 70, 233, 32,
       239, 251, 101, 181, 162, 247, 6, 113, 120, 169, 159, 112, 136,
       233, 80, 87, 162, 17, 172, 8, 55, 179, 66, 58, 129, 162, 125, 24,
       26, 75, 226, 17, 219, 201, 112, 121, 224, 194, 206, 74, 240, 168,
       156, 244, 136, 105, 81, 159, 226, 243, 166, 24, 183, 177, 66, 123,
       129, 246, 108, 0, 56, 111, 202, 49, 219, 161, 117, 125, 160, 232,
