%YAML:1.0
---
descriptors: !!opencv-matrix
   rows: 59
   cols: 32
   dt: u
   data: [ 237, 117, 189, 103, 37, 79, 103, 184, 104, 174, 103, 8, 214,
       49, 9, 51, 144, 84, 108, 106, 97, 240, 249, 8, 231, 251, 101, 20,
       66, 115, 71, 34, 197, 188, 181, 178, 173, 109, 16, 159, 251, 251,
       144, 121, 158, 252, 73, 187, 133, 87, 253, 17, 191, 111, 218, 224,
       153, 82, 117, 254, 136, 97, 131, 23, 252, 93, 220, 118, 139, 74,
       86, 191, 129, 162, 174, 169, 115, 119, 1, 211, 1, 246, 237, 98,
       105, 71, 219, 46, 243, 227, 101, 25, 42, 122, 140, 26, 237, 188,
       189, 247, 237, 174, 79, 190, 219, 251, 190, 92, 251, 239, 93, 123,
       221, 246, 125, 30, 251, 126, 251, 179, 239, 255, 215, 116, 202,
       251, 208, 112, 252, 121, 252, 227, 169, 79, 87, 156, 35, 254, 180,
       41, 219, 95, 75, 59, 223, 213, 253, 242, 72, 70, 249, 48, 251,
       203, 229, 181, 98, 243, 78, 123, 252, 176, 188, 122, 173, 125, 80,
       89, 219, 95, 181, 25, 79, 253, 106, 155, 219, 147, 253, 50, 62,
       103, 250, 145, 219, 219, 81, 127, 243, 76, 238, 83, 120, 184, 220,
       112, 169, 237, 81, 223, 163, 59, 164, 24, 63, 151, 66, 27, 1, 179,
       236, 16, 26, 111, 210, 49, 219, 195, 117, 121, 226, 192, 142, 27,
       201, 190, 177, 91, 189, 189, 87, 190, 95, 123, 36, 84, 254, 114,
       206, 244, 149, 74, 108, 28, 183, 108, 235, 247, 47, 94, 53, 118,
       146, 212, 193, 109, 109, 113, 189, 101, 53, 95, 119, 56, 105, 236,
       127, 72, 223, 53, 137, 182, 150, 84, 236, 106, 193, 240, 249, 12,
       231, 255, 101, 52, 66, 179, 70, 97, 98, 172, 214, 191, 252, 171,
       236, 239, 191, 51, 250, 18, 237, 234, 92, 90, 235, 239, 127, 145,
       50, 255, 203, 243, 188, 254, 223, 208, 149, 88, 243, 136, 201, 22,
       189, 245, 168, 46, 125, 23, 252, 251, 54, 116, 159, 55, 128, 123,
       135, 87, 127, 28, 177, 205, 243, 98, 207, 251, 118, 196, 136, 240,
       193, 57, 205, 188, 189, 115, 172, 172, 117, 151, 254, 251, 182,
       84, 255, 127, 73, 123, 135, 87, 124, 28, 179, 109, 251, 99, 207,
       251, 119, 208, 202, 208, 195, 123, 205, 252, 189, 243, 173, 172,
       117, 190, 255, 251, 182, 92, 254, 253, 88, 59, 133, 102, 125, 30,
       179, 109, 251, 179, 207, 251, 117, 124, 202, 248, 194, 123, 252,
       120, 252, 227, 169, 95, 87, 156, 163, 254, 180, 13, 223, 95, 75,
       27, 143, 213, 253, 114, 200, 103, 249, 48, 255, 217, 101, 53, 226,
       243, 78, 123, 250, 188, 191, 250, 169, 253, 21, 223, 155, 91, 132,
       28, 190, 255, 98, 59, 133, 179, 253, 17, 187, 79, 186, 179, 219,
       219, 93, 123, 152, 64, 135, 123, 122, 180, 188, 250, 173, 253, 81,
       95, 159, 95, 181, 25, 238, 255, 106, 154, 205, 179, 253, 17, 62,
       111, 250, 147, 219, 223, 84, 123, 210, 76, 206, 91, 252, 176, 188,
       250, 173, 125, 81, 216, 203, 127, 181, 25, 223, 253, 78, 27, 141,
       209, 253, 50, 190, 103, 251, 177, 219, 219, 65, 127, 243, 207,
       206, 83, 98, 172, 214, 223, 252, 169, 252, 207, 191, 51, 250, 18,
       173, 234, 84, 90, 239, 239, 127, 145, 50, 251, 203, 243, 158, 254,
       223, 248, 149, 200, 243, 137, 77, 168, 149, 179, 232, 61, 45, 143,
       250, 243, 4, 24, 158, 242, 202, 191, 135, 79, 120, 29, 183, 124,
       250, 240, 141, 219, 93, 126, 138, 192, 139, 164, 118, 103, 143,
       102, 168, 78, 86, 136, 169, 174, 171, 237, 102, 230, 77, 19, 148,
       245, 109, 102, 108, 67, 234, 40, 185, 178, 69, 191, 192, 243, 70,
       117, 182, 100, 214, 159, 207, 47, 252, 203, 191, 179, 243, 18,
       204, 234, 93, 91, 127, 207, 127, 179, 56, 247, 203, 242, 189, 186,
       223, 180, 229, 121, 243, 128, 109, 97, 120, 101, 49, 30, 118, 56,
       105, 160, 111, 8, 219, 49, 141, 180, 50, 84, 236, 106, 192, 240,
       245, 12, 231, 253, 33, 21, 98, 179, 78, 34, 205, 184, 189, 246,
       169, 236, 25, 159, 186, 91, 180, 28, 254, 255, 72, 123, 135, 115,
       125, 16, 179, 77, 186, 243, 203, 219, 127, 250, 136, 64, 135, 123,
       205, 156, 189, 243, 168, 44, 125, 183, 254, 123, 182, 84, 159, 55,
       64, 123, 135, 87, 125, 24, 177, 205, 251, 98, 207, 251, 118, 212,
       136, 208, 193, 59, 149, 100, 95, 255, 52, 11, 107, 120, 124, 234,
       243, 82, 215, 67, 153, 97, 126, 141, 94, 234, 233, 244, 109, 30,
       212, 235, 227, 132, 44, 169, 97, 161, 149, 20, 95, 245, 36, 47,
       105, 58, 124, 250, 247, 116, 215, 83, 153, 121, 127, 157, 126, 42,
       169, 244, 105, 78, 196, 235, 115, 132, 44, 233, 65, 33, 201, 188,
       191, 250, 169, 237, 85, 191, 255, 251, 164, 28, 190, 255, 64, 59,
       133, 119, 125, 24, 179, 111, 186, 115, 219, 219, 119, 126, 218,
       64, 135, 123, 137, 182, 255, 253, 244, 63, 111, 187, 127, 235,
       246, 246, 255, 127, 152, 113, 127, 206, 126, 172, 177, 252, 253,
       222, 238, 255, 247, 132, 174, 232, 97, 249, 137, 190, 255, 253,
       244, 63, 111, 123, 127, 235, 254, 246, 255, 111, 146, 105, 127,
       239, 126, 172, 177, 252, 109, 207, 238, 255, 247, 196, 174, 232,
       225, 249, 137, 190, 239, 253, 188, 59, 239, 255, 127, 239, 246,
       246, 251, 111, 150, 97, 127, 239, 127, 172, 185, 252, 237, 239,
       238, 255, 247, 132, 239, 248, 241, 249, 112, 184, 157, 112, 169,
       237, 80, 87, 171, 113, 160, 93, 62, 159, 64, 186, 135, 179, 237,
       16, 27, 75, 146, 113, 219, 209, 17, 122, 200, 0, 142, 27, 116, 99,
       120, 101, 20, 94, 115, 56, 96, 172, 255, 8, 83, 9, 147, 48, 58,
       220, 68, 106, 204, 176, 233, 14, 247, 237, 33, 5, 97, 179, 70, 35,
       201, 20, 189, 245, 172, 46, 125, 31, 252, 251, 246, 112, 223, 55,
       136, 123, 167, 23, 124, 8, 177, 212, 99, 0, 199, 251, 114, 148,
       136, 240, 193, 33, 180, 233, 91, 239, 126, 139, 239, 248, 62, 160,
       242, 66, 255, 203, 177, 80, 122, 237, 95, 235, 105, 179, 201, 255,
       244, 237, 175, 188, 117, 187, 115, 168, 205, 188, 189, 115, 169,
       236, 117, 159, 251, 251, 182, 92, 255, 247, 72, 59, 133, 119, 124,
       28, 187, 109, 250, 51, 207, 251, 117, 126, 202, 112, 195, 123,
       214, 116, 246, 255, 205, 111, 252, 232, 127, 178, 243, 26, 204,
       251, 29, 91, 251, 197, 127, 163, 96, 247, 219, 202, 191, 250, 207,
       55, 231, 123, 243, 130, 250, 242, 180, 84, 169, 93, 85, 159, 227,
       255, 166, 61, 142, 189, 67, 191, 133, 212, 237, 16, 239, 109, 243,
       128, 219, 211, 85, 191, 202, 244, 142, 127, 137, 182, 255, 255,
       116, 47, 105, 123, 127, 235, 255, 246, 223, 127, 152, 105, 127,
       191, 127, 172, 161, 244, 253, 222, 206, 255, 243, 196, 174, 232,
       97, 241, 137, 182, 255, 253, 244, 63, 109, 59, 127, 235, 246, 246,
       255, 47, 148, 121, 127, 143, 127, 172, 177, 252, 229, 207, 206,
       255, 247, 192, 239, 232, 225, 249, 116, 115, 123, 102, 116, 14,
       71, 120, 112, 168, 247, 104, 83, 89, 153, 48, 56, 220, 68, 106,
       200, 179, 237, 12, 115, 172, 33, 20, 105, 179, 102, 35, 121, 189,
       187, 232, 189, 253, 87, 222, 111, 233, 188, 12, 190, 191, 86, 48,
       153, 254, 125, 28, 155, 43, 242, 179, 251, 221, 21, 122, 218, 88,
       194, 122, 223, 51, 189, 103, 169, 94, 89, 57, 169, 253, 151, 253,
       223, 63, 222, 255, 166, 85, 253, 46, 157, 65, 187, 128, 219, 251,
       101, 215, 138, 165, 15, 119, 251, 242, 252, 112, 41, 93, 93, 29,
       187, 255, 181, 189, 222, 157, 222, 63, 135, 149, 253, 21, 255,
       103, 251, 130, 219, 217, 117, 255, 238, 132, 206, 119, 250, 60,
       236, 114, 41, 253, 81, 210, 219, 255, 180, 61, 42, 156, 71, 191,
       137, 178, 253, 17, 175, 111, 242, 179, 219, 219, 81, 251, 218, 77,
       94, 95, 220, 176, 189, 112, 168, 108, 81, 158, 162, 183, 163, 24,
       215, 183, 73, 91, 1, 214, 109, 24, 58, 71, 251, 0, 217, 235, 117,
       124, 160, 225, 134, 50, 101, 166, 204, 187, 204, 40, 105, 137, 86,
       55, 65, 213, 193, 234, 90, 74, 93, 78, 42, 151, 150, 80, 207, 16,
       204, 167, 255, 109, 148, 227, 222, 192, 109, 117, 189, 101, 37,
       95, 119, 184, 105, 174, 39, 12, 222, 49, 137, 183, 144, 84, 108,
       106, 193, 240, 249, 8, 231, 219, 101, 20, 66, 59, 70, 99, 124,
