%YAML:1.0
---
descriptors: !!opencv-matrix
   rows: 300
   cols: 32
   dt: u
   data: [ 5, 125, 49, 71, 81, 78, 103, 184, 120, 200, 106, 72, 254, 87,
       9, 180, 144, 124, 64, 106, 193, 176, 249, 110, 37, 188, 5, 6, 66,
       51, 67, 162, 93, 93, 121, 103, 52, 14, 79, 188, 100, 234, 254, 64,
       247, 119, 137, 112, 22, 212, 92, 106, 233, 176, 121, 46, 231, 239,
       37, 148, 96, 243, 64, 105, 253, 113, 61, 103, 44, 78, 71, 184, 96,
       248, 183, 72, 211, 117, 201, 59, 22, 212, 124, 106, 201, 112, 249,
       8, 231, 233, 101, 52, 104, 243, 66, 113, 236, 112, 189, 99, 45,
       109, 81, 152, 123, 251, 165, 24, 223, 93, 75, 59, 145, 208, 124,
       58, 171, 102, 251, 16, 207, 219, 69, 125, 194, 123, 70, 115, 253,
       112, 189, 99, 45, 111, 83, 152, 107, 186, 167, 24, 223, 81, 73,
       59, 145, 212, 124, 122, 41, 101, 249, 0, 203, 219, 101, 52, 202,
       243, 66, 51, 252, 180, 189, 116, 139, 108, 85, 151, 251, 247, 46,
       24, 22, 177, 73, 91, 163, 86, 108, 24, 49, 101, 186, 2, 219, 251,
       85, 62, 226, 112, 198, 99, 220, 56, 157, 240, 138, 233, 17, 19,
       166, 119, 134, 56, 151, 151, 64, 123, 3, 146, 125, 16, 26, 79,
       178, 16, 217, 195, 113, 123, 160, 64, 132, 99, 232, 188, 188, 250,
       205, 237, 80, 143, 223, 83, 160, 24, 190, 185, 100, 91, 201, 179,
       251, 16, 59, 111, 242, 179, 203, 219, 84, 123, 210, 72, 214, 10,
       197, 95, 149, 119, 164, 14, 103, 190, 184, 250, 163, 92, 215, 119,
       9, 187, 181, 70, 108, 46, 97, 229, 57, 42, 165, 187, 101, 20, 72,
       241, 195, 49, 252, 164, 253, 118, 136, 105, 85, 187, 178, 182,
       165, 24, 115, 119, 72, 27, 9, 214, 108, 42, 120, 103, 250, 42,
       217, 203, 117, 60, 224, 241, 198, 98, 237, 116, 149, 115, 173,
       111, 71, 152, 59, 186, 39, 28, 214, 113, 73, 223, 17, 84, 120,
       122, 97, 84, 249, 34, 207, 251, 69, 54, 138, 115, 66, 96, 108,
       117, 181, 103, 153, 79, 71, 172, 122, 236, 173, 8, 214, 117, 73,
       50, 145, 222, 121, 106, 121, 112, 249, 46, 237, 254, 5, 116, 200,
       123, 198, 114, 108, 229, 60, 71, 25, 79, 71, 168, 18, 226, 173, 8,
       211, 119, 73, 52, 25, 212, 121, 122, 105, 114, 251, 62, 237, 159,
       69, 53, 66, 123, 70, 98, 108, 69, 40, 71, 221, 79, 71, 184, 87,
       236, 239, 8, 211, 117, 25, 116, 24, 220, 123, 106, 105, 178, 121,
       30, 231, 191, 133, 52, 82, 59, 86, 114, 228, 245, 157, 87, 153,
       75, 23, 168, 114, 242, 170, 8, 242, 117, 9, 51, 145, 84, 104, 98,
       105, 228, 251, 63, 233, 190, 69, 54, 72, 115, 70, 50, 224, 180,
       24, 218, 204, 237, 65, 143, 222, 51, 161, 24, 182, 211, 72, 121,
       129, 146, 106, 16, 51, 111, 218, 115, 221, 146, 20, 124, 216, 72,
       199, 42, 85, 141, 95, 103, 146, 46, 71, 178, 100, 32, 171, 72,
       115, 115, 8, 112, 50, 246, 108, 106, 56, 177, 121, 61, 249, 239,
       33, 80, 96, 227, 192, 34, 96, 148, 149, 123, 189, 109, 65, 143,
       95, 57, 40, 24, 182, 51, 76, 114, 129, 151, 104, 16, 27, 104, 219,
       19, 141, 182, 84, 126, 208, 88, 198, 42, 28, 69, 89, 103, 21, 79,
       71, 184, 118, 160, 175, 10, 83, 81, 9, 112, 48, 220, 8, 106, 104,
       176, 121, 30, 235, 207, 5, 20, 112, 187, 64, 32, 236, 81, 85, 78,
       73, 76, 70, 184, 161, 202, 165, 72, 122, 247, 137, 247, 80, 244,
       236, 106, 73, 71, 250, 41, 51, 248, 69, 58, 122, 179, 70, 52, 100,
       63, 156, 60, 169, 201, 22, 171, 147, 154, 184, 45, 230, 233, 67,
       147, 137, 119, 236, 66, 124, 107, 202, 43, 234, 247, 101, 59, 200,
       121, 138, 19, 252, 76, 156, 126, 11, 88, 86, 168, 147, 30, 165, 9,
       110, 243, 43, 219, 128, 246, 233, 66, 108, 71, 202, 43, 243, 227,
       68, 59, 114, 127, 78, 10, 77, 101, 49, 103, 117, 30, 118, 48, 121,
       168, 123, 105, 223, 121, 157, 180, 150, 92, 124, 110, 196, 240,
       201, 14, 231, 253, 33, 6, 66, 183, 67, 39, 129, 174, 157, 59, 164,
       169, 109, 159, 118, 179, 98, 208, 247, 226, 208, 105, 19, 46, 42,
       28, 51, 220, 207, 51, 204, 170, 119, 68, 160, 192, 193, 168, 129,
       174, 157, 187, 236, 169, 105, 159, 246, 51, 66, 80, 181, 163, 240,
       107, 35, 46, 34, 28, 51, 220, 207, 51, 204, 162, 119, 68, 144,
       192, 129, 136, 129, 174, 155, 123, 164, 171, 109, 151, 118, 147,
       66, 240, 181, 163, 208, 105, 51, 110, 38, 28, 179, 220, 15, 51,
       204, 171, 119, 64, 184, 208, 161, 168, 104, 173, 148, 59, 137,
       237, 20, 142, 159, 63, 40, 25, 174, 59, 64, 154, 129, 83, 232, 16,
       54, 72, 219, 51, 175, 215, 84, 123, 210, 84, 143, 10, 129, 142,
       223, 187, 228, 169, 109, 151, 118, 19, 66, 212, 177, 227, 240, 73,
       115, 42, 42, 28, 51, 220, 15, 51, 204, 130, 118, 64, 188, 192,
       161, 168, 129, 174, 159, 155, 232, 169, 109, 183, 254, 19, 98,
       208, 181, 227, 240, 107, 99, 106, 106, 28, 51, 92, 135, 51, 76,
       130, 118, 64, 152, 192, 225, 168, 52, 197, 18, 142, 221, 71, 70,
       232, 157, 132, 233, 9, 66, 224, 45, 148, 216, 237, 202, 99, 72,
       163, 26, 46, 185, 182, 135, 31, 81, 123, 238, 134, 38, 197, 22,
       190, 217, 205, 22, 224, 159, 134, 233, 9, 198, 240, 45, 148, 217,
       249, 234, 99, 72, 35, 90, 62, 185, 182, 5, 59, 80, 123, 174, 134,
       253, 206, 77, 103, 180, 46, 79, 190, 112, 106, 186, 92, 115, 97,
       152, 112, 17, 198, 108, 46, 185, 165, 109, 47, 232, 239, 37, 84,
       232, 243, 210, 33, 129, 174, 159, 154, 236, 169, 173, 206, 254,
       19, 160, 208, 181, 226, 224, 75, 99, 98, 106, 28, 51, 109, 142,
       113, 156, 2, 119, 104, 156, 208, 161, 168, 38, 221, 144, 190, 217,
       205, 22, 224, 159, 132, 233, 9, 166, 248, 37, 144, 200, 123, 226,
       66, 94, 43, 90, 191, 169, 246, 4, 59, 80, 127, 142, 134, 208, 184,
       157, 116, 8, 236, 81, 154, 162, 183, 166, 24, 247, 183, 64, 91, 1,
       214, 108, 0, 10, 73, 243, 33, 217, 163, 117, 24, 160, 192, 6, 42,
       38, 125, 16, 158, 89, 205, 22, 64, 159, 20, 169, 9, 230, 210, 39,
       148, 136, 123, 202, 66, 78, 3, 90, 63, 161, 150, 9, 59, 80, 59,
       15, 135, 137, 142, 207, 27, 168, 184, 101, 183, 118, 83, 110, 212,
       179, 224, 210, 107, 67, 46, 106, 28, 51, 252, 239, 55, 204, 163,
       118, 64, 236, 192, 193, 168, 141, 206, 207, 95, 164, 170, 101,
       183, 118, 211, 102, 244, 243, 97, 144, 121, 19, 110, 44, 28, 187,
       220, 109, 58, 206, 235, 116, 64, 236, 208, 208, 104, 69, 241, 185,
       99, 164, 111, 39, 136, 122, 251, 11, 72, 214, 116, 73, 42, 145,
       92, 120, 122, 19, 112, 249, 18, 237, 158, 101, 116, 192, 123, 147,
       32, 77, 117, 152, 103, 177, 14, 118, 184, 105, 232, 47, 12, 222,
       113, 73, 50, 146, 204, 108, 106, 73, 240, 217, 104, 239, 221, 5,
       6, 74, 115, 75, 19, 77, 116, 147, 71, 195, 126, 55, 128, 121, 234,
       47, 24, 222, 112, 73, 62, 177, 92, 96, 42, 33, 244, 185, 42, 229,
       190, 69, 6, 202, 115, 67, 39, 13, 48, 177, 65, 209, 91, 50, 8,
       123, 224, 111, 40, 222, 84, 76, 52, 145, 93, 112, 50, 1, 240, 249,
       78, 111, 222, 5, 38, 202, 35, 7, 182, 252, 252, 220, 114, 168,
       173, 81, 222, 178, 191, 164, 25, 55, 243, 75, 27, 129, 246, 109,
       16, 58, 111, 218, 35, 219, 195, 117, 121, 224, 208, 198, 43, 1,
       95, 31, 231, 176, 14, 111, 188, 124, 202, 90, 100, 245, 115, 129,
       96, 22, 127, 62, 110, 225, 144, 121, 46, 236, 174, 47, 128, 8,
       242, 1, 185, 5, 125, 17, 71, 85, 79, 102, 184, 125, 224, 106, 72,
       222, 81, 5, 180, 144, 92, 80, 106, 193, 176, 121, 46, 37, 156, 5,
       2, 74, 51, 67, 160, 92, 52, 189, 116, 137, 108, 117, 151, 251,
       191, 174, 24, 22, 183, 73, 59, 161, 86, 108, 16, 48, 71, 186, 2,
       219, 231, 117, 62, 192, 112, 199, 35, 216, 48, 191, 240, 10, 233,
       17, 18, 166, 55, 166, 56, 23, 151, 64, 90, 39, 179, 237, 16, 26,
       79, 178, 16, 217, 195, 80, 121, 160, 192, 4, 114, 228, 124, 189,
       117, 168, 110, 69, 146, 242, 186, 167, 56, 151, 183, 65, 59, 1,
       244, 108, 26, 41, 100, 251, 2, 207, 203, 117, 52, 224, 241, 70,
       35, 218, 190, 148, 176, 169, 189, 20, 175, 187, 63, 160, 29, 174,
