%YAML:1.0
---
descriptors: !!opencv-matrix
   rows: 225
   cols: 32
   dt: u
   data: [ 120, 168, 254, 112, 170, 233, 81, 87, 162, 23, 164, 56, 55,
       183, 64, 58, 43, 178, 109, 16, 26, 111, 162, 17, 219, 195, 116,
       121, 225, 192, 198, 107, 130, 152, 254, 217, 238, 169, 248, 215,
       191, 51, 246, 178, 188, 255, 116, 91, 239, 191, 127, 145, 178,
       255, 135, 241, 158, 59, 118, 250, 149, 200, 241, 153, 208, 168,
       191, 116, 10, 232, 17, 23, 162, 151, 166, 56, 55, 183, 64, 123,
       35, 246, 108, 16, 58, 79, 162, 33, 217, 163, 112, 121, 160, 192,
       134, 42, 244, 104, 252, 116, 138, 41, 85, 218, 130, 182, 164, 24,
       19, 177, 67, 27, 9, 244, 108, 26, 72, 103, 202, 32, 219, 137, 117,
       61, 225, 249, 70, 34, 5, 117, 49, 71, 117, 78, 119, 184, 125, 232,
       107, 72, 222, 85, 13, 180, 144, 92, 80, 106, 193, 240, 121, 110,
       37, 188, 1, 6, 74, 51, 67, 177, 194, 168, 230, 251, 236, 169, 232,
       199, 191, 147, 242, 147, 172, 238, 84, 75, 239, 183, 127, 149,
       186, 127, 199, 241, 156, 218, 222, 216, 196, 204, 163, 153, 93,
       85, 125, 103, 48, 14, 79, 184, 113, 232, 127, 76, 83, 113, 157,
       112, 22, 196, 92, 110, 233, 176, 121, 46, 234, 239, 37, 148, 104,
       243, 66, 49, 240, 184, 255, 114, 170, 252, 81, 87, 162, 159, 164,
       56, 51, 247, 66, 59, 39, 246, 237, 24, 58, 79, 178, 33, 219, 235,
       117, 121, 224, 192, 198, 123, 85, 77, 93, 102, 186, 74, 79, 184,
       236, 160, 171, 8, 215, 115, 9, 115, 50, 213, 124, 106, 105, 161,
       121, 44, 249, 171, 101, 20, 96, 243, 64, 32, 69, 113, 16, 71, 81,
       31, 102, 184, 104, 224, 107, 76, 222, 80, 29, 180, 144, 76, 64,
       106, 193, 176, 217, 14, 39, 188, 1, 36, 74, 51, 67, 134, 205, 101,
       181, 101, 165, 95, 119, 40, 121, 234, 103, 8, 222, 113, 5, 54,
       176, 68, 104, 106, 97, 244, 249, 10, 231, 251, 69, 6, 66, 115, 71,
       102, 221, 84, 149, 119, 173, 62, 68, 190, 233, 186, 162, 92, 222,
       113, 1, 255, 129, 70, 108, 42, 105, 229, 219, 40, 131, 251, 85,
       22, 202, 240, 203, 40, 80, 89, 59, 174, 26, 196, 23, 112, 132, 68,
       203, 3, 247, 215, 33, 64, 244, 185, 59, 227, 72, 131, 50, 45, 241,
       164, 138, 24, 48, 59, 37, 122, 109, 189, 189, 118, 169, 125, 87,
       191, 251, 255, 45, 28, 223, 125, 74, 187, 135, 214, 253, 62, 249,
       80, 249, 50, 239, 219, 117, 118, 234, 247, 206, 115, 248, 180,
       221, 114, 136, 237, 69, 223, 178, 191, 164, 24, 55, 247, 72, 27,
       33, 214, 108, 8, 58, 79, 154, 19, 217, 195, 117, 120, 224, 192,
       134, 43, 93, 54, 191, 119, 160, 110, 125, 151, 48, 255, 7, 84,
       223, 55, 75, 123, 183, 87, 125, 46, 177, 212, 185, 34, 233, 239,
       127, 132, 170, 241, 135, 113, 76, 184, 157, 55, 170, 108, 53, 159,
       170, 251, 42, 125, 215, 247, 72, 26, 167, 87, 108, 16, 19, 88,
       155, 33, 205, 163, 117, 196, 136, 112, 131, 123, 165, 180, 249,
       91, 244, 173, 227, 159, 90, 123, 113, 80, 145, 117, 220, 56, 29,
       74, 18, 28, 179, 124, 121, 55, 109, 14, 53, 100, 217, 201, 194,
       177, 212, 149, 25, 239, 176, 47, 79, 184, 52, 170, 255, 96, 247,
       119, 137, 112, 87, 214, 93, 106, 121, 176, 105, 46, 233, 239, 39,
       212, 32, 243, 132, 49, 252, 111, 221, 102, 168, 74, 71, 184, 114,
       178, 167, 104, 83, 97, 201, 59, 17, 196, 108, 106, 105, 103, 239,
       42, 250, 235, 101, 60, 232, 243, 66, 33, 236, 125, 181, 103, 237,
       79, 55, 168, 121, 234, 34, 40, 222, 117, 77, 191, 147, 116, 236,
       98, 97, 240, 251, 42, 175, 210, 69, 55, 194, 123, 199, 51, 40,
       253, 58, 124, 249, 205, 21, 103, 255, 13, 108, 40, 54, 177, 32,
       16, 136, 58, 67, 0, 82, 171, 98, 61, 235, 149, 20, 59, 66, 8, 198,
       171, 5, 117, 17, 71, 117, 30, 102, 184, 125, 232, 107, 72, 222,
       81, 29, 180, 144, 92, 80, 106, 225, 176, 121, 110, 37, 188, 5, 6,
       74, 51, 75, 177, 36, 241, 49, 67, 217, 79, 71, 168, 106, 240, 41,
       8, 214, 85, 77, 180, 145, 92, 64, 122, 67, 48, 121, 20, 45, 156,
       5, 118, 80, 59, 70, 160, 5, 85, 27, 103, 176, 30, 111, 184, 116,
       232, 127, 100, 247, 115, 153, 112, 54, 124, 28, 110, 225, 144,
       125, 46, 231, 175, 39, 132, 40, 179, 1, 49, 130, 168, 254, 249,
       236, 169, 248, 207, 175, 51, 242, 18, 173, 234, 84, 75, 239, 175,
       127, 145, 178, 255, 199, 209, 158, 122, 215, 248, 148, 200, 177,
       137, 130, 160, 254, 217, 236, 185, 248, 207, 191, 51, 242, 146,
       172, 238, 84, 75, 239, 171, 127, 145, 178, 127, 227, 209, 158, 26,
       223, 216, 196, 200, 179, 137, 69, 99, 16, 5, 116, 31, 102, 184,
       104, 168, 115, 76, 210, 64, 157, 180, 148, 76, 68, 110, 197, 176,
       201, 12, 36, 156, 37, 4, 72, 179, 91, 133, 93, 213, 125, 103, 180,
       78, 79, 188, 37, 168, 255, 64, 247, 119, 136, 112, 86, 214, 92,
       106, 233, 144, 121, 47, 225, 239, 37, 148, 32, 243, 196, 49, 196,
       228, 254, 191, 236, 43, 255, 252, 190, 186, 243, 27, 213, 239, 89,
       75, 255, 207, 127, 247, 240, 119, 203, 58, 252, 171, 239, 236,
       165, 251, 227, 209, 44, 52, 189, 99, 173, 111, 83, 152, 90, 255,
       165, 24, 223, 93, 75, 59, 145, 80, 125, 58, 35, 100, 251, 16, 207,
       219, 33, 125, 192, 203, 70, 114, 150, 236, 230, 255, 252, 43, 238,
       252, 191, 162, 255, 154, 239, 239, 157, 67, 127, 255, 127, 171,
       232, 247, 203, 239, 190, 254, 207, 144, 119, 251, 225, 1, 150,
       237, 246, 223, 254, 43, 254, 236, 191, 178, 251, 26, 238, 234,
       221, 83, 255, 231, 127, 227, 232, 243, 207, 251, 190, 190, 207,
       188, 37, 251, 225, 0, 208, 188, 157, 250, 168, 237, 5, 207, 186,
       63, 128, 248, 183, 247, 72, 27, 133, 83, 109, 16, 59, 79, 234, 51,
       153, 130, 127, 252, 128, 64, 135, 123, 254, 205, 246, 255, 252,
       171, 254, 252, 63, 250, 251, 26, 239, 251, 28, 64, 255, 255, 127,
       227, 232, 231, 203, 255, 190, 255, 239, 188, 183, 251, 226, 129,
       212, 190, 221, 247, 168, 108, 77, 159, 178, 191, 166, 112, 247,
       247, 200, 123, 7, 86, 109, 24, 59, 77, 251, 34, 201, 227, 117,
       212, 160, 240, 134, 121, 252, 188, 252, 118, 169, 109, 85, 191,
       179, 191, 165, 24, 123, 119, 72, 27, 1, 214, 237, 40, 56, 79, 251,
       50, 219, 203, 117, 61, 226, 240, 198, 115, 252, 44, 252, 118, 137,
       109, 85, 207, 147, 191, 180, 24, 99, 225, 75, 31, 9, 214, 237, 16,
       58, 111, 218, 34, 219, 219, 85, 59, 227, 249, 206, 42, 248, 176,
       254, 112, 171, 233, 81, 215, 178, 151, 164, 57, 59, 255, 64, 59,
       167, 179, 237, 16, 58, 111, 178, 49, 219, 203, 117, 121, 227, 192,
       198, 107, 224, 172, 157, 251, 232, 237, 20, 191, 158, 59, 168, 24,
       182, 247, 72, 91, 129, 90, 106, 16, 51, 111, 218, 51, 205, 135,
       117, 125, 208, 72, 135, 170, 241, 48, 145, 84, 41, 253, 80, 11,
       235, 249, 161, 24, 190, 147, 68, 191, 128, 246, 124, 24, 11, 111,
       250, 64, 155, 216, 21, 122, 72, 0, 66, 38, 161, 56, 185, 89, 76,
       237, 161, 78, 90, 115, 96, 24, 178, 152, 84, 41, 201, 58, 90, 24,
       51, 126, 242, 51, 13, 152, 19, 122, 216, 8, 67, 170, 248, 180,
       159, 114, 170, 236, 81, 223, 178, 63, 165, 57, 23, 247, 72, 27,
       33, 215, 109, 24, 58, 79, 138, 51, 217, 227, 117, 124, 160, 192,
       134, 51, 100, 161, 249, 97, 184, 79, 65, 153, 35, 189, 165, 24,
       147, 23, 72, 26, 25, 156, 69, 56, 26, 82, 249, 16, 207, 137, 37,
       116, 226, 130, 198, 226, 221, 120, 31, 117, 9, 14, 117, 176, 252,
       250, 166, 92, 223, 17, 1, 59, 160, 116, 124, 106, 225, 229, 177,
       46, 225, 235, 101, 16, 72, 49, 67, 35, 69, 244, 157, 67, 164, 111,
       167, 152, 122, 251, 47, 24, 215, 113, 73, 42, 17, 84, 120, 58,
       113, 240, 249, 34, 237, 143, 101, 116, 200, 123, 195, 33, 92, 81,
       51, 238, 27, 70, 87, 104, 36, 0, 203, 2, 119, 215, 41, 84, 112,
       249, 57, 226, 73, 131, 91, 142, 241, 164, 138, 24, 48, 51, 36, 50,
       100, 112, 177, 65, 116, 111, 99, 16, 104, 173, 51, 72, 150, 21,
       205, 60, 148, 28, 84, 122, 1, 180, 241, 0, 69, 156, 33, 52, 192,
