%YAML:1.0
---
descriptors: !!opencv-matrix
   rows: 174
   cols: 32
   dt: u
   data: [ 104, 248, 188, 252, 141, 221, 85, 166, 219, 59, 164, 24, 190,
       189, 64, 58, 201, 242, 249, 0, 74, 111, 242, 177, 203, 251, 84,
       59, 82, 88, 214, 10, 248, 188, 189, 114, 168, 237, 85, 159, 251,
       255, 164, 24, 191, 247, 64, 59, 135, 214, 124, 24, 59, 111, 250,
       51, 203, 219, 117, 121, 224, 192, 198, 123, 253, 221, 85, 78, 9,
       93, 70, 184, 233, 120, 172, 76, 122, 119, 141, 247, 148, 214, 236,
       106, 201, 35, 251, 61, 179, 248, 69, 62, 90, 59, 74, 63, 224, 213,
       21, 121, 153, 205, 69, 175, 91, 49, 40, 24, 182, 51, 76, 114, 129,
       147, 104, 0, 123, 104, 219, 55, 173, 178, 84, 126, 88, 88, 196,
       42, 64, 140, 153, 250, 200, 237, 17, 135, 150, 23, 96, 24, 182,
       243, 96, 90, 193, 122, 42, 24, 50, 78, 218, 51, 205, 167, 118,
       120, 144, 72, 135, 170, 252, 176, 157, 118, 137, 244, 81, 158,
       179, 191, 165, 24, 111, 247, 72, 255, 129, 246, 236, 26, 59, 71,
       186, 49, 219, 251, 85, 127, 162, 225, 206, 114, 76, 101, 120, 103,
       34, 10, 127, 56, 40, 164, 127, 168, 223, 55, 139, 16, 22, 93, 221,
       110, 64, 208, 233, 76, 231, 205, 37, 132, 98, 179, 7, 113, 178,
       77, 18, 190, 25, 135, 22, 236, 157, 130, 233, 9, 70, 240, 37, 148,
       216, 233, 202, 98, 108, 167, 82, 46, 177, 180, 4, 59, 80, 123, 42,
       142, 244, 173, 189, 114, 136, 109, 71, 158, 242, 183, 173, 24,
       211, 183, 64, 59, 129, 214, 108, 26, 58, 111, 250, 51, 219, 203,
       117, 124, 224, 81, 198, 106, 77, 116, 153, 103, 161, 110, 119,
       136, 122, 234, 47, 24, 222, 113, 73, 58, 147, 92, 104, 42, 97,
       244, 249, 34, 229, 255, 69, 38, 200, 115, 195, 163, 77, 125, 185,
       103, 49, 78, 119, 184, 107, 228, 46, 12, 222, 49, 65, 50, 144, 84,
       104, 106, 129, 240, 249, 42, 237, 255, 5, 6, 64, 115, 71, 106, 69,
       181, 153, 99, 164, 111, 103, 153, 122, 250, 11, 8, 215, 112, 73,
       58, 145, 68, 120, 123, 81, 112, 249, 0, 237, 223, 101, 116, 200,
       123, 195, 33, 69, 113, 184, 103, 177, 14, 119, 152, 107, 168, 111,
       12, 214, 115, 73, 16, 144, 76, 108, 126, 192, 240, 217, 42, 239,
       221, 5, 6, 72, 115, 67, 35, 220, 182, 247, 112, 171, 252, 85, 223,
       179, 191, 164, 56, 15, 247, 72, 159, 39, 215, 237, 16, 58, 79,
       186, 34, 219, 211, 85, 127, 226, 192, 134, 99, 37, 241, 17, 67,
       221, 95, 199, 168, 106, 240, 41, 72, 210, 80, 76, 180, 153, 92,
       80, 122, 83, 112, 249, 21, 45, 156, 5, 118, 80, 59, 194, 164, 252,
       44, 188, 118, 168, 45, 85, 159, 179, 191, 164, 24, 115, 247, 67,
       27, 1, 214, 236, 24, 56, 111, 251, 34, 219, 203, 117, 61, 226,
       240, 198, 42, 221, 135, 92, 99, 176, 31, 87, 189, 118, 171, 63,
       124, 215, 96, 138, 113, 23, 198, 108, 110, 254, 240, 109, 63, 234,
       207, 37, 116, 122, 248, 200, 5, 221, 38, 156, 34, 168, 60, 94,
       154, 234, 187, 171, 93, 207, 98, 75, 219, 135, 199, 236, 62, 188,
       71, 203, 34, 218, 227, 101, 125, 160, 241, 138, 1, 216, 204, 94,
       247, 10, 74, 69, 175, 180, 178, 166, 24, 247, 99, 0, 83, 33, 246,
       108, 234, 104, 205, 11, 47, 241, 227, 229, 17, 32, 240, 238, 42,
       69, 113, 17, 101, 17, 79, 50, 56, 104, 224, 43, 12, 222, 81, 1,
       48, 144, 76, 64, 106, 65, 240, 217, 12, 165, 156, 1, 6, 72, 51,
       67, 34, 124, 69, 144, 62, 203, 72, 86, 200, 179, 134, 169, 9, 110,
       242, 105, 222, 146, 247, 232, 98, 76, 67, 138, 170, 178, 246, 69,
       59, 178, 119, 14, 6, 100, 97, 88, 103, 116, 27, 110, 168, 105,
       160, 107, 8, 215, 9, 29, 144, 146, 76, 85, 111, 68, 240, 201, 12,
       166, 253, 5, 21, 68, 179, 90, 0, 92, 101, 112, 103, 113, 26, 126,
       184, 33, 160, 127, 136, 219, 35, 137, 144, 50, 220, 213, 234, 72,
       208, 201, 78, 103, 205, 37, 133, 99, 179, 78, 162, 77, 116, 153,
       103, 225, 110, 119, 136, 123, 235, 111, 8, 222, 113, 73, 58, 145,
       92, 104, 58, 33, 244, 249, 42, 231, 255, 69, 38, 202, 115, 67, 35,
       77, 117, 177, 103, 53, 78, 115, 184, 105, 232, 106, 72, 222, 117,
       9, 50, 144, 92, 80, 106, 1, 240, 249, 46, 237, 253, 5, 2, 74, 51,
       67, 51, 229, 229, 189, 99, 189, 79, 87, 168, 106, 240, 167, 8,
       215, 117, 73, 51, 145, 84, 104, 122, 113, 116, 249, 18, 237, 219,
       69, 116, 192, 123, 198, 34, 13, 116, 145, 99, 241, 111, 179, 136,
       123, 232, 111, 8, 222, 113, 77, 48, 145, 93, 80, 114, 35, 240,
       249, 106, 111, 221, 5, 102, 202, 115, 67, 179, 69, 117, 152, 103,
       240, 14, 103, 184, 104, 168, 107, 76, 214, 113, 73, 16, 148, 76,
       68, 110, 193, 176, 217, 42, 237, 156, 37, 36, 72, 115, 67, 35,
       240, 188, 223, 80, 171, 248, 81, 215, 243, 155, 164, 56, 42, 247,
       196, 191, 167, 246, 236, 24, 59, 79, 162, 98, 155, 219, 85, 123,
       226, 192, 206, 47, 245, 110, 234, 37, 148, 46, 71, 154, 113, 238,
       250, 21, 67, 104, 159, 90, 241, 206, 108, 190, 172, 241, 237, 10,
       242, 239, 165, 21, 225, 243, 118, 71, 221, 47, 156, 52, 184, 58,
       94, 142, 243, 191, 174, 121, 207, 99, 219, 219, 131, 199, 236, 60,
       60, 71, 199, 34, 250, 231, 101, 61, 160, 241, 138, 0, 205, 229,
       120, 39, 172, 12, 207, 188, 106, 182, 171, 93, 215, 104, 90, 19,
       147, 197, 108, 111, 252, 100, 221, 39, 236, 217, 101, 124, 77,
       247, 195, 2, 124, 69, 31, 103, 149, 111, 71, 184, 101, 168, 171,
       8, 83, 113, 9, 112, 120, 198, 76, 106, 105, 161, 121, 46, 251,
       239, 5, 20, 99, 243, 224, 34, 96, 181, 21, 107, 221, 13, 84, 173,
       127, 57, 41, 88, 214, 51, 76, 181, 145, 22, 104, 48, 123, 104, 91,
       151, 175, 222, 85, 118, 218, 10, 194, 14, 101, 125, 145, 94, 93,
       141, 134, 162, 218, 0, 232, 72, 182, 240, 1, 48, 200, 106, 106,
       74, 67, 106, 218, 63, 165, 182, 22, 56, 88, 121, 67, 170, 98, 245,
       152, 54, 233, 44, 92, 181, 187, 127, 45, 29, 238, 239, 74, 26,
       135, 71, 229, 6, 118, 73, 154, 99, 239, 223, 85, 63, 202, 246,
       139, 154, 124, 221, 220, 126, 91, 89, 86, 184, 179, 54, 173, 13,
       110, 243, 75, 214, 147, 215, 233, 98, 110, 67, 218, 59, 243, 231,
       69, 63, 123, 119, 14, 18, 52, 97, 88, 103, 84, 11, 118, 168, 97,
       160, 111, 9, 211, 73, 27, 16, 58, 204, 64, 106, 72, 176, 217, 12,
       231, 173, 5, 5, 101, 179, 90, 130, 60, 101, 112, 71, 81, 82, 118,
       232, 113, 164, 239, 40, 75, 123, 13, 148, 120, 220, 196, 234, 72,
       242, 201, 142, 115, 253, 133, 5, 99, 183, 110, 162, 124, 165, 122,
       114, 154, 201, 21, 105, 162, 181, 173, 185, 119, 247, 74, 16, 35,
       179, 237, 18, 90, 75, 138, 23, 251, 199, 37, 121, 97, 2, 134, 99,
       129, 112, 83, 77, 97, 30, 230, 48, 121, 74, 98, 76, 250, 16, 133,
       180, 18, 60, 64, 106, 225, 180, 181, 15, 36, 190, 0, 2, 75, 50,
       67, 173, 208, 172, 159, 118, 136, 232, 81, 19, 162, 183, 166, 24,
       55, 247, 64, 91, 33, 246, 109, 24, 58, 79, 171, 33, 217, 163, 117,
       120, 160, 192, 134, 98, 244, 253, 189, 118, 136, 108, 87, 159,
       178, 183, 168, 24, 247, 247, 73, 27, 1, 214, 108, 90, 122, 71,
       250, 35, 249, 131, 117, 124, 224, 115, 198, 122, 104, 36, 188,
       109, 141, 111, 65, 15, 67, 183, 172, 24, 146, 49, 65, 59, 201,
       214, 104, 24, 24, 110, 243, 0, 203, 255, 85, 55, 192, 88, 214, 34,
       13, 113, 177, 71, 229, 78, 119, 136, 123, 232, 111, 8, 222, 113,
       77, 180, 145, 92, 112, 122, 1, 240, 249, 72, 111, 253, 5, 38, 202,
       115, 67, 179, 69, 119, 25, 103, 240, 14, 103, 184, 104, 168, 107,
       76, 215, 115, 9, 16, 144, 76, 64, 110, 193, 176, 217, 46, 229,
       172, 37, 4, 72, 179, 67, 161, 68, 190, 157, 63, 168, 172, 37, 159,
       186, 187, 147, 124, 245, 246, 200, 123, 135, 115, 108, 17, 179,
       73, 235, 51, 204, 135, 127, 248, 136, 113, 135, 49, 211, 170, 133,
       50, 171, 169, 0, 143, 171, 123, 128, 253, 174, 130, 64, 159, 135,
       131, 236, 21, 63, 79, 202, 49, 152, 210, 93, 126, 152, 4, 131, 95,
       240, 46, 222, 116, 42, 169, 81, 82, 178, 191, 164, 185, 23, 167,
