%YAML:1.0
---
descriptors: !!opencv-matrix
   rows: 244
   cols: 32
   dt: u
   data: [ 88, 184, 191, 112, 138, 236, 81, 23, 162, 23, 166, 56, 31,
       183, 64, 122, 35, 182, 108, 16, 26, 79, 178, 1, 219, 227, 112,
       121, 224, 64, 135, 107, 108, 125, 57, 103, 29, 79, 71, 136, 51,
       228, 173, 8, 211, 85, 65, 52, 152, 220, 120, 106, 73, 240, 249,
       62, 237, 220, 5, 52, 64, 59, 86, 114, 141, 125, 49, 69, 117, 94,
       246, 184, 121, 232, 106, 72, 222, 81, 21, 180, 144, 92, 80, 106,
       225, 176, 121, 14, 39, 190, 5, 6, 74, 51, 75, 179, 37, 117, 17,
       69, 85, 95, 103, 56, 78, 232, 43, 72, 214, 80, 77, 180, 144, 92,
       82, 106, 65, 176, 121, 28, 45, 156, 5, 54, 72, 59, 66, 160, 21,
       221, 25, 103, 176, 14, 111, 188, 116, 232, 94, 100, 215, 115, 137,
       112, 54, 78, 28, 110, 225, 144, 125, 46, 236, 175, 37, 132, 40,
       243, 129, 57, 252, 112, 189, 115, 40, 110, 83, 152, 242, 250, 167,
       24, 215, 87, 73, 59, 129, 212, 124, 122, 41, 103, 251, 34, 211,
       219, 117, 52, 194, 243, 70, 115, 248, 188, 253, 112, 168, 236, 85,
       159, 178, 191, 164, 24, 55, 183, 64, 27, 1, 214, 109, 24, 59, 75,
       242, 19, 219, 203, 117, 121, 226, 192, 198, 115, 252, 44, 252,
       118, 137, 109, 85, 222, 179, 190, 164, 24, 83, 247, 67, 27, 9,
       214, 109, 26, 40, 71, 250, 32, 219, 203, 117, 61, 226, 240, 198,
       34, 252, 172, 252, 114, 137, 109, 85, 223, 147, 183, 165, 24, 83,
       241, 75, 31, 9, 214, 236, 24, 58, 103, 218, 50, 219, 203, 85, 61,
       243, 249, 198, 34, 217, 170, 156, 178, 234, 188, 89, 223, 179,
       251, 180, 185, 63, 255, 66, 58, 167, 215, 253, 20, 62, 79, 138,
       49, 219, 235, 117, 253, 162, 196, 138, 91, 249, 180, 253, 114,
       168, 253, 85, 159, 242, 255, 172, 24, 51, 245, 74, 59, 5, 214,
       108, 24, 59, 111, 250, 35, 219, 207, 117, 125, 224, 192, 198, 123,
       221, 39, 152, 178, 168, 60, 88, 154, 250, 187, 163, 89, 207, 242,
       73, 219, 135, 199, 108, 28, 190, 69, 203, 2, 154, 241, 119, 253,
       168, 113, 139, 1, 252, 52, 189, 116, 169, 108, 85, 219, 243, 187,
       181, 24, 223, 247, 73, 59, 129, 214, 237, 26, 56, 103, 218, 2,
       219, 203, 117, 61, 226, 113, 198, 35, 244, 76, 124, 116, 168, 106,
       85, 186, 240, 186, 166, 56, 87, 119, 1, 123, 135, 245, 108, 106,
       104, 71, 203, 46, 241, 235, 101, 16, 96, 241, 70, 35, 244, 69, 93,
       103, 140, 14, 71, 184, 232, 160, 171, 8, 87, 115, 9, 115, 18, 212,
       108, 106, 105, 160, 217, 44, 245, 233, 101, 20, 96, 179, 66, 32,
       69, 103, 149, 103, 160, 14, 110, 184, 120, 170, 43, 68, 222, 114,
       201, 122, 149, 68, 108, 110, 193, 208, 201, 106, 172, 190, 103, 4,
       136, 243, 3, 33, 69, 245, 149, 103, 145, 14, 103, 184, 122, 184,
       43, 76, 222, 113, 73, 50, 145, 68, 104, 122, 193, 240, 217, 14,
       237, 190, 69, 22, 200, 115, 67, 34, 96, 213, 149, 115, 157, 77,
       69, 175, 95, 49, 42, 24, 150, 51, 76, 118, 129, 151, 104, 16, 27,
       104, 219, 23, 173, 214, 85, 126, 216, 88, 196, 42, 192, 168, 157,
       251, 200, 237, 1, 143, 190, 19, 32, 24, 182, 179, 64, 91, 129, 51,
       106, 24, 50, 108, 219, 49, 205, 130, 86, 120, 144, 72, 135, 42,
       117, 69, 93, 109, 22, 79, 71, 184, 100, 160, 175, 8, 211, 113, 9,
       112, 50, 212, 72, 106, 105, 176, 121, 30, 229, 175, 1, 20, 112,
       187, 64, 32, 100, 101, 59, 100, 81, 70, 231, 104, 120, 160, 235,
       8, 80, 151, 41, 48, 248, 221, 82, 234, 65, 179, 184, 78, 117, 172,
       143, 4, 65, 51, 103, 162, 69, 113, 17, 69, 85, 79, 119, 32, 104,
       224, 107, 8, 214, 17, 9, 48, 144, 92, 64, 106, 65, 176, 209, 12,
       101, 156, 1, 6, 72, 51, 67, 178, 76, 37, 120, 103, 50, 11, 123,
       56, 56, 36, 47, 169, 223, 119, 137, 16, 22, 93, 221, 110, 0, 208,
       233, 78, 231, 253, 33, 164, 98, 163, 7, 113, 124, 189, 189, 114,
       155, 236, 81, 198, 178, 181, 172, 24, 22, 247, 64, 58, 129, 247,
       236, 16, 26, 107, 186, 50, 219, 199, 21, 123, 224, 65, 166, 106,
       4, 120, 115, 69, 112, 78, 99, 80, 96, 200, 102, 72, 115, 23, 133,
       52, 50, 124, 64, 106, 65, 180, 177, 14, 103, 172, 32, 0, 107, 179,
       70, 185, 244, 237, 189, 118, 136, 237, 71, 151, 242, 55, 173, 24,
       115, 247, 64, 59, 1, 246, 108, 26, 56, 111, 250, 34, 249, 139,
       116, 120, 224, 243, 198, 42, 236, 60, 189, 99, 165, 111, 115, 136,
       123, 250, 47, 24, 214, 117, 73, 59, 145, 84, 104, 122, 49, 116,
       249, 2, 207, 223, 69, 119, 194, 123, 71, 35, 77, 116, 189, 103,
       161, 110, 119, 140, 121, 250, 47, 24, 222, 115, 73, 58, 179, 84,
       104, 106, 33, 244, 185, 34, 231, 255, 69, 6, 202, 115, 195, 35,
       205, 209, 157, 103, 171, 78, 55, 184, 123, 250, 39, 8, 222, 119,
       73, 115, 147, 85, 120, 106, 97, 112, 249, 96, 239, 251, 69, 22,
       202, 115, 3, 51, 69, 125, 152, 103, 177, 14, 119, 184, 121, 170,
       47, 76, 222, 115, 9, 16, 147, 76, 108, 106, 193, 240, 217, 46,
       231, 255, 5, 6, 74, 115, 67, 35, 77, 245, 177, 103, 177, 94, 119,
       184, 123, 232, 47, 12, 222, 112, 77, 182, 145, 92, 120, 122, 101,
       240, 249, 110, 239, 255, 5, 22, 74, 115, 67, 183, 248, 184, 220,
       114, 168, 173, 81, 223, 179, 63, 164, 25, 55, 243, 66, 27, 1, 182,
       109, 24, 58, 79, 218, 49, 219, 203, 117, 121, 225, 192, 198, 11,
       48, 34, 255, 100, 2, 107, 65, 83, 160, 166, 164, 56, 19, 151, 193,
       59, 46, 180, 68, 24, 8, 231, 160, 8, 89, 137, 117, 40, 225, 160,
       70, 98, 248, 188, 252, 122, 172, 233, 81, 223, 243, 63, 180, 56,
       23, 245, 72, 27, 11, 146, 108, 24, 58, 111, 234, 51, 219, 203,
       117, 121, 241, 200, 198, 35, 100, 115, 56, 103, 96, 15, 103, 184,
       104, 172, 47, 12, 215, 19, 73, 16, 144, 68, 68, 106, 200, 240,
       249, 12, 231, 157, 37, 52, 64, 179, 70, 163, 248, 188, 247, 116,
       169, 249, 81, 215, 179, 191, 164, 56, 46, 247, 64, 191, 39, 246,
       236, 24, 58, 111, 226, 115, 219, 211, 85, 123, 226, 196, 198, 107,
       141, 125, 17, 71, 117, 30, 230, 184, 121, 232, 122, 76, 214, 88,
       29, 180, 144, 76, 80, 110, 225, 176, 89, 14, 39, 190, 5, 4, 74,
       59, 75, 133, 93, 93, 29, 103, 176, 14, 111, 184, 116, 234, 126,
       68, 215, 115, 137, 112, 54, 84, 60, 110, 233, 144, 125, 46, 229,
       175, 37, 132, 42, 243, 64, 49, 37, 225, 17, 67, 221, 95, 71, 168,
       106, 240, 33, 8, 214, 85, 73, 180, 145, 92, 64, 122, 65, 48, 249,
       20, 45, 156, 5, 116, 80, 59, 70, 32, 125, 213, 125, 103, 176, 78,
       79, 188, 96, 232, 191, 64, 83, 119, 137, 114, 20, 212, 124, 106,
       233, 161, 121, 46, 227, 239, 37, 20, 104, 243, 194, 49, 253, 113,
       249, 102, 40, 78, 71, 184, 97, 234, 167, 8, 211, 85, 201, 59, 22,
       212, 124, 106, 233, 102, 251, 8, 227, 235, 101, 60, 104, 243, 70,
       115, 108, 48, 185, 98, 189, 109, 83, 152, 75, 253, 189, 24, 223,
       93, 73, 58, 145, 220, 124, 56, 27, 98, 251, 16, 207, 221, 1, 125,
       210, 107, 70, 115, 248, 188, 189, 112, 168, 237, 81, 87, 178, 127,
       164, 29, 55, 183, 66, 27, 5, 150, 237, 24, 122, 79, 242, 17, 219,
       195, 116, 121, 226, 192, 6, 123, 104, 181, 188, 123, 189, 253, 85,
       31, 239, 121, 173, 24, 223, 253, 74, 58, 129, 146, 253, 16, 26,
       106, 251, 17, 207, 223, 17, 125, 210, 74, 198, 98, 213, 70, 200,
       87, 148, 62, 70, 154, 115, 174, 231, 86, 67, 96, 159, 126, 113,
       204, 44, 254, 172, 244, 237, 42, 178, 239, 165, 5, 227, 241, 120,
       4, 240, 170, 236, 80, 202, 233, 145, 207, 162, 55, 164, 155, 35,
       238, 70, 27, 233, 178, 233, 16, 58, 111, 226, 17, 91, 131, 85,
       127, 225, 72, 198, 202, 228, 180, 157, 242, 172, 237, 69, 142,
       223, 59, 160, 24, 150, 241, 72, 59, 129, 210, 108, 16, 59, 111,
       219, 113, 153, 146, 85, 126, 216, 73, 198, 34, 252, 76, 221, 118,
       168, 104, 92, 186, 176, 178, 166, 24, 223, 99, 1, 91, 3, 246, 108,
       42, 104, 71, 203, 34, 211, 235, 117, 25, 96, 241, 15, 34, 69, 113,
       157, 103, 25, 15, 119, 184, 106, 232, 43, 76, 214, 113, 73, 50,
