%YAML:1.0
---
descriptors: !!opencv-matrix
   rows: 125
   cols: 32
   dt: u
   data: [ 124, 160, 252, 114, 136, 64, 81, 191, 162, 183, 167, 24, 19,
       179, 72, 91, 1, 214, 109, 16, 58, 79, 234, 32, 219, 203, 117, 125,
       160, 192, 198, 34, 61, 127, 107, 230, 246, 159, 239, 244, 95, 236,
       252, 238, 123, 237, 191, 36, 126, 234, 23, 239, 201, 178, 44, 254,
       126, 205, 167, 168, 127, 191, 114, 241, 141, 182, 255, 231, 236,
       102, 255, 216, 127, 254, 247, 118, 217, 255, 222, 63, 127, 221,
       127, 170, 185, 231, 239, 194, 222, 251, 231, 132, 239, 243, 231,
       241, 29, 223, 107, 238, 182, 130, 239, 240, 180, 200, 222, 230,
       121, 239, 185, 96, 126, 238, 31, 238, 233, 145, 44, 239, 242, 237,
       175, 128, 45, 187, 240, 249, 173, 156, 189, 115, 173, 172, 125,
       150, 255, 123, 55, 84, 255, 127, 76, 123, 133, 71, 126, 30, 179,
       252, 251, 35, 79, 251, 116, 84, 202, 249, 193, 251, 63, 223, 107,
       238, 246, 147, 239, 248, 85, 72, 252, 230, 121, 237, 183, 96, 126,
       235, 23, 239, 203, 179, 45, 255, 250, 239, 175, 196, 127, 187,
       112, 241, 254, 188, 182, 246, 173, 255, 214, 233, 191, 255, 191,
       57, 238, 254, 78, 159, 255, 215, 255, 19, 110, 111, 251, 227, 251,
       215, 95, 255, 194, 127, 174, 95, 253, 52, 156, 176, 173, 108, 80,
       154, 179, 255, 135, 29, 222, 177, 75, 27, 129, 198, 253, 29, 188,
       71, 219, 0, 219, 219, 117, 191, 138, 117, 218, 83, 205, 222, 189,
       115, 172, 46, 117, 151, 254, 251, 54, 84, 222, 55, 201, 123, 135,
       87, 126, 28, 179, 252, 251, 98, 207, 251, 118, 192, 202, 209, 194,
       123, 205, 156, 189, 115, 173, 188, 117, 150, 255, 219, 55, 84,
       255, 255, 73, 123, 133, 119, 124, 26, 179, 109, 251, 35, 207, 251,
       117, 212, 202, 121, 193, 123, 63, 247, 107, 238, 246, 31, 239,
       252, 127, 104, 253, 230, 91, 237, 191, 48, 126, 221, 23, 239, 205,
       178, 108, 255, 118, 237, 167, 172, 127, 187, 226, 241, 92, 253,
       189, 166, 172, 126, 94, 184, 174, 254, 159, 9, 223, 127, 75, 83,
       215, 215, 253, 99, 124, 65, 251, 42, 251, 231, 111, 53, 160, 243,
       140, 83, 120, 180, 181, 250, 141, 237, 80, 91, 175, 31, 185, 25,
       46, 255, 108, 154, 201, 147, 237, 16, 30, 107, 218, 147, 155, 223,
       16, 123, 210, 76, 198, 66, 124, 176, 184, 250, 173, 253, 80, 216,
       147, 63, 181, 25, 223, 221, 75, 154, 201, 209, 253, 18, 26, 103,
       251, 144, 219, 219, 81, 127, 242, 205, 78, 83, 63, 87, 107, 239,
       246, 139, 239, 252, 85, 200, 253, 230, 123, 237, 191, 32, 126,
       234, 23, 239, 201, 179, 44, 255, 118, 205, 167, 160, 127, 187,
       240, 241, 254, 252, 190, 254, 189, 253, 214, 237, 191, 255, 189,
       57, 238, 254, 111, 255, 253, 247, 255, 19, 62, 103, 251, 251, 251,
       255, 95, 127, 211, 127, 238, 215, 62, 253, 190, 254, 253, 207,
       255, 236, 191, 255, 255, 11, 254, 255, 127, 98, 255, 255, 255,
       211, 254, 227, 251, 251, 251, 223, 207, 255, 145, 127, 231, 243,
       215, 36, 172, 6, 143, 127, 203, 136, 95, 242, 143, 26, 94, 124,
       95, 175, 49, 196, 120, 63, 173, 229, 189, 202, 155, 94, 77, 54,
       239, 127, 89, 116, 126, 189, 190, 254, 173, 253, 222, 238, 191,
       223, 188, 27, 238, 255, 110, 231, 253, 255, 255, 211, 190, 107,
       251, 251, 251, 255, 223, 63, 147, 127, 238, 215, 124, 176, 188,
       250, 141, 253, 80, 219, 223, 87, 181, 25, 207, 255, 106, 154, 203,
       147, 253, 17, 30, 103, 250, 209, 219, 219, 80, 127, 243, 77, 238,
       83, 205, 158, 255, 255, 254, 123, 127, 255, 255, 238, 254, 246,
       255, 255, 186, 115, 127, 247, 255, 174, 185, 255, 175, 239, 254,
       255, 247, 132, 175, 252, 229, 249, 239, 220, 127, 239, 108, 95,
       127, 248, 63, 238, 247, 38, 221, 255, 159, 113, 254, 253, 255,
       238, 233, 247, 251, 254, 247, 251, 239, 132, 54, 255, 103, 241,
       212, 252, 190, 191, 188, 127, 254, 239, 62, 254, 183, 17, 247,
       254, 11, 75, 255, 247, 253, 163, 124, 229, 251, 63, 251, 231, 239,
       149, 160, 121, 173, 83, 220, 252, 189, 183, 188, 111, 95, 188, 62,
       238, 159, 17, 247, 127, 11, 83, 247, 215, 125, 99, 44, 225, 249,
       46, 251, 231, 111, 21, 160, 243, 141, 83, 124, 85, 125, 231, 180,
       78, 95, 184, 48, 236, 191, 8, 215, 127, 11, 112, 86, 212, 93, 106,
       232, 160, 121, 46, 251, 239, 37, 148, 96, 243, 70, 115, 252, 112,
       189, 114, 169, 93, 84, 216, 163, 190, 181, 9, 223, 223, 75, 155,
       141, 213, 253, 90, 74, 103, 251, 48, 219, 217, 101, 61, 226, 187,
       78, 83, 124, 176, 181, 250, 189, 253, 80, 218, 175, 61, 181, 25,
       207, 255, 72, 154, 201, 147, 237, 16, 62, 103, 218, 145, 219, 219,
       17, 127, 210, 77, 198, 67, 182, 109, 222, 239, 254, 11, 254, 232,
       191, 160, 251, 130, 221, 238, 61, 83, 255, 205, 127, 227, 104,
       243, 203, 255, 188, 251, 239, 180, 117, 123, 115, 129, 205, 22,
       189, 247, 172, 46, 125, 183, 252, 91, 54, 116, 159, 55, 128, 123,
       135, 87, 127, 28, 177, 237, 243, 98, 207, 251, 118, 196, 136, 240,
       129, 57, 145, 107, 123, 233, 52, 139, 235, 84, 124, 104, 246, 230,
       247, 195, 144, 96, 126, 172, 94, 236, 203, 184, 229, 223, 244,
       237, 162, 128, 109, 138, 97, 169, 145, 126, 123, 225, 52, 139,
       107, 48, 124, 104, 242, 246, 223, 3, 144, 97, 126, 172, 30, 110,
       233, 180, 101, 30, 228, 233, 35, 128, 108, 137, 81, 33, 137, 22,
       125, 245, 36, 46, 105, 50, 116, 106, 119, 244, 215, 3, 145, 121,
       119, 140, 94, 46, 169, 212, 101, 14, 198, 251, 226, 128, 44, 225,
       65, 49, 1, 170, 223, 251, 252, 171, 233, 87, 110, 81, 122, 230,
       253, 235, 208, 96, 111, 175, 127, 156, 147, 248, 199, 241, 220,
       235, 190, 192, 172, 138, 225, 185, 1, 171, 95, 233, 108, 139, 107,
       117, 110, 33, 254, 230, 243, 195, 144, 112, 126, 172, 126, 204,
       139, 184, 231, 241, 252, 237, 167, 128, 45, 138, 227, 169, 205,
       158, 189, 243, 173, 44, 125, 151, 255, 123, 54, 84, 223, 55, 72,
       123, 133, 87, 125, 28, 179, 252, 251, 34, 207, 251, 118, 192, 202,
       209, 195, 121, 199, 168, 255, 251, 238, 169, 249, 223, 175, 51,
       243, 210, 189, 235, 216, 107, 111, 255, 127, 153, 179, 125, 207,
       241, 220, 251, 255, 200, 173, 201, 225, 129, 230, 172, 223, 255,
       236, 169, 237, 222, 191, 179, 242, 90, 253, 235, 221, 91, 111,
       239, 127, 155, 179, 119, 203, 241, 220, 250, 255, 168, 157, 249,
       227, 161, 237, 188, 189, 247, 173, 236, 117, 159, 251, 219, 55,
       92, 254, 253, 73, 59, 133, 115, 124, 30, 179, 101, 250, 179, 239,
       251, 117, 124, 202, 120, 195, 115, 246, 172, 206, 191, 252, 171,
       239, 239, 191, 179, 250, 18, 237, 234, 28, 91, 107, 239, 127, 131,
       58, 255, 203, 243, 188, 186, 223, 176, 213, 120, 243, 128, 237,
       188, 189, 247, 173, 189, 79, 190, 251, 251, 180, 92, 254, 253, 93,
       59, 221, 98, 124, 30, 187, 108, 250, 179, 239, 219, 85, 124, 202,
       121, 210, 123, 205, 118, 255, 239, 108, 127, 127, 248, 61, 238,
       247, 230, 223, 255, 155, 251, 127, 221, 255, 238, 233, 247, 255,
       234, 247, 251, 231, 132, 47, 255, 100, 241, 252, 120, 188, 242,
       169, 93, 87, 152, 163, 254, 181, 9, 223, 223, 67, 59, 143, 213,
       253, 82, 110, 103, 250, 176, 219, 219, 101, 63, 242, 243, 78, 83,
       252, 176, 248, 250, 173, 125, 81, 216, 215, 127, 181, 25, 95, 253,
       74, 58, 217, 145, 253, 18, 158, 103, 251, 145, 219, 219, 81, 127,
       243, 79, 110, 83, 205, 225, 181, 33, 180, 75, 103, 156, 126, 241,
       3, 176, 223, 48, 218, 98, 151, 76, 108, 127, 151, 240, 237, 2,
       236, 223, 37, 116, 204, 179, 145, 64, 182, 237, 222, 239, 254, 11,
       238, 236, 191, 162, 250, 2, 223, 234, 53, 81, 251, 237, 127, 227,
       104, 243, 201, 254, 252, 255, 239, 180, 101, 123, 115, 129, 137,
       6, 127, 245, 36, 46, 107, 48, 124, 106, 119, 244, 215, 3, 145,
       105, 119, 172, 94, 46, 225, 244, 101, 14, 196, 235, 34, 128, 108,
       225, 65, 33, 237, 252, 189, 254, 173, 189, 93, 190, 251, 251, 44,
