%YAML:1.0
---
descriptors: !!opencv-matrix
   rows: 324
   cols: 32
   dt: u
   data: [ 120, 168, 254, 120, 138, 233, 81, 87, 162, 21, 164, 56, 55,
       151, 64, 26, 9, 179, 237, 16, 26, 79, 226, 49, 219, 195, 112, 121,
       224, 128, 198, 106, 112, 170, 190, 248, 136, 225, 81, 87, 131, 21,
       164, 25, 55, 151, 98, 90, 97, 179, 237, 16, 26, 79, 162, 17, 219,
       193, 112, 121, 176, 200, 166, 106, 120, 168, 189, 116, 138, 232,
       81, 19, 162, 55, 164, 24, 55, 183, 64, 123, 33, 182, 109, 24, 26,
       79, 178, 17, 217, 227, 113, 121, 162, 192, 134, 106, 212, 16, 181,
       116, 168, 108, 65, 55, 224, 155, 162, 24, 215, 55, 0, 123, 1, 214,
       108, 8, 57, 77, 243, 0, 217, 227, 116, 16, 224, 224, 134, 35, 120,
       48, 123, 112, 40, 204, 81, 19, 163, 29, 164, 60, 23, 151, 64, 26,
       6, 180, 109, 24, 27, 79, 178, 1, 211, 225, 48, 121, 224, 128, 6,
       115, 237, 162, 136, 19, 208, 40, 39, 158, 50, 179, 198, 252, 211,
       98, 202, 208, 125, 206, 234, 156, 187, 94, 205, 51, 28, 7, 55,
       108, 168, 192, 138, 160, 245, 78, 215, 69, 133, 62, 70, 158, 117,
       170, 238, 68, 66, 33, 149, 252, 112, 196, 108, 110, 173, 181, 109,
       42, 178, 254, 69, 22, 107, 247, 104, 37, 213, 47, 220, 71, 180,
       62, 110, 158, 115, 170, 54, 84, 203, 99, 215, 252, 51, 206, 108,
       190, 188, 212, 205, 42, 174, 255, 37, 197, 170, 245, 234, 5, 141,
       142, 220, 123, 176, 31, 94, 184, 127, 58, 118, 124, 255, 98, 139,
       245, 151, 78, 76, 46, 166, 244, 73, 63, 174, 223, 37, 52, 218,
       248, 8, 5, 114, 169, 185, 252, 200, 68, 17, 206, 170, 189, 168, 9,
       84, 247, 68, 18, 129, 119, 105, 0, 18, 75, 170, 49, 217, 166, 125,
       255, 128, 32, 7, 107, 248, 180, 191, 248, 173, 253, 81, 87, 255,
       123, 180, 24, 191, 191, 68, 59, 205, 179, 253, 17, 187, 111, 242,
       147, 219, 223, 84, 123, 210, 72, 198, 123, 232, 189, 188, 248,
       173, 189, 212, 215, 223, 187, 190, 24, 190, 185, 68, 59, 201, 242,
       127, 16, 187, 107, 243, 177, 219, 219, 87, 122, 218, 88, 210, 11,
       85, 69, 125, 111, 178, 110, 103, 188, 100, 32, 106, 64, 247, 119,
       9, 112, 54, 214, 124, 106, 105, 176, 89, 44, 231, 239, 37, 16, 96,
       242, 192, 34, 92, 165, 250, 114, 154, 233, 85, 207, 178, 53, 173,
       56, 31, 247, 74, 26, 35, 147, 237, 144, 26, 75, 170, 115, 251,
       199, 53, 125, 224, 64, 166, 34, 93, 93, 127, 103, 176, 78, 111,
       184, 96, 232, 186, 76, 87, 115, 153, 115, 54, 244, 124, 110, 233,
       176, 249, 44, 225, 237, 101, 148, 104, 243, 66, 49, 252, 44, 253,
       118, 136, 111, 71, 186, 178, 190, 165, 24, 83, 119, 201, 59, 1,
       214, 108, 42, 120, 103, 251, 42, 249, 235, 117, 60, 225, 241, 198,
       96, 212, 180, 221, 213, 136, 106, 69, 191, 178, 251, 162, 80, 215,
       119, 201, 123, 1, 86, 108, 24, 57, 205, 251, 42, 235, 227, 117,
       84, 160, 240, 134, 48, 117, 221, 125, 111, 176, 78, 79, 189, 96,
       232, 255, 68, 247, 119, 136, 112, 22, 214, 92, 106, 233, 144, 121,
       46, 225, 239, 37, 148, 104, 243, 192, 49, 236, 180, 149, 99, 173,
       125, 84, 157, 115, 59, 167, 88, 222, 115, 72, 251, 145, 22, 108,
       56, 59, 116, 219, 147, 207, 223, 85, 119, 218, 74, 200, 3, 253,
       120, 189, 103, 40, 78, 87, 152, 113, 250, 167, 12, 215, 87, 73,
       59, 148, 212, 124, 106, 233, 229, 249, 32, 195, 249, 101, 20, 232,
       243, 66, 115, 104, 180, 188, 250, 173, 253, 85, 15, 219, 127, 165,
       24, 190, 189, 74, 59, 129, 147, 249, 16, 59, 106, 242, 145, 207,
       223, 84, 123, 210, 76, 198, 74, 52, 205, 57, 99, 148, 79, 71, 168,
       86, 160, 235, 0, 83, 113, 89, 112, 17, 204, 8, 122, 107, 240, 89,
       63, 233, 143, 5, 52, 112, 251, 80, 32, 248, 176, 188, 240, 41,
       237, 89, 27, 187, 187, 182, 24, 191, 191, 72, 123, 133, 151, 253,
       24, 59, 79, 242, 145, 219, 251, 113, 255, 194, 192, 70, 59, 40,
       189, 183, 248, 157, 253, 84, 231, 223, 215, 172, 25, 190, 189,
       102, 26, 201, 250, 251, 16, 62, 107, 242, 179, 251, 223, 212, 123,
       210, 92, 214, 74, 69, 103, 149, 103, 160, 62, 110, 152, 120, 186,
       59, 68, 222, 98, 201, 250, 151, 69, 108, 126, 165, 208, 201, 98,
       172, 190, 103, 196, 136, 243, 75, 5, 108, 48, 177, 82, 193, 108,
       17, 11, 59, 183, 37, 24, 94, 247, 72, 30, 145, 31, 224, 16, 26,
       86, 250, 66, 79, 215, 85, 127, 194, 96, 198, 226, 197, 116, 157,
       103, 35, 78, 119, 168, 120, 202, 103, 8, 222, 112, 9, 123, 146,
       84, 104, 106, 97, 244, 249, 42, 229, 251, 69, 2, 72, 115, 67, 35,
       248, 170, 220, 114, 138, 233, 81, 199, 163, 183, 164, 185, 47,
       231, 64, 27, 39, 247, 237, 16, 26, 79, 138, 32, 219, 195, 117,
       125, 226, 192, 134, 107, 248, 174, 222, 122, 138, 169, 81, 215,
       179, 23, 164, 185, 39, 227, 66, 27, 35, 178, 109, 24, 58, 79, 130,
       51, 219, 195, 116, 121, 226, 192, 198, 42, 68, 48, 145, 65, 193,
       93, 115, 8, 106, 225, 33, 8, 158, 21, 77, 58, 144, 92, 64, 82, 3,
       112, 249, 64, 13, 156, 5, 102, 192, 35, 71, 162, 216, 34, 255,
       100, 10, 106, 65, 83, 160, 183, 166, 56, 19, 135, 192, 27, 38,
       180, 109, 24, 40, 79, 160, 0, 217, 225, 113, 48, 225, 224, 38, 99,
       45, 113, 81, 65, 49, 95, 82, 24, 97, 232, 45, 8, 219, 17, 5, 180,
       152, 28, 68, 106, 73, 176, 241, 12, 231, 221, 1, 54, 74, 163, 74,
       166, 77, 85, 17, 69, 49, 94, 118, 56, 105, 168, 111, 64, 222, 51,
       9, 116, 148, 85, 56, 106, 65, 144, 249, 78, 167, 252, 7, 6, 74,
       51, 75, 51, 248, 186, 252, 122, 170, 169, 80, 87, 163, 31, 180,
       57, 55, 129, 66, 27, 11, 178, 237, 16, 58, 111, 194, 49, 219, 195,
       116, 121, 242, 200, 206, 11, 101, 113, 57, 101, 32, 15, 99, 56,
       104, 172, 111, 12, 210, 19, 9, 16, 20, 84, 68, 106, 64, 240, 249,
       8, 229, 184, 33, 4, 64, 179, 66, 163, 252, 190, 247, 114, 171,
       237, 85, 215, 179, 191, 164, 56, 47, 247, 64, 158, 39, 247, 237,
       24, 58, 79, 170, 35, 219, 215, 85, 123, 226, 196, 134, 107, 248,
       186, 220, 114, 168, 141, 81, 223, 178, 191, 164, 29, 55, 195, 66,
       27, 5, 166, 109, 20, 58, 79, 218, 35, 218, 139, 117, 121, 232,
       192, 202, 11, 205, 117, 148, 71, 241, 94, 119, 184, 121, 234, 111,
       12, 222, 114, 13, 183, 145, 92, 112, 106, 101, 240, 217, 110, 111,
       255, 69, 6, 74, 115, 75, 151, 133, 142, 199, 91, 164, 170, 101,
       191, 118, 146, 106, 208, 243, 96, 153, 121, 83, 78, 42, 30, 115,
       252, 207, 55, 44, 170, 117, 4, 236, 209, 208, 168, 88, 186, 191,
       176, 11, 232, 80, 71, 163, 127, 160, 185, 175, 159, 66, 27, 167,
       179, 237, 16, 30, 79, 146, 1, 219, 209, 120, 123, 162, 4, 6, 91,
       213, 46, 204, 85, 180, 62, 102, 150, 113, 170, 246, 85, 67, 40,
       151, 120, 241, 230, 108, 190, 188, 240, 205, 42, 186, 238, 53, 5,
       233, 241, 250, 5, 1, 117, 17, 69, 85, 95, 102, 188, 125, 232, 106,
       72, 254, 80, 5, 180, 144, 92, 80, 106, 193, 176, 121, 111, 39,
       190, 1, 6, 74, 59, 75, 182, 221, 42, 142, 180, 168, 56, 76, 2,
       178, 179, 162, 177, 207, 170, 83, 219, 163, 231, 236, 21, 60, 69,
       135, 0, 218, 227, 119, 25, 160, 241, 43, 0, 37, 241, 17, 71, 85,
       95, 230, 184, 123, 224, 43, 72, 214, 112, 77, 180, 144, 92, 82,
       106, 65, 240, 121, 60, 45, 156, 5, 54, 74, 59, 67, 174, 101, 113,
       145, 71, 193, 110, 99, 152, 122, 226, 47, 8, 214, 113, 77, 62,
       145, 92, 112, 122, 1, 240, 249, 42, 13, 156, 69, 52, 202, 115, 66,
       178, 36, 225, 49, 75, 217, 79, 67, 136, 74, 112, 41, 8, 214, 85,
       77, 48, 145, 88, 64, 122, 67, 48, 121, 21, 45, 156, 5, 118, 80,
       59, 70, 162, 100, 184, 157, 250, 200, 237, 65, 143, 186, 51, 160,
       24, 182, 241, 72, 59, 129, 82, 106, 24, 51, 107, 218, 113, 221,
       146, 85, 124, 216, 72, 199, 170, 89, 13, 93, 101, 150, 74, 103,
       189, 100, 32, 106, 0, 215, 115, 1, 115, 50, 214, 124, 106, 105,
       176, 113, 44, 229, 235, 101, 20, 96, 242, 193, 40, 208, 164, 159,
       240, 136, 236, 5, 158, 190, 155, 130, 88, 215, 247, 64, 91, 33,
