%YAML:1.0
---
descriptors: !!opencv-matrix
   rows: 152
   cols: 32
   dt: u
   data: [ 220, 188, 158, 246, 139, 96, 21, 175, 176, 183, 134, 57, 255,
       119, 2, 91, 35, 247, 253, 160, 56, 79, 155, 43, 219, 227, 95, 17,
       162, 112, 175, 122, 245, 113, 189, 119, 168, 14, 85, 184, 168,
       254, 167, 25, 215, 119, 11, 91, 132, 68, 109, 110, 104, 101, 249,
       8, 227, 251, 101, 20, 64, 241, 70, 98, 220, 60, 158, 118, 137,
       108, 85, 183, 177, 158, 166, 25, 126, 247, 67, 123, 161, 247, 253,
       2, 120, 69, 187, 34, 219, 251, 85, 27, 162, 113, 166, 74, 217,
       174, 159, 50, 170, 168, 1, 151, 182, 51, 134, 244, 183, 227, 192,
       27, 39, 102, 108, 24, 59, 77, 139, 35, 216, 195, 126, 120, 168,
       192, 131, 41, 244, 36, 172, 247, 140, 108, 69, 154, 178, 255, 135,
       24, 215, 53, 89, 59, 129, 214, 125, 26, 56, 70, 251, 2, 217, 163,
       245, 53, 160, 121, 214, 98, 100, 111, 117, 103, 52, 75, 102, 184,
       121, 168, 59, 72, 195, 105, 29, 49, 144, 244, 108, 106, 232, 240,
       201, 46, 167, 254, 101, 21, 64, 179, 70, 33, 244, 180, 189, 122,
       136, 109, 85, 191, 242, 55, 173, 24, 182, 247, 72, 59, 129, 210,
       108, 16, 58, 111, 250, 51, 219, 135, 117, 125, 224, 80, 134, 42,
       225, 120, 189, 85, 77, 205, 69, 14, 235, 115, 164, 8, 178, 181,
       85, 63, 200, 246, 122, 8, 11, 111, 242, 33, 69, 184, 85, 56, 66,
       24, 86, 42, 227, 184, 243, 80, 203, 237, 177, 71, 251, 83, 96,
       184, 60, 156, 68, 63, 167, 187, 242, 17, 179, 127, 178, 113, 29,
       26, 80, 106, 201, 64, 135, 255, 102, 180, 189, 186, 185, 229, 25,
       207, 155, 253, 137, 25, 150, 254, 106, 26, 205, 59, 253, 17, 26,
       75, 250, 179, 203, 213, 159, 127, 144, 72, 135, 83, 253, 97, 144,
       118, 205, 93, 70, 204, 227, 184, 164, 8, 26, 209, 73, 191, 200,
       212, 236, 90, 78, 103, 250, 160, 251, 217, 69, 61, 226, 55, 202,
       2, 76, 117, 253, 231, 176, 78, 127, 56, 57, 234, 127, 8, 223, 119,
       9, 115, 150, 85, 125, 106, 233, 208, 249, 46, 231, 255, 101, 4,
       96, 243, 70, 115, 244, 96, 157, 118, 8, 44, 85, 152, 178, 178,
       163, 24, 215, 51, 73, 27, 129, 84, 121, 42, 104, 69, 219, 2, 193,
       235, 85, 60, 192, 113, 67, 34, 65, 49, 25, 69, 48, 78, 115, 48,
       104, 72, 107, 104, 222, 17, 128, 48, 148, 20, 76, 104, 193, 176,
       241, 76, 229, 184, 32, 2, 72, 162, 67, 33, 240, 32, 185, 96, 8,
       105, 81, 15, 226, 181, 164, 24, 23, 149, 64, 26, 1, 148, 108, 16,
       24, 103, 226, 16, 219, 137, 117, 125, 224, 136, 70, 34, 5, 231,
       197, 1, 158, 91, 102, 136, 127, 246, 42, 140, 195, 96, 221, 142,
       19, 76, 106, 126, 119, 112, 109, 114, 44, 22, 5, 116, 230, 255,
       213, 228, 229, 85, 189, 111, 180, 111, 71, 184, 118, 182, 167, 28,
       215, 97, 9, 89, 145, 68, 104, 126, 41, 244, 121, 28, 237, 186, 69,
       20, 216, 251, 64, 50, 99, 184, 179, 90, 203, 237, 177, 71, 251,
       83, 96, 56, 60, 254, 100, 60, 175, 187, 115, 17, 19, 127, 178,
       115, 29, 30, 90, 106, 193, 64, 167, 255, 213, 124, 191, 100, 168,
       110, 95, 178, 225, 254, 174, 29, 215, 63, 83, 59, 165, 213, 125,
       126, 249, 69, 185, 42, 251, 235, 101, 84, 232, 243, 134, 114, 240,
       68, 47, 188, 8, 197, 93, 111, 148, 7, 192, 27, 183, 255, 32, 81,
       200, 179, 121, 129, 106, 15, 82, 31, 209, 163, 218, 57, 48, 8,
       164, 122, 164, 240, 185, 122, 189, 205, 81, 216, 147, 253, 165,
       25, 147, 221, 75, 26, 137, 216, 213, 83, 30, 103, 250, 51, 219,
       217, 21, 127, 208, 27, 214, 242, 236, 181, 120, 108, 253, 95, 87,
       184, 83, 252, 173, 28, 82, 117, 75, 51, 217, 198, 68, 122, 123,
       99, 248, 62, 251, 217, 37, 61, 72, 251, 222, 98, 245, 164, 205,
       119, 180, 46, 67, 190, 114, 235, 103, 92, 83, 97, 152, 57, 17, 78,
       116, 44, 185, 244, 253, 46, 108, 175, 117, 84, 232, 249, 210, 32,
       205, 116, 181, 71, 161, 126, 103, 184, 121, 234, 103, 88, 222,
       118, 137, 191, 55, 84, 124, 122, 177, 212, 185, 106, 45, 190, 101,
       4, 194, 243, 7, 117, 240, 160, 248, 112, 8, 233, 81, 87, 162, 183,
       164, 24, 23, 145, 64, 27, 9, 146, 76, 16, 58, 111, 226, 16, 219,
       193, 112, 121, 224, 136, 198, 42, 244, 237, 189, 114, 168, 109,
       87, 159, 178, 255, 173, 24, 247, 247, 73, 59, 1, 214, 125, 26, 59,
       103, 250, 34, 249, 139, 117, 124, 224, 241, 198, 98, 244, 180,
       157, 246, 136, 108, 85, 159, 50, 179, 163, 24, 215, 115, 73, 27,
       129, 214, 108, 18, 59, 68, 219, 34, 217, 195, 117, 116, 168, 115,
       194, 50, 228, 68, 21, 101, 168, 111, 69, 184, 126, 242, 35, 24,
       214, 113, 9, 123, 145, 68, 104, 42, 105, 244, 89, 28, 237, 186,
       69, 20, 192, 123, 64, 50, 244, 101, 157, 254, 137, 77, 71, 232,
       178, 182, 161, 24, 247, 243, 73, 27, 217, 214, 125, 106, 104, 103,
       218, 40, 241, 195, 69, 60, 112, 123, 86, 34, 225, 188, 21, 114,
       205, 237, 208, 103, 234, 115, 160, 24, 182, 184, 68, 59, 137, 54,
       120, 8, 123, 111, 242, 51, 157, 152, 81, 122, 72, 72, 194, 42, 44,
       115, 121, 103, 116, 79, 71, 184, 97, 172, 63, 40, 211, 85, 9, 48,
       152, 92, 68, 106, 72, 178, 105, 44, 231, 253, 37, 52, 66, 187, 70,
       163, 85, 124, 191, 100, 140, 108, 95, 182, 240, 170, 174, 8, 215,
       63, 81, 58, 181, 246, 125, 58, 104, 71, 185, 2, 251, 239, 101, 28,
       224, 114, 198, 98, 193, 174, 135, 30, 168, 172, 100, 135, 254, 19,
       128, 92, 166, 224, 212, 95, 161, 102, 104, 28, 51, 111, 142, 115,
       152, 50, 86, 120, 200, 80, 195, 12, 200, 184, 190, 248, 42, 228,
       177, 87, 174, 89, 180, 53, 188, 159, 98, 123, 167, 59, 255, 17,
       147, 79, 178, 113, 219, 225, 58, 235, 152, 0, 167, 251, 114, 233,
       115, 90, 219, 217, 85, 229, 171, 21, 164, 8, 42, 215, 78, 52, 163,
       186, 236, 80, 94, 107, 170, 241, 251, 220, 20, 123, 227, 132, 166,
       238, 229, 116, 5, 39, 45, 30, 71, 152, 105, 238, 163, 76, 194, 80,
       31, 183, 216, 196, 108, 111, 237, 102, 249, 10, 165, 250, 69, 54,
       74, 55, 82, 101, 208, 204, 149, 245, 136, 238, 69, 182, 180, 182,
       162, 80, 183, 35, 1, 91, 1, 118, 108, 8, 104, 205, 211, 45, 225,
       162, 118, 16, 0, 80, 129, 40, 244, 188, 189, 112, 168, 109, 85,
       187, 178, 179, 172, 24, 215, 247, 73, 27, 17, 214, 109, 24, 123,
       107, 211, 2, 253, 143, 117, 124, 224, 224, 198, 34, 252, 180, 157,
       118, 168, 104, 71, 156, 50, 179, 171, 24, 215, 115, 73, 59, 145,
       214, 108, 18, 57, 70, 219, 34, 249, 199, 117, 124, 160, 115, 134,
       34, 192, 168, 191, 123, 138, 233, 33, 151, 182, 23, 70, 48, 181,
       247, 64, 75, 35, 62, 107, 24, 50, 92, 171, 49, 205, 163, 118, 72,
       160, 192, 165, 42, 116, 229, 157, 230, 141, 79, 71, 168, 163, 182,
       161, 8, 87, 115, 73, 27, 217, 212, 108, 106, 72, 99, 219, 57, 249,
       195, 69, 61, 112, 123, 70, 34, 224, 172, 21, 114, 201, 237, 144,
       231, 250, 179, 168, 24, 182, 240, 64, 59, 129, 55, 104, 0, 51,
       111, 210, 51, 157, 154, 81, 122, 192, 72, 195, 170, 217, 180, 191,
       119, 146, 238, 85, 55, 51, 95, 111, 24, 87, 247, 74, 122, 55, 159,
       125, 152, 59, 216, 179, 3, 203, 239, 116, 64, 160, 192, 166, 115,
       44, 225, 120, 99, 93, 15, 195, 168, 87, 160, 173, 8, 211, 89, 93,
       176, 24, 220, 81, 122, 10, 112, 217, 31, 111, 223, 5, 116, 115,
       187, 86, 162, 111, 97, 160, 34, 253, 61, 222, 201, 123, 243, 57,
       13, 30, 216, 91, 190, 153, 207, 81, 95, 135, 102, 218, 226, 63,
       93, 141, 62, 203, 119, 218, 198, 2, 149, 50, 88, 243, 247, 176,
       99, 191, 93, 127, 49, 12, 220, 46, 132, 191, 59, 211, 17, 54, 187,
       50, 215, 27, 20, 26, 199, 211, 4, 175, 215, 103, 102, 172, 103,
       44, 31, 222, 184, 90, 182, 151, 201, 195, 108, 223, 43, 149, 68,
       125, 127, 140, 100, 239, 40, 206, 219, 237, 189, 196, 251, 91, 5,
       101, 119, 61, 39, 44, 31, 86, 152, 107, 238, 191, 76, 198, 88,
       155, 178, 156, 68, 108, 111, 205, 98, 233, 8, 167, 251, 101, 54,
       64, 123, 90, 101, 220, 7, 159, 181, 138, 98, 21, 139, 50, 178,
