%YAML:1.0
---
descriptors: !!opencv-matrix
   rows: 237
   cols: 32
   dt: u
   data: [ 120, 176, 191, 112, 138, 232, 81, 71, 162, 23, 172, 56, 55,
       183, 64, 58, 35, 178, 109, 16, 26, 75, 178, 1, 219, 231, 112, 123,
       224, 64, 198, 107, 108, 117, 177, 103, 153, 79, 71, 184, 114, 232,
       171, 8, 214, 117, 65, 50, 144, 92, 120, 106, 73, 114, 249, 14,
       237, 253, 5, 52, 64, 115, 70, 114, 100, 228, 189, 122, 137, 77,
       87, 172, 51, 55, 173, 24, 82, 119, 74, 58, 153, 210, 97, 122, 122,
       99, 251, 51, 235, 159, 69, 125, 210, 123, 198, 226, 108, 97, 49,
       103, 157, 79, 71, 184, 98, 228, 172, 8, 211, 53, 65, 48, 152, 212,
       89, 106, 73, 240, 249, 60, 229, 220, 5, 52, 64, 59, 70, 226, 77,
       117, 49, 69, 113, 78, 102, 184, 121, 232, 106, 72, 222, 17, 13,
       180, 148, 92, 80, 106, 193, 240, 249, 14, 39, 252, 5, 6, 74, 51,
       67, 176, 37, 117, 145, 67, 213, 79, 102, 184, 107, 232, 43, 72,
       210, 81, 77, 182, 145, 92, 64, 122, 65, 240, 249, 8, 45, 156, 5,
       52, 202, 123, 66, 162, 37, 117, 17, 71, 85, 95, 102, 184, 107,
       232, 43, 72, 210, 81, 77, 180, 144, 92, 82, 122, 65, 240, 249, 44,
       47, 156, 5, 54, 74, 59, 66, 162, 36, 225, 49, 75, 221, 79, 67,
       168, 66, 112, 33, 8, 210, 85, 77, 52, 153, 92, 64, 122, 75, 48,
       249, 21, 45, 156, 5, 116, 80, 59, 70, 160, 29, 221, 25, 103, 176,
       14, 111, 184, 116, 234, 127, 100, 243, 115, 137, 112, 22, 76, 60,
       110, 233, 144, 125, 46, 236, 239, 37, 132, 42, 243, 1, 49, 252,
       112, 189, 114, 40, 109, 83, 152, 251, 255, 165, 24, 87, 215, 73,
       58, 145, 212, 124, 122, 43, 103, 251, 34, 211, 223, 117, 60, 192,
       243, 70, 115, 108, 180, 185, 98, 189, 125, 81, 152, 111, 125, 173,
       24, 222, 253, 72, 58, 153, 24, 254, 24, 26, 99, 251, 16, 219, 221,
       17, 127, 210, 75, 70, 114, 104, 177, 189, 123, 157, 221, 85, 15,
       239, 125, 173, 24, 190, 253, 72, 50, 137, 18, 239, 0, 90, 106,
       251, 145, 207, 223, 80, 127, 210, 72, 198, 106, 249, 168, 220, 50,
       170, 189, 88, 223, 179, 255, 180, 185, 31, 183, 66, 27, 167, 215,
       221, 20, 62, 79, 138, 51, 219, 203, 117, 253, 226, 196, 138, 91,
       252, 180, 221, 118, 168, 110, 69, 186, 178, 187, 167, 88, 87, 119,
       201, 123, 5, 214, 108, 42, 57, 71, 249, 42, 251, 235, 117, 52,
       160, 241, 134, 49, 104, 189, 188, 252, 157, 221, 85, 174, 219,
       121, 164, 8, 190, 189, 2, 179, 201, 242, 249, 16, 122, 107, 242,
       189, 235, 251, 84, 123, 210, 88, 222, 74, 124, 184, 253, 114, 168,
       253, 81, 159, 227, 255, 164, 24, 19, 247, 66, 59, 5, 214, 108, 24,
       27, 107, 250, 32, 219, 203, 117, 125, 226, 192, 198, 115, 224,
       180, 156, 250, 140, 237, 69, 143, 218, 59, 160, 24, 182, 243, 72,
       123, 129, 90, 104, 16, 51, 111, 219, 115, 221, 178, 85, 124, 216,
       88, 199, 42, 20, 173, 27, 103, 148, 111, 103, 248, 116, 162, 239,
       0, 83, 243, 41, 112, 121, 254, 0, 234, 120, 176, 25, 47, 251, 239,
       167, 4, 224, 243, 224, 34, 252, 54, 149, 242, 169, 44, 80, 154,
       179, 187, 177, 120, 159, 243, 73, 155, 133, 214, 108, 18, 58, 103,
       218, 34, 155, 211, 117, 62, 226, 113, 3, 35, 69, 71, 145, 71, 160,
       46, 110, 152, 120, 170, 43, 64, 222, 98, 201, 122, 147, 68, 108,
       126, 144, 208, 201, 106, 172, 190, 103, 4, 136, 243, 3, 5, 220,
       76, 124, 118, 168, 78, 85, 190, 224, 186, 166, 56, 119, 119, 1,
       123, 135, 247, 109, 106, 104, 71, 203, 44, 243, 235, 117, 16, 96,
       240, 198, 43, 69, 241, 149, 103, 25, 15, 55, 184, 122, 248, 35,
       76, 246, 113, 73, 50, 145, 68, 120, 106, 195, 240, 217, 29, 237,
       154, 69, 54, 72, 51, 67, 34, 208, 141, 94, 231, 146, 106, 71, 175,
       180, 178, 170, 16, 119, 115, 0, 81, 49, 246, 109, 162, 120, 205,
       89, 47, 249, 227, 229, 21, 32, 240, 196, 42, 96, 181, 21, 243,
       157, 77, 84, 175, 127, 49, 41, 24, 214, 51, 72, 240, 145, 23, 104,
       16, 27, 104, 219, 147, 175, 222, 21, 126, 208, 72, 196, 42, 192,
       136, 157, 250, 200, 237, 21, 143, 158, 23, 96, 24, 182, 243, 96,
       91, 193, 51, 106, 24, 50, 78, 218, 51, 205, 163, 118, 120, 144,
       72, 135, 42, 21, 69, 121, 101, 20, 79, 103, 152, 118, 160, 107,
       10, 211, 81, 25, 112, 49, 220, 8, 106, 105, 176, 121, 30, 237,
       142, 5, 20, 112, 187, 64, 32, 69, 101, 59, 102, 80, 78, 231, 232,
       248, 160, 235, 8, 80, 247, 49, 48, 248, 253, 82, 235, 97, 243,
       184, 78, 117, 174, 139, 4, 65, 51, 99, 162, 5, 120, 115, 69, 66,
       74, 103, 48, 97, 224, 106, 72, 242, 16, 133, 52, 48, 124, 64, 106,
       193, 180, 181, 12, 37, 184, 0, 0, 75, 179, 66, 188, 252, 180, 189,
       114, 136, 108, 71, 159, 178, 183, 173, 24, 115, 247, 73, 59, 1,
       214, 104, 26, 58, 103, 251, 50, 249, 235, 117, 124, 224, 113, 134,
       96, 40, 172, 156, 123, 153, 205, 20, 174, 95, 55, 44, 25, 174, 57,
       74, 144, 129, 26, 235, 16, 114, 106, 91, 55, 239, 215, 20, 123,
       210, 72, 206, 10, 236, 180, 189, 99, 165, 127, 115, 136, 123, 187,
       47, 24, 214, 61, 77, 59, 145, 84, 104, 114, 51, 116, 249, 2, 207,
       223, 69, 119, 194, 107, 71, 35, 77, 116, 157, 103, 161, 110, 55,
       136, 123, 234, 47, 24, 222, 113, 73, 58, 147, 86, 104, 42, 97,
       244, 185, 42, 231, 255, 69, 6, 200, 115, 195, 35, 77, 85, 157,
       119, 169, 110, 55, 184, 107, 250, 47, 0, 222, 115, 9, 123, 145,
       85, 124, 106, 33, 96, 251, 96, 239, 251, 71, 6, 202, 115, 65, 51,
       69, 181, 157, 99, 148, 111, 39, 136, 122, 242, 43, 8, 214, 113,
       73, 58, 145, 84, 120, 122, 81, 112, 249, 34, 237, 142, 69, 116,
       200, 123, 83, 34, 205, 240, 185, 103, 81, 95, 51, 136, 123, 224,
       101, 8, 222, 87, 73, 48, 145, 93, 112, 122, 67, 244, 249, 74, 239,
       253, 5, 54, 74, 51, 3, 178, 109, 49, 17, 97, 113, 94, 18, 8, 105,
       232, 173, 8, 158, 18, 69, 180, 144, 156, 76, 122, 9, 178, 241, 12,
       151, 253, 1, 54, 74, 35, 74, 39, 248, 188, 220, 114, 168, 173, 85,
       223, 178, 63, 164, 29, 55, 243, 66, 27, 1, 146, 237, 16, 58, 79,
       218, 51, 219, 195, 117, 125, 232, 192, 142, 11, 120, 162, 255,
       112, 138, 233, 65, 87, 162, 183, 164, 56, 19, 135, 64, 27, 39,
       148, 68, 24, 24, 79, 162, 0, 219, 201, 117, 124, 225, 192, 198,
       234, 208, 217, 159, 116, 168, 72, 69, 183, 160, 146, 166, 88, 119,
       55, 128, 123, 1, 246, 124, 10, 121, 69, 179, 32, 211, 163, 116,
       24, 40, 240, 134, 56, 248, 154, 220, 120, 168, 169, 81, 87, 195,
       55, 180, 56, 51, 201, 98, 27, 9, 178, 236, 16, 26, 111, 194, 49,
       219, 201, 112, 121, 241, 200, 206, 43, 13, 79, 29, 231, 48, 14,
       111, 184, 124, 168, 110, 64, 247, 67, 137, 240, 86, 108, 108, 110,
       225, 144, 73, 10, 228, 253, 39, 4, 26, 178, 41, 41, 5, 117, 16,
       69, 117, 30, 230, 184, 121, 232, 122, 76, 214, 88, 29, 180, 144,
       76, 84, 110, 229, 176, 217, 14, 39, 252, 5, 4, 74, 187, 75, 133,
       69, 85, 148, 69, 160, 30, 102, 184, 121, 170, 107, 76, 214, 112,
       141, 247, 144, 68, 108, 110, 229, 240, 217, 10, 164, 190, 101, 4,
       74, 243, 74, 5, 93, 85, 17, 103, 176, 14, 79, 184, 117, 234, 126,
       68, 215, 119, 137, 116, 22, 84, 28, 110, 233, 144, 125, 46, 227,
       239, 37, 132, 42, 243, 128, 49, 125, 85, 125, 102, 180, 78, 71,
       188, 96, 232, 191, 72, 87, 119, 137, 115, 22, 212, 124, 106, 201,
       161, 121, 44, 243, 233, 101, 20, 104, 243, 70, 49, 237, 113, 249,
       102, 104, 78, 87, 184, 97, 234, 183, 8, 83, 119, 201, 59, 22, 212,
       124, 106, 233, 102, 251, 8, 247, 249, 101, 60, 107, 179, 70, 113,
       248, 184, 188, 112, 40, 205, 81, 87, 179, 127, 164, 25, 55, 151,
       66, 27, 133, 182, 237, 16, 106, 79, 242, 17, 219, 211, 112, 121,
       226, 192, 6, 123, 104, 177, 185, 115, 189, 237, 81, 25, 239, 121,
       173, 24, 223, 253, 72, 50, 153, 146, 252, 24, 27, 107, 251, 17,
       207, 221, 17, 127, 210, 74, 198, 98, 218, 170, 148, 178, 233, 173,
       88, 214, 187, 187, 160, 89, 47, 187, 64, 155, 167, 183, 125, 21,
