%YAML:1.0
---
descriptors: !!opencv-matrix
   rows: 319
   cols: 32
   dt: u
   data: [ 253, 113, 157, 103, 40, 78, 87, 184, 96, 186, 167, 72, 215,
       113, 201, 51, 176, 212, 108, 106, 105, 225, 249, 40, 241, 235,
       101, 20, 72, 115, 66, 35, 253, 116, 189, 55, 168, 46, 85, 152,
       185, 250, 167, 29, 215, 119, 75, 27, 133, 69, 109, 46, 96, 229,
       217, 34, 195, 251, 117, 20, 192, 241, 67, 99, 124, 162, 248, 112,
       232, 233, 81, 154, 227, 189, 189, 56, 23, 147, 72, 26, 137, 158,
       108, 16, 26, 107, 202, 16, 219, 197, 53, 125, 224, 193, 198, 35,
       120, 170, 44, 114, 173, 253, 80, 207, 227, 189, 172, 9, 163, 216,
       70, 26, 137, 162, 236, 16, 30, 107, 202, 49, 219, 209, 213, 123,
       192, 74, 222, 14, 240, 160, 184, 116, 138, 109, 81, 143, 162, 183,
       164, 25, 55, 183, 66, 91, 129, 214, 104, 16, 30, 79, 250, 49, 217,
       161, 85, 125, 224, 96, 134, 106, 201, 188, 21, 113, 129, 252, 113,
       151, 250, 123, 38, 24, 158, 23, 64, 187, 129, 22, 248, 24, 51,
       108, 243, 34, 207, 251, 80, 112, 202, 64, 131, 58, 120, 168, 255,
       120, 8, 205, 65, 87, 162, 21, 164, 24, 51, 135, 64, 26, 1, 178,
       109, 24, 26, 75, 242, 49, 219, 201, 48, 120, 224, 128, 198, 106,
       100, 65, 59, 71, 85, 79, 71, 168, 112, 164, 231, 8, 210, 85, 25,
       52, 216, 220, 82, 106, 73, 178, 121, 44, 101, 185, 133, 20, 66,
       187, 86, 226, 100, 103, 115, 103, 112, 74, 102, 184, 113, 168,
       123, 104, 195, 77, 157, 52, 152, 212, 100, 98, 104, 240, 205, 46,
       103, 254, 37, 5, 66, 179, 70, 167, 76, 50, 49, 71, 112, 79, 99,
       184, 121, 234, 119, 108, 218, 119, 141, 181, 148, 92, 68, 106,
       225, 240, 249, 12, 39, 251, 101, 180, 66, 179, 70, 241, 85, 69,
       93, 103, 146, 78, 71, 184, 100, 160, 43, 64, 83, 113, 25, 114, 50,
       212, 124, 106, 73, 176, 89, 46, 247, 239, 37, 20, 104, 179, 192,
       32, 210, 170, 253, 94, 170, 240, 89, 143, 171, 159, 164, 185, 108,
       247, 206, 31, 135, 247, 237, 144, 50, 71, 170, 113, 155, 243, 245,
       251, 128, 224, 134, 103, 252, 68, 220, 119, 136, 74, 87, 172, 48,
       178, 167, 24, 215, 115, 9, 91, 51, 214, 108, 106, 104, 228, 217,
       46, 243, 235, 69, 21, 96, 243, 206, 34, 224, 140, 157, 254, 201,
       237, 21, 175, 154, 19, 160, 24, 182, 183, 64, 91, 193, 115, 106,
       0, 114, 79, 218, 51, 205, 178, 84, 59, 144, 72, 135, 42, 192, 164,
       157, 249, 168, 109, 65, 143, 190, 51, 160, 24, 182, 51, 72, 59,
       129, 19, 106, 24, 51, 76, 219, 83, 141, 146, 84, 124, 208, 72,
       135, 42, 80, 184, 255, 112, 138, 237, 85, 151, 162, 183, 164, 24,
       55, 183, 64, 26, 167, 247, 108, 16, 26, 107, 178, 33, 217, 163,
       116, 120, 224, 80, 134, 106, 245, 36, 173, 182, 156, 108, 73, 150,
       178, 243, 135, 25, 247, 253, 91, 59, 129, 198, 125, 29, 59, 79,
       251, 34, 217, 203, 245, 121, 160, 120, 214, 98, 108, 100, 189,
       103, 165, 107, 71, 168, 113, 190, 47, 8, 210, 113, 89, 59, 153,
       84, 108, 106, 40, 240, 233, 42, 239, 255, 101, 53, 194, 251, 86,
       34, 3, 83, 83, 69, 114, 30, 42, 48, 44, 200, 123, 228, 221, 22,
       133, 180, 54, 61, 22, 110, 197, 144, 53, 76, 38, 60, 34, 128, 110,
       166, 35, 245, 56, 113, 112, 224, 37, 95, 91, 48, 41, 36, 252, 8,
       31, 29, 18, 176, 158, 188, 213, 106, 72, 178, 240, 140, 195, 221,
       0, 49, 66, 142, 70, 35, 212, 111, 28, 164, 42, 14, 95, 56, 166,
       182, 134, 137, 215, 39, 67, 83, 38, 245, 109, 226, 104, 69, 203,
       12, 251, 227, 103, 21, 32, 177, 7, 66, 244, 169, 172, 50, 141,
       205, 81, 205, 195, 253, 165, 25, 147, 205, 90, 26, 201, 194, 237,
       85, 30, 107, 250, 49, 219, 209, 133, 125, 209, 11, 214, 82, 120,
       248, 252, 112, 8, 201, 81, 85, 162, 189, 164, 40, 23, 151, 194,
       59, 32, 180, 108, 88, 26, 111, 178, 1, 217, 129, 116, 121, 224,
       128, 198, 107, 33, 169, 63, 90, 221, 205, 233, 231, 110, 81, 108,
       0, 60, 159, 52, 112, 168, 42, 19, 92, 147, 187, 50, 117, 127, 61,
       18, 72, 216, 0, 235, 216, 244, 100, 157, 119, 168, 46, 85, 152,
       184, 186, 163, 25, 215, 115, 73, 27, 129, 84, 125, 42, 40, 69,
       219, 34, 193, 251, 117, 20, 192, 241, 67, 34, 248, 172, 186, 98,
       156, 189, 83, 215, 226, 39, 172, 25, 39, 217, 66, 16, 137, 178,
       204, 16, 30, 47, 210, 51, 219, 197, 52, 121, 224, 66, 222, 10, 80,
       160, 157, 112, 137, 237, 81, 7, 162, 183, 164, 24, 151, 151, 64,
       27, 1, 150, 104, 24, 27, 79, 242, 16, 219, 131, 85, 121, 224, 64,
       134, 98, 192, 172, 255, 113, 136, 232, 169, 135, 254, 19, 34, 16,
       181, 222, 80, 123, 35, 63, 104, 144, 50, 205, 167, 115, 205, 171,
       127, 65, 192, 64, 135, 42, 245, 237, 157, 50, 168, 237, 87, 220,
       179, 254, 173, 25, 87, 247, 75, 27, 161, 198, 125, 94, 59, 103,
       186, 51, 249, 235, 101, 124, 224, 243, 198, 114, 208, 136, 188,
       126, 136, 173, 16, 143, 238, 19, 160, 24, 246, 248, 76, 123, 129,
       3, 104, 16, 62, 109, 219, 49, 201, 186, 81, 122, 208, 64, 129, 10,
       100, 69, 181, 75, 16, 15, 71, 152, 86, 160, 43, 76, 211, 5, 9, 80,
       145, 84, 104, 110, 105, 176, 121, 30, 237, 190, 5, 20, 88, 187,
       68, 48, 108, 104, 253, 103, 165, 75, 87, 168, 107, 180, 167, 40,
       211, 113, 73, 190, 17, 84, 232, 106, 72, 240, 249, 40, 239, 223,
       69, 55, 226, 187, 86, 34, 217, 185, 147, 108, 35, 76, 23, 53, 232,
       72, 174, 40, 191, 51, 0, 242, 162, 119, 252, 64, 89, 41, 144, 9,
       241, 249, 98, 26, 74, 114, 163, 59, 248, 172, 189, 126, 169, 237,
       85, 175, 162, 23, 172, 24, 119, 247, 72, 27, 129, 242, 237, 16,
       58, 111, 234, 51, 219, 227, 117, 121, 226, 64, 198, 42, 192, 48,
       157, 117, 137, 108, 81, 18, 162, 251, 166, 24, 150, 23, 64, 59,
       129, 214, 120, 24, 11, 76, 243, 0, 201, 162, 84, 124, 128, 64, 6,
       115, 125, 237, 95, 102, 168, 14, 71, 184, 225, 186, 175, 72, 87,
       113, 137, 179, 50, 198, 108, 106, 121, 227, 249, 44, 243, 235,
       101, 20, 106, 243, 194, 33, 77, 240, 113, 71, 32, 79, 99, 56, 105,
       168, 119, 104, 219, 87, 141, 53, 150, 28, 116, 106, 129, 240, 233,
       12, 7, 251, 97, 164, 66, 163, 66, 161, 100, 178, 152, 113, 184,
       173, 81, 155, 163, 189, 173, 61, 151, 147, 72, 26, 141, 158, 77,
       16, 26, 106, 218, 16, 207, 213, 53, 125, 232, 192, 198, 19, 101,
       166, 149, 115, 172, 45, 68, 142, 127, 187, 161, 88, 198, 113, 77,
       63, 129, 211, 108, 50, 59, 102, 203, 51, 141, 154, 85, 126, 208,
       121, 194, 39, 124, 69, 200, 39, 137, 106, 71, 136, 49, 166, 175,
       9, 67, 99, 75, 90, 113, 196, 105, 234, 104, 83, 217, 42, 241, 231,
       197, 21, 163, 243, 102, 98, 12, 117, 121, 103, 112, 79, 127, 184,
       113, 236, 127, 8, 223, 119, 11, 48, 54, 221, 85, 106, 193, 240,
       249, 108, 231, 237, 37, 4, 98, 179, 7, 243, 100, 225, 57, 227,
       188, 79, 87, 184, 42, 52, 173, 8, 215, 87, 73, 16, 147, 221, 93,
       122, 66, 80, 249, 23, 237, 141, 37, 116, 16, 187, 71, 98, 3, 127,
       250, 6, 242, 240, 178, 86, 168, 197, 126, 231, 40, 190, 231, 160,
       174, 123, 146, 149, 151, 155, 164, 104, 42, 13, 46, 131, 205, 86,
       47, 253, 36, 97, 49, 69, 125, 79, 71, 168, 68, 164, 230, 8, 210,
       85, 13, 52, 216, 220, 66, 106, 73, 178, 121, 12, 101, 156, 5, 16,
       82, 59, 86, 226, 244, 241, 185, 240, 136, 204, 85, 141, 163, 53,
       164, 9, 150, 215, 72, 19, 129, 213, 125, 114, 90, 75, 218, 49,
       251, 129, 5, 125, 32, 2, 134, 114, 40, 81, 121, 97, 117, 95, 91,
       48, 105, 44, 127, 8, 91, 31, 149, 176, 24, 184, 213, 106, 72, 176,
       113, 140, 231, 253, 32, 177, 98, 139, 70, 115, 84, 101, 187, 231,
       144, 78, 95, 188, 49, 228, 175, 8, 215, 119, 73, 50, 180, 221,
       125, 250, 72, 242, 249, 42, 251, 205, 37, 36, 224, 243, 38, 98,
       80, 201, 159, 238, 186, 72, 87, 245, 161, 136, 238, 40, 119, 247,
       32, 114, 38, 247, 109, 192, 73, 11, 162, 105, 241, 165, 36, 8, 34,
       178, 166, 59, 165, 188, 157, 95, 204, 173, 103, 159, 214, 27, 97,
