%YAML:1.0
---
descriptors: !!opencv-matrix
   rows: 246
   cols: 32
   dt: u
   data: [ 93, 85, 125, 101, 176, 78, 79, 188, 96, 234, 191, 68, 83, 55,
       129, 114, 22, 212, 92, 106, 233, 176, 249, 14, 227, 239, 37, 148,
       104, 242, 66, 57, 253, 113, 253, 103, 168, 79, 71, 152, 97, 250,
       183, 72, 211, 85, 217, 59, 144, 212, 124, 106, 201, 100, 249, 8,
       231, 217, 101, 52, 74, 243, 66, 113, 221, 221, 57, 229, 176, 79,
       79, 191, 52, 232, 254, 96, 247, 119, 137, 112, 86, 214, 29, 106,
       249, 144, 121, 63, 233, 239, 39, 212, 32, 242, 128, 121, 149, 173,
       251, 239, 180, 43, 111, 191, 54, 163, 223, 80, 247, 119, 153, 96,
       119, 222, 29, 42, 185, 176, 105, 63, 237, 239, 39, 196, 164, 251,
       129, 33, 253, 120, 189, 101, 40, 78, 87, 152, 113, 254, 181, 8,
       215, 85, 73, 59, 144, 212, 124, 122, 201, 100, 249, 0, 199, 217,
       101, 52, 64, 179, 70, 115, 172, 48, 189, 97, 173, 109, 81, 152,
       75, 255, 165, 24, 222, 93, 75, 59, 145, 80, 253, 58, 59, 100, 251,
       16, 207, 219, 65, 125, 194, 107, 70, 114, 150, 172, 254, 255, 254,
       187, 254, 254, 191, 179, 255, 26, 255, 235, 127, 91, 255, 231,
       127, 155, 254, 111, 203, 251, 255, 223, 223, 221, 165, 249, 233,
       139, 236, 180, 189, 115, 173, 125, 81, 153, 127, 63, 165, 24, 222,
       125, 74, 59, 153, 18, 251, 24, 58, 102, 123, 147, 207, 219, 81,
       127, 210, 73, 198, 114, 252, 188, 252, 118, 136, 109, 85, 255,
       179, 190, 164, 24, 115, 119, 72, 27, 9, 214, 109, 42, 120, 79,
       250, 42, 251, 195, 117, 61, 226, 240, 198, 106, 104, 180, 181,
       250, 253, 253, 84, 47, 219, 31, 172, 24, 174, 189, 76, 24, 137,
       27, 251, 0, 58, 106, 242, 147, 239, 223, 84, 123, 210, 76, 198,
       106, 246, 237, 246, 191, 252, 171, 254, 237, 63, 179, 243, 18,
       238, 234, 28, 75, 255, 239, 127, 243, 240, 231, 203, 255, 188,
       190, 223, 158, 149, 123, 227, 133, 120, 60, 255, 116, 168, 236,
       81, 95, 162, 183, 164, 24, 55, 247, 66, 59, 3, 246, 236, 24, 59,
       75, 178, 0, 219, 235, 117, 121, 224, 192, 198, 122, 238, 164, 244,
       255, 173, 63, 254, 255, 255, 187, 191, 24, 203, 235, 93, 27, 217,
       207, 127, 187, 250, 103, 251, 250, 187, 219, 215, 252, 214, 251,
       210, 1, 246, 236, 230, 254, 252, 171, 238, 255, 255, 187, 251, 26,
       235, 235, 93, 91, 251, 207, 127, 179, 250, 231, 203, 255, 191,
       254, 223, 252, 215, 251, 243, 128, 252, 244, 180, 255, 173, 127,
       95, 184, 255, 187, 183, 24, 255, 249, 89, 123, 223, 215, 127, 122,
       250, 103, 251, 187, 251, 251, 117, 191, 194, 251, 194, 35, 236,
       172, 148, 255, 173, 63, 94, 184, 191, 187, 189, 24, 235, 235, 93,
       27, 217, 199, 127, 59, 58, 103, 251, 243, 191, 255, 213, 126, 210,
       251, 210, 3, 224, 172, 157, 250, 200, 237, 69, 143, 142, 19, 164,
       24, 182, 243, 72, 91, 129, 82, 106, 0, 50, 111, 218, 49, 221, 163,
       84, 121, 208, 88, 199, 42, 252, 252, 188, 247, 173, 47, 95, 188,
       255, 186, 191, 56, 255, 255, 73, 27, 151, 215, 125, 106, 248, 103,
       251, 251, 251, 251, 101, 255, 194, 243, 198, 3, 244, 92, 189, 116,
       168, 108, 85, 55, 176, 186, 182, 56, 119, 55, 1, 91, 133, 247,
       109, 10, 104, 71, 195, 32, 211, 171, 117, 152, 96, 240, 198, 35,
       198, 253, 246, 159, 255, 47, 254, 236, 127, 162, 251, 26, 206,
       250, 125, 1, 255, 215, 127, 227, 248, 247, 219, 255, 189, 62, 207,
       110, 245, 123, 225, 2, 220, 16, 188, 247, 172, 46, 125, 152, 174,
       190, 183, 49, 223, 255, 91, 75, 239, 213, 125, 251, 40, 197, 235,
       32, 205, 235, 239, 148, 192, 243, 5, 83, 254, 236, 180, 254, 205,
       103, 94, 254, 151, 179, 173, 24, 202, 255, 93, 91, 217, 215, 255,
       162, 120, 103, 219, 234, 187, 255, 199, 63, 210, 127, 246, 2, 204,
       80, 157, 222, 169, 100, 85, 154, 191, 154, 167, 24, 92, 247, 105,
       127, 197, 87, 120, 2, 33, 71, 186, 96, 211, 243, 87, 62, 146, 113,
       6, 51, 205, 112, 189, 103, 44, 78, 71, 152, 96, 250, 167, 8, 215,
       81, 73, 59, 16, 212, 124, 106, 233, 100, 249, 40, 195, 235, 101,
       54, 72, 243, 67, 51, 93, 79, 93, 111, 180, 14, 79, 189, 117, 168,
       250, 76, 83, 33, 145, 80, 48, 196, 108, 110, 233, 176, 109, 46,
       168, 175, 37, 148, 96, 243, 194, 33, 180, 104, 91, 69, 66, 74, 39,
       80, 96, 128, 98, 72, 51, 23, 133, 49, 58, 244, 64, 106, 65, 244,
       160, 40, 97, 136, 32, 0, 97, 179, 102, 168, 12, 181, 57, 82, 219,
       237, 51, 207, 251, 53, 45, 24, 30, 247, 76, 56, 179, 27, 192, 16,
       19, 107, 186, 119, 127, 221, 21, 111, 193, 65, 199, 162, 88, 184,
       189, 248, 169, 237, 89, 27, 171, 63, 180, 24, 191, 247, 64, 59,
       133, 183, 125, 16, 58, 79, 250, 113, 219, 251, 113, 248, 226, 64,
       198, 123, 242, 172, 134, 154, 203, 233, 4, 207, 190, 183, 160, 27,
       38, 224, 96, 159, 233, 235, 234, 17, 62, 79, 218, 115, 153, 2, 95,
       123, 208, 88, 174, 142, 248, 184, 190, 112, 173, 237, 85, 151,
       251, 63, 180, 24, 191, 255, 66, 59, 133, 183, 253, 24, 186, 111,
       242, 179, 219, 251, 117, 123, 194, 72, 199, 123, 238, 172, 188,
       250, 253, 255, 92, 255, 223, 59, 180, 24, 250, 253, 92, 123, 201,
       255, 127, 24, 186, 111, 251, 243, 251, 223, 215, 123, 210, 89,
       214, 10, 232, 188, 188, 250, 173, 253, 85, 223, 255, 191, 180, 24,
       191, 189, 70, 59, 201, 246, 255, 24, 186, 111, 250, 179, 219, 219,
       85, 123, 210, 216, 198, 107, 204, 180, 189, 97, 169, 110, 113, 25,
       59, 255, 39, 24, 222, 119, 72, 59, 151, 21, 125, 48, 179, 84, 249,
       66, 207, 219, 117, 246, 194, 64, 135, 115, 248, 172, 156, 58, 139,
       233, 16, 143, 187, 55, 164, 25, 174, 163, 66, 27, 129, 19, 233,
       16, 58, 111, 202, 51, 219, 211, 85, 123, 208, 64, 142, 10, 73,
       245, 176, 65, 209, 125, 117, 159, 123, 243, 44, 28, 158, 48, 78,
       190, 129, 78, 240, 24, 247, 120, 249, 51, 111, 223, 21, 118, 202,
       84, 203, 254, 69, 71, 29, 101, 48, 14, 111, 48, 100, 136, 123, 68,
       215, 51, 145, 112, 54, 68, 76, 110, 225, 176, 33, 14, 228, 174,
       33, 0, 72, 163, 64, 33, 200, 190, 189, 245, 169, 236, 53, 183,
       187, 63, 10, 57, 188, 55, 64, 91, 135, 87, 237, 16, 51, 76, 243,
       99, 205, 243, 125, 251, 128, 64, 135, 123, 248, 32, 253, 112, 168,
       237, 65, 82, 178, 191, 164, 24, 23, 151, 64, 26, 1, 214, 109, 24,
       58, 111, 250, 0, 219, 203, 117, 120, 224, 192, 70, 99, 37, 113,
       17, 65, 17, 95, 86, 8, 105, 224, 41, 8, 210, 16, 13, 180, 144, 92,
       80, 106, 65, 176, 241, 8, 39, 220, 1, 54, 74, 51, 66, 166, 1, 87,
       16, 197, 112, 14, 106, 184, 109, 168, 126, 68, 254, 83, 128, 244,
       148, 92, 22, 106, 193, 144, 65, 109, 164, 188, 35, 128, 10, 179,
       9, 161, 73, 121, 149, 69, 1, 78, 103, 50, 104, 192, 106, 8, 214,
       49, 0, 51, 128, 84, 104, 106, 65, 248, 241, 8, 101, 186, 64, 6,
       72, 48, 67, 34, 22, 173, 254, 255, 252, 139, 254, 236, 191, 179,
       243, 27, 255, 234, 93, 75, 251, 239, 127, 211, 126, 243, 203, 251,
       190, 159, 255, 253, 181, 123, 233, 3, 246, 237, 246, 255, 252,
       171, 254, 238, 191, 146, 251, 26, 239, 234, 125, 71, 255, 255,
       127, 211, 250, 235, 203, 255, 190, 254, 207, 150, 149, 251, 227,
       133, 246, 237, 246, 223, 252, 171, 238, 238, 191, 178, 251, 26,
       238, 234, 125, 67, 255, 239, 127, 211, 184, 251, 203, 255, 190,
       190, 223, 156, 181, 123, 227, 129, 230, 164, 180, 255, 237, 47,
       94, 254, 255, 187, 189, 88, 207, 235, 93, 27, 217, 207, 127, 58,
       186, 103, 219, 243, 191, 255, 215, 252, 211, 251, 210, 129, 224,
       188, 157, 90, 136, 237, 21, 143, 170, 59, 160, 24, 182, 211, 72,
       26, 129, 82, 106, 16, 19, 111, 218, 113, 221, 146, 85, 124, 216,
       72, 135, 42, 244, 236, 230, 159, 220, 43, 238, 238, 255, 178, 250,
       18, 236, 234, 29, 91, 123, 239, 110, 227, 236, 247, 203, 255, 190,
       190, 215, 20, 229, 123, 241, 136, 198, 236, 214, 159, 236, 43,
       254, 236, 63, 178, 251, 26, 236, 234, 29, 73, 255, 239, 127, 227,
