%YAML:1.0
---
descriptors: !!opencv-matrix
   rows: 122
   cols: 32
   dt: u
   data: [ 165, 113, 41, 101, 116, 15, 99, 56, 104, 232, 111, 76, 211,
       81, 25, 48, 24, 76, 84, 110, 233, 176, 121, 14, 101, 157, 33, 4,
       72, 187, 82, 176, 227, 190, 238, 82, 236, 189, 212, 214, 251, 255,
       188, 93, 34, 232, 214, 59, 173, 230, 110, 28, 182, 111, 174, 115,
       30, 26, 117, 186, 201, 212, 218, 93, 108, 113, 185, 103, 164, 79,
       87, 24, 107, 168, 47, 8, 214, 117, 73, 50, 144, 84, 108, 122, 73,
       112, 249, 8, 239, 221, 37, 55, 192, 59, 86, 35, 240, 168, 253,
       114, 168, 237, 85, 223, 242, 63, 164, 24, 55, 245, 72, 59, 1, 242,
       108, 24, 58, 111, 250, 51, 219, 203, 117, 121, 225, 208, 198, 42,
       116, 172, 157, 114, 168, 236, 81, 159, 178, 191, 164, 24, 23, 183,
       64, 123, 1, 214, 108, 24, 58, 79, 250, 49, 217, 131, 117, 124,
       224, 192, 134, 98, 252, 113, 253, 118, 136, 76, 69, 216, 227, 182,
       165, 24, 19, 213, 73, 59, 8, 212, 108, 106, 105, 103, 250, 0, 211,
       201, 101, 60, 96, 241, 198, 98, 68, 101, 25, 103, 16, 79, 111, 56,
       104, 160, 107, 8, 215, 51, 25, 50, 16, 84, 80, 106, 65, 240, 217,
       14, 229, 191, 1, 16, 64, 179, 67, 32, 208, 160, 156, 248, 136,
       237, 80, 7, 182, 51, 162, 24, 151, 179, 64, 91, 129, 151, 108, 16,
       58, 77, 211, 49, 201, 227, 84, 123, 144, 72, 128, 10, 208, 172,
       159, 116, 136, 236, 65, 7, 178, 23, 162, 24, 183, 163, 64, 59,
       129, 54, 104, 8, 58, 109, 242, 33, 209, 163, 86, 120, 192, 64,
       199, 42, 252, 66, 212, 190, 44, 8, 70, 168, 240, 178, 179, 249,
       203, 203, 73, 219, 201, 197, 236, 226, 108, 103, 203, 161, 144,
       227, 231, 29, 32, 185, 90, 0, 124, 69, 206, 167, 149, 74, 71, 172,
       32, 164, 239, 11, 87, 99, 11, 82, 112, 198, 105, 226, 72, 147,
       217, 44, 251, 167, 197, 21, 32, 243, 228, 2, 197, 174, 141, 85,
       236, 46, 225, 191, 242, 251, 2, 92, 211, 97, 208, 43, 1, 102, 120,
       28, 177, 252, 223, 34, 12, 10, 117, 100, 200, 232, 210, 168, 209,
       184, 151, 48, 169, 173, 0, 71, 235, 27, 160, 92, 190, 178, 64,
       191, 161, 163, 108, 20, 63, 79, 146, 113, 152, 218, 87, 122, 200,
       64, 131, 13, 229, 164, 189, 91, 141, 109, 197, 143, 214, 243, 173,
       24, 242, 113, 88, 43, 209, 70, 120, 26, 51, 100, 251, 51, 109, 30,
       85, 124, 208, 121, 208, 32, 125, 197, 125, 102, 140, 78, 71, 184,
       224, 240, 175, 8, 83, 119, 137, 115, 0, 212, 124, 106, 105, 99,
       249, 12, 251, 233, 101, 28, 97, 243, 198, 98, 165, 87, 77, 71,
       212, 14, 231, 184, 116, 170, 123, 230, 211, 113, 153, 49, 28, 220,
       52, 106, 233, 176, 109, 46, 36, 174, 229, 132, 109, 251, 82, 161,
       92, 101, 188, 231, 156, 79, 87, 248, 54, 174, 191, 8, 215, 115,
       73, 18, 185, 212, 108, 122, 104, 243, 201, 10, 255, 207, 101, 53,
       224, 251, 70, 34, 39, 175, 224, 87, 244, 63, 239, 222, 83, 175,
       124, 222, 99, 233, 223, 52, 29, 206, 86, 30, 190, 122, 236, 187,
       47, 94, 133, 252, 215, 255, 210, 164, 188, 96, 252, 114, 141, 109,
       81, 218, 243, 183, 181, 24, 19, 209, 73, 59, 9, 208, 108, 24, 42,
       103, 250, 34, 219, 203, 117, 61, 227, 217, 70, 98, 109, 113, 249,
       103, 116, 75, 71, 184, 98, 232, 63, 104, 211, 113, 217, 50, 18,
       204, 84, 106, 201, 240, 233, 40, 238, 205, 37, 52, 106, 187, 82,
       49, 131, 182, 172, 177, 186, 51, 184, 11, 30, 119, 147, 183, 133,
       46, 94, 11, 199, 7, 249, 149, 183, 220, 253, 215, 140, 19, 219,
       247, 140, 68, 157, 87, 131, 242, 148, 153, 173, 189, 176, 142,
       223, 127, 48, 125, 142, 200, 207, 143, 135, 11, 238, 21, 183, 100,
       218, 211, 142, 83, 95, 255, 218, 92, 203, 223, 116, 101, 188, 231,
       60, 79, 87, 248, 54, 174, 191, 8, 215, 115, 9, 82, 216, 212, 108,
       106, 72, 242, 233, 42, 249, 239, 101, 53, 64, 243, 70, 35, 205,
       48, 156, 103, 129, 46, 115, 24, 104, 184, 39, 12, 214, 115, 75,
       58, 145, 68, 104, 122, 41, 240, 217, 8, 207, 251, 69, 20, 200,
       115, 66, 34, 101, 116, 156, 37, 44, 46, 86, 56, 106, 170, 39, 77,
       215, 49, 75, 27, 144, 68, 108, 110, 172, 244, 217, 8, 207, 251,
       101, 52, 200, 243, 74, 3, 212, 172, 157, 114, 168, 109, 69, 154,
       178, 191, 161, 24, 215, 243, 64, 59, 129, 215, 108, 26, 59, 103,
       219, 34, 217, 131, 117, 124, 224, 113, 135, 34, 208, 140, 157,
       116, 168, 44, 68, 183, 178, 187, 162, 120, 119, 243, 64, 91, 163,
       246, 108, 0, 57, 77, 139, 35, 217, 162, 117, 24, 232, 240, 130,
       11, 229, 180, 149, 1, 141, 111, 196, 138, 91, 243, 129, 24, 214,
       48, 93, 191, 129, 70, 120, 57, 63, 100, 251, 18, 141, 154, 85,
       126, 216, 121, 210, 36, 208, 168, 158, 117, 136, 168, 65, 7, 182,
       151, 162, 24, 183, 163, 64, 91, 33, 38, 104, 24, 58, 77, 131, 33,
       217, 162, 116, 88, 160, 64, 199, 42, 100, 32, 153, 97, 9, 47, 67,
       8, 98, 176, 33, 8, 214, 19, 73, 26, 145, 84, 72, 122, 8, 112, 217,
       16, 205, 153, 1, 116, 208, 35, 66, 34, 101, 101, 17, 71, 21, 78,
       102, 40, 112, 160, 107, 8, 211, 49, 9, 52, 152, 196, 64, 106, 105,
       240, 217, 14, 101, 190, 5, 20, 72, 51, 66, 34, 85, 95, 223, 197,
       146, 6, 46, 180, 172, 128, 138, 230, 213, 114, 165, 102, 54, 117,
       120, 234, 193, 153, 21, 108, 184, 174, 47, 0, 136, 243, 33, 49,
       225, 188, 255, 22, 238, 173, 181, 215, 250, 255, 112, 125, 52,
       252, 214, 59, 167, 111, 118, 21, 183, 127, 190, 99, 125, 58, 117,
       170, 201, 80, 195, 223, 76, 102, 149, 231, 160, 106, 103, 156, 49,
       170, 11, 96, 215, 39, 201, 126, 19, 84, 108, 106, 73, 212, 233,
       42, 229, 182, 101, 148, 162, 243, 6, 49, 81, 71, 77, 101, 180, 10,
       110, 63, 116, 160, 122, 196, 243, 97, 144, 112, 18, 230, 108, 110,
       233, 184, 77, 46, 228, 174, 37, 128, 108, 242, 210, 40, 213, 85,
       29, 101, 176, 14, 71, 57, 96, 234, 171, 76, 215, 51, 129, 115, 20,
       196, 108, 110, 233, 225, 217, 12, 225, 171, 101, 16, 104, 243, 66,
       33, 213, 79, 77, 101, 180, 10, 103, 188, 116, 162, 106, 224, 211,
       97, 145, 112, 18, 68, 108, 110, 233, 176, 77, 46, 228, 175, 37, 0,
       108, 242, 80, 32, 202, 172, 148, 58, 137, 253, 20, 143, 187, 55,
       160, 25, 174, 187, 66, 155, 129, 83, 233, 16, 62, 79, 218, 179,
       171, 211, 93, 123, 210, 84, 143, 10, 202, 93, 175, 183, 172, 102,
       29, 182, 148, 250, 138, 85, 244, 191, 17, 107, 197, 119, 125, 71,
       233, 201, 211, 42, 233, 179, 255, 144, 136, 113, 149, 123, 202,
       172, 148, 58, 137, 253, 20, 143, 187, 55, 160, 25, 174, 250, 64,
       159, 129, 115, 232, 17, 54, 79, 218, 179, 155, 210, 93, 123, 210,
       84, 143, 14, 213, 81, 93, 100, 40, 14, 71, 188, 224, 250, 162, 76,
       87, 115, 129, 115, 4, 212, 124, 106, 233, 225, 249, 8, 241, 171,
       101, 20, 104, 178, 66, 49, 81, 253, 142, 190, 153, 196, 54, 239,
       182, 223, 202, 7, 230, 234, 58, 83, 225, 227, 105, 213, 126, 203,
       155, 111, 249, 167, 222, 27, 136, 82, 169, 90, 84, 237, 30, 182,
       146, 140, 62, 224, 188, 132, 203, 143, 239, 235, 35, 80, 182, 229,
       105, 71, 100, 193, 154, 110, 248, 231, 15, 17, 40, 51, 43, 2, 76,
       157, 185, 118, 233, 236, 119, 182, 187, 187, 46, 8, 254, 247, 73,
       114, 129, 119, 125, 74, 82, 88, 186, 51, 239, 255, 117, 107, 130,
       115, 135, 107, 21, 239, 46, 39, 52, 15, 103, 184, 102, 172, 203,
       69, 215, 96, 27, 64, 176, 108, 110, 111, 196, 177, 77, 44, 236,
       175, 39, 4, 64, 187, 81, 192, 220, 188, 157, 118, 168, 105, 69,
       154, 178, 191, 165, 120, 215, 243, 72, 27, 1, 246, 108, 26, 56,
       101, 203, 34, 217, 195, 117, 60, 224, 241, 134, 33, 209, 142, 151,
       52, 138, 168, 69, 183, 178, 147, 162, 88, 247, 179, 64, 91, 35,
       247, 108, 0, 57, 77, 131, 35, 216, 162, 116, 24, 168, 64, 131, 8,
       244, 111, 237, 167, 168, 74, 79, 156, 34, 238, 138, 173, 215, 103,
       65, 27, 17, 212, 109, 118, 104, 84, 233, 42, 237, 163, 229, 181,
       160, 243, 22, 114, 197, 180, 181, 19, 172, 111, 165, 158, 122,
