%YAML:1.0
---
descriptors: !!opencv-matrix
   rows: 208
   cols: 32
   dt: u
   data: [ 45, 96, 57, 111, 77, 111, 71, 136, 67, 228, 173, 8, 210, 85,
       9, 48, 216, 92, 80, 106, 9, 114, 249, 24, 229, 217, 1, 52, 80,
       123, 86, 226, 92, 52, 189, 114, 136, 108, 81, 26, 179, 191, 167,
       24, 87, 247, 73, 58, 1, 212, 108, 26, 56, 71, 250, 2, 219, 199,
       117, 125, 226, 225, 6, 34, 252, 52, 189, 114, 168, 111, 83, 152,
       179, 191, 165, 24, 87, 247, 73, 59, 19, 212, 108, 58, 56, 71, 251,
       2, 219, 195, 101, 125, 226, 227, 6, 99, 89, 157, 21, 69, 176, 46,
       71, 189, 96, 168, 174, 68, 247, 115, 128, 115, 20, 230, 108, 110,
       249, 137, 57, 45, 224, 171, 101, 16, 106, 242, 194, 41, 104, 176,
       59, 112, 57, 237, 81, 83, 235, 61, 44, 24, 54, 151, 64, 56, 129,
       58, 108, 24, 18, 109, 178, 17, 219, 221, 48, 123, 194, 0, 71, 107,
       213, 93, 31, 102, 168, 78, 71, 189, 240, 250, 162, 92, 119, 115,
       137, 243, 0, 244, 124, 106, 105, 229, 185, 42, 177, 235, 101, 16,
       104, 242, 194, 57, 253, 86, 87, 103, 5, 30, 71, 184, 117, 170,
       227, 68, 83, 81, 137, 244, 112, 196, 108, 110, 233, 181, 125, 46,
       240, 239, 101, 20, 107, 183, 96, 37, 92, 66, 220, 182, 40, 40, 64,
       136, 179, 182, 167, 153, 199, 227, 75, 90, 51, 196, 108, 30, 12,
       69, 207, 0, 210, 231, 113, 29, 160, 243, 74, 2, 65, 168, 252, 82,
       170, 248, 57, 39, 254, 81, 166, 152, 183, 178, 210, 123, 7, 55,
       120, 28, 23, 73, 231, 113, 220, 139, 94, 120, 196, 192, 139, 12,
       208, 172, 253, 117, 180, 107, 223, 174, 122, 182, 170, 24, 247,
       104, 16, 35, 147, 71, 108, 41, 252, 252, 237, 46, 233, 239, 117,
       20, 100, 248, 215, 96, 245, 124, 172, 181, 140, 111, 87, 154, 114,
       250, 134, 25, 215, 125, 91, 59, 153, 212, 125, 59, 104, 86, 251,
       34, 205, 195, 253, 52, 136, 121, 86, 82, 93, 69, 125, 103, 18, 79,
       79, 184, 101, 160, 239, 64, 83, 115, 25, 112, 50, 212, 92, 106,
       233, 176, 125, 46, 231, 239, 33, 20, 104, 187, 64, 32, 120, 251,
       88, 32, 234, 137, 80, 159, 34, 45, 188, 173, 47, 131, 194, 16,
       183, 163, 197, 16, 30, 11, 130, 21, 250, 197, 37, 249, 40, 130,
       138, 147, 252, 102, 149, 118, 169, 44, 84, 152, 115, 187, 177,
       120, 223, 243, 73, 155, 149, 212, 108, 26, 40, 103, 203, 2, 219,
       219, 117, 60, 226, 249, 66, 3, 244, 76, 92, 102, 168, 106, 87,
       168, 160, 178, 167, 24, 215, 115, 9, 91, 3, 245, 108, 106, 104,
       229, 201, 46, 241, 235, 101, 21, 96, 243, 68, 34, 248, 48, 249,
       114, 137, 237, 81, 222, 162, 183, 164, 24, 27, 151, 64, 186, 1,
       150, 196, 24, 26, 111, 250, 48, 219, 201, 117, 121, 227, 193, 198,
       98, 119, 109, 213, 167, 139, 38, 94, 168, 51, 242, 171, 201, 79,
       119, 73, 147, 151, 215, 120, 226, 125, 66, 219, 190, 187, 246,
       205, 62, 168, 243, 2, 16, 108, 101, 117, 101, 53, 90, 119, 184,
       121, 168, 127, 8, 219, 109, 153, 52, 16, 220, 236, 106, 236, 240,
       237, 14, 231, 255, 33, 21, 99, 183, 70, 38, 72, 157, 29, 123, 153,
       237, 85, 175, 30, 55, 46, 24, 182, 55, 0, 115, 129, 86, 104, 0,
       58, 72, 123, 63, 237, 247, 84, 87, 16, 88, 132, 42, 92, 69, 174,
       231, 21, 70, 111, 40, 48, 166, 207, 2, 121, 115, 9, 82, 112, 244,
       121, 234, 104, 211, 137, 14, 243, 239, 207, 5, 34, 243, 100, 34,
       109, 116, 181, 101, 37, 31, 118, 56, 105, 232, 63, 77, 218, 61,
       159, 178, 148, 68, 124, 110, 196, 240, 249, 12, 231, 251, 97, 182,
       74, 247, 66, 119, 216, 166, 189, 116, 136, 233, 81, 31, 242, 183,
       166, 24, 183, 183, 64, 59, 1, 214, 108, 16, 58, 109, 226, 3, 217,
       195, 117, 121, 224, 192, 198, 106, 249, 172, 159, 54, 172, 236,
       80, 23, 178, 91, 164, 25, 183, 243, 66, 59, 129, 230, 125, 8, 63,
       79, 210, 35, 219, 235, 240, 57, 160, 192, 202, 74, 208, 184, 190,
       50, 136, 237, 17, 31, 230, 115, 166, 24, 183, 145, 66, 59, 129,
       51, 108, 17, 27, 109, 211, 49, 217, 195, 113, 89, 232, 64, 135,
       10, 129, 142, 223, 251, 164, 171, 105, 159, 118, 19, 98, 208, 183,
       227, 240, 105, 115, 106, 34, 28, 51, 220, 15, 49, 204, 136, 119,
       64, 176, 192, 225, 168, 232, 180, 188, 99, 153, 109, 17, 141, 59,
       63, 37, 24, 198, 49, 74, 27, 145, 22, 232, 16, 50, 108, 251, 19,
       207, 215, 85, 119, 210, 74, 135, 34, 124, 225, 14, 62, 153, 196,
       95, 232, 177, 64, 237, 9, 114, 247, 43, 16, 216, 224, 121, 238,
       74, 3, 218, 47, 243, 255, 133, 25, 72, 51, 234, 66, 205, 112, 177,
       86, 105, 108, 49, 0, 235, 218, 37, 56, 158, 151, 77, 63, 128, 93,
       96, 2, 1, 102, 242, 64, 71, 217, 85, 47, 194, 113, 71, 163, 244,
       160, 156, 114, 136, 105, 17, 11, 178, 191, 165, 25, 151, 183, 74,
       27, 129, 151, 237, 16, 58, 71, 203, 0, 219, 195, 117, 125, 224,
       64, 134, 98, 102, 37, 150, 30, 137, 237, 22, 233, 159, 146, 169,
       25, 230, 226, 105, 157, 217, 227, 234, 35, 46, 67, 218, 63, 177,
       22, 77, 59, 208, 127, 170, 6, 249, 174, 190, 48, 169, 172, 88,
       147, 163, 251, 188, 185, 191, 247, 66, 27, 167, 247, 253, 28, 62,
       79, 194, 34, 219, 219, 117, 249, 162, 196, 142, 75, 120, 176, 59,
       112, 59, 237, 81, 86, 235, 29, 44, 24, 62, 151, 64, 56, 163, 58,
       76, 16, 18, 105, 178, 17, 219, 221, 48, 123, 194, 0, 71, 107, 133,
       198, 216, 99, 176, 63, 71, 154, 119, 59, 63, 124, 211, 96, 202,
       112, 23, 78, 12, 126, 187, 180, 109, 55, 238, 143, 37, 116, 248,
       219, 200, 1, 93, 38, 220, 71, 149, 62, 106, 152, 97, 162, 175, 68,
       75, 98, 159, 254, 51, 196, 108, 254, 173, 144, 237, 42, 174, 255,
       37, 20, 235, 243, 74, 4, 72, 56, 155, 120, 40, 204, 97, 18, 160,
       25, 166, 40, 191, 151, 64, 122, 38, 52, 108, 24, 3, 73, 179, 65,
       193, 225, 112, 72, 32, 128, 39, 59, 230, 170, 188, 94, 234, 241,
       17, 207, 171, 159, 164, 185, 36, 247, 206, 27, 135, 115, 237, 16,
       50, 79, 170, 113, 155, 147, 117, 255, 128, 96, 135, 107, 212, 47,
       189, 247, 172, 47, 71, 187, 240, 190, 178, 24, 247, 97, 65, 3,
       131, 119, 109, 107, 56, 109, 201, 42, 232, 163, 101, 52, 64, 248,
       135, 41, 244, 124, 188, 247, 140, 111, 87, 158, 50, 186, 142, 24,
       215, 49, 81, 59, 129, 214, 125, 91, 40, 100, 219, 34, 205, 195,
       245, 53, 136, 121, 214, 50, 101, 180, 149, 210, 188, 173, 71, 175,
       123, 59, 169, 88, 214, 240, 76, 56, 153, 218, 110, 18, 59, 106,
       219, 51, 169, 158, 85, 126, 208, 90, 194, 35, 165, 237, 29, 127,
       220, 205, 103, 252, 246, 2, 109, 0, 243, 241, 9, 96, 89, 106, 98,
       74, 99, 106, 218, 63, 229, 175, 39, 40, 88, 123, 194, 168, 85, 69,
       127, 103, 148, 78, 71, 184, 117, 160, 235, 64, 83, 113, 25, 112,
       112, 196, 72, 106, 105, 177, 25, 14, 243, 239, 5, 20, 97, 243, 96,
       32, 192, 152, 189, 94, 136, 237, 145, 15, 222, 19, 160, 24, 246,
       244, 68, 123, 129, 115, 120, 16, 50, 109, 219, 49, 201, 186, 85,
       122, 208, 72, 133, 42, 252, 100, 213, 118, 169, 104, 68, 136, 179,
       178, 163, 24, 207, 227, 73, 155, 131, 212, 236, 34, 108, 103, 203,
       34, 210, 243, 85, 61, 226, 241, 78, 0, 124, 176, 249, 114, 136,
       253, 81, 218, 226, 183, 164, 24, 19, 247, 72, 58, 9, 146, 236, 24,
       27, 111, 250, 48, 219, 201, 117, 121, 225, 192, 198, 114, 85, 228,
       132, 54, 137, 36, 70, 232, 243, 179, 169, 24, 70, 226, 73, 155,
       177, 199, 104, 227, 124, 67, 219, 34, 185, 214, 69, 63, 224, 115,
       162, 6, 124, 164, 156, 118, 137, 38, 79, 168, 178, 183, 175, 24,
       83, 99, 74, 91, 17, 198, 104, 254, 120, 67, 219, 50, 235, 235,
       213, 125, 160, 115, 234, 2, 148, 140, 30, 119, 144, 110, 71, 239,
       52, 178, 167, 16, 115, 115, 8, 81, 113, 246, 108, 162, 120, 205,
       25, 46, 249, 227, 101, 21, 32, 112, 228, 34, 36, 197, 165, 105,
       152, 79, 71, 184, 86, 176, 171, 72, 211, 103, 9, 112, 81, 220,
       104, 126, 107, 208, 121, 31, 237, 142, 5, 52, 208, 251, 68, 48,
       192, 172, 157, 251, 200, 237, 17, 143, 190, 31, 32, 24, 182, 179,
