%YAML:1.0
---
descriptors: !!opencv-matrix
   rows: 142
   cols: 32
   dt: u
   data: [ 134, 172, 246, 223, 236, 169, 252, 255, 191, 179, 246, 154,
       236, 239, 84, 91, 111, 239, 127, 153, 178, 255, 207, 243, 158, 62,
       223, 232, 151, 216, 225, 137, 216, 176, 188, 240, 41, 253, 80, 27,
       187, 251, 164, 24, 191, 191, 66, 59, 165, 183, 253, 16, 63, 79,
       242, 145, 219, 219, 113, 123, 194, 64, 71, 123, 246, 237, 214,
       191, 252, 43, 238, 236, 63, 178, 251, 26, 239, 235, 29, 81, 123,
       223, 127, 227, 120, 247, 203, 255, 190, 254, 207, 148, 229, 123,
       241, 160, 240, 161, 253, 112, 136, 201, 81, 87, 162, 53, 164, 56,
       55, 183, 64, 58, 1, 146, 109, 16, 26, 107, 226, 17, 219, 129, 117,
       121, 224, 128, 198, 106, 36, 81, 57, 77, 92, 79, 71, 40, 104, 224,
       107, 8, 210, 17, 13, 176, 144, 28, 64, 106, 65, 176, 121, 12, 37,
       188, 1, 52, 80, 59, 70, 160, 109, 7, 21, 103, 180, 46, 103, 188,
       112, 170, 122, 76, 211, 97, 145, 112, 21, 70, 108, 110, 233, 176,
       109, 46, 236, 239, 37, 20, 104, 243, 210, 33, 252, 44, 220, 118,
       141, 61, 84, 223, 147, 191, 180, 25, 43, 233, 73, 155, 137, 246,
       236, 16, 58, 111, 218, 162, 219, 219, 85, 61, 227, 248, 206, 10,
       212, 188, 221, 119, 168, 110, 69, 191, 178, 191, 166, 88, 87, 119,
       72, 123, 1, 86, 109, 24, 57, 205, 251, 40, 201, 163, 117, 84, 160,
       224, 134, 121, 93, 221, 121, 239, 180, 78, 79, 188, 116, 234, 255,
       96, 247, 119, 137, 112, 86, 214, 28, 106, 233, 144, 105, 63, 227,
       239, 37, 148, 32, 243, 196, 41, 44, 112, 189, 99, 45, 127, 83,
       152, 91, 251, 53, 24, 223, 29, 75, 59, 145, 84, 124, 122, 35, 102,
       251, 16, 207, 223, 69, 52, 210, 251, 70, 115, 69, 99, 17, 69, 116,
       14, 98, 56, 105, 168, 115, 76, 214, 0, 157, 52, 144, 76, 76, 110,
       193, 176, 249, 12, 37, 188, 33, 4, 74, 179, 66, 33, 101, 113, 145,
       69, 49, 15, 118, 56, 104, 232, 107, 12, 214, 49, 9, 178, 144, 68,
       96, 106, 193, 240, 209, 12, 37, 188, 1, 6, 72, 51, 67, 34, 200,
       188, 189, 115, 169, 253, 85, 191, 123, 127, 36, 24, 190, 63, 72,
       59, 133, 83, 253, 24, 51, 108, 251, 51, 207, 219, 85, 127, 210,
       80, 135, 123, 232, 252, 189, 123, 169, 237, 21, 159, 155, 127, 36,
       24, 190, 63, 66, 59, 135, 83, 249, 16, 51, 110, 250, 51, 239, 219,
       84, 123, 210, 88, 135, 123, 248, 188, 252, 114, 168, 237, 81, 215,
       178, 191, 164, 24, 23, 247, 64, 27, 1, 246, 109, 24, 58, 79, 250,
       50, 217, 195, 117, 124, 224, 192, 198, 107, 69, 71, 93, 101, 52,
       14, 111, 184, 116, 168, 123, 68, 211, 97, 153, 112, 18, 196, 108,
       110, 233, 176, 77, 14, 228, 174, 33, 20, 72, 179, 66, 33, 248,
       190, 220, 114, 168, 173, 84, 223, 179, 191, 164, 29, 55, 227, 74,
       27, 133, 231, 237, 20, 62, 79, 218, 51, 219, 195, 117, 125, 232,
       208, 202, 11, 133, 85, 95, 103, 176, 14, 111, 184, 116, 234, 127,
       100, 215, 115, 153, 112, 54, 76, 60, 110, 225, 144, 125, 46, 230,
       239, 37, 132, 40, 243, 65, 49, 240, 162, 252, 112, 136, 233, 81,
       87, 162, 53, 164, 24, 51, 151, 64, 27, 1, 146, 109, 16, 26, 79,
       226, 17, 219, 193, 116, 121, 224, 128, 198, 42, 248, 188, 156, 50,
       169, 173, 84, 223, 179, 187, 160, 93, 63, 243, 74, 155, 129, 231,
       237, 20, 62, 79, 218, 51, 218, 195, 117, 253, 232, 212, 138, 11,
       248, 174, 222, 120, 138, 233, 81, 215, 178, 23, 164, 185, 55, 167,
       66, 27, 35, 179, 237, 144, 58, 79, 130, 51, 219, 195, 116, 121,
       160, 192, 142, 74, 109, 71, 96, 7, 116, 26, 238, 40, 120, 236,
       127, 200, 195, 96, 159, 148, 18, 76, 68, 110, 228, 176, 205, 46,
       36, 60, 33, 4, 70, 191, 90, 196, 252, 38, 255, 112, 170, 105, 81,
       87, 176, 191, 166, 56, 19, 167, 192, 27, 39, 148, 109, 24, 56,
       103, 163, 0, 219, 203, 117, 52, 227, 224, 198, 99, 130, 172, 246,
       223, 238, 169, 252, 207, 191, 179, 242, 26, 236, 234, 84, 75, 107,
       235, 127, 144, 178, 255, 203, 243, 158, 58, 223, 232, 149, 216,
       225, 137, 197, 184, 156, 16, 168, 173, 1, 159, 170, 185, 160, 92,
       150, 147, 72, 27, 133, 87, 104, 24, 51, 77, 219, 112, 217, 146,
       87, 126, 136, 64, 131, 35, 194, 172, 254, 223, 236, 169, 252, 207,
       191, 179, 242, 154, 237, 238, 84, 75, 239, 235, 127, 145, 178,
       255, 207, 243, 158, 251, 255, 232, 149, 72, 225, 137, 252, 172,
       220, 118, 137, 109, 85, 191, 163, 183, 165, 25, 99, 247, 74, 27,
       137, 214, 237, 0, 56, 79, 218, 32, 219, 211, 85, 63, 227, 240,
       198, 2, 244, 168, 252, 118, 140, 237, 84, 207, 219, 183, 180, 25,
       35, 233, 78, 27, 137, 246, 236, 16, 58, 111, 218, 34, 219, 219,
       85, 123, 193, 216, 206, 10, 220, 188, 221, 246, 168, 110, 85, 191,
       178, 191, 167, 25, 119, 119, 8, 91, 1, 246, 237, 24, 56, 205, 251,
       36, 203, 227, 117, 85, 160, 224, 134, 123, 93, 221, 125, 239, 176,
       14, 79, 184, 116, 170, 255, 104, 247, 119, 137, 112, 22, 246, 92,
       106, 233, 176, 121, 47, 233, 239, 37, 144, 96, 243, 64, 33, 197,
       103, 144, 39, 176, 14, 110, 184, 121, 160, 43, 68, 223, 98, 201,
       114, 183, 77, 108, 126, 228, 208, 205, 74, 172, 254, 39, 4, 136,
       243, 3, 1, 182, 229, 246, 255, 252, 43, 238, 232, 127, 162, 251,
       10, 239, 234, 29, 65, 127, 207, 127, 227, 248, 243, 203, 255, 190,
       254, 207, 180, 101, 251, 243, 128, 69, 231, 17, 35, 176, 15, 102,
       184, 122, 184, 43, 76, 222, 96, 217, 48, 149, 76, 108, 126, 195,
       112, 217, 22, 172, 156, 37, 100, 200, 179, 67, 1, 226, 253, 150,
       252, 221, 237, 246, 230, 191, 146, 234, 24, 174, 186, 37, 83, 201,
       251, 123, 65, 120, 235, 210, 254, 187, 254, 214, 59, 208, 89, 242,
       138, 252, 125, 188, 246, 189, 47, 94, 184, 251, 186, 191, 12, 223,
       255, 73, 27, 151, 215, 125, 122, 232, 103, 251, 190, 251, 255,
       101, 188, 202, 243, 194, 19, 51, 175, 106, 152, 254, 177, 216,
       231, 223, 85, 152, 191, 32, 236, 118, 0, 239, 171, 23, 149, 158,
       43, 38, 247, 26, 28, 144, 251, 213, 12, 244, 223, 102, 237, 198,
       143, 252, 11, 238, 236, 63, 162, 251, 2, 236, 234, 61, 80, 123,
       207, 127, 227, 104, 243, 203, 255, 188, 190, 143, 140, 181, 123,
       227, 128, 61, 83, 122, 236, 117, 87, 95, 120, 69, 204, 255, 102,
       91, 93, 191, 240, 126, 188, 151, 234, 201, 179, 32, 140, 115, 237,
       161, 129, 119, 175, 124, 243, 246, 229, 134, 254, 221, 47, 110,
       236, 63, 178, 233, 26, 234, 234, 61, 83, 249, 207, 123, 226, 104,
       103, 219, 255, 191, 254, 207, 62, 145, 123, 226, 134, 232, 253,
       188, 255, 173, 253, 87, 182, 255, 59, 172, 24, 190, 249, 68, 59,
       137, 242, 253, 90, 122, 110, 250, 179, 239, 223, 84, 123, 210, 89,
       198, 42, 240, 188, 255, 82, 171, 249, 81, 199, 251, 251, 164, 56,
       58, 254, 198, 63, 163, 242, 236, 16, 63, 111, 186, 115, 27, 223,
       85, 123, 227, 192, 206, 63, 248, 172, 156, 112, 138, 233, 85, 223,
       179, 183, 164, 185, 23, 167, 66, 27, 35, 247, 237, 16, 58, 79,
       138, 50, 219, 195, 117, 125, 224, 64, 134, 106, 109, 103, 132, 7,
       52, 30, 102, 184, 121, 168, 123, 76, 195, 32, 153, 214, 144, 68,
       108, 110, 224, 240, 205, 14, 36, 190, 101, 4, 74, 179, 82, 5, 159,
       64, 229, 7, 66, 94, 239, 184, 48, 226, 103, 198, 89, 102, 159,
       191, 54, 197, 51, 238, 229, 212, 61, 74, 36, 42, 205, 4, 111, 247,
       35, 244, 240, 160, 252, 112, 136, 233, 81, 71, 162, 53, 164, 25,
       55, 135, 66, 27, 1, 146, 105, 16, 26, 79, 130, 17, 219, 129, 80,
       121, 224, 128, 134, 42, 128, 184, 157, 121, 72, 205, 33, 91, 182,
       51, 96, 88, 183, 247, 64, 27, 1, 58, 106, 24, 51, 92, 210, 17,
       205, 131, 113, 120, 216, 128, 7, 170, 5, 117, 16, 71, 117, 31,
       102, 184, 121, 168, 123, 76, 214, 112, 141, 180, 148, 76, 68, 110,
       229, 176, 217, 14, 36, 190, 37, 4, 74, 179, 75, 133, 37, 113, 17,
       71, 117, 15, 230, 56, 108, 224, 107, 76, 214, 80, 29, 180, 144,
       76, 80, 106, 197, 176, 89, 28, 37, 156, 1, 52, 74, 59, 66, 148,
