%YAML:1.0
---
descriptors: !!opencv-matrix
   rows: 296
   cols: 32
   dt: u
   data: [ 252, 172, 253, 118, 136, 110, 69, 191, 178, 183, 164, 24, 83,
       119, 64, 27, 1, 214, 108, 42, 56, 111, 251, 46, 249, 235, 117, 60,
       224, 240, 198, 106, 125, 93, 125, 103, 180, 78, 79, 184, 96, 232,
       191, 108, 83, 115, 137, 115, 22, 212, 92, 106, 201, 176, 249, 46,
       227, 233, 101, 148, 106, 243, 66, 113, 80, 69, 93, 101, 148, 14,
       71, 61, 96, 164, 170, 8, 215, 115, 0, 115, 50, 228, 108, 106, 104,
       161, 113, 44, 225, 239, 37, 16, 96, 178, 194, 32, 93, 221, 123,
       239, 180, 78, 79, 188, 116, 234, 254, 68, 215, 119, 137, 112, 54,
       214, 28, 106, 249, 176, 121, 46, 227, 239, 37, 148, 40, 243, 192,
       49, 236, 180, 189, 251, 237, 253, 81, 25, 255, 127, 165, 24, 222,
       253, 74, 60, 153, 26, 255, 16, 58, 110, 250, 147, 207, 223, 81,
       127, 210, 74, 198, 226, 69, 103, 148, 39, 160, 62, 110, 152, 121,
       170, 59, 96, 223, 98, 201, 250, 151, 69, 108, 126, 148, 208, 201,
       74, 172, 254, 103, 132, 128, 243, 201, 5, 69, 253, 149, 67, 145,
       12, 38, 184, 106, 248, 43, 76, 254, 112, 77, 182, 145, 70, 104,
       126, 195, 112, 219, 53, 45, 190, 5, 102, 72, 51, 67, 15, 77, 99,
       17, 101, 52, 14, 98, 56, 104, 168, 123, 76, 215, 81, 153, 176,
       144, 76, 68, 110, 193, 176, 209, 14, 37, 188, 33, 4, 72, 179, 66,
       33, 129, 245, 19, 69, 85, 30, 230, 53, 120, 200, 106, 76, 246, 48,
       20, 180, 180, 108, 80, 110, 229, 240, 149, 15, 36, 184, 4, 2, 72,
       50, 195, 141, 221, 144, 188, 247, 172, 44, 89, 159, 187, 251, 183,
       48, 223, 247, 72, 123, 199, 87, 125, 24, 186, 77, 251, 129, 203,
       251, 119, 252, 128, 224, 131, 99, 216, 176, 189, 250, 169, 236,
       81, 223, 187, 127, 180, 28, 191, 247, 72, 59, 133, 151, 253, 24,
       187, 79, 250, 49, 219, 251, 127, 251, 162, 192, 134, 123, 249,
       188, 190, 122, 169, 253, 81, 215, 251, 123, 164, 28, 191, 255, 70,
       123, 133, 183, 253, 24, 59, 111, 242, 179, 219, 251, 85, 122, 194,
       72, 199, 123, 232, 188, 180, 122, 173, 237, 85, 223, 255, 251,
       180, 28, 191, 253, 64, 59, 205, 247, 253, 16, 187, 111, 250, 179,
       219, 251, 85, 122, 194, 76, 198, 123, 230, 188, 214, 223, 255,
       173, 124, 207, 63, 187, 243, 58, 236, 250, 124, 91, 239, 223, 255,
       145, 50, 255, 203, 243, 158, 62, 223, 254, 149, 121, 241, 139,
       232, 252, 189, 255, 173, 253, 85, 182, 255, 91, 188, 24, 190, 61,
       0, 59, 201, 114, 253, 66, 123, 108, 250, 183, 239, 223, 84, 123,
       210, 89, 198, 58, 226, 172, 246, 251, 253, 165, 252, 239, 191, 27,
       243, 18, 237, 254, 92, 91, 239, 239, 127, 145, 186, 126, 203, 243,
       63, 254, 223, 238, 213, 80, 227, 139, 230, 172, 246, 219, 254,
       171, 252, 207, 191, 179, 250, 18, 237, 234, 124, 91, 239, 239,
       127, 145, 178, 255, 203, 243, 190, 254, 223, 240, 149, 248, 243,
       129, 236, 52, 189, 97, 160, 111, 113, 27, 123, 251, 63, 24, 223,
       127, 72, 59, 149, 22, 125, 56, 59, 116, 241, 2, 207, 219, 117,
       116, 192, 192, 199, 115, 204, 92, 189, 231, 32, 110, 127, 152, 48,
       234, 247, 8, 215, 119, 137, 123, 182, 212, 125, 106, 233, 212,
       249, 42, 199, 251, 97, 148, 96, 243, 71, 51, 204, 92, 253, 231,
       36, 110, 123, 152, 57, 234, 119, 96, 223, 119, 137, 123, 246, 213,
       125, 106, 161, 212, 249, 106, 199, 251, 99, 132, 192, 243, 70,
       113, 232, 253, 189, 122, 249, 221, 151, 230, 223, 95, 172, 25,
       190, 253, 70, 51, 137, 114, 249, 66, 122, 111, 250, 55, 235, 215,
       85, 123, 210, 88, 198, 251, 204, 52, 189, 97, 161, 110, 121, 25,
       59, 255, 47, 56, 220, 119, 77, 59, 151, 85, 125, 56, 177, 212,
       249, 66, 207, 255, 117, 230, 194, 227, 135, 115, 240, 172, 253,
       114, 136, 236, 69, 151, 178, 23, 175, 24, 55, 183, 64, 91, 1, 246,
       108, 24, 58, 77, 250, 51, 217, 162, 116, 120, 224, 209, 198, 106,
       197, 103, 133, 183, 172, 46, 70, 156, 122, 250, 139, 93, 214, 104,
       89, 187, 149, 102, 108, 127, 189, 80, 219, 34, 172, 30, 77, 116,
       136, 123, 211, 5, 205, 20, 157, 197, 160, 62, 97, 26, 121, 234,
       102, 84, 222, 51, 65, 123, 149, 84, 120, 44, 161, 212, 241, 74,
       199, 251, 67, 4, 138, 241, 1, 49, 125, 117, 156, 103, 185, 15,
       119, 184, 121, 170, 239, 12, 223, 115, 11, 16, 179, 204, 108, 106,
       96, 242, 217, 46, 247, 255, 37, 4, 106, 243, 202, 3, 240, 186,
       255, 112, 138, 233, 81, 215, 178, 151, 164, 57, 55, 231, 64, 27,
       35, 179, 109, 16, 58, 79, 170, 49, 219, 195, 116, 121, 224, 192,
       134, 107, 232, 184, 156, 122, 137, 237, 16, 143, 187, 55, 164, 25,
       174, 179, 66, 155, 129, 19, 233, 16, 62, 111, 218, 51, 219, 211,
       84, 123, 210, 64, 142, 10, 69, 71, 95, 101, 52, 10, 110, 48, 116,
       168, 122, 100, 211, 33, 145, 112, 18, 100, 76, 110, 233, 176, 69,
       14, 164, 174, 33, 0, 104, 179, 82, 33, 244, 110, 172, 246, 138,
       32, 85, 159, 162, 182, 134, 185, 87, 231, 67, 91, 65, 214, 109,
       138, 104, 71, 203, 34, 209, 163, 245, 61, 160, 241, 134, 114, 237,
       99, 85, 103, 44, 14, 71, 184, 96, 168, 175, 76, 211, 97, 153, 179,
       16, 196, 108, 110, 201, 240, 237, 40, 230, 249, 101, 20, 106, 243,
       66, 32, 133, 95, 159, 127, 176, 14, 111, 188, 126, 234, 90, 100,
       245, 115, 153, 97, 55, 110, 54, 110, 225, 208, 125, 111, 228, 175,
       103, 128, 12, 243, 129, 177, 96, 168, 157, 250, 200, 205, 17, 207,
       170, 19, 160, 24, 182, 211, 72, 91, 129, 18, 106, 16, 50, 111,
       218, 49, 221, 130, 117, 61, 208, 72, 135, 170, 252, 188, 252, 118,
       136, 108, 85, 190, 178, 191, 164, 24, 119, 247, 73, 27, 1, 246,
       109, 10, 56, 111, 251, 34, 217, 227, 117, 61, 226, 240, 198, 106,
       252, 164, 252, 118, 141, 109, 85, 223, 243, 183, 165, 24, 67, 241,
       75, 31, 9, 214, 236, 24, 56, 103, 219, 34, 219, 219, 85, 61, 227,
       248, 198, 34, 149, 188, 219, 255, 180, 47, 111, 191, 54, 170, 223,
       112, 247, 119, 137, 112, 119, 255, 29, 170, 249, 148, 105, 63,
       237, 239, 55, 132, 164, 243, 161, 41, 237, 112, 189, 99, 108, 111,
       83, 152, 123, 250, 181, 24, 223, 93, 89, 59, 157, 212, 124, 122,
       171, 116, 249, 2, 207, 219, 101, 52, 194, 251, 70, 115, 246, 236,
       254, 255, 238, 171, 254, 238, 191, 179, 243, 146, 253, 235, 93,
       75, 127, 255, 127, 147, 178, 119, 203, 251, 255, 255, 255, 189,
       149, 249, 227, 137, 236, 176, 189, 115, 237, 125, 81, 152, 91,
       127, 37, 24, 222, 125, 72, 58, 153, 26, 253, 58, 59, 102, 251,
       147, 207, 223, 81, 127, 210, 75, 86, 243, 104, 180, 189, 250, 189,
       253, 81, 31, 223, 127, 173, 24, 190, 253, 76, 59, 137, 18, 251,
       16, 58, 106, 250, 147, 207, 223, 16, 127, 210, 76, 215, 106, 230,
       164, 244, 255, 173, 47, 110, 239, 63, 187, 187, 26, 235, 234, 93,
       31, 217, 207, 127, 146, 186, 103, 203, 251, 191, 254, 215, 254,
       212, 251, 242, 7, 246, 180, 244, 255, 173, 47, 222, 254, 223, 187,
       185, 24, 202, 251, 93, 31, 217, 199, 127, 51, 250, 103, 203, 243,
       191, 222, 215, 254, 210, 251, 194, 3, 236, 252, 180, 254, 173, 47,
       222, 188, 223, 187, 181, 24, 207, 249, 89, 27, 221, 214, 127, 50,
       184, 103, 203, 186, 187, 255, 85, 126, 194, 253, 210, 3, 69, 103,
       144, 39, 176, 42, 110, 152, 121, 170, 107, 64, 207, 98, 201, 218,
       146, 68, 108, 126, 148, 208, 205, 74, 172, 255, 103, 4, 128, 243,
       75, 4, 252, 252, 244, 119, 173, 63, 86, 188, 255, 186, 183, 24,
       223, 127, 89, 27, 157, 215, 253, 122, 250, 103, 251, 187, 255,
       219, 117, 182, 194, 251, 194, 3, 116, 101, 189, 100, 15, 79, 87,
       104, 66, 162, 165, 8, 86, 117, 73, 51, 152, 212, 96, 98, 105, 99,
       251, 8, 249, 139, 69, 63, 65, 123, 86, 34, 69, 243, 145, 7, 149,
       15, 102, 184, 106, 184, 43, 76, 254, 112, 89, 182, 149, 68, 104,
       126, 195, 112, 217, 53, 173, 188, 37, 100, 72, 51, 67, 5, 141,
       117, 57, 71, 240, 78, 55, 184, 57, 232, 127, 108, 222, 119, 141,
