%YAML:1.0
---
descriptors: !!opencv-matrix
   rows: 208
   cols: 32
   dt: u
   data: [ 236, 97, 81, 101, 96, 78, 111, 56, 33, 170, 35, 72, 211, 23,
       73, 55, 20, 212, 109, 106, 105, 212, 249, 8, 229, 184, 101, 4, 98,
       243, 70, 112, 100, 48, 249, 65, 224, 111, 67, 152, 43, 189, 61, 8,
       151, 23, 73, 60, 21, 28, 69, 122, 2, 112, 248, 16, 77, 152, 33,
       116, 194, 251, 70, 225, 72, 179, 157, 119, 160, 108, 117, 159, 42,
       189, 47, 124, 246, 119, 72, 26, 133, 86, 108, 24, 19, 88, 219, 33,
       205, 243, 116, 208, 200, 210, 131, 57, 77, 150, 157, 183, 160, 46,
       109, 55, 56, 255, 79, 116, 223, 55, 138, 123, 151, 71, 124, 44,
       177, 208, 185, 0, 205, 243, 127, 132, 136, 240, 131, 113, 209,
       140, 31, 63, 56, 168, 160, 39, 254, 17, 226, 80, 183, 178, 32, 67,
       225, 103, 104, 1, 54, 233, 131, 63, 232, 162, 122, 88, 64, 0, 161,
       138, 120, 237, 58, 124, 217, 205, 85, 231, 179, 21, 236, 9, 62,
       183, 34, 16, 161, 186, 193, 0, 90, 75, 146, 55, 251, 199, 20, 11,
       98, 16, 230, 170, 100, 184, 149, 112, 137, 237, 81, 139, 235, 241,
       164, 24, 158, 215, 65, 62, 129, 86, 120, 24, 27, 107, 250, 16,
       159, 216, 85, 126, 194, 64, 71, 58, 5, 117, 49, 69, 81, 78, 119,
       184, 121, 232, 107, 72, 222, 117, 13, 180, 144, 92, 80, 106, 65,
       176, 249, 78, 37, 188, 1, 6, 74, 51, 67, 163, 208, 24, 159, 116,
       40, 110, 65, 23, 164, 91, 166, 24, 247, 55, 1, 123, 1, 246, 124,
       8, 41, 205, 51, 4, 209, 171, 112, 16, 160, 240, 36, 59, 120, 160,
       24, 104, 25, 77, 80, 104, 227, 180, 164, 9, 19, 147, 72, 16, 216,
       156, 72, 112, 10, 99, 210, 21, 219, 193, 1, 125, 112, 10, 70, 2,
       248, 170, 253, 122, 136, 237, 81, 223, 162, 23, 164, 24, 51, 247,
       72, 27, 1, 178, 236, 16, 26, 111, 250, 49, 219, 195, 117, 121,
       224, 192, 198, 106, 236, 112, 189, 99, 45, 111, 83, 152, 123, 251,
       167, 24, 215, 85, 73, 59, 145, 84, 124, 122, 11, 116, 249, 32,
       207, 219, 97, 116, 192, 251, 70, 115, 69, 113, 17, 71, 113, 15,
       102, 184, 104, 232, 43, 76, 214, 80, 13, 48, 144, 76, 64, 106,
       193, 240, 217, 14, 37, 156, 5, 38, 72, 51, 67, 162, 232, 180, 189,
       123, 173, 253, 81, 47, 219, 63, 165, 24, 190, 189, 72, 59, 137,
       18, 249, 16, 58, 108, 251, 151, 207, 219, 80, 127, 210, 72, 198,
       106, 248, 236, 191, 252, 141, 237, 85, 230, 207, 151, 164, 24,
       190, 253, 97, 59, 201, 243, 249, 1, 42, 111, 242, 177, 219, 251,
       214, 59, 210, 88, 246, 42, 224, 188, 156, 218, 236, 237, 65, 207,
       222, 59, 160, 24, 182, 243, 72, 123, 129, 146, 106, 16, 51, 111,
       218, 115, 221, 146, 85, 124, 216, 72, 199, 42, 85, 77, 95, 103,
       150, 78, 71, 184, 101, 160, 235, 64, 215, 115, 9, 112, 50, 212,
       124, 106, 105, 176, 89, 46, 229, 239, 37, 20, 97, 243, 64, 32, 69,
       183, 148, 65, 160, 46, 102, 152, 122, 184, 43, 84, 222, 114, 201,
       254, 151, 85, 108, 126, 181, 208, 217, 64, 172, 186, 103, 70, 136,
       115, 139, 5, 69, 177, 149, 87, 185, 79, 23, 168, 122, 248, 43, 40,
       246, 114, 73, 50, 145, 86, 104, 122, 99, 96, 251, 63, 45, 190, 69,
       118, 72, 115, 67, 51, 48, 77, 59, 172, 52, 79, 247, 114, 52, 204,
       250, 3, 87, 157, 33, 64, 252, 253, 71, 99, 72, 179, 32, 14, 241,
       164, 42, 0, 97, 59, 103, 243, 116, 96, 152, 228, 168, 108, 87,
       152, 163, 182, 175, 25, 87, 247, 73, 90, 17, 212, 109, 42, 8, 71,
       219, 0, 209, 167, 101, 60, 160, 243, 6, 114, 216, 152, 159, 244,
       139, 108, 17, 55, 170, 91, 130, 24, 255, 183, 64, 123, 163, 247,
       125, 0, 25, 77, 179, 33, 217, 227, 126, 90, 128, 96, 135, 59, 120,
       56, 187, 240, 137, 237, 81, 71, 163, 63, 164, 24, 63, 151, 64, 58,
       171, 179, 125, 16, 27, 111, 178, 17, 211, 211, 80, 123, 226, 64,
       198, 122, 37, 113, 145, 71, 213, 79, 103, 184, 104, 224, 43, 8,
       214, 81, 73, 182, 144, 92, 64, 122, 65, 240, 249, 8, 45, 156, 5,
       54, 200, 51, 67, 162, 120, 170, 126, 120, 138, 233, 81, 119, 179,
       21, 164, 56, 55, 183, 64, 18, 11, 178, 237, 16, 26, 107, 226, 53,
       219, 195, 48, 121, 226, 128, 198, 43, 56, 233, 58, 126, 89, 205,
       85, 231, 167, 5, 236, 9, 46, 147, 34, 16, 168, 187, 193, 0, 74,
       43, 146, 63, 243, 229, 20, 27, 82, 0, 238, 138, 208, 152, 191,
       116, 170, 108, 81, 23, 162, 159, 166, 56, 119, 183, 64, 123, 33,
       246, 108, 8, 25, 79, 179, 32, 219, 227, 116, 88, 160, 224, 38, 43,
       85, 85, 125, 103, 48, 78, 79, 184, 96, 232, 255, 64, 247, 119,
       137, 115, 182, 212, 92, 106, 233, 176, 249, 12, 227, 233, 101, 20,
       104, 243, 66, 49, 234, 174, 214, 240, 237, 173, 88, 215, 179, 179,
       160, 89, 46, 235, 80, 31, 161, 227, 125, 156, 58, 79, 146, 241,
       219, 218, 213, 121, 162, 196, 194, 10, 85, 213, 57, 239, 176, 14,
       79, 184, 52, 232, 255, 96, 215, 119, 136, 112, 54, 86, 28, 106,
       249, 144, 121, 63, 235, 239, 39, 132, 40, 243, 193, 49, 252, 180,
       189, 115, 173, 109, 81, 25, 123, 123, 165, 24, 215, 125, 72, 59,
       129, 19, 125, 16, 59, 102, 251, 17, 207, 219, 81, 125, 208, 74,
       198, 98, 104, 188, 189, 254, 141, 237, 84, 143, 203, 59, 164, 24,
       190, 191, 64, 59, 201, 178, 249, 16, 58, 111, 242, 177, 203, 251,
       84, 123, 210, 88, 198, 42, 120, 184, 255, 114, 171, 249, 81, 215,
       163, 31, 164, 40, 59, 183, 66, 59, 167, 147, 237, 16, 58, 79, 186,
       49, 219, 203, 116, 121, 226, 192, 198, 107, 192, 188, 156, 90,
       232, 237, 37, 207, 186, 59, 32, 24, 182, 243, 72, 27, 129, 18,
       106, 16, 51, 109, 218, 51, 221, 146, 117, 124, 216, 72, 131, 186,
       84, 77, 95, 103, 150, 78, 71, 184, 100, 160, 171, 0, 83, 115, 9,
       112, 48, 212, 108, 234, 105, 161, 121, 46, 249, 239, 37, 20, 97,
       243, 192, 32, 216, 58, 151, 116, 169, 44, 84, 23, 179, 159, 176,
       120, 223, 179, 65, 219, 167, 247, 237, 0, 40, 71, 130, 32, 211,
       243, 116, 186, 162, 240, 131, 43, 236, 180, 149, 99, 169, 47, 84,
       25, 127, 59, 41, 88, 222, 123, 72, 187, 145, 22, 108, 48, 62, 116,
       217, 146, 143, 219, 85, 118, 218, 74, 202, 3, 197, 117, 148, 69,
       160, 14, 38, 152, 120, 170, 43, 68, 222, 50, 201, 122, 183, 68,
       108, 126, 241, 208, 217, 74, 172, 186, 103, 4, 136, 243, 11, 5,
       240, 172, 156, 56, 138, 233, 16, 207, 150, 51, 160, 25, 183, 227,
       64, 27, 137, 163, 106, 16, 58, 111, 202, 19, 220, 130, 117, 121,
       240, 72, 130, 138, 37, 225, 81, 67, 213, 31, 230, 248, 123, 160,
       41, 76, 66, 112, 221, 180, 24, 76, 66, 126, 231, 242, 253, 28, 46,
       28, 5, 118, 203, 187, 90, 132, 37, 229, 82, 71, 117, 31, 230, 248,
       123, 168, 121, 72, 90, 176, 221, 180, 57, 76, 82, 110, 197, 178,
       156, 94, 62, 92, 5, 38, 75, 187, 74, 165, 217, 28, 151, 116, 137,
       124, 84, 39, 233, 178, 162, 24, 254, 179, 64, 255, 161, 118, 108,
       10, 105, 109, 147, 0, 147, 250, 85, 18, 74, 112, 203, 46, 216,
       152, 151, 254, 43, 232, 17, 7, 171, 27, 166, 56, 191, 247, 64,
       251, 163, 247, 253, 16, 59, 77, 178, 161, 217, 243, 126, 91, 162,
       0, 167, 43, 101, 184, 177, 80, 169, 237, 81, 135, 235, 249, 160,
       24, 182, 151, 69, 62, 129, 118, 124, 24, 19, 107, 186, 112, 155,
       216, 85, 126, 194, 64, 67, 46, 84, 213, 59, 190, 25, 197, 23, 236,
       134, 64, 201, 11, 247, 247, 41, 64, 216, 243, 121, 227, 75, 3,
       218, 61, 241, 165, 138, 56, 16, 59, 37, 114, 112, 184, 49, 88,
       237, 253, 81, 71, 219, 121, 160, 24, 62, 151, 100, 180, 201, 186,
       86, 24, 27, 107, 242, 241, 155, 216, 21, 122, 210, 8, 198, 190,
       161, 188, 57, 73, 93, 205, 227, 78, 94, 65, 232, 24, 178, 216, 20,
       32, 217, 42, 82, 25, 167, 46, 112, 63, 37, 156, 18, 56, 88, 8,
       210, 190, 101, 52, 189, 119, 224, 126, 125, 183, 121, 255, 47, 24,
       215, 63, 91, 123, 149, 214, 125, 60, 185, 208, 249, 2, 239, 251,
       117, 148, 192, 240, 198, 123, 109, 181, 185, 102, 93, 95, 83, 248,
       211, 236, 173, 12, 114, 253, 78, 50, 153, 124, 224, 106, 205, 99,
