%YAML:1.0
---
descriptors: !!opencv-matrix
   rows: 245
   cols: 32
   dt: u
   data: [ 124, 229, 157, 122, 137, 77, 87, 168, 162, 151, 173, 24, 118,
       247, 74, 26, 153, 210, 105, 90, 90, 99, 250, 51, 251, 135, 69,
       125, 192, 115, 198, 98, 118, 253, 150, 190, 137, 205, 22, 236,
       159, 154, 169, 41, 230, 242, 104, 150, 217, 115, 234, 67, 110, 67,
       218, 119, 185, 22, 77, 59, 216, 123, 175, 6, 145, 10, 203, 117,
       48, 171, 99, 18, 116, 131, 98, 208, 211, 33, 144, 80, 51, 236, 40,
       60, 41, 252, 69, 14, 196, 174, 49, 0, 232, 192, 64, 40, 232, 188,
       156, 58, 169, 253, 22, 175, 155, 63, 160, 25, 174, 251, 74, 155,
       129, 83, 233, 80, 62, 107, 218, 55, 235, 215, 85, 123, 210, 93,
       142, 10, 145, 134, 75, 101, 180, 42, 99, 63, 116, 35, 106, 208,
       211, 33, 144, 112, 83, 206, 44, 44, 185, 188, 69, 15, 236, 175,
       32, 68, 232, 162, 208, 40, 108, 177, 189, 113, 168, 109, 81, 159,
       43, 189, 36, 56, 151, 53, 64, 59, 129, 214, 108, 16, 58, 120, 233,
       16, 207, 219, 117, 117, 192, 192, 198, 99, 249, 190, 156, 50, 168,
       173, 89, 223, 179, 127, 180, 189, 63, 247, 194, 27, 135, 179, 237,
       20, 191, 79, 202, 51, 218, 195, 117, 249, 234, 192, 142, 91, 81,
       142, 31, 103, 176, 46, 79, 183, 116, 10, 122, 116, 243, 35, 144,
       112, 23, 102, 108, 46, 185, 188, 5, 47, 232, 175, 36, 192, 168,
       226, 192, 41, 244, 253, 249, 114, 168, 109, 71, 220, 243, 190,
       165, 24, 83, 247, 201, 59, 17, 214, 108, 122, 123, 103, 250, 50,
       251, 203, 101, 124, 224, 243, 198, 98, 216, 16, 157, 124, 42, 76,
       65, 16, 164, 88, 162, 56, 215, 23, 1, 123, 34, 212, 124, 8, 9, 69,
       243, 0, 209, 235, 112, 16, 32, 160, 38, 51, 124, 221, 21, 78, 137,
       93, 71, 188, 193, 88, 169, 72, 127, 119, 137, 247, 16, 210, 236,
       106, 89, 42, 123, 61, 241, 240, 69, 58, 90, 187, 68, 57, 65, 112,
       29, 101, 1, 78, 119, 32, 104, 224, 98, 8, 214, 49, 1, 50, 144, 84,
       104, 98, 65, 240, 241, 12, 229, 186, 69, 6, 72, 50, 67, 34, 221,
       38, 156, 182, 168, 56, 72, 8, 251, 191, 163, 121, 207, 226, 203,
       219, 131, 199, 108, 28, 60, 69, 203, 34, 218, 243, 119, 61, 128,
       225, 11, 1, 5, 69, 0, 135, 212, 14, 230, 184, 124, 224, 75, 70,
       209, 98, 25, 100, 112, 76, 10, 110, 229, 176, 93, 110, 36, 44,
       135, 0, 40, 59, 105, 144, 197, 168, 253, 81, 170, 248, 57, 139,
       254, 179, 134, 152, 181, 246, 212, 123, 7, 119, 120, 156, 51, 73,
       255, 112, 205, 171, 95, 121, 132, 224, 139, 32, 252, 102, 145,
       114, 169, 44, 84, 152, 163, 187, 177, 88, 223, 243, 73, 155, 133,
       213, 108, 18, 42, 103, 203, 32, 219, 217, 117, 62, 226, 251, 2,
       33, 244, 205, 124, 118, 168, 106, 95, 188, 240, 178, 174, 24, 215,
       119, 9, 123, 151, 214, 109, 106, 104, 103, 203, 46, 241, 235, 101,
       20, 96, 243, 198, 34, 252, 172, 220, 114, 137, 237, 84, 223, 179,
       183, 164, 25, 23, 243, 67, 27, 137, 246, 237, 16, 58, 111, 218,
       50, 219, 195, 117, 125, 226, 208, 206, 10, 213, 172, 188, 117,
       172, 47, 205, 191, 250, 190, 178, 56, 247, 105, 216, 43, 135, 87,
       108, 43, 184, 237, 235, 46, 200, 171, 117, 52, 192, 248, 131, 33,
       244, 61, 172, 180, 140, 109, 85, 158, 242, 243, 142, 24, 215, 253,
       83, 59, 137, 214, 125, 17, 57, 75, 251, 34, 249, 199, 253, 61,
       168, 120, 214, 50, 148, 173, 31, 247, 146, 110, 71, 175, 52, 162,
       226, 16, 115, 115, 8, 81, 49, 254, 77, 170, 120, 220, 25, 46, 233,
       239, 117, 5, 160, 112, 164, 34, 193, 156, 189, 95, 136, 237, 149,
       175, 222, 91, 160, 24, 246, 112, 13, 107, 129, 83, 104, 0, 183,
       109, 251, 49, 79, 186, 84, 58, 208, 88, 193, 46, 125, 197, 220,
       103, 137, 6, 94, 188, 51, 178, 171, 137, 91, 115, 73, 211, 21,
       215, 248, 238, 109, 67, 219, 46, 251, 239, 69, 117, 171, 243, 138,
       2, 116, 119, 125, 100, 188, 111, 71, 184, 192, 174, 189, 104, 83,
       117, 201, 50, 29, 212, 76, 106, 249, 99, 249, 46, 249, 143, 101,
       60, 97, 251, 198, 113, 69, 231, 157, 71, 180, 14, 102, 184, 120,
       232, 59, 76, 215, 96, 217, 50, 144, 68, 108, 110, 225, 240, 201,
       14, 172, 190, 101, 4, 72, 243, 83, 33, 64, 189, 188, 85, 189, 109,
       21, 174, 90, 183, 46, 24, 166, 49, 66, 2, 129, 86, 232, 16, 98,
       104, 251, 51, 237, 151, 85, 119, 208, 88, 196, 43, 76, 117, 121,
       103, 48, 78, 63, 184, 57, 164, 111, 173, 223, 71, 139, 80, 22, 93,
       205, 110, 193, 144, 249, 76, 231, 189, 33, 4, 66, 179, 7, 113, 77,
       97, 56, 101, 52, 30, 114, 56, 121, 232, 127, 77, 219, 45, 159,
       176, 148, 76, 252, 110, 196, 240, 249, 12, 231, 255, 33, 6, 66,
       183, 66, 119, 252, 32, 189, 116, 136, 104, 85, 19, 162, 183, 166,
       24, 23, 183, 65, 59, 1, 214, 236, 16, 56, 111, 234, 2, 219, 195,
       117, 125, 224, 224, 198, 34, 80, 188, 188, 48, 168, 237, 17, 159,
       226, 123, 164, 24, 183, 241, 66, 59, 129, 51, 108, 17, 59, 109,
       218, 49, 217, 131, 119, 120, 232, 64, 135, 11, 248, 168, 207, 118,
       168, 236, 80, 155, 179, 91, 164, 25, 23, 243, 66, 59, 129, 198,
       125, 24, 58, 79, 218, 33, 219, 235, 117, 121, 160, 192, 206, 66,
       220, 212, 221, 126, 168, 108, 69, 186, 177, 186, 167, 88, 87, 119,
       136, 123, 1, 214, 108, 42, 105, 71, 251, 35, 211, 235, 117, 28,
       96, 241, 38, 33, 77, 112, 177, 118, 105, 76, 49, 0, 233, 218, 37,
       8, 158, 151, 73, 58, 128, 93, 96, 66, 1, 102, 242, 64, 197, 217,
       81, 46, 194, 115, 71, 163, 109, 103, 49, 71, 112, 15, 103, 184,
       104, 172, 111, 72, 211, 115, 137, 50, 144, 84, 68, 106, 201, 240,
       249, 14, 103, 189, 37, 20, 64, 179, 70, 33, 124, 97, 120, 111, 92,
       79, 87, 232, 67, 164, 165, 8, 83, 93, 25, 48, 88, 212, 81, 106,
       72, 242, 249, 28, 119, 169, 133, 53, 113, 187, 70, 226, 252, 182,
       156, 114, 168, 109, 85, 143, 179, 191, 165, 57, 215, 247, 74, 27,
       151, 151, 237, 16, 58, 71, 203, 18, 219, 195, 117, 125, 224, 64,
       134, 99, 241, 188, 245, 86, 169, 237, 84, 223, 251, 251, 176, 120,
       58, 189, 196, 63, 143, 247, 124, 16, 191, 111, 250, 115, 155, 218,
       117, 250, 201, 64, 198, 127, 81, 159, 31, 103, 176, 46, 71, 181,
       96, 8, 170, 68, 243, 115, 128, 115, 52, 230, 108, 110, 249, 137,
       57, 47, 232, 235, 100, 16, 104, 242, 194, 41, 217, 186, 190, 58,
       169, 189, 88, 223, 163, 123, 180, 249, 63, 255, 64, 27, 167, 243,
       253, 20, 190, 79, 202, 49, 219, 219, 117, 249, 162, 196, 138, 91,
       120, 176, 187, 112, 155, 237, 81, 87, 235, 29, 172, 24, 54, 151,
       64, 26, 163, 50, 76, 16, 18, 107, 178, 21, 219, 221, 16, 123, 194,
       0, 199, 107, 88, 48, 159, 116, 40, 236, 81, 16, 160, 31, 167, 56,
       151, 151, 64, 123, 6, 244, 108, 24, 9, 69, 178, 0, 209, 225, 112,
       8, 128, 128, 6, 51, 246, 170, 213, 18, 203, 169, 100, 207, 187,
       179, 160, 89, 66, 226, 76, 31, 169, 203, 98, 144, 58, 79, 202,
       113, 28, 146, 213, 127, 233, 80, 194, 142, 221, 38, 220, 71, 146,
       62, 74, 152, 113, 163, 175, 84, 203, 98, 159, 254, 51, 198, 108,
       254, 189, 208, 237, 42, 170, 239, 37, 20, 235, 243, 74, 5, 109,
       199, 88, 99, 176, 63, 86, 188, 118, 41, 63, 124, 83, 97, 138, 240,
       23, 198, 76, 126, 191, 48, 105, 63, 238, 207, 37, 116, 250, 211,
       200, 1, 248, 177, 253, 112, 168, 237, 81, 51, 179, 255, 164, 28,
       183, 183, 64, 27, 1, 150, 109, 8, 59, 111, 242, 17, 219, 203, 117,
       56, 224, 192, 70, 123, 109, 230, 136, 147, 210, 40, 39, 142, 114,
       247, 15, 252, 208, 226, 202, 250, 113, 206, 226, 144, 51, 94, 207,
       34, 124, 7, 247, 108, 168, 112, 186, 225, 65, 113, 17, 101, 1, 79,
       119, 32, 104, 224, 98, 8, 214, 17, 0, 50, 144, 68, 104, 106, 65,
       240, 209, 12, 165, 184, 1, 18, 72, 50, 67, 34, 242, 174, 204, 82,
       203, 185, 80, 207, 187, 183, 164, 157, 34, 225, 70, 159, 73, 162,
       235, 16, 58, 111, 202, 49, 30, 131, 85, 127, 227, 76, 206, 146,
       221, 38, 156, 182, 168, 56, 94, 138, 251, 191, 163, 89, 207, 227,
