%YAML:1.0
---
descriptors: !!opencv-matrix
   rows: 245
   cols: 32
   dt: u
   data: [ 100, 181, 61, 99, 184, 109, 67, 184, 106, 61, 45, 24, 215,
       117, 72, 48, 153, 82, 108, 122, 58, 96, 249, 55, 237, 143, 37,
       124, 208, 75, 198, 34, 169, 174, 231, 255, 252, 187, 237, 255,
       127, 251, 254, 246, 249, 235, 148, 109, 127, 238, 127, 156, 187,
       252, 239, 255, 254, 255, 247, 196, 239, 232, 243, 185, 135, 190,
       238, 223, 254, 59, 238, 255, 127, 235, 246, 246, 249, 238, 150,
       245, 127, 239, 127, 157, 253, 254, 239, 255, 62, 62, 255, 192,
       173, 248, 249, 221, 164, 190, 239, 191, 254, 235, 253, 239, 62,
       255, 242, 191, 245, 238, 245, 75, 255, 255, 127, 133, 182, 255,
       239, 127, 124, 174, 255, 128, 149, 120, 231, 219, 108, 112, 189,
       99, 40, 111, 83, 152, 98, 190, 37, 8, 215, 87, 73, 59, 145, 84,
       108, 122, 9, 116, 249, 0, 207, 219, 101, 52, 192, 243, 70, 51, 68,
       85, 61, 103, 32, 78, 103, 184, 33, 168, 111, 72, 215, 119, 137,
       115, 22, 212, 125, 106, 105, 144, 249, 44, 229, 251, 101, 20, 0,
       179, 70, 113, 221, 100, 189, 119, 168, 46, 87, 184, 184, 178, 167,
       25, 215, 119, 9, 27, 145, 68, 125, 110, 104, 101, 217, 42, 227,
       235, 101, 20, 192, 241, 66, 98, 244, 102, 156, 182, 140, 42, 70,
       136, 162, 178, 163, 9, 215, 97, 73, 27, 145, 196, 104, 114, 104,
       103, 219, 40, 217, 162, 101, 61, 160, 123, 86, 2, 92, 177, 185,
       162, 153, 76, 85, 141, 162, 117, 132, 9, 159, 215, 74, 18, 129,
       215, 253, 81, 90, 75, 250, 17, 251, 193, 37, 127, 160, 18, 135,
       114, 221, 78, 78, 79, 2, 26, 78, 188, 117, 166, 230, 134, 99, 98,
       155, 80, 114, 228, 44, 238, 236, 180, 45, 43, 242, 239, 101, 1,
       111, 243, 232, 12, 237, 180, 245, 103, 181, 127, 70, 184, 115,
       226, 43, 88, 219, 124, 153, 180, 23, 214, 244, 42, 189, 240, 253,
       142, 171, 255, 69, 84, 206, 255, 82, 52, 100, 199, 61, 73, 48, 15,
       71, 184, 86, 36, 175, 76, 211, 101, 9, 80, 85, 212, 72, 122, 232,
       176, 121, 31, 237, 190, 5, 84, 80, 187, 68, 48, 116, 70, 200, 39,
       128, 42, 71, 152, 49, 166, 175, 137, 67, 99, 75, 90, 50, 196, 105,
       106, 8, 86, 201, 42, 214, 167, 69, 21, 160, 243, 70, 66, 224, 140,
       157, 254, 216, 237, 21, 135, 154, 19, 160, 24, 182, 247, 64, 91,
       193, 115, 104, 16, 50, 79, 218, 55, 249, 178, 86, 123, 144, 72,
       135, 42, 124, 160, 248, 112, 236, 237, 81, 218, 227, 189, 189, 8,
       19, 145, 73, 58, 137, 158, 108, 24, 26, 99, 234, 16, 219, 205, 53,
       125, 224, 201, 70, 162, 252, 248, 168, 50, 173, 221, 81, 205, 194,
       253, 165, 25, 2, 221, 122, 26, 201, 232, 237, 81, 30, 111, 250,
       49, 219, 217, 21, 127, 208, 12, 222, 90, 253, 181, 24, 106, 157,
       221, 83, 201, 227, 253, 173, 8, 50, 209, 74, 178, 200, 194, 204,
       88, 94, 99, 250, 49, 251, 217, 5, 127, 98, 27, 206, 66, 89, 125,
       31, 100, 171, 108, 21, 55, 232, 74, 174, 8, 254, 51, 0, 115, 162,
       55, 124, 42, 65, 33, 147, 9, 241, 251, 98, 26, 72, 114, 131, 59,
       65, 113, 17, 69, 0, 78, 102, 48, 104, 160, 34, 72, 214, 19, 1, 50,
       148, 84, 104, 106, 65, 244, 145, 12, 165, 184, 5, 0, 72, 51, 67,
       49, 245, 253, 191, 50, 168, 237, 87, 252, 179, 95, 173, 25, 119,
       247, 75, 27, 177, 226, 125, 94, 107, 99, 186, 55, 249, 207, 117,
       120, 224, 243, 198, 243, 36, 85, 53, 71, 20, 15, 71, 24, 118, 160,
       107, 76, 211, 69, 9, 113, 145, 84, 104, 110, 105, 176, 121, 30,
       229, 158, 5, 20, 88, 187, 68, 48, 212, 100, 157, 118, 136, 46, 85,
       154, 178, 178, 163, 24, 215, 115, 73, 27, 129, 212, 125, 42, 40,
       101, 219, 10, 201, 235, 85, 20, 192, 241, 66, 34, 244, 188, 188,
       246, 172, 108, 87, 151, 242, 187, 135, 24, 183, 241, 72, 27, 129,
       246, 125, 26, 122, 77, 219, 34, 249, 195, 117, 125, 168, 104, 214,
       34, 248, 175, 189, 122, 169, 201, 85, 239, 178, 31, 172, 24, 55,
       247, 72, 19, 129, 242, 236, 2, 122, 111, 234, 51, 251, 195, 117,
       121, 192, 80, 198, 43, 108, 51, 248, 96, 248, 237, 81, 154, 99,
       189, 188, 40, 151, 149, 65, 26, 129, 158, 68, 16, 26, 106, 234,
       16, 207, 221, 53, 125, 226, 203, 70, 163, 240, 170, 222, 120, 10,
       137, 81, 215, 162, 21, 164, 153, 55, 231, 66, 19, 33, 178, 109, 8,
       106, 79, 130, 17, 217, 193, 116, 57, 96, 128, 198, 42, 246, 60,
       213, 30, 203, 96, 20, 207, 187, 243, 160, 189, 46, 246, 69, 219,
       195, 247, 232, 16, 63, 79, 218, 96, 154, 242, 85, 63, 169, 116,
       170, 31, 116, 97, 200, 103, 192, 106, 71, 136, 32, 166, 231, 137,
       67, 99, 75, 90, 80, 196, 104, 106, 8, 210, 201, 8, 247, 167, 69,
       21, 226, 243, 70, 98, 201, 184, 157, 113, 129, 252, 112, 23, 250,
       123, 38, 24, 158, 147, 64, 251, 129, 22, 120, 24, 51, 76, 179, 35,
       207, 251, 80, 114, 202, 64, 139, 42, 228, 229, 157, 255, 188, 77,
       71, 168, 18, 190, 129, 24, 247, 115, 73, 19, 145, 214, 109, 106,
       106, 70, 219, 63, 237, 211, 237, 60, 16, 115, 214, 34, 100, 103,
       17, 103, 116, 78, 102, 184, 121, 168, 123, 72, 210, 109, 29, 48,
       152, 221, 68, 106, 201, 240, 201, 108, 165, 188, 5, 4, 64, 179,
       70, 49, 225, 188, 181, 118, 141, 221, 68, 39, 251, 243, 160, 24,
       246, 184, 68, 187, 137, 246, 120, 8, 125, 111, 243, 51, 175, 218,
       85, 58, 72, 72, 194, 46, 108, 112, 189, 97, 37, 111, 83, 152, 74,
       254, 39, 8, 214, 21, 73, 59, 145, 84, 120, 58, 129, 116, 249, 0,
       207, 155, 69, 52, 192, 123, 71, 99, 197, 30, 221, 101, 176, 42,
       107, 48, 52, 235, 115, 244, 211, 35, 129, 123, 22, 100, 108, 174,
       185, 212, 101, 14, 196, 171, 99, 196, 168, 225, 128, 49, 225, 85,
       125, 101, 160, 14, 111, 49, 112, 226, 103, 92, 211, 55, 153, 115,
       20, 196, 124, 110, 233, 212, 249, 14, 231, 251, 229, 4, 8, 242,
       194, 113, 228, 180, 189, 115, 137, 125, 81, 143, 186, 127, 37, 25,
       214, 125, 74, 59, 145, 19, 121, 16, 54, 100, 251, 51, 207, 219,
       85, 125, 192, 65, 135, 114, 100, 245, 57, 234, 60, 77, 83, 184,
       10, 52, 173, 8, 215, 87, 9, 112, 212, 88, 93, 122, 75, 2, 251, 31,
       229, 221, 5, 60, 16, 187, 70, 114, 244, 193, 92, 102, 168, 10, 71,
       184, 224, 176, 167, 8, 215, 115, 137, 115, 18, 212, 108, 106, 104,
       97, 201, 44, 240, 235, 101, 20, 96, 179, 66, 32, 212, 52, 157,
       114, 168, 108, 80, 26, 186, 187, 163, 88, 215, 243, 73, 27, 129,
       215, 108, 16, 57, 71, 219, 2, 153, 211, 85, 126, 200, 97, 2, 35,
       192, 172, 157, 251, 152, 237, 21, 143, 190, 55, 160, 24, 182, 179,
       64, 27, 129, 83, 106, 16, 50, 77, 218, 51, 237, 135, 84, 121, 208,
       80, 135, 42, 92, 69, 220, 103, 136, 74, 87, 168, 33, 162, 175, 8,
       215, 115, 9, 123, 19, 212, 104, 106, 8, 225, 217, 40, 251, 235,
       69, 21, 224, 243, 78, 34, 21, 5, 187, 101, 148, 46, 103, 186, 116,
       130, 234, 64, 211, 113, 49, 112, 89, 206, 8, 42, 121, 176, 121,
       14, 233, 174, 133, 4, 248, 250, 112, 32, 252, 180, 189, 114, 136,
       109, 81, 153, 178, 191, 165, 24, 83, 247, 72, 59, 129, 150, 108,
       24, 58, 71, 250, 2, 219, 203, 117, 124, 224, 194, 198, 98, 108,
       113, 185, 103, 41, 78, 87, 152, 107, 168, 189, 8, 222, 87, 73, 50,
       148, 84, 124, 106, 193, 96, 249, 40, 239, 253, 37, 52, 66, 179,
       70, 35, 77, 96, 113, 71, 112, 78, 107, 56, 105, 160, 55, 104, 219,
       87, 141, 180, 54, 92, 84, 106, 193, 240, 233, 76, 7, 253, 33, 36,
       66, 163, 67, 161, 244, 249, 57, 250, 172, 205, 81, 221, 131, 252,
       165, 25, 183, 221, 74, 51, 137, 218, 125, 83, 90, 111, 250, 49,
       251, 217, 5, 127, 112, 8, 214, 115, 124, 97, 114, 97, 159, 91, 86,
       200, 97, 160, 174, 11, 75, 25, 65, 144, 120, 212, 205, 114, 92,
       179, 209, 8, 251, 205, 5, 117, 227, 59, 90, 2, 100, 237, 20, 62,
       153, 201, 22, 236, 159, 30, 169, 9, 230, 241, 33, 80, 193, 115,
       232, 66, 106, 107, 74, 63, 169, 214, 5, 59, 80, 123, 135, 10, 33,
       164, 41, 137, 220, 173, 233, 79, 238, 73, 104, 28, 176, 216, 60,
