%YAML:1.0
---
descriptors: !!opencv-matrix
   rows: 194
   cols: 32
   dt: u
   data: [ 236, 53, 189, 97, 161, 111, 117, 31, 59, 251, 39, 24, 159, 55,
       72, 59, 149, 23, 253, 48, 51, 116, 249, 2, 207, 219, 117, 117,
       194, 64, 198, 51, 232, 252, 188, 250, 173, 253, 87, 182, 255, 91,
       44, 24, 190, 253, 0, 59, 137, 115, 255, 64, 107, 110, 122, 179,
       235, 255, 84, 123, 210, 89, 198, 106, 248, 188, 190, 120, 173,
       253, 81, 95, 251, 59, 180, 24, 63, 255, 68, 123, 129, 179, 253,
       16, 58, 111, 242, 147, 219, 219, 113, 121, 210, 72, 199, 123, 252,
       168, 220, 118, 141, 105, 80, 223, 147, 183, 180, 29, 3, 233, 75,
       27, 9, 246, 236, 16, 58, 111, 218, 32, 219, 211, 85, 61, 235, 248,
       206, 10, 21, 133, 121, 251, 180, 47, 111, 191, 52, 43, 119, 80,
       215, 99, 153, 96, 127, 206, 29, 170, 185, 176, 105, 63, 239, 239,
       183, 196, 164, 241, 224, 33, 173, 120, 189, 99, 45, 111, 83, 152,
       91, 250, 53, 24, 223, 29, 75, 59, 145, 84, 124, 122, 163, 100,
       251, 50, 207, 219, 101, 52, 218, 251, 70, 115, 236, 180, 189, 243,
       237, 125, 81, 152, 95, 123, 53, 24, 222, 125, 72, 59, 153, 146,
       255, 58, 187, 100, 251, 151, 207, 219, 81, 127, 210, 75, 86, 115,
       69, 39, 149, 39, 176, 62, 110, 136, 120, 174, 107, 64, 207, 98,
       201, 218, 179, 69, 108, 126, 180, 240, 205, 106, 172, 254, 103, 4,
       192, 243, 203, 5, 252, 253, 188, 119, 173, 127, 95, 184, 251, 250,
       183, 56, 223, 127, 75, 59, 151, 215, 253, 122, 232, 101, 251, 186,
       239, 219, 103, 149, 194, 243, 207, 115, 148, 109, 135, 175, 157,
       43, 230, 232, 190, 162, 202, 66, 198, 227, 41, 197, 249, 204, 106,
       98, 104, 243, 219, 254, 189, 182, 207, 54, 0, 123, 49, 0, 5, 113,
       17, 69, 49, 79, 114, 8, 105, 224, 43, 8, 222, 16, 5, 180, 144, 92,
       64, 106, 65, 176, 209, 8, 37, 156, 1, 6, 74, 51, 75, 150, 248,
       174, 252, 114, 168, 173, 85, 223, 179, 191, 164, 25, 51, 231, 66,
       27, 13, 242, 109, 24, 58, 79, 202, 51, 217, 203, 117, 125, 226,
       208, 198, 43, 148, 172, 207, 255, 140, 171, 103, 255, 118, 163,
       106, 82, 247, 99, 136, 65, 113, 238, 38, 154, 57, 252, 79, 63,
       236, 167, 247, 64, 233, 248, 224, 168, 220, 28, 189, 247, 40, 110,
       123, 26, 57, 186, 191, 56, 223, 119, 73, 123, 183, 244, 125, 42,
       169, 197, 251, 42, 199, 255, 97, 148, 128, 241, 6, 51, 236, 180,
       189, 113, 169, 111, 117, 31, 59, 187, 183, 24, 159, 55, 72, 59,
       149, 23, 125, 56, 59, 124, 241, 2, 207, 219, 117, 117, 194, 64,
       199, 51, 230, 188, 246, 223, 236, 185, 252, 207, 191, 219, 242,
       179, 236, 254, 220, 123, 239, 255, 255, 149, 178, 127, 235, 243,
       30, 62, 223, 238, 149, 220, 243, 221, 246, 237, 246, 255, 252, 43,
       238, 255, 191, 179, 251, 154, 239, 239, 61, 91, 127, 247, 127,
       243, 248, 247, 207, 255, 190, 254, 223, 188, 247, 255, 243, 128,
       232, 156, 188, 250, 173, 253, 87, 190, 255, 91, 36, 24, 190, 255,
       64, 59, 129, 83, 253, 80, 43, 108, 250, 179, 239, 219, 84, 123,
       210, 89, 199, 58, 29, 149, 89, 239, 180, 47, 79, 189, 52, 170,
       255, 80, 215, 115, 137, 112, 119, 214, 29, 42, 185, 176, 105, 62,
       237, 239, 37, 196, 160, 251, 192, 33, 238, 236, 244, 255, 236, 43,
       238, 255, 191, 179, 243, 18, 237, 235, 85, 91, 251, 239, 127, 131,
       162, 247, 203, 251, 190, 255, 223, 180, 215, 249, 243, 129, 22,
       237, 246, 223, 252, 43, 238, 236, 63, 178, 251, 26, 238, 235, 189,
       67, 127, 239, 127, 227, 248, 243, 207, 239, 190, 190, 207, 132,
       183, 255, 225, 129, 150, 237, 230, 223, 222, 43, 238, 252, 63,
       178, 251, 154, 239, 235, 29, 65, 123, 239, 127, 227, 232, 243,
       205, 255, 190, 62, 207, 132, 247, 251, 225, 128, 237, 180, 188,
       251, 173, 125, 81, 153, 91, 123, 189, 24, 222, 121, 72, 59, 145,
       19, 125, 58, 58, 100, 251, 147, 207, 223, 81, 127, 210, 75, 194,
       34, 246, 229, 230, 255, 252, 43, 238, 248, 63, 162, 251, 26, 239,
       235, 60, 65, 123, 207, 127, 239, 248, 247, 203, 255, 190, 255,
       207, 164, 151, 251, 227, 128, 246, 237, 214, 255, 252, 43, 238,
       248, 127, 178, 251, 26, 239, 235, 93, 65, 251, 207, 127, 251, 120,
       243, 203, 239, 190, 223, 207, 140, 247, 251, 226, 128, 77, 117,
       180, 71, 193, 30, 118, 184, 121, 234, 111, 76, 222, 112, 13, 183,
       144, 68, 96, 106, 229, 240, 249, 78, 39, 255, 69, 6, 74, 115, 75,
       135, 238, 229, 148, 255, 237, 15, 94, 253, 63, 187, 185, 24, 207,
       251, 76, 19, 217, 223, 127, 114, 122, 99, 219, 251, 187, 255, 199,
       254, 210, 251, 210, 131, 5, 113, 16, 69, 117, 30, 102, 56, 104,
       232, 107, 76, 222, 16, 1, 176, 144, 76, 64, 110, 197, 176, 209,
       76, 38, 188, 1, 4, 72, 51, 75, 133, 244, 237, 222, 114, 136, 168,
       87, 222, 178, 151, 173, 153, 119, 227, 75, 27, 33, 246, 109, 26,
       58, 71, 138, 51, 251, 227, 117, 121, 224, 241, 134, 10, 141, 119,
       124, 103, 240, 47, 63, 184, 57, 170, 127, 120, 222, 119, 141, 53,
       151, 95, 85, 106, 241, 212, 233, 110, 239, 223, 37, 134, 74, 243,
       131, 179, 220, 52, 189, 116, 170, 108, 85, 159, 178, 191, 167, 57,
       95, 183, 73, 27, 39, 215, 109, 16, 56, 71, 251, 2, 217, 227, 117,
       125, 160, 240, 134, 115, 240, 168, 220, 116, 169, 105, 85, 191,
       163, 191, 164, 25, 103, 183, 66, 31, 1, 246, 237, 8, 56, 79, 202,
       32, 219, 211, 117, 63, 226, 240, 134, 91, 93, 135, 77, 103, 180,
       58, 79, 186, 100, 224, 175, 196, 211, 97, 155, 114, 18, 198, 76,
       110, 153, 161, 109, 44, 234, 239, 37, 20, 238, 243, 192, 32, 126,
       234, 235, 250, 90, 224, 25, 206, 179, 21, 140, 185, 37, 199, 104,
       90, 103, 249, 141, 144, 10, 79, 170, 179, 219, 197, 159, 251, 176,
       209, 38, 114, 182, 253, 214, 255, 254, 43, 254, 236, 63, 162, 251,
       50, 207, 254, 61, 81, 255, 255, 255, 227, 104, 243, 201, 255, 190,
       254, 207, 182, 245, 251, 243, 129, 220, 245, 188, 255, 188, 62,
       95, 189, 191, 186, 191, 56, 223, 255, 73, 91, 215, 215, 125, 106,
       248, 69, 251, 171, 255, 251, 103, 149, 160, 243, 137, 19, 246,
       237, 246, 223, 252, 43, 254, 236, 127, 178, 251, 26, 207, 235, 29,
       89, 251, 207, 127, 227, 248, 247, 207, 255, 190, 254, 207, 188,
       231, 251, 227, 129, 92, 209, 156, 247, 172, 44, 93, 152, 174, 187,
       151, 32, 223, 247, 73, 91, 199, 213, 125, 90, 26, 65, 219, 32,
       219, 251, 127, 148, 128, 243, 1, 3, 166, 237, 166, 254, 157, 47,
       206, 252, 255, 186, 169, 24, 202, 251, 61, 17, 217, 239, 127, 242,
       248, 231, 219, 255, 187, 254, 199, 124, 211, 127, 242, 130, 71,
       18, 239, 197, 38, 118, 169, 17, 104, 239, 87, 246, 89, 6, 222,
       235, 54, 5, 188, 189, 177, 208, 53, 64, 77, 43, 250, 132, 173,
       228, 189, 117, 246, 237, 246, 255, 252, 43, 238, 239, 191, 179,
       251, 26, 239, 234, 61, 91, 251, 207, 127, 243, 248, 247, 207, 255,
       190, 254, 223, 188, 245, 255, 243, 128, 248, 238, 156, 50, 137,
       185, 84, 143, 179, 55, 164, 25, 47, 171, 66, 155, 129, 211, 237,
       16, 110, 111, 202, 51, 251, 211, 85, 127, 240, 80, 142, 10, 60,
       201, 18, 174, 121, 95, 22, 232, 135, 132, 233, 9, 110, 217, 41,
       144, 216, 89, 194, 98, 76, 35, 26, 190, 179, 213, 5, 63, 82, 63,
       110, 130, 232, 180, 188, 251, 173, 237, 85, 29, 223, 59, 173, 24,
       254, 121, 72, 59, 217, 154, 127, 24, 122, 110, 251, 147, 207, 223,
       84, 126, 210, 74, 210, 2, 182, 237, 254, 191, 254, 11, 254, 236,
       191, 178, 251, 10, 255, 234, 121, 83, 255, 231, 127, 227, 232,
       243, 203, 255, 188, 215, 239, 156, 37, 123, 225, 128, 244, 237,
       222, 54, 136, 232, 85, 223, 178, 183, 164, 25, 119, 231, 75, 27,
       33, 198, 237, 22, 122, 71, 138, 50, 250, 131, 117, 61, 160, 241,
       142, 66, 204, 180, 189, 113, 169, 108, 117, 159, 187, 255, 175,
       24, 222, 63, 74, 59, 183, 23, 253, 48, 51, 93, 251, 66, 207, 219,
       117, 119, 128, 64, 135, 115, 120, 48, 188, 248, 41, 205, 81, 89,
