%YAML:1.0
---
descriptors: !!opencv-matrix
   rows: 374
   cols: 32
   dt: u
   data: [ 53, 237, 122, 234, 214, 135, 239, 252, 87, 73, 252, 10, 115,
       239, 190, 112, 126, 234, 23, 238, 219, 187, 108, 189, 254, 205,
       167, 224, 245, 251, 242, 192, 200, 188, 188, 115, 169, 253, 125,
       159, 251, 127, 182, 29, 190, 191, 72, 59, 133, 87, 237, 24, 178,
       109, 251, 243, 207, 219, 119, 127, 194, 80, 135, 91, 134, 172,
       198, 159, 252, 171, 238, 239, 191, 179, 243, 18, 236, 234, 60, 91,
       123, 239, 127, 163, 50, 223, 139, 255, 188, 190, 223, 180, 133,
       113, 243, 128, 230, 236, 214, 223, 189, 47, 238, 239, 159, 187,
       242, 18, 204, 250, 28, 75, 219, 239, 127, 131, 50, 255, 219, 255,
       191, 190, 223, 150, 149, 120, 241, 130, 150, 172, 246, 223, 252,
       171, 252, 239, 63, 179, 242, 146, 237, 238, 28, 75, 255, 239, 127,
       17, 178, 255, 203, 255, 158, 254, 95, 244, 213, 252, 227, 129,
       108, 181, 189, 99, 141, 125, 81, 152, 107, 63, 173, 24, 223, 125,
       72, 58, 153, 22, 233, 24, 26, 98, 251, 18, 207, 223, 81, 127, 210,
       75, 70, 114, 236, 112, 189, 103, 40, 78, 87, 152, 51, 254, 183,
       24, 215, 87, 73, 59, 148, 212, 125, 106, 105, 102, 249, 0, 199,
       219, 101, 52, 64, 243, 70, 115, 84, 85, 125, 103, 184, 78, 71,
       184, 32, 232, 191, 72, 215, 119, 137, 115, 22, 212, 125, 106, 105,
       128, 249, 44, 229, 239, 101, 20, 32, 243, 70, 113, 104, 188, 187,
       112, 25, 237, 81, 67, 251, 29, 44, 24, 182, 151, 64, 58, 129, 58,
       104, 24, 19, 109, 178, 23, 219, 223, 16, 123, 194, 0, 70, 106,
       116, 116, 189, 119, 168, 110, 69, 152, 226, 191, 167, 24, 87, 119,
       73, 59, 1, 212, 108, 122, 57, 101, 251, 32, 233, 171, 101, 116,
       224, 243, 198, 98, 252, 117, 57, 101, 136, 111, 71, 152, 34, 162,
       174, 8, 215, 87, 73, 51, 144, 84, 124, 106, 105, 97, 249, 26, 225,
       233, 37, 52, 96, 115, 198, 98, 252, 101, 61, 98, 172, 79, 71, 184,
       224, 174, 175, 8, 215, 119, 73, 50, 136, 212, 76, 106, 105, 33,
       249, 42, 225, 233, 37, 20, 64, 123, 198, 98, 72, 48, 157, 117, 32,
       76, 97, 16, 236, 217, 39, 72, 223, 55, 0, 123, 130, 116, 124, 24,
       1, 216, 243, 0, 205, 251, 112, 16, 138, 128, 7, 51, 241, 184, 255,
       84, 171, 252, 80, 87, 227, 91, 180, 56, 59, 255, 198, 63, 167,
       246, 236, 16, 191, 111, 182, 177, 219, 251, 116, 251, 235, 192,
       198, 127, 249, 186, 190, 56, 168, 173, 89, 87, 179, 127, 164, 253,
       63, 151, 66, 27, 135, 179, 253, 20, 190, 79, 242, 49, 219, 203,
       116, 251, 162, 132, 142, 91, 252, 168, 156, 54, 136, 109, 85, 222,
       162, 183, 164, 25, 55, 243, 67, 27, 1, 246, 237, 16, 58, 71, 218,
       32, 219, 195, 117, 61, 224, 240, 142, 2, 205, 174, 128, 51, 192,
       40, 101, 159, 114, 179, 6, 244, 211, 227, 202, 218, 113, 78, 104,
       158, 51, 92, 207, 34, 172, 135, 119, 100, 130, 241, 201, 32, 93,
       14, 212, 71, 149, 62, 74, 152, 97, 163, 239, 68, 203, 115, 153,
       254, 115, 196, 108, 190, 173, 180, 221, 234, 162, 255, 1, 20, 170,
       243, 72, 36, 209, 175, 151, 54, 168, 44, 68, 207, 251, 155, 178,
       125, 238, 226, 144, 159, 161, 231, 108, 13, 189, 111, 138, 34,
       184, 242, 116, 154, 200, 116, 195, 13, 165, 238, 133, 178, 172,
       45, 69, 214, 187, 187, 160, 93, 198, 224, 89, 31, 141, 70, 110,
       31, 169, 111, 202, 114, 152, 146, 119, 60, 200, 121, 211, 5, 69,
       113, 17, 69, 81, 78, 54, 40, 105, 232, 107, 8, 222, 18, 13, 182,
       144, 92, 64, 106, 65, 240, 209, 76, 37, 188, 5, 6, 72, 50, 67,
       182, 100, 181, 17, 235, 221, 13, 67, 172, 95, 57, 169, 88, 214,
       113, 76, 52, 145, 154, 110, 50, 27, 98, 219, 55, 173, 158, 21,
       126, 208, 26, 198, 34, 85, 69, 93, 101, 22, 78, 111, 56, 100, 32,
       107, 0, 211, 49, 9, 112, 50, 212, 120, 106, 73, 176, 93, 14, 231,
       175, 37, 20, 96, 179, 64, 32, 252, 107, 192, 54, 45, 9, 70, 152,
       161, 186, 177, 217, 107, 201, 89, 155, 136, 228, 236, 110, 108,
       103, 202, 32, 210, 209, 101, 57, 98, 189, 218, 0, 92, 69, 125,
       101, 178, 74, 71, 184, 117, 162, 47, 8, 215, 115, 9, 115, 50, 212,
       108, 106, 104, 208, 121, 14, 239, 239, 69, 20, 96, 243, 68, 34,
       28, 253, 159, 247, 145, 70, 103, 252, 52, 162, 238, 0, 115, 243,
       9, 96, 121, 254, 40, 234, 104, 209, 57, 47, 233, 231, 199, 0, 32,
       114, 164, 170, 224, 136, 157, 254, 136, 233, 17, 143, 154, 23,
       160, 24, 182, 247, 64, 91, 129, 115, 105, 16, 50, 109, 202, 113,
       221, 178, 84, 123, 144, 72, 135, 42, 197, 245, 157, 103, 160, 14,
       103, 184, 122, 250, 43, 76, 214, 113, 73, 50, 145, 68, 104, 122,
       225, 244, 249, 42, 237, 159, 69, 22, 200, 115, 195, 35, 96, 172,
       157, 251, 232, 237, 5, 143, 158, 19, 168, 24, 182, 179, 64, 122,
       129, 91, 106, 24, 50, 106, 218, 51, 205, 182, 84, 120, 144, 88,
       135, 168, 144, 172, 191, 115, 192, 236, 225, 207, 50, 23, 100, 18,
       53, 243, 64, 25, 121, 254, 115, 152, 50, 254, 186, 51, 221, 163,
       246, 105, 225, 64, 167, 170, 241, 156, 173, 54, 172, 108, 85, 183,
       242, 123, 130, 25, 247, 61, 18, 123, 129, 230, 125, 1, 189, 109,
       251, 35, 217, 235, 113, 80, 232, 96, 210, 90, 209, 172, 189, 53,
       180, 106, 209, 143, 126, 243, 130, 24, 247, 121, 16, 43, 131, 103,
       124, 57, 176, 237, 237, 47, 201, 235, 117, 84, 228, 224, 213, 104,
       220, 52, 189, 118, 168, 108, 89, 154, 243, 255, 167, 24, 223, 119,
       65, 59, 133, 213, 125, 26, 57, 101, 251, 34, 219, 219, 117, 52,
       224, 225, 70, 115, 210, 182, 189, 254, 169, 116, 93, 175, 187,
       191, 165, 152, 110, 231, 78, 31, 135, 247, 237, 128, 58, 79, 186,
       177, 155, 243, 85, 63, 162, 96, 134, 127, 92, 52, 189, 114, 168,
       124, 81, 26, 242, 191, 167, 24, 223, 247, 73, 58, 135, 214, 236,
       16, 57, 101, 251, 34, 219, 207, 117, 125, 224, 113, 71, 115, 45,
       117, 213, 71, 52, 31, 102, 184, 123, 224, 127, 108, 223, 120, 153,
       180, 23, 76, 244, 106, 229, 240, 253, 14, 46, 255, 101, 4, 78,
       187, 90, 53, 7, 113, 21, 135, 34, 11, 38, 184, 125, 224, 99, 108,
       222, 114, 141, 52, 150, 93, 78, 99, 197, 176, 93, 76, 164, 176,
       79, 6, 72, 51, 11, 53, 36, 199, 185, 75, 144, 79, 71, 184, 86, 55,
       239, 76, 211, 103, 136, 112, 85, 222, 44, 106, 122, 240, 121, 31,
       237, 135, 37, 116, 112, 251, 196, 112, 76, 103, 192, 163, 210, 42,
       38, 152, 50, 183, 139, 244, 193, 98, 203, 222, 115, 76, 104, 242,
       48, 210, 205, 34, 172, 39, 231, 101, 160, 243, 143, 129, 237, 228,
       245, 103, 228, 31, 118, 184, 123, 186, 51, 89, 222, 120, 221, 179,
       149, 68, 125, 111, 228, 244, 201, 10, 239, 255, 101, 54, 194, 247,
       194, 163, 112, 168, 223, 112, 136, 233, 81, 87, 162, 19, 172, 9,
       23, 179, 66, 58, 129, 166, 125, 24, 26, 75, 194, 49, 219, 141, 52,
       121, 224, 194, 206, 74, 129, 142, 207, 25, 100, 170, 97, 23, 118,
       19, 98, 212, 179, 161, 208, 123, 35, 46, 42, 28, 51, 252, 103, 19,
       76, 171, 112, 64, 236, 192, 64, 168, 145, 142, 207, 125, 180, 170,
       97, 23, 118, 67, 102, 244, 243, 33, 144, 121, 17, 46, 36, 28, 187,
       252, 101, 63, 204, 175, 116, 64, 236, 192, 208, 40, 248, 236, 156,
       50, 137, 233, 85, 206, 178, 183, 172, 25, 55, 247, 66, 27, 129,
       247, 237, 16, 58, 79, 218, 51, 219, 195, 85, 121, 224, 81, 142,
       90, 53, 249, 250, 238, 214, 131, 127, 252, 87, 161, 253, 42, 115,
       235, 253, 48, 122, 202, 23, 250, 218, 179, 236, 255, 254, 205,
       167, 236, 245, 251, 242, 129, 92, 54, 188, 241, 168, 46, 89, 25,
       171, 255, 183, 52, 223, 127, 74, 123, 183, 85, 125, 57, 185, 69,
       251, 192, 219, 251, 119, 212, 130, 224, 135, 115, 232, 252, 53,
       254, 157, 221, 85, 238, 219, 31, 172, 24, 174, 189, 64, 48, 201,
       179, 233, 0, 106, 111, 242, 191, 251, 221, 20, 59, 82, 88, 198,
       106, 236, 188, 180, 250, 173, 237, 212, 159, 255, 187, 180, 24,
       238, 249, 76, 27, 133, 114, 255, 16, 178, 111, 218, 243, 143, 219,
