%YAML:1.0
---
descriptors: !!opencv-matrix
   rows: 201
   cols: 32
   dt: u
   data: [ 252, 191, 28, 82, 185, 29, 86, 184, 139, 190, 164, 125, 174,
       195, 195, 151, 133, 198, 236, 114, 122, 79, 202, 50, 186, 209, 37,
       127, 146, 245, 78, 7, 117, 99, 232, 99, 212, 63, 71, 152, 99, 228,
       45, 8, 83, 73, 223, 56, 24, 204, 68, 126, 140, 178, 253, 8, 127,
       141, 37, 53, 225, 251, 90, 192, 116, 112, 173, 165, 140, 78, 71,
       24, 34, 226, 135, 8, 215, 53, 89, 58, 145, 212, 125, 123, 73, 86,
       249, 8, 233, 161, 229, 52, 160, 122, 86, 98, 88, 238, 144, 182,
       185, 13, 87, 189, 187, 175, 191, 253, 239, 227, 74, 150, 149, 231,
       236, 22, 120, 77, 201, 34, 248, 215, 53, 184, 162, 246, 143, 73,
       230, 171, 252, 26, 234, 120, 28, 140, 171, 117, 173, 185, 205,
       238, 207, 26, 135, 215, 237, 80, 22, 67, 238, 113, 94, 113, 69,
       255, 134, 245, 143, 87, 108, 98, 216, 90, 205, 181, 192, 202, 195,
       23, 172, 8, 10, 200, 79, 158, 201, 138, 194, 146, 14, 99, 218,
       241, 23, 221, 17, 63, 211, 91, 110, 134, 109, 67, 108, 39, 36, 31,
       118, 184, 97, 174, 63, 77, 195, 41, 159, 19, 152, 68, 108, 110,
       204, 240, 205, 12, 102, 251, 97, 149, 64, 187, 90, 1, 16, 159, 28,
       191, 186, 195, 23, 239, 158, 62, 152, 171, 244, 247, 32, 64, 199,
       115, 175, 1, 118, 11, 74, 63, 232, 135, 127, 255, 16, 106, 133,
       91, 248, 176, 253, 112, 169, 253, 89, 87, 163, 55, 164, 24, 27,
       151, 64, 63, 39, 146, 221, 24, 26, 79, 178, 16, 219, 201, 112,
       125, 226, 192, 198, 115, 239, 62, 197, 87, 236, 62, 237, 151, 211,
       247, 22, 212, 232, 100, 223, 175, 13, 102, 234, 28, 161, 244, 255,
       226, 14, 58, 213, 144, 206, 252, 216, 244, 249, 174, 150, 58, 168,
       188, 64, 206, 187, 27, 176, 125, 239, 226, 200, 155, 161, 231,
       236, 21, 62, 79, 138, 51, 152, 243, 116, 249, 200, 196, 202, 13,
       108, 103, 88, 39, 180, 10, 118, 184, 49, 172, 127, 13, 207, 99,
       11, 144, 146, 196, 204, 110, 108, 176, 201, 14, 230, 255, 37, 5,
       66, 243, 74, 2, 193, 42, 139, 17, 232, 140, 109, 23, 182, 27, 70,
       212, 177, 162, 208, 107, 69, 102, 106, 140, 178, 220, 231, 99, 76,
       42, 254, 128, 136, 208, 211, 168, 100, 164, 189, 123, 221, 239,
       65, 138, 246, 123, 165, 24, 214, 241, 72, 58, 137, 30, 106, 24,
       59, 120, 251, 50, 205, 190, 81, 116, 192, 73, 198, 34, 68, 188,
       61, 71, 48, 111, 115, 184, 106, 232, 43, 72, 246, 119, 9, 48, 144,
       84, 104, 106, 1, 240, 249, 60, 13, 190, 33, 54, 64, 35, 71, 33,
       201, 113, 189, 101, 168, 94, 125, 63, 104, 254, 38, 84, 223, 55,
       146, 123, 4, 84, 124, 44, 233, 220, 241, 8, 239, 251, 117, 148,
       10, 240, 198, 121, 212, 253, 159, 102, 170, 78, 71, 184, 162, 182,
       175, 8, 215, 247, 73, 115, 51, 215, 108, 122, 105, 65, 187, 42,
       249, 227, 101, 52, 160, 243, 7, 50, 252, 115, 148, 102, 141, 15,
       86, 248, 1, 182, 161, 15, 67, 201, 73, 155, 216, 212, 232, 98, 76,
       99, 219, 168, 179, 193, 69, 63, 107, 127, 222, 2, 59, 150, 113,
       72, 117, 255, 215, 123, 105, 108, 125, 12, 42, 28, 158, 180, 156,
       138, 212, 44, 205, 186, 116, 223, 51, 124, 0, 50, 91, 206, 214,
       253, 74, 253, 145, 246, 153, 204, 22, 166, 171, 144, 40, 9, 172,
       247, 64, 210, 129, 123, 233, 80, 67, 73, 154, 245, 171, 214, 95,
       123, 130, 84, 135, 58, 101, 165, 157, 83, 204, 237, 165, 207, 222,
       55, 45, 24, 150, 240, 72, 42, 9, 66, 106, 24, 114, 107, 250, 49,
       237, 131, 117, 124, 208, 88, 215, 160, 101, 241, 17, 26, 153, 205,
       22, 232, 207, 112, 33, 8, 254, 240, 105, 180, 145, 107, 106, 98,
       67, 99, 90, 117, 169, 20, 5, 126, 88, 63, 11, 166, 34, 191, 97,
       57, 251, 233, 178, 199, 154, 69, 120, 171, 172, 252, 70, 128, 143,
       59, 195, 21, 150, 40, 230, 255, 44, 68, 15, 251, 213, 68, 135,
       223, 100, 101, 108, 103, 52, 10, 103, 40, 97, 164, 239, 169, 195,
       97, 159, 16, 26, 196, 108, 110, 72, 240, 237, 12, 102, 255, 37,
       21, 101, 179, 86, 96, 213, 190, 150, 50, 169, 189, 68, 222, 250,
       219, 160, 92, 206, 226, 202, 155, 165, 103, 108, 29, 183, 79, 154,
       51, 152, 243, 87, 126, 200, 100, 139, 5, 100, 205, 185, 111, 184,
       15, 71, 188, 111, 172, 47, 8, 215, 113, 73, 112, 145, 84, 108,
       106, 72, 48, 249, 63, 237, 253, 37, 52, 208, 251, 196, 32, 126,
       125, 148, 166, 139, 86, 22, 232, 19, 190, 137, 9, 78, 247, 75,
       146, 149, 213, 249, 115, 108, 67, 219, 170, 251, 231, 205, 191,
       34, 119, 14, 19, 1, 190, 158, 17, 140, 173, 161, 23, 238, 27, 230,
       84, 182, 176, 212, 43, 33, 34, 106, 28, 179, 109, 151, 81, 76, 26,
       114, 80, 200, 200, 193, 41, 100, 48, 189, 81, 221, 237, 65, 138,
       250, 243, 33, 24, 214, 241, 73, 58, 129, 22, 106, 24, 19, 120,
       251, 48, 77, 158, 81, 126, 192, 89, 198, 34, 43, 176, 97, 65, 117,
       255, 250, 112, 125, 107, 125, 76, 90, 28, 158, 180, 157, 152, 215,
       13, 149, 176, 60, 223, 7, 95, 17, 246, 215, 143, 94, 245, 77, 117,
       17, 71, 81, 30, 118, 184, 121, 232, 111, 76, 222, 112, 13, 180,
       144, 76, 96, 110, 197, 240, 249, 78, 39, 190, 5, 6, 74, 51, 75,
       135, 120, 176, 251, 116, 9, 236, 81, 7, 227, 85, 164, 24, 63, 159,
       64, 58, 129, 183, 125, 16, 26, 79, 178, 129, 219, 249, 16, 123,
       227, 0, 70, 106, 12, 173, 180, 83, 141, 237, 37, 207, 238, 191,
       173, 24, 150, 241, 200, 62, 1, 90, 106, 24, 18, 105, 250, 50, 237,
       135, 117, 125, 194, 91, 199, 162, 80, 41, 17, 225, 21, 74, 97, 47,
       100, 161, 202, 8, 151, 19, 16, 112, 32, 156, 120, 169, 25, 152,
       209, 12, 205, 164, 19, 68, 160, 0, 3, 40, 253, 148, 157, 103, 168,
       110, 71, 184, 99, 186, 175, 24, 211, 115, 73, 59, 145, 214, 108,
       58, 57, 101, 251, 34, 203, 235, 101, 84, 224, 243, 194, 32, 124,
       161, 172, 182, 129, 120, 85, 175, 51, 247, 143, 153, 211, 247, 74,
       91, 209, 214, 253, 128, 60, 90, 251, 32, 251, 227, 213, 85, 162,
       244, 182, 122, 120, 58, 223, 112, 42, 201, 81, 82, 163, 189, 180,
       169, 55, 199, 194, 26, 39, 181, 109, 24, 10, 75, 162, 17, 216,
       193, 113, 249, 224, 128, 6, 123, 118, 53, 185, 246, 137, 100, 20,
       143, 179, 190, 139, 25, 83, 255, 77, 91, 193, 215, 125, 147, 120,
       71, 217, 34, 249, 230, 221, 63, 160, 112, 166, 34, 237, 249, 17,
       34, 25, 221, 86, 168, 207, 240, 33, 12, 238, 208, 75, 144, 144,
       105, 234, 86, 71, 33, 154, 53, 169, 209, 5, 62, 90, 63, 11, 22,
       109, 60, 140, 165, 8, 46, 77, 26, 51, 238, 142, 141, 211, 39, 83,
       27, 157, 196, 121, 47, 136, 86, 241, 10, 197, 247, 201, 52, 136,
       245, 82, 82, 213, 176, 172, 176, 140, 237, 81, 11, 234, 247, 131,
       29, 151, 184, 82, 11, 129, 71, 121, 21, 191, 109, 251, 16, 201,
       131, 121, 125, 136, 73, 83, 82, 208, 168, 156, 242, 136, 173, 81,
       199, 186, 55, 164, 24, 183, 147, 64, 27, 161, 179, 109, 24, 58,
       79, 130, 49, 217, 195, 123, 120, 192, 64, 135, 42, 237, 77, 105,
       110, 60, 14, 71, 184, 112, 226, 229, 72, 211, 65, 153, 49, 88,
       196, 92, 110, 233, 166, 109, 62, 227, 255, 37, 20, 80, 187, 82,
       32, 69, 112, 184, 103, 65, 78, 127, 184, 121, 226, 103, 8, 223,
       87, 9, 48, 148, 84, 112, 106, 193, 244, 249, 106, 231, 191, 5, 4,
       72, 179, 67, 50, 236, 84, 181, 115, 185, 111, 71, 184, 119, 250,
       163, 24, 214, 117, 9, 123, 145, 84, 108, 122, 121, 244, 121, 62,
       237, 254, 117, 84, 210, 121, 196, 98, 126, 247, 156, 182, 186, 65,
       22, 248, 187, 190, 141, 109, 102, 247, 75, 18, 151, 117, 237, 98,
       96, 67, 202, 59, 250, 247, 109, 191, 2, 119, 14, 19, 124, 101, 72,
       103, 145, 75, 86, 168, 49, 164, 239, 137, 195, 97, 11, 16, 24,
       220, 225, 98, 104, 242, 217, 14, 239, 231, 5, 21, 99, 251, 78,
       146, 100, 56, 153, 81, 200, 237, 161, 143, 250, 179, 32, 24, 150,
       145, 69, 58, 145, 94, 104, 24, 19, 96, 251, 18, 13, 156, 21, 126,
       192, 89, 195, 162, 116, 71, 97, 71, 21, 75, 71, 184, 97, 164, 239,
