%YAML:1.0
---
descriptors: !!opencv-matrix
   rows: 199
   cols: 32
   dt: u
   data: [ 172, 85, 63, 103, 133, 79, 71, 184, 116, 234, 99, 8, 210, 117,
       1, 48, 216, 116, 88, 106, 105, 180, 121, 46, 229, 255, 69, 20, 64,
       123, 86, 114, 81, 143, 93, 101, 176, 46, 79, 191, 116, 170, 122,
       100, 243, 35, 144, 112, 22, 102, 108, 46, 249, 184, 77, 46, 232,
       175, 37, 128, 104, 242, 192, 41, 37, 117, 17, 65, 117, 95, 230,
       184, 111, 232, 43, 72, 214, 80, 77, 180, 145, 92, 82, 122, 193,
       176, 121, 30, 45, 156, 5, 52, 74, 59, 66, 180, 252, 108, 252, 116,
       136, 109, 85, 223, 179, 190, 164, 24, 83, 247, 73, 27, 1, 214,
       109, 26, 120, 103, 250, 34, 219, 203, 117, 60, 226, 240, 198, 34,
       124, 188, 255, 122, 168, 253, 85, 223, 227, 223, 164, 24, 115,
       247, 202, 59, 9, 246, 236, 24, 59, 107, 250, 49, 219, 235, 117,
       121, 226, 192, 198, 123, 252, 60, 253, 118, 168, 108, 85, 159,
       243, 191, 164, 24, 127, 255, 73, 59, 129, 215, 125, 24, 58, 111,
       250, 34, 219, 203, 117, 61, 224, 240, 198, 107, 156, 237, 27, 127,
       148, 198, 103, 240, 116, 130, 111, 0, 243, 243, 41, 48, 89, 126,
       32, 106, 104, 240, 25, 46, 235, 239, 101, 0, 96, 243, 224, 162,
       252, 118, 149, 118, 169, 44, 84, 222, 179, 187, 177, 120, 159,
       243, 73, 155, 133, 214, 236, 18, 42, 103, 202, 34, 219, 211, 117,
       62, 226, 241, 2, 35, 93, 69, 93, 103, 150, 78, 71, 184, 101, 160,
       171, 8, 83, 113, 9, 112, 50, 212, 108, 106, 105, 176, 93, 46, 231,
       239, 37, 20, 96, 243, 64, 32, 252, 68, 29, 118, 168, 108, 85, 187,
       176, 178, 167, 56, 215, 119, 9, 91, 135, 215, 108, 42, 120, 71,
       203, 42, 211, 235, 117, 29, 96, 241, 142, 35, 192, 140, 157, 254,
       136, 237, 21, 135, 158, 23, 108, 24, 183, 243, 64, 91, 129, 114,
       106, 24, 50, 76, 218, 51, 205, 167, 116, 120, 144, 88, 135, 170,
       83, 51, 2, 161, 50, 15, 58, 49, 44, 64, 74, 237, 143, 6, 130, 208,
       182, 61, 76, 101, 133, 144, 21, 76, 164, 52, 10, 130, 12, 6, 3,
       93, 117, 69, 125, 101, 22, 15, 67, 184, 100, 160, 171, 8, 83, 113,
       9, 112, 49, 212, 72, 106, 104, 176, 121, 30, 237, 175, 5, 20, 113,
       187, 64, 34, 109, 97, 233, 101, 52, 30, 118, 184, 105, 232, 127,
       73, 219, 45, 159, 178, 148, 68, 125, 110, 196, 240, 233, 10, 231,
       255, 101, 4, 66, 183, 82, 101, 76, 101, 121, 103, 50, 74, 127,
       184, 45, 164, 111, 137, 223, 39, 137, 80, 22, 85, 125, 110, 64,
       208, 249, 78, 231, 237, 39, 4, 96, 179, 7, 112, 52, 104, 123, 69,
       82, 202, 99, 80, 96, 128, 110, 8, 51, 23, 133, 48, 50, 188, 68,
       106, 73, 176, 160, 12, 103, 137, 32, 0, 99, 179, 70, 160, 108,
       229, 61, 126, 153, 77, 71, 168, 51, 22, 173, 8, 242, 119, 73, 19,
       217, 194, 104, 106, 107, 66, 251, 55, 235, 223, 5, 56, 80, 115,
       70, 98, 205, 213, 29, 111, 177, 14, 119, 184, 124, 106, 107, 68,
       223, 115, 9, 113, 151, 84, 124, 106, 97, 208, 121, 127, 229, 251,
       101, 4, 72, 115, 227, 51, 205, 116, 159, 103, 161, 110, 119, 152,
       121, 234, 111, 24, 222, 113, 73, 59, 177, 92, 104, 42, 97, 244,
       185, 10, 231, 255, 69, 6, 202, 115, 67, 51, 69, 117, 141, 39, 164,
       46, 103, 152, 122, 234, 11, 76, 214, 113, 89, 59, 145, 68, 104,
       126, 161, 240, 217, 42, 237, 143, 101, 52, 200, 123, 83, 32, 69,
       117, 156, 103, 177, 14, 119, 184, 123, 168, 111, 76, 214, 115, 73,
       18, 149, 76, 108, 110, 192, 244, 217, 46, 231, 254, 5, 4, 72, 115,
       67, 35, 240, 178, 255, 112, 170, 233, 81, 83, 162, 23, 164, 184,
       55, 199, 64, 27, 39, 178, 109, 24, 58, 111, 162, 16, 217, 195,
       113, 121, 224, 192, 134, 99, 208, 92, 223, 116, 8, 100, 69, 183,
       176, 210, 162, 120, 119, 183, 129, 123, 1, 244, 108, 138, 105, 71,
       179, 34, 209, 171, 116, 24, 40, 240, 166, 56, 120, 238, 183, 122,
       171, 232, 85, 223, 179, 159, 164, 56, 47, 247, 64, 159, 39, 247,
       237, 16, 106, 79, 170, 179, 219, 243, 84, 123, 226, 208, 134, 107,
       237, 113, 16, 71, 81, 30, 230, 56, 121, 168, 115, 76, 222, 80, 21,
       181, 148, 76, 82, 110, 225, 240, 217, 76, 39, 184, 69, 6, 74, 51,
       75, 133, 240, 48, 255, 112, 40, 205, 81, 23, 179, 253, 166, 29,
       151, 151, 64, 27, 135, 182, 109, 24, 27, 79, 242, 1, 219, 219,
       112, 112, 224, 128, 70, 123, 105, 223, 92, 73, 176, 63, 87, 190,
       86, 57, 62, 124, 211, 96, 138, 113, 23, 70, 76, 44, 174, 56, 109,
       63, 238, 255, 37, 116, 216, 218, 200, 1, 221, 46, 156, 49, 168,
       62, 94, 154, 251, 187, 163, 125, 207, 99, 203, 219, 149, 199, 108,
       62, 60, 71, 203, 34, 218, 251, 101, 117, 160, 241, 203, 1, 228,
       188, 157, 218, 200, 173, 69, 143, 218, 59, 168, 24, 246, 243, 72,
       59, 129, 210, 106, 24, 51, 107, 218, 115, 189, 150, 85, 124, 216,
       88, 195, 34, 252, 4, 157, 246, 168, 46, 93, 187, 176, 186, 167,
       120, 87, 119, 9, 91, 135, 215, 109, 10, 56, 71, 203, 2, 219, 235,
       117, 29, 224, 241, 134, 35, 69, 117, 157, 103, 149, 14, 103, 184,
       122, 168, 43, 76, 214, 113, 89, 50, 145, 68, 104, 126, 225, 240,
       217, 14, 237, 191, 101, 20, 72, 115, 67, 33, 96, 245, 17, 123,
       157, 77, 68, 175, 75, 57, 40, 24, 182, 51, 76, 116, 129, 27, 104,
       0, 91, 40, 219, 55, 173, 156, 20, 126, 88, 24, 198, 42, 128, 172,
       159, 255, 152, 236, 21, 135, 150, 23, 104, 16, 183, 243, 96, 91,
       193, 122, 105, 16, 50, 74, 218, 51, 233, 227, 117, 120, 144, 88,
       135, 170, 100, 97, 27, 252, 93, 198, 167, 224, 224, 128, 224, 8,
       212, 211, 41, 48, 216, 252, 74, 106, 65, 227, 186, 76, 113, 160,
       135, 12, 64, 51, 102, 162, 125, 181, 245, 68, 177, 127, 199, 191,
       113, 226, 170, 88, 91, 53, 140, 182, 23, 214, 108, 42, 249, 252,
       249, 142, 185, 254, 69, 54, 227, 250, 198, 60, 69, 113, 25, 101,
       21, 79, 115, 56, 104, 224, 43, 8, 214, 17, 9, 48, 144, 92, 64,
       106, 65, 240, 209, 12, 229, 156, 1, 6, 72, 35, 67, 34, 10, 191,
       23, 187, 185, 137, 20, 167, 191, 93, 72, 245, 174, 246, 96, 212,
       197, 43, 238, 0, 87, 8, 66, 183, 172, 214, 28, 218, 154, 20, 141,
       159, 124, 205, 148, 62, 139, 24, 22, 168, 179, 150, 169, 9, 110,
       227, 43, 211, 145, 247, 232, 66, 100, 67, 138, 43, 242, 247, 69,
       59, 178, 119, 142, 2, 96, 255, 156, 124, 168, 201, 23, 174, 155,
       182, 172, 45, 230, 253, 67, 18, 131, 118, 237, 64, 98, 106, 202,
       63, 234, 247, 117, 59, 64, 248, 6, 75, 248, 170, 188, 112, 136,
       233, 81, 7, 162, 183, 164, 24, 39, 167, 64, 27, 33, 182, 236, 16,
       58, 111, 162, 1, 219, 195, 117, 121, 224, 192, 134, 106, 100, 97,
       104, 103, 52, 26, 110, 40, 105, 160, 111, 9, 211, 105, 29, 50,
       146, 196, 121, 110, 76, 240, 205, 14, 231, 255, 5, 21, 100, 179,
       90, 2, 92, 101, 120, 103, 19, 26, 126, 168, 49, 164, 111, 136,
       223, 19, 9, 208, 50, 221, 253, 234, 72, 208, 201, 110, 247, 237,
       37, 133, 99, 179, 71, 34, 208, 188, 159, 118, 136, 204, 81, 151,
       182, 159, 166, 24, 247, 247, 64, 91, 1, 247, 109, 16, 58, 77, 251,
       35, 217, 227, 117, 89, 160, 128, 134, 42, 196, 174, 205, 31, 200,
       43, 37, 171, 246, 179, 67, 208, 209, 224, 216, 91, 97, 70, 106,
       14, 48, 84, 207, 51, 12, 34, 119, 4, 164, 249, 209, 160, 109, 229,
       189, 111, 153, 77, 71, 168, 115, 48, 173, 8, 242, 119, 73, 50,
       153, 80, 104, 106, 107, 98, 251, 53, 239, 223, 69, 60, 80, 123,
       70, 98, 77, 181, 185, 99, 245, 111, 119, 184, 123, 234, 47, 72,
       222, 117, 8, 48, 145, 92, 88, 106, 161, 240, 249, 46, 239, 223, 5,
       102, 192, 115, 199, 115, 205, 245, 157, 99, 148, 79, 71, 152, 114,
       250, 47, 8, 215, 113, 73, 59, 145, 68, 124, 122, 113, 112, 249,
       42, 237, 219, 101, 116, 200, 123, 194, 35, 69, 117, 25, 103, 176,
       47, 103, 184, 104, 170, 107, 76, 214, 115, 9, 16, 149, 76, 108,
       110, 193, 176, 217, 46, 229, 188, 37, 4, 72, 115, 67, 163, 108,
       101, 224, 7, 212, 91, 102, 168, 114, 164, 239, 137, 195, 104, 91,
