%YAML:1.0
---
descriptors: !!opencv-matrix
   rows: 107
   cols: 32
   dt: u
   data: [ 158, 188, 182, 222, 189, 119, 254, 232, 63, 223, 255, 59, 238,
       254, 15, 175, 255, 247, 255, 243, 190, 231, 123, 255, 187, 127,
       223, 223, 199, 127, 239, 87, 252, 112, 252, 250, 169, 93, 84, 216,
       167, 190, 165, 25, 95, 223, 75, 27, 205, 213, 253, 210, 74, 71,
       219, 48, 219, 203, 117, 61, 242, 51, 78, 19, 173, 220, 189, 119,
       173, 172, 223, 180, 251, 219, 119, 84, 255, 125, 93, 59, 221, 98,
       117, 30, 187, 252, 251, 163, 239, 251, 87, 70, 202, 121, 210, 123,
       205, 22, 125, 245, 36, 42, 123, 56, 116, 234, 119, 252, 223, 67,
       153, 121, 55, 141, 94, 46, 225, 244, 109, 14, 198, 235, 99, 132,
       108, 233, 65, 49, 63, 239, 107, 238, 244, 159, 239, 244, 87, 236,
       253, 238, 121, 237, 190, 100, 126, 232, 23, 239, 201, 178, 44,
       254, 126, 77, 175, 160, 63, 191, 242, 241, 63, 223, 107, 238, 246,
       147, 239, 252, 87, 72, 253, 230, 121, 239, 182, 228, 126, 235, 23,
       239, 207, 187, 44, 255, 122, 239, 175, 128, 127, 191, 240, 253,
       23, 223, 107, 255, 182, 130, 111, 246, 180, 200, 222, 230, 121,
       239, 179, 96, 126, 239, 31, 239, 233, 153, 44, 239, 250, 239, 175,
       128, 45, 179, 177, 249, 254, 253, 182, 246, 249, 253, 86, 204,
       191, 190, 191, 57, 110, 255, 79, 214, 251, 247, 239, 82, 62, 99,
       251, 243, 251, 215, 71, 127, 195, 127, 174, 87, 190, 181, 254,
       239, 191, 95, 223, 232, 63, 238, 254, 51, 206, 254, 14, 3, 255,
       213, 255, 227, 108, 227, 251, 254, 255, 255, 207, 151, 101, 126,
       239, 83, 15, 191, 236, 255, 252, 159, 239, 253, 127, 232, 255,
       199, 249, 239, 158, 228, 127, 239, 127, 207, 215, 242, 255, 255,
       126, 127, 175, 196, 79, 254, 251, 213, 190, 252, 246, 255, 205,
       255, 222, 236, 191, 254, 252, 27, 110, 255, 127, 223, 253, 255,
       255, 211, 110, 231, 187, 251, 251, 219, 207, 63, 195, 127, 255,
       222, 206, 189, 190, 158, 253, 127, 255, 239, 191, 255, 255, 27,
       238, 254, 14, 151, 255, 255, 255, 211, 118, 239, 251, 255, 255,
       119, 223, 223, 194, 126, 175, 95, 190, 255, 182, 191, 253, 118,
       254, 236, 63, 223, 255, 55, 238, 254, 79, 215, 255, 255, 255, 195,
       254, 247, 251, 255, 191, 119, 207, 151, 147, 127, 239, 215, 92,
       117, 156, 166, 168, 79, 94, 184, 163, 254, 191, 9, 223, 119, 75,
       83, 134, 213, 253, 98, 76, 67, 219, 40, 251, 201, 101, 189, 32,
       243, 142, 83, 252, 112, 156, 242, 169, 93, 84, 216, 163, 190, 165,
       25, 223, 223, 75, 154, 141, 213, 253, 82, 74, 71, 219, 48, 219,
       219, 117, 63, 242, 179, 78, 83, 252, 112, 252, 118, 169, 93, 93,
       216, 131, 190, 181, 25, 223, 223, 75, 58, 205, 213, 253, 82, 72,
       103, 250, 144, 211, 217, 101, 61, 226, 187, 78, 115, 141, 70, 127,
       229, 52, 10, 107, 56, 124, 234, 119, 244, 255, 67, 145, 113, 118,
       77, 92, 110, 233, 212, 109, 14, 198, 251, 163, 132, 44, 161, 65,
       49, 205, 158, 189, 115, 168, 46, 125, 182, 126, 123, 54, 84, 223,
       55, 192, 123, 135, 87, 125, 28, 179, 252, 251, 98, 207, 251, 118,
       196, 202, 209, 195, 123, 63, 255, 107, 238, 244, 151, 239, 248,
       87, 204, 253, 230, 123, 237, 191, 36, 126, 234, 23, 239, 203, 178,
       108, 255, 126, 205, 167, 168, 127, 187, 242, 241, 201, 22, 125,
       245, 36, 46, 109, 27, 125, 250, 119, 116, 223, 35, 145, 123, 183,
       148, 126, 44, 161, 244, 97, 10, 198, 251, 115, 132, 142, 224, 65,
       49, 129, 170, 255, 253, 236, 171, 233, 247, 254, 123, 242, 246,
       253, 235, 144, 105, 111, 239, 127, 156, 179, 252, 111, 247, 204,
       250, 255, 192, 189, 200, 241, 169, 129, 174, 255, 245, 230, 171,
       233, 215, 126, 243, 114, 246, 255, 235, 144, 105, 111, 239, 126,
       28, 163, 252, 207, 243, 204, 251, 119, 192, 173, 200, 209, 185,
       220, 253, 189, 167, 188, 78, 95, 184, 62, 238, 159, 17, 247, 127,
       11, 67, 183, 215, 125, 99, 108, 197, 249, 47, 251, 231, 111, 149,
       160, 251, 141, 83, 252, 113, 252, 114, 169, 77, 87, 152, 163, 190,
       181, 9, 223, 223, 75, 27, 140, 213, 253, 122, 72, 103, 251, 48,
       211, 217, 101, 61, 98, 243, 78, 83, 120, 176, 180, 250, 173, 253,
       80, 75, 191, 63, 165, 25, 142, 253, 78, 154, 201, 155, 239, 16,
       62, 107, 250, 147, 219, 223, 80, 127, 210, 76, 206, 66, 118, 117,
       246, 207, 253, 15, 254, 232, 63, 170, 251, 10, 206, 250, 61, 80,
       255, 221, 127, 227, 104, 243, 219, 238, 191, 254, 207, 174, 37,
       123, 97, 130, 118, 125, 246, 239, 93, 79, 254, 232, 63, 162, 250,
       10, 200, 255, 61, 80, 254, 221, 255, 227, 104, 243, 219, 238, 191,
       254, 207, 15, 55, 123, 101, 130, 214, 164, 214, 191, 254, 171,
       254, 236, 63, 179, 251, 26, 239, 234, 61, 80, 127, 239, 127, 179,
       58, 247, 203, 255, 190, 254, 143, 140, 165, 251, 225, 129, 214,
       44, 246, 247, 238, 43, 254, 235, 191, 162, 242, 26, 239, 234, 53,
       75, 127, 239, 127, 163, 224, 247, 203, 238, 188, 254, 223, 136,
       165, 249, 225, 129, 252, 121, 252, 230, 173, 95, 87, 184, 163,
       254, 181, 13, 223, 127, 75, 27, 150, 213, 253, 106, 76, 99, 249,
       32, 251, 217, 101, 61, 98, 243, 78, 115, 254, 252, 182, 254, 253,
       255, 222, 234, 191, 255, 253, 27, 110, 254, 111, 254, 253, 247,
       255, 211, 62, 227, 251, 251, 255, 215, 207, 127, 147, 127, 173,
       215, 141, 22, 125, 245, 36, 46, 105, 59, 124, 250, 119, 116, 223,
       35, 145, 121, 247, 37, 127, 46, 161, 212, 101, 78, 198, 251, 114,
       132, 44, 225, 65, 49, 129, 219, 123, 237, 52, 139, 107, 52, 124,
       200, 246, 230, 255, 67, 144, 96, 126, 45, 126, 236, 225, 188, 101,
       255, 236, 253, 163, 128, 44, 130, 65, 185, 190, 253, 254, 159,
       253, 255, 255, 236, 191, 254, 254, 59, 238, 254, 111, 255, 255,
       255, 255, 83, 254, 227, 251, 255, 255, 255, 207, 255, 211, 127,
       239, 215, 73, 113, 121, 101, 32, 30, 115, 56, 104, 36, 111, 8,
       223, 23, 137, 48, 22, 92, 204, 106, 65, 176, 249, 12, 231, 249,
       33, 4, 98, 179, 71, 97, 254, 252, 246, 159, 253, 127, 254, 236,
       191, 255, 253, 31, 238, 254, 79, 246, 255, 255, 255, 227, 238,
       243, 251, 255, 191, 255, 207, 191, 151, 127, 255, 215, 250, 188,
       191, 254, 169, 237, 17, 223, 155, 223, 132, 24, 254, 255, 98, 59,
       133, 115, 253, 17, 59, 79, 250, 51, 219, 211, 93, 123, 152, 80,
       135, 115, 250, 188, 189, 250, 169, 237, 21, 223, 187, 95, 132, 61,
       190, 255, 98, 59, 133, 51, 253, 17, 59, 79, 250, 177, 219, 211,
       93, 251, 144, 68, 135, 123, 194, 184, 148, 58, 169, 205, 20, 143,
       187, 59, 128, 25, 174, 242, 68, 159, 129, 115, 232, 17, 54, 77,
       218, 113, 137, 18, 93, 123, 144, 68, 135, 15, 76, 113, 120, 101,
       51, 26, 115, 24, 105, 164, 111, 8, 223, 19, 137, 176, 54, 156,
       204, 106, 64, 176, 245, 12, 231, 249, 33, 5, 98, 163, 79, 35, 65,
       170, 223, 249, 228, 171, 233, 151, 126, 57, 122, 228, 255, 235,
       208, 104, 127, 175, 126, 156, 147, 248, 231, 241, 204, 191, 119,
       192, 204, 192, 193, 169, 1, 171, 219, 233, 116, 139, 107, 149,
       110, 73, 122, 228, 255, 195, 144, 96, 126, 45, 126, 220, 147, 184,
       231, 241, 236, 253, 167, 192, 172, 130, 193, 169, 129, 78, 127,
       245, 52, 138, 107, 48, 124, 106, 119, 244, 255, 67, 145, 97, 118,
       44, 94, 238, 233, 148, 101, 95, 196, 249, 163, 128, 44, 137, 97,
       33, 137, 22, 127, 245, 36, 42, 105, 51, 124, 234, 119, 244, 223,
       67, 145, 121, 215, 37, 126, 46, 161, 244, 97, 78, 196, 251, 114,
       128, 76, 233, 65, 49, 201, 22, 189, 245, 164, 46, 125, 23, 124,
       251, 118, 116, 223, 51, 144, 123, 135, 23, 126, 44, 177, 252, 97,
       66, 199, 251, 118, 128, 136, 241, 131, 49, 129, 174, 255, 251,
       236, 175, 233, 223, 126, 51, 118, 86, 247, 235, 208, 105, 111,
       174, 126, 28, 179, 252, 255, 243, 204, 187, 119, 192, 253, 200,
       211, 169, 129, 174, 223, 251, 236, 171, 233, 223, 254, 115, 246,
       214, 255, 235, 144, 105, 111, 175, 126, 28, 179, 252, 111, 243,
