%YAML:1.0
---
descriptors: !!opencv-matrix
   rows: 326
   cols: 32
   dt: u
   data: [ 108, 236, 189, 119, 181, 107, 87, 168, 115, 174, 166, 8, 242,
       113, 73, 51, 153, 86, 108, 106, 40, 240, 233, 40, 239, 223, 69,
       53, 194, 251, 86, 42, 229, 113, 61, 103, 32, 78, 103, 184, 104,
       234, 103, 72, 215, 119, 9, 51, 148, 84, 124, 106, 225, 240, 249,
       8, 231, 185, 101, 4, 72, 179, 70, 49, 237, 244, 253, 103, 168,
       110, 87, 184, 114, 246, 173, 12, 215, 115, 75, 19, 145, 196, 108,
       122, 41, 102, 251, 38, 235, 235, 101, 60, 232, 243, 70, 115, 221,
       116, 188, 119, 168, 14, 87, 184, 48, 250, 167, 29, 215, 119, 11,
       27, 149, 68, 109, 110, 104, 197, 217, 8, 227, 235, 101, 20, 192,
       241, 66, 99, 213, 100, 148, 246, 141, 44, 70, 136, 59, 179, 163,
       24, 215, 113, 73, 155, 145, 198, 108, 58, 40, 103, 219, 34, 249,
       219, 69, 60, 160, 123, 218, 2, 89, 85, 31, 100, 3, 110, 23, 39,
       232, 74, 170, 8, 255, 51, 0, 114, 162, 55, 124, 42, 65, 35, 144,
       9, 241, 239, 98, 18, 72, 114, 131, 59, 116, 117, 252, 103, 168,
       78, 71, 188, 50, 174, 174, 8, 115, 119, 73, 26, 17, 214, 109, 106,
       104, 67, 249, 42, 249, 175, 101, 52, 224, 243, 70, 122, 244, 100,
       140, 182, 140, 42, 70, 136, 178, 178, 163, 25, 215, 97, 73, 27,
       145, 196, 105, 122, 104, 71, 203, 40, 217, 131, 197, 53, 160, 123,
       86, 2, 108, 97, 57, 71, 29, 79, 71, 136, 98, 224, 173, 8, 210, 85,
       73, 54, 152, 92, 120, 106, 73, 112, 249, 56, 229, 220, 5, 52, 64,
       59, 70, 34, 124, 160, 248, 112, 236, 237, 81, 219, 227, 189, 181,
       56, 19, 151, 72, 58, 137, 158, 108, 24, 26, 107, 234, 16, 219,
       205, 53, 125, 226, 201, 198, 35, 108, 103, 241, 103, 240, 74, 102,
       56, 49, 168, 235, 232, 195, 71, 141, 118, 144, 220, 236, 98, 72,
       208, 201, 14, 231, 253, 37, 5, 98, 243, 70, 51, 100, 135, 125,
       109, 24, 15, 71, 184, 22, 36, 171, 76, 211, 101, 9, 80, 85, 212,
       104, 110, 234, 160, 121, 31, 239, 190, 5, 20, 80, 251, 68, 112,
       224, 140, 157, 254, 201, 237, 21, 167, 154, 19, 168, 24, 182, 247,
       64, 91, 193, 115, 106, 16, 50, 75, 218, 51, 205, 178, 84, 123,
       144, 72, 135, 42, 192, 172, 157, 249, 200, 237, 5, 143, 190, 55,
       160, 24, 182, 51, 72, 27, 129, 83, 106, 24, 50, 77, 243, 51, 205,
       146, 84, 120, 144, 64, 135, 42, 209, 168, 190, 88, 138, 249, 185,
       135, 238, 83, 164, 24, 183, 250, 86, 123, 163, 51, 122, 152, 55,
       77, 246, 113, 221, 139, 94, 121, 200, 64, 139, 140, 73, 52, 181,
       71, 1, 94, 103, 56, 121, 234, 39, 8, 254, 119, 73, 190, 144, 84,
       104, 42, 97, 240, 249, 10, 135, 255, 69, 2, 66, 114, 70, 32, 248,
       104, 28, 60, 9, 85, 80, 68, 163, 182, 164, 9, 43, 155, 67, 155,
       200, 161, 204, 194, 76, 103, 210, 144, 211, 209, 209, 59, 115, 53,
       110, 10, 252, 69, 220, 103, 136, 74, 87, 168, 48, 162, 175, 8,
       215, 115, 9, 115, 19, 212, 108, 106, 104, 96, 217, 46, 243, 235,
       69, 21, 96, 243, 78, 34, 85, 77, 125, 103, 150, 78, 71, 189, 100,
       160, 235, 64, 83, 49, 17, 112, 48, 212, 76, 106, 73, 176, 89, 46,
       243, 175, 37, 20, 105, 243, 192, 32, 56, 77, 95, 237, 0, 91, 86,
       103, 36, 38, 238, 11, 59, 55, 32, 209, 104, 246, 207, 226, 104,
       186, 65, 61, 243, 231, 96, 17, 113, 168, 110, 74, 112, 232, 254,
       120, 8, 201, 81, 84, 162, 21, 164, 24, 51, 151, 66, 58, 33, 176,
       108, 24, 10, 79, 162, 49, 219, 201, 116, 121, 224, 128, 78, 106,
       3, 49, 115, 69, 114, 94, 43, 48, 45, 232, 122, 228, 157, 22, 148,
       180, 54, 61, 86, 108, 193, 144, 53, 76, 36, 60, 34, 128, 78, 166,
       3, 245, 189, 121, 99, 69, 116, 159, 75, 240, 113, 232, 118, 76,
       115, 80, 149, 53, 28, 236, 20, 110, 237, 182, 125, 63, 51, 216,
       33, 176, 107, 187, 82, 189, 36, 101, 120, 69, 84, 79, 71, 184,
       112, 172, 127, 8, 211, 81, 13, 52, 24, 220, 68, 106, 72, 176, 249,
       14, 103, 141, 37, 20, 97, 187, 70, 162, 244, 100, 157, 118, 168,
       46, 85, 152, 176, 178, 163, 25, 215, 115, 73, 27, 129, 212, 125,
       42, 104, 69, 219, 2, 209, 235, 85, 20, 224, 113, 66, 34, 112, 33,
       248, 101, 168, 15, 87, 57, 98, 160, 174, 8, 215, 51, 64, 18, 16,
       196, 108, 108, 72, 248, 193, 8, 235, 233, 37, 52, 96, 162, 66, 34,
       108, 179, 248, 96, 248, 173, 81, 155, 227, 189, 173, 40, 151, 147,
       72, 26, 141, 158, 76, 16, 26, 106, 202, 16, 223, 213, 53, 125,
       192, 130, 198, 163, 248, 169, 60, 98, 153, 205, 81, 205, 130, 53,
       172, 9, 51, 211, 66, 19, 200, 178, 237, 80, 90, 107, 202, 49, 219,
       193, 101, 121, 112, 8, 198, 10, 240, 168, 184, 114, 136, 237, 81,
       199, 50, 39, 164, 24, 51, 177, 66, 24, 153, 186, 101, 16, 26, 111,
       226, 51, 219, 135, 52, 121, 224, 200, 198, 106, 208, 184, 189,
       112, 137, 237, 81, 19, 162, 151, 166, 24, 183, 151, 64, 59, 1,
       182, 105, 24, 59, 79, 242, 0, 217, 161, 81, 120, 224, 0, 134, 122,
       112, 168, 122, 112, 138, 201, 81, 215, 162, 21, 164, 24, 51, 199,
       64, 18, 47, 178, 108, 24, 26, 75, 162, 49, 217, 201, 52, 121, 225,
       128, 198, 106, 201, 188, 157, 113, 129, 236, 113, 151, 250, 59,
       38, 24, 190, 179, 64, 59, 129, 22, 120, 24, 51, 76, 243, 35, 207,
       251, 84, 112, 202, 64, 203, 42, 100, 103, 17, 103, 112, 78, 102,
       184, 105, 168, 123, 72, 215, 109, 13, 48, 144, 221, 68, 98, 73,
       240, 201, 110, 165, 180, 5, 4, 72, 179, 70, 177, 133, 238, 213, 3,
       182, 59, 103, 184, 127, 246, 46, 200, 215, 96, 219, 60, 19, 76,
       106, 126, 118, 244, 109, 118, 110, 30, 101, 116, 198, 251, 69,
       228, 124, 101, 200, 103, 129, 106, 71, 136, 49, 166, 175, 9, 67,
       99, 75, 90, 112, 196, 104, 234, 72, 210, 217, 42, 245, 231, 69,
       21, 227, 243, 70, 98, 69, 117, 144, 7, 178, 30, 191, 184, 124,
       226, 75, 228, 220, 114, 137, 244, 54, 77, 74, 110, 229, 208, 253,
       110, 164, 54, 15, 4, 72, 243, 3, 21, 101, 166, 149, 115, 173, 47,
       68, 136, 123, 187, 177, 72, 198, 120, 76, 63, 153, 212, 108, 50,
       59, 102, 203, 48, 137, 218, 85, 126, 208, 107, 194, 5, 240, 168,
       189, 116, 137, 233, 81, 143, 162, 183, 164, 24, 55, 183, 64, 27,
       1, 214, 105, 24, 58, 79, 250, 49, 217, 163, 85, 125, 224, 64, 134,
       106, 220, 77, 158, 103, 153, 78, 87, 168, 52, 162, 174, 8, 83,
       115, 9, 83, 113, 214, 104, 226, 104, 193, 89, 46, 249, 231, 69,
       21, 32, 115, 100, 34, 192, 172, 157, 255, 152, 237, 21, 167, 190,
       23, 32, 24, 182, 243, 64, 91, 129, 122, 104, 24, 50, 76, 250, 51,
       237, 135, 84, 120, 144, 80, 135, 170, 244, 197, 92, 102, 184, 10,
       71, 184, 96, 160, 175, 8, 215, 115, 137, 115, 18, 212, 108, 106,
       104, 161, 105, 44, 241, 235, 101, 20, 96, 243, 196, 32, 252, 60,
       188, 246, 172, 108, 85, 150, 243, 186, 142, 24, 247, 241, 65, 59,
       129, 246, 125, 90, 40, 101, 219, 34, 249, 227, 117, 57, 160, 121,
       214, 34, 88, 171, 254, 114, 171, 201, 81, 214, 163, 181, 164, 184,
       63, 231, 64, 26, 39, 243, 236, 80, 26, 75, 170, 49, 219, 193, 117,
       121, 226, 128, 134, 107, 217, 17, 147, 108, 3, 76, 23, 53, 232,
       72, 174, 8, 191, 51, 0, 243, 162, 247, 252, 98, 73, 41, 176, 9,
       241, 241, 66, 26, 106, 112, 35, 59, 100, 241, 57, 232, 188, 77,
       87, 152, 10, 196, 173, 8, 215, 87, 75, 48, 212, 88, 93, 114, 74,
       2, 251, 29, 229, 157, 37, 60, 16, 187, 70, 115, 100, 245, 57, 227,
       136, 79, 95, 152, 42, 180, 173, 8, 215, 87, 73, 50, 151, 221, 125,
       122, 74, 80, 249, 19, 237, 141, 37, 116, 16, 251, 7, 98, 197, 126,
       253, 103, 160, 110, 111, 180, 120, 254, 54, 92, 243, 55, 201, 59,
       133, 214, 124, 110, 233, 212, 249, 42, 231, 251, 117, 128, 200,
       243, 194, 121, 56, 184, 57, 112, 25, 237, 81, 83, 235, 189, 172,
       8, 54, 149, 64, 48, 128, 186, 68, 24, 26, 107, 178, 21, 219, 221,
       48, 123, 194, 0, 70, 235, 114, 225, 17, 186, 153, 141, 0, 237,
       175, 177, 169, 73, 198, 194, 104, 20, 217, 129, 74, 49, 79, 67,
