%YAML:1.0
---
descriptors: !!opencv-matrix
   rows: 135
   cols: 32
   dt: u
   data: [ 133, 174, 231, 219, 172, 171, 237, 223, 254, 243, 242, 246,
       221, 238, 148, 47, 111, 239, 126, 157, 179, 253, 111, 242, 172,
       190, 255, 196, 205, 240, 227, 185, 175, 255, 253, 215, 245, 94,
       255, 248, 59, 223, 253, 231, 254, 254, 223, 182, 255, 255, 247,
       215, 239, 242, 251, 235, 255, 127, 239, 198, 207, 255, 239, 247,
       142, 255, 254, 159, 253, 127, 255, 252, 63, 238, 254, 183, 252,
       254, 15, 193, 255, 255, 255, 231, 229, 243, 251, 254, 255, 255,
       239, 143, 207, 127, 237, 247, 254, 240, 189, 250, 173, 125, 89,
       216, 255, 127, 181, 25, 206, 223, 79, 63, 237, 209, 255, 82, 170,
       103, 251, 176, 219, 219, 81, 127, 210, 29, 102, 115, 234, 180,
       191, 250, 237, 253, 81, 75, 191, 95, 181, 25, 238, 253, 126, 255,
       205, 147, 255, 17, 62, 111, 250, 211, 219, 223, 82, 123, 210, 76,
       199, 247, 62, 253, 182, 190, 221, 223, 182, 232, 187, 190, 253,
       11, 78, 254, 111, 214, 249, 255, 239, 99, 126, 115, 250, 255, 187,
       246, 143, 63, 211, 127, 239, 214, 252, 113, 189, 234, 169, 95, 95,
       220, 171, 254, 181, 13, 223, 223, 75, 27, 212, 213, 253, 114, 200,
       99, 251, 176, 251, 217, 101, 63, 114, 119, 198, 115, 205, 159,
       253, 247, 172, 44, 125, 151, 254, 251, 54, 84, 223, 63, 64, 123,
       135, 86, 127, 28, 241, 252, 235, 98, 207, 251, 118, 196, 202, 208,
       195, 123, 126, 93, 214, 190, 253, 95, 118, 232, 191, 170, 251, 11,
       78, 254, 47, 212, 250, 253, 239, 227, 108, 243, 219, 255, 191,
       247, 143, 63, 19, 127, 108, 135, 92, 117, 189, 230, 168, 127, 95,
       188, 171, 238, 189, 45, 255, 127, 75, 83, 151, 215, 253, 98, 232,
       67, 249, 170, 251, 217, 101, 189, 34, 243, 135, 115, 237, 158,
       189, 119, 172, 44, 125, 182, 255, 251, 54, 92, 255, 125, 89, 187,
       141, 70, 127, 30, 187, 248, 251, 163, 207, 251, 117, 212, 202,
       249, 194, 249, 255, 156, 252, 183, 245, 126, 255, 248, 59, 255,
       191, 63, 238, 126, 15, 255, 255, 247, 183, 215, 174, 246, 123,
       239, 255, 251, 207, 199, 135, 127, 252, 247, 84, 253, 188, 166,
       172, 87, 95, 188, 46, 254, 159, 37, 223, 127, 67, 115, 199, 87,
       125, 103, 204, 65, 251, 58, 251, 219, 239, 181, 16, 242, 173, 91,
       221, 190, 157, 247, 172, 44, 93, 191, 251, 59, 150, 112, 255, 243,
       72, 123, 199, 87, 125, 8, 187, 77, 235, 161, 203, 251, 119, 222,
       130, 241, 131, 35, 122, 188, 182, 188, 157, 221, 86, 231, 155,
       191, 188, 25, 174, 188, 102, 214, 201, 243, 239, 17, 126, 107,
       210, 179, 251, 255, 213, 59, 210, 124, 206, 222, 62, 223, 254,
       247, 245, 222, 255, 252, 95, 254, 255, 39, 126, 255, 127, 246,
       255, 255, 183, 211, 239, 242, 251, 255, 255, 255, 239, 135, 159,
       127, 252, 247, 2, 205, 10, 158, 148, 131, 175, 231, 20, 0, 90, 2,
       48, 234, 48, 64, 121, 106, 19, 193, 114, 154, 10, 255, 104, 38,
       174, 128, 21, 90, 177, 136, 143, 252, 255, 159, 253, 95, 255, 252,
       63, 238, 255, 183, 252, 254, 159, 229, 255, 223, 255, 231, 245,
       243, 251, 255, 255, 127, 239, 135, 135, 127, 237, 247, 207, 190,
       247, 223, 237, 253, 255, 222, 255, 255, 255, 246, 236, 254, 223,
       239, 255, 255, 255, 151, 183, 247, 255, 243, 190, 122, 255, 198,
       207, 253, 237, 247, 254, 180, 188, 250, 237, 253, 89, 218, 255,
       95, 181, 25, 78, 253, 110, 123, 221, 147, 255, 17, 186, 103, 250,
       243, 219, 219, 83, 127, 211, 77, 238, 247, 234, 189, 246, 253,
       253, 255, 253, 231, 191, 255, 252, 27, 172, 191, 86, 245, 239,
       255, 255, 133, 110, 123, 243, 255, 255, 255, 223, 187, 23, 92,
       255, 254, 153, 126, 125, 231, 52, 42, 107, 56, 124, 234, 247, 244,
       255, 83, 145, 97, 126, 236, 94, 238, 233, 244, 109, 174, 198, 235,
       163, 128, 44, 169, 97, 57, 205, 158, 189, 119, 172, 44, 125, 150,
       255, 251, 183, 116, 255, 63, 200, 123, 135, 87, 125, 30, 243, 108,
       251, 98, 207, 251, 118, 212, 200, 209, 195, 121, 124, 181, 189,
       230, 185, 127, 95, 188, 43, 238, 190, 45, 255, 127, 75, 83, 151,
       215, 253, 98, 248, 67, 249, 174, 251, 255, 101, 189, 34, 243, 198,
       115, 252, 112, 252, 99, 169, 95, 87, 152, 163, 254, 165, 9, 219,
       95, 75, 27, 221, 212, 253, 114, 104, 103, 251, 16, 219, 203, 101,
       61, 242, 179, 78, 115, 207, 255, 255, 223, 237, 255, 255, 248,
       127, 254, 255, 127, 254, 254, 223, 103, 255, 255, 255, 199, 245,
       247, 251, 255, 255, 123, 111, 198, 142, 255, 173, 245, 124, 180,
       252, 250, 173, 125, 80, 216, 199, 127, 189, 25, 223, 255, 78, 154,
       137, 147, 253, 16, 30, 103, 251, 145, 219, 223, 81, 127, 243, 79,
       206, 82, 197, 172, 215, 219, 236, 171, 237, 255, 63, 243, 250, 90,
       253, 227, 216, 253, 127, 207, 126, 153, 179, 254, 239, 243, 188,
       186, 255, 196, 132, 216, 241, 161, 133, 172, 215, 191, 236, 187,
       236, 255, 127, 243, 242, 214, 253, 234, 216, 239, 111, 239, 126,
       157, 183, 254, 207, 243, 188, 186, 255, 192, 204, 209, 233, 189,
       133, 174, 237, 215, 252, 170, 237, 255, 126, 243, 242, 246, 241,
       99, 144, 107, 111, 238, 126, 156, 179, 220, 111, 242, 236, 186,
       255, 196, 236, 240, 241, 169, 221, 190, 159, 247, 172, 44, 93,
       159, 255, 251, 182, 92, 255, 243, 72, 123, 135, 119, 108, 8, 187,
       77, 251, 35, 203, 251, 119, 220, 136, 240, 129, 57, 249, 188, 189,
       250, 173, 173, 85, 255, 251, 251, 180, 92, 255, 249, 92, 59, 137,
       231, 124, 28, 187, 107, 251, 179, 251, 219, 85, 124, 202, 248,
       194, 43, 121, 188, 191, 118, 173, 237, 85, 159, 251, 187, 180, 28,
       255, 251, 72, 58, 129, 247, 124, 24, 187, 107, 250, 177, 219, 219,
       117, 120, 202, 72, 195, 43, 86, 101, 182, 174, 93, 95, 254, 232,
       191, 164, 255, 11, 110, 250, 63, 208, 250, 213, 255, 227, 76, 227,
       219, 254, 183, 246, 143, 31, 7, 63, 109, 198, 70, 97, 242, 175,
       109, 79, 254, 200, 63, 164, 251, 3, 204, 254, 13, 64, 250, 221,
       255, 227, 64, 243, 219, 218, 183, 246, 143, 7, 5, 63, 101, 194, 6,
       112, 210, 239, 125, 79, 254, 200, 63, 164, 251, 2, 204, 254, 13,
       80, 250, 221, 255, 227, 0, 179, 217, 218, 191, 252, 143, 7, 5, 59,
       103, 130, 6, 117, 114, 235, 125, 79, 250, 232, 63, 160, 251, 2,
       204, 250, 29, 64, 250, 221, 255, 243, 0, 179, 217, 222, 191, 252,
       143, 39, 5, 59, 103, 130, 157, 188, 255, 251, 236, 239, 239, 255,
       255, 251, 255, 82, 223, 255, 216, 107, 111, 255, 126, 154, 185,
       253, 251, 242, 255, 235, 247, 196, 237, 249, 225, 177, 205, 188,
       253, 251, 236, 175, 109, 190, 127, 251, 254, 94, 255, 251, 216,
       105, 127, 207, 126, 158, 179, 250, 255, 243, 254, 251, 247, 192,
       174, 250, 225, 177, 38, 109, 98, 206, 212, 131, 238, 252, 87, 128,
       248, 10, 104, 233, 53, 0, 120, 233, 23, 227, 200, 179, 8, 255, 62,
       12, 135, 168, 119, 187, 114, 136, 38, 205, 98, 222, 212, 131, 174,
       236, 86, 128, 120, 2, 104, 232, 53, 0, 120, 234, 19, 227, 194,
       186, 12, 255, 62, 14, 143, 128, 85, 27, 240, 128, 252, 112, 252,
       98, 41, 79, 87, 152, 163, 254, 181, 9, 223, 223, 75, 27, 157, 212,
       253, 122, 72, 103, 251, 16, 219, 203, 101, 61, 226, 179, 78, 115,
       124, 125, 188, 230, 168, 79, 95, 184, 161, 236, 191, 9, 215, 119,
       75, 51, 150, 244, 125, 106, 72, 99, 251, 40, 243, 233, 101, 185,
       34, 243, 70, 115, 217, 190, 159, 246, 169, 44, 93, 159, 191, 251,
       182, 92, 255, 247, 64, 123, 167, 247, 125, 24, 187, 77, 251, 33,
       219, 251, 119, 220, 138, 112, 131, 59, 133, 142, 207, 247, 228,
       170, 237, 191, 126, 251, 114, 244, 253, 99, 144, 107, 127, 111,
       126, 28, 179, 220, 239, 247, 204, 250, 255, 192, 204, 200, 193,
       169, 133, 174, 207, 247, 228, 170, 237, 223, 126, 243, 114, 246,
       249, 227, 152, 121, 127, 110, 62, 28, 177, 252, 207, 251, 236,
       170, 247, 128, 236, 248, 209, 185, 133, 172, 223, 255, 252, 174,
