%YAML:1.0
---
descriptors: !!opencv-matrix
   rows: 349
   cols: 32
   dt: u
   data: [ 78, 237, 16, 62, 9, 153, 22, 168, 171, 20, 8, 9, 174, 226, 67,
       144, 129, 107, 200, 67, 70, 67, 218, 59, 168, 213, 13, 59, 18,
       119, 15, 134, 216, 244, 189, 240, 169, 108, 93, 159, 187, 255,
       150, 28, 159, 159, 72, 123, 135, 159, 253, 16, 187, 77, 243, 128,
       219, 219, 127, 254, 130, 192, 135, 123, 200, 190, 188, 114, 169,
       189, 93, 191, 251, 63, 180, 28, 190, 191, 64, 59, 135, 87, 253,
       26, 162, 109, 251, 243, 223, 219, 119, 122, 194, 65, 135, 123,
       248, 237, 190, 252, 157, 221, 87, 230, 223, 150, 172, 8, 174, 253,
       102, 18, 201, 251, 235, 64, 106, 107, 242, 183, 251, 223, 212, 59,
       82, 88, 246, 106, 234, 174, 180, 255, 237, 237, 92, 159, 191, 187,
       180, 24, 254, 253, 92, 123, 197, 115, 255, 16, 178, 111, 218, 179,
       207, 219, 85, 251, 146, 88, 215, 3, 194, 172, 246, 159, 172, 171,
       252, 207, 63, 179, 210, 147, 236, 238, 20, 75, 255, 239, 127, 149,
       178, 255, 203, 247, 156, 186, 223, 246, 148, 92, 241, 201, 104,
       177, 189, 107, 157, 125, 81, 157, 83, 61, 165, 24, 222, 125, 72,
       58, 217, 146, 233, 48, 58, 98, 251, 17, 207, 223, 85, 127, 210,
       74, 198, 98, 108, 180, 189, 99, 173, 111, 83, 152, 107, 191, 173,
       24, 215, 125, 72, 58, 153, 84, 109, 122, 26, 112, 249, 16, 207,
       223, 97, 117, 210, 107, 70, 98, 128, 172, 255, 255, 238, 43, 237,
       223, 126, 179, 250, 90, 245, 235, 144, 73, 123, 239, 127, 153,
       177, 255, 239, 119, 252, 175, 255, 236, 229, 248, 227, 168, 21,
       205, 157, 255, 180, 43, 79, 190, 54, 226, 218, 192, 247, 103, 153,
       96, 119, 231, 125, 234, 249, 208, 105, 47, 232, 175, 239, 144,
       164, 251, 129, 41, 93, 213, 61, 231, 184, 14, 79, 184, 32, 234,
       191, 76, 215, 119, 137, 115, 22, 212, 125, 106, 201, 144, 249, 44,
       229, 239, 101, 148, 40, 243, 66, 49, 237, 112, 189, 103, 36, 111,
       115, 24, 123, 234, 55, 8, 211, 85, 73, 59, 145, 84, 124, 122, 161,
       244, 249, 10, 199, 219, 101, 52, 192, 251, 70, 115, 236, 113, 253,
       103, 36, 78, 103, 184, 104, 234, 55, 8, 215, 87, 201, 51, 148, 84,
       124, 106, 233, 244, 249, 8, 231, 249, 101, 52, 64, 179, 70, 115,
       139, 156, 254, 251, 237, 189, 252, 223, 255, 91, 244, 179, 188,
       255, 246, 111, 239, 243, 255, 149, 182, 109, 234, 243, 223, 219,
       254, 234, 247, 204, 241, 223, 77, 85, 185, 103, 48, 14, 111, 184,
       124, 234, 127, 68, 215, 115, 137, 112, 150, 68, 28, 110, 225, 144,
       121, 110, 228, 255, 39, 132, 8, 179, 65, 49, 101, 103, 64, 7, 116,
       11, 102, 184, 112, 160, 59, 204, 195, 64, 153, 16, 16, 204, 76,
       110, 192, 176, 205, 46, 36, 156, 37, 20, 72, 187, 90, 0, 212, 220,
       157, 247, 168, 108, 70, 156, 190, 186, 163, 88, 215, 247, 73, 123,
       133, 87, 124, 74, 41, 69, 219, 34, 233, 163, 103, 84, 136, 115, 3,
       51, 197, 144, 157, 119, 136, 110, 103, 184, 248, 186, 163, 80,
       215, 115, 9, 123, 129, 86, 108, 106, 97, 197, 251, 40, 193, 171,
       101, 20, 136, 241, 131, 33, 104, 180, 189, 112, 57, 237, 81, 23,
       251, 255, 36, 24, 182, 183, 64, 58, 129, 62, 104, 24, 51, 108,
       242, 3, 207, 223, 17, 122, 194, 64, 70, 107, 73, 48, 157, 101, 40,
       78, 113, 16, 236, 216, 166, 8, 223, 23, 0, 123, 2, 212, 124, 72,
       9, 192, 241, 0, 197, 251, 96, 0, 8, 160, 7, 51, 249, 184, 247,
       114, 169, 253, 80, 215, 251, 91, 180, 56, 59, 253, 198, 63, 139,
       242, 252, 16, 191, 111, 242, 177, 219, 219, 116, 251, 235, 196,
       198, 95, 181, 198, 92, 123, 176, 191, 71, 191, 118, 59, 63, 124,
       211, 97, 138, 112, 23, 70, 12, 62, 255, 180, 73, 55, 238, 143, 37,
       116, 248, 217, 200, 1, 100, 97, 185, 101, 13, 79, 83, 136, 74,
       160, 43, 8, 214, 53, 73, 50, 144, 84, 104, 98, 1, 112, 249, 24,
       205, 152, 69, 55, 64, 59, 70, 34, 109, 117, 57, 71, 112, 79, 119,
       184, 105, 232, 111, 8, 214, 55, 13, 48, 148, 84, 84, 106, 193,
       240, 249, 12, 111, 223, 5, 52, 66, 179, 71, 243, 209, 174, 148,
       58, 168, 173, 68, 239, 251, 187, 176, 92, 239, 226, 200, 159, 167,
       195, 108, 28, 190, 111, 139, 51, 152, 210, 117, 254, 200, 84, 131,
       13, 69, 113, 21, 101, 17, 79, 118, 40, 104, 200, 107, 8, 214, 49,
       9, 50, 144, 84, 104, 106, 65, 240, 217, 12, 229, 188, 1, 6, 72,
       51, 67, 34, 101, 177, 17, 251, 157, 77, 71, 172, 95, 57, 169, 88,
       214, 112, 76, 48, 153, 218, 76, 114, 91, 98, 219, 53, 173, 158,
       21, 126, 208, 26, 194, 38, 5, 101, 27, 127, 156, 197, 103, 120,
       244, 128, 109, 0, 243, 243, 41, 96, 88, 104, 98, 106, 107, 242,
       218, 63, 229, 172, 1, 8, 72, 187, 98, 162, 20, 253, 159, 119, 145,
       78, 71, 252, 116, 174, 235, 0, 83, 115, 9, 81, 113, 254, 104, 106,
       104, 209, 57, 46, 233, 239, 69, 20, 224, 115, 228, 34, 192, 140,
       157, 254, 200, 233, 17, 143, 154, 23, 160, 24, 182, 183, 64, 91,
       129, 115, 106, 16, 50, 77, 202, 51, 221, 178, 84, 123, 144, 72,
       135, 42, 192, 164, 149, 251, 137, 109, 69, 143, 127, 51, 160, 24,
       182, 51, 76, 59, 129, 19, 104, 24, 51, 76, 219, 19, 141, 154, 85,
       126, 208, 72, 199, 42, 65, 136, 189, 95, 137, 189, 145, 142, 207,
       51, 164, 24, 182, 112, 71, 111, 133, 66, 104, 12, 135, 109, 251,
       49, 139, 250, 84, 58, 208, 72, 65, 110, 242, 174, 254, 94, 203,
       112, 93, 238, 187, 191, 164, 185, 102, 231, 70, 27, 133, 247, 237,
       128, 58, 79, 170, 99, 219, 242, 85, 191, 128, 97, 166, 127, 109,
       245, 245, 71, 181, 95, 198, 184, 89, 226, 59, 108, 219, 120, 157,
       181, 23, 212, 244, 107, 229, 240, 253, 142, 46, 255, 69, 54, 239,
       255, 90, 53, 69, 112, 185, 101, 32, 78, 119, 24, 104, 234, 39, 72,
       214, 55, 9, 50, 144, 84, 68, 106, 65, 244, 241, 8, 199, 153, 101,
       4, 64, 51, 71, 35, 220, 60, 189, 118, 168, 108, 85, 159, 242, 187,
       174, 56, 223, 247, 65, 59, 129, 246, 108, 18, 41, 101, 187, 34,
       219, 195, 117, 57, 224, 241, 134, 43, 216, 188, 191, 114, 136,
       237, 81, 151, 242, 151, 165, 24, 55, 247, 64, 59, 33, 246, 108,
       16, 58, 111, 186, 19, 219, 195, 117, 121, 224, 64, 198, 106, 76,
       101, 124, 103, 178, 14, 127, 184, 57, 170, 63, 169, 223, 119, 203,
       18, 22, 85, 253, 110, 96, 208, 233, 110, 238, 255, 101, 132, 98,
       243, 7, 97, 120, 169, 223, 120, 169, 237, 85, 87, 226, 17, 172, 8,
       55, 179, 64, 58, 160, 178, 125, 24, 30, 75, 146, 49, 211, 201,
       112, 121, 226, 194, 206, 74, 208, 176, 57, 48, 136, 237, 81, 159,
       230, 253, 161, 24, 151, 211, 72, 91, 1, 159, 76, 16, 27, 109, 219,
       17, 217, 128, 55, 124, 232, 0, 135, 42, 240, 136, 156, 180, 28,
       237, 81, 31, 226, 241, 166, 24, 119, 213, 66, 123, 1, 246, 108,
       16, 58, 111, 211, 53, 217, 161, 113, 121, 224, 8, 198, 10, 129,
       142, 207, 57, 168, 171, 101, 151, 118, 19, 98, 240, 177, 162, 208,
       123, 67, 46, 106, 28, 51, 252, 71, 49, 76, 162, 118, 64, 248, 192,
       209, 168, 85, 48, 149, 119, 140, 46, 69, 154, 226, 187, 131, 84,
       215, 49, 9, 11, 1, 70, 108, 46, 25, 229, 251, 0, 193, 170, 117,
       20, 224, 241, 131, 97, 129, 170, 147, 153, 236, 169, 232, 199,
       254, 19, 48, 208, 181, 226, 240, 75, 99, 34, 106, 28, 51, 109,
       134, 113, 140, 2, 119, 104, 156, 192, 161, 168, 112, 160, 158, 48,
       40, 141, 81, 66, 162, 177, 160, 25, 23, 147, 64, 26, 129, 151,
       109, 16, 10, 75, 194, 1, 217, 130, 53, 56, 224, 0, 6, 2, 129, 170,
       143, 153, 236, 169, 232, 207, 238, 19, 66, 208, 181, 226, 240, 75,
       99, 34, 106, 28, 51, 124, 143, 113, 12, 130, 118, 104, 156, 192,
       225, 168, 129, 142, 207, 125, 180, 170, 97, 151, 118, 3, 98, 244,
       243, 97, 144, 121, 19, 46, 44, 28, 187, 252, 69, 63, 204, 170,
       116, 64, 236, 192, 208, 40, 209, 142, 31, 103, 180, 46, 103, 183,
       112, 11, 122, 84, 243, 97, 144, 112, 49, 102, 108, 44, 185, 188,
       13, 47, 232, 175, 52, 64, 232, 242, 192, 41, 236, 180, 188, 99,
