%YAML:1.0
---
descriptors: !!opencv-matrix
   rows: 221
   cols: 32
   dt: u
   data: [ 108, 117, 49, 103, 153, 79, 71, 184, 98, 232, 170, 8, 215,
       117, 73, 48, 144, 220, 124, 106, 73, 114, 249, 30, 229, 253, 5,
       52, 64, 58, 70, 114, 108, 113, 57, 69, 13, 79, 71, 184, 35, 228,
       164, 8, 211, 85, 73, 54, 152, 220, 120, 106, 73, 112, 249, 28,
       237, 216, 5, 52, 66, 59, 86, 98, 133, 117, 49, 71, 85, 78, 102,
       176, 121, 232, 106, 72, 222, 81, 13, 180, 144, 92, 80, 106, 225,
       176, 249, 110, 37, 188, 5, 4, 74, 51, 67, 176, 37, 113, 49, 67,
       85, 79, 99, 168, 107, 224, 43, 72, 210, 85, 77, 180, 145, 92, 64,
       122, 65, 240, 249, 28, 45, 156, 5, 52, 66, 59, 70, 160, 36, 225,
       57, 73, 89, 77, 83, 136, 66, 52, 45, 8, 210, 85, 72, 52, 25, 24,
       64, 106, 10, 34, 251, 21, 109, 140, 1, 124, 80, 43, 70, 226, 124,
       112, 189, 114, 40, 109, 81, 152, 227, 255, 165, 24, 223, 215, 73,
       58, 129, 212, 108, 26, 43, 103, 251, 2, 219, 223, 113, 125, 192,
       243, 70, 50, 40, 177, 189, 250, 189, 221, 85, 47, 207, 61, 173,
       24, 190, 189, 72, 178, 137, 154, 233, 16, 26, 107, 242, 145, 239,
       223, 20, 123, 210, 72, 198, 106, 220, 180, 157, 118, 168, 110, 69,
       190, 178, 191, 167, 24, 87, 119, 73, 123, 1, 214, 109, 58, 57, 71,
       251, 34, 219, 227, 117, 60, 160, 241, 134, 113, 252, 236, 252,
       114, 169, 109, 85, 222, 179, 191, 164, 24, 23, 247, 75, 27, 1,
       214, 237, 26, 122, 103, 250, 50, 219, 195, 117, 125, 226, 241,
       198, 106, 93, 69, 125, 103, 176, 78, 95, 184, 100, 160, 171, 72,
       215, 115, 9, 115, 18, 212, 124, 106, 105, 176, 89, 44, 231, 235,
       37, 20, 96, 243, 64, 32, 69, 71, 145, 71, 160, 14, 110, 152, 124,
       170, 107, 64, 223, 98, 201, 122, 147, 68, 108, 126, 64, 208, 201,
       74, 172, 190, 103, 4, 128, 243, 65, 5, 252, 77, 221, 118, 168, 76,
       85, 189, 176, 186, 166, 56, 247, 119, 1, 123, 135, 247, 108, 106,
       104, 71, 203, 42, 209, 235, 117, 28, 96, 241, 199, 43, 252, 38,
       149, 114, 169, 44, 80, 154, 187, 187, 177, 120, 207, 243, 73, 155,
       133, 214, 108, 18, 42, 101, 203, 34, 153, 210, 117, 62, 194, 113,
       2, 33, 69, 241, 157, 103, 25, 15, 119, 184, 122, 240, 35, 12, 222,
       113, 9, 50, 145, 84, 104, 106, 193, 240, 217, 61, 237, 186, 69,
       54, 72, 51, 67, 50, 192, 140, 157, 251, 200, 237, 33, 167, 190,
       23, 96, 24, 183, 243, 64, 91, 129, 122, 106, 24, 50, 76, 218, 51,
       205, 163, 116, 120, 144, 64, 135, 170, 21, 69, 121, 101, 20, 79,
       71, 56, 118, 160, 43, 10, 211, 17, 25, 112, 48, 212, 8, 106, 105,
       176, 121, 30, 229, 143, 5, 20, 112, 187, 64, 32, 100, 101, 59,
       102, 81, 70, 231, 104, 248, 128, 235, 8, 80, 223, 61, 48, 248,
       221, 83, 235, 65, 179, 56, 78, 113, 172, 131, 4, 65, 51, 103, 162,
       5, 113, 17, 69, 81, 79, 115, 40, 105, 224, 107, 8, 214, 17, 5, 48,
       144, 92, 64, 106, 65, 176, 241, 12, 37, 156, 1, 22, 72, 51, 67,
       162, 112, 160, 189, 112, 8, 237, 17, 7, 162, 181, 164, 24, 151,
       183, 64, 58, 129, 182, 104, 16, 26, 111, 178, 0, 217, 129, 112,
       121, 224, 64, 6, 42, 5, 124, 83, 69, 66, 94, 99, 16, 104, 192,
       106, 104, 242, 18, 133, 180, 50, 124, 80, 106, 65, 180, 177, 76,
       37, 184, 0, 2, 75, 179, 67, 189, 244, 181, 189, 118, 136, 109, 69,
       159, 242, 183, 169, 24, 211, 247, 72, 59, 1, 214, 108, 10, 58,
       103, 251, 51, 251, 139, 117, 60, 224, 115, 198, 96, 77, 52, 151,
       103, 161, 110, 55, 136, 123, 234, 47, 24, 222, 113, 73, 62, 179,
       86, 104, 42, 33, 240, 185, 42, 239, 255, 69, 6, 202, 115, 195, 35,
       69, 245, 157, 99, 148, 111, 103, 136, 122, 250, 11, 8, 214, 113,
       73, 58, 145, 84, 120, 122, 83, 112, 249, 34, 237, 143, 5, 116,
       200, 123, 83, 34, 77, 116, 188, 101, 177, 30, 119, 184, 121, 234,
       47, 12, 222, 113, 75, 186, 149, 76, 120, 122, 229, 240, 249, 74,
       239, 255, 69, 6, 202, 115, 75, 2, 240, 162, 220, 114, 168, 173,
       85, 223, 178, 63, 164, 29, 55, 227, 74, 27, 1, 198, 109, 28, 58,
       79, 138, 51, 219, 195, 117, 125, 232, 192, 142, 11, 248, 34, 251,
       96, 130, 75, 65, 87, 160, 181, 164, 56, 19, 135, 192, 58, 47, 180,
       68, 24, 24, 79, 160, 0, 89, 137, 53, 124, 225, 128, 198, 226, 208,
       88, 159, 116, 168, 72, 69, 183, 176, 146, 166, 88, 119, 183, 129,
       123, 1, 246, 108, 10, 105, 71, 179, 32, 147, 227, 116, 24, 32,
       240, 134, 56, 240, 142, 120, 120, 40, 169, 81, 83, 211, 63, 180,
       56, 51, 129, 98, 27, 9, 178, 204, 16, 58, 111, 66, 19, 219, 201,
       112, 121, 241, 200, 198, 43, 100, 99, 185, 103, 240, 15, 103, 184,
       106, 172, 47, 72, 215, 35, 201, 16, 144, 68, 68, 126, 64, 112,
       233, 8, 237, 157, 37, 52, 64, 243, 70, 161, 216, 24, 159, 117, 40,
       204, 81, 23, 160, 91, 166, 48, 247, 55, 0, 123, 3, 119, 124, 8,
       57, 77, 179, 1, 193, 227, 112, 80, 160, 128, 135, 59, 108, 228,
       185, 107, 237, 77, 71, 168, 115, 191, 173, 8, 210, 117, 73, 58,
       153, 90, 96, 122, 26, 98, 251, 51, 239, 223, 69, 127, 210, 123,
       198, 226, 173, 117, 17, 71, 117, 30, 230, 184, 121, 234, 106, 76,
       222, 112, 29, 180, 144, 76, 80, 106, 225, 244, 89, 46, 37, 254, 5,
       2, 74, 51, 75, 132, 77, 85, 149, 71, 161, 30, 102, 184, 121, 234,
       107, 76, 214, 50, 141, 247, 144, 68, 108, 106, 193, 240, 217, 10,
       167, 190, 101, 4, 74, 243, 75, 37, 37, 117, 17, 71, 85, 95, 102,
       184, 105, 232, 43, 72, 210, 80, 77, 180, 144, 76, 82, 106, 193,
       176, 89, 46, 47, 156, 5, 54, 74, 59, 74, 180, 93, 85, 85, 103,
       176, 78, 79, 184, 117, 232, 126, 68, 211, 119, 137, 112, 54, 212,
       60, 106, 233, 144, 121, 46, 227, 239, 37, 132, 42, 243, 64, 49,
       36, 241, 49, 67, 93, 79, 195, 168, 74, 112, 33, 8, 210, 85, 77,
       52, 153, 92, 64, 106, 67, 48, 249, 21, 45, 156, 5, 116, 80, 59,
       70, 160, 93, 85, 125, 103, 176, 78, 79, 184, 97, 232, 191, 64, 83,
       119, 137, 112, 22, 212, 124, 106, 233, 161, 121, 46, 227, 239, 37,
       20, 104, 243, 64, 49, 253, 113, 249, 102, 104, 76, 87, 152, 97,
       250, 167, 8, 83, 85, 201, 59, 16, 212, 124, 106, 201, 103, 251, 0,
       211, 201, 101, 60, 99, 179, 70, 113, 108, 48, 185, 98, 189, 109,
       83, 152, 107, 253, 173, 24, 223, 125, 73, 58, 153, 152, 84, 24,
       27, 98, 251, 16, 219, 221, 1, 125, 210, 203, 70, 115, 248, 180,
       188, 112, 168, 237, 81, 87, 179, 255, 164, 29, 23, 183, 66, 27,
       133, 151, 237, 16, 58, 79, 242, 3, 219, 195, 112, 125, 226, 192,
       6, 123, 104, 181, 185, 122, 189, 253, 81, 63, 239, 121, 173, 24,
       159, 253, 72, 50, 137, 146, 238, 24, 26, 42, 251, 17, 207, 221,
       16, 127, 210, 74, 198, 98, 252, 172, 252, 114, 137, 109, 85, 223,
       179, 191, 164, 25, 51, 247, 67, 27, 137, 210, 237, 24, 58, 111,
       250, 50, 219, 203, 117, 61, 227, 240, 198, 106, 213, 70, 232, 71,
       148, 62, 70, 154, 113, 174, 255, 22, 67, 96, 159, 122, 113, 198,
       44, 190, 172, 240, 237, 42, 178, 239, 165, 149, 225, 243, 248, 4,
       224, 180, 157, 219, 204, 237, 69, 175, 218, 59, 161, 88, 150, 243,
       72, 59, 129, 82, 106, 24, 51, 111, 218, 51, 141, 146, 85, 124,
       216, 72, 195, 170, 220, 78, 157, 118, 168, 44, 92, 182, 178, 186,
       166, 120, 255, 243, 65, 91, 167, 247, 108, 10, 104, 71, 203, 32,
       211, 235, 117, 60, 224, 240, 135, 43, 69, 241, 157, 71, 53, 14,
       103, 184, 106, 168, 43, 76, 214, 113, 89, 50, 149, 68, 104, 126,
       193, 240, 217, 44, 173, 158, 37, 68, 72, 51, 67, 33, 216, 141, 94,
       246, 152, 106, 76, 175, 180, 178, 166, 24, 247, 99, 0, 83, 33,
       247, 109, 162, 120, 205, 73, 47, 249, 227, 229, 17, 32, 112, 174,
       10, 237, 245, 248, 71, 180, 31, 118, 184, 123, 232, 63, 108, 210,
       121, 159, 52, 151, 68, 116, 111, 229, 240, 253, 46, 110, 63, 37,
       84, 78, 187, 218, 21, 36, 109, 19, 126, 93, 197, 231, 96, 240,
       128, 233, 8, 212, 211, 41, 32, 216, 124, 74, 106, 65, 227, 186,
