%YAML:1.0
---
descriptors: !!opencv-matrix
   rows: 156
   cols: 32
   dt: u
   data: [ 245, 48, 173, 165, 140, 110, 77, 24, 34, 250, 135, 24, 215,
       53, 91, 59, 129, 196, 125, 59, 41, 87, 249, 8, 205, 171, 229, 52,
       128, 121, 86, 98, 220, 175, 207, 183, 139, 106, 13, 167, 160, 182,
       134, 185, 255, 103, 0, 219, 39, 247, 237, 162, 120, 201, 211, 40,
       217, 227, 127, 17, 164, 112, 143, 122, 246, 182, 100, 50, 171,
       233, 153, 207, 171, 127, 145, 189, 13, 172, 94, 31, 175, 147, 221,
       149, 182, 75, 174, 243, 154, 82, 93, 255, 197, 68, 135, 87, 214,
       176, 190, 114, 203, 108, 177, 74, 171, 191, 35, 25, 92, 255, 78,
       27, 167, 87, 249, 19, 22, 103, 154, 64, 219, 242, 95, 127, 192,
       97, 167, 83, 241, 140, 109, 117, 148, 110, 71, 183, 112, 227, 226,
       24, 115, 53, 144, 240, 89, 230, 124, 168, 185, 254, 117, 47, 169,
       239, 181, 80, 225, 160, 214, 104, 56, 32, 122, 104, 89, 205, 81,
       65, 163, 5, 164, 9, 63, 151, 98, 16, 136, 184, 193, 24, 10, 43,
       50, 17, 211, 205, 16, 121, 98, 138, 70, 234, 88, 176, 251, 112,
       171, 236, 81, 23, 227, 85, 166, 24, 63, 151, 64, 122, 163, 183,
       125, 16, 27, 79, 178, 17, 219, 233, 48, 121, 162, 128, 134, 123,
       120, 184, 123, 112, 57, 205, 81, 71, 227, 125, 172, 9, 63, 157,
       64, 50, 129, 178, 221, 16, 27, 107, 242, 21, 219, 217, 16, 123,
       97, 8, 198, 123, 100, 164, 189, 123, 157, 205, 81, 143, 242, 63,
       165, 24, 214, 245, 72, 58, 137, 222, 104, 24, 26, 110, 251, 51,
       205, 255, 20, 125, 192, 8, 198, 98, 124, 224, 252, 98, 204, 79,
       87, 216, 115, 182, 165, 8, 83, 85, 73, 56, 25, 220, 108, 122, 74,
       103, 251, 56, 251, 207, 37, 125, 96, 251, 70, 226, 108, 117, 189,
       103, 188, 79, 87, 184, 51, 174, 173, 8, 215, 119, 73, 50, 81, 212,
       108, 106, 105, 98, 249, 58, 233, 223, 101, 52, 192, 243, 70, 98,
       208, 60, 191, 254, 170, 228, 95, 246, 186, 222, 170, 25, 119, 255,
       97, 91, 229, 247, 125, 130, 41, 79, 186, 43, 249, 167, 127, 24,
       160, 112, 167, 123, 222, 45, 206, 182, 137, 88, 93, 167, 161, 214,
       134, 153, 239, 103, 83, 223, 35, 231, 237, 134, 124, 77, 239, 32,
       218, 243, 223, 145, 166, 244, 158, 90, 214, 190, 44, 178, 168,
       173, 153, 207, 138, 127, 144, 253, 132, 238, 94, 11, 175, 3, 125,
       21, 182, 111, 154, 113, 153, 18, 95, 254, 220, 64, 151, 83, 86,
       120, 252, 114, 139, 112, 29, 135, 163, 246, 174, 187, 73, 255, 71,
       91, 39, 215, 253, 146, 28, 71, 251, 96, 219, 195, 223, 191, 161,
       117, 174, 86, 240, 172, 172, 186, 136, 237, 65, 207, 178, 115,
       160, 25, 179, 245, 82, 27, 201, 227, 121, 21, 58, 111, 218, 51,
       217, 131, 223, 120, 192, 72, 210, 122, 70, 176, 217, 179, 202,
       105, 181, 139, 186, 55, 1, 185, 148, 255, 72, 10, 167, 95, 121,
       145, 18, 84, 202, 115, 205, 132, 127, 127, 229, 65, 135, 194, 244,
       32, 156, 117, 136, 110, 69, 184, 240, 178, 167, 24, 215, 115, 73,
       27, 129, 212, 105, 42, 56, 101, 219, 2, 203, 235, 117, 53, 224,
       113, 70, 34, 224, 124, 189, 117, 40, 79, 85, 182, 242, 170, 166,
       8, 183, 55, 65, 51, 1, 244, 108, 72, 104, 252, 209, 10, 235, 219,
       117, 48, 64, 240, 70, 42, 244, 48, 189, 229, 140, 110, 69, 24, 98,
       178, 135, 24, 215, 49, 73, 59, 129, 212, 121, 58, 56, 71, 249, 0,
       201, 163, 101, 52, 128, 121, 86, 34, 205, 96, 253, 71, 65, 110,
       107, 136, 113, 226, 103, 8, 219, 87, 25, 59, 16, 212, 120, 106,
       41, 244, 249, 74, 199, 251, 65, 0, 66, 227, 70, 34, 240, 146, 156,
       126, 170, 45, 21, 188, 187, 54, 165, 61, 102, 227, 79, 91, 135,
       87, 237, 2, 42, 103, 154, 51, 216, 179, 85, 63, 216, 113, 15, 27,
       100, 169, 185, 113, 237, 205, 65, 143, 235, 57, 164, 24, 150, 149,
       72, 58, 129, 94, 104, 24, 19, 122, 251, 48, 221, 156, 21, 126,
       192, 72, 198, 34, 5, 116, 17, 71, 113, 127, 98, 152, 120, 232,
       107, 72, 222, 80, 13, 180, 144, 92, 68, 106, 129, 180, 249, 46, 5,
       188, 33, 6, 72, 51, 67, 183, 92, 245, 157, 103, 138, 78, 71, 184,
       51, 178, 175, 8, 215, 119, 73, 123, 51, 212, 109, 122, 105, 81,
       249, 42, 249, 231, 101, 52, 160, 243, 6, 34, 56, 113, 121, 106,
       85, 205, 83, 80, 97, 13, 245, 8, 27, 151, 72, 48, 24, 152, 71, 88,
       10, 50, 112, 17, 83, 205, 32, 57, 115, 138, 70, 226, 199, 116,
       149, 199, 50, 14, 46, 184, 60, 162, 71, 228, 220, 119, 137, 167,
       150, 85, 120, 106, 97, 208, 217, 78, 164, 182, 79, 6, 10, 243, 3,
       177, 120, 136, 215, 126, 169, 104, 84, 166, 241, 23, 163, 24, 111,
       243, 64, 219, 129, 246, 236, 0, 56, 111, 203, 32, 211, 243, 84,
       27, 226, 240, 198, 34, 108, 116, 253, 103, 184, 79, 87, 184, 115,
       172, 175, 40, 215, 119, 73, 50, 17, 212, 108, 106, 73, 242, 249,
       10, 239, 255, 101, 52, 66, 179, 70, 35, 252, 124, 188, 124, 13,
       127, 87, 216, 195, 254, 164, 12, 83, 245, 67, 59, 201, 212, 236,
       98, 173, 103, 251, 58, 219, 219, 69, 63, 202, 121, 94, 115, 228,
       180, 188, 122, 172, 253, 219, 216, 219, 255, 181, 29, 215, 253,
       95, 59, 141, 211, 253, 83, 190, 103, 250, 179, 219, 219, 125, 253,
       208, 123, 214, 115, 252, 101, 104, 71, 217, 75, 87, 232, 49, 166,
       237, 137, 67, 101, 15, 18, 24, 212, 193, 98, 104, 242, 217, 46,
       119, 199, 5, 53, 99, 123, 206, 162, 131, 252, 141, 179, 172, 237,
       189, 207, 158, 251, 144, 25, 148, 253, 88, 11, 165, 83, 123, 21,
       51, 77, 154, 113, 205, 2, 255, 252, 156, 81, 147, 218, 4, 167,
       141, 171, 184, 173, 171, 158, 30, 61, 9, 217, 213, 103, 72, 2,
       149, 91, 105, 53, 146, 72, 203, 23, 237, 135, 47, 252, 144, 2,
       135, 145, 236, 213, 29, 111, 137, 79, 71, 184, 112, 250, 175, 8,
       211, 117, 9, 83, 145, 196, 108, 106, 105, 96, 121, 30, 237, 251,
       101, 20, 64, 123, 196, 34, 45, 117, 57, 103, 240, 79, 119, 184,
       121, 232, 47, 8, 222, 119, 73, 48, 148, 92, 80, 106, 193, 240,
       249, 14, 111, 223, 5, 36, 74, 243, 70, 242, 129, 241, 17, 69, 20,
       14, 102, 61, 108, 104, 98, 76, 246, 17, 144, 180, 144, 76, 68,
       106, 193, 176, 81, 13, 37, 184, 36, 0, 72, 50, 203, 169, 112, 168,
       191, 112, 136, 237, 81, 71, 162, 55, 160, 24, 55, 147, 64, 27,
       137, 179, 109, 16, 26, 79, 130, 17, 217, 201, 112, 120, 224, 0,
       198, 34, 249, 172, 172, 52, 141, 125, 72, 130, 242, 243, 134, 25,
       243, 236, 82, 171, 137, 230, 253, 29, 174, 77, 255, 34, 219, 203,
       253, 57, 164, 108, 94, 70, 88, 56, 151, 116, 9, 108, 85, 35, 233,
       179, 162, 24, 255, 183, 64, 255, 161, 245, 108, 0, 9, 79, 179, 0,
       211, 243, 80, 58, 226, 96, 7, 58, 100, 168, 185, 65, 220, 205, 99,
       143, 234, 177, 40, 24, 150, 149, 68, 48, 129, 30, 106, 24, 19,
       122, 250, 18, 77, 156, 21, 126, 192, 10, 198, 170, 65, 188, 143,
       117, 164, 174, 101, 23, 246, 91, 66, 84, 243, 161, 208, 123, 1,
       46, 120, 12, 179, 220, 215, 51, 76, 42, 244, 64, 136, 192, 208,
       56, 5, 116, 17, 71, 112, 63, 50, 152, 120, 234, 123, 104, 222, 80,
       141, 184, 148, 92, 84, 106, 165, 180, 201, 110, 4, 188, 33, 6, 72,
       243, 75, 165, 84, 101, 221, 103, 138, 74, 71, 168, 51, 166, 171,
       8, 87, 119, 73, 114, 51, 212, 104, 106, 104, 81, 249, 42, 249,
       230, 69, 52, 160, 243, 6, 98, 64, 249, 17, 254, 25, 205, 22, 172,
       174, 48, 9, 8, 254, 247, 73, 180, 145, 123, 233, 66, 67, 72, 251,
       63, 173, 148, 13, 58, 16, 19, 7, 58, 44, 115, 113, 75, 117, 15,
       115, 88, 97, 44, 117, 104, 26, 21, 136, 52, 156, 24, 70, 106, 194,
       178, 120, 29, 103, 221, 32, 110, 83, 139, 70, 163, 61, 85, 200,
       69, 5, 30, 102, 16, 97, 226, 239, 14, 83, 32, 19, 51, 120, 204,
       64, 238, 205, 178, 85, 8, 118, 233, 192, 17, 107, 250, 122, 148,
       240, 172, 140, 178, 140, 233, 65, 207, 178, 51, 164, 24, 183, 243,
       64, 27, 201, 178, 121, 17, 58, 79, 218, 51, 217, 195, 253, 121,
       136, 72, 218, 10, 120, 184, 115, 120, 107, 236, 81, 87, 163, 21,
       172, 24, 63, 151, 64, 60, 163, 179, 213, 16, 26, 43, 178, 145,
