%YAML:1.0
---
descriptors: !!opencv-matrix
   rows: 175
   cols: 32
   dt: u
   data: [ 76, 164, 152, 115, 136, 104, 81, 11, 162, 183, 167, 25, 215,
       183, 72, 26, 129, 23, 237, 16, 26, 69, 203, 2, 201, 199, 117, 125,
       224, 65, 134, 98, 220, 32, 157, 114, 138, 104, 81, 27, 178, 183,
       167, 24, 87, 247, 73, 27, 163, 212, 109, 16, 58, 71, 170, 2, 219,
       195, 117, 125, 224, 225, 134, 98, 249, 190, 156, 50, 168, 237, 85,
       191, 178, 255, 188, 189, 255, 247, 194, 91, 135, 247, 237, 20,
       191, 79, 203, 51, 218, 195, 117, 255, 168, 192, 142, 91, 104, 189,
       148, 186, 169, 253, 20, 143, 187, 63, 168, 25, 174, 251, 66, 155,
       129, 115, 237, 16, 62, 75, 218, 179, 155, 215, 85, 123, 210, 84,
       143, 10, 81, 143, 93, 101, 180, 42, 71, 55, 116, 168, 106, 68,
       211, 33, 144, 112, 18, 198, 108, 46, 249, 184, 69, 15, 232, 174,
       36, 64, 104, 226, 192, 41, 40, 176, 61, 113, 57, 205, 81, 39, 234,
       61, 38, 24, 182, 149, 0, 48, 129, 50, 108, 24, 18, 109, 178, 23,
       203, 223, 48, 115, 192, 0, 199, 107, 245, 100, 172, 167, 140, 111,
       87, 184, 114, 250, 135, 25, 211, 125, 91, 59, 153, 212, 125, 123,
       109, 71, 249, 42, 205, 195, 237, 53, 168, 123, 86, 114, 100, 188,
       157, 218, 156, 237, 71, 175, 223, 59, 169, 24, 246, 240, 72, 114,
       129, 218, 106, 24, 51, 111, 251, 115, 189, 150, 85, 124, 208, 72,
       198, 42, 220, 76, 92, 118, 42, 106, 87, 168, 176, 178, 166, 24,
       87, 115, 9, 123, 51, 213, 108, 106, 104, 229, 217, 46, 243, 235,
       101, 20, 96, 241, 68, 32, 119, 101, 213, 231, 139, 38, 94, 168,
       51, 242, 171, 201, 95, 119, 73, 211, 151, 215, 120, 230, 109, 66,
       219, 190, 187, 246, 205, 62, 168, 243, 2, 16, 224, 172, 157, 249,
       200, 237, 5, 143, 158, 51, 160, 24, 182, 179, 64, 91, 129, 19,
       106, 24, 51, 76, 211, 115, 205, 178, 84, 120, 144, 72, 135, 42,
       84, 133, 125, 101, 158, 111, 71, 186, 100, 160, 170, 8, 211, 51,
       1, 112, 51, 212, 72, 104, 40, 176, 121, 30, 239, 175, 37, 20, 240,
       250, 64, 32, 124, 103, 245, 101, 49, 91, 118, 184, 113, 168, 191,
       8, 203, 125, 29, 54, 24, 212, 236, 106, 200, 240, 237, 14, 231,
       255, 37, 53, 99, 179, 70, 38, 72, 205, 29, 123, 137, 237, 85, 175,
       222, 63, 46, 24, 182, 55, 0, 115, 129, 22, 104, 0, 58, 72, 123,
       63, 237, 243, 84, 87, 144, 88, 132, 42, 244, 64, 93, 100, 8, 74,
       69, 168, 96, 178, 167, 136, 83, 71, 137, 115, 64, 212, 104, 106,
       105, 101, 253, 8, 241, 171, 69, 20, 32, 179, 68, 32, 76, 117, 121,
       101, 50, 78, 63, 184, 41, 228, 111, 173, 223, 71, 139, 16, 22, 93,
       237, 110, 64, 208, 249, 78, 231, 253, 37, 4, 98, 179, 7, 113, 249,
       172, 143, 48, 137, 204, 92, 247, 179, 123, 164, 24, 55, 247, 66,
       59, 161, 230, 125, 8, 127, 79, 154, 49, 219, 235, 117, 121, 32,
       192, 218, 74, 208, 184, 188, 50, 168, 237, 17, 143, 230, 115, 166,
       24, 183, 241, 66, 59, 129, 55, 108, 17, 59, 109, 219, 49, 217,
       195, 119, 120, 232, 64, 135, 10, 149, 60, 189, 55, 164, 46, 69,
       159, 240, 191, 130, 84, 215, 113, 9, 11, 1, 70, 109, 46, 56, 229,
       217, 40, 193, 171, 117, 20, 232, 113, 131, 99, 76, 112, 183, 84,
       105, 108, 49, 0, 233, 219, 37, 24, 158, 151, 77, 63, 128, 93, 96,
       2, 1, 102, 242, 64, 71, 218, 80, 42, 194, 113, 71, 163, 101, 99,
       177, 71, 240, 15, 103, 152, 122, 172, 39, 72, 210, 115, 201, 54,
       145, 92, 68, 106, 192, 240, 249, 42, 109, 158, 37, 52, 64, 179,
       70, 161, 121, 171, 252, 50, 168, 157, 92, 191, 187, 123, 180, 185,
       255, 247, 66, 27, 135, 247, 253, 20, 254, 75, 202, 49, 219, 219,
       117, 253, 226, 212, 142, 75, 88, 184, 63, 112, 59, 205, 113, 87,
       238, 29, 36, 24, 190, 151, 0, 56, 163, 50, 108, 16, 18, 45, 178,
       21, 219, 207, 48, 123, 192, 0, 199, 107, 213, 221, 31, 118, 138,
       78, 71, 181, 240, 210, 162, 88, 119, 119, 129, 115, 34, 244, 124,
       106, 105, 69, 187, 46, 241, 235, 101, 16, 104, 240, 226, 57, 93,
       70, 212, 71, 21, 62, 70, 152, 117, 170, 175, 70, 75, 98, 159, 254,
       113, 196, 108, 238, 173, 148, 205, 170, 178, 239, 161, 20, 235,
       247, 120, 4, 85, 39, 220, 67, 145, 62, 74, 24, 97, 163, 175, 68,
       75, 98, 159, 254, 51, 196, 108, 254, 189, 193, 221, 110, 174, 255,
       37, 84, 234, 243, 74, 4, 65, 112, 145, 101, 1, 78, 49, 32, 104,
       224, 99, 8, 214, 23, 0, 51, 144, 84, 96, 98, 65, 240, 241, 8, 133,
       184, 64, 2, 64, 35, 71, 34, 193, 172, 255, 121, 138, 232, 57, 7,
       254, 23, 130, 16, 181, 246, 80, 123, 35, 55, 120, 24, 54, 77, 247,
       51, 205, 235, 126, 121, 160, 64, 135, 40, 244, 53, 188, 247, 140,
       111, 87, 153, 114, 186, 143, 24, 215, 121, 73, 59, 145, 214, 125,
       123, 40, 69, 219, 42, 233, 195, 229, 53, 168, 123, 214, 50, 209,
       152, 189, 123, 136, 237, 17, 143, 206, 19, 160, 24, 246, 240, 76,
       107, 129, 115, 104, 16, 50, 109, 251, 49, 201, 186, 85, 122, 208,
       72, 129, 46, 240, 176, 189, 112, 136, 253, 81, 155, 226, 181, 164,
       24, 55, 183, 72, 59, 133, 150, 236, 24, 27, 107, 242, 49, 219,
       139, 117, 121, 224, 128, 134, 123, 36, 197, 53, 107, 152, 79, 71,
       184, 86, 96, 171, 12, 211, 101, 9, 80, 81, 212, 104, 122, 107,
       160, 121, 31, 237, 174, 5, 84, 240, 187, 68, 48, 125, 229, 220,
       103, 137, 6, 94, 168, 51, 178, 171, 9, 123, 115, 73, 210, 145,
       199, 120, 238, 108, 67, 219, 63, 251, 239, 197, 53, 171, 243, 202,
       2, 100, 115, 213, 103, 49, 78, 70, 184, 97, 168, 171, 76, 195,
       109, 77, 18, 156, 212, 108, 98, 201, 240, 217, 12, 175, 254, 5,
       22, 72, 179, 70, 18, 116, 191, 113, 70, 188, 111, 71, 189, 81,
       238, 190, 76, 114, 117, 141, 54, 21, 214, 76, 106, 249, 161, 249,
       46, 121, 190, 5, 54, 99, 250, 198, 125, 197, 178, 149, 81, 168,
       108, 32, 151, 254, 243, 162, 92, 148, 182, 192, 123, 39, 87, 106,
       24, 179, 77, 247, 96, 205, 2, 119, 68, 200, 192, 131, 181, 96,
       255, 156, 60, 168, 201, 23, 174, 147, 190, 172, 41, 102, 249, 66,
       19, 129, 119, 236, 66, 108, 107, 202, 43, 250, 247, 101, 59, 192,
       120, 198, 75, 76, 97, 120, 103, 50, 90, 127, 184, 41, 164, 111,
       136, 223, 7, 137, 48, 54, 221, 253, 238, 64, 144, 249, 78, 231,
       237, 37, 5, 98, 179, 7, 32, 101, 97, 120, 101, 52, 30, 126, 40,
       105, 160, 123, 9, 215, 57, 149, 178, 146, 68, 125, 110, 196, 240,
       201, 12, 230, 255, 33, 21, 64, 179, 90, 0, 208, 182, 191, 116,
       136, 232, 81, 23, 162, 23, 164, 56, 55, 183, 64, 27, 133, 183,
       108, 16, 58, 111, 162, 3, 217, 227, 112, 121, 224, 64, 134, 106,
       208, 184, 159, 112, 136, 237, 81, 159, 230, 243, 166, 24, 183,
       247, 64, 59, 129, 183, 108, 16, 59, 109, 219, 49, 217, 195, 117,
       89, 224, 64, 135, 42, 108, 229, 57, 126, 153, 69, 71, 168, 3, 4,
       237, 8, 242, 87, 9, 16, 216, 200, 88, 106, 75, 2, 251, 61, 227,
       221, 5, 56, 80, 51, 198, 98, 240, 40, 255, 112, 10, 233, 81, 82,
       178, 151, 164, 57, 23, 151, 65, 27, 35, 180, 109, 24, 42, 79, 162,
       0, 217, 131, 113, 120, 224, 193, 70, 98, 72, 48, 49, 65, 97, 220,
       112, 0, 105, 241, 38, 8, 158, 150, 64, 190, 128, 60, 96, 24, 3,
       120, 242, 0, 7, 249, 16, 99, 66, 0, 71, 174, 240, 170, 140, 48,
       139, 169, 80, 207, 179, 179, 160, 253, 143, 235, 74, 155, 129,
       131, 237, 21, 62, 79, 138, 17, 154, 195, 125, 127, 168, 68, 138,
       10, 240, 170, 222, 112, 170, 169, 81, 87, 162, 55, 164, 189, 55,
       131, 66, 27, 35, 178, 77, 16, 26, 79, 130, 17, 219, 193, 112, 121,
       232, 128, 142, 10, 77, 113, 149, 69, 105, 92, 53, 8, 233, 218, 37,
       8, 158, 151, 77, 190, 128, 84, 96, 74, 65, 96, 242, 64, 7, 248,
       64, 42, 74, 115, 67, 179, 101, 99, 57, 71, 160, 79, 103, 184, 120,
       168, 43, 72, 211, 113, 205, 176, 152, 92, 100, 106, 201, 240, 233,
       42, 45, 158, 37, 52, 64, 179, 70, 161, 248, 88, 223, 118, 10, 76,
       69, 180, 225, 146, 166, 120, 119, 119, 129, 255, 32, 244, 108,
