%YAML:1.0
---
descriptors: !!opencv-matrix
   rows: 229
   cols: 32
   dt: u
   data: [ 208, 188, 156, 114, 168, 237, 85, 159, 163, 63, 164, 25, 183,
       55, 74, 27, 129, 211, 109, 16, 58, 77, 155, 49, 217, 211, 117,
       125, 160, 192, 134, 91, 116, 101, 72, 167, 219, 75, 87, 168, 36,
       166, 239, 139, 67, 97, 11, 16, 88, 204, 233, 98, 72, 178, 89, 44,
       249, 231, 5, 21, 97, 59, 126, 66, 236, 117, 189, 103, 173, 79, 71,
       168, 49, 234, 165, 8, 210, 115, 11, 51, 216, 68, 121, 106, 105,
       242, 249, 8, 239, 251, 197, 52, 202, 123, 86, 98, 249, 140, 229,
       119, 148, 126, 71, 191, 83, 227, 102, 24, 115, 117, 148, 183, 25,
       230, 116, 44, 185, 252, 253, 46, 107, 239, 245, 20, 231, 232, 208,
       104, 237, 117, 181, 103, 173, 79, 103, 188, 58, 254, 47, 8, 215,
       113, 73, 51, 145, 84, 124, 106, 97, 112, 249, 62, 239, 219, 101,
       52, 10, 123, 70, 123, 237, 180, 149, 177, 141, 61, 64, 143, 251,
       251, 128, 93, 158, 56, 89, 187, 129, 71, 120, 21, 63, 68, 219, 2,
       143, 211, 85, 126, 136, 109, 219, 22, 124, 97, 72, 167, 152, 75,
       87, 168, 36, 164, 239, 169, 211, 99, 11, 16, 88, 196, 237, 98, 72,
       178, 73, 12, 246, 197, 133, 21, 97, 187, 78, 2, 173, 156, 253,
       119, 196, 111, 69, 191, 83, 243, 118, 88, 115, 113, 153, 63, 25,
       70, 112, 42, 249, 252, 121, 44, 111, 203, 117, 4, 235, 248, 210,
       168, 193, 184, 159, 89, 232, 172, 33, 23, 246, 155, 98, 84, 181,
       179, 192, 123, 39, 62, 122, 24, 179, 220, 243, 19, 77, 170, 118,
       64, 136, 64, 129, 169, 36, 58, 184, 115, 236, 237, 179, 154, 90,
       191, 48, 93, 182, 157, 85, 10, 137, 107, 99, 85, 130, 110, 218,
       50, 77, 159, 53, 120, 208, 89, 87, 250, 80, 75, 223, 117, 34, 10,
       109, 55, 116, 142, 118, 100, 247, 35, 129, 80, 54, 108, 44, 76,
       72, 216, 161, 40, 228, 239, 118, 128, 32, 240, 165, 105, 0, 142,
       184, 249, 180, 169, 177, 143, 94, 63, 104, 48, 183, 160, 226, 104,
       131, 11, 34, 24, 54, 120, 99, 55, 204, 143, 54, 101, 144, 72, 133,
       169, 76, 113, 25, 231, 50, 74, 115, 184, 44, 168, 107, 104, 215,
       87, 137, 112, 18, 85, 92, 106, 65, 144, 233, 12, 229, 229, 33, 20,
       96, 179, 7, 51, 229, 100, 213, 167, 236, 11, 238, 200, 58, 178,
       51, 218, 214, 96, 93, 11, 59, 205, 106, 111, 97, 116, 205, 106,
       180, 154, 207, 52, 76, 123, 83, 128, 104, 48, 49, 101, 33, 79, 65,
       56, 109, 168, 102, 40, 222, 23, 137, 116, 144, 28, 76, 40, 65,
       176, 241, 12, 199, 255, 33, 52, 66, 32, 70, 35, 112, 79, 4, 158,
       156, 134, 79, 167, 236, 4, 234, 66, 226, 98, 49, 80, 72, 226, 106,
       238, 104, 139, 75, 127, 189, 166, 142, 24, 17, 114, 244, 40, 246,
       36, 215, 242, 205, 98, 64, 73, 187, 183, 171, 27, 74, 235, 76,
       219, 249, 199, 233, 176, 56, 231, 219, 194, 155, 242, 215, 95,
       161, 99, 230, 34, 246, 36, 199, 182, 205, 104, 96, 75, 171, 183,
       171, 27, 66, 234, 77, 223, 233, 199, 105, 145, 56, 119, 219, 194,
       157, 178, 223, 79, 161, 105, 246, 6, 109, 112, 189, 103, 45, 95,
       71, 152, 75, 248, 165, 12, 218, 89, 95, 190, 152, 68, 124, 126,
       205, 116, 249, 0, 231, 217, 69, 52, 202, 127, 90, 114, 77, 113,
       21, 101, 33, 78, 119, 56, 41, 168, 103, 76, 222, 115, 1, 180, 148,
       85, 124, 106, 65, 208, 217, 76, 229, 250, 1, 22, 74, 51, 3, 51,
       247, 101, 236, 86, 205, 122, 79, 136, 83, 182, 167, 26, 66, 124,
       223, 191, 89, 198, 249, 250, 168, 99, 239, 224, 59, 123, 197, 63,
       231, 255, 222, 102, 69, 113, 57, 101, 16, 79, 115, 56, 104, 168,
       111, 8, 214, 23, 1, 48, 144, 84, 104, 106, 65, 176, 241, 12, 229,
       189, 1, 4, 72, 35, 71, 34, 228, 188, 188, 90, 237, 237, 149, 206,
       219, 31, 177, 25, 246, 252, 108, 59, 141, 115, 235, 19, 178, 111,
       218, 115, 89, 151, 85, 123, 208, 89, 199, 179, 236, 117, 181, 79,
       173, 79, 71, 168, 123, 234, 165, 8, 210, 117, 13, 55, 216, 84,
       120, 106, 105, 112, 249, 56, 231, 250, 69, 54, 66, 123, 86, 98,
       77, 245, 29, 103, 176, 78, 103, 188, 124, 232, 239, 72, 223, 115,
       8, 48, 145, 86, 124, 106, 113, 240, 249, 47, 237, 255, 37, 20, 72,
       115, 195, 51, 233, 168, 229, 87, 205, 126, 97, 191, 87, 243, 102,
       24, 250, 117, 148, 191, 25, 102, 120, 12, 185, 252, 255, 173, 79,
       122, 213, 84, 231, 236, 210, 108, 65, 184, 149, 88, 137, 236, 161,
       135, 238, 115, 162, 88, 182, 176, 196, 127, 129, 54, 120, 24, 19,
       109, 246, 81, 153, 58, 86, 122, 200, 64, 131, 44, 252, 244, 220,
       62, 139, 123, 22, 232, 151, 182, 165, 185, 79, 255, 75, 159, 219,
       243, 237, 98, 108, 71, 202, 178, 250, 195, 85, 63, 243, 119, 142,
       83, 36, 164, 185, 74, 221, 103, 71, 232, 87, 35, 237, 24, 82, 245,
       125, 48, 217, 202, 114, 58, 58, 34, 123, 19, 107, 159, 133, 125,
       209, 123, 214, 162, 169, 184, 245, 85, 205, 127, 229, 191, 210,
       243, 38, 24, 242, 113, 208, 175, 1, 70, 112, 8, 177, 252, 255, 32,
       79, 11, 85, 84, 203, 232, 208, 168, 193, 184, 149, 81, 137, 236,
       161, 7, 238, 243, 162, 80, 190, 178, 196, 127, 129, 54, 120, 24,
       179, 77, 243, 81, 137, 186, 86, 122, 202, 64, 129, 60, 193, 146,
       149, 85, 169, 60, 160, 19, 238, 251, 162, 84, 142, 178, 212, 255,
       133, 6, 108, 12, 181, 109, 247, 64, 140, 250, 119, 22, 202, 100,
       11, 13, 211, 174, 135, 56, 168, 169, 108, 135, 255, 27, 144, 253,
       166, 162, 208, 223, 129, 39, 108, 29, 63, 79, 198, 115, 152, 242,
       118, 250, 136, 84, 147, 4, 86, 252, 172, 182, 139, 116, 20, 238,
       147, 247, 136, 27, 71, 254, 75, 91, 129, 215, 233, 19, 60, 79,
       251, 34, 219, 231, 221, 63, 160, 117, 190, 90, 237, 117, 169, 103,
       237, 31, 71, 184, 65, 238, 189, 76, 219, 125, 223, 182, 156, 196,
       92, 110, 205, 112, 249, 170, 231, 221, 37, 180, 74, 255, 90, 117,
       104, 185, 184, 122, 217, 221, 81, 207, 203, 61, 172, 9, 46, 253,
       78, 20, 137, 186, 227, 16, 26, 107, 250, 177, 251, 213, 21, 123,
       210, 10, 206, 203, 216, 123, 222, 182, 42, 2, 62, 244, 160, 134,
       134, 237, 111, 135, 67, 83, 38, 245, 237, 227, 108, 199, 140, 40,
       242, 225, 111, 145, 36, 183, 175, 27, 66, 182, 156, 178, 170, 40,
       28, 159, 171, 191, 10, 253, 140, 175, 74, 90, 167, 87, 237, 21,
       22, 77, 203, 227, 142, 22, 95, 255, 172, 84, 143, 95, 237, 50,
       140, 161, 173, 46, 84, 155, 34, 187, 134, 93, 215, 33, 91, 155,
       145, 196, 109, 61, 188, 68, 219, 0, 206, 219, 117, 52, 136, 125,
       218, 2, 249, 125, 89, 100, 172, 78, 71, 181, 96, 234, 190, 72,
       115, 49, 209, 51, 16, 230, 124, 106, 249, 235, 241, 42, 241, 233,
       101, 48, 105, 250, 210, 40, 241, 97, 253, 100, 44, 77, 69, 49,
       192, 234, 180, 8, 115, 21, 193, 59, 8, 212, 108, 106, 73, 99, 241,
       8, 211, 137, 101, 48, 96, 184, 70, 32, 236, 118, 172, 103, 173,
       126, 79, 152, 35, 254, 167, 77, 203, 103, 219, 159, 21, 196, 237,
       110, 232, 68, 249, 8, 195, 251, 101, 181, 138, 255, 86, 113, 133,
       100, 157, 167, 228, 43, 175, 152, 126, 178, 59, 88, 213, 99, 201,
       43, 51, 76, 106, 110, 33, 244, 205, 74, 228, 130, 111, 36, 132,
       251, 3, 160, 231, 224, 209, 67, 236, 9, 204, 141, 91, 179, 49,
       248, 194, 72, 220, 187, 159, 157, 86, 59, 121, 118, 206, 210, 60,
       24, 85, 60, 197, 250, 210, 164, 114, 233, 144, 26, 153, 221, 22,
       228, 171, 29, 168, 9, 174, 250, 68, 148, 129, 251, 232, 67, 78,
       75, 218, 181, 185, 214, 29, 59, 16, 22, 143, 14, 193, 184, 172,
       85, 141, 253, 129, 135, 203, 251, 134, 28, 178, 184, 214, 174,
       129, 70, 120, 28, 151, 109, 247, 129, 11, 123, 85, 118, 202, 76,
       217, 60, 120, 50, 31, 96, 43, 253, 81, 22, 161, 121, 189, 121,
       159, 151, 64, 62, 166, 149, 237, 16, 26, 15, 162, 0, 211, 209, 48,
       251, 98, 128, 142, 123, 93, 113, 89, 101, 17, 94, 107, 56, 101,
       224, 239, 8, 91, 87, 9, 244, 52, 156, 216, 234, 73, 146, 241, 12,
       183, 237, 1, 4, 106, 163, 42, 48, 112, 168, 156, 112, 136, 137,
