%YAML:1.0
---
descriptors: !!opencv-matrix
   rows: 97
   cols: 32
   dt: u
   data: [ 191, 255, 253, 223, 253, 126, 255, 252, 127, 222, 255, 63,
       252, 255, 223, 111, 255, 255, 255, 235, 255, 246, 251, 255, 255,
       223, 239, 199, 207, 255, 252, 115, 205, 84, 21, 247, 32, 46, 101,
       184, 124, 250, 99, 84, 223, 115, 9, 251, 149, 85, 124, 106, 225,
       212, 217, 14, 133, 251, 99, 4, 10, 113, 3, 49, 205, 95, 21, 231,
       48, 14, 111, 184, 124, 232, 114, 100, 223, 83, 137, 241, 150, 77,
       124, 110, 225, 212, 89, 110, 164, 186, 39, 132, 8, 179, 1, 49,
       216, 152, 190, 247, 168, 236, 125, 159, 190, 91, 150, 48, 255,
       255, 10, 91, 135, 119, 125, 24, 58, 77, 219, 51, 203, 251, 127,
       208, 160, 192, 133, 123, 92, 61, 188, 230, 168, 79, 95, 188, 33,
       238, 191, 41, 247, 127, 75, 83, 214, 215, 125, 98, 88, 67, 249,
       40, 251, 233, 101, 185, 32, 243, 142, 115, 38, 205, 98, 206, 212,
       147, 238, 224, 87, 0, 248, 2, 104, 200, 181, 0, 120, 234, 19, 227,
       194, 186, 44, 255, 54, 12, 135, 168, 85, 191, 112, 128, 2, 205, 2,
       159, 212, 131, 174, 230, 22, 0, 88, 2, 104, 234, 49, 64, 120, 107,
       19, 195, 98, 186, 8, 255, 32, 38, 142, 136, 21, 31, 49, 136, 124,
       117, 248, 231, 40, 79, 87, 184, 33, 236, 175, 9, 223, 119, 75, 19,
       148, 213, 253, 106, 72, 210, 249, 40, 247, 201, 101, 49, 32, 243,
       14, 115, 54, 229, 118, 207, 94, 15, 254, 232, 61, 160, 251, 10,
       207, 234, 61, 64, 126, 205, 127, 227, 232, 179, 217, 255, 183,
       252, 143, 20, 53, 187, 113, 128, 239, 253, 253, 255, 237, 223,
       127, 252, 127, 254, 254, 47, 254, 253, 95, 111, 255, 255, 255,
       231, 239, 242, 251, 255, 255, 255, 239, 175, 199, 255, 237, 243,
       2, 205, 66, 159, 214, 130, 174, 231, 188, 2, 90, 130, 44, 238, 49,
       64, 126, 123, 51, 193, 98, 152, 2, 255, 52, 38, 158, 136, 21, 80,
       161, 152, 118, 101, 242, 239, 253, 79, 254, 232, 127, 160, 251,
       10, 204, 251, 29, 80, 251, 221, 255, 227, 72, 179, 217, 254, 191,
       254, 143, 7, 71, 123, 101, 130, 22, 229, 246, 239, 223, 79, 254,
       232, 63, 166, 251, 3, 206, 255, 61, 80, 251, 221, 255, 227, 72,
       243, 219, 238, 191, 254, 207, 55, 7, 123, 119, 130, 54, 165, 214,
       175, 221, 95, 254, 232, 63, 164, 251, 11, 206, 122, 15, 208, 251,
       221, 255, 227, 108, 243, 217, 238, 191, 246, 207, 55, 5, 127, 127,
       134, 54, 103, 214, 143, 223, 91, 254, 232, 61, 166, 251, 163, 206,
       234, 45, 212, 251, 221, 239, 227, 108, 243, 201, 238, 188, 182,
       207, 23, 7, 127, 111, 134, 39, 101, 23, 207, 221, 79, 238, 232,
       127, 160, 251, 74, 206, 250, 13, 244, 248, 221, 110, 235, 105,
       243, 217, 254, 189, 190, 143, 22, 81, 59, 235, 164, 2, 93, 54,
       157, 214, 130, 190, 230, 188, 130, 90, 162, 172, 254, 49, 64, 102,
       123, 179, 193, 226, 153, 2, 239, 60, 54, 158, 130, 5, 85, 161,
       137, 191, 254, 255, 223, 253, 127, 255, 248, 255, 222, 255, 246,
       252, 255, 255, 247, 255, 255, 255, 255, 191, 247, 251, 255, 255,
       255, 239, 198, 143, 255, 229, 247, 248, 188, 188, 254, 173, 109,
       85, 255, 251, 251, 180, 24, 159, 253, 64, 59, 141, 246, 125, 24,
       186, 111, 250, 178, 219, 219, 85, 58, 210, 104, 198, 59, 205, 92,
       21, 117, 33, 94, 103, 184, 124, 250, 119, 84, 223, 87, 129, 255,
       151, 84, 124, 106, 225, 212, 121, 110, 229, 251, 99, 132, 10, 177,
       1, 49, 205, 95, 53, 103, 176, 30, 111, 188, 124, 232, 118, 100,
       255, 119, 129, 245, 22, 84, 124, 110, 225, 212, 121, 46, 231, 251,
       39, 132, 10, 179, 1, 113, 239, 116, 237, 211, 237, 127, 239, 152,
       91, 250, 181, 92, 219, 124, 223, 175, 157, 204, 119, 127, 237,
       118, 255, 130, 79, 91, 229, 188, 207, 253, 82, 245, 201, 180, 149,
       85, 169, 126, 116, 159, 251, 251, 166, 92, 222, 51, 72, 255, 129,
       86, 248, 24, 177, 108, 243, 194, 143, 251, 85, 86, 202, 100, 139,
       55, 248, 188, 189, 246, 173, 237, 81, 223, 235, 187, 180, 24, 191,
       253, 64, 59, 141, 246, 253, 16, 187, 111, 250, 179, 219, 219, 85,
       122, 194, 72, 198, 43, 216, 184, 188, 240, 168, 236, 89, 159, 171,
       187, 182, 24, 191, 247, 64, 91, 133, 247, 253, 16, 58, 77, 251,
       33, 219, 251, 117, 248, 128, 192, 135, 123, 238, 189, 254, 254,
       253, 255, 254, 248, 159, 255, 253, 51, 252, 255, 127, 99, 255,
       255, 255, 227, 182, 243, 251, 255, 255, 255, 239, 159, 215, 127,
       247, 243, 124, 125, 188, 231, 168, 78, 95, 188, 34, 238, 191, 9,
       247, 127, 75, 83, 148, 213, 125, 106, 72, 67, 249, 40, 251, 233,
       101, 53, 32, 243, 14, 115, 124, 117, 124, 103, 160, 79, 87, 184,
       33, 236, 191, 8, 215, 119, 75, 51, 20, 212, 125, 106, 200, 210,
       249, 44, 231, 233, 101, 52, 96, 243, 70, 115, 246, 97, 126, 175,
       94, 15, 254, 232, 61, 160, 243, 10, 207, 234, 61, 81, 126, 237,
       127, 227, 104, 179, 217, 236, 181, 250, 207, 20, 101, 187, 115,
       128, 118, 101, 118, 239, 93, 79, 238, 232, 61, 160, 251, 10, 206,
       202, 61, 80, 250, 205, 127, 227, 72, 179, 89, 253, 181, 254, 143,
       21, 117, 59, 113, 130, 54, 229, 114, 207, 221, 79, 254, 232, 127,
       164, 251, 10, 206, 250, 13, 80, 248, 221, 255, 227, 72, 179, 217,
       254, 191, 188, 143, 55, 65, 59, 119, 130, 118, 101, 178, 239, 221,
       79, 246, 232, 63, 164, 251, 10, 206, 250, 13, 80, 248, 221, 239,
       227, 72, 179, 217, 254, 191, 246, 143, 23, 65, 123, 111, 130, 252,
       112, 252, 99, 41, 79, 87, 152, 35, 254, 181, 9, 223, 95, 75, 27,
       157, 213, 253, 114, 8, 118, 249, 48, 255, 217, 37, 53, 242, 187,
       78, 83, 2, 205, 2, 158, 214, 130, 174, 230, 62, 0, 90, 130, 44,
       238, 49, 64, 126, 107, 51, 195, 98, 152, 2, 255, 52, 38, 158, 128,
       21, 81, 177, 136, 151, 174, 198, 159, 238, 43, 238, 202, 191, 183,
       251, 159, 207, 234, 91, 75, 127, 239, 239, 151, 190, 247, 207,
       242, 156, 118, 223, 245, 237, 125, 233, 196, 136, 221, 94, 181,
       246, 138, 190, 246, 188, 128, 90, 162, 189, 255, 33, 64, 230, 123,
       55, 195, 96, 153, 2, 238, 252, 231, 190, 128, 36, 113, 161, 155,
       207, 190, 255, 255, 236, 63, 253, 254, 191, 251, 254, 126, 253,
       255, 222, 255, 255, 223, 255, 141, 179, 255, 235, 255, 254, 251,
       255, 182, 207, 252, 233, 249, 134, 205, 0, 154, 148, 161, 142,
       239, 20, 18, 89, 18, 96, 106, 57, 73, 89, 98, 19, 243, 112, 76, 8,
       255, 40, 6, 207, 196, 148, 123, 176, 0, 134, 205, 164, 158, 148,
       163, 142, 175, 150, 210, 89, 147, 104, 110, 57, 73, 93, 99, 51,
       247, 240, 76, 14, 255, 40, 6, 223, 196, 148, 127, 176, 64, 108,
       85, 125, 103, 180, 78, 127, 184, 33, 204, 127, 8, 215, 119, 139,
       112, 22, 212, 93, 106, 233, 176, 249, 46, 231, 253, 37, 148, 96,
       243, 70, 115, 205, 94, 61, 87, 52, 94, 111, 188, 125, 250, 118,
       116, 255, 119, 135, 245, 150, 116, 124, 110, 233, 212, 121, 46,
       231, 251, 103, 128, 74, 177, 65, 125, 205, 48, 156, 85, 169, 126,
       117, 31, 251, 251, 167, 92, 222, 114, 78, 255, 133, 70, 252, 28,
       181, 101, 243, 64, 207, 251, 85, 86, 202, 100, 203, 87, 248, 184,
       191, 242, 169, 237, 81, 159, 187, 59, 180, 24, 191, 255, 64, 27,
       133, 247, 253, 24, 59, 111, 250, 51, 219, 251, 117, 122, 194, 64,
       199, 59, 248, 188, 191, 122, 173, 253, 81, 223, 251, 59, 181, 24,
       63, 255, 72, 59, 137, 243, 253, 24, 187, 111, 250, 179, 219, 251,
       117, 123, 194, 201, 198, 115, 38, 205, 98, 222, 212, 131, 174,
       228, 86, 0, 121, 2, 96, 232, 53, 64, 120, 106, 19, 195, 194, 186,
       10, 255, 56, 14, 143, 136, 85, 59, 112, 136, 54, 109, 98, 238, 84,
       3, 238, 248, 85, 128, 253, 10, 75, 203, 61, 16, 122, 237, 23, 234,
       200, 178, 28, 254, 54, 236, 133, 172, 119, 187, 114, 128, 246, 97,
       95, 143, 76, 79, 239, 232, 61, 160, 243, 10, 222, 234, 61, 81,
       250, 205, 127, 227, 104, 179, 217, 236, 181, 186, 207, 20, 101,
       59, 115, 130, 246, 96, 255, 231, 110, 11, 239, 200, 125, 162, 243,
