%YAML:1.0
---
descriptors: !!opencv-matrix
   rows: 248
   cols: 32
   dt: u
   data: [ 120, 184, 63, 120, 153, 233, 81, 71, 163, 53, 172, 56, 55,
       183, 64, 56, 137, 178, 104, 16, 26, 107, 242, 21, 219, 207, 16,
       123, 224, 0, 198, 106, 108, 165, 188, 122, 137, 77, 87, 172, 51,
       23, 173, 24, 242, 119, 74, 58, 153, 82, 105, 90, 122, 98, 251, 51,
       239, 223, 69, 127, 210, 115, 198, 98, 108, 229, 177, 103, 157, 79,
       71, 168, 18, 228, 173, 8, 210, 117, 73, 48, 152, 92, 121, 106, 73,
       114, 249, 58, 237, 221, 5, 52, 80, 59, 70, 98, 133, 113, 17, 69,
       117, 30, 230, 184, 121, 232, 106, 76, 222, 17, 13, 180, 144, 92,
       80, 106, 225, 240, 249, 14, 47, 188, 5, 6, 74, 51, 75, 177, 37,
       245, 49, 67, 117, 95, 102, 184, 111, 232, 43, 72, 210, 80, 77,
       180, 145, 76, 82, 122, 193, 176, 121, 28, 47, 156, 5, 118, 72, 59,
       66, 165, 36, 225, 57, 75, 93, 79, 71, 168, 74, 48, 45, 8, 210, 85,
       77, 52, 153, 88, 64, 106, 67, 48, 121, 53, 109, 156, 1, 118, 80,
       59, 70, 162, 133, 87, 27, 103, 176, 14, 47, 184, 116, 202, 123,
       100, 247, 115, 137, 112, 54, 76, 60, 110, 225, 144, 57, 46, 164,
       174, 39, 128, 40, 243, 1, 49, 217, 186, 158, 184, 168, 188, 89,
       215, 179, 95, 180, 189, 31, 183, 66, 27, 167, 179, 253, 20, 190,
       79, 234, 49, 219, 203, 116, 249, 160, 196, 138, 91, 108, 48, 185,
       98, 173, 109, 81, 152, 75, 255, 173, 24, 223, 127, 73, 59, 145,
       208, 253, 58, 27, 100, 251, 16, 219, 219, 97, 125, 194, 235, 70,
       114, 252, 112, 189, 115, 40, 111, 81, 152, 227, 187, 167, 24, 215,
       87, 73, 59, 133, 212, 124, 122, 41, 103, 251, 0, 219, 219, 101,
       60, 224, 251, 70, 51, 104, 176, 189, 115, 141, 253, 81, 27, 115,
       59, 173, 24, 159, 189, 72, 58, 137, 146, 236, 16, 26, 107, 251,
       19, 207, 223, 81, 127, 210, 72, 198, 34, 194, 233, 178, 82, 25,
       205, 55, 173, 170, 21, 32, 8, 172, 214, 76, 22, 129, 91, 233, 80,
       18, 73, 186, 117, 185, 144, 30, 123, 128, 17, 135, 110, 237, 149,
       21, 79, 185, 29, 70, 184, 105, 120, 172, 108, 254, 115, 141, 247,
       148, 86, 236, 106, 233, 32, 219, 189, 163, 248, 69, 62, 90, 187,
       72, 63, 228, 180, 157, 242, 136, 173, 69, 143, 250, 59, 169, 24,
       150, 240, 76, 123, 129, 146, 104, 16, 59, 107, 251, 115, 157, 150,
       85, 126, 208, 88, 198, 34, 28, 237, 31, 127, 148, 199, 103, 240,
       118, 130, 111, 0, 243, 243, 41, 33, 89, 126, 32, 106, 104, 244,
       25, 47, 235, 207, 101, 4, 64, 243, 96, 162, 93, 69, 93, 103, 150,
       78, 71, 184, 101, 160, 171, 8, 83, 113, 9, 112, 50, 212, 124, 106,
       105, 177, 93, 14, 247, 239, 37, 20, 96, 243, 64, 34, 252, 76, 159,
       118, 40, 108, 85, 190, 176, 178, 166, 56, 247, 119, 137, 91, 135,
       247, 108, 42, 104, 71, 203, 40, 211, 235, 117, 29, 96, 241, 78,
       35, 116, 197, 181, 70, 223, 79, 199, 232, 64, 162, 169, 10, 82,
       113, 9, 54, 25, 212, 64, 106, 105, 35, 249, 14, 57, 142, 5, 52,
       97, 123, 86, 32, 96, 213, 21, 123, 157, 77, 68, 175, 95, 51, 40,
       24, 182, 51, 76, 116, 129, 19, 104, 0, 123, 104, 219, 55, 173,
       222, 84, 126, 80, 88, 196, 42, 69, 113, 21, 101, 1, 78, 71, 56,
       96, 160, 34, 8, 214, 115, 9, 50, 16, 84, 104, 106, 65, 240, 185,
       12, 165, 168, 69, 4, 72, 50, 67, 34, 192, 140, 157, 254, 200, 237,
       17, 135, 150, 23, 96, 24, 183, 243, 96, 91, 129, 122, 106, 24, 50,
       76, 218, 51, 205, 163, 116, 120, 144, 72, 135, 170, 208, 160, 189,
       112, 138, 232, 17, 3, 162, 55, 166, 24, 23, 183, 64, 58, 1, 151,
       104, 16, 26, 109, 162, 0, 217, 193, 80, 125, 224, 64, 135, 98,
       109, 101, 121, 103, 52, 31, 118, 56, 105, 232, 127, 73, 219, 93,
       157, 176, 150, 68, 93, 110, 196, 176, 233, 14, 231, 253, 33, 4,
       66, 183, 82, 101, 237, 195, 68, 7, 228, 26, 110, 168, 121, 162,
       98, 200, 195, 96, 157, 151, 18, 68, 108, 110, 236, 240, 205, 44,
       36, 58, 69, 4, 70, 183, 218, 4, 168, 164, 156, 113, 137, 109, 17,
       143, 59, 63, 36, 25, 142, 49, 74, 27, 129, 18, 233, 16, 50, 124,
       219, 19, 207, 211, 85, 119, 210, 72, 143, 170, 244, 52, 189, 118,
       168, 108, 69, 159, 178, 183, 173, 24, 215, 247, 73, 59, 1, 214,
       108, 26, 56, 111, 251, 34, 249, 235, 117, 124, 224, 241, 198, 98,
       100, 229, 185, 126, 153, 77, 71, 168, 34, 84, 173, 8, 242, 119,
       72, 18, 217, 66, 121, 74, 75, 66, 251, 49, 237, 159, 5, 60, 80,
       83, 198, 114, 77, 116, 157, 103, 129, 110, 119, 136, 121, 234,
       111, 24, 222, 113, 73, 58, 177, 84, 104, 42, 33, 240, 185, 42,
       231, 255, 69, 38, 200, 115, 195, 35, 69, 117, 157, 39, 164, 111,
       103, 153, 122, 242, 43, 8, 215, 113, 73, 58, 145, 76, 120, 123,
       65, 112, 217, 2, 237, 159, 101, 52, 200, 115, 195, 34, 69, 116,
       152, 103, 177, 46, 87, 152, 123, 170, 47, 76, 214, 115, 73, 18,
       149, 76, 108, 126, 1, 240, 217, 42, 239, 255, 5, 6, 200, 115, 67,
       35, 248, 42, 255, 118, 10, 232, 81, 82, 162, 151, 164, 184, 51,
       247, 64, 27, 39, 182, 109, 24, 40, 79, 162, 32, 211, 203, 112, 56,
       226, 192, 102, 123, 108, 103, 192, 7, 244, 91, 70, 168, 112, 166,
       235, 137, 195, 96, 155, 148, 24, 204, 96, 110, 108, 178, 205, 46,
       46, 71, 5, 21, 103, 255, 94, 128, 248, 170, 254, 114, 168, 173,
       81, 215, 178, 63, 164, 29, 51, 231, 66, 27, 35, 150, 109, 16, 58,
       79, 218, 33, 219, 203, 117, 121, 224, 192, 198, 43, 248, 188, 247,
       114, 169, 252, 85, 223, 179, 31, 164, 56, 46, 247, 64, 159, 39,
       247, 237, 16, 58, 75, 170, 243, 219, 241, 85, 123, 226, 196, 134,
       107, 69, 117, 148, 69, 97, 30, 102, 56, 121, 170, 106, 76, 214,
       114, 133, 246, 148, 68, 108, 110, 193, 240, 217, 10, 39, 190, 101,
       4, 74, 243, 75, 5, 37, 241, 17, 67, 245, 79, 231, 184, 110, 248,
       43, 72, 214, 80, 77, 52, 145, 92, 82, 122, 209, 112, 121, 20, 45,
       156, 5, 116, 200, 59, 66, 164, 123, 174, 182, 186, 169, 173, 88,
       215, 171, 59, 160, 89, 63, 191, 64, 27, 135, 183, 253, 28, 190,
       79, 194, 177, 219, 251, 92, 249, 162, 196, 138, 11, 248, 188, 253,
       112, 40, 237, 81, 87, 179, 127, 164, 56, 55, 183, 64, 27, 7, 182,
       109, 24, 58, 111, 242, 1, 219, 211, 112, 121, 226, 192, 70, 123,
       205, 174, 200, 19, 202, 56, 37, 143, 50, 255, 134, 252, 209, 226,
       202, 250, 115, 206, 234, 156, 51, 94, 239, 34, 92, 7, 119, 237,
       166, 228, 174, 113, 124, 176, 253, 114, 168, 237, 81, 159, 227,
       255, 165, 24, 27, 247, 72, 58, 135, 246, 125, 24, 26, 107, 250,
       48, 219, 203, 117, 125, 226, 192, 198, 115, 237, 151, 92, 107,
       176, 63, 86, 188, 87, 61, 62, 124, 211, 96, 138, 113, 23, 70, 76,
       110, 174, 48, 109, 63, 238, 255, 37, 116, 248, 251, 200, 1, 242,
       170, 206, 80, 72, 185, 240, 199, 170, 55, 164, 153, 35, 129, 70,
       27, 105, 162, 235, 16, 58, 111, 194, 49, 94, 131, 80, 123, 193, 8,
       206, 202, 135, 180, 139, 18, 146, 255, 133, 207, 190, 127, 133,
       188, 148, 246, 202, 44, 149, 11, 72, 21, 51, 205, 190, 23, 233,
       22, 31, 126, 136, 64, 135, 245, 221, 46, 156, 54, 168, 56, 80,
       138, 250, 191, 163, 57, 207, 226, 219, 219, 163, 199, 108, 28, 60,
       71, 143, 34, 218, 227, 117, 61, 160, 241, 139, 0, 245, 116, 202,
       102, 69, 54, 70, 248, 113, 234, 239, 12, 83, 120, 31, 51, 249,
       196, 84, 238, 237, 243, 221, 42, 115, 239, 197, 5, 105, 115, 106,
       130, 98, 186, 188, 220, 234, 164, 17, 143, 170, 191, 132, 185,
       100, 231, 70, 27, 135, 119, 237, 16, 18, 75, 170, 113, 219, 178,
       125, 255, 128, 96, 135, 107, 164, 253, 157, 127, 220, 205, 103,
       188, 214, 26, 108, 16, 243, 241, 72, 35, 73, 122, 106, 74, 99,
       110, 218, 55, 237, 175, 101, 104, 88, 123, 194, 170, 125, 69, 93,
       103, 148, 78, 71, 184, 101, 160, 171, 72, 83, 113, 9, 113, 48,
       212, 104, 106, 105, 177, 121, 46, 249, 239, 5, 20, 97, 243, 64,
       32, 69, 241, 149, 71, 181, 14, 102, 184, 106, 184, 43, 76, 214,
       113, 73, 50, 145, 68, 104, 126, 193, 240, 217, 12, 173, 158, 69,
