%YAML:1.0
---
descriptors: !!opencv-matrix
   rows: 128
   cols: 32
   dt: u
   data: [ 190, 253, 182, 190, 189, 126, 222, 236, 63, 223, 255, 21, 238,
       126, 15, 159, 253, 251, 255, 83, 126, 235, 123, 239, 187, 247,
       223, 215, 195, 127, 239, 223, 254, 220, 244, 215, 245, 254, 126,
       236, 27, 255, 255, 27, 110, 254, 111, 246, 249, 255, 183, 131,
       110, 247, 251, 255, 191, 127, 207, 151, 150, 127, 252, 215, 19,
       95, 107, 254, 182, 130, 239, 246, 180, 72, 222, 230, 121, 239,
       179, 96, 126, 239, 31, 207, 249, 153, 44, 239, 246, 239, 174, 128,
       45, 210, 177, 249, 252, 112, 188, 242, 169, 85, 84, 216, 167, 190,
       181, 29, 95, 223, 75, 26, 205, 213, 253, 210, 74, 71, 219, 48,
       219, 219, 101, 63, 242, 115, 78, 83, 253, 118, 172, 180, 173, 44,
       85, 154, 163, 254, 135, 61, 223, 53, 75, 31, 133, 196, 253, 30,
       184, 71, 219, 128, 219, 251, 117, 189, 162, 245, 90, 83, 201, 86,
       93, 231, 116, 42, 107, 56, 124, 234, 119, 252, 255, 67, 153, 113,
       54, 205, 30, 110, 233, 244, 109, 46, 196, 235, 99, 128, 108, 249,
       1, 57, 137, 86, 189, 113, 236, 46, 125, 159, 253, 251, 62, 116,
       158, 51, 144, 59, 135, 70, 126, 28, 177, 252, 113, 98, 239, 255,
       116, 196, 202, 208, 195, 249, 190, 253, 182, 222, 189, 246, 222,
       238, 191, 223, 255, 51, 238, 254, 15, 175, 255, 255, 255, 211,
       190, 235, 123, 255, 187, 247, 223, 215, 195, 127, 239, 87, 190,
       253, 182, 190, 157, 245, 222, 237, 63, 223, 255, 27, 238, 254, 14,
       143, 249, 251, 255, 211, 126, 231, 251, 255, 251, 87, 223, 95,
       195, 127, 238, 94, 252, 113, 188, 226, 137, 85, 95, 216, 163, 254,
       181, 8, 95, 223, 75, 187, 221, 213, 253, 242, 72, 103, 251, 176,
       219, 201, 101, 63, 114, 115, 78, 115, 63, 231, 107, 238, 244, 159,
       239, 244, 87, 236, 253, 207, 123, 237, 190, 100, 126, 232, 23,
       239, 201, 178, 44, 255, 118, 93, 167, 164, 63, 191, 242, 241, 59,
       223, 99, 206, 118, 147, 239, 252, 87, 64, 253, 230, 121, 239, 183,
       228, 126, 251, 151, 239, 207, 187, 44, 255, 114, 111, 175, 136,
       127, 255, 240, 253, 37, 225, 49, 75, 93, 77, 71, 168, 106, 96, 41,
       8, 246, 84, 73, 48, 145, 8, 82, 106, 67, 48, 121, 31, 45, 156, 5,
       44, 80, 51, 71, 98, 129, 174, 127, 249, 236, 171, 237, 183, 126,
       115, 242, 246, 253, 235, 144, 105, 111, 175, 126, 141, 179, 252,
       103, 247, 204, 251, 247, 192, 237, 200, 225, 169, 220, 252, 247,
       255, 237, 111, 127, 248, 63, 218, 246, 26, 223, 247, 73, 126, 255,
       215, 127, 186, 57, 227, 251, 234, 255, 255, 231, 140, 195, 243,
       231, 115, 254, 189, 182, 222, 237, 253, 254, 236, 191, 255, 255,
       27, 236, 254, 47, 255, 253, 255, 255, 211, 254, 107, 251, 255,
       191, 119, 223, 223, 195, 127, 172, 95, 254, 253, 182, 190, 253,
       215, 254, 236, 191, 223, 255, 63, 238, 254, 79, 150, 255, 255,
       255, 83, 110, 111, 251, 255, 191, 119, 223, 223, 194, 127, 175,
       95, 190, 253, 246, 191, 253, 223, 254, 232, 191, 254, 255, 63,
       110, 254, 111, 215, 255, 255, 255, 67, 126, 247, 187, 255, 251,
       255, 207, 247, 67, 127, 255, 215, 190, 252, 190, 223, 189, 255,
       158, 232, 191, 255, 255, 23, 238, 254, 79, 151, 255, 255, 255, 67,
       110, 255, 251, 255, 191, 247, 207, 23, 195, 127, 175, 87, 220,
       181, 189, 166, 168, 111, 95, 189, 172, 254, 191, 9, 255, 127, 75,
       115, 199, 215, 253, 99, 124, 65, 251, 46, 251, 199, 111, 189, 0,
       243, 141, 83, 92, 125, 188, 230, 168, 77, 95, 188, 163, 254, 191,
       9, 223, 127, 75, 83, 132, 213, 253, 98, 72, 67, 219, 40, 251, 201,
       101, 189, 32, 243, 142, 83, 252, 112, 188, 242, 169, 93, 84, 152,
       163, 254, 165, 9, 223, 223, 75, 155, 205, 213, 253, 82, 106, 71,
       219, 176, 219, 217, 101, 63, 242, 51, 78, 83, 252, 112, 252, 118,
       169, 93, 95, 216, 131, 190, 181, 24, 219, 223, 75, 59, 220, 213,
       221, 114, 104, 103, 250, 128, 211, 217, 101, 61, 98, 187, 78, 115,
       205, 158, 189, 243, 236, 46, 125, 151, 255, 123, 62, 84, 159, 55,
       64, 123, 135, 87, 127, 28, 177, 252, 251, 98, 239, 255, 116, 196,
       202, 208, 195, 251, 237, 252, 189, 247, 173, 172, 127, 190, 255,
       219, 54, 92, 254, 125, 92, 59, 141, 102, 125, 94, 235, 100, 251,
       179, 239, 251, 117, 84, 202, 249, 194, 123, 47, 191, 236, 223,
       252, 31, 239, 252, 127, 232, 254, 102, 253, 250, 158, 228, 127,
       207, 127, 207, 215, 242, 255, 255, 254, 127, 175, 128, 207, 254,
       251, 253, 205, 190, 253, 254, 254, 127, 255, 254, 187, 254, 188,
       254, 253, 255, 255, 123, 127, 255, 255, 170, 161, 103, 174, 255,
       254, 223, 255, 172, 191, 249, 229, 249, 196, 168, 223, 251, 236,
       169, 233, 223, 191, 179, 242, 90, 255, 235, 88, 91, 107, 255, 127,
       153, 59, 126, 219, 241, 220, 235, 255, 236, 229, 200, 225, 168,
       129, 168, 253, 251, 236, 171, 233, 223, 126, 51, 118, 86, 255,
       235, 216, 105, 111, 170, 126, 24, 179, 252, 239, 243, 222, 251,
       247, 192, 253, 200, 193, 169, 129, 174, 255, 251, 238, 171, 233,
       87, 126, 115, 118, 214, 255, 235, 144, 105, 111, 175, 126, 156,
       179, 252, 103, 247, 220, 171, 243, 192, 237, 200, 225, 169, 190,
       252, 190, 191, 253, 255, 190, 232, 191, 254, 255, 27, 238, 254,
       111, 223, 255, 255, 255, 67, 46, 231, 251, 255, 255, 247, 207, 63,
       210, 127, 175, 215, 254, 180, 246, 255, 253, 255, 255, 232, 191,
       254, 253, 27, 238, 254, 79, 223, 255, 255, 255, 163, 110, 119,
       251, 255, 191, 255, 207, 63, 147, 127, 255, 215, 92, 125, 188,
       230, 168, 77, 95, 184, 163, 254, 190, 9, 223, 247, 75, 115, 134,
       213, 125, 98, 72, 67, 251, 40, 251, 249, 101, 189, 34, 243, 142,
       83, 214, 108, 246, 238, 126, 15, 254, 248, 61, 170, 243, 10, 239,
       239, 61, 65, 255, 221, 127, 227, 224, 243, 203, 238, 191, 254,
       207, 158, 39, 251, 97, 129, 150, 173, 214, 191, 174, 43, 252, 235,
       191, 178, 242, 18, 239, 234, 52, 75, 127, 231, 127, 163, 120, 251,
       203, 255, 188, 250, 207, 128, 165, 120, 225, 129, 94, 253, 182,
       158, 253, 221, 254, 236, 191, 255, 255, 15, 110, 254, 110, 214,
       255, 255, 255, 211, 126, 99, 251, 247, 251, 247, 207, 255, 210,
       127, 175, 215, 126, 189, 182, 190, 253, 221, 254, 236, 191, 254,
       254, 47, 238, 254, 111, 246, 255, 255, 255, 211, 254, 99, 251,
       255, 191, 255, 207, 191, 211, 127, 239, 215, 252, 113, 188, 230,
       173, 93, 87, 152, 163, 254, 181, 13, 223, 127, 75, 27, 150, 213,
       253, 106, 204, 99, 251, 0, 251, 217, 101, 61, 98, 243, 78, 115,
       254, 253, 182, 190, 253, 215, 254, 236, 191, 254, 247, 59, 238,
       254, 111, 247, 255, 255, 255, 83, 110, 103, 251, 255, 255, 119,
       207, 255, 210, 127, 175, 223, 205, 188, 189, 115, 169, 172, 125,
       183, 255, 251, 54, 84, 254, 127, 72, 123, 133, 87, 125, 28, 179,
       233, 251, 99, 239, 251, 119, 80, 202, 208, 195, 123, 201, 22, 189,
       245, 160, 46, 125, 31, 124, 251, 118, 116, 159, 55, 128, 123, 135,
       71, 126, 12, 177, 252, 99, 66, 199, 255, 118, 196, 138, 240, 195,
       121, 1, 174, 255, 249, 238, 171, 233, 151, 126, 123, 242, 246,
       255, 235, 144, 104, 111, 175, 126, 156, 179, 252, 231, 243, 204,
       255, 119, 192, 236, 200, 193, 185, 126, 252, 182, 222, 253, 253,
       222, 236, 191, 255, 189, 27, 110, 252, 111, 215, 253, 247, 255,
       211, 126, 99, 250, 251, 187, 215, 207, 255, 211, 127, 174, 215,
       143, 190, 239, 255, 254, 62, 255, 251, 255, 254, 254, 246, 249,
       239, 159, 231, 127, 239, 255, 175, 181, 248, 239, 255, 254, 255,
       255, 132, 239, 252, 233, 245, 124, 117, 188, 230, 168, 95, 95,
       184, 160, 238, 191, 13, 223, 127, 75, 83, 215, 215, 253, 98, 237,
       67, 249, 42, 251, 235, 101, 189, 42, 243, 15, 115, 206, 148, 188,
       255, 173, 126, 53, 175, 191, 255, 87, 17, 236, 127, 15, 239, 197,
       87, 255, 35, 52, 213, 123, 238, 239, 251, 95, 7, 130, 125, 141,
       119, 221, 188, 255, 255, 188, 127, 95, 191, 126, 239, 158, 52,
