%YAML:1.0
---
descriptors: !!opencv-matrix
   rows: 217
   cols: 32
   dt: u
   data: [ 120, 184, 254, 112, 138, 232, 81, 71, 163, 23, 164, 56, 55,
       183, 64, 26, 35, 178, 109, 16, 26, 107, 162, 33, 219, 195, 116,
       121, 226, 192, 198, 107, 205, 92, 149, 119, 168, 110, 103, 190,
       56, 250, 39, 88, 215, 119, 9, 251, 145, 86, 124, 42, 97, 228, 249,
       42, 165, 255, 117, 20, 200, 241, 131, 49, 100, 116, 149, 71, 137,
       110, 71, 152, 123, 250, 43, 24, 214, 119, 73, 59, 145, 84, 120,
       122, 33, 64, 249, 34, 239, 190, 69, 52, 192, 115, 198, 50, 208,
       152, 159, 116, 40, 108, 81, 50, 176, 91, 166, 56, 247, 55, 0, 123,
       3, 116, 108, 8, 57, 77, 179, 4, 201, 171, 112, 64, 128, 128, 7,
       59, 5, 117, 17, 71, 117, 94, 230, 184, 121, 232, 107, 72, 222, 81,
       13, 180, 144, 92, 80, 106, 193, 240, 249, 110, 39, 188, 5, 6, 74,
       51, 67, 176, 100, 237, 185, 106, 201, 77, 87, 168, 115, 183, 173,
       8, 210, 117, 72, 50, 153, 90, 97, 122, 90, 98, 251, 49, 239, 159,
       69, 127, 208, 115, 198, 226, 37, 117, 17, 71, 85, 95, 102, 184,
       107, 232, 43, 72, 214, 81, 77, 180, 144, 92, 82, 106, 65, 240,
       249, 44, 45, 156, 5, 54, 74, 59, 66, 176, 133, 223, 25, 103, 176,
       14, 111, 189, 116, 234, 94, 100, 245, 114, 153, 96, 54, 78, 60,
       110, 225, 208, 125, 62, 236, 239, 39, 132, 40, 242, 1, 57, 36,
       225, 49, 67, 93, 79, 71, 184, 98, 49, 45, 8, 210, 85, 76, 52, 17,
       92, 64, 106, 75, 48, 249, 21, 109, 152, 5, 116, 80, 59, 70, 162,
       124, 184, 253, 114, 168, 253, 81, 155, 163, 255, 164, 24, 51, 247,
       67, 59, 129, 246, 124, 24, 26, 107, 250, 49, 219, 219, 117, 121,
       224, 224, 198, 115, 245, 70, 204, 71, 21, 62, 70, 152, 117, 174,
       191, 68, 67, 96, 159, 246, 113, 196, 108, 110, 172, 165, 109, 106,
       178, 255, 33, 20, 227, 247, 120, 5, 220, 76, 94, 116, 40, 104, 85,
       184, 160, 178, 166, 24, 247, 99, 1, 91, 35, 245, 108, 106, 104,
       71, 203, 40, 211, 235, 101, 29, 96, 241, 78, 42, 96, 209, 149,
       121, 141, 205, 69, 143, 75, 51, 40, 24, 182, 55, 72, 114, 129,
       147, 104, 16, 91, 104, 219, 23, 173, 150, 84, 126, 208, 88, 196,
       42, 116, 197, 93, 103, 20, 79, 71, 184, 100, 160, 171, 8, 83, 113,
       9, 112, 49, 212, 72, 106, 105, 176, 121, 62, 253, 174, 5, 20, 113,
       187, 64, 32, 69, 113, 25, 101, 85, 15, 103, 56, 120, 232, 107, 76,
       214, 17, 9, 48, 144, 76, 80, 106, 193, 176, 217, 14, 229, 156, 5,
       6, 72, 51, 67, 162, 197, 67, 149, 71, 36, 14, 102, 188, 120, 170,
       115, 76, 243, 97, 153, 183, 18, 68, 108, 110, 225, 244, 205, 42,
       164, 186, 101, 132, 72, 179, 66, 33, 80, 176, 157, 116, 136, 236,
       81, 31, 162, 181, 162, 24, 215, 247, 64, 90, 129, 247, 109, 16,
       26, 73, 251, 1, 217, 163, 117, 92, 160, 64, 134, 42, 205, 84, 29,
       111, 33, 14, 103, 184, 120, 202, 99, 68, 222, 115, 9, 115, 146,
       68, 104, 106, 225, 244, 121, 108, 229, 251, 69, 6, 72, 115, 99,
       35, 205, 116, 157, 103, 161, 110, 119, 152, 120, 234, 111, 8, 214,
       113, 9, 59, 177, 84, 104, 106, 97, 244, 185, 10, 229, 255, 69, 6,
       200, 115, 67, 35, 248, 58, 255, 114, 42, 236, 65, 82, 162, 151,
       164, 56, 55, 215, 64, 27, 39, 178, 109, 24, 42, 79, 186, 48, 217,
       203, 117, 120, 224, 128, 102, 107, 248, 184, 252, 112, 42, 169,
       81, 23, 195, 63, 180, 56, 51, 17, 64, 27, 11, 146, 76, 24, 58,
       111, 98, 17, 219, 203, 112, 121, 241, 200, 198, 43, 248, 252, 220,
       124, 172, 237, 85, 222, 151, 190, 164, 25, 179, 225, 99, 27, 201,
       242, 237, 16, 58, 111, 218, 51, 219, 219, 117, 125, 241, 249, 206,
       10, 77, 85, 20, 101, 49, 14, 119, 56, 125, 168, 111, 68, 222, 51,
       9, 244, 214, 85, 60, 106, 65, 176, 121, 78, 167, 255, 7, 6, 74,
       51, 3, 51, 248, 188, 214, 114, 169, 173, 85, 215, 179, 31, 164,
       57, 47, 247, 66, 31, 39, 246, 237, 8, 58, 79, 130, 51, 219, 243,
       84, 123, 226, 196, 134, 107, 216, 152, 159, 116, 42, 104, 17, 51,
       160, 31, 166, 56, 247, 183, 0, 123, 39, 119, 108, 8, 57, 77, 179,
       1, 217, 227, 112, 88, 160, 160, 39, 123, 69, 117, 144, 71, 224,
       30, 102, 184, 120, 170, 107, 76, 214, 114, 13, 247, 144, 76, 108,
       110, 225, 240, 217, 42, 37, 190, 101, 4, 74, 243, 75, 5, 108, 245,
       177, 67, 217, 77, 71, 136, 123, 189, 44, 8, 214, 117, 77, 54, 153,
       94, 96, 122, 91, 96, 251, 48, 109, 222, 69, 126, 194, 123, 198,
       226, 37, 117, 17, 71, 117, 31, 230, 184, 108, 232, 43, 76, 214,
       112, 77, 180, 144, 76, 82, 106, 193, 176, 89, 46, 45, 156, 5, 54,
       72, 59, 74, 164, 37, 241, 17, 67, 221, 79, 199, 168, 106, 240, 33,
       72, 210, 81, 77, 180, 145, 92, 64, 106, 67, 48, 121, 29, 45, 152,
       5, 116, 88, 59, 66, 160, 125, 85, 125, 102, 176, 78, 71, 188, 97,
       232, 191, 72, 87, 119, 137, 115, 22, 212, 92, 106, 201, 161, 121,
       44, 243, 233, 101, 20, 106, 243, 194, 49, 124, 177, 184, 115, 173,
       237, 81, 25, 111, 63, 173, 24, 223, 253, 72, 56, 153, 155, 237,
       16, 26, 107, 251, 19, 207, 223, 17, 127, 210, 74, 198, 34, 248,
       177, 189, 116, 104, 205, 81, 23, 178, 255, 164, 57, 55, 183, 66,
       27, 133, 183, 253, 0, 106, 79, 210, 3, 219, 195, 112, 57, 224,
       192, 6, 123, 93, 166, 148, 50, 169, 60, 68, 155, 235, 187, 171,
       92, 207, 242, 73, 219, 135, 71, 108, 29, 190, 77, 203, 32, 184,
       250, 119, 126, 138, 103, 139, 5, 96, 176, 157, 218, 236, 237, 65,
       143, 206, 59, 160, 24, 182, 243, 72, 58, 129, 146, 106, 16, 51,
       107, 218, 113, 157, 146, 85, 126, 216, 72, 195, 34, 160, 44, 159,
       127, 156, 204, 71, 254, 86, 139, 96, 16, 243, 243, 40, 112, 89,
       122, 32, 8, 57, 250, 219, 63, 233, 231, 117, 8, 216, 120, 224,
       170, 69, 103, 153, 103, 176, 14, 103, 184, 124, 170, 107, 68, 222,
       114, 201, 114, 150, 109, 108, 126, 225, 240, 217, 110, 236, 191,
       39, 4, 200, 243, 3, 33, 244, 50, 149, 112, 169, 44, 80, 158, 171,
       187, 160, 88, 134, 179, 73, 159, 133, 215, 108, 16, 58, 103, 203,
       32, 153, 210, 85, 126, 192, 113, 130, 35, 124, 69, 93, 101, 144,
       78, 71, 185, 100, 160, 170, 8, 83, 115, 1, 115, 48, 212, 108, 106,
       105, 177, 121, 12, 245, 233, 37, 20, 97, 242, 196, 32, 69, 245,
       149, 103, 17, 15, 102, 184, 122, 168, 43, 76, 214, 113, 73, 50,
       144, 68, 104, 106, 225, 112, 217, 30, 173, 222, 5, 38, 72, 51, 67,
       35, 216, 76, 94, 246, 8, 106, 76, 166, 160, 146, 162, 24, 247, 99,
       1, 91, 35, 247, 108, 34, 104, 197, 195, 45, 241, 227, 117, 17, 32,
       240, 79, 10, 96, 181, 145, 99, 217, 77, 84, 175, 123, 57, 169, 88,
       150, 51, 76, 180, 145, 31, 104, 16, 91, 104, 219, 19, 173, 156,
       21, 126, 216, 72, 194, 42, 16, 172, 159, 255, 152, 238, 17, 135,
       182, 21, 104, 16, 247, 243, 32, 80, 193, 122, 104, 16, 58, 201,
       218, 63, 201, 231, 53, 88, 144, 64, 133, 42, 36, 105, 19, 126, 93,
       196, 135, 96, 224, 128, 233, 8, 214, 209, 33, 48, 216, 120, 66,
       106, 65, 227, 250, 45, 101, 180, 7, 8, 64, 59, 103, 162, 21, 69,
       19, 101, 20, 79, 71, 232, 118, 160, 235, 0, 83, 113, 41, 112, 112,
       220, 40, 106, 105, 176, 57, 30, 241, 142, 1, 4, 96, 187, 64, 32,
       101, 113, 17, 69, 85, 14, 103, 56, 120, 232, 107, 76, 214, 49, 25,
       52, 144, 76, 64, 110, 193, 240, 209, 12, 37, 188, 5, 4, 72, 51,
       67, 33, 120, 141, 70, 46, 147, 250, 70, 175, 117, 37, 238, 139,
       107, 104, 30, 212, 121, 230, 232, 176, 60, 187, 77, 191, 187, 231,
       5, 83, 227, 126, 222, 14, 193, 166, 141, 155, 236, 169, 229, 207,
       254, 51, 35, 208, 245, 226, 216, 75, 67, 70, 106, 28, 51, 109,
       207, 115, 140, 2, 119, 108, 152, 200, 193, 160, 129, 174, 205, 27,
       236, 169, 101, 159, 118, 51, 98, 240, 243, 225, 216, 123, 67, 110,
       106, 28, 51, 252, 207, 51, 76, 162, 119, 64, 216, 208, 193, 168,
       237, 48, 189, 99, 13, 111, 115, 136, 123, 242, 39, 24, 214, 81,
       73, 59, 145, 84, 104, 122, 33, 116, 249, 32, 207, 219, 69, 54,
