%YAML:1.0
---
descriptors: !!opencv-matrix
   rows: 391
   cols: 32
   dt: u
   data: [ 62, 237, 226, 207, 236, 27, 254, 252, 47, 162, 255, 130, 237,
       239, 221, 68, 127, 255, 255, 235, 200, 179, 239, 253, 190, 255,
       239, 182, 167, 251, 241, 153, 53, 237, 234, 234, 244, 163, 111,
       220, 86, 225, 252, 138, 115, 239, 187, 112, 126, 234, 23, 254,
       154, 187, 44, 189, 248, 205, 167, 236, 245, 251, 242, 224, 157,
       205, 127, 235, 52, 11, 111, 249, 116, 248, 247, 130, 215, 79, 185,
       97, 126, 197, 95, 238, 233, 245, 105, 191, 248, 235, 231, 212,
       117, 187, 225, 241, 221, 84, 254, 247, 44, 46, 91, 152, 188, 250,
       183, 48, 255, 103, 153, 123, 119, 197, 125, 234, 169, 229, 107,
       42, 210, 251, 99, 148, 100, 251, 65, 113, 124, 237, 190, 252, 157,
       205, 87, 230, 207, 132, 236, 8, 174, 253, 37, 18, 200, 243, 235,
       66, 72, 43, 242, 188, 251, 255, 196, 59, 82, 56, 246, 106, 238,
       172, 180, 255, 237, 237, 220, 159, 191, 187, 180, 24, 239, 253,
       93, 91, 193, 115, 255, 18, 50, 110, 218, 179, 143, 219, 85, 59,
       146, 120, 215, 11, 120, 181, 188, 254, 157, 253, 85, 175, 223, 63,
       172, 25, 190, 253, 74, 16, 201, 146, 237, 16, 58, 107, 243, 147,
       235, 223, 20, 123, 210, 88, 198, 106, 108, 180, 189, 115, 237,
       109, 81, 152, 115, 191, 165, 24, 223, 127, 72, 58, 153, 150, 237,
       24, 58, 102, 251, 16, 207, 223, 81, 125, 210, 75, 70, 226, 84, 93,
       125, 231, 184, 78, 79, 184, 36, 234, 191, 72, 215, 119, 137, 114,
       86, 212, 125, 106, 233, 129, 249, 46, 233, 239, 101, 148, 32, 243,
       4, 115, 236, 113, 189, 103, 168, 78, 87, 184, 97, 254, 181, 8,
       215, 87, 73, 59, 148, 212, 125, 106, 105, 100, 249, 0, 199, 217,
       101, 52, 64, 179, 70, 115, 237, 113, 125, 103, 44, 78, 71, 184,
       96, 248, 183, 72, 215, 117, 137, 51, 148, 84, 124, 106, 201, 114,
       249, 8, 231, 249, 101, 20, 66, 243, 70, 115, 21, 85, 121, 103,
       180, 78, 111, 184, 60, 234, 127, 100, 215, 119, 137, 112, 22, 92,
       60, 106, 233, 144, 121, 46, 229, 239, 37, 132, 32, 243, 68, 113,
       252, 245, 189, 103, 136, 79, 71, 188, 98, 178, 167, 8, 215, 119,
       72, 51, 17, 84, 108, 122, 73, 100, 251, 32, 233, 201, 101, 52, 96,
       243, 198, 34, 252, 164, 188, 114, 137, 109, 85, 169, 210, 183,
       165, 24, 83, 241, 73, 27, 137, 212, 232, 18, 58, 103, 251, 18,
       219, 195, 85, 125, 224, 105, 70, 34, 221, 84, 157, 101, 40, 14,
       71, 185, 112, 250, 166, 76, 215, 115, 137, 115, 17, 212, 124, 106,
       233, 228, 249, 12, 227, 235, 101, 20, 104, 240, 66, 33, 73, 120,
       157, 101, 40, 76, 113, 16, 236, 216, 38, 0, 223, 23, 64, 123, 2,
       116, 124, 24, 1, 64, 243, 0, 197, 251, 112, 0, 8, 128, 7, 51, 252,
       224, 189, 114, 141, 109, 81, 152, 243, 55, 167, 24, 211, 87, 72,
       123, 145, 212, 120, 58, 42, 103, 251, 16, 219, 251, 85, 125, 226,
       169, 70, 98, 104, 165, 250, 122, 157, 253, 81, 95, 243, 23, 173,
       24, 187, 253, 88, 58, 201, 178, 253, 24, 26, 107, 250, 147, 219,
       223, 21, 121, 195, 200, 214, 42, 241, 184, 247, 112, 171, 253, 80,
       215, 227, 91, 180, 56, 59, 189, 198, 63, 171, 246, 252, 16, 191,
       111, 178, 177, 219, 219, 116, 187, 227, 192, 198, 95, 249, 186,
       190, 56, 169, 173, 81, 87, 163, 127, 164, 253, 63, 151, 66, 27,
       167, 183, 253, 20, 190, 79, 130, 17, 219, 251, 112, 249, 226, 132,
       142, 91, 244, 180, 255, 114, 136, 204, 69, 252, 162, 191, 161, 24,
       115, 247, 200, 59, 39, 214, 108, 74, 122, 103, 170, 35, 249, 139,
       117, 120, 224, 211, 198, 99, 229, 188, 157, 242, 236, 173, 165,
       223, 218, 187, 48, 120, 150, 241, 192, 43, 143, 82, 118, 25, 179,
       126, 202, 50, 92, 10, 125, 252, 220, 72, 211, 169, 252, 44, 156,
       118, 136, 109, 85, 159, 178, 183, 164, 25, 55, 227, 67, 27, 1,
       214, 109, 16, 58, 79, 202, 34, 219, 195, 117, 125, 224, 241, 142,
       34, 93, 151, 24, 107, 184, 191, 82, 191, 86, 41, 191, 124, 215,
       113, 136, 240, 21, 214, 76, 40, 187, 32, 89, 63, 174, 239, 37, 84,
       250, 219, 200, 1, 221, 174, 151, 50, 169, 44, 68, 207, 187, 155,
       176, 93, 207, 226, 64, 159, 161, 199, 108, 29, 190, 79, 138, 34,
       152, 242, 117, 158, 200, 116, 195, 141, 181, 206, 149, 178, 172,
       45, 68, 238, 187, 187, 160, 93, 198, 224, 77, 31, 141, 66, 110,
       14, 123, 111, 203, 115, 152, 146, 85, 126, 216, 121, 194, 5, 85,
       69, 93, 101, 18, 78, 71, 48, 100, 160, 107, 8, 83, 49, 1, 113, 50,
       212, 120, 106, 73, 176, 81, 12, 231, 175, 33, 16, 96, 178, 64, 32,
       252, 69, 124, 103, 0, 74, 71, 168, 112, 162, 174, 8, 215, 115, 9,
       115, 18, 212, 104, 106, 105, 240, 217, 46, 229, 235, 69, 20, 96,
       243, 68, 34, 20, 189, 159, 231, 145, 70, 103, 248, 54, 160, 239,
       0, 115, 115, 9, 96, 121, 222, 40, 234, 104, 209, 57, 47, 233, 167,
       199, 4, 32, 115, 164, 162, 96, 140, 157, 218, 200, 237, 5, 143,
       158, 19, 160, 24, 182, 55, 64, 123, 129, 83, 106, 24, 51, 108,
       219, 49, 205, 154, 84, 120, 144, 88, 135, 42, 116, 141, 92, 110,
       152, 107, 71, 175, 228, 160, 170, 8, 215, 115, 8, 83, 2, 214, 108,
       106, 88, 169, 89, 61, 249, 235, 37, 84, 112, 234, 196, 32, 144,
       168, 187, 245, 192, 236, 225, 198, 50, 23, 100, 18, 181, 243, 64,
       57, 57, 254, 115, 152, 50, 254, 186, 33, 221, 163, 246, 33, 225,
       64, 167, 170, 252, 124, 191, 118, 9, 108, 81, 154, 242, 186, 165,
       24, 215, 255, 65, 59, 137, 244, 125, 26, 41, 103, 218, 34, 211,
       203, 113, 61, 226, 113, 70, 34, 244, 56, 172, 180, 140, 109, 65,
       134, 210, 249, 134, 24, 215, 253, 83, 59, 129, 246, 125, 25, 57,
       77, 251, 34, 217, 131, 253, 53, 128, 120, 214, 122, 221, 48, 255,
       118, 168, 108, 89, 146, 243, 255, 167, 24, 91, 183, 65, 59, 165,
       213, 125, 26, 57, 103, 187, 2, 219, 203, 117, 60, 224, 241, 70,
       114, 210, 190, 188, 254, 171, 112, 93, 143, 147, 191, 132, 185,
       110, 231, 67, 95, 135, 215, 237, 0, 56, 79, 186, 179, 219, 243,
       93, 191, 178, 245, 142, 115, 65, 136, 188, 91, 169, 189, 145, 142,
       206, 115, 164, 24, 166, 16, 206, 111, 131, 67, 104, 12, 150, 109,
       251, 113, 143, 218, 84, 58, 208, 72, 193, 108, 4, 112, 57, 97, 0,
       79, 3, 24, 96, 168, 36, 8, 210, 23, 73, 50, 144, 84, 64, 98, 9,
       100, 241, 0, 193, 153, 33, 52, 64, 35, 70, 34, 36, 199, 181, 107,
       152, 79, 71, 184, 86, 55, 111, 84, 211, 103, 200, 112, 85, 94, 44,
       106, 250, 240, 121, 55, 237, 134, 37, 116, 112, 251, 196, 112,
       108, 231, 245, 103, 165, 90, 118, 184, 113, 170, 191, 8, 203, 109,
       157, 54, 144, 212, 108, 106, 236, 240, 237, 40, 111, 251, 69, 21,
       66, 243, 70, 38, 237, 100, 189, 103, 164, 31, 118, 184, 123, 170,
       51, 73, 218, 121, 221, 179, 149, 68, 125, 111, 228, 244, 201, 10,
       239, 223, 101, 52, 192, 255, 82, 3, 44, 117, 113, 111, 125, 31,
       214, 184, 95, 168, 61, 104, 222, 125, 205, 52, 158, 92, 238, 98,
       200, 114, 105, 158, 111, 223, 37, 54, 82, 187, 70, 167, 76, 117,
       249, 103, 242, 14, 63, 184, 57, 172, 127, 172, 223, 119, 139, 16,
       150, 85, 253, 110, 64, 208, 233, 78, 239, 223, 37, 132, 66, 243,
       7, 241, 124, 167, 254, 118, 138, 137, 85, 89, 178, 183, 173, 184,
       103, 231, 74, 27, 63, 183, 237, 18, 122, 99, 170, 1, 219, 195,
       101, 125, 224, 226, 134, 50, 37, 112, 91, 69, 80, 78, 227, 16, 96,
       200, 103, 72, 83, 19, 133, 48, 16, 124, 80, 106, 1, 180, 241, 12,
       101, 172, 32, 0, 73, 179, 66, 160, 193, 170, 159, 177, 236, 168,
       104, 3, 254, 147, 66, 80, 149, 163, 208, 75, 99, 46, 106, 28, 50,
       220, 135, 65, 140, 162, 114, 72, 136, 192, 161, 136, 80, 176, 191,
       176, 136, 237, 81, 19, 230, 87, 166, 24, 151, 145, 64, 27, 1, 151,
       108, 25, 59, 109, 179, 0, 217, 128, 112, 120, 232, 64, 135, 114,
       112, 168, 222, 112, 168, 237, 81, 87, 162, 219, 172, 9, 55, 243,
       66, 58, 9, 166, 125, 24, 26, 75, 194, 33, 219, 143, 116, 121, 224,
