%YAML:1.0
---
descriptors: !!opencv-matrix
   rows: 76
   cols: 32
   dt: u
   data: [ 92, 113, 188, 231, 168, 79, 95, 188, 35, 254, 191, 9, 247,
       119, 75, 83, 148, 245, 125, 106, 72, 67, 251, 40, 251, 201, 101,
       180, 32, 243, 142, 83, 202, 221, 190, 254, 187, 252, 125, 151,
       191, 95, 126, 53, 188, 255, 34, 123, 167, 115, 255, 0, 242, 73,
       186, 243, 239, 255, 126, 203, 154, 84, 167, 123, 220, 190, 188,
       246, 168, 236, 85, 159, 187, 191, 182, 24, 191, 247, 72, 123, 135,
       87, 125, 16, 186, 77, 251, 35, 219, 251, 119, 252, 128, 208, 135,
       43, 221, 28, 181, 119, 173, 109, 69, 154, 251, 255, 162, 24, 214,
       125, 85, 123, 129, 86, 108, 27, 185, 101, 251, 34, 137, 251, 85,
       116, 192, 121, 86, 114, 205, 20, 149, 245, 169, 110, 53, 31, 254,
       251, 34, 80, 222, 55, 72, 251, 133, 87, 120, 16, 49, 236, 211, 66,
       141, 191, 87, 70, 136, 112, 131, 51, 46, 255, 230, 26, 223, 149,
       158, 253, 159, 95, 221, 255, 104, 236, 254, 132, 207, 203, 247,
       215, 254, 235, 126, 247, 58, 87, 223, 255, 223, 223, 255, 221,
       200, 254, 191, 246, 185, 252, 119, 182, 255, 223, 54, 61, 190,
       255, 66, 251, 135, 119, 255, 82, 227, 109, 186, 163, 239, 251,
       117, 219, 202, 221, 199, 123, 111, 253, 132, 87, 221, 189, 110,
       190, 219, 250, 236, 76, 234, 240, 223, 182, 201, 234, 242, 94,
       175, 122, 254, 251, 47, 95, 197, 122, 202, 127, 218, 220, 201,
       180, 149, 113, 169, 126, 53, 159, 251, 251, 166, 24, 158, 183, 72,
       255, 129, 87, 248, 24, 51, 77, 243, 194, 141, 251, 86, 86, 202,
       64, 131, 63, 236, 180, 189, 115, 173, 109, 85, 143, 90, 187, 165,
       24, 214, 117, 72, 59, 145, 86, 120, 26, 59, 101, 251, 18, 203,
       223, 85, 125, 216, 104, 212, 50, 205, 124, 189, 116, 173, 109, 69,
       158, 250, 186, 166, 24, 215, 125, 65, 59, 129, 86, 124, 26, 169,
       101, 251, 34, 217, 219, 117, 52, 200, 121, 67, 50, 253, 60, 189,
       116, 173, 108, 85, 151, 243, 251, 162, 24, 151, 245, 65, 59, 129,
       247, 124, 24, 57, 103, 251, 2, 219, 219, 117, 56, 192, 112, 198,
       106, 124, 116, 252, 99, 41, 111, 83, 152, 51, 190, 165, 25, 223,
       95, 75, 27, 153, 212, 237, 114, 10, 102, 251, 48, 223, 219, 101,
       125, 242, 251, 78, 99, 252, 180, 188, 250, 173, 253, 81, 223, 251,
       251, 180, 24, 255, 249, 73, 59, 141, 210, 253, 24, 186, 103, 250,
       179, 219, 219, 85, 127, 210, 104, 198, 107, 2, 205, 2, 159, 214,
       131, 174, 230, 30, 1, 90, 131, 108, 238, 48, 64, 127, 123, 147,
       199, 98, 154, 8, 255, 60, 38, 142, 192, 21, 30, 177, 216, 201, 29,
       63, 71, 176, 94, 111, 188, 124, 232, 119, 116, 255, 119, 129, 117,
       54, 116, 124, 106, 225, 220, 121, 110, 237, 251, 103, 128, 10,
       176, 193, 121, 236, 121, 189, 103, 164, 79, 119, 188, 121, 238,
       54, 8, 211, 85, 89, 59, 28, 84, 125, 106, 201, 244, 249, 40, 231,
       217, 101, 52, 66, 187, 214, 123, 47, 255, 228, 187, 253, 245, 223,
       254, 151, 125, 156, 159, 169, 236, 94, 134, 205, 195, 255, 215,
       254, 107, 255, 243, 191, 87, 223, 255, 223, 93, 158, 222, 107,
       253, 164, 19, 253, 189, 222, 191, 219, 127, 172, 29, 234, 236, 94,
       182, 205, 74, 250, 28, 239, 107, 254, 179, 46, 95, 149, 122, 218,
       92, 218, 222, 200, 188, 149, 243, 169, 252, 53, 135, 251, 251,
       162, 24, 190, 183, 64, 255, 129, 119, 248, 16, 51, 77, 251, 243,
       141, 215, 87, 122, 194, 68, 135, 59, 205, 84, 21, 119, 33, 94,
       109, 188, 124, 250, 119, 84, 223, 118, 129, 255, 133, 116, 124,
       42, 225, 212, 249, 110, 197, 251, 119, 0, 10, 177, 65, 49, 166,
       205, 96, 218, 212, 161, 142, 239, 20, 19, 89, 18, 64, 104, 61, 65,
       89, 75, 19, 227, 242, 38, 8, 255, 40, 14, 143, 196, 149, 123, 240,
       128, 2, 205, 2, 159, 212, 131, 174, 230, 22, 0, 90, 131, 104, 238,
       48, 64, 123, 107, 19, 199, 98, 154, 10, 255, 44, 38, 142, 200, 21,
       31, 177, 136, 47, 189, 172, 187, 157, 253, 223, 191, 159, 255,
       156, 159, 172, 172, 94, 162, 205, 211, 255, 149, 191, 75, 251,
       243, 239, 95, 223, 255, 159, 92, 158, 222, 220, 148, 156, 247,
       172, 46, 125, 155, 190, 187, 151, 48, 223, 115, 73, 91, 135, 87,
       125, 138, 56, 197, 203, 34, 203, 251, 127, 148, 160, 241, 129, 3,
       173, 100, 252, 243, 236, 63, 205, 216, 95, 186, 181, 26, 219, 121,
       221, 43, 217, 204, 127, 123, 168, 102, 235, 178, 207, 219, 247,
       188, 214, 249, 82, 129, 92, 148, 156, 247, 172, 44, 93, 159, 174,
       187, 191, 48, 223, 255, 72, 91, 135, 87, 125, 24, 58, 73, 203, 32,
       203, 251, 119, 212, 128, 241, 131, 35, 201, 188, 149, 82, 169,
       253, 80, 135, 251, 123, 164, 24, 190, 179, 66, 190, 133, 90, 252,
       24, 55, 111, 250, 243, 155, 223, 85, 123, 202, 68, 203, 31, 201,
       157, 127, 103, 180, 94, 127, 188, 117, 232, 118, 112, 251, 119,
       152, 119, 22, 118, 124, 106, 249, 248, 121, 47, 239, 251, 37, 128,
       98, 177, 196, 105, 134, 141, 132, 158, 148, 35, 142, 239, 22, 147,
       89, 18, 96, 232, 57, 65, 89, 98, 51, 179, 114, 96, 11, 191, 40, 6,
       223, 196, 149, 123, 176, 8, 148, 76, 158, 183, 140, 111, 108, 186,
       60, 186, 242, 18, 215, 123, 9, 75, 233, 205, 110, 162, 104, 245,
       219, 46, 237, 227, 239, 20, 160, 121, 161, 130, 107, 189, 172,
       251, 189, 253, 223, 191, 159, 253, 156, 29, 187, 189, 82, 162,
       205, 211, 255, 29, 191, 75, 251, 183, 239, 223, 157, 252, 158,
       220, 222, 123, 248, 252, 188, 254, 41, 237, 85, 222, 179, 187,
       164, 24, 63, 255, 65, 123, 133, 247, 253, 18, 42, 111, 250, 51,
       219, 251, 117, 59, 226, 81, 198, 59, 12, 157, 255, 231, 180, 174,
       127, 191, 55, 169, 126, 32, 255, 115, 136, 112, 119, 254, 125, 24,
       155, 152, 105, 189, 239, 255, 165, 196, 166, 218, 192, 41, 140,
       172, 222, 191, 238, 171, 252, 255, 190, 179, 243, 18, 255, 234,
       88, 75, 235, 239, 127, 19, 50, 252, 203, 179, 220, 227, 127, 196,
       229, 217, 193, 129, 226, 172, 182, 191, 141, 173, 236, 239, 255,
       187, 242, 26, 238, 234, 116, 75, 233, 239, 127, 145, 250, 239,
       219, 243, 189, 250, 223, 120, 144, 88, 241, 138, 252, 188, 190,
       114, 173, 253, 81, 218, 251, 187, 181, 24, 255, 255, 72, 59, 133,
       247, 253, 18, 58, 103, 250, 177, 219, 219, 85, 127, 194, 105, 70,
       51, 240, 184, 191, 112, 168, 236, 81, 215, 226, 91, 164, 24, 55,
       247, 64, 59, 163, 182, 124, 16, 59, 111, 178, 49, 219, 171, 116,
       121, 224, 192, 198, 123, 252, 188, 189, 112, 173, 109, 85, 175,
       251, 251, 172, 24, 214, 245, 72, 59, 129, 214, 124, 24, 59, 111,
       251, 50, 219, 223, 85, 126, 194, 120, 198, 34, 236, 236, 189, 250,
       141, 237, 81, 206, 215, 223, 165, 24, 242, 253, 105, 59, 201, 242,
       120, 16, 58, 103, 250, 179, 219, 219, 213, 59, 210, 89, 246, 98,
       6, 173, 132, 159, 156, 163, 142, 175, 22, 179, 90, 18, 96, 232,
       121, 65, 89, 110, 51, 179, 114, 216, 139, 191, 40, 38, 223, 236,
       149, 121, 176, 8, 236, 52, 188, 247, 173, 63, 92, 155, 223, 187,
       191, 24, 223, 249, 89, 59, 205, 198, 125, 25, 184, 103, 251, 146,
       207, 223, 117, 244, 194, 249, 80, 3, 252, 60, 188, 122, 169, 237,
       81, 218, 235, 187, 165, 24, 255, 255, 73, 59, 133, 247, 253, 16,
       42, 103, 250, 179, 219, 219, 117, 59, 194, 113, 70, 35, 248, 184,
       191, 112, 168, 237, 81, 215, 226, 95, 164, 56, 55, 247, 64, 59,
       163, 179, 236, 16, 27, 111, 178, 49, 219, 203, 116, 121, 224, 192,
       198, 107, 208, 184, 191, 116, 168, 108, 85, 151, 242, 243, 166,
       24, 247, 183, 64, 123, 163, 247, 124, 8, 57, 77, 179, 32, 217,
       235, 117, 56, 232, 96, 135, 59, 236, 188, 189, 122, 173, 253, 85,
       142, 219, 123, 164, 24, 182, 253, 73, 59, 201, 210, 248, 16, 59,
       111, 250, 51, 219, 219, 85, 123, 210, 89, 214, 106, 252, 122, 158,
       126, 43, 233, 19, 200, 179, 158, 165, 185, 79, 215, 99, 27, 134,
       241, 237, 114, 40, 71, 138, 58, 211, 211, 97, 63, 242, 113, 14,
       19, 220, 182, 252, 115, 170, 47, 113, 27, 179, 191, 167, 189, 95,
