%YAML:1.0
---
descriptors: !!opencv-matrix
   rows: 290
   cols: 32
   dt: u
   data: [ 125, 93, 125, 103, 176, 78, 79, 188, 96, 232, 191, 68, 83,
       119, 137, 114, 54, 214, 92, 106, 233, 176, 249, 46, 227, 239, 37,
       148, 104, 243, 194, 49, 93, 93, 123, 103, 180, 14, 79, 188, 97,
       234, 255, 68, 211, 119, 137, 112, 118, 214, 92, 106, 249, 144,
       121, 46, 227, 239, 37, 148, 104, 243, 192, 113, 29, 221, 57, 239,
       176, 47, 79, 188, 52, 232, 254, 100, 247, 119, 137, 112, 87, 222,
       29, 106, 249, 176, 121, 47, 235, 239, 39, 132, 40, 243, 224, 113,
       149, 189, 121, 239, 180, 47, 111, 191, 118, 234, 223, 112, 215,
       115, 152, 96, 119, 222, 29, 42, 251, 188, 233, 63, 236, 239, 39,
       196, 164, 251, 129, 33, 236, 48, 189, 99, 173, 109, 83, 152, 123,
       255, 165, 24, 222, 93, 73, 59, 145, 80, 124, 58, 163, 102, 251,
       18, 207, 219, 97, 124, 194, 123, 71, 115, 196, 236, 254, 255, 236,
       41, 255, 254, 190, 179, 183, 154, 253, 239, 93, 123, 255, 255,
       127, 139, 240, 231, 203, 243, 255, 191, 255, 188, 133, 249, 231,
       161, 236, 112, 189, 99, 40, 111, 83, 152, 123, 251, 167, 24, 215,
       87, 73, 59, 145, 212, 125, 122, 169, 102, 251, 32, 207, 219, 97,
       116, 202, 179, 70, 115, 236, 176, 189, 115, 173, 125, 83, 152,
       123, 127, 165, 24, 223, 93, 74, 59, 145, 16, 252, 58, 59, 100,
       251, 18, 207, 219, 81, 125, 194, 75, 70, 114, 230, 236, 246, 254,
       253, 187, 254, 239, 191, 179, 251, 26, 239, 251, 92, 75, 255, 255,
       255, 179, 254, 247, 203, 251, 191, 222, 223, 175, 215, 255, 227,
       135, 252, 46, 252, 118, 140, 105, 85, 255, 147, 182, 180, 24, 115,
       225, 67, 27, 9, 246, 108, 10, 120, 103, 202, 34, 91, 203, 117, 61,
       227, 248, 198, 42, 252, 188, 253, 118, 136, 109, 85, 191, 179,
       190, 164, 56, 115, 119, 72, 31, 5, 214, 109, 42, 120, 79, 250, 42,
       251, 203, 117, 60, 224, 240, 198, 123, 104, 189, 181, 254, 221,
       237, 85, 47, 223, 95, 172, 25, 190, 189, 68, 83, 201, 50, 249, 16,
       58, 107, 242, 183, 235, 223, 84, 123, 210, 76, 214, 250, 246, 237,
       246, 255, 252, 139, 238, 238, 191, 179, 250, 154, 207, 238, 125,
       71, 127, 255, 127, 243, 248, 239, 207, 255, 190, 254, 207, 222,
       149, 251, 227, 132, 166, 237, 246, 223, 252, 43, 238, 238, 191,
       187, 250, 26, 206, 235, 125, 79, 123, 239, 127, 243, 248, 243,
       203, 254, 190, 62, 207, 156, 151, 255, 227, 133, 246, 239, 230,
       254, 237, 47, 238, 255, 127, 187, 249, 90, 235, 235, 125, 91, 251,
       207, 127, 179, 248, 227, 203, 255, 190, 254, 247, 188, 215, 251,
       243, 129, 236, 166, 228, 255, 172, 63, 206, 255, 127, 187, 187,
       88, 235, 235, 93, 27, 217, 206, 110, 163, 250, 103, 235, 251, 191,
       219, 215, 254, 214, 251, 210, 3, 236, 244, 188, 247, 173, 63, 87,
       188, 255, 187, 183, 28, 223, 249, 93, 91, 223, 215, 255, 122, 234,
       103, 251, 178, 255, 251, 117, 254, 202, 251, 194, 51, 236, 182,
       148, 247, 172, 63, 94, 190, 255, 187, 189, 92, 239, 249, 93, 31,
       221, 199, 110, 58, 186, 103, 251, 191, 255, 223, 85, 126, 210,
       251, 194, 1, 244, 84, 157, 116, 168, 44, 85, 62, 160, 186, 166,
       56, 87, 55, 1, 91, 135, 212, 109, 42, 104, 69, 195, 2, 209, 171,
       117, 20, 96, 241, 70, 35, 220, 189, 188, 183, 188, 111, 126, 190,
       191, 251, 187, 16, 223, 255, 89, 123, 247, 215, 255, 51, 187, 229,
       219, 243, 253, 255, 255, 212, 166, 243, 161, 19, 64, 140, 157,
       255, 232, 205, 33, 183, 190, 17, 96, 24, 183, 243, 64, 81, 129,
       122, 106, 8, 51, 72, 219, 49, 205, 162, 84, 120, 144, 8, 129, 170,
       149, 229, 27, 99, 20, 79, 103, 248, 118, 160, 103, 0, 83, 81, 41,
       112, 57, 220, 10, 106, 105, 176, 57, 63, 233, 143, 5, 68, 32, 59,
       64, 32, 248, 48, 253, 112, 9, 252, 81, 19, 226, 87, 164, 24, 27,
       181, 202, 59, 1, 150, 252, 24, 59, 111, 242, 0, 219, 171, 112,
       121, 226, 192, 70, 114, 38, 229, 112, 207, 252, 11, 238, 236, 127,
       162, 249, 2, 202, 106, 28, 0, 123, 223, 127, 227, 216, 243, 201,
       255, 190, 190, 135, 148, 213, 123, 227, 128, 198, 236, 214, 191,
       252, 43, 126, 238, 63, 179, 251, 26, 207, 234, 25, 73, 255, 207,
       127, 195, 120, 255, 203, 255, 188, 246, 207, 204, 133, 251, 225,
       129, 134, 237, 246, 159, 236, 43, 254, 237, 127, 162, 251, 26,
       206, 234, 93, 67, 127, 239, 127, 227, 248, 247, 203, 238, 188, 62,
       207, 172, 229, 123, 225, 129, 236, 252, 180, 254, 189, 253, 86,
       183, 219, 186, 173, 24, 191, 249, 69, 91, 201, 226, 125, 26, 104,
       110, 250, 187, 255, 223, 213, 59, 210, 121, 210, 10, 220, 188,
       189, 240, 169, 237, 89, 27, 191, 255, 181, 28, 191, 255, 66, 59,
       133, 151, 125, 24, 187, 77, 251, 19, 219, 219, 117, 124, 194, 192,
       134, 115, 248, 180, 188, 112, 169, 253, 81, 159, 251, 127, 180,
       24, 191, 255, 78, 123, 133, 151, 253, 24, 186, 111, 242, 179, 219,
       251, 117, 123, 194, 72, 199, 123, 238, 188, 181, 250, 253, 253,
       93, 255, 223, 123, 182, 24, 251, 253, 118, 127, 201, 255, 255, 17,
       186, 111, 251, 183, 187, 223, 223, 122, 146, 76, 214, 238, 232,
       188, 188, 122, 173, 253, 81, 223, 255, 255, 180, 24, 191, 253, 70,
       59, 205, 250, 255, 24, 186, 111, 250, 179, 219, 251, 85, 123, 210,
       76, 198, 123, 204, 180, 189, 97, 169, 111, 113, 27, 123, 187, 39,
       24, 223, 55, 72, 59, 149, 20, 125, 56, 185, 116, 241, 2, 207, 219,
       117, 116, 194, 192, 199, 51, 204, 52, 189, 103, 32, 110, 115, 24,
       122, 186, 183, 24, 223, 119, 73, 123, 149, 85, 124, 58, 41, 212,
       249, 10, 199, 251, 97, 20, 192, 227, 71, 35, 210, 188, 246, 159,
       238, 169, 252, 239, 191, 211, 242, 186, 236, 254, 116, 75, 239,
       255, 255, 145, 242, 255, 203, 247, 158, 186, 223, 138, 133, 252,
       161, 201, 220, 92, 61, 231, 40, 78, 127, 184, 48, 170, 183, 40,
       215, 87, 129, 123, 150, 244, 125, 106, 233, 212, 249, 42, 215,
       235, 97, 148, 32, 179, 70, 51, 208, 221, 29, 231, 180, 14, 127,
       188, 36, 168, 246, 32, 247, 87, 137, 81, 54, 117, 125, 106, 104,
       153, 249, 44, 239, 233, 39, 144, 32, 178, 129, 57, 80, 157, 24,
       175, 180, 143, 127, 189, 44, 169, 222, 32, 247, 119, 136, 64, 118,
       255, 93, 234, 88, 184, 73, 61, 233, 229, 47, 212, 36, 242, 161,
       57, 221, 113, 149, 103, 160, 78, 71, 184, 97, 234, 39, 76, 211,
       49, 65, 51, 16, 84, 124, 106, 201, 240, 249, 40, 231, 249, 101,
       20, 106, 243, 66, 48, 205, 112, 149, 103, 169, 78, 71, 152, 97,
       250, 167, 8, 215, 81, 73, 59, 144, 84, 108, 106, 105, 228, 249,
       40, 231, 251, 101, 52, 74, 115, 66, 33, 232, 189, 189, 122, 169,
       237, 21, 175, 155, 127, 44, 24, 190, 189, 70, 59, 129, 82, 249,
       16, 114, 108, 250, 51, 239, 223, 84, 123, 210, 88, 199, 123, 204,
       52, 189, 115, 161, 110, 113, 25, 59, 255, 55, 24, 222, 119, 72,
       59, 151, 23, 125, 56, 179, 212, 249, 66, 207, 223, 117, 230, 194,
       97, 199, 115, 105, 253, 48, 83, 217, 221, 215, 190, 123, 113, 44,
       12, 190, 112, 70, 180, 129, 90, 192, 90, 247, 104, 251, 55, 111,
       223, 21, 123, 202, 21, 203, 254, 69, 79, 21, 103, 48, 14, 111, 48,
       100, 136, 123, 68, 211, 99, 145, 115, 52, 68, 108, 110, 225, 176,
       9, 14, 228, 174, 33, 0, 72, 179, 66, 33, 77, 52, 153, 69, 129,
       126, 53, 27, 57, 251, 47, 84, 158, 51, 64, 254, 133, 85, 120, 56,
       177, 216, 241, 66, 143, 255, 87, 70, 138, 96, 139, 51, 200, 188,
       189, 244, 169, 236, 21, 183, 187, 191, 12, 25, 188, 247, 64, 91,
       133, 119, 237, 16, 114, 76, 242, 115, 239, 247, 93, 123, 130, 112,
       135, 123, 244, 164, 188, 114, 168, 109, 85, 159, 178, 191, 165,
       24, 87, 247, 74, 27, 1, 214, 109, 24, 58, 71, 250, 18, 217, 195,
       117, 125, 192, 80, 134, 34, 45, 113, 16, 101, 17, 31, 70, 56, 105,
       224, 107, 8, 214, 17, 1, 176, 144, 12, 80, 106, 205, 176, 209, 12,
       167, 221, 1, 22, 74, 51, 74, 130, 252, 50, 255, 96, 162, 106, 65,
