%YAML:1.0
---
descriptors: !!opencv-matrix
   rows: 112
   cols: 32
   dt: u
   data: [ 68, 101, 120, 103, 48, 10, 111, 168, 32, 164, 111, 8, 215, 99,
       137, 80, 18, 220, 76, 106, 72, 176, 233, 46, 229, 173, 37, 4, 32,
       243, 70, 32, 84, 197, 142, 166, 157, 74, 71, 168, 52, 164, 239,
       11, 83, 99, 11, 82, 113, 198, 105, 226, 104, 211, 217, 46, 249,
       167, 197, 21, 32, 123, 228, 98, 177, 156, 157, 119, 180, 110, 101,
       183, 118, 235, 102, 80, 243, 115, 128, 121, 17, 126, 60, 24, 251,
       252, 121, 62, 237, 171, 117, 0, 232, 248, 192, 56, 125, 253, 61,
       102, 184, 110, 71, 188, 224, 234, 170, 8, 83, 117, 1, 51, 0, 214,
       124, 106, 105, 99, 249, 44, 251, 233, 101, 20, 104, 243, 194, 32,
       100, 85, 148, 111, 168, 14, 87, 184, 115, 170, 175, 8, 214, 115,
       73, 114, 145, 84, 108, 106, 105, 112, 217, 40, 237, 254, 101, 52,
       72, 251, 66, 34, 101, 101, 148, 103, 137, 78, 70, 168, 112, 162,
       169, 8, 210, 49, 73, 54, 144, 196, 104, 106, 105, 242, 217, 10,
       173, 190, 69, 54, 200, 123, 66, 34, 101, 117, 28, 103, 180, 15,
       103, 184, 120, 168, 111, 12, 215, 113, 27, 48, 144, 68, 124, 110,
       104, 176, 217, 14, 231, 255, 101, 20, 72, 251, 66, 50, 101, 103,
       156, 39, 52, 14, 71, 184, 114, 170, 175, 77, 215, 97, 91, 83, 149,
       196, 108, 110, 236, 240, 201, 42, 238, 255, 101, 52, 72, 243, 90,
       1, 245, 103, 140, 39, 172, 63, 78, 152, 82, 186, 155, 205, 211,
       104, 219, 11, 153, 196, 108, 111, 236, 116, 205, 42, 236, 195,
       229, 181, 236, 251, 216, 1, 69, 101, 49, 101, 48, 78, 111, 184,
       120, 160, 106, 8, 223, 55, 25, 48, 144, 92, 88, 106, 65, 176, 249,
       78, 229, 190, 1, 4, 64, 179, 67, 32, 209, 184, 151, 16, 137, 173,
       0, 135, 251, 91, 160, 92, 182, 242, 68, 255, 161, 39, 104, 29, 55,
       79, 146, 113, 152, 186, 86, 122, 200, 64, 131, 13, 188, 4, 122,
       101, 80, 111, 111, 121, 112, 162, 231, 24, 83, 23, 9, 49, 56, 156,
       64, 170, 40, 182, 49, 14, 243, 203, 1, 4, 99, 225, 102, 160, 124,
       253, 253, 102, 140, 76, 71, 188, 225, 240, 174, 8, 83, 117, 65,
       51, 8, 214, 108, 106, 73, 99, 250, 40, 243, 233, 101, 60, 96, 243,
       198, 34, 94, 117, 122, 167, 83, 94, 127, 248, 49, 228, 111, 143,
       77, 71, 11, 20, 54, 221, 209, 230, 68, 144, 189, 206, 247, 229,
       13, 7, 43, 183, 47, 210, 208, 168, 159, 116, 168, 236, 69, 167,
       178, 155, 162, 88, 247, 179, 64, 91, 161, 247, 108, 16, 57, 79,
       131, 33, 217, 163, 116, 88, 224, 96, 135, 41, 208, 168, 159, 112,
       136, 168, 64, 7, 166, 179, 162, 88, 183, 179, 64, 91, 129, 182,
       108, 16, 58, 77, 195, 17, 216, 162, 117, 80, 160, 64, 130, 10,
       124, 197, 138, 102, 145, 74, 71, 232, 48, 164, 239, 9, 83, 119,
       11, 80, 121, 220, 105, 226, 72, 147, 249, 46, 249, 167, 133, 21,
       33, 115, 102, 98, 129, 188, 157, 117, 160, 46, 101, 183, 118, 251,
       98, 84, 247, 51, 128, 123, 21, 126, 120, 24, 177, 220, 179, 34,
       205, 171, 117, 64, 232, 224, 195, 57, 252, 66, 132, 182, 44, 24,
       70, 168, 176, 178, 179, 249, 199, 98, 73, 219, 201, 196, 236, 98,
       108, 103, 203, 160, 144, 227, 101, 29, 96, 249, 74, 0, 252, 96,
       189, 114, 13, 109, 65, 136, 243, 182, 165, 24, 211, 213, 73, 59,
       137, 212, 108, 90, 42, 103, 251, 34, 219, 203, 85, 61, 226, 121,
       70, 98, 229, 164, 189, 67, 141, 109, 135, 136, 90, 243, 133, 24,
       210, 112, 93, 47, 145, 70, 120, 122, 179, 100, 251, 17, 13, 26,
       69, 124, 216, 123, 208, 36, 181, 132, 236, 117, 140, 55, 206, 191,
       82, 243, 132, 159, 83, 104, 95, 43, 89, 198, 48, 191, 189, 246,
       125, 30, 111, 79, 245, 20, 253, 249, 216, 212, 214, 94, 191, 188,
       138, 102, 29, 182, 182, 222, 146, 247, 245, 119, 3, 75, 167, 119,
       125, 135, 32, 205, 147, 42, 225, 163, 255, 144, 140, 113, 165, 91,
       69, 119, 28, 103, 48, 14, 103, 184, 124, 174, 111, 76, 215, 115,
       9, 80, 148, 68, 108, 110, 224, 176, 217, 14, 229, 191, 37, 4, 72,
       243, 67, 33, 131, 182, 172, 177, 186, 55, 152, 11, 30, 247, 145,
       183, 132, 46, 94, 11, 199, 7, 249, 181, 182, 76, 255, 214, 206,
       83, 219, 247, 140, 68, 157, 215, 108, 101, 17, 71, 85, 78, 102,
       40, 112, 160, 107, 8, 210, 115, 9, 180, 152, 220, 104, 106, 105,
       176, 217, 14, 165, 188, 5, 4, 74, 51, 66, 32, 173, 235, 21, 67,
       252, 95, 70, 184, 95, 120, 49, 72, 211, 82, 140, 245, 17, 76, 70,
       122, 243, 48, 105, 61, 44, 152, 37, 116, 90, 187, 194, 165, 165,
       4, 121, 109, 64, 110, 97, 56, 112, 202, 103, 24, 83, 87, 1, 57,
       24, 188, 84, 42, 41, 182, 113, 14, 71, 235, 96, 0, 104, 225, 66,
       162, 197, 60, 181, 19, 172, 110, 165, 154, 250, 251, 19, 124, 214,
       112, 221, 47, 133, 70, 124, 63, 177, 100, 255, 98, 13, 26, 117,
       118, 200, 121, 211, 117, 69, 113, 25, 97, 16, 78, 67, 40, 96, 160,
       35, 8, 214, 19, 9, 50, 144, 84, 72, 106, 73, 240, 217, 12, 229,
       184, 1, 4, 72, 51, 66, 34, 101, 117, 60, 103, 180, 15, 103, 184,
       120, 172, 111, 76, 214, 113, 9, 16, 148, 68, 108, 110, 192, 176,
       249, 14, 229, 191, 37, 4, 72, 251, 66, 35, 229, 240, 149, 3, 141,
       109, 70, 136, 75, 243, 129, 92, 214, 112, 93, 191, 145, 68, 120,
       127, 187, 100, 251, 16, 141, 26, 69, 126, 200, 123, 211, 52, 249,
       188, 149, 180, 173, 237, 68, 143, 219, 251, 160, 93, 255, 249, 64,
       155, 137, 230, 108, 16, 63, 111, 219, 178, 155, 219, 85, 62, 202,
       124, 202, 10, 181, 197, 46, 167, 156, 15, 207, 184, 208, 230, 139,
       13, 211, 105, 27, 3, 153, 68, 89, 111, 233, 225, 89, 46, 233, 171,
       237, 20, 76, 251, 82, 80, 213, 85, 29, 101, 168, 14, 71, 57, 224,
       232, 163, 76, 215, 115, 137, 115, 4, 196, 124, 110, 233, 225, 249,
       12, 225, 168, 101, 16, 104, 178, 194, 49, 241, 156, 223, 119, 176,
       110, 71, 183, 112, 203, 226, 80, 119, 119, 128, 121, 19, 246, 108,
       40, 57, 220, 185, 47, 233, 239, 117, 80, 232, 224, 194, 57, 35,
       233, 96, 94, 121, 209, 223, 228, 235, 0, 236, 8, 170, 254, 149,
       52, 200, 251, 86, 202, 74, 107, 250, 253, 35, 124, 134, 59, 83,
       151, 102, 174, 124, 115, 88, 101, 48, 15, 87, 56, 49, 172, 239,
       45, 215, 83, 139, 80, 150, 204, 77, 106, 72, 176, 201, 14, 230,
       205, 33, 20, 98, 163, 70, 35, 248, 188, 158, 112, 169, 237, 84,
       87, 179, 187, 164, 24, 63, 187, 64, 155, 161, 183, 236, 16, 59,
       111, 146, 19, 219, 219, 117, 121, 234, 64, 202, 27, 65, 125, 153,
       167, 48, 206, 47, 182, 40, 232, 74, 76, 182, 54, 1, 114, 132, 103,
       124, 79, 193, 216, 249, 46, 237, 183, 46, 144, 8, 115, 139, 123,
       246, 183, 236, 182, 170, 115, 22, 200, 147, 246, 157, 187, 71,
       236, 203, 27, 183, 215, 253, 243, 60, 67, 239, 162, 186, 99, 237,
       191, 165, 119, 158, 87, 180, 84, 63, 79, 152, 79, 135, 232, 244,
       226, 239, 0, 82, 116, 45, 37, 217, 84, 106, 106, 105, 247, 57, 62,
       105, 174, 69, 22, 73, 123, 102, 246, 253, 78, 156, 182, 168, 62,
       68, 191, 185, 254, 162, 93, 207, 98, 67, 219, 129, 231, 236, 46,
       109, 103, 203, 34, 242, 243, 117, 29, 72, 245, 202, 81, 21, 81,
       46, 39, 20, 14, 103, 184, 100, 228, 195, 5, 215, 113, 27, 67, 176,
       68, 104, 111, 201, 241, 25, 12, 241, 171, 101, 20, 104, 51, 113,
       82, 245, 69, 47, 167, 156, 78, 71, 184, 240, 242, 131, 13, 215,
       113, 27, 3, 145, 100, 121, 111, 105, 225, 89, 44, 233, 171, 101,
       20, 104, 123, 80, 114, 72, 176, 19, 114, 9, 220, 16, 7, 171, 53,
       33, 24, 174, 150, 64, 178, 128, 55, 232, 0, 23, 73, 178, 17, 129,
       240, 24, 59, 2, 0, 135, 110, 231, 109, 129, 211, 205, 37, 207,
       143, 82, 242, 129, 88, 208, 243, 81, 47, 89, 78, 115, 222, 105,
       86, 251, 162, 61, 26, 207, 60, 128, 121, 210, 164, 229, 84, 221,
       119, 34, 42, 102, 152, 122, 250, 115, 96, 247, 115, 137, 123, 151,
       93, 44, 98, 161, 244, 203, 40, 132, 170, 97, 132, 248, 243, 1, 1,
       249, 172, 254, 112, 173, 253, 81, 199, 251, 87, 164, 25, 43, 188,
