%YAML:1.0
---
descriptors: !!opencv-matrix
   rows: 154
   cols: 32
   dt: u
   data: [ 231, 244, 161, 67, 236, 45, 206, 152, 11, 251, 49, 93, 210,
       124, 92, 26, 157, 70, 117, 127, 146, 116, 219, 98, 13, 30, 197,
       116, 200, 123, 210, 50, 255, 38, 140, 179, 173, 62, 76, 154, 186,
       255, 135, 93, 207, 232, 91, 203, 133, 71, 237, 23, 188, 69, 251,
       162, 202, 211, 253, 253, 138, 125, 24, 85, 240, 184, 157, 242,
       168, 237, 85, 223, 178, 123, 160, 121, 183, 247, 64, 27, 133, 247,
       125, 16, 59, 79, 218, 51, 217, 195, 117, 252, 224, 64, 134, 123,
       227, 180, 181, 83, 172, 109, 180, 159, 223, 123, 19, 121, 180, 57,
       220, 43, 135, 23, 127, 17, 179, 124, 203, 243, 13, 26, 117, 246,
       204, 72, 209, 63, 240, 180, 253, 112, 168, 237, 88, 223, 251, 59,
       160, 25, 63, 223, 68, 59, 135, 147, 125, 16, 170, 111, 242, 19,
       219, 219, 85, 126, 192, 192, 198, 123, 221, 20, 189, 245, 172,
       110, 125, 27, 60, 251, 183, 112, 223, 55, 136, 123, 167, 23, 125,
       56, 185, 197, 243, 130, 197, 251, 123, 148, 128, 224, 129, 113,
       116, 4, 221, 230, 139, 98, 71, 168, 50, 182, 175, 136, 83, 119,
       73, 91, 17, 212, 233, 162, 40, 67, 251, 10, 249, 231, 197, 61,
       160, 115, 6, 98, 201, 148, 189, 117, 172, 108, 125, 159, 251, 251,
       182, 88, 159, 55, 64, 123, 135, 86, 125, 24, 185, 237, 243, 34,
       207, 251, 116, 84, 200, 208, 195, 59, 178, 207, 216, 191, 148,
       141, 79, 175, 31, 7, 200, 19, 167, 107, 49, 64, 217, 251, 15, 67,
       122, 168, 75, 191, 173, 182, 150, 90, 180, 89, 208, 10, 200, 188,
       189, 243, 169, 236, 29, 151, 187, 127, 158, 56, 191, 191, 64, 123,
       135, 87, 125, 17, 179, 77, 251, 243, 201, 219, 126, 254, 128, 64,
       135, 123, 133, 108, 157, 179, 236, 43, 173, 156, 30, 178, 19, 120,
       213, 227, 201, 43, 27, 108, 106, 62, 33, 244, 203, 34, 140, 130,
       127, 36, 140, 249, 17, 160, 205, 188, 181, 85, 173, 62, 165, 191,
       250, 251, 150, 92, 222, 112, 221, 175, 129, 70, 120, 13, 177, 237,
       247, 226, 13, 58, 85, 86, 202, 124, 211, 36, 239, 188, 180, 254,
       237, 173, 92, 159, 223, 251, 181, 24, 250, 249, 92, 59, 201, 226,
       127, 24, 187, 111, 218, 243, 207, 223, 85, 126, 218, 89, 210, 2,
       236, 188, 191, 122, 173, 253, 85, 223, 255, 251, 165, 24, 254,
       253, 105, 59, 129, 115, 253, 19, 187, 103, 250, 179, 219, 219, 85,
       127, 210, 120, 199, 50, 204, 188, 189, 114, 169, 253, 85, 190,
       251, 251, 164, 24, 254, 255, 73, 59, 133, 115, 253, 18, 187, 109,
       250, 115, 203, 219, 85, 123, 194, 81, 199, 59, 254, 53, 150, 246,
       205, 118, 84, 202, 243, 155, 163, 27, 74, 251, 109, 219, 249, 246,
       233, 178, 44, 99, 154, 226, 155, 247, 213, 31, 139, 117, 126, 2,
       77, 69, 197, 39, 48, 90, 111, 184, 120, 226, 79, 128, 223, 103,
       219, 118, 18, 196, 124, 110, 73, 208, 253, 14, 236, 255, 69, 4,
       34, 183, 65, 96, 220, 116, 213, 231, 3, 78, 127, 56, 49, 166, 167,
       136, 207, 103, 9, 255, 54, 213, 237, 234, 41, 212, 185, 202, 247,
       243, 69, 4, 162, 243, 38, 112, 252, 84, 150, 246, 141, 100, 84,
       206, 179, 155, 163, 25, 66, 255, 73, 219, 201, 214, 237, 146, 56,
       103, 219, 162, 147, 243, 213, 31, 163, 121, 254, 2, 248, 190, 156,
       48, 168, 185, 88, 87, 163, 59, 176, 253, 47, 163, 194, 155, 135,
       167, 237, 4, 190, 79, 194, 33, 218, 195, 116, 251, 170, 196, 138,
       11, 13, 118, 157, 243, 180, 47, 103, 158, 126, 187, 31, 112, 215,
       115, 201, 42, 23, 78, 124, 58, 177, 208, 105, 42, 236, 143, 117,
       228, 136, 251, 129, 33, 133, 22, 133, 131, 140, 47, 163, 152, 94,
       242, 131, 94, 210, 112, 207, 175, 57, 68, 106, 62, 161, 244, 125,
       210, 132, 10, 67, 22, 202, 127, 81, 244, 214, 122, 206, 180, 42,
       24, 28, 192, 168, 146, 130, 237, 111, 202, 67, 219, 166, 229, 237,
       230, 108, 71, 134, 40, 210, 227, 111, 155, 44, 245, 43, 27, 245,
       100, 220, 231, 172, 42, 95, 152, 59, 178, 163, 29, 215, 123, 89,
       27, 147, 197, 125, 126, 40, 84, 217, 66, 218, 218, 69, 54, 236,
       243, 66, 2, 221, 172, 156, 119, 184, 46, 84, 159, 178, 187, 174,
       92, 223, 243, 75, 91, 135, 198, 108, 28, 56, 77, 219, 34, 251,
       239, 117, 20, 170, 240, 203, 11, 208, 188, 157, 242, 168, 237, 85,
       159, 178, 59, 164, 24, 183, 247, 64, 59, 133, 243, 125, 24, 59,
       79, 250, 51, 217, 195, 117, 120, 160, 64, 135, 123, 248, 188, 253,
       126, 168, 237, 69, 190, 179, 191, 164, 24, 119, 247, 72, 59, 1,
       246, 108, 24, 122, 79, 250, 51, 219, 235, 117, 120, 224, 208, 198,
       107, 77, 117, 29, 103, 177, 79, 119, 184, 123, 234, 111, 8, 222,
       119, 13, 48, 145, 84, 108, 106, 97, 240, 249, 62, 231, 255, 5, 6,
       74, 115, 67, 35, 252, 190, 188, 178, 169, 237, 89, 158, 187, 255,
       164, 189, 191, 247, 75, 27, 135, 247, 253, 20, 187, 79, 250, 51,
       219, 251, 117, 252, 138, 213, 134, 115, 240, 168, 254, 120, 136,
       237, 81, 87, 178, 23, 164, 24, 51, 183, 66, 27, 1, 178, 109, 24,
       58, 79, 146, 51, 219, 235, 112, 121, 224, 192, 198, 42, 240, 168,
       157, 112, 168, 237, 73, 71, 187, 55, 160, 24, 151, 191, 64, 59,
       129, 183, 125, 24, 58, 111, 242, 19, 217, 218, 85, 124, 192, 64,
       199, 42, 197, 188, 149, 23, 141, 109, 129, 143, 251, 251, 130, 92,
       214, 48, 93, 175, 129, 70, 120, 29, 179, 109, 251, 34, 141, 26,
       85, 118, 200, 120, 211, 62, 252, 188, 191, 126, 169, 253, 85, 222,
       255, 219, 164, 24, 254, 255, 107, 59, 133, 243, 253, 18, 59, 111,
       186, 179, 219, 219, 85, 63, 210, 121, 199, 123, 180, 108, 127,
       239, 36, 11, 111, 248, 52, 162, 247, 18, 215, 91, 153, 81, 122,
       252, 95, 234, 232, 245, 73, 46, 245, 235, 227, 148, 101, 187, 119,
       161, 200, 188, 189, 243, 168, 108, 125, 151, 187, 59, 182, 24,
       159, 55, 64, 123, 133, 87, 125, 24, 187, 109, 243, 34, 207, 251,
       118, 84, 128, 208, 131, 59, 108, 99, 57, 101, 48, 15, 103, 188,
       120, 172, 110, 72, 215, 99, 137, 48, 144, 92, 100, 110, 64, 176,
       233, 14, 231, 253, 37, 20, 64, 179, 70, 97, 211, 188, 151, 180,
       168, 172, 12, 23, 187, 91, 128, 93, 166, 182, 68, 159, 167, 39,
       124, 21, 191, 79, 146, 99, 152, 178, 94, 250, 136, 68, 131, 29,
       119, 229, 236, 66, 203, 83, 223, 232, 66, 180, 173, 11, 80, 120,
       95, 50, 153, 213, 121, 243, 76, 99, 253, 24, 123, 15, 205, 125,
       229, 123, 86, 198, 197, 166, 140, 187, 232, 48, 108, 139, 114, 95,
       81, 245, 193, 234, 218, 91, 211, 79, 174, 149, 62, 70, 207, 66,
       140, 35, 255, 237, 148, 193, 173, 197, 108, 49, 185, 101, 113, 95,
       115, 56, 107, 172, 111, 8, 222, 115, 9, 180, 144, 92, 96, 106, 1,
       240, 249, 12, 231, 253, 1, 52, 74, 50, 70, 34, 181, 127, 78, 167,
       142, 27, 134, 236, 148, 246, 178, 255, 67, 104, 143, 131, 110,
       197, 204, 231, 237, 229, 93, 174, 176, 195, 205, 21, 109, 125,
       152, 84, 77, 68, 133, 135, 143, 63, 167, 136, 126, 242, 143, 30,
       218, 112, 95, 175, 57, 196, 122, 126, 165, 245, 253, 194, 157, 14,
       71, 22, 202, 127, 81, 116, 252, 44, 204, 181, 139, 105, 84, 143,
       179, 183, 130, 153, 195, 173, 67, 27, 9, 215, 237, 145, 60, 79,
       223, 2, 218, 195, 221, 61, 164, 116, 158, 90, 77, 101, 69, 39, 49,
       90, 111, 40, 121, 228, 111, 128, 223, 103, 155, 246, 18, 196, 124,
       110, 72, 208, 237, 142, 167, 255, 5, 5, 34, 183, 78, 100, 207,
       247, 165, 27, 189, 28, 77, 159, 127, 127, 77, 212, 202, 98, 222,
       239, 209, 78, 44, 28, 255, 92, 255, 243, 172, 94, 159, 236, 138,
       214, 217, 252, 221, 172, 156, 118, 168, 44, 84, 183, 178, 179,
       166, 24, 247, 243, 64, 91, 33, 230, 108, 28, 56, 77, 219, 34, 219,
       235, 117, 20, 160, 240, 202, 10, 112, 168, 222, 120, 138, 233, 80,
       87, 162, 23, 164, 25, 55, 179, 66, 27, 129, 178, 237, 16, 26, 75,
       130, 49, 219, 163, 112, 121, 224, 192, 142, 10, 248, 188, 252,
       118, 168, 236, 85, 191, 179, 191, 164, 56, 119, 247, 72, 27, 3,
