%YAML:1.0
---
descriptors: !!opencv-matrix
   rows: 330
   cols: 32
   dt: u
   data: [ 252, 52, 189, 115, 41, 111, 81, 152, 251, 251, 167, 24, 223,
       87, 73, 59, 145, 212, 124, 58, 43, 103, 251, 2, 219, 219, 97, 124,
       226, 251, 70, 115, 108, 225, 185, 99, 137, 109, 87, 136, 107, 191,
       165, 24, 210, 117, 73, 58, 145, 86, 104, 122, 26, 98, 251, 49,
       239, 219, 69, 127, 192, 115, 198, 98, 88, 176, 188, 250, 41, 253,
       81, 87, 251, 95, 181, 24, 190, 191, 98, 59, 141, 179, 255, 16, 58,
       111, 242, 209, 219, 219, 80, 123, 210, 4, 15, 219, 248, 180, 190,
       248, 173, 237, 81, 87, 255, 127, 180, 24, 191, 189, 118, 27, 201,
       179, 255, 16, 186, 111, 242, 147, 219, 223, 86, 123, 210, 200,
       214, 123, 232, 188, 188, 248, 173, 237, 81, 83, 255, 127, 180, 29,
       191, 191, 66, 27, 141, 179, 255, 24, 186, 111, 242, 147, 219, 219,
       80, 123, 210, 72, 198, 91, 232, 188, 188, 248, 237, 189, 84, 223,
       159, 59, 188, 25, 174, 189, 84, 91, 205, 246, 255, 17, 186, 111,
       242, 147, 223, 219, 85, 123, 210, 72, 214, 187, 120, 170, 254,
       248, 138, 225, 81, 87, 163, 23, 164, 185, 55, 151, 98, 90, 99,
       179, 237, 16, 26, 79, 162, 19, 219, 199, 112, 121, 176, 192, 166,
       106, 216, 176, 191, 248, 138, 228, 81, 23, 162, 23, 134, 24, 55,
       151, 64, 91, 37, 183, 109, 144, 58, 79, 178, 17, 217, 227, 112,
       121, 176, 192, 132, 106, 208, 24, 159, 116, 168, 108, 65, 23, 176,
       91, 162, 24, 247, 55, 0, 123, 3, 246, 124, 8, 57, 77, 179, 0, 217,
       163, 116, 72, 160, 224, 164, 59, 36, 225, 57, 75, 24, 77, 87, 184,
       66, 52, 45, 8, 242, 85, 9, 48, 17, 80, 64, 106, 74, 32, 251, 21,
       101, 137, 1, 125, 80, 27, 70, 226, 133, 93, 31, 103, 48, 14, 111,
       184, 116, 232, 127, 100, 247, 115, 153, 112, 54, 108, 60, 110,
       225, 208, 125, 46, 228, 175, 39, 128, 40, 179, 1, 49, 221, 149,
       57, 239, 176, 111, 79, 189, 52, 232, 255, 96, 215, 119, 136, 112,
       22, 214, 29, 106, 249, 144, 121, 63, 233, 239, 39, 212, 32, 243,
       128, 49, 78, 197, 246, 191, 252, 43, 254, 236, 127, 162, 251, 10,
       239, 106, 29, 65, 255, 239, 127, 227, 232, 243, 201, 239, 190,
       255, 239, 128, 197, 251, 225, 129, 148, 149, 25, 231, 180, 47, 79,
       184, 52, 170, 251, 112, 215, 119, 136, 112, 55, 223, 29, 122, 249,
       144, 105, 62, 233, 237, 39, 196, 160, 243, 129, 49, 253, 89, 189,
       102, 40, 78, 71, 184, 225, 250, 167, 8, 87, 87, 9, 123, 20, 212,
       124, 106, 201, 67, 251, 40, 243, 233, 101, 60, 96, 179, 70, 51,
       221, 70, 200, 87, 180, 58, 78, 152, 115, 170, 230, 20, 67, 97,
       159, 254, 113, 204, 44, 190, 172, 212, 237, 42, 134, 239, 165, 5,
       235, 245, 104, 4, 20, 188, 153, 231, 180, 46, 111, 184, 54, 170,
       219, 112, 215, 119, 137, 96, 119, 95, 61, 122, 185, 148, 201, 58,
       237, 239, 39, 132, 164, 243, 129, 49, 104, 180, 188, 250, 237,
       253, 81, 15, 207, 63, 173, 24, 190, 253, 74, 58, 129, 26, 255, 16,
       26, 104, 250, 145, 207, 223, 80, 127, 210, 72, 198, 234, 102, 170,
       189, 94, 234, 96, 17, 207, 170, 191, 164, 57, 100, 231, 70, 91,
       131, 119, 105, 16, 18, 79, 170, 113, 219, 178, 125, 255, 128, 96,
       135, 99, 120, 184, 253, 112, 168, 253, 81, 215, 226, 255, 164, 24,
       51, 151, 66, 59, 135, 182, 124, 16, 26, 111, 242, 17, 219, 203,
       117, 121, 224, 128, 198, 123, 228, 188, 156, 218, 204, 237, 69,
       142, 218, 51, 164, 24, 182, 243, 72, 123, 129, 82, 106, 24, 51,
       111, 218, 51, 221, 146, 85, 124, 216, 89, 199, 170, 244, 50, 149,
       114, 168, 45, 65, 154, 175, 191, 163, 88, 214, 243, 73, 31, 133,
       215, 108, 16, 58, 101, 219, 32, 153, 146, 85, 126, 192, 81, 130,
       35, 224, 254, 156, 60, 168, 168, 20, 167, 155, 187, 188, 253, 230,
       233, 66, 27, 133, 119, 236, 0, 124, 111, 202, 43, 234, 247, 117,
       59, 200, 120, 138, 27, 112, 32, 255, 112, 138, 249, 81, 206, 243,
       183, 164, 24, 35, 252, 68, 59, 169, 247, 236, 16, 62, 107, 234,
       49, 219, 195, 85, 123, 225, 72, 198, 102, 77, 112, 189, 103, 129,
       78, 55, 152, 121, 234, 103, 8, 222, 119, 9, 58, 145, 93, 120, 98,
       65, 212, 249, 74, 239, 255, 69, 6, 202, 115, 3, 51, 204, 164, 189,
       97, 131, 107, 49, 7, 59, 183, 39, 24, 206, 55, 72, 27, 147, 23,
       233, 48, 50, 84, 249, 2, 207, 211, 85, 119, 194, 64, 135, 98, 197,
       116, 153, 103, 161, 110, 119, 176, 121, 234, 103, 8, 222, 49, 73,
       59, 178, 84, 104, 106, 97, 244, 185, 74, 231, 255, 69, 6, 200,
       115, 67, 35, 88, 174, 156, 112, 170, 169, 81, 215, 179, 191, 164,
       185, 55, 231, 66, 26, 39, 247, 109, 144, 58, 79, 138, 35, 219,
       195, 117, 121, 224, 192, 134, 123, 105, 180, 184, 97, 229, 62,
       117, 159, 123, 251, 46, 24, 159, 61, 94, 186, 133, 70, 248, 28,
       146, 120, 249, 130, 239, 223, 85, 118, 194, 212, 203, 106, 205,
       52, 189, 117, 161, 126, 117, 23, 121, 251, 39, 16, 158, 55, 66,
       123, 133, 70, 120, 28, 177, 216, 241, 66, 207, 255, 84, 64, 130,
       225, 195, 96, 45, 113, 17, 65, 49, 94, 66, 24, 105, 232, 45, 8,
       218, 23, 77, 180, 144, 92, 68, 122, 73, 176, 249, 12, 39, 221, 1,
       54, 74, 179, 74, 180, 248, 50, 255, 112, 162, 107, 65, 87, 224,
       182, 164, 56, 19, 151, 193, 59, 47, 180, 68, 24, 56, 207, 160, 0,
       89, 137, 113, 52, 225, 224, 70, 227, 205, 116, 148, 103, 225, 95,
       55, 184, 121, 234, 47, 8, 222, 112, 73, 182, 145, 84, 112, 106,
       229, 244, 249, 106, 239, 223, 69, 6, 74, 115, 75, 182, 240, 174,
       220, 114, 168, 173, 85, 223, 179, 191, 164, 29, 55, 227, 66, 27,
       1, 242, 109, 24, 58, 79, 218, 49, 219, 203, 117, 121, 224, 208,
       206, 11, 77, 85, 156, 71, 161, 30, 119, 184, 123, 170, 111, 68,
       222, 115, 9, 115, 149, 84, 124, 106, 225, 208, 249, 74, 239, 255,
       69, 6, 138, 115, 128, 35, 77, 85, 16, 71, 49, 30, 118, 184, 125,
       168, 111, 68, 222, 51, 9, 244, 212, 85, 56, 106, 65, 144, 89, 78,
       231, 255, 7, 6, 10, 51, 9, 51, 100, 99, 57, 69, 112, 15, 103, 56,
       104, 172, 111, 72, 211, 1, 137, 52, 144, 84, 68, 106, 192, 240,
       233, 12, 101, 156, 37, 4, 64, 179, 70, 33, 248, 180, 247, 82, 169,
       253, 81, 223, 179, 63, 164, 56, 110, 247, 72, 191, 39, 214, 236,
       24, 58, 111, 186, 115, 155, 219, 85, 127, 226, 208, 198, 107, 229,
       67, 69, 71, 164, 10, 102, 188, 96, 160, 115, 200, 243, 96, 153,
       183, 18, 198, 108, 110, 233, 240, 205, 44, 36, 170, 101, 20, 108,
       179, 210, 32, 133, 174, 205, 155, 236, 169, 109, 143, 254, 51, 96,
       208, 181, 226, 216, 75, 67, 106, 106, 28, 51, 252, 207, 51, 204,
       130, 119, 100, 156, 216, 193, 168, 236, 48, 189, 99, 161, 111, 51,
       136, 123, 187, 37, 24, 214, 125, 73, 59, 145, 84, 104, 114, 49,
       116, 249, 32, 207, 219, 65, 119, 192, 107, 71, 35, 244, 12, 157,
       244, 138, 96, 69, 191, 178, 183, 166, 152, 87, 231, 65, 91, 97,
       246, 109, 138, 56, 79, 235, 34, 217, 163, 245, 28, 160, 240, 134,
       106, 77, 112, 153, 101, 1, 78, 103, 24, 104, 234, 35, 72, 214, 49,
       73, 58, 144, 84, 104, 122, 65, 240, 241, 8, 141, 185, 101, 2, 200,
       115, 67, 51, 125, 85, 125, 103, 176, 14, 71, 184, 96, 232, 191,
       76, 83, 113, 137, 51, 20, 196, 124, 110, 233, 161, 253, 14, 224,
       239, 101, 148, 106, 243, 66, 49, 120, 170, 250, 120, 138, 233, 81,
       87, 163, 23, 164, 57, 55, 167, 66, 27, 43, 178, 237, 16, 58, 107,
       162, 49, 219, 195, 112, 121, 224, 192, 134, 107, 37, 117, 17, 71,
       117, 95, 102, 184, 111, 232, 43, 72, 214, 80, 77, 180, 144, 92,
       82, 106, 193, 240, 121, 12, 45, 156, 5, 54, 72, 59, 67, 180, 36,
       225, 49, 67, 93, 79, 71, 184, 106, 112, 41, 8, 210, 85, 73, 52,
       145, 92, 64, 106, 67, 48, 249, 21, 109, 156, 5, 116, 82, 59, 70,
       160, 125, 85, 125, 102, 48, 78, 79, 184, 96, 232, 191, 72, 115,
       119, 137, 115, 20, 212, 124, 106, 233, 161, 249, 46, 243, 239,
       101, 20, 104, 243, 98, 49, 253, 113, 253, 103, 40, 78, 71, 56, 97,
