%YAML:1.0
---
descriptors: !!opencv-matrix
   rows: 262
   cols: 32
   dt: u
   data: [ 253, 113, 253, 102, 108, 78, 71, 184, 225, 250, 183, 72, 83,
       85, 201, 51, 20, 212, 124, 106, 201, 99, 249, 40, 243, 233, 101,
       60, 99, 243, 70, 115, 125, 93, 63, 102, 184, 78, 79, 188, 97, 232,
       191, 72, 87, 119, 129, 114, 22, 244, 124, 106, 201, 131, 121, 46,
       243, 233, 101, 148, 32, 243, 70, 113, 44, 52, 189, 115, 173, 109,
       81, 154, 91, 255, 181, 24, 222, 95, 73, 58, 153, 216, 253, 26, 58,
       102, 251, 18, 207, 223, 81, 127, 210, 73, 70, 227, 88, 70, 157,
       116, 40, 44, 85, 190, 160, 186, 166, 56, 247, 55, 129, 91, 135,
       215, 109, 42, 104, 101, 195, 8, 209, 235, 117, 24, 96, 240, 70,
       43, 96, 181, 145, 120, 157, 77, 85, 143, 123, 51, 168, 24, 246,
       51, 76, 114, 129, 147, 104, 16, 27, 104, 219, 19, 169, 190, 21,
       126, 208, 72, 198, 42, 220, 189, 156, 183, 172, 47, 126, 191, 191,
       187, 183, 56, 255, 255, 73, 91, 247, 215, 255, 179, 122, 229, 203,
       179, 255, 251, 255, 148, 166, 249, 161, 3, 69, 71, 148, 39, 160,
       58, 110, 136, 121, 166, 107, 192, 207, 98, 219, 218, 18, 68, 108,
       126, 20, 240, 141, 10, 172, 255, 103, 4, 128, 243, 203, 4, 64,
       165, 157, 217, 216, 237, 33, 175, 46, 49, 40, 24, 182, 51, 72, 82,
       129, 18, 106, 24, 19, 72, 211, 113, 205, 150, 20, 124, 144, 72,
       135, 42, 77, 119, 57, 103, 240, 78, 55, 188, 57, 232, 127, 108,
       222, 119, 137, 52, 148, 93, 213, 98, 193, 208, 249, 110, 239, 255,
       37, 134, 74, 51, 135, 241, 230, 237, 214, 159, 252, 43, 238, 236,
       63, 162, 251, 26, 207, 234, 13, 65, 123, 239, 127, 226, 112, 247,
       203, 255, 190, 254, 207, 12, 149, 251, 225, 128, 182, 237, 150,
       191, 221, 47, 238, 237, 63, 162, 251, 26, 206, 234, 61, 81, 249,
       207, 127, 227, 120, 247, 217, 255, 189, 254, 207, 52, 193, 123,
       227, 130, 220, 144, 189, 247, 172, 108, 121, 152, 190, 187, 151,
       56, 223, 255, 72, 91, 199, 85, 125, 26, 56, 101, 219, 128, 203,
       251, 119, 220, 160, 233, 5, 115, 232, 252, 188, 255, 141, 253, 86,
       150, 219, 187, 164, 24, 190, 249, 65, 59, 201, 242, 253, 18, 58,
       110, 250, 179, 239, 219, 85, 59, 210, 89, 214, 10, 242, 172, 150,
       154, 137, 237, 20, 239, 159, 183, 160, 25, 38, 240, 108, 159, 201,
       243, 232, 17, 62, 79, 218, 49, 185, 18, 93, 127, 208, 92, 174, 14,
       20, 181, 185, 114, 155, 237, 17, 207, 178, 17, 173, 24, 158, 247,
       72, 56, 161, 155, 72, 16, 19, 107, 186, 119, 217, 133, 21, 111,
       192, 65, 167, 162, 216, 180, 189, 240, 169, 237, 89, 31, 191, 187,
       182, 24, 191, 255, 64, 59, 135, 151, 125, 24, 187, 79, 250, 81,
       219, 251, 117, 255, 194, 192, 134, 123, 248, 188, 189, 120, 173,
       253, 81, 159, 251, 59, 180, 24, 191, 191, 64, 59, 133, 247, 253,
       24, 187, 111, 242, 179, 219, 251, 117, 121, 194, 72, 199, 59, 232,
       188, 180, 250, 173, 253, 85, 255, 255, 251, 180, 24, 191, 249, 68,
       59, 205, 242, 255, 24, 187, 111, 250, 179, 219, 219, 85, 122, 210,
       220, 214, 43, 232, 180, 188, 113, 169, 111, 85, 159, 123, 59, 166,
       24, 159, 55, 72, 59, 133, 22, 125, 24, 58, 124, 241, 18, 239, 219,
       116, 117, 194, 192, 198, 51, 220, 216, 29, 231, 40, 78, 95, 184,
       52, 170, 247, 40, 215, 87, 137, 83, 54, 213, 125, 106, 104, 213,
       249, 46, 247, 235, 103, 148, 32, 179, 69, 51, 204, 84, 189, 231,
       32, 110, 123, 24, 57, 238, 247, 48, 223, 119, 9, 123, 215, 213,
       125, 106, 161, 244, 249, 42, 199, 251, 97, 148, 128, 243, 7, 115,
       60, 81, 122, 228, 21, 87, 82, 120, 69, 164, 255, 11, 91, 25, 59,
       192, 120, 156, 151, 106, 76, 179, 121, 156, 243, 205, 129, 53,
       115, 175, 124, 66, 105, 189, 176, 83, 221, 221, 215, 158, 123,
       115, 44, 28, 190, 48, 70, 180, 129, 90, 208, 90, 247, 108, 250,
       51, 111, 223, 21, 123, 218, 85, 203, 254, 197, 38, 133, 183, 172,
       46, 78, 158, 251, 250, 155, 93, 230, 104, 217, 11, 145, 102, 108,
       127, 173, 69, 207, 34, 136, 50, 125, 180, 136, 123, 83, 13, 240,
       186, 223, 116, 138, 224, 81, 23, 178, 151, 164, 56, 55, 167, 64,
       91, 39, 246, 109, 152, 58, 79, 162, 35, 217, 163, 116, 120, 160,
       192, 166, 106, 248, 184, 221, 114, 136, 237, 81, 218, 178, 191,
       164, 24, 23, 247, 64, 27, 33, 246, 108, 24, 42, 71, 186, 50, 217,
       203, 117, 56, 224, 192, 70, 99, 77, 113, 17, 101, 49, 79, 114, 24,
       105, 224, 111, 8, 214, 16, 65, 48, 144, 92, 80, 106, 197, 176,
       209, 14, 167, 221, 1, 22, 74, 51, 67, 182, 156, 50, 255, 96, 162,
       107, 97, 89, 240, 190, 167, 56, 83, 23, 193, 59, 62, 156, 68, 56,
       40, 215, 160, 2, 91, 201, 97, 100, 225, 160, 102, 225, 244, 46,
       140, 182, 168, 40, 93, 159, 162, 183, 134, 185, 215, 227, 75, 91,
       67, 199, 237, 132, 60, 71, 203, 32, 218, 163, 253, 189, 164, 241,
       158, 66, 248, 188, 220, 114, 169, 173, 80, 223, 178, 187, 164, 29,
       63, 243, 66, 27, 129, 163, 237, 16, 58, 79, 218, 49, 219, 195,
       117, 121, 234, 192, 202, 10, 108, 180, 189, 99, 189, 125, 81, 154,
       127, 63, 173, 24, 223, 125, 72, 56, 153, 154, 254, 24, 58, 98,
       123, 147, 207, 223, 17, 127, 210, 75, 70, 114, 246, 100, 246, 223,
       252, 171, 238, 238, 191, 162, 251, 26, 238, 234, 29, 69, 251, 239,
       127, 163, 224, 231, 203, 255, 180, 254, 207, 158, 21, 121, 227,
       132, 104, 253, 181, 252, 141, 205, 84, 103, 223, 3, 172, 24, 174,
       191, 36, 51, 200, 178, 251, 0, 106, 107, 242, 191, 251, 255, 212,
       59, 82, 88, 214, 42, 252, 253, 252, 246, 189, 31, 86, 252, 255,
       187, 183, 24, 223, 251, 76, 51, 157, 215, 125, 122, 250, 103, 251,
       179, 251, 255, 101, 124, 194, 251, 194, 3, 98, 125, 150, 188, 221,
       197, 86, 226, 223, 194, 168, 8, 190, 187, 101, 112, 201, 251, 123,
       66, 105, 107, 210, 255, 187, 254, 215, 59, 218, 121, 114, 10, 120,
       27, 153, 244, 168, 44, 84, 23, 162, 155, 186, 120, 255, 183, 65,
       90, 135, 247, 237, 0, 24, 67, 194, 32, 211, 239, 116, 152, 224,
       240, 131, 43, 55, 229, 130, 207, 221, 71, 238, 232, 63, 226, 233,
       10, 90, 250, 61, 80, 249, 205, 123, 227, 105, 227, 219, 254, 191,
       190, 135, 62, 217, 123, 242, 130, 92, 252, 156, 247, 172, 46, 126,
       190, 191, 186, 191, 24, 223, 251, 73, 91, 215, 215, 253, 58, 120,
       69, 203, 182, 255, 255, 119, 150, 162, 243, 131, 3, 100, 181, 145,
       115, 221, 109, 84, 171, 123, 59, 169, 88, 222, 121, 76, 188, 145,
       23, 104, 16, 59, 106, 219, 147, 141, 222, 21, 126, 218, 74, 194,
       34, 23, 231, 118, 135, 223, 15, 254, 248, 127, 160, 251, 78, 207,
       234, 61, 64, 127, 205, 95, 239, 224, 243, 89, 254, 189, 254, 143,
       52, 101, 123, 241, 128, 64, 169, 29, 251, 200, 205, 33, 175, 174,
       49, 32, 24, 182, 179, 64, 83, 129, 58, 106, 24, 19, 72, 211, 53,
       205, 162, 112, 120, 16, 0, 135, 170, 100, 105, 27, 94, 205, 197,
       135, 226, 202, 0, 232, 8, 182, 243, 37, 48, 200, 123, 66, 67, 67,
       107, 250, 125, 49, 190, 22, 56, 80, 57, 102, 170, 69, 231, 16, 35,
       180, 14, 102, 184, 122, 184, 59, 76, 199, 96, 219, 144, 145, 76,
       108, 126, 198, 112, 201, 54, 172, 156, 37, 100, 200, 179, 75, 5,
       21, 197, 27, 119, 21, 207, 103, 224, 118, 224, 235, 0, 83, 241,
       41, 96, 89, 108, 2, 106, 9, 176, 57, 62, 233, 142, 5, 4, 120, 123,
       112, 32, 30, 231, 118, 175, 254, 11, 254, 248, 127, 162, 251, 202,
       207, 106, 61, 64, 254, 205, 127, 227, 224, 179, 77, 254, 188, 255,
       239, 148, 101, 251, 113, 129, 141, 117, 57, 103, 112, 14, 63, 188,
       61, 168, 127, 96, 222, 119, 137, 52, 150, 93, 85, 106, 225, 144,
       105, 78, 103, 223, 37, 134, 66, 178, 131, 177, 249, 176, 188, 112,
       141, 253, 81, 23, 226, 87, 164, 24, 63, 181, 66, 59, 129, 50, 248,
       24, 26, 107, 178, 17, 219, 201, 80, 121, 226, 64, 198, 106, 230,
       237, 246, 223, 252, 171, 254, 238, 191, 179, 250, 18, 236, 234,
       125, 75, 127, 239, 127, 243, 242, 247, 207, 255, 188, 62, 223,
