%YAML:1.0
---
descriptors: !!opencv-matrix
   rows: 365
   cols: 32
   dt: u
   data: [ 93, 20, 253, 231, 44, 46, 123, 24, 60, 250, 183, 112, 223,
       127, 153, 123, 247, 213, 125, 111, 169, 213, 235, 170, 192, 251,
       107, 148, 172, 251, 1, 33, 221, 53, 188, 241, 172, 44, 125, 31,
       235, 251, 183, 24, 223, 115, 202, 123, 135, 214, 124, 56, 185,
       101, 227, 0, 207, 251, 119, 212, 130, 224, 195, 99, 77, 180, 189,
       225, 168, 110, 89, 29, 59, 249, 159, 124, 223, 127, 72, 122, 151,
       23, 253, 49, 155, 66, 251, 0, 203, 223, 127, 252, 136, 194, 135,
       115, 194, 188, 246, 159, 238, 43, 252, 207, 63, 187, 242, 58, 236,
       254, 52, 91, 255, 255, 255, 131, 176, 255, 203, 255, 190, 58, 223,
       174, 149, 248, 241, 139, 120, 253, 182, 252, 157, 221, 87, 230,
       223, 132, 236, 8, 174, 249, 37, 80, 201, 243, 235, 64, 72, 107,
       242, 252, 251, 247, 71, 59, 210, 124, 246, 106, 130, 172, 246,
       159, 254, 43, 252, 255, 63, 179, 250, 26, 111, 235, 52, 89, 123,
       239, 127, 145, 176, 255, 143, 255, 190, 254, 223, 204, 151, 236,
       243, 137, 120, 181, 188, 254, 141, 221, 85, 175, 223, 23, 172, 24,
       174, 253, 10, 18, 201, 154, 233, 0, 26, 107, 242, 179, 203, 255,
       84, 123, 210, 72, 198, 106, 108, 176, 188, 113, 141, 127, 81, 155,
       111, 63, 165, 24, 223, 61, 72, 58, 153, 16, 233, 24, 26, 102, 251,
       17, 207, 219, 81, 127, 210, 73, 198, 114, 84, 84, 29, 231, 56, 78,
       79, 184, 36, 234, 159, 104, 215, 119, 137, 114, 22, 212, 125, 106,
       233, 144, 249, 46, 233, 239, 37, 148, 32, 243, 4, 115, 236, 241,
       189, 103, 40, 78, 87, 184, 33, 170, 183, 8, 215, 119, 73, 51, 148,
       212, 125, 106, 105, 224, 249, 40, 231, 249, 101, 52, 64, 243, 70,
       51, 77, 84, 61, 103, 48, 78, 103, 56, 100, 234, 127, 68, 215, 119,
       137, 112, 150, 68, 28, 106, 225, 148, 121, 14, 229, 239, 33, 132,
       8, 243, 65, 49, 221, 223, 189, 247, 168, 14, 31, 188, 126, 250,
       179, 80, 247, 115, 9, 115, 151, 119, 124, 110, 225, 197, 203, 42,
       233, 235, 103, 148, 8, 115, 129, 33, 221, 116, 189, 246, 168, 110,
       87, 152, 178, 250, 163, 92, 215, 119, 73, 123, 149, 213, 125, 106,
       41, 69, 251, 42, 217, 227, 103, 52, 160, 115, 7, 51, 100, 116,
       181, 119, 136, 110, 69, 152, 114, 251, 175, 24, 215, 115, 73, 59,
       145, 86, 124, 58, 49, 100, 251, 34, 203, 255, 117, 116, 192, 115,
       198, 98, 108, 197, 57, 103, 148, 79, 71, 184, 117, 100, 239, 8,
       211, 117, 27, 112, 88, 212, 123, 106, 40, 176, 249, 46, 239, 255,
       5, 85, 226, 187, 86, 98, 120, 180, 187, 120, 155, 233, 81, 71,
       235, 21, 172, 24, 54, 183, 64, 48, 129, 26, 65, 24, 26, 107, 242,
       23, 219, 221, 16, 123, 194, 64, 198, 107, 253, 113, 221, 68, 172,
       14, 71, 156, 113, 250, 166, 76, 83, 113, 201, 59, 16, 196, 124,
       106, 233, 101, 251, 10, 211, 235, 101, 20, 106, 243, 66, 32, 201,
       112, 159, 117, 32, 78, 97, 16, 172, 216, 103, 68, 215, 55, 1, 123,
       162, 116, 124, 74, 1, 196, 179, 0, 197, 251, 112, 0, 10, 161, 1,
       51, 249, 184, 255, 112, 171, 252, 81, 87, 243, 91, 180, 56, 59,
       183, 198, 63, 163, 182, 236, 24, 63, 111, 178, 49, 219, 219, 117,
       123, 235, 192, 238, 127, 68, 113, 49, 101, 17, 78, 103, 56, 104,
       160, 99, 8, 214, 87, 1, 180, 16, 84, 72, 106, 65, 240, 249, 12,
       229, 184, 1, 4, 74, 51, 70, 32, 249, 186, 190, 176, 234, 188, 88,
       151, 163, 223, 180, 185, 63, 183, 66, 59, 167, 183, 253, 20, 190,
       79, 130, 49, 219, 195, 117, 249, 162, 196, 142, 91, 240, 190, 181,
       122, 169, 173, 80, 223, 151, 59, 176, 125, 38, 253, 96, 27, 205,
       178, 239, 16, 58, 111, 74, 177, 219, 218, 117, 250, 242, 204, 198,
       91, 101, 97, 144, 69, 129, 30, 102, 0, 104, 226, 42, 8, 214, 48,
       69, 178, 144, 68, 96, 106, 197, 240, 209, 8, 45, 186, 69, 2, 72,
       115, 75, 6, 120, 184, 253, 112, 136, 236, 81, 151, 163, 53, 164,
       28, 51, 135, 66, 27, 1, 182, 109, 24, 26, 75, 242, 17, 219, 233,
       116, 121, 224, 192, 198, 122, 69, 120, 17, 69, 17, 75, 34, 0, 104,
       224, 34, 8, 214, 21, 69, 182, 144, 84, 64, 106, 65, 240, 185, 12,
       45, 152, 5, 7, 72, 51, 67, 34, 226, 160, 196, 80, 105, 153, 97,
       75, 171, 53, 164, 153, 3, 129, 198, 159, 11, 130, 234, 24, 26,
       111, 198, 81, 30, 208, 80, 127, 231, 140, 198, 166, 252, 44, 252,
       116, 136, 45, 85, 219, 163, 190, 164, 25, 83, 231, 65, 27, 9, 214,
       109, 10, 40, 71, 250, 0, 219, 203, 117, 61, 227, 240, 70, 122, 96,
       181, 157, 218, 157, 237, 67, 140, 79, 49, 169, 24, 246, 113, 76,
       50, 129, 210, 106, 16, 27, 106, 219, 51, 189, 150, 21, 126, 216,
       74, 198, 34, 20, 108, 27, 103, 20, 70, 98, 248, 116, 160, 234, 0,
       83, 211, 41, 112, 120, 252, 40, 234, 8, 176, 25, 46, 235, 237,
       165, 4, 96, 179, 96, 162, 196, 205, 125, 103, 168, 74, 95, 184,
       52, 162, 175, 8, 215, 119, 9, 115, 18, 212, 109, 106, 104, 208,
       105, 46, 231, 235, 101, 20, 96, 243, 68, 32, 224, 148, 149, 241,
       137, 109, 65, 143, 175, 51, 162, 24, 214, 51, 76, 123, 129, 150,
       104, 16, 59, 109, 219, 21, 137, 178, 85, 126, 208, 72, 196, 42,
       224, 140, 157, 255, 232, 237, 37, 175, 158, 19, 32, 24, 182, 179,
       64, 123, 129, 114, 106, 8, 114, 108, 218, 55, 237, 178, 86, 120,
       144, 88, 135, 170, 112, 133, 125, 103, 150, 111, 71, 191, 100,
       164, 170, 8, 83, 115, 8, 112, 48, 214, 76, 104, 56, 168, 121, 63,
       251, 239, 37, 20, 112, 250, 196, 34, 44, 67, 80, 39, 53, 15, 70,
       184, 5, 172, 243, 205, 203, 73, 9, 144, 152, 196, 198, 110, 76,
       176, 73, 140, 230, 253, 37, 181, 66, 191, 90, 1, 204, 117, 120,
       103, 114, 74, 63, 184, 57, 228, 111, 169, 223, 103, 139, 16, 22,
       93, 205, 110, 96, 144, 233, 110, 231, 255, 37, 132, 66, 179, 7,
       113, 109, 117, 49, 103, 117, 31, 118, 184, 121, 234, 127, 105,
       222, 121, 157, 180, 148, 76, 124, 110, 228, 240, 249, 142, 231,
       255, 37, 22, 66, 247, 66, 103, 97, 113, 91, 69, 80, 74, 99, 48,
       96, 64, 111, 8, 114, 23, 133, 48, 16, 252, 64, 106, 65, 176, 241,
       76, 103, 172, 32, 0, 105, 163, 66, 176, 137, 174, 207, 59, 132,
       171, 101, 191, 118, 19, 70, 212, 179, 227, 224, 107, 97, 110, 42,
       28, 51, 220, 111, 51, 236, 231, 119, 64, 186, 208, 224, 168, 129,
       170, 157, 153, 236, 169, 105, 199, 238, 19, 98, 208, 181, 162,
       240, 107, 3, 42, 106, 28, 51, 92, 199, 113, 76, 130, 118, 96, 144,
       192, 129, 168, 129, 174, 159, 153, 236, 169, 169, 199, 238, 19,
       112, 208, 181, 226, 240, 75, 99, 34, 74, 28, 51, 109, 134, 113,
       140, 130, 126, 104, 152, 200, 161, 168, 166, 221, 22, 190, 249,
       205, 22, 224, 159, 142, 233, 41, 230, 242, 37, 148, 200, 123, 226,
       66, 110, 43, 90, 63, 185, 150, 5, 59, 80, 123, 14, 134, 129, 142,
       207, 121, 164, 170, 109, 151, 118, 147, 98, 244, 243, 227, 208,
       105, 19, 110, 46, 28, 51, 252, 7, 51, 204, 171, 118, 64, 168, 192,
       193, 168, 108, 164, 185, 106, 217, 77, 67, 168, 19, 181, 165, 24,
       210, 119, 72, 50, 217, 208, 80, 42, 58, 98, 251, 19, 235, 223, 5,
       125, 210, 35, 198, 226, 1, 142, 207, 91, 160, 170, 101, 159, 118,
       3, 106, 212, 243, 97, 144, 121, 19, 110, 36, 28, 59, 252, 109, 63,
       76, 174, 116, 64, 236, 208, 208, 40, 108, 176, 188, 67, 225, 111,
       49, 9, 123, 191, 39, 24, 206, 53, 72, 58, 145, 28, 232, 50, 18,
       112, 249, 18, 207, 215, 69, 119, 194, 67, 199, 35, 244, 236, 188,
       114, 136, 109, 85, 151, 178, 183, 164, 24, 23, 247, 75, 27, 1,
       214, 109, 18, 58, 79, 218, 34, 219, 131, 117, 121, 224, 241, 134,
       34, 201, 248, 188, 242, 173, 157, 85, 190, 235, 123, 180, 24, 191,
       191, 66, 59, 133, 87, 125, 24, 186, 109, 251, 113, 219, 219, 117,
       126, 194, 81, 195, 107, 236, 172, 180, 251, 173, 173, 92, 159,
       255, 187, 177, 24, 238, 249, 92, 27, 137, 99, 127, 16, 186, 109,
       218, 179, 207, 219, 87, 126, 210, 77, 210, 3, 248, 237, 182, 252,
