%YAML:1.0
---
descriptors: !!opencv-matrix
   rows: 203
   cols: 32
   dt: u
   data: [ 100, 165, 189, 99, 137, 109, 87, 141, 50, 119, 173, 24, 214,
       119, 72, 59, 145, 82, 120, 122, 58, 96, 251, 51, 239, 223, 85,
       127, 192, 91, 198, 98, 108, 125, 57, 103, 189, 79, 71, 184, 121,
       236, 44, 8, 214, 117, 1, 48, 153, 92, 88, 106, 73, 240, 249, 46,
       237, 223, 5, 52, 64, 59, 214, 242, 120, 180, 189, 112, 137, 237,
       81, 95, 226, 61, 172, 24, 54, 183, 64, 58, 129, 146, 104, 16, 26,
       107, 242, 17, 219, 207, 80, 121, 224, 64, 198, 106, 145, 134, 205,
       53, 144, 42, 102, 47, 116, 163, 98, 208, 243, 33, 144, 80, 51,
       206, 40, 44, 121, 252, 69, 15, 172, 166, 53, 4, 236, 224, 208, 8,
       108, 69, 57, 111, 29, 79, 71, 168, 86, 236, 173, 8, 210, 85, 9,
       48, 216, 220, 122, 106, 73, 50, 121, 60, 231, 217, 133, 52, 82,
       59, 86, 114, 208, 80, 157, 117, 40, 110, 65, 18, 160, 251, 166,
       56, 247, 55, 65, 123, 3, 116, 124, 8, 41, 69, 243, 0, 193, 171,
       117, 16, 224, 241, 6, 59, 69, 125, 145, 69, 225, 14, 102, 184,
       120, 234, 106, 76, 222, 51, 1, 182, 148, 76, 120, 106, 193, 240,
       217, 42, 165, 190, 69, 0, 74, 243, 74, 161, 13, 215, 17, 103, 176,
       46, 111, 188, 116, 202, 122, 100, 247, 115, 137, 112, 55, 78, 60,
       110, 225, 144, 121, 47, 228, 174, 39, 132, 104, 242, 129, 57, 249,
       188, 222, 178, 168, 172, 92, 183, 179, 95, 180, 185, 63, 247, 194,
       27, 135, 247, 253, 20, 62, 79, 234, 35, 218, 235, 117, 249, 160,
       196, 138, 91, 249, 189, 247, 114, 169, 253, 85, 223, 243, 123,
       180, 56, 59, 253, 198, 63, 35, 214, 252, 24, 191, 111, 250, 179,
       219, 219, 116, 251, 235, 192, 198, 127, 93, 69, 93, 103, 22, 78,
       71, 184, 100, 160, 235, 64, 211, 113, 9, 112, 50, 212, 92, 106,
       233, 176, 93, 46, 239, 239, 37, 20, 97, 179, 64, 32, 252, 76, 125,
       118, 168, 46, 85, 184, 224, 186, 167, 56, 87, 119, 129, 123, 135,
       245, 109, 106, 104, 71, 203, 44, 211, 235, 117, 28, 96, 241, 198,
       35, 148, 204, 94, 103, 146, 74, 79, 174, 52, 162, 174, 16, 243,
       99, 0, 81, 51, 247, 77, 170, 104, 205, 89, 47, 233, 239, 101, 21,
       32, 240, 132, 42, 69, 121, 21, 101, 1, 78, 102, 56, 96, 224, 98,
       72, 214, 19, 1, 50, 144, 84, 104, 106, 65, 176, 209, 12, 165, 186,
       1, 0, 72, 50, 67, 32, 96, 245, 21, 121, 157, 77, 84, 175, 95, 51,
       40, 24, 182, 51, 76, 112, 129, 23, 104, 0, 91, 104, 219, 151, 175,
       222, 21, 126, 80, 88, 196, 42, 69, 245, 157, 103, 145, 15, 119,
       184, 122, 224, 43, 76, 214, 113, 73, 50, 149, 68, 104, 110, 225,
       240, 217, 15, 237, 158, 69, 20, 72, 115, 67, 35, 192, 140, 157,
       255, 136, 237, 21, 135, 182, 23, 104, 24, 247, 243, 64, 91, 129,
       122, 104, 24, 50, 76, 218, 51, 205, 167, 117, 120, 144, 80, 135,
       42, 20, 197, 121, 103, 20, 79, 71, 184, 118, 160, 171, 10, 83,
       115, 9, 112, 49, 212, 72, 106, 104, 176, 121, 30, 249, 143, 5, 20,
       113, 187, 64, 34, 220, 48, 189, 112, 136, 124, 81, 18, 162, 183,
       167, 24, 151, 55, 65, 59, 133, 212, 236, 16, 57, 101, 187, 0, 219,
       195, 85, 125, 224, 113, 70, 114, 126, 173, 155, 126, 153, 116, 87,
       184, 179, 183, 173, 24, 111, 247, 74, 214, 17, 246, 237, 10, 58,
       67, 186, 163, 251, 247, 85, 127, 162, 231, 142, 98, 76, 101, 248,
       101, 178, 74, 127, 184, 57, 164, 111, 137, 223, 55, 203, 18, 22,
       93, 253, 110, 64, 208, 249, 78, 231, 253, 37, 132, 98, 179, 7, 96,
       77, 245, 157, 99, 133, 111, 71, 152, 122, 250, 47, 8, 215, 113,
       73, 58, 145, 68, 120, 122, 49, 112, 249, 2, 237, 223, 101, 116,
       200, 123, 195, 34, 104, 160, 49, 65, 105, 205, 97, 16, 235, 53,
       160, 8, 146, 151, 68, 58, 128, 156, 72, 24, 27, 106, 242, 17, 5,
       152, 16, 124, 66, 0, 70, 170, 252, 42, 255, 112, 138, 232, 81, 82,
       162, 151, 165, 152, 55, 199, 64, 27, 39, 178, 109, 152, 26, 79,
       162, 17, 217, 193, 112, 120, 224, 192, 38, 98, 208, 152, 157, 252,
       136, 110, 69, 55, 160, 18, 166, 112, 87, 55, 0, 123, 1, 246, 124,
       42, 121, 73, 179, 1, 211, 235, 112, 24, 40, 240, 132, 56, 37, 103,
       192, 7, 244, 27, 230, 188, 96, 172, 123, 200, 195, 96, 159, 148,
       24, 76, 70, 110, 204, 240, 205, 44, 44, 158, 37, 4, 70, 251, 90,
       132, 252, 170, 252, 114, 168, 169, 81, 222, 178, 63, 164, 185, 55,
       231, 74, 27, 39, 214, 109, 24, 58, 79, 234, 33, 219, 195, 117,
       125, 224, 209, 198, 107, 212, 34, 251, 100, 2, 106, 65, 80, 160,
       166, 164, 40, 19, 151, 65, 59, 38, 244, 68, 32, 9, 231, 160, 8,
       209, 161, 97, 32, 97, 161, 38, 34, 248, 174, 252, 112, 170, 233,
       81, 95, 179, 55, 164, 57, 51, 161, 66, 27, 11, 178, 108, 16, 58,
       111, 202, 51, 219, 203, 117, 121, 243, 200, 198, 43, 120, 170,
       252, 112, 170, 233, 81, 23, 194, 55, 180, 56, 23, 1, 64, 59, 3,
       146, 204, 16, 26, 111, 98, 17, 219, 193, 112, 121, 240, 200, 198,
       43, 5, 125, 20, 69, 116, 30, 230, 48, 120, 136, 123, 68, 222, 112,
       21, 181, 148, 108, 86, 110, 225, 176, 81, 78, 37, 190, 33, 0, 74,
       178, 75, 133, 37, 117, 16, 69, 117, 31, 230, 48, 124, 232, 43, 76,
       214, 80, 85, 180, 144, 76, 80, 110, 229, 244, 89, 14, 45, 158, 5,
       36, 74, 187, 90, 132, 37, 241, 17, 65, 213, 95, 102, 184, 106,
       240, 43, 72, 214, 80, 77, 180, 145, 92, 80, 122, 65, 48, 249, 20,
       45, 156, 5, 118, 202, 59, 66, 180, 120, 174, 150, 242, 169, 173,
       92, 214, 179, 59, 160, 89, 191, 255, 64, 27, 135, 247, 125, 12,
       190, 79, 202, 49, 219, 251, 125, 249, 162, 212, 131, 3, 248, 176,
       255, 112, 40, 236, 81, 87, 179, 253, 164, 60, 55, 151, 64, 27, 39,
       182, 109, 24, 11, 79, 178, 1, 219, 195, 112, 120, 226, 128, 6,
       123, 252, 44, 252, 118, 136, 109, 85, 223, 179, 183, 165, 25, 51,
       247, 73, 27, 1, 214, 237, 24, 58, 79, 218, 34, 219, 203, 117, 61,
       226, 240, 198, 42, 213, 70, 200, 87, 20, 62, 70, 156, 113, 174,
       247, 18, 67, 96, 159, 254, 113, 196, 108, 174, 172, 244, 237, 42,
       178, 239, 181, 5, 235, 241, 120, 68, 77, 158, 92, 107, 176, 63,
       87, 188, 86, 43, 63, 124, 215, 97, 138, 113, 23, 70, 76, 126, 190,
       176, 109, 63, 238, 207, 37, 116, 250, 251, 200, 1, 120, 176, 253,
       114, 168, 237, 81, 157, 227, 255, 165, 24, 59, 247, 72, 58, 129,
       214, 124, 24, 26, 99, 250, 49, 219, 235, 117, 125, 224, 192, 198,
       115, 221, 46, 156, 180, 168, 60, 92, 154, 250, 187, 167, 89, 207,
       227, 203, 219, 167, 199, 108, 28, 60, 69, 203, 34, 218, 235, 119,
       189, 160, 241, 139, 1, 205, 182, 148, 51, 169, 61, 68, 191, 251,
       59, 169, 92, 206, 114, 72, 158, 133, 71, 108, 21, 190, 104, 219,
       51, 173, 222, 85, 126, 202, 84, 139, 13, 226, 186, 190, 220, 234,
       164, 17, 207, 170, 191, 164, 185, 4, 231, 70, 27, 135, 119, 233,
       16, 50, 79, 170, 113, 91, 18, 95, 255, 128, 64, 135, 75, 100, 180,
       157, 250, 172, 237, 69, 143, 219, 59, 168, 88, 150, 243, 72, 59,
       137, 210, 104, 16, 59, 111, 218, 115, 185, 150, 85, 126, 216, 88,
       198, 42, 125, 69, 93, 103, 148, 78, 71, 184, 96, 160, 235, 8, 83,
       113, 25, 115, 48, 212, 104, 106, 105, 177, 89, 12, 245, 239, 69,
       20, 97, 179, 64, 32, 69, 253, 148, 19, 253, 173, 230, 188, 126,
       251, 43, 76, 242, 112, 95, 166, 129, 70, 122, 94, 247, 104, 219,
       51, 45, 30, 85, 100, 200, 123, 217, 140, 216, 76, 92, 246, 154,
       106, 92, 174, 180, 178, 166, 24, 247, 99, 1, 91, 35, 247, 109,
       170, 104, 205, 75, 47, 249, 227, 101, 17, 32, 241, 142, 10, 96,
       181, 145, 107, 185, 109, 84, 173, 127, 57, 41, 88, 214, 51, 76,
       244, 145, 30, 104, 48, 27, 120, 219, 23, 175, 222, 21, 118, 210,
       74, 194, 47, 100, 105, 27, 126, 93, 196, 135, 224, 224, 128, 233,
       8, 246, 209, 33, 48, 200, 120, 74, 74, 65, 227, 218, 44, 53, 180,
       7, 24, 64, 51, 103, 162, 244, 172, 253, 118, 185, 244, 87, 142,
       179, 255, 173, 56, 115, 255, 77, 58, 129, 247, 237, 16, 62, 67,
