%YAML:1.0
---
descriptors: !!opencv-matrix
   rows: 262
   cols: 32
   dt: u
   data: [ 253, 113, 253, 102, 44, 78, 71, 184, 97, 250, 183, 72, 87, 85,
       201, 59, 20, 212, 124, 106, 233, 103, 249, 40, 243, 201, 101, 52,
       107, 179, 70, 113, 29, 223, 59, 239, 176, 15, 79, 191, 52, 200,
       254, 100, 247, 119, 137, 112, 86, 222, 29, 106, 249, 144, 121, 63,
       233, 239, 39, 128, 40, 243, 161, 49, 93, 93, 127, 239, 176, 78,
       79, 188, 96, 232, 191, 76, 215, 119, 137, 115, 54, 212, 124, 106,
       233, 129, 121, 46, 243, 237, 37, 148, 104, 243, 192, 49, 149, 253,
       59, 235, 180, 174, 111, 191, 54, 171, 95, 112, 247, 119, 152, 96,
       119, 94, 29, 58, 251, 152, 105, 63, 236, 239, 39, 196, 164, 251,
       129, 161, 172, 52, 189, 115, 173, 125, 81, 154, 91, 191, 165, 24,
       222, 125, 75, 59, 153, 24, 253, 16, 58, 102, 251, 18, 203, 219,
       81, 127, 210, 73, 70, 115, 197, 140, 249, 251, 164, 47, 239, 159,
       62, 163, 127, 80, 245, 243, 216, 104, 127, 95, 63, 155, 178, 220,
       235, 51, 237, 175, 191, 196, 164, 241, 161, 169, 214, 164, 254,
       255, 236, 45, 254, 255, 191, 186, 243, 26, 255, 251, 93, 91, 251,
       255, 127, 163, 250, 119, 203, 235, 255, 155, 255, 188, 165, 249,
       225, 163, 236, 180, 189, 115, 173, 253, 81, 155, 123, 63, 173, 24,
       222, 253, 72, 59, 153, 18, 237, 16, 58, 100, 251, 19, 207, 223,
       81, 127, 210, 73, 198, 114, 252, 188, 253, 118, 152, 107, 85, 190,
       178, 191, 165, 24, 115, 39, 64, 27, 1, 214, 109, 58, 56, 79, 250,
       40, 217, 203, 117, 60, 224, 224, 198, 123, 247, 237, 246, 191,
       253, 155, 254, 236, 191, 242, 250, 10, 239, 234, 62, 198, 255,
       239, 255, 227, 236, 235, 203, 255, 190, 254, 207, 159, 149, 127,
       227, 205, 102, 237, 246, 223, 253, 155, 254, 236, 191, 179, 250,
       26, 238, 234, 188, 100, 255, 255, 127, 243, 248, 251, 235, 255,
       190, 254, 207, 190, 151, 255, 227, 133, 232, 252, 181, 252, 157,
       237, 85, 230, 223, 210, 168, 8, 190, 191, 37, 115, 201, 242, 251,
       64, 107, 111, 242, 191, 187, 255, 214, 59, 82, 88, 246, 42, 238,
       236, 228, 255, 237, 45, 110, 185, 255, 186, 187, 26, 255, 235, 93,
       59, 217, 231, 127, 34, 234, 103, 203, 251, 255, 255, 231, 188,
       214, 255, 210, 131, 238, 236, 188, 255, 173, 63, 94, 184, 255,
       187, 181, 24, 255, 249, 93, 27, 217, 199, 127, 107, 234, 103, 235,
       247, 255, 219, 229, 254, 214, 251, 82, 3, 96, 184, 156, 250, 140,
       205, 81, 143, 142, 25, 160, 24, 182, 211, 72, 82, 129, 18, 106,
       16, 26, 107, 218, 53, 221, 146, 85, 125, 216, 8, 199, 42, 252,
       189, 252, 247, 168, 63, 95, 188, 59, 186, 191, 56, 223, 255, 201,
       123, 183, 215, 253, 122, 248, 99, 251, 178, 251, 255, 103, 252,
       194, 243, 194, 51, 220, 124, 158, 247, 172, 46, 127, 190, 191,
       186, 191, 24, 255, 255, 73, 91, 247, 247, 125, 186, 56, 69, 219,
       254, 255, 255, 127, 156, 162, 243, 131, 51, 96, 165, 177, 120,
       141, 237, 84, 143, 251, 51, 168, 24, 182, 183, 76, 114, 129, 151,
       104, 16, 27, 108, 219, 19, 171, 222, 21, 126, 208, 72, 198, 42,
       220, 220, 156, 183, 172, 47, 126, 191, 191, 186, 183, 24, 255,
       251, 89, 91, 247, 215, 125, 171, 122, 229, 203, 187, 255, 251,
       255, 148, 132, 249, 161, 11, 252, 116, 253, 100, 143, 75, 23, 72,
       64, 166, 165, 8, 83, 49, 65, 59, 25, 212, 224, 98, 104, 103, 249,
       8, 249, 131, 69, 61, 97, 123, 70, 34, 69, 39, 144, 39, 160, 58,
       110, 136, 121, 174, 59, 64, 199, 98, 217, 250, 147, 68, 108, 126,
       148, 240, 205, 66, 172, 252, 103, 68, 192, 243, 235, 5, 69, 245,
       180, 71, 149, 12, 230, 184, 110, 241, 43, 76, 254, 112, 88, 182,
       145, 70, 104, 94, 199, 112, 219, 55, 45, 190, 5, 102, 72, 19, 195,
       14, 248, 184, 191, 112, 136, 252, 81, 3, 226, 87, 164, 24, 58,
       149, 66, 59, 1, 178, 232, 24, 43, 111, 178, 17, 211, 139, 80, 121,
       224, 64, 198, 114, 231, 237, 246, 191, 252, 43, 238, 238, 191,
       242, 251, 147, 237, 238, 95, 107, 127, 239, 127, 231, 244, 247,
       207, 255, 188, 122, 207, 132, 149, 255, 241, 212, 101, 53, 17, 69,
       85, 15, 102, 184, 121, 232, 42, 76, 214, 16, 5, 52, 144, 68, 80,
       106, 193, 240, 249, 14, 37, 156, 5, 54, 72, 51, 67, 37, 131, 152,
       187, 249, 53, 228, 49, 23, 159, 89, 86, 116, 188, 159, 96, 104,
       229, 59, 63, 16, 147, 28, 50, 211, 207, 253, 186, 202, 152, 8,
       177, 59, 101, 99, 16, 69, 116, 14, 102, 56, 104, 168, 107, 76,
       214, 0, 153, 240, 148, 76, 68, 110, 193, 176, 217, 12, 37, 188,
       33, 4, 72, 179, 75, 1, 230, 236, 214, 159, 252, 43, 238, 236, 61,
       162, 250, 26, 238, 234, 29, 69, 251, 207, 127, 227, 112, 247, 203,
       239, 188, 190, 207, 142, 133, 123, 241, 132, 135, 86, 239, 197,
       166, 118, 191, 56, 92, 206, 87, 230, 217, 127, 191, 111, 118, 84,
       63, 238, 225, 148, 45, 202, 71, 123, 235, 132, 15, 243, 53, 245,
       182, 237, 182, 183, 221, 47, 254, 237, 127, 162, 251, 26, 207,
       234, 61, 81, 253, 239, 127, 247, 248, 247, 217, 254, 189, 254,
       207, 52, 193, 123, 225, 128, 60, 106, 123, 97, 66, 75, 99, 80, 96,
       132, 101, 8, 19, 23, 129, 57, 58, 252, 68, 122, 8, 246, 160, 40,
       67, 137, 33, 0, 97, 179, 70, 160, 236, 252, 180, 254, 141, 253,
       86, 182, 223, 186, 164, 24, 191, 249, 65, 59, 201, 242, 255, 90,
       106, 110, 250, 187, 239, 219, 85, 59, 210, 89, 210, 10, 28, 181,
       187, 114, 155, 237, 17, 207, 178, 17, 173, 24, 30, 247, 72, 56,
       161, 155, 200, 16, 19, 107, 186, 119, 217, 197, 21, 111, 192, 65,
       167, 162, 88, 180, 188, 240, 169, 237, 89, 31, 175, 155, 180, 56,
       191, 255, 64, 59, 135, 151, 125, 24, 154, 79, 242, 81, 219, 219,
       117, 251, 194, 192, 198, 123, 248, 185, 191, 120, 169, 253, 89,
       215, 235, 123, 180, 24, 191, 191, 64, 59, 133, 183, 253, 16, 186,
       107, 242, 177, 219, 251, 117, 121, 194, 72, 198, 59, 232, 184,
       189, 248, 173, 253, 85, 223, 239, 251, 180, 24, 191, 253, 64, 59,
       201, 242, 255, 24, 187, 111, 242, 177, 219, 251, 85, 123, 210,
       216, 198, 123, 236, 180, 188, 113, 161, 111, 117, 23, 123, 187,
       39, 24, 223, 63, 72, 59, 149, 23, 125, 24, 51, 252, 241, 2, 207,
       219, 117, 117, 194, 64, 198, 51, 205, 84, 189, 247, 32, 110, 123,
       144, 56, 250, 247, 24, 247, 119, 9, 123, 151, 117, 125, 42, 169,
       212, 249, 34, 199, 251, 112, 144, 128, 243, 7, 115, 124, 81, 18,
       174, 93, 71, 86, 232, 129, 140, 233, 9, 110, 249, 41, 144, 216,
       248, 194, 98, 76, 163, 90, 172, 243, 245, 1, 59, 83, 127, 110,
       130, 17, 142, 211, 105, 180, 170, 111, 151, 118, 3, 106, 196, 243,
       67, 176, 80, 115, 46, 12, 60, 59, 184, 5, 63, 232, 174, 36, 64,
       60, 194, 224, 40, 244, 100, 189, 114, 136, 109, 85, 156, 226, 183,
       165, 24, 215, 247, 72, 59, 129, 214, 108, 26, 58, 103, 251, 50,
       217, 203, 117, 124, 224, 83, 198, 98, 109, 189, 184, 82, 217, 253,
       87, 190, 251, 115, 44, 24, 190, 248, 78, 182, 129, 122, 240, 90,
       247, 106, 250, 179, 107, 223, 21, 123, 218, 85, 202, 254, 248,
       188, 191, 116, 138, 224, 81, 151, 178, 183, 164, 184, 55, 167, 64,
       91, 39, 246, 109, 144, 58, 79, 162, 35, 217, 227, 117, 120, 160,
       192, 166, 106, 205, 52, 157, 229, 129, 110, 113, 27, 57, 250, 38,
       84, 158, 51, 65, 123, 133, 85, 120, 56, 49, 212, 241, 66, 199,
       251, 83, 6, 138, 97, 3, 49, 120, 174, 222, 122, 138, 169, 81, 215,
       178, 23, 164, 185, 55, 227, 66, 27, 35, 178, 109, 144, 58, 79,
       138, 51, 219, 199, 116, 121, 160, 192, 166, 106, 200, 189, 189,
       244, 137, 236, 21, 151, 187, 191, 14, 25, 188, 183, 64, 91, 133,
       119, 253, 16, 50, 72, 242, 83, 205, 243, 125, 123, 128, 80, 133,
       123, 252, 164, 188, 114, 136, 109, 85, 159, 178, 191, 173, 25, 83,
       247, 72, 27, 1, 214, 108, 24, 58, 99, 250, 50, 219, 207, 117, 124,
       226, 240, 134, 98, 69, 113, 145, 69, 65, 78, 103, 56, 104, 192,
       107, 12, 214, 112, 12, 50, 144, 84, 104, 106, 65, 240, 217, 8, 37,
