%YAML:1.0
---
descriptors: !!opencv-matrix
   rows: 300
   cols: 32
   dt: u
   data: [ 13, 117, 49, 71, 113, 94, 102, 184, 121, 224, 107, 72, 222,
       85, 13, 180, 146, 92, 80, 106, 193, 176, 121, 110, 39, 252, 1, 2,
       74, 51, 67, 179, 37, 113, 49, 71, 117, 79, 231, 184, 110, 224, 43,
       72, 214, 85, 77, 164, 144, 92, 82, 106, 65, 176, 121, 28, 37, 156,
       5, 54, 72, 59, 67, 160, 213, 102, 206, 71, 164, 58, 70, 136, 119,
       174, 246, 52, 67, 96, 223, 222, 113, 204, 44, 126, 172, 244, 237,
       42, 170, 255, 101, 133, 226, 247, 122, 4, 133, 166, 220, 89, 176,
       63, 78, 154, 119, 63, 126, 84, 211, 98, 154, 113, 23, 78, 108, 62,
       190, 244, 109, 31, 174, 223, 53, 212, 250, 248, 200, 5, 120, 184,
       253, 112, 168, 253, 81, 87, 163, 127, 172, 24, 59, 151, 66, 59, 1,
       182, 205, 24, 26, 107, 242, 49, 219, 203, 117, 121, 226, 128, 198,
       123, 133, 95, 159, 55, 176, 14, 111, 188, 116, 234, 90, 100, 245,
       115, 145, 112, 55, 110, 60, 110, 225, 208, 13, 46, 236, 174, 39,
       128, 8, 243, 1, 177, 228, 168, 156, 250, 204, 205, 65, 142, 222,
       51, 164, 24, 182, 243, 72, 91, 129, 82, 106, 24, 59, 111, 219,
       113, 217, 146, 85, 125, 216, 72, 135, 42, 89, 77, 125, 103, 176,
       14, 71, 188, 100, 160, 170, 64, 215, 115, 1, 112, 54, 244, 92,
       106, 73, 176, 89, 46, 231, 239, 37, 16, 96, 242, 64, 40, 93, 93,
       125, 103, 176, 78, 79, 184, 112, 232, 126, 68, 243, 119, 137, 112,
       54, 84, 60, 106, 233, 144, 121, 46, 227, 239, 37, 132, 104, 243,
       96, 49, 252, 172, 252, 86, 136, 109, 69, 255, 179, 182, 165, 24,
       115, 247, 73, 31, 1, 214, 109, 42, 120, 103, 250, 42, 249, 203,
       117, 60, 226, 240, 198, 42, 220, 94, 157, 118, 168, 44, 85, 183,
       168, 186, 182, 120, 95, 55, 1, 91, 135, 247, 237, 2, 104, 71, 203,
       32, 211, 235, 117, 156, 224, 241, 134, 35, 236, 48, 189, 99, 173,
       125, 81, 152, 75, 255, 37, 24, 222, 125, 75, 59, 145, 17, 255, 58,
       18, 100, 251, 16, 79, 219, 65, 125, 194, 107, 71, 115, 208, 140,
       94, 245, 146, 106, 95, 175, 180, 166, 166, 16, 247, 99, 0, 83, 35,
       247, 109, 170, 104, 205, 1, 47, 227, 235, 101, 17, 32, 240, 132,
       42, 108, 180, 149, 99, 157, 109, 84, 157, 127, 57, 43, 24, 222,
       49, 72, 248, 145, 22, 104, 48, 27, 120, 217, 147, 239, 223, 21,
       119, 210, 74, 196, 34, 236, 176, 189, 115, 173, 109, 81, 152, 123,
       123, 37, 24, 222, 125, 72, 59, 153, 26, 252, 58, 27, 100, 251, 16,
       207, 219, 81, 127, 194, 75, 198, 179, 116, 101, 59, 102, 89, 199,
       207, 224, 248, 128, 235, 8, 114, 254, 61, 48, 248, 253, 115, 235,
       73, 227, 186, 110, 49, 188, 135, 24, 65, 51, 102, 162, 232, 189,
       52, 252, 157, 205, 84, 167, 219, 19, 172, 24, 190, 185, 4, 17,
       201, 178, 249, 0, 122, 107, 210, 191, 251, 223, 84, 59, 82, 88,
       214, 10, 69, 70, 149, 39, 160, 42, 110, 152, 120, 170, 43, 100,
       207, 98, 201, 218, 147, 68, 108, 126, 148, 208, 205, 64, 172, 254,
       103, 4, 136, 243, 11, 5, 252, 101, 253, 100, 143, 75, 71, 168, 64,
       182, 165, 8, 83, 53, 73, 59, 25, 212, 104, 98, 104, 103, 249, 8,
       251, 195, 69, 61, 97, 123, 70, 34, 77, 117, 57, 103, 112, 78, 55,
       184, 57, 232, 63, 108, 222, 119, 137, 48, 148, 93, 117, 106, 225,
       240, 249, 78, 231, 253, 37, 134, 74, 179, 7, 115, 84, 37, 83, 103,
       182, 10, 126, 160, 121, 160, 99, 72, 79, 105, 29, 144, 178, 253,
       125, 99, 96, 240, 137, 78, 182, 254, 5, 6, 101, 243, 67, 0, 69,
       113, 17, 69, 17, 14, 98, 56, 104, 224, 107, 76, 214, 16, 9, 48,
       144, 84, 104, 106, 193, 240, 209, 12, 165, 188, 1, 6, 72, 35, 67,
       34, 132, 56, 91, 65, 64, 111, 227, 80, 96, 224, 103, 72, 83, 21,
       129, 56, 56, 116, 64, 122, 1, 180, 49, 8, 69, 137, 33, 4, 97, 179,
       70, 160, 84, 37, 191, 114, 155, 236, 81, 203, 162, 151, 173, 24,
       30, 247, 73, 58, 33, 215, 232, 144, 26, 75, 186, 96, 219, 199, 21,
       111, 224, 65, 166, 98, 229, 142, 207, 87, 180, 42, 79, 190, 116,
       235, 127, 248, 211, 97, 152, 112, 17, 198, 108, 46, 185, 244, 109,
       47, 172, 175, 37, 196, 236, 249, 210, 32, 232, 188, 180, 252, 173,
       189, 92, 223, 255, 187, 180, 24, 191, 253, 84, 27, 201, 226, 127,
       24, 186, 111, 242, 179, 219, 219, 87, 122, 210, 76, 214, 43, 248,
       188, 188, 248, 173, 253, 81, 223, 255, 127, 180, 24, 191, 185, 70,
       59, 205, 179, 255, 25, 186, 111, 242, 147, 219, 219, 84, 123, 210,
       200, 198, 107, 25, 140, 194, 191, 134, 171, 101, 239, 118, 19, 74,
       144, 243, 227, 96, 64, 113, 110, 34, 136, 114, 220, 79, 51, 236,
       231, 215, 64, 176, 208, 225, 136, 44, 205, 18, 190, 89, 221, 22,
       232, 135, 132, 232, 9, 110, 217, 35, 144, 216, 123, 194, 98, 76,
       43, 90, 63, 179, 213, 5, 59, 82, 63, 14, 138, 197, 116, 157, 103,
       161, 78, 103, 168, 120, 234, 39, 8, 222, 113, 9, 59, 178, 84, 104,
       106, 97, 244, 185, 10, 229, 186, 69, 6, 72, 115, 67, 35, 77, 116,
       177, 71, 1, 78, 55, 136, 121, 234, 111, 8, 222, 115, 73, 54, 145,
       93, 120, 106, 97, 212, 249, 74, 231, 254, 5, 6, 74, 115, 3, 50,
       206, 172, 132, 186, 137, 185, 20, 143, 187, 223, 129, 25, 174,
       226, 74, 155, 129, 99, 232, 17, 54, 79, 202, 51, 169, 210, 93,
       123, 144, 84, 143, 78, 105, 189, 184, 83, 217, 253, 87, 158, 123,
       121, 44, 28, 190, 48, 70, 182, 129, 90, 240, 88, 151, 120, 251,
       55, 111, 223, 21, 126, 202, 85, 203, 254, 69, 244, 189, 19, 188,
       111, 231, 152, 122, 251, 15, 92, 214, 112, 217, 43, 17, 68, 120,
       127, 177, 112, 249, 50, 237, 15, 101, 116, 200, 123, 211, 48, 216,
       24, 159, 116, 136, 100, 85, 55, 176, 155, 166, 16, 119, 55, 0,
       123, 33, 247, 124, 10, 121, 69, 179, 0, 209, 227, 114, 24, 160,
       240, 166, 59, 248, 174, 222, 120, 138, 169, 81, 215, 182, 23, 164,
       185, 55, 167, 66, 27, 35, 178, 237, 144, 58, 79, 130, 51, 219,
       195, 112, 121, 240, 192, 166, 107, 216, 34, 251, 96, 162, 106, 65,
       83, 160, 191, 166, 56, 19, 135, 192, 27, 39, 148, 69, 24, 24, 95,
       160, 0, 219, 201, 113, 100, 225, 192, 70, 227, 45, 113, 17, 101,
       113, 94, 115, 24, 105, 232, 109, 72, 219, 19, 69, 180, 144, 92,
       84, 122, 77, 176, 249, 12, 103, 221, 1, 38, 74, 51, 74, 179, 248,
       158, 252, 122, 170, 169, 81, 215, 131, 63, 180, 56, 51, 129, 66,
       27, 11, 178, 204, 16, 58, 111, 66, 51, 219, 201, 112, 121, 243,
       200, 206, 43, 100, 112, 56, 101, 0, 15, 83, 24, 96, 164, 37, 12,
       214, 17, 9, 48, 144, 20, 64, 106, 8, 112, 249, 8, 69, 137, 1, 52,
       72, 35, 66, 34, 244, 42, 205, 180, 138, 96, 93, 159, 162, 183,
       134, 185, 87, 231, 65, 91, 67, 246, 109, 140, 56, 79, 235, 32,
       217, 227, 245, 189, 160, 240, 134, 106, 240, 170, 220, 114, 168,
       173, 81, 223, 162, 191, 164, 29, 55, 227, 66, 27, 13, 242, 109,
       28, 58, 79, 202, 49, 219, 203, 117, 125, 224, 192, 206, 11, 229,
       134, 252, 111, 176, 47, 87, 190, 126, 191, 102, 85, 211, 40, 158,
       81, 151, 70, 108, 44, 188, 252, 109, 63, 110, 191, 117, 20, 216,
       248, 200, 1, 36, 225, 57, 67, 217, 79, 71, 168, 106, 49, 45, 8,
       214, 85, 72, 48, 145, 92, 64, 122, 67, 48, 249, 21, 109, 156, 5,
       116, 80, 59, 198, 162, 220, 184, 140, 181, 139, 98, 21, 191, 162,
       183, 134, 157, 215, 99, 66, 27, 1, 199, 237, 148, 56, 205, 219,
       40, 201, 195, 253, 53, 170, 101, 158, 82, 5, 93, 27, 103, 176, 14,
       111, 184, 116, 234, 126, 100, 247, 115, 137, 112, 54, 108, 28,
       110, 225, 144, 121, 46, 236, 175, 39, 132, 40, 243, 1, 49, 196,
       184, 157, 250, 200, 237, 1, 143, 218, 59, 160, 24, 182, 243, 72,
       27, 129, 82, 106, 16, 51, 111, 218, 51, 221, 130, 117, 124, 216,
       72, 135, 42, 184, 172, 155, 127, 148, 231, 67, 222, 118, 131, 234,
       80, 243, 243, 32, 112, 217, 126, 36, 8, 59, 250, 91, 63, 233, 239,
       53, 64, 224, 192, 228, 170, 89, 77, 93, 103, 54, 78, 79, 188, 101,
       160, 170, 8, 247, 115, 9, 115, 50, 246, 124, 106, 105, 176, 121,
