%YAML:1.0
---
descriptors: !!opencv-matrix
   rows: 115
   cols: 32
   dt: u
   data: [ 248, 176, 190, 248, 173, 253, 80, 87, 251, 27, 180, 24, 191,
       189, 100, 27, 205, 179, 255, 17, 58, 111, 242, 145, 219, 219, 80,
       123, 210, 72, 198, 27, 248, 184, 190, 248, 169, 253, 80, 83, 187,
       59, 180, 25, 190, 191, 64, 91, 133, 179, 253, 16, 58, 111, 242,
       145, 219, 219, 80, 123, 194, 72, 199, 27, 13, 125, 17, 71, 113,
       14, 102, 184, 105, 232, 107, 76, 222, 115, 9, 180, 144, 92, 88,
       106, 193, 176, 217, 110, 167, 188, 5, 6, 74, 51, 67, 161, 216,
       176, 188, 248, 41, 237, 88, 27, 171, 123, 180, 24, 191, 159, 64,
       27, 133, 145, 253, 16, 58, 79, 210, 145, 219, 219, 114, 123, 130,
       0, 15, 91, 37, 81, 17, 71, 117, 95, 102, 56, 109, 232, 107, 72,
       214, 80, 13, 180, 144, 92, 82, 106, 193, 176, 121, 12, 37, 188, 5,
       4, 74, 59, 66, 164, 37, 113, 49, 69, 85, 79, 199, 56, 104, 232,
       105, 8, 210, 17, 141, 180, 152, 92, 80, 106, 65, 176, 249, 12, 37,
       156, 1, 54, 88, 59, 82, 160, 37, 101, 31, 71, 213, 207, 103, 236,
       118, 160, 107, 0, 243, 241, 105, 32, 89, 108, 34, 106, 73, 242,
       59, 62, 237, 140, 5, 36, 64, 59, 112, 168, 252, 44, 220, 118, 141,
       109, 84, 222, 147, 183, 164, 25, 67, 233, 75, 27, 137, 214, 236,
       16, 58, 111, 218, 34, 219, 219, 85, 127, 227, 249, 206, 10, 60,
       167, 125, 122, 58, 201, 21, 105, 182, 53, 173, 184, 75, 199, 8,
       16, 63, 147, 205, 160, 122, 43, 42, 23, 251, 199, 33, 125, 113,
       130, 134, 98, 69, 245, 153, 99, 189, 13, 102, 184, 106, 184, 43,
       76, 246, 112, 73, 48, 149, 70, 108, 126, 195, 96, 219, 55, 173,
       156, 37, 116, 72, 51, 195, 33, 232, 188, 189, 122, 169, 237, 21,
       159, 155, 127, 164, 24, 190, 189, 66, 59, 129, 83, 253, 16, 51,
       108, 250, 51, 239, 219, 85, 127, 210, 88, 135, 123, 73, 180, 185,
       65, 209, 125, 117, 159, 123, 243, 46, 28, 158, 48, 70, 190, 133,
       78, 240, 24, 183, 120, 241, 83, 111, 223, 21, 118, 202, 80, 203,
       254, 184, 174, 158, 122, 138, 169, 81, 215, 179, 23, 164, 185, 55,
       231, 66, 27, 33, 179, 237, 16, 58, 79, 130, 51, 219, 195, 116,
       121, 224, 192, 134, 170, 69, 71, 93, 101, 48, 14, 111, 184, 116,
       168, 122, 68, 211, 97, 153, 112, 18, 68, 108, 110, 233, 176, 77,
       14, 228, 174, 37, 20, 104, 179, 66, 33, 252, 190, 156, 50, 168,
       173, 80, 223, 179, 187, 164, 29, 55, 243, 74, 27, 129, 227, 237,
       20, 62, 79, 218, 51, 218, 195, 117, 121, 232, 192, 202, 11, 77,
       116, 149, 103, 225, 62, 119, 184, 121, 234, 111, 76, 222, 113, 13,
       51, 145, 68, 120, 106, 225, 244, 249, 42, 231, 255, 69, 6, 202,
       115, 67, 51, 5, 117, 16, 71, 113, 30, 102, 184, 121, 168, 123, 68,
       222, 112, 141, 180, 148, 92, 68, 106, 193, 176, 217, 46, 39, 188,
       37, 4, 74, 179, 75, 133, 69, 103, 152, 39, 176, 14, 110, 152, 120,
       162, 43, 68, 223, 98, 201, 114, 179, 77, 108, 126, 228, 208, 217,
       74, 236, 255, 39, 4, 232, 243, 195, 0, 232, 253, 180, 254, 157,
       253, 84, 111, 159, 27, 236, 24, 174, 249, 44, 127, 201, 187, 251,
       16, 42, 111, 242, 183, 235, 223, 84, 59, 210, 88, 198, 10, 118,
       237, 246, 239, 252, 11, 238, 252, 63, 162, 251, 130, 237, 239, 29,
       80, 255, 207, 127, 227, 232, 243, 201, 238, 190, 254, 207, 132,
       183, 255, 227, 128, 248, 184, 182, 248, 173, 237, 80, 71, 255, 27,
       180, 24, 174, 191, 68, 27, 129, 179, 255, 17, 58, 111, 210, 211,
       219, 219, 80, 123, 210, 72, 71, 11, 232, 188, 148, 248, 237, 173,
       80, 95, 191, 59, 180, 24, 190, 187, 68, 27, 205, 163, 110, 24, 58,
       111, 210, 147, 159, 219, 85, 122, 210, 72, 194, 139, 102, 237,
       214, 207, 252, 11, 254, 252, 63, 162, 251, 2, 237, 235, 29, 80,
       127, 207, 127, 227, 104, 243, 203, 239, 190, 254, 207, 140, 55,
       251, 227, 129, 77, 116, 181, 103, 229, 62, 103, 184, 121, 234,
       111, 76, 222, 113, 29, 191, 145, 68, 104, 110, 161, 240, 249, 42,
       111, 255, 69, 22, 202, 115, 75, 162, 248, 188, 150, 178, 169, 189,
       80, 223, 179, 187, 161, 93, 47, 251, 72, 155, 131, 231, 237, 20,
       62, 79, 218, 51, 218, 211, 117, 123, 234, 68, 138, 11, 248, 174,
       222, 184, 138, 169, 80, 215, 183, 31, 164, 189, 39, 227, 66, 27,
       171, 179, 237, 16, 58, 79, 130, 51, 218, 195, 116, 121, 248, 192,
       142, 11, 5, 85, 29, 103, 176, 14, 111, 184, 116, 232, 127, 100,
       215, 115, 153, 112, 22, 76, 60, 110, 225, 144, 125, 46, 230, 239,
       37, 132, 40, 243, 64, 49, 220, 188, 253, 247, 168, 110, 85, 159,
       178, 191, 167, 24, 87, 119, 73, 91, 5, 214, 109, 24, 56, 205, 251,
       36, 203, 227, 117, 84, 160, 241, 134, 115, 105, 164, 184, 97, 245,
       127, 109, 151, 123, 243, 47, 24, 158, 61, 86, 58, 129, 14, 120,
       28, 178, 120, 249, 2, 111, 223, 21, 117, 194, 196, 195, 224, 125,
       85, 125, 103, 180, 78, 79, 184, 96, 232, 191, 76, 83, 117, 153,
       51, 22, 212, 124, 110, 233, 176, 249, 46, 231, 239, 37, 148, 105,
       243, 66, 113, 69, 117, 17, 71, 53, 14, 98, 56, 104, 40, 107, 76,
       214, 17, 25, 48, 144, 76, 108, 110, 193, 176, 217, 14, 165, 190,
       33, 4, 72, 179, 67, 33, 125, 85, 125, 103, 176, 14, 79, 184, 96,
       234, 255, 96, 215, 119, 137, 112, 22, 212, 92, 106, 233, 176, 121,
       46, 227, 239, 37, 148, 96, 243, 66, 49, 244, 168, 252, 86, 140,
       109, 85, 207, 211, 183, 180, 25, 35, 233, 78, 27, 137, 246, 236,
       16, 58, 111, 218, 34, 219, 219, 85, 63, 193, 120, 198, 10, 141,
       54, 253, 103, 240, 47, 127, 186, 57, 170, 119, 120, 222, 115, 137,
       49, 151, 95, 117, 42, 225, 244, 233, 78, 111, 255, 101, 132, 74,
       241, 131, 161, 240, 188, 255, 82, 235, 248, 81, 207, 251, 251,
       165, 56, 58, 254, 206, 63, 163, 247, 236, 16, 63, 111, 186, 99,
       27, 219, 85, 123, 227, 192, 206, 55, 246, 237, 246, 255, 254, 43,
       238, 236, 191, 178, 251, 26, 239, 234, 93, 91, 127, 239, 127, 227,
       248, 247, 203, 255, 190, 254, 207, 188, 229, 251, 227, 128, 248,
       174, 156, 50, 170, 169, 85, 199, 179, 183, 164, 189, 39, 231, 66,
       27, 163, 179, 237, 16, 58, 79, 138, 51, 219, 195, 117, 121, 224,
       192, 142, 75, 69, 79, 29, 101, 48, 14, 71, 56, 96, 168, 107, 68,
       211, 33, 129, 115, 16, 68, 108, 110, 233, 176, 201, 12, 228, 170,
       97, 20, 104, 179, 66, 33, 216, 174, 156, 50, 170, 169, 85, 207,
       178, 183, 164, 185, 7, 231, 74, 27, 167, 211, 237, 16, 58, 79,
       138, 51, 219, 195, 117, 125, 224, 64, 142, 75, 245, 134, 141, 103,
       180, 46, 103, 191, 112, 234, 127, 92, 211, 97, 152, 112, 17, 70,
       108, 46, 185, 184, 109, 47, 236, 175, 101, 16, 232, 242, 210, 33,
       112, 162, 252, 112, 138, 233, 81, 71, 162, 53, 164, 24, 55, 135,
       64, 27, 1, 146, 233, 16, 26, 107, 162, 17, 219, 193, 84, 121, 225,
       128, 134, 42, 45, 71, 16, 71, 116, 30, 102, 184, 121, 168, 122,
       76, 215, 96, 157, 180, 148, 76, 70, 110, 228, 176, 201, 110, 38,
       190, 37, 4, 74, 179, 75, 133, 109, 97, 72, 37, 36, 91, 70, 40, 97,
       224, 239, 137, 195, 68, 155, 180, 88, 196, 236, 110, 77, 178, 205,
       12, 166, 241, 129, 21, 78, 191, 94, 84, 237, 113, 253, 103, 44,
       78, 87, 152, 97, 186, 183, 8, 215, 87, 201, 59, 148, 212, 124,
       106, 201, 118, 249, 32, 231, 217, 101, 52, 96, 179, 70, 35, 236,
       112, 189, 99, 45, 127, 83, 152, 123, 251, 181, 24, 223, 93, 73,
       59, 153, 212, 124, 122, 171, 118, 251, 18, 207, 219, 101, 116,
       194, 251, 70, 115, 232, 181, 188, 251, 141, 125, 80, 57, 95, 59,
       173, 24, 222, 121, 76, 59, 153, 146, 253, 0, 58, 98, 251, 147,
       207, 219, 80, 127, 210, 74, 198, 2, 38, 237, 134, 252, 221, 175,
       238, 226, 191, 162, 235, 2, 206, 234, 53, 80, 233, 239, 123, 195,
       120, 243, 216, 255, 191, 254, 143, 52, 209, 121, 243, 130, 102,
       229, 198, 239, 221, 15, 238, 236, 63, 160, 251, 2, 237, 234, 29,
       80, 249, 207, 123, 227, 104, 243, 217, 254, 191, 254, 143, 20, 17,
