%YAML:1.0
---
descriptors: !!opencv-matrix
   rows: 201
   cols: 32
   dt: u
   data: [ 108, 52, 149, 99, 169, 111, 87, 137, 58, 243, 45, 24, 214,
       115, 73, 63, 145, 84, 120, 58, 49, 68, 251, 2, 205, 186, 69, 116,
       192, 115, 198, 98, 108, 113, 57, 103, 157, 79, 71, 168, 99, 228,
       173, 8, 210, 117, 73, 48, 216, 220, 89, 106, 73, 114, 249, 60,
       237, 221, 5, 52, 64, 59, 86, 114, 108, 229, 152, 122, 141, 77, 87,
       172, 178, 151, 165, 25, 118, 243, 74, 26, 153, 210, 105, 90, 122,
       98, 250, 51, 251, 151, 69, 125, 208, 115, 198, 98, 253, 188, 253,
       82, 173, 253, 85, 223, 243, 251, 180, 24, 123, 248, 198, 63, 137,
       246, 252, 8, 191, 111, 254, 179, 91, 219, 85, 59, 235, 212, 206,
       87, 145, 14, 207, 117, 180, 170, 98, 50, 116, 163, 98, 208, 211,
       33, 144, 112, 19, 236, 44, 60, 41, 188, 69, 14, 164, 174, 49, 4,
       232, 192, 64, 40, 249, 190, 156, 50, 170, 172, 89, 159, 179, 255,
       180, 189, 63, 247, 194, 91, 135, 247, 253, 4, 190, 79, 234, 51,
       218, 211, 117, 189, 160, 196, 142, 91, 129, 142, 77, 101, 180, 42,
       107, 55, 116, 3, 98, 212, 211, 35, 144, 112, 19, 78, 44, 44, 185,
       188, 69, 15, 236, 174, 36, 68, 232, 224, 192, 32, 205, 74, 156,
       183, 234, 8, 47, 188, 184, 178, 66, 210, 213, 99, 137, 123, 39,
       69, 106, 238, 97, 84, 207, 106, 228, 171, 239, 132, 44, 241, 137,
       160, 65, 113, 29, 101, 1, 79, 55, 32, 104, 192, 98, 8, 214, 49, 1,
       51, 144, 84, 104, 106, 65, 240, 177, 12, 229, 185, 68, 18, 64, 50,
       67, 34, 221, 38, 156, 182, 168, 56, 88, 8, 250, 179, 163, 89, 207,
       226, 203, 219, 131, 199, 108, 30, 60, 69, 203, 34, 218, 235, 119,
       61, 160, 243, 11, 0, 90, 123, 88, 37, 114, 138, 50, 119, 41, 0,
       120, 237, 175, 15, 130, 144, 182, 45, 205, 96, 68, 152, 193, 77,
       246, 229, 40, 131, 36, 134, 15, 139, 96, 180, 153, 218, 204, 237,
       69, 143, 218, 51, 169, 24, 182, 241, 72, 122, 129, 90, 106, 24,
       51, 107, 250, 115, 253, 148, 21, 124, 208, 88, 199, 42, 85, 69,
       127, 103, 16, 14, 103, 184, 100, 160, 235, 64, 211, 115, 9, 112,
       50, 212, 92, 106, 233, 176, 93, 46, 231, 175, 37, 20, 96, 179, 64,
       32, 88, 187, 218, 160, 170, 168, 90, 151, 34, 41, 188, 237, 39,
       131, 194, 16, 182, 167, 237, 20, 30, 11, 130, 17, 218, 197, 37,
       249, 168, 128, 138, 27, 244, 124, 172, 247, 140, 109, 93, 152,
       210, 251, 135, 24, 211, 253, 91, 59, 137, 214, 125, 91, 45, 71,
       251, 34, 201, 195, 253, 53, 136, 121, 214, 50, 252, 76, 124, 118,
       168, 106, 87, 184, 240, 178, 167, 24, 215, 119, 9, 123, 135, 212,
       109, 106, 104, 229, 217, 46, 241, 235, 101, 20, 96, 243, 68, 35,
       65, 156, 189, 95, 136, 237, 149, 175, 206, 83, 164, 24, 246, 116,
       13, 107, 129, 83, 104, 24, 55, 105, 123, 53, 207, 186, 84, 122,
       208, 73, 129, 46, 96, 208, 149, 251, 173, 77, 81, 143, 111, 57,
       40, 24, 150, 51, 72, 112, 129, 22, 104, 16, 27, 104, 219, 21, 173,
       214, 84, 126, 208, 72, 196, 42, 192, 172, 157, 255, 200, 237, 37,
       175, 190, 19, 32, 24, 182, 179, 64, 91, 129, 114, 106, 24, 50, 76,
       218, 51, 205, 166, 118, 120, 144, 80, 135, 170, 104, 157, 156,
       127, 169, 237, 21, 175, 146, 191, 172, 25, 230, 121, 67, 27, 129,
       114, 233, 2, 50, 104, 219, 61, 235, 215, 85, 59, 210, 121, 206,
       11, 248, 168, 159, 50, 172, 236, 80, 151, 179, 91, 164, 24, 55,
       215, 64, 123, 129, 166, 125, 24, 62, 79, 242, 49, 219, 235, 112,
       121, 160, 192, 206, 66, 208, 184, 190, 120, 168, 237, 17, 31, 230,
       115, 166, 24, 183, 255, 64, 59, 129, 55, 108, 17, 63, 109, 211,
       49, 217, 161, 115, 121, 224, 64, 135, 10, 85, 60, 188, 55, 136,
       110, 85, 191, 240, 243, 166, 24, 215, 113, 75, 59, 1, 215, 124,
       59, 57, 229, 219, 40, 233, 195, 117, 20, 232, 113, 131, 42, 108,
       229, 8, 126, 153, 68, 71, 168, 179, 80, 173, 9, 246, 115, 75, 18,
       217, 194, 121, 238, 106, 67, 218, 63, 235, 255, 133, 61, 154, 115,
       86, 114, 248, 56, 255, 112, 10, 233, 65, 82, 162, 151, 164, 56,
       23, 183, 65, 27, 39, 182, 109, 24, 42, 79, 162, 0, 209, 195, 117,
       56, 224, 192, 70, 99, 228, 103, 53, 71, 48, 78, 103, 184, 104,
       168, 35, 72, 211, 65, 141, 55, 144, 84, 76, 106, 225, 240, 233,
       12, 37, 184, 37, 52, 64, 179, 70, 161, 202, 182, 156, 48, 169, 41,
       20, 143, 187, 63, 164, 57, 142, 187, 74, 155, 135, 23, 237, 16,
       54, 79, 203, 51, 203, 215, 93, 127, 130, 68, 143, 11, 113, 188,
       245, 86, 169, 253, 84, 222, 251, 251, 176, 120, 122, 253, 197, 63,
       143, 247, 124, 0, 191, 111, 234, 97, 155, 250, 117, 186, 203, 208,
       198, 63, 252, 164, 156, 114, 168, 105, 85, 159, 178, 191, 173, 57,
       215, 183, 74, 27, 131, 151, 237, 16, 58, 79, 203, 18, 219, 195,
       117, 125, 224, 64, 134, 35, 252, 252, 153, 114, 168, 111, 71, 220,
       115, 190, 173, 24, 83, 119, 73, 51, 17, 214, 108, 106, 104, 103,
       250, 42, 249, 207, 101, 60, 226, 243, 198, 32, 249, 174, 244, 178,
       232, 173, 92, 159, 179, 59, 180, 249, 127, 255, 66, 27, 135, 247,
       253, 20, 190, 79, 202, 51, 219, 219, 117, 249, 162, 196, 130, 75,
       81, 143, 29, 101, 176, 46, 71, 183, 100, 8, 170, 68, 247, 51, 128,
       112, 20, 102, 108, 110, 249, 169, 65, 47, 232, 239, 36, 80, 104,
       242, 192, 41, 120, 176, 185, 112, 57, 237, 81, 87, 235, 61, 172,
       24, 54, 151, 64, 58, 161, 18, 108, 16, 18, 105, 178, 17, 219, 221,
       16, 123, 194, 0, 199, 107, 246, 174, 213, 18, 203, 169, 100, 207,
       187, 51, 160, 89, 2, 226, 76, 31, 169, 203, 98, 144, 62, 126, 202,
       115, 28, 130, 213, 127, 233, 80, 194, 142, 93, 110, 216, 71, 144,
       62, 78, 152, 115, 171, 175, 84, 203, 98, 155, 254, 51, 198, 108,
       254, 173, 212, 253, 42, 174, 255, 37, 20, 170, 243, 74, 4, 229,
       199, 88, 67, 180, 63, 71, 185, 119, 63, 63, 124, 211, 96, 138,
       112, 23, 198, 12, 126, 254, 176, 109, 55, 238, 143, 37, 116, 248,
       219, 200, 1, 253, 70, 204, 71, 36, 62, 70, 152, 113, 174, 239, 86,
       67, 96, 159, 254, 113, 196, 108, 238, 236, 181, 109, 42, 178, 239,
       225, 21, 107, 247, 120, 4, 226, 174, 206, 90, 200, 185, 224, 207,
       187, 55, 164, 153, 35, 225, 78, 31, 73, 162, 234, 20, 58, 111,
       206, 49, 30, 211, 85, 125, 195, 200, 206, 138, 211, 123, 81, 165,
       114, 142, 42, 116, 41, 72, 106, 237, 47, 6, 130, 144, 182, 173,
       196, 229, 197, 152, 133, 77, 180, 228, 42, 128, 44, 134, 11, 25,
       193, 172, 191, 113, 168, 168, 57, 3, 254, 183, 162, 16, 183, 227,
       80, 123, 135, 55, 120, 24, 50, 205, 235, 51, 205, 235, 127, 80,
       128, 192, 135, 32, 116, 229, 177, 70, 157, 75, 71, 232, 82, 226,
       169, 8, 82, 116, 9, 176, 25, 212, 64, 106, 41, 99, 57, 46, 57,
       142, 69, 61, 225, 123, 70, 34, 253, 237, 189, 54, 172, 109, 87,
       188, 242, 250, 174, 25, 215, 245, 91, 59, 129, 230, 125, 126, 57,
       103, 250, 34, 249, 235, 101, 61, 224, 123, 198, 114, 252, 116,
       157, 118, 169, 44, 84, 152, 243, 187, 181, 88, 95, 251, 73, 187,
       129, 214, 236, 50, 58, 103, 219, 34, 219, 219, 117, 63, 226, 241,
       206, 35, 100, 180, 153, 218, 200, 173, 71, 141, 250, 59, 169, 88,
       214, 240, 72, 58, 129, 90, 106, 26, 27, 107, 218, 51, 189, 150,
       85, 124, 208, 75, 195, 34, 93, 69, 127, 103, 16, 78, 71, 56, 100,
       128, 235, 64, 83, 115, 25, 112, 48, 196, 92, 106, 105, 177, 25,
       14, 245, 239, 37, 20, 97, 179, 64, 32, 252, 76, 220, 118, 168,
       106, 95, 184, 176, 178, 167, 24, 215, 99, 9, 91, 3, 215, 108, 42,
       104, 103, 203, 42, 243, 235, 101, 21, 96, 241, 206, 34, 196, 152,
       189, 95, 136, 237, 17, 143, 206, 19, 160, 24, 246, 247, 76, 123,
       129, 115, 104, 16, 50, 109, 219, 49, 201, 162, 85, 122, 208, 104,
       133, 34, 156, 204, 30, 247, 146, 74, 71, 175, 52, 178, 174, 16,
       87, 115, 1, 83, 113, 246, 109, 162, 120, 221, 73, 46, 249, 163,
       101, 21, 32, 112, 228, 34, 240, 48, 189, 112, 136, 124, 81, 19,
