%YAML:1.0
---
descriptors: !!opencv-matrix
   rows: 238
   cols: 32
   dt: u
   data: [ 85, 95, 121, 103, 176, 14, 79, 184, 96, 234, 127, 100, 211,
       113, 153, 112, 22, 196, 92, 110, 233, 176, 253, 46, 232, 175, 37,
       148, 104, 243, 66, 49, 125, 85, 253, 102, 160, 78, 79, 184, 97,
       232, 191, 108, 83, 119, 153, 115, 54, 212, 124, 106, 201, 161,
       185, 40, 243, 233, 101, 148, 106, 243, 66, 49, 157, 205, 123, 231,
       180, 43, 79, 180, 116, 42, 255, 64, 247, 103, 153, 112, 87, 254,
       29, 234, 249, 176, 105, 63, 226, 239, 39, 128, 36, 243, 160, 33,
       252, 44, 252, 114, 141, 109, 85, 222, 211, 191, 181, 24, 83, 241,
       79, 26, 9, 214, 109, 24, 58, 111, 218, 50, 219, 207, 117, 125,
       243, 249, 198, 34, 96, 189, 157, 218, 200, 237, 17, 143, 250, 59,
       160, 24, 182, 243, 72, 91, 129, 82, 106, 16, 51, 107, 218, 49,
       221, 146, 21, 125, 216, 72, 199, 42, 120, 94, 157, 116, 168, 44,
       85, 55, 160, 186, 190, 120, 255, 55, 1, 91, 135, 247, 237, 2, 104,
       71, 194, 32, 211, 227, 117, 24, 96, 240, 135, 43, 45, 113, 16, 5,
       117, 31, 102, 56, 105, 232, 43, 76, 214, 16, 29, 180, 144, 76, 64,
       110, 197, 240, 217, 12, 37, 156, 5, 52, 74, 59, 74, 132, 102, 229,
       230, 207, 221, 47, 238, 236, 127, 162, 251, 10, 203, 106, 29, 80,
       251, 207, 127, 227, 232, 243, 219, 254, 191, 255, 199, 60, 213,
       251, 242, 128, 236, 253, 188, 254, 189, 255, 87, 182, 223, 186,
       189, 24, 251, 249, 85, 83, 201, 230, 125, 90, 104, 110, 250, 186,
       251, 223, 197, 58, 210, 123, 210, 10, 220, 144, 156, 245, 172,
       236, 89, 159, 174, 59, 150, 56, 223, 247, 72, 91, 135, 87, 125,
       16, 26, 77, 219, 129, 203, 249, 119, 252, 160, 200, 135, 51, 1,
       121, 19, 69, 23, 78, 166, 53, 104, 192, 98, 76, 254, 16, 5, 180,
       144, 100, 80, 106, 197, 180, 145, 78, 36, 188, 4, 2, 74, 50, 67,
       174, 232, 189, 188, 127, 173, 253, 85, 191, 255, 59, 188, 24, 191,
       61, 64, 59, 137, 210, 125, 8, 122, 108, 251, 55, 239, 255, 84,
       121, 210, 216, 198, 43, 216, 184, 188, 240, 169, 237, 89, 223,
       179, 27, 180, 24, 191, 151, 64, 59, 165, 179, 253, 24, 58, 79,
       242, 49, 219, 219, 113, 249, 226, 192, 134, 123, 248, 188, 188,
       120, 169, 253, 81, 87, 251, 59, 180, 24, 63, 255, 68, 59, 133,
       179, 253, 24, 58, 111, 242, 51, 219, 219, 113, 121, 210, 72, 198,
       59, 236, 52, 189, 97, 160, 110, 113, 25, 123, 187, 55, 24, 223,
       119, 73, 59, 149, 21, 125, 56, 176, 244, 249, 2, 207, 223, 117,
       84, 192, 227, 198, 51, 166, 172, 246, 219, 238, 171, 252, 255,
       191, 179, 242, 26, 237, 235, 124, 91, 239, 239, 127, 145, 178,
       255, 203, 243, 190, 254, 223, 244, 151, 249, 243, 137, 134, 172,
       246, 255, 236, 171, 252, 238, 191, 179, 242, 18, 237, 234, 92, 75,
       239, 239, 127, 145, 186, 254, 203, 243, 190, 254, 223, 204, 197,
       249, 225, 137, 28, 173, 248, 239, 188, 171, 254, 254, 46, 33, 254,
       2, 247, 235, 88, 64, 255, 111, 127, 11, 154, 184, 201, 187, 238,
       237, 175, 212, 180, 251, 193, 137, 204, 92, 189, 231, 32, 110,
       127, 24, 57, 170, 119, 40, 223, 119, 137, 123, 150, 213, 125, 106,
       169, 244, 249, 42, 199, 251, 97, 148, 0, 243, 6, 115, 204, 20,
       189, 229, 164, 110, 123, 24, 57, 238, 55, 80, 223, 119, 65, 123,
       151, 117, 125, 42, 161, 244, 249, 74, 199, 251, 99, 132, 128, 243,
       71, 115, 232, 188, 189, 122, 169, 237, 21, 143, 219, 127, 36, 24,
       190, 189, 70, 59, 129, 83, 249, 16, 51, 110, 250, 51, 239, 219,
       84, 123, 210, 88, 198, 123, 248, 184, 255, 112, 138, 233, 81, 87,
       179, 23, 164, 56, 55, 183, 64, 26, 35, 178, 109, 24, 58, 79, 162,
       19, 217, 199, 116, 120, 226, 192, 198, 98, 77, 52, 157, 229, 129,
       110, 101, 27, 56, 226, 47, 84, 222, 51, 65, 123, 149, 84, 120, 56,
       177, 212, 241, 10, 205, 187, 85, 4, 136, 97, 3, 48, 244, 170, 220,
       114, 168, 173, 81, 223, 178, 191, 164, 29, 55, 227, 66, 27, 5,
       214, 109, 20, 58, 79, 202, 35, 219, 203, 117, 125, 234, 192, 206,
       139, 205, 117, 149, 71, 241, 94, 118, 184, 121, 234, 47, 8, 222,
       112, 13, 183, 145, 84, 104, 106, 101, 240, 217, 14, 47, 154, 69,
       6, 74, 115, 75, 55, 93, 93, 125, 231, 176, 14, 79, 188, 96, 234,
       254, 96, 215, 119, 137, 112, 22, 214, 92, 106, 249, 144, 121, 46,
       227, 239, 37, 148, 96, 243, 192, 97, 148, 236, 218, 247, 180, 43,
       255, 254, 62, 171, 126, 18, 247, 107, 25, 65, 127, 207, 63, 251,
       114, 244, 201, 63, 236, 239, 191, 196, 164, 249, 161, 161, 93,
       213, 121, 231, 180, 46, 79, 188, 52, 170, 255, 96, 247, 115, 137,
       112, 54, 214, 93, 106, 233, 144, 105, 46, 225, 239, 37, 148, 32,
       243, 192, 33, 246, 108, 222, 191, 238, 43, 254, 239, 191, 187,
       251, 18, 223, 234, 61, 91, 251, 231, 127, 163, 56, 247, 203, 250,
       188, 255, 255, 180, 213, 121, 243, 129, 238, 228, 180, 255, 189,
       15, 222, 252, 63, 187, 185, 24, 235, 251, 92, 82, 217, 198, 127,
       82, 250, 103, 219, 243, 255, 255, 199, 252, 210, 251, 210, 3, 104,
       180, 180, 250, 157, 237, 80, 79, 223, 25, 173, 24, 190, 253, 104,
       88, 201, 27, 251, 16, 58, 107, 218, 211, 203, 223, 16, 123, 210,
       76, 199, 138, 252, 188, 252, 118, 168, 109, 85, 191, 179, 191,
       164, 57, 115, 247, 72, 27, 5, 214, 109, 8, 56, 79, 251, 33, 219,
       203, 117, 61, 226, 240, 198, 123, 220, 220, 188, 247, 188, 15,
       127, 189, 63, 186, 191, 56, 255, 127, 9, 83, 247, 247, 125, 122,
       248, 197, 203, 175, 239, 255, 111, 148, 134, 243, 131, 3, 54, 229,
       118, 239, 252, 11, 254, 248, 63, 160, 251, 2, 205, 235, 61, 64,
       127, 205, 127, 227, 232, 243, 201, 255, 190, 254, 143, 148, 119,
       251, 99, 128, 216, 14, 23, 180, 168, 40, 76, 39, 160, 182, 130,
       88, 239, 35, 0, 219, 131, 103, 108, 42, 104, 69, 131, 0, 144, 243,
       126, 24, 34, 240, 131, 8, 101, 99, 64, 5, 116, 27, 102, 40, 105,
       172, 123, 232, 195, 96, 159, 148, 16, 204, 68, 110, 204, 176, 205,
       12, 38, 60, 37, 148, 70, 191, 90, 68, 244, 100, 254, 239, 108, 11,
       254, 232, 111, 178, 243, 10, 223, 234, 29, 83, 255, 221, 127, 227,
       232, 243, 201, 236, 254, 235, 239, 148, 101, 251, 97, 129, 232,
       253, 188, 255, 173, 237, 86, 190, 223, 187, 172, 24, 187, 121, 81,
       27, 201, 226, 108, 90, 250, 110, 219, 187, 239, 223, 85, 56, 210,
       217, 210, 10, 88, 176, 156, 244, 168, 204, 89, 29, 171, 185, 182,
       8, 159, 215, 64, 91, 167, 215, 125, 24, 26, 73, 251, 17, 219, 249,
       119, 252, 128, 128, 135, 59, 60, 167, 123, 114, 154, 201, 91, 123,
       179, 21, 173, 184, 43, 199, 72, 16, 59, 155, 197, 144, 58, 75,
       170, 23, 251, 197, 53, 121, 227, 130, 166, 243, 248, 188, 188,
       120, 173, 253, 80, 95, 251, 187, 180, 24, 191, 185, 64, 59, 137,
       179, 253, 24, 186, 111, 242, 147, 219, 251, 85, 123, 210, 200,
       194, 11, 248, 184, 190, 120, 169, 253, 81, 83, 251, 59, 180, 24,
       191, 191, 64, 59, 133, 179, 253, 24, 58, 111, 242, 147, 219, 219,
       112, 123, 194, 72, 198, 59, 134, 172, 214, 159, 252, 171, 252,
       239, 191, 179, 242, 18, 236, 234, 93, 75, 255, 239, 127, 145, 50,
       255, 203, 243, 188, 190, 223, 236, 133, 120, 225, 137, 130, 172,
       246, 223, 236, 169, 252, 239, 191, 51, 242, 18, 236, 234, 124, 75,
       239, 239, 127, 145, 178, 255, 203, 243, 190, 190, 223, 232, 149,
       200, 225, 137, 134, 172, 246, 255, 236, 169, 252, 206, 191, 179,
       242, 18, 237, 234, 92, 75, 239, 239, 127, 145, 178, 255, 203, 243,
       158, 254, 223, 236, 133, 249, 225, 137, 134, 172, 246, 255, 236,
       169, 252, 238, 191, 179, 242, 18, 237, 234, 92, 75, 239, 239, 127,
       147, 178, 255, 203, 243, 158, 250, 223, 204, 197, 248, 225, 137,
       230, 172, 164, 254, 237, 165, 236, 223, 191, 19, 240, 24, 234,
       235, 84, 91, 205, 239, 127, 145, 186, 111, 219, 243, 191, 250,
       223, 124, 211, 216, 242, 138, 204, 92, 61, 231, 32, 14, 127, 184,
