%YAML:1.0
---
descriptors: !!opencv-matrix
   rows: 240
   cols: 32
   dt: u
   data: [ 93, 29, 125, 103, 180, 78, 79, 188, 96, 232, 254, 64, 243,
       119, 137, 112, 118, 214, 92, 106, 249, 144, 121, 46, 229, 175, 37,
       148, 104, 243, 192, 57, 93, 213, 61, 239, 176, 47, 79, 191, 52,
       168, 255, 96, 215, 119, 137, 112, 86, 214, 28, 106, 249, 176, 105,
       62, 233, 239, 37, 148, 32, 242, 128, 41, 253, 113, 253, 103, 160,
       78, 87, 152, 97, 250, 183, 72, 211, 87, 73, 59, 20, 212, 124, 106,
       201, 244, 249, 40, 227, 233, 101, 20, 106, 243, 70, 241, 253, 112,
       189, 103, 32, 78, 87, 152, 113, 250, 183, 8, 215, 87, 73, 59, 148,
       212, 124, 106, 233, 229, 249, 32, 211, 249, 101, 52, 224, 179, 70,
       35, 252, 108, 252, 114, 136, 45, 85, 222, 211, 183, 164, 25, 83,
       249, 79, 27, 9, 214, 237, 26, 58, 103, 218, 50, 219, 203, 117, 61,
       243, 249, 206, 34, 248, 184, 253, 116, 136, 236, 85, 215, 163,
       255, 164, 24, 55, 247, 66, 59, 1, 246, 236, 16, 27, 79, 242, 32,
       219, 235, 117, 121, 226, 192, 198, 123, 230, 236, 222, 223, 252,
       171, 254, 239, 191, 179, 251, 18, 239, 234, 124, 75, 255, 255,
       127, 147, 114, 127, 203, 243, 190, 254, 255, 228, 149, 121, 227,
       137, 96, 168, 153, 255, 200, 237, 17, 151, 150, 19, 96, 24, 182,
       247, 64, 88, 193, 122, 104, 24, 18, 74, 218, 51, 205, 167, 84,
       120, 144, 72, 135, 170, 69, 71, 144, 39, 164, 62, 110, 136, 121,
       170, 123, 64, 207, 98, 201, 250, 179, 69, 108, 126, 20, 240, 201,
       98, 172, 255, 103, 68, 128, 243, 203, 5, 76, 119, 57, 103, 240,
       78, 55, 184, 57, 232, 127, 108, 222, 119, 137, 52, 148, 93, 253,
       98, 225, 208, 249, 110, 231, 255, 37, 134, 74, 179, 7, 115, 69,
       112, 25, 69, 5, 79, 99, 56, 104, 224, 35, 76, 214, 17, 9, 48, 144,
       68, 104, 106, 193, 240, 241, 12, 101, 184, 1, 52, 72, 51, 67, 34,
       92, 16, 189, 247, 172, 108, 93, 154, 174, 187, 191, 56, 223, 247,
       73, 90, 199, 87, 125, 8, 9, 65, 251, 0, 203, 251, 119, 156, 160,
       249, 7, 51, 125, 199, 117, 102, 172, 14, 71, 188, 225, 184, 174,
       76, 83, 97, 152, 119, 36, 198, 108, 110, 201, 97, 249, 44, 240,
       233, 101, 20, 106, 243, 194, 33, 20, 165, 185, 114, 155, 233, 19,
       203, 242, 181, 173, 24, 31, 247, 72, 56, 163, 155, 200, 16, 26,
       107, 186, 112, 219, 197, 21, 125, 224, 67, 135, 34, 236, 180, 189,
       97, 185, 111, 81, 27, 123, 187, 175, 24, 223, 119, 72, 59, 149,
       20, 125, 56, 185, 116, 241, 22, 207, 223, 117, 116, 194, 192, 199,
       35, 84, 221, 25, 175, 180, 15, 127, 188, 44, 168, 158, 32, 215,
       119, 9, 64, 246, 215, 93, 234, 121, 161, 73, 61, 237, 229, 47,
       212, 164, 243, 161, 49, 101, 93, 31, 103, 180, 46, 103, 176, 96,
       168, 46, 76, 211, 97, 145, 50, 20, 100, 108, 110, 233, 176, 241,
       46, 228, 175, 101, 0, 104, 243, 66, 33, 197, 116, 149, 69, 193,
       110, 54, 56, 121, 234, 99, 8, 222, 115, 1, 59, 145, 84, 120, 42,
       97, 244, 185, 74, 165, 186, 69, 6, 200, 115, 67, 3, 105, 189, 188,
       83, 217, 221, 85, 191, 123, 115, 44, 28, 190, 49, 70, 190, 129,
       90, 240, 24, 119, 120, 251, 51, 111, 223, 85, 127, 202, 84, 203,
       254, 208, 160, 159, 116, 10, 224, 17, 23, 178, 21, 160, 56, 55,
       151, 64, 123, 39, 255, 109, 144, 58, 79, 162, 1, 217, 161, 112,
       121, 160, 128, 166, 42, 248, 174, 254, 120, 138, 169, 81, 87, 178,
       23, 164, 185, 39, 167, 64, 27, 35, 178, 109, 144, 58, 79, 34, 51,
       219, 195, 112, 121, 224, 192, 134, 122, 244, 180, 253, 114, 168,
       108, 85, 153, 178, 191, 165, 24, 87, 247, 72, 27, 1, 214, 109, 26,
       58, 71, 251, 0, 217, 131, 117, 124, 224, 225, 198, 99, 45, 113,
       17, 97, 49, 95, 83, 24, 105, 232, 37, 8, 214, 16, 73, 48, 152, 28,
       80, 122, 69, 176, 241, 8, 103, 217, 1, 54, 74, 51, 74, 182, 254,
       172, 148, 186, 137, 253, 20, 143, 187, 55, 129, 25, 175, 250, 74,
       155, 129, 243, 236, 17, 62, 79, 218, 51, 153, 211, 93, 123, 144,
       68, 143, 14, 65, 53, 149, 101, 33, 78, 118, 48, 104, 200, 106, 76,
       222, 49, 1, 50, 144, 68, 104, 106, 65, 240, 209, 8, 229, 186, 68,
       6, 72, 115, 67, 3, 248, 184, 222, 114, 168, 173, 81, 223, 178, 63,
       164, 29, 55, 243, 66, 27, 129, 226, 77, 20, 58, 111, 218, 51, 219,
       195, 117, 121, 232, 192, 202, 139, 205, 117, 145, 71, 241, 127,
       55, 168, 121, 234, 111, 8, 222, 112, 77, 180, 145, 92, 64, 106,
       97, 240, 249, 78, 47, 159, 5, 38, 74, 115, 203, 166, 220, 188,
       189, 246, 136, 110, 69, 191, 178, 191, 167, 24, 119, 119, 72, 91,
       1, 214, 109, 10, 56, 77, 251, 35, 217, 227, 117, 52, 160, 240,
       134, 99, 252, 164, 252, 118, 169, 105, 85, 255, 179, 182, 164, 24,
       91, 247, 75, 31, 9, 214, 237, 10, 56, 79, 250, 34, 219, 203, 117,
       61, 226, 240, 198, 106, 252, 112, 189, 99, 40, 111, 83, 152, 107,
       186, 167, 24, 223, 87, 73, 59, 149, 212, 124, 122, 41, 103, 249,
       34, 203, 219, 101, 52, 192, 243, 70, 51, 236, 176, 188, 99, 173,
       125, 81, 152, 91, 63, 165, 24, 222, 125, 74, 59, 145, 16, 253, 50,
       58, 100, 251, 17, 207, 219, 81, 127, 210, 75, 70, 50, 230, 237,
       246, 255, 236, 171, 254, 239, 191, 179, 251, 26, 239, 234, 124,
       75, 255, 255, 127, 147, 250, 111, 203, 251, 190, 254, 223, 252,
       149, 248, 227, 129, 232, 180, 188, 250, 173, 253, 81, 15, 219, 59,
       173, 24, 190, 253, 72, 58, 137, 146, 253, 16, 58, 106, 250, 147,
       207, 223, 84, 127, 210, 72, 198, 42, 96, 184, 29, 250, 232, 237,
       65, 143, 158, 59, 160, 24, 182, 243, 72, 26, 129, 18, 106, 16, 19,
       107, 218, 49, 221, 130, 117, 124, 216, 72, 135, 42, 124, 109, 125,
       70, 140, 75, 71, 188, 64, 164, 172, 10, 115, 117, 193, 55, 24,
       212, 108, 106, 72, 99, 253, 40, 113, 201, 101, 52, 99, 250, 214,
       104, 141, 117, 57, 103, 112, 14, 63, 184, 61, 232, 127, 96, 222,
       119, 137, 48, 150, 93, 87, 106, 225, 144, 249, 78, 103, 255, 39,
       134, 74, 179, 3, 177, 22, 229, 118, 207, 254, 27, 238, 248, 127,
       160, 251, 10, 207, 234, 61, 96, 127, 237, 127, 227, 232, 243, 109,
       254, 190, 254, 207, 132, 103, 251, 97, 132, 217, 56, 189, 116, 9,
       252, 81, 23, 227, 87, 164, 24, 62, 181, 66, 59, 129, 246, 120, 8,
       58, 111, 178, 1, 211, 251, 80, 24, 194, 64, 198, 106, 77, 125, 17,
       71, 113, 14, 102, 184, 105, 232, 106, 76, 222, 80, 9, 180, 148,
       76, 68, 110, 193, 176, 217, 44, 37, 188, 5, 4, 74, 51, 67, 33, 22,
       229, 118, 167, 254, 11, 254, 232, 63, 160, 251, 138, 207, 238, 61,
       64, 127, 221, 127, 227, 224, 243, 201, 254, 190, 255, 143, 182,
       101, 255, 113, 129, 101, 99, 17, 69, 116, 15, 102, 56, 104, 168,
       123, 76, 214, 0, 145, 180, 144, 68, 100, 110, 193, 176, 201, 12,
       36, 188, 37, 4, 74, 179, 67, 37, 54, 229, 118, 207, 254, 11, 254,
       248, 127, 160, 251, 10, 207, 235, 61, 64, 254, 205, 127, 227, 224,
       243, 203, 254, 190, 254, 143, 150, 119, 187, 115, 129, 92, 49,
       189, 246, 40, 76, 89, 25, 175, 185, 183, 40, 223, 247, 73, 123,
       134, 213, 125, 88, 27, 65, 251, 0, 219, 249, 119, 188, 128, 163,
       7, 115, 252, 40, 123, 96, 2, 234, 83, 80, 160, 166, 165, 40, 19,
       151, 193, 27, 34, 244, 68, 122, 8, 247, 160, 8, 211, 201, 33, 32,
       227, 227, 102, 227, 216, 176, 188, 112, 41, 205, 89, 24, 187, 185,
       180, 24, 159, 159, 64, 59, 135, 149, 125, 24, 171, 107, 242, 17,
       219, 219, 113, 127, 194, 128, 7, 59, 125, 87, 85, 69, 180, 62, 70,
       184, 96, 170, 174, 76, 83, 49, 149, 183, 48, 196, 108, 110, 233,
       176, 253, 14, 38, 233, 101, 20, 106, 243, 66, 33, 248, 188, 188,
       248, 173, 253, 81, 91, 255, 59, 180, 24, 190, 255, 70, 59, 141,
       179, 253, 8, 186, 111, 242, 147, 219, 219, 113, 123, 210, 72, 206,
       43, 230, 172, 246, 223, 252, 43, 254, 238, 63, 179, 243, 18, 236,
       234, 85, 123, 255, 255, 127, 147, 178, 255, 203, 251, 190, 62,
       223, 170, 149, 249, 227, 137, 226, 236, 246, 223, 253, 47, 254,
