%YAML:1.0
---
descriptors: !!opencv-matrix
   rows: 197
   cols: 32
   dt: u
   data: [ 65, 37, 57, 37, 18, 74, 43, 44, 108, 224, 74, 0, 215, 23, 16,
       112, 50, 13, 121, 105, 1, 208, 245, 28, 229, 164, 11, 4, 32, 162,
       7, 98, 252, 176, 253, 114, 169, 109, 85, 223, 179, 63, 165, 56,
       95, 247, 72, 159, 5, 214, 236, 24, 59, 111, 250, 48, 219, 227,
       117, 125, 226, 193, 198, 115, 164, 164, 181, 145, 204, 233, 161,
       203, 222, 183, 169, 24, 150, 176, 72, 62, 137, 18, 106, 24, 51,
       111, 250, 18, 141, 22, 85, 124, 192, 73, 214, 224, 124, 188, 156,
       115, 168, 47, 87, 191, 179, 187, 190, 125, 215, 247, 74, 27, 133,
       215, 125, 30, 122, 73, 219, 51, 235, 255, 117, 252, 202, 241, 138,
       27, 231, 182, 252, 16, 234, 237, 185, 87, 187, 255, 181, 189, 18,
       188, 214, 59, 143, 151, 125, 21, 182, 111, 226, 82, 94, 26, 125,
       254, 197, 192, 199, 87, 116, 37, 154, 42, 219, 96, 19, 200, 163,
       149, 173, 25, 76, 231, 107, 26, 145, 217, 233, 114, 26, 67, 138,
       0, 219, 133, 5, 127, 144, 115, 174, 66, 248, 170, 254, 120, 170,
       232, 81, 214, 162, 31, 164, 56, 55, 199, 64, 27, 39, 182, 109, 24,
       58, 79, 162, 49, 219, 227, 112, 121, 226, 192, 6, 107, 240, 186,
       255, 112, 170, 232, 81, 215, 162, 31, 164, 56, 51, 215, 64, 26,
       39, 182, 108, 24, 26, 79, 162, 33, 217, 233, 112, 120, 224, 192,
       198, 107, 236, 96, 128, 218, 77, 45, 68, 204, 131, 182, 164, 8,
       138, 211, 73, 159, 201, 208, 235, 74, 74, 71, 218, 176, 147, 217,
       213, 63, 82, 123, 78, 170, 44, 42, 148, 122, 89, 181, 80, 202,
       231, 21, 165, 28, 138, 202, 77, 220, 201, 139, 234, 144, 14, 99,
       218, 241, 31, 221, 17, 127, 211, 69, 106, 134, 248, 188, 159, 112,
       168, 236, 69, 247, 179, 59, 172, 24, 55, 179, 64, 27, 7, 183, 108,
       24, 58, 79, 194, 51, 249, 231, 116, 120, 160, 192, 134, 171, 144,
       146, 223, 125, 178, 174, 121, 23, 54, 79, 118, 245, 247, 23, 130,
       89, 55, 62, 45, 28, 179, 220, 33, 31, 206, 175, 52, 192, 168, 192,
       132, 121, 197, 96, 189, 229, 36, 79, 111, 56, 106, 234, 51, 72,
       223, 51, 81, 51, 146, 69, 125, 110, 193, 212, 153, 72, 237, 219,
       103, 52, 8, 179, 67, 33, 65, 125, 125, 101, 48, 78, 127, 48, 104,
       232, 126, 64, 221, 31, 145, 112, 150, 117, 125, 110, 193, 144,
       177, 76, 231, 249, 42, 128, 12, 179, 67, 113, 152, 249, 49, 103,
       22, 79, 87, 252, 96, 204, 100, 8, 247, 81, 0, 48, 18, 124, 92,
       106, 73, 248, 249, 45, 225, 201, 37, 0, 106, 178, 135, 235, 108,
       99, 72, 103, 48, 11, 103, 168, 33, 164, 239, 137, 195, 97, 139,
       16, 24, 196, 108, 110, 72, 240, 201, 44, 230, 247, 37, 21, 96,
       179, 94, 2, 100, 164, 189, 123, 220, 237, 65, 139, 246, 55, 109,
       24, 210, 245, 72, 58, 137, 22, 106, 24, 18, 122, 251, 51, 77, 190,
       81, 116, 192, 73, 198, 34, 33, 113, 49, 69, 116, 223, 235, 52,
       109, 232, 122, 76, 246, 28, 148, 180, 148, 60, 86, 106, 193, 184,
       113, 28, 37, 28, 32, 176, 74, 138, 67, 253, 236, 98, 188, 99, 108,
       47, 67, 152, 123, 190, 54, 8, 211, 5, 209, 59, 157, 84, 108, 122,
       168, 116, 233, 32, 207, 219, 101, 52, 194, 251, 70, 161, 120, 176,
       251, 116, 9, 108, 81, 3, 227, 245, 166, 24, 59, 189, 68, 58, 129,
       247, 125, 16, 26, 75, 178, 129, 219, 249, 80, 123, 227, 160, 70,
       122, 124, 101, 43, 102, 81, 78, 71, 232, 33, 164, 239, 9, 67, 101,
       9, 82, 120, 212, 233, 98, 72, 147, 249, 14, 241, 164, 133, 21, 35,
       59, 118, 98, 116, 165, 154, 106, 217, 97, 19, 200, 163, 149, 173,
       9, 70, 199, 107, 26, 145, 89, 193, 114, 18, 67, 138, 16, 251, 133,
       5, 127, 194, 115, 167, 226, 100, 101, 105, 69, 208, 74, 111, 40,
       97, 164, 111, 136, 195, 67, 25, 20, 58, 204, 65, 106, 72, 176,
       237, 14, 101, 140, 133, 5, 99, 179, 70, 224, 240, 186, 159, 48,
       170, 233, 81, 83, 162, 157, 160, 189, 55, 215, 64, 27, 167, 183,
       109, 16, 26, 75, 130, 33, 217, 193, 113, 120, 224, 192, 134, 107,
       236, 122, 252, 97, 36, 47, 115, 144, 123, 166, 54, 12, 215, 1,
       195, 27, 150, 100, 109, 122, 160, 244, 249, 40, 198, 219, 101, 52,
       194, 249, 70, 33, 246, 237, 248, 50, 136, 105, 93, 140, 171, 244,
       165, 153, 135, 199, 75, 27, 135, 215, 237, 82, 126, 79, 234, 50,
       251, 209, 69, 125, 192, 113, 143, 82, 68, 224, 140, 51, 136, 201,
       153, 140, 170, 53, 129, 153, 149, 239, 72, 26, 131, 213, 105, 145,
       22, 77, 219, 97, 205, 134, 95, 125, 192, 1, 135, 82, 207, 172,
       172, 23, 140, 60, 173, 135, 250, 247, 134, 157, 243, 236, 222,
       175, 133, 70, 249, 29, 191, 77, 255, 162, 139, 123, 223, 113, 140,
       252, 219, 124, 1, 49, 113, 67, 112, 223, 234, 48, 109, 104, 123,
       108, 255, 20, 148, 180, 150, 8, 86, 110, 197, 176, 117, 93, 36,
       60, 32, 128, 78, 130, 67, 181, 205, 96, 157, 229, 36, 15, 103, 48,
       104, 162, 35, 72, 215, 51, 65, 51, 18, 68, 120, 106, 97, 244, 145,
       72, 237, 219, 71, 36, 8, 179, 67, 32, 184, 32, 249, 104, 76, 105,
       81, 95, 82, 55, 164, 24, 23, 149, 72, 58, 73, 156, 69, 24, 42,
       103, 227, 18, 219, 205, 48, 125, 242, 200, 70, 226, 152, 249, 57,
       103, 0, 78, 71, 188, 112, 192, 230, 8, 247, 87, 1, 49, 18, 252,
       76, 106, 105, 188, 121, 47, 227, 201, 37, 16, 98, 178, 70, 43, 78,
       115, 16, 165, 178, 26, 62, 184, 45, 228, 78, 237, 205, 102, 139,
       212, 54, 93, 233, 99, 196, 144, 213, 72, 180, 101, 15, 134, 46,
       247, 15, 85, 254, 176, 245, 114, 171, 120, 88, 159, 179, 187, 181,
       185, 11, 247, 76, 159, 163, 215, 253, 144, 58, 79, 154, 162, 219,
       218, 117, 255, 162, 196, 198, 51, 242, 190, 245, 88, 169, 253, 81,
       207, 155, 159, 160, 57, 34, 237, 68, 31, 137, 178, 237, 16, 58,
       111, 234, 51, 27, 218, 85, 123, 211, 72, 198, 239, 94, 231, 188,
       230, 187, 64, 31, 232, 163, 190, 141, 169, 76, 231, 75, 18, 183,
       213, 237, 226, 98, 67, 170, 123, 251, 199, 109, 191, 34, 115, 7,
       99, 124, 103, 104, 103, 20, 74, 71, 168, 53, 164, 239, 169, 195,
       33, 137, 16, 88, 212, 108, 106, 72, 176, 233, 14, 231, 229, 37,
       21, 99, 251, 70, 98, 241, 44, 141, 54, 136, 110, 69, 39, 186, 179,
       130, 88, 247, 114, 16, 123, 129, 230, 124, 8, 57, 79, 203, 43,
       153, 178, 221, 16, 128, 112, 210, 40, 100, 197, 61, 109, 184, 79,
       71, 172, 110, 248, 170, 8, 214, 117, 9, 83, 145, 68, 108, 106,
       104, 96, 121, 28, 237, 187, 101, 52, 208, 123, 198, 98, 129, 188,
       143, 117, 132, 174, 109, 183, 118, 91, 66, 84, 243, 225, 144, 123,
       1, 110, 120, 12, 179, 220, 211, 51, 76, 170, 245, 64, 168, 192,
       208, 56, 120, 184, 115, 120, 73, 221, 81, 71, 227, 85, 164, 9, 59,
       157, 70, 52, 168, 186, 213, 16, 155, 43, 178, 145, 83, 217, 16,
       123, 99, 132, 198, 254, 120, 184, 243, 112, 73, 236, 81, 83, 163,
       85, 164, 8, 27, 159, 68, 62, 128, 151, 253, 16, 26, 75, 178, 129,
       219, 249, 16, 123, 227, 0, 70, 98, 100, 197, 53, 101, 184, 79, 71,
       189, 111, 168, 170, 8, 214, 49, 0, 114, 145, 84, 108, 106, 73,
       112, 249, 28, 237, 190, 101, 52, 64, 58, 198, 34, 216, 168, 158,
       242, 136, 233, 80, 151, 166, 19, 130, 25, 183, 243, 64, 91, 129,
       38, 108, 16, 58, 77, 195, 49, 219, 227, 112, 89, 160, 64, 218, 10,
       12, 165, 177, 115, 157, 237, 37, 207, 238, 191, 173, 24, 150, 240,
       72, 190, 129, 26, 234, 24, 18, 105, 234, 50, 253, 150, 21, 127,
       194, 74, 199, 162, 242, 188, 245, 120, 169, 249, 80, 207, 219, 59,
       176, 57, 42, 253, 68, 191, 141, 179, 237, 16, 62, 111, 202, 179,
       155, 219, 85, 127, 243, 72, 198, 31, 124, 148, 141, 246, 136, 110,
       85, 155, 50, 247, 199, 24, 215, 119, 75, 123, 69, 214, 125, 10,
       57, 82, 251, 32, 219, 227, 245, 92, 162, 227, 134, 114, 252, 20,
       181, 254, 137, 100, 85, 187, 51, 178, 131, 24, 215, 119, 73, 123,
       209, 215, 125, 34, 120, 71, 219, 34, 217, 235, 117, 60, 160, 113,
       132, 34, 92, 160, 137, 187, 24, 173, 11, 136, 54, 181, 129, 153,
