%YAML:1.0
---
descriptors: !!opencv-matrix
   rows: 159
   cols: 32
   dt: u
   data: [ 252, 180, 181, 250, 141, 125, 81, 216, 255, 127, 181, 27, 79,
       255, 75, 155, 253, 209, 253, 18, 190, 103, 251, 179, 219, 219, 81,
       127, 243, 93, 102, 83, 133, 174, 215, 251, 172, 171, 236, 255,
       254, 155, 186, 242, 249, 235, 220, 43, 111, 239, 126, 142, 186,
       239, 207, 243, 172, 186, 247, 196, 197, 240, 227, 169, 190, 223,
       253, 151, 181, 86, 255, 252, 63, 223, 255, 167, 238, 126, 158,
       167, 255, 247, 183, 247, 239, 242, 123, 239, 255, 127, 239, 199,
       207, 127, 239, 247, 252, 113, 252, 242, 169, 95, 87, 216, 179,
       254, 181, 9, 223, 223, 75, 219, 247, 213, 253, 114, 76, 71, 251,
       176, 219, 217, 103, 63, 50, 119, 134, 115, 47, 87, 112, 231, 245,
       54, 254, 184, 127, 232, 255, 231, 205, 127, 159, 228, 254, 221,
       159, 231, 205, 178, 105, 238, 254, 253, 175, 135, 79, 247, 107,
       215, 158, 245, 116, 239, 61, 91, 254, 252, 61, 72, 255, 35, 239,
       126, 29, 97, 254, 221, 223, 227, 232, 179, 121, 254, 183, 253,
       143, 151, 87, 55, 103, 247, 190, 116, 246, 239, 173, 62, 254, 216,
       125, 202, 255, 2, 223, 127, 29, 41, 255, 213, 255, 255, 168, 247,
       233, 234, 247, 255, 239, 148, 231, 255, 99, 209, 190, 254, 181,
       151, 173, 118, 159, 248, 59, 223, 245, 103, 238, 126, 207, 175,
       255, 255, 255, 215, 239, 246, 251, 235, 191, 119, 207, 215, 207,
       127, 47, 247, 188, 112, 252, 98, 169, 87, 87, 152, 3, 254, 181,
       40, 91, 95, 75, 59, 219, 213, 253, 250, 42, 103, 123, 50, 219,
       203, 229, 181, 242, 179, 78, 115, 216, 188, 191, 250, 169, 205,
       85, 215, 187, 91, 180, 92, 191, 247, 64, 123, 165, 243, 253, 24,
       123, 79, 186, 49, 219, 219, 116, 250, 170, 208, 166, 123, 133,
       142, 223, 255, 228, 170, 109, 159, 126, 179, 114, 246, 255, 227,
       208, 121, 127, 238, 62, 28, 179, 252, 239, 255, 204, 187, 247,
       128, 237, 248, 193, 169, 197, 174, 206, 187, 236, 235, 236, 239,
       254, 179, 242, 178, 253, 235, 248, 123, 107, 239, 126, 157, 50,
       255, 207, 243, 220, 175, 247, 229, 181, 216, 241, 137, 133, 174,
       205, 255, 236, 171, 236, 255, 126, 191, 242, 246, 237, 227, 144,
       73, 127, 239, 110, 156, 178, 252, 79, 243, 188, 190, 247, 196,
       228, 240, 227, 169, 193, 142, 214, 247, 236, 171, 108, 255, 126,
       187, 242, 118, 253, 227, 216, 123, 127, 238, 126, 140, 179, 254,
       207, 243, 252, 170, 119, 224, 189, 248, 233, 137, 133, 188, 215,
       255, 252, 175, 236, 255, 126, 123, 242, 242, 253, 251, 152, 235,
       111, 207, 126, 136, 187, 252, 79, 247, 188, 186, 255, 196, 236,
       240, 233, 185, 254, 180, 190, 250, 237, 253, 81, 235, 191, 95,
       181, 25, 78, 253, 110, 255, 205, 147, 255, 17, 62, 111, 250, 179,
       155, 219, 80, 127, 210, 77, 238, 247, 58, 189, 190, 188, 173, 253,
       221, 231, 191, 255, 244, 27, 174, 190, 102, 250, 233, 255, 255,
       129, 62, 107, 242, 243, 251, 255, 223, 59, 211, 124, 255, 223,
       141, 190, 255, 247, 254, 175, 237, 219, 127, 251, 247, 118, 255,
       233, 216, 107, 127, 239, 126, 28, 179, 252, 239, 243, 222, 255,
       119, 212, 237, 232, 225, 161, 139, 190, 254, 255, 238, 187, 236,
       254, 255, 243, 254, 247, 255, 235, 150, 225, 127, 239, 127, 157,
       181, 249, 239, 255, 254, 251, 255, 128, 239, 252, 233, 221, 175,
       221, 254, 223, 253, 222, 255, 252, 63, 254, 255, 167, 252, 254,
       159, 231, 255, 247, 255, 231, 229, 243, 123, 255, 255, 127, 207,
       199, 71, 255, 45, 247, 252, 112, 180, 250, 173, 125, 81, 216, 191,
       255, 181, 25, 223, 223, 75, 155, 157, 209, 253, 18, 46, 103, 251,
       176, 219, 219, 71, 127, 210, 29, 70, 115, 142, 253, 254, 255, 253,
       127, 255, 248, 63, 238, 254, 39, 204, 255, 95, 228, 255, 255, 255,
       247, 244, 243, 251, 254, 255, 255, 143, 199, 199, 127, 237, 215,
       142, 245, 126, 255, 253, 95, 255, 252, 63, 254, 255, 55, 222, 255,
       62, 241, 255, 223, 255, 231, 244, 243, 251, 255, 255, 255, 239,
       183, 23, 255, 239, 247, 126, 229, 18, 238, 253, 127, 222, 232,
       191, 174, 249, 11, 78, 254, 47, 84, 249, 255, 239, 227, 104, 99,
       219, 255, 191, 246, 143, 63, 83, 127, 238, 198, 126, 101, 114,
       174, 221, 71, 254, 236, 61, 128, 251, 11, 78, 251, 45, 208, 248,
       221, 255, 227, 108, 227, 219, 238, 191, 255, 143, 31, 67, 127,
       108, 2, 158, 109, 118, 239, 157, 15, 254, 232, 61, 162, 250, 3,
       206, 255, 61, 80, 250, 221, 255, 227, 104, 179, 153, 254, 243,
       255, 143, 55, 7, 127, 121, 130, 252, 113, 253, 230, 169, 95, 87,
       248, 163, 254, 189, 9, 223, 255, 75, 27, 220, 213, 253, 106, 200,
       99, 251, 176, 251, 217, 101, 191, 98, 251, 70, 115, 124, 125, 189,
       230, 169, 95, 95, 188, 163, 238, 190, 13, 255, 127, 75, 83, 151,
       247, 253, 98, 204, 67, 251, 168, 251, 217, 101, 189, 34, 247, 134,
       115, 220, 255, 188, 230, 172, 126, 95, 188, 175, 238, 190, 173,
       255, 127, 75, 115, 247, 215, 253, 227, 232, 65, 251, 170, 251,
       255, 111, 189, 32, 243, 135, 115, 39, 117, 114, 175, 252, 27, 254,
       232, 63, 224, 251, 135, 204, 238, 31, 64, 254, 205, 255, 231, 196,
       179, 253, 254, 190, 252, 143, 134, 85, 255, 97, 213, 150, 245,
       114, 175, 254, 11, 254, 232, 61, 224, 251, 167, 207, 239, 63, 65,
       254, 221, 255, 231, 232, 179, 201, 254, 190, 252, 143, 182, 7,
       191, 245, 209, 222, 117, 118, 239, 125, 15, 254, 252, 61, 170,
       243, 34, 204, 255, 61, 65, 254, 221, 255, 227, 232, 183, 73, 254,
       182, 251, 207, 134, 119, 187, 101, 147, 127, 253, 254, 222, 253,
       255, 255, 237, 191, 254, 253, 15, 238, 254, 127, 246, 255, 255,
       255, 246, 255, 99, 251, 255, 255, 255, 207, 255, 215, 127, 255,
       247, 205, 191, 253, 255, 252, 127, 255, 255, 255, 238, 180, 182,
       253, 255, 190, 115, 127, 247, 255, 174, 241, 111, 255, 255, 255,
       255, 247, 188, 191, 248, 231, 249, 191, 245, 254, 215, 245, 223,
       255, 248, 63, 252, 255, 39, 110, 254, 191, 246, 255, 255, 191,
       247, 239, 242, 251, 255, 255, 127, 239, 199, 7, 255, 253, 247,
       254, 191, 182, 183, 189, 255, 254, 248, 191, 255, 191, 63, 238,
       254, 79, 255, 255, 255, 255, 215, 191, 211, 251, 255, 255, 215,
       207, 255, 142, 127, 175, 215, 205, 158, 189, 119, 172, 46, 125,
       151, 127, 251, 54, 116, 223, 63, 128, 123, 135, 87, 125, 28, 241,
       236, 251, 98, 207, 251, 118, 212, 202, 208, 195, 123, 237, 190,
       189, 247, 237, 253, 125, 159, 223, 255, 183, 92, 251, 253, 94,
       187, 205, 214, 255, 30, 191, 108, 251, 179, 239, 223, 117, 244,
       202, 253, 222, 123, 252, 112, 252, 242, 173, 93, 81, 216, 251,
       254, 181, 25, 223, 223, 75, 187, 221, 213, 253, 114, 170, 103,
       251, 146, 219, 219, 85, 63, 243, 253, 78, 115, 106, 180, 190, 250,
       237, 253, 81, 107, 159, 95, 189, 25, 238, 253, 126, 250, 205, 147,
       255, 17, 62, 111, 250, 211, 219, 223, 214, 123, 210, 76, 206, 223,
       137, 166, 255, 251, 254, 171, 237, 255, 127, 251, 246, 246, 255,
       235, 218, 105, 127, 239, 126, 156, 179, 252, 239, 247, 222, 255,
       247, 192, 239, 200, 225, 241, 139, 190, 254, 255, 254, 187, 237,
       255, 127, 243, 246, 246, 255, 235, 214, 228, 127, 239, 255, 141,
       165, 248, 239, 255, 254, 255, 255, 192, 239, 204, 233, 221, 139,
       190, 254, 255, 254, 187, 255, 255, 127, 254, 246, 247, 237, 239,
       150, 229, 127, 239, 255, 141, 183, 253, 239, 255, 254, 255, 255,
       192, 239, 252, 249, 221, 126, 101, 114, 238, 93, 79, 254, 232, 61,
       160, 251, 11, 74, 251, 47, 208, 248, 221, 255, 227, 108, 179, 217,
       238, 255, 255, 143, 31, 19, 127, 108, 130, 158, 101, 118, 239,
       157, 15, 254, 232, 61, 166, 255, 3, 207, 251, 61, 64, 250, 221,
       255, 227, 104, 179, 153, 238, 247, 255, 143, 23, 7, 127, 109, 130,
       78, 101, 118, 239, 253, 95, 254, 232, 61, 166, 255, 2, 206, 123,
       29, 116, 254, 221, 255, 227, 96, 179, 249, 238, 247, 254, 143, 7,
