%YAML:1.0
---
descriptors: !!opencv-matrix
   rows: 45
   cols: 32
   dt: u
   data: [ 221, 253, 159, 231, 172, 110, 111, 188, 173, 234, 190, 72,
       255, 247, 137, 115, 149, 246, 124, 106, 89, 209, 251, 47, 255,
       251, 103, 28, 10, 243, 194, 57, 237, 120, 252, 99, 252, 31, 71,
       156, 115, 250, 183, 76, 219, 89, 223, 190, 93, 204, 126, 126, 237,
       118, 253, 186, 238, 223, 37, 52, 202, 187, 202, 245, 78, 231, 189,
       246, 185, 64, 31, 168, 186, 190, 13, 168, 108, 231, 73, 82, 151,
       87, 233, 114, 98, 67, 170, 51, 249, 247, 77, 191, 128, 115, 7, 99,
       240, 168, 142, 186, 140, 237, 65, 199, 162, 19, 132, 25, 183, 243,
       80, 27, 201, 162, 89, 25, 58, 79, 210, 49, 217, 163, 254, 121,
       136, 72, 154, 10, 248, 156, 222, 124, 170, 124, 84, 55, 240, 27,
       166, 24, 91, 51, 0, 123, 35, 246, 108, 40, 57, 109, 147, 13, 211,
       235, 116, 25, 234, 224, 202, 3, 242, 180, 245, 122, 169, 253, 80,
       207, 219, 59, 177, 57, 42, 253, 76, 187, 143, 147, 237, 16, 62,
       111, 202, 51, 155, 219, 85, 127, 211, 72, 198, 55, 108, 99, 104,
       37, 100, 10, 231, 56, 105, 172, 119, 169, 195, 9, 155, 19, 24, 68,
       101, 110, 200, 240, 205, 8, 102, 249, 97, 5, 66, 179, 86, 192,
       124, 103, 124, 103, 16, 75, 71, 40, 49, 164, 239, 168, 195, 101,
       9, 20, 88, 220, 228, 98, 104, 178, 233, 14, 119, 231, 37, 21, 99,
       59, 70, 98, 126, 247, 253, 110, 187, 64, 31, 232, 179, 188, 173,
       169, 108, 231, 73, 18, 151, 85, 237, 114, 98, 67, 170, 27, 251,
       231, 109, 191, 34, 115, 7, 115, 248, 172, 255, 116, 171, 248, 84,
       199, 243, 187, 164, 24, 59, 255, 68, 59, 171, 247, 253, 16, 58,
       111, 162, 35, 219, 219, 85, 59, 227, 240, 198, 43, 208, 164, 159,
       250, 136, 169, 64, 143, 182, 19, 163, 88, 183, 243, 72, 91, 129,
       178, 108, 16, 58, 77, 203, 49, 217, 195, 117, 121, 176, 64, 194,
       10, 100, 52, 149, 247, 169, 110, 21, 138, 178, 191, 137, 24, 214,
       247, 73, 27, 129, 87, 121, 34, 57, 67, 251, 48, 205, 178, 93, 126,
       128, 97, 134, 114, 212, 168, 158, 186, 168, 172, 16, 198, 170, 19,
       128, 25, 182, 243, 96, 27, 161, 115, 105, 16, 50, 79, 154, 49,
       217, 163, 127, 121, 128, 81, 167, 2, 208, 164, 189, 117, 140, 111,
       145, 7, 254, 191, 146, 24, 151, 188, 72, 43, 129, 23, 109, 17, 58,
       109, 227, 3, 201, 163, 117, 117, 192, 72, 133, 107, 126, 247, 252,
       230, 58, 66, 31, 232, 51, 182, 173, 171, 77, 231, 203, 18, 55,
       213, 237, 226, 104, 67, 171, 31, 250, 231, 109, 191, 39, 179, 39,
       115, 124, 117, 121, 103, 218, 91, 87, 168, 49, 172, 255, 168, 83,
       117, 137, 52, 24, 220, 228, 98, 104, 178, 233, 14, 119, 231, 37,
       151, 99, 59, 102, 227, 226, 188, 156, 186, 232, 173, 21, 255, 187,
       31, 164, 29, 182, 243, 66, 27, 135, 251, 111, 20, 50, 79, 218,
       115, 253, 150, 92, 122, 216, 80, 131, 123, 100, 49, 149, 247, 137,
       108, 21, 139, 170, 187, 171, 24, 214, 247, 73, 58, 129, 87, 125,
       18, 25, 65, 219, 32, 141, 182, 93, 126, 128, 113, 134, 51, 124,
       119, 121, 79, 250, 91, 23, 184, 51, 164, 253, 168, 67, 119, 143,
       52, 30, 220, 228, 98, 104, 242, 237, 30, 119, 231, 37, 183, 99,
       243, 6, 225, 252, 186, 222, 48, 42, 169, 80, 210, 179, 63, 180,
       189, 63, 231, 74, 27, 167, 241, 237, 20, 42, 71, 138, 51, 218,
       195, 113, 249, 234, 193, 14, 19, 126, 247, 252, 110, 26, 83, 31,
       248, 51, 182, 173, 168, 73, 103, 203, 22, 55, 221, 237, 226, 104,
       67, 239, 127, 251, 231, 173, 189, 39, 243, 38, 113, 77, 119, 49,
       7, 244, 30, 103, 184, 121, 236, 127, 76, 222, 112, 159, 180, 148,
       76, 100, 110, 197, 176, 249, 78, 46, 126, 37, 132, 74, 243, 75,
       245, 54, 99, 96, 7, 87, 91, 247, 72, 97, 228, 255, 171, 67, 76,
       159, 52, 122, 204, 196, 227, 204, 178, 237, 140, 54, 116, 1, 151,
       103, 191, 86, 214, 252, 188, 220, 50, 171, 233, 88, 223, 179, 251,
       180, 189, 31, 255, 74, 27, 167, 215, 253, 148, 62, 79, 138, 50,
       218, 211, 117, 253, 170, 196, 142, 83, 210, 190, 156, 178, 170,
       173, 29, 223, 187, 251, 137, 253, 158, 254, 74, 27, 167, 147, 253,
       17, 191, 79, 154, 115, 217, 19, 93, 255, 136, 64, 143, 27, 220,
       117, 157, 230, 168, 78, 87, 184, 160, 186, 131, 8, 215, 119, 9,
       59, 149, 213, 125, 98, 105, 71, 219, 10, 249, 227, 101, 28, 32,
       243, 7, 51, 252, 127, 121, 111, 250, 91, 87, 184, 49, 166, 253,
       168, 83, 119, 141, 48, 31, 220, 236, 226, 104, 246, 237, 46, 119,
       231, 37, 181, 115, 243, 134, 225, 72, 252, 145, 115, 217, 205, 55,
       174, 59, 55, 40, 24, 174, 55, 68, 182, 129, 91, 224, 82, 98, 88,
       251, 115, 47, 214, 21, 119, 194, 81, 135, 234, 249, 140, 127, 118,
       180, 234, 71, 183, 112, 75, 174, 56, 115, 117, 144, 112, 49, 246,
       92, 56, 185, 173, 45, 63, 251, 239, 52, 80, 225, 226, 198, 105,
       200, 181, 181, 97, 177, 111, 53, 175, 59, 63, 40, 24, 158, 55, 72,
       59, 145, 23, 232, 48, 51, 124, 249, 19, 239, 215, 85, 119, 194,
       80, 135, 123, 109, 97, 173, 231, 60, 66, 79, 168, 99, 224, 143,
       40, 211, 119, 217, 50, 88, 220, 120, 235, 73, 210, 237, 8, 233,
       245, 141, 53, 4, 243, 86, 96, 221, 189, 157, 39, 157, 47, 150,
       184, 86, 250, 139, 72, 214, 121, 73, 34, 149, 93, 120, 115, 173,
       99, 217, 46, 249, 207, 13, 116, 200, 107, 1, 3, 253, 113, 65, 103,
       208, 75, 79, 184, 49, 224, 243, 141, 83, 69, 137, 148, 28, 204,
       84, 238, 105, 178, 221, 46, 252, 204, 37, 180, 107, 187, 66, 240,
       252, 122, 214, 54, 43, 9, 84, 220, 179, 186, 177, 125, 111, 203,
       73, 155, 175, 245, 236, 82, 108, 103, 138, 162, 242, 211, 85, 63,
       235, 125, 202, 27, 205, 180, 149, 67, 161, 126, 53, 29, 123, 187,
       47, 88, 222, 115, 76, 191, 145, 21, 120, 48, 49, 244, 249, 66,
       175, 222, 85, 102, 202, 66, 131, 51, 231, 237, 200, 94, 236, 25,
       206, 172, 219, 162, 177, 136, 224, 232, 223, 166, 155, 239, 98,
       110, 244, 103, 206, 235, 44, 30, 69, 56, 205, 251, 202, 132, 254,
       190, 246, 114, 171, 120, 92, 154, 179, 187, 182, 249, 75, 255,
       205, 187, 167, 215, 253, 144, 58, 79, 138, 162, 219, 219, 117,
       255, 170, 241, 206, 19, 230, 242, 250, 26, 250, 253, 146, 200,
       235, 87, 181, 61, 98, 200, 110, 24, 191, 227, 206, 82, 158, 39,
       142, 115, 90, 29, 16, 123, 201, 19, 206, 87, 225, 168, 220, 80,
       236, 253, 240, 207, 218, 247, 36, 25, 50, 184, 70, 59, 137, 106,
       98, 20, 54, 126, 242, 0, 95, 139, 117, 123, 193, 72, 222, 206,
       201, 180, 157, 117, 185, 108, 53, 55, 250, 187, 170, 84, 246, 50,
       64, 123, 129, 103, 108, 16, 49, 108, 211, 6, 205, 243, 119, 80,
       200, 64, 195, 27, 208, 168, 142, 250, 140, 233, 64, 207, 166, 19,
       132, 24, 183, 243, 64, 27, 193, 34, 121, 24, 58, 77, 202, 49, 219,
       131, 116, 121, 168, 72, 218, 10, 201, 188, 158, 114, 233, 252,
       112, 151, 251, 91, 165, 24, 190, 243, 74, 122, 161, 87, 252, 24,
       55, 79, 186, 99, 219, 251, 85, 123, 202, 64, 139, 19, 145, 168,
       143, 117, 132, 238, 97, 23, 118, 83, 66, 84, 179, 177, 208, 121,
       33, 46, 52, 28, 187, 252, 183, 51, 204, 171, 116, 64, 232, 192,
       208, 184, 199, 190, 156, 178, 234, 173, 61, 255, 186, 123, 132,
       253, 252, 247, 74, 59, 167, 83, 127, 17, 179, 79, 154, 115, 252,
       19, 127, 252, 152, 80, 139, 155, 127, 99, 173, 167, 154, 79, 79,
       184, 34, 232, 143, 136, 211, 102, 219, 50, 52, 213, 125, 239, 201,
       210, 237, 8, 253, 199, 237, 180, 164, 243, 22, 97 ]
