%YAML:1.0
---
descriptors: !!opencv-matrix
   rows: 289
   cols: 32
   dt: u
   data: [ 120, 187, 250, 120, 154, 232, 81, 87, 179, 21, 172, 56, 55,
       183, 66, 26, 3, 178, 237, 16, 26, 75, 162, 49, 219, 197, 52, 121,
       224, 192, 166, 107, 108, 117, 57, 103, 61, 79, 71, 168, 114, 224,
       168, 8, 242, 117, 73, 48, 152, 84, 88, 106, 73, 114, 249, 62, 239,
       221, 5, 52, 66, 59, 70, 114, 120, 184, 188, 124, 138, 232, 81, 23,
       162, 23, 164, 56, 55, 183, 66, 90, 39, 182, 109, 16, 26, 79, 178,
       17, 219, 231, 112, 121, 160, 192, 134, 106, 216, 24, 159, 116,
       168, 106, 65, 51, 164, 219, 166, 56, 247, 55, 0, 123, 1, 247, 125,
       8, 57, 77, 179, 4, 209, 163, 112, 80, 160, 224, 164, 51, 13, 117,
       49, 69, 117, 30, 102, 184, 125, 232, 106, 76, 222, 81, 13, 180,
       148, 76, 80, 106, 225, 176, 121, 14, 39, 252, 5, 6, 74, 51, 67,
       177, 37, 113, 145, 71, 85, 95, 102, 184, 107, 232, 43, 72, 214,
       81, 77, 182, 144, 92, 82, 122, 65, 240, 249, 46, 45, 156, 5, 54,
       74, 59, 66, 160, 36, 241, 49, 67, 221, 79, 67, 168, 74, 113, 41,
       8, 210, 85, 76, 52, 145, 92, 64, 122, 67, 48, 249, 21, 45, 156, 5,
       118, 82, 59, 70, 160, 13, 95, 149, 103, 176, 30, 111, 188, 116,
       234, 95, 68, 213, 115, 153, 112, 54, 108, 60, 110, 225, 144, 125,
       46, 236, 239, 39, 132, 42, 243, 129, 49, 117, 85, 125, 102, 164,
       78, 71, 184, 96, 232, 191, 76, 87, 119, 137, 115, 20, 212, 124,
       106, 201, 163, 249, 44, 243, 233, 101, 20, 104, 243, 66, 49, 253,
       112, 249, 103, 44, 78, 87, 152, 112, 250, 181, 8, 215, 87, 73, 59,
       156, 212, 116, 106, 233, 102, 251, 0, 215, 217, 101, 60, 97, 179,
       70, 243, 120, 176, 253, 112, 168, 252, 81, 151, 162, 255, 164, 24,
       19, 183, 74, 58, 5, 214, 125, 24, 26, 111, 242, 49, 219, 203, 116,
       121, 226, 192, 198, 123, 224, 252, 157, 218, 204, 237, 69, 143,
       218, 59, 160, 24, 182, 243, 72, 59, 129, 210, 106, 24, 115, 111,
       218, 115, 253, 146, 85, 124, 216, 88, 199, 42, 69, 245, 157, 71,
       185, 15, 55, 184, 122, 248, 43, 76, 246, 112, 73, 50, 145, 68,
       104, 106, 227, 96, 219, 31, 173, 158, 5, 54, 72, 51, 67, 35, 96,
       245, 145, 121, 189, 77, 84, 143, 123, 49, 40, 24, 182, 51, 76,
       114, 129, 19, 104, 16, 123, 104, 219, 55, 173, 222, 20, 126, 208,
       88, 196, 42, 21, 69, 89, 101, 20, 79, 71, 168, 118, 162, 235, 10,
       83, 115, 9, 112, 49, 220, 72, 106, 104, 176, 89, 30, 249, 142, 5,
       20, 113, 251, 64, 32, 100, 101, 31, 102, 93, 199, 231, 232, 224,
       160, 235, 8, 112, 247, 41, 48, 248, 244, 82, 235, 73, 227, 184,
       76, 113, 142, 135, 12, 65, 51, 102, 162, 116, 117, 117, 68, 141,
       111, 71, 184, 193, 166, 169, 72, 82, 117, 205, 55, 12, 212, 76,
       106, 233, 99, 249, 14, 185, 156, 69, 62, 99, 251, 70, 117, 69,
       113, 149, 101, 129, 78, 119, 16, 104, 234, 34, 104, 214, 49, 193,
       63, 144, 84, 124, 106, 65, 240, 241, 8, 205, 184, 101, 6, 200,
       114, 67, 51, 96, 191, 156, 62, 168, 233, 20, 175, 155, 191, 188,
       189, 230, 253, 66, 19, 135, 119, 237, 0, 54, 72, 202, 59, 234,
       247, 117, 59, 192, 248, 142, 27, 124, 205, 156, 126, 139, 9, 23,
       172, 146, 22, 173, 9, 110, 227, 11, 91, 17, 210, 232, 66, 106, 67,
       203, 59, 243, 231, 85, 59, 114, 123, 140, 10, 248, 184, 180, 248,
       45, 253, 80, 87, 251, 123, 180, 24, 190, 191, 66, 59, 141, 179,
       253, 16, 186, 111, 242, 147, 219, 219, 80, 123, 210, 76, 71, 91,
       145, 142, 223, 59, 164, 170, 109, 183, 118, 3, 98, 212, 247, 99,
       176, 121, 115, 110, 44, 12, 51, 220, 45, 59, 204, 174, 116, 64,
       184, 192, 224, 40, 145, 143, 205, 119, 180, 170, 101, 159, 118,
       163, 106, 240, 243, 97, 144, 121, 19, 110, 44, 12, 59, 252, 77,
       63, 204, 174, 53, 64, 236, 192, 192, 40, 148, 172, 130, 59, 134,
       171, 100, 239, 118, 3, 106, 146, 227, 227, 72, 201, 121, 234, 34,
       152, 58, 252, 77, 51, 140, 134, 215, 64, 176, 209, 232, 136, 205,
       112, 180, 101, 33, 30, 119, 152, 121, 234, 55, 76, 222, 113, 201,
       191, 150, 68, 108, 110, 225, 244, 249, 8, 167, 251, 101, 6, 74,
       119, 75, 39, 205, 120, 157, 117, 33, 110, 83, 16, 121, 234, 38, 8,
       254, 51, 65, 59, 128, 116, 124, 122, 33, 228, 249, 40, 199, 251,
       97, 16, 202, 113, 67, 59, 193, 142, 207, 27, 236, 168, 101, 175,
       246, 19, 98, 212, 177, 226, 216, 107, 67, 110, 106, 28, 51, 252,
       207, 51, 12, 162, 247, 64, 220, 208, 193, 168, 237, 112, 189, 99,
       45, 111, 115, 136, 123, 250, 39, 8, 214, 113, 73, 59, 145, 84,
       120, 122, 33, 116, 249, 34, 207, 219, 69, 118, 200, 123, 67, 34,
       244, 101, 253, 114, 136, 109, 71, 220, 242, 182, 165, 24, 83, 247,
       72, 59, 9, 214, 108, 74, 56, 103, 250, 32, 209, 139, 117, 60, 225,
       243, 198, 98, 205, 116, 157, 103, 161, 111, 119, 152, 120, 234,
       111, 8, 214, 113, 73, 59, 177, 84, 120, 106, 97, 244, 185, 42,
       229, 251, 69, 22, 200, 115, 67, 35, 77, 117, 189, 103, 213, 78,
       55, 136, 123, 232, 111, 8, 222, 115, 13, 50, 145, 93, 120, 122,
       33, 240, 249, 74, 239, 255, 69, 38, 202, 115, 67, 51, 120, 174,
       154, 112, 170, 169, 81, 199, 163, 191, 172, 185, 39, 231, 66, 26,
       167, 179, 237, 16, 26, 75, 138, 49, 219, 197, 117, 121, 160, 192,
       134, 107, 45, 113, 17, 97, 49, 95, 83, 8, 105, 232, 43, 8, 222,
       17, 69, 180, 144, 156, 68, 114, 73, 176, 241, 12, 231, 221, 1, 54,
       74, 35, 66, 50, 240, 34, 255, 96, 34, 75, 65, 83, 224, 182, 160,
       56, 19, 151, 193, 59, 46, 180, 68, 24, 24, 79, 160, 0, 89, 137,
       117, 100, 225, 160, 70, 99, 77, 244, 156, 71, 225, 126, 119, 184,
       121, 234, 111, 12, 222, 112, 77, 182, 145, 84, 120, 106, 245, 240,
       249, 106, 111, 255, 69, 6, 202, 115, 75, 22, 248, 188, 222, 114,
       168, 173, 85, 223, 179, 31, 164, 29, 51, 243, 66, 27, 5, 242, 109,
       24, 58, 79, 218, 51, 219, 203, 116, 121, 224, 208, 198, 43, 36,
       165, 57, 97, 157, 111, 21, 169, 74, 181, 45, 24, 214, 53, 72, 48,
       145, 28, 64, 48, 18, 120, 121, 20, 237, 148, 5, 119, 192, 10, 198,
       34, 69, 113, 145, 69, 97, 92, 55, 0, 105, 200, 35, 8, 222, 16, 77,
       62, 144, 92, 96, 106, 69, 240, 241, 0, 7, 184, 69, 14, 74, 115,
       67, 167, 77, 85, 16, 71, 49, 86, 118, 56, 109, 168, 111, 68, 222,
       115, 9, 244, 214, 85, 56, 106, 65, 144, 81, 78, 167, 255, 3, 2,
       74, 51, 75, 55, 36, 113, 57, 67, 112, 15, 67, 24, 100, 172, 37, 8,
       210, 19, 9, 48, 152, 28, 68, 106, 72, 50, 121, 28, 103, 156, 33,
       52, 64, 155, 70, 163, 252, 188, 245, 114, 171, 233, 81, 222, 179,
       63, 165, 56, 14, 247, 72, 159, 39, 215, 237, 24, 58, 79, 170, 115,
       219, 211, 85, 123, 226, 192, 134, 99, 216, 152, 159, 116, 170,
       108, 81, 23, 179, 159, 166, 56, 119, 183, 64, 91, 37, 247, 109, 0,
       56, 79, 162, 0, 217, 227, 116, 88, 160, 224, 166, 107, 13, 125,
       16, 69, 117, 30, 230, 184, 121, 232, 110, 76, 222, 48, 21, 180,
       148, 92, 84, 106, 229, 176, 217, 78, 39, 254, 37, 4, 74, 179, 75,
       165, 85, 85, 125, 103, 176, 14, 79, 184, 117, 234, 127, 68, 211,
       119, 137, 112, 22, 84, 60, 110, 233, 144, 125, 46, 231, 175, 37,
       132, 40, 243, 64, 49, 237, 112, 185, 103, 108, 79, 71, 152, 114,
       250, 37, 8, 211, 93, 89, 59, 152, 92, 116, 122, 201, 118, 249, 2,
       71, 217, 101, 52, 200, 251, 86, 243, 108, 52, 185, 99, 189, 111,
       83, 152, 75, 255, 189, 24, 223, 93, 73, 58, 145, 212, 92, 58, 27,
       102, 249, 16, 203, 221, 5, 125, 210, 123, 70, 115, 252, 112, 189,
       99, 40, 111, 83, 152, 98, 250, 167, 24, 215, 87, 73, 58, 145, 212,
       124, 122, 11, 100, 251, 2, 195, 219, 101, 52, 224, 243, 70, 115,
       248, 184, 189, 112, 168, 77, 81, 23, 179, 255, 164, 25, 151, 183,
       66, 27, 135, 151, 253, 16, 42, 79, 210, 3, 219, 195, 116, 57, 226,
       192, 6, 123, 252, 180, 252, 118, 136, 109, 85, 191, 179, 183, 165,
       24, 83, 247, 73, 27, 9, 214, 236, 10, 120, 103, 251, 34, 219, 203,
