%YAML:1.0
---
descriptors: !!opencv-matrix
   rows: 250
   cols: 32
   dt: u
   data: [ 5, 223, 27, 103, 176, 14, 111, 188, 124, 234, 94, 100, 245,
       115, 153, 96, 55, 110, 52, 110, 225, 208, 125, 47, 236, 175, 39,
       128, 8, 243, 129, 185, 85, 221, 125, 103, 176, 78, 111, 184, 112,
       234, 127, 100, 243, 119, 137, 112, 54, 86, 28, 106, 233, 144, 121,
       46, 232, 239, 37, 132, 104, 243, 192, 49, 253, 113, 253, 103, 44,
       78, 87, 152, 97, 250, 183, 72, 211, 85, 201, 59, 20, 212, 124,
       106, 233, 103, 249, 40, 227, 249, 101, 60, 107, 243, 70, 115, 93,
       93, 125, 231, 176, 78, 79, 188, 96, 232, 191, 104, 247, 119, 137,
       113, 54, 244, 93, 106, 233, 129, 121, 46, 227, 239, 37, 148, 98,
       243, 192, 49, 93, 93, 125, 231, 176, 78, 79, 188, 36, 168, 255,
       96, 247, 119, 137, 112, 54, 246, 92, 106, 233, 145, 121, 46, 241,
       239, 37, 144, 32, 243, 192, 33, 16, 149, 91, 239, 180, 110, 79,
       191, 52, 168, 251, 96, 215, 119, 136, 112, 54, 223, 93, 106, 121,
       152, 121, 46, 233, 239, 37, 148, 32, 243, 132, 49, 236, 176, 189,
       115, 173, 109, 81, 152, 91, 127, 165, 24, 222, 125, 72, 59, 153,
       19, 253, 16, 58, 102, 251, 16, 203, 219, 81, 127, 210, 73, 70, 99,
       236, 112, 189, 115, 40, 110, 83, 152, 123, 187, 165, 24, 215, 87,
       73, 59, 149, 212, 124, 122, 41, 102, 251, 32, 203, 219, 97, 60,
       192, 243, 70, 51, 236, 180, 188, 114, 237, 125, 81, 155, 251, 123,
       165, 24, 222, 125, 72, 59, 153, 146, 253, 24, 59, 102, 250, 19,
       207, 219, 81, 127, 210, 73, 198, 242, 232, 180, 188, 250, 141,
       253, 84, 143, 219, 59, 164, 24, 190, 189, 72, 59, 137, 26, 251, 0,
       58, 110, 242, 147, 235, 219, 84, 123, 210, 72, 198, 170, 108, 181,
       149, 115, 157, 109, 80, 27, 127, 57, 171, 88, 222, 51, 72, 250,
       145, 22, 108, 16, 59, 104, 219, 146, 207, 223, 85, 118, 218, 72,
       192, 2, 118, 237, 134, 254, 205, 239, 254, 237, 159, 162, 233, 10,
       202, 251, 53, 83, 249, 239, 123, 227, 120, 99, 218, 254, 179, 255,
       199, 63, 147, 123, 242, 130, 252, 244, 253, 246, 173, 127, 95,
       184, 187, 190, 191, 24, 223, 255, 73, 59, 151, 215, 253, 122, 234,
       103, 235, 179, 255, 255, 103, 254, 194, 243, 199, 115, 116, 109,
       59, 84, 93, 198, 231, 96, 249, 192, 233, 8, 82, 255, 45, 48, 216,
       253, 83, 226, 105, 227, 186, 78, 49, 190, 139, 26, 65, 51, 102,
       162, 69, 241, 149, 71, 153, 12, 55, 184, 110, 176, 43, 76, 246,
       112, 72, 50, 145, 70, 104, 126, 195, 112, 217, 117, 173, 188, 5,
       102, 200, 51, 195, 34, 249, 56, 189, 116, 13, 108, 81, 23, 227,
       247, 166, 24, 54, 181, 66, 59, 129, 118, 120, 8, 169, 109, 178, 0,
       219, 251, 85, 56, 194, 96, 70, 122, 230, 236, 222, 191, 188, 59,
       254, 239, 191, 187, 251, 18, 237, 234, 93, 203, 255, 239, 255,
       163, 48, 255, 203, 255, 190, 255, 223, 151, 133, 249, 235, 129,
       20, 181, 185, 114, 155, 236, 17, 202, 242, 149, 173, 24, 30, 247,
       72, 58, 161, 155, 64, 16, 26, 107, 186, 114, 219, 197, 21, 111,
       225, 65, 167, 162, 227, 188, 166, 250, 253, 189, 220, 255, 255,
       59, 184, 24, 234, 236, 84, 123, 205, 247, 127, 145, 190, 111, 251,
       247, 191, 222, 223, 122, 210, 220, 242, 12, 230, 172, 214, 223,
       236, 47, 254, 239, 191, 187, 243, 18, 236, 234, 92, 91, 255, 223,
       127, 131, 114, 255, 203, 251, 190, 190, 223, 172, 149, 121, 243,
       137, 245, 95, 23, 101, 52, 14, 102, 184, 104, 170, 107, 76, 211,
       97, 153, 114, 176, 68, 108, 110, 225, 176, 153, 14, 228, 239, 37,
       20, 104, 243, 82, 33, 229, 7, 77, 103, 180, 46, 111, 186, 112,
       170, 127, 92, 211, 97, 153, 112, 21, 70, 108, 110, 233, 180, 109,
       46, 228, 191, 37, 148, 200, 243, 210, 33, 229, 199, 13, 103, 180,
       14, 103, 189, 112, 170, 122, 92, 211, 97, 152, 114, 21, 70, 108,
       46, 249, 176, 237, 46, 236, 239, 37, 148, 72, 242, 210, 33, 17,
       142, 219, 107, 176, 170, 111, 159, 118, 3, 110, 196, 243, 99, 144,
       112, 115, 78, 12, 12, 59, 156, 109, 63, 232, 175, 54, 64, 184,
       194, 224, 40, 233, 253, 188, 115, 201, 221, 85, 159, 123, 243, 44,
       24, 190, 55, 70, 190, 129, 90, 248, 24, 119, 104, 251, 51, 239,
       223, 85, 127, 202, 80, 207, 62, 197, 252, 141, 19, 172, 47, 167,
       156, 122, 251, 3, 92, 214, 112, 89, 43, 145, 70, 120, 127, 241,
       116, 251, 34, 173, 10, 101, 116, 200, 123, 211, 48, 208, 168, 159,
       116, 138, 224, 17, 7, 162, 23, 162, 24, 55, 151, 64, 123, 33, 247,
       105, 16, 59, 79, 162, 1, 217, 225, 112, 121, 160, 0, 166, 42, 248,
       174, 254, 122, 138, 233, 81, 199, 178, 23, 164, 185, 39, 231, 64,
       27, 35, 178, 237, 16, 58, 79, 162, 51, 217, 195, 113, 121, 224,
       192, 134, 106, 246, 236, 20, 186, 137, 237, 20, 238, 187, 22, 128,
       25, 238, 242, 72, 155, 129, 243, 236, 3, 110, 79, 218, 55, 153,
       210, 93, 59, 16, 85, 143, 14, 148, 54, 253, 97, 162, 107, 97, 91,
       112, 190, 166, 56, 83, 23, 193, 59, 39, 148, 108, 56, 57, 244,
       161, 0, 73, 139, 117, 116, 225, 224, 70, 97, 69, 112, 153, 101, 1,
       78, 119, 8, 104, 226, 35, 8, 214, 49, 73, 58, 144, 84, 104, 106,
       65, 240, 249, 0, 197, 184, 69, 6, 72, 115, 67, 34, 69, 117, 145,
       71, 245, 15, 102, 184, 121, 232, 47, 76, 214, 113, 73, 180, 149,
       76, 120, 110, 193, 240, 249, 14, 47, 190, 5, 38, 74, 115, 195, 48,
       93, 221, 125, 102, 176, 78, 79, 188, 33, 168, 191, 72, 247, 119,
       137, 113, 22, 214, 124, 106, 249, 129, 249, 46, 241, 239, 37, 148,
       32, 243, 192, 49, 236, 52, 189, 99, 173, 125, 81, 152, 91, 255,
       181, 24, 222, 93, 75, 59, 153, 212, 125, 58, 59, 102, 251, 18,
       207, 219, 81, 125, 194, 123, 70, 115, 148, 244, 155, 239, 180, 47,
       111, 188, 54, 170, 223, 112, 215, 119, 137, 64, 119, 223, 29, 122,
       57, 148, 105, 62, 237, 239, 39, 196, 160, 243, 129, 113, 252, 172,
       252, 118, 169, 109, 85, 255, 179, 191, 164, 24, 83, 247, 75, 31,
       9, 214, 237, 10, 56, 79, 250, 32, 219, 203, 117, 61, 226, 240,
       198, 98, 104, 180, 188, 250, 173, 253, 81, 15, 223, 63, 173, 24,
       190, 253, 72, 59, 129, 147, 253, 16, 58, 106, 251, 147, 207, 223,
       84, 127, 210, 72, 198, 42, 252, 58, 157, 244, 169, 44, 84, 158,
       162, 186, 176, 120, 95, 247, 65, 219, 135, 215, 237, 2, 72, 71,
       202, 0, 211, 235, 117, 184, 226, 112, 130, 35, 104, 189, 182, 252,
       157, 221, 84, 231, 223, 31, 172, 24, 174, 251, 36, 50, 201, 242,
       251, 16, 58, 107, 242, 191, 251, 255, 212, 123, 210, 92, 214, 10,
       54, 237, 166, 239, 221, 79, 238, 236, 63, 160, 233, 10, 78, 235,
       61, 80, 249, 207, 123, 227, 104, 243, 217, 238, 191, 222, 199, 53,
       83, 123, 246, 130, 69, 247, 145, 99, 148, 14, 102, 184, 106, 184,
       43, 76, 214, 112, 73, 50, 145, 68, 108, 126, 195, 112, 217, 29,
       173, 188, 37, 68, 72, 51, 67, 33, 249, 56, 191, 116, 13, 252, 81,
       23, 227, 215, 164, 24, 54, 181, 66, 59, 129, 54, 120, 8, 170, 111,
       178, 33, 211, 251, 84, 58, 194, 64, 198, 106, 22, 237, 118, 143,
       255, 11, 254, 232, 127, 160, 251, 10, 207, 234, 61, 64, 251, 205,
       127, 227, 224, 243, 217, 255, 189, 254, 143, 20, 101, 123, 241,
       128, 54, 101, 246, 207, 252, 11, 254, 232, 127, 160, 251, 2, 206,
       106, 61, 64, 254, 205, 127, 227, 224, 243, 201, 254, 188, 190,
       143, 180, 117, 123, 115, 129, 101, 99, 17, 69, 116, 15, 102, 56,
       104, 168, 123, 76, 210, 0, 157, 180, 144, 76, 68, 110, 193, 176,
       193, 12, 36, 156, 33, 20, 72, 179, 90, 133, 38, 101, 242, 207,
       252, 11, 238, 232, 127, 160, 251, 10, 235, 234, 29, 80, 122, 205,
       127, 227, 200, 243, 203, 238, 190, 255, 175, 188, 85, 251, 115,
       128, 92, 65, 222, 231, 44, 10, 127, 152, 174, 186, 151, 0, 223,
       107, 153, 91, 118, 197, 125, 106, 72, 193, 203, 140, 230, 235,
       239, 148, 36, 179, 1, 1, 84, 181, 185, 114, 155, 232, 17, 206,
       178, 149, 173, 56, 22, 247, 73, 58, 129, 95, 200, 144, 27, 75,
