%YAML:1.0
---
descriptors: !!opencv-matrix
   rows: 232
   cols: 32
   dt: u
   data: [ 120, 48, 255, 116, 136, 253, 81, 87, 163, 127, 164, 8, 51,
       183, 66, 59, 33, 182, 205, 8, 26, 107, 242, 17, 211, 203, 112, 57,
       226, 192, 70, 122, 205, 113, 189, 103, 36, 78, 119, 184, 104, 250,
       55, 76, 223, 117, 201, 51, 148, 84, 124, 106, 193, 240, 249, 40,
       231, 249, 101, 52, 72, 179, 67, 113, 85, 93, 125, 103, 176, 78,
       111, 188, 96, 232, 254, 100, 247, 55, 129, 115, 54, 212, 92, 106,
       233, 144, 121, 46, 231, 237, 101, 128, 104, 243, 194, 57, 252,
       172, 253, 118, 168, 109, 71, 254, 179, 190, 164, 24, 83, 119, 65,
       31, 1, 214, 109, 42, 104, 71, 250, 42, 251, 203, 117, 60, 226,
       240, 198, 234, 236, 52, 189, 99, 173, 111, 81, 152, 91, 255, 37,
       24, 222, 93, 73, 59, 145, 84, 252, 58, 51, 100, 251, 18, 207, 219,
       65, 126, 194, 107, 71, 115, 224, 168, 153, 250, 204, 205, 17, 143,
       138, 17, 164, 24, 182, 243, 104, 114, 193, 18, 106, 24, 19, 111,
       218, 49, 221, 161, 50, 121, 144, 8, 135, 42, 252, 92, 157, 116,
       168, 44, 85, 182, 160, 190, 182, 120, 95, 55, 65, 91, 135, 215,
       109, 2, 104, 71, 218, 32, 211, 227, 117, 156, 96, 241, 135, 59,
       232, 180, 188, 250, 173, 253, 85, 15, 223, 95, 172, 24, 190, 189,
       74, 59, 201, 146, 251, 16, 58, 110, 242, 147, 207, 223, 84, 123,
       210, 72, 198, 106, 208, 140, 94, 245, 184, 106, 95, 167, 180, 166,
       166, 144, 215, 35, 0, 83, 35, 247, 109, 42, 120, 205, 65, 14, 233,
       235, 117, 17, 32, 240, 132, 42, 104, 181, 53, 99, 157, 93, 84,
       173, 95, 57, 41, 24, 222, 125, 72, 240, 145, 22, 120, 16, 91, 120,
       219, 151, 239, 223, 21, 119, 82, 74, 196, 42, 104, 253, 182, 252,
       157, 253, 85, 231, 223, 143, 236, 24, 170, 255, 100, 52, 201, 242,
       251, 16, 58, 107, 242, 187, 251, 255, 214, 123, 210, 92, 214, 106,
       246, 109, 59, 126, 93, 198, 199, 224, 249, 128, 225, 8, 82, 223,
       53, 49, 216, 253, 83, 195, 105, 227, 186, 110, 49, 188, 133, 26,
       65, 51, 102, 162, 149, 228, 27, 227, 84, 79, 103, 232, 86, 160,
       65, 8, 211, 209, 121, 97, 57, 76, 18, 106, 97, 244, 57, 30, 237,
       142, 5, 36, 16, 187, 80, 160, 92, 165, 185, 114, 155, 233, 17,
       203, 162, 181, 173, 24, 31, 247, 72, 26, 35, 219, 104, 16, 26, 75,
       186, 53, 251, 197, 21, 125, 224, 65, 135, 98, 216, 182, 188, 240,
       169, 173, 89, 159, 187, 59, 182, 24, 191, 191, 72, 59, 135, 151,
       253, 24, 186, 77, 251, 19, 219, 251, 113, 188, 194, 192, 71, 59,
       101, 135, 29, 103, 180, 46, 102, 191, 112, 234, 123, 76, 211, 96,
       152, 114, 21, 70, 108, 46, 249, 184, 77, 15, 236, 175, 37, 84,
       104, 226, 194, 33, 234, 188, 180, 248, 173, 253, 80, 223, 255,
       187, 180, 24, 187, 185, 84, 27, 201, 230, 127, 24, 186, 111, 251,
       179, 219, 219, 213, 123, 210, 200, 210, 11, 97, 199, 12, 103, 180,
       14, 103, 189, 112, 10, 122, 76, 243, 97, 152, 112, 21, 70, 108,
       110, 249, 184, 77, 47, 228, 174, 36, 16, 72, 242, 210, 41, 250,
       172, 164, 254, 189, 191, 92, 255, 191, 59, 244, 24, 235, 251, 84,
       91, 205, 239, 127, 153, 186, 111, 251, 247, 191, 219, 223, 252,
       210, 216, 226, 138, 197, 244, 189, 87, 172, 47, 231, 152, 122,
       251, 3, 92, 214, 112, 217, 43, 17, 68, 120, 63, 177, 116, 249, 34,
       109, 10, 101, 116, 200, 123, 209, 48, 252, 56, 247, 112, 42, 232,
       65, 82, 162, 159, 164, 56, 23, 215, 192, 27, 39, 244, 109, 24, 58,
       79, 170, 33, 217, 195, 117, 120, 224, 129, 6, 99, 205, 52, 157,
       229, 161, 126, 113, 19, 57, 251, 39, 20, 158, 55, 65, 251, 133,
       85, 120, 24, 49, 212, 241, 66, 207, 251, 87, 70, 138, 96, 131, 51,
       220, 44, 191, 112, 138, 232, 81, 23, 178, 183, 164, 56, 55, 183,
       64, 27, 39, 247, 237, 144, 58, 79, 162, 34, 217, 195, 117, 121,
       224, 192, 134, 106, 248, 170, 254, 112, 138, 233, 81, 215, 178,
       23, 164, 185, 55, 167, 64, 27, 35, 178, 237, 144, 58, 79, 162, 51,
       217, 195, 116, 121, 160, 192, 134, 106, 244, 180, 220, 114, 168,
       237, 85, 223, 178, 63, 165, 25, 23, 183, 74, 27, 3, 215, 109, 16,
       58, 79, 218, 51, 251, 195, 117, 125, 224, 192, 134, 99, 69, 113,
       147, 69, 1, 78, 118, 0, 104, 234, 35, 8, 222, 48, 65, 58, 144, 92,
       96, 106, 65, 240, 177, 0, 141, 184, 69, 6, 72, 115, 67, 50, 69,
       87, 20, 101, 17, 14, 102, 56, 120, 40, 107, 76, 214, 50, 13, 114,
       148, 68, 108, 110, 225, 240, 217, 78, 165, 190, 97, 4, 72, 179,
       67, 33, 248, 174, 220, 114, 168, 173, 85, 223, 178, 191, 164, 29,
       55, 227, 66, 27, 1, 246, 109, 28, 58, 79, 218, 49, 219, 203, 117,
       125, 224, 192, 198, 2, 77, 245, 145, 103, 181, 15, 103, 184, 123,
       234, 47, 76, 214, 113, 73, 182, 148, 68, 120, 110, 225, 240, 249,
       14, 239, 255, 5, 52, 74, 50, 67, 48, 252, 188, 253, 118, 169, 109,
       69, 191, 179, 190, 164, 24, 123, 119, 64, 27, 1, 246, 237, 42, 56,
       79, 250, 42, 219, 203, 117, 60, 226, 240, 198, 107, 85, 213, 125,
       103, 176, 78, 79, 189, 100, 232, 255, 96, 215, 119, 136, 112, 22,
       214, 92, 106, 249, 144, 121, 46, 229, 239, 37, 148, 32, 242, 196,
       49, 224, 176, 25, 250, 232, 237, 1, 143, 138, 25, 160, 24, 182,
       211, 72, 122, 129, 18, 106, 24, 19, 111, 218, 49, 221, 161, 53,
       124, 216, 8, 135, 162, 132, 252, 185, 255, 180, 14, 111, 188, 62,
       175, 119, 48, 247, 231, 200, 64, 119, 95, 63, 202, 106, 212, 233,
       51, 237, 175, 191, 132, 164, 243, 133, 161, 84, 157, 57, 231, 180,
       110, 79, 184, 116, 168, 255, 96, 215, 119, 137, 112, 55, 214, 93,
       122, 169, 144, 105, 62, 233, 239, 37, 212, 32, 243, 68, 33, 236,
       112, 189, 99, 32, 111, 83, 152, 123, 250, 183, 24, 223, 87, 73,
       59, 149, 84, 124, 122, 169, 244, 249, 2, 199, 219, 101, 52, 194,
       243, 70, 115, 148, 237, 255, 191, 236, 139, 255, 252, 62, 191,
       243, 144, 247, 239, 89, 91, 255, 127, 127, 219, 122, 248, 203, 51,
       236, 171, 255, 132, 164, 249, 133, 249, 220, 26, 149, 246, 169,
       44, 84, 183, 162, 187, 178, 121, 255, 179, 65, 91, 135, 247, 125,
       2, 88, 71, 203, 32, 209, 243, 117, 186, 224, 112, 131, 43, 232,
       180, 188, 123, 173, 125, 81, 27, 127, 63, 173, 24, 222, 125, 74,
       59, 153, 18, 253, 16, 58, 108, 251, 147, 207, 223, 81, 127, 210,
       74, 198, 114, 224, 109, 21, 94, 93, 205, 198, 166, 219, 128, 224,
       8, 182, 248, 5, 49, 200, 250, 82, 67, 107, 110, 210, 127, 161,
       184, 20, 58, 88, 25, 98, 174, 69, 103, 148, 39, 160, 42, 110, 136,
       104, 162, 43, 64, 199, 98, 217, 218, 147, 68, 108, 126, 68, 240,
       205, 40, 172, 254, 103, 4, 192, 243, 75, 4, 248, 154, 248, 120,
       170, 233, 83, 146, 67, 61, 52, 56, 51, 17, 66, 27, 3, 210, 196,
       88, 58, 110, 67, 49, 75, 201, 116, 121, 243, 137, 198, 43, 120,
       176, 188, 120, 41, 141, 89, 24, 187, 63, 181, 24, 191, 159, 64,
       59, 133, 149, 253, 16, 170, 111, 242, 17, 219, 251, 113, 124, 194,
       128, 70, 59, 232, 188, 180, 248, 173, 253, 92, 215, 255, 187, 180,
       24, 191, 185, 68, 27, 201, 182, 127, 24, 186, 111, 242, 147, 219,
       219, 85, 123, 210, 72, 214, 11, 248, 180, 190, 248, 173, 253, 81,
       87, 251, 123, 180, 24, 191, 189, 64, 59, 205, 179, 253, 24, 186,
       111, 242, 147, 219, 219, 80, 123, 210, 200, 70, 43, 194, 172, 246,
       255, 253, 175, 252, 239, 255, 187, 242, 26, 236, 234, 20, 91, 251,
       239, 127, 145, 176, 239, 219, 255, 189, 254, 223, 248, 213, 249,
       243, 137, 242, 172, 230, 252, 253, 173, 220, 239, 255, 59, 250,
       26, 235, 233, 92, 91, 233, 239, 127, 145, 186, 111, 219, 243, 191,
       222, 223, 120, 195, 216, 226, 10, 234, 188, 180, 252, 173, 253,
       92, 255, 255, 187, 180, 24, 170, 249, 84, 91, 201, 239, 127, 153,
       186, 111, 243, 243, 159, 223, 215, 122, 210, 216, 242, 138, 134,
       236, 214, 223, 254, 43, 252, 239, 191, 179, 242, 18, 236, 234,
       124, 75, 107, 239, 127, 145, 50, 255, 203, 251, 188, 190, 223,
