%YAML:1.0
---
descriptors: !!opencv-matrix
   rows: 275
   cols: 32
   dt: u
   data: [ 192, 184, 157, 240, 137, 236, 113, 151, 186, 91, 34, 24, 182,
       151, 64, 123, 129, 23, 120, 24, 51, 77, 178, 51, 205, 187, 80,
       120, 200, 64, 135, 59, 4, 231, 197, 67, 214, 123, 103, 136, 118,
       247, 47, 152, 195, 96, 219, 220, 51, 78, 98, 126, 50, 240, 109,
       50, 46, 14, 69, 101, 230, 251, 196, 228, 100, 107, 113, 103, 112,
       74, 102, 184, 105, 168, 123, 104, 195, 77, 149, 48, 146, 220, 100,
       98, 72, 176, 201, 44, 39, 252, 33, 21, 66, 179, 70, 133, 205, 116,
       221, 101, 166, 31, 102, 184, 114, 242, 103, 76, 211, 121, 221,
       163, 23, 76, 112, 110, 229, 244, 221, 14, 110, 239, 69, 4, 111,
       251, 88, 16, 228, 112, 189, 101, 32, 79, 103, 24, 104, 234, 39, 8,
       215, 21, 65, 59, 144, 84, 124, 106, 233, 244, 249, 8, 231, 217,
       101, 52, 64, 243, 70, 115, 116, 36, 156, 182, 140, 40, 68, 138,
       162, 179, 139, 25, 215, 225, 73, 155, 129, 198, 104, 51, 56, 65,
       203, 32, 216, 195, 117, 60, 168, 121, 154, 2, 81, 128, 188, 59,
       141, 253, 80, 143, 206, 119, 164, 24, 183, 48, 90, 123, 129, 3,
       104, 28, 30, 109, 255, 49, 139, 219, 84, 125, 208, 72, 133, 110,
       108, 224, 189, 103, 45, 73, 83, 136, 234, 176, 175, 8, 243, 245,
       73, 50, 144, 84, 104, 90, 10, 97, 251, 33, 207, 221, 69, 119, 66,
       58, 70, 34, 116, 229, 248, 102, 184, 77, 71, 156, 50, 191, 189, 8,
       83, 119, 73, 26, 25, 214, 109, 56, 24, 99, 235, 34, 251, 143, 101,
       252, 224, 243, 198, 51, 124, 169, 248, 96, 140, 109, 81, 155, 99,
       189, 173, 8, 19, 55, 73, 58, 9, 214, 108, 24, 26, 106, 250, 16,
       219, 205, 37, 125, 224, 235, 198, 34, 240, 168, 44, 48, 13, 217,
       192, 207, 207, 183, 160, 25, 162, 136, 86, 155, 137, 160, 236, 21,
       30, 111, 202, 177, 155, 217, 209, 123, 192, 12, 222, 78, 84, 244,
       157, 100, 26, 78, 87, 184, 178, 162, 175, 8, 215, 119, 73, 115,
       51, 84, 108, 106, 105, 65, 185, 14, 249, 167, 101, 52, 32, 243, 7,
       50, 221, 52, 191, 116, 168, 126, 93, 178, 232, 254, 167, 29, 223,
       63, 91, 59, 167, 213, 253, 55, 185, 197, 185, 0, 219, 251, 117,
       212, 232, 241, 7, 115, 236, 180, 188, 97, 173, 111, 83, 153, 115,
       191, 165, 24, 215, 117, 72, 59, 153, 212, 104, 58, 58, 102, 249,
       19, 207, 219, 69, 117, 208, 75, 198, 34, 229, 112, 189, 97, 37,
       111, 99, 152, 123, 234, 38, 8, 214, 21, 65, 59, 145, 84, 120, 122,
       33, 244, 249, 8, 207, 219, 69, 116, 192, 123, 70, 98, 68, 221, 61,
       231, 48, 78, 111, 184, 36, 168, 126, 96, 215, 119, 137, 112, 22,
       84, 124, 106, 105, 144, 249, 46, 229, 255, 37, 148, 32, 179, 4,
       49, 204, 252, 185, 227, 136, 79, 95, 152, 58, 179, 175, 24, 215,
       117, 73, 26, 149, 221, 125, 114, 122, 86, 249, 50, 255, 217, 101,
       116, 128, 251, 135, 50, 68, 221, 29, 231, 176, 78, 111, 184, 36,
       168, 254, 96, 215, 119, 137, 114, 22, 214, 125, 106, 105, 144,
       249, 47, 237, 175, 37, 148, 32, 243, 132, 113, 252, 68, 220, 103,
       136, 74, 87, 172, 112, 178, 167, 24, 215, 115, 9, 91, 19, 212,
       104, 106, 104, 100, 217, 42, 247, 235, 69, 21, 96, 243, 206, 34,
       244, 133, 93, 111, 184, 10, 71, 184, 96, 160, 175, 8, 215, 115,
       136, 115, 22, 212, 108, 106, 104, 161, 105, 12, 241, 171, 101, 20,
       96, 187, 64, 32, 93, 84, 223, 101, 36, 14, 71, 180, 32, 162, 174,
       76, 211, 49, 129, 115, 84, 196, 108, 106, 105, 225, 241, 12, 227,
       235, 101, 20, 104, 251, 64, 56, 242, 168, 24, 248, 93, 205, 145,
       207, 139, 49, 164, 24, 178, 157, 68, 49, 201, 154, 219, 16, 90,
       107, 218, 53, 219, 209, 21, 127, 209, 8, 222, 170, 92, 89, 253,
       101, 36, 14, 71, 48, 96, 168, 134, 72, 215, 115, 145, 123, 50,
       244, 124, 106, 137, 193, 249, 8, 225, 235, 101, 20, 168, 179, 82,
       33, 88, 168, 191, 118, 138, 232, 21, 135, 170, 159, 174, 56, 191,
       183, 64, 58, 167, 247, 236, 16, 26, 73, 163, 32, 217, 227, 117,
       121, 224, 80, 135, 107, 163, 166, 230, 217, 236, 187, 236, 223,
       127, 115, 254, 247, 105, 170, 246, 253, 127, 239, 127, 157, 191,
       255, 231, 243, 30, 122, 255, 192, 239, 204, 249, 157, 128, 190,
       239, 191, 238, 235, 253, 207, 62, 247, 242, 179, 245, 238, 240,
       73, 127, 255, 127, 149, 178, 254, 207, 115, 124, 170, 255, 192,
       181, 88, 231, 219, 221, 188, 157, 52, 170, 125, 85, 155, 242, 255,
       166, 60, 223, 55, 74, 58, 135, 215, 236, 16, 61, 109, 243, 50,
       219, 199, 117, 117, 232, 225, 142, 115, 20, 221, 189, 247, 180,
       238, 111, 191, 54, 235, 90, 96, 247, 119, 137, 64, 119, 127, 61,
       56, 57, 216, 105, 47, 237, 167, 47, 196, 160, 240, 133, 121, 77,
       85, 61, 101, 48, 78, 107, 56, 104, 104, 127, 64, 222, 117, 137,
       113, 180, 84, 124, 106, 225, 176, 121, 78, 231, 255, 33, 4, 74,
       179, 67, 49, 100, 71, 17, 103, 48, 78, 110, 188, 57, 168, 107, 73,
       195, 71, 12, 208, 212, 220, 108, 110, 73, 144, 217, 14, 167, 252,
       5, 4, 66, 179, 198, 48, 36, 113, 53, 103, 0, 15, 103, 184, 86,
       176, 107, 76, 211, 37, 73, 112, 21, 92, 104, 110, 201, 240, 121,
       30, 237, 158, 5, 52, 88, 187, 68, 48, 192, 172, 191, 121, 138,
       232, 169, 7, 254, 51, 162, 16, 183, 158, 80, 107, 163, 55, 104,
       145, 50, 77, 231, 51, 205, 169, 126, 88, 192, 64, 133, 42, 197,
       21, 127, 101, 160, 46, 111, 49, 112, 226, 103, 92, 211, 39, 144,
       115, 20, 228, 124, 46, 249, 212, 113, 14, 229, 235, 97, 4, 40,
       241, 194, 112, 101, 60, 189, 115, 169, 111, 85, 146, 122, 255, 39,
       28, 214, 61, 75, 59, 129, 84, 125, 26, 177, 116, 251, 32, 207,
       219, 117, 116, 200, 113, 198, 115, 248, 172, 189, 124, 137, 233,
       85, 207, 178, 31, 164, 24, 115, 247, 72, 59, 137, 242, 236, 0, 58,
       111, 234, 51, 219, 227, 117, 121, 224, 64, 198, 42, 92, 117, 159,
       100, 10, 78, 71, 56, 162, 166, 174, 8, 87, 55, 1, 115, 50, 244,
       108, 106, 105, 195, 185, 12, 249, 227, 101, 52, 32, 179, 6, 34,
       108, 33, 249, 97, 248, 77, 83, 152, 99, 189, 173, 8, 147, 21, 65,
       50, 25, 220, 68, 24, 26, 122, 232, 16, 207, 221, 37, 125, 226,
       138, 70, 35, 240, 170, 250, 112, 138, 169, 81, 215, 162, 55, 164,
       57, 51, 167, 66, 26, 41, 178, 109, 24, 58, 79, 130, 51, 219, 131,
       116, 121, 225, 192, 134, 42, 165, 180, 147, 144, 201, 237, 161,
       207, 158, 119, 160, 61, 134, 196, 106, 143, 201, 11, 226, 17, 55,
       127, 250, 51, 153, 150, 93, 126, 216, 72, 135, 214, 192, 160, 157,
       120, 137, 205, 17, 175, 238, 49, 164, 24, 150, 209, 72, 27, 129,
       18, 232, 16, 114, 109, 218, 53, 201, 211, 85, 127, 208, 0, 135,
       42, 196, 52, 157, 115, 168, 109, 16, 11, 186, 187, 163, 120, 214,
       115, 72, 59, 129, 23, 104, 16, 51, 69, 219, 2, 137, 146, 117, 126,
       200, 97, 131, 51, 168, 168, 30, 250, 77, 237, 144, 195, 142, 61,
       164, 25, 166, 221, 96, 27, 137, 58, 235, 0, 50, 111, 202, 53, 223,
       145, 81, 123, 80, 8, 159, 138, 192, 164, 157, 250, 136, 237, 21,
       143, 190, 55, 160, 24, 182, 183, 72, 27, 129, 19, 105, 16, 50,
       109, 219, 51, 201, 146, 84, 127, 208, 80, 135, 42, 252, 197, 158,
       118, 137, 47, 87, 172, 180, 182, 175, 24, 119, 243, 9, 83, 241,
       214, 104, 98, 120, 227, 155, 46, 249, 227, 69, 21, 224, 115, 164,
       34, 88, 171, 183, 118, 171, 200, 21, 135, 162, 181, 174, 56, 175,
       247, 64, 154, 167, 247, 237, 80, 26, 75, 170, 33, 219, 195, 117,
       123, 226, 80, 135, 107, 236, 249, 57, 114, 253, 205, 87, 220, 131,
       252, 180, 13, 55, 221, 75, 51, 140, 216, 213, 91, 250, 111, 250,
       49, 251, 217, 37, 125, 114, 155, 214, 251, 100, 176, 185, 67, 152,
       79, 83, 152, 106, 181, 37, 8, 214, 117, 73, 56, 17, 92, 104, 122,
       27, 112, 249, 52, 207, 141, 5, 116, 192, 59, 70, 35, 221, 52, 191,
       118, 136, 108, 93, 183, 224, 254, 175, 29, 223, 63, 91, 122, 165,
       215, 125, 61, 185, 69, 187, 2, 219, 239, 117, 20, 168, 240, 7,
