%YAML:1.0
---
descriptors: !!opencv-matrix
   rows: 56
   cols: 32
   dt: u
   data: [ 218, 188, 188, 242, 169, 237, 93, 159, 187, 123, 180, 57, 191,
       191, 64, 59, 135, 211, 253, 16, 186, 79, 251, 241, 219, 219, 125,
       251, 146, 84, 135, 123, 209, 168, 189, 216, 138, 248, 57, 7, 238,
       83, 160, 24, 183, 178, 86, 123, 163, 179, 122, 152, 55, 77, 246,
       81, 221, 171, 90, 121, 136, 64, 131, 12, 60, 65, 98, 238, 85, 87,
       222, 248, 69, 192, 253, 10, 75, 217, 61, 116, 248, 252, 147, 234,
       76, 179, 56, 174, 179, 253, 135, 15, 115, 191, 118, 166, 237, 112,
       185, 103, 97, 79, 119, 152, 123, 170, 55, 8, 215, 85, 73, 58, 149,
       220, 124, 106, 233, 244, 249, 10, 231, 221, 101, 52, 66, 243, 70,
       179, 45, 116, 185, 67, 101, 111, 227, 152, 123, 234, 61, 8, 218,
       93, 77, 62, 153, 92, 86, 122, 129, 244, 249, 10, 79, 223, 5, 52,
       194, 251, 70, 243, 45, 112, 177, 71, 101, 94, 231, 152, 123, 234,
       55, 8, 222, 93, 93, 62, 145, 92, 116, 106, 193, 244, 249, 8, 7,
       223, 69, 54, 202, 123, 71, 241, 77, 85, 117, 103, 112, 94, 103,
       184, 105, 232, 127, 76, 219, 119, 141, 247, 150, 84, 124, 106,
       225, 176, 121, 76, 103, 255, 37, 4, 74, 243, 71, 49, 109, 97, 81,
       69, 116, 30, 230, 56, 105, 224, 107, 72, 211, 16, 157, 180, 16,
       76, 64, 110, 193, 176, 253, 12, 39, 252, 5, 4, 74, 179, 66, 164,
       109, 97, 56, 103, 116, 14, 119, 184, 105, 168, 127, 40, 219, 83,
       153, 48, 150, 92, 84, 106, 193, 176, 233, 44, 111, 253, 37, 4, 66,
       179, 66, 161, 124, 69, 216, 103, 16, 74, 119, 184, 97, 160, 111,
       8, 215, 115, 9, 114, 50, 212, 104, 106, 72, 176, 217, 40, 231,
       239, 69, 21, 98, 243, 78, 34, 124, 101, 220, 39, 137, 78, 86, 168,
       99, 166, 175, 9, 83, 113, 75, 18, 57, 196, 232, 98, 72, 114, 217,
       40, 251, 231, 69, 53, 227, 115, 74, 2, 221, 237, 159, 54, 168,
       237, 87, 222, 178, 255, 175, 24, 119, 247, 75, 27, 163, 230, 124,
       90, 122, 111, 187, 51, 249, 207, 117, 124, 224, 243, 198, 99, 252,
       56, 255, 116, 168, 108, 85, 82, 178, 191, 165, 24, 23, 247, 65,
       59, 129, 246, 125, 16, 58, 103, 186, 2, 219, 203, 117, 61, 224,
       241, 70, 35, 212, 28, 157, 247, 138, 46, 85, 183, 242, 186, 166,
       92, 247, 113, 65, 11, 5, 118, 108, 10, 104, 101, 219, 34, 193,
       227, 117, 16, 224, 248, 129, 43, 244, 60, 188, 246, 172, 104, 85,
       150, 243, 187, 135, 24, 247, 241, 73, 59, 129, 246, 125, 18, 56,
       101, 219, 34, 217, 195, 117, 61, 160, 121, 214, 34, 36, 85, 53,
       71, 16, 15, 71, 184, 119, 160, 43, 76, 211, 101, 9, 117, 144, 84,
       104, 110, 105, 240, 121, 30, 237, 154, 69, 20, 88, 187, 68, 48,
       237, 112, 177, 71, 229, 79, 119, 152, 123, 234, 55, 72, 222, 85,
       77, 62, 148, 92, 116, 106, 225, 244, 249, 10, 103, 219, 101, 52,
       74, 243, 66, 179, 45, 112, 177, 71, 101, 95, 231, 152, 123, 234,
       55, 72, 218, 93, 93, 190, 157, 92, 86, 122, 193, 244, 249, 200,
       103, 222, 69, 54, 202, 251, 66, 245, 40, 237, 24, 122, 249, 221,
       86, 174, 143, 61, 172, 41, 174, 251, 67, 144, 129, 123, 205, 66,
       78, 106, 74, 55, 235, 213, 21, 123, 82, 91, 142, 138, 208, 140,
       159, 121, 168, 174, 73, 135, 182, 23, 162, 80, 183, 163, 0, 91,
       163, 55, 109, 24, 58, 205, 131, 51, 201, 163, 126, 80, 192, 192,
       165, 40, 220, 60, 157, 246, 170, 108, 85, 158, 178, 186, 163, 120,
       247, 115, 73, 27, 135, 247, 108, 18, 41, 69, 219, 34, 249, 227,
       117, 60, 168, 113, 130, 59, 248, 188, 255, 112, 168, 237, 81, 87,
       179, 191, 164, 56, 19, 183, 64, 59, 35, 150, 237, 16, 58, 111,
       178, 2, 219, 203, 117, 125, 227, 192, 198, 107, 252, 182, 157,
       115, 168, 109, 71, 156, 186, 191, 165, 56, 215, 119, 73, 91, 145,
       86, 108, 114, 58, 69, 235, 51, 237, 211, 117, 125, 128, 115, 134,
       115, 236, 228, 157, 255, 169, 111, 71, 168, 18, 190, 173, 24, 214,
       115, 73, 27, 217, 214, 109, 122, 58, 67, 219, 50, 233, 215, 69,
       60, 208, 123, 214, 34, 77, 116, 189, 103, 161, 110, 119, 152, 121,
       234, 47, 40, 222, 115, 9, 58, 147, 85, 108, 106, 33, 244, 249, 74,
       231, 255, 101, 6, 202, 115, 67, 35, 220, 86, 151, 183, 170, 42,
       31, 188, 180, 182, 139, 240, 223, 103, 201, 91, 55, 119, 109, 226,
       104, 197, 139, 42, 240, 227, 111, 148, 164, 243, 133, 49, 252,
       189, 223, 116, 168, 105, 85, 255, 178, 186, 170, 56, 55, 247, 65,
       27, 35, 214, 109, 48, 120, 107, 195, 26, 249, 195, 117, 60, 224,
       240, 134, 43, 236, 229, 157, 110, 173, 111, 71, 184, 19, 190, 173,
       24, 215, 115, 73, 23, 153, 214, 108, 122, 104, 102, 251, 58, 253,
       215, 69, 60, 210, 123, 198, 34, 44, 101, 16, 111, 213, 15, 70,
       168, 114, 160, 235, 8, 211, 97, 25, 16, 24, 204, 64, 106, 104,
       178, 217, 62, 237, 174, 5, 53, 97, 123, 74, 130, 221, 111, 153,
       167, 178, 26, 110, 168, 117, 238, 251, 72, 207, 98, 137, 176, 182,
       205, 108, 110, 237, 180, 237, 46, 172, 231, 39, 148, 32, 243, 11,
       5, 241, 142, 205, 117, 180, 46, 101, 55, 112, 171, 114, 84, 211,
       33, 144, 121, 17, 110, 100, 44, 185, 252, 69, 14, 232, 170, 117,
       128, 232, 224, 210, 41, 253, 249, 253, 118, 168, 78, 71, 188, 240,
       250, 166, 8, 115, 119, 137, 51, 18, 244, 108, 106, 105, 103, 251,
       42, 243, 235, 101, 16, 98, 243, 198, 41, 123, 235, 214, 80, 173,
       153, 208, 207, 235, 29, 164, 28, 42, 248, 198, 190, 171, 226, 236,
       80, 158, 107, 174, 241, 26, 90, 84, 123, 203, 4, 202, 15, 35, 174,
       232, 27, 236, 189, 148, 207, 90, 127, 124, 189, 160, 232, 222, 24,
       205, 74, 103, 21, 150, 122, 238, 49, 78, 31, 116, 249, 213, 72,
       222, 223, 206, 188, 149, 81, 169, 238, 85, 183, 187, 255, 166,
       124, 158, 55, 192, 255, 135, 86, 237, 24, 51, 77, 179, 226, 175,
       246, 85, 86, 130, 212, 134, 113, 236, 255, 149, 109, 169, 111, 71,
       186, 123, 190, 188, 104, 199, 115, 201, 55, 153, 212, 108, 106,
       104, 98, 233, 58, 191, 214, 101, 54, 210, 251, 198, 35, 44, 245,
       148, 111, 253, 79, 70, 248, 82, 174, 237, 8, 194, 113, 73, 16,
       153, 92, 96, 106, 104, 114, 217, 62, 111, 215, 5, 61, 210, 123,
       198, 162, 252, 121, 255, 118, 170, 72, 69, 181, 224, 182, 164, 40,
       115, 247, 201, 59, 34, 246, 108, 106, 73, 103, 170, 32, 241, 233,
       101, 60, 96, 241, 198, 41, 108, 240, 189, 99, 237, 95, 87, 152,
       123, 248, 37, 8, 214, 85, 77, 187, 145, 84, 108, 122, 97, 116,
       249, 48, 79, 219, 69, 118, 194, 59, 70, 163, 252, 122, 222, 118,
       42, 40, 85, 220, 179, 182, 164, 185, 95, 211, 75, 27, 39, 244,
       237, 82, 104, 103, 138, 34, 211, 195, 117, 61, 226, 241, 14, 3,
       201, 189, 151, 54, 161, 140, 125, 55, 185, 235, 46, 29, 190, 247,
       64, 83, 165, 119, 108, 12, 113, 205, 146, 111, 249, 247, 84, 10,
       10, 80, 131, 59, 120, 127, 254, 118, 170, 8, 92, 183, 177, 190,
       174, 173, 123, 231, 67, 91, 39, 246, 237, 10, 72, 67, 202, 41,
       242, 235, 117, 185, 98, 240, 206, 27, 200, 180, 188, 241, 169, 44,
       124, 159, 187, 187, 182, 48, 159, 191, 72, 91, 167, 215, 253, 16,
       186, 77, 211, 225, 219, 251, 126, 254, 130, 80, 131, 27, 36, 99,
       17, 103, 180, 78, 230, 184, 105, 168, 123, 72, 215, 105, 29, 48,
       144, 93, 76, 98, 193, 176, 217, 44, 165, 252, 37, 4, 72, 179, 70,
       177, 244, 106, 222, 114, 40, 40, 81, 208, 162, 190, 164, 57, 19,
       195, 67, 27, 39, 244, 109, 26, 42, 71, 138, 32, 219, 203, 117, 61,
       225, 241, 70, 35, 236, 180, 185, 99, 233, 111, 87, 152, 123, 187,
       45, 24, 214, 117, 73, 59, 145, 212, 108, 58, 59, 116, 249, 18,
       207, 223, 69, 119, 210, 123, 70, 35, 47, 119, 96, 7, 248, 31, 142,
       184, 21, 228, 239, 205, 227, 108, 159, 148, 28, 204, 194, 103,
       237, 178, 125, 63, 38, 86, 133, 52, 111, 191, 90, 212, 252, 120,
       255, 118, 42, 72, 69, 212, 224, 190, 164, 56, 115, 215, 193, 59,
       38, 244, 108, 74, 104, 103, 170, 32, 209, 201, 101, 56, 225, 241,
