%YAML:1.0
---
descriptors: !!opencv-matrix
   rows: 305
   cols: 32
   dt: u
   data: [ 105, 16, 49, 101, 53, 79, 97, 56, 109, 168, 102, 8, 150, 23,
       0, 112, 144, 20, 78, 40, 1, 176, 113, 12, 199, 249, 33, 20, 66,
       40, 70, 35, 249, 184, 220, 112, 169, 253, 80, 215, 243, 123, 164,
       28, 59, 152, 198, 191, 163, 182, 252, 24, 63, 111, 178, 177, 219,
       251, 81, 123, 235, 196, 202, 31, 133, 100, 213, 167, 204, 11, 238,
       200, 122, 178, 51, 218, 215, 64, 89, 11, 59, 76, 106, 111, 97,
       244, 205, 106, 36, 130, 239, 52, 12, 251, 81, 128, 104, 32, 49,
       101, 101, 79, 65, 11, 97, 172, 110, 8, 154, 21, 1, 52, 136, 28,
       96, 40, 73, 184, 241, 8, 199, 252, 16, 22, 66, 40, 70, 170, 113,
       184, 156, 50, 136, 173, 81, 23, 162, 51, 164, 29, 55, 179, 66, 26,
       129, 134, 108, 16, 26, 107, 210, 49, 219, 139, 116, 121, 232, 64,
       202, 10, 120, 185, 176, 102, 153, 93, 86, 175, 99, 161, 172, 8,
       250, 249, 64, 176, 152, 215, 236, 64, 11, 43, 219, 49, 251, 221,
       5, 63, 122, 90, 206, 58, 211, 174, 135, 184, 172, 185, 72, 143,
       255, 19, 160, 249, 175, 160, 208, 223, 131, 167, 108, 21, 62, 109,
       134, 243, 152, 242, 92, 122, 192, 196, 155, 12, 97, 141, 92, 190,
       188, 171, 75, 166, 142, 0, 136, 68, 247, 99, 48, 64, 66, 227, 75,
       13, 26, 41, 91, 127, 252, 182, 14, 88, 156, 75, 217, 8, 86, 245,
       156, 190, 155, 69, 23, 232, 162, 190, 141, 9, 78, 247, 75, 18,
       177, 85, 233, 115, 74, 67, 154, 49, 251, 199, 15, 127, 176, 115,
       47, 66, 69, 113, 25, 101, 48, 78, 119, 56, 40, 136, 111, 8, 214,
       87, 9, 112, 144, 92, 88, 106, 65, 144, 249, 76, 229, 189, 33, 4,
       64, 51, 71, 35, 237, 117, 189, 103, 173, 79, 71, 168, 49, 238,
       175, 8, 210, 115, 9, 19, 217, 68, 121, 106, 105, 226, 249, 42,
       231, 255, 197, 54, 74, 123, 82, 98, 222, 244, 156, 178, 139, 113,
       22, 200, 179, 183, 129, 187, 79, 254, 75, 155, 179, 223, 237, 243,
       62, 71, 218, 51, 218, 199, 77, 255, 164, 119, 47, 82, 189, 172,
       237, 117, 148, 126, 69, 191, 81, 227, 102, 24, 115, 121, 145, 63,
       25, 230, 116, 44, 185, 252, 253, 46, 111, 239, 245, 20, 231, 248,
       210, 96, 193, 184, 159, 89, 232, 172, 33, 23, 254, 91, 98, 84,
       183, 179, 192, 123, 39, 46, 106, 24, 179, 252, 147, 19, 76, 170,
       118, 64, 136, 192, 65, 169, 173, 188, 253, 117, 196, 111, 229,
       191, 82, 243, 102, 88, 115, 113, 152, 43, 25, 70, 112, 56, 177,
       252, 253, 42, 79, 11, 117, 68, 235, 248, 210, 168, 180, 103, 65,
       133, 212, 11, 198, 111, 80, 170, 112, 250, 67, 0, 145, 17, 120,
       236, 6, 254, 105, 246, 69, 14, 188, 130, 165, 180, 105, 248, 210,
       136, 109, 96, 181, 99, 13, 127, 67, 136, 75, 249, 37, 8, 222, 89,
       93, 190, 145, 84, 248, 122, 3, 112, 249, 128, 143, 217, 69, 55,
       194, 63, 90, 102, 184, 223, 154, 254, 181, 167, 86, 255, 86, 139,
       238, 84, 247, 243, 32, 192, 213, 122, 172, 26, 122, 169, 88, 63,
       235, 239, 53, 80, 154, 248, 232, 11, 60, 101, 72, 167, 211, 75,
       87, 232, 37, 164, 239, 139, 67, 97, 11, 16, 120, 204, 201, 98, 76,
       178, 89, 44, 255, 231, 5, 53, 97, 59, 94, 66, 209, 184, 149, 16,
       137, 236, 1, 7, 239, 251, 162, 92, 182, 178, 196, 127, 129, 39,
       120, 24, 147, 77, 243, 113, 153, 186, 86, 122, 136, 64, 131, 60,
       124, 97, 72, 39, 26, 75, 86, 168, 32, 164, 239, 169, 67, 99, 11,
       16, 88, 212, 201, 226, 72, 178, 201, 12, 246, 197, 133, 21, 113,
       187, 78, 2, 84, 176, 159, 112, 136, 237, 81, 23, 162, 243, 164,
       24, 151, 247, 64, 58, 37, 151, 125, 24, 27, 67, 178, 16, 217, 131,
       117, 120, 160, 192, 135, 114, 175, 127, 225, 199, 252, 31, 207,
       248, 19, 230, 157, 207, 83, 108, 223, 165, 92, 204, 151, 239, 233,
       118, 253, 186, 110, 29, 133, 180, 111, 255, 218, 244, 237, 109,
       233, 71, 205, 95, 207, 184, 65, 230, 189, 10, 83, 109, 223, 38,
       88, 206, 85, 239, 233, 114, 253, 170, 127, 93, 197, 60, 103, 255,
       210, 240, 40, 188, 241, 90, 249, 249, 83, 223, 91, 13, 124, 40,
       42, 189, 198, 180, 137, 250, 194, 16, 22, 42, 226, 183, 111, 95,
       20, 123, 211, 204, 206, 239, 126, 44, 172, 182, 139, 96, 20, 239,
       146, 247, 137, 27, 103, 254, 75, 27, 129, 215, 233, 131, 60, 75,
       251, 34, 219, 231, 221, 63, 160, 117, 190, 82, 9, 149, 153, 107,
       176, 47, 69, 189, 86, 59, 111, 80, 215, 113, 136, 112, 21, 26, 12,
       56, 155, 48, 121, 23, 237, 143, 53, 116, 144, 202, 193, 33, 124,
       121, 253, 100, 172, 73, 71, 245, 224, 170, 180, 40, 115, 213, 193,
       58, 10, 244, 108, 106, 73, 99, 232, 40, 241, 201, 101, 48, 99,
       250, 198, 41, 69, 162, 141, 5, 124, 15, 233, 152, 106, 241, 3,
       204, 209, 32, 217, 42, 21, 76, 120, 125, 129, 112, 253, 0, 76, 26,
       237, 116, 140, 168, 81, 112, 216, 123, 222, 182, 34, 10, 30, 244,
       161, 142, 166, 237, 111, 199, 3, 219, 38, 245, 237, 230, 76, 197,
       136, 40, 242, 227, 111, 147, 32, 183, 175, 27, 52, 113, 121, 110,
       91, 79, 23, 232, 6, 164, 237, 10, 83, 119, 9, 16, 88, 220, 65, 98,
       72, 163, 249, 62, 241, 133, 5, 63, 113, 59, 6, 226, 249, 184, 254,
       112, 169, 253, 81, 215, 227, 127, 180, 28, 59, 153, 70, 59, 163,
       166, 252, 24, 191, 111, 182, 49, 219, 251, 113, 123, 235, 192,
       206, 95, 248, 184, 156, 114, 168, 237, 80, 215, 226, 19, 164, 29,
       55, 147, 66, 27, 129, 178, 108, 16, 58, 111, 146, 49, 219, 137,
       116, 121, 232, 192, 138, 10, 220, 182, 53, 101, 184, 46, 79, 186,
       50, 186, 166, 252, 255, 103, 136, 247, 23, 84, 125, 110, 233, 68,
       249, 31, 233, 235, 101, 148, 2, 241, 6, 49, 240, 40, 189, 112, 8,
       233, 65, 22, 162, 151, 164, 24, 19, 151, 64, 59, 1, 182, 108, 8,
       42, 111, 226, 0, 217, 139, 113, 56, 224, 192, 70, 42, 21, 164,
       217, 75, 158, 121, 160, 206, 86, 49, 109, 146, 131, 192, 252, 232,
       91, 10, 2, 24, 22, 54, 111, 19, 143, 133, 19, 109, 245, 73, 205,
       164, 196, 166, 189, 83, 180, 107, 101, 159, 122, 183, 35, 120,
       215, 32, 216, 110, 19, 94, 108, 24, 51, 124, 239, 50, 204, 158,
       117, 116, 192, 216, 197, 32, 211, 174, 151, 56, 172, 168, 104,
       135, 255, 27, 146, 124, 175, 162, 208, 223, 161, 39, 108, 29, 191,
       109, 135, 115, 152, 114, 126, 250, 152, 68, 131, 13, 40, 245, 21,
       144, 221, 221, 21, 239, 223, 61, 168, 56, 142, 180, 76, 180, 201,
       155, 238, 16, 91, 107, 234, 149, 185, 144, 21, 127, 210, 8, 142,
       167, 242, 95, 87, 221, 10, 66, 7, 165, 188, 178, 226, 230, 102,
       102, 165, 215, 118, 116, 232, 98, 105, 197, 49, 45, 177, 162, 79,
       18, 0, 120, 165, 60, 72, 115, 81, 101, 50, 74, 113, 56, 45, 160,
       111, 232, 223, 23, 9, 244, 54, 157, 237, 96, 65, 144, 241, 76,
       197, 241, 35, 4, 34, 163, 7, 49, 133, 102, 157, 167, 228, 43, 47,
       152, 126, 178, 67, 192, 213, 98, 217, 43, 51, 76, 106, 126, 33,
       244, 237, 42, 236, 138, 103, 36, 164, 251, 1, 160, 233, 172, 229,
       85, 133, 127, 101, 63, 83, 243, 102, 24, 115, 125, 148, 175, 25,
       102, 112, 8, 185, 252, 255, 175, 79, 251, 85, 84, 239, 236, 208,
       108, 97, 48, 57, 69, 109, 95, 64, 24, 105, 232, 246, 104, 146, 25,
       132, 180, 136, 28, 84, 40, 141, 184, 241, 8, 7, 217, 48, 55, 74,
       8, 90, 167, 252, 118, 172, 103, 173, 62, 79, 152, 35, 254, 151,
       13, 223, 103, 219, 31, 21, 196, 237, 110, 232, 68, 233, 8, 227,
       251, 101, 180, 170, 255, 86, 113, 193, 184, 151, 88, 137, 237, 33,
       135, 238, 83, 162, 88, 182, 144, 196, 127, 129, 50, 120, 24, 51,
       109, 246, 113, 153, 58, 82, 122, 200, 64, 131, 60, 48, 143, 24,
       191, 157, 173, 71, 175, 30, 7, 170, 6, 230, 34, 32, 84, 249, 226,
       74, 8, 122, 41, 89, 127, 185, 134, 150, 16, 144, 88, 208, 42, 252,
       92, 158, 254, 141, 116, 86, 200, 147, 154, 165, 25, 106, 249, 109,
       219, 201, 244, 237, 82, 44, 103, 218, 162, 211, 243, 213, 59, 211,
       121, 126, 3, 193, 184, 149, 81, 137, 236, 161, 135, 238, 115, 162,
