%YAML:1.0
---
descriptors: !!opencv-matrix
   rows: 153
   cols: 32
   dt: u
   data: [ 248, 168, 245, 112, 8, 237, 81, 87, 162, 23, 164, 24, 51, 151,
       64, 27, 1, 182, 108, 24, 10, 111, 242, 49, 209, 203, 112, 120,
       224, 192, 198, 106, 208, 188, 215, 186, 171, 232, 20, 198, 187,
       83, 160, 120, 175, 246, 64, 251, 163, 243, 236, 16, 63, 79, 138,
       179, 153, 242, 95, 123, 224, 80, 167, 14, 77, 113, 25, 101, 48,
       78, 103, 184, 44, 200, 107, 104, 223, 87, 137, 48, 50, 84, 92,
       106, 65, 176, 121, 12, 229, 237, 37, 4, 106, 179, 3, 51, 92, 188,
       188, 118, 137, 44, 85, 191, 178, 179, 166, 24, 223, 243, 72, 58,
       5, 214, 124, 24, 58, 77, 219, 34, 251, 239, 117, 124, 170, 224,
       130, 51, 124, 249, 241, 108, 169, 221, 86, 200, 195, 168, 168, 8,
       123, 253, 65, 50, 152, 246, 236, 66, 72, 99, 218, 56, 251, 221, 5,
       63, 115, 58, 70, 43, 124, 96, 252, 98, 12, 105, 83, 216, 194, 182,
       165, 8, 83, 209, 73, 59, 9, 212, 108, 122, 8, 103, 234, 32, 219,
       201, 101, 61, 225, 251, 70, 34, 193, 188, 157, 89, 232, 172, 32,
       23, 254, 27, 98, 84, 180, 179, 192, 123, 5, 38, 106, 28, 179, 220,
       147, 83, 77, 170, 118, 72, 216, 64, 129, 169, 218, 186, 142, 176,
       168, 249, 92, 151, 187, 255, 180, 253, 175, 174, 194, 219, 135,
       231, 237, 149, 191, 79, 234, 49, 218, 211, 125, 255, 170, 212,
       143, 91, 92, 113, 127, 103, 2, 75, 55, 184, 32, 228, 47, 44, 95,
       119, 9, 18, 54, 213, 237, 98, 64, 240, 185, 12, 247, 167, 37, 21,
       99, 179, 7, 115, 0, 149, 153, 251, 157, 237, 69, 191, 86, 11, 76,
       80, 246, 119, 8, 96, 209, 26, 24, 24, 59, 168, 115, 63, 233, 183,
       52, 80, 144, 72, 132, 43, 77, 48, 149, 39, 160, 46, 103, 184, 121,
       234, 47, 76, 222, 115, 203, 127, 149, 68, 108, 110, 209, 208, 249,
       8, 205, 251, 103, 4, 138, 243, 131, 97, 101, 117, 157, 101, 168,
       14, 87, 56, 96, 232, 47, 76, 214, 113, 201, 51, 144, 84, 124, 106,
       65, 112, 249, 8, 229, 185, 101, 20, 72, 115, 66, 51, 101, 71, 77,
       103, 180, 14, 70, 184, 96, 168, 187, 76, 211, 97, 153, 115, 16,
       196, 108, 110, 201, 176, 205, 44, 228, 233, 101, 148, 104, 243,
       82, 33, 117, 71, 69, 103, 180, 10, 78, 184, 96, 168, 59, 236, 211,
       97, 153, 242, 16, 196, 108, 110, 233, 176, 205, 46, 164, 174, 37,
       148, 104, 243, 210, 32, 196, 172, 253, 119, 198, 107, 101, 191,
       114, 179, 35, 26, 211, 117, 200, 43, 51, 86, 104, 26, 49, 252,
       255, 34, 109, 142, 117, 100, 229, 248, 196, 32, 252, 166, 204,
       191, 168, 107, 86, 136, 23, 191, 181, 185, 71, 111, 75, 27, 31,
       215, 237, 50, 60, 70, 203, 50, 218, 195, 101, 181, 247, 255, 142,
       3, 237, 117, 181, 111, 45, 79, 71, 168, 123, 234, 36, 8, 210, 113,
       13, 54, 152, 116, 124, 106, 105, 240, 249, 42, 231, 218, 69, 54,
       66, 123, 86, 114, 222, 244, 204, 182, 139, 97, 30, 200, 178, 182,
       133, 191, 79, 127, 75, 27, 51, 213, 237, 243, 46, 71, 207, 50,
       218, 195, 237, 255, 164, 119, 46, 83, 193, 184, 149, 25, 136, 253,
       161, 135, 238, 115, 162, 88, 182, 176, 196, 127, 129, 38, 120, 24,
       179, 109, 247, 113, 141, 58, 87, 120, 200, 64, 131, 44, 193, 184,
       149, 85, 169, 188, 160, 7, 238, 251, 162, 92, 158, 176, 196, 255,
       129, 38, 120, 24, 179, 109, 243, 64, 137, 186, 86, 126, 202, 64,
       131, 60, 76, 115, 85, 101, 50, 74, 51, 56, 45, 160, 111, 232, 223,
       23, 137, 244, 54, 20, 252, 104, 65, 144, 225, 76, 197, 225, 33, 4,
       34, 162, 7, 49, 112, 168, 191, 112, 8, 237, 81, 87, 162, 183, 164,
       25, 55, 151, 64, 27, 1, 182, 109, 24, 26, 79, 226, 49, 219, 193,
       113, 120, 224, 128, 6, 106, 205, 87, 221, 103, 176, 14, 111, 184,
       116, 234, 111, 100, 215, 115, 153, 112, 23, 76, 44, 110, 233, 244,
       125, 46, 236, 175, 101, 4, 104, 243, 192, 113, 246, 52, 150, 182,
       205, 102, 96, 75, 179, 179, 161, 90, 66, 250, 77, 219, 233, 214,
       234, 144, 60, 103, 154, 194, 155, 242, 215, 127, 137, 105, 254, 6,
       253, 117, 105, 103, 228, 30, 71, 184, 97, 238, 191, 108, 219, 117,
       219, 182, 28, 196, 116, 110, 233, 112, 253, 42, 230, 205, 37, 180,
       111, 255, 210, 113, 72, 113, 57, 101, 48, 79, 99, 16, 104, 168,
       110, 8, 150, 19, 1, 48, 144, 28, 68, 104, 65, 176, 241, 12, 229,
       189, 32, 0, 72, 34, 71, 35, 141, 34, 156, 243, 164, 47, 33, 154,
       126, 187, 23, 80, 215, 115, 201, 43, 23, 94, 110, 24, 34, 244,
       107, 32, 204, 139, 119, 228, 136, 249, 1, 161, 119, 165, 236, 98,
       204, 123, 223, 200, 82, 247, 173, 27, 83, 124, 95, 58, 153, 199,
       121, 183, 30, 99, 255, 0, 123, 15, 205, 125, 229, 123, 222, 70,
       247, 100, 172, 118, 141, 118, 86, 168, 211, 246, 133, 24, 67, 252,
       95, 123, 217, 198, 124, 98, 108, 103, 251, 42, 243, 251, 197, 63,
       34, 123, 94, 102, 249, 184, 252, 112, 173, 221, 81, 87, 227, 255,
       180, 29, 59, 217, 86, 59, 137, 166, 252, 12, 191, 111, 242, 17,
       219, 219, 117, 123, 235, 132, 202, 95, 92, 113, 92, 101, 35, 74,
       126, 56, 33, 224, 255, 169, 95, 103, 11, 22, 54, 213, 237, 226,
       72, 208, 201, 76, 247, 225, 33, 133, 34, 183, 15, 115, 66, 191,
       140, 182, 170, 168, 28, 143, 171, 251, 136, 237, 172, 238, 198,
       90, 135, 99, 253, 21, 151, 73, 138, 113, 188, 22, 127, 251, 140,
       84, 139, 95, 93, 188, 220, 118, 137, 44, 80, 159, 178, 179, 166,
       24, 223, 243, 72, 90, 133, 214, 124, 24, 56, 79, 219, 34, 219,
       239, 117, 124, 170, 224, 202, 2, 205, 113, 29, 103, 32, 14, 103,
       184, 96, 234, 39, 76, 211, 113, 153, 51, 20, 68, 108, 110, 225,
       244, 249, 40, 229, 169, 101, 20, 72, 179, 66, 33, 248, 184, 158,
       48, 137, 237, 80, 71, 226, 115, 160, 25, 31, 147, 66, 187, 129,
       179, 236, 16, 63, 79, 146, 17, 219, 195, 112, 121, 232, 64, 138,
       10, 221, 176, 149, 180, 141, 125, 80, 143, 251, 243, 130, 92, 159,
       184, 64, 187, 129, 199, 252, 17, 63, 109, 219, 128, 152, 210, 85,
       126, 136, 68, 155, 14, 196, 162, 149, 81, 168, 105, 33, 159, 122,
       243, 34, 120, 199, 160, 204, 175, 3, 94, 108, 24, 179, 124, 239,
       19, 140, 146, 117, 116, 192, 192, 135, 165, 101, 53, 249, 103,
       164, 94, 119, 184, 107, 238, 191, 109, 223, 125, 223, 50, 183,
       221, 125, 103, 197, 240, 249, 10, 231, 255, 37, 182, 236, 243, 71,
       83, 93, 113, 89, 101, 19, 94, 123, 56, 97, 224, 239, 8, 95, 23, 9,
       244, 54, 148, 216, 234, 73, 144, 241, 12, 247, 237, 1, 4, 107,
       163, 106, 48, 201, 168, 183, 27, 141, 253, 97, 135, 254, 115, 134,
       88, 190, 240, 208, 255, 1, 102, 122, 28, 179, 109, 255, 113, 141,
       58, 87, 122, 218, 68, 211, 108, 254, 118, 204, 182, 171, 99, 31,
       152, 51, 254, 133, 189, 207, 103, 75, 27, 23, 213, 253, 243, 44,
       71, 207, 178, 250, 195, 237, 253, 166, 245, 142, 83, 201, 184,
       181, 85, 173, 252, 165, 135, 235, 251, 166, 24, 154, 176, 214,
       175, 1, 102, 120, 28, 183, 109, 247, 193, 15, 123, 85, 86, 202,
       108, 217, 124, 200, 140, 246, 117, 227, 234, 117, 183, 179, 183,
       102, 48, 43, 183, 0, 95, 35, 118, 225, 8, 48, 220, 163, 45, 79,
       235, 84, 65, 226, 192, 198, 106, 72, 49, 57, 101, 113, 78, 99, 48,
       104, 160, 110, 8, 158, 19, 1, 48, 144, 28, 64, 104, 65, 176, 241,
       12, 231, 189, 0, 32, 74, 162, 71, 42, 140, 207, 156, 127, 184,
       173, 86, 191, 118, 31, 108, 25, 247, 99, 130, 81, 19, 106, 44, 78,
       122, 252, 75, 63, 238, 239, 117, 81, 210, 217, 200, 11, 237, 103,
       232, 71, 244, 62, 111, 184, 113, 226, 127, 200, 91, 101, 159, 181,
       31, 196, 84, 110, 232, 240, 237, 46, 111, 239, 101, 4, 103, 255,
       210, 97, 249, 184, 253, 112, 168, 253, 81, 87, 227, 127, 180, 61,
       59, 157, 198, 59, 135, 183, 124, 16, 191, 111, 242, 17, 219, 251,
       112, 251, 233, 192, 198, 91, 240, 168, 222, 112, 170, 169, 81, 87,
       178, 55, 164, 57, 55, 167, 66, 27, 35, 178, 109, 24, 58, 79, 130,
       49, 219, 131, 112, 121, 224, 192, 198, 42, 221, 168, 216, 116,
