%YAML:1.0
---
descriptors: !!opencv-matrix
   rows: 95
   cols: 32
   dt: u
   data: [ 202, 252, 190, 255, 168, 172, 125, 183, 191, 91, 126, 53, 255,
       255, 2, 83, 167, 119, 255, 4, 242, 205, 138, 227, 239, 255, 126,
       138, 130, 208, 135, 251, 252, 112, 253, 243, 169, 95, 87, 156,
       179, 254, 165, 61, 91, 95, 75, 59, 223, 213, 253, 242, 43, 71,
       251, 50, 219, 203, 101, 63, 251, 115, 6, 115, 174, 116, 244, 194,
       237, 127, 223, 216, 91, 250, 181, 26, 219, 121, 93, 63, 217, 192,
       87, 123, 168, 102, 123, 178, 95, 219, 197, 190, 215, 255, 82, 163,
       239, 116, 237, 87, 173, 127, 223, 152, 91, 250, 183, 28, 219, 125,
       95, 175, 157, 196, 253, 127, 173, 103, 249, 170, 79, 219, 213,
       182, 207, 253, 90, 119, 205, 61, 189, 247, 173, 126, 85, 158, 251,
       250, 162, 88, 215, 117, 65, 59, 129, 119, 124, 58, 237, 101, 251,
       42, 239, 219, 117, 52, 200, 113, 194, 123, 53, 71, 65, 79, 244,
       11, 110, 184, 116, 170, 123, 198, 83, 97, 153, 116, 120, 204, 36,
       238, 233, 176, 77, 14, 36, 174, 165, 132, 109, 251, 80, 33, 63,
       175, 102, 26, 221, 159, 222, 249, 223, 252, 188, 143, 203, 232,
       118, 133, 221, 235, 238, 255, 254, 107, 254, 253, 58, 91, 143,
       127, 223, 143, 250, 212, 239, 180, 228, 217, 237, 117, 221, 159,
       91, 127, 149, 31, 200, 236, 94, 175, 221, 207, 247, 157, 191, 102,
       255, 211, 15, 95, 223, 255, 223, 124, 222, 214, 94, 252, 190, 254,
       59, 213, 31, 252, 191, 206, 244, 47, 124, 255, 47, 112, 255, 251,
       255, 194, 170, 71, 186, 255, 251, 255, 63, 187, 146, 119, 39, 123,
       175, 191, 44, 186, 221, 157, 222, 255, 223, 220, 188, 141, 235,
       236, 118, 129, 204, 235, 239, 213, 254, 107, 254, 253, 251, 89,
       143, 123, 95, 158, 254, 222, 43, 189, 172, 186, 157, 117, 220,
       223, 159, 125, 156, 159, 173, 254, 94, 43, 205, 219, 255, 149,
       191, 75, 251, 241, 235, 95, 223, 255, 151, 92, 189, 222, 107, 188,
       168, 26, 237, 253, 84, 151, 251, 127, 172, 29, 170, 188, 86, 190,
       129, 206, 248, 28, 159, 111, 251, 179, 255, 95, 85, 123, 218, 92,
       218, 94, 253, 116, 252, 247, 236, 63, 223, 152, 219, 186, 181, 26,
       219, 121, 93, 59, 221, 212, 255, 123, 232, 103, 249, 170, 255,
       219, 101, 180, 199, 249, 82, 163, 200, 188, 149, 242, 169, 253,
       17, 135, 187, 123, 160, 24, 190, 247, 64, 191, 129, 115, 248, 16,
       51, 109, 250, 243, 141, 211, 87, 123, 130, 64, 143, 59, 200, 188,
       181, 250, 169, 237, 17, 199, 187, 27, 160, 24, 190, 255, 64, 187,
       129, 51, 253, 16, 51, 79, 250, 243, 217, 211, 93, 123, 146, 64,
       135, 123, 237, 124, 189, 119, 173, 111, 85, 158, 123, 250, 166,
       24, 215, 117, 73, 59, 129, 86, 124, 58, 185, 101, 251, 34, 207,
       219, 117, 52, 200, 121, 194, 115, 236, 180, 189, 115, 173, 109,
       87, 155, 91, 251, 165, 24, 214, 117, 72, 59, 145, 214, 120, 58,
       59, 100, 251, 18, 207, 219, 85, 124, 210, 105, 214, 114, 244, 69,
       237, 231, 140, 78, 71, 184, 48, 182, 167, 8, 211, 113, 25, 91, 17,
       196, 125, 106, 104, 229, 249, 46, 241, 171, 229, 20, 96, 251, 86,
       98, 53, 237, 203, 238, 212, 139, 239, 252, 54, 160, 250, 74, 113,
       227, 185, 112, 123, 239, 55, 239, 193, 178, 141, 63, 124, 172,
       175, 172, 189, 251, 242, 160, 93, 125, 189, 231, 170, 78, 95, 184,
       161, 250, 191, 76, 255, 127, 75, 115, 198, 247, 125, 226, 201, 67,
       251, 40, 251, 233, 109, 188, 40, 243, 130, 123, 237, 100, 188,
       103, 172, 46, 87, 152, 50, 250, 167, 28, 215, 117, 75, 27, 145,
       196, 125, 126, 184, 118, 217, 34, 207, 219, 101, 52, 192, 243, 66,
       98, 252, 180, 189, 250, 173, 125, 83, 216, 87, 127, 181, 25, 223,
       255, 74, 187, 223, 211, 253, 18, 59, 103, 251, 179, 219, 219, 81,
       127, 242, 207, 206, 115, 226, 172, 150, 184, 205, 229, 176, 199,
       159, 23, 224, 27, 44, 186, 100, 203, 233, 187, 235, 17, 54, 239,
       146, 243, 153, 178, 222, 107, 144, 76, 189, 138, 235, 189, 44, 62,
       157, 253, 223, 247, 155, 125, 188, 29, 171, 237, 86, 19, 205, 226,
       223, 21, 190, 107, 250, 191, 251, 217, 149, 121, 218, 76, 222,
       222, 236, 124, 188, 247, 172, 47, 220, 154, 219, 186, 181, 24,
       223, 121, 89, 59, 205, 212, 125, 59, 168, 103, 251, 162, 207, 219,
       117, 60, 192, 249, 82, 131, 217, 180, 188, 113, 169, 124, 81, 23,
       251, 251, 167, 28, 222, 190, 90, 187, 129, 150, 252, 24, 191, 109,
       243, 2, 219, 251, 85, 127, 202, 68, 207, 119, 117, 71, 69, 71,
       180, 14, 78, 188, 96, 234, 187, 76, 211, 96, 153, 114, 20, 196,
       108, 110, 233, 176, 77, 46, 164, 174, 37, 20, 104, 243, 82, 37,
       202, 184, 148, 186, 169, 253, 16, 135, 187, 127, 128, 25, 174,
       254, 66, 154, 133, 51, 233, 17, 54, 79, 218, 49, 137, 210, 93,
       123, 146, 68, 143, 95, 217, 156, 189, 119, 168, 110, 85, 191, 248,
       251, 166, 88, 247, 119, 0, 123, 133, 118, 124, 42, 185, 237, 251,
       42, 227, 235, 117, 20, 200, 240, 195, 59, 236, 180, 189, 115, 173,
       109, 85, 154, 251, 251, 165, 24, 215, 117, 72, 59, 129, 214, 124,
       26, 59, 103, 251, 50, 207, 219, 85, 124, 194, 121, 214, 98, 236,
       180, 189, 123, 141, 109, 85, 157, 91, 59, 165, 24, 210, 121, 72,
       59, 145, 86, 120, 58, 59, 103, 251, 51, 203, 219, 85, 125, 210,
       89, 214, 34, 236, 236, 180, 254, 141, 253, 86, 238, 211, 147, 173,
       24, 250, 253, 72, 59, 201, 242, 251, 19, 58, 111, 250, 179, 251,
       219, 213, 127, 210, 89, 246, 34, 21, 205, 91, 237, 180, 11, 111,
       248, 100, 160, 250, 198, 243, 67, 177, 96, 126, 204, 22, 238, 201,
       176, 69, 63, 236, 173, 167, 132, 125, 187, 112, 160, 253, 125,
       253, 231, 168, 78, 95, 184, 161, 250, 191, 12, 255, 127, 67, 51,
       134, 247, 253, 106, 201, 67, 251, 40, 243, 233, 101, 188, 40, 243,
       134, 115, 37, 71, 69, 69, 116, 11, 110, 56, 116, 160, 123, 198,
       211, 96, 157, 116, 126, 204, 38, 110, 233, 176, 77, 14, 44, 46,
       165, 132, 109, 251, 80, 165, 54, 164, 254, 239, 126, 43, 250, 120,
       127, 162, 251, 10, 215, 235, 28, 64, 251, 205, 127, 163, 176, 243,
       203, 222, 222, 190, 171, 244, 245, 235, 115, 129, 54, 228, 254,
       231, 126, 43, 250, 232, 127, 162, 243, 11, 207, 234, 29, 64, 123,
       205, 127, 243, 168, 247, 203, 254, 156, 254, 203, 180, 245, 171,
       115, 129, 253, 112, 189, 243, 169, 111, 87, 152, 179, 254, 181,
       28, 223, 223, 75, 59, 149, 213, 253, 122, 171, 71, 251, 50, 219,
       219, 101, 63, 226, 243, 70, 115, 124, 93, 127, 230, 188, 110, 95,
       188, 33, 238, 191, 13, 215, 119, 3, 114, 151, 246, 125, 106, 249,
       129, 249, 46, 251, 239, 37, 148, 232, 243, 198, 115, 229, 116,
       189, 103, 32, 79, 119, 184, 121, 238, 39, 12, 214, 115, 73, 51,
       145, 84, 108, 106, 97, 244, 249, 42, 239, 155, 101, 52, 72, 115,
       70, 115, 98, 168, 158, 184, 205, 225, 176, 199, 159, 23, 224, 25,
       172, 186, 100, 75, 201, 59, 235, 17, 22, 107, 130, 241, 153, 18,
       94, 123, 208, 72, 173, 138, 252, 113, 253, 103, 172, 78, 95, 188,
       113, 254, 183, 8, 223, 93, 75, 59, 156, 212, 253, 106, 233, 103,
       249, 40, 243, 217, 101, 53, 98, 251, 198, 115, 80, 169, 190, 184,
       205, 197, 241, 199, 239, 21, 226, 11, 44, 186, 96, 74, 233, 187,
       107, 145, 18, 107, 146, 241, 217, 147, 222, 107, 144, 8, 165, 138,
       221, 48, 191, 116, 173, 124, 81, 19, 251, 251, 167, 24, 223, 189,
       87, 123, 133, 246, 253, 24, 189, 101, 243, 0, 219, 251, 113, 90,
       202, 97, 199, 115, 104, 176, 180, 250, 173, 173, 80, 95, 203, 187,
       181, 24, 238, 249, 92, 27, 205, 150, 127, 16, 154, 111, 218, 145,
       219, 219, 85, 126, 210, 72, 210, 10, 117, 79, 77, 101, 180, 10,
       71, 184, 96, 162, 170, 232, 211, 97, 145, 82, 16, 228, 108, 110,
       104, 160, 205, 46, 224, 239, 37, 20, 100, 243, 82, 32, 117, 71,
       93, 101, 180, 14, 71, 185, 112, 234, 175, 76, 83, 97, 153, 112,
       17, 196, 108, 110, 233, 176, 125, 14, 236, 175, 37, 20, 104, 243,
