%YAML:1.0
---
descriptors: !!opencv-matrix
   rows: 286
   cols: 32
   dt: u
   data: [ 125, 93, 127, 103, 176, 14, 111, 184, 96, 232, 191, 68, 83,
       119, 137, 115, 54, 244, 92, 106, 233, 161, 185, 46, 243, 233, 101,
       148, 104, 243, 66, 49, 149, 157, 121, 239, 180, 15, 79, 189, 52,
       234, 127, 112, 247, 119, 136, 112, 119, 254, 29, 106, 249, 184,
       121, 63, 233, 239, 37, 196, 40, 242, 128, 49, 93, 93, 127, 111,
       180, 14, 79, 188, 96, 202, 254, 76, 243, 119, 137, 112, 118, 214,
       92, 106, 233, 129, 121, 46, 243, 239, 37, 148, 104, 243, 64, 57,
       196, 252, 251, 255, 236, 111, 255, 222, 62, 235, 243, 114, 245,
       255, 201, 105, 127, 255, 127, 26, 179, 84, 235, 51, 253, 239, 255,
       132, 229, 249, 229, 177, 108, 180, 189, 250, 237, 253, 81, 25,
       223, 127, 45, 24, 222, 253, 74, 56, 145, 18, 251, 16, 51, 110,
       251, 147, 207, 223, 81, 127, 210, 74, 199, 114, 40, 181, 185, 250,
       253, 253, 85, 47, 223, 95, 172, 24, 190, 189, 76, 48, 137, 59,
       251, 0, 26, 106, 242, 183, 239, 223, 20, 123, 210, 76, 198, 106,
       96, 169, 156, 250, 156, 201, 81, 207, 158, 17, 160, 24, 182, 243,
       72, 90, 129, 19, 106, 16, 26, 107, 218, 49, 217, 146, 84, 123,
       208, 8, 199, 42, 254, 189, 244, 247, 253, 47, 254, 252, 127, 187,
       191, 94, 251, 251, 93, 27, 217, 207, 127, 251, 250, 103, 219, 250,
       255, 223, 215, 252, 214, 251, 242, 3, 246, 239, 198, 250, 252,
       175, 238, 255, 63, 187, 251, 90, 235, 235, 93, 91, 123, 207, 127,
       178, 250, 231, 203, 255, 191, 254, 215, 252, 199, 251, 243, 129,
       85, 77, 93, 101, 146, 14, 71, 188, 100, 160, 234, 8, 215, 51, 1,
       114, 50, 212, 108, 106, 105, 176, 113, 14, 237, 175, 37, 20, 96,
       178, 64, 32, 252, 252, 180, 254, 173, 45, 94, 188, 255, 187, 177,
       28, 255, 249, 73, 27, 223, 215, 110, 98, 249, 103, 219, 179, 251,
       255, 117, 124, 202, 249, 194, 19, 100, 180, 145, 114, 137, 109,
       80, 143, 251, 51, 169, 24, 214, 191, 76, 126, 129, 150, 104, 16,
       27, 105, 219, 145, 155, 216, 85, 126, 210, 72, 198, 34, 29, 205,
       57, 111, 21, 207, 71, 184, 86, 160, 239, 0, 115, 115, 41, 112,
       112, 252, 8, 106, 105, 176, 121, 63, 243, 239, 5, 20, 48, 187, 64,
       34, 69, 48, 145, 101, 1, 79, 96, 8, 104, 224, 35, 8, 214, 19, 73,
       50, 144, 84, 104, 106, 1, 112, 241, 8, 141, 152, 69, 54, 72, 35,
       67, 34, 54, 245, 242, 239, 190, 19, 254, 236, 127, 170, 249, 34,
       203, 122, 157, 100, 255, 205, 127, 227, 232, 243, 233, 254, 190,
       254, 143, 158, 117, 251, 227, 135, 54, 237, 82, 175, 188, 3, 254,
       232, 61, 160, 251, 131, 207, 239, 29, 64, 254, 205, 127, 227, 120,
       163, 201, 254, 188, 254, 143, 148, 117, 123, 227, 130, 118, 69,
       82, 239, 254, 11, 254, 248, 61, 162, 251, 10, 77, 235, 61, 80,
       250, 221, 127, 227, 96, 243, 201, 238, 182, 254, 143, 166, 55,
       251, 113, 129, 31, 109, 118, 239, 188, 11, 238, 248, 125, 162,
       251, 2, 207, 123, 29, 65, 251, 205, 127, 235, 232, 243, 201, 238,
       182, 255, 207, 148, 103, 251, 99, 128, 156, 242, 188, 247, 172,
       14, 127, 152, 174, 186, 183, 32, 223, 111, 153, 75, 191, 213, 125,
       251, 232, 197, 75, 32, 204, 235, 111, 148, 196, 243, 33, 49, 220,
       146, 188, 247, 172, 44, 121, 152, 191, 187, 183, 120, 223, 119,
       201, 91, 167, 213, 125, 26, 184, 69, 203, 129, 207, 251, 119, 252,
       128, 233, 1, 51, 117, 199, 93, 103, 180, 14, 103, 184, 96, 168,
       123, 76, 211, 97, 152, 82, 20, 68, 108, 110, 233, 176, 205, 46,
       228, 175, 37, 132, 72, 243, 194, 33, 117, 87, 29, 103, 180, 14,
       71, 184, 96, 168, 174, 76, 215, 113, 153, 115, 20, 70, 108, 110,
       233, 160, 217, 46, 225, 235, 101, 20, 72, 243, 194, 33, 232, 188,
       180, 250, 173, 253, 84, 223, 255, 251, 180, 24, 191, 253, 64, 59,
       205, 242, 255, 24, 190, 111, 250, 179, 219, 219, 85, 122, 210,
       220, 214, 91, 214, 172, 254, 255, 238, 169, 252, 238, 191, 147,
       242, 146, 253, 238, 117, 91, 239, 255, 127, 145, 178, 127, 203,
       243, 158, 187, 255, 202, 133, 248, 161, 137, 200, 244, 189, 113,
       169, 237, 117, 191, 123, 127, 36, 24, 190, 63, 72, 59, 133, 83,
       125, 24, 115, 108, 251, 51, 239, 219, 116, 126, 210, 88, 199, 123,
       216, 92, 29, 229, 40, 78, 95, 188, 52, 170, 246, 104, 247, 87,
       129, 83, 86, 245, 125, 106, 104, 212, 249, 46, 231, 235, 99, 148,
       32, 179, 67, 57, 208, 149, 61, 237, 180, 14, 95, 189, 52, 168,
       246, 32, 247, 87, 128, 81, 118, 245, 93, 106, 248, 152, 73, 61,
       237, 233, 39, 148, 36, 162, 129, 59, 204, 92, 189, 231, 32, 110,
       123, 24, 49, 170, 247, 40, 247, 119, 1, 123, 182, 244, 125, 106,
       169, 244, 249, 42, 199, 251, 97, 128, 32, 243, 6, 115, 213, 85,
       29, 101, 0, 14, 71, 56, 96, 168, 235, 76, 211, 51, 129, 115, 20,
       196, 108, 110, 233, 240, 249, 12, 225, 171, 101, 0, 104, 243, 66,
       33, 248, 172, 156, 122, 139, 233, 20, 207, 187, 55, 164, 25, 46,
       179, 66, 27, 129, 147, 233, 16, 58, 111, 218, 51, 219, 211, 85,
       123, 208, 80, 142, 10, 213, 81, 93, 101, 0, 14, 71, 48, 96, 224,
       163, 76, 215, 51, 9, 115, 16, 84, 124, 106, 233, 240, 241, 8, 229,
       171, 101, 4, 104, 179, 66, 33, 216, 184, 147, 116, 138, 108, 81,
       23, 179, 151, 162, 24, 55, 183, 64, 91, 35, 246, 109, 152, 58, 79,
       178, 34, 219, 225, 116, 56, 160, 224, 134, 122, 197, 113, 157,
       101, 32, 78, 101, 56, 96, 250, 35, 72, 215, 51, 137, 123, 18, 84,
       124, 106, 105, 228, 241, 8, 229, 171, 101, 20, 104, 177, 67, 48,
       248, 170, 158, 120, 138, 233, 81, 215, 179, 23, 164, 185, 55, 135,
       66, 27, 39, 179, 205, 144, 58, 79, 130, 51, 217, 195, 116, 121,
       226, 192, 166, 235, 252, 180, 156, 114, 136, 109, 81, 159, 178,
       191, 165, 25, 23, 247, 74, 27, 1, 150, 109, 24, 58, 71, 218, 18,
       217, 195, 117, 125, 224, 192, 134, 34, 45, 113, 16, 101, 85, 31,
       102, 56, 104, 224, 107, 76, 214, 16, 13, 180, 144, 76, 64, 110,
       197, 176, 89, 12, 37, 220, 1, 36, 72, 51, 75, 132, 65, 113, 145,
       69, 65, 14, 102, 56, 104, 232, 106, 76, 214, 48, 9, 50, 144, 84,
       96, 106, 193, 240, 209, 8, 37, 184, 69, 6, 72, 115, 67, 130, 244,
       8, 204, 180, 138, 96, 85, 159, 178, 182, 134, 185, 87, 231, 67,
       91, 65, 214, 109, 130, 104, 71, 203, 34, 217, 227, 245, 61, 160,
       240, 134, 106, 248, 174, 156, 112, 168, 173, 80, 215, 179, 191,
       164, 29, 55, 227, 66, 27, 129, 230, 109, 28, 58, 79, 210, 35, 219,
       203, 117, 121, 224, 192, 202, 11, 77, 245, 149, 103, 241, 127,
       119, 168, 123, 234, 47, 8, 222, 112, 77, 48, 145, 92, 96, 122, 97,
       240, 249, 14, 111, 223, 69, 6, 202, 115, 195, 182, 220, 52, 189,
       54, 168, 108, 81, 26, 178, 190, 167, 25, 215, 247, 73, 27, 167,
       213, 109, 18, 56, 69, 187, 2, 217, 227, 117, 61, 160, 113, 7, 115,
       252, 252, 148, 62, 9, 221, 22, 236, 147, 62, 161, 25, 238, 248,
       65, 155, 201, 243, 232, 67, 110, 103, 218, 179, 185, 210, 85, 63,
       82, 127, 142, 14, 253, 112, 189, 103, 172, 78, 87, 152, 113, 250,
       183, 8, 215, 85, 73, 59, 148, 212, 124, 122, 233, 116, 249, 0,
       199, 217, 101, 52, 200, 243, 70, 115, 150, 236, 254, 191, 238,
       171, 255, 254, 190, 183, 250, 27, 247, 235, 89, 91, 239, 247, 127,
       195, 250, 255, 203, 251, 252, 155, 255, 156, 164, 121, 165, 203,
       252, 172, 252, 118, 137, 105, 85, 223, 211, 191, 180, 24, 67, 225,
       79, 27, 9, 214, 236, 24, 58, 111, 250, 34, 219, 203, 85, 61, 227,
       249, 198, 34, 236, 180, 185, 99, 237, 125, 81, 153, 127, 123, 45,
       24, 222, 125, 72, 56, 153, 26, 255, 16, 59, 100, 251, 147, 207,
       223, 81, 127, 210, 75, 198, 242, 252, 188, 253, 118, 168, 109, 85,
       191, 179, 190, 164, 56, 91, 247, 73, 27, 5, 214, 237, 42, 56, 79,
       250, 34, 219, 203, 117, 61, 226, 240, 198, 123, 246, 237, 246,
       255, 253, 187, 254, 236, 191, 179, 251, 26, 239, 234, 93, 207,
       255, 255, 255, 243, 242, 103, 207, 251, 190, 254, 207, 254, 151,
