%YAML:1.0
---
descriptors: !!opencv-matrix
   rows: 243
   cols: 32
   dt: u
   data: [ 237, 116, 157, 103, 169, 110, 71, 152, 58, 186, 35, 24, 214,
       119, 73, 187, 145, 84, 104, 122, 49, 84, 249, 34, 141, 251, 69,
       54, 192, 115, 70, 35, 114, 175, 148, 58, 137, 169, 20, 207, 155,
       179, 136, 125, 38, 226, 104, 159, 129, 99, 232, 17, 62, 75, 202,
       51, 184, 22, 93, 127, 152, 92, 139, 14, 125, 85, 125, 102, 168,
       78, 79, 184, 225, 232, 191, 72, 87, 119, 137, 115, 22, 212, 124,
       106, 201, 161, 249, 44, 243, 233, 101, 20, 106, 243, 70, 49, 120,
       176, 253, 114, 168, 253, 81, 223, 163, 255, 164, 24, 51, 247, 74,
       59, 131, 214, 252, 24, 26, 107, 250, 49, 219, 203, 117, 125, 224,
       208, 198, 123, 221, 38, 148, 50, 169, 60, 74, 155, 251, 187, 163,
       92, 207, 226, 72, 219, 135, 71, 108, 30, 190, 69, 203, 34, 152,
       251, 119, 254, 138, 117, 139, 5, 245, 151, 92, 79, 184, 31, 86,
       184, 119, 40, 191, 108, 115, 112, 142, 241, 215, 198, 108, 110,
       252, 32, 77, 63, 234, 255, 37, 84, 248, 251, 200, 5, 224, 188,
       156, 218, 220, 237, 69, 143, 218, 59, 168, 24, 182, 243, 72, 123,
       129, 26, 106, 24, 51, 111, 218, 115, 253, 146, 85, 124, 216, 88,
       199, 42, 85, 69, 125, 103, 146, 110, 79, 184, 100, 160, 43, 0, 83,
       115, 9, 115, 50, 214, 124, 106, 249, 176, 121, 44, 231, 239, 37,
       20, 96, 243, 192, 32, 69, 71, 149, 71, 160, 46, 110, 152, 120,
       170, 107, 68, 215, 98, 201, 122, 151, 68, 108, 126, 161, 208, 201,
       74, 172, 190, 103, 4, 128, 243, 65, 5, 252, 76, 157, 118, 168,
       104, 84, 174, 176, 178, 166, 56, 223, 115, 9, 91, 135, 215, 108,
       42, 104, 71, 203, 34, 211, 235, 117, 29, 96, 241, 139, 35, 212,
       38, 149, 114, 169, 45, 65, 138, 187, 191, 163, 88, 134, 242, 73,
       31, 133, 87, 108, 24, 58, 69, 203, 34, 153, 210, 117, 62, 192,
       113, 3, 37, 69, 245, 149, 99, 185, 15, 119, 184, 110, 248, 43, 76,
       222, 113, 73, 50, 149, 68, 104, 122, 195, 112, 219, 19, 237, 158,
       5, 36, 72, 51, 67, 35, 212, 204, 94, 247, 146, 106, 95, 175, 180,
       178, 166, 16, 119, 115, 1, 83, 35, 247, 109, 168, 120, 205, 25,
       46, 249, 227, 117, 21, 160, 240, 132, 42, 96, 213, 149, 121, 141,
       77, 68, 175, 123, 59, 168, 24, 214, 51, 76, 114, 129, 23, 104, 16,
       91, 104, 219, 19, 173, 150, 84, 126, 208, 88, 196, 42, 224, 172,
       157, 251, 200, 237, 17, 135, 158, 19, 32, 24, 182, 243, 64, 91,
       129, 50, 106, 24, 50, 76, 218, 51, 205, 162, 116, 120, 144, 72,
       135, 42, 20, 101, 25, 99, 21, 79, 103, 232, 118, 160, 235, 8, 83,
       83, 9, 112, 57, 220, 72, 106, 104, 176, 89, 62, 249, 142, 5, 20,
       97, 187, 64, 32, 100, 97, 59, 102, 93, 198, 231, 232, 224, 128,
       235, 8, 80, 215, 41, 48, 248, 252, 122, 234, 73, 227, 186, 76,
       125, 172, 135, 12, 65, 51, 102, 162, 229, 112, 189, 101, 36, 14,
       71, 24, 96, 170, 182, 104, 211, 17, 193, 59, 152, 212, 124, 234,
       233, 246, 225, 8, 197, 171, 101, 4, 97, 243, 66, 33, 116, 117,
       117, 68, 216, 111, 199, 184, 225, 166, 173, 12, 82, 53, 205, 54,
       21, 212, 64, 106, 233, 99, 248, 14, 121, 158, 69, 52, 67, 251, 70,
       112, 5, 117, 25, 103, 81, 14, 103, 56, 124, 232, 107, 76, 222, 48,
       9, 48, 144, 76, 64, 110, 193, 176, 121, 14, 229, 190, 1, 6, 72,
       51, 67, 163, 102, 253, 214, 207, 254, 11, 254, 232, 63, 162, 251,
       34, 204, 250, 61, 64, 255, 239, 127, 227, 96, 243, 203, 254, 188,
       62, 79, 134, 149, 127, 241, 129, 69, 113, 17, 101, 1, 78, 51, 32,
       104, 224, 35, 8, 214, 17, 1, 48, 144, 20, 104, 106, 1, 240, 241,
       8, 197, 184, 65, 6, 72, 35, 67, 34, 109, 100, 118, 101, 52, 31,
       114, 168, 121, 160, 106, 9, 219, 89, 157, 176, 178, 76, 125, 110,
       196, 240, 141, 12, 230, 255, 1, 4, 70, 183, 66, 0, 216, 48, 188,
       240, 41, 205, 89, 19, 171, 57, 180, 24, 159, 159, 64, 123, 134,
       149, 253, 16, 138, 111, 242, 144, 211, 249, 112, 123, 194, 0, 7,
       59, 129, 120, 19, 77, 65, 94, 167, 48, 104, 200, 98, 72, 242, 80,
       133, 180, 16, 124, 80, 106, 65, 180, 241, 76, 37, 184, 0, 0, 74,
       51, 67, 188, 125, 207, 70, 71, 148, 10, 102, 172, 96, 160, 235,
       200, 195, 96, 153, 247, 26, 196, 104, 110, 105, 176, 205, 45, 164,
       170, 69, 20, 111, 243, 218, 4, 125, 79, 70, 71, 149, 58, 102, 172,
       97, 160, 234, 136, 235, 96, 157, 215, 50, 230, 236, 110, 108, 176,
       205, 45, 174, 250, 69, 20, 103, 247, 218, 4, 237, 207, 70, 103,
       165, 26, 102, 184, 97, 160, 111, 200, 203, 97, 154, 247, 18, 196,
       236, 110, 236, 240, 237, 173, 166, 251, 69, 21, 110, 183, 218, 4,
       205, 112, 181, 101, 33, 62, 119, 24, 121, 250, 39, 92, 222, 17,
       73, 191, 144, 68, 124, 106, 161, 244, 241, 72, 199, 251, 69, 6,
       202, 117, 75, 35, 205, 120, 157, 101, 33, 14, 87, 188, 105, 234,
       38, 76, 222, 51, 65, 59, 134, 68, 124, 106, 225, 228, 241, 40,
       231, 251, 101, 22, 74, 241, 67, 43, 69, 116, 157, 103, 161, 111,
       119, 152, 120, 234, 99, 8, 214, 113, 9, 59, 177, 84, 104, 106, 97,
       240, 185, 10, 229, 255, 69, 6, 200, 115, 195, 35, 244, 172, 252,
       114, 168, 173, 85, 223, 178, 191, 165, 25, 23, 247, 66, 27, 1,
       242, 109, 24, 58, 79, 202, 51, 217, 203, 117, 120, 224, 208, 198,
       35, 205, 71, 21, 103, 176, 14, 103, 188, 125, 170, 111, 68, 223,
       115, 137, 113, 149, 68, 108, 110, 225, 208, 121, 110, 239, 251,
       103, 4, 10, 243, 129, 33, 248, 138, 126, 120, 40, 233, 81, 87,
       210, 63, 180, 56, 51, 147, 96, 11, 9, 178, 77, 24, 42, 111, 226,
       51, 211, 201, 112, 57, 115, 200, 68, 43, 69, 113, 145, 71, 69, 92,
       118, 128, 105, 200, 35, 8, 222, 48, 77, 186, 144, 84, 96, 106, 65,
       112, 241, 0, 7, 152, 69, 14, 72, 115, 75, 167, 248, 190, 246, 114,
       169, 236, 81, 223, 179, 31, 172, 56, 47, 247, 64, 30, 39, 183,
       237, 16, 58, 79, 170, 51, 219, 247, 85, 123, 226, 196, 134, 107,
       205, 117, 17, 69, 101, 94, 102, 184, 121, 232, 106, 72, 254, 113,
       9, 181, 144, 92, 80, 106, 225, 240, 217, 15, 39, 248, 69, 4, 74,
       51, 75, 161, 37, 113, 17, 67, 85, 95, 98, 152, 107, 224, 43, 72,
       210, 80, 77, 180, 144, 92, 64, 122, 1, 240, 249, 28, 45, 156, 5,
       52, 74, 59, 66, 164, 36, 177, 49, 67, 221, 79, 67, 136, 74, 176,
       41, 8, 210, 85, 77, 180, 145, 92, 64, 122, 67, 48, 249, 16, 45,
       156, 5, 116, 82, 43, 70, 160, 253, 113, 253, 102, 104, 78, 71,
       184, 97, 250, 181, 8, 83, 87, 201, 59, 20, 212, 124, 106, 201,
       103, 251, 8, 243, 233, 101, 60, 107, 179, 70, 113, 124, 112, 189,
       114, 41, 109, 81, 216, 243, 255, 165, 24, 223, 215, 73, 58, 145,
       212, 108, 26, 11, 103, 250, 2, 219, 223, 53, 125, 192, 243, 70,
       115, 104, 241, 180, 254, 13, 221, 84, 111, 219, 121, 164, 25, 190,
       189, 8, 51, 201, 178, 249, 0, 122, 107, 242, 181, 251, 255, 84,
       59, 82, 28, 214, 74, 124, 176, 253, 114, 169, 237, 81, 223, 227,
       189, 164, 8, 59, 247, 72, 58, 137, 215, 253, 24, 26, 107, 250, 49,
       219, 201, 117, 125, 227, 192, 198, 107, 224, 252, 156, 218, 232,
       237, 5, 223, 250, 59, 168, 88, 150, 243, 72, 59, 129, 82, 106, 24,
       51, 107, 218, 115, 253, 146, 117, 124, 216, 88, 195, 170, 93, 133,
       93, 103, 144, 110, 103, 184, 100, 160, 171, 8, 83, 115, 25, 115,
       48, 212, 108, 106, 121, 176, 121, 44, 249, 235, 37, 20, 97, 243,
       192, 32, 220, 14, 157, 118, 168, 44, 84, 186, 178, 187, 162, 120,
       255, 243, 65, 219, 167, 247, 108, 10, 56, 71, 203, 32, 211, 235,
       117, 188, 162, 241, 135, 3, 212, 54, 149, 114, 168, 45, 65, 159,
       187, 191, 163, 88, 150, 242, 73, 31, 133, 215, 108, 24, 58, 103,
       219, 66, 153, 146, 117, 126, 192, 113, 131, 33, 69, 245, 149, 99,
       181, 15, 102, 184, 110, 248, 43, 76, 214, 113, 73, 50, 145, 68,
       104, 126, 193, 112, 217, 28, 173, 158, 37, 116, 72, 51, 67, 35,
       197, 245, 252, 71, 180, 15, 119, 188, 120, 234, 119, 44, 214, 121,
