%YAML:1.0
---
descriptors: !!opencv-matrix
   rows: 181
   cols: 32
   dt: u
   data: [ 108, 229, 185, 122, 137, 109, 87, 140, 51, 55, 173, 24, 246,
       119, 72, 58, 153, 82, 105, 122, 26, 98, 250, 51, 235, 223, 69,
       127, 210, 83, 198, 98, 108, 117, 49, 103, 61, 79, 71, 184, 102,
       236, 45, 8, 210, 117, 73, 48, 152, 92, 121, 106, 73, 240, 249, 62,
       229, 223, 5, 52, 66, 123, 86, 114, 208, 24, 157, 116, 40, 110, 65,
       18, 172, 219, 162, 56, 215, 55, 0, 123, 2, 244, 124, 8, 9, 77,
       179, 0, 193, 163, 112, 16, 160, 224, 7, 59, 37, 117, 25, 71, 85,
       31, 230, 56, 122, 224, 43, 72, 246, 112, 85, 160, 145, 76, 82,
       106, 193, 240, 121, 30, 45, 156, 5, 52, 72, 59, 74, 164, 37, 241,
       25, 65, 156, 79, 199, 168, 78, 120, 41, 8, 210, 81, 77, 48, 145,
       92, 80, 106, 67, 48, 121, 21, 45, 156, 5, 118, 80, 59, 82, 162, 5,
       95, 27, 119, 176, 142, 47, 180, 116, 202, 122, 100, 247, 115, 137,
       112, 54, 110, 60, 110, 225, 144, 13, 47, 228, 174, 39, 128, 8,
       242, 129, 57, 124, 112, 189, 114, 41, 111, 83, 152, 235, 251, 167,
       24, 87, 87, 73, 59, 129, 212, 124, 122, 41, 103, 250, 0, 219, 219,
       101, 60, 192, 243, 70, 115, 237, 145, 85, 78, 201, 92, 70, 188,
       201, 120, 173, 76, 122, 115, 140, 247, 148, 214, 236, 106, 221,
       34, 251, 61, 51, 248, 65, 62, 90, 186, 202, 53, 192, 168, 157,
       250, 200, 237, 53, 143, 158, 55, 32, 24, 182, 179, 64, 91, 129,
       114, 106, 24, 50, 76, 218, 49, 205, 162, 116, 120, 144, 88, 135,
       42, 116, 197, 93, 103, 20, 79, 67, 184, 102, 160, 171, 8, 83, 113,
       9, 112, 48, 212, 72, 106, 104, 176, 121, 30, 249, 174, 1, 20, 113,
       171, 64, 34, 109, 97, 49, 101, 53, 31, 118, 56, 105, 232, 59, 73,
       219, 28, 157, 176, 148, 68, 93, 110, 196, 240, 233, 140, 231, 253,
       33, 54, 66, 191, 82, 103, 76, 113, 120, 103, 50, 11, 127, 56, 41,
       236, 127, 169, 223, 55, 139, 16, 22, 93, 245, 110, 0, 208, 233,
       76, 231, 253, 33, 164, 98, 183, 7, 115, 229, 67, 84, 7, 100, 10,
       110, 184, 121, 170, 115, 76, 195, 96, 157, 151, 50, 68, 100, 110,
       228, 244, 205, 42, 36, 186, 101, 4, 70, 179, 82, 4, 126, 205, 70,
       15, 147, 122, 70, 175, 97, 164, 238, 139, 107, 96, 31, 214, 112,
       198, 232, 98, 124, 161, 77, 175, 187, 247, 133, 23, 231, 247, 222,
       68, 193, 172, 207, 31, 204, 168, 37, 143, 246, 147, 106, 208, 245,
       226, 200, 123, 67, 78, 106, 24, 51, 92, 207, 115, 204, 34, 119,
       104, 136, 240, 195, 168, 69, 245, 157, 99, 149, 111, 103, 136,
       114, 241, 15, 8, 215, 49, 73, 58, 145, 84, 120, 122, 81, 112, 249,
       2, 237, 223, 5, 116, 200, 123, 211, 34, 69, 113, 152, 103, 177,
       14, 119, 156, 107, 160, 47, 76, 214, 113, 73, 18, 145, 76, 104,
       122, 192, 240, 217, 34, 239, 158, 5, 6, 200, 115, 195, 35, 104,
       49, 21, 65, 121, 95, 113, 1, 105, 56, 164, 8, 154, 21, 68, 181,
       128, 20, 200, 112, 3, 50, 241, 20, 7, 217, 1, 119, 66, 0, 70, 162,
       248, 56, 255, 118, 138, 232, 65, 87, 162, 151, 164, 56, 55, 183,
       64, 91, 39, 246, 109, 24, 26, 79, 178, 0, 219, 195, 116, 56, 224,
       192, 166, 122, 100, 119, 57, 103, 112, 15, 103, 184, 104, 172, 45,
       12, 214, 81, 73, 16, 144, 92, 68, 106, 64, 240, 249, 12, 231, 157,
       37, 52, 64, 179, 70, 161, 93, 85, 61, 103, 48, 78, 79, 184, 116,
       202, 123, 68, 247, 119, 137, 112, 22, 84, 28, 106, 233, 144, 121,
       46, 225, 175, 37, 132, 40, 242, 0, 49, 109, 112, 185, 99, 45, 127,
       67, 152, 99, 250, 47, 8, 210, 85, 201, 62, 17, 212, 84, 122, 9,
       116, 249, 0, 207, 217, 37, 52, 194, 251, 70, 115, 253, 112, 249,
       100, 40, 78, 87, 152, 97, 234, 167, 8, 91, 85, 73, 59, 48, 212,
       124, 106, 201, 101, 249, 8, 243, 201, 101, 52, 98, 179, 70, 115,
       216, 174, 150, 176, 169, 173, 88, 83, 163, 187, 160, 89, 159, 171,
       80, 155, 167, 183, 125, 156, 62, 79, 130, 145, 219, 249, 57, 249,
       162, 196, 131, 3, 124, 177, 253, 112, 168, 108, 85, 159, 226, 255,
       167, 24, 83, 183, 72, 58, 35, 214, 124, 24, 27, 105, 187, 0, 219,
       171, 117, 125, 226, 192, 198, 115, 221, 39, 156, 182, 168, 56, 92,
       136, 234, 190, 163, 121, 199, 226, 203, 219, 131, 199, 108, 126,
       60, 71, 143, 32, 218, 243, 103, 61, 160, 241, 139, 0, 229, 180,
       25, 82, 248, 173, 5, 143, 250, 59, 168, 88, 150, 243, 72, 57, 129,
       26, 104, 24, 59, 111, 219, 115, 189, 148, 21, 126, 216, 88, 195,
       34, 117, 69, 85, 101, 21, 111, 71, 40, 100, 160, 171, 8, 83, 113,
       9, 112, 48, 212, 72, 106, 105, 177, 121, 30, 245, 174, 1, 20, 113,
       187, 64, 32, 101, 101, 120, 103, 52, 30, 118, 40, 105, 160, 111,
       9, 215, 105, 29, 48, 146, 76, 81, 111, 196, 176, 221, 14, 231,
       253, 1, 5, 100, 179, 74, 2, 229, 115, 141, 103, 172, 14, 71, 188,
       96, 232, 171, 76, 211, 97, 217, 51, 152, 68, 108, 110, 201, 224,
       249, 40, 228, 249, 101, 52, 72, 251, 210, 32, 196, 174, 141, 155,
       204, 169, 37, 142, 254, 179, 161, 208, 215, 226, 200, 75, 107,
       198, 106, 30, 50, 101, 207, 114, 156, 2, 215, 124, 144, 113, 131,
       160, 197, 117, 153, 103, 240, 14, 119, 184, 123, 168, 107, 76,
       214, 115, 73, 16, 149, 76, 104, 126, 192, 176, 217, 106, 237, 188,
       5, 4, 72, 115, 195, 163, 104, 112, 49, 65, 41, 93, 240, 64, 105,
       224, 166, 8, 158, 21, 68, 180, 128, 20, 200, 96, 1, 48, 241, 0,
       135, 217, 1, 119, 66, 2, 71, 166, 240, 170, 255, 112, 10, 233, 81,
       87, 178, 183, 164, 57, 51, 199, 64, 27, 35, 182, 109, 152, 58, 79,
       162, 33, 219, 235, 116, 120, 224, 128, 166, 123, 240, 188, 156,
       50, 170, 169, 80, 223, 179, 187, 160, 125, 55, 243, 74, 27, 167,
       131, 109, 20, 62, 79, 218, 51, 218, 195, 117, 125, 232, 192, 138,
       27, 208, 84, 223, 116, 136, 64, 69, 55, 176, 82, 162, 88, 119, 55,
       129, 123, 35, 246, 108, 170, 105, 71, 179, 1, 209, 163, 116, 24,
       32, 240, 134, 56, 100, 103, 49, 71, 240, 15, 103, 184, 104, 172,
       111, 72, 210, 97, 137, 20, 144, 92, 68, 110, 64, 240, 233, 14,
       101, 156, 37, 4, 64, 179, 70, 161, 240, 188, 255, 82, 171, 248,
       85, 215, 187, 27, 164, 56, 42, 247, 196, 191, 163, 242, 236, 24,
       59, 79, 170, 115, 155, 219, 84, 123, 227, 192, 206, 47, 124, 177,
       253, 98, 169, 125, 85, 157, 226, 185, 172, 8, 91, 183, 72, 59, 35,
       214, 253, 24, 26, 107, 250, 33, 219, 203, 117, 125, 227, 194, 198,
       59, 124, 221, 212, 126, 75, 89, 22, 168, 163, 54, 172, 45, 110,
       243, 75, 214, 147, 215, 233, 98, 78, 67, 218, 51, 242, 247, 69,
       63, 122, 119, 14, 26, 52, 97, 72, 103, 84, 75, 102, 40, 97, 160,
       111, 9, 83, 9, 27, 16, 56, 204, 65, 106, 76, 176, 217, 14, 247,
       237, 1, 53, 101, 179, 90, 2, 124, 103, 112, 71, 81, 90, 110, 40,
       113, 164, 255, 8, 75, 11, 13, 180, 56, 220, 197, 234, 72, 178,
       201, 142, 119, 221, 129, 5, 99, 183, 78, 162, 208, 40, 159, 240,
       138, 232, 81, 22, 178, 151, 166, 24, 183, 183, 64, 91, 35, 247,
       109, 16, 58, 77, 163, 33, 217, 163, 112, 24, 160, 192, 6, 107,
       244, 189, 157, 118, 136, 108, 87, 159, 178, 183, 165, 24, 83, 247,
       73, 27, 1, 214, 108, 26, 122, 71, 250, 34, 249, 203, 117, 125,
       224, 113, 198, 114, 205, 117, 157, 103, 225, 110, 119, 184, 121,
       234, 111, 8, 222, 113, 9, 122, 145, 84, 120, 106, 97, 244, 249,
       42, 231, 255, 69, 6, 202, 115, 67, 51, 77, 121, 148, 71, 41, 94,
       118, 152, 235, 250, 47, 8, 222, 114, 77, 190, 128, 85, 120, 90,
       133, 224, 251, 96, 7, 249, 69, 38, 202, 115, 75, 150, 196, 182,
       157, 58, 168, 173, 53, 159, 190, 59, 155, 252, 245, 246, 200, 59,
       135, 83, 108, 17, 179, 73, 235, 51, 220, 131, 127, 248, 136, 80,
       135, 113, 240, 162, 218, 48, 10, 168, 81, 87, 160, 151, 164, 189,
       55, 131, 66, 27, 39, 135, 205, 148, 58, 79, 130, 0, 218, 193, 112,
       249, 160, 128, 170, 11, 240, 190, 222, 112, 138, 169, 81, 82, 178,
       191, 164, 185, 55, 167, 66, 27, 39, 178, 109, 24, 58, 79, 130, 51,
