%YAML:1.0
---
descriptors: !!opencv-matrix
   rows: 342
   cols: 32
   dt: u
   data: [ 220, 80, 191, 247, 44, 46, 123, 152, 188, 186, 183, 112, 223,
       119, 153, 123, 119, 213, 125, 106, 169, 197, 235, 42, 195, 235,
       243, 148, 164, 251, 1, 33, 92, 180, 189, 242, 168, 108, 93, 25,
       187, 251, 183, 120, 223, 255, 72, 122, 151, 149, 253, 49, 155, 65,
       251, 128, 219, 255, 127, 252, 130, 226, 135, 115, 182, 172, 214,
       191, 238, 43, 254, 207, 63, 179, 250, 26, 109, 234, 53, 88, 123,
       239, 127, 128, 48, 255, 203, 255, 190, 254, 223, 142, 149, 248,
       243, 137, 104, 180, 188, 250, 157, 253, 80, 143, 27, 29, 173, 25,
       254, 253, 74, 26, 201, 155, 233, 16, 58, 106, 251, 145, 203, 223,
       84, 127, 210, 72, 206, 74, 108, 176, 188, 113, 205, 109, 81, 155,
       123, 63, 165, 24, 223, 189, 74, 26, 137, 20, 237, 24, 26, 99, 251,
       16, 207, 219, 81, 127, 210, 73, 198, 242, 252, 113, 189, 101, 168,
       78, 87, 184, 33, 190, 183, 8, 215, 119, 73, 51, 148, 212, 125,
       106, 105, 224, 249, 8, 227, 249, 101, 52, 96, 243, 70, 115, 109,
       85, 125, 101, 48, 78, 67, 56, 100, 232, 63, 64, 215, 55, 137, 112,
       22, 212, 124, 106, 233, 176, 121, 14, 231, 239, 37, 4, 96, 179,
       68, 113, 197, 116, 157, 119, 136, 110, 71, 152, 58, 186, 47, 24,
       215, 119, 73, 123, 145, 86, 120, 122, 49, 68, 251, 34, 207, 187,
       101, 52, 128, 115, 70, 50, 100, 253, 189, 103, 137, 79, 71, 188,
       50, 178, 172, 8, 215, 117, 73, 51, 145, 86, 120, 122, 105, 98,
       249, 58, 237, 255, 69, 52, 192, 114, 198, 114, 100, 125, 185, 103,
       140, 79, 71, 168, 48, 238, 173, 8, 211, 117, 9, 48, 153, 220, 88,
       106, 105, 242, 249, 46, 237, 223, 69, 52, 192, 123, 86, 98, 252,
       229, 156, 122, 137, 77, 87, 168, 178, 183, 173, 24, 86, 247, 75,
       27, 153, 210, 105, 122, 122, 98, 251, 51, 251, 211, 69, 125, 208,
       115, 198, 98, 124, 100, 125, 111, 29, 95, 87, 184, 81, 166, 229,
       8, 211, 125, 25, 48, 88, 212, 233, 106, 104, 242, 249, 14, 231,
       239, 69, 53, 99, 251, 94, 34, 120, 180, 191, 112, 153, 233, 81,
       103, 243, 25, 172, 56, 50, 183, 64, 58, 129, 186, 104, 24, 26, 75,
       242, 21, 219, 207, 16, 123, 194, 0, 198, 106, 249, 184, 255, 112,
       171, 253, 81, 87, 243, 91, 180, 56, 59, 183, 198, 63, 35, 182,
       236, 8, 63, 111, 178, 51, 219, 251, 116, 123, 235, 192, 206, 127,
       120, 186, 255, 112, 8, 233, 81, 87, 162, 23, 164, 24, 55, 135, 66,
       27, 35, 182, 101, 24, 26, 111, 178, 17, 219, 195, 112, 121, 227,
       128, 134, 122, 77, 113, 57, 71, 48, 78, 87, 56, 97, 232, 47, 8,
       211, 87, 9, 52, 20, 84, 92, 106, 73, 240, 249, 12, 231, 253, 37,
       20, 74, 179, 70, 114, 252, 32, 220, 116, 136, 109, 85, 95, 163,
       183, 164, 25, 19, 179, 67, 27, 9, 214, 237, 8, 56, 71, 218, 0,
       219, 195, 117, 61, 226, 240, 198, 10, 20, 105, 27, 101, 4, 79,
       103, 112, 116, 160, 235, 0, 83, 211, 33, 96, 120, 252, 40, 234,
       72, 176, 25, 14, 227, 173, 161, 0, 96, 179, 96, 162, 96, 181, 25,
       218, 152, 141, 67, 172, 106, 49, 169, 24, 182, 241, 72, 112, 129,
       90, 106, 80, 27, 106, 219, 55, 189, 148, 21, 126, 88, 10, 198, 42,
       220, 69, 92, 103, 170, 74, 95, 168, 48, 178, 167, 8, 215, 115, 9,
       115, 51, 213, 108, 106, 104, 229, 217, 46, 241, 235, 101, 20, 96,
       243, 70, 32, 192, 236, 157, 255, 200, 237, 37, 175, 158, 19, 40,
       24, 182, 179, 64, 123, 129, 114, 106, 8, 114, 78, 218, 55, 237,
       166, 86, 120, 144, 88, 135, 170, 116, 69, 125, 99, 148, 239, 67,
       184, 118, 165, 171, 10, 83, 115, 9, 112, 49, 212, 76, 122, 56,
       177, 121, 62, 233, 207, 37, 20, 241, 219, 196, 34, 244, 101, 189,
       102, 141, 79, 87, 168, 82, 178, 173, 8, 82, 117, 73, 51, 153, 212,
       104, 106, 105, 99, 251, 42, 251, 203, 69, 63, 65, 123, 70, 34, 69,
       244, 157, 103, 185, 14, 39, 184, 122, 251, 47, 76, 222, 113, 73,
       50, 149, 70, 104, 122, 227, 112, 251, 51, 237, 191, 69, 102, 200,
       115, 195, 35, 76, 37, 120, 103, 242, 74, 127, 56, 57, 166, 111,
       169, 223, 119, 139, 16, 22, 93, 221, 110, 112, 208, 233, 78, 231,
       255, 37, 132, 98, 243, 7, 113, 141, 174, 221, 63, 164, 170, 111,
       191, 118, 179, 110, 212, 243, 227, 216, 105, 51, 110, 34, 30, 51,
       220, 111, 51, 236, 231, 119, 64, 190, 240, 193, 160, 54, 93, 18,
       190, 93, 199, 198, 224, 157, 142, 233, 11, 70, 248, 45, 208, 216,
       253, 226, 98, 108, 163, 154, 174, 177, 182, 5, 63, 80, 123, 116,
       134, 129, 170, 155, 155, 236, 169, 232, 199, 254, 19, 66, 212,
       181, 226, 240, 75, 99, 42, 106, 28, 51, 92, 135, 115, 12, 130,
       118, 104, 152, 192, 225, 136, 38, 221, 18, 190, 249, 205, 22, 228,
       159, 12, 233, 41, 230, 242, 36, 148, 200, 123, 202, 66, 74, 35,
       90, 63, 177, 180, 5, 59, 80, 123, 174, 134, 129, 174, 159, 153,
       236, 169, 225, 199, 254, 19, 32, 208, 181, 162, 224, 75, 99, 34,
       106, 28, 51, 77, 6, 115, 204, 130, 126, 104, 148, 192, 163, 168,
       129, 142, 207, 121, 164, 170, 109, 151, 118, 19, 106, 208, 243,
       227, 208, 121, 51, 46, 46, 28, 51, 252, 47, 51, 204, 171, 119, 64,
       232, 192, 193, 168, 40, 181, 152, 99, 217, 109, 16, 143, 30, 61,
       44, 25, 142, 49, 74, 16, 145, 27, 203, 16, 18, 120, 91, 23, 239,
       215, 21, 119, 210, 72, 143, 138, 68, 117, 185, 103, 176, 78, 119,
       184, 120, 226, 43, 12, 214, 115, 9, 50, 144, 84, 120, 106, 97,
       240, 249, 10, 229, 191, 5, 6, 64, 114, 71, 115, 248, 233, 182,
       252, 29, 205, 86, 230, 223, 132, 228, 8, 42, 253, 37, 81, 200,
       251, 251, 66, 104, 235, 210, 253, 243, 251, 199, 59, 83, 56, 118,
       170, 198, 172, 150, 159, 236, 47, 236, 207, 63, 187, 242, 152,
       238, 238, 28, 91, 251, 239, 127, 145, 58, 239, 203, 247, 157, 190,
       223, 252, 149, 120, 243, 128, 194, 172, 214, 159, 238, 43, 252,
       239, 63, 179, 242, 26, 236, 234, 0, 73, 123, 239, 127, 128, 50,
       255, 203, 255, 188, 50, 223, 254, 149, 120, 243, 137, 120, 181,
       188, 250, 157, 221, 85, 239, 207, 21, 172, 25, 174, 253, 12, 16,
       201, 178, 233, 16, 90, 107, 242, 183, 251, 223, 20, 123, 82, 8,
       214, 106, 162, 172, 246, 191, 236, 171, 252, 239, 63, 187, 242,
       26, 236, 238, 20, 73, 255, 239, 127, 129, 178, 255, 203, 243, 158,
       190, 223, 170, 213, 216, 226, 137, 108, 176, 184, 121, 141, 125,
       81, 155, 127, 61, 165, 24, 159, 253, 74, 26, 137, 154, 233, 24,
       26, 106, 251, 17, 207, 223, 17, 127, 210, 73, 198, 114, 108, 48,
       185, 96, 173, 109, 81, 154, 75, 191, 165, 24, 159, 29, 73, 58,
       137, 84, 253, 24, 26, 98, 251, 16, 207, 217, 81, 125, 194, 73, 70,
       114, 84, 85, 61, 231, 184, 14, 95, 184, 36, 168, 191, 104, 215,
       119, 9, 82, 22, 212, 125, 106, 233, 128, 249, 14, 233, 239, 37,
       148, 32, 243, 4, 49, 20, 221, 189, 231, 52, 14, 111, 184, 54, 234,
       218, 96, 215, 119, 137, 96, 119, 252, 125, 110, 233, 208, 105, 46,
       237, 239, 231, 148, 36, 243, 5, 113, 236, 113, 61, 103, 40, 78,
       87, 56, 97, 238, 183, 8, 215, 55, 9, 51, 148, 212, 124, 106, 233,
       240, 249, 8, 231, 249, 101, 20, 96, 179, 70, 115, 197, 84, 157,
       119, 168, 110, 103, 190, 120, 250, 163, 88, 215, 115, 9, 123, 149,
       86, 124, 42, 113, 197, 217, 42, 237, 187, 101, 20, 136, 113, 131,
       49, 237, 113, 221, 103, 44, 14, 71, 176, 96, 234, 167, 76, 211,
       81, 217, 59, 16, 196, 108, 110, 233, 228, 217, 40, 229, 248, 101,
       20, 72, 179, 66, 33, 236, 229, 189, 122, 137, 77, 87, 168, 83,
       182, 165, 24, 214, 117, 73, 59, 153, 210, 104, 122, 122, 98, 251,
       51, 235, 219, 69, 127, 210, 123, 198, 98, 108, 101, 61, 103, 157,
       79, 71, 168, 118, 174, 239, 8, 211, 117, 9, 48, 216, 212, 120,
       106, 104, 242, 121, 30, 239, 223, 5, 52, 64, 187, 70, 98, 252,
       100, 184, 106, 205, 77, 87, 232, 83, 182, 165, 8, 115, 249, 75,
       19, 217, 216, 233, 122, 106, 103, 219, 27, 251, 203, 69, 61, 211,
