%YAML:1.0
---
descriptors: !!opencv-matrix
   rows: 117
   cols: 32
   dt: u
   data: [ 92, 221, 31, 254, 184, 238, 127, 247, 188, 142, 254, 32, 255,
       247, 33, 114, 167, 119, 127, 106, 113, 137, 187, 255, 249, 247,
       39, 128, 130, 115, 165, 123, 221, 221, 31, 239, 180, 110, 127,
       191, 61, 234, 254, 80, 255, 119, 137, 112, 247, 247, 127, 106,
       105, 177, 185, 239, 255, 255, 39, 132, 202, 243, 227, 57, 144,
       144, 254, 121, 162, 174, 121, 19, 54, 71, 103, 181, 247, 151, 130,
       89, 55, 62, 61, 28, 50, 220, 33, 23, 206, 171, 116, 192, 160, 192,
       132, 121, 248, 184, 222, 120, 169, 173, 80, 87, 163, 59, 176, 29,
       47, 145, 96, 155, 141, 179, 236, 16, 30, 111, 210, 49, 218, 195,
       116, 121, 251, 200, 202, 27, 108, 101, 76, 103, 180, 43, 103, 168,
       48, 134, 111, 137, 195, 97, 139, 16, 27, 204, 228, 106, 104, 240,
       201, 46, 230, 255, 37, 21, 226, 251, 78, 192, 60, 101, 104, 103,
       80, 75, 103, 168, 53, 164, 239, 169, 195, 1, 9, 16, 120, 220, 67,
       106, 72, 176, 89, 14, 231, 229, 5, 21, 99, 187, 70, 226, 44, 53,
       152, 97, 176, 47, 112, 27, 123, 184, 63, 125, 158, 57, 65, 154,
       151, 28, 228, 48, 49, 112, 209, 18, 206, 223, 33, 119, 202, 233,
       75, 147, 70, 245, 153, 222, 25, 204, 23, 168, 186, 180, 41, 8,
       236, 247, 73, 114, 145, 119, 233, 66, 98, 65, 186, 127, 233, 183,
       13, 63, 0, 51, 7, 98, 116, 101, 104, 103, 17, 74, 103, 40, 32,
       164, 239, 137, 195, 103, 9, 17, 120, 212, 65, 106, 72, 176, 217,
       12, 231, 229, 5, 21, 97, 187, 70, 98, 216, 132, 94, 127, 178, 174,
       88, 55, 48, 3, 239, 209, 127, 55, 8, 80, 55, 183, 125, 60, 56,
       141, 1, 31, 234, 239, 52, 209, 160, 192, 138, 10, 81, 109, 168,
       45, 148, 78, 109, 174, 116, 230, 78, 133, 151, 44, 19, 80, 32,
       142, 72, 13, 77, 56, 245, 14, 245, 167, 30, 5, 40, 112, 19, 90,
       60, 101, 113, 71, 83, 75, 71, 232, 53, 164, 239, 8, 67, 117, 13,
       20, 120, 220, 196, 98, 104, 178, 121, 46, 119, 230, 5, 23, 99, 59,
       70, 242, 193, 188, 143, 113, 172, 174, 101, 151, 118, 83, 66, 84,
       177, 177, 208, 123, 1, 46, 120, 28, 179, 252, 247, 51, 204, 42,
       244, 64, 168, 192, 208, 56, 2, 143, 98, 139, 178, 226, 186, 55,
       60, 5, 90, 227, 237, 110, 178, 64, 119, 59, 151, 177, 178, 152, 5,
       255, 44, 38, 170, 193, 180, 198, 165, 217, 109, 97, 1, 71, 245,
       94, 103, 168, 105, 232, 107, 12, 218, 113, 29, 180, 144, 68, 120,
       110, 73, 240, 249, 172, 37, 252, 5, 4, 74, 55, 82, 86, 75, 250,
       133, 85, 44, 30, 169, 158, 238, 249, 22, 196, 225, 36, 215, 239,
       5, 100, 248, 29, 129, 216, 247, 160, 12, 122, 221, 148, 142, 237,
       88, 124, 91, 50, 150, 188, 43, 156, 88, 91, 163, 125, 180, 189,
       175, 135, 194, 31, 166, 165, 237, 132, 142, 79, 130, 145, 210,
       241, 121, 187, 42, 132, 10, 95, 124, 97, 104, 103, 19, 79, 71, 40,
       32, 164, 239, 137, 67, 101, 9, 16, 120, 212, 200, 98, 72, 178,
       249, 12, 245, 229, 1, 53, 97, 59, 70, 34, 248, 172, 255, 116, 137,
       252, 84, 247, 243, 187, 164, 24, 59, 191, 64, 59, 129, 246, 252,
       8, 58, 111, 178, 51, 219, 219, 85, 59, 227, 192, 198, 42, 84, 247,
       157, 183, 184, 79, 87, 184, 178, 234, 171, 109, 215, 119, 9, 19,
       151, 87, 125, 98, 105, 65, 217, 47, 233, 135, 109, 180, 168, 115,
       135, 115, 208, 160, 158, 250, 136, 169, 64, 135, 182, 19, 162, 24,
       183, 243, 72, 91, 129, 178, 108, 16, 58, 77, 138, 51, 217, 163,
       116, 121, 168, 64, 202, 10, 252, 36, 174, 180, 141, 106, 84, 139,
       243, 179, 131, 25, 199, 249, 89, 155, 161, 198, 125, 51, 60, 101,
       219, 130, 219, 227, 213, 127, 166, 121, 218, 2, 241, 168, 216, 92,
       141, 189, 80, 199, 243, 59, 164, 24, 34, 168, 84, 155, 201, 230,
       108, 28, 30, 111, 210, 33, 155, 185, 84, 123, 193, 72, 218, 14,
       124, 103, 236, 103, 144, 75, 118, 188, 49, 172, 255, 173, 211, 97,
       139, 16, 88, 220, 237, 98, 72, 240, 201, 46, 238, 231, 37, 181,
       99, 251, 78, 18, 126, 119, 216, 230, 122, 19, 31, 248, 51, 172,
       157, 173, 77, 103, 203, 18, 54, 221, 237, 226, 104, 67, 203, 27,
       250, 197, 45, 191, 39, 247, 15, 83, 145, 156, 223, 121, 132, 238,
       101, 151, 118, 91, 98, 80, 243, 177, 144, 121, 49, 46, 52, 24,
       187, 252, 183, 51, 205, 170, 116, 64, 232, 192, 208, 40, 129, 155,
       57, 251, 228, 173, 249, 151, 238, 89, 116, 116, 189, 139, 240,
       104, 231, 59, 31, 28, 147, 28, 162, 241, 196, 217, 58, 232, 156,
       128, 129, 185, 248, 188, 213, 116, 169, 108, 80, 151, 243, 51,
       166, 24, 30, 183, 64, 255, 129, 150, 236, 16, 58, 111, 210, 67,
       219, 251, 84, 123, 226, 192, 206, 11, 229, 38, 204, 86, 236, 125,
       85, 203, 219, 191, 181, 28, 2, 236, 95, 27, 137, 198, 104, 28, 60,
       103, 250, 2, 95, 154, 85, 61, 201, 248, 214, 86, 220, 245, 157,
       230, 184, 14, 87, 184, 162, 178, 143, 72, 215, 119, 73, 51, 149,
       213, 125, 106, 105, 65, 219, 44, 249, 227, 109, 20, 168, 115, 3,
       50, 240, 172, 254, 118, 136, 232, 85, 199, 243, 23, 164, 24, 51,
       252, 68, 59, 161, 247, 108, 0, 62, 111, 186, 35, 219, 235, 116,
       121, 225, 64, 198, 42, 112, 161, 158, 96, 139, 189, 80, 3, 235,
       49, 175, 8, 14, 243, 76, 214, 160, 146, 236, 16, 30, 107, 218, 17,
       155, 209, 64, 127, 226, 75, 74, 6, 120, 161, 244, 106, 205, 189,
       81, 9, 195, 53, 173, 9, 35, 233, 78, 18, 136, 166, 236, 16, 30,
       107, 202, 16, 219, 216, 65, 123, 243, 14, 198, 70, 248, 220, 254,
       126, 139, 118, 85, 191, 243, 215, 182, 179, 123, 253, 26, 123,
       111, 247, 253, 128, 188, 207, 191, 175, 251, 235, 117, 155, 231,
       244, 230, 123, 110, 119, 224, 111, 57, 19, 95, 184, 19, 238, 157,
       173, 203, 126, 223, 118, 93, 213, 253, 227, 206, 66, 239, 159,
       239, 119, 173, 191, 55, 183, 22, 119, 254, 247, 248, 102, 90, 82,
       31, 248, 51, 180, 173, 175, 73, 103, 75, 146, 55, 221, 237, 230,
       104, 67, 237, 126, 250, 199, 173, 189, 39, 183, 38, 83, 188, 119,
       121, 71, 250, 91, 23, 232, 53, 174, 255, 168, 67, 101, 143, 52,
       30, 220, 198, 98, 104, 178, 109, 46, 118, 231, 37, 183, 103, 251,
       70, 225, 220, 115, 253, 103, 42, 90, 95, 184, 57, 246, 166, 172,
       223, 103, 139, 123, 22, 213, 236, 98, 233, 69, 237, 40, 226, 251,
       101, 148, 103, 183, 7, 113, 80, 24, 222, 84, 9, 252, 81, 18, 167,
       255, 166, 28, 42, 179, 67, 95, 1, 164, 108, 24, 9, 109, 243, 32,
       155, 251, 80, 19, 234, 129, 70, 122, 224, 160, 189, 117, 204, 109,
       241, 79, 202, 247, 48, 29, 147, 236, 94, 27, 137, 70, 99, 20, 50,
       111, 242, 0, 77, 138, 117, 61, 193, 104, 214, 210, 212, 116, 157,
       102, 136, 78, 87, 184, 32, 178, 167, 8, 215, 115, 73, 51, 17, 213,
       125, 106, 73, 67, 219, 8, 249, 235, 101, 60, 32, 115, 2, 34, 100,
       233, 156, 94, 137, 79, 6, 172, 82, 177, 160, 8, 194, 114, 72, 59,
       153, 94, 96, 82, 122, 106, 219, 49, 45, 150, 85, 63, 208, 112,
       138, 42, 37, 116, 233, 167, 193, 107, 71, 136, 18, 226, 171, 8,
       211, 117, 73, 58, 25, 204, 80, 126, 41, 242, 253, 42, 237, 134, 5,
       52, 233, 123, 86, 242, 100, 228, 184, 115, 216, 109, 21, 140, 26,
       53, 44, 25, 246, 125, 74, 24, 145, 91, 241, 17, 2, 96, 251, 49,
       111, 23, 21, 127, 208, 88, 135, 250, 112, 56, 249, 96, 136, 77,
       81, 159, 34, 173, 164, 9, 23, 191, 65, 26, 129, 215, 125, 16, 24,
       107, 210, 2, 219, 135, 53, 125, 224, 80, 198, 11, 246, 249, 186,
       26, 248, 205, 151, 204, 251, 84, 176, 13, 86, 205, 127, 24, 191,
       209, 75, 119, 98, 103, 186, 115, 121, 22, 15, 127, 209, 113, 231,
       82, 228, 248, 170, 186, 216, 236, 151, 204, 186, 87, 164, 25, 212,
       221, 123, 26, 189, 211, 91, 83, 34, 103, 186, 115, 121, 39, 31,
       125, 209, 81, 167, 210, 140, 182, 252, 27, 202, 121, 177, 218,
       242, 87, 181, 189, 220, 253, 218, 27, 43, 66, 234, 31, 182, 103,
       175, 115, 91, 35, 115, 125, 245, 65, 175, 243, 69, 32, 181, 101,
