%YAML:1.0
---
descriptors: !!opencv-matrix
   rows: 177
   cols: 32
   dt: u
   data: [ 148, 189, 187, 231, 180, 111, 111, 188, 54, 234, 127, 96, 215,
       119, 153, 96, 119, 94, 29, 106, 249, 176, 105, 63, 237, 237, 167,
       132, 164, 251, 133, 241, 116, 225, 217, 97, 138, 74, 87, 152, 34,
       164, 171, 40, 87, 55, 73, 50, 51, 212, 108, 122, 24, 65, 233, 0,
       249, 133, 37, 116, 160, 243, 134, 34, 205, 117, 191, 103, 117, 78,
       119, 168, 121, 202, 110, 8, 222, 113, 1, 49, 176, 68, 120, 106,
       97, 240, 185, 46, 231, 255, 69, 2, 74, 115, 67, 98, 193, 188, 159,
       113, 170, 174, 53, 23, 246, 27, 114, 116, 247, 243, 128, 123, 39,
       63, 108, 24, 179, 220, 163, 49, 204, 171, 118, 192, 232, 192, 161,
       57, 197, 112, 153, 99, 168, 77, 113, 152, 106, 250, 39, 56, 222,
       17, 73, 59, 147, 92, 124, 122, 1, 116, 249, 0, 205, 217, 101, 38,
       200, 115, 67, 179, 130, 184, 255, 249, 172, 169, 249, 215, 191,
       27, 242, 178, 245, 255, 212, 107, 239, 187, 127, 145, 186, 111,
       75, 241, 157, 154, 255, 216, 197, 200, 161, 41, 248, 188, 252,
       118, 232, 109, 85, 191, 179, 191, 164, 25, 119, 119, 66, 27, 1,
       246, 109, 8, 56, 79, 250, 37, 219, 227, 117, 125, 226, 224, 198,
       58, 13, 121, 49, 69, 113, 78, 39, 176, 108, 200, 106, 8, 222, 85,
       5, 180, 146, 124, 64, 106, 65, 176, 57, 78, 37, 188, 1, 6, 74, 51,
       71, 177, 77, 103, 152, 39, 176, 42, 110, 136, 121, 170, 107, 64,
       207, 98, 201, 218, 147, 76, 108, 126, 36, 240, 205, 106, 172, 255,
       103, 5, 128, 243, 75, 1, 253, 113, 125, 103, 232, 78, 71, 184, 96,
       232, 191, 76, 83, 117, 137, 51, 22, 212, 124, 106, 201, 114, 249,
       40, 117, 233, 101, 20, 105, 243, 66, 113, 248, 168, 222, 122, 137,
       233, 81, 207, 163, 23, 164, 25, 35, 211, 66, 27, 9, 178, 237, 16,
       58, 111, 202, 49, 219, 227, 84, 121, 227, 192, 238, 10, 236, 180,
       60, 114, 237, 253, 81, 152, 127, 61, 165, 24, 222, 125, 72, 57,
       153, 146, 237, 18, 58, 99, 123, 23, 203, 219, 81, 127, 210, 75,
       198, 114, 101, 99, 16, 5, 52, 14, 102, 184, 104, 168, 123, 76,
       210, 64, 153, 20, 144, 68, 108, 110, 225, 176, 201, 12, 36, 188,
       37, 4, 72, 179, 83, 1, 69, 231, 145, 3, 180, 14, 102, 189, 122,
       185, 59, 92, 214, 96, 216, 50, 145, 70, 108, 126, 214, 240, 137,
       39, 172, 190, 37, 100, 200, 243, 195, 5, 224, 172, 153, 250, 200,
       237, 20, 175, 154, 19, 160, 24, 182, 243, 104, 90, 129, 122, 106,
       24, 51, 111, 218, 51, 221, 135, 117, 121, 208, 72, 135, 42, 20,
       205, 27, 103, 148, 78, 71, 236, 116, 160, 234, 2, 83, 115, 1, 112,
       120, 254, 12, 234, 104, 176, 57, 62, 249, 238, 165, 4, 33, 115,
       100, 32, 93, 126, 191, 55, 160, 110, 127, 183, 48, 238, 14, 116,
       223, 55, 195, 123, 183, 87, 125, 62, 185, 208, 249, 42, 237, 239,
       117, 132, 170, 241, 135, 113, 64, 187, 159, 55, 168, 12, 53, 151,
       170, 187, 58, 124, 247, 183, 192, 26, 167, 87, 109, 8, 147, 216,
       139, 32, 204, 166, 127, 128, 136, 240, 131, 57, 197, 116, 157, 67,
       172, 47, 231, 144, 122, 242, 3, 92, 214, 112, 221, 47, 145, 70,
       120, 127, 177, 244, 249, 34, 45, 26, 69, 116, 200, 123, 211, 48,
       100, 176, 185, 65, 232, 109, 81, 24, 34, 61, 53, 24, 146, 21, 72,
       62, 157, 24, 85, 56, 154, 96, 249, 16, 77, 152, 49, 124, 208, 139,
       198, 243, 204, 117, 49, 71, 241, 78, 55, 184, 57, 232, 127, 108,
       222, 119, 141, 52, 148, 93, 213, 98, 225, 208, 249, 110, 231, 253,
       37, 134, 74, 51, 7, 243, 248, 168, 156, 118, 137, 108, 85, 207,
       162, 183, 164, 25, 55, 183, 72, 27, 129, 215, 237, 16, 58, 79,
       218, 32, 219, 195, 117, 125, 160, 96, 134, 42, 92, 160, 185, 114,
       200, 233, 81, 27, 179, 55, 165, 25, 31, 183, 72, 26, 1, 155, 109,
       16, 26, 79, 250, 19, 217, 215, 16, 125, 162, 193, 134, 98, 5, 85,
       29, 103, 176, 14, 111, 184, 116, 232, 91, 100, 213, 115, 137, 112,
       54, 92, 52, 110, 225, 208, 125, 46, 236, 174, 39, 132, 8, 243, 1,
       177, 117, 85, 125, 103, 176, 78, 79, 184, 96, 232, 255, 72, 87,
       119, 137, 112, 22, 212, 92, 106, 233, 144, 121, 46, 227, 239, 37,
       148, 40, 243, 192, 113, 120, 168, 254, 122, 169, 233, 81, 87, 179,
       63, 164, 41, 63, 215, 66, 27, 163, 178, 237, 16, 58, 75, 162, 17,
       219, 195, 112, 121, 226, 192, 198, 107, 248, 188, 220, 118, 169,
       109, 85, 255, 179, 191, 164, 25, 115, 247, 74, 27, 9, 246, 237,
       16, 56, 79, 218, 35, 219, 223, 117, 61, 227, 240, 206, 203, 125,
       69, 93, 103, 26, 10, 79, 184, 96, 164, 175, 8, 87, 115, 9, 115,
       50, 212, 108, 106, 105, 176, 121, 44, 241, 233, 101, 20, 96, 243,
       70, 32, 143, 117, 61, 71, 240, 15, 63, 184, 57, 234, 127, 120,
       222, 119, 141, 53, 149, 93, 85, 98, 225, 212, 249, 110, 103, 223,
       39, 134, 66, 115, 3, 177, 101, 99, 64, 5, 116, 11, 102, 184, 105,
       168, 123, 201, 195, 96, 157, 148, 16, 76, 68, 110, 204, 176, 205,
       12, 36, 184, 37, 20, 66, 191, 90, 4, 130, 164, 246, 217, 236, 169,
       248, 95, 191, 179, 242, 147, 236, 239, 84, 75, 239, 191, 255, 149,
       178, 127, 195, 209, 158, 58, 222, 202, 199, 204, 225, 153, 248,
       168, 220, 122, 137, 233, 81, 207, 163, 23, 164, 25, 55, 195, 66,
       27, 137, 178, 237, 16, 26, 111, 202, 49, 219, 195, 116, 121, 242,
       192, 198, 42, 130, 168, 223, 249, 236, 173, 249, 95, 175, 59, 242,
       82, 183, 239, 84, 91, 239, 175, 127, 145, 50, 255, 195, 241, 222,
       186, 255, 248, 149, 200, 241, 137, 192, 168, 255, 249, 236, 169,
       233, 215, 190, 27, 210, 82, 181, 255, 208, 75, 239, 59, 127, 153,
       179, 221, 195, 113, 204, 170, 254, 192, 132, 200, 161, 169, 205,
       124, 149, 99, 161, 47, 118, 156, 123, 186, 39, 72, 222, 83, 73,
       191, 149, 85, 124, 122, 33, 244, 217, 98, 143, 218, 69, 54, 202,
       243, 11, 33, 240, 162, 94, 114, 170, 201, 85, 93, 178, 53, 165,
       185, 23, 199, 74, 27, 35, 146, 109, 144, 122, 79, 138, 23, 251,
       195, 53, 125, 160, 130, 134, 2, 197, 112, 157, 99, 100, 78, 119,
       152, 104, 248, 35, 72, 222, 17, 73, 59, 178, 84, 124, 122, 193,
       116, 217, 0, 205, 152, 101, 36, 200, 115, 67, 35, 236, 125, 181,
       103, 165, 78, 55, 188, 121, 234, 46, 8, 246, 117, 73, 55, 147,
       118, 108, 106, 97, 240, 249, 42, 239, 211, 69, 50, 66, 122, 198,
       51, 205, 125, 55, 71, 117, 78, 103, 184, 121, 202, 111, 8, 222,
       113, 9, 55, 176, 100, 124, 106, 97, 244, 249, 46, 231, 255, 69, 2,
       66, 114, 67, 98, 109, 252, 253, 119, 168, 95, 95, 190, 59, 254,
       38, 28, 95, 127, 219, 59, 133, 214, 125, 126, 249, 88, 249, 40,
       239, 219, 117, 52, 226, 241, 198, 123, 100, 112, 241, 65, 96, 111,
       107, 24, 104, 174, 51, 72, 215, 23, 201, 62, 22, 84, 85, 122, 129,
       244, 249, 8, 69, 152, 37, 52, 192, 243, 71, 225, 240, 174, 223,
       112, 170, 233, 81, 199, 178, 151, 164, 184, 55, 167, 64, 27, 39,
       183, 109, 16, 58, 79, 162, 33, 217, 195, 117, 121, 224, 192, 134,
       107, 40, 237, 58, 124, 89, 205, 21, 231, 191, 13, 108, 9, 38, 147,
       2, 16, 136, 58, 193, 0, 66, 43, 98, 63, 243, 213, 20, 59, 82, 24,
       198, 170, 148, 237, 249, 231, 180, 43, 111, 188, 54, 234, 123, 80,
       215, 103, 153, 64, 119, 95, 63, 110, 249, 240, 201, 62, 236, 239,
       47, 132, 164, 251, 129, 225, 84, 213, 57, 231, 176, 15, 95, 184,
       52, 170, 255, 96, 215, 119, 137, 80, 87, 223, 93, 110, 249, 176,
       105, 46, 233, 239, 39, 132, 32, 243, 129, 113, 85, 93, 125, 231,
       176, 14, 95, 184, 36, 170, 255, 72, 215, 119, 137, 112, 86, 212,
       125, 106, 233, 144, 121, 46, 227, 239, 37, 148, 32, 243, 192, 49,
       108, 116, 189, 99, 45, 111, 83, 152, 82, 255, 181, 24, 215, 93,
       73, 59, 153, 212, 125, 58, 43, 100, 251, 18, 207, 219, 101, 124,
       192, 251, 70, 114, 240, 188, 220, 118, 168, 237, 85, 223, 179,
       191, 164, 25, 39, 247, 74, 27, 9, 246, 237, 16, 58, 111, 218, 35,
       219, 215, 117, 127, 226, 208, 206, 26, 240, 178, 223, 112, 43,
