%YAML:1.0
---
descriptors: !!opencv-matrix
   rows: 197
   cols: 32
   dt: u
   data: [ 100, 229, 185, 106, 141, 77, 87, 168, 67, 182, 173, 8, 210,
       245, 72, 50, 153, 208, 104, 122, 74, 98, 251, 17, 235, 221, 69,
       125, 210, 123, 70, 34, 44, 69, 57, 103, 21, 79, 71, 168, 100, 228,
       239, 8, 211, 117, 25, 48, 216, 220, 90, 106, 73, 178, 121, 14,
       229, 189, 5, 20, 80, 59, 86, 98, 61, 225, 120, 97, 245, 91, 82,
       152, 97, 49, 182, 40, 91, 25, 221, 176, 219, 220, 212, 122, 93,
       178, 233, 132, 127, 221, 37, 117, 231, 191, 218, 130, 228, 180,
       152, 90, 232, 173, 5, 143, 250, 59, 160, 88, 182, 243, 72, 59,
       129, 90, 104, 24, 51, 111, 219, 51, 205, 146, 85, 126, 216, 72,
       195, 42, 85, 69, 93, 103, 178, 78, 111, 184, 100, 160, 107, 64,
       211, 113, 25, 112, 50, 212, 92, 106, 233, 176, 89, 46, 231, 174,
       37, 20, 96, 179, 192, 32, 77, 245, 156, 71, 180, 14, 103, 184,
       122, 184, 47, 76, 222, 113, 73, 50, 149, 68, 108, 110, 193, 240,
       217, 46, 237, 191, 37, 36, 72, 115, 67, 33, 101, 101, 120, 103,
       52, 27, 126, 168, 105, 32, 123, 72, 223, 9, 29, 176, 178, 69, 125,
       111, 196, 240, 201, 12, 166, 253, 1, 20, 68, 179, 90, 0, 76, 101,
       120, 103, 50, 10, 127, 48, 57, 160, 127, 169, 223, 23, 139, 16,
       54, 221, 221, 238, 64, 144, 201, 76, 231, 221, 33, 129, 102, 183,
       15, 99, 101, 176, 153, 81, 249, 237, 113, 143, 107, 121, 33, 24,
       150, 147, 76, 56, 129, 30, 122, 24, 19, 120, 251, 83, 141, 156,
       21, 126, 200, 0, 195, 34, 240, 160, 222, 112, 136, 233, 81, 83,
       162, 23, 164, 25, 55, 151, 64, 27, 33, 178, 109, 16, 58, 79, 130,
       17, 211, 195, 113, 121, 226, 192, 198, 42, 116, 101, 248, 102,
       232, 108, 87, 152, 51, 190, 173, 40, 83, 119, 201, 26, 25, 212,
       101, 106, 72, 66, 251, 34, 251, 175, 101, 60, 224, 243, 70, 99,
       236, 45, 173, 103, 165, 111, 103, 180, 113, 234, 239, 24, 211,
       117, 25, 59, 145, 198, 124, 106, 56, 244, 249, 46, 231, 255, 101,
       20, 64, 123, 214, 98, 244, 160, 253, 99, 24, 75, 83, 216, 98, 180,
       37, 40, 83, 85, 73, 50, 25, 212, 108, 122, 10, 117, 233, 16, 219,
       137, 37, 116, 224, 171, 70, 34, 80, 249, 191, 102, 152, 72, 87,
       181, 160, 128, 174, 8, 119, 247, 1, 114, 32, 246, 108, 74, 73, 75,
       186, 41, 249, 165, 101, 24, 32, 178, 166, 42, 45, 101, 49, 103,
       221, 79, 71, 168, 120, 232, 43, 8, 210, 117, 9, 48, 152, 92, 88,
       106, 73, 240, 249, 46, 229, 159, 5, 52, 66, 59, 70, 34, 112, 160,
       156, 48, 136, 105, 84, 223, 163, 183, 164, 25, 7, 227, 74, 27,
       137, 214, 237, 16, 26, 75, 218, 32, 219, 195, 117, 61, 224, 240,
       206, 2, 108, 180, 189, 114, 168, 109, 85, 155, 227, 249, 173, 8,
       223, 247, 72, 59, 129, 214, 124, 24, 27, 99, 250, 0, 203, 219,
       117, 125, 194, 242, 198, 99, 252, 102, 204, 39, 168, 42, 78, 136,
       35, 182, 175, 153, 199, 99, 75, 91, 19, 196, 108, 126, 60, 86,
       205, 2, 206, 227, 101, 53, 160, 243, 74, 2, 228, 180, 149, 114,
       232, 45, 69, 143, 251, 59, 161, 88, 214, 240, 72, 31, 129, 82,
       110, 24, 58, 110, 219, 51, 141, 146, 85, 126, 208, 72, 195, 33,
       21, 205, 95, 103, 148, 79, 71, 184, 116, 160, 235, 64, 83, 115,
       25, 112, 112, 196, 8, 106, 105, 176, 25, 46, 229, 174, 5, 20, 97,
       243, 224, 32, 208, 140, 191, 123, 168, 174, 77, 135, 238, 55, 162,
       16, 247, 131, 64, 123, 167, 55, 109, 24, 58, 205, 227, 51, 201,
       171, 118, 16, 128, 192, 133, 40, 220, 116, 189, 119, 168, 110, 85,
       152, 112, 254, 167, 56, 215, 119, 73, 59, 21, 212, 108, 50, 41,
       101, 251, 2, 219, 203, 117, 52, 224, 241, 6, 115, 68, 101, 88,
       103, 118, 10, 126, 168, 121, 160, 107, 8, 223, 41, 25, 16, 178,
       205, 72, 110, 68, 176, 205, 78, 230, 237, 5, 5, 101, 179, 75, 2,
       112, 160, 125, 112, 136, 201, 81, 222, 163, 181, 164, 24, 19, 151,
       72, 27, 1, 146, 108, 24, 26, 79, 250, 49, 219, 201, 117, 124, 224,
       128, 198, 106, 160, 168, 189, 120, 141, 237, 208, 207, 158, 51,
       160, 24, 178, 253, 108, 43, 137, 18, 235, 17, 58, 111, 218, 49,
       219, 147, 85, 127, 208, 72, 214, 170, 100, 97, 248, 103, 232, 75,
       87, 152, 51, 174, 189, 41, 83, 119, 201, 26, 27, 220, 101, 106,
       72, 114, 233, 42, 239, 143, 101, 188, 226, 243, 70, 99, 217, 121,
       31, 101, 19, 78, 81, 53, 224, 192, 166, 24, 255, 19, 0, 115, 162,
       117, 92, 106, 105, 237, 177, 12, 225, 233, 96, 0, 104, 32, 3, 59,
       236, 45, 189, 119, 165, 107, 71, 164, 113, 178, 102, 24, 211, 113,
       9, 59, 145, 86, 104, 106, 56, 240, 249, 42, 239, 255, 85, 53, 194,
       249, 214, 34, 120, 137, 18, 190, 1, 217, 80, 38, 165, 5, 234, 9,
       175, 171, 0, 208, 192, 178, 233, 0, 94, 11, 82, 181, 243, 245,
       208, 91, 34, 4, 110, 10, 252, 120, 221, 116, 42, 104, 69, 24, 176,
       186, 166, 56, 115, 183, 193, 59, 35, 244, 108, 106, 105, 71, 243,
       10, 211, 235, 117, 28, 96, 241, 6, 57, 100, 229, 177, 67, 221, 79,
       71, 168, 123, 184, 41, 8, 210, 113, 77, 54, 145, 92, 96, 122, 75,
       112, 249, 49, 47, 222, 5, 118, 210, 59, 70, 34, 45, 117, 49, 71,
       245, 79, 71, 168, 123, 232, 47, 8, 210, 117, 9, 180, 144, 92, 64,
       106, 65, 240, 249, 62, 39, 223, 5, 52, 66, 59, 70, 162, 60, 225,
       80, 168, 95, 11, 82, 232, 7, 160, 169, 11, 79, 89, 104, 144, 216,
       200, 195, 98, 76, 35, 89, 148, 187, 212, 1, 127, 115, 63, 218,
       130, 56, 97, 122, 97, 85, 91, 82, 96, 101, 160, 254, 11, 27, 153,
       83, 48, 122, 188, 199, 120, 72, 176, 64, 140, 79, 205, 5, 17, 103,
       170, 78, 138, 165, 185, 156, 91, 220, 141, 100, 189, 118, 27, 96,
       92, 246, 241, 8, 121, 145, 74, 106, 88, 51, 108, 219, 51, 173,
       190, 85, 124, 216, 88, 194, 168, 224, 180, 149, 113, 137, 109, 80,
       143, 123, 59, 33, 24, 150, 51, 76, 59, 129, 23, 104, 48, 51, 108,
       219, 19, 141, 146, 85, 118, 216, 72, 131, 34, 220, 197, 92, 111,
       144, 106, 71, 172, 224, 36, 175, 8, 215, 99, 9, 83, 50, 214, 108,
       106, 120, 161, 73, 44, 243, 235, 101, 21, 96, 243, 196, 34, 220,
       116, 188, 116, 168, 110, 87, 154, 243, 186, 167, 24, 87, 119, 73,
       59, 17, 212, 125, 58, 41, 103, 251, 34, 211, 235, 101, 60, 224,
       241, 70, 35, 120, 168, 191, 114, 137, 216, 81, 199, 163, 181, 164,
       24, 62, 183, 64, 186, 129, 247, 236, 16, 26, 107, 178, 33, 219,
       193, 84, 121, 226, 0, 134, 106, 124, 213, 208, 110, 27, 91, 86,
       168, 19, 160, 169, 173, 107, 115, 9, 214, 90, 213, 237, 98, 78,
       67, 203, 187, 242, 247, 5, 63, 123, 247, 14, 26, 101, 101, 24,
       103, 25, 15, 70, 40, 113, 160, 235, 8, 211, 89, 9, 16, 152, 204,
       72, 106, 72, 242, 217, 14, 229, 220, 5, 52, 64, 186, 74, 2, 68,
       103, 88, 39, 118, 10, 118, 168, 104, 164, 107, 8, 207, 72, 25,
       144, 178, 77, 64, 99, 69, 176, 205, 14, 166, 229, 5, 5, 108, 179,
       75, 128, 240, 168, 92, 112, 10, 201, 81, 207, 162, 183, 164, 153,
       55, 131, 66, 27, 35, 146, 109, 24, 42, 79, 194, 17, 219, 193, 113,
       121, 224, 128, 70, 10, 68, 188, 27, 113, 176, 235, 49, 151, 122,
       57, 50, 120, 150, 147, 192, 48, 163, 30, 76, 24, 19, 120, 168, 22,
       204, 141, 53, 118, 192, 0, 199, 163, 36, 113, 49, 71, 116, 79,
       231, 56, 112, 172, 127, 40, 211, 87, 141, 52, 24, 92, 68, 106, 73,
       176, 233, 46, 101, 156, 37, 4, 66, 187, 70, 225, 100, 103, 248,
       103, 240, 10, 87, 184, 51, 172, 61, 169, 215, 99, 201, 18, 22,
       220, 101, 106, 72, 82, 201, 10, 239, 157, 37, 53, 98, 243, 70,
       161, 220, 12, 183, 252, 11, 104, 81, 2, 161, 22, 167, 56, 127,
       183, 1, 123, 167, 245, 236, 2, 40, 101, 163, 128, 211, 227, 112,
       27, 226, 97, 39, 35, 163, 168, 169, 88, 221, 237, 225, 207, 219,
       123, 160, 24, 178, 152, 84, 58, 201, 138, 82, 25, 63, 111, 242,
       115, 29, 28, 150, 126, 217, 72, 210, 174, 13, 113, 57, 103, 112,
       78, 127, 188, 40, 224, 110, 8, 223, 87, 9, 48, 22, 220, 85, 238,
       193, 144, 249, 109, 231, 253, 37, 4, 72, 179, 70, 240, 29, 135,
