%YAML:1.0
---
descriptors: !!opencv-matrix
   rows: 178
   cols: 32
   dt: u
   data: [ 192, 184, 159, 241, 129, 236, 113, 23, 168, 27, 34, 88, 182,
       23, 0, 123, 165, 55, 120, 24, 51, 77, 147, 65, 197, 187, 82, 66,
       200, 0, 131, 59, 236, 172, 189, 122, 137, 237, 81, 138, 242, 23,
       164, 24, 179, 247, 72, 59, 137, 210, 232, 24, 58, 103, 250, 51,
       91, 139, 85, 125, 210, 64, 198, 34, 100, 103, 113, 103, 116, 74,
       102, 40, 121, 168, 123, 72, 195, 105, 157, 48, 146, 220, 108, 106,
       73, 240, 201, 14, 39, 254, 33, 5, 66, 179, 70, 37, 76, 71, 117,
       103, 48, 74, 110, 184, 113, 168, 255, 201, 203, 71, 141, 114, 144,
       212, 236, 106, 72, 144, 201, 14, 231, 255, 37, 133, 98, 179, 70,
       51, 84, 69, 13, 103, 16, 78, 103, 168, 52, 164, 239, 0, 211, 119,
       9, 112, 80, 196, 120, 238, 105, 144, 249, 46, 229, 175, 197, 4,
       32, 243, 86, 96, 69, 113, 25, 71, 104, 78, 119, 184, 96, 232, 45,
       104, 210, 16, 137, 50, 148, 84, 68, 106, 193, 32, 249, 12, 101,
       152, 33, 22, 72, 179, 70, 33, 228, 229, 21, 235, 157, 111, 71,
       168, 30, 186, 137, 8, 214, 113, 73, 52, 145, 92, 120, 106, 107,
       68, 219, 63, 173, 150, 5, 60, 16, 123, 146, 34, 229, 37, 156, 167,
       141, 46, 70, 136, 51, 178, 163, 24, 215, 97, 73, 155, 145, 198,
       104, 122, 40, 68, 219, 34, 237, 211, 69, 52, 136, 121, 218, 0,
       229, 97, 188, 103, 160, 14, 85, 184, 40, 186, 39, 25, 215, 55, 9,
       27, 132, 68, 109, 110, 96, 228, 217, 8, 227, 251, 101, 20, 64,
       243, 66, 34, 85, 160, 157, 178, 172, 45, 64, 136, 234, 179, 131,
       88, 215, 113, 73, 27, 145, 71, 108, 27, 59, 101, 203, 32, 152,
       130, 117, 124, 136, 123, 131, 0, 221, 246, 189, 39, 168, 127, 87,
       184, 115, 254, 167, 61, 223, 55, 75, 122, 183, 213, 236, 122, 189,
       85, 185, 50, 219, 207, 117, 117, 232, 243, 143, 115, 208, 190,
       159, 119, 162, 44, 57, 182, 184, 159, 114, 116, 247, 243, 0, 91,
       167, 119, 109, 128, 48, 205, 131, 99, 200, 163, 126, 128, 136,
       224, 39, 59, 92, 117, 159, 228, 154, 78, 87, 184, 166, 182, 171,
       8, 215, 119, 65, 83, 51, 213, 109, 98, 104, 193, 185, 12, 249,
       227, 101, 20, 160, 115, 7, 114, 221, 30, 191, 101, 160, 126, 95,
       176, 249, 254, 135, 20, 223, 125, 83, 123, 167, 213, 125, 127,
       189, 197, 185, 42, 203, 235, 101, 212, 168, 241, 7, 115, 56, 161,
       120, 96, 252, 205, 83, 253, 99, 189, 172, 8, 23, 151, 72, 48, 153,
       154, 68, 88, 26, 42, 248, 21, 251, 205, 37, 125, 224, 130, 198,
       170, 213, 52, 191, 229, 140, 110, 93, 48, 168, 254, 183, 29, 215,
       127, 83, 43, 173, 213, 125, 239, 249, 229, 251, 0, 211, 235, 239,
       20, 193, 251, 197, 114, 165, 40, 187, 83, 228, 109, 233, 208, 123,
       243, 101, 24, 150, 209, 93, 61, 189, 92, 50, 30, 129, 118, 186,
       98, 77, 24, 87, 44, 202, 249, 67, 224, 101, 48, 177, 71, 97, 126,
       97, 8, 120, 234, 99, 88, 210, 116, 77, 190, 145, 92, 112, 42, 1,
       244, 249, 10, 5, 158, 85, 6, 192, 99, 71, 164, 112, 61, 185, 245,
       8, 78, 93, 63, 49, 166, 174, 12, 247, 55, 1, 51, 132, 246, 125,
       42, 249, 74, 241, 10, 243, 247, 117, 56, 96, 240, 134, 122, 108,
       240, 168, 58, 237, 221, 81, 221, 139, 253, 181, 29, 158, 221, 106,
       26, 141, 251, 253, 81, 30, 79, 250, 177, 219, 209, 29, 127, 208,
       13, 158, 211, 80, 189, 59, 254, 26, 197, 31, 255, 182, 93, 136, 9,
       55, 255, 32, 80, 205, 179, 125, 128, 74, 75, 186, 63, 249, 231,
       63, 122, 16, 0, 167, 123, 129, 149, 45, 203, 244, 239, 235, 191,
       92, 97, 127, 20, 209, 85, 156, 97, 93, 10, 19, 60, 179, 184, 125,
       31, 111, 191, 166, 68, 220, 202, 209, 240, 225, 118, 253, 101, 32,
       14, 109, 61, 112, 250, 166, 92, 211, 53, 145, 59, 4, 68, 124, 46,
       233, 212, 241, 10, 231, 187, 101, 20, 72, 240, 194, 112, 221, 5,
       233, 109, 16, 70, 79, 56, 116, 226, 207, 64, 211, 119, 145, 115,
       112, 196, 124, 238, 233, 208, 253, 14, 241, 175, 231, 20, 32, 243,
       118, 112, 165, 104, 187, 87, 77, 109, 229, 198, 251, 210, 100, 24,
       178, 240, 85, 63, 137, 108, 114, 74, 97, 118, 250, 96, 5, 154,
       213, 40, 200, 121, 82, 236, 100, 69, 13, 103, 148, 78, 71, 168,
       116, 160, 235, 8, 210, 119, 9, 112, 216, 212, 104, 106, 105, 146,
       121, 46, 229, 174, 69, 20, 64, 59, 86, 34, 116, 177, 153, 178,
       136, 237, 85, 143, 170, 177, 169, 24, 150, 245, 72, 26, 129, 87,
       104, 16, 27, 107, 218, 16, 217, 148, 21, 126, 208, 72, 134, 34,
       112, 105, 152, 100, 168, 14, 85, 61, 34, 176, 166, 8, 87, 51, 65,
       18, 128, 212, 125, 104, 72, 107, 209, 8, 251, 233, 101, 52, 96,
       240, 66, 42, 100, 103, 17, 103, 116, 78, 102, 56, 121, 168, 123,
       72, 211, 73, 29, 48, 144, 220, 100, 98, 201, 240, 201, 76, 37,
       252, 37, 4, 72, 179, 70, 145, 200, 184, 159, 120, 137, 236, 49,
       23, 170, 19, 34, 24, 190, 183, 64, 123, 165, 51, 120, 16, 51, 109,
       178, 113, 201, 235, 80, 74, 200, 64, 135, 58, 228, 197, 61, 101,
       25, 79, 71, 184, 119, 240, 175, 12, 211, 37, 9, 85, 145, 84, 104,
       110, 105, 176, 121, 29, 239, 250, 69, 20, 90, 187, 64, 48, 246,
       60, 213, 62, 203, 96, 20, 207, 187, 211, 160, 253, 110, 246, 69,
       219, 199, 247, 232, 16, 55, 79, 218, 96, 152, 242, 85, 59, 168,
       117, 170, 95, 4, 231, 197, 3, 158, 91, 231, 172, 126, 246, 46,
       136, 195, 96, 223, 46, 51, 76, 106, 126, 117, 240, 109, 114, 46,
       6, 5, 117, 230, 255, 213, 228, 124, 164, 188, 246, 140, 104, 81,
       155, 242, 179, 143, 24, 215, 241, 72, 26, 129, 222, 109, 16, 58,
       111, 219, 34, 217, 231, 53, 125, 160, 105, 214, 34, 68, 180, 189,
       250, 184, 237, 25, 159, 158, 113, 137, 25, 150, 255, 72, 26, 133,
       91, 121, 17, 27, 72, 218, 51, 205, 150, 31, 124, 144, 0, 133, 50,
       236, 240, 57, 122, 236, 205, 85, 220, 139, 252, 165, 29, 151, 221,
       75, 59, 141, 216, 125, 83, 219, 103, 250, 49, 219, 217, 117, 127,
       64, 27, 214, 243, 224, 189, 189, 117, 136, 110, 85, 55, 49, 226,
       234, 28, 247, 55, 0, 51, 128, 246, 125, 8, 121, 218, 241, 42, 229,
       255, 84, 48, 72, 240, 198, 122, 212, 178, 221, 112, 42, 105, 17,
       154, 178, 191, 161, 56, 23, 23, 72, 27, 39, 213, 108, 24, 42, 69,
       171, 0, 217, 131, 113, 116, 224, 129, 7, 35, 69, 112, 149, 71, 97,
       94, 34, 8, 106, 232, 99, 72, 222, 118, 77, 190, 144, 92, 112, 106,
       1, 240, 249, 0, 5, 186, 65, 6, 74, 35, 67, 164, 196, 225, 189,
       242, 201, 76, 17, 141, 170, 181, 163, 24, 150, 151, 72, 26, 129,
       213, 105, 80, 18, 79, 234, 0, 221, 145, 87, 125, 128, 16, 135, 98,
       76, 177, 145, 115, 169, 125, 84, 191, 115, 179, 47, 24, 207, 243,
       72, 190, 145, 94, 232, 24, 19, 72, 251, 51, 139, 215, 85, 127,
       226, 192, 143, 46, 10, 181, 40, 1, 243, 223, 188, 111, 63, 125,
       62, 157, 172, 62, 30, 148, 175, 31, 215, 133, 214, 184, 49, 223,
       111, 85, 30, 231, 87, 4, 143, 223, 112, 160, 152, 112, 136, 233,
       81, 67, 163, 53, 164, 24, 23, 147, 64, 26, 1, 146, 108, 16, 26,
       107, 194, 17, 219, 129, 80, 121, 224, 0, 198, 34, 124, 73, 225,
       101, 1, 74, 103, 144, 49, 166, 230, 137, 99, 39, 1, 86, 48, 244,
       236, 106, 72, 242, 249, 40, 247, 231, 101, 17, 227, 243, 70, 122,
       208, 140, 189, 117, 136, 234, 77, 167, 246, 147, 162, 16, 183,
       163, 64, 91, 35, 55, 108, 25, 58, 205, 131, 19, 233, 227, 119, 84,
       160, 96, 133, 40, 220, 52, 157, 246, 168, 104, 84, 154, 178, 179,
       171, 120, 215, 247, 73, 58, 129, 214, 108, 16, 59, 77, 219, 34,
       217, 231, 117, 60, 232, 121, 130, 18, 101, 69, 29, 71, 25, 79, 70,
       56, 111, 160, 43, 8, 210, 49, 13, 113, 144, 84, 104, 106, 105,
       240, 121, 28, 167, 186, 69, 20, 88, 59, 64, 48, 101, 97, 17, 103,
       116, 15, 230, 56, 120, 168, 107, 72, 215, 112, 9, 176, 156, 92,
       64, 106, 73, 240, 217, 12, 165, 188, 1, 20, 72, 59, 66, 160, 217,
       184, 159, 112, 137, 236, 113, 23, 250, 19, 38, 24, 190, 179, 64,
