%YAML:1.0
---
descriptors: !!opencv-matrix
   rows: 176
   cols: 32
   dt: u
   data: [ 230, 178, 236, 16, 234, 253, 185, 87, 187, 255, 181, 189, 16,
       188, 198, 59, 167, 151, 253, 21, 182, 79, 162, 82, 95, 27, 125,
       255, 197, 68, 199, 87, 248, 162, 252, 112, 138, 169, 81, 87, 163,
       63, 164, 57, 23, 135, 66, 27, 7, 146, 109, 16, 26, 79, 130, 17,
       219, 195, 113, 121, 226, 192, 134, 115, 100, 101, 104, 101, 240,
       10, 111, 40, 32, 164, 111, 137, 211, 35, 27, 16, 18, 196, 73, 238,
       24, 208, 237, 14, 231, 173, 5, 5, 100, 243, 70, 96, 112, 223, 140,
       188, 159, 15, 148, 175, 138, 188, 136, 207, 231, 224, 35, 67, 212,
       119, 233, 97, 76, 75, 203, 61, 249, 163, 77, 63, 16, 122, 157, 75,
       112, 170, 255, 114, 170, 232, 85, 151, 162, 23, 164, 24, 55, 215,
       64, 27, 39, 246, 108, 8, 26, 79, 162, 33, 217, 163, 116, 120, 224,
       192, 134, 107, 116, 77, 175, 230, 137, 68, 87, 178, 128, 174, 174,
       8, 115, 247, 65, 83, 64, 246, 105, 226, 72, 75, 250, 40, 249, 225,
       197, 57, 32, 115, 38, 122, 100, 80, 61, 101, 5, 79, 103, 184, 104,
       224, 47, 8, 214, 19, 9, 118, 144, 84, 120, 106, 65, 176, 249, 8,
       229, 187, 69, 54, 64, 59, 71, 98, 24, 190, 223, 125, 178, 170, 57,
       23, 54, 77, 126, 245, 247, 55, 130, 88, 55, 63, 61, 28, 155, 216,
       161, 23, 206, 239, 48, 192, 168, 192, 133, 121, 153, 249, 49, 103,
       48, 79, 71, 252, 96, 76, 96, 8, 247, 81, 1, 49, 18, 124, 84, 106,
       105, 176, 121, 45, 225, 201, 37, 0, 104, 178, 71, 251, 205, 116,
       57, 229, 32, 78, 127, 16, 120, 234, 119, 72, 221, 31, 145, 49,
       150, 85, 125, 111, 225, 244, 241, 76, 229, 249, 35, 132, 76, 179,
       3, 33, 108, 103, 88, 103, 116, 10, 103, 40, 49, 164, 111, 137,
       199, 35, 139, 16, 88, 204, 68, 106, 72, 176, 201, 46, 230, 229,
       37, 5, 98, 187, 78, 130, 228, 180, 249, 97, 168, 111, 83, 152,
       114, 191, 165, 56, 87, 117, 73, 58, 17, 220, 108, 58, 58, 102,
       235, 18, 219, 143, 101, 61, 224, 249, 70, 35, 69, 117, 189, 71, 0,
       14, 103, 56, 120, 238, 47, 12, 214, 115, 139, 114, 144, 68, 108,
       110, 225, 240, 249, 42, 229, 191, 101, 0, 72, 243, 195, 97, 37,
       117, 16, 71, 113, 95, 118, 184, 105, 232, 107, 76, 222, 112, 13,
       180, 144, 76, 80, 106, 197, 240, 217, 60, 39, 220, 5, 38, 74, 51,
       75, 150, 152, 249, 57, 103, 32, 78, 71, 188, 116, 72, 102, 8, 247,
       87, 1, 53, 16, 124, 84, 106, 105, 180, 121, 63, 225, 233, 37, 0,
       98, 178, 70, 187, 124, 205, 185, 102, 144, 15, 71, 184, 119, 172,
       175, 72, 215, 241, 73, 112, 17, 222, 108, 122, 72, 48, 249, 58,
       251, 205, 37, 124, 240, 251, 192, 32, 68, 37, 185, 103, 176, 110,
       127, 184, 120, 162, 107, 72, 215, 63, 25, 48, 150, 85, 84, 106, 1,
       176, 217, 78, 237, 190, 37, 4, 192, 243, 67, 34, 84, 112, 189,
       101, 0, 78, 69, 48, 96, 228, 39, 8, 215, 53, 1, 51, 144, 84, 105,
       106, 73, 225, 177, 8, 193, 170, 65, 16, 64, 51, 70, 114, 246, 190,
       253, 90, 169, 237, 145, 207, 155, 63, 168, 57, 2, 236, 76, 27,
       141, 211, 109, 16, 58, 111, 234, 115, 91, 154, 85, 127, 209, 72,
       198, 111, 116, 161, 8, 161, 157, 79, 71, 168, 103, 177, 168, 9,
       215, 49, 88, 16, 145, 204, 73, 122, 90, 112, 89, 20, 237, 197, 5,
       117, 208, 58, 214, 2, 124, 101, 72, 103, 80, 75, 71, 168, 49, 164,
       239, 169, 67, 65, 139, 16, 88, 220, 69, 106, 72, 178, 201, 46,
       247, 229, 37, 21, 99, 187, 70, 226, 72, 253, 21, 243, 153, 205,
       23, 174, 62, 113, 8, 8, 190, 119, 72, 162, 129, 83, 249, 66, 99,
       72, 251, 55, 237, 150, 29, 123, 18, 19, 135, 58, 252, 108, 247,
       118, 141, 124, 84, 138, 243, 179, 163, 24, 123, 251, 77, 187, 161,
       246, 108, 26, 41, 103, 154, 34, 219, 219, 85, 59, 227, 113, 198,
       2, 108, 65, 53, 101, 169, 79, 71, 188, 111, 168, 42, 8, 214, 49,
       1, 112, 144, 84, 108, 106, 73, 176, 241, 28, 231, 255, 5, 20, 82,
       186, 70, 42, 242, 186, 245, 90, 169, 233, 80, 207, 219, 59, 176,
       121, 42, 253, 68, 159, 143, 211, 237, 16, 58, 111, 202, 51, 155,
       218, 85, 255, 211, 76, 198, 63, 116, 188, 253, 118, 136, 76, 87,
       187, 242, 183, 174, 8, 115, 119, 8, 59, 17, 214, 108, 8, 123, 107,
       251, 33, 251, 175, 117, 125, 224, 224, 198, 50, 80, 172, 157, 182,
       140, 168, 64, 143, 230, 179, 170, 88, 247, 243, 64, 91, 129, 230,
       108, 16, 63, 77, 203, 49, 153, 162, 117, 89, 160, 64, 210, 10, 90,
       107, 152, 156, 58, 192, 29, 162, 170, 132, 132, 171, 172, 199,
       195, 86, 38, 125, 237, 241, 64, 67, 130, 92, 248, 32, 175, 187, 4,
       52, 39, 99, 88, 186, 158, 176, 170, 169, 81, 87, 162, 189, 164,
       189, 191, 231, 194, 27, 39, 231, 237, 20, 26, 79, 130, 48, 216,
       195, 117, 249, 226, 128, 142, 83, 77, 117, 17, 71, 17, 78, 103,
       56, 121, 232, 111, 12, 222, 115, 9, 52, 144, 84, 104, 106, 97,
       240, 185, 14, 101, 190, 5, 6, 74, 115, 67, 33, 65, 121, 25, 101,
       1, 78, 103, 48, 104, 224, 42, 72, 214, 23, 1, 48, 144, 84, 104,
       106, 65, 176, 241, 12, 229, 188, 5, 2, 72, 50, 67, 42, 192, 173,
       157, 82, 200, 237, 101, 175, 251, 27, 40, 88, 182, 243, 72, 63,
       129, 118, 106, 24, 51, 107, 218, 115, 109, 190, 85, 104, 192, 80,
       194, 40, 216, 248, 117, 103, 32, 78, 71, 188, 113, 232, 230, 8,
       247, 87, 1, 53, 16, 244, 92, 106, 105, 164, 121, 47, 227, 233, 97,
       16, 98, 179, 70, 40, 228, 96, 149, 115, 41, 15, 65, 152, 127, 186,
       35, 88, 214, 19, 201, 123, 145, 84, 108, 106, 32, 116, 233, 48,
       199, 154, 101, 52, 208, 59, 66, 35, 76, 101, 153, 103, 148, 78,
       103, 184, 96, 160, 107, 8, 211, 113, 9, 48, 16, 204, 64, 106, 73,
       176, 217, 14, 237, 189, 37, 4, 104, 243, 66, 32, 137, 113, 123,
       67, 114, 94, 179, 56, 105, 76, 127, 108, 222, 23, 140, 52, 182,
       25, 87, 106, 193, 176, 49, 77, 103, 249, 32, 130, 98, 131, 71,
       243, 60, 101, 105, 71, 80, 75, 71, 232, 53, 172, 255, 168, 67,
       117, 141, 52, 88, 220, 196, 98, 104, 178, 105, 46, 115, 231, 37,
       53, 99, 187, 70, 226, 126, 239, 216, 166, 122, 67, 31, 168, 51,
       180, 141, 169, 111, 231, 203, 18, 23, 221, 237, 226, 104, 67, 235,
       63, 250, 231, 45, 191, 38, 179, 14, 67, 80, 205, 233, 165, 20, 74,
       75, 168, 38, 224, 138, 139, 243, 109, 17, 66, 16, 228, 121, 111,
       72, 144, 221, 47, 237, 39, 141, 16, 36, 186, 20, 122, 253, 125,
       147, 102, 161, 15, 86, 213, 25, 170, 184, 108, 55, 157, 65, 178,
       156, 252, 85, 98, 233, 119, 216, 42, 179, 216, 37, 58, 106, 250,
       194, 59, 200, 188, 255, 114, 176, 232, 113, 151, 186, 31, 102, 56,
       191, 247, 0, 56, 167, 51, 108, 24, 50, 236, 178, 119, 207, 247,
       48, 64, 194, 128, 135, 107, 248, 186, 150, 178, 171, 169, 80, 215,
       179, 27, 160, 189, 47, 135, 66, 155, 167, 163, 237, 16, 62, 79,
       138, 51, 218, 211, 84, 123, 234, 68, 138, 27, 76, 161, 141, 115,
       200, 108, 101, 153, 162, 183, 175, 25, 211, 231, 72, 90, 1, 214,
       105, 154, 26, 65, 219, 32, 205, 167, 245, 93, 160, 227, 198, 114,
       242, 186, 234, 90, 171, 253, 81, 199, 227, 95, 180, 189, 42, 236,
       86, 59, 175, 162, 253, 20, 190, 111, 166, 241, 219, 90, 84, 251,
       231, 196, 206, 95, 248, 185, 241, 112, 201, 93, 80, 87, 99, 177,
       164, 24, 27, 155, 69, 59, 139, 191, 252, 16, 90, 107, 242, 0, 91,
       217, 85, 63, 227, 192, 198, 42, 200, 190, 127, 114, 176, 232, 113,
       151, 187, 31, 126, 56, 191, 247, 128, 26, 167, 51, 109, 24, 50,
       109, 178, 119, 203, 255, 48, 201, 226, 192, 199, 123, 220, 148,
       221, 124, 169, 108, 84, 187, 227, 186, 166, 24, 95, 247, 73, 123,
       131, 214, 236, 16, 122, 103, 219, 49, 219, 235, 117, 93, 242, 240,
       142, 3, 109, 32, 149, 18, 237, 125, 68, 206, 251, 251, 37, 24,
       110, 241, 75, 191, 137, 198, 226, 24, 55, 122, 218, 160, 31, 222,
       85, 63, 194, 125, 202, 134, 101, 33, 41, 103, 21, 79, 71, 40, 96,
       232, 235, 8, 211, 85, 25, 48, 24, 220, 80, 106, 73, 242, 249, 12,
