%YAML:1.0
---
descriptors: !!opencv-matrix
   rows: 146
   cols: 32
   dt: u
   data: [ 248, 152, 214, 56, 169, 173, 80, 87, 163, 27, 176, 93, 47,
       187, 96, 155, 141, 179, 236, 20, 62, 111, 210, 17, 218, 195, 112,
       123, 250, 76, 138, 27, 254, 44, 246, 88, 205, 253, 84, 202, 219,
       255, 172, 31, 10, 248, 71, 191, 201, 230, 234, 16, 190, 103, 243,
       242, 31, 94, 85, 123, 195, 125, 206, 70, 238, 164, 166, 26, 221,
       245, 214, 203, 223, 255, 253, 27, 72, 236, 126, 142, 217, 235,
       227, 23, 190, 111, 250, 242, 63, 95, 221, 127, 215, 77, 254, 214,
       165, 160, 157, 144, 236, 233, 1, 203, 222, 251, 161, 24, 150, 144,
       72, 187, 137, 2, 106, 24, 59, 111, 106, 52, 157, 18, 85, 126, 208,
       9, 215, 228, 95, 119, 242, 135, 18, 30, 46, 184, 60, 228, 71, 199,
       205, 78, 27, 199, 54, 85, 233, 239, 197, 208, 157, 204, 36, 36,
       15, 4, 45, 247, 9, 20, 237, 231, 110, 102, 236, 90, 127, 189, 97,
       236, 190, 173, 75, 109, 158, 183, 30, 196, 253, 110, 252, 242,
       237, 172, 118, 249, 229, 149, 103, 254, 222, 85, 93, 221, 159,
       231, 180, 110, 127, 255, 61, 234, 254, 72, 254, 119, 137, 114,
       183, 246, 126, 106, 225, 177, 185, 238, 255, 255, 39, 132, 234,
       242, 227, 57, 77, 135, 124, 71, 180, 30, 111, 189, 109, 236, 254,
       68, 91, 99, 158, 246, 54, 198, 252, 110, 245, 176, 109, 238, 126,
       255, 37, 196, 106, 246, 232, 97, 218, 221, 191, 254, 147, 230, 63,
       247, 191, 206, 222, 50, 253, 247, 32, 240, 247, 247, 191, 162,
       121, 155, 56, 255, 251, 231, 47, 131, 162, 114, 165, 123, 80, 168,
       154, 248, 136, 233, 64, 135, 182, 19, 162, 24, 183, 243, 64, 91,
       161, 166, 108, 24, 58, 73, 131, 49, 219, 227, 116, 89, 176, 192,
       202, 10, 124, 101, 96, 71, 19, 79, 71, 168, 32, 164, 239, 136, 67,
       117, 9, 20, 88, 212, 193, 98, 72, 178, 249, 12, 117, 132, 5, 53,
       99, 59, 70, 98, 165, 117, 60, 71, 140, 79, 87, 184, 98, 226, 47,
       8, 210, 113, 75, 51, 16, 68, 104, 106, 101, 112, 121, 56, 111,
       137, 101, 53, 104, 251, 74, 34, 131, 207, 70, 175, 52, 134, 238,
       181, 60, 8, 90, 231, 249, 106, 178, 65, 246, 103, 63, 239, 244,
       152, 5, 239, 164, 58, 174, 192, 28, 134, 185, 25, 242, 190, 181,
       122, 169, 233, 148, 239, 219, 59, 176, 121, 46, 252, 68, 155, 143,
       243, 237, 17, 59, 111, 202, 51, 155, 210, 117, 255, 209, 72, 198,
       63, 60, 117, 120, 71, 83, 75, 71, 168, 53, 164, 239, 138, 67, 101,
       13, 20, 88, 220, 194, 98, 104, 178, 121, 14, 119, 231, 5, 21, 99,
       59, 70, 162, 252, 164, 170, 180, 141, 105, 84, 143, 243, 179, 130,
       25, 199, 249, 88, 155, 177, 196, 125, 49, 62, 101, 203, 130, 219,
       227, 213, 125, 162, 72, 218, 2, 217, 172, 190, 48, 168, 120, 80,
       199, 242, 115, 166, 25, 159, 178, 66, 123, 163, 135, 124, 29, 62,
       95, 180, 18, 219, 235, 116, 53, 224, 80, 139, 74, 129, 188, 143,
       121, 148, 236, 97, 151, 246, 83, 66, 84, 179, 241, 208, 121, 1,
       46, 120, 28, 179, 220, 183, 51, 204, 170, 116, 64, 168, 192, 208,
       40, 78, 119, 169, 135, 188, 91, 175, 184, 58, 230, 143, 237, 211,
       100, 219, 18, 23, 76, 253, 123, 233, 208, 253, 10, 172, 23, 173,
       181, 132, 255, 23, 117, 100, 161, 165, 115, 137, 77, 69, 143, 162,
       55, 170, 25, 194, 229, 72, 26, 137, 214, 233, 24, 26, 106, 251,
       33, 237, 150, 85, 117, 194, 88, 198, 106, 102, 52, 149, 215, 137,
       110, 20, 138, 170, 179, 165, 24, 222, 119, 73, 191, 129, 87, 249,
       50, 33, 69, 219, 48, 143, 178, 85, 62, 136, 113, 7, 50, 118, 103,
       104, 7, 86, 91, 246, 232, 97, 228, 255, 171, 67, 76, 159, 20, 58,
       204, 196, 98, 76, 178, 237, 142, 54, 117, 133, 135, 103, 191, 94,
       198, 75, 254, 165, 21, 44, 62, 169, 158, 238, 251, 134, 196, 224,
       160, 213, 239, 5, 100, 248, 29, 129, 205, 247, 160, 12, 58, 221,
       208, 142, 253, 88, 124, 181, 113, 136, 167, 203, 15, 71, 200, 16,
       230, 163, 15, 83, 80, 75, 27, 216, 204, 64, 102, 77, 246, 217, 10,
       177, 192, 69, 54, 105, 123, 90, 210, 205, 53, 149, 69, 145, 78,
       103, 185, 121, 234, 107, 12, 222, 115, 9, 52, 17, 84, 96, 106, 97,
       240, 249, 14, 45, 254, 69, 6, 202, 114, 67, 119, 153, 217, 89,
       103, 48, 79, 71, 188, 97, 72, 102, 72, 115, 83, 136, 49, 18, 220,
       92, 106, 105, 180, 121, 61, 227, 233, 37, 4, 106, 178, 194, 57,
       208, 170, 158, 184, 136, 168, 64, 135, 246, 19, 162, 88, 183, 179,
       64, 90, 161, 182, 108, 16, 26, 73, 131, 51, 153, 231, 52, 88, 160,
       64, 131, 10, 248, 132, 90, 126, 176, 174, 90, 51, 48, 3, 231, 88,
       127, 99, 8, 81, 183, 151, 125, 172, 58, 220, 9, 47, 251, 239, 48,
       85, 160, 192, 170, 2, 241, 170, 216, 88, 205, 189, 80, 71, 227,
       27, 164, 24, 34, 168, 84, 27, 201, 238, 108, 28, 30, 111, 210, 35,
       155, 185, 80, 123, 193, 8, 250, 14, 242, 170, 232, 24, 77, 169,
       208, 79, 203, 183, 160, 25, 34, 200, 70, 26, 137, 234, 233, 17,
       30, 111, 202, 17, 88, 16, 21, 63, 209, 76, 222, 78, 80, 109, 169,
       55, 148, 200, 103, 166, 116, 224, 74, 1, 183, 57, 19, 112, 32,
       238, 61, 207, 76, 152, 205, 47, 229, 165, 54, 1, 36, 19, 85, 74,
       220, 255, 246, 103, 171, 122, 87, 188, 249, 166, 191, 184, 75, 97,
       139, 183, 55, 215, 236, 98, 252, 229, 173, 174, 238, 255, 101,
       151, 231, 247, 207, 69, 226, 189, 152, 186, 249, 173, 21, 255,
       154, 31, 168, 29, 182, 243, 66, 19, 133, 123, 107, 20, 50, 75,
       218, 115, 249, 150, 85, 122, 216, 64, 131, 187, 138, 152, 123,
       251, 179, 226, 57, 87, 62, 3, 70, 50, 188, 215, 32, 104, 119, 59,
       147, 144, 51, 156, 51, 247, 205, 239, 26, 66, 180, 0, 161, 187,
       220, 134, 175, 119, 170, 106, 21, 183, 180, 223, 134, 180, 247,
       102, 138, 123, 39, 102, 108, 140, 56, 77, 175, 47, 200, 227, 127,
       209, 160, 224, 165, 113, 188, 119, 120, 71, 250, 91, 23, 184, 53,
       172, 255, 168, 67, 117, 143, 52, 30, 220, 196, 98, 104, 178, 109,
       46, 119, 231, 37, 151, 103, 251, 70, 227, 126, 119, 232, 231, 90,
       19, 31, 184, 51, 164, 173, 175, 73, 103, 203, 18, 54, 221, 237,
       226, 104, 66, 237, 30, 250, 231, 173, 189, 39, 183, 14, 83, 160,
       166, 253, 87, 213, 123, 229, 55, 81, 183, 119, 26, 98, 33, 156,
       175, 41, 238, 226, 8, 176, 252, 101, 207, 111, 10, 85, 1, 227,
       200, 214, 172, 230, 240, 238, 50, 74, 236, 153, 192, 170, 87, 165,
       157, 116, 220, 94, 26, 173, 227, 251, 21, 54, 111, 154, 99, 95,
       39, 122, 121, 197, 1, 255, 210, 232, 172, 245, 80, 205, 252, 117,
       119, 251, 187, 36, 24, 58, 185, 68, 191, 9, 182, 226, 8, 51, 111,
       210, 211, 95, 218, 85, 107, 235, 192, 194, 47, 248, 140, 213, 116,
       137, 108, 80, 23, 243, 59, 166, 24, 30, 55, 64, 255, 129, 151,
       236, 16, 56, 111, 211, 2, 219, 251, 84, 91, 226, 192, 206, 11, 77,
       52, 181, 69, 48, 30, 101, 57, 121, 234, 115, 104, 222, 117, 141,
       180, 149, 20, 116, 42, 225, 240, 249, 78, 175, 254, 101, 6, 194,
       162, 67, 101, 236, 110, 40, 173, 184, 47, 79, 186, 52, 238, 202,
       157, 131, 32, 19, 16, 217, 206, 79, 111, 236, 158, 65, 46, 228,
       247, 173, 180, 0, 253, 214, 80, 76, 253, 156, 115, 233, 205, 23,
       172, 187, 63, 45, 25, 238, 247, 74, 18, 129, 115, 233, 66, 114,
       72, 218, 115, 239, 210, 85, 123, 210, 83, 135, 106, 224, 184, 252,
       82, 77, 252, 240, 71, 251, 59, 36, 24, 50, 185, 68, 187, 129, 182,
       226, 24, 51, 111, 210, 81, 31, 187, 80, 107, 201, 0, 202, 175,
       252, 62, 222, 48, 41, 252, 88, 82, 179, 255, 165, 157, 31, 175,
       67, 27, 167, 181, 237, 148, 174, 71, 210, 2, 219, 227, 113, 253,
       162, 133, 14, 83, 228, 160, 188, 116, 204, 109, 241, 207, 218,
       247, 48, 29, 146, 252, 86, 27, 137, 70, 98, 28, 52, 126, 242, 0,
       93, 138, 117, 60, 193, 104, 214, 242, 120, 171, 222, 100, 141, 88,
       81, 53, 227, 189, 164, 8, 11, 185, 198, 150, 136, 244, 236, 64,
       28, 107, 226, 160, 219, 253, 85, 123, 227, 180, 206, 78, 213, 101,
