%YAML:1.0
---
descriptors: !!opencv-matrix
   rows: 221
   cols: 32
   dt: u
   data: [ 133, 207, 77, 39, 176, 10, 111, 184, 116, 170, 122, 228, 211,
       96, 153, 80, 23, 78, 36, 110, 233, 208, 77, 46, 172, 174, 101,
       132, 236, 243, 208, 33, 77, 221, 89, 103, 176, 78, 111, 188, 116,
       234, 126, 100, 211, 119, 137, 112, 54, 86, 28, 106, 233, 144, 121,
       46, 237, 239, 39, 132, 40, 243, 192, 49, 93, 93, 121, 231, 180,
       78, 79, 188, 97, 232, 255, 100, 87, 119, 137, 112, 118, 244, 92,
       106, 233, 144, 121, 46, 227, 239, 37, 132, 98, 243, 192, 49, 93,
       213, 63, 231, 176, 14, 79, 188, 36, 170, 255, 64, 247, 119, 137,
       112, 86, 214, 93, 106, 233, 144, 121, 46, 225, 239, 37, 148, 32,
       243, 192, 49, 148, 228, 155, 191, 180, 47, 111, 188, 54, 170, 91,
       80, 247, 227, 201, 64, 119, 127, 63, 170, 123, 148, 201, 63, 237,
       175, 175, 132, 164, 243, 161, 161, 248, 188, 253, 114, 137, 237,
       81, 215, 179, 191, 164, 24, 63, 151, 66, 59, 33, 210, 237, 24, 59,
       79, 186, 51, 219, 203, 117, 121, 226, 192, 134, 123, 236, 176,
       189, 115, 237, 125, 81, 152, 123, 251, 165, 24, 222, 93, 72, 59,
       145, 16, 252, 58, 59, 102, 251, 18, 207, 219, 81, 127, 194, 75,
       70, 179, 192, 168, 157, 254, 200, 237, 5, 151, 158, 19, 96, 24,
       182, 243, 64, 123, 193, 122, 106, 24, 50, 108, 218, 49, 205, 179,
       86, 120, 144, 72, 131, 170, 69, 241, 149, 87, 29, 141, 50, 184,
       238, 240, 43, 76, 246, 113, 73, 50, 145, 70, 104, 94, 195, 96,
       219, 49, 237, 158, 69, 118, 72, 51, 67, 34, 69, 115, 17, 69, 176,
       14, 102, 56, 104, 168, 107, 76, 214, 16, 9, 176, 144, 76, 76, 110,
       193, 176, 217, 76, 165, 188, 37, 4, 72, 179, 67, 33, 248, 186,
       210, 122, 169, 169, 80, 199, 131, 31, 176, 57, 47, 219, 104, 155,
       201, 179, 237, 16, 30, 111, 130, 49, 219, 209, 80, 123, 242, 72,
       206, 11, 220, 16, 188, 247, 172, 108, 89, 24, 175, 187, 183, 56,
       223, 247, 201, 123, 135, 213, 125, 26, 185, 69, 251, 0, 203, 251,
       119, 148, 160, 233, 7, 35, 216, 176, 189, 240, 169, 237, 89, 159,
       187, 123, 180, 24, 159, 183, 72, 59, 133, 151, 253, 24, 187, 79,
       250, 81, 219, 219, 117, 253, 194, 64, 134, 123, 237, 113, 85, 103,
       164, 14, 71, 184, 96, 226, 175, 76, 211, 113, 153, 51, 16, 196,
       124, 106, 201, 240, 253, 40, 231, 233, 101, 20, 74, 243, 66, 48,
       233, 188, 188, 248, 173, 253, 81, 223, 255, 123, 180, 24, 191,
       253, 66, 59, 205, 179, 255, 16, 186, 111, 242, 179, 219, 219, 85,
       123, 210, 204, 194, 91, 248, 188, 188, 248, 173, 253, 81, 83, 251,
       123, 180, 24, 191, 253, 98, 59, 133, 179, 253, 24, 187, 111, 242,
       147, 219, 219, 116, 123, 210, 72, 206, 123, 197, 116, 149, 101,
       129, 78, 119, 176, 120, 234, 34, 12, 222, 51, 1, 59, 144, 84, 120,
       106, 225, 244, 185, 74, 229, 186, 69, 6, 72, 115, 67, 34, 208,
       178, 157, 116, 138, 96, 17, 151, 178, 183, 166, 184, 39, 167, 64,
       91, 39, 215, 237, 144, 58, 79, 178, 34, 217, 227, 117, 121, 160,
       224, 166, 123, 248, 170, 254, 122, 170, 233, 81, 87, 178, 31, 164,
       184, 39, 135, 64, 27, 1, 178, 237, 144, 58, 79, 162, 49, 217, 195,
       112, 121, 224, 192, 134, 123, 252, 161, 252, 114, 136, 109, 85,
       221, 178, 191, 165, 24, 87, 247, 74, 26, 1, 210, 109, 24, 58, 71,
       250, 18, 219, 195, 117, 125, 224, 192, 134, 98, 248, 172, 156,
       186, 137, 253, 80, 206, 187, 55, 169, 25, 47, 251, 74, 155, 129,
       211, 237, 17, 62, 79, 218, 55, 251, 211, 85, 123, 176, 84, 142,
       10, 244, 8, 141, 180, 138, 96, 85, 191, 162, 183, 134, 153, 87,
       167, 65, 91, 1, 214, 109, 130, 56, 71, 203, 32, 217, 227, 245, 61,
       160, 240, 134, 106, 248, 184, 220, 114, 168, 173, 81, 223, 179,
       191, 164, 29, 55, 243, 66, 27, 129, 230, 109, 20, 58, 79, 218, 33,
       219, 203, 117, 121, 232, 192, 202, 10, 92, 221, 25, 239, 176, 47,
       79, 188, 52, 168, 255, 96, 215, 115, 137, 112, 23, 214, 93, 106,
       121, 176, 105, 46, 233, 239, 37, 148, 32, 243, 192, 33, 236, 116,
       189, 99, 237, 111, 83, 152, 91, 255, 181, 24, 223, 93, 73, 59,
       153, 212, 116, 122, 171, 102, 251, 16, 207, 219, 101, 124, 194,
       251, 70, 115, 253, 112, 189, 103, 40, 78, 87, 152, 97, 186, 183,
       8, 215, 85, 73, 59, 148, 212, 124, 122, 41, 103, 249, 32, 215,
       217, 101, 60, 192, 243, 70, 51, 252, 244, 252, 118, 137, 111, 87,
       252, 179, 182, 165, 24, 91, 119, 73, 31, 25, 214, 237, 42, 120,
       71, 251, 34, 251, 203, 117, 61, 227, 241, 198, 106, 148, 236, 222,
       191, 238, 169, 255, 254, 190, 179, 250, 18, 247, 235, 89, 91, 255,
       247, 127, 195, 106, 255, 203, 59, 252, 167, 255, 140, 164, 249,
       161, 168, 172, 180, 188, 115, 189, 253, 81, 25, 127, 59, 173, 24,
       223, 93, 72, 56, 153, 154, 252, 24, 58, 102, 251, 147, 207, 223,
       17, 127, 210, 74, 198, 34, 221, 69, 93, 103, 40, 10, 71, 184, 96,
       160, 171, 8, 215, 115, 9, 115, 18, 212, 108, 106, 105, 97, 249,
       12, 241, 235, 101, 20, 96, 179, 194, 32, 232, 189, 188, 254, 157,
       221, 84, 47, 219, 25, 164, 24, 190, 185, 64, 51, 201, 178, 249, 0,
       122, 107, 242, 183, 235, 219, 84, 123, 82, 72, 214, 10, 69, 103,
       152, 39, 176, 42, 110, 140, 121, 170, 43, 64, 207, 98, 201, 218,
       147, 77, 108, 126, 20, 240, 201, 42, 172, 253, 39, 36, 128, 243,
       203, 0, 69, 231, 145, 3, 180, 14, 102, 184, 106, 185, 43, 76, 214,
       96, 216, 18, 149, 68, 108, 126, 195, 112, 217, 53, 173, 156, 37,
       116, 72, 51, 195, 1, 205, 245, 185, 71, 240, 14, 63, 188, 57, 232,
       127, 104, 222, 119, 136, 52, 148, 93, 85, 106, 225, 208, 249, 78,
       111, 191, 37, 134, 66, 179, 131, 177, 22, 237, 246, 207, 254, 11,
       254, 248, 255, 160, 251, 130, 237, 239, 61, 64, 126, 237, 127,
       227, 224, 243, 205, 255, 190, 254, 143, 148, 103, 255, 113, 129,
       101, 99, 17, 5, 116, 14, 102, 184, 104, 168, 123, 76, 211, 0, 153,
       48, 144, 76, 68, 110, 193, 176, 201, 12, 36, 188, 37, 4, 72, 179,
       83, 1, 38, 229, 214, 207, 252, 11, 254, 232, 63, 160, 251, 130,
       204, 238, 29, 64, 255, 221, 127, 227, 96, 243, 201, 254, 190, 254,
       143, 166, 85, 255, 227, 129, 54, 229, 118, 239, 252, 11, 254, 232,
       127, 160, 251, 130, 207, 126, 29, 64, 254, 221, 127, 227, 192,
       179, 201, 238, 190, 255, 143, 182, 85, 251, 243, 129, 28, 69, 126,
       231, 60, 11, 239, 248, 44, 168, 247, 2, 223, 111, 25, 67, 254,
       205, 127, 235, 200, 241, 73, 172, 236, 235, 239, 148, 36, 187, 97,
       128, 92, 80, 220, 231, 44, 14, 127, 184, 172, 186, 191, 32, 223,
       111, 137, 91, 246, 213, 125, 107, 72, 193, 233, 12, 199, 251, 239,
       148, 36, 187, 1, 33, 248, 178, 146, 186, 233, 169, 80, 207, 139,
       27, 176, 125, 46, 219, 108, 155, 205, 179, 236, 16, 30, 111, 130,
       177, 154, 208, 80, 123, 218, 76, 170, 27, 253, 91, 61, 103, 172,
       14, 71, 188, 224, 184, 174, 76, 211, 113, 145, 115, 20, 196, 108,
       110, 201, 225, 249, 44, 225, 233, 101, 20, 106, 243, 66, 33, 205,
       113, 157, 102, 44, 14, 71, 152, 225, 250, 167, 76, 215, 81, 89,
       59, 16, 196, 108, 106, 233, 101, 251, 40, 195, 249, 101, 52, 106,
       179, 66, 35, 92, 48, 188, 246, 40, 76, 89, 24, 171, 185, 183, 40,
       223, 255, 73, 123, 135, 213, 125, 24, 152, 65, 235, 0, 219, 251,
       119, 220, 128, 161, 3, 51, 253, 207, 77, 101, 180, 14, 79, 190,
       112, 234, 126, 76, 115, 97, 145, 112, 49, 198, 108, 110, 233, 176,
       109, 46, 232, 239, 37, 148, 232, 243, 82, 41, 125, 87, 93, 101,
       180, 14, 71, 184, 96, 234, 174, 76, 83, 113, 153, 51, 20, 196,
       108, 110, 233, 176, 249, 14, 226, 239, 101, 20, 106, 243, 194, 33,
       88, 176, 188, 240, 41, 205, 89, 24, 187, 121, 181, 24, 159, 159,
       72, 59, 135, 149, 125, 24, 139, 107, 242, 17, 219, 219, 113, 127,
       194, 128, 7, 123, 109, 125, 21, 71, 164, 14, 71, 184, 97, 232,
       174, 76, 211, 113, 145, 51, 16, 196, 108, 110, 201, 240, 249, 40,
