%YAML:1.0
---
descriptors: !!opencv-matrix
   rows: 98
   cols: 32
   dt: u
   data: [ 253, 188, 156, 178, 168, 172, 92, 223, 179, 251, 164, 125, 23,
       247, 66, 91, 135, 215, 253, 16, 58, 79, 218, 34, 251, 195, 125,
       252, 168, 208, 138, 27, 236, 178, 148, 90, 169, 29, 84, 185, 139,
       191, 165, 125, 206, 227, 75, 159, 133, 212, 236, 114, 90, 71, 218,
       48, 155, 211, 69, 127, 210, 109, 206, 3, 217, 52, 29, 116, 41,
       110, 85, 55, 232, 250, 166, 24, 247, 55, 1, 59, 129, 86, 76, 42,
       105, 69, 241, 12, 241, 251, 85, 56, 72, 112, 135, 58, 120, 176,
       253, 114, 171, 253, 81, 223, 179, 247, 165, 24, 59, 247, 72, 63,
       39, 242, 236, 24, 59, 107, 186, 49, 219, 219, 85, 123, 227, 192,
       198, 123, 238, 170, 156, 90, 233, 61, 20, 137, 171, 63, 165, 185,
       206, 230, 206, 159, 135, 211, 236, 18, 22, 71, 234, 49, 158, 211,
       117, 255, 210, 245, 142, 71, 56, 168, 58, 96, 89, 205, 81, 86,
       163, 37, 164, 8, 59, 159, 64, 16, 136, 184, 69, 24, 74, 43, 242,
       21, 219, 201, 16, 121, 98, 8, 70, 234, 88, 184, 251, 122, 139,
       236, 81, 23, 227, 85, 166, 24, 59, 151, 66, 122, 163, 183, 253,
       16, 27, 75, 178, 17, 211, 233, 48, 121, 162, 128, 38, 122, 120,
       185, 123, 112, 73, 205, 81, 71, 227, 117, 164, 9, 63, 157, 70, 50,
       136, 178, 221, 17, 27, 107, 242, 49, 219, 217, 16, 123, 227, 8,
       214, 123, 100, 164, 189, 123, 221, 237, 81, 143, 247, 53, 165, 24,
       246, 245, 72, 58, 137, 218, 104, 24, 26, 106, 251, 51, 207, 255,
       20, 125, 192, 8, 198, 98, 205, 127, 189, 101, 168, 126, 95, 190,
       43, 254, 190, 124, 223, 55, 195, 59, 135, 86, 253, 126, 249, 72,
       251, 32, 239, 219, 117, 244, 138, 241, 134, 113, 77, 255, 189,
       101, 168, 111, 87, 183, 34, 254, 190, 108, 223, 55, 195, 58, 133,
       86, 124, 94, 217, 72, 249, 32, 239, 223, 117, 180, 202, 241, 134,
       121, 252, 36, 148, 100, 13, 127, 83, 8, 115, 182, 165, 24, 74,
       113, 75, 191, 217, 196, 232, 58, 40, 103, 251, 146, 219, 219, 65,
       63, 226, 109, 94, 102, 254, 180, 188, 122, 169, 253, 209, 216,
       219, 255, 181, 29, 250, 253, 79, 59, 141, 211, 253, 19, 190, 103,
       250, 179, 219, 219, 117, 255, 210, 95, 222, 115, 108, 101, 72,
       101, 0, 91, 118, 168, 49, 164, 238, 137, 195, 97, 3, 16, 24, 196,
       232, 110, 72, 242, 205, 12, 230, 199, 1, 53, 99, 251, 94, 2, 252,
       102, 156, 54, 185, 61, 87, 152, 171, 190, 181, 109, 110, 231, 75,
       159, 133, 246, 236, 22, 42, 103, 234, 42, 251, 215, 117, 187, 226,
       247, 14, 75, 68, 69, 157, 229, 60, 74, 103, 168, 100, 160, 11, 72,
       215, 113, 25, 35, 18, 84, 120, 106, 105, 240, 201, 14, 237, 166,
       101, 20, 100, 187, 1, 32, 100, 160, 185, 81, 221, 237, 65, 143,
       235, 49, 172, 24, 150, 181, 72, 58, 129, 94, 106, 24, 19, 122,
       251, 48, 77, 158, 21, 126, 192, 73, 198, 34, 120, 184, 123, 112,
       75, 205, 81, 71, 227, 85, 164, 24, 63, 157, 64, 48, 170, 178, 213,
       16, 27, 107, 178, 17, 219, 217, 16, 123, 99, 8, 198, 106, 101, 69,
       29, 103, 24, 79, 71, 168, 116, 160, 235, 8, 215, 115, 9, 112, 208,
       84, 104, 106, 105, 176, 249, 14, 229, 174, 5, 52, 64, 59, 66, 34,
       84, 116, 157, 103, 138, 110, 87, 184, 50, 182, 175, 8, 215, 119,
       73, 122, 51, 212, 109, 106, 41, 69, 185, 42, 249, 167, 101, 52,
       160, 243, 7, 50, 40, 165, 188, 123, 205, 253, 117, 191, 86, 63,
       45, 24, 147, 241, 72, 0, 1, 90, 106, 24, 122, 120, 219, 51, 239,
       199, 117, 125, 210, 216, 222, 170, 124, 184, 247, 112, 139, 221,
       81, 223, 163, 21, 164, 24, 59, 247, 68, 63, 163, 211, 253, 16, 26,
       107, 186, 49, 219, 217, 85, 123, 227, 128, 198, 227, 101, 55, 81,
       71, 112, 46, 103, 24, 96, 168, 107, 108, 211, 51, 137, 112, 22,
       92, 70, 106, 193, 176, 249, 12, 100, 172, 33, 132, 106, 242, 66,
       177, 236, 252, 188, 122, 172, 125, 91, 152, 154, 255, 181, 29,
       215, 253, 91, 59, 141, 211, 253, 83, 187, 103, 250, 51, 219, 219,
       117, 125, 208, 123, 70, 115, 12, 167, 141, 171, 184, 173, 139,
       156, 190, 61, 9, 221, 213, 103, 72, 2, 149, 91, 109, 117, 50, 64,
       203, 23, 237, 135, 47, 252, 144, 67, 135, 129, 109, 69, 17, 103,
       24, 79, 71, 168, 116, 160, 107, 72, 214, 113, 9, 112, 144, 92, 72,
       106, 105, 176, 89, 14, 229, 174, 37, 20, 64, 59, 66, 34, 252, 49,
       156, 244, 140, 108, 85, 152, 162, 178, 167, 24, 215, 49, 73, 27,
       129, 212, 109, 114, 56, 101, 219, 0, 217, 131, 117, 125, 160, 121,
       198, 34, 224, 109, 156, 116, 40, 140, 69, 55, 176, 170, 162, 72,
       183, 179, 65, 19, 128, 246, 108, 8, 104, 236, 208, 43, 229, 139,
       117, 48, 64, 240, 66, 42, 112, 32, 31, 112, 8, 173, 65, 71, 170,
       55, 160, 24, 55, 147, 64, 27, 129, 179, 77, 24, 26, 79, 130, 17,
       209, 138, 113, 120, 224, 0, 199, 42, 123, 169, 172, 54, 141, 125,
       76, 135, 242, 247, 134, 25, 243, 236, 82, 43, 129, 230, 253, 29,
       190, 73, 255, 32, 203, 235, 253, 121, 128, 124, 222, 78, 88, 56,
       149, 116, 41, 108, 85, 39, 233, 179, 162, 24, 254, 55, 64, 255,
       129, 247, 108, 8, 25, 79, 178, 0, 211, 251, 80, 58, 194, 96, 135,
       58, 84, 101, 253, 103, 138, 74, 71, 184, 50, 166, 171, 8, 215,
       119, 73, 114, 51, 212, 105, 122, 105, 211, 249, 42, 249, 166, 69,
       52, 32, 243, 6, 34, 44, 242, 113, 107, 97, 15, 83, 88, 97, 44,
       125, 108, 26, 87, 136, 52, 20, 24, 70, 106, 194, 50, 120, 29, 103,
       221, 32, 110, 66, 139, 70, 163, 216, 140, 151, 118, 137, 104, 84,
       167, 161, 23, 162, 24, 95, 55, 0, 251, 161, 215, 236, 0, 57, 79,
       131, 37, 219, 227, 116, 83, 160, 64, 134, 42, 116, 160, 151, 124,
       139, 104, 85, 143, 171, 151, 162, 24, 111, 247, 72, 91, 163, 247,
       108, 0, 26, 79, 138, 33, 153, 242, 85, 123, 224, 112, 166, 35,
       228, 112, 189, 116, 9, 127, 85, 216, 195, 254, 164, 29, 86, 253,
       67, 59, 141, 244, 253, 42, 169, 103, 250, 26, 211, 219, 101, 61,
       200, 121, 70, 115, 112, 169, 247, 112, 139, 201, 81, 207, 227,
       189, 160, 24, 35, 223, 68, 59, 171, 211, 109, 16, 26, 107, 162,
       81, 155, 218, 85, 127, 225, 128, 198, 43, 149, 22, 109, 55, 38,
       59, 174, 56, 124, 226, 83, 247, 211, 108, 159, 169, 63, 69, 148,
       39, 173, 244, 125, 14, 134, 107, 235, 132, 109, 255, 89, 84, 240,
       248, 252, 112, 72, 201, 81, 71, 171, 53, 160, 56, 38, 151, 68, 27,
       171, 187, 109, 16, 10, 111, 226, 113, 217, 144, 84, 123, 65, 0,
       70, 171, 208, 188, 157, 116, 56, 236, 1, 39, 186, 235, 138, 88,
       183, 183, 64, 114, 131, 55, 124, 8, 57, 77, 243, 19, 217, 231,
       122, 56, 8, 64, 135, 57, 252, 110, 222, 118, 40, 189, 95, 152,
       179, 158, 164, 157, 111, 231, 75, 26, 151, 231, 109, 78, 40, 71,
       234, 51, 219, 251, 101, 57, 98, 243, 78, 99, 244, 232, 236, 118,
       136, 72, 93, 174, 179, 183, 162, 153, 99, 231, 90, 27, 129, 215,
       109, 198, 122, 79, 235, 35, 251, 243, 245, 125, 160, 241, 214, 90,
       243, 188, 255, 50, 170, 237, 84, 231, 187, 91, 160, 57, 55, 254,
       70, 59, 167, 243, 125, 16, 63, 79, 170, 51, 219, 219, 117, 251,
       200, 84, 134, 95, 76, 107, 80, 228, 112, 14, 111, 146, 33, 172,
       110, 8, 31, 3, 65, 84, 54, 205, 93, 254, 64, 18, 129, 72, 247,
       253, 37, 44, 34, 177, 66, 32, 88, 168, 154, 186, 136, 169, 16, 86,
       162, 51, 160, 24, 183, 179, 64, 26, 161, 51, 109, 16, 26, 79, 130,
       49, 217, 129, 122, 121, 160, 64, 11, 10, 100, 33, 17, 101, 17, 78,
       98, 40, 113, 160, 107, 8, 211, 19, 9, 180, 16, 76, 64, 106, 73,
       176, 217, 14, 165, 188, 1, 4, 104, 34, 74, 32, 208, 174, 188, 117,
       136, 185, 148, 39, 250, 183, 166, 57, 167, 41, 66, 11, 129, 119,
       233, 1, 52, 237, 195, 47, 203, 227, 116, 113, 192, 104, 143, 10,
       113, 48, 159, 116, 9, 108, 80, 35, 233, 179, 163, 24, 254, 179,
       64, 122, 128, 247, 108, 8, 25, 111, 179, 0, 147, 251, 80, 26, 232,
       96, 2, 34, 201, 188, 61, 124, 40, 236, 81, 191, 187, 95, 164, 60,
