%YAML:1.0
---
descriptors: !!opencv-matrix
   rows: 385
   cols: 32
   dt: u
   data: [ 246, 228, 166, 158, 221, 79, 254, 232, 31, 182, 227, 27, 206,
       254, 31, 73, 249, 205, 251, 227, 104, 247, 217, 254, 191, 254,
       207, 31, 209, 127, 119, 194, 204, 180, 188, 113, 168, 46, 125, 31,
       251, 187, 183, 16, 223, 55, 200, 91, 135, 215, 125, 24, 184, 109,
       227, 66, 207, 251, 119, 213, 194, 224, 199, 51, 220, 176, 189,
       240, 168, 108, 89, 31, 187, 255, 151, 56, 223, 191, 72, 123, 167,
       151, 253, 17, 187, 77, 243, 128, 219, 219, 127, 222, 130, 192,
       135, 115, 200, 188, 188, 115, 169, 253, 124, 159, 251, 59, 182,
       24, 190, 191, 64, 59, 135, 87, 253, 16, 178, 109, 251, 243, 207,
       219, 119, 255, 194, 80, 135, 27, 226, 172, 214, 255, 252, 43, 236,
       207, 63, 179, 250, 18, 109, 234, 52, 88, 255, 239, 127, 128, 48,
       223, 203, 255, 30, 254, 223, 196, 149, 248, 227, 136, 130, 172,
       246, 223, 254, 43, 252, 255, 191, 179, 254, 146, 237, 238, 180,
       107, 127, 239, 127, 137, 178, 255, 143, 255, 190, 254, 223, 164,
       247, 248, 243, 141, 199, 173, 254, 223, 238, 59, 252, 255, 63,
       243, 254, 155, 252, 255, 190, 105, 255, 239, 127, 157, 242, 255,
       239, 247, 254, 63, 255, 236, 151, 252, 241, 217, 139, 188, 246,
       255, 252, 187, 252, 255, 255, 251, 254, 179, 253, 254, 246, 107,
       239, 255, 255, 133, 182, 255, 239, 243, 254, 255, 255, 226, 199,
       252, 161, 221, 44, 176, 189, 99, 173, 111, 81, 152, 99, 191, 45,
       24, 223, 125, 72, 58, 153, 20, 237, 58, 26, 96, 249, 16, 207, 219,
       65, 117, 210, 235, 70, 98, 84, 93, 93, 231, 184, 110, 87, 184, 32,
       234, 191, 72, 215, 119, 9, 115, 22, 212, 125, 106, 105, 144, 249,
       44, 237, 239, 101, 148, 32, 243, 4, 33, 236, 112, 189, 103, 40,
       78, 87, 152, 105, 170, 183, 8, 215, 87, 73, 59, 148, 212, 124,
       106, 73, 244, 249, 8, 231, 219, 101, 52, 64, 179, 70, 115, 120,
       172, 191, 112, 25, 236, 81, 71, 251, 23, 172, 24, 54, 151, 64, 58,
       129, 50, 104, 16, 18, 79, 178, 23, 219, 223, 16, 123, 194, 0, 198,
       106, 72, 48, 31, 242, 40, 204, 113, 16, 172, 89, 38, 56, 159, 151,
       64, 123, 130, 53, 124, 8, 3, 77, 179, 65, 209, 241, 112, 88, 0,
       128, 7, 115, 73, 16, 157, 117, 40, 78, 97, 49, 228, 217, 166, 72,
       247, 55, 0, 123, 6, 244, 124, 8, 9, 220, 243, 8, 197, 235, 112, 0,
       32, 160, 7, 59, 236, 229, 188, 122, 141, 77, 87, 200, 211, 183,
       173, 24, 82, 241, 73, 27, 153, 210, 233, 114, 106, 103, 250, 49,
       251, 195, 69, 125, 208, 123, 198, 34, 240, 184, 247, 114, 171,
       253, 80, 87, 251, 123, 180, 56, 59, 189, 198, 63, 175, 246, 236,
       16, 191, 111, 178, 49, 219, 218, 116, 251, 235, 192, 198, 127,
       217, 190, 220, 176, 168, 172, 88, 151, 179, 95, 180, 185, 63, 183,
       66, 27, 167, 179, 253, 20, 62, 79, 162, 51, 219, 203, 116, 249,
       162, 196, 142, 91, 212, 100, 221, 117, 136, 110, 69, 184, 178,
       178, 163, 88, 215, 119, 73, 123, 1, 212, 108, 42, 41, 197, 251, 0,
       201, 162, 101, 20, 160, 241, 6, 48, 252, 44, 220, 114, 136, 45,
       85, 223, 179, 183, 164, 25, 23, 227, 67, 27, 1, 215, 237, 16, 58,
       79, 202, 48, 219, 195, 117, 125, 226, 240, 142, 10, 77, 175, 208,
       67, 176, 184, 103, 190, 118, 161, 110, 196, 235, 98, 218, 244, 19,
       78, 164, 30, 219, 80, 239, 51, 236, 207, 37, 100, 170, 215, 200,
       45, 253, 221, 85, 78, 185, 29, 70, 188, 233, 40, 172, 108, 123,
       115, 141, 247, 20, 214, 236, 106, 235, 32, 123, 63, 187, 249, 37,
       126, 122, 187, 200, 61, 117, 69, 93, 101, 18, 78, 71, 56, 100,
       160, 171, 72, 83, 49, 9, 115, 50, 212, 104, 106, 73, 176, 89, 12,
       253, 170, 37, 20, 96, 179, 64, 32, 236, 69, 125, 103, 160, 74, 71,
       188, 121, 162, 47, 8, 215, 119, 9, 115, 18, 212, 124, 106, 104,
       240, 89, 44, 229, 235, 101, 20, 96, 243, 68, 32, 28, 61, 159, 103,
       145, 110, 71, 248, 116, 162, 238, 0, 83, 115, 9, 112, 121, 222,
       72, 234, 104, 208, 57, 46, 233, 239, 133, 4, 160, 115, 100, 34,
       79, 241, 237, 71, 186, 30, 191, 185, 42, 244, 31, 132, 221, 126,
       223, 34, 23, 85, 253, 127, 197, 208, 253, 72, 111, 95, 109, 148,
       166, 183, 1, 113, 69, 87, 157, 71, 160, 46, 102, 184, 120, 170,
       43, 68, 222, 114, 201, 114, 149, 68, 108, 110, 161, 240, 217, 106,
       236, 190, 103, 4, 200, 115, 67, 33, 197, 245, 157, 71, 161, 14,
       119, 184, 122, 250, 43, 76, 222, 113, 73, 50, 145, 68, 120, 122,
       225, 240, 217, 10, 173, 191, 69, 86, 200, 115, 67, 3, 208, 168,
       191, 114, 200, 229, 233, 199, 178, 147, 228, 26, 48, 247, 96, 59,
       169, 191, 115, 152, 50, 95, 186, 115, 93, 171, 255, 105, 193, 64,
       167, 170, 209, 173, 158, 62, 168, 236, 85, 183, 243, 91, 174, 29,
       119, 243, 2, 83, 161, 231, 108, 12, 60, 111, 154, 39, 251, 235,
       116, 88, 232, 64, 203, 74, 208, 142, 189, 245, 172, 107, 205, 191,
       248, 190, 178, 56, 247, 105, 144, 43, 135, 119, 108, 43, 184, 237,
       233, 46, 233, 171, 117, 20, 192, 248, 135, 41, 246, 190, 188, 222,
       169, 112, 93, 174, 187, 191, 164, 184, 110, 247, 78, 31, 133, 246,
       237, 0, 58, 79, 186, 179, 155, 243, 85, 191, 162, 245, 134, 111,
       77, 247, 220, 71, 36, 31, 98, 184, 122, 240, 127, 108, 215, 56,
       223, 167, 23, 76, 116, 111, 229, 240, 221, 14, 46, 111, 101, 68,
       110, 187, 88, 21, 68, 48, 185, 101, 32, 94, 51, 24, 104, 232, 38,
       72, 214, 23, 73, 50, 144, 85, 76, 98, 129, 240, 241, 8, 199, 153,
       37, 4, 64, 35, 7, 35, 212, 101, 12, 167, 136, 15, 79, 168, 54,
       162, 135, 141, 215, 103, 89, 19, 28, 253, 121, 239, 104, 195, 219,
       62, 253, 131, 207, 60, 40, 115, 27, 178, 36, 215, 253, 75, 152,
       79, 71, 184, 86, 116, 171, 68, 211, 101, 137, 112, 85, 220, 44,
       122, 235, 240, 121, 63, 237, 134, 37, 116, 112, 251, 196, 112, 68,
       103, 132, 131, 210, 42, 38, 136, 50, 183, 139, 246, 197, 98, 203,
       223, 115, 196, 104, 242, 48, 208, 205, 98, 188, 38, 231, 197, 160,
       243, 175, 1, 116, 109, 158, 166, 137, 95, 150, 200, 146, 186, 168,
       13, 102, 248, 67, 154, 217, 229, 232, 99, 108, 99, 217, 42, 185,
       199, 69, 63, 193, 123, 158, 6, 44, 117, 113, 111, 189, 95, 87,
       184, 95, 170, 61, 40, 223, 125, 137, 52, 158, 92, 206, 98, 232,
       176, 105, 158, 239, 223, 37, 55, 82, 255, 70, 179, 76, 116, 121,
       103, 114, 11, 63, 184, 57, 236, 127, 169, 223, 119, 203, 16, 151,
       93, 237, 110, 96, 208, 233, 74, 230, 223, 37, 132, 98, 247, 7,
       241, 52, 197, 19, 142, 89, 199, 134, 232, 156, 12, 233, 8, 70,
       240, 45, 208, 216, 237, 74, 99, 108, 163, 26, 127, 177, 54, 7, 31,
       80, 59, 102, 130, 129, 174, 143, 153, 236, 169, 105, 151, 246, 19,
       98, 212, 181, 162, 240, 75, 99, 42, 106, 28, 51, 124, 135, 51,
       204, 130, 118, 72, 152, 192, 193, 136, 145, 142, 159, 127, 176,
       174, 109, 151, 118, 11, 114, 84, 243, 99, 144, 120, 49, 110, 44,
       28, 187, 252, 45, 63, 204, 171, 116, 192, 232, 208, 224, 41, 98,
       237, 144, 190, 217, 205, 22, 174, 155, 20, 168, 9, 166, 242, 32,
       148, 137, 115, 234, 64, 78, 42, 218, 63, 161, 214, 21, 59, 80, 28,
       143, 30, 129, 138, 157, 127, 160, 174, 109, 159, 118, 59, 114, 84,
       247, 227, 240, 105, 51, 110, 38, 28, 179, 220, 47, 49, 204, 170,
       119, 192, 152, 208, 225, 169, 232, 188, 148, 251, 173, 173, 84,
       159, 191, 187, 176, 24, 238, 249, 92, 91, 129, 243, 127, 16, 58,
       110, 218, 179, 143, 219, 87, 122, 210, 72, 211, 3, 200, 188, 188,
       114, 169, 253, 93, 151, 235, 59, 180, 24, 190, 255, 64, 59, 133,
       115, 253, 16, 178, 109, 250, 241, 219, 219, 85, 123, 194, 64, 135,
       59, 232, 181, 188, 254, 157, 221, 84, 175, 219, 55, 172, 24, 190,
       253, 74, 50, 201, 146, 233, 16, 122, 111, 243, 179, 235, 223, 20,
       123, 210, 88, 198, 74, 226, 172, 214, 255, 237, 175, 236, 207,
       191, 187, 242, 16, 238, 234, 52, 91, 219, 239, 127, 128, 58, 255,
