%YAML:1.0
---
descriptors: !!opencv-matrix
   rows: 229
   cols: 32
   dt: u
   data: [ 232, 180, 188, 122, 141, 125, 81, 157, 83, 63, 165, 24, 255,
       125, 72, 58, 153, 146, 233, 16, 58, 110, 251, 19, 207, 223, 85,
       125, 210, 74, 198, 106, 236, 176, 189, 105, 141, 109, 81, 153, 91,
       63, 165, 24, 215, 125, 72, 59, 153, 146, 121, 56, 58, 102, 251,
       17, 207, 219, 85, 125, 210, 74, 198, 98, 69, 85, 61, 103, 32, 78,
       103, 184, 104, 232, 127, 72, 222, 55, 137, 115, 148, 84, 124, 106,
       193, 240, 185, 12, 231, 249, 97, 4, 72, 179, 67, 49, 84, 141, 93,
       103, 150, 15, 71, 172, 100, 36, 175, 8, 243, 113, 8, 112, 50, 214,
       72, 106, 40, 176, 121, 63, 233, 175, 37, 84, 112, 251, 196, 40,
       192, 172, 157, 251, 136, 237, 37, 143, 190, 59, 32, 24, 182, 179,
       64, 59, 129, 82, 106, 24, 50, 76, 251, 51, 205, 130, 118, 120,
       144, 64, 135, 42, 224, 140, 157, 254, 201, 236, 17, 135, 154, 23,
       160, 24, 182, 247, 65, 91, 193, 115, 106, 16, 50, 79, 218, 51,
       221, 178, 84, 59, 144, 72, 7, 42, 85, 69, 125, 103, 18, 78, 111,
       184, 96, 160, 43, 64, 83, 115, 25, 115, 50, 212, 124, 106, 201,
       176, 93, 44, 231, 170, 37, 20, 104, 179, 64, 32, 252, 102, 149,
       102, 169, 106, 86, 136, 115, 178, 161, 88, 207, 99, 73, 187, 147,
       212, 236, 58, 44, 103, 203, 34, 219, 211, 101, 61, 226, 243, 78,
       0, 208, 111, 94, 228, 8, 14, 95, 42, 160, 164, 166, 137, 215, 39,
       67, 83, 36, 245, 109, 234, 104, 79, 193, 12, 251, 227, 101, 61,
       32, 176, 38, 106, 236, 101, 153, 103, 173, 75, 87, 173, 83, 166,
       164, 24, 211, 113, 73, 19, 145, 212, 104, 114, 104, 118, 233, 42,
       239, 211, 69, 53, 66, 123, 198, 34, 236, 228, 61, 103, 181, 79,
       71, 188, 113, 174, 174, 8, 211, 113, 25, 49, 153, 86, 76, 106,
       104, 244, 249, 14, 231, 219, 101, 53, 66, 250, 214, 34, 120, 172,
       156, 50, 137, 233, 80, 207, 179, 183, 160, 25, 39, 251, 74, 155,
       129, 215, 237, 16, 62, 75, 218, 49, 219, 211, 85, 123, 224, 68,
       142, 10, 213, 52, 157, 118, 168, 110, 87, 24, 114, 250, 167, 56,
       215, 119, 72, 59, 145, 84, 108, 58, 57, 101, 251, 10, 201, 251,
       101, 52, 200, 113, 7, 51, 84, 93, 29, 231, 48, 78, 111, 188, 52,
       168, 222, 96, 247, 119, 129, 114, 22, 116, 125, 106, 105, 144,
       105, 46, 237, 239, 37, 144, 32, 179, 5, 57, 237, 112, 189, 103,
       32, 78, 103, 152, 104, 234, 39, 8, 215, 87, 73, 59, 148, 84, 124,
       106, 233, 244, 249, 8, 231, 219, 101, 52, 64, 243, 70, 115, 109,
       112, 189, 101, 37, 111, 115, 24, 106, 234, 39, 8, 214, 85, 73, 58,
       145, 84, 120, 122, 129, 244, 249, 8, 207, 217, 69, 52, 192, 123,
       71, 115, 69, 85, 61, 103, 48, 78, 103, 184, 40, 168, 111, 72, 215,
       119, 137, 115, 22, 212, 124, 106, 105, 144, 249, 12, 229, 255, 33,
       4, 0, 179, 70, 113, 112, 161, 248, 101, 48, 15, 83, 57, 98, 160,
       174, 8, 215, 49, 64, 18, 144, 196, 108, 40, 72, 120, 209, 12, 239,
       237, 37, 52, 96, 162, 66, 42, 232, 255, 156, 58, 249, 137, 20,
       175, 155, 63, 44, 57, 174, 179, 66, 145, 129, 123, 232, 80, 122,
       106, 202, 55, 239, 215, 85, 123, 210, 89, 143, 139, 104, 175, 156,
       122, 249, 173, 20, 175, 187, 63, 172, 25, 174, 51, 74, 18, 129,
       26, 237, 16, 114, 108, 202, 51, 239, 215, 84, 127, 210, 80, 206,
       11, 124, 253, 245, 82, 169, 237, 71, 188, 179, 191, 173, 24, 83,
       247, 201, 31, 17, 214, 108, 90, 58, 99, 250, 49, 251, 203, 101,
       124, 226, 243, 198, 35, 109, 112, 113, 71, 48, 15, 107, 56, 105,
       168, 55, 104, 219, 87, 205, 48, 22, 92, 84, 106, 129, 240, 233,
       12, 79, 221, 33, 180, 98, 163, 70, 161, 124, 101, 200, 103, 136,
       106, 71, 136, 33, 166, 175, 137, 67, 99, 75, 90, 113, 196, 105,
       234, 40, 82, 217, 42, 241, 231, 69, 21, 162, 243, 102, 34, 101,
       166, 149, 83, 172, 45, 69, 141, 251, 187, 161, 88, 214, 240, 76,
       31, 145, 86, 110, 24, 58, 102, 203, 16, 141, 154, 85, 126, 208,
       88, 194, 33, 85, 77, 93, 103, 148, 78, 71, 184, 116, 160, 234, 64,
       83, 113, 25, 112, 48, 196, 72, 106, 105, 176, 25, 46, 241, 174,
       37, 16, 105, 243, 224, 32, 252, 76, 220, 118, 40, 74, 87, 184,
       177, 178, 167, 24, 215, 99, 9, 91, 3, 212, 108, 106, 104, 69, 203,
       42, 243, 235, 101, 21, 98, 243, 206, 34, 252, 205, 158, 118, 137,
       110, 87, 174, 180, 178, 174, 24, 115, 115, 9, 83, 97, 214, 104,
       98, 104, 201, 217, 44, 249, 227, 69, 21, 160, 112, 228, 42, 192,
       172, 157, 251, 136, 237, 17, 134, 190, 23, 32, 24, 182, 243, 64,
       75, 129, 123, 106, 24, 50, 76, 250, 51, 205, 131, 86, 120, 144,
       88, 135, 170, 212, 78, 156, 245, 168, 47, 85, 191, 150, 186, 162,
       92, 215, 115, 65, 11, 5, 70, 108, 42, 104, 101, 203, 34, 201, 203,
       117, 20, 232, 249, 129, 3, 81, 128, 189, 122, 136, 173, 80, 143,
       238, 51, 160, 24, 246, 250, 72, 123, 129, 19, 104, 16, 30, 109,
       219, 49, 217, 154, 84, 124, 208, 64, 131, 42, 36, 241, 61, 99, 16,
       15, 71, 184, 86, 176, 43, 76, 211, 5, 73, 112, 21, 92, 104, 110,
       75, 176, 121, 31, 237, 158, 5, 52, 88, 187, 64, 48, 100, 119, 17,
       103, 240, 79, 102, 184, 121, 168, 235, 72, 210, 111, 13, 18, 156,
       220, 100, 98, 201, 240, 217, 46, 165, 182, 5, 52, 73, 115, 66,
       176, 108, 164, 189, 122, 153, 237, 85, 206, 242, 151, 164, 8, 242,
       245, 73, 59, 153, 242, 232, 16, 58, 99, 250, 49, 251, 215, 85,
       121, 210, 120, 198, 34, 124, 50, 152, 96, 232, 45, 81, 147, 163,
       189, 164, 13, 151, 147, 65, 26, 133, 148, 77, 16, 26, 106, 218, 0,
       219, 213, 53, 124, 200, 192, 198, 51, 20, 85, 115, 69, 114, 74,
       111, 56, 44, 224, 123, 162, 89, 23, 157, 48, 54, 221, 87, 234, 65,
       144, 37, 76, 117, 172, 33, 132, 101, 179, 103, 176, 248, 172, 191,
       126, 137, 237, 85, 239, 178, 151, 172, 24, 119, 247, 64, 27, 129,
       246, 237, 0, 58, 111, 250, 51, 219, 227, 117, 121, 224, 112, 198,
       42, 240, 164, 157, 250, 136, 237, 81, 223, 178, 55, 164, 24, 183,
       247, 72, 27, 129, 146, 109, 16, 58, 79, 250, 51, 217, 195, 117,
       125, 176, 64, 134, 106, 168, 172, 189, 120, 205, 233, 209, 207,
       222, 55, 228, 24, 162, 253, 96, 27, 201, 26, 234, 16, 58, 111,
       122, 51, 219, 211, 81, 123, 208, 72, 214, 234, 60, 33, 121, 97,
       53, 95, 91, 48, 105, 44, 125, 8, 27, 31, 149, 176, 24, 156, 213,
       106, 136, 176, 224, 140, 227, 253, 32, 177, 99, 143, 70, 227, 217,
       185, 151, 100, 59, 76, 23, 53, 232, 200, 164, 8, 191, 179, 0, 243,
       162, 245, 220, 96, 105, 107, 176, 9, 241, 249, 66, 26, 74, 32,
       131, 59, 252, 48, 191, 244, 175, 104, 81, 67, 163, 91, 181, 56,
       31, 191, 65, 59, 171, 151, 253, 1, 25, 103, 162, 128, 211, 243,
       88, 59, 226, 96, 135, 35, 221, 23, 109, 101, 176, 42, 79, 57, 116,
       234, 215, 244, 211, 39, 145, 115, 22, 196, 92, 238, 249, 212, 125,
       14, 228, 235, 229, 132, 46, 243, 64, 113, 85, 22, 221, 101, 162,
       42, 111, 50, 116, 251, 247, 244, 211, 35, 129, 123, 55, 68, 108,
       174, 185, 212, 109, 12, 204, 171, 99, 132, 168, 241, 33, 49, 93,
       84, 157, 228, 128, 46, 69, 184, 53, 170, 235, 68, 215, 115, 9,
       123, 21, 212, 124, 106, 233, 212, 89, 8, 211, 235, 101, 20, 42,
       243, 64, 49, 45, 245, 81, 67, 116, 31, 231, 188, 86, 232, 124,
       108, 243, 80, 217, 164, 29, 8, 22, 110, 231, 176, 125, 63, 44,
       142, 37, 100, 122, 155, 66, 181, 69, 52, 149, 71, 129, 126, 102,
       184, 120, 162, 43, 72, 214, 115, 73, 254, 145, 84, 104, 106, 33,
       240, 249, 42, 173, 190, 69, 20, 200, 115, 66, 32, 120, 176, 59,
       112, 91, 237, 17, 83, 235, 29, 36, 24, 30, 149, 64, 56, 161, 26,
       76, 16, 19, 43, 178, 17, 211, 221, 16, 123, 194, 0, 71, 99, 242,
       174, 238, 80, 168, 185, 88, 199, 163, 159, 180, 184, 35, 171, 196,
       155, 9, 242, 237, 152, 58, 111, 194, 113, 218, 219, 245, 249, 195,
       192, 238, 14, 124, 49, 185, 103, 169, 94, 83, 152, 107, 168, 191,
