%YAML:1.0
---
descriptors: !!opencv-matrix
   rows: 177
   cols: 32
   dt: u
   data: [ 253, 93, 125, 101, 176, 78, 111, 185, 96, 232, 62, 76, 211,
       119, 145, 51, 54, 212, 92, 106, 233, 176, 249, 12, 229, 233, 101,
       148, 104, 242, 66, 49, 149, 151, 59, 239, 180, 15, 79, 191, 52,
       234, 126, 116, 247, 119, 137, 112, 87, 222, 29, 174, 249, 180,
       121, 63, 235, 239, 39, 132, 40, 242, 128, 113, 93, 95, 121, 229,
       180, 14, 79, 188, 100, 234, 254, 108, 247, 119, 137, 112, 86, 214,
       124, 110, 233, 144, 121, 14, 227, 239, 37, 148, 104, 242, 192, 57,
       149, 173, 251, 255, 180, 175, 111, 190, 118, 235, 255, 84, 247,
       99, 153, 96, 119, 238, 29, 190, 251, 176, 233, 63, 236, 239, 39,
       196, 172, 251, 129, 177, 44, 112, 189, 97, 45, 125, 83, 152, 75,
       255, 165, 24, 223, 93, 75, 59, 149, 81, 253, 58, 35, 100, 251, 16,
       207, 219, 65, 125, 194, 235, 70, 115, 236, 176, 189, 114, 173,
       125, 81, 152, 123, 127, 37, 24, 222, 253, 72, 59, 153, 18, 253,
       24, 59, 102, 251, 145, 207, 219, 81, 127, 210, 75, 70, 114, 253,
       244, 189, 247, 173, 127, 87, 184, 127, 255, 191, 24, 219, 125, 93,
       59, 221, 215, 125, 42, 184, 118, 251, 178, 239, 251, 101, 180,
       194, 251, 198, 115, 252, 189, 220, 118, 170, 45, 85, 255, 179,
       190, 164, 185, 115, 247, 72, 27, 7, 214, 109, 42, 120, 79, 250,
       42, 251, 203, 117, 61, 226, 240, 198, 59, 213, 34, 149, 181, 169,
       60, 72, 146, 235, 187, 147, 116, 206, 226, 201, 255, 135, 71, 108,
       28, 149, 69, 139, 224, 136, 250, 119, 254, 138, 113, 139, 5, 69,
       71, 152, 39, 176, 58, 110, 152, 120, 174, 123, 100, 207, 98, 203,
       218, 151, 69, 108, 126, 148, 240, 201, 74, 172, 255, 103, 4, 128,
       243, 75, 5, 21, 225, 19, 99, 21, 79, 71, 232, 118, 160, 235, 0,
       83, 81, 57, 112, 17, 204, 32, 106, 73, 176, 25, 31, 233, 142, 5,
       52, 112, 187, 80, 32, 69, 231, 144, 3, 148, 30, 102, 188, 106,
       185, 43, 76, 214, 112, 218, 146, 149, 70, 108, 126, 215, 240, 217,
       36, 173, 188, 37, 102, 200, 19, 203, 5, 220, 144, 188, 247, 172,
       108, 89, 154, 175, 187, 183, 56, 223, 247, 72, 91, 135, 215, 125,
       24, 184, 69, 251, 0, 203, 251, 119, 220, 160, 233, 131, 51, 216,
       180, 188, 240, 169, 237, 89, 223, 175, 91, 180, 24, 191, 191, 72,
       59, 133, 147, 125, 24, 187, 79, 242, 17, 219, 219, 116, 251, 194,
       192, 134, 123, 248, 184, 190, 120, 169, 253, 89, 215, 235, 123,
       180, 24, 191, 255, 66, 123, 133, 179, 253, 16, 59, 111, 242, 179,
       219, 251, 116, 123, 194, 72, 199, 123, 204, 92, 61, 247, 32, 78,
       127, 188, 60, 250, 247, 24, 247, 23, 129, 123, 166, 213, 125, 106,
       105, 212, 249, 42, 199, 251, 99, 148, 40, 179, 1, 123, 209, 209,
       31, 231, 52, 78, 127, 61, 60, 232, 215, 48, 215, 87, 128, 115, 86,
       213, 125, 106, 105, 212, 121, 12, 229, 233, 103, 148, 32, 178,
       129, 123, 77, 116, 151, 71, 229, 110, 55, 160, 121, 234, 42, 8,
       222, 49, 9, 191, 178, 84, 104, 106, 97, 244, 177, 10, 165, 186,
       69, 2, 74, 115, 67, 51, 101, 117, 17, 101, 81, 78, 98, 8, 96, 224,
       107, 8, 211, 16, 9, 48, 144, 92, 80, 106, 73, 176, 217, 12, 37,
       188, 1, 4, 72, 179, 74, 160, 69, 113, 17, 69, 65, 14, 119, 184,
       104, 224, 106, 76, 222, 49, 1, 50, 144, 68, 72, 106, 193, 176,
       217, 8, 101, 184, 5, 6, 72, 115, 67, 34, 120, 168, 254, 112, 138,
       233, 81, 83, 162, 23, 164, 56, 55, 183, 64, 26, 3, 178, 109, 16,
       26, 79, 162, 33, 219, 195, 112, 121, 224, 192, 70, 43, 89, 148,
       121, 237, 180, 14, 79, 63, 52, 234, 254, 100, 215, 119, 136, 112,
       55, 214, 29, 42, 249, 152, 121, 31, 233, 239, 37, 132, 40, 242,
       64, 57, 121, 29, 125, 101, 176, 14, 71, 189, 96, 232, 254, 76,
       247, 55, 129, 114, 54, 214, 92, 106, 233, 176, 121, 14, 227, 239,
       37, 148, 104, 242, 66, 57, 21, 172, 187, 255, 180, 47, 111, 184,
       54, 171, 118, 64, 247, 243, 153, 96, 119, 127, 63, 186, 187, 240,
       233, 63, 236, 239, 191, 132, 164, 249, 33, 161, 236, 120, 189, 97,
       173, 111, 83, 152, 75, 255, 181, 24, 223, 29, 73, 59, 145, 212,
       124, 122, 171, 100, 249, 16, 207, 219, 101, 124, 194, 251, 70,
       115, 253, 120, 189, 97, 40, 78, 87, 152, 99, 250, 182, 12, 215,
       87, 73, 59, 148, 212, 124, 122, 169, 102, 249, 0, 215, 217, 101,
       52, 234, 179, 66, 115, 236, 176, 189, 97, 173, 125, 81, 152, 127,
       123, 165, 24, 223, 125, 72, 59, 153, 18, 253, 50, 59, 102, 251,
       145, 207, 219, 65, 127, 210, 73, 198, 242, 232, 180, 189, 250,
       173, 253, 81, 13, 223, 123, 165, 24, 222, 253, 74, 59, 129, 147,
       249, 16, 59, 110, 251, 147, 207, 219, 80, 127, 218, 74, 198, 114,
       104, 189, 181, 248, 157, 253, 85, 103, 223, 91, 172, 24, 190, 191,
       100, 52, 201, 178, 251, 16, 59, 107, 242, 183, 235, 255, 214, 123,
       210, 72, 214, 122, 252, 252, 220, 118, 171, 45, 85, 255, 163, 190,
       164, 185, 127, 247, 75, 27, 7, 246, 237, 10, 120, 79, 218, 34,
       251, 195, 117, 61, 226, 241, 198, 59, 96, 181, 17, 99, 253, 77,
       68, 173, 123, 57, 41, 88, 206, 121, 76, 180, 145, 30, 108, 48,
       123, 112, 217, 151, 175, 222, 21, 118, 218, 10, 194, 34, 101, 241,
       148, 7, 29, 79, 70, 184, 74, 240, 35, 12, 214, 120, 89, 162, 145,
       68, 120, 107, 65, 96, 219, 29, 45, 30, 69, 54, 72, 59, 67, 18, 69,
       227, 144, 35, 180, 14, 102, 184, 106, 172, 59, 76, 198, 96, 219,
       144, 149, 76, 108, 126, 212, 240, 205, 2, 172, 188, 37, 68, 192,
       179, 203, 5, 141, 119, 49, 71, 112, 15, 63, 184, 61, 232, 127, 96,
       222, 119, 141, 52, 148, 93, 87, 106, 225, 176, 105, 110, 103, 252,
       37, 134, 74, 179, 3, 177, 220, 80, 158, 245, 44, 14, 93, 152, 174,
       186, 183, 48, 223, 119, 9, 91, 231, 85, 125, 42, 40, 197, 203, 0,
       203, 251, 111, 148, 160, 241, 1, 3, 92, 176, 188, 244, 168, 108,
       89, 27, 171, 187, 183, 24, 159, 247, 72, 91, 135, 215, 125, 24,
       154, 69, 251, 16, 219, 251, 119, 252, 130, 192, 131, 51, 248, 188,
       188, 248, 173, 253, 81, 223, 251, 59, 180, 24, 191, 253, 64, 59,
       137, 179, 253, 24, 186, 111, 242, 179, 219, 219, 85, 123, 210, 72,
       194, 43, 250, 188, 180, 248, 173, 189, 220, 223, 255, 59, 188, 24,
       186, 255, 84, 122, 201, 251, 127, 25, 186, 111, 243, 247, 251,
       219, 215, 122, 210, 204, 242, 10, 204, 84, 63, 247, 32, 78, 127,
       188, 60, 186, 247, 120, 247, 87, 137, 123, 150, 213, 125, 106,
       105, 212, 249, 46, 231, 251, 99, 144, 32, 179, 5, 51, 77, 52, 149,
       71, 229, 126, 54, 184, 121, 202, 111, 8, 222, 112, 13, 190, 179,
       68, 112, 42, 161, 240, 185, 10, 39, 255, 69, 2, 202, 114, 67, 51,
       212, 228, 189, 114, 137, 109, 7, 143, 242, 179, 161, 24, 215, 55,
       72, 59, 129, 86, 104, 18, 43, 101, 251, 34, 201, 194, 85, 125,
       192, 113, 198, 34, 92, 168, 253, 112, 138, 233, 81, 255, 178, 183,
       164, 56, 31, 167, 64, 18, 39, 215, 109, 24, 50, 73, 170, 48, 219,
       195, 117, 125, 226, 192, 134, 106, 69, 245, 157, 99, 180, 111,
       103, 152, 114, 251, 47, 72, 215, 113, 201, 42, 17, 92, 120, 122,
       145, 240, 249, 34, 237, 143, 101, 116, 200, 251, 195, 33, 37, 117,
       16, 71, 85, 30, 102, 56, 96, 224, 107, 76, 210, 16, 25, 176, 144,
       76, 64, 110, 197, 176, 217, 14, 37, 188, 1, 6, 72, 51, 74, 134,
       69, 117, 17, 69, 85, 30, 102, 56, 104, 160, 106, 76, 214, 48, 29,
       180, 144, 68, 64, 110, 193, 176, 209, 12, 37, 188, 5, 4, 72, 51,
       67, 32, 109, 117, 184, 71, 245, 95, 118, 184, 123, 234, 47, 8,
       222, 112, 77, 180, 145, 76, 112, 106, 229, 240, 249, 46, 47, 223,
       5, 38, 74, 115, 75, 134, 248, 188, 220, 50, 168, 173, 84, 223,
       179, 187, 160, 29, 63, 243, 66, 155, 129, 163, 237, 20, 62, 79,
       218, 51, 218, 195, 117, 121, 234, 192, 138, 27, 120, 42, 222, 112,
       138, 233, 81, 83, 162, 23, 164, 57, 55, 167, 66, 27, 39, 179, 237,
       16, 26, 79, 130, 17, 219, 195, 112, 121, 224, 192, 134, 35, 208,
