%YAML:1.0
---
descriptors: !!opencv-matrix
   rows: 151
   cols: 32
   dt: u
   data: [ 108, 113, 189, 101, 33, 79, 119, 56, 104, 172, 47, 8, 214, 49,
       9, 51, 144, 84, 104, 106, 73, 240, 241, 8, 229, 249, 69, 20, 74,
       51, 71, 34, 252, 112, 253, 226, 169, 79, 95, 152, 35, 242, 181,
       12, 223, 87, 75, 59, 95, 213, 253, 250, 105, 71, 249, 48, 251,
       217, 229, 61, 250, 243, 6, 114, 248, 178, 253, 112, 169, 253, 81,
       87, 227, 127, 180, 56, 31, 151, 196, 63, 135, 151, 204, 16, 155,
       79, 242, 17, 219, 217, 113, 255, 226, 128, 198, 123, 54, 229, 94,
       239, 255, 74, 255, 232, 63, 160, 251, 2, 223, 254, 29, 80, 250,
       221, 127, 227, 104, 243, 217, 254, 189, 254, 143, 149, 101, 123,
       119, 130, 54, 109, 82, 175, 254, 11, 238, 232, 191, 162, 251, 6,
       205, 234, 63, 80, 122, 205, 127, 227, 96, 243, 201, 254, 188, 254,
       143, 180, 61, 123, 123, 128, 246, 22, 158, 158, 43, 96, 17, 200,
       187, 87, 165, 189, 70, 230, 111, 95, 239, 215, 237, 2, 46, 71,
       234, 195, 210, 50, 91, 191, 144, 119, 38, 87, 54, 101, 82, 239,
       252, 11, 238, 248, 63, 162, 251, 66, 205, 234, 29, 128, 250, 205,
       127, 227, 233, 243, 205, 254, 182, 254, 143, 188, 109, 251, 123,
       129, 205, 188, 189, 115, 173, 252, 117, 183, 250, 251, 182, 24,
       254, 255, 73, 123, 133, 118, 124, 24, 243, 109, 251, 99, 239, 255,
       117, 120, 194, 248, 199, 43, 156, 100, 127, 251, 36, 11, 107, 248,
       52, 50, 247, 210, 215, 71, 153, 81, 126, 221, 95, 234, 233, 244,
       105, 30, 196, 171, 227, 132, 100, 185, 96, 161, 197, 20, 255, 245,
       172, 46, 125, 27, 189, 187, 247, 112, 223, 55, 137, 123, 103, 23,
       125, 40, 177, 212, 99, 72, 199, 251, 114, 148, 130, 248, 129, 49,
       86, 233, 250, 239, 252, 11, 238, 232, 47, 160, 251, 2, 253, 234,
       93, 80, 254, 237, 127, 227, 200, 179, 201, 248, 254, 253, 175,
       140, 37, 187, 96, 0, 180, 233, 91, 239, 54, 139, 239, 248, 54,
       160, 245, 90, 87, 203, 57, 81, 122, 237, 23, 234, 106, 179, 136,
       62, 248, 233, 175, 188, 117, 187, 114, 160, 200, 188, 189, 115,
       168, 108, 125, 151, 254, 59, 182, 16, 223, 55, 64, 123, 135, 86,
       125, 24, 177, 205, 251, 98, 207, 187, 118, 212, 192, 208, 199, 59,
       102, 237, 214, 255, 252, 139, 238, 236, 63, 160, 250, 2, 237, 234,
       93, 80, 255, 239, 127, 227, 72, 115, 203, 253, 190, 254, 207, 136,
       21, 243, 227, 136, 167, 110, 103, 22, 94, 15, 203, 152, 218, 246,
       17, 223, 81, 204, 95, 11, 150, 100, 115, 127, 165, 245, 63, 172,
       41, 10, 205, 180, 205, 189, 83, 244, 236, 113, 253, 103, 172, 79,
       95, 184, 33, 236, 183, 40, 211, 117, 219, 51, 28, 212, 253, 106,
       73, 240, 249, 40, 231, 217, 101, 181, 74, 251, 70, 115, 252, 112,
       253, 227, 169, 95, 87, 152, 35, 246, 181, 40, 223, 95, 75, 59,
       219, 213, 253, 242, 105, 70, 249, 24, 255, 219, 229, 61, 234, 243,
       70, 115, 239, 180, 140, 162, 253, 54, 78, 173, 91, 243, 129, 157,
       78, 108, 94, 250, 215, 199, 248, 53, 191, 71, 253, 150, 186, 127,
       221, 126, 140, 110, 154, 84, 77, 117, 121, 103, 112, 94, 127, 56,
       105, 224, 111, 8, 223, 21, 139, 48, 22, 92, 80, 106, 193, 176,
       253, 12, 231, 253, 1, 4, 66, 179, 71, 112, 180, 233, 90, 238, 22,
       11, 207, 248, 54, 160, 242, 10, 87, 203, 49, 80, 122, 237, 95,
       227, 104, 179, 201, 62, 248, 237, 175, 188, 117, 187, 115, 128,
       205, 188, 189, 115, 168, 44, 125, 151, 250, 59, 183, 16, 223, 55,
       72, 123, 135, 87, 125, 24, 179, 77, 251, 98, 207, 251, 118, 212,
       192, 208, 195, 59, 124, 56, 223, 116, 170, 104, 69, 18, 162, 190,
       167, 40, 87, 183, 193, 123, 34, 244, 108, 26, 9, 71, 163, 0, 217,
       171, 117, 56, 224, 241, 6, 33, 205, 71, 20, 69, 33, 30, 110, 56,
       125, 170, 111, 72, 207, 50, 157, 247, 148, 68, 108, 110, 225, 240,
       73, 78, 166, 250, 65, 4, 74, 182, 75, 5, 252, 93, 199, 118, 169,
       90, 86, 168, 161, 230, 175, 169, 107, 231, 75, 155, 145, 244, 236,
       98, 109, 67, 234, 170, 178, 243, 101, 191, 98, 255, 78, 82, 118,
       237, 118, 190, 221, 79, 254, 236, 191, 166, 251, 11, 238, 250, 38,
       212, 251, 255, 255, 227, 108, 227, 219, 255, 191, 246, 143, 63,
       119, 126, 255, 134, 54, 229, 119, 175, 221, 79, 255, 232, 63, 164,
       251, 3, 206, 254, 61, 80, 250, 221, 127, 227, 104, 243, 217, 254,
       245, 254, 143, 55, 117, 123, 247, 130, 205, 178, 149, 240, 172,
       44, 32, 159, 250, 249, 146, 120, 222, 184, 201, 191, 135, 87, 124,
       17, 179, 109, 203, 226, 140, 82, 125, 254, 136, 113, 131, 49, 205,
       132, 245, 83, 164, 63, 108, 159, 127, 115, 39, 16, 219, 37, 220,
       239, 23, 78, 40, 28, 182, 252, 237, 82, 79, 95, 85, 116, 194, 253,
       193, 100, 183, 101, 210, 239, 93, 31, 238, 232, 63, 162, 243, 66,
       204, 234, 61, 112, 250, 205, 127, 227, 108, 243, 217, 254, 181,
       254, 143, 180, 125, 123, 123, 132, 54, 125, 82, 239, 95, 31, 238,
       232, 63, 160, 251, 2, 206, 250, 61, 212, 250, 205, 127, 235, 105,
       243, 217, 254, 181, 254, 143, 182, 125, 59, 115, 162, 54, 101, 87,
       239, 95, 79, 254, 232, 63, 160, 251, 2, 221, 254, 61, 84, 250,
       221, 127, 227, 104, 179, 217, 254, 247, 254, 143, 183, 117, 59,
       119, 130, 182, 101, 86, 239, 126, 43, 238, 232, 63, 166, 251, 3,
       205, 234, 61, 81, 123, 205, 127, 231, 40, 243, 201, 254, 182, 254,
       207, 149, 117, 251, 117, 128, 98, 172, 246, 255, 236, 169, 252,
       207, 191, 19, 240, 146, 236, 238, 92, 90, 239, 255, 127, 145, 178,
       123, 203, 243, 190, 254, 223, 254, 149, 216, 227, 137, 230, 164,
       246, 223, 236, 43, 252, 207, 63, 179, 251, 18, 205, 234, 92, 91,
       251, 207, 127, 147, 178, 247, 203, 243, 190, 126, 223, 156, 149,
       248, 243, 129, 109, 113, 49, 101, 49, 31, 119, 56, 105, 172, 55,
       44, 222, 21, 137, 183, 146, 84, 236, 106, 193, 240, 241, 12, 231,
       217, 33, 20, 66, 163, 70, 99, 102, 172, 214, 223, 236, 169, 252,
       207, 191, 179, 242, 18, 236, 234, 92, 91, 239, 255, 127, 145, 50,
       255, 203, 243, 190, 190, 223, 236, 149, 88, 227, 137, 230, 172,
       246, 223, 236, 169, 252, 207, 191, 179, 242, 146, 236, 238, 92,
       91, 239, 255, 127, 145, 178, 255, 203, 243, 190, 190, 223, 252,
       149, 248, 227, 137, 98, 173, 214, 223, 252, 139, 238, 238, 191,
       49, 250, 2, 236, 234, 92, 80, 255, 239, 127, 193, 18, 251, 203,
       255, 190, 190, 223, 216, 149, 250, 227, 137, 220, 188, 189, 243,
       168, 236, 25, 151, 187, 255, 182, 56, 190, 247, 72, 123, 135, 119,
       125, 24, 179, 77, 251, 243, 203, 219, 127, 250, 130, 64, 135, 123,
       148, 20, 125, 245, 36, 47, 125, 59, 52, 186, 247, 112, 215, 119,
       153, 91, 103, 148, 127, 170, 169, 244, 97, 74, 198, 251, 115, 132,
       36, 225, 1, 33, 205, 20, 189, 245, 168, 46, 125, 23, 191, 187,
       182, 112, 223, 55, 128, 123, 135, 87, 125, 24, 177, 205, 243, 66,
       207, 251, 118, 212, 128, 240, 129, 51, 98, 233, 242, 239, 124,
       139, 254, 232, 175, 160, 250, 2, 237, 234, 28, 80, 254, 239, 127,
       227, 200, 187, 203, 253, 190, 252, 143, 136, 21, 186, 227, 137,
       118, 105, 90, 239, 124, 11, 238, 232, 47, 160, 250, 10, 255, 234,
       29, 80, 254, 237, 127, 227, 72, 179, 201, 239, 190, 253, 175, 136,
       21, 187, 99, 136, 252, 112, 189, 227, 169, 79, 87, 152, 179, 254,
       181, 12, 223, 95, 75, 59, 151, 213, 253, 114, 233, 103, 251, 16,
       219, 219, 101, 63, 234, 243, 70, 115, 250, 188, 191, 250, 169,
       237, 17, 223, 155, 95, 165, 24, 190, 255, 106, 59, 133, 179, 253,
       16, 59, 79, 186, 179, 219, 219, 93, 251, 146, 64, 135, 123, 221,
       127, 189, 231, 168, 15, 95, 189, 172, 250, 190, 108, 255, 127,
       201, 115, 214, 247, 125, 110, 201, 67, 251, 40, 251, 251, 111,
       180, 40, 242, 129, 123, 255, 125, 6, 164, 141, 31, 94, 236, 149,
       246, 150, 159, 79, 108, 35, 7, 204, 229, 236, 231, 109, 231, 19,
       142, 240, 211, 205, 23, 107, 124, 184, 86, 208, 168, 149, 112,
