%YAML:1.0
---
descriptors: !!opencv-matrix
   rows: 204
   cols: 32
   dt: u
   data: [ 120, 188, 191, 114, 138, 232, 81, 71, 178, 23, 164, 56, 55,
       247, 64, 59, 35, 178, 108, 16, 58, 111, 162, 35, 219, 195, 116,
       123, 224, 64, 198, 106, 221, 84, 157, 103, 168, 110, 71, 184, 48,
       250, 167, 84, 215, 119, 9, 127, 21, 86, 124, 42, 97, 229, 249, 46,
       161, 255, 101, 20, 10, 243, 195, 49, 77, 117, 17, 71, 113, 78,
       102, 184, 121, 232, 107, 72, 222, 81, 13, 180, 148, 92, 80, 106,
       193, 240, 249, 110, 37, 188, 5, 6, 74, 51, 67, 176, 100, 229, 185,
       122, 217, 77, 87, 168, 115, 181, 173, 24, 210, 117, 72, 58, 153,
       218, 97, 122, 90, 98, 251, 51, 239, 223, 5, 127, 210, 115, 198,
       226, 37, 117, 17, 67, 85, 79, 102, 184, 107, 232, 43, 72, 210, 85,
       77, 180, 144, 92, 82, 106, 65, 240, 249, 28, 45, 156, 5, 52, 74,
       59, 66, 160, 108, 161, 177, 67, 217, 111, 71, 153, 98, 183, 45,
       24, 214, 119, 72, 62, 17, 92, 96, 58, 26, 114, 249, 0, 207, 156,
       5, 116, 194, 99, 198, 162, 13, 213, 25, 71, 176, 30, 111, 189,
       116, 232, 94, 100, 247, 115, 137, 112, 54, 78, 60, 110, 225, 144,
       125, 46, 236, 239, 39, 132, 42, 242, 1, 57, 36, 225, 49, 73, 93,
       77, 67, 168, 66, 52, 45, 8, 210, 85, 77, 52, 153, 88, 64, 106, 74,
       32, 251, 29, 109, 156, 1, 124, 80, 59, 70, 226, 125, 85, 125, 102,
       232, 78, 79, 184, 97, 232, 191, 72, 87, 119, 137, 115, 54, 212,
       124, 106, 201, 33, 249, 44, 243, 233, 101, 20, 96, 243, 70, 49,
       237, 112, 249, 118, 104, 77, 87, 152, 115, 250, 181, 24, 211, 93,
       77, 59, 156, 212, 116, 122, 201, 102, 250, 0, 195, 217, 101, 60,
       65, 179, 70, 243, 232, 181, 188, 250, 173, 221, 85, 47, 223, 63,
       165, 24, 190, 189, 72, 51, 137, 146, 237, 0, 122, 107, 250, 149,
       251, 219, 80, 123, 82, 8, 198, 42, 252, 164, 253, 118, 137, 109,
       85, 255, 179, 190, 172, 24, 83, 247, 73, 27, 9, 214, 237, 42, 120,
       103, 250, 34, 251, 203, 117, 61, 227, 241, 198, 98, 224, 180, 157,
       218, 236, 237, 65, 175, 250, 59, 160, 24, 150, 243, 72, 51, 129,
       146, 106, 16, 51, 107, 218, 119, 253, 146, 85, 124, 216, 72, 199,
       42, 220, 76, 94, 116, 170, 74, 93, 190, 160, 178, 166, 24, 87,
       103, 1, 91, 39, 247, 108, 106, 104, 71, 139, 44, 243, 235, 117,
       29, 96, 240, 142, 42, 84, 205, 89, 103, 20, 79, 103, 184, 118,
       160, 171, 10, 83, 113, 9, 112, 49, 212, 72, 106, 104, 176, 121,
       63, 249, 143, 5, 20, 113, 187, 68, 34, 77, 97, 112, 103, 52, 26,
       122, 40, 105, 160, 107, 9, 207, 89, 29, 176, 178, 76, 125, 111,
       196, 240, 201, 14, 166, 253, 1, 6, 70, 183, 66, 0, 236, 44, 189,
       99, 137, 111, 115, 136, 123, 179, 37, 24, 214, 117, 73, 59, 145,
       84, 104, 50, 49, 116, 249, 34, 207, 211, 65, 119, 194, 99, 71, 34,
       77, 85, 29, 111, 161, 46, 103, 184, 120, 202, 107, 68, 222, 115,
       9, 115, 146, 68, 108, 106, 225, 240, 89, 76, 229, 251, 101, 6, 72,
       115, 67, 33, 197, 116, 157, 103, 161, 110, 119, 152, 120, 234,
       111, 8, 214, 113, 9, 59, 177, 84, 104, 106, 97, 244, 185, 10, 229,
       255, 69, 6, 200, 115, 195, 35, 248, 146, 252, 112, 46, 233, 81,
       23, 194, 63, 52, 56, 19, 17, 64, 59, 11, 146, 108, 24, 58, 109,
       98, 19, 219, 201, 113, 121, 241, 200, 198, 43, 77, 85, 21, 101,
       49, 14, 119, 56, 125, 168, 111, 68, 223, 51, 9, 244, 146, 85, 60,
       106, 225, 176, 81, 78, 231, 255, 7, 6, 74, 51, 3, 35, 248, 174,
       214, 114, 169, 173, 85, 215, 179, 31, 164, 25, 46, 231, 66, 31,
       39, 246, 237, 8, 58, 79, 130, 113, 219, 243, 84, 123, 226, 196,
       134, 107, 205, 20, 149, 71, 169, 110, 71, 184, 121, 234, 175, 88,
       222, 115, 9, 255, 145, 86, 124, 106, 105, 192, 249, 42, 167, 255,
       101, 20, 202, 243, 195, 48, 208, 24, 159, 116, 42, 108, 17, 19,
       162, 31, 166, 56, 215, 183, 64, 123, 167, 119, 108, 16, 59, 77,
       179, 1, 217, 227, 112, 88, 160, 128, 167, 123, 108, 245, 177, 67,
       217, 77, 71, 136, 123, 185, 45, 8, 210, 117, 77, 62, 145, 92, 96,
       122, 91, 112, 249, 50, 111, 158, 5, 126, 194, 123, 198, 162, 108,
       125, 49, 71, 213, 79, 71, 184, 121, 232, 42, 8, 210, 117, 9, 180,
       144, 92, 80, 106, 73, 240, 249, 46, 39, 222, 5, 50, 66, 59, 70,
       162, 37, 241, 49, 67, 221, 95, 199, 168, 74, 112, 41, 8, 210, 85,
       77, 180, 153, 92, 64, 122, 67, 48, 249, 21, 45, 156, 5, 116, 80,
       59, 70, 160, 117, 85, 125, 103, 180, 78, 79, 188, 97, 232, 191,
       64, 87, 119, 137, 115, 22, 212, 92, 106, 233, 161, 121, 46, 243,
       239, 101, 20, 104, 243, 194, 49, 44, 52, 185, 99, 45, 111, 83,
       152, 98, 255, 189, 24, 223, 95, 73, 58, 153, 212, 93, 58, 11, 102,
       251, 16, 207, 221, 37, 125, 194, 251, 70, 242, 124, 112, 189, 99,
       40, 111, 83, 152, 99, 191, 165, 24, 223, 87, 73, 58, 145, 212,
       108, 122, 11, 102, 251, 2, 219, 223, 101, 124, 226, 243, 70, 50,
       104, 177, 188, 114, 173, 253, 81, 59, 235, 61, 173, 24, 223, 253,
       72, 59, 129, 146, 236, 16, 26, 107, 251, 21, 203, 219, 81, 127,
       210, 10, 198, 34, 96, 245, 145, 99, 137, 77, 84, 175, 123, 59, 41,
       88, 214, 51, 76, 242, 145, 23, 104, 16, 91, 104, 219, 19, 173,
       158, 85, 126, 216, 72, 194, 42, 100, 233, 147, 120, 221, 196, 167,
       224, 224, 128, 233, 8, 214, 209, 97, 48, 216, 120, 66, 90, 65, 99,
       250, 12, 45, 180, 7, 72, 64, 59, 103, 162, 5, 113, 17, 69, 85, 14,
       103, 56, 108, 232, 107, 76, 214, 17, 9, 48, 144, 76, 64, 110, 193,
       176, 113, 12, 37, 188, 1, 6, 72, 51, 67, 162, 116, 127, 158, 38,
       25, 31, 22, 224, 146, 172, 185, 109, 70, 248, 75, 18, 152, 229,
       236, 99, 76, 227, 200, 42, 184, 215, 101, 63, 72, 123, 14, 23, 84,
       223, 23, 158, 25, 198, 7, 224, 188, 204, 202, 101, 230, 246, 35,
       212, 192, 230, 234, 66, 105, 139, 59, 125, 177, 54, 79, 18, 24,
       63, 45, 87, 116, 101, 72, 103, 21, 10, 102, 40, 105, 160, 107, 9,
       195, 73, 29, 144, 50, 204, 72, 98, 76, 240, 153, 14, 231, 237, 1,
       5, 97, 179, 90, 2, 149, 143, 205, 87, 176, 42, 103, 191, 118, 162,
       106, 212, 243, 96, 152, 113, 19, 110, 36, 46, 105, 252, 109, 47,
       236, 175, 117, 0, 236, 243, 192, 40, 77, 116, 157, 103, 161, 78,
       119, 184, 121, 234, 103, 72, 222, 113, 9, 123, 147, 84, 108, 106,
       97, 244, 249, 42, 229, 255, 101, 6, 74, 115, 67, 51, 104, 164,
       236, 114, 205, 61, 92, 135, 115, 183, 165, 24, 155, 57, 90, 58,
       137, 198, 121, 28, 58, 106, 251, 2, 207, 223, 85, 125, 194, 196,
       222, 42, 77, 245, 157, 99, 180, 79, 103, 156, 106, 240, 47, 8,
       215, 113, 73, 50, 145, 84, 120, 122, 81, 112, 249, 48, 237, 159,
       37, 116, 192, 123, 211, 34, 69, 253, 153, 103, 240, 46, 118, 188,
       107, 168, 107, 76, 214, 115, 73, 16, 147, 79, 104, 90, 1, 240,
       217, 40, 237, 158, 5, 6, 200, 115, 195, 19, 248, 58, 222, 112, 2,
       168, 81, 83, 160, 183, 164, 185, 23, 135, 66, 27, 39, 180, 69, 24,
       56, 79, 144, 0, 219, 193, 117, 121, 224, 128, 70, 58, 248, 190,
       220, 120, 170, 169, 80, 87, 147, 63, 180, 61, 51, 161, 98, 27,
       143, 178, 237, 16, 58, 111, 130, 19, 219, 203, 112, 121, 243, 200,
       206, 11, 205, 117, 145, 71, 97, 94, 118, 48, 105, 232, 111, 12,
       222, 50, 13, 183, 144, 68, 104, 106, 65, 112, 249, 72, 39, 184,
       68, 6, 74, 51, 75, 39, 240, 172, 255, 82, 233, 249, 81, 199, 171,
       23, 164, 56, 42, 247, 196, 63, 47, 178, 236, 24, 58, 111, 170,
       113, 27, 219, 85, 123, 226, 192, 198, 111, 205, 71, 68, 7, 176,
       26, 70, 184, 117, 234, 251, 228, 195, 96, 159, 213, 17, 196, 108,
       110, 236, 244, 77, 46, 174, 238, 101, 148, 106, 243, 88, 5, 85,
       85, 125, 103, 48, 78, 79, 188, 97, 232, 190, 76, 243, 119, 153,
       114, 22, 212, 124, 106, 233, 176, 121, 46, 231, 175, 37, 144, 104,
       243, 66, 49, 244, 181, 253, 118, 168, 109, 85, 159, 178, 191, 173,
       24, 83, 247, 72, 27, 137, 214, 109, 2, 120, 107, 250, 34, 251,
