%YAML:1.0
---
descriptors: !!opencv-matrix
   rows: 237
   cols: 32
   dt: u
   data: [ 108, 101, 57, 111, 12, 79, 71, 152, 2, 228, 173, 8, 211, 119,
       73, 48, 216, 220, 89, 106, 9, 114, 249, 62, 229, 221, 5, 52, 80,
       123, 86, 98, 124, 225, 157, 122, 137, 205, 87, 136, 162, 23, 173,
       25, 118, 247, 74, 50, 153, 210, 233, 82, 90, 99, 250, 49, 251,
       193, 69, 125, 224, 115, 206, 98, 249, 184, 121, 116, 169, 253, 85,
       223, 243, 251, 180, 56, 27, 181, 194, 63, 137, 214, 236, 24, 175,
       111, 250, 51, 219, 219, 117, 127, 235, 196, 206, 255, 120, 189,
       57, 112, 217, 237, 81, 87, 235, 61, 44, 24, 54, 181, 64, 48, 129,
       58, 104, 24, 18, 107, 178, 21, 219, 221, 16, 123, 226, 0, 198,
       107, 209, 159, 29, 103, 176, 14, 71, 191, 96, 168, 190, 68, 243,
       115, 128, 115, 20, 102, 108, 110, 249, 137, 73, 47, 226, 239, 37,
       16, 104, 242, 194, 41, 81, 143, 95, 101, 176, 46, 79, 183, 116,
       170, 126, 84, 211, 99, 144, 112, 23, 102, 44, 44, 185, 184, 13,
       47, 232, 239, 37, 192, 168, 226, 192, 33, 249, 190, 156, 50, 168,
       140, 89, 191, 163, 253, 180, 189, 191, 247, 194, 27, 167, 247,
       253, 20, 190, 79, 202, 49, 218, 195, 117, 249, 170, 196, 142, 91,
       216, 24, 157, 117, 42, 76, 65, 16, 164, 218, 162, 48, 215, 55, 1,
       123, 34, 244, 124, 8, 9, 197, 243, 1, 193, 235, 112, 16, 34, 160,
       7, 57, 65, 113, 25, 101, 1, 78, 55, 32, 104, 224, 98, 8, 214, 17,
       0, 50, 144, 84, 104, 98, 65, 240, 177, 12, 229, 184, 4, 2, 72, 50,
       67, 50, 221, 38, 156, 182, 168, 56, 72, 10, 250, 187, 163, 89,
       207, 226, 203, 219, 135, 71, 108, 30, 60, 69, 203, 2, 218, 255,
       119, 61, 128, 241, 11, 1, 116, 37, 113, 70, 159, 75, 71, 232, 64,
       166, 173, 10, 83, 117, 73, 54, 25, 212, 64, 106, 120, 35, 249, 14,
       121, 142, 5, 60, 97, 123, 70, 98, 117, 69, 125, 103, 16, 78, 71,
       184, 100, 160, 171, 72, 83, 113, 25, 112, 48, 196, 76, 106, 105,
       177, 25, 46, 247, 239, 37, 20, 97, 179, 64, 34, 80, 163, 218, 32,
       162, 168, 81, 87, 34, 173, 188, 173, 55, 131, 194, 16, 54, 183,
       229, 16, 26, 11, 130, 1, 218, 133, 36, 249, 160, 194, 142, 19,
       193, 172, 253, 113, 170, 250, 56, 139, 254, 179, 134, 144, 213,
       246, 208, 123, 39, 119, 120, 28, 55, 205, 255, 66, 207, 235, 95,
       113, 132, 224, 139, 32, 244, 60, 172, 182, 140, 109, 85, 154, 242,
       242, 135, 24, 215, 253, 91, 59, 137, 214, 125, 19, 58, 71, 251,
       34, 217, 131, 253, 61, 168, 121, 86, 50, 193, 156, 189, 95, 136,
       237, 149, 175, 222, 83, 160, 24, 246, 112, 14, 107, 129, 83, 104,
       24, 55, 109, 123, 49, 205, 186, 85, 122, 208, 72, 129, 46, 52,
       211, 253, 107, 152, 79, 71, 152, 86, 117, 239, 4, 243, 103, 8, 80,
       85, 222, 40, 122, 107, 240, 121, 63, 233, 167, 5, 84, 112, 251,
       196, 112, 125, 197, 220, 103, 137, 6, 94, 188, 50, 178, 175, 9,
       83, 99, 75, 219, 21, 199, 233, 254, 124, 67, 219, 62, 251, 235,
       197, 53, 170, 243, 138, 2, 116, 255, 121, 100, 188, 111, 71, 190,
       64, 174, 188, 104, 83, 117, 200, 50, 29, 214, 76, 106, 249, 43,
       249, 46, 249, 143, 37, 52, 97, 251, 198, 113, 69, 103, 133, 71,
       180, 14, 110, 184, 120, 168, 123, 76, 215, 97, 217, 50, 145, 68,
       108, 126, 241, 240, 205, 10, 172, 190, 101, 4, 200, 243, 82, 33,
       124, 103, 244, 101, 57, 91, 86, 184, 97, 168, 191, 8, 219, 125,
       217, 50, 24, 212, 236, 106, 200, 242, 233, 8, 255, 253, 37, 21,
       99, 179, 70, 34, 76, 117, 121, 103, 112, 78, 63, 56, 57, 164, 111,
       172, 223, 71, 139, 16, 150, 93, 205, 110, 193, 144, 249, 76, 231,
       253, 33, 4, 64, 179, 7, 113, 77, 65, 124, 199, 50, 90, 127, 184,
       124, 160, 79, 0, 223, 115, 139, 112, 54, 84, 58, 110, 64, 144,
       125, 78, 231, 239, 7, 5, 38, 179, 1, 32, 77, 119, 57, 101, 52, 30,
       118, 56, 121, 232, 127, 77, 219, 109, 159, 176, 148, 68, 236, 110,
       196, 240, 249, 12, 231, 255, 37, 4, 66, 183, 75, 119, 80, 188,
       190, 184, 136, 237, 17, 207, 230, 83, 164, 24, 183, 243, 64, 123,
       129, 51, 108, 17, 27, 109, 218, 49, 217, 131, 119, 120, 232, 64,
       135, 10, 249, 168, 157, 54, 172, 236, 80, 147, 242, 243, 166, 24,
       183, 243, 66, 123, 129, 230, 124, 24, 62, 79, 218, 33, 219, 235,
       117, 121, 160, 224, 222, 10, 108, 97, 138, 126, 25, 68, 71, 232,
       163, 192, 237, 9, 114, 247, 11, 16, 216, 224, 121, 238, 74, 67,
       218, 11, 243, 255, 133, 57, 64, 51, 106, 66, 77, 116, 57, 103,
       209, 15, 119, 188, 121, 236, 110, 12, 214, 113, 3, 48, 145, 76,
       64, 110, 160, 240, 249, 46, 231, 255, 5, 2, 72, 51, 71, 227, 77,
       245, 148, 71, 173, 31, 102, 188, 107, 232, 47, 76, 254, 112, 13,
       182, 145, 70, 108, 106, 193, 240, 249, 41, 175, 251, 69, 22, 74,
       115, 75, 37, 81, 156, 29, 245, 152, 46, 68, 55, 228, 26, 162, 84,
       247, 51, 128, 115, 5, 118, 124, 40, 185, 205, 81, 12, 233, 171,
       116, 80, 40, 224, 160, 41, 240, 160, 252, 112, 168, 233, 81, 91,
       178, 63, 164, 56, 55, 179, 64, 27, 3, 178, 109, 24, 58, 111, 226,
       17, 219, 195, 113, 121, 240, 200, 70, 43, 40, 160, 49, 81, 105,
       205, 97, 3, 239, 57, 32, 8, 146, 151, 68, 188, 136, 24, 64, 24,
       19, 124, 242, 17, 7, 152, 16, 114, 66, 0, 70, 162, 248, 172, 148,
       248, 141, 237, 84, 239, 151, 63, 160, 25, 35, 249, 96, 155, 201,
       242, 236, 16, 62, 111, 74, 51, 219, 211, 85, 123, 242, 88, 238,
       10, 76, 112, 155, 114, 97, 93, 49, 64, 233, 219, 37, 8, 158, 149,
       73, 59, 128, 93, 64, 10, 1, 118, 242, 0, 71, 217, 81, 46, 194,
       113, 71, 163, 124, 97, 120, 111, 93, 79, 87, 168, 65, 164, 229, 8,
       83, 85, 31, 48, 88, 212, 81, 106, 72, 50, 249, 8, 115, 137, 129,
       53, 115, 187, 86, 98, 230, 253, 150, 62, 137, 237, 22, 232, 159,
       155, 169, 25, 238, 242, 105, 158, 129, 115, 232, 67, 46, 75, 218,
       51, 185, 214, 77, 59, 208, 127, 143, 6, 220, 164, 188, 114, 170,
       104, 81, 27, 178, 183, 167, 25, 87, 247, 74, 27, 131, 151, 237,
       16, 58, 71, 203, 2, 219, 195, 117, 125, 224, 97, 134, 34, 200,
       180, 156, 48, 169, 173, 21, 143, 186, 63, 164, 25, 142, 183, 74,
       27, 131, 23, 237, 16, 58, 77, 203, 19, 235, 211, 117, 127, 192,
       64, 143, 11, 17, 6, 203, 37, 48, 42, 99, 51, 116, 163, 106, 208,
       211, 35, 144, 112, 115, 236, 44, 44, 169, 188, 69, 14, 228, 174,
       48, 0, 236, 226, 64, 32, 113, 188, 241, 114, 169, 253, 80, 215,
       251, 123, 180, 120, 58, 253, 196, 63, 141, 178, 124, 16, 191, 111,
       250, 176, 219, 218, 117, 251, 235, 196, 198, 127, 213, 221, 93,
       102, 168, 14, 71, 188, 224, 218, 174, 76, 119, 115, 137, 115, 38,
       244, 124, 106, 233, 225, 153, 45, 243, 235, 101, 16, 104, 243,
       194, 57, 88, 56, 159, 116, 40, 108, 81, 18, 163, 155, 166, 56,
       255, 183, 65, 123, 6, 244, 108, 24, 9, 77, 179, 0, 193, 243, 112,
       16, 162, 160, 6, 59, 246, 170, 213, 146, 202, 169, 100, 207, 187,
       179, 160, 89, 2, 226, 76, 27, 169, 203, 106, 144, 58, 79, 202,
       115, 28, 130, 213, 126, 233, 80, 194, 142, 248, 177, 253, 112, 40,
       204, 81, 27, 179, 255, 164, 28, 55, 183, 66, 27, 5, 150, 109, 8,
       90, 75, 242, 17, 219, 227, 117, 121, 98, 192, 70, 123, 221, 102,
       200, 71, 148, 62, 78, 152, 113, 174, 175, 84, 75, 98, 159, 254,
       49, 196, 108, 254, 172, 212, 237, 42, 178, 239, 37, 5, 235, 243,
       74, 4, 65, 113, 17, 101, 1, 78, 55, 32, 104, 200, 99, 8, 214, 17,
       0, 50, 144, 84, 104, 106, 65, 240, 209, 12, 165, 184, 0, 2, 72,
       34, 67, 34, 226, 170, 206, 82, 201, 185, 224, 207, 187, 55, 164,
       153, 35, 225, 70, 159, 73, 178, 234, 16, 58, 111, 206, 49, 30,
       211, 85, 121, 225, 200, 206, 138, 242, 170, 188, 94, 170, 240, 25,
       143, 187, 159, 164, 185, 102, 231, 206, 27, 135, 243, 237, 144,
       50, 79, 170, 113, 155, 211, 125, 255, 128, 96, 135, 111, 211, 251,
       3, 161, 18, 142, 42, 112, 40, 104, 66, 237, 157, 6, 130, 144, 166,
       173, 93, 229, 197, 152, 132, 78, 180, 36, 42, 128, 44, 132, 11,
