%YAML:1.0
---
descriptors: !!opencv-matrix
   rows: 224
   cols: 32
   dt: u
   data: [ 120, 171, 250, 120, 136, 201, 81, 215, 163, 21, 172, 56, 55,
       151, 64, 18, 1, 186, 237, 16, 90, 107, 226, 49, 219, 193, 52, 121,
       226, 128, 198, 106, 101, 116, 157, 101, 137, 111, 103, 152, 120,
       250, 43, 24, 214, 117, 73, 59, 145, 84, 104, 122, 49, 244, 249,
       10, 205, 255, 69, 52, 192, 115, 198, 34, 108, 229, 189, 99, 137,
       109, 87, 140, 122, 191, 173, 24, 210, 117, 73, 59, 145, 86, 104,
       122, 59, 96, 251, 51, 239, 223, 69, 127, 192, 115, 198, 98, 5,
       125, 17, 69, 85, 79, 230, 184, 120, 224, 106, 72, 222, 81, 13,
       180, 144, 92, 80, 106, 193, 240, 121, 110, 37, 188, 1, 6, 72, 51,
       67, 176, 125, 93, 125, 102, 160, 78, 87, 184, 96, 232, 191, 76,
       243, 119, 137, 115, 20, 212, 124, 106, 201, 225, 249, 44, 243,
       233, 101, 20, 104, 243, 66, 113, 56, 48, 123, 96, 99, 205, 17, 80,
       225, 68, 100, 8, 62, 151, 0, 48, 46, 184, 209, 8, 131, 43, 176, 1,
       83, 201, 16, 42, 99, 128, 6, 251, 252, 48, 189, 99, 173, 125, 81,
       152, 123, 255, 165, 24, 222, 93, 73, 59, 145, 16, 252, 58, 59,
       103, 251, 18, 219, 219, 81, 127, 210, 107, 70, 115, 212, 148, 157,
       119, 136, 110, 69, 191, 50, 187, 163, 88, 83, 119, 201, 123, 1,
       214, 108, 56, 57, 196, 251, 34, 201, 171, 117, 84, 160, 241, 134,
       48, 141, 134, 88, 99, 176, 159, 66, 189, 126, 41, 63, 124, 215,
       65, 138, 240, 23, 6, 76, 60, 182, 180, 77, 63, 238, 207, 53, 117,
       250, 130, 201, 1, 120, 176, 255, 112, 168, 252, 81, 87, 163, 87,
       164, 24, 51, 151, 66, 59, 39, 182, 109, 24, 58, 111, 178, 1, 219,
       235, 112, 121, 224, 192, 198, 123, 221, 34, 144, 178, 168, 56, 72,
       136, 243, 187, 163, 125, 207, 226, 203, 219, 147, 197, 108, 28,
       60, 69, 203, 2, 154, 243, 119, 125, 168, 245, 11, 1, 224, 188,
       156, 218, 204, 237, 69, 143, 222, 19, 160, 24, 182, 243, 72, 123,
       193, 82, 106, 24, 51, 111, 218, 51, 221, 182, 85, 120, 216, 72,
       195, 42, 85, 77, 95, 103, 150, 78, 103, 184, 100, 160, 235, 0, 87,
       113, 9, 112, 50, 212, 124, 106, 105, 176, 89, 46, 253, 175, 37,
       20, 96, 179, 64, 32, 248, 12, 157, 118, 168, 44, 85, 191, 160,
       190, 182, 120, 119, 119, 1, 123, 133, 247, 109, 10, 104, 71, 203,
       32, 211, 235, 117, 24, 96, 240, 198, 43, 21, 77, 27, 99, 21, 207,
       71, 168, 118, 160, 235, 2, 115, 83, 33, 112, 48, 252, 40, 106,
       105, 176, 121, 63, 233, 207, 5, 20, 48, 187, 68, 34, 124, 79, 220,
       126, 139, 41, 22, 168, 146, 150, 173, 57, 110, 227, 41, 219, 147,
       246, 237, 98, 108, 67, 202, 59, 242, 231, 69, 59, 114, 123, 142,
       3, 76, 101, 120, 101, 50, 10, 127, 184, 61, 164, 110, 136, 223,
       119, 131, 112, 22, 85, 125, 238, 64, 208, 233, 92, 231, 255, 37,
       133, 98, 179, 7, 97, 96, 237, 189, 126, 153, 237, 87, 174, 242,
       19, 168, 24, 178, 247, 0, 48, 129, 114, 104, 64, 123, 106, 234,
       63, 233, 191, 20, 59, 64, 80, 198, 42, 252, 225, 152, 102, 56, 77,
       83, 152, 131, 172, 173, 8, 247, 215, 65, 18, 144, 220, 108, 122,
       74, 35, 234, 24, 251, 197, 37, 61, 112, 171, 70, 35, 112, 32, 24,
       96, 8, 205, 64, 11, 226, 177, 160, 9, 179, 131, 64, 18, 200, 164,
       104, 16, 10, 107, 211, 17, 217, 193, 17, 125, 80, 8, 70, 10, 217,
       93, 157, 117, 137, 14, 71, 53, 228, 178, 166, 92, 247, 49, 1, 243,
       0, 100, 104, 106, 105, 237, 209, 10, 225, 251, 69, 16, 72, 240,
       192, 40, 93, 120, 149, 244, 169, 108, 85, 22, 235, 250, 162, 24,
       254, 179, 65, 123, 129, 118, 124, 10, 9, 69, 243, 0, 193, 251, 85,
       56, 138, 113, 3, 42, 88, 24, 159, 244, 169, 76, 85, 23, 169, 219,
       166, 24, 255, 183, 65, 123, 160, 247, 125, 8, 25, 79, 178, 32,
       209, 251, 84, 24, 128, 112, 7, 58, 205, 176, 181, 112, 169, 237,
       81, 143, 235, 121, 166, 24, 158, 151, 72, 63, 129, 86, 120, 24,
       27, 105, 251, 48, 223, 216, 85, 126, 194, 64, 134, 34, 120, 184,
       61, 112, 45, 237, 81, 71, 131, 181, 164, 24, 63, 159, 64, 26, 139,
       179, 221, 16, 26, 107, 242, 17, 219, 217, 17, 123, 243, 8, 70,
       122, 73, 151, 189, 231, 160, 110, 125, 55, 56, 251, 95, 84, 255,
       55, 138, 123, 151, 87, 125, 46, 241, 216, 249, 8, 237, 255, 118,
       128, 136, 226, 131, 121, 44, 161, 88, 99, 216, 45, 81, 153, 34,
       61, 45, 25, 23, 19, 74, 24, 25, 154, 69, 24, 26, 98, 216, 21, 207,
       141, 49, 125, 224, 131, 198, 162, 101, 117, 133, 39, 165, 47, 102,
       156, 122, 234, 11, 76, 214, 112, 89, 27, 145, 68, 120, 127, 165,
       240, 217, 42, 173, 158, 101, 52, 200, 123, 83, 0, 84, 105, 159,
       102, 8, 76, 67, 148, 162, 181, 166, 8, 119, 247, 65, 50, 0, 244,
       108, 90, 89, 75, 186, 32, 249, 160, 101, 56, 224, 178, 6, 42, 108,
       117, 57, 103, 189, 79, 71, 168, 123, 232, 47, 8, 210, 117, 73, 48,
       144, 92, 88, 106, 105, 112, 249, 62, 239, 223, 5, 52, 64, 123, 70,
       34, 82, 237, 18, 190, 25, 129, 22, 229, 175, 1, 200, 9, 174, 226,
       32, 212, 232, 235, 201, 193, 78, 11, 10, 253, 177, 244, 158, 59,
       16, 22, 170, 14, 216, 144, 159, 116, 138, 108, 81, 19, 163, 159,
       166, 24, 87, 183, 64, 123, 33, 246, 109, 8, 56, 79, 179, 0, 217,
       227, 116, 24, 162, 224, 166, 99, 85, 85, 25, 103, 48, 14, 111,
       184, 116, 234, 126, 68, 247, 115, 137, 112, 22, 84, 60, 106, 233,
       144, 125, 46, 229, 175, 37, 132, 40, 179, 1, 49, 36, 241, 49, 65,
       12, 79, 71, 168, 106, 240, 33, 8, 214, 85, 73, 48, 17, 84, 64,
       106, 65, 112, 249, 29, 109, 152, 5, 116, 80, 59, 70, 34, 41, 41,
       243, 96, 117, 221, 80, 65, 107, 168, 188, 8, 43, 157, 197, 180,
       136, 184, 198, 88, 203, 250, 224, 128, 15, 221, 5, 51, 66, 140,
       70, 173, 253, 113, 253, 102, 44, 78, 87, 152, 97, 234, 167, 8, 83,
       85, 73, 59, 148, 212, 124, 106, 201, 103, 249, 8, 243, 233, 101,
       52, 104, 243, 70, 113, 244, 112, 189, 96, 44, 111, 81, 152, 99,
       250, 165, 24, 215, 85, 73, 59, 145, 212, 124, 122, 9, 103, 249, 0,
       219, 219, 101, 61, 192, 251, 70, 115, 211, 172, 148, 240, 233,
       173, 88, 215, 187, 59, 160, 93, 175, 171, 80, 27, 165, 183, 125,
       29, 190, 79, 146, 243, 155, 218, 93, 122, 168, 64, 131, 10, 104,
       188, 188, 254, 141, 237, 85, 175, 203, 19, 172, 24, 190, 189, 64,
       26, 201, 178, 253, 0, 58, 107, 242, 177, 219, 255, 84, 123, 210,
       72, 198, 42, 120, 176, 255, 112, 137, 237, 81, 87, 227, 23, 164,
       8, 59, 151, 64, 59, 171, 179, 253, 16, 26, 107, 178, 17, 219, 203,
       116, 121, 227, 192, 198, 106, 228, 188, 156, 88, 200, 237, 1, 207,
       250, 51, 160, 24, 150, 243, 72, 27, 129, 18, 106, 16, 51, 111,
       218, 115, 221, 150, 85, 126, 216, 72, 131, 42, 16, 237, 155, 127,
       148, 231, 103, 255, 118, 130, 234, 64, 243, 243, 32, 112, 89, 106,
       2, 74, 121, 250, 91, 63, 233, 174, 55, 0, 232, 248, 224, 170, 85,
       77, 95, 103, 148, 78, 103, 184, 100, 160, 234, 64, 83, 113, 9,
       112, 48, 228, 76, 234, 105, 177, 121, 46, 241, 175, 37, 20, 97,
       243, 64, 32, 69, 245, 157, 119, 137, 79, 23, 168, 122, 250, 43, 8,
       246, 113, 73, 50, 145, 84, 104, 106, 97, 96, 251, 43, 237, 190,
       69, 54, 72, 115, 67, 34, 124, 199, 220, 126, 139, 57, 22, 172,
       147, 182, 173, 41, 111, 227, 11, 218, 19, 214, 237, 98, 42, 99,
       203, 59, 243, 231, 69, 63, 242, 126, 206, 2, 69, 112, 17, 71, 5,
       14, 102, 184, 104, 232, 99, 76, 214, 80, 13, 182, 144, 68, 100,
       110, 193, 240, 217, 8, 37, 184, 37, 6, 72, 51, 67, 7, 92, 101, 90,
       103, 21, 26, 110, 168, 121, 160, 107, 8, 203, 105, 29, 144, 178,
       205, 105, 107, 68, 176, 157, 46, 38, 239, 5, 5, 101, 179, 74, 2,
       112, 176, 253, 248, 8, 237, 81, 219, 162, 55, 164, 24, 23, 215,
       72, 26, 1, 146, 109, 24, 26, 75, 250, 17, 219, 193, 113, 125, 240,
       192, 134, 98, 248, 168, 252, 120, 137, 237, 81, 95, 179, 23, 164,
       25, 51, 247, 64, 27, 137, 178, 237, 16, 58, 111, 218, 51, 219,
