%YAML:1.0
---
descriptors: !!opencv-matrix
   rows: 212
   cols: 32
   dt: u
   data: [ 108, 101, 57, 111, 157, 79, 71, 168, 66, 228, 173, 8, 210,
       117, 73, 48, 216, 220, 89, 106, 73, 98, 249, 30, 237, 156, 5, 60,
       80, 123, 86, 98, 124, 225, 152, 122, 201, 205, 87, 200, 162, 21,
       173, 8, 114, 243, 74, 18, 153, 210, 225, 82, 90, 99, 250, 49, 251,
       201, 69, 125, 208, 115, 206, 194, 145, 134, 205, 117, 176, 42, 99,
       59, 116, 163, 98, 80, 211, 35, 144, 112, 51, 78, 44, 60, 57, 188,
       69, 14, 236, 175, 52, 68, 232, 224, 192, 32, 81, 142, 91, 101,
       180, 42, 99, 55, 116, 40, 106, 68, 243, 33, 144, 112, 19, 102, 44,
       44, 185, 188, 69, 15, 232, 239, 36, 64, 232, 226, 192, 40, 120,
       176, 185, 112, 137, 237, 81, 87, 179, 31, 164, 24, 54, 183, 64,
       58, 129, 178, 108, 16, 26, 111, 178, 19, 219, 215, 17, 123, 226,
       0, 198, 107, 125, 186, 220, 178, 232, 205, 93, 223, 179, 127, 180,
       189, 63, 247, 194, 27, 135, 211, 253, 20, 191, 79, 234, 49, 218,
       195, 117, 253, 170, 212, 142, 91, 217, 84, 159, 117, 40, 78, 69,
       56, 240, 242, 166, 72, 247, 55, 1, 115, 34, 244, 124, 106, 105,
       197, 177, 12, 241, 235, 101, 16, 40, 240, 34, 56, 69, 116, 29,
       101, 1, 78, 119, 32, 104, 66, 106, 8, 214, 49, 1, 50, 144, 84,
       104, 98, 65, 240, 177, 12, 229, 188, 64, 2, 72, 51, 67, 34, 253,
       180, 253, 114, 168, 125, 81, 155, 243, 255, 165, 24, 83, 247, 72,
       59, 5, 214, 108, 24, 59, 103, 250, 19, 219, 235, 117, 124, 226,
       192, 198, 114, 83, 123, 16, 165, 50, 154, 58, 52, 41, 204, 90,
       237, 173, 2, 131, 212, 182, 189, 205, 101, 197, 152, 196, 204,
       180, 244, 42, 130, 44, 182, 11, 93, 224, 180, 29, 218, 220, 237,
       71, 174, 218, 51, 168, 24, 182, 241, 72, 115, 129, 210, 106, 26,
       123, 111, 250, 115, 189, 146, 85, 124, 216, 88, 198, 42, 29, 69,
       121, 103, 150, 15, 79, 184, 116, 160, 111, 64, 215, 115, 25, 112,
       50, 212, 28, 106, 233, 176, 125, 46, 231, 175, 37, 20, 40, 179,
       64, 32, 244, 76, 124, 118, 168, 106, 87, 184, 240, 178, 166, 56,
       215, 119, 9, 123, 135, 212, 109, 106, 104, 101, 203, 46, 241, 235,
       101, 20, 96, 241, 198, 35, 193, 160, 189, 117, 168, 120, 61, 143,
       254, 179, 134, 144, 245, 246, 208, 123, 7, 87, 120, 24, 55, 77,
       239, 83, 205, 171, 127, 125, 132, 224, 131, 32, 148, 173, 95, 119,
       146, 111, 71, 191, 52, 162, 226, 16, 87, 115, 9, 113, 49, 254, 77,
       234, 120, 212, 25, 46, 233, 239, 101, 4, 32, 241, 164, 34, 213,
       172, 188, 119, 172, 46, 221, 191, 250, 191, 186, 56, 247, 105,
       217, 43, 135, 87, 108, 43, 184, 229, 235, 46, 232, 235, 117, 20,
       192, 248, 131, 41, 244, 124, 172, 246, 140, 111, 87, 154, 242,
       242, 142, 24, 215, 125, 83, 59, 137, 214, 125, 51, 40, 103, 251,
       34, 249, 195, 229, 53, 168, 121, 86, 50, 193, 156, 189, 95, 136,
       237, 149, 175, 206, 83, 160, 24, 246, 112, 12, 107, 133, 83, 104,
       16, 55, 109, 251, 49, 141, 186, 85, 122, 216, 88, 129, 46, 113,
       69, 125, 109, 30, 47, 71, 59, 100, 160, 171, 8, 211, 49, 0, 112,
       18, 212, 72, 106, 104, 160, 121, 31, 229, 175, 1, 20, 112, 234,
       64, 32, 4, 245, 185, 107, 136, 77, 39, 152, 86, 243, 169, 76, 215,
       103, 201, 34, 29, 88, 106, 122, 219, 80, 251, 51, 237, 128, 101,
       124, 208, 251, 133, 176, 124, 227, 244, 103, 57, 95, 86, 184, 115,
       168, 183, 72, 219, 125, 217, 50, 152, 212, 236, 106, 200, 240,
       233, 40, 239, 219, 37, 53, 99, 163, 70, 35, 76, 115, 121, 101,
       224, 78, 63, 56, 41, 164, 111, 173, 223, 103, 139, 80, 22, 93,
       205, 110, 192, 144, 249, 72, 231, 255, 101, 4, 66, 243, 7, 113,
       208, 188, 190, 50, 168, 237, 17, 135, 226, 219, 164, 24, 183, 243,
       66, 123, 129, 115, 108, 17, 59, 109, 218, 49, 217, 131, 119, 120,
       232, 64, 135, 27, 129, 174, 207, 19, 224, 170, 101, 183, 118, 147,
       66, 244, 243, 226, 208, 107, 67, 110, 106, 28, 51, 252, 207, 35,
       204, 162, 119, 64, 236, 208, 209, 168, 36, 205, 18, 158, 89, 197,
       6, 224, 158, 132, 233, 8, 230, 240, 33, 144, 216, 104, 202, 98,
       74, 35, 90, 63, 177, 20, 15, 59, 80, 59, 47, 134, 108, 225, 8,
       126, 137, 196, 87, 168, 163, 192, 237, 9, 114, 247, 11, 16, 216,
       224, 121, 238, 74, 67, 218, 61, 243, 255, 133, 57, 80, 51, 122,
       98, 92, 52, 185, 114, 136, 109, 85, 158, 243, 183, 173, 24, 95,
       247, 73, 58, 35, 214, 108, 16, 26, 99, 186, 34, 219, 207, 117,
       124, 226, 241, 135, 34, 248, 188, 252, 120, 140, 237, 81, 87, 210,
       63, 164, 24, 51, 177, 98, 27, 201, 178, 236, 16, 58, 111, 210, 51,
       219, 203, 116, 121, 240, 200, 206, 10, 76, 112, 185, 86, 105, 124,
       49, 0, 233, 219, 101, 24, 158, 151, 77, 191, 128, 93, 96, 2, 3,
       118, 242, 64, 71, 219, 80, 42, 194, 113, 71, 163, 120, 184, 243,
       114, 171, 249, 81, 215, 163, 23, 172, 56, 46, 247, 64, 158, 39,
       247, 237, 16, 26, 75, 162, 115, 219, 247, 84, 123, 226, 196, 134,
       107, 216, 164, 156, 48, 137, 41, 20, 143, 186, 63, 164, 25, 143,
       167, 74, 27, 129, 151, 237, 16, 58, 79, 202, 19, 219, 211, 85,
       127, 224, 64, 143, 10, 220, 182, 156, 114, 169, 105, 81, 143, 178,
       191, 165, 57, 159, 183, 74, 27, 167, 151, 237, 16, 58, 79, 138, 2,
       219, 195, 117, 125, 160, 64, 143, 67, 124, 52, 253, 114, 168, 108,
       81, 26, 179, 191, 173, 56, 87, 247, 73, 27, 23, 212, 109, 58, 58,
       71, 235, 2, 219, 199, 101, 125, 226, 227, 6, 99, 120, 176, 249,
       112, 91, 237, 81, 87, 163, 21, 172, 56, 62, 151, 64, 24, 131, 186,
       236, 16, 26, 107, 178, 17, 219, 213, 16, 123, 226, 0, 198, 107,
       213, 221, 95, 102, 168, 14, 71, 189, 224, 218, 171, 76, 119, 115,
       137, 115, 34, 246, 124, 106, 233, 225, 153, 45, 241, 171, 101, 20,
       104, 243, 194, 49, 209, 84, 223, 116, 42, 78, 69, 59, 241, 250,
       162, 88, 119, 55, 129, 123, 34, 212, 124, 106, 105, 69, 243, 8,
       209, 235, 117, 16, 104, 240, 70, 57, 124, 170, 244, 178, 235, 141,
       88, 223, 171, 187, 180, 249, 63, 255, 74, 58, 135, 243, 253, 20,
       158, 79, 202, 177, 219, 219, 117, 253, 162, 196, 130, 203, 118,
       174, 149, 82, 201, 169, 100, 207, 187, 179, 160, 89, 2, 227, 76,
       159, 169, 194, 98, 144, 62, 107, 138, 113, 29, 146, 85, 127, 201,
       64, 194, 134, 248, 181, 253, 112, 168, 237, 81, 123, 179, 255,
       164, 29, 55, 183, 64, 27, 1, 182, 109, 24, 123, 111, 242, 17, 219,
       235, 117, 120, 224, 192, 70, 251, 221, 70, 206, 87, 36, 26, 70,
       184, 117, 166, 231, 52, 67, 97, 155, 251, 113, 204, 44, 238, 236,
       244, 173, 42, 210, 239, 229, 5, 35, 243, 120, 4, 221, 102, 200,
       71, 144, 62, 74, 152, 113, 175, 239, 84, 67, 98, 159, 122, 49,
       196, 108, 254, 172, 212, 237, 42, 238, 239, 37, 133, 235, 243, 74,
       4, 226, 168, 204, 82, 200, 185, 240, 207, 187, 183, 164, 157, 35,
       225, 70, 31, 75, 162, 235, 20, 62, 111, 206, 51, 94, 211, 85, 121,
       199, 204, 222, 142, 124, 176, 253, 114, 168, 109, 81, 158, 243,
       255, 165, 24, 91, 247, 72, 58, 129, 214, 125, 24, 27, 103, 250,
       32, 219, 235, 117, 125, 226, 192, 198, 115, 228, 180, 157, 250,
       220, 173, 71, 174, 219, 59, 160, 88, 214, 240, 76, 59, 129, 218,
       106, 18, 59, 107, 218, 55, 189, 158, 85, 126, 208, 88, 194, 34,
       93, 69, 85, 103, 150, 78, 103, 184, 100, 160, 235, 64, 83, 115,
       25, 112, 48, 196, 108, 106, 105, 176, 89, 46, 245, 238, 37, 20,
       96, 179, 64, 32, 248, 172, 220, 118, 137, 237, 85, 223, 179, 183,
       164, 25, 55, 243, 75, 27, 129, 214, 237, 16, 58, 79, 218, 34, 219,
       195, 117, 61, 226, 208, 206, 10, 252, 76, 220, 118, 168, 106, 84,
       184, 176, 178, 167, 56, 87, 115, 9, 91, 135, 212, 108, 42, 104,
       101, 203, 34, 211, 235, 117, 21, 96, 241, 78, 35, 208, 172, 189,
       113, 168, 232, 105, 143, 254, 183, 130, 16, 215, 163, 80, 123, 3,
       119, 104, 24, 58, 77, 239, 19, 201, 171, 127, 84, 160, 192, 135,
