%YAML:1.0
---
descriptors: !!opencv-matrix
   rows: 169
   cols: 32
   dt: u
   data: [ 213, 5, 29, 117, 168, 46, 79, 184, 228, 242, 163, 80, 215,
       115, 9, 123, 23, 68, 120, 46, 105, 197, 217, 12, 225, 170, 101,
       20, 8, 243, 1, 32, 253, 34, 140, 180, 141, 44, 80, 18, 162, 187,
       130, 93, 199, 169, 83, 155, 129, 196, 125, 21, 188, 69, 219, 0,
       218, 195, 117, 124, 168, 125, 90, 2, 214, 191, 188, 182, 138, 118,
       22, 239, 146, 254, 142, 191, 71, 254, 75, 75, 245, 215, 237, 179,
       124, 75, 203, 58, 249, 227, 239, 255, 160, 113, 173, 83, 222, 245,
       156, 178, 139, 113, 22, 232, 179, 182, 133, 187, 79, 255, 75, 27,
       179, 215, 237, 243, 110, 71, 155, 51, 250, 195, 77, 255, 160, 119,
       175, 83, 185, 140, 237, 119, 148, 126, 69, 191, 83, 243, 102, 24,
       115, 113, 212, 63, 25, 102, 116, 40, 185, 252, 253, 46, 111, 239,
       117, 4, 235, 232, 210, 232, 193, 188, 149, 24, 137, 172, 1, 143,
       238, 243, 162, 92, 182, 242, 196, 127, 129, 38, 104, 24, 179, 109,
       247, 113, 153, 186, 87, 122, 136, 64, 131, 60, 173, 188, 253, 119,
       196, 111, 101, 191, 83, 243, 118, 24, 115, 113, 153, 47, 25, 198,
       48, 40, 185, 252, 125, 40, 111, 203, 117, 4, 235, 248, 210, 168,
       207, 180, 164, 65, 173, 63, 177, 155, 90, 251, 151, 28, 222, 60,
       222, 239, 135, 70, 125, 29, 182, 108, 255, 194, 207, 90, 95, 246,
       142, 205, 217, 117, 84, 113, 93, 101, 50, 74, 119, 184, 44, 232,
       107, 104, 215, 55, 137, 112, 50, 93, 124, 106, 65, 144, 217, 12,
       229, 229, 37, 4, 32, 179, 7, 51, 116, 231, 8, 175, 252, 27, 70,
       232, 27, 172, 184, 201, 195, 104, 77, 144, 216, 204, 236, 102,
       108, 98, 201, 191, 190, 215, 165, 189, 80, 255, 90, 132, 29, 221,
       122, 239, 146, 22, 111, 188, 52, 162, 239, 2, 123, 119, 25, 112,
       115, 246, 28, 234, 105, 144, 61, 46, 251, 239, 167, 4, 34, 243,
       160, 32, 246, 36, 151, 182, 205, 106, 64, 73, 179, 183, 163, 27,
       78, 235, 77, 219, 249, 215, 233, 178, 56, 71, 154, 194, 155, 242,
       209, 95, 161, 97, 118, 2, 209, 170, 135, 184, 172, 185, 72, 199,
       255, 31, 176, 253, 175, 226, 208, 223, 163, 163, 108, 21, 62, 109,
       130, 243, 152, 242, 94, 122, 192, 68, 139, 12, 237, 48, 140, 177,
       173, 61, 80, 155, 122, 251, 130, 93, 215, 56, 91, 155, 129, 197,
       124, 61, 189, 100, 219, 0, 207, 219, 85, 116, 136, 125, 218, 2,
       220, 188, 156, 178, 169, 237, 85, 150, 179, 63, 164, 25, 183, 247,
       67, 27, 133, 243, 237, 16, 62, 77, 218, 51, 219, 195, 117, 57,
       176, 81, 142, 27, 225, 172, 157, 26, 140, 233, 1, 207, 206, 123,
       128, 88, 182, 240, 64, 63, 129, 38, 122, 25, 51, 111, 234, 51,
       153, 18, 85, 122, 144, 72, 211, 108, 248, 176, 220, 48, 136, 173,
       80, 215, 162, 115, 164, 29, 23, 179, 66, 27, 129, 134, 108, 16,
       58, 111, 146, 0, 219, 203, 117, 121, 232, 64, 138, 2, 253, 176,
       148, 180, 141, 61, 80, 135, 243, 243, 130, 93, 159, 184, 65, 155,
       129, 199, 124, 21, 191, 111, 219, 2, 154, 211, 85, 126, 168, 100,
       155, 6, 76, 115, 21, 101, 50, 74, 115, 56, 44, 160, 111, 232, 223,
       23, 9, 240, 54, 21, 237, 104, 65, 144, 241, 76, 197, 225, 35, 4,
       34, 162, 7, 49, 133, 102, 157, 167, 228, 43, 239, 200, 126, 178,
       59, 82, 213, 99, 201, 43, 51, 76, 106, 126, 33, 244, 205, 42, 228,
       134, 111, 36, 196, 251, 3, 160, 252, 116, 150, 254, 141, 116, 84,
       200, 179, 154, 161, 25, 74, 249, 109, 219, 201, 246, 237, 18, 44,
       103, 218, 162, 211, 243, 213, 59, 235, 125, 126, 2, 252, 230, 204,
       175, 170, 107, 86, 168, 55, 190, 181, 185, 67, 111, 75, 155, 27,
       213, 237, 98, 108, 70, 203, 26, 250, 195, 101, 181, 247, 251, 142,
       66, 236, 117, 181, 79, 173, 79, 71, 168, 123, 234, 173, 8, 210,
       113, 13, 55, 144, 84, 120, 106, 105, 100, 249, 58, 231, 251, 69,
       54, 66, 123, 86, 98, 222, 253, 220, 182, 139, 96, 22, 232, 178,
       246, 133, 191, 79, 127, 75, 155, 55, 213, 237, 243, 126, 71, 207,
       50, 250, 195, 237, 255, 164, 119, 174, 83, 65, 184, 151, 89, 136,
       237, 161, 135, 238, 115, 162, 88, 182, 176, 196, 126, 1, 54, 120,
       24, 147, 109, 247, 113, 141, 58, 87, 120, 200, 64, 131, 44, 68,
       113, 185, 101, 32, 78, 103, 48, 104, 160, 39, 8, 215, 19, 1, 48,
       144, 84, 104, 106, 65, 240, 241, 8, 229, 189, 33, 16, 72, 51, 71,
       34, 193, 184, 149, 81, 137, 252, 161, 7, 238, 243, 162, 92, 190,
       178, 196, 255, 129, 38, 120, 24, 179, 109, 243, 81, 137, 58, 86,
       114, 202, 64, 129, 60, 157, 54, 212, 243, 178, 47, 106, 154, 118,
       187, 103, 84, 223, 99, 201, 233, 55, 94, 76, 56, 177, 212, 89, 46,
       206, 207, 117, 68, 170, 233, 1, 33, 121, 184, 248, 112, 173, 253,
       81, 87, 227, 255, 180, 28, 59, 153, 70, 58, 129, 166, 252, 24,
       159, 111, 242, 49, 219, 219, 113, 123, 235, 192, 206, 95, 252,
       103, 204, 39, 168, 11, 86, 168, 51, 166, 175, 169, 199, 97, 75,
       19, 19, 196, 237, 102, 108, 194, 205, 10, 238, 227, 101, 53, 96,
       247, 90, 66, 221, 87, 253, 119, 176, 46, 111, 188, 116, 234, 111,
       116, 215, 115, 137, 113, 55, 78, 60, 110, 233, 212, 125, 46, 230,
       239, 101, 132, 104, 243, 129, 113, 86, 60, 172, 182, 139, 100, 20,
       238, 147, 247, 136, 27, 70, 254, 75, 91, 129, 215, 233, 131, 60,
       71, 251, 34, 219, 231, 221, 63, 160, 117, 166, 86, 253, 117, 249,
       103, 173, 31, 87, 184, 97, 238, 191, 108, 219, 125, 223, 54, 158,
       196, 124, 110, 205, 96, 249, 170, 231, 217, 101, 180, 110, 255,
       218, 115, 211, 170, 151, 58, 168, 173, 72, 135, 255, 27, 144, 124,
       175, 130, 208, 223, 163, 43, 108, 29, 191, 111, 134, 113, 152,
       242, 126, 250, 152, 68, 131, 13, 116, 229, 72, 47, 91, 75, 87,
       232, 7, 164, 237, 139, 67, 103, 11, 16, 88, 220, 201, 226, 72,
       146, 217, 61, 247, 229, 5, 53, 113, 59, 6, 194, 84, 241, 156, 166,
       155, 69, 23, 232, 162, 188, 141, 9, 68, 247, 75, 18, 177, 213,
       233, 243, 74, 67, 154, 61, 249, 197, 45, 63, 48, 51, 39, 83, 96,
       184, 184, 90, 217, 253, 81, 207, 203, 61, 173, 8, 170, 253, 78,
       28, 137, 186, 230, 16, 26, 106, 250, 177, 95, 221, 21, 123, 210,
       74, 198, 239, 124, 97, 120, 110, 27, 67, 23, 232, 2, 164, 173,
       169, 83, 215, 75, 16, 56, 213, 233, 98, 72, 3, 219, 24, 243, 197,
       5, 63, 113, 51, 6, 98, 231, 106, 232, 18, 204, 61, 210, 200, 91,
       187, 177, 93, 66, 200, 223, 155, 153, 204, 230, 23, 174, 102, 206,
       98, 30, 31, 117, 191, 205, 255, 90, 134, 193, 184, 180, 85, 141,
       253, 225, 135, 203, 243, 134, 24, 186, 184, 86, 175, 1, 102, 120,
       24, 151, 109, 247, 161, 15, 123, 85, 82, 202, 108, 217, 44, 240,
       207, 28, 155, 156, 175, 71, 239, 30, 63, 170, 27, 230, 34, 42, 80,
       249, 194, 74, 76, 122, 43, 73, 127, 189, 38, 22, 80, 144, 88, 144,
       42, 252, 76, 252, 126, 172, 60, 84, 202, 211, 158, 165, 25, 98,
       249, 77, 91, 201, 246, 237, 2, 104, 103, 202, 34, 211, 251, 85,
       59, 208, 249, 78, 2, 241, 184, 251, 112, 168, 237, 81, 87, 227,
       127, 180, 61, 55, 157, 198, 58, 167, 183, 125, 16, 191, 111, 178,
       51, 219, 237, 48, 251, 233, 192, 198, 91, 240, 44, 222, 112, 136,
       233, 81, 87, 178, 55, 164, 24, 55, 183, 64, 27, 1, 182, 109, 24,
       58, 79, 226, 51, 217, 130, 113, 120, 224, 192, 198, 42, 252, 230,
       204, 53, 168, 107, 94, 184, 51, 190, 181, 185, 203, 103, 75, 27,
       93, 213, 237, 162, 108, 86, 203, 26, 238, 211, 101, 181, 226, 253,
       78, 83, 236, 117, 181, 71, 189, 95, 71, 184, 123, 234, 175, 8,
       214, 117, 77, 183, 145, 84, 108, 106, 105, 112, 249, 62, 175, 222,
       69, 54, 66, 123, 198, 38, 254, 126, 236, 182, 171, 83, 95, 184,
       51, 254, 148, 189, 207, 111, 75, 155, 23, 213, 253, 243, 108, 71,
       207, 186, 250, 195, 237, 189, 174, 245, 30, 83, 36, 231, 72, 167,
       120, 11, 67, 168, 54, 172, 185, 169, 195, 101, 11, 16, 152, 204,
       79, 102, 108, 50, 73, 30, 236, 151, 37, 181, 112, 187, 86, 194,
