%YAML:1.0
---
descriptors: !!opencv-matrix
   rows: 176
   cols: 32
   dt: u
   data: [ 244, 36, 172, 178, 140, 109, 69, 159, 178, 251, 135, 25, 215,
       245, 91, 59, 129, 230, 125, 25, 122, 77, 219, 34, 217, 139, 245,
       125, 160, 121, 214, 106, 236, 112, 189, 99, 32, 111, 67, 152, 107,
       174, 39, 8, 215, 87, 73, 59, 145, 84, 108, 122, 9, 116, 249, 8,
       207, 219, 101, 52, 192, 243, 70, 51, 208, 142, 189, 183, 188, 107,
       197, 175, 252, 178, 146, 88, 247, 105, 144, 35, 3, 119, 109, 41,
       56, 237, 105, 44, 233, 227, 117, 84, 196, 232, 133, 40, 114, 162,
       188, 254, 169, 240, 89, 142, 171, 191, 133, 185, 110, 231, 66, 31,
       129, 247, 237, 16, 26, 79, 170, 177, 219, 243, 85, 255, 178, 97,
       134, 99, 208, 186, 159, 119, 162, 14, 53, 55, 184, 155, 50, 120,
       247, 243, 128, 19, 167, 119, 109, 0, 32, 205, 131, 104, 201, 162,
       119, 128, 64, 224, 135, 43, 92, 117, 159, 228, 138, 78, 87, 184,
       166, 182, 175, 8, 215, 247, 73, 91, 51, 213, 109, 106, 105, 193,
       251, 12, 249, 227, 101, 52, 160, 115, 7, 114, 97, 180, 153, 119,
       52, 47, 71, 185, 120, 234, 39, 92, 243, 113, 24, 49, 145, 70, 116,
       46, 169, 244, 249, 46, 237, 239, 117, 20, 72, 233, 210, 32, 225,
       233, 189, 84, 205, 77, 69, 167, 227, 242, 166, 24, 242, 245, 64,
       51, 201, 246, 106, 8, 105, 111, 243, 33, 253, 187, 85, 56, 64,
       120, 214, 42, 216, 234, 150, 80, 137, 152, 80, 199, 171, 21, 164,
       24, 174, 147, 64, 223, 161, 185, 204, 16, 26, 79, 130, 113, 155,
       208, 84, 123, 130, 0, 134, 42, 221, 94, 191, 101, 160, 126, 95,
       48, 113, 238, 151, 124, 223, 63, 147, 123, 183, 245, 125, 127,
       185, 197, 185, 42, 235, 235, 101, 148, 170, 243, 7, 115, 36, 181,
       57, 99, 184, 235, 67, 184, 122, 61, 45, 24, 215, 117, 72, 48, 153,
       90, 68, 122, 26, 112, 251, 55, 237, 221, 37, 117, 208, 11, 198,
       227, 221, 182, 189, 37, 168, 126, 87, 152, 114, 254, 39, 125, 223,
       55, 203, 123, 151, 84, 108, 126, 253, 85, 249, 50, 235, 195, 101,
       116, 232, 241, 135, 115, 109, 112, 185, 97, 37, 111, 115, 24, 107,
       250, 47, 8, 214, 21, 73, 58, 145, 84, 120, 122, 1, 244, 249, 0,
       207, 221, 69, 52, 194, 123, 70, 114, 92, 185, 189, 114, 137, 232,
       85, 143, 163, 181, 172, 24, 143, 231, 72, 26, 129, 215, 237, 16,
       26, 75, 250, 33, 219, 215, 85, 127, 224, 80, 134, 106, 224, 164,
       157, 250, 137, 237, 69, 143, 191, 63, 160, 24, 182, 183, 72, 27,
       129, 19, 104, 16, 58, 79, 218, 51, 153, 146, 84, 126, 208, 64,
       135, 42, 65, 150, 157, 119, 160, 44, 101, 159, 122, 123, 35, 116,
       223, 35, 200, 123, 135, 87, 108, 8, 179, 220, 217, 35, 204, 187,
       118, 212, 136, 208, 129, 57, 69, 112, 149, 71, 97, 94, 102, 40,
       121, 234, 35, 8, 222, 114, 77, 182, 144, 84, 104, 106, 97, 244,
       249, 8, 7, 186, 69, 6, 74, 115, 67, 38, 80, 189, 63, 250, 154,
       197, 21, 255, 182, 93, 136, 25, 55, 255, 104, 80, 229, 179, 125,
       128, 90, 75, 186, 55, 251, 199, 30, 123, 16, 0, 167, 123, 37, 164,
       133, 155, 236, 45, 192, 142, 94, 57, 185, 72, 246, 112, 88, 187,
       217, 194, 106, 28, 51, 98, 203, 49, 140, 18, 117, 124, 216, 73,
       211, 128, 76, 253, 189, 101, 161, 47, 119, 150, 123, 186, 46, 24,
       214, 51, 65, 58, 145, 86, 125, 122, 48, 240, 217, 42, 239, 255,
       69, 52, 194, 241, 195, 34, 100, 69, 29, 103, 28, 79, 71, 168, 116,
       160, 235, 8, 210, 115, 9, 113, 208, 220, 120, 106, 105, 144, 121,
       14, 229, 174, 5, 20, 64, 59, 86, 34, 212, 100, 157, 119, 8, 46,
       69, 40, 176, 178, 167, 24, 215, 51, 9, 27, 129, 68, 105, 106, 104,
       101, 217, 8, 193, 235, 101, 20, 192, 241, 66, 34, 212, 67, 94,
       228, 168, 10, 78, 184, 160, 160, 163, 72, 215, 99, 137, 83, 50,
       196, 108, 110, 104, 193, 137, 12, 240, 227, 101, 20, 32, 179, 11,
       0, 240, 168, 254, 112, 138, 232, 81, 87, 162, 151, 164, 25, 51,
       167, 64, 27, 35, 182, 109, 24, 26, 79, 162, 32, 219, 203, 117,
       121, 224, 192, 230, 106, 244, 67, 28, 100, 42, 14, 95, 184, 32,
       186, 183, 120, 215, 51, 137, 83, 54, 213, 108, 106, 104, 197, 201,
       8, 240, 235, 101, 148, 96, 179, 2, 33, 192, 172, 191, 121, 136,
       232, 169, 7, 254, 19, 98, 16, 181, 174, 80, 123, 35, 63, 104, 144,
       50, 205, 167, 51, 205, 171, 126, 65, 128, 64, 167, 42, 245, 237,
       157, 122, 168, 236, 87, 252, 179, 222, 173, 25, 119, 243, 75, 27,
       163, 198, 124, 78, 122, 103, 250, 51, 249, 235, 117, 124, 232,
       115, 194, 98, 212, 158, 157, 247, 170, 47, 85, 183, 178, 186, 162,
       92, 247, 113, 64, 11, 5, 118, 108, 42, 120, 101, 219, 32, 193,
       171, 117, 16, 96, 249, 129, 43, 244, 60, 188, 246, 172, 108, 85,
       159, 242, 187, 135, 24, 215, 241, 73, 27, 129, 214, 125, 18, 120,
       109, 219, 34, 217, 227, 117, 57, 168, 121, 214, 34, 228, 85, 21,
       103, 152, 79, 71, 184, 118, 162, 43, 12, 211, 101, 9, 113, 145,
       84, 104, 110, 105, 240, 121, 30, 237, 186, 69, 20, 88, 251, 64,
       48, 100, 119, 21, 103, 116, 79, 230, 56, 120, 168, 123, 72, 211,
       109, 29, 48, 156, 92, 108, 99, 233, 240, 217, 14, 165, 182, 37,
       20, 72, 251, 70, 176, 252, 188, 189, 114, 169, 237, 85, 158, 187,
       63, 172, 24, 247, 247, 72, 59, 129, 86, 236, 16, 58, 111, 250, 51,
       203, 211, 117, 125, 192, 81, 198, 43, 200, 184, 159, 112, 137,
       236, 113, 23, 250, 83, 34, 24, 190, 151, 64, 251, 161, 54, 104,
       24, 51, 77, 178, 49, 201, 251, 80, 106, 202, 64, 135, 59, 225,
       172, 189, 86, 205, 77, 69, 47, 235, 243, 164, 24, 246, 241, 68,
       55, 137, 118, 104, 8, 123, 111, 250, 51, 125, 154, 85, 58, 64,
       104, 214, 42, 56, 161, 120, 98, 252, 205, 83, 217, 99, 173, 173,
       8, 19, 209, 72, 16, 24, 152, 68, 120, 26, 106, 232, 21, 251, 205,
       37, 125, 98, 138, 198, 162, 220, 97, 159, 228, 138, 74, 87, 56,
       34, 166, 167, 8, 87, 55, 73, 91, 51, 212, 109, 98, 104, 65, 249,
       8, 249, 227, 101, 20, 160, 243, 6, 98, 93, 124, 191, 100, 136,
       110, 95, 176, 161, 254, 175, 13, 215, 127, 91, 122, 181, 213, 125,
       127, 153, 69, 185, 34, 219, 255, 101, 84, 232, 243, 198, 114, 68,
       176, 189, 243, 184, 237, 25, 159, 158, 113, 129, 25, 151, 255, 72,
       26, 133, 91, 121, 17, 19, 76, 218, 51, 205, 221, 31, 126, 144, 65,
       135, 114, 240, 224, 189, 116, 8, 204, 81, 23, 160, 23, 164, 24,
       51, 151, 64, 27, 0, 182, 105, 8, 10, 79, 242, 1, 211, 129, 112,
       56, 96, 144, 198, 106, 112, 157, 63, 254, 24, 197, 21, 105, 150,
       77, 137, 9, 247, 247, 40, 80, 196, 187, 121, 129, 75, 11, 218, 63,
       241, 167, 186, 56, 16, 2, 165, 122, 228, 177, 185, 242, 236, 205,
       85, 157, 138, 253, 165, 29, 183, 221, 75, 58, 141, 219, 125, 81,
       219, 103, 250, 49, 207, 217, 29, 125, 208, 25, 150, 115, 117, 5,
       29, 109, 16, 14, 71, 57, 36, 160, 239, 64, 211, 115, 8, 80, 80,
       196, 108, 106, 89, 144, 89, 12, 225, 175, 101, 20, 104, 162, 64,
       32, 96, 40, 157, 126, 9, 225, 17, 79, 198, 149, 160, 24, 226, 245,
       32, 90, 201, 50, 106, 0, 26, 107, 218, 61, 217, 178, 81, 27, 208,
       0, 102, 42, 52, 101, 121, 110, 124, 95, 86, 248, 67, 168, 185, 8,
       83, 125, 29, 48, 216, 220, 86, 98, 204, 35, 121, 158, 243, 221,
       37, 61, 117, 187, 94, 2, 92, 109, 250, 231, 146, 78, 127, 184, 56,
       164, 239, 9, 223, 119, 11, 82, 50, 245, 121, 106, 96, 208, 249,
       46, 245, 239, 7, 5, 33, 243, 39, 98, 100, 164, 189, 251, 136, 109,
       87, 138, 22, 119, 169, 24, 215, 119, 72, 27, 217, 210, 105, 18,
       59, 100, 251, 51, 237, 215, 85, 124, 208, 91, 134, 98, 244, 178,
       221, 112, 40, 105, 81, 154, 178, 63, 165, 56, 23, 135, 72, 27, 7,
       148, 109, 24, 42, 71, 234, 17, 217, 131, 113, 124, 224, 193, 6,
       35, 112, 104, 153, 116, 40, 141, 80, 23, 225, 168, 162, 72, 183,
       147, 64, 18, 128, 180, 108, 8, 72, 126, 208, 8, 209, 201, 52, 48,
       96, 128, 2, 10, 10, 181, 112, 9, 243, 223, 188, 111, 63, 109, 124,
