%YAML:1.0
---
descriptors: !!opencv-matrix
   rows: 276
   cols: 32
   dt: u
   data: [ 93, 221, 91, 103, 176, 78, 79, 188, 112, 234, 126, 100, 243,
       119, 137, 112, 54, 118, 28, 106, 233, 144, 121, 46, 227, 239, 37,
       128, 40, 243, 224, 57, 248, 184, 253, 112, 169, 221, 81, 215, 242,
       63, 164, 24, 51, 183, 66, 59, 5, 146, 236, 24, 58, 111, 178, 49,
       219, 203, 117, 121, 226, 192, 198, 123, 93, 93, 127, 103, 176, 78,
       79, 188, 96, 232, 190, 72, 247, 119, 137, 112, 22, 244, 92, 106,
       233, 129, 121, 46, 225, 239, 37, 148, 104, 243, 192, 49, 252, 172,
       253, 118, 136, 111, 69, 191, 179, 190, 164, 24, 115, 119, 65, 27,
       9, 246, 109, 42, 120, 111, 251, 42, 251, 203, 117, 60, 98, 241,
       198, 106, 172, 48, 189, 115, 173, 125, 81, 152, 91, 255, 165, 24,
       222, 93, 73, 59, 145, 17, 253, 58, 59, 100, 251, 16, 207, 219, 81,
       125, 194, 105, 70, 115, 96, 168, 157, 250, 220, 237, 16, 143, 158,
       19, 164, 24, 182, 243, 104, 90, 193, 114, 106, 24, 18, 107, 218,
       49, 205, 163, 119, 121, 144, 72, 135, 170, 117, 5, 125, 101, 176,
       14, 79, 48, 232, 160, 170, 8, 215, 115, 1, 115, 146, 212, 124,
       106, 105, 161, 121, 12, 225, 235, 101, 16, 96, 242, 64, 32, 232,
       180, 188, 250, 141, 253, 84, 175, 219, 31, 172, 24, 190, 253, 76,
       59, 137, 18, 251, 0, 58, 111, 242, 147, 235, 219, 84, 123, 210,
       72, 198, 10, 252, 78, 156, 116, 168, 44, 85, 191, 160, 186, 166,
       120, 87, 119, 1, 91, 135, 213, 109, 42, 104, 71, 203, 2, 211, 235,
       117, 28, 96, 240, 134, 35, 192, 140, 157, 255, 200, 237, 21, 183,
       158, 23, 96, 24, 182, 243, 64, 91, 129, 114, 106, 8, 50, 76, 218,
       49, 205, 163, 84, 120, 144, 72, 133, 170, 21, 237, 59, 99, 148,
       79, 103, 236, 118, 160, 110, 0, 83, 209, 121, 96, 57, 204, 2, 122,
       75, 240, 57, 63, 233, 143, 5, 36, 112, 187, 80, 32, 244, 100, 253,
       100, 15, 75, 71, 40, 64, 182, 167, 8, 83, 53, 73, 59, 25, 212,
       104, 98, 104, 102, 249, 8, 249, 131, 69, 53, 97, 122, 70, 98, 69,
       113, 17, 69, 17, 15, 102, 56, 104, 168, 99, 76, 214, 17, 9, 48,
       144, 68, 72, 110, 193, 176, 209, 12, 165, 188, 1, 4, 72, 51, 67,
       33, 188, 42, 123, 96, 2, 106, 67, 80, 96, 166, 39, 40, 83, 23,
       129, 59, 58, 244, 68, 122, 8, 246, 160, 8, 83, 201, 97, 0, 225,
       243, 70, 160, 117, 135, 29, 103, 180, 14, 71, 184, 96, 170, 59,
       76, 211, 97, 152, 50, 20, 70, 108, 110, 249, 176, 237, 46, 228,
       175, 37, 20, 104, 243, 210, 33, 216, 52, 188, 242, 173, 252, 89,
       31, 187, 91, 183, 24, 159, 255, 72, 59, 133, 151, 253, 24, 186,
       79, 242, 18, 219, 251, 118, 249, 130, 192, 199, 115, 230, 172,
       182, 190, 253, 47, 254, 239, 255, 187, 250, 18, 238, 234, 20, 91,
       251, 239, 127, 145, 186, 255, 219, 255, 189, 254, 223, 118, 193,
       120, 243, 138, 226, 188, 180, 254, 253, 173, 92, 255, 159, 187,
       242, 24, 235, 249, 84, 91, 201, 239, 127, 145, 186, 111, 219, 243,
       191, 223, 223, 122, 210, 88, 226, 138, 232, 188, 180, 248, 173,
       253, 80, 215, 255, 123, 180, 24, 191, 253, 80, 59, 205, 179, 255,
       24, 186, 111, 242, 179, 223, 219, 84, 123, 210, 204, 198, 91, 230,
       236, 212, 223, 252, 43, 238, 239, 191, 179, 250, 18, 236, 234, 29,
       91, 251, 239, 127, 131, 50, 255, 203, 251, 190, 190, 223, 180,
       149, 121, 243, 128, 230, 172, 214, 255, 252, 47, 254, 239, 191,
       187, 250, 18, 238, 234, 60, 91, 251, 239, 127, 131, 58, 255, 203,
       255, 191, 254, 223, 180, 213, 248, 243, 137, 229, 78, 13, 103,
       180, 46, 103, 184, 112, 170, 126, 76, 211, 97, 145, 112, 21, 68,
       108, 110, 169, 180, 77, 46, 228, 239, 37, 20, 104, 243, 82, 33,
       246, 236, 254, 255, 254, 169, 254, 255, 191, 179, 250, 146, 253,
       239, 124, 91, 239, 247, 127, 147, 178, 111, 203, 243, 254, 251,
       255, 252, 213, 248, 243, 137, 72, 188, 152, 49, 201, 109, 53, 143,
       59, 63, 36, 25, 142, 55, 74, 26, 129, 27, 233, 16, 18, 88, 219,
       115, 207, 215, 85, 119, 194, 80, 143, 138, 197, 116, 149, 103, 1,
       78, 119, 184, 121, 202, 99, 28, 222, 115, 9, 59, 145, 68, 104,
       106, 225, 244, 249, 74, 229, 250, 69, 6, 72, 115, 67, 35, 197,
       244, 141, 19, 172, 47, 231, 152, 122, 243, 11, 92, 214, 112, 217,
       43, 17, 68, 120, 127, 179, 116, 251, 50, 237, 14, 101, 116, 200,
       123, 211, 48, 240, 170, 255, 120, 10, 232, 17, 71, 162, 23, 164,
       184, 39, 135, 64, 27, 35, 178, 237, 144, 58, 79, 162, 49, 219,
       227, 112, 121, 224, 192, 166, 106, 244, 188, 253, 114, 168, 109,
       81, 219, 178, 183, 165, 24, 83, 247, 72, 27, 3, 214, 109, 24, 58,
       79, 250, 34, 217, 203, 117, 124, 224, 225, 198, 99, 248, 244, 220,
       50, 136, 237, 85, 222, 163, 55, 172, 25, 23, 183, 74, 27, 129,
       211, 237, 16, 58, 79, 218, 51, 219, 195, 117, 125, 224, 208, 142,
       90, 216, 172, 156, 178, 137, 237, 84, 143, 186, 55, 160, 25, 175,
       191, 66, 154, 129, 211, 237, 17, 62, 79, 218, 51, 219, 195, 125,
       127, 176, 85, 143, 10, 45, 113, 17, 101, 17, 95, 66, 24, 97, 224,
       109, 8, 211, 16, 69, 176, 144, 92, 68, 106, 77, 176, 241, 8, 231,
       221, 1, 54, 74, 51, 74, 166, 212, 54, 255, 101, 34, 106, 97, 80,
       112, 166, 167, 40, 83, 55, 193, 59, 54, 244, 68, 58, 40, 245, 161,
       10, 81, 171, 97, 4, 225, 225, 102, 161, 197, 113, 153, 101, 97,
       78, 117, 0, 104, 234, 35, 8, 214, 49, 65, 58, 144, 84, 104, 106,
       65, 240, 241, 0, 205, 185, 69, 2, 200, 115, 67, 34, 100, 113, 24,
       97, 0, 15, 83, 24, 98, 172, 37, 12, 150, 19, 65, 16, 144, 28, 64,
       120, 0, 112, 249, 16, 197, 137, 33, 52, 72, 35, 66, 162, 248, 188,
       222, 114, 168, 173, 80, 223, 178, 191, 164, 29, 55, 243, 66, 27,
       129, 226, 237, 16, 58, 111, 218, 51, 219, 195, 117, 121, 232, 192,
       202, 26, 205, 117, 149, 71, 241, 94, 118, 184, 121, 234, 111, 76,
       222, 114, 13, 181, 145, 92, 112, 106, 225, 240, 217, 110, 47, 190,
       69, 6, 202, 115, 75, 183, 252, 44, 252, 118, 137, 109, 85, 223,
       147, 183, 180, 24, 83, 241, 75, 31, 9, 214, 236, 26, 58, 103, 250,
       32, 219, 219, 85, 61, 227, 249, 198, 34, 93, 213, 125, 103, 176,
       14, 79, 189, 100, 168, 190, 64, 247, 119, 137, 112, 22, 214, 92,
       106, 233, 129, 121, 46, 241, 239, 37, 148, 32, 243, 192, 49, 236,
       48, 189, 99, 173, 111, 81, 152, 91, 255, 181, 24, 223, 93, 73, 59,
       153, 212, 124, 58, 11, 102, 251, 16, 207, 219, 117, 125, 194, 251,
       70, 115, 252, 112, 189, 103, 44, 78, 87, 152, 115, 186, 183, 8,
       215, 85, 73, 59, 148, 212, 124, 122, 233, 103, 249, 32, 211, 201,
       101, 52, 224, 243, 70, 51, 212, 149, 93, 231, 180, 46, 79, 184,
       52, 168, 255, 96, 215, 115, 137, 80, 55, 214, 93, 122, 121, 144,
       105, 46, 233, 239, 37, 212, 32, 243, 192, 33, 252, 28, 157, 244,
       168, 44, 84, 182, 162, 186, 178, 120, 95, 183, 65, 91, 133, 247,
       253, 2, 104, 71, 202, 0, 211, 235, 117, 152, 224, 240, 130, 59,
       104, 180, 188, 251, 173, 253, 81, 15, 255, 59, 173, 24, 158, 253,
       72, 59, 137, 146, 253, 16, 58, 106, 251, 145, 207, 219, 80, 127,
       210, 72, 198, 34, 246, 236, 214, 191, 236, 171, 254, 239, 191,
       187, 251, 18, 238, 234, 93, 75, 255, 255, 127, 179, 112, 231, 203,
       255, 190, 254, 223, 190, 197, 251, 227, 129, 64, 140, 157, 254,
       136, 237, 17, 135, 150, 23, 96, 16, 183, 243, 96, 89, 129, 122,
       40, 16, 58, 72, 218, 49, 201, 162, 85, 56, 144, 72, 135, 42, 69,
       241, 149, 71, 157, 14, 102, 184, 106, 184, 43, 76, 214, 113, 89,
       50, 145, 68, 104, 126, 195, 112, 217, 25, 173, 188, 5, 52, 72, 51,
       67, 33, 101, 99, 16, 69, 116, 15, 102, 56, 104, 168, 115, 76, 211,
       0, 157, 180, 144, 76, 68, 110, 193, 176, 201, 12, 36, 188, 33, 4,
       72, 179, 74, 5, 38, 101, 226, 239, 252, 11, 254, 232, 63, 160,
       251, 131, 207, 239, 29, 80, 126, 205, 127, 227, 232, 243, 203,
       254, 255, 254, 135, 180, 117, 251, 102, 131, 135, 87, 127, 229,
