%YAML:1.0
---
descriptors: !!opencv-matrix
   rows: 288
   cols: 32
   dt: u
   data: [ 13, 117, 49, 71, 113, 78, 103, 184, 121, 192, 107, 72, 222,
       87, 9, 180, 146, 92, 64, 106, 193, 176, 249, 110, 165, 188, 1, 6,
       66, 51, 67, 161, 133, 215, 159, 167, 240, 14, 111, 189, 124, 234,
       94, 228, 245, 115, 153, 96, 55, 110, 54, 110, 225, 208, 125, 46,
       228, 175, 39, 128, 8, 242, 129, 185, 100, 113, 17, 71, 85, 79, 99,
       184, 107, 160, 43, 8, 214, 81, 73, 52, 145, 92, 64, 122, 65, 112,
       249, 30, 173, 156, 5, 54, 66, 59, 71, 162, 36, 81, 49, 71, 85, 79,
       71, 40, 76, 160, 107, 8, 214, 17, 13, 52, 144, 92, 82, 106, 65,
       176, 121, 28, 37, 156, 1, 54, 82, 59, 86, 226, 100, 225, 25, 105,
       89, 77, 83, 168, 2, 48, 45, 8, 242, 83, 73, 48, 153, 88, 64, 122,
       74, 96, 251, 21, 111, 141, 5, 61, 80, 42, 70, 162, 125, 117, 61,
       103, 172, 78, 79, 184, 97, 248, 191, 76, 219, 119, 217, 51, 148,
       212, 124, 106, 201, 96, 249, 40, 227, 249, 101, 52, 106, 179, 66,
       113, 88, 168, 219, 248, 154, 233, 81, 23, 178, 21, 164, 57, 55,
       183, 98, 90, 99, 178, 109, 16, 26, 79, 162, 51, 219, 199, 48, 121,
       176, 128, 134, 106, 80, 184, 191, 248, 10, 233, 17, 23, 166, 23,
       134, 56, 55, 151, 96, 122, 39, 179, 237, 16, 26, 79, 131, 17, 217,
       195, 112, 121, 176, 64, 164, 43, 236, 112, 189, 99, 45, 125, 83,
       152, 123, 251, 165, 24, 222, 93, 73, 59, 145, 80, 124, 58, 171,
       100, 251, 18, 207, 219, 85, 127, 194, 107, 70, 114, 208, 152, 191,
       244, 138, 110, 113, 151, 180, 223, 166, 24, 255, 55, 0, 123, 35,
       246, 108, 24, 59, 77, 179, 100, 217, 163, 116, 64, 160, 224, 133,
       107, 237, 84, 149, 71, 173, 111, 71, 152, 59, 190, 39, 28, 214,
       115, 73, 127, 145, 68, 120, 122, 33, 68, 251, 34, 207, 219, 69,
       52, 130, 123, 198, 114, 108, 229, 153, 122, 201, 73, 87, 173, 179,
       151, 173, 25, 86, 243, 74, 58, 145, 210, 97, 114, 122, 67, 218,
       51, 251, 215, 85, 125, 208, 114, 206, 194, 60, 101, 209, 110, 217,
       79, 86, 104, 147, 132, 169, 11, 91, 255, 107, 178, 217, 248, 210,
       242, 108, 99, 218, 158, 251, 205, 5, 61, 115, 127, 102, 226, 100,
       205, 40, 71, 157, 79, 71, 184, 55, 236, 174, 8, 243, 117, 27, 48,
       24, 222, 121, 106, 72, 50, 121, 63, 231, 159, 133, 53, 82, 251,
       86, 106, 252, 98, 220, 114, 141, 57, 84, 216, 146, 183, 181, 25,
       3, 225, 75, 27, 9, 212, 236, 82, 42, 103, 202, 48, 219, 203, 117,
       61, 227, 249, 78, 2, 44, 101, 123, 101, 85, 94, 94, 184, 117, 164,
       239, 9, 219, 77, 29, 16, 92, 220, 211, 106, 232, 178, 121, 14,
       103, 239, 133, 5, 99, 187, 126, 178, 240, 186, 255, 112, 138, 233,
       81, 87, 162, 55, 164, 56, 51, 151, 64, 27, 43, 178, 108, 24, 58,
       111, 178, 33, 217, 201, 116, 121, 225, 192, 198, 123, 240, 184,
       255, 112, 138, 253, 81, 215, 226, 247, 164, 24, 51, 183, 194, 59,
       43, 242, 236, 24, 59, 111, 178, 33, 219, 203, 117, 121, 225, 192,
       198, 122, 120, 184, 253, 122, 173, 253, 81, 223, 194, 119, 180,
       24, 59, 253, 66, 58, 137, 178, 236, 16, 30, 107, 250, 49, 219,
       203, 117, 121, 243, 200, 198, 123, 252, 100, 253, 102, 142, 75,
       87, 168, 83, 182, 165, 8, 83, 117, 73, 63, 25, 212, 104, 106, 104,
       103, 233, 10, 243, 203, 69, 53, 99, 251, 70, 34, 89, 186, 158, 48,
       170, 188, 88, 215, 162, 127, 180, 253, 63, 183, 66, 27, 167, 183,
       253, 20, 159, 79, 130, 49, 219, 235, 124, 249, 168, 192, 138, 91,
       96, 168, 152, 250, 204, 237, 65, 143, 202, 19, 164, 24, 182, 211,
       72, 122, 193, 146, 106, 24, 19, 111, 218, 49, 221, 145, 84, 121,
       208, 88, 199, 42, 144, 168, 155, 115, 144, 230, 66, 223, 118, 3,
       226, 16, 115, 211, 40, 120, 249, 254, 8, 136, 58, 253, 25, 55,
       219, 239, 179, 64, 160, 0, 230, 10, 213, 182, 151, 48, 169, 60,
       64, 147, 251, 187, 131, 92, 206, 178, 200, 255, 165, 71, 108, 28,
       191, 77, 139, 194, 152, 248, 127, 126, 136, 101, 139, 5, 81, 13,
       95, 101, 146, 46, 71, 55, 108, 0, 170, 0, 247, 115, 0, 113, 50,
       247, 108, 106, 25, 169, 113, 61, 251, 239, 36, 80, 96, 226, 192,
       40, 29, 69, 121, 99, 21, 79, 71, 184, 118, 160, 235, 10, 83, 113,
       9, 112, 49, 212, 8, 106, 104, 176, 121, 30, 233, 206, 5, 20, 113,
       187, 64, 34, 116, 109, 59, 70, 81, 70, 231, 232, 248, 160, 235, 8,
       80, 255, 45, 48, 248, 221, 83, 235, 73, 179, 184, 110, 117, 172,
       143, 12, 65, 51, 103, 162, 67, 59, 19, 133, 50, 142, 62, 48, 44,
       192, 74, 237, 140, 38, 135, 80, 134, 125, 76, 69, 133, 152, 148,
       108, 164, 52, 10, 130, 12, 38, 3, 125, 69, 113, 17, 69, 81, 95,
       118, 40, 104, 232, 107, 8, 214, 16, 13, 48, 144, 92, 64, 106, 65,
       176, 249, 12, 39, 156, 1, 6, 72, 51, 75, 167, 93, 79, 87, 71, 48,
       10, 78, 184, 101, 160, 171, 192, 115, 99, 145, 215, 18, 228, 108,
       110, 232, 161, 77, 44, 176, 234, 37, 20, 102, 243, 96, 32, 109,
       101, 49, 103, 181, 31, 118, 184, 121, 168, 59, 105, 218, 121, 157,
       176, 148, 76, 84, 110, 196, 240, 201, 174, 103, 222, 37, 22, 66,
       183, 82, 7, 133, 174, 157, 187, 236, 169, 109, 159, 238, 51, 66,
       112, 245, 227, 224, 75, 99, 74, 34, 28, 51, 92, 207, 49, 204, 131,
       127, 108, 144, 240, 161, 168, 129, 174, 159, 251, 164, 171, 105,
       159, 118, 19, 98, 80, 181, 195, 240, 105, 115, 10, 46, 28, 51,
       220, 15, 51, 204, 138, 119, 64, 184, 192, 161, 168, 52, 77, 18,
       142, 221, 71, 134, 232, 156, 164, 233, 10, 102, 224, 45, 144, 216,
       205, 66, 99, 76, 163, 24, 110, 185, 182, 7, 31, 80, 123, 108, 130,
       38, 197, 22, 190, 221, 199, 6, 224, 159, 132, 233, 9, 198, 248,
       45, 16, 216, 233, 226, 67, 76, 99, 90, 188, 185, 182, 5, 59, 80,
       59, 108, 6, 153, 134, 207, 115, 160, 170, 101, 159, 118, 83, 103,
       240, 211, 97, 144, 121, 19, 14, 44, 28, 187, 252, 77, 60, 206,
       235, 116, 68, 236, 192, 208, 32, 40, 253, 16, 63, 89, 205, 22,
       174, 31, 61, 40, 9, 174, 59, 65, 144, 129, 91, 195, 64, 70, 42,
       83, 183, 167, 213, 16, 59, 82, 13, 10, 139, 44, 180, 57, 65, 249,
       111, 17, 169, 123, 189, 37, 24, 206, 21, 76, 62, 145, 28, 232, 50,
       50, 112, 249, 22, 79, 213, 5, 119, 194, 11, 199, 34, 69, 245, 157,
       99, 164, 111, 39, 136, 122, 251, 43, 72, 214, 112, 73, 58, 145,
       84, 120, 123, 17, 112, 249, 32, 173, 158, 101, 116, 200, 123, 195,
       32, 77, 116, 145, 71, 193, 127, 118, 136, 121, 234, 47, 8, 222,
       112, 73, 62, 145, 92, 104, 58, 33, 244, 185, 10, 39, 222, 69, 54,
       202, 115, 67, 38, 109, 241, 152, 103, 177, 78, 118, 184, 107, 232,
       47, 12, 223, 115, 72, 48, 144, 92, 108, 106, 73, 240, 217, 40,
       239, 221, 5, 54, 74, 51, 74, 19, 13, 117, 17, 71, 81, 14, 102,
       184, 125, 232, 107, 72, 222, 81, 13, 180, 144, 92, 80, 106, 193,
       176, 121, 110, 39, 252, 5, 4, 74, 51, 75, 177, 120, 171, 254, 120,
       42, 201, 81, 119, 179, 21, 164, 56, 55, 183, 66, 16, 33, 178, 237,
       0, 122, 107, 162, 53, 219, 195, 116, 121, 99, 128, 198, 43, 220,
       61, 191, 116, 139, 108, 85, 151, 179, 183, 172, 24, 55, 183, 65,
       27, 35, 247, 109, 16, 50, 75, 186, 34, 219, 195, 85, 61, 226, 240,
       135, 106, 216, 186, 186, 248, 10, 233, 81, 23, 182, 23, 134, 57,
       55, 151, 96, 90, 39, 179, 237, 144, 26, 79, 162, 51, 217, 195,
       112, 121, 176, 128, 164, 122, 88, 152, 191, 116, 138, 108, 81, 23,
       178, 159, 166, 24, 127, 183, 64, 123, 37, 247, 109, 24, 57, 77,
       179, 33, 217, 227, 116, 88, 162, 224, 166, 107, 181, 71, 205, 39,
       150, 42, 71, 184, 116, 162, 235, 198, 83, 97, 153, 80, 121, 206,
       32, 238, 105, 244, 77, 46, 232, 167, 165, 4, 105, 251, 240, 32,
       129, 158, 157, 247, 176, 46, 44, 191, 190, 155, 122, 116, 247,
       115, 136, 99, 167, 119, 108, 8, 49, 220, 73, 46, 172, 255, 119,
       128, 200, 224, 161, 41, 117, 207, 73, 103, 144, 42, 71, 188, 112,
       162, 235, 200, 83, 97, 153, 48, 18, 198, 76, 110, 105, 176, 205,
