%YAML:1.0
---
descriptors: !!opencv-matrix
   rows: 253
   cols: 32
   dt: u
   data: [ 125, 93, 125, 103, 176, 78, 79, 184, 96, 232, 191, 76, 83,
       119, 137, 115, 22, 244, 92, 106, 233, 176, 249, 46, 227, 237, 37,
       148, 104, 243, 66, 49, 220, 213, 123, 231, 176, 79, 79, 189, 52,
       232, 255, 96, 247, 119, 137, 112, 86, 214, 29, 106, 249, 176, 121,
       47, 227, 239, 39, 148, 32, 242, 132, 121, 20, 173, 185, 239, 180,
       239, 111, 191, 54, 232, 223, 64, 247, 119, 153, 96, 87, 254, 29,
       58, 187, 144, 105, 63, 239, 237, 39, 212, 164, 251, 133, 113, 252,
       112, 189, 103, 40, 78, 83, 152, 99, 250, 183, 24, 215, 85, 73, 59,
       148, 212, 124, 122, 169, 102, 251, 0, 199, 217, 101, 52, 192, 179,
       70, 115, 252, 188, 252, 118, 136, 109, 85, 255, 178, 190, 164, 24,
       83, 247, 73, 27, 1, 214, 109, 42, 120, 71, 250, 42, 251, 203, 117,
       61, 224, 240, 198, 99, 120, 188, 253, 112, 168, 253, 81, 223, 243,
       255, 164, 24, 51, 247, 66, 59, 1, 242, 236, 24, 58, 107, 186, 49,
       219, 203, 117, 121, 226, 192, 198, 122, 254, 164, 188, 254, 173,
       63, 94, 190, 255, 251, 181, 24, 251, 239, 92, 27, 221, 199, 127,
       59, 186, 103, 251, 246, 255, 219, 245, 254, 210, 251, 210, 3, 113,
       133, 93, 101, 188, 14, 71, 180, 224, 160, 170, 8, 215, 51, 0, 115,
       130, 214, 108, 106, 105, 161, 121, 44, 241, 170, 101, 20, 96, 179,
       194, 32, 64, 136, 157, 251, 232, 237, 1, 151, 158, 19, 32, 24,
       182, 247, 64, 90, 129, 122, 106, 24, 50, 76, 218, 49, 205, 162,
       86, 120, 144, 72, 133, 170, 69, 247, 145, 3, 149, 12, 230, 184,
       122, 185, 43, 76, 246, 112, 88, 182, 145, 70, 104, 126, 195, 112,
       219, 119, 173, 188, 5, 100, 200, 51, 195, 37, 21, 197, 57, 107,
       148, 79, 71, 184, 118, 160, 235, 2, 83, 113, 57, 112, 113, 204,
       24, 106, 105, 176, 57, 31, 253, 142, 5, 84, 48, 187, 80, 32, 205,
       119, 57, 103, 224, 78, 55, 184, 57, 234, 127, 108, 222, 119, 137,
       52, 148, 93, 253, 98, 225, 240, 249, 78, 231, 255, 101, 134, 74,
       243, 7, 241, 5, 49, 17, 69, 85, 15, 98, 56, 104, 168, 107, 76,
       214, 81, 25, 48, 144, 12, 64, 110, 193, 176, 217, 12, 165, 188, 1,
       36, 72, 35, 67, 161, 198, 236, 246, 223, 236, 43, 254, 236, 127,
       162, 251, 154, 238, 238, 29, 65, 255, 255, 127, 227, 248, 247,
       207, 255, 190, 254, 207, 142, 133, 255, 225, 145, 85, 79, 93, 101,
       180, 14, 79, 186, 116, 234, 250, 68, 115, 97, 145, 80, 17, 230,
       108, 110, 233, 176, 77, 46, 232, 175, 37, 144, 232, 242, 64, 33,
       92, 16, 189, 247, 44, 108, 89, 152, 174, 254, 183, 40, 223, 247,
       73, 123, 199, 85, 125, 26, 169, 101, 235, 16, 203, 251, 119, 220,
       160, 249, 5, 115, 205, 116, 189, 103, 41, 126, 82, 136, 121, 250,
       167, 24, 215, 85, 73, 59, 145, 84, 108, 122, 41, 116, 249, 10,
       199, 251, 69, 54, 202, 115, 66, 50, 180, 104, 123, 69, 64, 74, 99,
       80, 96, 128, 102, 8, 19, 23, 129, 59, 56, 116, 64, 106, 1, 244,
       160, 40, 69, 169, 33, 0, 97, 179, 70, 160, 248, 188, 189, 112,
       169, 253, 89, 215, 251, 123, 180, 24, 191, 191, 66, 59, 133, 179,
       253, 24, 187, 111, 242, 179, 219, 219, 116, 123, 194, 72, 199,
       107, 249, 188, 188, 248, 173, 253, 81, 223, 255, 255, 180, 24,
       191, 253, 70, 59, 201, 178, 125, 24, 186, 111, 242, 179, 219, 219,
       85, 123, 210, 72, 194, 107, 194, 172, 246, 223, 238, 171, 252,
       239, 191, 179, 242, 186, 237, 239, 252, 123, 239, 255, 127, 145,
       186, 255, 203, 243, 222, 254, 223, 200, 135, 216, 161, 169, 236,
       52, 189, 97, 160, 110, 113, 25, 121, 191, 55, 24, 223, 119, 72,
       59, 149, 20, 125, 56, 177, 244, 249, 2, 207, 251, 117, 84, 192,
       224, 198, 115, 203, 172, 246, 254, 238, 173, 253, 255, 191, 147,
       246, 155, 253, 239, 244, 91, 239, 247, 127, 157, 187, 127, 203,
       243, 255, 255, 255, 200, 135, 252, 161, 169, 81, 142, 73, 107,
       176, 170, 107, 191, 116, 1, 106, 196, 243, 99, 144, 112, 51, 166,
       12, 60, 27, 184, 5, 63, 232, 175, 38, 64, 236, 194, 192, 40, 244,
       124, 221, 114, 136, 108, 69, 159, 178, 183, 165, 24, 19, 247, 72,
       27, 1, 214, 108, 10, 58, 103, 250, 34, 209, 171, 117, 60, 224,
       241, 198, 98, 220, 188, 255, 114, 138, 232, 81, 151, 178, 183,
       164, 56, 55, 247, 64, 27, 39, 247, 109, 24, 58, 79, 186, 34, 217,
       195, 117, 125, 224, 192, 134, 122, 205, 52, 157, 101, 129, 126,
       113, 27, 121, 234, 39, 84, 158, 51, 65, 123, 149, 84, 120, 56, 49,
       212, 241, 74, 199, 255, 83, 6, 138, 225, 3, 49, 240, 186, 254,
       112, 138, 233, 81, 215, 178, 23, 164, 185, 55, 231, 64, 27, 39,
       178, 109, 16, 58, 79, 162, 51, 217, 195, 116, 121, 224, 192, 134,
       123, 205, 116, 145, 71, 241, 127, 119, 184, 121, 234, 47, 8, 222,
       112, 73, 183, 145, 92, 96, 122, 97, 244, 249, 74, 239, 223, 69, 6,
       202, 115, 195, 38, 236, 48, 189, 99, 173, 125, 83, 152, 123, 123,
       165, 24, 223, 127, 73, 59, 145, 16, 253, 58, 59, 100, 251, 16,
       207, 219, 65, 127, 210, 75, 70, 114, 252, 188, 252, 118, 169, 109,
       85, 255, 179, 191, 164, 25, 123, 247, 75, 31, 9, 214, 237, 10, 56,
       103, 250, 34, 219, 203, 117, 61, 227, 240, 198, 106, 246, 237,
       246, 223, 252, 43, 238, 239, 191, 178, 251, 154, 239, 238, 93, 79,
       255, 239, 127, 179, 240, 247, 203, 238, 188, 254, 207, 142, 149,
       251, 227, 132, 104, 180, 189, 251, 189, 237, 81, 31, 223, 59, 173,
       24, 190, 253, 72, 59, 137, 147, 253, 16, 58, 106, 250, 147, 207,
       223, 80, 127, 210, 72, 198, 42, 120, 184, 253, 112, 168, 205, 81,
       215, 163, 63, 172, 8, 51, 183, 66, 58, 1, 242, 109, 16, 26, 107,
       178, 49, 219, 203, 117, 121, 226, 128, 198, 107, 104, 253, 180,
       252, 157, 205, 212, 231, 223, 11, 172, 8, 190, 191, 36, 50, 201,
       178, 251, 0, 122, 107, 210, 191, 251, 255, 22, 59, 210, 88, 214,
       10, 224, 188, 29, 250, 200, 237, 17, 142, 138, 25, 160, 24, 182,
       211, 72, 123, 129, 18, 106, 24, 35, 111, 218, 49, 221, 128, 117,
       120, 216, 89, 131, 42, 110, 253, 178, 252, 221, 207, 254, 230,
       255, 224, 236, 8, 186, 187, 53, 112, 201, 237, 123, 195, 105, 235,
       210, 254, 251, 255, 135, 59, 67, 121, 114, 130, 252, 20, 158, 244,
       168, 44, 85, 23, 179, 191, 182, 56, 87, 183, 65, 91, 167, 247,
       237, 0, 40, 71, 130, 2, 211, 235, 117, 152, 224, 241, 134, 35,
       220, 253, 190, 247, 172, 46, 126, 188, 191, 186, 191, 56, 223,
       255, 201, 91, 247, 215, 125, 122, 248, 69, 203, 178, 250, 251,
       103, 150, 162, 243, 131, 3, 220, 205, 156, 247, 172, 43, 126, 190,
       191, 186, 191, 24, 255, 235, 73, 91, 247, 215, 125, 234, 120, 229,
       203, 251, 254, 251, 255, 148, 134, 251, 163, 9, 69, 227, 144, 35,
       180, 14, 102, 168, 122, 184, 59, 76, 199, 96, 217, 146, 145, 76,
       108, 126, 212, 240, 205, 0, 172, 188, 37, 100, 192, 179, 203, 5,
       143, 117, 57, 71, 240, 14, 63, 184, 61, 234, 127, 96, 220, 119,
       137, 116, 150, 93, 119, 106, 225, 244, 233, 78, 103, 255, 39, 134,
       74, 243, 3, 241, 21, 225, 19, 99, 21, 79, 103, 232, 118, 224, 107,
       0, 211, 209, 57, 96, 88, 236, 34, 106, 73, 176, 57, 62, 233, 142,
       5, 36, 112, 59, 112, 160, 249, 56, 189, 112, 9, 252, 81, 19, 226,
       87, 164, 24, 18, 149, 66, 59, 129, 54, 120, 24, 43, 111, 242, 0,
       195, 233, 80, 121, 224, 64, 70, 106, 206, 172, 212, 183, 252, 43,
       238, 238, 191, 179, 251, 18, 237, 234, 89, 75, 251, 207, 110, 179,
       50, 247, 203, 251, 188, 255, 255, 212, 148, 121, 227, 128, 246,
       237, 214, 159, 252, 43, 238, 239, 63, 178, 251, 26, 236, 234, 29,
       83, 251, 207, 127, 227, 120, 255, 203, 255, 188, 190, 223, 212,
       133, 123, 225, 136, 198, 236, 246, 159, 237, 47, 110, 236, 127,
       162, 251, 26, 238, 234, 29, 65, 255, 239, 127, 227, 248, 247, 219,
       255, 189, 62, 207, 12, 165, 123, 225, 130, 252, 188, 180, 254,
       141, 253, 86, 191, 215, 187, 173, 24, 251, 253, 68, 59, 201, 242,
