%YAML:1.0
---
descriptors: !!opencv-matrix
   rows: 281
   cols: 32
   dt: u
   data: [ 237, 112, 189, 99, 45, 127, 83, 152, 99, 250, 165, 24, 211,
       85, 75, 59, 153, 212, 124, 122, 41, 100, 249, 2, 207, 219, 101,
       53, 194, 251, 86, 114, 253, 113, 125, 103, 168, 78, 71, 184, 97,
       232, 183, 72, 211, 119, 137, 51, 20, 212, 124, 106, 201, 97, 249,
       40, 243, 233, 101, 20, 106, 243, 70, 113, 92, 215, 123, 239, 176,
       78, 79, 189, 52, 234, 255, 100, 247, 119, 137, 112, 86, 246, 29,
       106, 249, 144, 105, 63, 225, 239, 39, 132, 40, 242, 128, 57, 125,
       93, 127, 102, 176, 78, 79, 188, 97, 232, 190, 76, 215, 119, 137,
       115, 54, 212, 124, 106, 201, 129, 249, 44, 243, 233, 101, 148, 40,
       243, 66, 57, 21, 183, 57, 239, 180, 47, 111, 189, 54, 234, 223,
       112, 215, 119, 136, 96, 119, 94, 29, 62, 251, 144, 105, 63, 233,
       237, 39, 196, 164, 251, 129, 113, 254, 252, 246, 255, 253, 43,
       254, 255, 191, 178, 251, 59, 239, 251, 95, 75, 255, 239, 255, 179,
       254, 119, 203, 255, 190, 255, 207, 143, 151, 253, 235, 139, 252,
       188, 253, 118, 168, 109, 85, 191, 179, 190, 164, 24, 115, 119, 65,
       27, 1, 214, 109, 42, 120, 71, 234, 42, 251, 203, 117, 60, 224,
       241, 198, 107, 252, 108, 252, 114, 141, 105, 85, 223, 211, 183,
       188, 25, 83, 233, 75, 27, 9, 222, 237, 26, 58, 103, 218, 50, 219,
       203, 117, 61, 243, 249, 206, 2, 246, 237, 214, 255, 237, 187, 254,
       239, 191, 179, 250, 147, 239, 238, 92, 199, 255, 255, 255, 151,
       112, 239, 203, 255, 190, 254, 223, 158, 151, 255, 227, 221, 96,
       168, 157, 250, 200, 237, 17, 142, 154, 17, 164, 24, 182, 243, 72,
       90, 129, 122, 106, 24, 18, 107, 218, 49, 221, 163, 116, 121, 144,
       72, 135, 42, 117, 13, 93, 100, 180, 14, 71, 53, 236, 160, 170, 72,
       215, 51, 129, 115, 130, 212, 124, 106, 105, 161, 81, 12, 241, 232,
       101, 16, 96, 178, 194, 32, 252, 88, 191, 116, 168, 108, 85, 50,
       160, 186, 166, 56, 119, 119, 1, 123, 135, 244, 109, 106, 104, 69,
       227, 40, 211, 235, 117, 24, 96, 241, 70, 43, 77, 103, 152, 39,
       176, 58, 110, 136, 121, 170, 59, 64, 207, 98, 201, 218, 151, 69,
       108, 126, 20, 240, 201, 74, 174, 255, 103, 4, 128, 243, 203, 1,
       13, 117, 57, 71, 240, 79, 55, 184, 57, 232, 127, 108, 222, 119,
       141, 52, 148, 93, 85, 106, 193, 240, 121, 110, 111, 223, 37, 166,
       74, 179, 7, 243, 246, 236, 246, 255, 252, 43, 254, 238, 191, 178,
       251, 146, 206, 238, 61, 75, 127, 239, 127, 227, 240, 247, 207,
       239, 188, 62, 207, 148, 197, 127, 243, 145, 22, 109, 118, 175,
       190, 11, 254, 232, 125, 162, 251, 2, 207, 234, 29, 1, 254, 237,
       127, 227, 232, 243, 201, 238, 190, 254, 207, 148, 101, 251, 97, 1,
       22, 101, 246, 199, 254, 11, 254, 232, 127, 162, 251, 10, 204, 234,
       61, 80, 251, 205, 127, 99, 224, 243, 137, 254, 60, 190, 143, 180,
       21, 123, 113, 129, 236, 237, 210, 191, 252, 43, 238, 236, 63, 162,
       251, 154, 239, 232, 89, 64, 251, 239, 127, 227, 120, 247, 203,
       255, 252, 247, 143, 12, 132, 251, 225, 128, 204, 220, 157, 254,
       169, 100, 93, 186, 171, 218, 167, 24, 246, 247, 105, 123, 197, 87,
       124, 2, 105, 71, 250, 32, 219, 243, 87, 58, 144, 113, 134, 51,
       248, 152, 220, 120, 171, 169, 81, 151, 131, 31, 181, 57, 59, 155,
       98, 27, 139, 146, 237, 16, 26, 111, 74, 49, 219, 217, 112, 121,
       243, 200, 204, 11, 220, 144, 189, 247, 44, 108, 121, 152, 174,
       255, 151, 56, 223, 255, 202, 91, 199, 85, 125, 58, 168, 69, 235,
       128, 203, 251, 119, 212, 164, 233, 5, 115, 236, 188, 180, 254,
       173, 253, 86, 178, 219, 187, 165, 24, 255, 249, 68, 27, 201, 226,
       125, 26, 58, 110, 250, 179, 251, 223, 213, 123, 210, 121, 214, 10,
       20, 181, 187, 114, 155, 237, 51, 207, 242, 177, 173, 24, 158, 247,
       72, 56, 161, 155, 64, 16, 19, 107, 186, 114, 219, 133, 21, 109,
       192, 67, 135, 162, 216, 176, 188, 240, 169, 237, 89, 31, 191, 255,
       180, 60, 159, 191, 64, 59, 135, 151, 125, 24, 186, 79, 243, 17,
       219, 251, 116, 255, 194, 192, 134, 123, 248, 188, 189, 112, 169,
       253, 89, 215, 251, 63, 180, 24, 191, 191, 64, 123, 133, 183, 253,
       16, 186, 111, 242, 179, 219, 251, 116, 123, 194, 72, 199, 123,
       248, 188, 189, 250, 173, 253, 85, 223, 255, 63, 180, 24, 191, 253,
       68, 59, 205, 242, 253, 24, 186, 111, 250, 179, 219, 219, 85, 123,
       210, 72, 198, 123, 214, 188, 254, 191, 238, 169, 252, 239, 190,
       187, 250, 58, 253, 254, 241, 123, 255, 247, 127, 129, 190, 127,
       203, 243, 254, 175, 255, 152, 133, 248, 161, 137, 229, 117, 181,
       103, 164, 14, 71, 184, 96, 234, 171, 76, 211, 112, 153, 51, 16,
       68, 124, 110, 201, 240, 249, 40, 229, 169, 101, 20, 72, 115, 194,
       33, 245, 21, 29, 101, 144, 14, 71, 188, 96, 232, 170, 76, 211,
       113, 1, 115, 16, 196, 124, 110, 233, 176, 249, 46, 225, 235, 101,
       16, 104, 243, 66, 32, 237, 253, 176, 83, 201, 221, 87, 190, 251,
       115, 44, 24, 190, 248, 70, 182, 129, 122, 208, 90, 247, 104, 250,
       179, 111, 223, 85, 123, 218, 85, 202, 254, 240, 170, 254, 120,
       138, 233, 81, 215, 178, 23, 164, 57, 55, 231, 64, 27, 3, 178, 109,
       16, 58, 79, 162, 49, 219, 195, 112, 121, 240, 192, 230, 106, 124,
       229, 216, 103, 240, 11, 71, 168, 51, 164, 239, 137, 195, 97, 11,
       16, 59, 236, 232, 106, 104, 242, 201, 46, 254, 231, 5, 53, 99,
       243, 206, 2, 204, 188, 189, 244, 169, 236, 21, 191, 187, 159, 36,
       25, 188, 247, 65, 91, 133, 119, 233, 16, 50, 77, 242, 35, 235,
       247, 93, 59, 128, 112, 135, 123, 244, 60, 221, 114, 136, 109, 85,
       219, 178, 190, 165, 24, 87, 247, 73, 27, 1, 214, 109, 26, 58, 71,
       250, 34, 219, 195, 117, 124, 224, 241, 198, 98, 45, 113, 17, 101,
       81, 15, 102, 56, 105, 224, 107, 76, 214, 16, 1, 48, 144, 92, 80,
       106, 193, 176, 209, 14, 103, 221, 1, 6, 74, 51, 67, 130, 220, 34,
       255, 96, 162, 106, 65, 88, 32, 180, 167, 56, 83, 87, 201, 59, 62,
       212, 68, 56, 56, 247, 160, 0, 91, 201, 101, 100, 225, 225, 102,
       225, 69, 113, 151, 101, 5, 78, 119, 0, 104, 226, 99, 8, 214, 49,
       65, 58, 144, 84, 104, 106, 65, 240, 241, 8, 197, 184, 69, 2, 72,
       115, 67, 34, 244, 10, 204, 180, 168, 40, 93, 159, 178, 183, 134,
       185, 87, 163, 67, 91, 3, 198, 109, 4, 56, 79, 203, 32, 216, 227,
       253, 189, 160, 240, 134, 74, 205, 117, 145, 71, 209, 127, 119,
       168, 121, 234, 47, 8, 222, 117, 77, 183, 145, 84, 104, 106, 97,
       240, 249, 10, 47, 223, 69, 54, 74, 115, 195, 34, 134, 173, 254,
       255, 252, 171, 254, 255, 191, 178, 251, 27, 238, 235, 92, 67, 255,
       239, 127, 163, 122, 255, 203, 255, 254, 255, 255, 167, 149, 249,
       225, 131, 134, 236, 254, 255, 236, 171, 254, 255, 191, 178, 243,
       26, 247, 235, 92, 75, 251, 255, 127, 163, 122, 247, 203, 251, 255,
       171, 255, 181, 213, 249, 225, 139, 236, 176, 189, 115, 173, 125,
       81, 153, 127, 127, 165, 24, 222, 125, 72, 59, 153, 18, 253, 16,
       58, 102, 251, 147, 207, 223, 81, 127, 210, 75, 198, 98, 252, 190,
       252, 118, 168, 109, 85, 255, 179, 190, 164, 57, 123, 247, 67, 27,
       1, 214, 237, 10, 56, 79, 234, 34, 219, 203, 117, 61, 226, 240,
       198, 107, 104, 180, 189, 251, 173, 253, 81, 11, 255, 127, 173, 24,
       222, 253, 72, 58, 129, 147, 253, 16, 58, 110, 251, 147, 207, 223,
       80, 127, 210, 72, 198, 98, 230, 236, 246, 159, 252, 171, 238, 236,
       191, 179, 251, 26, 238, 234, 124, 71, 123, 239, 127, 147, 250,
       255, 203, 255, 190, 254, 223, 150, 149, 123, 227, 132, 254, 101,
       180, 255, 237, 63, 94, 252, 255, 186, 189, 24, 207, 235, 93, 31,
       217, 238, 127, 122, 248, 103, 235, 250, 255, 255, 199, 188, 199,
       251, 210, 129, 248, 77, 93, 102, 168, 10, 71, 53, 224, 176, 174,
       8, 215, 51, 128, 115, 2, 246, 108, 106, 105, 33, 241, 44, 241,
       171, 101, 16, 96, 242, 195, 40, 252, 253, 188, 243, 185, 47, 94,
