%YAML:1.0
---
descriptors: !!opencv-matrix
   rows: 148
   cols: 32
   dt: u
   data: [ 236, 52, 189, 115, 173, 109, 81, 154, 203, 255, 165, 24, 222,
       21, 73, 59, 131, 84, 253, 26, 51, 102, 251, 16, 207, 219, 81, 127,
       194, 105, 71, 115, 248, 190, 247, 82, 171, 248, 85, 223, 179, 63,
       164, 56, 42, 231, 204, 159, 39, 246, 236, 24, 58, 79, 170, 227,
       155, 219, 85, 127, 226, 196, 230, 111, 240, 174, 222, 120, 170,
       233, 81, 215, 179, 31, 164, 185, 55, 231, 66, 27, 7, 178, 109, 24,
       58, 79, 202, 51, 219, 195, 116, 121, 224, 192, 134, 59, 37, 81,
       17, 69, 93, 79, 71, 40, 76, 224, 107, 72, 210, 16, 13, 180, 144,
       92, 80, 106, 65, 176, 121, 28, 37, 156, 1, 54, 88, 59, 82, 164,
       100, 103, 17, 71, 112, 14, 103, 184, 104, 172, 107, 72, 215, 65,
       137, 20, 144, 76, 68, 106, 64, 176, 233, 12, 101, 188, 37, 4, 64,
       179, 70, 161, 248, 188, 220, 114, 170, 233, 81, 215, 179, 191,
       164, 185, 63, 247, 66, 27, 39, 243, 109, 16, 58, 79, 202, 51, 219,
       195, 117, 121, 226, 192, 134, 107, 240, 170, 222, 112, 138, 169,
       81, 87, 163, 183, 164, 185, 23, 135, 66, 27, 47, 146, 69, 16, 26,
       79, 130, 16, 219, 195, 113, 125, 224, 192, 142, 43, 5, 85, 31,
       103, 176, 14, 111, 184, 116, 202, 95, 100, 213, 115, 137, 112, 54,
       76, 52, 238, 225, 144, 125, 46, 228, 175, 39, 132, 40, 243, 161,
       49, 20, 69, 27, 71, 21, 79, 103, 168, 118, 160, 235, 0, 83, 113,
       9, 112, 49, 220, 8, 106, 105, 177, 57, 30, 233, 142, 5, 20, 112,
       59, 84, 32, 77, 117, 16, 69, 81, 14, 118, 184, 105, 160, 107, 76,
       222, 48, 9, 180, 144, 76, 64, 106, 193, 240, 217, 14, 39, 188, 5,
       6, 74, 51, 75, 134, 13, 113, 17, 69, 81, 30, 102, 184, 121, 168,
       106, 76, 222, 17, 8, 180, 144, 92, 64, 106, 193, 176, 217, 14, 37,
       188, 5, 4, 74, 51, 75, 161, 100, 229, 189, 67, 137, 77, 87, 168,
       115, 183, 173, 8, 210, 117, 73, 50, 153, 86, 104, 122, 122, 98,
       251, 51, 111, 159, 69, 127, 194, 123, 198, 98, 104, 180, 188, 115,
       173, 253, 81, 31, 95, 59, 165, 24, 254, 125, 72, 59, 129, 18, 236,
       16, 58, 108, 251, 147, 207, 223, 81, 127, 210, 72, 198, 34, 212,
       20, 157, 119, 160, 110, 103, 188, 178, 251, 39, 112, 215, 119,
       201, 123, 7, 86, 124, 58, 57, 212, 249, 42, 237, 171, 117, 68,
       168, 243, 135, 49, 93, 213, 93, 231, 176, 78, 79, 184, 36, 170,
       191, 64, 215, 119, 136, 112, 22, 212, 92, 106, 249, 129, 121, 63,
       233, 239, 37, 148, 32, 243, 192, 49, 248, 186, 222, 120, 171, 169,
       80, 215, 130, 31, 180, 57, 47, 137, 98, 155, 139, 179, 237, 16,
       58, 111, 130, 49, 219, 195, 116, 121, 243, 200, 206, 11, 221, 92,
       157, 119, 168, 110, 71, 190, 240, 250, 166, 88, 247, 119, 73, 251,
       129, 118, 124, 42, 105, 197, 251, 42, 163, 251, 117, 20, 136, 241,
       195, 57, 204, 54, 188, 97, 160, 111, 49, 25, 59, 191, 63, 61, 206,
       119, 200, 26, 151, 21, 237, 48, 48, 244, 233, 66, 207, 215, 101,
       246, 202, 227, 135, 115, 181, 142, 77, 103, 180, 42, 103, 190,
       116, 163, 98, 212, 243, 97, 152, 112, 19, 238, 12, 46, 185, 188,
       77, 47, 236, 175, 37, 4, 236, 240, 208, 40, 221, 46, 150, 180,
       169, 60, 80, 151, 251, 187, 162, 88, 143, 178, 65, 251, 133, 231,
       236, 20, 191, 79, 131, 0, 152, 251, 127, 190, 138, 116, 139, 13,
       5, 119, 16, 69, 112, 30, 102, 184, 121, 168, 123, 76, 214, 16,
       141, 180, 148, 76, 68, 110, 197, 176, 217, 78, 38, 188, 37, 4, 74,
       178, 75, 133, 124, 125, 216, 110, 155, 88, 22, 168, 51, 182, 172,
       173, 75, 227, 75, 214, 83, 212, 236, 98, 110, 67, 203, 187, 250,
       247, 69, 63, 123, 247, 78, 18, 37, 113, 17, 71, 85, 79, 230, 184,
       106, 224, 35, 72, 214, 80, 77, 180, 144, 92, 80, 106, 193, 240,
       121, 28, 37, 156, 5, 54, 72, 59, 67, 164, 77, 119, 16, 69, 117,
       30, 102, 56, 121, 168, 106, 76, 222, 112, 29, 180, 144, 76, 64,
       110, 193, 240, 217, 14, 39, 188, 5, 4, 74, 51, 75, 133, 93, 85,
       125, 103, 48, 78, 79, 184, 116, 234, 255, 64, 211, 119, 137, 112,
       84, 212, 28, 106, 233, 176, 121, 14, 227, 239, 37, 148, 104, 243,
       64, 49, 108, 48, 189, 99, 173, 109, 81, 152, 75, 255, 165, 24,
       222, 93, 73, 58, 145, 84, 125, 58, 27, 100, 251, 16, 207, 219, 85,
       125, 194, 123, 71, 114, 84, 213, 25, 231, 176, 14, 79, 184, 52,
       168, 255, 96, 215, 119, 137, 112, 23, 212, 93, 122, 121, 144, 105,
       46, 233, 239, 37, 148, 160, 243, 128, 33, 252, 112, 189, 103, 40,
       78, 87, 152, 97, 186, 167, 8, 215, 87, 73, 59, 144, 212, 124, 122,
       201, 101, 251, 32, 195, 249, 101, 52, 64, 179, 70, 51, 108, 176,
       188, 115, 173, 109, 81, 154, 127, 59, 165, 24, 223, 125, 72, 59,
       145, 146, 236, 56, 26, 96, 251, 17, 207, 223, 81, 127, 210, 73,
       198, 34, 244, 32, 189, 100, 141, 111, 85, 40, 82, 182, 165, 24,
       83, 49, 73, 59, 9, 212, 104, 34, 40, 103, 249, 2, 219, 195, 69,
       53, 225, 121, 70, 34, 232, 181, 188, 250, 141, 237, 84, 47, 223,
       51, 164, 24, 190, 249, 72, 27, 201, 146, 249, 16, 58, 106, 210,
       177, 239, 219, 84, 123, 210, 72, 214, 10, 7, 95, 103, 135, 54, 82,
       191, 48, 108, 192, 91, 231, 253, 110, 151, 228, 246, 101, 23, 231,
       197, 144, 53, 236, 36, 52, 171, 130, 12, 183, 49, 85, 220, 112,
       156, 228, 44, 12, 88, 24, 171, 184, 183, 41, 223, 223, 73, 82,
       198, 149, 125, 90, 74, 7, 203, 128, 211, 249, 33, 188, 32, 162, 2,
       19, 200, 184, 188, 250, 41, 237, 80, 86, 255, 63, 181, 25, 158,
       159, 64, 27, 133, 49, 255, 16, 58, 111, 218, 243, 219, 219, 80,
       123, 194, 1, 135, 11, 234, 188, 180, 250, 237, 237, 80, 87, 191,
       59, 181, 24, 190, 191, 68, 27, 141, 179, 255, 16, 58, 111, 210,
       211, 223, 219, 82, 123, 210, 72, 198, 139, 109, 113, 16, 71, 101,
       30, 102, 56, 105, 224, 107, 76, 222, 48, 29, 182, 144, 68, 96,
       106, 193, 176, 217, 8, 39, 188, 5, 4, 74, 51, 74, 132, 252, 190,
       220, 50, 168, 173, 80, 222, 178, 187, 160, 93, 63, 243, 66, 27,
       129, 227, 237, 20, 62, 79, 218, 51, 218, 195, 117, 121, 232, 80,
       138, 11, 237, 117, 189, 119, 173, 94, 87, 189, 121, 250, 167, 56,
       210, 117, 73, 63, 145, 214, 124, 106, 105, 118, 251, 42, 247, 219,
       101, 54, 66, 123, 198, 35, 221, 220, 159, 119, 176, 110, 87, 190,
       116, 219, 111, 112, 247, 115, 128, 123, 19, 118, 124, 8, 169, 244,
       249, 47, 235, 239, 117, 64, 234, 241, 194, 57, 224, 188, 255, 80,
       234, 233, 181, 199, 250, 31, 176, 56, 50, 252, 68, 59, 175, 243,
       106, 16, 50, 111, 170, 115, 93, 138, 117, 121, 193, 64, 231, 235,
       210, 190, 151, 184, 139, 173, 0, 199, 187, 19, 160, 221, 38, 166,
       96, 31, 175, 163, 108, 21, 59, 79, 146, 115, 152, 146, 94, 122,
       216, 64, 163, 29, 199, 87, 103, 7, 66, 30, 175, 184, 44, 224, 111,
       199, 89, 102, 159, 231, 54, 69, 122, 238, 197, 208, 189, 108, 36,
       42, 111, 132, 111, 183, 33, 244, 109, 67, 96, 71, 116, 30, 102,
       56, 121, 168, 127, 76, 195, 32, 159, 148, 152, 76, 68, 110, 204,
       176, 237, 14, 38, 254, 33, 4, 74, 183, 90, 5, 45, 39, 80, 5, 244,
       26, 102, 56, 121, 172, 123, 76, 195, 96, 158, 148, 146, 76, 70,
       110, 228, 176, 77, 14, 38, 188, 37, 4, 66, 171, 74, 133, 240, 190,
       222, 112, 42, 168, 81, 82, 178, 159, 164, 185, 23, 167, 66, 27,
       39, 179, 109, 16, 58, 79, 130, 35, 219, 199, 113, 121, 224, 192,
       102, 115, 184, 184, 157, 121, 168, 239, 65, 31, 118, 123, 102, 80,
       183, 241, 0, 121, 81, 62, 44, 24, 59, 252, 83, 19, 205, 235, 117,
       80, 250, 200, 192, 40, 37, 113, 16, 5, 85, 31, 230, 184, 106, 224,
       43, 76, 210, 24, 93, 180, 144, 76, 80, 127, 197, 240, 217, 12, 44,
       28, 5, 116, 72, 59, 90, 132, 216, 120, 156, 114, 169, 237, 80, 22,
       171, 57, 181, 24, 158, 159, 64, 91, 132, 151, 253, 80, 26, 111,
       210, 240, 211, 251, 112, 122, 194, 17, 199, 27, 116, 112, 253,
       102, 168, 109, 87, 152, 162, 190, 161, 24, 83, 119, 73, 59, 145,
