%YAML:1.0
---
descriptors: !!opencv-matrix
   rows: 240
   cols: 32
   dt: u
   data: [ 36, 229, 57, 126, 29, 77, 87, 232, 67, 28, 237, 8, 246, 213,
       9, 48, 216, 216, 64, 106, 74, 34, 250, 31, 227, 221, 1, 61, 80,
       59, 70, 226, 100, 97, 18, 172, 89, 11, 134, 104, 174, 160, 233, 8,
       198, 226, 105, 80, 248, 236, 106, 98, 72, 67, 218, 24, 177, 132,
       11, 61, 16, 59, 35, 130, 125, 93, 125, 103, 180, 78, 79, 184, 96,
       234, 255, 96, 115, 119, 145, 114, 86, 212, 92, 106, 233, 176, 121,
       46, 227, 239, 37, 148, 106, 243, 66, 49, 253, 93, 121, 239, 180,
       14, 79, 188, 116, 234, 254, 64, 115, 119, 137, 112, 54, 212, 28,
       106, 233, 176, 121, 46, 227, 239, 37, 148, 104, 243, 192, 57, 252,
       108, 252, 118, 141, 105, 85, 222, 211, 182, 188, 24, 67, 241, 79,
       31, 9, 214, 236, 42, 104, 103, 251, 34, 251, 203, 85, 61, 227,
       249, 198, 42, 236, 52, 188, 115, 237, 109, 81, 152, 91, 251, 37,
       24, 222, 93, 73, 59, 145, 144, 253, 58, 58, 102, 251, 18, 207,
       219, 81, 125, 194, 107, 70, 179, 44, 180, 189, 250, 253, 253, 80,
       11, 223, 63, 173, 24, 158, 253, 72, 56, 137, 26, 251, 16, 58, 110,
       250, 151, 203, 223, 16, 127, 210, 8, 199, 194, 117, 13, 93, 101,
       184, 10, 71, 184, 232, 160, 170, 8, 215, 115, 1, 115, 18, 214,
       108, 106, 121, 161, 249, 44, 225, 171, 101, 16, 96, 243, 67, 32,
       104, 253, 55, 252, 221, 205, 84, 231, 223, 17, 168, 24, 174, 191,
       36, 80, 201, 51, 251, 0, 106, 107, 242, 191, 171, 255, 84, 59, 82,
       88, 214, 234, 224, 176, 149, 114, 141, 109, 80, 175, 255, 59, 163,
       24, 214, 123, 76, 123, 129, 23, 108, 16, 59, 105, 219, 147, 139,
       218, 85, 126, 208, 72, 196, 34, 238, 238, 246, 191, 252, 43, 254,
       254, 191, 251, 251, 218, 239, 235, 93, 91, 255, 215, 255, 179,
       248, 247, 207, 255, 190, 255, 255, 252, 199, 251, 243, 129, 69,
       247, 148, 3, 176, 12, 102, 188, 106, 185, 43, 76, 222, 112, 204,
       178, 149, 70, 108, 126, 215, 112, 217, 99, 173, 190, 39, 100, 200,
       19, 203, 5, 108, 119, 57, 71, 241, 79, 55, 184, 57, 234, 127, 108,
       222, 119, 9, 52, 149, 92, 245, 98, 225, 240, 249, 110, 111, 223,
       37, 134, 74, 115, 71, 243, 13, 99, 16, 71, 52, 14, 102, 56, 109,
       168, 107, 76, 223, 80, 153, 180, 144, 76, 68, 110, 193, 176, 73,
       12, 37, 252, 33, 4, 74, 179, 66, 1, 193, 117, 17, 77, 85, 30, 230,
       53, 104, 64, 106, 76, 254, 16, 21, 180, 144, 108, 64, 110, 229,
       176, 213, 79, 37, 184, 4, 2, 72, 50, 203, 141, 28, 181, 251, 82,
       155, 233, 17, 207, 243, 21, 173, 24, 26, 247, 76, 28, 161, 155,
       200, 16, 26, 107, 186, 119, 91, 197, 21, 111, 226, 64, 167, 226,
       1, 150, 16, 77, 116, 190, 98, 48, 108, 9, 123, 68, 222, 50, 172,
       244, 212, 12, 6, 44, 149, 184, 65, 95, 44, 190, 34, 66, 216, 130,
       73, 133, 220, 144, 156, 247, 172, 44, 93, 159, 190, 187, 183, 56,
       223, 247, 72, 123, 135, 87, 125, 24, 58, 77, 251, 1, 203, 251,
       119, 252, 162, 240, 131, 35, 216, 184, 188, 250, 169, 236, 89,
       223, 187, 59, 180, 56, 191, 191, 64, 59, 133, 183, 253, 24, 58,
       79, 250, 49, 219, 251, 117, 248, 128, 192, 135, 59, 206, 172, 246,
       255, 252, 169, 252, 255, 191, 251, 242, 251, 253, 254, 124, 123,
       255, 255, 255, 145, 179, 127, 203, 243, 254, 255, 255, 236, 149,
       252, 225, 153, 230, 236, 214, 223, 236, 169, 252, 239, 191, 179,
       242, 18, 236, 250, 93, 91, 235, 239, 127, 131, 34, 239, 203, 243,
       190, 250, 223, 190, 149, 121, 243, 139, 20, 237, 250, 171, 180,
       139, 255, 254, 46, 41, 250, 130, 247, 239, 88, 64, 255, 223, 95,
       147, 218, 184, 201, 63, 252, 237, 175, 196, 164, 219, 161, 137,
       204, 84, 63, 231, 32, 110, 119, 184, 57, 186, 246, 120, 215, 119,
       137, 123, 55, 212, 125, 106, 233, 212, 249, 10, 199, 251, 97, 132,
       32, 243, 71, 115, 206, 180, 189, 113, 161, 108, 49, 27, 59, 255,
       39, 56, 222, 119, 72, 59, 151, 23, 253, 48, 179, 84, 249, 66, 207,
       219, 117, 246, 130, 64, 135, 115, 77, 52, 157, 225, 129, 110, 113,
       19, 41, 235, 47, 84, 158, 51, 64, 126, 133, 21, 120, 56, 17, 220,
       241, 64, 207, 251, 87, 70, 138, 96, 131, 51, 69, 71, 69, 101, 48,
       10, 111, 184, 116, 32, 106, 196, 211, 33, 153, 112, 18, 204, 108,
       110, 105, 176, 77, 14, 164, 174, 37, 4, 40, 179, 64, 32, 248, 172,
       148, 58, 137, 249, 16, 206, 147, 23, 160, 25, 174, 235, 64, 155,
       129, 115, 233, 16, 62, 79, 218, 51, 155, 215, 85, 123, 210, 93,
       142, 10, 69, 113, 145, 103, 1, 78, 103, 56, 105, 234, 43, 8, 214,
       113, 9, 55, 144, 84, 104, 106, 65, 240, 249, 8, 165, 248, 69, 22,
       74, 115, 67, 34, 69, 71, 29, 69, 48, 14, 103, 56, 104, 136, 123,
       68, 211, 97, 137, 115, 20, 68, 108, 110, 225, 176, 105, 12, 228,
       170, 97, 4, 72, 243, 66, 33, 248, 162, 222, 112, 138, 233, 81,
       215, 178, 23, 164, 185, 23, 167, 66, 27, 39, 178, 109, 24, 58, 79,
       130, 0, 217, 195, 116, 121, 224, 192, 166, 107, 13, 113, 16, 69,
       85, 30, 102, 56, 104, 224, 106, 76, 222, 16, 1, 180, 144, 76, 64,
       110, 193, 176, 209, 12, 37, 156, 5, 6, 74, 51, 67, 134, 252, 40,
       204, 180, 138, 96, 85, 158, 162, 182, 134, 185, 87, 231, 67, 91,
       67, 246, 109, 130, 40, 71, 203, 32, 217, 227, 245, 61, 160, 241,
       134, 98, 125, 71, 77, 103, 180, 10, 71, 184, 97, 232, 191, 204,
       83, 97, 153, 178, 16, 196, 108, 110, 233, 176, 237, 46, 226, 239,
       101, 148, 107, 243, 210, 33, 141, 221, 93, 103, 176, 14, 111, 188,
       116, 234, 94, 100, 245, 115, 145, 112, 54, 110, 52, 110, 225, 208,
       125, 46, 236, 175, 39, 128, 40, 243, 129, 177, 237, 112, 189, 103,
       44, 94, 71, 152, 115, 250, 181, 8, 211, 93, 217, 59, 152, 84, 124,
       106, 233, 102, 249, 0, 199, 219, 101, 52, 74, 251, 82, 115, 125,
       93, 125, 103, 164, 78, 71, 184, 97, 232, 191, 72, 83, 117, 153,
       51, 22, 212, 124, 106, 201, 176, 249, 44, 243, 233, 101, 20, 98,
       243, 66, 49, 28, 157, 91, 231, 180, 111, 79, 189, 52, 170, 255,
       96, 215, 115, 137, 112, 55, 246, 93, 106, 121, 152, 105, 46, 233,
       239, 37, 148, 32, 243, 196, 33, 148, 189, 217, 239, 180, 46, 111,
       191, 54, 170, 223, 48, 247, 119, 137, 64, 119, 254, 29, 42, 56,
       144, 73, 63, 233, 239, 39, 132, 164, 243, 129, 49, 252, 188, 252,
       118, 141, 109, 85, 222, 211, 191, 188, 24, 67, 241, 79, 31, 9,
       214, 236, 18, 40, 103, 250, 34, 219, 203, 85, 61, 227, 249, 198,
       42, 228, 184, 157, 250, 232, 201, 17, 207, 138, 51, 160, 24, 182,
       243, 72, 27, 129, 18, 104, 16, 59, 111, 218, 113, 217, 146, 85,
       127, 216, 72, 135, 42, 44, 180, 188, 227, 253, 125, 81, 153, 95,
       59, 173, 24, 222, 125, 72, 58, 153, 26, 255, 16, 58, 102, 251,
       147, 207, 223, 17, 127, 210, 75, 198, 178, 252, 188, 252, 90, 139,
       109, 85, 206, 211, 191, 165, 25, 66, 241, 79, 27, 137, 210, 237,
       18, 58, 103, 218, 50, 219, 219, 85, 127, 243, 121, 206, 35, 230,
       237, 246, 255, 252, 171, 238, 238, 191, 179, 251, 26, 239, 234,
       125, 75, 123, 239, 127, 243, 250, 255, 203, 255, 190, 254, 223,
       156, 149, 251, 227, 129, 226, 253, 182, 252, 221, 205, 84, 230,
       255, 10, 232, 8, 174, 187, 37, 16, 201, 243, 251, 64, 106, 107,
       210, 255, 179, 254, 214, 59, 82, 88, 242, 10, 221, 117, 252, 247,
       172, 46, 127, 184, 123, 186, 191, 120, 223, 127, 201, 123, 151,
       215, 125, 122, 184, 245, 235, 170, 239, 251, 103, 148, 226, 243,
       194, 35, 249, 184, 191, 112, 137, 252, 81, 87, 226, 87, 164, 24,
       63, 149, 66, 58, 1, 182, 248, 24, 26, 111, 178, 33, 211, 169, 84,
       57, 226, 64, 198, 106, 196, 172, 214, 191, 236, 171, 238, 239,
       191, 179, 250, 26, 238, 234, 125, 75, 251, 239, 127, 131, 120,
       255, 203, 255, 188, 62, 223, 100, 197, 121, 225, 128, 134, 173,
       246, 255, 238, 171, 254, 239, 255, 179, 250, 26, 238, 234, 125,
       75, 255, 247, 127, 131, 248, 255, 203, 255, 188, 190, 223, 238,
