%YAML:1.0
---
descriptors: !!opencv-matrix
   rows: 278
   cols: 32
   dt: u
   data: [ 36, 181, 49, 67, 253, 79, 103, 184, 123, 248, 45, 8, 214, 117,
       77, 52, 145, 92, 82, 106, 65, 112, 249, 30, 237, 156, 5, 118, 66,
       59, 70, 225, 44, 245, 121, 106, 89, 77, 87, 184, 83, 16, 172, 8,
       242, 85, 9, 48, 152, 218, 64, 106, 74, 34, 251, 63, 227, 221, 5,
       61, 82, 187, 70, 162, 112, 184, 187, 112, 8, 205, 81, 87, 226,
       253, 164, 8, 51, 151, 64, 58, 1, 182, 108, 24, 11, 107, 178, 1,
       219, 201, 49, 121, 96, 128, 70, 122, 125, 85, 125, 103, 180, 78,
       79, 188, 96, 234, 255, 96, 83, 119, 153, 114, 22, 212, 60, 106,
       233, 144, 121, 46, 225, 239, 37, 148, 106, 243, 194, 49, 93, 221,
       125, 231, 176, 78, 79, 188, 116, 170, 255, 96, 247, 119, 137, 112,
       54, 246, 28, 106, 233, 176, 121, 46, 227, 239, 37, 148, 32, 243,
       196, 49, 252, 172, 253, 118, 136, 107, 69, 191, 178, 182, 164, 24,
       115, 119, 72, 27, 1, 246, 108, 42, 120, 111, 251, 46, 249, 171,
       117, 60, 224, 240, 198, 106, 156, 157, 91, 231, 180, 111, 111,
       190, 52, 238, 126, 100, 247, 119, 137, 80, 119, 254, 29, 106, 121,
       152, 121, 63, 237, 239, 167, 132, 164, 243, 132, 121, 236, 180,
       188, 99, 233, 109, 81, 152, 75, 251, 165, 24, 222, 93, 73, 59,
       145, 208, 252, 58, 59, 102, 251, 16, 207, 219, 65, 125, 194, 107,
       70, 51, 238, 236, 246, 255, 237, 187, 238, 252, 191, 178, 247, 26,
       239, 235, 253, 203, 123, 239, 255, 251, 232, 127, 239, 255, 190,
       255, 207, 156, 247, 255, 227, 128, 254, 237, 214, 255, 252, 171,
       254, 254, 63, 178, 251, 26, 238, 235, 125, 83, 255, 239, 127, 211,
       112, 255, 203, 255, 190, 254, 223, 158, 231, 251, 227, 129, 236,
       244, 189, 255, 189, 111, 94, 188, 127, 187, 183, 24, 223, 253, 88,
       59, 157, 214, 125, 122, 248, 103, 251, 186, 255, 255, 101, 116,
       210, 251, 198, 35, 77, 119, 185, 71, 112, 78, 55, 188, 57, 234,
       127, 100, 254, 119, 137, 52, 148, 93, 244, 98, 225, 208, 249, 78,
       103, 255, 37, 134, 74, 243, 7, 123, 248, 40, 254, 112, 11, 248,
       81, 71, 226, 23, 164, 24, 59, 151, 66, 187, 35, 178, 236, 24, 42,
       111, 162, 1, 219, 203, 112, 121, 226, 192, 206, 106, 69, 99, 16,
       71, 48, 14, 102, 56, 105, 168, 123, 76, 214, 0, 153, 180, 148, 68,
       108, 110, 193, 176, 201, 12, 36, 188, 37, 4, 72, 179, 67, 1, 150,
       237, 114, 239, 254, 2, 254, 248, 61, 162, 251, 130, 235, 111, 29,
       80, 254, 253, 127, 227, 232, 179, 201, 238, 190, 254, 143, 142,
       103, 243, 227, 129, 221, 113, 157, 103, 44, 14, 71, 184, 224, 234,
       163, 76, 215, 113, 9, 51, 0, 196, 124, 106, 233, 229, 185, 8, 225,
       233, 101, 20, 72, 179, 67, 51, 28, 165, 191, 114, 155, 233, 17,
       203, 179, 21, 173, 24, 10, 247, 76, 26, 163, 155, 200, 144, 26,
       107, 186, 115, 219, 197, 21, 111, 227, 65, 167, 226, 220, 144,
       188, 246, 172, 44, 121, 155, 171, 187, 183, 57, 223, 247, 72, 91,
       199, 87, 253, 17, 176, 69, 219, 129, 219, 251, 119, 252, 130, 232,
       129, 115, 216, 176, 189, 248, 169, 236, 89, 95, 187, 95, 180, 24,
       191, 255, 72, 59, 133, 147, 253, 24, 58, 79, 242, 17, 219, 251,
       122, 249, 162, 64, 134, 123, 248, 188, 188, 120, 173, 253, 81,
       215, 251, 59, 164, 24, 191, 255, 68, 123, 197, 183, 253, 16, 59,
       111, 250, 179, 219, 251, 84, 123, 210, 72, 198, 59, 230, 188, 214,
       223, 237, 175, 252, 239, 191, 187, 250, 50, 236, 250, 124, 91,
       239, 255, 127, 145, 50, 255, 203, 243, 191, 190, 223, 250, 149,
       248, 227, 139, 69, 79, 29, 103, 52, 14, 71, 48, 96, 136, 123, 64,
       247, 113, 129, 113, 20, 100, 108, 110, 233, 176, 105, 46, 228,
       175, 33, 0, 72, 179, 66, 33, 77, 113, 16, 69, 21, 14, 102, 56,
       104, 224, 107, 76, 222, 16, 9, 176, 144, 76, 80, 106, 197, 176,
       209, 8, 37, 188, 5, 6, 74, 51, 67, 134, 212, 14, 141, 244, 138,
       96, 85, 190, 162, 182, 134, 153, 87, 103, 65, 91, 97, 246, 109,
       138, 40, 71, 235, 32, 209, 227, 245, 28, 160, 241, 6, 106, 125,
       87, 77, 103, 180, 14, 79, 184, 112, 234, 123, 228, 211, 97, 153,
       112, 20, 196, 108, 110, 233, 176, 77, 46, 236, 175, 37, 148, 104,
       243, 82, 49, 125, 85, 125, 103, 180, 14, 79, 184, 96, 234, 191,
       76, 211, 113, 153, 114, 22, 68, 92, 110, 233, 176, 125, 46, 228,
       239, 37, 148, 106, 243, 66, 49, 125, 93, 121, 103, 176, 78, 79,
       184, 112, 234, 255, 96, 247, 119, 137, 112, 54, 214, 60, 106, 233,
       144, 121, 46, 227, 239, 37, 148, 96, 243, 196, 49, 96, 184, 157,
       250, 200, 237, 17, 206, 138, 51, 160, 24, 182, 211, 72, 27, 129,
       18, 106, 16, 27, 111, 218, 49, 217, 146, 81, 127, 208, 72, 7, 42,
       156, 157, 121, 239, 180, 111, 79, 189, 52, 234, 127, 112, 247,
       119, 136, 112, 87, 222, 29, 106, 121, 144, 105, 63, 235, 239, 37,
       132, 160, 243, 196, 49, 148, 172, 238, 255, 236, 171, 190, 239,
       62, 179, 243, 19, 247, 234, 88, 91, 255, 255, 127, 147, 186, 255,
       203, 115, 253, 239, 255, 228, 164, 121, 225, 130, 220, 76, 92,
       116, 40, 104, 76, 32, 160, 178, 167, 24, 247, 35, 1, 91, 35, 244,
       108, 106, 104, 69, 131, 8, 242, 235, 101, 17, 32, 241, 11, 32,
       230, 236, 246, 255, 236, 171, 238, 252, 191, 178, 243, 26, 237,
       235, 93, 75, 251, 239, 127, 243, 228, 231, 203, 255, 190, 254,
       207, 148, 151, 251, 227, 128, 246, 237, 246, 247, 252, 171, 254,
       252, 191, 178, 251, 26, 239, 235, 125, 71, 255, 255, 127, 243,
       232, 247, 203, 255, 190, 254, 207, 158, 135, 251, 227, 129, 232,
       181, 53, 250, 157, 253, 80, 15, 223, 29, 173, 24, 174, 253, 108,
       89, 201, 27, 251, 16, 58, 107, 242, 151, 207, 223, 84, 123, 210,
       72, 198, 106, 98, 253, 183, 252, 221, 205, 212, 231, 223, 3, 232,
       8, 174, 189, 36, 112, 201, 250, 251, 1, 122, 107, 210, 255, 179,
       255, 150, 59, 82, 88, 246, 10, 182, 237, 214, 191, 252, 43, 238,
       239, 63, 187, 251, 26, 239, 234, 93, 91, 251, 239, 127, 255, 120,
       247, 203, 254, 188, 254, 207, 188, 197, 251, 243, 128, 236, 236,
       180, 255, 173, 47, 94, 188, 95, 187, 189, 24, 207, 233, 89, 27,
       217, 214, 110, 122, 250, 103, 203, 191, 191, 255, 69, 126, 194,
       251, 210, 1, 252, 125, 253, 247, 188, 47, 95, 185, 251, 190, 191,
       56, 255, 127, 201, 59, 215, 215, 125, 122, 250, 103, 251, 170,
       251, 251, 103, 148, 194, 243, 199, 115, 69, 231, 144, 35, 180, 14,
       102, 184, 106, 189, 59, 76, 198, 96, 216, 146, 145, 76, 108, 126,
       212, 240, 205, 6, 172, 188, 37, 68, 192, 179, 203, 5, 141, 117,
       49, 71, 240, 30, 55, 184, 57, 232, 127, 96, 222, 119, 141, 52,
       150, 93, 117, 110, 225, 240, 233, 78, 103, 255, 37, 134, 66, 243,
       3, 241, 252, 253, 252, 247, 172, 47, 95, 188, 191, 186, 191, 25,
       223, 123, 9, 91, 151, 215, 125, 106, 120, 101, 203, 163, 239, 255,
       103, 212, 162, 243, 195, 35, 248, 168, 254, 112, 11, 249, 81, 71,
       226, 87, 164, 24, 59, 157, 66, 187, 33, 178, 236, 24, 26, 111,
       178, 33, 219, 203, 80, 123, 227, 196, 198, 106, 220, 252, 156,
       247, 188, 46, 94, 190, 191, 186, 182, 57, 223, 251, 73, 91, 247,
       247, 125, 250, 56, 197, 203, 238, 255, 251, 127, 148, 134, 249,
       129, 3, 220, 237, 156, 183, 172, 42, 126, 191, 191, 186, 250, 19,
       255, 234, 89, 75, 255, 231, 127, 147, 124, 213, 203, 250, 238,
       255, 255, 148, 164, 251, 225, 11, 86, 205, 86, 175, 254, 11, 238,
       232, 63, 162, 251, 2, 239, 234, 61, 64, 123, 207, 127, 227, 96,
       243, 203, 255, 188, 254, 207, 148, 37, 123, 225, 128, 101, 99, 64,
       7, 116, 26, 102, 56, 105, 172, 123, 232, 195, 64, 159, 148, 26,
       76, 68, 110, 204, 176, 205, 12, 38, 60, 37, 133, 70, 191, 90, 4,
       86, 229, 242, 175, 254, 11, 254, 232, 63, 162, 251, 10, 207, 234,
       61, 80, 127, 205, 127, 227, 232, 179, 201, 254, 190, 254, 143,
       140, 101, 251, 225, 1, 76, 112, 156, 247, 172, 14, 93, 152, 174,
       186, 151, 32, 223, 127, 73, 75, 199, 213, 127, 107, 72, 197, 75,
