%YAML:1.0
---
descriptors: !!opencv-matrix
   rows: 303
   cols: 32
   dt: u
   data: [ 244, 52, 189, 112, 168, 109, 81, 154, 179, 191, 165, 24, 23,
       183, 73, 27, 129, 214, 109, 16, 56, 99, 250, 2, 219, 211, 117,
       125, 194, 241, 70, 98, 124, 60, 185, 116, 136, 108, 85, 151, 179,
       191, 174, 24, 23, 183, 65, 58, 33, 214, 108, 24, 24, 107, 186, 32,
       219, 231, 117, 61, 226, 240, 134, 106, 209, 84, 157, 101, 40, 14,
       71, 50, 224, 250, 166, 84, 215, 51, 128, 115, 6, 212, 124, 106,
       233, 197, 241, 14, 225, 171, 101, 20, 40, 240, 66, 49, 208, 24,
       159, 116, 168, 108, 65, 55, 160, 155, 166, 24, 215, 55, 0, 123, 1,
       214, 108, 8, 57, 77, 179, 0, 217, 163, 116, 80, 160, 224, 134, 51,
       248, 176, 255, 112, 40, 205, 81, 83, 163, 29, 164, 56, 55, 151,
       64, 27, 38, 176, 109, 24, 10, 111, 178, 17, 219, 193, 112, 121,
       98, 128, 70, 123, 5, 117, 49, 71, 113, 94, 102, 188, 121, 224,
       107, 72, 222, 81, 13, 180, 144, 92, 80, 106, 193, 176, 121, 110,
       37, 188, 1, 6, 74, 51, 67, 178, 98, 168, 189, 126, 232, 100, 17,
       139, 186, 189, 160, 57, 84, 247, 68, 26, 129, 119, 109, 16, 18,
       79, 170, 113, 217, 178, 125, 255, 128, 32, 135, 99, 120, 56, 255,
       116, 168, 221, 85, 87, 227, 223, 164, 24, 51, 247, 66, 59, 5, 246,
       236, 16, 27, 107, 242, 33, 219, 235, 117, 57, 226, 208, 198, 122,
       1, 223, 31, 111, 48, 142, 47, 188, 124, 200, 94, 100, 245, 115,
       129, 96, 54, 110, 54, 110, 225, 152, 125, 47, 228, 174, 39, 128,
       8, 178, 129, 185, 85, 93, 125, 103, 48, 14, 79, 184, 96, 232, 191,
       76, 211, 113, 145, 114, 54, 228, 92, 110, 233, 176, 253, 46, 232,
       175, 37, 148, 104, 243, 66, 49, 252, 188, 181, 114, 173, 237, 81,
       218, 243, 191, 160, 24, 159, 253, 64, 59, 137, 211, 109, 16, 58,
       111, 250, 50, 219, 219, 85, 127, 226, 73, 198, 34, 210, 184, 157,
       242, 168, 236, 1, 143, 186, 251, 130, 88, 182, 247, 72, 123, 129,
       247, 125, 16, 59, 79, 218, 33, 153, 178, 95, 126, 128, 80, 135,
       51, 253, 113, 253, 103, 160, 78, 87, 184, 97, 234, 167, 72, 83,
       117, 201, 59, 22, 212, 124, 106, 201, 99, 249, 8, 243, 201, 101,
       52, 105, 179, 66, 113, 224, 188, 156, 250, 204, 237, 69, 175, 222,
       59, 36, 24, 246, 243, 72, 91, 129, 82, 106, 24, 51, 111, 219, 51,
       253, 162, 117, 124, 216, 72, 199, 42, 253, 197, 93, 103, 178, 74,
       79, 188, 96, 160, 171, 8, 215, 113, 8, 115, 18, 214, 124, 106,
       105, 176, 121, 45, 229, 235, 101, 20, 96, 179, 192, 32, 252, 172,
       253, 86, 136, 110, 69, 190, 178, 182, 164, 24, 83, 119, 72, 27, 1,
       214, 108, 42, 120, 111, 251, 42, 251, 235, 117, 60, 224, 241, 198,
       98, 236, 48, 189, 99, 173, 125, 81, 152, 75, 255, 165, 24, 222,
       93, 75, 59, 145, 16, 253, 58, 59, 102, 251, 16, 207, 219, 65, 127,
       210, 107, 70, 115, 149, 148, 57, 239, 180, 46, 111, 186, 54, 235,
       223, 112, 215, 119, 136, 96, 119, 94, 29, 62, 187, 148, 105, 63,
       232, 237, 39, 212, 168, 243, 129, 49, 236, 176, 188, 99, 173, 125,
       81, 152, 127, 127, 165, 24, 222, 125, 74, 59, 145, 18, 237, 58,
       58, 101, 251, 16, 207, 219, 81, 127, 210, 75, 198, 114, 144, 12,
       94, 245, 146, 106, 71, 166, 52, 162, 166, 16, 119, 115, 1, 81, 49,
       247, 77, 168, 56, 205, 81, 47, 233, 231, 117, 17, 160, 112, 228,
       42, 104, 180, 188, 250, 173, 237, 85, 15, 255, 63, 165, 25, 190,
       189, 74, 27, 137, 18, 255, 16, 58, 106, 250, 147, 207, 223, 80,
       123, 210, 72, 198, 74, 21, 197, 57, 111, 20, 79, 71, 184, 86, 160,
       235, 2, 83, 81, 25, 112, 49, 204, 8, 106, 105, 176, 121, 30, 233,
       142, 5, 20, 112, 187, 80, 32, 69, 102, 149, 71, 160, 62, 102, 152,
       120, 186, 43, 64, 222, 114, 201, 254, 151, 68, 108, 62, 181, 208,
       201, 66, 140, 190, 103, 4, 136, 243, 75, 5, 38, 253, 246, 239,
       252, 15, 254, 232, 63, 168, 251, 42, 220, 126, 29, 80, 255, 253,
       255, 227, 232, 243, 201, 254, 191, 254, 143, 134, 85, 255, 98,
       129, 248, 237, 124, 114, 154, 201, 85, 239, 178, 53, 165, 184, 47,
       231, 74, 16, 43, 147, 237, 144, 122, 75, 138, 23, 251, 199, 53,
       125, 226, 128, 134, 42, 232, 188, 188, 248, 173, 253, 80, 215,
       255, 123, 188, 24, 191, 189, 84, 59, 205, 178, 255, 24, 186, 111,
       242, 147, 219, 219, 85, 122, 210, 76, 214, 123, 248, 180, 188,
       248, 173, 253, 81, 95, 255, 91, 180, 24, 190, 191, 70, 59, 141,
       179, 253, 16, 186, 111, 242, 147, 219, 223, 80, 123, 210, 72, 198,
       123, 250, 252, 180, 252, 189, 253, 92, 247, 159, 123, 180, 24,
       186, 253, 116, 127, 205, 251, 255, 25, 186, 111, 242, 243, 251,
       219, 222, 122, 210, 220, 242, 138, 93, 207, 78, 111, 176, 10, 79,
       188, 100, 132, 174, 196, 211, 99, 155, 240, 51, 230, 12, 110, 105,
       161, 45, 62, 234, 239, 37, 20, 238, 243, 200, 32, 129, 142, 207,
       127, 164, 170, 101, 159, 118, 146, 98, 244, 243, 225, 145, 121,
       83, 110, 44, 14, 59, 252, 207, 51, 140, 170, 117, 0, 236, 208,
       208, 40, 13, 116, 145, 71, 193, 110, 55, 136, 121, 234, 111, 8,
       222, 119, 9, 52, 145, 93, 112, 42, 33, 240, 249, 106, 101, 255, 5,
       6, 202, 115, 3, 179, 69, 244, 157, 71, 172, 111, 231, 152, 122,
       251, 11, 92, 214, 112, 217, 43, 17, 70, 120, 127, 177, 112, 249,
       34, 173, 30, 101, 116, 200, 123, 211, 32, 248, 168, 216, 112, 170,
       233, 81, 207, 163, 183, 164, 185, 15, 151, 64, 26, 39, 211, 237,
       16, 58, 79, 170, 50, 219, 193, 117, 125, 224, 192, 134, 106, 77,
       21, 189, 117, 129, 126, 113, 19, 121, 227, 47, 20, 158, 55, 67,
       123, 133, 86, 120, 24, 177, 216, 241, 66, 207, 255, 84, 64, 138,
       224, 131, 112, 244, 174, 220, 114, 168, 173, 80, 223, 178, 191,
       164, 29, 55, 227, 66, 27, 1, 230, 109, 28, 58, 79, 218, 35, 218,
       203, 117, 121, 232, 192, 202, 11, 216, 152, 159, 116, 138, 108,
       81, 23, 162, 159, 162, 24, 119, 183, 64, 123, 37, 246, 108, 16,
       24, 79, 179, 0, 217, 227, 116, 88, 160, 224, 166, 107, 216, 184,
       191, 176, 107, 236, 80, 7, 163, 95, 164, 25, 63, 159, 66, 26, 167,
       191, 237, 16, 26, 79, 146, 1, 219, 211, 120, 123, 160, 0, 6, 91,
       213, 110, 234, 85, 180, 62, 102, 142, 115, 174, 246, 85, 67, 40,
       151, 120, 241, 206, 108, 190, 188, 244, 205, 42, 234, 239, 53,
       133, 233, 241, 250, 5, 5, 117, 17, 69, 85, 30, 230, 188, 125, 232,
       106, 76, 222, 80, 29, 180, 144, 76, 80, 106, 225, 176, 89, 110,
       39, 190, 5, 4, 74, 51, 75, 165, 37, 117, 145, 71, 85, 95, 102, 56,
       106, 232, 43, 72, 214, 80, 77, 180, 144, 92, 64, 122, 65, 240,
       249, 12, 45, 156, 5, 52, 72, 59, 66, 180, 221, 46, 156, 180, 168,
       56, 92, 138, 242, 179, 130, 125, 207, 234, 211, 219, 131, 199,
       236, 21, 60, 69, 199, 34, 218, 247, 119, 25, 168, 245, 139, 0,
       109, 48, 153, 103, 192, 110, 99, 152, 98, 226, 43, 8, 215, 113,
       73, 58, 145, 92, 96, 122, 1, 240, 249, 40, 77, 173, 69, 52, 200,
       115, 66, 34, 120, 185, 253, 116, 168, 204, 81, 95, 226, 157, 164,
       8, 59, 247, 64, 58, 129, 246, 109, 24, 26, 75, 242, 1, 219, 235,
       116, 57, 225, 128, 198, 123, 228, 180, 157, 250, 232, 237, 5, 143,
       186, 59, 161, 24, 246, 241, 72, 123, 129, 82, 106, 24, 51, 111,
       218, 51, 221, 130, 117, 124, 216, 88, 199, 58, 180, 108, 155, 127,
       148, 230, 71, 222, 118, 131, 226, 16, 243, 243, 33, 121, 217, 126,
       40, 26, 43, 246, 91, 47, 233, 175, 117, 0, 224, 241, 228, 162, 92,
       197, 93, 101, 178, 74, 79, 185, 97, 160, 170, 8, 215, 115, 9, 115,
       50, 214, 124, 106, 105, 176, 121, 45, 229, 233, 101, 20, 96, 243,
       192, 32, 3, 51, 234, 22, 226, 240, 188, 71, 58, 207, 125, 247, 40,
       238, 238, 58, 191, 107, 162, 133, 151, 219, 166, 99, 22, 39, 126,
       139, 205, 70, 175, 223, 125, 93, 125, 103, 176, 78, 79, 188, 96,
       232, 190, 68, 119, 119, 137, 114, 86, 244, 92, 106, 233, 161, 249,
       46, 227, 237, 101, 20, 104, 243, 66, 57, 253, 113, 253, 103, 44,
