%YAML:1.0
---
descriptors: !!opencv-matrix
   rows: 209
   cols: 32
   dt: u
   data: [ 216, 164, 156, 48, 169, 169, 20, 143, 187, 63, 160, 25, 143,
       167, 74, 27, 129, 147, 237, 16, 62, 77, 202, 19, 219, 211, 85,
       127, 128, 64, 143, 10, 252, 180, 189, 114, 168, 109, 81, 25, 178,
       191, 167, 24, 215, 247, 72, 27, 129, 150, 237, 48, 58, 103, 251,
       2, 217, 195, 117, 117, 224, 99, 134, 99, 81, 142, 93, 101, 176,
       42, 111, 183, 116, 171, 122, 100, 243, 33, 144, 112, 19, 230, 76,
       44, 185, 184, 69, 47, 236, 174, 36, 0, 232, 226, 194, 41, 69, 49,
       31, 103, 1, 78, 51, 32, 104, 192, 99, 8, 222, 17, 9, 50, 144, 85,
       104, 98, 1, 240, 185, 8, 197, 184, 64, 2, 72, 35, 67, 34, 124,
       176, 253, 114, 168, 124, 85, 159, 243, 255, 165, 24, 83, 247, 72,
       59, 5, 214, 108, 24, 27, 71, 250, 16, 219, 235, 117, 124, 226,
       240, 198, 114, 224, 180, 153, 250, 221, 237, 69, 175, 219, 59,
       161, 24, 182, 241, 76, 117, 129, 218, 106, 16, 59, 111, 250, 115,
       189, 150, 21, 126, 208, 88, 198, 42, 20, 101, 27, 103, 148, 198,
       103, 248, 116, 128, 111, 0, 243, 243, 41, 33, 120, 124, 2, 234,
       104, 242, 154, 46, 231, 175, 135, 8, 96, 179, 96, 162, 93, 69,
       125, 103, 22, 14, 103, 184, 100, 160, 235, 64, 83, 115, 9, 112,
       50, 212, 92, 106, 233, 176, 89, 14, 231, 239, 37, 20, 96, 243, 64,
       32, 252, 172, 220, 114, 169, 233, 81, 218, 179, 183, 165, 25, 7,
       243, 75, 27, 1, 215, 237, 16, 58, 71, 202, 50, 219, 195, 85, 125,
       226, 209, 206, 2, 112, 43, 218, 96, 226, 168, 83, 83, 34, 13, 124,
       169, 55, 131, 194, 16, 54, 190, 101, 16, 26, 26, 128, 1, 250, 197,
       32, 233, 226, 194, 6, 115, 212, 166, 188, 247, 172, 47, 213, 188,
       250, 191, 179, 24, 215, 105, 216, 11, 135, 87, 109, 43, 184, 101,
       203, 34, 201, 171, 117, 52, 192, 249, 131, 33, 197, 117, 149, 69,
       21, 14, 103, 184, 122, 234, 47, 76, 214, 113, 25, 50, 149, 68,
       104, 126, 225, 240, 249, 14, 109, 190, 69, 4, 72, 115, 67, 33,
       249, 182, 245, 119, 180, 111, 67, 191, 114, 235, 122, 120, 115,
       117, 136, 57, 23, 222, 100, 56, 185, 252, 125, 46, 233, 174, 117,
       84, 227, 248, 198, 41, 76, 119, 121, 103, 48, 79, 63, 56, 45, 164,
       127, 172, 223, 87, 137, 80, 22, 85, 197, 106, 192, 144, 121, 92,
       231, 253, 33, 134, 66, 179, 7, 113, 109, 103, 49, 101, 101, 31,
       118, 56, 105, 232, 127, 77, 219, 29, 157, 176, 148, 68, 125, 110,
       196, 240, 225, 12, 103, 253, 33, 150, 66, 183, 82, 119, 204, 52,
       189, 114, 168, 108, 21, 142, 234, 179, 167, 24, 223, 117, 73, 59,
       131, 86, 108, 16, 51, 101, 251, 34, 201, 219, 85, 125, 192, 113,
       135, 34, 252, 188, 189, 118, 137, 124, 85, 159, 243, 251, 173, 24,
       223, 247, 72, 59, 133, 214, 252, 18, 59, 111, 250, 35, 219, 247,
       117, 127, 194, 112, 134, 35, 109, 103, 148, 71, 180, 31, 102, 184,
       121, 172, 127, 76, 195, 96, 157, 181, 145, 76, 108, 110, 200, 240,
       205, 46, 174, 255, 37, 148, 66, 243, 74, 5, 248, 170, 252, 112,
       138, 233, 81, 95, 162, 55, 164, 56, 55, 151, 64, 27, 7, 178, 109,
       24, 58, 111, 226, 17, 219, 195, 113, 121, 240, 200, 134, 42, 96,
       48, 17, 65, 89, 221, 112, 17, 107, 241, 39, 8, 146, 21, 68, 52,
       128, 28, 64, 24, 3, 248, 241, 0, 7, 152, 16, 118, 66, 0, 70, 162,
       248, 190, 150, 56, 141, 169, 80, 207, 147, 63, 160, 57, 43, 249,
       96, 155, 201, 178, 236, 16, 62, 111, 194, 179, 219, 211, 84, 123,
       243, 72, 238, 10, 220, 164, 156, 112, 168, 105, 81, 31, 179, 63,
       165, 57, 151, 183, 74, 27, 131, 151, 237, 16, 58, 79, 203, 18,
       219, 195, 117, 125, 224, 64, 142, 3, 145, 6, 205, 53, 16, 42, 99,
       59, 116, 163, 98, 208, 211, 35, 144, 88, 115, 204, 40, 44, 41,
       252, 69, 15, 228, 166, 48, 0, 104, 224, 64, 32, 252, 52, 189, 114,
       168, 108, 81, 25, 178, 191, 167, 56, 87, 119, 73, 27, 19, 212,
       109, 50, 56, 71, 235, 2, 219, 195, 117, 125, 224, 227, 134, 99,
       253, 70, 206, 103, 36, 58, 70, 146, 113, 238, 231, 22, 67, 96,
       159, 122, 113, 228, 44, 174, 172, 244, 173, 42, 210, 239, 245, 21,
       235, 241, 120, 4, 226, 186, 156, 222, 234, 164, 25, 207, 171, 191,
       132, 189, 100, 231, 70, 27, 133, 247, 237, 144, 50, 79, 138, 113,
       219, 19, 221, 255, 128, 96, 143, 75, 252, 168, 220, 118, 168, 109,
       85, 223, 178, 183, 164, 25, 119, 243, 75, 27, 1, 214, 109, 16, 58,
       79, 218, 34, 219, 195, 117, 61, 224, 240, 206, 34, 228, 180, 157,
       82, 216, 173, 69, 143, 250, 59, 168, 88, 150, 240, 76, 59, 129,
       90, 106, 16, 59, 111, 218, 51, 189, 150, 85, 126, 208, 72, 194,
       34, 140, 109, 27, 127, 220, 205, 103, 248, 246, 130, 109, 0, 243,
       241, 41, 33, 89, 106, 106, 106, 107, 226, 218, 63, 229, 175, 69,
       40, 88, 123, 226, 162, 125, 69, 93, 103, 150, 78, 103, 184, 101,
       160, 235, 72, 83, 113, 25, 112, 48, 212, 104, 106, 105, 176, 89,
       46, 245, 239, 5, 20, 97, 243, 66, 32, 244, 172, 156, 50, 136, 173,
       84, 207, 179, 183, 160, 25, 71, 227, 74, 27, 129, 215, 109, 16,
       62, 79, 202, 49, 219, 195, 85, 127, 192, 81, 142, 2, 229, 96, 152,
       103, 36, 14, 103, 152, 120, 162, 39, 8, 215, 19, 201, 59, 18, 84,
       108, 106, 72, 244, 249, 8, 197, 185, 101, 52, 64, 243, 66, 32, 24,
       59, 90, 100, 82, 139, 63, 119, 33, 164, 110, 207, 45, 167, 35, 16,
       54, 189, 135, 224, 0, 154, 132, 78, 118, 133, 32, 129, 109, 162,
       39, 153, 220, 12, 94, 247, 146, 106, 69, 170, 180, 178, 166, 16,
       119, 115, 1, 83, 33, 246, 109, 170, 104, 197, 89, 46, 249, 227,
       101, 17, 160, 112, 228, 42, 192, 140, 157, 255, 136, 237, 21, 167,
       190, 23, 96, 24, 183, 243, 64, 91, 129, 122, 107, 24, 50, 76, 218,
       51, 205, 163, 116, 120, 144, 72, 135, 170, 212, 172, 189, 119,
       136, 104, 77, 143, 254, 183, 162, 16, 247, 227, 80, 123, 3, 119,
       104, 136, 56, 77, 239, 34, 201, 171, 127, 17, 160, 240, 135, 42,
       112, 5, 93, 101, 22, 79, 67, 41, 100, 164, 171, 8, 83, 49, 0, 112,
       48, 212, 72, 106, 40, 176, 121, 30, 249, 175, 5, 84, 113, 170, 68,
       34, 92, 188, 189, 126, 169, 252, 89, 139, 179, 191, 173, 56, 111,
       247, 75, 122, 133, 247, 237, 16, 58, 71, 234, 51, 219, 247, 117,
       255, 162, 97, 142, 115, 192, 156, 189, 127, 136, 237, 21, 170,
       222, 19, 161, 24, 246, 241, 72, 123, 129, 83, 104, 0, 50, 109,
       219, 49, 201, 170, 85, 62, 208, 73, 129, 42, 5, 229, 189, 107,
       152, 15, 71, 184, 86, 176, 169, 8, 211, 119, 73, 112, 17, 92, 104,
       106, 107, 80, 121, 55, 237, 142, 5, 116, 88, 251, 64, 48, 76, 101,
       120, 103, 114, 27, 127, 40, 41, 164, 111, 136, 223, 87, 137, 48,
       54, 93, 213, 110, 64, 144, 233, 76, 231, 205, 33, 5, 103, 179, 7,
       32, 101, 97, 120, 101, 116, 11, 126, 40, 105, 160, 111, 9, 211, 9,
       29, 16, 146, 76, 125, 110, 68, 240, 201, 12, 102, 253, 33, 21, 68,
       179, 90, 130, 108, 229, 57, 111, 25, 77, 71, 168, 19, 116, 173, 8,
       242, 119, 9, 52, 217, 88, 81, 106, 75, 2, 251, 31, 227, 255, 5,
       60, 82, 51, 70, 98, 44, 125, 57, 103, 117, 79, 119, 184, 105, 232,
       110, 8, 214, 117, 9, 48, 144, 124, 84, 106, 65, 176, 249, 46, 231,
       221, 5, 18, 66, 59, 71, 243, 204, 52, 189, 118, 169, 108, 85, 155,
       234, 179, 175, 24, 223, 119, 73, 59, 129, 214, 108, 26, 59, 101,
       251, 2, 205, 219, 117, 61, 192, 113, 198, 34, 252, 180, 189, 118,
       169, 124, 85, 159, 243, 187, 165, 24, 223, 247, 72, 58, 133, 215,
       108, 16, 59, 111, 251, 34, 203, 255, 117, 127, 194, 240, 134, 35,
       240, 162, 255, 112, 10, 233, 81, 82, 162, 31, 164, 184, 23, 151,
       64, 27, 33, 176, 109, 24, 58, 79, 162, 16, 217, 193, 112, 120,
       224, 128, 6, 123, 240, 170, 220, 112, 138, 233, 81, 87, 162, 55,
       164, 57, 55, 167, 66, 27, 7, 178, 109, 16, 58, 111, 194, 17, 219,
       195, 113, 121, 224, 192, 134, 43, 45, 52, 177, 65, 213, 111, 243,
       138, 123, 251, 43, 24, 214, 53, 77, 190, 145, 92, 96, 56, 49, 112,
