%YAML:1.0
---
descriptors: !!opencv-matrix
   rows: 299
   cols: 32
   dt: u
   data: [ 13, 117, 49, 71, 113, 78, 102, 184, 121, 232, 107, 72, 222,
       117, 13, 180, 144, 92, 80, 106, 193, 176, 249, 46, 37, 188, 5, 6,
       74, 51, 67, 162, 245, 231, 108, 3, 244, 26, 206, 172, 121, 253,
       187, 157, 67, 104, 222, 19, 185, 198, 108, 127, 252, 112, 237, 62,
       62, 46, 37, 213, 237, 243, 218, 68, 118, 162, 187, 124, 234, 64,
       25, 207, 170, 189, 160, 185, 84, 247, 76, 26, 133, 119, 109, 16,
       18, 75, 170, 1, 217, 160, 127, 253, 128, 32, 135, 227, 44, 225,
       57, 107, 25, 77, 83, 168, 66, 53, 45, 8, 242, 85, 72, 48, 153, 90,
       64, 106, 74, 96, 251, 53, 103, 221, 1, 61, 80, 27, 70, 162, 5, 93,
       159, 255, 176, 14, 47, 182, 124, 202, 94, 100, 245, 115, 129, 96,
       55, 126, 54, 238, 225, 216, 121, 46, 236, 175, 47, 128, 8, 243,
       161, 185, 224, 164, 156, 250, 204, 237, 69, 143, 222, 51, 164, 24,
       182, 241, 72, 91, 129, 18, 106, 24, 51, 111, 219, 51, 221, 146,
       85, 125, 216, 72, 199, 42, 85, 77, 125, 103, 146, 78, 71, 184,
       101, 160, 170, 72, 215, 115, 9, 112, 50, 212, 92, 106, 41, 160,
       121, 46, 227, 239, 37, 20, 96, 243, 192, 32, 252, 174, 245, 118,
       136, 107, 69, 191, 178, 190, 161, 24, 83, 119, 72, 59, 1, 214,
       108, 42, 120, 111, 235, 46, 251, 235, 117, 60, 224, 241, 198, 98,
       237, 112, 189, 103, 45, 94, 71, 152, 99, 250, 165, 8, 211, 85, 73,
       59, 152, 212, 124, 106, 233, 100, 249, 0, 195, 217, 101, 52, 74,
       251, 70, 114, 125, 93, 125, 103, 160, 78, 71, 184, 96, 232, 191,
       76, 211, 119, 137, 51, 54, 212, 124, 106, 201, 225, 249, 44, 243,
       233, 101, 20, 105, 243, 66, 49, 108, 160, 188, 83, 141, 125, 209,
       139, 83, 63, 165, 24, 202, 125, 94, 58, 137, 18, 233, 16, 26, 102,
       251, 147, 207, 223, 81, 127, 210, 76, 222, 98, 104, 181, 149, 99,
       157, 125, 84, 159, 127, 57, 41, 24, 222, 51, 72, 248, 145, 22,
       120, 24, 27, 104, 219, 149, 239, 223, 85, 127, 210, 72, 196, 34,
       149, 180, 153, 239, 176, 46, 111, 190, 62, 235, 95, 112, 247, 247,
       201, 96, 119, 95, 61, 10, 187, 148, 249, 59, 237, 239, 47, 132,
       172, 243, 161, 177, 85, 157, 29, 231, 180, 78, 79, 189, 36, 232,
       191, 100, 215, 115, 136, 112, 54, 214, 124, 106, 249, 145, 121,
       46, 233, 237, 37, 212, 40, 243, 192, 113, 252, 112, 189, 99, 40,
       78, 87, 152, 249, 250, 167, 24, 215, 87, 73, 59, 148, 212, 124,
       122, 41, 101, 251, 32, 211, 219, 101, 52, 200, 179, 70, 115, 236,
       180, 188, 115, 173, 109, 81, 152, 127, 123, 165, 24, 222, 125, 74,
       59, 145, 18, 252, 58, 59, 100, 251, 18, 207, 219, 81, 119, 194,
       73, 70, 114, 192, 188, 153, 255, 152, 173, 17, 7, 150, 23, 96, 24,
       183, 243, 32, 89, 193, 122, 40, 24, 50, 78, 218, 51, 205, 167,
       116, 120, 144, 72, 135, 170, 100, 105, 59, 94, 93, 198, 199, 224,
       249, 128, 232, 8, 114, 255, 37, 48, 200, 253, 123, 195, 73, 227,
       186, 108, 57, 190, 135, 26, 65, 51, 102, 34, 21, 229, 59, 99, 148,
       79, 71, 232, 118, 160, 107, 0, 211, 241, 121, 96, 49, 76, 34, 122,
       105, 240, 57, 30, 233, 142, 5, 36, 112, 251, 64, 160, 104, 180,
       189, 250, 173, 253, 85, 15, 223, 123, 172, 24, 190, 189, 78, 59,
       129, 147, 251, 16, 62, 106, 242, 179, 207, 219, 84, 123, 210, 72,
       198, 74, 230, 236, 254, 255, 236, 43, 255, 238, 191, 182, 251,
       147, 255, 234, 93, 75, 251, 255, 127, 199, 232, 119, 203, 251,
       252, 191, 255, 189, 213, 251, 243, 192, 232, 188, 190, 252, 157,
       253, 85, 231, 223, 215, 172, 25, 190, 189, 102, 27, 201, 242, 251,
       16, 59, 107, 242, 179, 235, 255, 212, 59, 210, 92, 214, 90, 252,
       132, 220, 126, 139, 121, 87, 169, 19, 54, 173, 56, 75, 99, 10, 91,
       19, 214, 236, 34, 120, 99, 203, 51, 243, 231, 101, 61, 242, 251,
       206, 34, 69, 245, 149, 87, 137, 78, 86, 168, 122, 250, 35, 8, 254,
       112, 73, 182, 145, 86, 104, 122, 99, 96, 251, 57, 45, 190, 69, 22,
       200, 115, 67, 55, 126, 237, 214, 239, 254, 11, 254, 248, 63, 160,
       251, 138, 111, 239, 61, 80, 255, 255, 127, 227, 104, 243, 201,
       238, 190, 255, 207, 190, 167, 251, 241, 129, 92, 181, 191, 114,
       155, 236, 17, 203, 226, 149, 173, 24, 30, 247, 72, 58, 161, 215,
       232, 16, 26, 107, 186, 64, 219, 199, 21, 109, 224, 65, 167, 98,
       237, 113, 165, 103, 133, 15, 103, 144, 104, 234, 39, 76, 211, 81,
       89, 59, 144, 68, 124, 110, 201, 240, 249, 8, 229, 217, 69, 52, 72,
       251, 82, 32, 88, 176, 188, 240, 40, 92, 89, 26, 187, 251, 182, 56,
       159, 255, 72, 123, 135, 21, 125, 24, 58, 75, 251, 144, 219, 251,
       119, 253, 130, 128, 7, 115, 232, 188, 180, 248, 173, 237, 84, 223,
       255, 187, 180, 24, 174, 253, 68, 27, 201, 242, 255, 16, 186, 111,
       210, 179, 219, 219, 87, 122, 210, 204, 210, 75, 248, 188, 188,
       248, 173, 253, 85, 215, 251, 123, 180, 24, 191, 189, 66, 59, 205,
       179, 253, 16, 186, 111, 242, 147, 219, 219, 84, 123, 210, 200,
       198, 91, 234, 188, 180, 248, 173, 173, 220, 223, 191, 187, 184,
       24, 171, 255, 84, 91, 205, 247, 255, 144, 186, 111, 219, 243, 155,
       219, 215, 122, 210, 76, 242, 11, 198, 172, 246, 255, 236, 43, 252,
       238, 191, 187, 242, 26, 238, 250, 21, 75, 255, 239, 127, 145, 176,
       255, 203, 243, 158, 254, 223, 238, 213, 249, 227, 137, 214, 188,
       246, 255, 237, 175, 252, 239, 191, 187, 242, 26, 239, 255, 20, 91,
       255, 255, 127, 145, 184, 255, 203, 255, 191, 251, 223, 170, 215,
       248, 243, 137, 197, 116, 157, 119, 129, 110, 119, 136, 121, 218,
       47, 24, 222, 113, 73, 59, 145, 84, 104, 34, 97, 244, 185, 2, 197,
       191, 69, 6, 200, 115, 195, 35, 234, 172, 148, 190, 137, 233, 20,
       239, 155, 159, 136, 25, 238, 250, 104, 155, 129, 115, 233, 17, 62,
       79, 202, 179, 153, 214, 93, 123, 144, 68, 143, 14, 105, 189, 176,
       83, 217, 253, 85, 151, 123, 119, 44, 24, 186, 52, 70, 182, 129,
       74, 240, 24, 151, 106, 250, 179, 111, 221, 21, 123, 202, 84, 206,
       254, 69, 253, 157, 83, 172, 111, 167, 184, 122, 250, 15, 76, 214,
       112, 217, 43, 17, 70, 120, 122, 243, 112, 249, 50, 109, 142, 101,
       116, 200, 123, 209, 33, 205, 52, 157, 241, 129, 126, 117, 23, 59,
       243, 39, 24, 158, 55, 64, 251, 133, 22, 248, 24, 49, 220, 241, 66,
       207, 251, 84, 86, 138, 96, 143, 50, 69, 113, 145, 70, 65, 76, 54,
       0, 104, 192, 107, 8, 222, 150, 77, 50, 144, 84, 96, 106, 65, 112,
       185, 64, 37, 184, 4, 14, 72, 51, 67, 34, 248, 174, 250, 120, 138,
       233, 81, 83, 179, 23, 164, 185, 39, 231, 66, 27, 43, 178, 205,
       144, 58, 79, 162, 19, 219, 195, 112, 121, 240, 192, 166, 106, 61,
       49, 81, 97, 17, 95, 82, 8, 97, 224, 173, 8, 211, 16, 77, 48, 152,
       156, 68, 122, 9, 178, 249, 12, 239, 221, 1, 116, 74, 35, 74, 166,
       252, 182, 247, 114, 235, 232, 85, 159, 179, 191, 164, 56, 15, 231,
       72, 159, 39, 158, 237, 24, 58, 79, 234, 51, 219, 211, 85, 127,
       162, 192, 134, 99, 244, 38, 140, 182, 168, 40, 93, 159, 162, 183,
       166, 189, 55, 227, 75, 91, 67, 198, 125, 148, 56, 79, 202, 32,
       218, 161, 253, 189, 168, 240, 142, 74, 248, 56, 222, 114, 136,
       141, 85, 87, 178, 159, 164, 29, 55, 243, 66, 27, 9, 226, 109, 8,
       58, 111, 210, 51, 219, 139, 117, 57, 232, 192, 206, 10, 201, 156,
       159, 119, 168, 172, 37, 183, 254, 251, 98, 84, 244, 243, 192, 123,
       37, 110, 106, 28, 179, 252, 155, 35, 205, 171, 119, 0, 200, 240,
       131, 169, 109, 125, 181, 71, 245, 95, 119, 184, 123, 234, 111, 12,
       214, 113, 77, 52, 144, 76, 112, 106, 225, 240, 249, 42, 111, 223,
       5, 54, 74, 115, 67, 178, 37, 117, 17, 71, 117, 95, 102, 184, 105,
       224, 43, 72, 214, 80, 77, 182, 144, 92, 80, 106, 65, 240, 249, 12,
       45, 156, 5, 54, 74, 59, 67, 162, 36, 241, 57, 75, 89, 79, 87, 168,
       106, 53, 45, 8, 210, 21, 72, 48, 145, 92, 64, 106, 67, 112, 249,
       21, 111, 157, 5, 117, 80, 59, 70, 162, 237, 112, 145, 103, 65,
