%YAML:1.0
---
descriptors: !!opencv-matrix
   rows: 249
   cols: 32
   dt: u
   data: [ 108, 161, 185, 98, 137, 109, 87, 136, 50, 191, 173, 24, 214,
       119, 73, 58, 153, 82, 105, 122, 26, 98, 251, 51, 203, 223, 69,
       127, 192, 115, 198, 98, 13, 221, 27, 103, 176, 14, 111, 188, 116,
       234, 90, 100, 245, 115, 153, 112, 55, 94, 60, 110, 225, 144, 57,
       47, 236, 175, 47, 132, 40, 243, 129, 49, 93, 213, 127, 103, 176,
       78, 79, 188, 97, 200, 191, 64, 83, 119, 137, 114, 22, 212, 124,
       106, 233, 161, 57, 46, 227, 239, 37, 20, 42, 243, 224, 49, 253,
       112, 253, 102, 40, 76, 87, 152, 225, 250, 165, 8, 91, 87, 73, 59,
       52, 212, 124, 106, 233, 103, 187, 32, 243, 235, 101, 60, 99, 243,
       70, 115, 40, 181, 188, 123, 157, 253, 81, 47, 207, 125, 173, 24,
       190, 189, 74, 50, 137, 18, 248, 16, 58, 105, 251, 149, 207, 223,
       80, 127, 210, 72, 198, 106, 120, 188, 189, 114, 168, 253, 85, 159,
       243, 255, 164, 24, 179, 247, 64, 59, 133, 246, 108, 24, 59, 111,
       250, 49, 219, 219, 117, 121, 226, 192, 198, 123, 188, 237, 155,
       119, 148, 198, 102, 249, 116, 138, 235, 0, 211, 243, 41, 113, 217,
       254, 32, 106, 104, 243, 153, 46, 235, 207, 37, 4, 96, 243, 230,
       162, 124, 77, 125, 103, 152, 78, 71, 184, 101, 160, 171, 8, 87,
       115, 9, 115, 50, 212, 108, 106, 105, 160, 121, 60, 229, 235, 5,
       20, 96, 243, 64, 32, 69, 71, 157, 71, 176, 14, 111, 152, 104, 168,
       43, 68, 214, 34, 201, 126, 144, 68, 108, 126, 192, 208, 233, 72,
       172, 190, 103, 4, 128, 243, 99, 37, 192, 140, 157, 254, 200, 237,
       17, 135, 158, 23, 100, 24, 182, 243, 96, 91, 129, 122, 106, 24,
       50, 76, 218, 51, 205, 167, 118, 120, 144, 72, 135, 170, 117, 69,
       125, 101, 20, 79, 71, 56, 100, 160, 171, 72, 83, 49, 9, 112, 48,
       212, 72, 106, 105, 176, 121, 30, 229, 174, 5, 20, 113, 187, 64,
       32, 228, 100, 59, 102, 88, 198, 227, 104, 248, 128, 227, 8, 80,
       215, 41, 49, 248, 253, 82, 235, 97, 231, 184, 78, 113, 170, 131,
       12, 65, 51, 102, 162, 92, 188, 221, 118, 185, 244, 81, 158, 179,
       255, 172, 24, 127, 247, 74, 123, 129, 246, 252, 16, 59, 75, 186,
       51, 219, 215, 85, 127, 162, 193, 142, 114, 118, 229, 208, 99, 147,
       11, 102, 136, 59, 176, 171, 73, 67, 99, 77, 18, 185, 205, 108,
       242, 76, 82, 201, 114, 188, 148, 133, 119, 233, 115, 74, 2, 109,
       101, 120, 103, 52, 30, 118, 184, 105, 160, 127, 9, 219, 89, 157,
       176, 146, 76, 85, 110, 196, 176, 205, 14, 231, 253, 37, 4, 70,
       183, 66, 132, 76, 101, 120, 103, 114, 11, 127, 184, 57, 164, 119,
       169, 223, 119, 139, 16, 22, 93, 213, 110, 96, 208, 233, 78, 231,
       255, 37, 132, 66, 179, 7, 241, 84, 189, 189, 114, 155, 201, 23,
       239, 162, 53, 172, 24, 26, 247, 72, 18, 161, 211, 232, 16, 90,
       107, 186, 51, 251, 199, 85, 127, 224, 64, 134, 98, 132, 120, 91,
       69, 0, 74, 99, 16, 96, 200, 102, 72, 115, 23, 129, 52, 48, 124,
       64, 106, 65, 180, 177, 12, 69, 168, 32, 0, 97, 179, 70, 168, 228,
       197, 146, 158, 201, 133, 134, 232, 158, 162, 161, 8, 198, 240,
       105, 18, 217, 96, 106, 98, 104, 67, 218, 58, 185, 18, 79, 63, 208,
       123, 43, 130, 212, 116, 157, 114, 136, 108, 69, 159, 178, 23, 172,
       24, 19, 183, 73, 59, 1, 214, 104, 24, 58, 103, 250, 34, 241, 171,
       117, 120, 224, 81, 198, 32, 77, 116, 189, 103, 129, 110, 119, 136,
       121, 234, 39, 24, 222, 112, 73, 58, 145, 84, 104, 42, 33, 244,
       249, 2, 231, 255, 69, 6, 202, 115, 195, 39, 69, 245, 153, 99, 164,
       111, 103, 152, 122, 250, 11, 8, 215, 113, 89, 42, 145, 76, 120,
       122, 17, 112, 249, 34, 237, 143, 101, 116, 200, 123, 211, 48, 69,
       253, 152, 103, 33, 14, 119, 184, 105, 168, 47, 76, 222, 115, 73,
       18, 148, 68, 108, 110, 192, 240, 153, 46, 239, 255, 69, 6, 72, 51,
       67, 35, 205, 117, 176, 71, 225, 63, 246, 184, 121, 234, 47, 12,
       222, 120, 79, 190, 145, 76, 96, 106, 229, 244, 249, 74, 111, 223,
       69, 38, 202, 115, 75, 151, 69, 113, 145, 70, 105, 92, 54, 152,
       233, 202, 45, 8, 222, 147, 77, 54, 128, 85, 96, 106, 65, 98, 250,
       64, 39, 152, 5, 46, 74, 115, 75, 35, 248, 190, 247, 112, 171, 236,
       81, 87, 179, 31, 164, 56, 46, 183, 64, 31, 39, 183, 237, 16, 58,
       79, 162, 99, 219, 247, 84, 123, 226, 196, 134, 107, 205, 7, 20,
       69, 160, 30, 102, 56, 105, 170, 43, 76, 211, 96, 149, 247, 20, 68,
       108, 110, 229, 240, 221, 14, 172, 250, 101, 20, 74, 243, 74, 4,
       93, 93, 61, 103, 176, 14, 79, 188, 117, 232, 126, 68, 211, 119,
       137, 112, 54, 84, 60, 106, 233, 144, 121, 46, 227, 239, 37, 132,
       42, 243, 192, 57, 124, 112, 185, 114, 41, 109, 81, 152, 250, 251,
       165, 24, 215, 215, 73, 58, 145, 92, 108, 26, 11, 103, 250, 32,
       219, 223, 113, 125, 194, 243, 70, 115, 124, 181, 188, 114, 157,
       237, 81, 27, 239, 117, 173, 24, 222, 253, 74, 58, 137, 146, 253,
       24, 26, 105, 251, 21, 203, 223, 17, 127, 210, 74, 198, 98, 232,
       248, 180, 252, 141, 221, 84, 206, 219, 123, 164, 25, 190, 189, 69,
       59, 201, 242, 249, 0, 42, 111, 242, 179, 219, 251, 84, 59, 210,
       92, 214, 74, 221, 38, 156, 54, 168, 62, 94, 138, 243, 187, 163,
       125, 207, 99, 203, 219, 131, 199, 108, 54, 60, 71, 207, 34, 218,
       247, 117, 117, 160, 241, 202, 1, 213, 103, 200, 71, 148, 62, 70,
       152, 115, 238, 255, 68, 67, 96, 159, 122, 113, 198, 44, 254, 172,
       240, 237, 42, 178, 239, 165, 21, 225, 243, 216, 4, 141, 215, 220,
       115, 176, 31, 86, 188, 118, 186, 55, 124, 215, 96, 139, 113, 23,
       78, 12, 110, 238, 244, 109, 63, 238, 207, 37, 116, 122, 249, 200,
       1, 229, 229, 124, 7, 236, 30, 254, 188, 104, 48, 175, 76, 211,
       104, 222, 51, 147, 69, 124, 111, 212, 99, 223, 117, 110, 25, 101,
       124, 72, 179, 203, 4, 252, 8, 157, 118, 168, 44, 92, 50, 176, 178,
       167, 56, 255, 115, 1, 91, 135, 245, 109, 42, 104, 71, 203, 10,
       211, 235, 117, 25, 224, 241, 7, 35, 77, 227, 188, 71, 180, 14,
       102, 184, 106, 168, 43, 76, 214, 113, 217, 50, 144, 76, 108, 126,
       193, 240, 217, 12, 239, 253, 37, 68, 72, 179, 67, 33, 69, 188,
       148, 19, 253, 189, 226, 156, 254, 249, 43, 92, 240, 112, 88, 174,
       129, 70, 122, 31, 183, 120, 219, 51, 45, 30, 85, 100, 202, 75,
       217, 140, 216, 204, 94, 244, 10, 74, 70, 174, 180, 178, 166, 24,
       247, 99, 0, 83, 33, 246, 236, 226, 104, 205, 75, 45, 241, 227,
       229, 17, 32, 112, 174, 10, 41, 125, 252, 71, 180, 31, 119, 188,
       123, 232, 126, 108, 243, 120, 151, 52, 23, 110, 116, 111, 229,
       240, 125, 47, 110, 63, 101, 2, 78, 250, 218, 29, 253, 12, 245, 85,
       180, 127, 70, 186, 115, 226, 34, 88, 123, 53, 145, 189, 23, 246,
       240, 40, 185, 252, 125, 46, 171, 255, 85, 20, 235, 249, 66, 60,
       69, 113, 17, 69, 85, 14, 102, 56, 105, 224, 107, 76, 222, 81, 9,
       180, 144, 76, 64, 106, 193, 176, 209, 12, 37, 252, 1, 6, 72, 51,
       67, 134, 84, 180, 253, 118, 184, 224, 80, 138, 163, 251, 169, 56,
       119, 255, 76, 122, 131, 247, 237, 16, 62, 67, 170, 51, 219, 215,
       117, 255, 160, 193, 134, 115, 240, 184, 191, 112, 10, 233, 17, 71,
       162, 23, 164, 24, 55, 151, 64, 27, 1, 179, 104, 16, 26, 79, 178,
       1, 217, 193, 80, 121, 224, 0, 134, 42, 116, 127, 158, 52, 40, 26,
       22, 170, 146, 174, 169, 173, 198, 248, 67, 18, 140, 117, 236, 99,
       76, 67, 202, 42, 248, 247, 109, 59, 64, 123, 14, 3, 230, 126, 152,
       114, 248, 173, 16, 158, 155, 191, 32, 125, 174, 171, 71, 27, 135,
       91, 229, 80, 54, 110, 218, 50, 142, 215, 85, 123, 216, 89, 78,
       155, 124, 69, 212, 62, 139, 72, 86, 168, 179, 150, 169, 169, 111,
       243, 73, 210, 146, 244, 233, 98, 108, 67, 202, 171, 242, 231, 69,
       59, 242, 119, 14, 2, 100, 101, 88, 103, 116, 11, 238, 40, 121,
       160, 107, 9, 215, 73, 29, 144, 146, 76, 81, 111, 68, 240, 201, 14,
       230, 253, 1, 21, 100, 187, 90, 2, 76, 97, 120, 103, 97, 90, 111,
       184, 49, 160, 127, 136, 219, 19, 137, 52, 50, 220, 245, 234, 64,
