%YAML:1.0
---
descriptors: !!opencv-matrix
   rows: 175
   cols: 32
   dt: u
   data: [ 56, 233, 120, 98, 92, 207, 83, 252, 99, 44, 237, 8, 51, 209,
       0, 48, 24, 184, 68, 106, 74, 58, 248, 61, 255, 205, 33, 125, 98,
       130, 70, 170, 244, 69, 45, 103, 148, 78, 71, 168, 52, 166, 239, 0,
       211, 119, 9, 115, 113, 196, 120, 106, 104, 208, 249, 46, 237, 171,
       197, 20, 32, 243, 86, 96, 253, 116, 189, 117, 168, 46, 85, 184,
       56, 250, 167, 25, 215, 119, 75, 27, 149, 68, 108, 46, 104, 229,
       249, 8, 227, 235, 101, 20, 192, 241, 67, 98, 193, 159, 47, 175,
       52, 14, 111, 183, 124, 74, 94, 244, 245, 102, 178, 97, 215, 39,
       62, 175, 245, 152, 117, 63, 228, 171, 234, 192, 28, 160, 177, 121,
       161, 133, 109, 111, 148, 111, 79, 191, 86, 225, 239, 0, 83, 53,
       24, 48, 89, 206, 18, 168, 57, 186, 121, 31, 111, 237, 133, 84,
       241, 234, 212, 224, 244, 65, 29, 102, 40, 14, 87, 184, 112, 170,
       183, 104, 87, 115, 137, 115, 150, 212, 108, 106, 104, 231, 233,
       44, 241, 235, 101, 148, 96, 179, 2, 33, 228, 199, 61, 109, 56, 15,
       71, 184, 86, 166, 175, 76, 211, 37, 1, 81, 81, 212, 104, 110, 234,
       176, 121, 31, 229, 143, 37, 20, 80, 251, 68, 32, 244, 116, 172,
       246, 140, 108, 69, 158, 146, 187, 134, 24, 215, 113, 73, 59, 129,
       214, 125, 26, 56, 71, 219, 34, 217, 163, 245, 61, 160, 121, 214,
       34, 220, 112, 157, 100, 40, 78, 87, 48, 225, 170, 167, 8, 215, 51,
       65, 91, 2, 212, 109, 106, 89, 97, 217, 8, 251, 235, 101, 20, 168,
       243, 66, 35, 221, 127, 159, 181, 160, 14, 63, 23, 56, 202, 86,
       245, 247, 55, 131, 123, 54, 101, 124, 110, 229, 212, 177, 42, 228,
       163, 110, 128, 136, 241, 33, 121, 192, 62, 159, 245, 160, 46, 53,
       55, 184, 158, 50, 124, 247, 51, 192, 19, 167, 119, 109, 32, 112,
       221, 129, 106, 236, 163, 119, 128, 200, 240, 163, 43, 82, 221, 63,
       190, 24, 197, 31, 239, 150, 93, 136, 9, 246, 255, 40, 80, 205,
       243, 125, 193, 74, 75, 154, 127, 241, 167, 158, 59, 16, 16, 165,
       122, 93, 182, 189, 34, 169, 127, 87, 184, 227, 254, 175, 29, 223,
       119, 75, 59, 133, 214, 236, 126, 221, 101, 249, 48, 251, 219, 101,
       119, 234, 243, 143, 115, 64, 53, 17, 69, 17, 78, 48, 43, 104, 224,
       107, 8, 214, 55, 0, 48, 144, 20, 64, 40, 65, 176, 241, 12, 69,
       188, 1, 4, 72, 34, 71, 42, 212, 112, 127, 229, 34, 74, 119, 120,
       48, 166, 227, 43, 87, 55, 9, 19, 250, 213, 125, 98, 104, 214, 241,
       12, 241, 227, 97, 21, 97, 51, 38, 115, 208, 52, 191, 124, 174,
       236, 17, 19, 254, 91, 167, 56, 182, 191, 0, 123, 163, 55, 108, 0,
       51, 109, 178, 3, 217, 187, 114, 18, 192, 64, 135, 115, 112, 93,
       123, 188, 26, 193, 93, 101, 149, 68, 236, 139, 55, 223, 35, 80,
       238, 185, 255, 129, 104, 139, 50, 15, 243, 229, 138, 25, 53, 56,
       36, 90, 0, 138, 127, 253, 16, 174, 105, 55, 61, 21, 102, 146, 253,
       39, 48, 105, 103, 183, 46, 136, 176, 216, 37, 205, 207, 239, 242,
       64, 164, 128, 229, 40, 193, 182, 149, 119, 176, 46, 109, 191, 60,
       59, 123, 84, 247, 51, 136, 115, 23, 23, 124, 40, 243, 220, 249, 7,
       237, 190, 118, 196, 136, 192, 131, 57, 193, 138, 255, 253, 52,
       234, 121, 55, 236, 81, 118, 240, 253, 55, 128, 122, 166, 55, 126,
       8, 147, 216, 167, 197, 206, 251, 122, 192, 132, 128, 5, 41, 224,
       174, 157, 250, 137, 237, 65, 142, 186, 63, 160, 24, 182, 179, 64,
       27, 129, 83, 105, 16, 58, 108, 218, 51, 205, 146, 85, 120, 208,
       73, 7, 42, 100, 69, 29, 103, 128, 78, 71, 168, 100, 162, 171, 8,
       211, 115, 9, 115, 208, 212, 104, 106, 104, 208, 249, 44, 229, 171,
       101, 20, 64, 115, 86, 34, 244, 36, 157, 119, 136, 46, 69, 168,
       176, 178, 163, 24, 215, 115, 73, 27, 129, 68, 109, 42, 40, 101,
       219, 8, 193, 235, 117, 20, 192, 241, 66, 34, 65, 113, 57, 101, 32,
       78, 119, 56, 105, 232, 38, 72, 222, 17, 129, 50, 148, 84, 76, 106,
       193, 240, 241, 12, 101, 184, 33, 0, 72, 178, 71, 33, 212, 124, 63,
       229, 34, 74, 127, 112, 52, 166, 227, 187, 215, 55, 1, 91, 102,
       245, 125, 227, 104, 213, 177, 10, 241, 227, 107, 5, 32, 241, 39,
       114, 64, 49, 25, 69, 16, 78, 49, 49, 104, 232, 107, 72, 214, 23,
       0, 48, 144, 20, 64, 40, 17, 240, 241, 12, 5, 156, 0, 4, 64, 2, 7,
       50, 112, 233, 248, 101, 40, 14, 85, 55, 98, 168, 162, 8, 183, 51,
       64, 18, 130, 244, 109, 8, 72, 120, 209, 8, 235, 201, 37, 48, 96,
       160, 66, 43, 80, 93, 63, 190, 24, 197, 21, 111, 134, 204, 136, 9,
       247, 247, 33, 80, 200, 179, 121, 129, 106, 11, 211, 31, 241, 163,
       235, 56, 48, 48, 37, 122, 216, 188, 159, 247, 162, 110, 53, 51,
       176, 254, 47, 92, 255, 55, 64, 27, 167, 119, 125, 128, 33, 221,
       179, 10, 201, 227, 127, 0, 168, 96, 167, 123, 92, 48, 249, 229,
       170, 106, 87, 24, 35, 166, 175, 40, 215, 55, 73, 90, 55, 212, 109,
       34, 8, 80, 233, 2, 221, 165, 101, 52, 160, 243, 6, 98, 221, 124,
       191, 117, 128, 110, 93, 55, 240, 206, 134, 20, 255, 119, 3, 123,
       181, 119, 125, 46, 233, 197, 177, 42, 235, 235, 119, 0, 168, 240,
       165, 121, 112, 140, 142, 124, 8, 226, 65, 103, 180, 166, 226, 25,
       99, 163, 0, 83, 72, 230, 104, 128, 56, 251, 195, 12, 209, 163,
       209, 17, 97, 32, 102, 10, 40, 233, 121, 99, 124, 207, 87, 248, 99,
       172, 253, 8, 115, 85, 8, 48, 24, 184, 68, 106, 74, 178, 233, 61,
       103, 221, 33, 49, 67, 155, 70, 171, 200, 184, 155, 116, 137, 236,
       113, 23, 170, 27, 34, 88, 190, 183, 64, 251, 165, 55, 120, 8, 51,
       77, 146, 33, 201, 233, 112, 72, 200, 64, 131, 59, 244, 101, 13,
       230, 25, 15, 71, 232, 48, 160, 169, 8, 215, 119, 9, 17, 216, 212,
       121, 111, 104, 227, 217, 62, 241, 193, 133, 52, 64, 59, 86, 98,
       236, 225, 156, 126, 137, 68, 87, 136, 178, 182, 165, 9, 194, 227,
       75, 91, 209, 196, 104, 122, 106, 67, 203, 51, 235, 211, 197, 125,
       146, 115, 236, 2, 64, 136, 142, 253, 20, 174, 104, 39, 172, 17,
       98, 16, 241, 163, 48, 91, 225, 166, 106, 140, 48, 221, 3, 85, 205,
       235, 218, 64, 128, 0, 225, 40, 65, 138, 190, 253, 104, 172, 121,
       23, 238, 17, 102, 80, 189, 167, 16, 123, 167, 55, 122, 136, 146,
       220, 163, 101, 205, 187, 122, 64, 128, 128, 161, 169, 236, 181,
       120, 110, 253, 93, 87, 253, 195, 254, 165, 28, 114, 81, 75, 51,
       216, 198, 68, 122, 127, 103, 250, 63, 123, 217, 37, 63, 72, 251,
       222, 115, 240, 69, 43, 188, 24, 197, 93, 111, 148, 68, 224, 155,
       55, 143, 34, 80, 232, 187, 91, 129, 106, 11, 114, 31, 243, 229,
       154, 25, 49, 24, 180, 90, 42, 181, 114, 65, 241, 223, 189, 127,
       59, 125, 60, 45, 78, 188, 78, 180, 191, 27, 213, 48, 214, 186,
       177, 87, 63, 93, 21, 231, 75, 4, 207, 223, 116, 87, 26, 46, 88,
       15, 7, 232, 52, 168, 235, 73, 86, 225, 41, 80, 88, 204, 104, 98,
       104, 179, 217, 62, 241, 167, 37, 28, 88, 59, 46, 34, 96, 40, 25,
       116, 32, 141, 64, 55, 224, 160, 162, 72, 183, 147, 64, 18, 128,
       180, 108, 8, 72, 124, 208, 8, 197, 201, 48, 48, 96, 128, 66, 42,
       228, 241, 185, 114, 232, 77, 87, 221, 58, 246, 37, 25, 151, 221,
       73, 59, 149, 88, 93, 90, 107, 102, 250, 51, 255, 217, 37, 124, 64,
       59, 198, 242, 108, 101, 21, 103, 29, 79, 71, 168, 100, 168, 171,
       8, 215, 113, 9, 112, 208, 84, 104, 106, 73, 176, 217, 44, 237,
       239, 37, 20, 64, 123, 70, 34, 213, 60, 187, 100, 144, 108, 95,
       182, 227, 234, 174, 24, 87, 191, 81, 50, 181, 215, 125, 60, 185,
       71, 184, 2, 251, 205, 37, 124, 224, 114, 198, 114, 124, 37, 249,
       101, 210, 106, 103, 24, 35, 165, 175, 8, 215, 39, 73, 82, 51, 220,
       109, 58, 24, 208, 233, 2, 253, 229, 37, 53, 162, 243, 6, 34, 108,
       32, 156, 118, 136, 44, 69, 136, 34, 178, 163, 24, 215, 51, 73, 27,
       145, 196, 104, 26, 8, 100, 219, 2, 201, 167, 85, 60, 192, 115, 66,
       34, 44, 235, 121, 99, 116, 79, 71, 184, 101, 44, 125, 8, 243, 85,
       8, 48, 152, 88, 70, 106, 72, 178, 105, 61, 103, 157, 33, 48, 66,
