%YAML:1.0
---
descriptors: !!opencv-matrix
   rows: 205
   cols: 32
   dt: u
   data: [ 100, 116, 149, 67, 169, 111, 71, 137, 58, 251, 47, 24, 214,
       113, 73, 59, 145, 84, 120, 122, 49, 116, 249, 34, 205, 190, 69,
       116, 192, 115, 198, 98, 45, 117, 177, 111, 93, 79, 71, 172, 121,
       228, 110, 8, 215, 117, 9, 48, 216, 92, 112, 106, 73, 176, 249, 46,
       229, 255, 5, 48, 64, 123, 86, 114, 100, 101, 57, 111, 153, 79, 71,
       168, 83, 228, 173, 8, 210, 117, 73, 48, 152, 92, 121, 106, 73, 98,
       249, 62, 237, 222, 5, 60, 80, 123, 70, 114, 252, 180, 152, 112,
       185, 109, 81, 143, 178, 63, 173, 57, 143, 183, 74, 26, 129, 159,
       237, 16, 58, 79, 202, 18, 219, 199, 53, 125, 224, 64, 143, 3, 145,
       134, 207, 101, 176, 42, 111, 51, 116, 162, 106, 208, 211, 35, 144,
       112, 83, 204, 44, 44, 248, 156, 69, 14, 236, 174, 37, 4, 236, 226,
       192, 32, 120, 188, 59, 112, 153, 237, 81, 119, 226, 53, 172, 24,
       55, 151, 64, 50, 129, 186, 72, 24, 26, 107, 178, 21, 219, 205, 16,
       121, 96, 0, 198, 234, 81, 223, 93, 103, 176, 14, 71, 181, 96, 168,
       170, 68, 243, 51, 144, 115, 20, 230, 124, 110, 249, 136, 81, 47,
       224, 239, 37, 16, 104, 242, 194, 41, 249, 190, 220, 176, 168, 173,
       93, 223, 179, 127, 180, 189, 63, 247, 194, 27, 135, 247, 253, 20,
       190, 79, 202, 51, 218, 199, 117, 249, 170, 208, 142, 91, 124, 173,
       241, 82, 136, 237, 71, 156, 243, 183, 173, 24, 83, 247, 201, 62,
       1, 246, 108, 90, 58, 99, 250, 50, 251, 207, 117, 124, 226, 243,
       198, 34, 70, 56, 184, 246, 153, 236, 19, 136, 170, 183, 13, 9,
       252, 247, 73, 26, 145, 123, 233, 82, 18, 64, 218, 34, 203, 149,
       13, 59, 128, 99, 6, 114, 221, 38, 152, 182, 168, 56, 90, 8, 250,
       191, 171, 25, 207, 227, 203, 219, 163, 199, 108, 30, 60, 65, 139,
       34, 218, 231, 119, 61, 128, 243, 11, 1, 252, 172, 252, 118, 168,
       104, 85, 159, 179, 191, 164, 25, 83, 247, 75, 27, 1, 214, 237, 24,
       56, 71, 202, 34, 219, 203, 117, 61, 226, 241, 198, 34, 100, 180,
       157, 250, 141, 237, 69, 175, 223, 59, 161, 24, 214, 241, 76, 59,
       129, 218, 108, 16, 59, 107, 219, 115, 185, 146, 85, 126, 208, 88,
       198, 34, 93, 69, 125, 103, 150, 14, 71, 184, 101, 160, 239, 64,
       211, 113, 25, 112, 50, 212, 92, 106, 233, 176, 93, 46, 231, 239,
       37, 20, 104, 243, 192, 32, 252, 68, 220, 118, 168, 110, 85, 184,
       176, 178, 167, 24, 215, 119, 9, 123, 135, 213, 108, 42, 104, 101,
       203, 44, 243, 235, 101, 20, 96, 241, 66, 33, 118, 113, 168, 4, 75,
       87, 149, 90, 3, 252, 132, 15, 2, 60, 78, 7, 153, 244, 241, 240,
       76, 99, 255, 136, 59, 81, 197, 63, 99, 124, 30, 87, 87, 59, 16,
       161, 50, 138, 58, 48, 41, 200, 90, 237, 141, 38, 131, 144, 182,
       61, 205, 103, 133, 144, 197, 76, 164, 116, 42, 130, 12, 55, 3, 85,
       148, 76, 30, 247, 144, 78, 71, 190, 52, 162, 230, 16, 115, 115, 1,
       81, 49, 246, 77, 234, 104, 212, 89, 46, 251, 231, 37, 1, 32, 240,
       100, 42, 96, 197, 149, 251, 157, 77, 85, 175, 79, 49, 168, 24,
       182, 51, 76, 115, 129, 151, 104, 0, 91, 104, 219, 21, 173, 210,
       20, 126, 80, 24, 196, 42, 192, 140, 157, 255, 248, 236, 21, 167,
       158, 31, 104, 24, 182, 243, 96, 91, 193, 122, 107, 24, 50, 78,
       218, 51, 237, 167, 117, 120, 144, 72, 135, 170, 80, 133, 125, 101,
       22, 15, 67, 60, 100, 160, 170, 8, 211, 51, 0, 112, 51, 212, 72,
       120, 104, 184, 121, 31, 233, 175, 5, 84, 48, 170, 64, 42, 213,
       238, 188, 247, 172, 47, 85, 190, 250, 191, 147, 24, 215, 121, 89,
       43, 135, 87, 109, 43, 168, 101, 235, 35, 201, 171, 117, 52, 192,
       249, 131, 33, 69, 245, 149, 71, 181, 14, 102, 184, 122, 232, 43,
       76, 214, 113, 89, 50, 149, 68, 108, 110, 225, 240, 217, 46, 173,
       190, 101, 20, 72, 115, 67, 33, 252, 52, 191, 112, 138, 108, 81,
       18, 178, 183, 167, 24, 31, 183, 65, 59, 1, 212, 236, 16, 56, 103,
       186, 0, 219, 195, 117, 125, 226, 241, 70, 98, 248, 186, 156, 122,
       137, 185, 84, 239, 147, 63, 164, 57, 35, 249, 72, 155, 201, 210,
       236, 16, 62, 111, 202, 51, 219, 211, 85, 127, 242, 72, 206, 11,
       76, 113, 121, 99, 114, 10, 63, 184, 57, 228, 111, 172, 223, 87,
       139, 80, 22, 93, 221, 110, 64, 144, 249, 78, 231, 253, 33, 4, 98,
       179, 7, 113, 109, 115, 57, 103, 117, 31, 118, 184, 121, 232, 127,
       77, 219, 125, 159, 176, 148, 76, 212, 110, 196, 240, 233, 14, 103,
       255, 33, 132, 66, 183, 82, 247, 92, 173, 191, 114, 152, 232, 85,
       207, 178, 183, 172, 24, 23, 247, 72, 58, 129, 215, 236, 16, 58,
       107, 186, 35, 251, 199, 117, 125, 224, 80, 134, 106, 108, 125,
       121, 103, 116, 79, 119, 184, 121, 228, 111, 12, 219, 121, 15, 48,
       178, 92, 84, 106, 192, 240, 249, 46, 103, 255, 5, 4, 74, 179, 71,
       243, 213, 89, 31, 102, 8, 78, 71, 180, 224, 242, 162, 72, 119,
       115, 129, 115, 32, 244, 124, 106, 105, 97, 185, 40, 241, 171, 101,
       24, 104, 179, 194, 57, 216, 174, 190, 50, 169, 173, 92, 215, 179,
       187, 180, 217, 63, 255, 64, 27, 135, 247, 253, 20, 190, 75, 202,
       51, 219, 219, 117, 249, 162, 196, 138, 75, 133, 199, 220, 99, 176,
       63, 87, 184, 118, 59, 63, 124, 215, 96, 138, 112, 23, 78, 12, 126,
       191, 176, 109, 63, 238, 159, 37, 116, 216, 219, 200, 1, 245, 70,
       202, 87, 36, 58, 70, 140, 113, 166, 231, 144, 67, 97, 155, 122,
       113, 204, 44, 174, 236, 244, 173, 42, 210, 239, 245, 5, 235, 241,
       124, 68, 69, 112, 153, 101, 1, 79, 51, 32, 104, 160, 35, 8, 214,
       17, 1, 50, 144, 116, 64, 106, 65, 240, 177, 8, 229, 152, 1, 16,
       64, 35, 67, 34, 121, 180, 253, 118, 168, 109, 85, 159, 227, 251,
       164, 24, 83, 247, 72, 59, 129, 214, 124, 24, 59, 107, 250, 49,
       251, 235, 117, 61, 226, 240, 198, 115, 244, 172, 220, 118, 136,
       109, 85, 159, 163, 183, 164, 25, 87, 247, 74, 27, 1, 214, 237, 16,
       58, 79, 218, 32, 219, 195, 117, 125, 224, 240, 134, 10, 117, 69,
       95, 103, 20, 78, 103, 184, 101, 160, 235, 72, 83, 113, 25, 112,
       48, 196, 72, 106, 105, 177, 25, 14, 241, 238, 5, 20, 97, 243, 64,
       32, 252, 12, 157, 118, 168, 46, 85, 187, 176, 186, 167, 56, 215,
       119, 137, 91, 135, 214, 108, 42, 120, 71, 203, 34, 219, 235, 117,
       21, 224, 241, 138, 35, 24, 187, 90, 96, 82, 139, 63, 119, 49, 36,
       126, 239, 11, 167, 160, 16, 62, 189, 135, 232, 64, 154, 128, 94,
       118, 133, 32, 168, 99, 162, 39, 185, 208, 76, 94, 119, 144, 106,
       69, 166, 180, 178, 166, 16, 247, 99, 1, 83, 33, 246, 109, 170,
       104, 197, 89, 46, 249, 227, 245, 17, 32, 240, 196, 42, 96, 181,
       17, 99, 137, 77, 84, 175, 111, 57, 41, 88, 214, 51, 76, 114, 145,
       22, 104, 16, 91, 104, 219, 21, 173, 208, 21, 126, 216, 8, 194, 42,
       214, 188, 253, 118, 169, 244, 85, 139, 179, 191, 173, 56, 111,
       247, 202, 59, 129, 247, 237, 18, 62, 71, 170, 51, 219, 215, 117,
       255, 162, 113, 134, 99, 236, 246, 253, 113, 170, 91, 53, 157, 123,
       191, 53, 56, 222, 117, 206, 59, 19, 20, 236, 50, 112, 116, 233, 2,
       239, 211, 117, 183, 226, 248, 199, 99, 65, 49, 17, 69, 17, 78, 50,
       32, 104, 224, 106, 8, 222, 17, 1, 48, 144, 124, 96, 104, 65, 240,
       177, 12, 37, 156, 1, 2, 72, 34, 67, 50, 240, 162, 253, 116, 138,
       233, 81, 23, 178, 183, 164, 56, 55, 167, 64, 27, 39, 182, 108, 24,
       58, 111, 162, 2, 217, 131, 117, 120, 224, 192, 134, 42, 76, 97,
       120, 101, 114, 27, 127, 184, 41, 164, 111, 168, 223, 87, 137, 48,
       22, 93, 213, 110, 64, 144, 233, 78, 231, 205, 33, 133, 98, 179, 7,
       160, 101, 97, 104, 103, 116, 27, 126, 40, 105, 160, 111, 9, 211,
       73, 157, 48, 146, 76, 85, 110, 196, 240, 201, 12, 102, 253, 33,
       21, 68, 179, 90, 128, 120, 172, 223, 112, 168, 237, 81, 215, 242,
       63, 164, 24, 51, 179, 64, 58, 1, 182, 109, 24, 26, 107, 242, 33,
       219, 239, 112, 121, 224, 192, 198, 42, 208, 184, 159, 116, 136,
       236, 81, 31, 166, 119, 166, 24, 183, 215, 64, 91, 1, 183, 108, 16,
