%YAML:1.0
---
descriptors: !!opencv-matrix
   rows: 363
   cols: 32
   dt: u
   data: [ 221, 16, 253, 247, 44, 46, 109, 152, 252, 250, 183, 112, 223,
       115, 153, 123, 247, 213, 125, 106, 169, 229, 235, 170, 194, 251,
       243, 148, 228, 251, 1, 33, 221, 52, 188, 247, 172, 44, 93, 25,
       251, 251, 183, 24, 223, 119, 218, 123, 167, 215, 125, 24, 185,
       101, 251, 0, 203, 251, 119, 212, 130, 224, 195, 33, 201, 188, 188,
       115, 173, 253, 117, 191, 251, 123, 180, 24, 190, 191, 74, 59, 133,
       83, 253, 24, 163, 109, 251, 241, 203, 219, 117, 126, 194, 80, 195,
       123, 230, 164, 164, 255, 237, 173, 252, 159, 159, 187, 176, 25,
       238, 253, 92, 91, 205, 119, 127, 20, 186, 111, 218, 243, 143, 218,
       223, 126, 146, 125, 210, 179, 130, 172, 246, 255, 236, 43, 236,
       255, 127, 179, 242, 26, 109, 235, 52, 89, 123, 239, 127, 179, 176,
       255, 207, 255, 190, 126, 223, 172, 151, 248, 241, 136, 236, 180,
       188, 105, 141, 127, 81, 185, 87, 63, 173, 24, 222, 61, 72, 58,
       153, 18, 233, 50, 58, 98, 251, 19, 207, 219, 65, 125, 210, 75,
       198, 50, 236, 116, 189, 99, 41, 111, 83, 152, 51, 190, 165, 8,
       215, 87, 73, 59, 145, 84, 109, 122, 40, 116, 249, 18, 207, 223,
       101, 117, 192, 251, 70, 115, 236, 113, 189, 103, 32, 78, 119, 184,
       104, 170, 183, 8, 215, 119, 73, 59, 148, 212, 124, 106, 105, 244,
       249, 40, 231, 249, 101, 52, 64, 243, 70, 51, 212, 52, 189, 119,
       168, 111, 85, 154, 55, 251, 161, 24, 215, 119, 9, 59, 145, 222,
       93, 56, 57, 246, 249, 50, 201, 255, 117, 20, 192, 113, 134, 50,
       213, 94, 157, 119, 160, 46, 103, 188, 60, 250, 35, 80, 215, 115,
       137, 123, 149, 84, 108, 110, 241, 244, 217, 46, 129, 174, 103, 20,
       72, 241, 131, 49, 236, 116, 157, 119, 169, 111, 71, 152, 114, 250,
       167, 24, 215, 119, 73, 59, 145, 84, 124, 58, 57, 68, 251, 34, 207,
       251, 85, 116, 194, 115, 198, 98, 236, 125, 189, 111, 141, 79, 71,
       172, 112, 234, 238, 8, 215, 117, 1, 51, 145, 86, 88, 106, 105,
       240, 249, 42, 237, 255, 69, 52, 192, 123, 70, 106, 124, 229, 156,
       122, 201, 109, 87, 201, 163, 183, 172, 9, 82, 243, 73, 26, 153,
       210, 233, 114, 110, 99, 218, 51, 251, 215, 69, 125, 242, 122, 198,
       226, 60, 233, 248, 226, 221, 79, 87, 232, 19, 180, 172, 11, 75,
       121, 75, 16, 217, 220, 226, 114, 76, 99, 219, 158, 251, 221, 5,
       63, 115, 63, 78, 130, 108, 101, 123, 103, 93, 94, 95, 176, 81,
       160, 239, 8, 243, 125, 31, 48, 88, 252, 249, 106, 72, 242, 249,
       46, 103, 253, 1, 17, 99, 187, 94, 2, 253, 112, 223, 100, 40, 78,
       71, 156, 224, 250, 166, 76, 87, 115, 201, 59, 16, 228, 124, 106,
       233, 101, 251, 40, 211, 235, 101, 20, 104, 243, 66, 32, 73, 16,
       159, 117, 32, 78, 97, 16, 236, 217, 39, 64, 215, 55, 0, 123, 162,
       116, 124, 24, 1, 216, 179, 0, 197, 251, 112, 0, 8, 0, 1, 51, 76,
       113, 49, 103, 17, 78, 103, 48, 120, 232, 107, 72, 254, 85, 1, 180,
       144, 124, 64, 106, 65, 240, 249, 110, 165, 188, 0, 0, 74, 51, 67,
       50, 249, 186, 254, 48, 170, 188, 88, 215, 163, 95, 180, 189, 63,
       151, 66, 27, 167, 179, 253, 20, 190, 79, 162, 49, 219, 195, 117,
       249, 162, 196, 142, 91, 240, 176, 253, 112, 136, 236, 81, 223,
       162, 53, 164, 28, 19, 135, 64, 27, 1, 150, 109, 24, 58, 79, 242,
       17, 219, 233, 116, 124, 224, 128, 198, 122, 68, 113, 149, 69, 3,
       78, 38, 0, 104, 224, 35, 8, 222, 55, 65, 50, 144, 84, 64, 98, 65,
       240, 249, 72, 165, 184, 5, 4, 64, 51, 71, 32, 221, 38, 156, 182,
       168, 56, 88, 10, 242, 183, 163, 153, 199, 226, 91, 219, 131, 199,
       236, 22, 44, 69, 207, 34, 210, 227, 115, 29, 160, 241, 11, 0, 252,
       160, 212, 114, 137, 173, 80, 223, 163, 179, 160, 25, 15, 233, 73,
       155, 137, 199, 237, 16, 62, 111, 202, 48, 218, 211, 85, 125, 234,
       204, 202, 2, 252, 104, 220, 118, 136, 109, 85, 222, 162, 183, 164,
       25, 87, 231, 75, 27, 1, 214, 109, 2, 104, 71, 218, 32, 219, 195,
       117, 61, 226, 241, 206, 10, 220, 197, 125, 103, 162, 74, 79, 184,
       116, 162, 175, 8, 215, 115, 9, 115, 50, 212, 104, 106, 105, 208,
       121, 62, 229, 171, 69, 20, 96, 243, 68, 32, 20, 229, 125, 103,
       146, 79, 103, 188, 52, 160, 239, 0, 211, 115, 9, 112, 49, 220, 88,
       250, 104, 208, 121, 46, 239, 175, 5, 4, 32, 243, 132, 34, 192,
       172, 157, 251, 232, 237, 5, 175, 158, 51, 32, 24, 182, 179, 64,
       91, 129, 83, 106, 8, 50, 76, 211, 115, 237, 146, 84, 120, 144, 72,
       133, 42, 197, 118, 149, 71, 160, 46, 102, 152, 122, 186, 43, 68,
       222, 114, 201, 122, 151, 68, 108, 126, 177, 240, 217, 98, 172,
       190, 103, 4, 200, 243, 3, 5, 69, 245, 149, 103, 185, 14, 103, 184,
       122, 185, 43, 76, 222, 113, 73, 50, 145, 68, 104, 122, 243, 112,
       249, 99, 237, 190, 101, 100, 200, 115, 195, 1, 116, 125, 158, 54,
       141, 127, 86, 232, 155, 190, 169, 73, 70, 249, 75, 155, 153, 247,
       236, 98, 124, 99, 202, 42, 187, 247, 69, 63, 192, 123, 142, 7,
       109, 97, 53, 103, 117, 31, 118, 184, 121, 232, 123, 73, 218, 125,
       157, 176, 148, 68, 125, 111, 196, 240, 233, 140, 103, 223, 33, 54,
       66, 191, 82, 103, 145, 138, 207, 123, 176, 170, 109, 150, 118,
       131, 98, 240, 243, 65, 144, 121, 19, 110, 44, 28, 43, 252, 77, 59,
       204, 174, 117, 64, 232, 209, 192, 40, 129, 170, 155, 155, 232,
       169, 105, 151, 238, 19, 96, 208, 181, 130, 240, 75, 99, 42, 106,
       28, 51, 252, 142, 113, 76, 130, 118, 104, 152, 192, 161, 168, 129,
       174, 223, 155, 236, 169, 225, 199, 254, 19, 98, 212, 181, 226,
       240, 75, 99, 34, 74, 28, 51, 77, 6, 113, 140, 2, 118, 104, 156,
       200, 129, 136, 193, 142, 143, 155, 236, 169, 225, 199, 254, 19,
       34, 212, 181, 226, 240, 75, 99, 34, 106, 28, 51, 77, 70, 113, 204,
       130, 242, 104, 156, 200, 193, 168, 217, 142, 207, 125, 180, 170,
       79, 191, 118, 75, 118, 116, 243, 97, 144, 120, 17, 238, 44, 60,
       185, 252, 109, 63, 232, 239, 52, 192, 232, 240, 208, 40, 153, 142,
       207, 127, 180, 170, 101, 159, 118, 67, 98, 244, 243, 97, 144, 121,
       19, 174, 36, 28, 27, 252, 109, 61, 204, 171, 116, 64, 236, 192,
       208, 40, 109, 125, 189, 103, 133, 78, 119, 184, 120, 234, 42, 12,
       246, 113, 9, 19, 145, 86, 120, 106, 97, 240, 249, 46, 229, 187,
       69, 16, 64, 114, 199, 98, 38, 205, 18, 190, 121, 205, 22, 228,
       159, 132, 233, 9, 102, 248, 37, 144, 200, 121, 194, 66, 78, 35,
       90, 63, 185, 244, 5, 59, 80, 63, 46, 142, 244, 180, 189, 116, 136,
       108, 85, 159, 178, 183, 164, 24, 19, 183, 72, 27, 1, 214, 109, 24,
       58, 79, 250, 34, 217, 131, 117, 125, 224, 240, 198, 114, 200, 188,
       188, 114, 173, 189, 85, 191, 235, 123, 182, 24, 190, 191, 66, 59,
       133, 87, 253, 24, 186, 109, 251, 241, 223, 219, 117, 126, 194, 64,
       195, 107, 236, 172, 180, 251, 173, 173, 92, 159, 191, 187, 176,
       24, 238, 249, 76, 27, 137, 99, 127, 16, 186, 109, 218, 241, 143,
       219, 87, 126, 210, 88, 210, 3, 104, 188, 180, 254, 141, 253, 84,
       206, 207, 23, 172, 24, 170, 253, 96, 50, 201, 242, 233, 16, 14,
       111, 242, 179, 219, 255, 20, 123, 210, 92, 214, 106, 130, 172,
       246, 223, 236, 43, 252, 207, 127, 179, 242, 26, 236, 234, 52, 73,
       255, 239, 127, 128, 242, 255, 203, 255, 188, 186, 223, 236, 213,
       248, 243, 137, 150, 172, 246, 159, 236, 43, 236, 206, 63, 179,
       250, 26, 239, 234, 60, 89, 251, 239, 127, 145, 178, 255, 203, 247,
       158, 254, 223, 204, 149, 248, 241, 136, 232, 180, 188, 250, 141,
       93, 85, 143, 83, 23, 165, 24, 190, 253, 74, 187, 201, 146, 233,
       16, 42, 110, 251, 147, 203, 223, 84, 123, 210, 88, 214, 106, 108,
       52, 189, 99, 141, 111, 81, 152, 75, 189, 173, 24, 222, 125, 73,
       59, 153, 84, 125, 56, 26, 112, 249, 16, 207, 219, 97, 117, 210,
       107, 70, 114, 148, 221, 191, 231, 180, 10, 111, 184, 54, 170, 219,
       96, 247, 119, 137, 65, 119, 253, 125, 235, 233, 212, 73, 46, 236,
