%YAML:1.0
---
descriptors: !!opencv-matrix
   rows: 244
   cols: 32
   dt: u
   data: [ 117, 85, 125, 103, 164, 78, 79, 184, 97, 232, 191, 76, 211,
       119, 153, 51, 22, 212, 124, 106, 201, 176, 249, 44, 227, 233, 101,
       20, 106, 243, 194, 113, 253, 113, 253, 103, 168, 94, 87, 152, 97,
       250, 183, 72, 211, 85, 221, 59, 148, 212, 124, 106, 201, 100, 249,
       8, 227, 217, 101, 52, 106, 179, 66, 113, 85, 93, 125, 103, 180,
       78, 79, 188, 97, 234, 255, 100, 247, 119, 137, 112, 86, 244, 92,
       106, 233, 144, 121, 46, 227, 239, 37, 148, 104, 243, 64, 49, 93,
       221, 121, 231, 176, 15, 79, 188, 52, 232, 254, 100, 247, 119, 137,
       112, 86, 214, 93, 106, 249, 176, 121, 47, 235, 239, 37, 132, 40,
       243, 128, 57, 149, 237, 249, 239, 180, 47, 111, 191, 54, 235, 255,
       80, 247, 119, 152, 96, 119, 222, 29, 42, 185, 144, 121, 63, 237,
       239, 39, 196, 164, 251, 129, 33, 236, 48, 185, 115, 173, 125, 81,
       152, 91, 255, 165, 24, 222, 127, 75, 59, 145, 89, 253, 58, 51,
       102, 251, 18, 207, 219, 65, 127, 194, 105, 70, 243, 44, 180, 189,
       243, 173, 125, 81, 153, 127, 127, 173, 24, 222, 253, 72, 58, 153,
       26, 223, 24, 26, 100, 123, 147, 207, 223, 17, 127, 210, 75, 198,
       226, 38, 101, 240, 207, 252, 3, 254, 232, 127, 168, 249, 2, 200,
       106, 29, 0, 255, 205, 95, 227, 232, 243, 201, 254, 190, 190, 143,
       148, 85, 251, 227, 129, 252, 236, 180, 254, 205, 239, 78, 254,
       211, 179, 173, 24, 203, 251, 93, 91, 217, 239, 127, 234, 56, 103,
       219, 250, 251, 255, 199, 60, 210, 123, 242, 130, 237, 112, 157,
       103, 40, 78, 71, 156, 97, 250, 39, 8, 215, 81, 73, 59, 17, 212,
       124, 106, 73, 116, 249, 32, 199, 251, 101, 52, 74, 243, 66, 51,
       220, 144, 189, 247, 172, 44, 89, 153, 190, 187, 183, 120, 223,
       247, 72, 91, 199, 87, 125, 24, 187, 69, 235, 0, 203, 251, 119,
       220, 160, 201, 131, 35, 12, 181, 179, 82, 211, 253, 49, 203, 251,
       21, 45, 24, 30, 247, 76, 60, 161, 27, 192, 16, 19, 106, 186, 114,
       95, 221, 20, 111, 195, 65, 167, 162, 216, 188, 189, 248, 40, 237,
       89, 223, 187, 123, 180, 24, 191, 215, 64, 59, 133, 147, 125, 24,
       59, 79, 250, 49, 219, 219, 113, 248, 226, 192, 70, 123, 232, 188,
       188, 115, 173, 109, 85, 191, 127, 59, 180, 24, 191, 61, 72, 59,
       129, 82, 253, 8, 58, 108, 251, 55, 239, 223, 116, 123, 210, 72,
       198, 43, 248, 188, 191, 120, 169, 253, 81, 31, 251, 123, 180, 24,
       191, 255, 64, 251, 133, 183, 253, 24, 187, 111, 242, 145, 219,
       251, 112, 122, 194, 72, 199, 59, 117, 125, 29, 103, 32, 14, 71,
       184, 104, 232, 46, 76, 215, 49, 145, 51, 148, 68, 108, 110, 201,
       240, 217, 44, 225, 169, 101, 20, 72, 115, 66, 33, 249, 188, 181,
       248, 173, 253, 85, 215, 255, 251, 180, 24, 191, 189, 68, 59, 201,
       182, 253, 24, 187, 111, 242, 179, 219, 219, 85, 122, 210, 220,
       194, 107, 212, 157, 61, 239, 180, 15, 95, 184, 52, 168, 222, 32,
       247, 119, 153, 81, 118, 247, 93, 106, 248, 129, 105, 63, 233, 233,
       39, 148, 36, 178, 1, 49, 85, 85, 29, 103, 164, 14, 71, 184, 96,
       234, 47, 76, 215, 113, 9, 51, 16, 68, 124, 106, 201, 240, 217, 12,
       229, 169, 101, 20, 72, 243, 66, 48, 204, 52, 189, 97, 160, 110,
       113, 19, 59, 255, 63, 24, 223, 127, 72, 59, 151, 23, 125, 56, 177,
       208, 249, 66, 207, 223, 117, 196, 194, 227, 199, 115, 81, 95, 29,
       101, 48, 14, 71, 184, 96, 168, 106, 76, 247, 115, 129, 115, 20,
       68, 108, 110, 233, 176, 217, 44, 228, 170, 101, 16, 104, 179, 66,
       41, 232, 172, 156, 112, 169, 237, 16, 143, 187, 63, 164, 25, 174,
       179, 74, 27, 129, 19, 233, 16, 50, 111, 218, 51, 203, 211, 85,
       127, 208, 64, 143, 10, 248, 168, 158, 120, 138, 224, 81, 87, 178,
       23, 164, 185, 55, 135, 66, 27, 35, 178, 109, 144, 58, 79, 130, 51,
       217, 227, 112, 121, 160, 192, 166, 106, 69, 113, 153, 69, 65, 78,
       102, 56, 104, 192, 107, 76, 214, 48, 9, 50, 144, 68, 96, 106, 193,
       240, 241, 8, 101, 189, 1, 6, 72, 51, 67, 34, 248, 190, 220, 112,
       168, 173, 85, 215, 179, 191, 164, 29, 23, 163, 66, 27, 5, 246,
       109, 24, 58, 111, 218, 35, 219, 203, 117, 121, 226, 192, 198, 11,
       237, 112, 189, 99, 40, 111, 87, 152, 115, 250, 181, 24, 223, 87,
       73, 59, 149, 212, 124, 122, 169, 102, 251, 0, 199, 217, 101, 60,
       194, 243, 70, 51, 134, 236, 222, 255, 252, 171, 254, 239, 191,
       179, 243, 27, 254, 250, 92, 75, 255, 223, 127, 131, 122, 255, 203,
       243, 254, 155, 255, 189, 181, 121, 193, 139, 134, 236, 214, 183,
       252, 171, 254, 239, 191, 179, 243, 27, 238, 234, 92, 67, 255, 255,
       127, 147, 126, 255, 203, 247, 188, 158, 223, 230, 149, 121, 225,
       139, 252, 188, 253, 118, 168, 105, 85, 191, 178, 190, 164, 56,
       127, 247, 72, 27, 3, 214, 237, 42, 120, 79, 234, 34, 219, 203,
       117, 61, 226, 240, 198, 107, 230, 236, 246, 159, 253, 43, 254,
       239, 63, 243, 251, 147, 239, 238, 93, 79, 255, 255, 127, 183, 242,
       247, 207, 235, 188, 254, 223, 134, 135, 255, 227, 133, 232, 181,
       189, 251, 189, 237, 81, 63, 219, 121, 173, 24, 190, 253, 72, 56,
       137, 147, 251, 16, 59, 106, 250, 151, 207, 223, 80, 127, 210, 72,
       198, 106, 246, 236, 230, 223, 204, 43, 238, 238, 191, 178, 251,
       18, 238, 234, 61, 75, 123, 207, 127, 243, 224, 231, 207, 255, 188,
       62, 223, 156, 181, 251, 227, 128, 220, 220, 156, 247, 172, 47,
       126, 191, 191, 186, 186, 56, 255, 123, 73, 123, 231, 215, 253, 35,
       122, 229, 203, 243, 239, 255, 127, 148, 132, 251, 131, 11, 55,
       118, 246, 199, 254, 15, 254, 248, 127, 162, 251, 78, 206, 234, 29,
       64, 255, 205, 127, 239, 224, 243, 221, 254, 191, 190, 207, 52,
       213, 255, 115, 128, 69, 71, 216, 39, 160, 42, 110, 136, 120, 162,
       107, 0, 199, 98, 219, 218, 19, 204, 108, 126, 12, 240, 205, 10,
       164, 255, 103, 5, 128, 243, 75, 0, 69, 243, 145, 3, 21, 13, 102,
       184, 110, 184, 43, 76, 246, 80, 89, 182, 145, 68, 104, 126, 199,
       112, 219, 53, 173, 156, 5, 116, 72, 51, 75, 5, 158, 173, 212, 247,
       172, 42, 254, 202, 191, 179, 251, 18, 239, 239, 93, 75, 255, 95,
       127, 179, 120, 215, 203, 250, 189, 255, 255, 148, 164, 123, 225,
       49, 246, 236, 230, 191, 252, 43, 254, 239, 255, 178, 243, 155,
       237, 238, 93, 91, 255, 255, 127, 227, 252, 255, 207, 255, 190,
       254, 223, 212, 197, 125, 225, 138, 54, 109, 70, 143, 252, 11, 238,
       232, 63, 160, 251, 10, 78, 234, 61, 80, 122, 205, 127, 227, 104,
       227, 203, 254, 188, 190, 143, 188, 53, 123, 115, 128, 198, 236,
       246, 223, 252, 43, 238, 255, 63, 162, 251, 26, 239, 234, 29, 73,
       127, 239, 127, 163, 240, 247, 203, 255, 190, 255, 207, 196, 133,
       251, 225, 128, 92, 65, 124, 167, 172, 11, 127, 184, 108, 178, 179,
       10, 223, 107, 25, 67, 246, 205, 127, 235, 200, 241, 203, 236, 236,
       235, 111, 148, 36, 187, 1, 161, 252, 229, 166, 254, 221, 47, 206,
       237, 127, 179, 169, 26, 202, 235, 93, 91, 249, 207, 123, 242, 120,
       103, 219, 255, 187, 223, 199, 124, 211, 123, 242, 130, 92, 80,
       157, 231, 44, 46, 127, 152, 174, 186, 183, 32, 223, 123, 137, 91,
       199, 85, 125, 107, 9, 193, 203, 32, 206, 251, 239, 148, 164, 243,
       1, 33, 252, 252, 180, 254, 141, 237, 86, 254, 223, 186, 168, 24,
       250, 251, 69, 27, 201, 230, 110, 18, 56, 111, 218, 186, 251, 255,
       213, 122, 210, 121, 210, 10, 92, 144, 157, 247, 168, 12, 89, 25,
       191, 187, 183, 8, 223, 243, 200, 123, 167, 213, 125, 24, 59, 97,
       235, 0, 203, 251, 119, 252, 128, 129, 131, 35, 232, 188, 188, 255,
       173, 237, 84, 191, 255, 187, 164, 24, 191, 57, 64, 27, 201, 226,
       108, 26, 122, 110, 219, 179, 239, 219, 84, 59, 210, 88, 194, 10,
       88, 176, 189, 248, 41, 253, 81, 27, 175, 59, 164, 24, 191, 191,
       64, 59, 133, 145, 253, 24, 59, 111, 242, 17, 219, 219, 112, 121,
       130, 128, 7, 59, 221, 121, 157, 103, 32, 78, 71, 184, 96, 234,
