%YAML:1.0
---
descriptors: !!opencv-matrix
   rows: 124
   cols: 32
   dt: u
   data: [ 81, 188, 151, 56, 173, 173, 64, 135, 255, 91, 162, 92, 174,
       240, 70, 255, 129, 103, 108, 29, 191, 111, 158, 51, 153, 250, 87,
       122, 200, 68, 195, 28, 201, 180, 189, 241, 172, 108, 125, 151,
       251, 251, 182, 24, 159, 55, 66, 123, 135, 87, 125, 24, 187, 109,
       243, 98, 207, 251, 116, 86, 202, 208, 131, 123, 221, 20, 189, 245,
       168, 110, 125, 27, 60, 250, 183, 116, 223, 119, 137, 123, 167,
       149, 125, 40, 185, 228, 113, 130, 197, 251, 115, 148, 136, 225,
       129, 113, 206, 188, 189, 242, 169, 236, 21, 151, 187, 123, 150,
       25, 190, 191, 64, 123, 135, 83, 125, 17, 51, 77, 251, 243, 201,
       219, 127, 254, 128, 80, 135, 123, 108, 117, 188, 103, 173, 79, 87,
       184, 107, 168, 47, 8, 214, 113, 73, 51, 145, 84, 108, 106, 105,
       240, 249, 24, 239, 219, 69, 52, 74, 123, 70, 34, 216, 188, 156,
       122, 168, 236, 85, 223, 162, 27, 164, 24, 55, 243, 64, 91, 129,
       183, 125, 8, 58, 111, 218, 49, 219, 235, 116, 121, 232, 192, 162,
       59, 237, 118, 172, 179, 172, 62, 95, 152, 50, 255, 151, 93, 215,
       108, 91, 123, 149, 196, 253, 55, 189, 68, 251, 2, 206, 211, 237,
       244, 136, 255, 26, 83, 253, 112, 57, 101, 52, 79, 99, 56, 104,
       232, 119, 72, 211, 17, 129, 48, 144, 20, 92, 106, 201, 180, 241,
       14, 229, 233, 33, 20, 104, 171, 66, 33, 116, 253, 245, 118, 141,
       111, 86, 236, 83, 250, 169, 8, 82, 125, 77, 59, 217, 214, 108,
       114, 121, 99, 219, 50, 187, 218, 69, 127, 227, 123, 198, 6, 240,
       32, 254, 120, 8, 237, 81, 95, 162, 53, 164, 24, 19, 151, 64, 27,
       1, 182, 108, 24, 26, 111, 242, 17, 209, 233, 113, 121, 224, 128,
       198, 42, 213, 62, 156, 247, 168, 46, 85, 158, 178, 187, 134, 80,
       215, 243, 201, 123, 7, 86, 125, 24, 56, 77, 235, 34, 201, 235,
       119, 148, 160, 241, 131, 43, 77, 71, 157, 165, 48, 14, 111, 56,
       124, 232, 75, 68, 215, 98, 137, 210, 182, 69, 108, 110, 225, 208,
       233, 14, 172, 247, 111, 4, 8, 163, 1, 49, 193, 188, 181, 85, 173,
       44, 165, 159, 250, 251, 130, 92, 246, 48, 212, 175, 129, 70, 120,
       13, 179, 237, 243, 99, 13, 58, 85, 82, 202, 108, 211, 44, 255, 62,
       173, 178, 173, 60, 84, 158, 251, 255, 130, 93, 207, 236, 91, 155,
       133, 198, 253, 31, 189, 69, 251, 162, 219, 211, 93, 255, 138, 125,
       222, 87, 248, 188, 255, 126, 168, 236, 85, 215, 179, 63, 164, 24,
       55, 247, 64, 27, 33, 246, 108, 8, 58, 79, 250, 51, 219, 235, 116,
       120, 224, 208, 198, 107, 221, 188, 156, 118, 168, 46, 84, 154,
       242, 187, 166, 92, 223, 243, 65, 91, 133, 246, 108, 26, 56, 77,
       219, 34, 219, 235, 117, 84, 170, 241, 139, 3, 77, 69, 157, 165,
       48, 74, 107, 56, 124, 224, 79, 0, 223, 99, 155, 246, 18, 68, 108,
       110, 97, 208, 253, 14, 236, 255, 39, 4, 34, 179, 1, 96, 236, 100,
       228, 231, 169, 62, 95, 156, 51, 190, 135, 185, 219, 39, 219, 159,
       21, 212, 253, 110, 104, 68, 233, 162, 199, 251, 245, 181, 162,
       253, 86, 96, 77, 119, 21, 101, 48, 14, 103, 56, 57, 232, 103, 76,
       223, 51, 9, 148, 148, 77, 108, 110, 225, 208, 217, 78, 228, 254,
       33, 132, 10, 179, 11, 33, 220, 112, 213, 231, 3, 78, 127, 184, 49,
       182, 167, 152, 207, 103, 9, 223, 54, 212, 237, 234, 105, 197, 185,
       202, 211, 251, 69, 20, 34, 243, 38, 112, 141, 118, 157, 243, 164,
       47, 103, 152, 126, 186, 23, 112, 215, 115, 201, 43, 23, 78, 126,
       58, 177, 212, 105, 42, 204, 207, 101, 228, 128, 251, 129, 161,
       221, 20, 189, 241, 168, 110, 125, 31, 187, 251, 182, 116, 223, 55,
       200, 123, 135, 87, 125, 24, 185, 205, 243, 130, 207, 251, 118,
       212, 136, 208, 133, 51, 90, 188, 189, 250, 169, 237, 85, 255, 171,
       223, 172, 25, 254, 247, 106, 59, 133, 243, 253, 16, 59, 79, 250,
       179, 219, 211, 93, 123, 146, 64, 135, 123, 221, 20, 253, 245, 44,
       46, 121, 24, 60, 250, 183, 112, 223, 119, 153, 107, 119, 213, 125,
       170, 169, 213, 105, 10, 197, 235, 235, 148, 172, 241, 1, 49, 211,
       184, 151, 176, 169, 172, 24, 215, 187, 91, 160, 93, 142, 178, 64,
       155, 167, 167, 124, 21, 191, 79, 146, 113, 152, 210, 92, 250, 136,
       68, 139, 31, 253, 103, 104, 71, 212, 30, 111, 184, 113, 166, 63,
       72, 219, 105, 155, 55, 55, 196, 85, 110, 232, 240, 237, 14, 111,
       239, 101, 180, 103, 255, 82, 96, 112, 160, 220, 112, 8, 169, 81,
       87, 162, 55, 164, 25, 55, 131, 66, 27, 1, 182, 109, 16, 26, 79,
       194, 17, 219, 225, 112, 121, 224, 128, 70, 10, 116, 113, 237, 103,
       136, 74, 71, 184, 51, 166, 175, 168, 83, 103, 73, 18, 17, 212,
       109, 226, 73, 82, 249, 8, 253, 166, 197, 53, 160, 243, 6, 114,
       248, 188, 158, 122, 169, 237, 80, 151, 179, 27, 164, 24, 63, 243,
       66, 27, 129, 247, 108, 16, 59, 111, 210, 51, 219, 235, 116, 121,
       234, 192, 202, 27, 112, 186, 251, 114, 170, 232, 85, 215, 162, 15,
       172, 40, 55, 167, 192, 26, 39, 182, 109, 24, 26, 11, 162, 49, 217,
       231, 116, 120, 224, 194, 198, 107, 255, 62, 172, 182, 173, 60, 84,
       159, 251, 251, 146, 93, 223, 253, 89, 187, 133, 198, 125, 23, 188,
       71, 219, 162, 219, 219, 117, 254, 130, 125, 218, 87, 109, 53, 25,
       103, 177, 79, 119, 184, 123, 232, 239, 8, 222, 119, 73, 48, 144,
       92, 108, 106, 121, 240, 249, 30, 239, 255, 5, 54, 74, 51, 66, 34,
       125, 185, 144, 110, 185, 111, 86, 173, 75, 169, 168, 72, 222, 249,
       76, 180, 152, 215, 108, 64, 93, 43, 219, 184, 187, 220, 5, 62,
       218, 122, 202, 10, 248, 188, 255, 118, 168, 236, 85, 215, 179, 63,
       164, 57, 55, 247, 64, 27, 35, 246, 109, 24, 58, 79, 178, 51, 219,
       227, 117, 120, 224, 208, 198, 123, 221, 172, 156, 118, 168, 44,
       84, 182, 242, 179, 166, 24, 255, 243, 64, 219, 167, 230, 108, 24,
       58, 77, 219, 34, 219, 235, 117, 24, 170, 240, 138, 10, 77, 101,
       100, 37, 49, 90, 103, 40, 113, 228, 239, 0, 203, 35, 155, 246, 82,
       204, 124, 110, 72, 208, 237, 140, 167, 254, 1, 5, 34, 183, 70,
       100, 108, 49, 57, 101, 81, 79, 115, 24, 107, 172, 175, 8, 222, 19,
       8, 180, 144, 92, 104, 106, 1, 240, 249, 8, 199, 253, 1, 54, 74,
       34, 70, 162, 120, 189, 191, 254, 169, 253, 85, 255, 171, 223, 164,
       24, 254, 255, 106, 59, 133, 243, 253, 16, 59, 75, 186, 177, 251,
       219, 85, 127, 210, 112, 135, 123, 205, 188, 188, 115, 169, 44, 93,
       151, 235, 123, 182, 24, 159, 63, 64, 123, 135, 87, 125, 24, 187,
       109, 251, 33, 207, 251, 116, 116, 202, 81, 131, 59, 200, 111, 199,
       117, 234, 40, 37, 134, 176, 150, 98, 241, 181, 163, 193, 95, 99,
       110, 108, 136, 96, 220, 199, 42, 228, 162, 118, 0, 162, 240, 167,
       168, 100, 99, 57, 69, 112, 15, 103, 152, 121, 172, 118, 8, 211, 7,
       137, 16, 144, 92, 68, 106, 64, 240, 233, 12, 103, 157, 33, 20, 66,
       179, 70, 225, 252, 248, 190, 122, 169, 253, 85, 223, 235, 219,
       164, 24, 190, 255, 107, 59, 133, 243, 253, 16, 59, 111, 186, 177,
       219, 219, 85, 127, 210, 80, 199, 123, 65, 170, 158, 26, 236, 189,
       32, 215, 238, 25, 228, 68, 180, 226, 246, 122, 197, 106, 106, 28,
       151, 105, 218, 113, 14, 59, 22, 72, 200, 192, 235, 140, 109, 113,
       57, 101, 113, 95, 115, 24, 105, 172, 47, 12, 222, 19, 75, 176,
       144, 92, 236, 106, 193, 240, 249, 8, 231, 253, 33, 54, 66, 35, 71,
       115, 76, 121, 121, 101, 49, 94, 115, 48, 105, 236, 182, 40, 223,
       23, 193, 182, 150, 116, 252, 106, 201, 240, 241, 12, 231, 249, 33,
       182, 74, 179, 70, 115, 247, 46, 140, 180, 172, 44, 92, 159, 187,
       187, 150, 125, 198, 249, 95, 27, 135, 199, 125, 29, 190, 71, 203,
       162, 154, 91, 117, 191, 140, 249, 218, 3, 109, 117, 25, 103, 145,
       79, 87, 184, 107, 232, 111, 8, 222, 113, 9, 176, 144, 92, 104,
       106, 73, 240, 249, 60, 239, 255, 5, 54, 74, 51, 67, 34, 199, 60,
       174, 182, 141, 172, 121, 152, 179, 254, 135, 29, 210, 249, 91, 75,
       129, 102, 121, 95, 174, 69, 186, 32, 75, 26, 213, 63, 128, 121,
