%YAML:1.0
---
descriptors: !!opencv-matrix
   rows: 326
   cols: 32
   dt: u
   data: [ 120, 48, 123, 120, 42, 204, 81, 19, 160, 29, 164, 44, 55, 151,
       0, 24, 38, 176, 109, 8, 26, 11, 178, 17, 211, 225, 48, 121, 98,
       128, 6, 123, 13, 125, 49, 71, 81, 78, 103, 184, 120, 192, 110, 8,
       222, 85, 9, 52, 144, 124, 80, 106, 193, 176, 249, 46, 103, 252, 5,
       2, 74, 51, 67, 178, 120, 184, 255, 116, 40, 76, 81, 150, 162, 255,
       164, 24, 51, 183, 194, 59, 7, 246, 108, 8, 11, 107, 242, 33, 211,
       235, 117, 56, 224, 160, 198, 123, 133, 79, 205, 7, 176, 10, 111,
       188, 116, 234, 123, 228, 243, 97, 153, 113, 22, 110, 36, 110, 225,
       240, 77, 47, 236, 174, 37, 132, 108, 243, 64, 33, 224, 172, 156,
       250, 204, 237, 85, 143, 218, 27, 164, 24, 182, 243, 72, 123, 193,
       82, 106, 24, 51, 111, 218, 51, 221, 163, 119, 121, 216, 72, 199,
       42, 237, 112, 189, 103, 44, 95, 71, 152, 98, 250, 165, 24, 211,
       21, 73, 59, 145, 84, 124, 122, 233, 116, 249, 0, 199, 219, 101,
       52, 202, 251, 70, 114, 252, 182, 245, 118, 152, 110, 69, 191, 178,
       191, 164, 24, 83, 119, 201, 59, 5, 214, 108, 42, 56, 79, 251, 47,
       249, 235, 117, 60, 224, 240, 198, 99, 93, 85, 125, 103, 160, 78,
       71, 184, 96, 232, 191, 76, 83, 119, 137, 51, 54, 244, 124, 106,
       201, 224, 249, 44, 227, 233, 101, 20, 104, 179, 66, 49, 253, 113,
       253, 103, 40, 78, 87, 152, 96, 250, 183, 72, 215, 85, 201, 59,
       150, 212, 124, 106, 233, 101, 249, 40, 227, 201, 101, 52, 104,
       179, 70, 115, 252, 79, 221, 116, 168, 8, 93, 183, 168, 178, 166,
       56, 247, 115, 129, 91, 135, 247, 109, 106, 104, 103, 195, 40, 243,
       235, 117, 24, 96, 241, 135, 41, 144, 140, 93, 245, 146, 234, 71,
       167, 52, 163, 162, 18, 119, 99, 0, 81, 49, 247, 77, 168, 56, 141,
       17, 47, 249, 231, 181, 81, 33, 64, 228, 42, 148, 148, 155, 239,
       180, 46, 111, 190, 54, 170, 95, 80, 215, 119, 137, 96, 119, 95,
       61, 170, 59, 148, 233, 59, 237, 239, 175, 132, 164, 243, 161, 33,
       236, 176, 188, 115, 173, 109, 81, 153, 255, 127, 165, 24, 222,
       125, 74, 59, 145, 18, 252, 58, 51, 101, 251, 18, 207, 219, 81,
       127, 210, 75, 198, 98, 21, 197, 177, 99, 148, 79, 71, 232, 118,
       160, 107, 0, 83, 113, 89, 112, 49, 204, 8, 122, 75, 240, 57, 62,
       233, 142, 5, 84, 248, 251, 80, 32, 244, 188, 189, 118, 168, 224,
       20, 172, 187, 187, 160, 56, 118, 247, 76, 123, 135, 247, 125, 18,
       43, 71, 154, 113, 249, 178, 125, 127, 128, 112, 135, 51, 232, 180,
       188, 251, 173, 253, 81, 15, 255, 123, 165, 24, 190, 189, 76, 59,
       137, 18, 249, 16, 58, 110, 250, 145, 207, 219, 80, 127, 210, 72,
       198, 42, 198, 237, 254, 159, 204, 171, 238, 236, 191, 179, 251,
       18, 239, 238, 125, 107, 123, 239, 127, 195, 240, 119, 207, 251,
       189, 62, 207, 156, 213, 123, 243, 128, 69, 70, 148, 71, 160, 62,
       110, 152, 108, 170, 43, 68, 223, 98, 205, 254, 149, 68, 108, 126,
       180, 208, 233, 98, 172, 190, 103, 4, 136, 243, 195, 5, 118, 237,
       246, 254, 252, 43, 254, 232, 255, 178, 251, 10, 111, 234, 61, 83,
       255, 207, 127, 226, 248, 243, 203, 255, 190, 254, 207, 188, 181,
       251, 243, 129, 20, 205, 254, 247, 174, 11, 254, 232, 62, 176, 243,
       2, 223, 234, 89, 67, 255, 239, 127, 115, 248, 241, 203, 252, 254,
       235, 239, 148, 165, 251, 225, 129, 92, 161, 252, 114, 155, 233,
       21, 207, 178, 53, 173, 24, 31, 247, 72, 26, 35, 147, 233, 16, 58,
       107, 170, 48, 251, 199, 21, 125, 224, 64, 135, 34, 92, 240, 252,
       255, 44, 10, 126, 184, 190, 186, 179, 32, 223, 111, 25, 75, 255,
       213, 127, 227, 232, 193, 203, 185, 238, 251, 111, 148, 36, 243,
       33, 1, 92, 16, 188, 246, 172, 44, 89, 152, 175, 187, 183, 41, 223,
       255, 73, 91, 231, 213, 125, 18, 136, 65, 203, 128, 219, 251, 119,
       188, 130, 225, 1, 83, 216, 176, 188, 240, 41, 237, 89, 152, 187,
       187, 180, 24, 159, 191, 72, 59, 135, 149, 253, 24, 58, 79, 242,
       17, 219, 251, 119, 255, 194, 192, 71, 123, 248, 180, 188, 248, 41,
       253, 81, 83, 255, 59, 180, 24, 191, 191, 68, 59, 141, 179, 253,
       24, 186, 111, 242, 147, 219, 219, 80, 123, 210, 72, 71, 123, 232,
       188, 180, 252, 173, 237, 84, 223, 255, 187, 188, 24, 190, 251, 64,
       59, 201, 243, 255, 16, 186, 111, 210, 179, 219, 255, 87, 59, 210,
       220, 210, 11, 248, 180, 188, 248, 173, 253, 84, 95, 255, 123, 180,
       24, 191, 191, 64, 59, 205, 179, 255, 25, 186, 111, 242, 147, 219,
       219, 85, 123, 210, 200, 198, 27, 238, 188, 182, 252, 237, 173, 92,
       255, 255, 187, 188, 24, 239, 251, 84, 91, 205, 231, 127, 152, 186,
       111, 211, 243, 191, 219, 215, 250, 211, 72, 226, 3, 134, 172, 246,
       223, 236, 169, 252, 254, 191, 179, 246, 26, 239, 235, 93, 75, 127,
       239, 127, 155, 178, 255, 207, 243, 190, 254, 223, 232, 215, 249,
       243, 129, 222, 236, 246, 255, 237, 45, 252, 254, 255, 187, 242,
       26, 239, 239, 21, 91, 255, 239, 127, 147, 178, 127, 219, 243, 191,
       255, 223, 236, 215, 248, 227, 137, 93, 207, 194, 103, 148, 58, 70,
       190, 117, 166, 238, 128, 227, 97, 153, 244, 51, 230, 12, 110, 104,
       184, 109, 46, 234, 239, 37, 20, 230, 247, 200, 44, 109, 231, 77,
       103, 180, 46, 71, 184, 96, 232, 191, 76, 211, 97, 153, 51, 16, 68,
       108, 110, 217, 240, 237, 44, 228, 233, 101, 148, 72, 243, 210, 33,
       44, 77, 24, 126, 89, 205, 23, 172, 143, 4, 236, 9, 230, 249, 39,
       16, 136, 122, 195, 66, 74, 42, 90, 63, 99, 213, 5, 59, 82, 59, 78,
       138, 69, 116, 157, 103, 161, 110, 55, 8, 120, 234, 47, 24, 222,
       112, 73, 58, 145, 84, 104, 42, 97, 244, 249, 74, 197, 191, 69, 6,
       200, 115, 67, 35, 212, 172, 142, 187, 140, 169, 36, 135, 246, 151,
       130, 145, 183, 226, 98, 75, 99, 234, 106, 148, 62, 109, 207, 51,
       204, 131, 127, 105, 176, 64, 169, 130, 104, 174, 156, 58, 155,
       169, 20, 175, 186, 55, 44, 185, 175, 227, 74, 18, 131, 67, 233,
       16, 54, 73, 202, 51, 234, 199, 125, 127, 240, 80, 143, 11, 105,
       189, 184, 83, 221, 221, 87, 182, 251, 117, 44, 28, 190, 56, 66,
       182, 129, 74, 240, 90, 247, 104, 250, 183, 111, 223, 21, 123, 202,
       85, 207, 94, 69, 244, 189, 3, 172, 111, 231, 156, 122, 251, 15,
       92, 214, 112, 217, 42, 17, 76, 120, 127, 241, 116, 253, 50, 237,
       143, 101, 116, 200, 123, 209, 48, 73, 180, 157, 113, 129, 124, 53,
       23, 59, 243, 47, 24, 158, 55, 66, 250, 133, 87, 248, 16, 49, 88,
       241, 66, 207, 255, 84, 70, 138, 64, 139, 50, 69, 112, 177, 71, 65,
       76, 55, 8, 106, 160, 33, 8, 222, 23, 77, 58, 144, 85, 96, 82, 65,
       114, 251, 0, 5, 152, 69, 46, 64, 51, 71, 162, 45, 113, 81, 97,
       113, 95, 82, 24, 97, 232, 111, 8, 219, 19, 5, 176, 144, 28, 84,
       106, 205, 176, 113, 12, 103, 221, 1, 38, 74, 179, 74, 147, 252,
       170, 140, 180, 168, 40, 93, 159, 178, 191, 166, 189, 55, 227, 67,
       91, 1, 230, 109, 12, 56, 79, 202, 32, 218, 227, 245, 189, 160,
       240, 134, 74, 248, 184, 220, 114, 168, 173, 80, 223, 178, 191,
       164, 29, 55, 243, 74, 27, 129, 226, 109, 16, 58, 111, 218, 51,
       219, 195, 117, 121, 232, 192, 202, 26, 77, 117, 149, 71, 241, 95,
       118, 184, 127, 234, 111, 8, 222, 114, 13, 180, 145, 84, 120, 106,
       101, 240, 249, 110, 47, 255, 5, 6, 202, 115, 75, 55, 205, 188,
       159, 87, 160, 174, 37, 151, 126, 91, 102, 84, 245, 243, 128, 123,
       37, 110, 106, 28, 179, 252, 187, 51, 108, 171, 119, 64, 200, 208,
       195, 169, 13, 117, 49, 71, 81, 78, 118, 56, 124, 200, 111, 64,
       254, 113, 13, 52, 144, 92, 80, 106, 193, 176, 121, 110, 39, 188,
       1, 2, 74, 51, 67, 162, 69, 117, 145, 71, 81, 78, 102, 188, 121,
       168, 107, 76, 222, 115, 9, 182, 144, 92, 104, 106, 65, 240, 217,
       42, 165, 190, 69, 6, 74, 115, 195, 49, 37, 117, 17, 71, 85, 79,
       102, 56, 105, 232, 43, 8, 214, 81, 73, 180, 144, 124, 64, 106, 65,
       240, 249, 12, 45, 156, 5, 54, 72, 59, 66, 162, 93, 42, 156, 180,
