%YAML:1.0
---
descriptors: !!opencv-matrix
   rows: 397
   cols: 32
   dt: u
   data: [ 118, 149, 246, 239, 253, 47, 254, 248, 63, 226, 251, 131, 206,
       238, 63, 64, 255, 239, 255, 231, 232, 243, 89, 254, 191, 254, 143,
       134, 245, 127, 115, 209, 221, 80, 253, 231, 44, 46, 127, 152, 188,
       250, 183, 116, 223, 119, 153, 107, 55, 213, 125, 238, 169, 197,
       235, 42, 208, 235, 235, 148, 44, 251, 65, 113, 221, 20, 188, 247,
       168, 44, 93, 25, 251, 251, 183, 56, 223, 119, 203, 123, 135, 215,
       124, 24, 184, 101, 235, 0, 203, 251, 119, 212, 160, 227, 195, 99,
       220, 52, 189, 242, 168, 108, 89, 25, 187, 251, 183, 120, 223, 127,
       72, 123, 151, 149, 253, 49, 185, 69, 251, 2, 219, 251, 127, 252,
       136, 226, 135, 115, 246, 236, 246, 239, 221, 95, 254, 232, 127,
       226, 247, 10, 238, 255, 29, 112, 249, 221, 255, 227, 108, 247,
       249, 238, 191, 254, 207, 31, 199, 127, 102, 150, 226, 188, 180,
       251, 237, 173, 220, 143, 191, 187, 180, 24, 234, 253, 92, 95, 201,
       114, 255, 16, 178, 111, 218, 243, 143, 218, 213, 126, 146, 92,
       210, 146, 178, 188, 246, 223, 254, 43, 248, 207, 127, 179, 242,
       58, 236, 234, 36, 88, 127, 255, 127, 16, 178, 255, 203, 255, 156,
       62, 223, 246, 149, 248, 243, 137, 126, 237, 182, 252, 157, 221,
       87, 231, 223, 149, 236, 8, 174, 253, 38, 18, 201, 243, 251, 83,
       88, 107, 242, 252, 251, 255, 215, 59, 210, 124, 246, 106, 139,
       188, 246, 219, 239, 189, 248, 222, 255, 95, 246, 191, 173, 255,
       246, 109, 111, 251, 255, 157, 182, 127, 127, 243, 223, 95, 255,
       234, 151, 205, 245, 223, 108, 176, 188, 249, 141, 127, 81, 155,
       95, 63, 165, 24, 222, 61, 74, 59, 153, 16, 233, 16, 26, 98, 251,
       145, 207, 223, 81, 127, 210, 73, 198, 114, 236, 113, 189, 103,
       160, 78, 87, 184, 33, 234, 183, 8, 215, 87, 73, 59, 148, 212, 124,
       106, 105, 244, 249, 40, 231, 249, 101, 52, 96, 243, 70, 115, 236,
       112, 189, 97, 45, 111, 81, 152, 107, 254, 39, 24, 215, 85, 73, 59,
       145, 84, 125, 122, 41, 100, 251, 0, 207, 219, 101, 52, 194, 251,
       70, 114, 237, 85, 61, 103, 32, 78, 119, 184, 104, 232, 63, 72,
       215, 119, 9, 51, 148, 84, 124, 106, 193, 240, 249, 12, 231, 249,
       97, 4, 64, 179, 70, 113, 77, 85, 61, 101, 48, 78, 111, 184, 108,
       232, 62, 64, 215, 117, 137, 112, 148, 84, 124, 106, 225, 176, 121,
       14, 231, 255, 37, 4, 72, 179, 66, 113, 4, 213, 121, 231, 180, 79,
       111, 188, 52, 232, 127, 100, 215, 119, 137, 96, 54, 93, 63, 106,
       193, 144, 121, 46, 237, 205, 39, 132, 32, 243, 5, 241, 213, 94,
       157, 119, 160, 14, 103, 188, 124, 250, 162, 80, 247, 115, 129,
       123, 181, 102, 108, 110, 225, 229, 153, 46, 161, 174, 103, 20, 72,
       243, 3, 57, 196, 180, 189, 119, 160, 111, 87, 190, 55, 251, 171,
       24, 215, 119, 9, 57, 145, 214, 125, 34, 57, 212, 121, 58, 237,
       219, 117, 52, 232, 113, 134, 114, 100, 112, 157, 119, 168, 110,
       71, 153, 122, 186, 39, 24, 214, 113, 73, 59, 145, 84, 124, 58,
       121, 100, 249, 0, 207, 251, 117, 52, 192, 115, 198, 35, 236, 117,
       145, 103, 169, 109, 71, 140, 50, 250, 173, 24, 215, 119, 73, 51,
       145, 94, 124, 106, 107, 86, 250, 59, 229, 249, 5, 60, 64, 115,
       198, 98, 108, 101, 121, 103, 29, 94, 87, 56, 113, 128, 239, 8,
       251, 125, 28, 48, 88, 220, 248, 106, 72, 242, 249, 46, 103, 255,
       4, 17, 99, 187, 94, 226, 120, 188, 59, 112, 153, 233, 81, 103,
       179, 21, 172, 56, 54, 151, 64, 48, 129, 186, 104, 24, 26, 107,
       178, 23, 219, 207, 16, 123, 226, 0, 198, 42, 253, 112, 221, 118,
       40, 108, 67, 152, 240, 250, 163, 88, 87, 115, 201, 59, 49, 212,
       124, 106, 41, 101, 251, 34, 211, 235, 101, 60, 232, 243, 66, 34,
       249, 184, 255, 112, 171, 252, 81, 215, 227, 219, 180, 56, 59, 183,
       198, 63, 163, 182, 236, 24, 63, 111, 178, 49, 219, 251, 117, 123,
       227, 192, 206, 127, 249, 186, 158, 50, 168, 189, 88, 215, 163, 95,
       180, 189, 63, 183, 66, 27, 167, 179, 253, 20, 190, 79, 130, 49,
       218, 195, 116, 249, 162, 196, 142, 91, 214, 174, 196, 180, 172,
       40, 72, 135, 251, 179, 146, 251, 207, 170, 80, 91, 163, 231, 109,
       145, 58, 77, 143, 224, 152, 242, 255, 253, 164, 96, 147, 8, 248,
       240, 255, 112, 136, 237, 81, 87, 162, 23, 164, 24, 51, 135, 64,
       27, 1, 182, 109, 24, 10, 111, 242, 17, 219, 233, 112, 121, 227,
       192, 198, 122, 236, 217, 85, 94, 105, 76, 87, 189, 171, 218, 165,
       8, 254, 247, 136, 247, 16, 116, 236, 106, 73, 103, 250, 57, 33,
       178, 69, 58, 82, 179, 198, 53, 72, 49, 25, 101, 1, 74, 50, 0, 104,
       224, 99, 8, 214, 23, 0, 50, 144, 84, 64, 98, 1, 240, 241, 8, 69,
       185, 1, 6, 64, 34, 71, 34, 226, 42, 70, 80, 233, 169, 97, 67, 163,
       55, 164, 185, 35, 129, 198, 159, 11, 162, 234, 28, 26, 111, 198,
       80, 94, 208, 80, 123, 195, 140, 206, 142, 252, 172, 252, 118, 136,
       109, 85, 190, 162, 182, 164, 25, 83, 119, 73, 27, 1, 214, 109, 42,
       104, 71, 250, 32, 217, 203, 117, 60, 224, 240, 198, 34, 252, 164,
       220, 114, 137, 61, 80, 222, 131, 183, 165, 25, 11, 233, 73, 155,
       137, 214, 237, 16, 62, 111, 218, 48, 219, 195, 117, 125, 227, 249,
       206, 2, 87, 123, 80, 165, 50, 10, 62, 176, 41, 228, 74, 237, 141,
       38, 131, 144, 182, 125, 205, 101, 133, 144, 213, 76, 164, 116, 47,
       134, 12, 55, 3, 93, 96, 181, 153, 250, 221, 237, 67, 142, 79, 57,
       169, 24, 246, 243, 76, 48, 129, 219, 106, 16, 27, 106, 219, 49,
       173, 148, 21, 126, 208, 74, 198, 34, 81, 5, 93, 101, 22, 110, 71,
       58, 100, 160, 170, 72, 215, 49, 9, 115, 50, 212, 108, 106, 105,
       160, 81, 12, 225, 239, 37, 20, 97, 242, 64, 32, 85, 93, 95, 103,
       50, 14, 127, 184, 45, 192, 111, 192, 221, 119, 137, 115, 118, 213,
       124, 234, 225, 144, 125, 108, 230, 233, 103, 4, 40, 179, 33, 48,
       252, 69, 125, 103, 168, 74, 87, 184, 112, 162, 167, 40, 215, 119,
       137, 123, 23, 212, 125, 106, 104, 228, 201, 46, 241, 235, 101, 20,
       96, 243, 70, 32, 20, 101, 253, 231, 146, 107, 111, 188, 52, 162,
       239, 0, 215, 119, 9, 96, 49, 222, 89, 234, 121, 208, 121, 46, 237,
       175, 5, 4, 160, 243, 164, 34, 224, 140, 157, 254, 137, 237, 85,
       175, 155, 51, 160, 24, 182, 179, 68, 91, 129, 83, 104, 16, 50,
       111, 211, 113, 157, 178, 84, 123, 208, 88, 197, 42, 192, 172, 157,
       251, 200, 237, 37, 174, 62, 51, 32, 24, 182, 51, 72, 123, 129, 82,
       106, 24, 51, 76, 219, 51, 237, 178, 84, 120, 208, 89, 135, 42,
       113, 205, 125, 111, 158, 15, 71, 188, 100, 160, 170, 8, 243, 113,
       9, 112, 18, 214, 72, 106, 104, 160, 121, 63, 237, 239, 37, 84,
       112, 187, 192, 40, 69, 245, 157, 103, 153, 78, 119, 188, 122, 251,
       43, 12, 222, 113, 73, 50, 145, 86, 104, 122, 99, 112, 249, 111,
       237, 158, 69, 86, 200, 115, 195, 51, 69, 253, 157, 71, 185, 46,
       54, 152, 126, 187, 42, 68, 222, 114, 73, 122, 151, 87, 108, 122,
       177, 80, 249, 106, 173, 190, 103, 38, 200, 115, 131, 5, 228, 254,
       156, 62, 169, 233, 22, 174, 147, 190, 188, 61, 102, 249, 67, 155,
       129, 119, 236, 98, 124, 103, 202, 47, 250, 247, 101, 59, 192, 121,
       206, 3, 180, 173, 142, 146, 221, 237, 167, 239, 150, 183, 224, 31,
       70, 224, 104, 11, 121, 226, 106, 18, 58, 103, 155, 51, 61, 6, 215,
       125, 209, 123, 175, 130, 129, 162, 199, 17, 16, 170, 96, 19, 118,
       19, 99, 212, 211, 128, 208, 120, 99, 46, 42, 28, 51, 188, 199, 18,
       12, 166, 50, 64, 236, 192, 64, 128, 129, 170, 143, 155, 236, 169,
       105, 151, 238, 19, 64, 208, 181, 227, 240, 75, 99, 42, 106, 28,
       51, 92, 135, 113, 76, 128, 118, 104, 156, 192, 129, 168, 52, 85,
       18, 158, 93, 199, 6, 232, 157, 140, 233, 9, 70, 240, 45, 16, 216,
       233, 66, 98, 108, 35, 26, 62, 177, 182, 7, 59, 80, 59, 110, 134,
       193, 174, 159, 155, 236, 169, 233, 199, 254, 19, 32, 208, 181,
       162, 224, 75, 99, 34, 106, 28, 51, 109, 134, 115, 204, 2, 246,
