%YAML:1.0
---
descriptors: !!opencv-matrix
   rows: 253
   cols: 32
   dt: u
   data: [ 44, 241, 89, 104, 29, 77, 83, 248, 67, 28, 172, 8, 246, 85, 9,
       48, 216, 152, 64, 98, 74, 34, 122, 31, 227, 157, 1, 61, 82, 187,
       70, 226, 98, 237, 16, 26, 89, 137, 22, 238, 155, 21, 168, 9, 166,
       241, 101, 20, 201, 123, 66, 66, 74, 107, 218, 119, 185, 20, 21,
       59, 80, 89, 70, 142, 237, 113, 189, 103, 45, 95, 71, 152, 97, 250,
       165, 76, 211, 85, 217, 59, 156, 212, 124, 106, 233, 102, 249, 0,
       199, 217, 101, 52, 74, 251, 70, 113, 125, 93, 125, 103, 160, 78,
       79, 188, 97, 234, 191, 72, 83, 119, 145, 115, 22, 244, 124, 106,
       233, 176, 249, 44, 231, 233, 101, 148, 106, 243, 66, 97, 252, 188,
       253, 118, 152, 110, 69, 191, 178, 191, 164, 24, 115, 119, 200, 59,
       5, 214, 108, 8, 56, 111, 251, 43, 251, 235, 117, 124, 224, 240,
       198, 106, 156, 189, 89, 239, 180, 111, 111, 190, 52, 238, 126,
       112, 247, 119, 137, 64, 119, 254, 29, 58, 57, 152, 105, 63, 237,
       239, 167, 132, 172, 243, 133, 121, 96, 168, 157, 250, 200, 205,
       81, 143, 138, 49, 160, 24, 182, 211, 72, 27, 129, 146, 104, 16,
       27, 107, 218, 49, 217, 144, 85, 123, 208, 8, 198, 42, 81, 13, 93,
       101, 148, 14, 71, 182, 100, 164, 170, 8, 247, 51, 1, 113, 50, 246,
       108, 106, 104, 169, 113, 14, 225, 239, 37, 16, 96, 242, 64, 40,
       172, 180, 188, 122, 237, 253, 81, 153, 95, 59, 45, 24, 222, 253,
       72, 56, 153, 27, 251, 16, 58, 110, 123, 151, 207, 223, 17, 127,
       210, 10, 198, 178, 240, 92, 157, 116, 40, 12, 85, 50, 160, 186,
       182, 56, 119, 55, 1, 91, 135, 245, 109, 42, 104, 103, 195, 0, 211,
       235, 117, 152, 96, 240, 6, 43, 238, 237, 246, 255, 252, 171, 254,
       252, 191, 178, 251, 26, 239, 251, 125, 67, 255, 255, 255, 243,
       234, 235, 203, 255, 190, 255, 207, 182, 151, 251, 227, 137, 64,
       136, 157, 254, 136, 205, 5, 151, 150, 19, 96, 24, 182, 243, 0, 89,
       129, 122, 106, 8, 50, 72, 218, 49, 205, 162, 85, 56, 144, 72, 133,
       170, 38, 69, 214, 135, 221, 79, 238, 232, 127, 226, 251, 2, 221,
       250, 61, 81, 123, 205, 123, 227, 97, 243, 217, 238, 189, 190, 207,
       36, 133, 123, 115, 128, 7, 245, 212, 143, 252, 10, 238, 232, 63,
       162, 251, 6, 204, 106, 29, 64, 123, 205, 127, 239, 104, 243, 217,
       238, 188, 190, 207, 132, 197, 123, 227, 128, 77, 119, 49, 71, 240,
       78, 119, 184, 57, 234, 127, 108, 222, 119, 137, 52, 148, 92, 244,
       106, 225, 208, 249, 110, 103, 255, 37, 134, 74, 243, 7, 115, 86,
       197, 214, 167, 222, 43, 238, 232, 191, 162, 251, 10, 79, 234, 61,
       80, 123, 207, 127, 227, 96, 243, 139, 255, 188, 254, 207, 180,
       181, 251, 241, 129, 214, 205, 86, 158, 222, 139, 110, 236, 191,
       162, 251, 10, 108, 234, 61, 81, 123, 239, 127, 227, 96, 243, 139,
       255, 188, 190, 207, 168, 53, 251, 241, 136, 220, 144, 157, 247,
       172, 44, 89, 155, 171, 187, 151, 120, 223, 255, 72, 91, 135, 23,
       253, 16, 59, 69, 251, 128, 203, 251, 127, 252, 128, 224, 131, 51,
       216, 184, 185, 250, 169, 237, 81, 223, 187, 27, 180, 24, 191, 247,
       64, 59, 129, 179, 253, 24, 59, 79, 250, 51, 219, 217, 116, 123,
       226, 192, 135, 59, 236, 52, 188, 99, 160, 110, 113, 25, 123, 191,
       55, 28, 223, 119, 75, 59, 149, 20, 125, 56, 177, 244, 249, 0, 207,
       219, 97, 4, 192, 227, 70, 179, 220, 84, 63, 231, 32, 14, 127, 184,
       52, 238, 246, 40, 247, 87, 137, 83, 54, 244, 93, 106, 105, 197,
       105, 46, 247, 235, 103, 148, 32, 179, 3, 113, 204, 52, 189, 113,
       161, 110, 121, 25, 59, 255, 167, 24, 222, 127, 77, 59, 151, 87,
       125, 48, 177, 84, 249, 66, 207, 251, 117, 246, 194, 97, 135, 115,
       252, 172, 148, 58, 137, 237, 80, 207, 147, 23, 160, 25, 47, 249,
       104, 155, 201, 210, 237, 16, 62, 111, 218, 51, 219, 211, 85, 127,
       242, 92, 206, 2, 229, 113, 145, 71, 65, 78, 102, 24, 104, 226, 35,
       8, 214, 113, 73, 50, 144, 84, 112, 106, 65, 240, 185, 10, 165,
       184, 5, 6, 72, 115, 66, 34, 208, 24, 159, 116, 40, 108, 69, 55,
       160, 27, 162, 24, 119, 55, 0, 123, 39, 246, 108, 8, 121, 77, 179,
       0, 209, 227, 112, 24, 160, 240, 132, 57, 244, 8, 156, 244, 138,
       96, 85, 186, 178, 182, 134, 185, 87, 167, 67, 91, 65, 246, 109,
       138, 40, 71, 203, 32, 209, 227, 253, 61, 160, 241, 6, 98, 244,
       174, 156, 114, 168, 173, 81, 223, 178, 191, 164, 29, 55, 227, 74,
       27, 5, 198, 109, 28, 58, 79, 218, 51, 219, 195, 117, 125, 224,
       192, 142, 11, 237, 112, 153, 103, 73, 110, 67, 152, 123, 242, 39,
       24, 210, 113, 73, 59, 145, 84, 104, 122, 33, 116, 249, 2, 71, 219,
       85, 52, 202, 115, 66, 50, 133, 223, 31, 199, 176, 14, 47, 188,
       124, 202, 90, 100, 245, 115, 152, 96, 55, 127, 62, 238, 225, 216,
       125, 111, 236, 175, 47, 128, 8, 243, 161, 185, 253, 71, 77, 103,
       176, 10, 71, 184, 113, 234, 255, 236, 211, 97, 153, 112, 28, 196,
       108, 110, 233, 176, 237, 46, 232, 175, 165, 148, 105, 243, 82, 33,
       125, 93, 125, 103, 176, 78, 79, 188, 113, 234, 254, 96, 247, 119,
       137, 112, 22, 212, 92, 106, 233, 144, 121, 46, 227, 239, 37, 148,
       96, 243, 196, 113, 156, 157, 121, 231, 180, 47, 79, 189, 52, 170,
       127, 96, 215, 119, 136, 112, 55, 246, 29, 106, 121, 144, 105, 62,
       233, 239, 37, 148, 32, 243, 196, 49, 252, 172, 252, 118, 141, 109,
       85, 223, 211, 191, 164, 24, 67, 241, 77, 31, 9, 214, 236, 24, 56,
       111, 251, 34, 219, 203, 85, 61, 227, 248, 198, 42, 148, 188, 57,
       231, 180, 46, 111, 188, 52, 170, 223, 48, 247, 119, 137, 96, 119,
       223, 29, 42, 56, 144, 73, 47, 237, 239, 39, 132, 164, 243, 129,
       49, 109, 112, 189, 99, 237, 127, 83, 152, 91, 255, 181, 24, 223,
       93, 73, 59, 153, 80, 253, 58, 171, 100, 251, 18, 207, 219, 65,
       127, 210, 251, 70, 243, 80, 133, 93, 101, 152, 42, 71, 55, 224,
       132, 174, 8, 247, 51, 0, 83, 34, 246, 108, 106, 104, 169, 113, 12,
       241, 171, 100, 16, 96, 242, 198, 40, 172, 180, 189, 227, 173, 125,
       81, 152, 95, 127, 165, 24, 222, 125, 76, 59, 153, 26, 255, 48, 58,
       100, 251, 147, 207, 219, 81, 127, 210, 75, 198, 114, 246, 236,
       246, 223, 253, 171, 238, 252, 127, 178, 243, 18, 239, 235, 93, 75,
       127, 239, 127, 243, 246, 247, 207, 251, 190, 254, 223, 156, 151,
       255, 227, 128, 216, 4, 92, 244, 40, 10, 92, 38, 160, 182, 166, 24,
       247, 35, 0, 91, 35, 245, 109, 42, 104, 69, 131, 12, 240, 227, 116,
       17, 32, 240, 11, 40, 232, 181, 181, 250, 189, 237, 84, 47, 223,
       59, 173, 24, 190, 253, 72, 81, 193, 147, 251, 0, 58, 106, 218,
       151, 207, 223, 84, 123, 210, 72, 199, 42, 104, 253, 182, 252, 221,
       205, 84, 231, 223, 130, 232, 8, 174, 189, 37, 114, 201, 250, 251,
       0, 106, 107, 210, 255, 187, 255, 214, 59, 82, 88, 246, 10, 231,
       236, 180, 255, 236, 47, 238, 254, 255, 187, 187, 24, 235, 234, 93,
       11, 249, 199, 127, 159, 250, 103, 203, 251, 191, 254, 215, 252,
       213, 255, 242, 136, 246, 237, 214, 191, 252, 43, 238, 239, 191,
       187, 251, 26, 239, 234, 93, 91, 251, 207, 127, 191, 58, 239, 203,
       255, 188, 254, 223, 252, 197, 251, 227, 128, 236, 164, 244, 255,
       173, 47, 94, 188, 223, 187, 181, 24, 239, 249, 89, 59, 221, 214,
       127, 58, 186, 103, 203, 179, 255, 255, 117, 254, 194, 251, 210, 3,
       102, 109, 150, 252, 221, 207, 238, 230, 255, 226, 232, 8, 186,
       186, 53, 82, 201, 237, 123, 194, 104, 235, 218, 238, 187, 254,
       199, 27, 16, 121, 242, 130, 236, 180, 244, 247, 173, 63, 95, 188,
       255, 187, 183, 24, 223, 121, 89, 59, 157, 215, 125, 58, 184, 103,
       251, 178, 255, 251, 117, 182, 194, 251, 194, 3, 220, 117, 252,
       247, 172, 47, 127, 184, 187, 186, 191, 24, 223, 127, 201, 59, 151,
       215, 125, 122, 184, 101, 251, 162, 255, 251, 103, 148, 194, 243,
       199, 35, 69, 227, 144, 3, 180, 14, 102, 188, 106, 185, 59, 76,
       214, 96, 216, 146, 149, 76, 108, 126, 215, 112, 201, 38, 172, 188,
