%YAML:1.0
---
descriptors: !!opencv-matrix
   rows: 88
   cols: 32
   dt: u
   data: [ 220, 184, 188, 250, 169, 237, 81, 222, 191, 91, 180, 24, 191,
       247, 65, 59, 133, 243, 253, 24, 58, 111, 250, 49, 219, 219, 117,
       127, 226, 209, 134, 59, 202, 223, 190, 255, 169, 252, 125, 183,
       191, 95, 118, 53, 174, 255, 170, 123, 167, 115, 255, 0, 243, 77,
       162, 227, 239, 251, 126, 139, 146, 212, 167, 251, 124, 53, 124,
       231, 168, 79, 95, 176, 33, 236, 190, 8, 215, 119, 74, 19, 150,
       246, 125, 106, 88, 210, 241, 40, 231, 201, 101, 48, 32, 251, 70,
       115, 54, 231, 146, 143, 221, 91, 190, 232, 63, 166, 251, 11, 206,
       234, 47, 212, 251, 221, 239, 227, 100, 243, 201, 254, 189, 54,
       207, 55, 23, 127, 127, 134, 252, 112, 252, 98, 139, 87, 87, 216,
       51, 254, 181, 44, 95, 95, 75, 59, 221, 213, 253, 242, 239, 103,
       251, 48, 251, 203, 101, 191, 242, 51, 14, 115, 222, 249, 190, 254,
       139, 212, 23, 252, 187, 94, 180, 42, 126, 255, 111, 115, 237, 243,
       253, 194, 234, 79, 186, 249, 251, 219, 111, 187, 19, 119, 175,
       123, 63, 191, 228, 26, 223, 181, 158, 223, 159, 215, 220, 159,
       137, 236, 126, 142, 205, 203, 211, 215, 190, 107, 126, 243, 59,
       95, 223, 255, 223, 93, 255, 220, 205, 52, 149, 117, 169, 110, 52,
       31, 254, 251, 35, 84, 222, 119, 73, 251, 133, 87, 120, 16, 49,
       228, 211, 2, 205, 255, 119, 22, 200, 112, 131, 51, 197, 93, 29,
       119, 48, 14, 102, 184, 124, 250, 114, 116, 247, 82, 129, 243, 148,
       101, 124, 110, 225, 212, 249, 110, 164, 186, 103, 0, 8, 177, 1,
       49, 69, 223, 157, 71, 180, 46, 111, 189, 124, 232, 122, 68, 215,
       114, 136, 116, 150, 86, 124, 110, 209, 176, 121, 111, 172, 190,
       39, 132, 8, 242, 129, 57, 216, 184, 188, 244, 168, 236, 85, 159,
       187, 187, 182, 56, 191, 247, 64, 91, 135, 247, 253, 24, 58, 77,
       250, 49, 219, 251, 119, 248, 128, 208, 135, 59, 220, 184, 188,
       122, 169, 237, 85, 223, 171, 187, 180, 24, 191, 247, 65, 123, 133,
       247, 253, 24, 58, 111, 250, 49, 219, 251, 117, 124, 226, 209, 199,
       59, 205, 180, 149, 113, 169, 126, 117, 31, 251, 251, 166, 24, 222,
       55, 74, 255, 129, 87, 252, 24, 49, 237, 243, 194, 143, 251, 87,
       86, 202, 100, 139, 55, 200, 188, 181, 250, 169, 237, 17, 143, 187,
       91, 160, 24, 190, 255, 64, 187, 129, 51, 249, 16, 51, 79, 250,
       243, 201, 211, 95, 123, 210, 64, 135, 58, 201, 221, 61, 85, 176,
       94, 103, 188, 124, 248, 118, 84, 255, 119, 129, 247, 22, 84, 124,
       106, 241, 220, 249, 46, 237, 251, 103, 132, 74, 176, 193, 121, 77,
       157, 253, 69, 180, 62, 111, 191, 124, 232, 126, 100, 255, 119,
       136, 116, 22, 118, 124, 46, 177, 152, 125, 47, 239, 239, 39, 132,
       138, 242, 193, 113, 246, 172, 254, 255, 238, 169, 252, 207, 191,
       179, 243, 26, 255, 234, 124, 91, 239, 239, 127, 145, 186, 127,
       203, 243, 158, 255, 255, 236, 245, 248, 227, 129, 214, 236, 246,
       255, 238, 171, 252, 239, 191, 179, 250, 26, 239, 234, 117, 91,
       111, 239, 127, 131, 250, 255, 203, 255, 190, 250, 223, 188, 165,
       248, 243, 137, 236, 188, 180, 250, 141, 253, 84, 223, 219, 187,
       180, 24, 254, 249, 80, 59, 201, 230, 127, 24, 186, 111, 250, 178,
       219, 219, 85, 127, 210, 120, 210, 138, 252, 188, 188, 126, 173,
       253, 85, 255, 251, 187, 181, 24, 255, 249, 76, 59, 137, 246, 253,
       24, 186, 111, 250, 177, 219, 251, 85, 127, 210, 120, 198, 42, 217,
       156, 189, 117, 168, 110, 85, 183, 248, 250, 166, 92, 247, 117, 64,
       123, 133, 118, 124, 42, 249, 237, 251, 42, 227, 235, 117, 16, 72,
       112, 135, 59, 117, 71, 69, 70, 180, 14, 78, 184, 96, 232, 187, 76,
       83, 97, 153, 114, 20, 196, 108, 110, 233, 176, 77, 46, 48, 174,
       37, 20, 104, 243, 210, 33, 134, 141, 134, 158, 156, 163, 142, 238,
       150, 146, 89, 18, 96, 234, 57, 65, 89, 106, 51, 243, 112, 196, 10,
       255, 40, 6, 207, 196, 148, 123, 176, 0, 94, 252, 246, 254, 171,
       172, 62, 252, 191, 219, 126, 161, 252, 255, 109, 82, 167, 127,
       255, 195, 226, 205, 154, 235, 255, 255, 95, 139, 134, 119, 39,
       219, 88, 185, 156, 246, 168, 236, 93, 159, 170, 187, 182, 56, 191,
       247, 64, 91, 135, 247, 125, 24, 58, 75, 250, 49, 219, 251, 119,
       248, 128, 192, 135, 59, 200, 188, 149, 122, 233, 253, 80, 143,
       251, 219, 172, 24, 190, 247, 64, 190, 129, 51, 252, 24, 51, 111,
       250, 243, 159, 223, 85, 123, 218, 68, 207, 63, 248, 248, 188, 250,
       169, 205, 85, 214, 175, 27, 180, 24, 63, 255, 64, 123, 133, 243,
       253, 88, 42, 79, 250, 49, 219, 219, 117, 121, 226, 208, 198, 59,
       201, 92, 189, 117, 41, 126, 117, 190, 253, 250, 182, 84, 255, 119,
       131, 255, 133, 116, 252, 46, 229, 229, 251, 104, 199, 251, 115,
       16, 74, 241, 75, 127, 201, 220, 61, 117, 32, 94, 125, 188, 253,
       250, 182, 84, 255, 87, 131, 119, 166, 116, 124, 106, 225, 220,
       249, 44, 231, 251, 103, 132, 74, 176, 65, 121, 201, 157, 125, 101,
       176, 30, 127, 189, 125, 232, 118, 116, 251, 119, 146, 115, 54,
       116, 124, 106, 241, 248, 121, 47, 239, 251, 39, 196, 74, 160, 193,
       121, 9, 157, 255, 109, 180, 62, 127, 191, 118, 233, 126, 96, 251,
       119, 128, 112, 119, 126, 124, 40, 145, 152, 105, 47, 239, 255, 37,
       192, 162, 226, 192, 57, 9, 156, 255, 253, 180, 174, 127, 191, 55,
       171, 126, 96, 255, 119, 128, 112, 119, 254, 63, 8, 153, 152, 105,
       191, 239, 239, 245, 128, 166, 234, 192, 41, 136, 188, 220, 255,
       180, 174, 125, 191, 54, 187, 118, 48, 255, 115, 152, 73, 119, 238,
       63, 152, 59, 220, 107, 63, 238, 239, 119, 196, 182, 248, 161, 169,
       140, 172, 254, 255, 164, 171, 125, 191, 118, 187, 119, 18, 255,
       235, 216, 73, 127, 127, 127, 153, 186, 252, 203, 187, 206, 235,
       127, 192, 164, 232, 161, 169, 140, 172, 254, 187, 236, 171, 249,
       255, 254, 179, 247, 18, 255, 235, 88, 75, 239, 255, 127, 25, 178,
       252, 203, 243, 220, 235, 255, 196, 229, 200, 161, 137, 252, 172,
       222, 255, 238, 169, 252, 222, 190, 179, 242, 26, 255, 234, 124,
       91, 239, 239, 127, 145, 58, 111, 203, 243, 222, 235, 255, 252,
       245, 248, 227, 129, 246, 172, 222, 191, 238, 169, 252, 206, 191,
       179, 242, 26, 255, 234, 85, 91, 239, 239, 127, 145, 58, 111, 203,
       243, 158, 251, 255, 252, 245, 249, 227, 137, 252, 188, 180, 250,
       173, 237, 208, 223, 223, 187, 180, 24, 234, 249, 84, 91, 201, 234,
       127, 24, 186, 111, 219, 179, 219, 219, 213, 126, 210, 72, 210,
       138, 249, 60, 189, 116, 173, 111, 85, 23, 243, 251, 166, 24, 247,
       181, 64, 59, 129, 246, 124, 24, 121, 109, 251, 10, 219, 203, 117,
       48, 224, 112, 198, 122, 253, 124, 189, 116, 173, 111, 85, 159,
       251, 250, 166, 24, 215, 117, 65, 59, 129, 86, 124, 58, 57, 101,
       251, 34, 251, 219, 85, 52, 200, 121, 198, 58, 252, 244, 189, 114,
       173, 109, 87, 139, 219, 123, 165, 24, 214, 125, 72, 59, 129, 86,
       120, 26, 59, 103, 251, 51, 219, 219, 85, 127, 208, 121, 214, 34,
       236, 180, 189, 123, 141, 109, 85, 141, 219, 123, 165, 24, 242,
       253, 72, 59, 201, 82, 120, 24, 59, 111, 251, 51, 207, 219, 85,
       127, 210, 88, 214, 42, 236, 172, 189, 250, 141, 237, 85, 207, 215,
       211, 165, 24, 242, 253, 72, 59, 201, 242, 120, 26, 59, 111, 250,
       179, 251, 219, 213, 123, 208, 88, 246, 106, 107, 189, 172, 243,
       189, 253, 221, 191, 159, 253, 156, 29, 187, 189, 90, 34, 205, 215,
       255, 29, 191, 75, 251, 179, 239, 223, 189, 252, 158, 204, 214, 90,
       237, 60, 188, 247, 172, 63, 221, 154, 219, 250, 181, 24, 223, 121,
       89, 43, 141, 199, 125, 59, 168, 103, 251, 178, 207, 223, 117, 180,
       192, 249, 82, 195, 221, 48, 189, 116, 173, 124, 81, 19, 251, 251,
       183, 28, 222, 255, 87, 123, 133, 247, 252, 28, 189, 101, 243, 0,
       219, 251, 117, 26, 202, 225, 207, 115, 9, 157, 255, 237, 180, 190,
       123, 191, 119, 169, 126, 32, 255, 55, 128, 112, 118, 126, 127,
