%YAML:1.0
---
descriptors: !!opencv-matrix
   rows: 288
   cols: 32
   dt: u
   data: [ 240, 173, 254, 112, 152, 201, 81, 103, 178, 21, 172, 24, 55,
       183, 66, 19, 33, 178, 109, 16, 122, 75, 162, 55, 219, 139, 116,
       121, 224, 128, 198, 106, 148, 142, 157, 247, 164, 46, 103, 184,
       60, 186, 51, 80, 215, 117, 9, 59, 181, 86, 124, 46, 113, 244, 201,
       42, 137, 170, 101, 20, 200, 241, 67, 49, 228, 241, 157, 115, 169,
       110, 87, 156, 58, 187, 39, 24, 214, 115, 73, 91, 145, 84, 121,
       122, 49, 68, 251, 32, 239, 187, 69, 118, 136, 115, 198, 115, 228,
       125, 189, 103, 173, 79, 71, 168, 48, 230, 239, 8, 211, 119, 9, 51,
       216, 116, 121, 106, 105, 240, 249, 46, 229, 251, 69, 20, 64, 123,
       86, 242, 253, 113, 189, 103, 44, 78, 87, 152, 96, 250, 167, 76,
       215, 117, 201, 59, 148, 212, 124, 106, 233, 116, 249, 8, 231, 201,
       101, 52, 104, 243, 70, 113, 124, 109, 215, 238, 159, 79, 86, 232,
       147, 164, 169, 11, 75, 255, 111, 146, 217, 213, 200, 98, 108, 99,
       218, 190, 251, 207, 5, 63, 115, 127, 70, 66, 108, 37, 249, 111,
       157, 94, 94, 188, 81, 160, 237, 9, 243, 125, 25, 144, 88, 222,
       249, 106, 40, 226, 249, 175, 239, 239, 133, 29, 99, 251, 126, 2,
       236, 52, 188, 115, 173, 125, 81, 152, 91, 255, 165, 24, 222, 93,
       75, 59, 145, 16, 253, 50, 58, 103, 251, 18, 203, 219, 81, 127,
       210, 73, 70, 114, 236, 180, 188, 242, 173, 125, 81, 153, 251, 63,
       165, 24, 222, 253, 74, 59, 129, 147, 253, 16, 58, 103, 251, 145,
       207, 219, 81, 127, 210, 73, 198, 2, 252, 164, 252, 118, 136, 105,
       85, 191, 162, 182, 164, 25, 83, 119, 73, 27, 9, 214, 108, 42, 120,
       71, 234, 32, 217, 202, 117, 61, 225, 240, 198, 106, 249, 186, 158,
       48, 168, 173, 81, 215, 163, 127, 180, 253, 63, 215, 194, 27, 167,
       183, 253, 20, 62, 79, 130, 49, 218, 227, 117, 249, 170, 196, 142,
       91, 249, 184, 255, 116, 41, 252, 81, 82, 227, 123, 180, 56, 27,
       223, 194, 63, 3, 246, 236, 24, 191, 111, 242, 145, 211, 219, 112,
       187, 234, 196, 78, 119, 248, 184, 255, 112, 136, 233, 81, 87, 162,
       23, 164, 24, 55, 183, 64, 27, 3, 178, 109, 24, 58, 79, 178, 17,
       219, 203, 112, 121, 224, 128, 198, 122, 121, 133, 95, 110, 186,
       42, 71, 189, 232, 32, 171, 8, 215, 115, 8, 115, 2, 215, 108, 106,
       121, 169, 121, 29, 249, 233, 101, 84, 96, 162, 192, 32, 77, 253,
       149, 87, 185, 94, 87, 168, 122, 250, 47, 8, 254, 114, 73, 50, 145,
       86, 104, 106, 99, 96, 251, 47, 237, 191, 69, 54, 202, 115, 3, 35,
       96, 197, 149, 249, 189, 205, 69, 142, 91, 59, 40, 24, 182, 51, 76,
       114, 129, 19, 104, 0, 107, 104, 211, 51, 173, 150, 84, 126, 80,
       88, 196, 42, 192, 140, 149, 249, 200, 237, 5, 175, 126, 51, 32,
       24, 182, 51, 72, 123, 129, 82, 106, 24, 51, 108, 211, 115, 205,
       178, 84, 120, 144, 72, 135, 40, 117, 68, 125, 103, 149, 111, 71,
       184, 100, 160, 171, 8, 83, 113, 9, 112, 49, 212, 72, 106, 40, 176,
       121, 30, 245, 239, 5, 20, 241, 251, 64, 34, 73, 146, 239, 117,
       164, 102, 233, 191, 118, 253, 86, 230, 241, 109, 218, 107, 55, 94,
       124, 156, 149, 216, 191, 32, 76, 235, 245, 196, 173, 224, 208,
       121, 77, 117, 17, 71, 161, 78, 55, 184, 120, 234, 107, 12, 222,
       115, 9, 48, 144, 84, 120, 106, 225, 240, 217, 110, 101, 190, 69,
       6, 74, 115, 67, 50, 124, 99, 78, 39, 48, 11, 110, 40, 41, 168,
       115, 233, 71, 99, 155, 144, 178, 68, 236, 102, 76, 241, 137, 12,
       246, 243, 37, 21, 106, 183, 74, 0, 69, 116, 157, 101, 3, 78, 55,
       32, 120, 234, 39, 40, 222, 53, 65, 51, 178, 85, 104, 98, 97, 240,
       185, 10, 229, 159, 69, 22, 72, 115, 67, 35, 232, 188, 188, 117,
       185, 105, 21, 175, 26, 63, 38, 57, 166, 49, 74, 27, 129, 86, 232,
       16, 34, 108, 195, 55, 239, 211, 117, 119, 208, 72, 199, 43, 228,
       176, 157, 112, 169, 111, 16, 9, 127, 187, 33, 56, 214, 125, 72,
       59, 145, 21, 108, 48, 55, 116, 201, 18, 143, 211, 81, 119, 208, 8,
       135, 3, 76, 113, 120, 103, 96, 78, 63, 184, 57, 236, 119, 173,
       223, 87, 139, 16, 150, 85, 253, 110, 192, 208, 233, 106, 231, 223,
       37, 132, 66, 179, 7, 113, 124, 175, 255, 114, 138, 232, 85, 222,
       162, 23, 172, 184, 55, 231, 65, 26, 35, 242, 109, 144, 26, 75,
       170, 33, 219, 199, 117, 121, 224, 209, 134, 106, 36, 121, 83, 69,
       80, 94, 99, 112, 97, 224, 111, 72, 82, 23, 133, 52, 16, 124, 64,
       106, 65, 176, 177, 12, 39, 172, 33, 0, 99, 179, 70, 176, 145, 142,
       203, 125, 180, 170, 107, 151, 118, 11, 98, 244, 243, 97, 144, 88,
       19, 238, 12, 60, 187, 252, 77, 63, 204, 175, 52, 64, 236, 192,
       208, 32, 52, 69, 18, 142, 93, 67, 134, 232, 156, 132, 233, 11, 70,
       240, 45, 208, 216, 236, 106, 98, 108, 163, 26, 110, 177, 182, 135,
       31, 80, 123, 126, 130, 38, 205, 16, 62, 217, 205, 22, 174, 159,
       20, 168, 9, 166, 250, 33, 148, 193, 123, 226, 66, 78, 43, 90, 63,
       169, 214, 21, 59, 80, 56, 142, 143, 240, 180, 189, 114, 136, 237,
       85, 159, 178, 55, 173, 24, 23, 183, 72, 27, 1, 150, 108, 24, 58,
       111, 250, 51, 217, 171, 117, 120, 224, 192, 198, 106, 204, 116,
       157, 71, 129, 111, 55, 8, 120, 234, 47, 8, 222, 117, 73, 59, 145,
       84, 104, 114, 33, 244, 185, 42, 229, 255, 69, 19, 192, 115, 71,
       34, 69, 245, 157, 99, 133, 111, 103, 152, 122, 251, 43, 24, 214,
       113, 73, 42, 145, 84, 120, 122, 17, 112, 249, 18, 237, 159, 69,
       116, 200, 123, 195, 34, 196, 88, 157, 247, 168, 108, 53, 154, 190,
       250, 162, 80, 215, 247, 65, 123, 135, 119, 125, 90, 161, 84, 219,
       34, 205, 235, 119, 16, 136, 113, 1, 51, 120, 171, 126, 120, 152,
       233, 81, 119, 179, 21, 164, 56, 55, 247, 66, 27, 33, 178, 237, 16,
       58, 75, 162, 53, 219, 131, 112, 121, 240, 128, 230, 42, 69, 117,
       17, 69, 81, 14, 102, 184, 120, 224, 106, 72, 246, 81, 9, 180, 148,
       92, 80, 106, 65, 240, 249, 78, 165, 188, 1, 4, 72, 51, 67, 177,
       236, 117, 157, 103, 169, 110, 71, 156, 122, 250, 167, 24, 214,
       119, 73, 59, 145, 86, 108, 122, 113, 68, 251, 34, 237, 219, 69,
       52, 192, 115, 199, 35, 101, 113, 17, 69, 80, 79, 103, 56, 104,
       224, 43, 8, 214, 81, 73, 52, 144, 92, 64, 106, 65, 240, 249, 12,
       45, 156, 5, 52, 72, 51, 66, 34, 220, 144, 151, 118, 168, 108, 81,
       51, 178, 187, 167, 24, 94, 183, 72, 127, 165, 215, 108, 8, 57, 77,
       187, 0, 217, 227, 117, 92, 130, 224, 134, 35, 108, 164, 189, 115,
       137, 109, 87, 136, 51, 191, 173, 24, 214, 119, 73, 59, 145, 82,
       104, 122, 58, 98, 251, 51, 239, 223, 69, 127, 194, 115, 198, 98,
       236, 109, 189, 103, 141, 79, 71, 168, 121, 174, 46, 8, 242, 117,
       1, 51, 152, 116, 120, 106, 105, 240, 249, 42, 229, 255, 69, 48,
       64, 123, 70, 98, 108, 96, 57, 105, 8, 79, 83, 152, 98, 180, 37, 8,
       211, 21, 73, 50, 17, 84, 64, 106, 10, 96, 249, 25, 207, 201, 1,
       61, 114, 187, 70, 98, 124, 229, 184, 110, 157, 93, 87, 236, 83,
       148, 173, 8, 123, 249, 107, 18, 217, 218, 232, 122, 106, 99, 219,
       63, 251, 207, 5, 61, 243, 123, 206, 34, 124, 229, 60, 111, 157,
       79, 87, 168, 83, 164, 237, 8, 83, 125, 25, 48, 88, 220, 104, 106,
       72, 114, 249, 63, 247, 239, 5, 53, 115, 187, 198, 162, 248, 184,
       252, 114, 141, 189, 80, 218, 243, 183, 165, 24, 59, 249, 72, 59,
       9, 210, 237, 24, 58, 111, 218, 49, 219, 203, 117, 121, 227, 192,
       78, 34, 249, 186, 190, 184, 171, 173, 88, 215, 163, 91, 164, 221,
       63, 183, 66, 27, 167, 179, 253, 20, 190, 79, 146, 49, 219, 219,
       116, 249, 162, 196, 138, 91, 252, 168, 220, 118, 137, 105, 85,
       191, 162, 182, 164, 25, 115, 231, 74, 27, 9, 214, 237, 10, 56,
       111, 202, 32, 219, 203, 117, 61, 227, 240, 198, 42, 252, 168, 220,
       114, 137, 169, 80, 223, 147, 183, 164, 25, 11, 233, 73, 155, 137,
       210, 237, 16, 62, 111, 202, 50, 219, 195, 85, 125, 227, 200, 206,
       10, 116, 176, 189, 114, 168, 108, 81, 25, 226, 255, 165, 24, 83,
