%YAML:1.0
---
descriptors: !!opencv-matrix
   rows: 114
   cols: 32
   dt: u
   data: [ 197, 71, 157, 103, 160, 14, 71, 184, 48, 238, 175, 76, 215,
       115, 201, 83, 148, 196, 108, 110, 105, 208, 233, 42, 229, 251,
       101, 20, 64, 243, 66, 97, 237, 116, 188, 103, 168, 46, 87, 152,
       58, 254, 167, 29, 215, 113, 75, 27, 145, 68, 125, 126, 184, 68,
       217, 2, 207, 219, 101, 116, 200, 115, 90, 66, 21, 71, 75, 239, 22,
       11, 111, 248, 68, 160, 219, 230, 211, 67, 185, 96, 126, 236, 30,
       238, 201, 176, 77, 60, 224, 172, 167, 132, 61, 187, 112, 33, 252,
       116, 252, 114, 169, 109, 91, 152, 179, 254, 181, 57, 223, 223, 73,
       27, 221, 213, 253, 242, 42, 71, 251, 50, 219, 219, 229, 125, 130,
       115, 70, 115, 117, 81, 121, 109, 52, 78, 111, 184, 116, 232, 122,
       64, 211, 119, 153, 112, 86, 220, 20, 106, 201, 176, 125, 44, 229,
       173, 37, 4, 108, 187, 64, 33, 124, 65, 249, 103, 60, 78, 71, 184,
       96, 172, 191, 8, 215, 119, 137, 114, 18, 212, 108, 106, 73, 50,
       249, 8, 231, 237, 37, 20, 96, 251, 70, 33, 236, 48, 184, 97, 45,
       127, 81, 26, 107, 191, 165, 24, 159, 27, 73, 59, 137, 148, 221,
       56, 8, 102, 241, 144, 199, 217, 81, 117, 194, 105, 70, 34, 213,
       82, 93, 103, 32, 14, 71, 56, 100, 232, 179, 108, 211, 83, 137,
       115, 22, 212, 124, 106, 233, 212, 121, 12, 228, 171, 97, 148, 40,
       179, 64, 49, 252, 48, 188, 116, 45, 125, 81, 24, 235, 250, 181,
       24, 223, 217, 89, 59, 132, 212, 253, 10, 168, 103, 242, 128, 211,
       219, 113, 60, 194, 233, 66, 35, 130, 172, 246, 153, 236, 169, 248,
       71, 255, 27, 242, 16, 172, 170, 84, 75, 239, 175, 127, 145, 178,
       252, 195, 211, 140, 58, 222, 194, 132, 64, 161, 137, 194, 132,
       246, 153, 100, 169, 248, 7, 127, 51, 82, 26, 172, 170, 84, 75,
       231, 191, 127, 145, 178, 254, 195, 211, 156, 58, 90, 202, 148, 72,
       161, 137, 252, 117, 188, 231, 168, 78, 87, 184, 161, 186, 175, 8,
       223, 119, 73, 19, 148, 215, 253, 98, 72, 67, 251, 40, 243, 233,
       101, 181, 32, 243, 134, 51, 252, 112, 188, 114, 169, 109, 83, 152,
       51, 187, 181, 24, 223, 223, 73, 58, 157, 213, 253, 114, 42, 71,
       251, 50, 219, 223, 101, 127, 194, 243, 6, 51, 85, 75, 95, 229, 54,
       10, 79, 184, 100, 160, 250, 198, 83, 67, 153, 113, 118, 196, 28,
       110, 201, 144, 77, 44, 224, 168, 165, 148, 44, 187, 112, 33, 49,
       77, 75, 237, 150, 3, 239, 253, 68, 128, 122, 198, 243, 67, 177,
       96, 126, 236, 22, 238, 201, 184, 69, 14, 228, 172, 167, 128, 125,
       186, 224, 168, 49, 133, 75, 237, 244, 131, 239, 127, 116, 128,
       122, 66, 113, 227, 176, 112, 126, 175, 22, 168, 209, 186, 69, 31,
       116, 172, 167, 128, 61, 234, 240, 168, 52, 164, 251, 235, 124, 43,
       249, 121, 126, 163, 251, 26, 215, 235, 60, 80, 127, 141, 127, 185,
       154, 179, 203, 223, 220, 174, 171, 252, 181, 234, 115, 129, 246,
       96, 254, 175, 110, 11, 234, 200, 63, 162, 243, 10, 207, 202, 93,
       90, 122, 205, 127, 227, 168, 247, 203, 250, 150, 254, 203, 188,
       37, 187, 115, 128, 22, 101, 118, 239, 254, 11, 254, 232, 45, 160,
       251, 130, 207, 110, 29, 80, 254, 221, 127, 227, 200, 179, 201,
       236, 182, 254, 143, 134, 37, 251, 113, 129, 122, 245, 54, 254,
       189, 221, 84, 231, 255, 27, 188, 24, 174, 255, 44, 81, 201, 187,
       255, 0, 122, 107, 242, 255, 251, 223, 86, 123, 82, 88, 231, 155,
       252, 113, 253, 102, 108, 95, 87, 156, 19, 254, 181, 8, 219, 93,
       73, 59, 156, 212, 125, 106, 232, 103, 251, 40, 247, 219, 101, 61,
       98, 251, 70, 115, 34, 169, 150, 216, 221, 229, 176, 199, 143, 21,
       232, 1, 174, 186, 100, 74, 201, 59, 235, 17, 26, 107, 146, 241,
       153, 54, 222, 123, 144, 76, 189, 138, 232, 176, 185, 248, 141,
       109, 81, 11, 75, 57, 165, 24, 158, 153, 76, 26, 201, 146, 109, 16,
       26, 110, 211, 145, 207, 217, 80, 127, 210, 8, 198, 34, 117, 81,
       121, 101, 52, 78, 71, 184, 96, 168, 255, 8, 83, 117, 137, 112, 26,
       220, 76, 106, 201, 178, 253, 12, 247, 173, 37, 20, 97, 187, 70,
       33, 213, 81, 125, 103, 44, 78, 71, 184, 96, 232, 167, 72, 215,
       119, 137, 115, 16, 212, 124, 106, 105, 208, 249, 12, 229, 235,
       101, 20, 32, 179, 70, 113, 253, 89, 127, 103, 52, 14, 79, 184, 96,
       232, 182, 104, 115, 83, 145, 51, 22, 244, 92, 106, 201, 161, 105,
       44, 243, 233, 33, 144, 96, 179, 66, 41, 130, 172, 246, 187, 236,
       169, 184, 71, 255, 19, 115, 18, 173, 170, 84, 75, 239, 43, 127,
       145, 178, 252, 195, 211, 140, 251, 218, 194, 132, 64, 161, 137,
       252, 96, 252, 118, 201, 73, 85, 205, 243, 183, 165, 24, 83, 241,
       77, 58, 9, 220, 104, 90, 106, 103, 250, 34, 251, 207, 85, 61, 227,
       249, 198, 34, 130, 172, 150, 155, 100, 169, 184, 71, 191, 27, 115,
       16, 172, 170, 84, 75, 231, 43, 127, 145, 50, 252, 67, 211, 12, 58,
       218, 194, 132, 72, 161, 137, 130, 164, 214, 153, 108, 169, 184, 6,
       191, 19, 114, 18, 172, 170, 80, 75, 239, 11, 127, 145, 50, 252,
       67, 243, 140, 50, 218, 194, 132, 8, 161, 137, 214, 237, 246, 223,
       190, 171, 254, 239, 191, 178, 242, 18, 239, 234, 61, 75, 255, 231,
       127, 227, 248, 253, 143, 255, 188, 254, 223, 214, 165, 121, 225,
       1, 220, 221, 156, 231, 184, 46, 95, 188, 164, 170, 159, 56, 215,
       119, 9, 82, 215, 215, 125, 106, 120, 197, 201, 46, 251, 231, 111,
       148, 32, 251, 133, 51, 212, 16, 157, 244, 40, 110, 81, 24, 176,
       250, 167, 88, 215, 55, 73, 123, 133, 213, 125, 42, 41, 69, 243, 2,
       209, 235, 113, 20, 160, 241, 7, 51, 17, 77, 91, 237, 52, 11, 111,
       53, 100, 160, 250, 70, 243, 3, 144, 96, 126, 172, 28, 236, 201,
       184, 69, 12, 228, 173, 166, 128, 44, 186, 240, 168, 52, 36, 219,
       235, 126, 43, 235, 88, 62, 162, 243, 90, 215, 203, 29, 88, 123,
       141, 127, 179, 8, 183, 201, 90, 212, 174, 171, 252, 229, 171, 115,
       160, 246, 96, 218, 175, 110, 11, 235, 200, 63, 162, 243, 10, 215,
       202, 29, 88, 122, 205, 127, 227, 40, 247, 201, 234, 212, 186, 235,
       180, 101, 187, 115, 128, 98, 233, 178, 248, 93, 197, 144, 199,
       143, 5, 232, 9, 174, 154, 100, 80, 200, 187, 235, 81, 90, 43, 146,
       241, 187, 244, 158, 123, 80, 8, 254, 138, 114, 233, 50, 232, 93,
       205, 242, 230, 175, 4, 232, 10, 46, 154, 100, 80, 232, 185, 203,
       209, 74, 43, 146, 253, 179, 244, 138, 123, 81, 8, 119, 138, 242,
       105, 50, 236, 93, 205, 250, 96, 173, 32, 224, 10, 46, 154, 53, 80,
       232, 169, 91, 227, 74, 35, 208, 253, 183, 248, 139, 59, 81, 11,
       118, 138, 21, 83, 89, 231, 52, 15, 111, 184, 36, 232, 91, 196,
       215, 67, 153, 96, 118, 76, 30, 110, 201, 176, 89, 44, 228, 173,
       167, 132, 44, 179, 1, 49, 5, 93, 27, 231, 180, 15, 239, 184, 108,
       232, 91, 68, 215, 115, 153, 96, 126, 93, 63, 111, 193, 176, 89,
       46, 229, 172, 47, 132, 44, 187, 1, 177, 238, 32, 230, 16, 207,
       113, 208, 75, 219, 247, 181, 159, 8, 204, 95, 159, 233, 141, 243,
       145, 62, 103, 254, 210, 27, 83, 221, 127, 199, 109, 126, 214, 120,
       241, 176, 254, 125, 221, 84, 109, 79, 25, 253, 8, 255, 249, 44,
       80, 216, 155, 255, 0, 90, 43, 251, 149, 251, 223, 20, 59, 82, 26,
       214, 138, 124, 177, 184, 234, 189, 93, 82, 249, 79, 57, 181, 24,
       223, 125, 72, 48, 217, 155, 255, 50, 26, 35, 251, 149, 223, 223,
       1, 127, 210, 138, 198, 2, 108, 112, 185, 103, 237, 95, 87, 152,
       67, 234, 181, 8, 219, 93, 73, 58, 156, 220, 253, 122, 201, 118,
       249, 42, 231, 221, 37, 53, 66, 251, 70, 243, 221, 253, 191, 119,
       168, 108, 117, 151, 250, 251, 166, 24, 247, 247, 73, 123, 165,
       119, 124, 10, 249, 205, 251, 32, 235, 235, 117, 16, 232, 112, 199,
       59, 236, 244, 189, 123, 173, 125, 85, 159, 91, 123, 165, 24, 214,
       125, 72, 59, 153, 210, 120, 58, 59, 102, 251, 51, 203, 219, 85,
       125, 210, 89, 214, 106, 236, 236, 182, 254, 141, 253, 86, 239,
       215, 147, 165, 24, 250, 249, 124, 123, 201, 250, 251, 19, 58, 103,
