%YAML:1.0
---
descriptors: !!opencv-matrix
   rows: 112
   cols: 32
   dt: u
   data: [ 218, 170, 150, 50, 169, 173, 88, 215, 171, 27, 160, 89, 175,
       251, 64, 27, 135, 179, 125, 20, 190, 79, 130, 177, 219, 219, 85,
       249, 162, 196, 139, 11, 216, 184, 190, 112, 168, 237, 81, 23, 162,
       95, 164, 25, 63, 151, 66, 27, 167, 179, 237, 16, 26, 79, 146, 1,
       219, 195, 112, 121, 160, 128, 134, 123, 69, 113, 17, 69, 81, 14,
       118, 56, 120, 232, 107, 76, 222, 16, 13, 52, 144, 76, 80, 106,
       197, 240, 217, 14, 37, 188, 5, 6, 74, 51, 67, 134, 117, 69, 89,
       101, 20, 79, 71, 184, 116, 160, 235, 10, 83, 113, 25, 112, 112,
       212, 72, 122, 105, 176, 121, 30, 245, 175, 5, 20, 97, 187, 80, 32,
       5, 215, 29, 71, 176, 14, 111, 184, 116, 234, 127, 100, 215, 115,
       136, 112, 54, 76, 60, 110, 225, 144, 125, 46, 228, 174, 37, 132,
       42, 243, 129, 49, 128, 140, 157, 255, 136, 237, 21, 135, 150, 23,
       96, 24, 183, 243, 96, 91, 193, 122, 107, 16, 50, 78, 218, 49, 205,
       162, 116, 120, 144, 88, 135, 170, 252, 244, 253, 118, 136, 109,
       85, 191, 178, 191, 165, 24, 83, 119, 72, 59, 1, 214, 236, 10, 56,
       111, 251, 34, 219, 203, 117, 61, 227, 241, 198, 106, 85, 85, 125,
       103, 180, 78, 79, 184, 97, 232, 191, 64, 83, 119, 137, 114, 86,
       212, 92, 106, 233, 161, 249, 46, 227, 239, 37, 148, 104, 243, 64,
       49, 77, 52, 157, 103, 129, 110, 119, 136, 121, 234, 47, 8, 222,
       113, 73, 58, 145, 86, 104, 58, 33, 240, 249, 10, 231, 255, 69, 22,
       202, 115, 67, 35, 205, 116, 157, 103, 137, 110, 119, 152, 123,
       250, 103, 24, 222, 115, 73, 123, 145, 84, 120, 106, 33, 244, 251,
       98, 199, 251, 71, 6, 202, 115, 67, 51, 101, 245, 157, 99, 180, 79,
       71, 184, 106, 248, 47, 40, 215, 117, 73, 50, 145, 84, 124, 122,
       81, 112, 249, 50, 237, 223, 101, 116, 192, 251, 214, 35, 248, 170,
       214, 122, 169, 169, 80, 215, 131, 31, 164, 57, 47, 235, 96, 155,
       137, 179, 237, 16, 62, 111, 130, 49, 219, 195, 116, 123, 243, 204,
       206, 11, 108, 99, 49, 71, 116, 15, 103, 184, 104, 172, 127, 72,
       211, 67, 141, 52, 16, 76, 68, 106, 192, 176, 233, 12, 103, 156,
       33, 52, 66, 179, 70, 225, 77, 245, 189, 103, 133, 31, 103, 184,
       123, 234, 47, 12, 222, 113, 73, 54, 145, 76, 120, 106, 225, 240,
       249, 10, 239, 223, 69, 38, 202, 115, 67, 50, 77, 245, 149, 103,
       161, 78, 103, 184, 56, 170, 107, 76, 214, 119, 8, 50, 145, 84,
       124, 106, 97, 244, 217, 10, 237, 255, 69, 20, 74, 115, 131, 49,
       226, 170, 214, 112, 233, 173, 72, 215, 171, 27, 160, 89, 46, 235,
       80, 159, 165, 163, 125, 152, 58, 79, 130, 241, 154, 218, 84, 250,
       194, 192, 202, 11, 100, 101, 24, 103, 217, 15, 70, 168, 97, 160,
       233, 8, 211, 113, 89, 16, 152, 220, 72, 106, 72, 178, 217, 14,
       111, 253, 5, 52, 73, 251, 66, 2, 252, 112, 189, 99, 40, 77, 85,
       152, 227, 250, 165, 24, 215, 85, 73, 59, 145, 212, 124, 90, 9,
       103, 251, 0, 211, 219, 117, 60, 192, 243, 70, 115, 109, 103, 189,
       71, 100, 94, 103, 184, 121, 234, 127, 72, 211, 116, 155, 55, 144,
       68, 116, 110, 225, 240, 233, 42, 103, 190, 101, 4, 66, 243, 67,
       101, 104, 177, 188, 254, 141, 221, 85, 47, 219, 17, 165, 24, 190,
       253, 72, 59, 201, 146, 249, 16, 58, 106, 242, 145, 239, 219, 84,
       123, 210, 72, 198, 42, 208, 184, 159, 112, 138, 232, 81, 151, 162,
       55, 166, 56, 55, 247, 64, 91, 35, 182, 108, 16, 58, 79, 162, 49,
       217, 227, 113, 121, 160, 192, 6, 42, 112, 169, 120, 114, 168, 233,
       81, 215, 226, 61, 172, 40, 55, 145, 64, 27, 8, 178, 108, 80, 26,
       107, 194, 49, 219, 193, 117, 121, 224, 136, 198, 43, 237, 112,
       189, 103, 37, 111, 71, 152, 123, 250, 39, 8, 215, 81, 73, 59, 145,
       84, 124, 122, 33, 244, 249, 10, 231, 219, 69, 52, 202, 251, 66,
       34, 253, 71, 108, 102, 173, 90, 71, 185, 225, 244, 175, 137, 75,
       109, 159, 179, 34, 228, 236, 110, 236, 97, 237, 12, 242, 235, 101,
       29, 103, 246, 222, 68, 205, 116, 157, 119, 161, 110, 119, 184,
       121, 234, 103, 24, 222, 115, 73, 58, 145, 84, 108, 106, 97, 244,
       249, 42, 199, 255, 69, 6, 202, 115, 67, 35, 45, 113, 113, 101,
       117, 30, 103, 56, 97, 232, 111, 76, 91, 81, 9, 176, 144, 204, 84,
       106, 201, 176, 113, 12, 103, 221, 33, 4, 106, 179, 66, 179, 240,
       188, 158, 50, 168, 173, 80, 223, 179, 59, 160, 125, 39, 243, 66,
       27, 163, 179, 237, 16, 62, 79, 218, 51, 218, 195, 117, 123, 232,
       64, 138, 11, 252, 116, 253, 119, 168, 111, 71, 152, 113, 190, 191,
       56, 211, 117, 201, 59, 19, 214, 108, 122, 105, 103, 249, 42, 251,
       223, 101, 52, 226, 251, 70, 97, 100, 253, 181, 67, 201, 95, 87,
       168, 123, 186, 45, 8, 222, 117, 77, 54, 145, 84, 108, 122, 75,
       112, 251, 50, 175, 222, 69, 118, 194, 123, 70, 38, 226, 170, 133,
       188, 232, 232, 9, 143, 171, 255, 176, 185, 35, 166, 198, 91, 205,
       231, 108, 148, 62, 79, 226, 33, 156, 50, 252, 251, 128, 196, 134,
       125, 80, 128, 157, 185, 8, 168, 1, 7, 166, 19, 162, 89, 183, 131,
       64, 91, 1, 54, 109, 16, 26, 77, 195, 17, 201, 163, 112, 88, 160,
       0, 5, 40, 69, 85, 125, 101, 48, 78, 79, 185, 117, 232, 127, 68,
       211, 55, 153, 112, 22, 212, 124, 106, 233, 144, 121, 14, 231, 175,
       37, 132, 104, 242, 64, 49, 237, 113, 125, 101, 100, 78, 71, 184,
       97, 234, 54, 72, 211, 117, 1, 51, 20, 212, 116, 106, 233, 114,
       249, 8, 231, 233, 101, 52, 106, 243, 66, 113, 109, 69, 229, 71,
       100, 90, 103, 168, 121, 224, 111, 8, 211, 116, 157, 182, 16, 196,
       120, 106, 65, 240, 237, 14, 39, 62, 69, 4, 66, 243, 86, 100, 124,
       245, 216, 110, 219, 90, 22, 248, 51, 60, 173, 173, 75, 115, 11,
       210, 87, 220, 236, 98, 106, 67, 219, 63, 250, 231, 37, 63, 123,
       243, 206, 19, 73, 113, 17, 69, 113, 30, 100, 61, 105, 232, 106,
       76, 222, 16, 29, 180, 148, 12, 68, 44, 197, 176, 209, 76, 37, 188,
       37, 6, 74, 50, 75, 157, 208, 168, 155, 112, 138, 232, 81, 23, 178,
       23, 166, 25, 55, 215, 64, 90, 35, 183, 109, 16, 26, 79, 162, 51,
       217, 167, 112, 121, 160, 192, 166, 106, 248, 171, 126, 114, 168,
       201, 81, 85, 162, 61, 164, 57, 55, 145, 66, 19, 2, 178, 236, 80,
       122, 107, 194, 49, 219, 193, 100, 121, 96, 128, 198, 43, 109, 241,
       17, 67, 189, 95, 71, 184, 107, 232, 39, 8, 214, 81, 77, 52, 144,
       92, 80, 106, 65, 112, 249, 60, 111, 217, 5, 54, 74, 59, 66, 162,
       13, 117, 145, 103, 241, 14, 103, 184, 123, 232, 111, 76, 222, 113,
       9, 48, 146, 92, 80, 106, 225, 240, 249, 46, 239, 255, 5, 4, 202,
       123, 67, 179, 240, 190, 222, 50, 170, 169, 81, 83, 178, 191, 164,
       185, 55, 167, 66, 27, 167, 183, 237, 16, 58, 79, 130, 51, 219,
       195, 113, 121, 224, 192, 14, 27, 104, 36, 189, 101, 205, 110, 65,
       15, 115, 183, 174, 24, 146, 49, 81, 59, 201, 150, 104, 56, 56,
       250, 241, 2, 207, 255, 84, 53, 194, 120, 214, 42, 69, 245, 25, 39,
       240, 46, 103, 188, 104, 232, 107, 76, 215, 115, 9, 48, 144, 78,
       64, 110, 81, 176, 217, 46, 237, 172, 37, 4, 200, 115, 195, 129,
       45, 103, 32, 69, 116, 31, 102, 184, 121, 168, 127, 76, 210, 0,
       159, 180, 144, 76, 68, 110, 229, 176, 249, 14, 39, 252, 37, 4, 74,
       187, 90, 133, 109, 253, 181, 85, 189, 95, 87, 174, 91, 250, 46, 8,
       246, 120, 85, 182, 145, 86, 120, 106, 199, 96, 251, 61, 47, 223,
       69, 54, 74, 121, 211, 39, 101, 111, 154, 62, 57, 196, 30, 232,
       250, 76, 201, 13, 246, 250, 59, 114, 148, 99, 125, 103, 206, 67,
       202, 63, 240, 183, 111, 185, 24, 51, 11, 3, 240, 142, 156, 186,
       138, 169, 85, 159, 182, 23, 142, 57, 247, 227, 66, 90, 65, 54,
       109, 16, 58, 77, 203, 51, 233, 167, 116, 121, 176, 88, 132, 10,
       53, 113, 10, 39, 83, 14, 118, 120, 96, 224, 239, 15, 87, 83, 11,
       16, 56, 204, 64, 231, 77, 179, 157, 12, 241, 165, 1, 5, 105, 51,
       42, 146, 13, 39, 1, 7, 116, 30, 238, 57, 105, 232, 123, 76, 223,
