%YAML:1.0
---
descriptors: !!opencv-matrix
   rows: 97
   cols: 32
   dt: u
   data: [ 190, 191, 166, 186, 223, 245, 158, 223, 159, 223, 149, 159,
       172, 236, 126, 11, 207, 251, 255, 151, 190, 107, 126, 243, 251,
       87, 223, 255, 151, 93, 189, 223, 108, 116, 188, 103, 168, 79, 87,
       184, 98, 186, 175, 8, 215, 115, 73, 59, 145, 212, 108, 106, 105,
       100, 249, 34, 239, 251, 101, 52, 200, 243, 66, 34, 237, 114, 188,
       119, 172, 46, 87, 152, 114, 254, 167, 93, 215, 113, 73, 27, 145,
       196, 125, 126, 168, 70, 219, 34, 203, 219, 101, 60, 200, 243, 194,
       67, 245, 69, 77, 103, 172, 74, 71, 184, 32, 242, 135, 137, 211,
       117, 27, 3, 16, 196, 125, 110, 105, 229, 221, 46, 224, 235, 229,
       20, 108, 251, 80, 112, 252, 112, 253, 243, 41, 111, 83, 152, 179,
       255, 165, 56, 95, 223, 73, 59, 223, 213, 253, 242, 43, 71, 251,
       50, 219, 203, 101, 61, 240, 115, 6, 115, 53, 255, 75, 239, 246,
       131, 239, 252, 86, 136, 121, 102, 113, 227, 185, 32, 126, 238, 22,
       234, 201, 178, 73, 63, 124, 172, 175, 132, 125, 251, 226, 169, 21,
       77, 75, 239, 150, 11, 111, 248, 68, 168, 91, 102, 243, 99, 185,
       96, 122, 236, 22, 234, 201, 176, 13, 63, 224, 172, 167, 132, 61,
       187, 112, 161, 216, 184, 191, 120, 9, 237, 17, 71, 171, 31, 164,
       57, 190, 191, 64, 27, 129, 179, 237, 16, 58, 111, 178, 17, 219,
       211, 80, 123, 192, 64, 135, 122, 104, 189, 148, 58, 153, 189, 20,
       135, 155, 31, 168, 25, 174, 249, 96, 154, 129, 123, 233, 16, 62,
       107, 218, 51, 235, 215, 85, 123, 210, 92, 142, 10, 197, 117, 189,
       103, 168, 14, 87, 184, 114, 250, 167, 76, 215, 115, 73, 123, 149,
       212, 108, 110, 233, 212, 249, 42, 237, 251, 101, 52, 200, 243, 66,
       99, 89, 180, 157, 113, 185, 124, 17, 159, 251, 251, 166, 24, 158,
       183, 74, 255, 129, 87, 252, 24, 59, 109, 243, 130, 203, 255, 87,
       87, 202, 64, 139, 123, 252, 113, 253, 103, 172, 79, 87, 156, 83,
       254, 181, 24, 211, 93, 203, 59, 156, 212, 125, 106, 105, 102, 251,
       40, 227, 217, 101, 53, 98, 251, 86, 115, 252, 180, 188, 250, 173,
       125, 81, 201, 211, 127, 181, 24, 223, 253, 72, 59, 217, 147, 253,
       18, 58, 103, 251, 179, 219, 219, 81, 127, 242, 203, 198, 115, 130,
       172, 150, 152, 221, 229, 180, 199, 159, 23, 224, 17, 172, 250, 96,
       205, 201, 59, 234, 17, 54, 111, 18, 247, 153, 22, 222, 107, 208,
       76, 173, 142, 252, 112, 188, 115, 169, 111, 83, 152, 51, 187, 165,
       24, 223, 95, 73, 59, 157, 213, 253, 114, 43, 71, 251, 50, 219,
       219, 101, 61, 226, 243, 70, 51, 197, 164, 141, 51, 172, 45, 132,
       143, 122, 187, 129, 88, 214, 112, 88, 43, 129, 70, 120, 31, 51,
       68, 219, 51, 141, 154, 127, 124, 136, 113, 211, 32, 252, 117, 188,
       231, 168, 78, 95, 184, 33, 186, 191, 40, 215, 119, 73, 115, 150,
       213, 125, 106, 73, 67, 249, 40, 251, 233, 101, 180, 32, 243, 134,
       115, 205, 61, 189, 119, 173, 110, 87, 190, 122, 250, 166, 24, 215,
       117, 73, 59, 145, 118, 124, 58, 233, 229, 251, 42, 239, 219, 117,
       52, 192, 113, 66, 123, 236, 180, 188, 123, 141, 109, 85, 143, 219,
       59, 165, 24, 254, 249, 72, 27, 201, 82, 232, 24, 58, 111, 251,
       179, 207, 219, 85, 125, 210, 88, 214, 42, 254, 81, 118, 238, 79,
       86, 94, 232, 169, 238, 183, 11, 79, 223, 47, 255, 254, 213, 253,
       227, 236, 71, 186, 200, 211, 251, 203, 159, 39, 191, 110, 87, 221,
       120, 159, 102, 40, 78, 87, 152, 224, 250, 162, 8, 215, 113, 73,
       59, 0, 212, 124, 106, 105, 101, 185, 40, 241, 235, 101, 20, 104,
       243, 67, 51, 66, 184, 148, 26, 137, 237, 20, 143, 187, 27, 128,
       25, 172, 246, 76, 159, 133, 115, 232, 17, 22, 79, 218, 113, 137,
       18, 95, 123, 144, 68, 143, 30, 253, 113, 221, 103, 40, 78, 71,
       184, 96, 250, 167, 72, 83, 81, 201, 59, 16, 212, 108, 106, 233,
       102, 249, 40, 243, 235, 101, 52, 107, 179, 66, 32, 109, 71, 77,
       103, 180, 14, 103, 184, 96, 168, 127, 108, 211, 97, 153, 115, 16,
       196, 108, 110, 201, 176, 237, 44, 230, 235, 101, 148, 106, 243,
       82, 33, 9, 157, 253, 101, 180, 62, 127, 191, 119, 169, 126, 64,
       255, 119, 128, 112, 119, 254, 125, 56, 153, 184, 105, 47, 239,
       239, 53, 128, 162, 242, 192, 41, 230, 172, 150, 159, 221, 175,
       236, 239, 191, 187, 242, 26, 238, 234, 84, 91, 233, 239, 127, 145,
       58, 251, 219, 247, 189, 186, 223, 120, 209, 104, 243, 136, 236,
       180, 180, 250, 173, 237, 80, 223, 251, 187, 176, 24, 238, 249, 88,
       27, 201, 226, 127, 16, 58, 111, 219, 179, 155, 219, 213, 126, 210,
       72, 210, 11, 220, 112, 157, 118, 168, 106, 81, 152, 240, 186, 167,
       56, 223, 119, 73, 59, 3, 212, 108, 122, 41, 101, 251, 42, 217,
       203, 117, 49, 226, 241, 6, 35, 124, 176, 188, 122, 173, 253, 81,
       216, 235, 187, 181, 24, 223, 253, 73, 59, 137, 246, 253, 24, 26,
       103, 250, 177, 219, 219, 85, 127, 210, 105, 70, 51, 245, 81, 93,
       103, 172, 14, 71, 184, 96, 248, 171, 76, 211, 113, 153, 51, 16,
       196, 124, 110, 233, 225, 253, 44, 160, 232, 101, 20, 104, 243, 66,
       33, 221, 188, 191, 118, 169, 237, 85, 191, 251, 251, 166, 24, 255,
       247, 0, 59, 161, 246, 124, 24, 57, 109, 187, 43, 251, 251, 117,
       49, 200, 112, 199, 123, 221, 61, 189, 119, 173, 110, 85, 191, 251,
       250, 166, 24, 247, 117, 73, 59, 133, 118, 124, 122, 249, 101, 251,
       42, 235, 219, 117, 48, 192, 112, 198, 123, 217, 156, 189, 119,
       168, 110, 85, 183, 248, 250, 166, 88, 247, 119, 1, 123, 133, 118,
       124, 42, 249, 237, 251, 42, 227, 251, 117, 16, 200, 240, 195, 59,
       237, 244, 189, 115, 173, 109, 87, 154, 251, 251, 165, 24, 215,
       117, 72, 59, 145, 86, 124, 58, 59, 102, 251, 50, 207, 219, 85,
       124, 194, 121, 214, 34, 236, 180, 188, 115, 173, 109, 85, 157, 91,
       187, 165, 24, 214, 121, 72, 59, 145, 86, 121, 58, 59, 102, 251,
       18, 207, 219, 85, 125, 210, 121, 214, 34, 230, 237, 246, 254, 252,
       43, 254, 239, 191, 179, 249, 26, 239, 234, 125, 89, 255, 239, 127,
       163, 248, 239, 203, 255, 190, 254, 223, 252, 149, 249, 227, 137,
       198, 236, 214, 158, 252, 43, 238, 239, 191, 179, 251, 26, 236,
       234, 125, 73, 123, 239, 127, 163, 114, 111, 203, 255, 188, 190,
       223, 188, 149, 121, 227, 136, 246, 105, 118, 239, 110, 11, 238,
       232, 127, 160, 243, 10, 203, 202, 61, 81, 122, 237, 127, 227, 200,
       243, 203, 252, 182, 249, 239, 188, 101, 187, 115, 128, 120, 180,
       180, 250, 141, 253, 84, 111, 219, 27, 173, 24, 254, 253, 76, 27,
       201, 147, 253, 16, 58, 111, 250, 147, 251, 223, 84, 123, 210, 74,
       198, 26, 34, 169, 150, 152, 205, 241, 144, 199, 143, 21, 224, 25,
       174, 186, 100, 218, 201, 59, 234, 16, 22, 107, 194, 241, 155, 210,
       86, 123, 208, 76, 175, 142, 220, 120, 191, 118, 9, 108, 85, 152,
       241, 242, 166, 24, 223, 247, 65, 59, 35, 212, 108, 90, 41, 101,
       187, 34, 211, 235, 117, 28, 234, 241, 6, 51, 221, 81, 29, 103,
       168, 30, 71, 189, 225, 248, 166, 76, 215, 113, 9, 51, 132, 196,
       108, 110, 233, 225, 249, 8, 227, 251, 101, 20, 106, 178, 194, 41,
       109, 7, 29, 103, 180, 30, 71, 184, 105, 232, 191, 76, 211, 97,
       153, 115, 148, 68, 108, 110, 233, 224, 233, 12, 226, 249, 101, 20,
       74, 243, 194, 33, 202, 184, 156, 178, 137, 237, 16, 135, 187, 55,
       160, 25, 174, 183, 66, 154, 129, 115, 233, 17, 54, 76, 218, 51,
       207, 211, 93, 123, 144, 68, 143, 26, 217, 188, 189, 118, 169, 108,
       85, 191, 251, 251, 166, 24, 247, 247, 72, 59, 133, 246, 124, 24,
       121, 109, 251, 34, 251, 251, 117, 48, 192, 112, 198, 123, 237,
       180, 189, 115, 141, 109, 85, 154, 251, 251, 167, 24, 214, 117, 73,
       59, 129, 86, 124, 26, 59, 103, 251, 50, 203, 219, 85, 124, 194,
       121, 198, 50, 236, 180, 188, 250, 141, 253, 85, 143, 211, 115,
       165, 24, 242, 249, 72, 59, 201, 210, 121, 26, 58, 103, 251, 179,
       203, 219, 85, 125, 210, 89, 214, 34, 198, 236, 246, 255, 221, 47,
