%YAML:1.0
---
descriptors: !!opencv-matrix
   rows: 362
   cols: 32
   dt: u
   data: [ 116, 101, 146, 14, 89, 11, 6, 232, 190, 128, 233, 8, 198, 226,
       41, 80, 248, 236, 106, 98, 8, 3, 138, 30, 177, 134, 7, 61, 80, 59,
       35, 2, 125, 85, 125, 103, 160, 78, 79, 184, 97, 232, 191, 76, 83,
       119, 137, 115, 52, 212, 124, 106, 201, 177, 249, 40, 243, 233,
       101, 148, 104, 243, 66, 49, 149, 221, 89, 231, 180, 47, 79, 188,
       52, 234, 126, 100, 215, 115, 137, 112, 119, 206, 29, 106, 249,
       176, 121, 62, 235, 239, 39, 132, 40, 243, 192, 49, 117, 93, 121,
       103, 180, 14, 79, 184, 97, 232, 191, 108, 215, 119, 137, 113, 86,
       212, 92, 110, 233, 129, 249, 46, 243, 235, 101, 148, 104, 243,
       194, 49, 149, 253, 155, 239, 180, 46, 111, 191, 118, 234, 95, 80,
       247, 119, 153, 96, 119, 127, 29, 58, 251, 156, 217, 63, 237, 239,
       39, 132, 172, 251, 129, 177, 236, 48, 189, 99, 173, 125, 83, 152,
       91, 255, 165, 24, 222, 95, 75, 59, 145, 81, 253, 58, 51, 100, 251,
       16, 207, 219, 65, 127, 194, 107, 70, 115, 134, 252, 254, 255, 252,
       187, 254, 239, 191, 183, 247, 187, 238, 254, 94, 67, 255, 255,
       255, 195, 126, 255, 203, 255, 254, 255, 223, 183, 149, 121, 237,
       219, 134, 252, 254, 255, 254, 171, 254, 239, 191, 183, 243, 59,
       254, 254, 94, 75, 255, 255, 127, 131, 122, 255, 203, 251, 253,
       159, 255, 161, 245, 121, 229, 11, 108, 180, 189, 251, 173, 253,
       81, 153, 255, 127, 37, 24, 222, 253, 74, 59, 153, 18, 253, 16, 59,
       108, 251, 145, 207, 219, 81, 127, 210, 72, 198, 114, 246, 237,
       230, 191, 253, 187, 254, 239, 63, 243, 251, 147, 236, 238, 94,
       207, 255, 223, 255, 183, 246, 119, 203, 255, 190, 223, 223, 207,
       215, 253, 234, 223, 104, 181, 189, 250, 237, 253, 85, 47, 219, 95,
       172, 24, 190, 189, 70, 123, 137, 51, 251, 0, 59, 107, 242, 179,
       239, 223, 84, 123, 210, 72, 198, 106, 238, 236, 246, 255, 252,
       171, 254, 252, 191, 146, 255, 26, 239, 235, 188, 71, 127, 239,
       127, 235, 232, 247, 203, 255, 254, 255, 207, 140, 215, 251, 227,
       129, 246, 236, 246, 223, 252, 187, 238, 252, 63, 178, 255, 18,
       238, 235, 157, 75, 127, 239, 127, 171, 224, 247, 239, 254, 190,
       190, 207, 148, 151, 251, 227, 136, 238, 237, 246, 255, 252, 175,
       238, 252, 191, 186, 251, 26, 239, 235, 61, 65, 255, 239, 127, 227,
       248, 231, 203, 255, 254, 255, 239, 188, 151, 251, 227, 129, 246,
       255, 214, 251, 252, 175, 254, 253, 63, 187, 187, 122, 235, 250,
       93, 91, 255, 223, 127, 211, 250, 239, 203, 251, 191, 254, 255,
       254, 197, 251, 227, 137, 117, 13, 93, 101, 146, 11, 71, 184, 100,
       164, 170, 8, 215, 49, 1, 114, 50, 212, 108, 106, 120, 161, 113,
       14, 249, 239, 37, 20, 96, 242, 64, 32, 244, 20, 189, 100, 168,
       110, 85, 56, 160, 186, 182, 40, 215, 55, 129, 123, 135, 213, 109,
       42, 104, 103, 195, 8, 211, 235, 101, 16, 96, 241, 70, 35, 252,
       244, 188, 247, 173, 47, 86, 188, 255, 251, 183, 93, 223, 125, 89,
       27, 157, 215, 125, 62, 185, 103, 219, 170, 239, 251, 101, 244,
       202, 251, 194, 83, 253, 124, 252, 255, 172, 127, 95, 184, 191,
       250, 191, 60, 223, 127, 139, 123, 215, 247, 253, 106, 233, 229,
       251, 186, 255, 251, 103, 148, 202, 243, 67, 115, 47, 253, 244,
       239, 189, 31, 254, 248, 127, 224, 249, 70, 253, 254, 95, 96, 255,
       223, 255, 247, 247, 241, 253, 255, 191, 255, 143, 246, 223, 255,
       227, 213, 221, 253, 188, 247, 172, 63, 94, 188, 63, 250, 191, 24,
       255, 127, 9, 115, 247, 215, 253, 106, 233, 229, 251, 191, 255,
       251, 103, 148, 130, 243, 195, 27, 38, 247, 114, 207, 252, 31, 254,
       248, 63, 232, 255, 238, 237, 238, 191, 84, 255, 255, 255, 230,
       226, 179, 233, 255, 190, 254, 175, 190, 23, 255, 211, 213, 244,
       101, 253, 101, 143, 75, 71, 168, 64, 182, 165, 8, 83, 49, 65, 59,
       25, 212, 104, 98, 104, 99, 249, 8, 249, 130, 69, 53, 97, 123, 70,
       34, 12, 119, 49, 71, 240, 79, 55, 184, 57, 232, 127, 108, 222,
       119, 137, 52, 150, 93, 212, 98, 225, 240, 249, 110, 111, 245, 37,
       134, 74, 51, 7, 243, 238, 252, 246, 255, 236, 175, 254, 254, 191,
       191, 255, 179, 253, 255, 89, 75, 255, 255, 255, 179, 50, 245, 203,
       255, 255, 255, 127, 196, 199, 249, 229, 131, 38, 117, 244, 207,
       252, 7, 254, 248, 125, 170, 251, 35, 200, 111, 29, 0, 255, 221,
       255, 231, 232, 242, 201, 238, 191, 255, 207, 158, 231, 255, 227,
       145, 254, 229, 246, 230, 254, 11, 254, 248, 191, 162, 251, 10, 78,
       233, 125, 83, 255, 221, 127, 227, 232, 243, 139, 250, 190, 254,
       207, 190, 167, 251, 241, 129, 134, 252, 246, 215, 253, 59, 254,
       255, 63, 178, 250, 187, 238, 238, 157, 103, 255, 255, 255, 167,
       240, 255, 235, 239, 190, 254, 223, 206, 135, 255, 225, 149, 69,
       112, 17, 101, 5, 79, 114, 24, 104, 224, 35, 8, 214, 17, 9, 50,
       144, 84, 120, 106, 1, 240, 217, 8, 133, 184, 65, 54, 72, 51, 67,
       34, 118, 237, 114, 174, 254, 11, 254, 232, 191, 224, 251, 10, 111,
       234, 61, 80, 255, 207, 127, 227, 244, 179, 143, 255, 190, 254,
       143, 190, 53, 255, 241, 133, 140, 173, 246, 223, 238, 59, 254,
       248, 63, 162, 255, 26, 207, 234, 189, 105, 127, 255, 255, 235,
       248, 247, 239, 254, 190, 255, 207, 228, 231, 251, 225, 133, 246,
       93, 118, 207, 254, 11, 254, 248, 61, 162, 255, 42, 77, 251, 189,
       113, 254, 253, 127, 227, 224, 243, 201, 238, 191, 254, 143, 134,
       55, 251, 113, 129, 31, 101, 118, 239, 188, 11, 254, 248, 125, 170,
       251, 2, 223, 122, 29, 97, 255, 205, 127, 227, 232, 243, 205, 238,
       190, 255, 207, 150, 103, 255, 99, 133, 119, 101, 254, 231, 238,
       15, 126, 248, 61, 162, 255, 139, 95, 239, 61, 83, 127, 205, 127,
       239, 232, 243, 201, 238, 254, 239, 239, 180, 165, 251, 113, 193,
       150, 237, 246, 255, 252, 43, 238, 252, 127, 178, 251, 26, 239,
       235, 93, 64, 123, 239, 127, 243, 248, 243, 203, 255, 190, 254,
       207, 212, 231, 251, 241, 128, 237, 113, 156, 101, 36, 14, 103,
       184, 96, 234, 39, 76, 215, 49, 73, 51, 144, 68, 108, 110, 225,
       240, 249, 8, 229, 249, 101, 20, 72, 51, 67, 32, 101, 79, 29, 103,
       180, 14, 71, 184, 96, 168, 59, 76, 211, 97, 153, 115, 20, 196,
       108, 110, 233, 176, 105, 46, 224, 175, 101, 20, 104, 243, 66, 33,
       140, 246, 188, 247, 172, 14, 95, 184, 174, 186, 183, 48, 223, 127,
       25, 75, 143, 213, 127, 235, 232, 229, 75, 48, 236, 235, 111, 148,
       196, 243, 33, 49, 237, 112, 157, 103, 9, 110, 83, 136, 113, 242,
       37, 24, 214, 117, 73, 59, 145, 84, 104, 122, 41, 116, 249, 8, 199,
       219, 69, 52, 202, 115, 66, 34, 129, 121, 19, 69, 64, 78, 166, 52,
       104, 194, 98, 72, 242, 16, 5, 181, 144, 116, 80, 106, 229, 180,
       53, 44, 37, 184, 4, 2, 73, 50, 67, 172, 236, 252, 188, 254, 141,
       237, 86, 182, 219, 186, 165, 24, 255, 249, 69, 91, 201, 242, 253,
       18, 104, 111, 218, 187, 235, 223, 213, 59, 210, 123, 210, 10, 253,
       117, 93, 103, 132, 14, 71, 188, 96, 232, 175, 76, 83, 113, 137,
       51, 48, 196, 124, 106, 201, 240, 185, 40, 225, 233, 101, 20, 104,
       243, 194, 33, 125, 85, 21, 103, 36, 14, 71, 184, 96, 224, 47, 76,
       211, 113, 137, 51, 16, 68, 124, 110, 233, 240, 249, 44, 227, 233,
       101, 20, 106, 243, 66, 48, 248, 188, 188, 114, 173, 253, 81, 151,
       251, 123, 180, 24, 191, 255, 64, 59, 133, 247, 253, 24, 58, 111,
       250, 179, 219, 251, 85, 123, 210, 72, 199, 59, 238, 188, 182, 254,
       237, 173, 220, 255, 255, 59, 176, 24, 234, 249, 116, 91, 205, 231,
       127, 1, 186, 111, 219, 243, 187, 223, 223, 122, 146, 124, 210,
       138, 248, 188, 188, 122, 173, 253, 84, 223, 255, 251, 164, 24,
       191, 253, 68, 59, 205, 115, 253, 16, 190, 111, 250, 179, 219, 219,
       85, 123, 210, 200, 198, 219, 214, 236, 246, 159, 238, 169, 252,
       239, 191, 179, 242, 26, 238, 234, 125, 91, 255, 231, 127, 131,
       250, 239, 139, 243, 190, 190, 223, 216, 133, 248, 241, 136, 246,
