%YAML:1.0
---
descriptors: !!opencv-matrix
   rows: 121
   cols: 32
   dt: u
   data: [ 80, 168, 191, 120, 137, 237, 17, 71, 186, 23, 160, 24, 182,
       183, 64, 27, 129, 51, 125, 16, 58, 79, 146, 49, 217, 187, 88, 122,
       192, 64, 135, 42, 77, 241, 25, 101, 53, 78, 99, 184, 120, 232,
       111, 8, 214, 81, 24, 48, 144, 76, 88, 106, 201, 176, 249, 12, 231,
       253, 1, 20, 72, 35, 66, 50, 73, 157, 24, 239, 180, 175, 103, 159,
       126, 169, 126, 76, 247, 115, 0, 112, 149, 126, 124, 120, 179, 184,
       249, 63, 237, 253, 39, 64, 136, 242, 129, 57, 65, 125, 17, 69, 17,
       78, 52, 58, 104, 224, 106, 72, 158, 51, 1, 52, 148, 84, 120, 104,
       65, 152, 209, 78, 165, 188, 1, 6, 72, 48, 67, 50, 252, 101, 204,
       166, 138, 74, 87, 168, 18, 182, 143, 139, 67, 103, 75, 27, 81,
       212, 233, 227, 104, 71, 219, 42, 248, 227, 205, 61, 164, 123, 158,
       66, 36, 33, 185, 97, 29, 79, 67, 136, 106, 224, 41, 8, 214, 21,
       73, 48, 144, 84, 64, 122, 9, 48, 249, 24, 173, 140, 5, 54, 64, 59,
       70, 34, 94, 247, 88, 167, 114, 26, 62, 184, 59, 228, 111, 173,
       207, 103, 10, 208, 182, 221, 237, 102, 68, 208, 217, 79, 230, 231,
       45, 167, 46, 183, 15, 211, 125, 221, 125, 102, 152, 110, 71, 184,
       224, 224, 175, 8, 115, 117, 152, 51, 16, 214, 124, 106, 105, 35,
       249, 45, 251, 233, 101, 84, 105, 243, 198, 32, 77, 117, 28, 239,
       48, 14, 119, 184, 121, 168, 111, 76, 215, 115, 11, 80, 148, 76,
       124, 110, 193, 144, 217, 46, 229, 255, 101, 20, 8, 179, 67, 35,
       92, 69, 88, 231, 176, 10, 79, 184, 32, 164, 111, 8, 215, 99, 137,
       80, 50, 204, 109, 106, 72, 144, 201, 46, 228, 237, 37, 20, 32,
       243, 66, 32, 109, 245, 241, 99, 229, 63, 86, 188, 73, 225, 235,
       76, 218, 57, 93, 52, 221, 204, 112, 126, 221, 178, 249, 130, 239,
       220, 5, 118, 202, 255, 210, 150, 77, 125, 156, 99, 180, 63, 119,
       156, 118, 178, 46, 68, 215, 115, 201, 122, 23, 86, 108, 122, 177,
       208, 89, 42, 239, 223, 101, 84, 170, 251, 129, 33, 252, 12, 150,
       252, 173, 32, 84, 206, 147, 151, 160, 25, 110, 235, 111, 219, 201,
       247, 232, 2, 44, 103, 202, 162, 210, 243, 85, 59, 210, 121, 234,
       10, 69, 217, 25, 103, 176, 78, 103, 184, 108, 200, 110, 100, 215,
       115, 137, 112, 18, 84, 108, 106, 193, 144, 249, 44, 236, 189, 37,
       4, 72, 179, 1, 49, 109, 113, 185, 103, 52, 79, 71, 184, 107, 232,
       63, 104, 215, 113, 201, 50, 144, 84, 124, 106, 65, 240, 249, 10,
       239, 253, 37, 52, 74, 187, 66, 35, 209, 60, 151, 48, 169, 173, 64,
       23, 251, 187, 160, 92, 174, 178, 64, 159, 165, 167, 108, 28, 191,
       111, 146, 114, 153, 250, 84, 122, 200, 65, 131, 13, 77, 93, 190,
       103, 33, 30, 119, 188, 117, 170, 110, 4, 254, 115, 1, 114, 148,
       116, 124, 106, 233, 176, 121, 42, 231, 255, 101, 0, 74, 243, 74,
       59, 201, 189, 28, 111, 176, 158, 119, 191, 120, 232, 110, 76, 255,
       115, 0, 113, 144, 102, 124, 106, 241, 216, 217, 63, 239, 251, 37,
       84, 10, 242, 203, 43, 25, 94, 78, 174, 18, 23, 78, 252, 101, 66,
       203, 199, 123, 66, 59, 209, 126, 224, 140, 239, 237, 147, 29, 61,
       242, 231, 160, 0, 63, 183, 40, 88, 124, 109, 204, 166, 138, 74,
       87, 168, 51, 166, 143, 139, 67, 103, 75, 91, 81, 212, 233, 226,
       104, 66, 217, 42, 249, 231, 205, 61, 164, 251, 150, 66, 248, 186,
       190, 112, 41, 189, 81, 23, 235, 31, 180, 28, 46, 151, 70, 31, 133,
       166, 236, 24, 154, 111, 178, 65, 219, 251, 80, 123, 226, 128, 198,
       123, 210, 158, 157, 189, 170, 100, 189, 191, 190, 222, 146, 247,
       181, 55, 64, 75, 167, 119, 125, 133, 224, 77, 147, 127, 200, 162,
       255, 152, 28, 80, 165, 91, 94, 117, 88, 39, 83, 94, 127, 248, 59,
       228, 111, 141, 79, 103, 11, 20, 54, 221, 209, 230, 68, 208, 185,
       222, 247, 247, 5, 7, 43, 183, 15, 210, 124, 69, 136, 38, 145, 74,
       87, 168, 33, 164, 239, 9, 83, 99, 11, 80, 112, 196, 105, 226, 72,
       147, 217, 46, 249, 229, 133, 21, 33, 115, 102, 98, 197, 103, 140,
       39, 172, 14, 70, 184, 114, 186, 159, 77, 215, 104, 219, 27, 145,
       196, 108, 111, 236, 112, 205, 42, 236, 255, 101, 180, 200, 251,
       90, 1, 196, 102, 149, 183, 172, 106, 111, 152, 56, 178, 162, 88,
       215, 103, 73, 27, 19, 84, 108, 106, 97, 213, 203, 34, 197, 162,
       111, 52, 128, 241, 7, 32, 133, 188, 157, 119, 168, 238, 101, 151,
       118, 251, 98, 80, 247, 243, 192, 123, 1, 94, 120, 24, 51, 220,
       251, 35, 205, 171, 117, 64, 200, 208, 129, 185, 69, 221, 157, 97,
       184, 15, 86, 184, 126, 178, 42, 108, 215, 115, 73, 115, 151, 85,
       124, 114, 249, 208, 217, 20, 239, 250, 101, 84, 200, 243, 192, 17,
       112, 140, 252, 124, 141, 104, 85, 143, 195, 23, 164, 25, 35, 249,
       78, 91, 193, 214, 237, 0, 58, 111, 218, 17, 219, 243, 85, 63, 241,
       120, 206, 10, 77, 113, 89, 103, 114, 74, 103, 184, 104, 232, 127,
       104, 215, 81, 137, 112, 18, 92, 124, 106, 193, 176, 237, 46, 102,
       189, 37, 4, 106, 179, 67, 49, 37, 183, 41, 171, 220, 167, 75, 152,
       22, 117, 205, 221, 209, 69, 90, 1, 93, 202, 19, 255, 187, 82, 125,
       55, 237, 5, 173, 252, 188, 219, 150, 240, 126, 109, 204, 167, 139,
       74, 87, 168, 19, 166, 143, 137, 67, 103, 75, 18, 89, 212, 233,
       242, 104, 66, 217, 42, 253, 231, 197, 61, 160, 115, 22, 98, 72,
       56, 159, 117, 33, 124, 48, 23, 169, 251, 38, 120, 190, 183, 192,
       250, 135, 119, 252, 16, 149, 220, 240, 64, 207, 255, 118, 163,
       138, 96, 15, 59, 85, 121, 30, 182, 58, 142, 62, 224, 174, 164,
       139, 133, 239, 234, 43, 82, 182, 101, 233, 199, 68, 193, 154, 124,
       248, 231, 15, 27, 40, 51, 41, 2, 109, 117, 24, 103, 116, 15, 119,
       184, 121, 172, 111, 76, 214, 113, 11, 16, 148, 76, 108, 110, 192,
       176, 217, 46, 231, 255, 37, 4, 72, 187, 66, 163, 69, 103, 28, 231,
       176, 14, 119, 184, 120, 172, 127, 76, 215, 115, 139, 80, 148, 76,
       108, 110, 224, 208, 201, 46, 236, 255, 37, 4, 8, 179, 195, 3, 101,
       119, 156, 39, 52, 15, 119, 184, 122, 168, 47, 77, 215, 113, 75,
       18, 145, 76, 108, 110, 232, 240, 217, 46, 239, 255, 101, 52, 72,
       243, 74, 3, 197, 180, 189, 83, 172, 111, 167, 154, 250, 251, 19,
       124, 214, 112, 221, 47, 149, 70, 124, 63, 177, 100, 251, 98, 13,
       26, 117, 118, 200, 249, 209, 117, 40, 185, 185, 113, 169, 253, 16,
       23, 235, 249, 60, 24, 190, 188, 68, 176, 129, 59, 236, 16, 23,
       120, 240, 17, 207, 221, 21, 119, 192, 0, 207, 139, 244, 103, 237,
       167, 168, 74, 79, 152, 34, 254, 131, 169, 215, 103, 75, 27, 17,
       212, 109, 246, 104, 84, 233, 40, 237, 227, 229, 181, 164, 243,
       150, 114, 124, 99, 56, 229, 44, 15, 83, 56, 96, 172, 183, 40, 215,
       83, 9, 18, 216, 212, 108, 106, 72, 227, 233, 12, 247, 201, 37, 61,
       96, 179, 70, 35, 215, 236, 142, 190, 137, 116, 28, 174, 178, 243,
       128, 29, 245, 238, 91, 75, 145, 239, 121, 151, 127, 79, 158, 51,
       249, 71, 223, 125, 136, 117, 187, 82, 101, 103, 140, 39, 172, 14,
       78, 184, 114, 174, 159, 205, 215, 105, 219, 27, 145, 196, 108,
       111, 236, 112, 205, 10, 236, 247, 101, 181, 204, 251, 90, 1, 67,
       180, 156, 178, 169, 125, 148, 207, 218, 127, 169, 29, 174, 188,
       78, 42, 135, 3, 234, 21, 167, 111, 250, 115, 155, 215, 95, 63,
       216, 92, 139, 95, 82, 178, 187, 86, 171, 244, 49, 19, 171, 223,
       45, 188, 44, 247, 206, 154, 167, 55, 237, 16, 19, 73, 186, 97,
       155, 245, 58, 235, 128, 66, 167, 123, 38, 233, 114, 94, 121, 193,
       207, 228, 235, 128, 172, 8, 168, 218, 213, 52, 200, 251, 90, 202,
       74, 107, 222, 253, 123, 28, 134, 59, 67, 147, 102, 174, 224, 172,
       249, 80, 204, 233, 225, 207, 122, 243, 96, 88, 50, 244, 196, 57,
       9, 250, 98, 16, 51, 126, 238, 51, 29, 10, 85, 104, 193, 72, 198,
       172, 124, 115, 24, 101, 32, 15, 83, 56, 49, 172, 255, 45, 215, 3,
       11, 80, 150, 204, 109, 106, 72, 176, 193, 14, 247, 229, 33, 20,
       98, 162, 70, 99, 216, 188, 158, 116, 169, 236, 84, 191, 243, 187,
