%YAML:1.0
---
descriptors: !!opencv-matrix
   rows: 157
   cols: 32
   dt: u
   data: [ 125, 85, 125, 102, 176, 78, 71, 188, 97, 200, 191, 72, 215,
       119, 137, 115, 54, 212, 125, 106, 233, 161, 121, 44, 243, 233,
       101, 20, 104, 243, 198, 49, 224, 176, 189, 80, 233, 205, 81, 15,
       235, 249, 164, 24, 150, 151, 64, 63, 129, 214, 120, 24, 27, 111,
       250, 80, 223, 152, 85, 126, 194, 0, 198, 106, 92, 48, 149, 116,
       169, 108, 81, 18, 171, 187, 166, 24, 222, 183, 65, 126, 161, 245,
       124, 24, 25, 77, 179, 0, 217, 248, 85, 26, 162, 112, 7, 35, 221,
       92, 151, 117, 137, 110, 69, 182, 233, 250, 166, 24, 255, 51, 1,
       255, 161, 116, 108, 42, 105, 229, 179, 40, 195, 250, 85, 18, 74,
       241, 67, 42, 137, 156, 23, 125, 145, 174, 101, 183, 252, 130, 106,
       16, 183, 51, 0, 241, 129, 126, 104, 8, 113, 248, 17, 47, 237, 239,
       114, 64, 10, 96, 129, 40, 236, 116, 181, 119, 237, 79, 87, 152,
       123, 190, 39, 24, 246, 117, 73, 63, 145, 84, 236, 114, 97, 116,
       251, 42, 207, 219, 69, 54, 194, 121, 70, 99, 129, 121, 19, 69, 85,
       78, 230, 52, 120, 200, 98, 76, 254, 80, 5, 180, 144, 124, 80, 106,
       197, 180, 53, 46, 37, 188, 4, 2, 73, 50, 67, 172, 125, 85, 125,
       102, 168, 78, 71, 184, 225, 232, 190, 72, 83, 119, 137, 115, 52,
       212, 124, 106, 201, 97, 185, 44, 243, 233, 101, 20, 105, 243, 66,
       113, 85, 221, 25, 239, 176, 111, 79, 188, 52, 232, 255, 96, 215,
       119, 137, 112, 23, 222, 29, 122, 121, 176, 121, 62, 233, 237, 39,
       212, 40, 243, 129, 49, 85, 85, 125, 230, 176, 78, 79, 188, 101,
       232, 191, 72, 215, 119, 137, 114, 86, 214, 125, 106, 233, 129,
       121, 47, 243, 237, 37, 148, 40, 243, 192, 33, 248, 168, 254, 122,
       137, 233, 81, 207, 163, 23, 164, 25, 35, 231, 66, 27, 137, 178,
       237, 16, 58, 111, 234, 49, 219, 195, 81, 121, 226, 192, 198, 106,
       248, 66, 157, 116, 168, 12, 85, 191, 168, 186, 182, 120, 95, 55,
       1, 91, 135, 215, 109, 2, 104, 67, 203, 0, 211, 235, 117, 156, 224,
       240, 134, 35, 96, 140, 157, 255, 200, 237, 17, 23, 142, 19, 96,
       24, 182, 243, 32, 91, 193, 122, 106, 24, 50, 72, 218, 49, 197,
       163, 86, 120, 144, 72, 133, 170, 20, 197, 25, 111, 20, 79, 71,
       184, 86, 160, 235, 0, 83, 81, 57, 112, 49, 220, 40, 106, 105, 176,
       121, 63, 233, 142, 5, 20, 112, 187, 84, 32, 201, 121, 31, 103, 17,
       14, 119, 180, 108, 232, 38, 76, 254, 81, 8, 51, 176, 100, 88, 106,
       225, 240, 57, 44, 229, 249, 69, 2, 72, 50, 195, 59, 196, 120, 113,
       101, 32, 78, 111, 16, 32, 174, 34, 72, 151, 23, 193, 127, 54, 220,
       125, 106, 65, 212, 177, 8, 229, 184, 101, 36, 98, 179, 71, 97,
       229, 180, 189, 65, 237, 111, 71, 137, 94, 123, 33, 24, 214, 49,
       88, 59, 145, 68, 122, 62, 51, 116, 217, 16, 77, 26, 69, 116, 216,
       105, 210, 34, 37, 239, 200, 23, 212, 153, 230, 198, 82, 165, 108,
       139, 163, 168, 87, 24, 25, 238, 98, 85, 158, 122, 206, 34, 110,
       13, 149, 125, 197, 121, 90, 142, 120, 170, 222, 120, 138, 168, 81,
       87, 163, 23, 164, 185, 47, 167, 66, 27, 167, 179, 237, 16, 26, 79,
       130, 49, 219, 195, 116, 121, 160, 192, 142, 43, 69, 112, 155, 99,
       226, 110, 55, 24, 104, 250, 35, 72, 222, 19, 73, 59, 178, 92, 124,
       106, 129, 244, 153, 64, 69, 152, 101, 4, 200, 243, 67, 177, 112,
       235, 254, 114, 186, 201, 85, 231, 178, 61, 164, 184, 55, 199, 66,
       18, 39, 179, 109, 16, 122, 75, 138, 21, 249, 131, 53, 121, 224,
       128, 134, 35, 80, 190, 223, 250, 138, 224, 17, 135, 162, 23, 172,
       185, 39, 231, 64, 90, 99, 246, 237, 144, 26, 75, 162, 33, 219,
       231, 244, 121, 160, 208, 166, 122, 13, 85, 57, 71, 48, 30, 111,
       184, 116, 232, 127, 68, 215, 119, 136, 112, 54, 92, 60, 110, 225,
       144, 125, 47, 231, 239, 39, 132, 42, 179, 1, 49, 85, 213, 121,
       231, 176, 78, 79, 184, 37, 232, 255, 104, 215, 119, 137, 112, 86,
       214, 93, 106, 249, 144, 121, 47, 227, 239, 37, 148, 40, 243, 196,
       49, 84, 213, 25, 239, 176, 110, 79, 184, 52, 234, 255, 96, 215,
       119, 137, 112, 23, 214, 93, 106, 121, 144, 121, 62, 233, 239, 39,
       212, 32, 243, 128, 49, 252, 188, 253, 86, 168, 110, 71, 191, 179,
       191, 172, 24, 115, 119, 76, 27, 1, 246, 108, 58, 120, 79, 251, 47,
       251, 239, 117, 124, 224, 240, 198, 105, 129, 241, 17, 79, 113, 30,
       230, 61, 120, 72, 98, 76, 254, 80, 148, 180, 144, 76, 64, 106,
       229, 176, 245, 111, 36, 184, 0, 2, 74, 50, 203, 173, 224, 180,
       153, 216, 232, 237, 21, 207, 218, 59, 168, 24, 182, 243, 72, 90,
       129, 18, 106, 24, 51, 111, 218, 51, 205, 132, 49, 124, 216, 72,
       131, 170, 216, 15, 95, 244, 168, 104, 76, 35, 160, 182, 162, 153,
       239, 99, 0, 219, 35, 231, 109, 42, 120, 75, 131, 44, 210, 227,
       117, 25, 32, 240, 135, 8, 120, 77, 212, 239, 189, 15, 94, 61, 61,
       160, 250, 8, 239, 123, 20, 80, 222, 255, 127, 98, 104, 187, 209,
       239, 247, 255, 71, 16, 87, 186, 194, 138, 225, 176, 177, 80, 233,
       253, 81, 15, 235, 249, 160, 24, 62, 151, 68, 63, 129, 182, 124,
       24, 19, 111, 250, 80, 27, 152, 21, 126, 194, 0, 198, 47, 240, 160,
       88, 97, 232, 205, 81, 29, 34, 189, 165, 25, 23, 19, 74, 26, 1,
       144, 69, 24, 26, 110, 202, 17, 207, 137, 53, 125, 224, 128, 198,
       163, 196, 96, 241, 69, 96, 78, 111, 16, 40, 174, 50, 72, 147, 23,
       193, 62, 18, 92, 68, 106, 65, 244, 241, 8, 101, 184, 101, 32, 64,
       243, 70, 97, 100, 245, 189, 99, 188, 111, 87, 184, 122, 251, 47,
       8, 214, 117, 73, 50, 145, 86, 104, 122, 19, 112, 249, 50, 239,
       223, 69, 116, 192, 123, 198, 35, 108, 103, 113, 71, 112, 15, 103,
       184, 97, 172, 127, 72, 211, 65, 141, 52, 24, 220, 68, 106, 72,
       176, 233, 44, 103, 216, 33, 20, 66, 179, 70, 161, 240, 164, 253,
       112, 136, 233, 81, 83, 226, 55, 164, 24, 19, 151, 64, 59, 1, 178,
       109, 24, 42, 111, 178, 16, 217, 139, 117, 121, 224, 192, 198, 98,
       205, 117, 56, 103, 176, 14, 63, 184, 57, 168, 127, 96, 222, 87,
       137, 48, 148, 93, 117, 106, 225, 144, 217, 110, 231, 255, 37, 134,
       10, 51, 3, 179, 252, 112, 189, 114, 40, 111, 83, 152, 114, 254,
       165, 24, 215, 87, 73, 59, 145, 220, 124, 122, 43, 103, 251, 0,
       211, 203, 101, 60, 224, 115, 70, 115, 252, 188, 253, 118, 169,
       109, 87, 191, 163, 182, 172, 24, 115, 247, 76, 19, 1, 214, 237,
       42, 56, 79, 250, 43, 251, 207, 117, 61, 226, 240, 198, 106, 232,
       236, 188, 254, 141, 205, 85, 199, 203, 23, 172, 24, 190, 255, 64,
       83, 193, 178, 233, 0, 74, 111, 242, 49, 243, 251, 84, 59, 82, 88,
       198, 10, 192, 188, 153, 251, 248, 237, 37, 223, 186, 59, 168, 88,
       182, 179, 64, 91, 1, 26, 74, 24, 51, 79, 218, 51, 221, 134, 117,
       124, 216, 72, 135, 170, 248, 104, 186, 252, 205, 253, 85, 198,
       243, 150, 228, 24, 191, 255, 97, 27, 201, 250, 249, 80, 42, 111,
       242, 176, 219, 219, 212, 59, 210, 89, 118, 138, 208, 202, 151,
       180, 168, 8, 76, 167, 187, 178, 130, 120, 231, 227, 192, 95, 167,
       231, 108, 14, 120, 69, 139, 96, 144, 242, 95, 26, 8, 240, 131, 9,
       69, 103, 152, 39, 176, 14, 110, 184, 104, 160, 107, 68, 215, 98,
       201, 114, 178, 76, 108, 110, 196, 240, 205, 74, 172, 188, 103, 4,
       136, 243, 75, 0, 69, 245, 153, 103, 184, 14, 102, 184, 106, 248,
       43, 76, 222, 80, 201, 50, 145, 68, 108, 122, 195, 112, 217, 29,
       173, 188, 37, 118, 72, 51, 67, 3, 122, 109, 244, 239, 45, 15, 94,
       244, 125, 160, 254, 8, 235, 123, 21, 18, 250, 229, 127, 107, 232,
       242, 209, 236, 247, 255, 199, 18, 71, 186, 66, 138, 141, 119, 24,
       71, 240, 14, 127, 184, 57, 170, 127, 120, 222, 115, 137, 52, 150,
       93, 87, 106, 225, 148, 201, 78, 103, 255, 37, 132, 74, 243, 3,
       161, 118, 105, 246, 229, 125, 15, 126, 232, 125, 162, 246, 10,
       207, 43, 85, 18, 250, 229, 127, 235, 200, 243, 217, 232, 191, 254,
       207, 60, 103, 251, 82, 128, 102, 101, 244, 238, 252, 11, 238, 232,
