%YAML:1.0
---
descriptors: !!opencv-matrix
   rows: 296
   cols: 32
   dt: u
   data: [ 236, 52, 189, 115, 173, 109, 81, 152, 91, 255, 165, 24, 222,
       95, 77, 59, 145, 80, 253, 50, 50, 102, 251, 18, 207, 219, 65, 127,
       210, 75, 70, 98, 133, 236, 255, 255, 236, 175, 239, 254, 190, 187,
       243, 26, 245, 251, 89, 123, 255, 255, 127, 154, 179, 247, 251,
       115, 253, 171, 255, 156, 164, 249, 227, 169, 252, 172, 252, 118,
       136, 105, 85, 255, 178, 182, 164, 25, 119, 247, 74, 27, 9, 246,
       109, 42, 120, 79, 218, 42, 251, 195, 117, 61, 224, 240, 198, 122,
       252, 46, 220, 118, 136, 105, 85, 223, 147, 183, 181, 25, 83, 235,
       75, 27, 9, 214, 236, 18, 58, 103, 202, 34, 219, 203, 117, 61, 227,
       249, 206, 2, 246, 253, 246, 255, 253, 43, 254, 239, 63, 182, 251,
       191, 239, 239, 95, 75, 255, 239, 255, 243, 244, 119, 203, 255,
       190, 222, 207, 175, 151, 255, 231, 219, 104, 181, 189, 250, 157,
       253, 84, 47, 223, 127, 172, 24, 190, 253, 76, 50, 129, 26, 251, 0,
       58, 104, 250, 147, 207, 223, 20, 123, 210, 72, 198, 74, 120, 184,
       253, 112, 136, 204, 81, 83, 163, 183, 164, 24, 55, 247, 64, 59,
       33, 182, 236, 24, 26, 79, 178, 17, 219, 201, 117, 121, 226, 192,
       70, 122, 230, 173, 230, 223, 253, 187, 238, 255, 191, 179, 255,
       26, 238, 234, 188, 103, 127, 239, 127, 203, 248, 255, 239, 255,
       190, 62, 223, 220, 151, 255, 227, 133, 232, 253, 191, 252, 141,
       205, 87, 230, 223, 194, 224, 24, 186, 189, 53, 19, 201, 243, 251,
       64, 105, 111, 242, 255, 187, 255, 214, 59, 82, 89, 246, 106, 197,
       178, 148, 83, 168, 44, 36, 158, 250, 187, 130, 84, 220, 242, 204,
       255, 167, 71, 108, 28, 179, 69, 155, 98, 140, 186, 127, 126, 136,
       113, 129, 5, 236, 252, 188, 255, 172, 47, 94, 184, 255, 186, 189,
       24, 255, 249, 93, 27, 217, 199, 127, 106, 232, 103, 219, 186, 255,
       251, 229, 190, 210, 251, 210, 3, 117, 5, 93, 101, 184, 10, 71,
       184, 232, 160, 171, 8, 215, 51, 9, 115, 2, 213, 108, 106, 105,
       161, 121, 12, 225, 171, 101, 20, 96, 178, 67, 32, 252, 253, 188,
       247, 184, 111, 95, 188, 251, 186, 191, 56, 255, 255, 73, 123, 151,
       215, 253, 122, 250, 103, 235, 183, 255, 255, 103, 254, 194, 243,
       199, 51, 220, 252, 158, 247, 172, 46, 126, 188, 191, 187, 191, 25,
       223, 255, 73, 91, 183, 255, 253, 58, 56, 69, 219, 242, 255, 255,
       103, 252, 130, 243, 131, 17, 96, 149, 149, 122, 141, 109, 84, 175,
       251, 51, 169, 24, 214, 51, 76, 115, 129, 151, 104, 16, 59, 105,
       219, 19, 169, 222, 85, 127, 208, 72, 196, 34, 220, 173, 156, 191,
       172, 47, 126, 190, 191, 187, 187, 17, 255, 255, 89, 91, 247, 247,
       127, 183, 58, 101, 219, 227, 255, 255, 255, 148, 166, 241, 161,
       83, 69, 71, 144, 39, 164, 58, 110, 136, 121, 166, 107, 64, 207,
       98, 219, 218, 146, 68, 108, 126, 20, 240, 205, 10, 172, 253, 103,
       4, 192, 243, 75, 4, 116, 68, 189, 69, 29, 75, 87, 40, 64, 226,
       171, 8, 82, 48, 9, 51, 152, 212, 104, 106, 105, 243, 249, 12, 121,
       170, 69, 23, 65, 123, 86, 34, 77, 117, 57, 71, 240, 78, 55, 184,
       57, 232, 127, 100, 222, 119, 137, 52, 148, 93, 213, 98, 193, 240,
       249, 78, 103, 255, 37, 134, 74, 51, 7, 241, 118, 109, 102, 207,
       125, 27, 254, 232, 31, 232, 251, 11, 72, 238, 61, 212, 254, 221,
       255, 103, 224, 243, 201, 254, 182, 254, 135, 182, 23, 127, 113,
       197, 164, 237, 214, 191, 252, 43, 254, 236, 63, 130, 251, 26, 238,
       234, 25, 65, 255, 239, 110, 227, 120, 247, 203, 255, 188, 246,
       207, 8, 197, 123, 225, 129, 246, 237, 214, 159, 252, 43, 254, 236,
       63, 162, 250, 10, 238, 234, 9, 80, 255, 207, 127, 226, 120, 243,
       203, 255, 188, 246, 207, 158, 133, 123, 225, 129, 220, 16, 157,
       247, 172, 108, 121, 152, 191, 187, 151, 56, 223, 127, 73, 91, 167,
       215, 125, 42, 56, 229, 219, 0, 203, 251, 117, 212, 160, 233, 5,
       35, 205, 112, 157, 103, 41, 94, 87, 136, 123, 250, 167, 24, 222,
       80, 73, 59, 145, 84, 108, 106, 97, 100, 249, 0, 199, 251, 69, 54,
       200, 115, 67, 39, 216, 180, 189, 240, 169, 237, 89, 31, 187, 59,
       180, 24, 191, 191, 64, 59, 133, 151, 125, 24, 59, 77, 243, 19,
       219, 251, 116, 249, 194, 192, 134, 59, 239, 188, 180, 250, 237,
       189, 84, 223, 223, 123, 180, 24, 234, 249, 92, 255, 201, 235, 127,
       28, 187, 111, 250, 179, 159, 223, 215, 122, 218, 93, 210, 139,
       206, 236, 246, 255, 236, 169, 253, 254, 191, 191, 242, 155, 239,
       239, 85, 91, 239, 255, 255, 147, 170, 111, 203, 251, 255, 255,
       255, 168, 135, 249, 165, 139, 125, 69, 87, 101, 180, 14, 71, 180,
       96, 168, 174, 76, 83, 113, 145, 51, 48, 228, 108, 110, 233, 177,
       185, 44, 240, 233, 101, 20, 106, 243, 210, 33, 236, 180, 189, 113,
       169, 111, 113, 31, 123, 255, 167, 24, 223, 55, 74, 59, 149, 23,
       125, 56, 59, 124, 241, 2, 207, 219, 117, 117, 194, 192, 199, 115,
       198, 252, 254, 255, 238, 169, 253, 255, 190, 179, 242, 186, 253,
       239, 217, 91, 111, 255, 127, 131, 250, 255, 207, 227, 254, 175,
       255, 136, 133, 248, 161, 153, 194, 174, 238, 191, 236, 169, 236,
       255, 191, 211, 242, 179, 237, 239, 252, 91, 239, 255, 255, 135,
       242, 255, 207, 251, 190, 255, 255, 168, 133, 252, 161, 217, 220,
       221, 61, 231, 40, 78, 95, 185, 52, 184, 182, 120, 247, 87, 137,
       115, 214, 213, 125, 106, 233, 197, 249, 46, 231, 235, 101, 148,
       32, 178, 132, 51, 84, 157, 57, 239, 180, 15, 127, 189, 38, 168,
       222, 96, 247, 119, 137, 96, 246, 223, 125, 234, 219, 184, 121, 61,
       237, 237, 47, 212, 164, 242, 161, 49, 20, 189, 185, 239, 180, 47,
       255, 191, 46, 169, 254, 32, 215, 255, 217, 64, 247, 95, 127, 57,
       146, 184, 105, 63, 236, 237, 175, 212, 180, 250, 129, 179, 125,
       85, 28, 101, 48, 46, 71, 184, 96, 234, 46, 76, 215, 113, 145, 51,
       16, 68, 108, 110, 233, 240, 249, 14, 228, 235, 101, 20, 106, 243,
       66, 32, 109, 85, 29, 103, 164, 14, 71, 176, 96, 232, 170, 76, 211,
       113, 9, 51, 16, 70, 124, 106, 217, 240, 249, 40, 225, 248, 101,
       20, 72, 243, 194, 32, 204, 180, 189, 115, 177, 110, 121, 25, 187,
       255, 183, 24, 223, 119, 72, 59, 151, 23, 125, 48, 51, 68, 249, 66,
       207, 219, 117, 246, 194, 96, 135, 115, 44, 77, 24, 126, 121, 205,
       22, 232, 143, 132, 237, 9, 230, 217, 35, 16, 216, 120, 195, 66,
       74, 35, 90, 63, 227, 213, 5, 59, 82, 59, 78, 130, 197, 102, 141,
       151, 172, 47, 231, 156, 90, 187, 131, 92, 214, 96, 93, 43, 145,
       70, 104, 63, 177, 116, 219, 34, 172, 30, 109, 116, 136, 123, 209,
       36, 196, 252, 188, 244, 169, 236, 21, 175, 187, 159, 172, 25, 174,
       247, 67, 91, 129, 119, 233, 16, 114, 79, 178, 99, 251, 243, 93,
       59, 128, 112, 135, 123, 45, 113, 17, 97, 17, 79, 82, 40, 105, 232,
       35, 8, 158, 16, 9, 48, 144, 28, 80, 106, 73, 176, 241, 14, 229,
       221, 1, 54, 72, 51, 75, 179, 250, 172, 148, 186, 137, 253, 20,
       143, 187, 31, 128, 25, 174, 250, 72, 155, 129, 243, 236, 17, 62,
       79, 218, 179, 153, 211, 93, 123, 144, 84, 143, 14, 220, 50, 255,
       96, 162, 106, 65, 91, 176, 166, 164, 56, 83, 151, 193, 59, 55,
       148, 68, 56, 40, 247, 160, 10, 91, 139, 97, 100, 225, 224, 102,
       225, 65, 113, 153, 101, 1, 78, 119, 56, 104, 224, 107, 8, 214, 49,
       65, 50, 144, 84, 104, 106, 65, 240, 241, 72, 101, 184, 68, 2, 72,
       51, 67, 34, 244, 10, 204, 180, 138, 40, 85, 191, 178, 183, 134,
       185, 87, 227, 67, 91, 67, 246, 109, 130, 56, 71, 203, 32, 217,
       227, 245, 189, 160, 240, 134, 98, 45, 101, 49, 71, 221, 95, 199,
       168, 79, 224, 45, 8, 210, 92, 93, 164, 152, 92, 66, 106, 73, 48,
       121, 62, 111, 220, 5, 54, 82, 59, 84, 166, 205, 245, 145, 103,
       209, 95, 118, 184, 121, 234, 103, 8, 222, 112, 77, 49, 145, 92,
       96, 106, 97, 240, 249, 42, 111, 219, 69, 6, 202, 115, 203, 54,
       248, 184, 220, 114, 168, 173, 80, 223, 178, 63, 164, 29, 55, 251,
