%YAML:1.0
---
descriptors: !!opencv-matrix
   rows: 269
   cols: 32
   dt: u
   data: [ 112, 160, 253, 112, 138, 233, 81, 87, 162, 21, 164, 56, 55,
       151, 64, 58, 1, 178, 109, 24, 26, 75, 162, 17, 217, 129, 48, 121,
       224, 128, 134, 106, 80, 16, 145, 116, 138, 104, 1, 2, 162, 179,
       163, 24, 87, 183, 64, 122, 1, 212, 104, 24, 25, 71, 179, 0, 217,
       234, 80, 28, 160, 96, 6, 34, 252, 172, 220, 118, 141, 45, 84, 159,
       243, 183, 164, 25, 67, 225, 75, 27, 9, 214, 236, 16, 40, 111, 218,
       34, 219, 219, 85, 61, 227, 248, 206, 10, 210, 184, 159, 242, 168,
       236, 1, 135, 170, 251, 128, 121, 183, 247, 64, 27, 131, 247, 125,
       17, 59, 79, 218, 49, 153, 210, 125, 250, 128, 64, 135, 59, 252,
       172, 252, 118, 137, 111, 85, 191, 179, 190, 164, 25, 83, 119, 74,
       27, 9, 214, 237, 42, 120, 79, 219, 34, 219, 235, 117, 61, 226,
       240, 198, 98, 212, 188, 157, 247, 168, 110, 101, 159, 178, 187,
       34, 80, 247, 119, 200, 123, 1, 86, 108, 24, 51, 92, 251, 49, 201,
       163, 117, 116, 160, 240, 134, 57, 93, 207, 125, 231, 180, 14, 79,
       188, 116, 234, 255, 100, 243, 115, 153, 112, 55, 214, 28, 110,
       233, 176, 105, 46, 226, 239, 37, 132, 104, 243, 192, 49, 149, 141,
       91, 239, 180, 47, 111, 188, 116, 234, 127, 80, 247, 99, 153, 112,
       119, 238, 29, 110, 249, 144, 105, 63, 236, 239, 167, 132, 164,
       243, 192, 33, 237, 112, 189, 99, 45, 127, 83, 152, 91, 251, 181,
       24, 223, 93, 75, 59, 145, 80, 253, 122, 171, 102, 251, 50, 207,
       223, 101, 127, 218, 251, 70, 115, 236, 180, 188, 234, 173, 125,
       81, 152, 95, 123, 181, 24, 222, 125, 78, 59, 145, 18, 255, 56, 59,
       102, 251, 147, 207, 219, 81, 127, 210, 75, 198, 114, 22, 237, 230,
       223, 252, 43, 238, 252, 63, 162, 251, 26, 235, 235, 29, 67, 127,
       239, 127, 227, 248, 243, 203, 239, 190, 254, 207, 132, 183, 251,
       225, 136, 254, 236, 246, 255, 222, 171, 238, 252, 63, 162, 251,
       26, 239, 235, 29, 65, 123, 239, 127, 163, 224, 231, 203, 255, 190,
       255, 207, 156, 247, 251, 226, 136, 246, 237, 246, 255, 253, 47,
       238, 252, 63, 170, 251, 26, 207, 235, 125, 65, 251, 239, 127, 243,
       248, 247, 203, 254, 191, 222, 207, 148, 215, 251, 227, 131, 238,
       245, 244, 254, 253, 47, 222, 252, 127, 187, 187, 24, 235, 251, 93,
       27, 221, 223, 255, 227, 248, 103, 219, 251, 191, 255, 215, 190,
       214, 251, 242, 3, 69, 103, 148, 39, 176, 58, 110, 136, 120, 170,
       43, 64, 207, 98, 201, 218, 147, 69, 108, 126, 164, 208, 205, 106,
       172, 254, 103, 4, 136, 243, 73, 5, 236, 189, 148, 247, 173, 47,
       94, 184, 191, 187, 185, 24, 203, 253, 93, 27, 221, 215, 255, 114,
       56, 103, 219, 190, 255, 223, 197, 126, 210, 251, 194, 19, 37, 99,
       17, 71, 116, 15, 99, 56, 105, 168, 115, 76, 214, 0, 157, 180, 148,
       76, 68, 110, 193, 176, 201, 12, 36, 188, 33, 4, 74, 179, 66, 161,
       118, 237, 198, 239, 220, 3, 238, 236, 63, 162, 251, 2, 233, 234,
       29, 80, 123, 207, 127, 226, 104, 243, 203, 255, 188, 254, 207,
       132, 245, 123, 226, 128, 248, 176, 188, 240, 169, 237, 81, 91,
       187, 123, 180, 24, 159, 151, 66, 27, 133, 183, 253, 16, 58, 111,
       242, 17, 219, 219, 113, 123, 194, 64, 14, 123, 232, 189, 189, 251,
       173, 253, 84, 182, 255, 95, 164, 24, 190, 63, 72, 19, 129, 83,
       236, 0, 123, 108, 251, 179, 239, 223, 84, 123, 210, 88, 198, 90,
       230, 172, 246, 255, 236, 169, 252, 255, 191, 179, 242, 18, 236,
       235, 124, 91, 239, 255, 127, 147, 242, 255, 203, 243, 190, 254,
       223, 248, 151, 216, 227, 137, 230, 172, 246, 223, 236, 185, 252,
       223, 191, 179, 242, 146, 236, 238, 252, 123, 239, 255, 127, 145,
       178, 255, 235, 243, 190, 255, 223, 236, 151, 248, 227, 141, 226,
       172, 246, 223, 236, 169, 252, 223, 191, 19, 254, 146, 237, 239,
       220, 91, 239, 255, 127, 153, 178, 126, 203, 243, 62, 254, 223,
       170, 150, 252, 227, 137, 220, 92, 253, 255, 44, 110, 127, 184,
       177, 250, 182, 92, 247, 119, 137, 123, 215, 245, 125, 106, 233,
       197, 249, 42, 211, 251, 113, 148, 40, 241, 68, 121, 204, 180, 189,
       113, 185, 110, 113, 27, 59, 255, 175, 24, 222, 127, 74, 59, 151,
       23, 253, 56, 49, 69, 249, 66, 207, 223, 117, 247, 192, 96, 135,
       115, 244, 172, 253, 114, 136, 232, 69, 191, 178, 183, 173, 24,
       115, 247, 72, 27, 1, 246, 108, 26, 58, 79, 234, 51, 249, 235, 117,
       120, 224, 209, 198, 106, 240, 184, 255, 114, 138, 232, 81, 215,
       178, 151, 164, 56, 55, 247, 64, 27, 1, 182, 109, 16, 58, 79, 186,
       49, 219, 227, 116, 121, 224, 64, 198, 235, 69, 113, 16, 69, 21,
       14, 118, 56, 104, 224, 107, 76, 222, 16, 9, 176, 144, 76, 80, 106,
       197, 176, 209, 8, 37, 156, 5, 6, 72, 51, 75, 134, 248, 174, 222,
       114, 168, 173, 85, 223, 179, 191, 164, 29, 55, 227, 66, 27, 5,
       246, 109, 24, 58, 79, 202, 35, 219, 195, 117, 61, 226, 208, 198,
       11, 45, 117, 49, 71, 221, 95, 198, 168, 95, 224, 41, 8, 214, 120,
       13, 164, 144, 92, 82, 106, 65, 48, 121, 62, 37, 156, 5, 54, 82,
       123, 210, 166, 181, 166, 237, 255, 244, 43, 111, 255, 118, 227,
       255, 246, 243, 99, 153, 96, 127, 206, 62, 190, 251, 246, 237, 255,
       252, 239, 247, 132, 237, 250, 240, 177, 77, 116, 149, 71, 209,
       126, 54, 184, 121, 234, 107, 76, 222, 114, 13, 180, 145, 92, 96,
       106, 229, 240, 217, 110, 39, 254, 69, 6, 202, 115, 75, 22, 232,
       189, 188, 122, 153, 237, 23, 174, 223, 23, 172, 25, 166, 185, 67,
       18, 129, 122, 232, 18, 58, 106, 218, 51, 239, 215, 84, 123, 210,
       89, 206, 42, 221, 95, 125, 103, 180, 46, 111, 184, 112, 234, 127,
       100, 211, 113, 153, 112, 23, 70, 124, 110, 169, 180, 125, 46, 238,
       239, 37, 132, 104, 243, 194, 49, 36, 225, 49, 75, 221, 93, 151,
       172, 95, 53, 45, 24, 198, 85, 76, 180, 145, 90, 194, 114, 82, 32,
       123, 53, 47, 220, 21, 127, 210, 27, 214, 174, 248, 142, 172, 182,
       138, 40, 85, 191, 178, 183, 134, 185, 119, 231, 67, 91, 67, 246,
       109, 136, 56, 79, 203, 35, 217, 227, 253, 185, 160, 240, 134, 106,
       252, 164, 220, 122, 137, 233, 84, 216, 146, 183, 165, 25, 79, 249,
       75, 27, 137, 210, 236, 18, 62, 103, 202, 51, 219, 195, 117, 125,
       243, 249, 206, 2, 248, 172, 156, 114, 137, 233, 20, 143, 179, 55,
       164, 25, 174, 179, 74, 27, 129, 147, 233, 16, 58, 79, 218, 51,
       219, 195, 85, 127, 208, 64, 142, 10, 65, 253, 17, 71, 49, 78, 102,
       188, 121, 72, 110, 72, 254, 115, 136, 180, 144, 92, 72, 106, 65,
       240, 249, 111, 167, 188, 5, 2, 74, 51, 67, 57, 45, 97, 57, 77, 93,
       79, 199, 40, 106, 224, 109, 8, 210, 85, 13, 48, 144, 92, 64, 106,
       65, 176, 249, 28, 101, 157, 1, 52, 65, 59, 70, 162, 120, 185, 122,
       96, 10, 201, 83, 85, 162, 5, 172, 8, 59, 151, 64, 18, 32, 176,
       205, 88, 26, 11, 178, 17, 219, 205, 32, 121, 99, 130, 198, 106,
       104, 165, 176, 65, 217, 125, 21, 175, 123, 55, 45, 24, 142, 53,
       76, 190, 145, 26, 224, 16, 50, 104, 251, 19, 111, 215, 85, 127,
       210, 72, 198, 226, 248, 172, 220, 118, 169, 108, 85, 191, 179,
       191, 166, 25, 119, 247, 66, 27, 1, 246, 237, 8, 56, 79, 219, 34,
       219, 227, 117, 125, 226, 240, 198, 106, 244, 172, 220, 118, 137,
       109, 85, 207, 179, 191, 164, 25, 35, 225, 71, 27, 9, 246, 237, 16,
       58, 111, 218, 34, 219, 219, 85, 63, 227, 248, 206, 10, 157, 197,
       121, 239, 180, 47, 111, 188, 116, 234, 127, 80, 215, 99, 153, 112,
       87, 206, 28, 110, 249, 176, 105, 63, 238, 239, 165, 196, 164, 251,
       192, 33, 125, 221, 125, 103, 180, 14, 79, 188, 112, 234, 255, 96,
       243, 119, 137, 112, 55, 214, 124, 110, 233, 144, 105, 46, 231,
       239, 37, 148, 104, 243, 192, 97, 252, 188, 221, 119, 168, 110, 85,
       191, 178, 191, 166, 56, 119, 119, 72, 91, 1, 214, 109, 24, 56, 77,
       251, 40, 203, 227, 117, 20, 160, 240, 134, 123, 148, 237, 123,
       255, 180, 43, 111, 188, 116, 170, 127, 82, 215, 99, 153, 105, 119,
