%YAML:1.0
---
descriptors: !!opencv-matrix
   rows: 222
   cols: 32
   dt: u
   data: [ 216, 176, 185, 114, 137, 237, 81, 27, 179, 63, 165, 25, 159,
       183, 72, 26, 133, 155, 109, 16, 58, 79, 250, 19, 217, 215, 112,
       125, 162, 192, 134, 99, 197, 89, 31, 101, 37, 14, 119, 176, 124,
       232, 98, 92, 246, 83, 1, 51, 176, 101, 124, 106, 225, 244, 25, 44,
       225, 249, 101, 16, 72, 49, 67, 35, 101, 44, 149, 87, 204, 108, 69,
       143, 251, 251, 34, 24, 214, 113, 77, 63, 129, 86, 104, 26, 49,
       112, 251, 32, 13, 154, 85, 52, 192, 113, 194, 34, 248, 168, 248,
       112, 138, 233, 81, 215, 163, 55, 164, 56, 55, 183, 64, 27, 1, 178,
       109, 16, 58, 79, 162, 49, 219, 195, 112, 121, 224, 192, 198, 106,
       84, 97, 153, 101, 130, 106, 71, 152, 34, 160, 175, 8, 87, 55, 73,
       50, 50, 212, 104, 122, 89, 82, 249, 0, 249, 133, 5, 52, 160, 243,
       6, 34, 252, 244, 188, 246, 173, 61, 94, 252, 255, 187, 191, 25,
       255, 253, 77, 59, 159, 215, 255, 114, 238, 103, 251, 191, 251,
       223, 117, 255, 194, 251, 194, 3, 5, 117, 49, 69, 87, 78, 230, 184,
       125, 192, 106, 72, 254, 85, 5, 180, 178, 92, 82, 106, 193, 176,
       57, 78, 37, 156, 1, 2, 74, 51, 67, 177, 37, 107, 72, 69, 116, 155,
       234, 96, 123, 160, 125, 76, 67, 200, 215, 176, 24, 236, 82, 110,
       197, 114, 238, 30, 62, 29, 37, 44, 77, 187, 90, 132, 44, 225, 121,
       105, 76, 73, 83, 232, 70, 52, 165, 8, 246, 85, 9, 48, 25, 24, 64,
       106, 74, 34, 107, 29, 103, 137, 1, 63, 82, 43, 70, 162, 193, 186,
       159, 121, 168, 172, 49, 23, 246, 27, 118, 116, 181, 179, 192, 123,
       39, 62, 108, 24, 179, 220, 163, 51, 204, 235, 114, 192, 136, 192,
       163, 41, 157, 213, 121, 231, 180, 79, 79, 188, 52, 234, 127, 96,
       247, 119, 137, 112, 87, 222, 29, 106, 233, 180, 105, 63, 225, 239,
       39, 132, 32, 243, 128, 105, 172, 180, 188, 99, 173, 125, 81, 153,
       127, 123, 37, 24, 223, 125, 72, 59, 153, 18, 253, 50, 58, 96, 123,
       19, 207, 219, 81, 127, 210, 75, 198, 242, 150, 237, 246, 223, 252,
       43, 254, 252, 127, 178, 255, 26, 239, 235, 221, 67, 127, 239, 127,
       239, 248, 243, 207, 239, 190, 254, 207, 180, 247, 255, 225, 193,
       252, 253, 188, 247, 169, 63, 94, 188, 59, 186, 191, 24, 223, 127,
       73, 91, 151, 215, 253, 122, 184, 103, 251, 226, 251, 251, 117,
       253, 226, 243, 206, 19, 69, 231, 145, 3, 180, 14, 102, 188, 122,
       185, 59, 92, 214, 96, 216, 210, 181, 78, 108, 126, 247, 112, 137,
       98, 172, 190, 37, 68, 200, 115, 195, 37, 77, 245, 57, 103, 240,
       78, 55, 184, 57, 232, 127, 108, 222, 119, 137, 48, 148, 93, 253,
       98, 225, 208, 249, 110, 239, 255, 37, 134, 74, 51, 7, 115, 248,
       184, 254, 112, 137, 253, 81, 215, 179, 23, 164, 25, 63, 247, 66,
       59, 161, 178, 237, 16, 58, 111, 178, 49, 219, 195, 116, 121, 226,
       192, 198, 122, 124, 253, 157, 119, 185, 79, 87, 188, 51, 254, 166,
       12, 247, 119, 75, 19, 17, 86, 108, 106, 105, 96, 249, 45, 235,
       231, 101, 52, 106, 186, 70, 115, 80, 89, 59, 190, 26, 197, 151,
       236, 132, 68, 200, 3, 183, 223, 32, 64, 232, 187, 27, 195, 74,
       139, 50, 61, 241, 229, 138, 25, 48, 27, 37, 122, 201, 121, 156,
       103, 37, 14, 103, 180, 104, 234, 38, 76, 246, 49, 65, 51, 144,
       100, 104, 110, 225, 240, 241, 40, 229, 251, 101, 0, 72, 114, 67,
       41, 1, 117, 17, 77, 81, 94, 102, 184, 121, 192, 106, 72, 254, 81,
       5, 180, 144, 124, 80, 106, 65, 176, 121, 79, 39, 188, 4, 2, 74,
       50, 75, 176, 40, 253, 58, 120, 217, 205, 85, 231, 251, 13, 108, 8,
       54, 145, 34, 16, 136, 186, 194, 0, 74, 43, 242, 55, 251, 213, 20,
       123, 82, 8, 198, 170, 112, 170, 254, 112, 138, 233, 81, 87, 162,
       55, 164, 56, 55, 151, 66, 27, 9, 178, 237, 16, 26, 111, 130, 17,
       219, 195, 112, 121, 225, 192, 198, 42, 36, 241, 49, 67, 217, 79,
       71, 168, 106, 176, 41, 8, 210, 85, 77, 48, 145, 92, 64, 122, 67,
       112, 249, 20, 109, 156, 5, 118, 208, 59, 70, 162, 133, 87, 29, 71,
       48, 14, 111, 184, 116, 232, 123, 100, 215, 119, 153, 112, 54, 76,
       60, 110, 225, 144, 125, 46, 238, 175, 39, 132, 40, 179, 1, 49,
       229, 113, 189, 103, 172, 78, 71, 184, 104, 234, 55, 76, 215, 117,
       201, 51, 148, 84, 124, 106, 193, 112, 249, 40, 231, 249, 101, 52,
       72, 243, 67, 113, 150, 237, 230, 223, 252, 43, 238, 237, 63, 162,
       251, 26, 239, 234, 93, 67, 123, 239, 127, 227, 232, 247, 207, 239,
       190, 254, 207, 176, 181, 251, 225, 1, 150, 236, 230, 255, 252, 43,
       238, 236, 63, 178, 251, 26, 239, 234, 93, 67, 251, 239, 127, 227,
       248, 243, 207, 235, 188, 255, 207, 180, 181, 123, 225, 0, 238,
       229, 244, 255, 189, 47, 94, 252, 127, 187, 191, 24, 255, 251, 93,
       27, 217, 207, 127, 122, 250, 103, 219, 251, 255, 255, 199, 190,
       210, 251, 210, 131, 252, 172, 220, 118, 137, 109, 85, 255, 179,
       191, 164, 25, 127, 247, 74, 27, 1, 246, 237, 10, 56, 79, 218, 35,
       219, 195, 117, 61, 226, 240, 142, 10, 220, 253, 252, 247, 173,
       127, 94, 188, 255, 186, 189, 56, 223, 127, 73, 59, 159, 215, 253,
       122, 250, 103, 251, 178, 251, 251, 101, 181, 194, 251, 195, 19,
       101, 241, 149, 103, 29, 15, 71, 184, 74, 248, 43, 12, 246, 113,
       89, 50, 145, 68, 120, 110, 65, 96, 219, 45, 173, 190, 69, 54, 72,
       59, 83, 34, 69, 231, 144, 35, 180, 14, 102, 184, 122, 168, 107,
       76, 199, 96, 217, 146, 145, 76, 108, 127, 244, 240, 201, 2, 172,
       190, 37, 68, 192, 243, 211, 4, 100, 161, 120, 97, 168, 77, 81,
       157, 34, 61, 165, 24, 147, 23, 72, 26, 25, 150, 69, 56, 90, 106,
       217, 17, 239, 137, 53, 125, 224, 128, 198, 162, 205, 244, 157, 67,
       164, 111, 231, 152, 122, 250, 47, 24, 215, 113, 89, 43, 17, 68,
       120, 122, 113, 116, 249, 34, 237, 159, 101, 116, 200, 123, 209,
       33, 109, 113, 144, 69, 81, 94, 102, 24, 105, 224, 43, 8, 218, 16,
       77, 182, 144, 92, 64, 106, 69, 240, 217, 8, 39, 252, 1, 6, 74, 51,
       74, 134, 20, 237, 27, 127, 148, 198, 103, 255, 118, 128, 234, 64,
       115, 243, 33, 112, 89, 238, 8, 106, 121, 250, 89, 63, 233, 175,
       37, 0, 224, 122, 228, 42, 96, 172, 157, 250, 200, 237, 20, 143,
       154, 19, 40, 88, 182, 243, 72, 122, 129, 26, 106, 16, 51, 111,
       218, 51, 221, 167, 117, 125, 216, 88, 135, 170, 120, 168, 254,
       120, 139, 233, 81, 215, 163, 31, 164, 25, 63, 255, 66, 27, 169,
       179, 237, 16, 58, 75, 162, 49, 219, 195, 116, 121, 227, 192, 198,
       106, 69, 178, 148, 17, 168, 44, 40, 155, 234, 185, 162, 84, 212,
       50, 197, 127, 135, 71, 108, 28, 147, 73, 195, 64, 140, 184, 119,
       246, 136, 96, 131, 5, 85, 69, 93, 103, 48, 14, 79, 184, 96, 160,
       171, 64, 215, 115, 137, 115, 54, 212, 124, 106, 105, 176, 121, 44,
       225, 235, 101, 20, 96, 243, 64, 33, 216, 26, 148, 244, 171, 44,
       20, 23, 163, 155, 160, 121, 255, 183, 65, 91, 135, 247, 253, 0,
       56, 71, 130, 0, 211, 243, 116, 186, 170, 112, 131, 11, 236, 180,
       149, 115, 137, 109, 80, 155, 123, 59, 33, 24, 222, 59, 76, 187,
       129, 22, 232, 16, 59, 108, 219, 145, 143, 219, 85, 119, 218, 72,
       198, 2, 41, 253, 56, 115, 221, 221, 87, 190, 123, 117, 44, 12,
       190, 60, 86, 180, 129, 74, 208, 90, 199, 104, 251, 183, 111, 221,
       21, 127, 74, 28, 206, 254, 205, 117, 57, 103, 240, 14, 63, 184,
       61, 234, 127, 112, 222, 119, 137, 53, 148, 93, 87, 106, 225, 212,
       121, 78, 111, 255, 37, 134, 74, 179, 3, 177, 244, 34, 189, 112,
       136, 104, 81, 147, 162, 183, 164, 24, 23, 183, 65, 27, 1, 214,
       109, 24, 58, 111, 170, 0, 219, 195, 117, 61, 224, 241, 134, 98,
       101, 87, 125, 103, 52, 14, 71, 184, 96, 234, 191, 108, 211, 113,
       157, 112, 20, 68, 124, 110, 233, 176, 125, 14, 228, 255, 37, 148,
       104, 243, 66, 49, 101, 113, 145, 67, 209, 110, 119, 136, 106, 224,
       42, 8, 214, 113, 77, 186, 145, 92, 96, 122, 17, 240, 185, 40, 45,
       156, 5, 118, 200, 115, 67, 162, 40, 189, 58, 120, 249, 205, 21,
