%YAML:1.0
---
descriptors: !!opencv-matrix
   rows: 227
   cols: 32
   dt: u
   data: [ 116, 225, 157, 122, 136, 73, 87, 168, 162, 183, 173, 24, 118,
       247, 75, 26, 153, 210, 105, 90, 90, 99, 235, 51, 251, 135, 69,
       125, 208, 115, 206, 98, 100, 97, 57, 103, 28, 79, 87, 168, 2, 228,
       173, 8, 211, 117, 73, 48, 88, 220, 93, 106, 73, 98, 249, 24, 229,
       221, 5, 60, 112, 59, 86, 98, 212, 52, 189, 112, 138, 104, 81, 154,
       178, 183, 167, 56, 87, 183, 73, 59, 35, 212, 109, 18, 56, 71, 187,
       0, 217, 131, 113, 124, 224, 225, 6, 98, 216, 166, 156, 48, 169,
       41, 20, 143, 186, 63, 164, 57, 143, 167, 74, 155, 135, 151, 237,
       16, 58, 79, 203, 19, 219, 211, 85, 127, 128, 64, 143, 11, 246,
       189, 150, 186, 137, 205, 22, 232, 159, 159, 169, 25, 230, 226,
       105, 151, 201, 243, 232, 67, 110, 67, 218, 183, 185, 210, 77, 123,
       88, 127, 143, 6, 249, 184, 253, 118, 169, 221, 85, 254, 227, 251,
       180, 24, 91, 252, 194, 62, 137, 246, 252, 8, 191, 107, 255, 179,
       219, 219, 85, 127, 235, 212, 206, 87, 145, 134, 77, 101, 180, 42,
       99, 31, 116, 35, 98, 212, 211, 35, 144, 112, 19, 206, 44, 60, 57,
       188, 69, 14, 172, 174, 48, 68, 232, 224, 208, 32, 81, 143, 94,
       101, 176, 46, 111, 183, 116, 8, 122, 100, 247, 99, 144, 112, 22,
       102, 108, 110, 185, 184, 69, 47, 232, 175, 36, 208, 104, 226, 192,
       41, 249, 190, 158, 50, 168, 237, 89, 247, 179, 255, 180, 189, 63,
       247, 194, 27, 135, 243, 237, 20, 191, 79, 202, 51, 218, 195, 117,
       249, 234, 196, 142, 219, 244, 101, 249, 118, 168, 109, 71, 220,
       179, 190, 173, 24, 83, 247, 73, 59, 17, 246, 108, 122, 106, 103,
       250, 34, 251, 233, 101, 124, 224, 243, 198, 96, 120, 188, 187,
       112, 153, 237, 81, 87, 235, 29, 44, 24, 54, 183, 64, 58, 161, 58,
       72, 24, 18, 105, 178, 19, 219, 221, 16, 123, 226, 0, 199, 107, 69,
       116, 29, 101, 1, 78, 55, 40, 104, 224, 107, 8, 214, 51, 1, 50,
       144, 84, 104, 106, 65, 240, 241, 12, 229, 187, 1, 22, 72, 51, 67,
       34, 116, 101, 125, 70, 142, 75, 87, 232, 64, 166, 173, 10, 83,
       117, 73, 51, 24, 212, 64, 106, 72, 99, 249, 44, 121, 137, 69, 61,
       97, 251, 70, 34, 112, 171, 218, 96, 178, 169, 83, 215, 34, 173,
       124, 173, 55, 131, 194, 16, 54, 179, 229, 16, 26, 26, 130, 1, 250,
       133, 36, 249, 224, 194, 142, 27, 224, 172, 157, 255, 232, 237, 5,
       183, 158, 23, 96, 24, 183, 243, 64, 91, 129, 122, 106, 24, 50, 76,
       250, 51, 205, 163, 118, 120, 144, 72, 133, 42, 116, 126, 249, 100,
       188, 111, 71, 186, 80, 174, 188, 104, 83, 117, 129, 50, 25, 214,
       76, 106, 185, 103, 249, 46, 249, 174, 37, 52, 225, 251, 214, 97,
       69, 231, 157, 71, 180, 14, 103, 184, 122, 232, 63, 76, 214, 97,
       217, 54, 145, 68, 108, 110, 225, 240, 233, 14, 236, 190, 37, 4,
       72, 243, 195, 33, 76, 117, 121, 103, 114, 14, 63, 184, 57, 228,
       111, 173, 223, 71, 139, 16, 22, 93, 205, 110, 65, 144, 249, 78,
       231, 189, 33, 132, 34, 179, 7, 113, 80, 188, 190, 48, 136, 237,
       17, 151, 230, 115, 162, 24, 183, 181, 66, 59, 129, 51, 108, 17,
       59, 109, 218, 49, 217, 195, 119, 121, 232, 64, 135, 10, 210, 174,
       150, 176, 169, 169, 16, 199, 187, 51, 160, 125, 175, 162, 64, 159,
       163, 167, 236, 17, 62, 79, 130, 49, 152, 242, 94, 123, 128, 68,
       139, 14, 108, 101, 10, 62, 25, 68, 87, 232, 163, 192, 237, 9, 114,
       247, 11, 16, 216, 232, 121, 238, 74, 67, 218, 29, 251, 255, 133,
       57, 0, 51, 106, 66, 77, 116, 57, 103, 177, 78, 119, 188, 121, 236,
       110, 12, 214, 113, 3, 48, 145, 92, 64, 106, 225, 240, 249, 46,
       239, 255, 5, 0, 74, 51, 67, 99, 120, 42, 255, 112, 42, 200, 65,
       82, 162, 149, 160, 56, 55, 151, 64, 27, 34, 180, 109, 24, 10, 79,
       162, 0, 217, 225, 113, 120, 96, 128, 6, 107, 76, 48, 185, 115, 97,
       109, 49, 8, 107, 219, 37, 8, 158, 149, 73, 58, 129, 93, 64, 16, 3,
       112, 242, 0, 197, 217, 85, 46, 194, 115, 71, 163, 124, 97, 57,
       111, 92, 79, 83, 104, 66, 164, 229, 8, 83, 85, 9, 48, 88, 212, 80,
       234, 72, 242, 249, 28, 115, 169, 129, 53, 113, 187, 70, 226, 252,
       180, 156, 112, 168, 105, 81, 159, 179, 191, 165, 25, 135, 163, 74,
       27, 135, 151, 237, 16, 58, 79, 203, 18, 219, 195, 117, 125, 224,
       64, 142, 67, 241, 188, 245, 118, 168, 77, 84, 222, 251, 251, 176,
       120, 26, 254, 196, 63, 141, 247, 124, 0, 191, 111, 234, 115, 155,
       218, 117, 250, 203, 112, 198, 63, 108, 185, 185, 113, 168, 237,
       85, 159, 235, 191, 44, 24, 151, 181, 64, 58, 129, 86, 108, 16, 18,
       120, 248, 16, 207, 223, 117, 117, 194, 192, 198, 227, 209, 221,
       31, 102, 184, 14, 71, 181, 224, 136, 170, 68, 119, 115, 128, 115,
       36, 230, 108, 106, 249, 225, 185, 45, 241, 169, 100, 16, 104, 178,
       194, 41, 249, 174, 254, 50, 232, 173, 92, 255, 179, 123, 180, 121,
       63, 255, 66, 27, 135, 243, 253, 20, 190, 79, 202, 49, 219, 219,
       117, 249, 226, 196, 138, 75, 120, 176, 123, 112, 155, 237, 81, 87,
       235, 21, 172, 24, 54, 149, 64, 56, 161, 178, 72, 16, 18, 107, 178,
       21, 219, 213, 16, 123, 226, 0, 198, 107, 213, 221, 95, 102, 136,
       14, 71, 180, 224, 202, 166, 76, 119, 115, 137, 115, 34, 244, 124,
       106, 233, 225, 153, 45, 241, 235, 101, 16, 104, 243, 226, 41, 221,
       102, 216, 71, 146, 62, 78, 152, 115, 171, 175, 84, 203, 98, 159,
       254, 51, 198, 76, 254, 173, 212, 237, 42, 162, 239, 37, 5, 170,
       243, 74, 4, 125, 199, 88, 107, 176, 63, 87, 184, 118, 41, 63, 124,
       83, 113, 138, 112, 23, 198, 12, 126, 191, 48, 105, 63, 234, 239,
       37, 116, 250, 219, 200, 1, 205, 230, 136, 19, 210, 120, 39, 142,
       114, 191, 10, 252, 209, 226, 202, 250, 115, 206, 234, 154, 115,
       94, 239, 50, 124, 7, 247, 236, 172, 113, 186, 225, 69, 113, 17,
       101, 17, 78, 119, 32, 104, 224, 106, 8, 214, 17, 1, 48, 144, 84,
       104, 106, 65, 240, 209, 12, 229, 184, 1, 22, 72, 50, 67, 34, 221,
       38, 156, 50, 168, 56, 78, 137, 251, 191, 163, 89, 207, 226, 219,
       219, 147, 199, 236, 30, 62, 71, 207, 34, 154, 243, 119, 125, 128,
       245, 203, 0, 83, 123, 3, 165, 18, 142, 42, 48, 40, 200, 74, 205,
       189, 6, 130, 208, 38, 173, 93, 229, 197, 152, 181, 78, 180, 36,
       42, 128, 44, 6, 11, 93, 117, 69, 95, 103, 22, 78, 103, 184, 100,
       160, 235, 72, 83, 113, 9, 112, 48, 196, 108, 106, 105, 177, 89,
       14, 245, 175, 37, 20, 97, 243, 64, 32, 212, 204, 30, 247, 154,
       106, 71, 174, 180, 178, 166, 16, 87, 115, 9, 91, 97, 246, 108,
       162, 104, 197, 89, 46, 249, 227, 117, 21, 160, 113, 236, 42, 192,
       136, 189, 126, 136, 237, 145, 143, 206, 59, 160, 24, 246, 240, 76,
       123, 129, 83, 104, 16, 50, 109, 219, 49, 201, 170, 85, 122, 208,
       72, 129, 42, 116, 125, 125, 68, 188, 111, 71, 190, 193, 230, 174,
       12, 83, 117, 1, 54, 21, 214, 76, 106, 249, 39, 249, 46, 249, 158,
       5, 52, 97, 251, 198, 120, 118, 71, 150, 188, 139, 74, 22, 232,
       177, 134, 235, 41, 70, 226, 41, 222, 208, 245, 232, 98, 76, 67,
       138, 10, 177, 246, 69, 31, 176, 127, 46, 6, 76, 101, 120, 103,
       114, 90, 127, 184, 57, 160, 111, 136, 223, 71, 137, 48, 54, 221,
       221, 110, 64, 144, 249, 78, 231, 237, 33, 133, 98, 179, 7, 96,
       100, 97, 104, 101, 52, 11, 106, 40, 105, 160, 111, 9, 211, 9, 29,
       48, 146, 204, 121, 111, 196, 240, 205, 12, 230, 253, 1, 53, 100,
       187, 90, 0, 216, 164, 255, 116, 136, 232, 81, 23, 178, 183, 166,
       24, 23, 183, 64, 59, 1, 214, 108, 24, 58, 111, 162, 35, 217, 227,
       112, 121, 224, 192, 134, 98, 208, 184, 159, 112, 136, 237, 81,
       151, 230, 59, 166, 24, 183, 247, 64, 123, 129, 247, 108, 16, 58,
       109, 211, 49, 217, 163, 117, 89, 224, 64, 135, 42, 108, 229, 56,
       110, 25, 77, 71, 168, 35, 84, 173, 8, 242, 83, 9, 16, 216, 202,
       89, 106, 75, 66, 251, 63, 235, 221, 5, 60, 90, 51, 70, 98, 248,
       58, 223, 112, 42, 200, 81, 83, 162, 149, 164, 185, 55, 135, 64,
