%YAML:1.0
---
descriptors: !!opencv-matrix
   rows: 83
   cols: 32
   dt: u
   data: [ 244, 190, 156, 50, 168, 173, 84, 223, 178, 187, 160, 125, 55,
       243, 74, 27, 131, 231, 109, 20, 62, 79, 202, 51, 218, 195, 117,
       121, 232, 208, 138, 11, 76, 125, 57, 103, 181, 78, 119, 184, 121,
       236, 106, 76, 222, 115, 9, 16, 144, 92, 125, 106, 97, 240, 249,
       110, 239, 255, 5, 6, 66, 115, 199, 99, 248, 44, 221, 116, 172,
       237, 85, 87, 242, 191, 164, 24, 51, 243, 64, 59, 137, 246, 109,
       24, 58, 111, 242, 33, 219, 203, 117, 57, 224, 192, 206, 106, 248,
       174, 254, 112, 170, 233, 81, 87, 178, 151, 164, 56, 63, 167, 64,
       27, 39, 183, 237, 16, 58, 111, 162, 3, 219, 195, 116, 121, 224,
       192, 134, 107, 100, 115, 17, 103, 52, 78, 102, 56, 105, 168, 235,
       76, 195, 109, 13, 16, 156, 220, 108, 98, 201, 240, 217, 12, 165,
       188, 5, 20, 64, 51, 70, 48, 192, 140, 157, 251, 136, 237, 21, 135,
       158, 23, 96, 24, 183, 243, 64, 91, 129, 123, 107, 16, 50, 76, 218,
       51, 205, 163, 117, 120, 144, 72, 135, 170, 208, 172, 191, 113,
       136, 232, 73, 7, 246, 55, 162, 16, 183, 131, 80, 91, 35, 55, 109,
       152, 58, 205, 131, 19, 201, 163, 114, 80, 224, 192, 133, 42, 108,
       241, 121, 99, 112, 78, 115, 184, 97, 168, 125, 40, 223, 87, 200,
       48, 150, 220, 85, 106, 201, 176, 249, 44, 239, 253, 37, 100, 98,
       179, 70, 35, 252, 125, 158, 246, 172, 76, 71, 180, 178, 186, 163,
       24, 247, 241, 73, 27, 129, 246, 109, 82, 105, 101, 219, 42, 249,
       227, 101, 48, 168, 123, 210, 42, 101, 97, 17, 103, 112, 15, 102,
       40, 105, 160, 235, 72, 215, 89, 9, 48, 156, 220, 72, 98, 73, 176,
       217, 12, 165, 188, 5, 52, 72, 187, 66, 160, 60, 101, 84, 103, 81,
       91, 118, 232, 101, 164, 255, 40, 75, 83, 141, 148, 58, 220, 205,
       234, 72, 240, 73, 204, 246, 255, 133, 5, 99, 183, 110, 2, 120,
       168, 255, 114, 172, 237, 81, 87, 242, 31, 164, 24, 55, 183, 64,
       59, 9, 246, 236, 16, 58, 107, 242, 33, 219, 195, 116, 121, 224,
       192, 198, 106, 200, 188, 156, 27, 201, 253, 53, 143, 190, 127, 4,
       25, 172, 246, 66, 155, 129, 51, 234, 16, 54, 77, 250, 51, 79, 83,
       93, 123, 146, 68, 143, 218, 77, 245, 157, 103, 177, 78, 103, 188,
       57, 170, 111, 72, 222, 119, 73, 50, 145, 86, 124, 106, 97, 240,
       249, 42, 237, 255, 69, 4, 202, 115, 195, 51, 76, 245, 57, 103,
       177, 78, 119, 188, 121, 232, 111, 72, 222, 117, 9, 48, 146, 94,
       124, 106, 97, 240, 249, 110, 237, 255, 5, 6, 66, 51, 195, 51, 212,
       253, 189, 119, 136, 108, 71, 191, 242, 183, 163, 24, 215, 119, 73,
       59, 129, 214, 108, 18, 57, 101, 251, 34, 233, 171, 117, 116, 224,
       113, 198, 50, 69, 245, 25, 103, 240, 14, 103, 184, 104, 232, 107,
       76, 215, 115, 9, 16, 148, 76, 76, 110, 65, 176, 217, 46, 229, 188,
       37, 4, 72, 115, 195, 35, 109, 117, 48, 5, 117, 30, 102, 184, 105,
       232, 111, 76, 222, 48, 29, 182, 144, 76, 64, 110, 197, 176, 217,
       10, 39, 252, 5, 4, 74, 115, 74, 134, 109, 101, 188, 103, 245, 30,
       103, 184, 107, 232, 47, 12, 211, 97, 95, 50, 144, 68, 104, 110,
       192, 240, 249, 44, 239, 255, 5, 52, 66, 179, 66, 32, 213, 190,
       157, 178, 168, 169, 5, 143, 186, 251, 128, 252, 247, 246, 201, 27,
       135, 119, 108, 17, 59, 79, 202, 51, 152, 163, 127, 252, 136, 113,
       131, 49, 240, 172, 255, 82, 202, 249, 81, 199, 251, 87, 164, 56,
       50, 190, 68, 59, 175, 179, 108, 16, 62, 111, 162, 115, 91, 154,
       84, 123, 193, 64, 230, 111, 226, 174, 133, 148, 232, 232, 33, 143,
       186, 255, 176, 185, 163, 166, 198, 27, 205, 231, 110, 21, 63, 79,
       230, 33, 28, 50, 253, 250, 128, 64, 150, 253, 208, 168, 157, 120,
       40, 137, 0, 15, 174, 57, 160, 120, 183, 211, 64, 91, 129, 55, 108,
       16, 58, 79, 203, 17, 217, 160, 113, 120, 208, 8, 7, 11, 97, 48,
       57, 96, 64, 76, 83, 16, 112, 224, 108, 8, 18, 23, 64, 48, 20, 28,
       80, 24, 1, 48, 176, 2, 89, 172, 1, 100, 72, 2, 70, 50, 108, 101,
       24, 111, 81, 15, 70, 168, 115, 160, 233, 8, 211, 97, 25, 16, 24,
       204, 64, 106, 72, 178, 217, 62, 231, 237, 5, 53, 97, 187, 74, 2,
       69, 101, 153, 103, 144, 46, 71, 184, 122, 162, 43, 8, 215, 113,
       89, 50, 17, 70, 104, 126, 105, 112, 217, 62, 237, 174, 37, 52,
       200, 243, 195, 32, 124, 85, 216, 110, 155, 91, 22, 184, 19, 168,
       173, 173, 75, 119, 75, 212, 83, 221, 236, 98, 76, 67, 201, 63,
       242, 231, 37, 191, 123, 119, 14, 19, 45, 245, 147, 178, 251, 221,
       150, 232, 158, 248, 185, 9, 206, 252, 105, 146, 157, 121, 254,
       119, 71, 99, 218, 182, 185, 215, 13, 126, 216, 127, 139, 215, 124,
       117, 120, 110, 91, 82, 86, 232, 113, 132, 237, 40, 67, 113, 15,
       148, 88, 220, 204, 98, 76, 163, 217, 14, 243, 237, 5, 31, 99, 59,
       110, 130, 30, 55, 112, 7, 243, 26, 182, 56, 57, 238, 127, 229, 76,
       118, 143, 148, 54, 221, 230, 98, 228, 240, 237, 238, 54, 118, 37,
       135, 111, 119, 15, 215, 208, 168, 191, 120, 136, 232, 81, 23, 162,
       23, 166, 25, 183, 151, 64, 91, 33, 183, 109, 16, 58, 79, 163, 49,
       217, 227, 112, 121, 160, 192, 166, 106, 237, 71, 221, 103, 164,
       14, 103, 184, 113, 170, 39, 76, 211, 113, 153, 123, 20, 196, 108,
       110, 233, 244, 249, 42, 230, 251, 101, 20, 74, 243, 66, 32, 77,
       245, 25, 103, 241, 78, 119, 188, 121, 232, 111, 72, 222, 119, 9,
       48, 146, 92, 116, 106, 97, 240, 249, 110, 239, 255, 5, 6, 74, 51,
       195, 51, 212, 252, 189, 118, 136, 109, 85, 186, 178, 182, 166, 24,
       215, 119, 73, 27, 129, 214, 109, 34, 120, 71, 251, 32, 249, 195,
       101, 60, 224, 112, 134, 114, 228, 228, 189, 103, 141, 79, 71, 184,
       114, 178, 167, 24, 211, 113, 73, 59, 145, 84, 104, 122, 105, 100,
       249, 26, 207, 219, 69, 116, 64, 123, 70, 34, 109, 249, 49, 103,
       157, 95, 86, 168, 107, 224, 47, 8, 222, 113, 9, 180, 144, 84, 248,
       106, 65, 176, 249, 60, 231, 221, 5, 55, 74, 59, 202, 34, 56, 176,
       185, 112, 217, 237, 17, 83, 227, 61, 172, 56, 26, 151, 68, 56,
       137, 155, 196, 16, 26, 107, 178, 17, 219, 213, 48, 127, 194, 64,
       70, 227, 124, 116, 223, 100, 42, 106, 69, 24, 179, 170, 175, 56,
       83, 247, 201, 59, 55, 244, 108, 58, 41, 199, 169, 10, 211, 239,
       101, 52, 226, 243, 6, 33, 199, 114, 229, 7, 34, 10, 175, 152, 104,
       226, 3, 236, 204, 68, 221, 175, 54, 69, 120, 111, 197, 212, 253,
       200, 36, 56, 79, 180, 12, 247, 19, 117, 124, 87, 88, 111, 186, 91,
       86, 184, 23, 224, 173, 173, 83, 119, 139, 80, 94, 220, 237, 226,
       76, 146, 201, 62, 254, 197, 37, 183, 58, 187, 14, 19, 124, 117,
       120, 110, 219, 67, 22, 248, 83, 172, 253, 45, 83, 121, 143, 16,
       94, 220, 196, 98, 76, 99, 203, 62, 115, 237, 37, 63, 123, 59, 78,
       19, 15, 119, 112, 7, 240, 26, 46, 56, 61, 236, 127, 229, 205, 102,
       159, 148, 22, 77, 134, 110, 197, 144, 109, 78, 38, 60, 47, 132,
       78, 247, 11, 213, 112, 170, 158, 118, 170, 168, 81, 151, 162, 23,
       174, 57, 55, 227, 66, 90, 163, 247, 109, 16, 26, 75, 130, 51, 219,
       231, 52, 121, 160, 64, 166, 106, 248, 171, 254, 114, 168, 137, 81,
       213, 162, 29, 164, 57, 55, 211, 66, 27, 162, 242, 237, 80, 58,
       107, 130, 49, 219, 193, 116, 121, 96, 128, 206, 11, 77, 85, 157,
       103, 160, 46, 103, 184, 121, 170, 111, 76, 222, 115, 9, 119, 149,
       86, 108, 106, 225, 240, 249, 42, 231, 255, 101, 4, 74, 243, 195,
       33, 109, 241, 17, 71, 253, 95, 103, 184, 107, 232, 47, 72, 214,
       81, 77, 180, 144, 92, 112, 122, 193, 112, 249, 60, 111, 217, 5,
       54, 74, 59, 66, 178, 212, 32, 188, 116, 136, 108, 85, 171, 162,
       190, 166, 25, 215, 119, 65, 27, 129, 215, 109, 32, 104, 71, 219,
       0, 219, 227, 117, 61, 224, 112, 6, 106, 109, 99, 160, 37, 116, 31,
       110, 56, 121, 172, 103, 77, 195, 104, 159, 148, 152, 76, 68, 111,
       236, 176, 249, 12, 38, 255, 5, 20, 66, 191, 90, 196, 243, 235,
       114, 80, 31, 153, 208, 198, 235, 93, 180, 45, 42, 136, 214, 182,
