%YAML:1.0
---
descriptors: !!opencv-matrix
   rows: 218
   cols: 32
   dt: u
   data: [ 228, 52, 149, 67, 169, 111, 71, 137, 58, 243, 47, 24, 214,
       113, 73, 63, 145, 84, 120, 58, 49, 116, 249, 2, 205, 190, 69, 116,
       192, 115, 198, 98, 44, 117, 49, 111, 213, 79, 71, 168, 109, 236,
       107, 8, 214, 117, 9, 48, 216, 92, 81, 106, 73, 176, 121, 46, 229,
       253, 5, 52, 64, 59, 86, 242, 100, 113, 49, 103, 29, 79, 71, 168,
       3, 228, 173, 8, 210, 85, 73, 52, 216, 220, 121, 106, 73, 114, 249,
       60, 237, 220, 5, 52, 64, 59, 86, 114, 236, 229, 157, 122, 137, 77,
       87, 172, 178, 151, 165, 24, 118, 243, 74, 27, 153, 210, 97, 90,
       122, 98, 250, 51, 235, 155, 69, 125, 192, 83, 198, 226, 220, 52,
       189, 114, 168, 104, 81, 26, 178, 191, 167, 56, 87, 247, 73, 59,
       35, 212, 108, 26, 56, 71, 170, 0, 217, 195, 117, 125, 224, 225, 6,
       99, 249, 190, 156, 178, 170, 172, 93, 159, 179, 255, 180, 189, 63,
       247, 194, 91, 135, 247, 253, 4, 191, 79, 234, 51, 218, 195, 117,
       249, 168, 196, 142, 91, 145, 134, 91, 101, 176, 42, 111, 55, 116,
       11, 122, 240, 211, 35, 144, 112, 19, 110, 44, 44, 185, 188, 69,
       14, 236, 174, 32, 64, 232, 226, 192, 33, 81, 143, 31, 103, 176,
       46, 111, 183, 116, 8, 122, 100, 247, 33, 144, 112, 21, 70, 108,
       46, 185, 184, 69, 47, 232, 239, 36, 144, 232, 226, 192, 41, 120,
       188, 191, 112, 153, 237, 81, 87, 235, 61, 172, 24, 54, 151, 64,
       58, 161, 50, 108, 24, 18, 105, 178, 17, 219, 205, 16, 123, 192, 0,
       198, 107, 116, 109, 249, 102, 158, 107, 71, 168, 64, 166, 173, 10,
       83, 113, 1, 50, 24, 244, 104, 106, 104, 35, 249, 46, 249, 143, 5,
       52, 97, 251, 70, 34, 252, 52, 157, 118, 169, 108, 84, 158, 179,
       187, 181, 88, 159, 243, 73, 187, 137, 222, 236, 18, 56, 103, 218,
       32, 219, 219, 117, 61, 226, 113, 206, 35, 244, 108, 172, 182, 140,
       109, 85, 152, 210, 250, 135, 25, 247, 253, 91, 59, 137, 214, 125,
       59, 109, 71, 219, 42, 219, 195, 253, 61, 160, 123, 86, 50, 244,
       68, 92, 118, 168, 106, 87, 168, 176, 178, 167, 24, 87, 115, 9, 91,
       19, 213, 108, 106, 104, 197, 217, 46, 241, 235, 101, 21, 96, 241,
       70, 34, 192, 172, 157, 249, 216, 237, 97, 143, 62, 51, 32, 24,
       182, 55, 72, 91, 129, 82, 106, 24, 51, 76, 211, 55, 205, 166, 84,
       124, 144, 64, 135, 42, 116, 127, 125, 70, 252, 111, 71, 188, 192,
       174, 188, 108, 83, 117, 201, 51, 29, 214, 68, 106, 249, 99, 248,
       46, 121, 140, 101, 60, 97, 251, 198, 113, 108, 103, 124, 103, 49,
       91, 118, 184, 113, 168, 182, 8, 219, 29, 89, 179, 24, 220, 236,
       106, 232, 240, 233, 14, 239, 223, 37, 21, 99, 179, 70, 162, 244,
       66, 213, 84, 40, 74, 77, 56, 224, 182, 163, 88, 83, 7, 137, 127,
       2, 196, 104, 106, 105, 69, 235, 0, 211, 170, 65, 28, 96, 177, 70,
       32, 104, 157, 188, 127, 185, 109, 23, 175, 218, 191, 44, 41, 230,
       57, 67, 27, 129, 118, 232, 16, 50, 104, 219, 55, 239, 215, 85,
       123, 208, 121, 198, 107, 76, 119, 121, 103, 50, 78, 63, 184, 57,
       228, 111, 173, 223, 71, 137, 16, 182, 93, 205, 110, 193, 144, 249,
       78, 231, 253, 37, 4, 66, 179, 7, 115, 109, 115, 53, 103, 53, 31,
       118, 184, 121, 232, 127, 77, 218, 125, 159, 176, 148, 68, 252,
       110, 133, 240, 249, 14, 231, 255, 33, 150, 74, 191, 82, 87, 208,
       184, 158, 112, 136, 237, 17, 135, 226, 211, 164, 24, 183, 247, 64,
       59, 129, 51, 108, 17, 59, 109, 218, 49, 217, 195, 119, 121, 232,
       64, 135, 26, 129, 142, 205, 123, 164, 170, 101, 159, 118, 19, 102,
       244, 243, 97, 144, 121, 19, 14, 44, 28, 59, 252, 111, 51, 204,
       175, 116, 64, 232, 192, 192, 168, 240, 186, 255, 112, 42, 232, 65,
       86, 162, 23, 164, 56, 55, 183, 64, 27, 35, 182, 108, 24, 26, 107,
       162, 1, 217, 163, 113, 120, 224, 128, 70, 107, 248, 174, 252, 112,
       168, 233, 81, 223, 179, 63, 164, 57, 55, 181, 66, 27, 9, 178, 109,
       16, 58, 111, 234, 19, 219, 195, 117, 121, 242, 200, 198, 43, 229,
       100, 49, 71, 32, 15, 103, 184, 105, 174, 103, 72, 210, 83, 137,
       52, 144, 84, 68, 106, 201, 244, 249, 14, 229, 248, 37, 20, 66,
       179, 70, 161, 194, 172, 148, 178, 169, 169, 20, 143, 187, 59, 128,
       57, 174, 162, 64, 159, 129, 83, 232, 17, 54, 77, 202, 51, 168,
       210, 93, 123, 144, 84, 139, 14, 218, 174, 148, 178, 171, 185, 20,
       143, 187, 63, 160, 57, 174, 170, 66, 155, 135, 83, 237, 17, 54,
       77, 202, 51, 155, 215, 93, 127, 146, 84, 143, 15, 81, 143, 95,
       101, 48, 46, 79, 55, 116, 8, 106, 68, 243, 33, 144, 112, 18, 198,
       76, 44, 185, 184, 5, 15, 224, 175, 32, 80, 104, 226, 194, 41, 217,
       221, 31, 102, 184, 14, 71, 53, 224, 136, 170, 76, 119, 51, 128,
       115, 32, 230, 108, 106, 249, 161, 177, 44, 241, 235, 100, 16, 104,
       178, 194, 41, 249, 174, 246, 178, 233, 189, 92, 255, 179, 59, 176,
       249, 127, 255, 66, 27, 135, 247, 253, 20, 190, 79, 202, 179, 219,
       219, 117, 249, 162, 196, 130, 75, 120, 184, 63, 112, 155, 237, 81,
       87, 235, 61, 172, 24, 54, 149, 64, 26, 161, 178, 108, 16, 18, 107,
       178, 21, 219, 197, 16, 123, 194, 0, 198, 107, 216, 16, 223, 116,
       42, 78, 69, 59, 48, 242, 166, 88, 87, 55, 128, 123, 34, 212, 124,
       42, 105, 69, 243, 8, 209, 235, 116, 16, 40, 240, 6, 57, 246, 174,
       213, 82, 203, 169, 100, 207, 187, 51, 160, 91, 2, 226, 76, 155,
       169, 203, 98, 144, 62, 126, 202, 115, 28, 134, 213, 127, 233, 80,
       194, 134, 88, 56, 159, 116, 32, 236, 113, 19, 162, 31, 166, 56,
       159, 151, 64, 123, 7, 212, 108, 8, 27, 69, 178, 1, 193, 225, 112,
       8, 160, 128, 7, 35, 237, 135, 216, 107, 180, 63, 71, 185, 118, 63,
       63, 124, 211, 96, 138, 112, 23, 78, 12, 126, 254, 176, 109, 55,
       238, 143, 37, 116, 216, 218, 200, 1, 253, 78, 206, 87, 36, 58, 70,
       184, 117, 174, 231, 22, 67, 97, 155, 252, 113, 196, 44, 238, 236,
       244, 237, 42, 146, 239, 245, 5, 107, 243, 120, 4, 65, 57, 29, 101,
       17, 78, 55, 32, 104, 192, 106, 8, 214, 17, 1, 48, 144, 84, 104,
       106, 65, 240, 177, 12, 229, 184, 0, 2, 72, 34, 67, 34, 226, 174,
       188, 222, 234, 241, 25, 207, 187, 191, 164, 185, 36, 231, 78, 27,
       135, 247, 237, 16, 50, 79, 170, 113, 155, 146, 125, 255, 128, 112,
       134, 107, 209, 172, 253, 115, 168, 232, 105, 134, 254, 55, 162,
       16, 215, 163, 80, 123, 3, 87, 104, 24, 50, 205, 239, 51, 201, 171,
       127, 80, 224, 192, 135, 40, 93, 69, 93, 103, 148, 78, 103, 184,
       101, 32, 171, 64, 83, 113, 25, 112, 50, 196, 108, 106, 73, 176,
       89, 12, 247, 239, 33, 84, 97, 179, 66, 32, 244, 116, 156, 246,
       172, 109, 86, 152, 242, 186, 131, 24, 215, 249, 73, 59, 129, 214,
       125, 51, 105, 101, 219, 34, 217, 195, 101, 61, 136, 123, 210, 18,
       100, 213, 53, 109, 152, 79, 71, 184, 118, 48, 171, 72, 211, 101,
       9, 113, 81, 212, 104, 106, 107, 224, 121, 31, 237, 174, 5, 20, 88,
       243, 64, 48, 112, 5, 125, 101, 22, 75, 71, 56, 100, 160, 175, 8,
       211, 51, 8, 112, 50, 212, 104, 104, 8, 176, 121, 30, 237, 175, 1,
       20, 113, 170, 68, 32, 108, 115, 117, 103, 49, 95, 86, 184, 97,
       168, 235, 72, 195, 109, 77, 18, 156, 220, 237, 98, 200, 240, 217,
       12, 231, 255, 5, 23, 74, 179, 78, 146, 118, 101, 151, 174, 139,
       98, 22, 200, 161, 130, 235, 41, 70, 226, 41, 222, 240, 213, 232,
       98, 108, 195, 138, 10, 176, 246, 69, 31, 160, 115, 46, 6, 100,
       255, 156, 62, 168, 201, 23, 174, 155, 190, 172, 41, 230, 255, 67,
       19, 129, 119, 237, 66, 126, 107, 202, 59, 235, 215, 101, 59, 208,
       120, 198, 75, 12, 101, 121, 103, 50, 90, 127, 56, 57, 164, 111,
       168, 223, 87, 137, 48, 54, 93, 221, 238, 64, 144, 249, 78, 231,
       237, 37, 5, 98, 179, 7, 96, 101, 97, 104, 101, 52, 31, 126, 56,
       105, 168, 127, 9, 215, 25, 157, 48, 146, 76, 92, 110, 196, 176,
       201, 12, 231, 253, 33, 21, 64, 179, 74, 1, 248, 168, 191, 112,
       172, 237, 81, 223, 242, 31, 164, 24, 55, 243, 64, 59, 129, 182,
