%YAML:1.0
---
descriptors: !!opencv-matrix
   rows: 331
   cols: 32
   dt: u
   data: [ 248, 252, 182, 252, 13, 221, 84, 231, 215, 134, 164, 9, 174,
       253, 35, 18, 201, 243, 233, 64, 108, 111, 242, 187, 243, 255, 84,
       59, 82, 124, 230, 74, 21, 93, 189, 231, 180, 46, 79, 188, 52, 234,
       222, 96, 215, 119, 137, 96, 86, 246, 125, 106, 249, 208, 121, 46,
       237, 239, 39, 144, 164, 243, 128, 113, 237, 81, 61, 103, 36, 78,
       103, 184, 105, 232, 127, 72, 215, 119, 137, 51, 148, 84, 124, 106,
       201, 240, 249, 12, 231, 249, 101, 20, 66, 243, 70, 113, 12, 93,
       57, 231, 176, 78, 111, 184, 52, 232, 127, 100, 215, 119, 137, 112,
       22, 124, 61, 106, 201, 176, 121, 46, 237, 239, 37, 132, 40, 243,
       4, 113, 69, 103, 16, 71, 116, 14, 102, 56, 121, 168, 107, 76, 211,
       96, 25, 148, 148, 76, 100, 110, 196, 176, 201, 14, 36, 188, 37, 4,
       74, 179, 74, 133, 104, 164, 191, 112, 25, 236, 81, 23, 251, 31,
       36, 24, 182, 151, 64, 58, 129, 50, 104, 24, 19, 109, 178, 19, 219,
       255, 16, 123, 194, 0, 198, 107, 252, 116, 157, 118, 40, 108, 81,
       24, 242, 242, 167, 24, 215, 119, 73, 59, 17, 212, 108, 58, 41,
       103, 251, 2, 217, 203, 101, 60, 224, 243, 70, 34, 65, 48, 157,
       101, 32, 76, 113, 16, 236, 216, 38, 8, 215, 23, 64, 122, 2, 84,
       124, 24, 9, 212, 241, 0, 197, 251, 112, 0, 8, 128, 7, 51, 252,
       184, 255, 118, 136, 236, 69, 222, 178, 191, 164, 24, 115, 247, 72,
       59, 1, 246, 108, 10, 58, 111, 250, 51, 219, 235, 117, 56, 224,
       209, 198, 98, 244, 166, 252, 82, 139, 121, 17, 203, 211, 183, 164,
       26, 2, 252, 76, 26, 169, 210, 232, 16, 62, 111, 234, 19, 27, 195,
       85, 127, 225, 72, 198, 102, 108, 117, 189, 103, 160, 110, 119,
       152, 123, 234, 63, 8, 210, 119, 73, 59, 145, 84, 124, 122, 169,
       240, 249, 8, 239, 251, 101, 52, 194, 243, 70, 35, 69, 113, 17, 69,
       17, 78, 119, 40, 104, 64, 107, 8, 222, 113, 9, 48, 144, 84, 64,
       106, 65, 240, 209, 12, 165, 188, 0, 6, 72, 51, 67, 50, 96, 140,
       157, 254, 200, 233, 17, 7, 154, 23, 32, 24, 182, 243, 96, 91, 193,
       115, 107, 16, 50, 79, 202, 49, 205, 163, 119, 121, 144, 72, 133,
       42, 209, 168, 158, 80, 138, 248, 185, 71, 234, 211, 164, 24, 183,
       146, 86, 123, 163, 163, 122, 152, 23, 79, 246, 81, 157, 139, 90,
       121, 200, 64, 139, 14, 224, 175, 204, 90, 168, 185, 68, 207, 187,
       23, 172, 185, 107, 225, 206, 159, 11, 226, 236, 28, 58, 111, 202,
       115, 250, 251, 85, 123, 226, 212, 206, 46, 69, 113, 25, 69, 65,
       78, 55, 56, 104, 232, 111, 72, 222, 21, 9, 48, 144, 84, 100, 106,
       65, 176, 241, 72, 101, 188, 33, 6, 72, 51, 67, 51, 213, 207, 78,
       15, 130, 90, 103, 188, 116, 6, 102, 134, 99, 98, 171, 117, 112,
       230, 40, 238, 104, 213, 45, 47, 176, 163, 229, 5, 99, 243, 248,
       68, 108, 103, 113, 103, 176, 90, 102, 184, 113, 168, 127, 104,
       203, 109, 157, 52, 146, 220, 108, 106, 8, 240, 233, 46, 103, 255,
       33, 5, 98, 179, 70, 161, 240, 168, 156, 244, 136, 233, 81, 23,
       226, 115, 166, 24, 55, 145, 66, 123, 1, 182, 108, 24, 58, 111,
       194, 49, 219, 161, 113, 121, 160, 136, 134, 42, 129, 174, 137,
       157, 236, 169, 105, 158, 254, 147, 66, 240, 181, 226, 208, 75, 67,
       106, 106, 28, 51, 124, 207, 51, 76, 130, 119, 104, 152, 216, 193,
       168, 129, 174, 159, 155, 236, 169, 173, 223, 254, 59, 82, 208,
       181, 226, 240, 75, 67, 74, 106, 28, 51, 92, 207, 113, 76, 130,
       119, 104, 152, 192, 225, 168, 80, 160, 145, 114, 136, 108, 65, 31,
       162, 51, 162, 24, 23, 183, 64, 122, 1, 150, 108, 24, 27, 75, 242,
       16, 217, 160, 117, 124, 160, 192, 134, 34, 129, 170, 143, 155,
       236, 169, 104, 199, 254, 179, 96, 212, 181, 227, 248, 75, 99, 98,
       106, 28, 51, 109, 143, 115, 204, 2, 119, 104, 156, 192, 163, 168,
       106, 189, 148, 58, 217, 237, 20, 175, 159, 23, 40, 25, 174, 59,
       69, 148, 129, 123, 234, 16, 118, 106, 82, 179, 175, 214, 20, 59,
       210, 92, 143, 30, 129, 142, 207, 123, 164, 170, 105, 159, 118, 27,
       98, 244, 243, 227, 208, 121, 19, 46, 44, 28, 179, 252, 79, 51,
       204, 170, 116, 64, 232, 192, 192, 40, 217, 142, 203, 127, 180,
       174, 79, 191, 116, 75, 114, 212, 243, 97, 144, 120, 51, 238, 44,
       60, 185, 188, 45, 63, 232, 175, 53, 192, 232, 208, 208, 41, 108,
       229, 40, 126, 121, 197, 83, 168, 179, 64, 173, 9, 242, 215, 75,
       16, 216, 234, 89, 106, 10, 67, 250, 63, 227, 223, 129, 57, 82, 51,
       118, 226, 188, 196, 126, 255, 12, 11, 79, 248, 244, 178, 247, 18,
       215, 91, 25, 67, 122, 228, 95, 234, 232, 245, 73, 191, 242, 235,
       231, 148, 53, 187, 113, 162, 108, 53, 177, 67, 241, 111, 49, 11,
       59, 191, 47, 24, 222, 55, 77, 62, 145, 30, 224, 16, 19, 112, 249,
       0, 79, 151, 21, 119, 194, 98, 199, 226, 104, 233, 24, 58, 89, 201,
       22, 174, 175, 53, 45, 9, 174, 211, 66, 16, 129, 123, 193, 66, 70,
       72, 74, 49, 239, 213, 21, 123, 80, 19, 15, 10, 232, 188, 180, 254,
       173, 189, 93, 159, 255, 187, 180, 24, 238, 249, 76, 63, 141, 114,
       255, 24, 186, 109, 250, 243, 207, 219, 85, 58, 210, 108, 211, 35,
       130, 172, 246, 159, 236, 171, 252, 207, 63, 251, 242, 147, 236,
       238, 36, 73, 255, 239, 127, 148, 178, 253, 207, 255, 158, 58, 223,
       230, 149, 252, 241, 217, 128, 172, 254, 255, 252, 175, 237, 255,
       190, 187, 250, 26, 245, 255, 64, 91, 123, 239, 127, 152, 178, 255,
       203, 55, 252, 175, 255, 200, 197, 232, 241, 169, 130, 188, 254,
       255, 252, 171, 252, 223, 63, 59, 242, 58, 244, 251, 20, 88, 255,
       255, 127, 145, 178, 255, 203, 247, 222, 191, 255, 200, 213, 200,
       225, 139, 16, 221, 189, 247, 180, 46, 111, 191, 54, 170, 218, 64,
       247, 103, 145, 96, 119, 127, 125, 42, 249, 216, 105, 47, 237, 175,
       255, 144, 36, 242, 129, 41, 85, 93, 61, 231, 176, 78, 79, 184, 36,
       170, 158, 96, 215, 119, 137, 114, 22, 212, 125, 106, 233, 144,
       233, 46, 237, 175, 37, 148, 32, 243, 0, 49, 44, 103, 64, 7, 116,
       27, 102, 184, 117, 172, 127, 200, 195, 96, 159, 148, 24, 76, 68,
       110, 204, 176, 77, 12, 38, 188, 37, 4, 67, 179, 90, 132, 197, 52,
       157, 103, 168, 110, 71, 184, 96, 243, 171, 88, 215, 115, 73, 122,
       17, 84, 104, 106, 41, 68, 217, 42, 201, 174, 101, 20, 136, 115, 3,
       48, 116, 96, 157, 119, 136, 110, 69, 157, 114, 183, 167, 24, 215,
       119, 73, 59, 17, 214, 104, 58, 57, 101, 251, 0, 201, 139, 117,
       116, 192, 241, 198, 34, 72, 112, 29, 101, 32, 204, 113, 16, 172,
       88, 38, 8, 159, 23, 64, 122, 2, 52, 108, 72, 3, 68, 241, 0, 197,
       249, 48, 0, 8, 129, 7, 51, 252, 252, 255, 122, 136, 237, 87, 220,
       179, 159, 165, 24, 115, 247, 201, 59, 33, 246, 108, 90, 58, 103,
       186, 51, 251, 235, 117, 60, 226, 211, 198, 99, 77, 113, 57, 103,
       49, 79, 119, 184, 105, 232, 47, 8, 222, 117, 73, 50, 144, 84, 124,
       106, 193, 240, 249, 8, 103, 253, 37, 20, 66, 51, 71, 99, 85, 69,
       95, 101, 20, 78, 71, 56, 100, 160, 171, 64, 83, 113, 25, 112, 48,
       196, 72, 106, 105, 177, 89, 14, 241, 174, 1, 20, 97, 179, 64, 32,
       76, 69, 252, 103, 160, 74, 103, 168, 121, 162, 111, 8, 215, 115,
       9, 115, 50, 212, 104, 106, 104, 240, 249, 14, 231, 235, 69, 20,
       98, 243, 70, 32, 64, 236, 157, 251, 153, 205, 5, 143, 190, 27, 40,
       24, 182, 243, 64, 26, 129, 114, 106, 24, 99, 104, 218, 51, 237,
       150, 86, 120, 144, 88, 135, 170, 16, 172, 154, 231, 144, 234, 67,
       199, 54, 135, 234, 0, 115, 115, 0, 80, 57, 254, 77, 168, 42, 152,
       1, 47, 249, 167, 167, 17, 161, 66, 230, 42, 248, 201, 92, 100,
       168, 10, 85, 180, 224, 176, 166, 8, 215, 115, 128, 83, 6, 244,
       108, 106, 104, 97, 201, 12, 240, 235, 101, 20, 96, 176, 194, 40,
       208, 142, 189, 247, 172, 46, 85, 183, 240, 190, 146, 88, 247, 113,
       0, 11, 7, 119, 108, 43, 120, 109, 203, 43, 201, 227, 117, 16, 224,
       248, 129, 43, 252, 60, 188, 246, 172, 108, 81, 150, 242, 187, 134,
