%YAML:1.0
---
descriptors: !!opencv-matrix
   rows: 374
   cols: 32
   dt: u
   data: [ 156, 237, 126, 239, 148, 11, 239, 248, 116, 176, 247, 18, 223,
       75, 185, 99, 126, 237, 95, 234, 249, 245, 45, 63, 248, 235, 231,
       212, 101, 187, 224, 160, 246, 236, 150, 190, 221, 79, 254, 232,
       31, 166, 227, 27, 236, 254, 61, 67, 249, 221, 235, 227, 40, 247,
       219, 254, 189, 246, 207, 31, 209, 123, 119, 130, 221, 4, 252, 247,
       44, 42, 89, 152, 252, 186, 183, 16, 223, 119, 153, 123, 231, 213,
       125, 42, 169, 229, 235, 34, 194, 235, 115, 148, 164, 249, 65, 33,
       72, 188, 188, 242, 169, 253, 93, 151, 251, 123, 180, 24, 190, 191,
       66, 59, 133, 83, 253, 16, 178, 109, 251, 241, 219, 219, 117, 122,
       130, 80, 135, 123, 182, 172, 246, 255, 238, 171, 252, 223, 191,
       179, 250, 146, 79, 239, 52, 89, 127, 239, 127, 145, 186, 223, 207,
       255, 158, 254, 223, 244, 183, 253, 243, 129, 138, 172, 246, 255,
       238, 43, 252, 255, 63, 179, 250, 154, 239, 239, 60, 73, 127, 255,
       127, 145, 178, 255, 207, 255, 222, 255, 255, 236, 199, 236, 243,
       153, 108, 181, 188, 107, 141, 125, 85, 155, 91, 61, 173, 24, 222,
       125, 74, 58, 217, 18, 233, 56, 26, 98, 251, 17, 207, 223, 81, 127,
       210, 74, 198, 98, 234, 188, 246, 217, 237, 253, 253, 223, 191, 91,
       244, 179, 189, 255, 246, 126, 239, 179, 255, 157, 178, 127, 234,
       243, 223, 223, 255, 235, 151, 204, 231, 255, 108, 112, 189, 99,
       13, 111, 83, 24, 107, 254, 39, 24, 214, 85, 73, 58, 145, 84, 121,
       58, 1, 100, 249, 2, 207, 219, 69, 52, 194, 123, 70, 114, 76, 85,
       61, 231, 176, 78, 103, 184, 32, 172, 255, 72, 215, 119, 137, 115,
       22, 212, 125, 106, 105, 144, 249, 46, 229, 239, 37, 148, 32, 243,
       198, 113, 77, 85, 29, 103, 48, 14, 103, 56, 116, 234, 127, 68,
       215, 51, 137, 112, 214, 68, 28, 110, 225, 144, 121, 14, 229, 239,
       37, 132, 8, 179, 64, 49, 104, 180, 187, 112, 153, 237, 81, 103,
       251, 21, 172, 24, 54, 183, 64, 60, 129, 58, 104, 24, 26, 107, 242,
       23, 219, 223, 16, 122, 194, 64, 198, 107, 100, 125, 17, 103, 157,
       111, 71, 189, 114, 170, 171, 8, 214, 113, 73, 50, 145, 94, 120,
       106, 121, 112, 249, 62, 237, 254, 5, 52, 72, 123, 198, 34, 249,
       188, 245, 116, 169, 252, 85, 127, 243, 123, 180, 56, 59, 255, 198,
       63, 163, 246, 236, 0, 191, 111, 242, 179, 219, 251, 116, 251, 235,
       192, 198, 127, 249, 186, 222, 178, 168, 172, 92, 151, 163, 95,
       180, 185, 63, 247, 66, 59, 135, 247, 253, 20, 62, 79, 234, 49,
       219, 219, 117, 249, 162, 212, 142, 91, 252, 248, 253, 118, 232,
       109, 71, 248, 179, 182, 165, 24, 115, 247, 200, 59, 1, 214, 100,
       74, 40, 103, 250, 50, 91, 203, 117, 60, 227, 241, 198, 226, 93,
       42, 220, 182, 168, 40, 92, 128, 226, 151, 167, 153, 199, 163, 75,
       90, 131, 199, 108, 30, 28, 64, 207, 32, 202, 225, 119, 29, 160,
       241, 74, 2, 69, 113, 149, 101, 89, 79, 55, 32, 104, 224, 106, 8,
       222, 48, 1, 50, 128, 84, 104, 98, 65, 240, 249, 12, 101, 190, 69,
       18, 72, 51, 67, 50, 100, 180, 17, 227, 157, 13, 67, 140, 111, 57,
       169, 88, 214, 81, 76, 52, 145, 154, 76, 18, 91, 98, 219, 55, 141,
       212, 21, 126, 208, 11, 198, 34, 92, 5, 125, 103, 160, 74, 87, 184,
       113, 162, 111, 8, 215, 119, 137, 115, 22, 214, 125, 106, 104, 240,
       249, 46, 231, 239, 101, 20, 96, 243, 70, 32, 79, 241, 237, 71,
       178, 30, 187, 184, 42, 244, 7, 132, 221, 126, 223, 34, 23, 85,
       253, 127, 197, 208, 253, 73, 111, 127, 109, 212, 166, 183, 1, 113,
       69, 71, 157, 103, 160, 46, 110, 184, 122, 170, 59, 68, 222, 114,
       201, 114, 183, 69, 108, 110, 225, 208, 201, 106, 172, 190, 103, 4,
       136, 243, 67, 1, 224, 136, 157, 222, 201, 237, 17, 143, 154, 23,
       160, 24, 182, 183, 64, 91, 129, 83, 104, 0, 50, 111, 251, 113,
       221, 178, 84, 123, 208, 72, 135, 42, 69, 245, 157, 103, 153, 14,
       119, 184, 122, 240, 43, 76, 222, 113, 73, 50, 147, 68, 104, 122,
       193, 112, 249, 40, 237, 191, 69, 86, 200, 115, 195, 34, 83, 123,
       19, 133, 50, 14, 62, 176, 40, 192, 74, 205, 189, 6, 130, 208, 166,
       125, 125, 197, 197, 152, 181, 109, 164, 52, 10, 130, 12, 54, 11,
       93, 192, 164, 157, 217, 200, 237, 5, 143, 190, 51, 32, 24, 182,
       51, 72, 123, 129, 18, 106, 24, 51, 76, 219, 115, 205, 146, 84,
       124, 208, 72, 135, 42, 80, 172, 191, 114, 200, 228, 233, 194, 178,
       177, 236, 24, 48, 179, 96, 58, 169, 255, 115, 152, 50, 123, 186,
       115, 93, 175, 223, 105, 193, 65, 231, 170, 193, 168, 253, 121,
       170, 232, 57, 135, 238, 115, 130, 144, 181, 158, 82, 107, 135, 55,
       120, 25, 135, 205, 231, 49, 205, 169, 122, 80, 132, 192, 3, 72,
       244, 108, 172, 182, 140, 77, 85, 151, 210, 250, 134, 25, 215, 253,
       83, 59, 129, 246, 125, 27, 104, 71, 251, 42, 249, 131, 245, 121,
       160, 120, 214, 122, 244, 164, 173, 251, 141, 109, 78, 137, 19,
       187, 129, 25, 211, 127, 88, 59, 209, 215, 125, 179, 58, 70, 219,
       51, 203, 211, 221, 125, 144, 123, 150, 34, 246, 254, 188, 222,
       137, 112, 93, 174, 187, 191, 164, 185, 110, 247, 78, 31, 129, 246,
       237, 2, 58, 79, 186, 243, 155, 243, 85, 191, 162, 245, 134, 111,
       13, 117, 213, 69, 182, 63, 102, 184, 122, 226, 111, 108, 215, 120,
       217, 166, 23, 76, 116, 110, 229, 240, 221, 14, 46, 255, 101, 4,
       110, 251, 90, 21, 4, 48, 153, 103, 32, 79, 55, 24, 104, 234, 37,
       72, 214, 23, 73, 50, 148, 85, 68, 98, 33, 240, 249, 8, 77, 153,
       37, 36, 192, 99, 7, 163, 36, 215, 189, 107, 152, 79, 71, 184, 86,
       53, 175, 204, 211, 101, 137, 112, 85, 222, 108, 122, 251, 176,
       121, 63, 237, 166, 37, 84, 240, 251, 196, 112, 87, 115, 212, 39,
       34, 10, 38, 56, 105, 160, 107, 108, 206, 114, 137, 246, 182, 197,
       108, 99, 197, 208, 205, 76, 164, 246, 79, 6, 40, 51, 3, 5, 116,
       101, 158, 166, 201, 95, 86, 200, 18, 190, 169, 9, 102, 248, 79,
       154, 217, 228, 236, 99, 108, 99, 217, 42, 185, 199, 69, 63, 192,
       123, 222, 6, 109, 101, 121, 103, 180, 31, 118, 184, 121, 168, 123,
       73, 219, 121, 157, 176, 182, 76, 125, 111, 228, 240, 201, 46, 103,
       255, 37, 20, 70, 247, 90, 3, 76, 117, 248, 103, 178, 74, 63, 184,
       57, 238, 127, 169, 223, 119, 203, 80, 22, 93, 253, 110, 96, 208,
       233, 106, 238, 255, 37, 132, 226, 243, 7, 115, 37, 112, 89, 69,
       80, 78, 99, 56, 96, 224, 101, 72, 83, 21, 141, 48, 16, 92, 64,
       106, 65, 240, 241, 12, 71, 141, 33, 4, 105, 179, 70, 160, 129,
       138, 207, 121, 32, 170, 97, 23, 118, 19, 98, 208, 243, 1, 144,
       121, 51, 46, 40, 28, 19, 220, 71, 17, 140, 170, 114, 64, 236, 128,
       192, 168, 228, 253, 150, 30, 217, 237, 6, 236, 150, 142, 137, 57,
       230, 240, 107, 208, 209, 110, 234, 98, 112, 71, 218, 62, 185, 38,
       77, 63, 144, 123, 167, 255, 120, 169, 223, 120, 172, 237, 80, 215,
       226, 25, 164, 8, 55, 147, 64, 59, 129, 178, 124, 24, 26, 107, 226,
       17, 219, 201, 116, 121, 224, 192, 206, 74, 193, 170, 159, 145,
       236, 169, 233, 71, 238, 19, 66, 240, 181, 162, 240, 107, 3, 34,
       106, 28, 51, 92, 199, 65, 204, 130, 114, 104, 152, 192, 161, 168,
       129, 142, 207, 59, 164, 170, 97, 151, 118, 19, 98, 244, 179, 163,
       208, 121, 83, 46, 42, 28, 51, 252, 199, 51, 204, 166, 118, 64,
       236, 192, 192, 168, 129, 142, 159, 127, 176, 170, 109, 183, 118,
       11, 114, 84, 243, 99, 144, 121, 49, 110, 44, 28, 179, 252, 5, 63,
       204, 175, 116, 0, 232, 208, 224, 41, 106, 237, 144, 58, 217, 205,
       20, 175, 155, 53, 168, 25, 174, 187, 64, 144, 129, 91, 232, 16,
       86, 106, 218, 183, 175, 214, 20, 123, 210, 92, 143, 10, 108, 177,
       57, 111, 249, 77, 71, 168, 51, 116, 165, 8, 210, 115, 73, 50, 217,
       72, 121, 106, 75, 66, 251, 21, 239, 221, 5, 60, 80, 51, 86, 98,
       252, 237, 182, 254, 205, 205, 214, 226, 223, 148, 168, 9, 42, 249,
       101, 19, 200, 250, 235, 66, 106, 99, 218, 185, 187, 219, 197, 59,
