%YAML:1.0
---
descriptors: !!opencv-matrix
   rows: 328
   cols: 32
   dt: u
   data: [ 221, 84, 255, 247, 44, 46, 127, 152, 188, 250, 183, 82, 223,
       119, 153, 123, 119, 213, 125, 106, 169, 197, 235, 42, 193, 235,
       227, 148, 36, 251, 1, 113, 246, 228, 246, 255, 221, 79, 254, 232,
       127, 162, 243, 18, 78, 250, 61, 112, 249, 221, 255, 227, 40, 247,
       89, 255, 191, 254, 199, 23, 209, 123, 99, 134, 92, 176, 189, 240,
       168, 78, 89, 159, 171, 251, 151, 60, 223, 63, 72, 59, 151, 23,
       253, 48, 251, 77, 243, 128, 251, 219, 127, 254, 128, 192, 135,
       115, 200, 188, 188, 114, 169, 253, 85, 190, 251, 123, 182, 24,
       190, 191, 64, 59, 133, 87, 253, 16, 186, 109, 251, 243, 223, 219,
       119, 254, 130, 81, 135, 59, 198, 172, 246, 190, 238, 47, 124, 207,
       255, 187, 242, 18, 238, 234, 60, 91, 255, 239, 127, 17, 178, 255,
       203, 255, 157, 250, 95, 246, 165, 120, 243, 137, 120, 237, 182,
       252, 141, 205, 86, 231, 159, 150, 172, 9, 174, 255, 101, 23, 201,
       251, 235, 64, 104, 107, 210, 248, 251, 251, 215, 59, 210, 124,
       246, 74, 162, 172, 246, 223, 238, 43, 252, 207, 127, 179, 242, 18,
       236, 234, 52, 72, 123, 239, 127, 1, 178, 255, 203, 255, 190, 186,
       223, 244, 149, 248, 241, 137, 104, 181, 188, 250, 157, 125, 85,
       175, 91, 63, 173, 25, 191, 253, 74, 19, 217, 146, 233, 0, 58, 106,
       251, 147, 235, 223, 84, 123, 210, 72, 198, 106, 108, 176, 188,
       115, 141, 111, 81, 152, 127, 63, 173, 24, 223, 61, 74, 58, 153,
       20, 237, 24, 26, 102, 249, 16, 207, 223, 81, 125, 210, 75, 198,
       114, 236, 113, 189, 103, 40, 78, 87, 184, 32, 234, 55, 8, 215, 87,
       73, 59, 148, 212, 125, 106, 73, 244, 249, 40, 231, 249, 101, 52,
       64, 179, 70, 115, 196, 52, 189, 103, 184, 111, 87, 184, 63, 234,
       171, 88, 215, 119, 73, 48, 145, 214, 124, 42, 57, 112, 249, 58,
       237, 255, 69, 52, 200, 115, 6, 114, 197, 70, 157, 119, 164, 46,
       103, 184, 124, 186, 163, 80, 215, 115, 137, 123, 145, 68, 108,
       110, 233, 244, 217, 42, 165, 170, 101, 20, 72, 243, 195, 49, 108,
       245, 185, 103, 153, 79, 71, 188, 122, 248, 171, 8, 215, 119, 73,
       50, 145, 92, 120, 106, 121, 112, 249, 62, 237, 255, 5, 52, 72,
       115, 199, 114, 236, 116, 189, 103, 141, 110, 71, 152, 122, 191,
       47, 24, 214, 115, 73, 59, 145, 84, 120, 58, 49, 100, 249, 34, 207,
       251, 69, 116, 192, 115, 198, 98, 108, 224, 156, 122, 137, 109, 87,
       168, 242, 183, 173, 24, 214, 113, 74, 26, 153, 210, 105, 114, 90,
       99, 250, 51, 219, 215, 69, 127, 208, 123, 206, 34, 120, 180, 189,
       112, 153, 233, 81, 7, 187, 53, 172, 24, 54, 183, 72, 50, 129, 26,
       104, 24, 26, 107, 242, 3, 219, 223, 20, 123, 226, 64, 198, 106,
       249, 188, 255, 118, 171, 249, 85, 247, 227, 123, 180, 56, 59, 191,
       194, 63, 163, 242, 236, 24, 191, 111, 178, 51, 219, 219, 84, 123,
       235, 208, 206, 191, 249, 190, 222, 48, 168, 253, 88, 87, 178, 95,
       180, 189, 63, 183, 194, 27, 135, 179, 221, 20, 62, 79, 226, 16,
       210, 203, 112, 249, 162, 196, 142, 91, 76, 113, 17, 69, 1, 78, 32,
       8, 104, 224, 35, 8, 222, 23, 72, 182, 144, 84, 72, 98, 65, 112,
       249, 0, 5, 184, 1, 6, 74, 34, 71, 34, 252, 172, 220, 114, 137,
       233, 80, 223, 147, 183, 164, 25, 11, 169, 67, 27, 137, 210, 237,
       16, 58, 111, 218, 50, 219, 195, 117, 125, 243, 217, 206, 2, 85,
       69, 93, 101, 144, 106, 71, 56, 100, 160, 171, 8, 87, 49, 1, 115,
       50, 212, 124, 106, 73, 160, 89, 12, 227, 235, 101, 20, 96, 243,
       64, 32, 220, 196, 125, 103, 168, 74, 95, 184, 112, 178, 175, 8,
       215, 119, 9, 115, 19, 212, 125, 106, 104, 212, 105, 46, 229, 235,
       101, 20, 96, 243, 68, 32, 224, 140, 157, 252, 137, 237, 65, 143,
       154, 51, 160, 24, 182, 179, 64, 123, 129, 83, 104, 16, 51, 107,
       211, 117, 221, 178, 84, 122, 208, 72, 197, 42, 192, 141, 157, 251,
       200, 237, 37, 175, 158, 19, 32, 24, 182, 51, 64, 123, 129, 114,
       106, 24, 50, 108, 219, 55, 237, 178, 86, 120, 144, 88, 135, 42,
       200, 190, 156, 123, 169, 233, 21, 143, 158, 31, 44, 56, 166, 179,
       66, 91, 129, 58, 238, 16, 50, 108, 194, 51, 207, 179, 116, 123,
       208, 72, 143, 11, 76, 117, 121, 103, 178, 10, 63, 184, 61, 228,
       127, 173, 223, 119, 139, 80, 22, 93, 253, 110, 64, 144, 249, 110,
       230, 223, 37, 132, 66, 179, 7, 113, 77, 117, 49, 103, 181, 31,
       118, 184, 121, 232, 127, 109, 222, 121, 159, 180, 180, 76, 124,
       110, 228, 240, 249, 174, 231, 255, 37, 6, 66, 247, 67, 103, 124,
       165, 252, 114, 138, 233, 85, 89, 162, 183, 173, 57, 115, 247, 72,
       27, 33, 178, 109, 24, 122, 75, 170, 17, 251, 203, 117, 125, 225,
       194, 198, 98, 101, 112, 91, 69, 80, 74, 99, 48, 96, 192, 103, 8,
       82, 23, 133, 48, 16, 244, 64, 106, 65, 176, 177, 12, 103, 169, 32,
       0, 97, 179, 70, 32, 1, 172, 205, 25, 128, 171, 96, 135, 118, 19,
       98, 208, 179, 161, 192, 73, 97, 46, 42, 28, 51, 216, 199, 49, 12,
       162, 118, 64, 184, 200, 192, 168, 208, 176, 31, 116, 136, 236, 81,
       23, 230, 115, 162, 24, 183, 147, 64, 123, 1, 183, 108, 16, 27,
       109, 147, 1, 217, 160, 112, 88, 224, 128, 135, 42, 129, 170, 157,
       185, 236, 169, 105, 159, 254, 19, 98, 208, 181, 227, 208, 75, 99,
       10, 106, 28, 51, 252, 135, 51, 76, 130, 119, 104, 144, 192, 193,
       168, 129, 170, 135, 153, 236, 169, 160, 199, 254, 19, 96, 208,
       181, 162, 224, 75, 99, 34, 74, 28, 51, 109, 198, 113, 140, 2, 118,
       40, 156, 192, 161, 168, 129, 170, 159, 145, 236, 169, 225, 199,
       254, 19, 160, 208, 181, 162, 224, 75, 99, 34, 106, 28, 51, 109,
       198, 115, 140, 2, 118, 104, 156, 64, 163, 168, 36, 213, 22, 158,
       217, 199, 6, 236, 159, 134, 233, 9, 70, 240, 44, 144, 217, 251,
       106, 98, 108, 227, 90, 62, 185, 182, 7, 31, 208, 123, 238, 134,
       234, 188, 180, 250, 173, 173, 84, 158, 255, 187, 176, 24, 238,
       251, 92, 27, 205, 98, 127, 16, 186, 111, 218, 177, 143, 219, 213,
       126, 210, 92, 211, 11, 230, 172, 150, 159, 237, 39, 252, 207, 191,
       187, 242, 26, 236, 234, 60, 91, 255, 239, 127, 145, 50, 255, 203,
       255, 157, 186, 223, 252, 145, 120, 227, 137, 232, 253, 180, 254,
       157, 221, 84, 239, 203, 23, 172, 24, 191, 191, 100, 50, 201, 178,
       249, 0, 106, 111, 242, 183, 251, 255, 148, 59, 82, 76, 214, 170,
       130, 172, 246, 159, 236, 171, 236, 207, 127, 179, 242, 18, 236,
       234, 52, 73, 251, 239, 127, 145, 178, 255, 203, 255, 156, 186,
       223, 228, 213, 248, 241, 136, 130, 172, 214, 191, 222, 43, 236,
       239, 63, 179, 250, 26, 109, 234, 0, 73, 123, 239, 127, 144, 48,
       255, 203, 255, 156, 246, 223, 204, 245, 248, 225, 136, 232, 177,
       188, 123, 157, 125, 81, 61, 95, 61, 165, 24, 223, 125, 72, 58,
       153, 146, 233, 48, 58, 98, 251, 151, 207, 223, 85, 125, 210, 72,
       198, 34, 108, 48, 185, 99, 173, 111, 83, 152, 99, 255, 173, 24,
       215, 85, 73, 58, 145, 84, 125, 58, 26, 116, 249, 16, 207, 223, 65,
       117, 194, 235, 70, 114, 84, 93, 29, 231, 176, 14, 79, 184, 52,
       170, 158, 96, 215, 119, 137, 80, 22, 212, 125, 110, 105, 144, 105,
       46, 237, 239, 39, 148, 32, 243, 1, 49, 84, 85, 125, 231, 184, 78,
       95, 184, 32, 170, 191, 72, 215, 119, 9, 115, 22, 212, 125, 106,
       233, 144, 249, 14, 237, 239, 101, 148, 32, 243, 70, 49, 236, 112,
       185, 103, 45, 111, 83, 152, 107, 238, 39, 24, 214, 85, 73, 59,
       145, 84, 124, 122, 129, 116, 249, 0, 207, 219, 101, 52, 192, 251,
       70, 115, 236, 85, 61, 103, 32, 78, 119, 184, 104, 232, 63, 72,
       215, 119, 9, 51, 148, 84, 124, 106, 201, 240, 249, 12, 231, 249,
       101, 20, 64, 243, 70, 115, 205, 81, 61, 103, 36, 78, 71, 184, 105,
       232, 55, 72, 215, 117, 137, 51, 148, 84, 124, 106, 225, 240, 249,
       12, 231, 249, 101, 20, 64, 179, 71, 113, 197, 157, 157, 247, 184,
       46, 110, 190, 252, 186, 186, 84, 247, 115, 137, 123, 149, 87, 124,
       42, 161, 192, 219, 46, 173, 186, 103, 144, 136, 113, 129, 33, 213,
