%YAML:1.0
---
descriptors: !!opencv-matrix
   rows: 270
   cols: 32
   dt: u
   data: [ 229, 113, 253, 103, 108, 78, 71, 184, 105, 250, 183, 76, 211,
       85, 205, 59, 148, 212, 124, 106, 201, 114, 249, 40, 103, 217, 101,
       52, 73, 243, 66, 113, 85, 93, 127, 103, 176, 78, 79, 184, 97, 232,
       191, 72, 215, 119, 137, 114, 54, 244, 124, 106, 233, 129, 121, 46,
       243, 237, 37, 148, 96, 243, 68, 49, 252, 172, 252, 118, 168, 109,
       85, 254, 178, 190, 164, 24, 83, 247, 75, 27, 13, 214, 109, 42,
       120, 71, 234, 50, 249, 203, 117, 60, 226, 241, 198, 35, 246, 236,
       246, 255, 253, 43, 254, 239, 63, 179, 251, 155, 207, 239, 93, 75,
       255, 255, 255, 179, 124, 247, 203, 238, 191, 255, 207, 143, 151,
       253, 235, 131, 246, 236, 246, 255, 237, 187, 254, 238, 63, 210,
       251, 147, 239, 238, 63, 205, 255, 255, 255, 167, 228, 231, 203,
       255, 190, 254, 207, 159, 151, 255, 227, 197, 252, 228, 188, 243,
       173, 63, 87, 190, 127, 187, 183, 24, 223, 121, 92, 59, 159, 199,
       125, 122, 250, 103, 251, 183, 255, 223, 117, 116, 194, 249, 194,
       3, 77, 117, 57, 71, 240, 79, 55, 184, 57, 232, 127, 108, 222, 119,
       137, 52, 182, 93, 85, 106, 225, 208, 249, 78, 111, 223, 37, 134,
       74, 179, 7, 243, 204, 92, 157, 246, 169, 100, 85, 178, 185, 218,
       167, 24, 222, 247, 105, 123, 193, 119, 124, 2, 105, 71, 250, 32,
       219, 243, 85, 58, 152, 113, 132, 51, 220, 144, 189, 247, 44, 44,
       121, 152, 174, 191, 183, 56, 223, 247, 73, 91, 199, 85, 125, 26,
       56, 101, 251, 0, 203, 251, 119, 212, 160, 233, 5, 99, 236, 252,
       180, 254, 141, 253, 86, 183, 219, 187, 164, 24, 190, 249, 65, 59,
       201, 242, 253, 26, 58, 110, 250, 179, 239, 219, 85, 123, 210, 89,
       214, 10, 4, 181, 187, 114, 147, 237, 49, 207, 122, 145, 45, 24,
       158, 247, 72, 56, 177, 27, 64, 16, 19, 107, 186, 114, 217, 157,
       21, 111, 192, 66, 135, 162, 216, 176, 188, 240, 169, 237, 89, 31,
       191, 191, 182, 24, 191, 255, 72, 59, 133, 151, 125, 24, 186, 79,
       243, 3, 219, 251, 117, 248, 194, 192, 134, 123, 248, 188, 189,
       112, 169, 253, 89, 215, 251, 63, 180, 24, 191, 191, 64, 123, 133,
       183, 253, 24, 186, 111, 242, 179, 219, 251, 117, 122, 194, 72,
       199, 107, 84, 205, 24, 175, 180, 15, 127, 188, 38, 168, 222, 0,
       247, 99, 9, 64, 118, 223, 125, 234, 216, 176, 73, 61, 237, 229,
       47, 212, 164, 243, 161, 33, 204, 20, 189, 229, 32, 110, 123, 24,
       57, 234, 247, 80, 223, 119, 9, 123, 151, 85, 125, 42, 161, 244,
       249, 42, 199, 251, 97, 148, 128, 241, 7, 115, 204, 52, 189, 115,
       160, 110, 113, 25, 59, 255, 55, 24, 222, 119, 72, 59, 151, 87,
       125, 56, 177, 212, 249, 66, 207, 219, 117, 196, 192, 225, 135,
       115, 237, 113, 29, 103, 165, 14, 71, 184, 104, 232, 47, 76, 214,
       113, 25, 51, 144, 68, 124, 110, 201, 240, 249, 8, 231, 249, 101,
       20, 72, 115, 66, 32, 17, 168, 130, 59, 130, 171, 96, 87, 118, 1,
       74, 82, 179, 193, 224, 73, 121, 170, 34, 152, 26, 216, 69, 51,
       140, 132, 246, 64, 185, 72, 240, 136, 60, 65, 122, 228, 85, 87,
       82, 112, 5, 164, 255, 11, 75, 29, 51, 128, 248, 156, 135, 226, 76,
       179, 24, 156, 243, 221, 129, 53, 115, 191, 124, 66, 109, 189, 176,
       82, 217, 221, 87, 190, 251, 113, 44, 8, 190, 248, 70, 182, 129,
       122, 224, 90, 215, 104, 250, 183, 111, 223, 21, 123, 218, 85, 203,
       254, 248, 188, 253, 112, 138, 232, 81, 183, 178, 183, 164, 184,
       55, 151, 64, 27, 39, 246, 109, 152, 58, 79, 178, 34, 217, 195,
       117, 120, 224, 192, 134, 106, 240, 184, 157, 112, 138, 224, 81,
       23, 178, 151, 164, 152, 55, 151, 64, 91, 39, 214, 109, 152, 58,
       79, 178, 33, 217, 227, 116, 120, 160, 192, 166, 122, 248, 170,
       254, 122, 138, 169, 81, 215, 178, 23, 164, 185, 55, 231, 64, 27,
       1, 178, 109, 16, 58, 79, 162, 49, 219, 195, 112, 121, 176, 192,
       230, 122, 76, 188, 188, 180, 137, 228, 21, 175, 187, 159, 140, 25,
       190, 247, 67, 91, 129, 119, 233, 16, 114, 79, 178, 51, 249, 247,
       93, 63, 128, 112, 135, 122, 252, 56, 253, 114, 136, 237, 65, 154,
       178, 183, 165, 24, 87, 247, 73, 27, 1, 246, 108, 24, 40, 71, 250,
       32, 217, 203, 117, 56, 224, 241, 70, 34, 252, 180, 189, 114, 136,
       109, 85, 155, 179, 191, 165, 24, 87, 247, 72, 27, 1, 214, 108, 26,
       58, 71, 250, 34, 219, 195, 117, 125, 224, 241, 198, 98, 37, 113,
       17, 101, 81, 79, 103, 56, 105, 232, 107, 76, 214, 16, 1, 52, 144,
       92, 80, 106, 197, 176, 209, 14, 39, 220, 1, 6, 74, 51, 66, 150,
       156, 34, 255, 97, 162, 106, 97, 88, 112, 182, 39, 56, 83, 23, 193,
       59, 62, 148, 68, 58, 56, 245, 161, 8, 89, 137, 97, 36, 225, 225,
       102, 225, 69, 113, 157, 101, 1, 78, 103, 8, 104, 226, 99, 8, 214,
       49, 73, 58, 144, 84, 104, 106, 65, 240, 241, 8, 69, 184, 69, 2,
       72, 115, 67, 34, 244, 42, 140, 182, 138, 32, 93, 159, 162, 183,
       134, 185, 87, 227, 75, 91, 67, 215, 109, 134, 120, 71, 203, 32,
       218, 163, 253, 189, 160, 241, 142, 66, 244, 170, 140, 182, 168,
       40, 93, 159, 162, 183, 134, 185, 87, 227, 75, 91, 1, 198, 109, 4,
       56, 79, 203, 32, 218, 227, 253, 189, 160, 240, 142, 74, 44, 69,
       49, 71, 253, 95, 215, 168, 95, 224, 45, 8, 210, 124, 77, 164, 152,
       92, 98, 106, 65, 48, 121, 62, 111, 221, 5, 55, 82, 123, 214, 166,
       248, 184, 222, 114, 169, 173, 80, 223, 179, 63, 164, 29, 55, 243,
       66, 27, 129, 226, 237, 24, 58, 79, 218, 51, 219, 203, 117, 121,
       234, 192, 202, 10, 205, 117, 149, 71, 177, 126, 119, 184, 121,
       234, 111, 8, 222, 115, 13, 183, 145, 84, 112, 106, 97, 240, 249,
       42, 39, 254, 69, 6, 74, 115, 203, 50, 108, 180, 189, 251, 189,
       125, 81, 153, 111, 63, 173, 24, 222, 125, 72, 59, 153, 18, 253,
       16, 58, 98, 123, 149, 207, 219, 81, 127, 210, 75, 198, 98, 246,
       236, 246, 255, 236, 171, 254, 236, 191, 146, 251, 26, 238, 234,
       61, 75, 255, 239, 127, 227, 236, 231, 207, 255, 188, 254, 207,
       158, 149, 123, 227, 133, 230, 236, 230, 223, 252, 171, 238, 236,
       191, 178, 251, 26, 238, 234, 61, 71, 255, 239, 127, 243, 234, 231,
       203, 255, 190, 62, 223, 158, 149, 123, 227, 132, 238, 173, 180,
       255, 237, 189, 94, 248, 255, 187, 189, 24, 239, 251, 93, 63, 217,
       239, 127, 122, 186, 103, 251, 243, 255, 255, 199, 188, 210, 255,
       210, 131, 248, 77, 92, 100, 40, 10, 71, 53, 224, 176, 174, 8, 215,
       51, 129, 115, 2, 244, 108, 106, 104, 97, 225, 44, 241, 235, 101,
       16, 96, 178, 194, 40, 96, 181, 17, 122, 153, 205, 84, 175, 123,
       57, 169, 24, 150, 51, 76, 48, 145, 159, 104, 16, 91, 106, 219, 23,
       169, 156, 21, 126, 208, 72, 198, 42, 69, 103, 152, 39, 176, 26,
       110, 136, 121, 162, 107, 68, 207, 98, 203, 218, 146, 77, 108, 126,
       68, 240, 201, 74, 172, 255, 103, 4, 136, 243, 75, 4, 220, 253,
       158, 191, 188, 15, 126, 189, 191, 186, 179, 48, 255, 255, 89, 91,
       255, 247, 255, 227, 122, 237, 203, 255, 254, 243, 239, 212, 164,
       249, 129, 19, 21, 101, 19, 103, 21, 207, 103, 232, 118, 224, 107,
       0, 211, 241, 105, 96, 88, 124, 34, 106, 73, 176, 25, 30, 233, 142,
       5, 36, 112, 59, 96, 160, 22, 111, 118, 175, 254, 11, 254, 248,
       127, 160, 250, 234, 207, 234, 181, 64, 126, 237, 127, 227, 224,
       243, 77, 254, 188, 254, 175, 148, 101, 251, 33, 129, 141, 117, 59,
       103, 240, 14, 63, 184, 61, 232, 127, 100, 222, 119, 137, 52, 182,
       93, 85, 106, 225, 144, 57, 110, 103, 255, 39, 134, 66, 243, 3,
       177, 22, 109, 86, 175, 254, 11, 238, 232, 63, 160, 251, 162, 207,
       234, 185, 65, 122, 237, 127, 227, 104, 243, 201, 254, 188, 246,
       175, 180, 101, 123, 113, 129, 230, 237, 246, 223, 252, 171, 254,
       239, 191, 187, 250, 18, 236, 234, 93, 75, 255, 239, 127, 243, 242,
       247, 203, 255, 188, 62, 223, 132, 197, 121, 227, 137, 22, 229,
       246, 231, 254, 11, 254, 232, 127, 160, 251, 2, 207, 106, 61, 64,
       123, 205, 127, 227, 232, 243, 73, 238, 190, 254, 143, 148, 101,
