%YAML:1.0
---
descriptors: !!opencv-matrix
   rows: 214
   cols: 32
   dt: u
   data: [ 108, 229, 185, 115, 137, 77, 87, 136, 34, 187, 173, 24, 214,
       119, 73, 58, 153, 82, 105, 122, 90, 98, 251, 51, 239, 223, 69,
       127, 208, 83, 198, 98, 109, 113, 57, 103, 29, 79, 71, 136, 99,
       228, 44, 8, 210, 85, 73, 48, 152, 92, 88, 106, 73, 112, 249, 60,
       239, 221, 5, 52, 66, 59, 70, 114, 120, 184, 251, 112, 154, 233,
       81, 71, 178, 53, 164, 56, 55, 183, 64, 58, 131, 186, 108, 16, 26,
       107, 178, 17, 219, 199, 48, 123, 224, 0, 198, 106, 44, 65, 41,
       103, 21, 79, 71, 168, 69, 100, 239, 8, 211, 85, 25, 48, 216, 220,
       90, 106, 73, 178, 121, 12, 231, 253, 129, 20, 83, 59, 86, 114,
       209, 93, 157, 101, 40, 14, 71, 59, 224, 234, 162, 76, 215, 51,
       129, 115, 32, 244, 124, 106, 233, 229, 177, 14, 241, 171, 101, 16,
       104, 240, 66, 57, 13, 113, 21, 69, 117, 94, 230, 184, 121, 224,
       110, 76, 222, 80, 13, 180, 144, 92, 80, 106, 225, 176, 89, 76, 39,
       254, 5, 6, 74, 51, 75, 165, 37, 117, 17, 71, 213, 95, 102, 184,
       107, 232, 43, 72, 214, 80, 77, 180, 144, 92, 82, 106, 193, 240,
       249, 30, 47, 156, 5, 54, 74, 59, 74, 180, 248, 56, 125, 112, 40,
       237, 65, 87, 163, 61, 164, 24, 51, 151, 64, 31, 33, 182, 108, 8,
       58, 79, 242, 17, 217, 201, 112, 120, 224, 128, 198, 123, 217, 168,
       154, 178, 234, 188, 88, 215, 179, 123, 180, 185, 63, 247, 66, 59,
       167, 183, 253, 20, 62, 79, 234, 49, 219, 251, 117, 249, 162, 196,
       138, 91, 125, 85, 125, 103, 48, 78, 71, 188, 96, 232, 191, 64,
       115, 119, 137, 115, 22, 212, 124, 106, 233, 161, 121, 46, 227,
       239, 37, 16, 40, 243, 68, 49, 253, 112, 249, 102, 40, 78, 87, 152,
       225, 250, 165, 8, 219, 87, 201, 59, 20, 212, 124, 106, 233, 103,
       249, 0, 211, 219, 101, 52, 98, 179, 70, 115, 252, 44, 252, 118,
       136, 109, 85, 191, 179, 182, 164, 24, 115, 247, 73, 27, 9, 214,
       109, 42, 120, 103, 250, 34, 219, 203, 117, 61, 227, 240, 198, 42,
       124, 188, 253, 114, 168, 252, 85, 159, 179, 255, 164, 24, 19, 183,
       74, 59, 1, 214, 108, 24, 59, 107, 250, 48, 219, 235, 117, 125,
       224, 192, 198, 115, 237, 221, 85, 78, 153, 93, 70, 185, 65, 120,
       168, 72, 250, 113, 141, 247, 20, 214, 236, 106, 121, 34, 219, 189,
       171, 248, 69, 126, 90, 251, 200, 53, 212, 76, 92, 118, 168, 106,
       87, 188, 160, 178, 166, 56, 87, 119, 9, 91, 135, 215, 109, 106,
       104, 101, 203, 44, 243, 171, 101, 20, 96, 241, 198, 35, 224, 213,
       21, 99, 157, 77, 84, 175, 127, 57, 41, 88, 214, 51, 76, 117, 145,
       150, 104, 16, 123, 104, 219, 151, 175, 218, 21, 118, 80, 72, 196,
       42, 128, 172, 159, 254, 152, 236, 85, 183, 182, 23, 96, 16, 247,
       243, 32, 89, 209, 126, 40, 8, 58, 206, 218, 55, 233, 231, 117, 88,
       144, 104, 166, 170, 80, 160, 189, 112, 138, 232, 81, 7, 162, 23,
       164, 24, 55, 183, 64, 58, 129, 182, 232, 16, 26, 79, 162, 1, 219,
       163, 80, 121, 224, 64, 134, 106, 76, 101, 121, 103, 50, 10, 63,
       184, 57, 164, 111, 168, 223, 103, 138, 16, 22, 93, 253, 110, 0,
       208, 233, 78, 231, 223, 33, 132, 98, 179, 7, 113, 52, 221, 18,
       174, 217, 71, 86, 236, 149, 142, 233, 9, 70, 248, 45, 212, 216,
       237, 194, 98, 108, 163, 26, 174, 177, 246, 5, 31, 80, 123, 110,
       134, 116, 189, 251, 114, 154, 232, 81, 207, 178, 149, 172, 24, 55,
       247, 72, 26, 1, 211, 109, 16, 26, 75, 250, 51, 249, 199, 53, 125,
       224, 65, 166, 106, 244, 165, 189, 118, 136, 109, 69, 191, 242,
       183, 169, 24, 211, 119, 72, 59, 1, 214, 108, 58, 58, 103, 251, 35,
       251, 203, 117, 124, 224, 240, 198, 98, 100, 237, 57, 126, 153, 77,
       71, 168, 35, 29, 173, 8, 242, 119, 73, 16, 217, 194, 121, 122, 75,
       66, 251, 53, 235, 157, 5, 60, 80, 51, 70, 98, 77, 116, 157, 103,
       161, 110, 119, 140, 121, 234, 47, 8, 222, 113, 73, 58, 177, 86,
       104, 122, 97, 244, 185, 42, 239, 223, 69, 22, 202, 115, 195, 35,
       77, 209, 157, 119, 137, 78, 119, 184, 123, 250, 39, 16, 222, 115,
       8, 123, 145, 87, 120, 106, 17, 240, 251, 96, 205, 251, 87, 70,
       202, 115, 131, 51, 77, 116, 185, 103, 81, 79, 51, 136, 123, 224,
       111, 8, 222, 117, 9, 48, 145, 93, 112, 122, 35, 244, 249, 110,
       239, 255, 5, 54, 202, 51, 67, 179, 77, 245, 157, 99, 149, 79, 87,
       152, 98, 251, 46, 8, 215, 113, 73, 58, 145, 84, 120, 122, 57, 112,
       249, 50, 237, 223, 69, 116, 192, 123, 210, 34, 208, 136, 159, 252,
       10, 196, 77, 183, 163, 23, 166, 88, 119, 183, 64, 95, 103, 246,
       109, 136, 121, 77, 163, 33, 209, 227, 112, 88, 32, 128, 166, 58,
       209, 157, 31, 92, 136, 102, 69, 55, 160, 18, 162, 88, 119, 55,
       128, 123, 65, 246, 124, 170, 121, 77, 179, 13, 211, 170, 112, 24,
       40, 240, 160, 56, 77, 112, 145, 69, 97, 124, 113, 8, 105, 216, 37,
       8, 158, 148, 77, 62, 128, 92, 96, 82, 1, 114, 242, 64, 7, 152, 65,
       46, 202, 115, 67, 167, 5, 117, 24, 69, 112, 30, 230, 184, 121,
       168, 126, 68, 222, 80, 149, 180, 148, 76, 86, 106, 197, 176, 217,
       12, 39, 186, 37, 6, 74, 179, 75, 133, 69, 117, 144, 71, 224, 30,
       102, 184, 121, 170, 106, 76, 214, 114, 13, 247, 148, 68, 108, 110,
       229, 240, 217, 42, 38, 254, 101, 4, 74, 243, 75, 5, 45, 117, 16,
       69, 117, 31, 230, 184, 91, 234, 43, 76, 214, 120, 93, 180, 152,
       76, 66, 110, 197, 176, 89, 30, 47, 222, 5, 52, 74, 59, 91, 133,
       248, 176, 127, 112, 40, 236, 81, 87, 179, 127, 164, 57, 55, 151,
       66, 27, 3, 182, 109, 24, 58, 79, 242, 1, 219, 195, 112, 121, 226,
       128, 70, 123, 250, 170, 148, 242, 233, 173, 88, 215, 187, 59, 160,
       89, 175, 235, 80, 26, 135, 191, 125, 28, 62, 79, 202, 179, 219,
       219, 93, 249, 162, 196, 139, 139, 124, 184, 253, 114, 168, 237,
       85, 159, 227, 255, 165, 8, 51, 247, 74, 59, 1, 214, 125, 24, 58,
       107, 250, 48, 219, 203, 117, 125, 224, 192, 198, 115, 77, 159, 92,
       99, 176, 63, 86, 191, 118, 41, 63, 124, 211, 96, 138, 112, 23,
       198, 76, 60, 190, 56, 109, 63, 238, 207, 37, 116, 248, 218, 200,
       5, 226, 186, 190, 220, 170, 225, 25, 207, 171, 191, 164, 185, 36,
       231, 70, 27, 135, 119, 237, 16, 50, 79, 170, 113, 219, 147, 125,
       255, 144, 96, 135, 107, 228, 180, 157, 90, 232, 173, 5, 143, 250,
       59, 160, 88, 150, 243, 72, 59, 129, 82, 104, 16, 51, 107, 219,
       115, 157, 150, 85, 126, 216, 72, 195, 34, 252, 78, 157, 118, 168,
       44, 92, 186, 176, 186, 167, 120, 223, 115, 1, 91, 167, 215, 109,
       42, 104, 71, 203, 34, 211, 235, 117, 29, 224, 241, 11, 35, 197,
       231, 149, 103, 180, 14, 102, 184, 122, 186, 43, 76, 214, 97, 217,
       179, 145, 68, 108, 110, 225, 240, 217, 14, 172, 190, 101, 4, 72,
       243, 67, 1, 236, 181, 21, 99, 157, 15, 84, 189, 127, 59, 35, 88,
       206, 57, 76, 177, 145, 22, 108, 48, 123, 112, 217, 151, 175, 222,
       85, 118, 218, 74, 194, 3, 100, 97, 155, 100, 205, 198, 167, 64,
       224, 128, 235, 8, 212, 243, 105, 34, 216, 124, 122, 106, 65, 227,
       186, 8, 117, 172, 135, 12, 192, 115, 103, 162, 117, 133, 125, 103,
       22, 79, 67, 184, 100, 160, 171, 8, 83, 113, 8, 112, 48, 212, 72,
       122, 121, 176, 121, 30, 237, 174, 5, 84, 113, 171, 64, 32, 77,
       113, 17, 101, 17, 79, 115, 32, 104, 224, 107, 8, 222, 17, 9, 48,
       176, 84, 96, 106, 65, 176, 209, 12, 229, 221, 1, 6, 74, 51, 67,
       34, 2, 223, 23, 190, 57, 141, 20, 166, 191, 76, 200, 101, 174,
       246, 34, 212, 196, 123, 142, 64, 111, 137, 66, 63, 168, 182, 28,
       26, 24, 28, 141, 31, 232, 118, 252, 113, 233, 121, 21, 158, 91,
       191, 60, 189, 174, 61, 207, 31, 135, 83, 237, 16, 34, 100, 202,
       178, 206, 215, 117, 63, 210, 221, 207, 11, 240, 170, 190, 112,
       138, 233, 81, 71, 162, 21, 164, 57, 39, 167, 64, 27, 1, 179, 237,
       16, 58, 79, 162, 1, 219, 131, 112, 121, 224, 0, 134, 106, 101,
       101, 120, 103, 52, 10, 126, 168, 121, 160, 111, 9, 211, 105, 29,
       16, 146, 76, 113, 110, 68, 240, 221, 46, 231, 255, 5, 5, 100, 179,
