%YAML:1.0
---
descriptors: !!opencv-matrix
   rows: 207
   cols: 32
   dt: u
   data: [ 225, 184, 174, 58, 200, 173, 233, 199, 170, 87, 160, 157, 183,
       236, 82, 27, 233, 227, 107, 21, 190, 111, 222, 113, 221, 3, 223,
       120, 200, 72, 214, 90, 124, 109, 59, 110, 89, 223, 22, 104, 131,
       164, 173, 9, 78, 223, 105, 144, 152, 121, 193, 98, 72, 99, 250,
       28, 243, 213, 1, 63, 83, 51, 6, 50, 240, 172, 238, 122, 202, 233,
       81, 199, 178, 55, 164, 153, 35, 231, 70, 27, 105, 178, 105, 144,
       58, 79, 234, 51, 89, 131, 80, 121, 225, 64, 198, 106, 220, 235,
       148, 182, 170, 8, 87, 175, 51, 183, 163, 185, 239, 227, 200, 146,
       151, 247, 237, 66, 104, 77, 203, 34, 248, 199, 117, 53, 34, 242,
       135, 41, 242, 170, 159, 252, 234, 32, 17, 207, 186, 191, 160, 185,
       36, 231, 64, 27, 135, 119, 109, 16, 50, 79, 138, 49, 217, 162,
       127, 255, 128, 96, 167, 107, 108, 32, 176, 238, 237, 44, 67, 138,
       171, 139, 173, 9, 254, 241, 89, 30, 201, 198, 119, 12, 8, 99, 218,
       226, 221, 254, 213, 56, 194, 123, 82, 34, 109, 71, 108, 103, 36,
       30, 102, 184, 97, 170, 63, 77, 195, 104, 159, 147, 152, 196, 236,
       110, 236, 240, 205, 12, 102, 255, 101, 21, 64, 255, 90, 1, 244,
       32, 188, 117, 136, 110, 65, 40, 226, 183, 167, 24, 211, 51, 73,
       27, 129, 196, 105, 40, 56, 101, 219, 0, 203, 235, 117, 21, 224,
       225, 70, 34, 244, 100, 157, 166, 140, 46, 71, 136, 114, 178, 163,
       88, 215, 115, 73, 27, 17, 196, 108, 122, 56, 103, 219, 34, 153,
       130, 101, 60, 232, 115, 66, 0, 228, 125, 253, 101, 168, 78, 87,
       158, 114, 250, 174, 8, 211, 55, 65, 51, 1, 212, 124, 122, 105,
       240, 241, 42, 239, 203, 101, 52, 224, 240, 70, 123, 75, 114, 117,
       69, 50, 30, 107, 48, 57, 232, 123, 236, 221, 54, 149, 176, 22, 85,
       125, 110, 193, 208, 165, 78, 36, 127, 40, 132, 78, 163, 3, 49,
       108, 103, 88, 39, 48, 26, 102, 184, 121, 172, 127, 205, 207, 99,
       155, 144, 144, 196, 204, 110, 76, 240, 201, 46, 230, 253, 33, 21,
       66, 183, 74, 0, 100, 164, 189, 123, 157, 237, 65, 143, 242, 55,
       167, 24, 214, 245, 72, 58, 201, 150, 104, 24, 58, 106, 251, 19,
       205, 191, 81, 125, 192, 73, 214, 34, 227, 178, 168, 16, 234, 253,
       177, 223, 187, 127, 181, 189, 16, 156, 222, 59, 143, 31, 215, 21,
       182, 111, 250, 82, 95, 27, 125, 255, 193, 64, 199, 215, 120, 184,
       123, 112, 109, 221, 81, 71, 235, 117, 180, 57, 58, 157, 86, 58,
       136, 178, 221, 17, 26, 107, 242, 49, 211, 217, 16, 123, 99, 12,
       198, 250, 88, 152, 191, 120, 9, 244, 81, 19, 227, 85, 134, 24, 59,
       151, 66, 122, 129, 182, 253, 16, 27, 77, 179, 17, 219, 233, 112,
       89, 162, 128, 38, 122, 124, 105, 19, 108, 89, 207, 22, 104, 163,
       160, 168, 9, 78, 223, 105, 144, 144, 121, 192, 98, 72, 35, 154,
       61, 187, 213, 5, 59, 82, 51, 6, 146, 244, 113, 189, 229, 140, 78,
       69, 24, 226, 182, 135, 8, 215, 49, 73, 59, 129, 212, 121, 122,
       105, 68, 249, 8, 233, 162, 101, 52, 160, 123, 86, 98, 68, 69, 157,
       229, 60, 74, 71, 168, 112, 162, 11, 72, 215, 113, 25, 35, 19, 212,
       120, 107, 105, 240, 201, 14, 237, 166, 101, 20, 44, 251, 17, 32,
       219, 188, 140, 182, 139, 36, 16, 223, 178, 243, 134, 159, 125,
       179, 66, 91, 165, 111, 249, 149, 63, 79, 219, 35, 218, 227, 223,
       187, 170, 100, 171, 26, 222, 157, 142, 183, 139, 114, 93, 175,
       177, 246, 142, 147, 239, 119, 75, 91, 97, 215, 253, 130, 124, 201,
       255, 42, 219, 227, 223, 149, 162, 117, 188, 90, 214, 190, 237,
       176, 168, 45, 221, 207, 186, 247, 144, 189, 135, 238, 94, 27, 175,
       215, 125, 149, 190, 79, 186, 114, 155, 211, 255, 253, 197, 69,
       151, 115, 222, 53, 191, 246, 139, 118, 29, 143, 177, 246, 135, 17,
       94, 127, 75, 91, 229, 247, 253, 162, 104, 71, 251, 170, 211, 227,
       223, 159, 160, 113, 164, 114, 100, 65, 25, 101, 24, 79, 71, 168,
       100, 160, 226, 8, 215, 83, 9, 112, 144, 84, 104, 106, 73, 176,
       249, 12, 229, 168, 37, 52, 80, 59, 70, 34, 96, 124, 253, 117, 40,
       79, 85, 55, 114, 170, 174, 8, 183, 55, 65, 51, 128, 246, 108, 8,
       104, 248, 209, 10, 239, 223, 117, 48, 64, 240, 70, 42, 240, 160,
       127, 112, 8, 173, 89, 87, 163, 23, 164, 24, 51, 159, 64, 59, 161,
       179, 93, 24, 26, 111, 178, 17, 211, 201, 80, 121, 225, 128, 198,
       106, 108, 149, 189, 103, 153, 15, 71, 185, 111, 172, 47, 8, 214,
       113, 72, 112, 145, 86, 104, 42, 88, 48, 121, 29, 237, 223, 5, 52,
       80, 106, 196, 34, 64, 113, 17, 101, 48, 78, 183, 53, 104, 168, 42,
       72, 150, 31, 0, 50, 148, 85, 92, 96, 193, 240, 145, 12, 229, 140,
       33, 0, 64, 34, 3, 43, 205, 36, 185, 103, 64, 111, 123, 8, 113,
       226, 103, 24, 219, 87, 25, 56, 16, 148, 80, 42, 32, 244, 249, 10,
       71, 219, 65, 5, 194, 227, 71, 34, 201, 190, 150, 16, 169, 189,
       164, 191, 254, 91, 162, 92, 142, 224, 86, 255, 165, 102, 104, 13,
       183, 109, 186, 115, 152, 122, 86, 122, 202, 68, 139, 13, 203, 172,
       164, 23, 173, 60, 233, 167, 250, 247, 134, 157, 235, 236, 214,
       175, 5, 102, 248, 29, 191, 237, 255, 162, 142, 123, 221, 48, 206,
       236, 219, 116, 252, 156, 220, 60, 171, 43, 20, 175, 147, 179, 168,
       189, 99, 227, 71, 219, 203, 247, 237, 0, 60, 79, 203, 51, 218,
       231, 85, 63, 249, 252, 202, 26, 129, 190, 21, 83, 240, 175, 55,
       183, 123, 123, 126, 124, 190, 49, 140, 53, 135, 94, 118, 24, 179,
       252, 121, 119, 46, 30, 52, 198, 202, 192, 195, 189, 126, 117, 136,
       166, 155, 87, 22, 232, 19, 172, 137, 9, 78, 127, 75, 146, 153,
       213, 233, 243, 108, 67, 219, 42, 251, 199, 205, 63, 34, 119, 14,
       66, 100, 168, 189, 81, 205, 237, 65, 138, 251, 49, 37, 24, 150,
       177, 73, 58, 129, 94, 106, 24, 27, 122, 251, 48, 77, 158, 85, 126,
       192, 73, 198, 34, 193, 170, 143, 21, 232, 172, 105, 23, 182, 187,
       66, 212, 241, 224, 208, 75, 69, 102, 106, 156, 178, 220, 199, 35,
       76, 34, 255, 192, 132, 192, 211, 40, 84, 181, 189, 231, 138, 110,
       87, 188, 50, 182, 175, 24, 215, 119, 73, 123, 51, 214, 109, 122,
       57, 81, 185, 34, 249, 163, 101, 52, 160, 243, 135, 114, 248, 140,
       215, 126, 137, 104, 84, 183, 241, 18, 166, 88, 127, 247, 8, 251,
       129, 246, 236, 2, 61, 111, 211, 33, 211, 235, 116, 27, 226, 240,
       206, 10, 161, 137, 59, 95, 84, 205, 227, 233, 126, 80, 100, 0,
       243, 245, 56, 112, 88, 42, 50, 72, 3, 186, 122, 61, 109, 169, 0,
       72, 80, 8, 118, 234, 108, 99, 108, 39, 52, 11, 71, 168, 97, 164,
       239, 137, 195, 105, 155, 18, 24, 196, 109, 110, 72, 240, 205, 12,
       102, 239, 101, 21, 103, 191, 86, 66, 120, 184, 123, 120, 75, 205,
       81, 71, 163, 85, 180, 24, 63, 157, 70, 48, 168, 179, 213, 17, 26,
       107, 178, 49, 211, 217, 16, 123, 99, 8, 198, 250, 32, 168, 56,
       120, 217, 233, 81, 67, 203, 53, 228, 25, 6, 157, 98, 24, 201, 154,
       194, 16, 30, 42, 242, 16, 223, 209, 16, 127, 208, 9, 198, 194, 40,
       184, 56, 112, 89, 205, 81, 83, 163, 173, 172, 13, 54, 153, 96, 16,
       137, 186, 199, 16, 26, 43, 82, 21, 219, 221, 17, 123, 114, 8, 70,
       187, 228, 180, 189, 114, 172, 109, 91, 152, 219, 255, 181, 29,
       215, 253, 95, 59, 141, 215, 125, 19, 187, 103, 250, 51, 203, 219,
       117, 125, 208, 107, 70, 115, 253, 212, 221, 119, 168, 110, 71,
       184, 242, 187, 167, 88, 83, 115, 201, 59, 17, 214, 108, 122, 121,
       101, 251, 34, 235, 235, 101, 84, 234, 243, 194, 33, 181, 86, 110,
       55, 38, 59, 182, 184, 116, 226, 115, 247, 211, 76, 159, 41, 63,
       197, 148, 231, 237, 244, 125, 46, 198, 99, 235, 5, 109, 251, 91,
       212, 124, 118, 222, 110, 41, 31, 87, 184, 161, 174, 175, 76, 79,
       227, 9, 146, 20, 212, 236, 98, 104, 99, 217, 42, 243, 247, 37, 23,
       98, 243, 78, 51, 252, 127, 30, 102, 201, 31, 86, 248, 1, 174, 189,
       79, 66, 233, 75, 19, 220, 212, 237, 98, 104, 99, 219, 40, 243,
       201, 101, 61, 107, 251, 74, 19, 36, 99, 97, 69, 116, 10, 239, 40,
