%YAML:1.0
---
descriptors: !!opencv-matrix
   rows: 178
   cols: 32
   dt: u
   data: [ 69, 125, 17, 71, 85, 94, 230, 176, 121, 224, 106, 72, 254, 81,
       5, 180, 148, 92, 80, 106, 193, 240, 249, 110, 37, 190, 5, 2, 74,
       51, 67, 176, 37, 125, 145, 71, 85, 79, 102, 184, 106, 232, 43, 72,
       210, 81, 77, 182, 144, 124, 64, 122, 65, 240, 249, 40, 45, 156, 5,
       52, 74, 59, 67, 162, 60, 225, 120, 110, 93, 93, 87, 232, 198, 164,
       173, 9, 115, 221, 107, 16, 216, 216, 195, 106, 74, 99, 122, 29,
       251, 205, 5, 57, 115, 187, 102, 98, 13, 93, 31, 103, 176, 14, 111,
       184, 116, 234, 94, 100, 247, 115, 137, 112, 54, 110, 60, 110, 225,
       148, 125, 46, 228, 239, 39, 128, 40, 242, 33, 57, 125, 93, 125,
       102, 180, 78, 79, 188, 97, 232, 190, 64, 115, 119, 137, 115, 22,
       212, 92, 106, 233, 161, 121, 44, 243, 233, 37, 16, 104, 243, 66,
       49, 253, 113, 253, 102, 40, 78, 71, 184, 97, 250, 183, 72, 83,
       117, 201, 51, 20, 212, 124, 106, 233, 99, 249, 8, 243, 233, 101,
       60, 105, 179, 70, 49, 124, 112, 189, 114, 40, 109, 81, 152, 251,
       191, 165, 24, 223, 215, 73, 59, 145, 212, 108, 122, 43, 103, 251,
       2, 219, 223, 97, 125, 226, 243, 70, 115, 252, 36, 253, 118, 136,
       105, 85, 255, 179, 182, 165, 24, 83, 119, 73, 27, 9, 214, 237, 42,
       120, 103, 234, 34, 217, 203, 117, 60, 98, 240, 198, 106, 120, 176,
       125, 112, 168, 237, 85, 87, 178, 63, 164, 56, 51, 151, 192, 27,
       15, 178, 108, 24, 58, 111, 242, 21, 217, 203, 116, 120, 226, 192,
       198, 123, 104, 169, 188, 252, 157, 221, 84, 230, 219, 23, 164, 8,
       190, 189, 69, 50, 201, 250, 232, 64, 106, 107, 242, 185, 251, 255,
       84, 59, 210, 88, 214, 42, 217, 174, 190, 182, 170, 44, 92, 151,
       163, 251, 180, 185, 191, 191, 66, 58, 167, 215, 253, 28, 62, 79,
       202, 32, 219, 235, 117, 249, 162, 244, 139, 91, 120, 184, 253,
       114, 168, 252, 85, 159, 178, 255, 164, 56, 59, 247, 200, 59, 39,
       246, 124, 24, 59, 111, 186, 33, 219, 235, 117, 121, 226, 192, 198,
       123, 221, 38, 156, 178, 168, 60, 88, 155, 251, 187, 163, 89, 207,
       226, 201, 219, 135, 207, 236, 28, 188, 69, 203, 2, 154, 243, 119,
       125, 160, 225, 139, 1, 125, 69, 93, 103, 92, 78, 103, 184, 100,
       160, 107, 8, 83, 113, 25, 115, 50, 212, 104, 106, 105, 176, 93,
       44, 245, 171, 101, 20, 97, 179, 66, 32, 192, 236, 157, 251, 200,
       237, 33, 143, 174, 59, 32, 24, 182, 147, 64, 27, 129, 19, 106, 24,
       34, 76, 219, 49, 205, 130, 116, 56, 144, 88, 133, 42, 92, 65, 22,
       231, 17, 94, 118, 232, 229, 164, 235, 2, 75, 83, 41, 208, 112,
       196, 234, 226, 76, 145, 25, 142, 243, 239, 7, 5, 34, 51, 108, 2,
       45, 101, 120, 101, 116, 31, 118, 56, 121, 160, 127, 9, 219, 9,
       157, 176, 146, 76, 85, 110, 196, 176, 205, 14, 103, 253, 33, 5,
       70, 183, 90, 128, 76, 97, 112, 103, 114, 10, 123, 56, 57, 160,
       127, 137, 223, 87, 137, 16, 22, 221, 245, 238, 64, 208, 201, 76,
       231, 253, 33, 165, 98, 167, 3, 227, 92, 189, 185, 114, 155, 233,
       85, 207, 178, 149, 172, 56, 58, 247, 64, 18, 161, 211, 232, 16,
       26, 75, 186, 49, 251, 199, 85, 125, 224, 80, 166, 106, 180, 221,
       18, 174, 217, 199, 86, 232, 151, 132, 233, 9, 70, 248, 45, 212,
       217, 233, 234, 114, 108, 167, 90, 190, 185, 244, 5, 31, 80, 127,
       110, 134, 32, 120, 83, 77, 82, 74, 99, 112, 96, 192, 102, 72, 115,
       23, 133, 52, 48, 124, 64, 106, 65, 176, 177, 76, 103, 168, 32, 0,
       107, 179, 102, 184, 229, 98, 209, 7, 100, 30, 102, 184, 120, 138,
       115, 76, 211, 64, 157, 183, 54, 68, 100, 110, 225, 244, 205, 42,
       36, 186, 101, 128, 74, 179, 74, 5, 124, 79, 70, 7, 149, 26, 102,
       172, 97, 132, 239, 136, 235, 96, 159, 215, 50, 230, 104, 110, 108,
       176, 77, 44, 38, 42, 69, 17, 103, 183, 218, 4, 129, 138, 219, 59,
       160, 171, 109, 151, 118, 3, 98, 240, 247, 99, 176, 121, 115, 46,
       46, 28, 187, 216, 45, 59, 204, 175, 118, 64, 184, 192, 225, 40,
       237, 107, 228, 71, 173, 26, 78, 184, 121, 182, 183, 168, 203, 104,
       223, 191, 18, 196, 236, 110, 236, 101, 237, 168, 166, 251, 101,
       181, 70, 183, 90, 68, 40, 237, 144, 62, 153, 221, 22, 174, 159,
       53, 172, 9, 174, 249, 65, 144, 137, 123, 195, 64, 110, 106, 218,
       55, 235, 215, 20, 59, 82, 93, 14, 138, 104, 229, 152, 113, 217,
       237, 20, 175, 27, 53, 44, 25, 174, 49, 74, 16, 129, 26, 225, 16,
       50, 104, 211, 55, 239, 215, 20, 127, 210, 88, 143, 10, 104, 237,
       16, 62, 217, 205, 22, 166, 159, 21, 168, 9, 174, 251, 65, 144,
       129, 123, 226, 66, 70, 42, 218, 191, 175, 215, 20, 59, 210, 29,
       14, 10, 205, 79, 20, 109, 48, 30, 99, 56, 117, 168, 110, 68, 255,
       83, 129, 244, 212, 100, 108, 110, 225, 144, 113, 14, 230, 255, 33,
       4, 58, 179, 33, 1, 116, 197, 149, 102, 139, 70, 23, 168, 34, 178,
       171, 8, 82, 119, 9, 115, 17, 213, 233, 226, 105, 67, 251, 46, 249,
       162, 69, 55, 32, 115, 6, 50, 208, 24, 159, 116, 40, 108, 81, 23,
       184, 27, 38, 56, 127, 183, 0, 123, 35, 118, 108, 8, 49, 77, 179,
       1, 219, 235, 112, 72, 160, 224, 135, 59, 108, 245, 185, 67, 217,
       109, 71, 136, 123, 191, 173, 24, 214, 117, 73, 62, 145, 94, 96,
       122, 26, 98, 251, 50, 111, 222, 5, 125, 194, 123, 198, 98, 29, 85,
       59, 103, 176, 46, 111, 184, 116, 234, 126, 68, 247, 119, 137, 112,
       54, 86, 28, 106, 233, 144, 125, 46, 231, 239, 37, 132, 42, 242, 0,
       49, 37, 241, 49, 67, 221, 95, 71, 168, 106, 240, 33, 8, 214, 84,
       77, 180, 145, 92, 64, 122, 65, 48, 249, 20, 45, 156, 5, 118, 208,
       59, 70, 166, 237, 112, 249, 103, 108, 94, 87, 152, 99, 234, 39, 8,
       83, 85, 201, 59, 20, 220, 116, 106, 233, 118, 249, 0, 87, 217,
       101, 52, 99, 179, 70, 243, 253, 112, 189, 118, 40, 78, 87, 152,
       241, 250, 165, 24, 215, 215, 73, 59, 144, 212, 124, 122, 73, 103,
       251, 32, 211, 251, 101, 60, 224, 179, 70, 51, 44, 48, 185, 99,
       189, 109, 83, 152, 107, 253, 173, 24, 223, 93, 73, 58, 153, 152,
       116, 58, 27, 98, 251, 16, 207, 221, 1, 125, 210, 235, 70, 99, 104,
       177, 188, 123, 157, 221, 81, 47, 239, 61, 173, 24, 222, 253, 72,
       50, 137, 18, 239, 16, 90, 106, 251, 145, 207, 221, 16, 127, 210,
       8, 198, 34, 252, 172, 253, 118, 136, 109, 85, 190, 179, 191, 165,
       24, 115, 119, 72, 27, 1, 214, 237, 10, 56, 71, 250, 34, 219, 203,
       117, 61, 226, 241, 198, 98, 252, 172, 252, 114, 137, 109, 85, 223,
       211, 183, 165, 24, 67, 241, 73, 31, 9, 214, 237, 26, 58, 103, 250,
       34, 219, 203, 85, 61, 227, 248, 198, 42, 104, 241, 188, 254, 157,
       221, 85, 47, 219, 57, 172, 24, 190, 189, 72, 50, 201, 146, 249, 0,
       90, 106, 243, 177, 239, 219, 84, 123, 82, 8, 214, 42, 248, 176,
       188, 112, 40, 237, 81, 87, 179, 255, 164, 57, 63, 183, 66, 27,
       135, 183, 237, 16, 58, 79, 178, 19, 219, 211, 112, 121, 226, 192,
       6, 123, 219, 174, 150, 178, 169, 172, 92, 151, 187, 187, 162, 89,
       175, 235, 80, 155, 167, 247, 125, 21, 190, 75, 138, 225, 217, 250,
       93, 250, 162, 196, 131, 11, 248, 252, 180, 252, 157, 205, 84, 230,
       215, 146, 164, 24, 190, 185, 97, 27, 201, 242, 232, 64, 104, 111,
       210, 191, 251, 219, 213, 59, 210, 57, 86, 10, 120, 184, 253, 114,
       168, 236, 81, 223, 163, 255, 165, 40, 59, 247, 72, 58, 135, 246,
       125, 24, 26, 111, 186, 35, 219, 235, 117, 121, 226, 192, 198, 123,
       230, 170, 209, 146, 202, 233, 100, 207, 59, 183, 176, 249, 0, 226,
       204, 27, 43, 207, 102, 144, 63, 94, 202, 114, 28, 130, 245, 255,
       233, 80, 194, 142, 237, 166, 202, 19, 202, 56, 37, 159, 50, 255,
       207, 253, 209, 230, 203, 250, 87, 206, 234, 148, 182, 94, 239, 34,
       92, 7, 119, 237, 166, 245, 174, 241, 252, 60, 149, 114, 169, 44,
       80, 150, 187, 187, 160, 88, 159, 179, 65, 187, 167, 215, 108, 16,
       58, 111, 218, 32, 155, 210, 85, 62, 226, 113, 130, 35, 228, 180,
       157, 90, 232, 173, 69, 143, 250, 51, 161, 24, 150, 243, 72, 59,
