%YAML:1.0
---
descriptors: !!opencv-matrix
   rows: 270
   cols: 32
   dt: u
   data: [ 253, 112, 253, 70, 168, 78, 87, 152, 97, 250, 183, 8, 91, 85,
       205, 63, 16, 212, 124, 106, 233, 101, 249, 8, 243, 217, 101, 52,
       107, 179, 70, 115, 252, 188, 253, 118, 136, 109, 69, 191, 179,
       190, 164, 24, 115, 119, 65, 31, 1, 214, 109, 42, 120, 71, 251, 42,
       219, 203, 117, 60, 226, 240, 198, 122, 236, 48, 253, 115, 237,
       125, 81, 152, 91, 255, 181, 24, 222, 93, 77, 59, 137, 85, 253, 58,
       51, 102, 251, 16, 79, 219, 81, 125, 194, 105, 70, 243, 252, 92,
       189, 118, 40, 108, 85, 58, 161, 186, 182, 120, 119, 119, 1, 123,
       133, 245, 109, 34, 104, 71, 235, 40, 211, 235, 117, 144, 32, 241,
       70, 43, 236, 181, 149, 115, 141, 109, 84, 27, 127, 59, 171, 88,
       222, 123, 72, 251, 145, 22, 108, 48, 59, 100, 219, 146, 143, 219,
       85, 118, 194, 72, 194, 2, 192, 152, 157, 255, 136, 237, 21, 135,
       150, 23, 96, 24, 182, 243, 96, 89, 193, 122, 43, 24, 50, 78, 218,
       51, 205, 163, 116, 120, 144, 72, 133, 170, 21, 229, 59, 99, 148,
       79, 103, 236, 118, 160, 111, 0, 211, 209, 121, 96, 17, 204, 2,
       122, 75, 240, 57, 63, 233, 142, 5, 36, 112, 187, 208, 32, 13, 117,
       49, 71, 240, 79, 55, 184, 125, 232, 127, 108, 222, 119, 141, 52,
       148, 93, 220, 98, 225, 176, 121, 78, 111, 255, 37, 134, 74, 51,
       71, 243, 249, 184, 189, 112, 137, 252, 81, 23, 226, 245, 164, 24,
       63, 181, 66, 59, 129, 246, 120, 24, 59, 111, 178, 0, 219, 203, 85,
       121, 224, 64, 198, 122, 69, 113, 17, 69, 1, 14, 103, 56, 104, 224,
       99, 76, 214, 17, 1, 54, 144, 68, 104, 110, 193, 240, 209, 12, 165,
       184, 1, 20, 72, 51, 67, 32, 184, 154, 252, 120, 170, 41, 81, 159,
       67, 55, 180, 56, 19, 23, 66, 27, 7, 146, 204, 24, 58, 110, 99, 49,
       203, 201, 116, 125, 243, 201, 196, 43, 188, 104, 123, 69, 64, 106,
       99, 80, 96, 130, 102, 72, 83, 23, 129, 59, 56, 244, 64, 106, 41,
       244, 160, 8, 65, 171, 97, 0, 97, 243, 102, 160, 84, 165, 189, 114,
       155, 237, 17, 203, 178, 53, 173, 24, 31, 183, 72, 58, 161, 147,
       232, 16, 58, 107, 186, 113, 219, 199, 21, 125, 224, 65, 167, 34,
       220, 16, 188, 247, 44, 108, 121, 154, 175, 250, 183, 56, 223, 247,
       73, 123, 231, 213, 125, 42, 40, 101, 251, 128, 203, 251, 119, 189,
       160, 249, 5, 83, 216, 180, 188, 240, 169, 237, 89, 159, 187, 255,
       182, 24, 159, 247, 72, 27, 133, 151, 253, 16, 186, 79, 242, 83,
       219, 251, 117, 253, 194, 64, 198, 123, 234, 188, 180, 250, 173,
       237, 84, 223, 191, 187, 184, 24, 175, 249, 84, 91, 201, 247, 255,
       16, 58, 111, 219, 179, 155, 219, 87, 123, 210, 88, 214, 11, 232,
       188, 180, 248, 173, 253, 84, 223, 255, 59, 188, 24, 174, 253, 64,
       63, 137, 187, 255, 24, 186, 111, 242, 179, 219, 219, 85, 123, 210,
       204, 198, 27, 182, 236, 214, 191, 221, 175, 254, 239, 191, 187,
       242, 18, 238, 234, 52, 91, 251, 239, 127, 131, 56, 255, 219, 255,
       189, 254, 223, 178, 245, 121, 243, 138, 101, 7, 21, 71, 180, 46,
       103, 185, 96, 234, 107, 76, 211, 96, 153, 114, 20, 68, 108, 110,
       249, 176, 249, 14, 172, 174, 37, 20, 72, 243, 194, 33, 230, 172,
       214, 255, 252, 47, 254, 239, 63, 179, 243, 18, 205, 238, 28, 91,
       255, 239, 127, 129, 48, 255, 203, 254, 191, 254, 223, 156, 149,
       249, 243, 137, 230, 172, 214, 255, 252, 171, 236, 239, 191, 179,
       250, 18, 237, 234, 92, 91, 235, 239, 127, 129, 50, 255, 203, 243,
       190, 250, 223, 188, 213, 248, 243, 136, 230, 172, 254, 255, 236,
       169, 253, 255, 191, 179, 250, 18, 253, 235, 92, 91, 239, 239, 127,
       145, 178, 255, 203, 243, 252, 251, 255, 252, 149, 248, 243, 129,
       229, 112, 157, 99, 5, 111, 99, 136, 122, 250, 39, 24, 214, 49, 73,
       59, 145, 84, 120, 122, 33, 116, 249, 0, 205, 154, 69, 54, 200,
       123, 67, 34, 229, 71, 151, 71, 36, 14, 103, 184, 104, 234, 107,
       76, 211, 97, 145, 51, 144, 100, 108, 110, 233, 240, 249, 14, 165,
       186, 101, 4, 72, 243, 82, 33, 197, 124, 181, 119, 165, 110, 119,
       152, 120, 234, 35, 92, 222, 49, 73, 59, 145, 68, 104, 106, 225,
       244, 249, 42, 37, 186, 69, 6, 72, 113, 67, 35, 196, 100, 189, 119,
       136, 111, 71, 175, 114, 178, 41, 24, 211, 119, 73, 59, 145, 86,
       104, 58, 57, 100, 251, 58, 233, 175, 69, 60, 192, 113, 198, 32,
       105, 253, 180, 115, 217, 221, 87, 191, 251, 115, 44, 8, 190, 61,
       70, 180, 129, 90, 240, 88, 119, 104, 250, 183, 111, 223, 21, 123,
       202, 84, 202, 254, 197, 125, 157, 23, 140, 47, 231, 156, 122, 250,
       3, 92, 214, 112, 89, 43, 145, 70, 120, 127, 177, 116, 251, 34,
       173, 10, 117, 116, 200, 123, 209, 36, 77, 52, 157, 117, 129, 126,
       117, 19, 59, 243, 47, 24, 158, 55, 66, 251, 133, 86, 248, 24, 49,
       216, 241, 66, 207, 255, 85, 70, 138, 96, 139, 51, 220, 172, 159,
       112, 138, 232, 17, 71, 178, 183, 164, 56, 55, 167, 64, 27, 39,
       247, 233, 16, 58, 79, 170, 34, 217, 195, 85, 125, 224, 64, 134,
       122, 244, 48, 255, 114, 42, 201, 65, 80, 162, 191, 161, 56, 55,
       215, 64, 59, 35, 244, 108, 24, 42, 103, 170, 0, 217, 139, 117, 60,
       224, 128, 70, 99, 244, 184, 255, 114, 170, 111, 65, 210, 178, 191,
       166, 56, 87, 247, 65, 59, 39, 214, 108, 24, 58, 71, 250, 32, 217,
       139, 117, 124, 224, 224, 198, 99, 240, 166, 254, 112, 138, 233,
       81, 71, 178, 23, 164, 185, 39, 167, 64, 27, 35, 178, 237, 144, 58,
       79, 162, 49, 219, 195, 112, 121, 224, 192, 134, 106, 244, 180,
       253, 114, 168, 109, 85, 159, 178, 183, 165, 25, 87, 247, 72, 27,
       3, 214, 109, 58, 58, 71, 250, 2, 217, 195, 117, 124, 224, 209,
       134, 99, 117, 69, 196, 7, 20, 10, 70, 168, 116, 160, 235, 136,
       195, 96, 153, 80, 16, 196, 108, 110, 104, 240, 77, 14, 164, 174,
       229, 20, 101, 179, 82, 0, 125, 113, 17, 101, 17, 95, 86, 56, 97,
       224, 111, 8, 219, 80, 77, 176, 144, 92, 84, 106, 73, 176, 249, 12,
       231, 221, 1, 54, 74, 179, 74, 182, 69, 113, 145, 101, 1, 78, 119,
       0, 104, 226, 98, 8, 222, 49, 65, 59, 144, 84, 96, 106, 65, 240,
       241, 8, 197, 184, 69, 2, 72, 115, 67, 34, 69, 85, 17, 103, 17, 14,
       55, 56, 125, 40, 107, 68, 222, 19, 8, 116, 208, 93, 56, 106, 65,
       144, 89, 78, 229, 254, 3, 6, 72, 51, 3, 51, 212, 76, 157, 244,
       138, 96, 85, 191, 178, 182, 134, 185, 87, 167, 65, 91, 97, 214,
       109, 138, 40, 71, 235, 32, 209, 227, 253, 61, 160, 240, 134, 106,
       240, 174, 156, 114, 168, 173, 81, 223, 178, 191, 164, 29, 55, 227,
       66, 27, 129, 230, 109, 28, 58, 79, 202, 35, 219, 195, 117, 125,
       224, 192, 202, 11, 77, 125, 24, 71, 245, 15, 119, 184, 121, 232,
       46, 76, 222, 113, 9, 48, 149, 76, 112, 106, 225, 240, 217, 46,
       111, 191, 5, 38, 74, 115, 67, 51, 93, 221, 125, 103, 176, 78, 79,
       188, 101, 168, 190, 64, 247, 119, 137, 112, 22, 214, 92, 106, 233,
       129, 121, 46, 241, 239, 37, 148, 32, 243, 196, 57, 252, 188, 252,
       118, 137, 109, 85, 191, 179, 190, 164, 24, 115, 247, 77, 27, 1,
       246, 237, 10, 120, 79, 250, 32, 219, 203, 117, 61, 226, 240, 198,
       123, 252, 172, 252, 114, 141, 109, 85, 207, 211, 183, 180, 24, 67,
       249, 79, 27, 9, 214, 236, 24, 58, 111, 250, 50, 219, 219, 85, 61,
       227, 249, 198, 34, 92, 221, 25, 239, 176, 14, 79, 189, 52, 170,
       255, 96, 215, 119, 137, 112, 23, 246, 93, 106, 121, 144, 105, 62,
       233, 239, 37, 148, 32, 243, 132, 49, 20, 141, 153, 231, 180, 46,
       79, 188, 54, 170, 223, 64, 215, 119, 137, 80, 119, 222, 93, 58,
       121, 144, 105, 63, 232, 239, 39, 148, 160, 243, 129, 33, 132, 236,
       253, 191, 236, 43, 239, 255, 62, 179, 243, 18, 247, 235, 89, 75,
       255, 239, 127, 131, 242, 252, 203, 107, 252, 175, 255, 164, 165,
       121, 225, 129, 252, 112, 189, 115, 41, 111, 81, 216, 123, 186,
       165, 24, 223, 87, 73, 59, 145, 212, 124, 122, 41, 103, 251, 0,
       207, 219, 101, 124, 194, 243, 70, 179, 228, 236, 254, 255, 236,
