%YAML:1.0
---
descriptors: !!opencv-matrix
   rows: 303
   cols: 32
   dt: u
   data: [ 77, 125, 49, 79, 113, 78, 103, 56, 105, 232, 107, 72, 222, 85,
       13, 180, 144, 92, 80, 106, 65, 240, 249, 44, 37, 252, 5, 6, 74,
       51, 71, 178, 102, 46, 133, 186, 201, 44, 68, 143, 147, 187, 160,
       221, 198, 226, 73, 223, 205, 199, 236, 20, 63, 71, 203, 32, 156,
       242, 85, 62, 200, 125, 170, 20, 213, 38, 220, 87, 164, 58, 70,
       152, 119, 174, 246, 116, 67, 96, 159, 221, 113, 206, 44, 62, 172,
       244, 237, 42, 170, 255, 37, 133, 227, 245, 72, 5, 196, 248, 157,
       118, 170, 224, 21, 174, 170, 155, 33, 56, 244, 247, 72, 123, 135,
       119, 253, 146, 51, 69, 138, 97, 201, 162, 127, 191, 128, 113, 135,
       51, 120, 184, 253, 118, 168, 252, 85, 215, 162, 255, 164, 24, 51,
       183, 66, 59, 5, 246, 253, 8, 58, 75, 250, 49, 219, 235, 117, 57,
       226, 192, 198, 123, 5, 223, 159, 111, 176, 14, 111, 188, 116, 234,
       94, 100, 245, 115, 153, 96, 55, 110, 54, 110, 225, 208, 125, 46,
       236, 174, 39, 128, 8, 243, 1, 185, 93, 221, 125, 103, 176, 78, 79,
       188, 116, 234, 126, 68, 215, 119, 137, 112, 54, 246, 28, 106, 233,
       176, 121, 46, 227, 239, 37, 132, 40, 243, 192, 49, 236, 112, 189,
       97, 45, 127, 65, 152, 99, 254, 165, 24, 210, 85, 73, 59, 153, 212,
       124, 122, 169, 102, 249, 0, 207, 217, 69, 52, 194, 123, 86, 114,
       252, 172, 252, 86, 136, 109, 69, 191, 179, 182, 164, 24, 115, 119,
       64, 31, 1, 214, 109, 42, 120, 79, 250, 42, 249, 203, 117, 60, 226,
       240, 198, 106, 93, 93, 125, 102, 176, 78, 79, 184, 224, 232, 191,
       76, 87, 119, 137, 115, 54, 212, 124, 106, 201, 129, 249, 44, 243,
       233, 101, 20, 104, 243, 66, 49, 44, 160, 56, 114, 205, 125, 209,
       11, 83, 63, 165, 25, 138, 125, 94, 56, 137, 154, 235, 16, 26, 110,
       251, 147, 207, 223, 81, 127, 210, 76, 214, 226, 220, 30, 157, 116,
       168, 44, 85, 187, 176, 186, 182, 120, 87, 119, 9, 91, 135, 215,
       109, 34, 104, 101, 203, 10, 211, 235, 117, 156, 96, 241, 198, 35,
       29, 149, 25, 239, 180, 46, 79, 191, 52, 234, 255, 96, 247, 119,
       136, 112, 87, 222, 29, 42, 185, 144, 121, 62, 233, 239, 39, 148,
       160, 243, 129, 33, 236, 48, 189, 99, 41, 109, 81, 152, 123, 255,
       165, 24, 222, 93, 73, 59, 145, 212, 252, 58, 59, 103, 251, 16,
       207, 219, 65, 127, 194, 107, 70, 115, 149, 156, 155, 239, 180, 47,
       111, 188, 62, 234, 91, 112, 215, 115, 137, 96, 119, 127, 61, 42,
       185, 148, 105, 62, 237, 239, 47, 132, 172, 243, 161, 49, 236, 176,
       189, 115, 173, 125, 81, 153, 123, 123, 165, 24, 222, 125, 72, 58,
       145, 18, 254, 56, 50, 100, 251, 18, 207, 219, 81, 127, 210, 73,
       198, 114, 212, 204, 94, 116, 146, 106, 79, 166, 180, 162, 166, 16,
       247, 99, 1, 83, 35, 247, 109, 170, 104, 197, 9, 46, 249, 235, 101,
       21, 32, 240, 4, 34, 108, 180, 149, 99, 141, 109, 84, 157, 127, 59,
       169, 88, 222, 121, 72, 250, 145, 150, 108, 48, 59, 96, 219, 147,
       175, 223, 85, 119, 210, 74, 196, 2, 104, 180, 188, 251, 189, 253,
       85, 47, 255, 123, 173, 24, 190, 189, 74, 50, 137, 26, 251, 0, 59,
       106, 250, 147, 239, 223, 84, 127, 210, 72, 198, 106, 69, 103, 144,
       103, 176, 30, 110, 152, 123, 184, 59, 68, 223, 98, 201, 251, 149,
       77, 108, 126, 213, 212, 201, 64, 172, 248, 103, 228, 136, 243,
       203, 5, 112, 254, 156, 114, 171, 173, 145, 206, 139, 63, 188, 57,
       38, 233, 79, 27, 133, 83, 237, 18, 34, 111, 138, 49, 219, 147, 85,
       63, 208, 89, 79, 11, 69, 113, 145, 101, 5, 14, 103, 56, 104, 170,
       35, 76, 214, 49, 89, 50, 144, 68, 120, 110, 193, 240, 209, 8, 173,
       186, 69, 52, 72, 115, 67, 32, 69, 112, 17, 69, 1, 15, 99, 24, 104,
       224, 99, 76, 214, 16, 9, 48, 144, 68, 64, 110, 129, 240, 209, 12,
       197, 184, 1, 4, 72, 35, 67, 32, 125, 71, 77, 103, 180, 42, 71,
       184, 96, 234, 191, 236, 83, 97, 153, 114, 16, 196, 108, 110, 233,
       176, 237, 46, 224, 239, 37, 148, 108, 243, 82, 33, 92, 165, 185,
       114, 155, 233, 81, 203, 178, 53, 173, 24, 31, 247, 72, 58, 161,
       155, 232, 16, 26, 107, 186, 114, 217, 197, 21, 125, 224, 65, 167,
       98, 92, 16, 156, 247, 44, 44, 89, 24, 191, 250, 183, 60, 223, 247,
       73, 91, 199, 213, 125, 26, 41, 69, 219, 128, 203, 251, 119, 148,
       170, 225, 3, 115, 216, 176, 188, 240, 169, 92, 89, 26, 187, 187,
       182, 56, 159, 191, 64, 123, 135, 149, 253, 24, 59, 73, 243, 144,
       219, 251, 115, 253, 130, 128, 71, 51, 232, 188, 180, 248, 173,
       253, 84, 215, 255, 187, 188, 24, 191, 249, 68, 27, 201, 242, 255,
       24, 186, 111, 242, 179, 219, 219, 87, 122, 218, 76, 214, 27, 145,
       172, 134, 187, 134, 169, 100, 239, 118, 19, 106, 82, 179, 227,
       104, 73, 113, 106, 34, 152, 50, 220, 207, 55, 172, 134, 87, 64,
       176, 216, 225, 136, 214, 172, 246, 223, 238, 171, 254, 238, 255,
       179, 242, 154, 253, 255, 21, 91, 255, 239, 127, 147, 178, 127,
       207, 255, 190, 254, 223, 190, 215, 249, 243, 137, 205, 116, 29,
       103, 33, 14, 119, 48, 120, 234, 99, 72, 222, 51, 1, 59, 146, 84,
       104, 106, 97, 244, 185, 74, 229, 251, 69, 2, 72, 115, 67, 35, 105,
       189, 188, 113, 217, 125, 85, 159, 123, 119, 44, 28, 158, 55, 70,
       190, 129, 86, 248, 24, 183, 104, 251, 51, 111, 223, 85, 119, 202,
       84, 207, 126, 205, 52, 157, 101, 129, 126, 117, 19, 59, 243, 39,
       28, 158, 55, 64, 251, 133, 87, 120, 24, 49, 220, 241, 66, 207,
       255, 85, 70, 138, 96, 139, 50, 220, 188, 157, 112, 138, 232, 17,
       167, 178, 183, 164, 184, 23, 183, 64, 27, 39, 247, 237, 16, 58,
       79, 170, 34, 217, 195, 117, 125, 224, 64, 134, 122, 240, 170, 255,
       120, 138, 233, 81, 87, 178, 23, 164, 185, 39, 135, 64, 27, 35,
       178, 109, 144, 58, 79, 162, 49, 217, 195, 112, 121, 224, 192, 166,
       106, 69, 113, 17, 71, 67, 78, 54, 40, 105, 192, 99, 8, 222, 22,
       13, 54, 144, 85, 112, 106, 65, 112, 185, 72, 37, 184, 1, 6, 72,
       51, 67, 38, 45, 113, 17, 97, 49, 95, 82, 24, 105, 232, 45, 8, 222,
       16, 77, 48, 144, 28, 68, 122, 13, 176, 249, 12, 167, 221, 1, 54,
       74, 35, 74, 167, 244, 10, 204, 180, 168, 40, 93, 191, 162, 183,
       134, 189, 87, 163, 67, 91, 67, 198, 109, 132, 56, 71, 203, 0, 216,
       227, 245, 189, 160, 240, 134, 98, 120, 188, 245, 118, 233, 237,
       85, 223, 179, 191, 164, 56, 47, 247, 64, 158, 39, 254, 237, 24,
       58, 111, 234, 35, 219, 215, 85, 122, 226, 208, 198, 107, 240, 188,
       220, 50, 168, 173, 81, 215, 179, 191, 164, 29, 55, 227, 66, 27,
       133, 166, 109, 20, 58, 79, 218, 51, 219, 203, 117, 121, 232, 192,
       202, 138, 13, 117, 152, 103, 241, 126, 119, 184, 121, 234, 47, 8,
       222, 114, 77, 50, 145, 92, 112, 106, 229, 240, 217, 106, 47, 255,
       69, 6, 202, 115, 75, 151, 193, 180, 159, 23, 160, 174, 101, 151,
       126, 91, 99, 84, 245, 243, 136, 123, 165, 78, 104, 28, 179, 252,
       155, 35, 205, 170, 118, 64, 200, 64, 131, 41, 237, 117, 189, 103,
       173, 79, 71, 188, 120, 234, 39, 24, 214, 113, 73, 59, 145, 70,
       124, 106, 225, 116, 249, 42, 231, 219, 101, 52, 74, 123, 210, 34,
       36, 225, 57, 67, 216, 79, 67, 168, 106, 120, 45, 8, 210, 85, 77,
       52, 145, 92, 64, 122, 67, 48, 249, 21, 109, 156, 5, 116, 80, 59,
       70, 160, 92, 170, 140, 51, 168, 41, 81, 139, 166, 183, 166, 189,
       199, 99, 74, 27, 1, 198, 237, 20, 26, 73, 203, 32, 200, 195, 117,
       245, 224, 192, 134, 18, 222, 180, 140, 183, 139, 38, 29, 154, 162,
       183, 134, 157, 215, 115, 75, 27, 5, 215, 253, 180, 56, 197, 219,
       40, 217, 227, 253, 181, 168, 117, 134, 82, 120, 184, 253, 114,
       168, 204, 81, 87, 162, 191, 164, 24, 59, 183, 64, 59, 129, 246,
       253, 16, 26, 79, 242, 49, 219, 235, 117, 121, 226, 128, 198, 107,
       93, 93, 27, 103, 176, 14, 111, 184, 116, 232, 127, 100, 215, 119,
       129, 112, 54, 124, 60, 110, 225, 144, 121, 46, 239, 175, 37, 132,
       104, 243, 0, 49, 224, 188, 157, 250, 200, 237, 33, 143, 218, 27,
