%YAML:1.0
---
descriptors: !!opencv-matrix
   rows: 313
   cols: 32
   dt: u
   data: [ 120, 168, 254, 120, 138, 201, 81, 247, 178, 23, 164, 56, 55,
       183, 64, 27, 41, 178, 109, 16, 26, 79, 162, 49, 219, 195, 116,
       121, 224, 128, 198, 106, 112, 170, 190, 248, 170, 225, 81, 87,
       162, 21, 132, 185, 55, 135, 98, 90, 227, 179, 237, 16, 26, 79,
       130, 17, 219, 193, 112, 121, 176, 128, 166, 106, 208, 152, 159,
       116, 168, 108, 81, 23, 178, 155, 162, 24, 247, 55, 0, 123, 1, 246,
       108, 8, 57, 77, 179, 0, 217, 163, 116, 88, 160, 224, 134, 58, 120,
       176, 123, 112, 40, 204, 81, 83, 162, 125, 164, 60, 63, 151, 64,
       19, 38, 148, 109, 24, 11, 75, 178, 1, 219, 225, 48, 248, 98, 128,
       6, 123, 9, 117, 49, 69, 49, 78, 102, 184, 108, 224, 107, 72, 254,
       85, 9, 180, 146, 92, 88, 106, 65, 176, 121, 47, 165, 188, 1, 2,
       74, 51, 67, 178, 120, 180, 191, 248, 173, 253, 81, 83, 255, 27,
       180, 24, 190, 191, 100, 59, 141, 179, 255, 17, 186, 111, 242, 147,
       219, 223, 84, 122, 210, 72, 198, 43, 248, 180, 189, 120, 41, 253,
       81, 83, 251, 59, 180, 24, 191, 191, 64, 59, 133, 179, 253, 16, 59,
       111, 242, 147, 219, 219, 80, 123, 210, 72, 71, 59, 248, 176, 188,
       240, 41, 204, 89, 26, 187, 187, 180, 24, 159, 255, 72, 27, 133,
       149, 253, 16, 186, 79, 242, 145, 219, 251, 113, 126, 194, 128, 66,
       59, 92, 16, 156, 247, 172, 76, 89, 24, 191, 185, 183, 40, 223,
       247, 72, 91, 135, 213, 125, 88, 56, 65, 219, 128, 219, 251, 115,
       252, 170, 161, 3, 35, 1, 125, 19, 69, 20, 78, 231, 52, 108, 200,
       106, 72, 246, 16, 129, 181, 48, 124, 80, 106, 193, 176, 53, 44,
       37, 172, 0, 0, 75, 51, 67, 173, 224, 180, 156, 250, 204, 237, 85,
       143, 222, 59, 164, 24, 246, 243, 72, 91, 129, 82, 106, 24, 51,
       111, 219, 51, 205, 146, 85, 125, 216, 88, 135, 42, 252, 238, 253,
       118, 168, 108, 85, 191, 179, 190, 165, 24, 115, 119, 201, 59, 1,
       214, 108, 42, 120, 103, 235, 42, 251, 203, 101, 60, 227, 241, 198,
       96, 117, 85, 125, 103, 176, 78, 79, 176, 96, 232, 255, 100, 215,
       119, 137, 112, 54, 212, 124, 106, 233, 144, 121, 46, 227, 239, 37,
       148, 104, 243, 192, 49, 236, 176, 188, 115, 173, 109, 81, 153,
       255, 127, 165, 24, 222, 125, 74, 59, 129, 18, 252, 24, 58, 100,
       251, 18, 207, 219, 81, 119, 194, 73, 198, 34, 192, 140, 157, 255,
       200, 237, 21, 135, 158, 23, 32, 24, 182, 243, 65, 91, 129, 122,
       106, 24, 50, 76, 218, 49, 205, 163, 85, 120, 144, 88, 135, 170,
       52, 205, 153, 99, 148, 79, 71, 168, 118, 160, 235, 8, 83, 113, 9,
       112, 17, 220, 104, 122, 107, 176, 89, 62, 249, 142, 5, 20, 240,
       251, 192, 32, 232, 180, 188, 250, 237, 253, 85, 47, 223, 127, 164,
       25, 190, 189, 74, 59, 193, 19, 251, 16, 58, 110, 242, 147, 207,
       219, 84, 123, 210, 76, 206, 74, 124, 197, 156, 126, 139, 105, 23,
       172, 179, 55, 173, 57, 79, 227, 75, 219, 51, 214, 236, 98, 122,
       71, 203, 55, 251, 227, 69, 63, 242, 115, 142, 34, 77, 117, 17, 71,
       113, 14, 102, 56, 120, 232, 107, 76, 214, 83, 9, 176, 144, 92, 96,
       106, 193, 176, 217, 14, 103, 253, 1, 6, 74, 51, 75, 2, 69, 48,
       153, 101, 1, 78, 97, 0, 96, 224, 35, 8, 214, 23, 73, 58, 144, 84,
       96, 42, 1, 244, 177, 0, 69, 168, 65, 4, 72, 34, 67, 50, 77, 116,
       157, 71, 129, 126, 119, 8, 120, 202, 111, 8, 222, 113, 73, 59,
       146, 92, 104, 106, 97, 244, 249, 106, 231, 255, 69, 2, 74, 115,
       67, 35, 212, 100, 189, 115, 136, 111, 71, 143, 112, 178, 171, 24,
       211, 119, 9, 59, 129, 86, 104, 34, 57, 101, 251, 34, 225, 171, 69,
       21, 192, 115, 198, 34, 216, 144, 159, 252, 138, 100, 85, 23, 162,
       19, 166, 24, 119, 183, 64, 123, 35, 246, 109, 128, 57, 79, 178, 1,
       217, 227, 116, 24, 160, 96, 166, 50, 248, 170, 254, 112, 138, 233,
       81, 71, 163, 183, 164, 185, 39, 231, 64, 27, 39, 243, 237, 16, 58,
       79, 130, 35, 217, 195, 117, 121, 226, 192, 134, 123, 216, 168,
       223, 116, 138, 224, 81, 215, 179, 23, 164, 184, 55, 135, 64, 91,
       39, 247, 237, 144, 58, 79, 162, 35, 219, 227, 116, 121, 160, 192,
       166, 106, 205, 20, 157, 245, 129, 126, 113, 19, 57, 243, 39, 20,
       158, 55, 67, 251, 133, 87, 120, 24, 49, 220, 241, 2, 207, 255, 82,
       70, 138, 97, 137, 114, 248, 170, 254, 250, 138, 233, 81, 215, 179,
       23, 164, 185, 39, 167, 66, 27, 43, 178, 109, 16, 58, 79, 162, 51,
       219, 195, 116, 121, 242, 192, 166, 107, 69, 112, 145, 71, 65, 76,
       50, 0, 104, 201, 35, 8, 158, 21, 77, 58, 144, 92, 96, 90, 1, 112,
       177, 0, 13, 156, 5, 6, 192, 51, 71, 162, 216, 34, 255, 96, 2, 106,
       65, 83, 160, 182, 166, 56, 19, 23, 192, 59, 39, 180, 68, 24, 40,
       229, 161, 0, 217, 193, 113, 52, 225, 224, 6, 99, 77, 85, 17, 69,
       49, 94, 118, 56, 105, 232, 111, 64, 222, 51, 9, 244, 212, 84, 120,
       106, 65, 144, 249, 76, 167, 253, 3, 6, 74, 51, 11, 48, 125, 113,
       81, 65, 49, 95, 82, 24, 97, 232, 173, 8, 26, 16, 69, 180, 144,
       156, 68, 122, 73, 178, 241, 12, 35, 221, 1, 54, 74, 163, 74, 166,
       248, 154, 252, 120, 168, 169, 81, 23, 195, 63, 180, 57, 51, 129,
       66, 27, 9, 178, 236, 16, 58, 111, 194, 49, 219, 195, 116, 121,
       242, 200, 206, 11, 101, 113, 57, 101, 112, 14, 99, 56, 104, 172,
       111, 8, 214, 83, 9, 48, 144, 92, 68, 106, 64, 176, 249, 12, 101,
       188, 33, 20, 64, 179, 66, 161, 248, 190, 247, 114, 171, 237, 85,
       215, 179, 191, 164, 56, 47, 247, 64, 191, 39, 246, 237, 24, 58,
       111, 170, 51, 219, 243, 85, 59, 226, 196, 134, 107, 248, 184, 220,
       114, 168, 173, 81, 223, 179, 191, 164, 29, 55, 227, 66, 27, 1,
       231, 237, 28, 58, 79, 218, 35, 218, 139, 117, 121, 232, 192, 202,
       11, 77, 117, 157, 103, 161, 94, 119, 184, 121, 234, 111, 12, 222,
       114, 13, 182, 145, 84, 120, 106, 97, 240, 217, 110, 111, 255, 69,
       6, 202, 115, 75, 54, 102, 237, 149, 190, 217, 205, 22, 230, 155,
       21, 168, 9, 166, 242, 100, 144, 201, 115, 234, 66, 78, 107, 218,
       51, 169, 150, 69, 59, 80, 123, 134, 14, 96, 184, 188, 122, 137,
       237, 145, 143, 203, 55, 160, 25, 166, 189, 70, 27, 129, 19, 233,
       17, 18, 105, 242, 49, 203, 211, 80, 123, 208, 72, 135, 122, 9,
       117, 17, 69, 17, 78, 102, 188, 125, 224, 106, 72, 222, 49, 1, 180,
       144, 92, 80, 106, 225, 176, 89, 111, 165, 190, 1, 6, 74, 51, 75,
       160, 77, 53, 145, 71, 193, 14, 102, 184, 105, 234, 107, 76, 222,
       115, 9, 182, 144, 84, 104, 106, 193, 240, 217, 10, 167, 190, 69,
       4, 202, 115, 203, 33, 101, 113, 17, 71, 69, 95, 102, 56, 107, 224,
       43, 72, 214, 81, 77, 182, 144, 92, 96, 106, 65, 240, 249, 60, 45,
       152, 5, 54, 74, 59, 66, 52, 237, 112, 149, 71, 65, 62, 103, 152,
       105, 234, 39, 76, 210, 113, 205, 191, 16, 68, 120, 106, 193, 244,
       249, 8, 39, 186, 69, 52, 74, 243, 66, 48, 36, 240, 177, 67, 93,
       79, 71, 136, 106, 240, 41, 8, 210, 85, 77, 52, 17, 92, 64, 122,
       65, 112, 249, 16, 109, 156, 5, 52, 80, 59, 70, 160, 120, 185, 253,
       114, 168, 221, 81, 215, 227, 125, 164, 8, 59, 151, 64, 50, 167,
       150, 236, 24, 26, 107, 186, 49, 219, 201, 52, 121, 226, 128, 198,
       107, 124, 184, 181, 112, 173, 237, 81, 223, 227, 191, 160, 24,
       159, 191, 64, 59, 137, 215, 109, 16, 26, 107, 218, 48, 219, 219,
       85, 127, 226, 72, 198, 42, 5, 223, 25, 103, 176, 14, 111, 184,
       116, 234, 126, 100, 215, 115, 129, 112, 55, 108, 60, 110, 225,
       144, 125, 46, 236, 175, 37, 128, 40, 243, 1, 57, 228, 188, 157,
       123, 200, 237, 1, 143, 250, 51, 32, 24, 182, 243, 72, 123, 129,
       82, 106, 24, 51, 110, 218, 51, 205, 130, 117, 124, 216, 72, 195,
       170, 252, 164, 252, 118, 169, 109, 85, 191, 179, 190, 165, 24, 83,
       247, 77, 27, 9, 214, 236, 42, 120, 71, 250, 32, 219, 203, 117, 61,
       227, 240, 198, 98, 252, 244, 221, 119, 136, 110, 69, 191, 50, 187,
       167, 88, 83, 55, 200, 123, 1, 214, 108, 58, 57, 197, 251, 42, 235,
