%YAML:1.0
---
descriptors: !!opencv-matrix
   rows: 259
   cols: 32
   dt: u
   data: [ 36, 113, 49, 69, 117, 79, 71, 40, 73, 224, 111, 8, 210, 17,
       29, 52, 152, 92, 81, 106, 73, 176, 249, 28, 101, 188, 1, 52, 80,
       59, 86, 226, 221, 85, 121, 103, 176, 46, 111, 184, 113, 234, 127,
       100, 211, 113, 153, 112, 54, 68, 124, 110, 249, 176, 125, 46, 238,
       239, 37, 132, 104, 243, 64, 49, 157, 157, 123, 239, 176, 175, 111,
       189, 52, 234, 254, 112, 247, 119, 137, 112, 127, 254, 29, 106,
       249, 176, 105, 62, 232, 239, 167, 132, 44, 251, 128, 113, 93, 95,
       125, 231, 176, 78, 79, 188, 100, 234, 254, 108, 215, 119, 137,
       112, 118, 214, 124, 106, 233, 144, 105, 46, 227, 239, 37, 148,
       104, 251, 192, 49, 172, 48, 189, 99, 173, 125, 83, 152, 91, 255,
       181, 24, 222, 93, 75, 59, 145, 81, 253, 50, 34, 100, 251, 146,
       207, 219, 69, 127, 194, 91, 70, 115, 236, 180, 189, 250, 173, 253,
       81, 153, 127, 127, 37, 24, 222, 253, 74, 57, 145, 18, 253, 16, 58,
       102, 251, 147, 207, 219, 81, 127, 210, 75, 199, 242, 224, 180,
       157, 250, 232, 237, 17, 143, 250, 59, 164, 24, 182, 243, 72, 123,
       129, 18, 106, 16, 51, 111, 218, 49, 221, 131, 117, 125, 208, 72,
       135, 42, 245, 193, 92, 110, 168, 10, 71, 188, 232, 176, 174, 8,
       215, 115, 8, 115, 2, 212, 108, 106, 105, 99, 251, 44, 241, 171,
       101, 16, 96, 242, 195, 32, 166, 229, 244, 207, 252, 43, 254, 232,
       127, 162, 249, 18, 206, 106, 29, 65, 255, 207, 127, 227, 232, 247,
       201, 254, 188, 186, 207, 150, 213, 123, 227, 129, 230, 229, 198,
       207, 221, 47, 238, 236, 63, 162, 251, 10, 234, 234, 29, 80, 125,
       207, 123, 227, 104, 243, 217, 254, 191, 190, 143, 60, 149, 251,
       242, 128, 220, 144, 188, 247, 172, 108, 89, 155, 190, 251, 183,
       61, 223, 247, 74, 123, 135, 87, 125, 24, 152, 109, 251, 0, 203,
       251, 119, 220, 160, 232, 133, 115, 216, 176, 189, 240, 168, 236,
       89, 223, 179, 127, 180, 24, 191, 215, 66, 59, 133, 151, 93, 24,
       58, 79, 242, 51, 219, 219, 112, 248, 226, 128, 198, 123, 248, 188,
       188, 248, 173, 253, 85, 223, 251, 255, 180, 24, 191, 189, 66, 59,
       205, 178, 253, 24, 186, 111, 242, 178, 219, 219, 85, 123, 210,
       220, 198, 122, 133, 174, 133, 155, 214, 171, 103, 239, 118, 179,
       98, 82, 241, 227, 96, 72, 113, 106, 42, 152, 50, 252, 79, 51, 236,
       134, 183, 68, 176, 248, 225, 168, 204, 180, 189, 97, 225, 110, 49,
       27, 59, 255, 39, 24, 220, 127, 76, 59, 151, 23, 125, 48, 179, 84,
       249, 66, 207, 219, 117, 246, 192, 96, 135, 115, 44, 73, 26, 62,
       89, 223, 22, 232, 135, 132, 233, 9, 206, 225, 35, 144, 216, 121,
       192, 98, 76, 35, 90, 61, 227, 213, 5, 59, 82, 59, 14, 130, 93,
       143, 93, 103, 176, 42, 79, 186, 101, 168, 175, 64, 83, 99, 153,
       112, 50, 230, 76, 62, 185, 129, 45, 60, 250, 239, 37, 84, 234,
       243, 192, 33, 17, 142, 75, 107, 144, 170, 67, 151, 100, 1, 234,
       196, 243, 65, 144, 112, 115, 166, 12, 60, 59, 184, 85, 63, 232,
       174, 36, 64, 252, 194, 224, 40, 232, 164, 156, 114, 169, 237, 81,
       143, 187, 63, 164, 25, 150, 179, 74, 27, 129, 19, 233, 16, 50,
       109, 218, 51, 203, 211, 85, 127, 192, 64, 134, 42, 248, 176, 251,
       120, 138, 233, 81, 87, 179, 23, 164, 56, 55, 151, 64, 26, 33, 178,
       237, 24, 58, 79, 162, 19, 219, 225, 112, 121, 226, 192, 230, 107,
       201, 189, 57, 83, 217, 221, 117, 191, 123, 113, 44, 28, 158, 16,
       70, 180, 129, 78, 192, 88, 247, 120, 249, 55, 111, 221, 21, 118,
       74, 4, 203, 254, 109, 113, 144, 69, 97, 14, 102, 56, 105, 224, 99,
       12, 218, 48, 13, 182, 144, 68, 104, 106, 197, 240, 209, 76, 37,
       184, 64, 6, 74, 51, 74, 6, 248, 174, 252, 114, 168, 173, 81, 223,
       179, 191, 164, 29, 55, 163, 66, 27, 13, 214, 109, 24, 58, 79, 202,
       35, 219, 203, 117, 121, 224, 192, 206, 43, 5, 93, 157, 103, 48,
       14, 111, 184, 116, 232, 118, 100, 245, 119, 129, 112, 54, 124, 60,
       106, 225, 208, 121, 46, 236, 239, 39, 132, 8, 179, 1, 49, 93, 23,
       125, 103, 52, 14, 79, 184, 96, 234, 127, 76, 211, 113, 153, 112,
       22, 68, 92, 110, 233, 176, 125, 14, 234, 239, 37, 148, 104, 243,
       66, 113, 44, 225, 57, 105, 89, 79, 71, 168, 66, 52, 45, 8, 210,
       85, 73, 52, 153, 92, 64, 122, 75, 96, 249, 31, 109, 220, 5, 126,
       82, 59, 70, 162, 157, 221, 125, 239, 180, 14, 79, 189, 52, 234,
       254, 96, 215, 119, 137, 112, 55, 214, 29, 106, 233, 144, 105, 63,
       233, 239, 39, 132, 40, 243, 192, 49, 125, 93, 125, 103, 176, 78,
       79, 188, 97, 234, 254, 108, 211, 119, 137, 112, 22, 212, 124, 106,
       233, 176, 121, 46, 227, 239, 37, 148, 104, 243, 192, 113, 125,
       117, 125, 103, 168, 78, 95, 184, 97, 232, 191, 76, 211, 119, 137,
       51, 20, 212, 124, 106, 201, 240, 249, 40, 231, 233, 101, 148, 104,
       243, 66, 113, 148, 172, 251, 255, 180, 171, 127, 254, 62, 163,
       243, 82, 247, 235, 217, 65, 127, 111, 63, 155, 187, 252, 237, 63,
       252, 239, 255, 196, 164, 249, 161, 161, 149, 141, 123, 231, 180,
       43, 111, 185, 116, 170, 255, 80, 247, 99, 153, 112, 119, 255, 29,
       122, 249, 180, 105, 63, 236, 239, 39, 196, 164, 251, 128, 33, 172,
       112, 189, 99, 45, 127, 83, 152, 91, 255, 181, 24, 223, 93, 75, 59,
       153, 80, 253, 58, 171, 102, 251, 16, 207, 219, 69, 127, 194, 251,
       70, 115, 198, 237, 246, 255, 252, 43, 254, 239, 127, 178, 251, 26,
       239, 234, 29, 83, 255, 239, 127, 243, 240, 247, 203, 254, 190,
       254, 223, 236, 197, 251, 243, 129, 252, 112, 189, 103, 40, 78, 87,
       152, 113, 250, 183, 8, 215, 85, 73, 59, 148, 212, 124, 122, 233,
       102, 249, 32, 215, 217, 101, 52, 224, 243, 70, 115, 236, 180, 189,
       115, 173, 125, 81, 152, 127, 127, 165, 24, 223, 125, 72, 59, 153,
       152, 253, 58, 59, 100, 251, 147, 207, 223, 81, 127, 210, 75, 70,
       242, 236, 180, 180, 247, 173, 63, 94, 184, 127, 250, 189, 24, 219,
       123, 92, 59, 221, 214, 255, 123, 184, 102, 251, 178, 255, 223,
       101, 190, 210, 251, 198, 3, 208, 190, 159, 242, 170, 233, 1, 215,
       186, 63, 128, 184, 183, 247, 64, 91, 7, 242, 109, 24, 58, 79, 170,
       51, 217, 131, 127, 248, 128, 64, 135, 123, 252, 188, 252, 118,
       168, 109, 85, 191, 179, 191, 164, 24, 115, 231, 64, 27, 5, 214,
       237, 10, 56, 79, 250, 32, 219, 203, 117, 61, 226, 240, 198, 123,
       252, 172, 252, 118, 137, 41, 85, 223, 147, 183, 180, 24, 35, 225,
       75, 31, 9, 214, 237, 24, 58, 111, 218, 50, 219, 203, 117, 61, 227,
       248, 206, 42, 120, 184, 253, 120, 138, 236, 81, 211, 162, 31, 164,
       8, 59, 183, 64, 59, 131, 147, 253, 16, 26, 75, 178, 49, 219, 235,
       112, 121, 226, 192, 198, 107, 220, 205, 254, 255, 188, 42, 126,
       190, 254, 179, 251, 18, 255, 235, 25, 75, 255, 239, 125, 99, 184,
       197, 203, 255, 254, 255, 239, 148, 164, 251, 129, 1, 69, 231, 128,
       3, 180, 30, 102, 184, 106, 168, 43, 76, 198, 96, 219, 146, 145,
       76, 108, 126, 212, 240, 201, 2, 172, 188, 37, 68, 200, 243, 203,
       5, 150, 173, 214, 155, 238, 43, 238, 237, 63, 178, 251, 26, 206,
       234, 89, 73, 123, 207, 127, 243, 120, 247, 203, 254, 188, 178,
       207, 244, 197, 123, 241, 128, 150, 237, 246, 151, 254, 43, 254,
       236, 127, 178, 251, 26, 207, 234, 29, 67, 251, 207, 127, 243, 176,
       247, 201, 254, 188, 254, 207, 148, 197, 123, 241, 129, 126, 109,
       246, 239, 238, 11, 254, 248, 63, 162, 251, 138, 207, 239, 61, 82,
       254, 253, 127, 227, 232, 243, 203, 254, 182, 255, 239, 188, 39,
       251, 115, 129, 182, 229, 246, 215, 254, 43, 254, 236, 127, 162,
       251, 26, 206, 234, 29, 65, 251, 207, 127, 227, 240, 247, 201, 238,
       188, 190, 207, 148, 213, 123, 243, 129, 92, 16, 188, 247, 40, 46,
       125, 152, 174, 187, 151, 33, 223, 127, 9, 91, 199, 85, 125, 14,
       136, 197, 235, 32, 203, 235, 127, 148, 164, 241, 1, 51, 252, 252,
       180, 254, 141, 239, 86, 248, 211, 186, 188, 24, 219, 249, 81, 27,
