%YAML:1.0
---
descriptors: !!opencv-matrix
   rows: 216
   cols: 32
   dt: u
   data: [ 246, 237, 22, 190, 137, 237, 22, 232, 159, 150, 169, 25, 230,
       242, 109, 151, 201, 243, 234, 67, 110, 71, 218, 191, 185, 146, 77,
       59, 88, 127, 143, 6, 236, 252, 188, 114, 137, 237, 85, 159, 243,
       191, 164, 24, 150, 245, 72, 27, 137, 82, 105, 16, 58, 111, 250,
       51, 239, 211, 85, 127, 210, 88, 198, 34, 108, 229, 188, 122, 137,
       205, 87, 172, 242, 151, 165, 24, 246, 117, 74, 58, 153, 90, 105,
       90, 122, 98, 250, 51, 239, 223, 69, 127, 194, 115, 198, 98, 108,
       101, 57, 103, 157, 79, 71, 168, 83, 236, 173, 8, 210, 117, 73, 48,
       152, 220, 89, 106, 105, 114, 249, 62, 239, 221, 5, 52, 80, 123,
       70, 98, 120, 180, 253, 112, 155, 233, 81, 71, 227, 53, 172, 56,
       55, 183, 64, 58, 3, 178, 104, 16, 26, 107, 242, 17, 219, 207, 16,
       123, 226, 0, 198, 107, 81, 142, 95, 101, 180, 42, 79, 183, 116,
       10, 106, 224, 243, 33, 144, 112, 19, 230, 108, 44, 185, 188, 101,
       47, 236, 175, 36, 64, 232, 242, 192, 40, 124, 37, 124, 110, 29,
       95, 87, 232, 215, 132, 173, 10, 91, 253, 107, 16, 248, 216, 233,
       106, 72, 99, 122, 31, 251, 207, 5, 61, 115, 123, 110, 98, 192, 48,
       159, 116, 40, 76, 81, 18, 168, 218, 166, 56, 247, 183, 64, 123, 2,
       244, 124, 8, 9, 69, 179, 0, 193, 163, 112, 0, 32, 224, 7, 51, 37,
       117, 145, 67, 213, 95, 102, 184, 110, 224, 43, 72, 214, 80, 77,
       180, 145, 92, 82, 122, 65, 240, 121, 10, 45, 156, 5, 54, 200, 123,
       67, 164, 101, 112, 145, 71, 241, 126, 98, 152, 106, 232, 43, 72,
       210, 113, 205, 190, 145, 92, 96, 122, 1, 240, 249, 40, 13, 156, 5,
       54, 200, 115, 66, 176, 36, 241, 49, 75, 29, 79, 71, 168, 74, 49,
       41, 8, 210, 85, 76, 52, 145, 84, 64, 106, 67, 48, 249, 21, 109,
       156, 1, 118, 80, 59, 70, 162, 249, 184, 220, 178, 168, 140, 92,
       223, 163, 95, 180, 189, 63, 247, 194, 27, 135, 247, 253, 20, 62,
       79, 234, 49, 218, 219, 117, 249, 160, 196, 142, 91, 121, 188, 247,
       112, 169, 252, 81, 215, 243, 123, 180, 56, 27, 191, 198, 62, 171,
       246, 252, 24, 191, 111, 254, 179, 219, 219, 116, 251, 235, 192,
       198, 95, 252, 108, 220, 118, 137, 109, 85, 223, 179, 183, 164, 25,
       83, 247, 67, 27, 1, 246, 109, 26, 42, 71, 218, 32, 219, 203, 117,
       61, 226, 240, 206, 42, 248, 185, 253, 114, 168, 253, 85, 159, 227,
       253, 164, 24, 115, 247, 74, 59, 5, 214, 108, 24, 59, 107, 250, 49,
       251, 203, 117, 121, 226, 208, 198, 123, 252, 52, 189, 118, 169,
       108, 85, 223, 243, 187, 165, 24, 95, 255, 73, 59, 129, 214, 237,
       18, 56, 103, 250, 32, 219, 203, 117, 61, 226, 113, 198, 35, 224,
       180, 157, 218, 220, 237, 69, 143, 223, 59, 169, 24, 182, 243, 72,
       122, 129, 218, 106, 16, 59, 107, 218, 115, 157, 150, 85, 124, 216,
       72, 199, 42, 93, 69, 93, 103, 150, 78, 71, 184, 101, 160, 235, 64,
       211, 115, 25, 112, 50, 212, 92, 106, 105, 176, 125, 14, 231, 175,
       37, 20, 97, 243, 64, 32, 244, 76, 92, 118, 168, 106, 85, 174, 176,
       178, 166, 24, 87, 119, 9, 91, 131, 215, 109, 106, 104, 69, 203,
       46, 243, 235, 117, 21, 96, 241, 134, 34, 156, 140, 94, 119, 146,
       106, 79, 174, 52, 162, 166, 16, 247, 115, 1, 81, 51, 247, 109, 42,
       104, 197, 25, 46, 233, 235, 101, 21, 160, 241, 132, 42, 96, 245,
       145, 121, 157, 77, 84, 175, 127, 49, 40, 24, 214, 49, 76, 114,
       129, 19, 104, 0, 91, 104, 219, 19, 173, 222, 84, 126, 80, 72, 196,
       42, 67, 123, 2, 4, 34, 10, 46, 49, 40, 64, 74, 237, 140, 2, 134,
       84, 166, 61, 76, 101, 133, 152, 148, 76, 180, 52, 10, 162, 12, 6,
       11, 61, 253, 247, 241, 101, 182, 110, 199, 190, 113, 234, 186,
       124, 83, 53, 137, 55, 23, 214, 108, 106, 233, 244, 253, 46, 169,
       206, 101, 52, 227, 251, 198, 113, 73, 113, 25, 101, 1, 78, 119,
       40, 104, 224, 106, 8, 214, 17, 1, 50, 176, 84, 104, 106, 65, 240,
       209, 8, 229, 249, 1, 6, 72, 51, 67, 34, 208, 160, 189, 116, 138,
       232, 81, 7, 162, 183, 166, 24, 23, 183, 64, 59, 129, 215, 232, 16,
       58, 111, 162, 1, 217, 163, 81, 121, 224, 64, 134, 106, 109, 101,
       117, 101, 52, 31, 118, 56, 121, 232, 127, 73, 219, 61, 157, 176,
       150, 68, 253, 110, 196, 240, 233, 14, 231, 255, 33, 20, 66, 183,
       82, 101, 76, 101, 120, 103, 50, 74, 127, 56, 56, 132, 111, 137,
       223, 55, 131, 112, 54, 93, 253, 110, 64, 208, 249, 78, 231, 237,
       37, 128, 98, 179, 7, 96, 60, 41, 123, 65, 80, 91, 99, 80, 96, 128,
       102, 72, 19, 23, 133, 52, 56, 188, 68, 122, 9, 178, 160, 12, 67,
       137, 32, 0, 99, 163, 70, 160, 252, 108, 189, 118, 136, 109, 85,
       158, 178, 183, 175, 24, 215, 247, 73, 27, 1, 214, 108, 10, 56,
       103, 251, 34, 249, 203, 117, 60, 224, 241, 198, 106, 109, 245, 57,
       107, 153, 77, 71, 168, 50, 53, 173, 8, 242, 119, 72, 48, 217, 86,
       120, 106, 107, 98, 251, 55, 239, 255, 133, 124, 80, 19, 198, 114,
       205, 116, 157, 103, 161, 110, 119, 152, 120, 234, 111, 8, 222,
       113, 73, 59, 177, 84, 120, 106, 97, 244, 185, 42, 229, 255, 69,
       22, 202, 115, 67, 35, 69, 119, 152, 103, 192, 14, 103, 184, 123,
       170, 111, 76, 214, 115, 73, 16, 148, 76, 108, 110, 192, 240, 249,
       106, 231, 255, 37, 4, 72, 243, 67, 35, 96, 176, 53, 65, 105, 205,
       65, 8, 235, 57, 161, 24, 146, 23, 76, 191, 128, 16, 72, 24, 27,
       106, 243, 16, 13, 152, 17, 126, 66, 0, 70, 160, 240, 166, 252,
       112, 170, 233, 81, 223, 179, 183, 164, 57, 51, 161, 74, 27, 3,
       146, 109, 16, 58, 111, 202, 19, 219, 203, 117, 125, 243, 200, 198,
       43, 184, 222, 158, 122, 141, 169, 84, 239, 151, 31, 164, 57, 3,
       233, 96, 155, 201, 242, 236, 16, 62, 111, 202, 51, 219, 211, 85,
       127, 243, 88, 206, 10, 100, 113, 120, 103, 72, 15, 71, 184, 98,
       172, 173, 12, 87, 83, 73, 16, 16, 196, 68, 106, 72, 114, 249, 24,
       227, 141, 33, 52, 64, 179, 66, 163, 248, 172, 183, 114, 171, 249,
       81, 215, 179, 151, 164, 56, 47, 247, 64, 159, 163, 247, 237, 16,
       58, 79, 170, 51, 219, 211, 85, 123, 226, 192, 134, 107, 80, 16,
       159, 116, 40, 108, 65, 18, 160, 155, 166, 56, 247, 183, 193, 123,
       7, 244, 108, 8, 9, 77, 179, 0, 219, 227, 116, 24, 192, 224, 6, 35,
       133, 117, 20, 69, 117, 30, 230, 184, 121, 168, 122, 76, 214, 112,
       21, 181, 144, 76, 114, 110, 229, 176, 217, 14, 37, 186, 5, 4, 74,
       179, 75, 133, 37, 117, 144, 71, 85, 31, 102, 184, 106, 232, 43,
       76, 214, 112, 93, 180, 144, 76, 66, 126, 197, 240, 217, 46, 45,
       156, 5, 52, 72, 59, 91, 148, 248, 176, 255, 116, 40, 236, 81, 23,
       163, 253, 164, 29, 55, 183, 64, 27, 33, 182, 109, 24, 59, 75, 178,
       0, 217, 193, 112, 121, 224, 192, 70, 123, 252, 44, 220, 118, 136,
       109, 85, 223, 179, 183, 164, 25, 115, 247, 67, 27, 1, 246, 109,
       24, 58, 79, 218, 32, 219, 203, 117, 61, 226, 240, 198, 42, 109,
       142, 92, 107, 176, 63, 87, 186, 118, 59, 62, 124, 211, 97, 138,
       112, 23, 198, 76, 62, 174, 180, 109, 63, 238, 239, 37, 116, 250,
       217, 200, 1, 242, 174, 204, 18, 203, 185, 176, 207, 162, 183, 164,
       157, 35, 227, 70, 27, 105, 162, 235, 144, 62, 79, 218, 49, 94,
       131, 213, 123, 233, 76, 206, 154, 246, 186, 158, 30, 234, 161, 25,
       207, 154, 191, 164, 189, 36, 231, 78, 27, 135, 119, 233, 20, 54,
       79, 138, 113, 219, 18, 93, 255, 128, 64, 135, 75, 100, 180, 157,
       250, 220, 173, 69, 207, 218, 59, 169, 88, 150, 241, 76, 59, 137,
       210, 106, 16, 59, 107, 218, 115, 153, 150, 85, 126, 216, 72, 198,
       34, 93, 69, 95, 103, 150, 78, 103, 184, 117, 160, 235, 64, 83,
       115, 9, 112, 48, 196, 76, 106, 105, 177, 89, 14, 243, 239, 37, 4,
       96, 243, 64, 32, 220, 140, 94, 247, 136, 106, 92, 175, 180, 178,
       166, 24, 247, 99, 1, 91, 35, 246, 109, 170, 104, 197, 25, 46, 249,
       227, 101, 21, 32, 241, 174, 2, 69, 39, 157, 103, 180, 46, 103,
       184, 122, 170, 107, 76, 214, 97, 217, 51, 145, 76, 108, 110, 161,
