%YAML:1.0
---
descriptors: !!opencv-matrix
   rows: 108
   cols: 32
   dt: u
   data: [ 100, 168, 189, 120, 141, 205, 81, 143, 242, 53, 164, 24, 150,
       245, 72, 59, 137, 218, 104, 24, 26, 110, 251, 49, 207, 249, 85,
       125, 208, 8, 198, 34, 244, 199, 61, 111, 188, 15, 71, 184, 86, 44,
       175, 76, 211, 97, 9, 113, 85, 212, 108, 106, 250, 160, 121, 63,
       237, 175, 37, 20, 240, 251, 84, 96, 228, 100, 173, 167, 140, 111,
       69, 156, 34, 254, 135, 24, 215, 117, 91, 59, 145, 196, 125, 59,
       120, 69, 249, 0, 233, 131, 229, 117, 128, 123, 86, 98, 84, 229,
       189, 167, 188, 74, 199, 172, 116, 242, 139, 8, 247, 113, 24, 35,
       19, 70, 124, 107, 41, 240, 93, 46, 233, 166, 101, 20, 236, 251,
       213, 32, 1, 241, 57, 101, 80, 14, 103, 56, 104, 232, 106, 76, 214,
       19, 8, 48, 148, 92, 64, 110, 193, 176, 249, 12, 237, 188, 5, 4,
       64, 34, 67, 227, 212, 124, 159, 231, 136, 110, 71, 184, 178, 250,
       163, 24, 215, 119, 65, 123, 49, 84, 124, 122, 105, 197, 185, 42,
       249, 227, 101, 20, 160, 115, 7, 50, 64, 178, 157, 55, 168, 172,
       53, 151, 186, 63, 35, 125, 182, 183, 72, 27, 135, 87, 109, 16, 19,
       88, 219, 33, 205, 179, 126, 240, 136, 80, 135, 27, 120, 184, 59,
       120, 29, 205, 81, 71, 227, 85, 172, 8, 55, 157, 64, 50, 136, 178,
       85, 24, 27, 43, 178, 17, 211, 201, 16, 123, 97, 8, 70, 106, 113,
       141, 109, 103, 144, 74, 71, 191, 112, 67, 238, 16, 115, 117, 144,
       112, 89, 246, 124, 168, 185, 184, 125, 47, 233, 175, 165, 80, 225,
       226, 214, 104, 201, 54, 159, 181, 160, 110, 61, 23, 56, 251, 22,
       117, 223, 55, 194, 123, 135, 87, 125, 12, 177, 220, 177, 10, 204,
       243, 126, 128, 136, 240, 131, 121, 108, 112, 17, 71, 113, 111, 99,
       24, 105, 232, 107, 72, 210, 87, 13, 180, 144, 92, 68, 106, 1, 240,
       249, 28, 5, 152, 1, 54, 74, 35, 70, 177, 100, 184, 185, 80, 205,
       205, 65, 143, 235, 49, 36, 24, 150, 149, 72, 58, 137, 30, 106, 24,
       27, 106, 250, 49, 79, 152, 21, 127, 192, 8, 198, 42, 228, 111,
       159, 103, 172, 110, 102, 188, 121, 170, 187, 72, 246, 105, 29, 50,
       145, 247, 108, 98, 233, 240, 201, 110, 173, 186, 101, 16, 64, 243,
       198, 33, 228, 213, 61, 111, 188, 15, 71, 184, 86, 190, 167, 28,
       211, 113, 9, 83, 145, 68, 104, 110, 105, 100, 121, 30, 237, 187,
       101, 20, 80, 251, 68, 50, 244, 116, 189, 231, 140, 79, 87, 152,
       162, 178, 135, 24, 215, 113, 73, 59, 145, 212, 125, 58, 120, 71,
       219, 0, 201, 131, 101, 117, 160, 123, 86, 34, 1, 113, 17, 101,
       112, 78, 103, 56, 104, 232, 106, 72, 214, 19, 8, 48, 148, 92, 64,
       106, 193, 176, 241, 12, 229, 188, 33, 4, 72, 50, 67, 161, 88, 184,
       159, 54, 187, 204, 17, 159, 186, 223, 38, 61, 254, 247, 74, 26,
       135, 115, 236, 16, 51, 77, 186, 51, 201, 247, 116, 123, 136, 64,
       135, 123, 207, 189, 189, 115, 169, 124, 93, 151, 123, 255, 62, 29,
       159, 63, 83, 59, 133, 87, 253, 30, 253, 76, 249, 162, 239, 219,
       117, 245, 138, 241, 199, 115, 10, 253, 58, 29, 113, 221, 180, 39,
       173, 13, 108, 41, 172, 158, 6, 148, 166, 59, 209, 1, 70, 152, 242,
       127, 39, 117, 28, 139, 66, 20, 143, 223, 213, 180, 168, 180, 44,
       44, 65, 26, 234, 255, 131, 29, 151, 168, 82, 11, 129, 70, 121, 29,
       174, 77, 251, 0, 217, 129, 61, 124, 136, 33, 19, 82, 33, 41, 57,
       73, 93, 205, 225, 72, 86, 65, 108, 8, 178, 209, 52, 112, 216, 40,
       18, 88, 27, 186, 114, 21, 71, 157, 0, 104, 209, 10, 118, 234, 60,
       113, 56, 98, 81, 205, 83, 88, 99, 44, 253, 8, 23, 87, 73, 16, 152,
       152, 69, 122, 74, 50, 120, 30, 243, 205, 33, 61, 114, 139, 70,
       163, 230, 252, 189, 122, 237, 237, 223, 220, 155, 255, 180, 29,
       246, 253, 75, 59, 141, 211, 253, 83, 191, 103, 250, 177, 219, 219,
       125, 255, 216, 89, 150, 115, 197, 112, 157, 69, 1, 78, 51, 56,
       120, 232, 99, 72, 214, 17, 9, 59, 144, 84, 100, 106, 225, 244,
       241, 72, 69, 186, 97, 6, 72, 33, 67, 35, 252, 96, 157, 116, 8, 78,
       69, 40, 224, 178, 163, 24, 215, 51, 73, 27, 129, 84, 108, 42, 104,
       101, 219, 0, 209, 171, 85, 29, 96, 112, 70, 34, 84, 5, 46, 175,
       28, 70, 71, 40, 116, 4, 203, 3, 243, 105, 59, 64, 88, 228, 44,
       235, 104, 163, 89, 46, 241, 167, 162, 17, 48, 107, 116, 2, 57, 81,
       74, 77, 69, 30, 198, 112, 65, 98, 238, 14, 83, 48, 22, 180, 88,
       236, 210, 238, 205, 178, 117, 8, 118, 237, 192, 16, 107, 250, 122,
       156, 243, 184, 151, 48, 9, 237, 0, 71, 235, 83, 160, 88, 190, 146,
       64, 191, 129, 179, 124, 17, 63, 79, 210, 113, 145, 208, 88, 122,
       200, 0, 131, 30, 229, 4, 189, 103, 184, 111, 71, 184, 118, 250,
       171, 8, 215, 113, 9, 123, 145, 68, 108, 106, 105, 244, 121, 62,
       237, 187, 101, 20, 216, 123, 64, 48, 100, 169, 57, 81, 205, 205,
       97, 135, 122, 241, 32, 8, 150, 145, 68, 48, 129, 30, 106, 24, 19,
       122, 250, 18, 13, 156, 21, 126, 192, 8, 198, 170, 127, 174, 254,
       58, 139, 249, 84, 231, 179, 223, 172, 185, 107, 246, 198, 191,
       167, 227, 236, 20, 62, 75, 174, 179, 219, 215, 85, 251, 227, 212,
       142, 95, 69, 113, 57, 69, 0, 78, 49, 56, 104, 224, 98, 72, 214,
       23, 9, 56, 148, 84, 96, 106, 193, 240, 241, 72, 69, 190, 65, 6,
       72, 34, 67, 49, 77, 109, 80, 101, 113, 14, 111, 182, 49, 160, 110,
       72, 159, 3, 1, 84, 54, 204, 85, 110, 64, 154, 152, 110, 231, 253,
       5, 32, 34, 179, 2, 168, 248, 160, 156, 112, 137, 233, 81, 71, 162,
       55, 164, 25, 7, 147, 66, 27, 129, 178, 236, 16, 26, 111, 194, 16,
       219, 193, 116, 123, 224, 72, 206, 10, 5, 113, 17, 69, 176, 14,
       102, 57, 104, 168, 106, 76, 214, 19, 136, 180, 148, 76, 68, 106,
       193, 176, 81, 12, 165, 188, 37, 4, 72, 178, 195, 161, 208, 184,
       151, 88, 8, 232, 161, 71, 170, 19, 160, 88, 180, 214, 64, 63, 129,
       51, 104, 16, 51, 79, 178, 113, 153, 178, 90, 122, 128, 64, 135,
       56, 240, 140, 126, 126, 172, 44, 85, 183, 241, 158, 166, 24, 115,
       121, 0, 83, 33, 246, 109, 42, 120, 111, 131, 47, 243, 235, 100,
       25, 97, 240, 206, 42, 237, 68, 149, 103, 168, 111, 71, 184, 127,
       170, 171, 72, 211, 113, 9, 127, 145, 84, 108, 106, 41, 240, 121,
       62, 237, 186, 69, 20, 200, 123, 66, 34, 205, 229, 157, 103, 168,
       14, 103, 184, 120, 178, 235, 72, 215, 115, 9, 51, 145, 84, 104,
       106, 97, 244, 219, 46, 237, 171, 103, 20, 72, 115, 195, 32, 5, 83,
       21, 103, 48, 14, 98, 184, 124, 168, 99, 100, 215, 82, 137, 240,
       150, 84, 108, 106, 193, 176, 73, 12, 164, 174, 99, 4, 72, 179, 75,
       5, 216, 188, 189, 124, 187, 252, 17, 31, 179, 93, 164, 57, 63,
       183, 66, 59, 167, 147, 253, 16, 191, 79, 178, 23, 219, 235, 116,
       123, 162, 64, 135, 123, 221, 241, 156, 35, 152, 15, 79, 184, 54,
       176, 135, 28, 223, 83, 74, 22, 17, 68, 125, 126, 123, 84, 217, 62,
       233, 199, 45, 116, 170, 147, 139, 32, 221, 108, 151, 101, 169, 14,
       70, 186, 118, 162, 226, 72, 159, 51, 1, 179, 1, 84, 108, 106, 105,
       252, 211, 46, 233, 239, 101, 20, 74, 49, 3, 32, 160, 188, 255,
       120, 203, 233, 113, 71, 187, 23, 160, 56, 62, 151, 100, 59, 161,
       179, 66, 16, 51, 111, 50, 83, 27, 211, 80, 107, 209, 64, 230, 170,
       109, 98, 104, 7, 116, 27, 99, 168, 113, 172, 119, 169, 195, 8,
       159, 20, 16, 204, 68, 111, 76, 244, 237, 14, 102, 125, 33, 21, 70,
       191, 90, 196, 208, 180, 189, 120, 170, 228, 89, 31, 179, 123, 160,
       57, 63, 191, 64, 59, 135, 183, 125, 144, 58, 79, 242, 55, 219,
       235, 116, 123, 160, 64, 134, 123, 79, 180, 180, 19, 249, 125, 23,
       139, 59, 255, 45, 29, 206, 118, 79, 30, 149, 95, 232, 54, 183, 64,
       251, 115, 111, 94, 85, 127, 202, 87, 135, 87, 209, 184, 143, 184,
       137, 173, 64, 7, 191, 83, 130, 93, 183, 166, 80, 219, 129, 167,
       125, 21, 63, 77, 147, 49, 155, 243, 92, 122, 136, 64, 138, 90,
       212, 60, 159, 182, 168, 108, 5, 206, 186, 187, 162, 120, 215, 243,
       73, 27, 167, 119, 108, 18, 59, 71, 154, 34, 217, 163, 127, 60,
