%YAML:1.0
---
descriptors: !!opencv-matrix
   rows: 191
   cols: 32
   dt: u
   data: [ 69, 117, 25, 71, 113, 30, 230, 56, 121, 232, 111, 76, 254,
       113, 13, 181, 144, 92, 112, 106, 225, 240, 249, 108, 39, 184, 69,
       2, 74, 51, 75, 181, 101, 112, 153, 101, 193, 46, 103, 152, 122,
       234, 35, 76, 210, 112, 77, 58, 145, 92, 96, 106, 129, 244, 249,
       10, 101, 190, 69, 52, 200, 115, 67, 48, 69, 85, 63, 103, 176, 78,
       111, 188, 96, 200, 127, 68, 215, 119, 137, 112, 86, 214, 28, 106,
       233, 176, 121, 46, 231, 239, 39, 128, 40, 243, 192, 49, 205, 112,
       185, 103, 32, 78, 87, 152, 120, 234, 55, 8, 223, 87, 201, 59, 150,
       84, 124, 106, 233, 244, 249, 40, 227, 203, 101, 52, 104, 179, 70,
       113, 104, 176, 188, 115, 173, 253, 81, 31, 239, 127, 165, 24, 191,
       61, 74, 59, 129, 18, 249, 16, 26, 106, 251, 145, 207, 219, 80,
       127, 210, 72, 198, 98, 104, 184, 188, 248, 141, 237, 84, 143, 219,
       51, 172, 25, 190, 189, 64, 26, 201, 178, 249, 16, 26, 106, 242,
       177, 203, 255, 84, 123, 210, 72, 214, 10, 96, 213, 149, 253, 157,
       205, 68, 175, 91, 49, 40, 24, 182, 51, 76, 114, 129, 83, 104, 0,
       75, 104, 211, 55, 173, 182, 84, 126, 80, 88, 196, 42, 192, 136,
       157, 254, 200, 237, 17, 135, 150, 23, 96, 24, 182, 243, 96, 91,
       129, 122, 106, 24, 18, 76, 218, 51, 205, 163, 118, 120, 144, 72,
       135, 170, 101, 101, 59, 100, 89, 70, 231, 96, 240, 136, 235, 8,
       80, 215, 33, 48, 248, 245, 82, 235, 105, 243, 184, 78, 113, 172,
       135, 4, 65, 51, 103, 162, 211, 123, 16, 165, 18, 14, 62, 48, 40,
       192, 66, 237, 175, 6, 3, 208, 182, 189, 76, 197, 197, 152, 213,
       78, 180, 180, 42, 130, 44, 54, 11, 21, 69, 118, 145, 71, 100, 46,
       102, 152, 104, 170, 123, 76, 214, 112, 201, 62, 20, 76, 100, 110,
       193, 244, 217, 42, 36, 190, 101, 4, 200, 243, 67, 129, 76, 245,
       189, 99, 157, 111, 87, 184, 106, 251, 47, 8, 215, 113, 73, 58,
       145, 84, 104, 122, 19, 112, 249, 18, 237, 223, 5, 116, 192, 123,
       198, 34, 244, 34, 255, 112, 138, 105, 81, 87, 162, 151, 165, 56,
       19, 231, 72, 27, 39, 214, 109, 24, 58, 71, 162, 0, 217, 201, 117,
       120, 224, 192, 198, 98, 44, 103, 64, 7, 244, 27, 70, 168, 65, 164,
       187, 137, 195, 96, 159, 148, 24, 204, 68, 110, 76, 240, 205, 46,
       44, 6, 165, 53, 103, 255, 94, 132, 240, 172, 222, 114, 168, 173,
       81, 223, 162, 63, 164, 29, 55, 227, 66, 27, 33, 246, 109, 24, 58,
       79, 138, 49, 219, 203, 117, 121, 224, 192, 134, 43, 120, 34, 255,
       116, 10, 104, 65, 83, 224, 180, 164, 56, 19, 151, 65, 59, 38, 244,
       68, 24, 8, 71, 162, 0, 217, 201, 37, 56, 224, 160, 70, 226, 209,
       157, 95, 124, 138, 110, 69, 55, 224, 18, 162, 84, 87, 51, 128,
       123, 101, 246, 124, 42, 121, 77, 147, 13, 241, 171, 112, 16, 40,
       224, 160, 48, 77, 113, 145, 70, 105, 92, 54, 136, 235, 216, 33, 8,
       222, 244, 77, 190, 128, 92, 96, 74, 1, 114, 250, 96, 15, 152, 69,
       46, 194, 51, 71, 167, 100, 113, 56, 103, 64, 15, 119, 184, 106,
       172, 47, 12, 215, 17, 73, 16, 144, 92, 68, 106, 72, 240, 249, 28,
       231, 157, 33, 52, 64, 187, 66, 162, 216, 188, 183, 116, 169, 252,
       85, 151, 179, 31, 164, 24, 47, 247, 64, 159, 39, 246, 237, 0, 42,
       79, 178, 51, 219, 247, 85, 59, 226, 208, 134, 107, 37, 245, 17,
       99, 149, 79, 99, 184, 106, 224, 43, 8, 214, 80, 73, 48, 145, 76,
       80, 122, 1, 112, 249, 60, 237, 156, 5, 116, 200, 59, 66, 178, 205,
       113, 189, 103, 32, 78, 71, 184, 96, 234, 55, 72, 219, 87, 73, 59,
       148, 212, 124, 106, 233, 244, 185, 40, 227, 233, 101, 52, 72, 179,
       70, 115, 221, 99, 156, 182, 168, 60, 76, 136, 234, 187, 163, 93,
       207, 226, 203, 219, 131, 199, 108, 94, 28, 71, 139, 32, 218, 227,
       119, 61, 136, 241, 139, 1, 245, 66, 234, 87, 52, 58, 70, 136, 115,
       206, 230, 23, 67, 96, 159, 122, 113, 204, 108, 238, 172, 244, 237,
       42, 242, 239, 165, 5, 225, 241, 120, 68, 96, 181, 17, 105, 157,
       77, 84, 175, 123, 57, 40, 88, 150, 51, 76, 240, 145, 27, 104, 0,
       91, 120, 219, 23, 173, 222, 20, 126, 88, 8, 194, 42, 100, 109, 27,
       126, 93, 198, 135, 96, 240, 128, 233, 8, 246, 241, 33, 48, 200,
       120, 66, 106, 65, 227, 218, 46, 117, 182, 135, 24, 64, 51, 103,
       162, 117, 69, 85, 101, 20, 79, 71, 184, 116, 160, 171, 10, 83,
       113, 9, 112, 48, 212, 72, 106, 105, 176, 121, 30, 241, 174, 5, 20,
       113, 187, 64, 32, 5, 113, 17, 69, 81, 15, 115, 56, 105, 224, 107,
       76, 222, 18, 9, 176, 144, 12, 64, 106, 193, 176, 89, 76, 37, 188,
       1, 6, 72, 35, 67, 162, 124, 69, 210, 62, 11, 72, 86, 200, 163,
       134, 169, 169, 111, 243, 105, 222, 210, 245, 232, 98, 76, 67, 202,
       138, 178, 246, 69, 59, 178, 119, 14, 2, 240, 172, 189, 118, 136,
       109, 69, 190, 242, 183, 165, 24, 179, 55, 64, 59, 1, 214, 108, 26,
       56, 111, 251, 51, 249, 203, 117, 124, 224, 80, 198, 106, 77, 116,
       185, 103, 225, 94, 119, 152, 121, 234, 103, 8, 222, 113, 77, 58,
       145, 92, 120, 122, 97, 244, 249, 106, 239, 255, 69, 38, 202, 115,
       67, 51, 228, 245, 189, 99, 157, 79, 87, 168, 99, 177, 167, 8, 215,
       113, 73, 51, 145, 84, 104, 114, 121, 112, 249, 20, 239, 219, 69,
       117, 192, 123, 198, 34, 240, 162, 255, 112, 138, 233, 81, 87, 178,
       183, 164, 185, 19, 135, 64, 27, 39, 150, 109, 152, 58, 79, 162, 2,
       219, 203, 117, 125, 224, 192, 134, 114, 240, 188, 222, 114, 170,
       169, 84, 223, 178, 187, 160, 61, 55, 243, 74, 27, 163, 227, 237,
       16, 62, 79, 138, 51, 218, 195, 117, 121, 232, 208, 138, 11, 36,
       165, 49, 65, 221, 77, 215, 173, 79, 53, 45, 24, 214, 21, 76, 52,
       145, 26, 66, 114, 82, 112, 121, 23, 109, 148, 5, 119, 210, 10,
       198, 226, 69, 113, 145, 71, 105, 92, 54, 136, 107, 200, 41, 8,
       222, 208, 77, 182, 144, 92, 96, 74, 69, 96, 248, 32, 39, 152, 5,
       46, 74, 51, 75, 166, 100, 103, 121, 71, 112, 79, 103, 184, 104,
       172, 111, 72, 211, 1, 137, 48, 144, 76, 68, 110, 64, 240, 233, 14,
       229, 156, 37, 4, 64, 179, 70, 225, 240, 188, 255, 80, 171, 253,
       85, 215, 243, 59, 164, 56, 42, 247, 196, 191, 171, 178, 236, 24,
       59, 111, 162, 115, 155, 219, 84, 123, 227, 192, 206, 47, 69, 101,
       153, 71, 52, 14, 103, 184, 120, 224, 43, 76, 211, 33, 217, 50,
       146, 68, 104, 110, 225, 240, 253, 14, 236, 188, 5, 4, 72, 179, 67,
       32, 216, 206, 87, 246, 40, 74, 68, 164, 177, 178, 162, 216, 239,
       99, 1, 219, 35, 229, 108, 34, 104, 71, 203, 43, 210, 227, 117, 25,
       32, 241, 15, 8, 3, 127, 238, 2, 242, 242, 191, 71, 168, 197, 188,
       167, 56, 188, 247, 34, 174, 123, 210, 149, 135, 171, 36, 104, 122,
       5, 62, 131, 205, 86, 175, 223, 252, 48, 189, 112, 136, 108, 81,
       19, 226, 247, 164, 24, 19, 183, 65, 59, 5, 212, 104, 24, 24, 103,
       242, 0, 219, 137, 117, 124, 224, 113, 70, 98, 71, 93, 158, 30, 40,
       158, 150, 98, 168, 202, 139, 237, 228, 246, 167, 179, 132, 117,
       248, 103, 229, 203, 154, 42, 178, 55, 79, 154, 8, 119, 11, 21, 98,
       245, 152, 118, 233, 28, 62, 188, 187, 59, 45, 157, 110, 239, 74,
       26, 135, 95, 229, 70, 102, 69, 154, 99, 251, 215, 85, 63, 202,
       246, 139, 26, 124, 213, 216, 110, 75, 89, 23, 184, 179, 54, 173,
       13, 110, 243, 11, 214, 19, 212, 232, 98, 106, 67, 219, 27, 243,
       231, 65, 63, 122, 119, 78, 18, 129, 112, 83, 71, 99, 30, 231, 48,
       121, 202, 99, 108, 122, 16, 133, 181, 18, 116, 64, 106, 225, 180,
       181, 79, 36, 190, 0, 2, 75, 179, 67, 189, 228, 228, 189, 99, 141,
       79, 87, 168, 99, 186, 167, 24, 214, 49, 73, 59, 145, 84, 104, 122,
       123, 116, 249, 18, 237, 219, 69, 116, 192, 59, 70, 34, 69, 117,
       145, 103, 240, 14, 103, 184, 120, 168, 107, 76, 214, 115, 9, 16,
       144, 76, 68, 110, 225, 176, 217, 42, 237, 188, 37, 4, 200, 115,
       67, 163, 57, 113, 49, 96, 97, 95, 82, 120, 105, 232, 109, 8, 94,
       16, 13, 180, 144, 156, 68, 106, 77, 178, 241, 12, 179, 221, 1, 54,
