%YAML:1.0
---
descriptors: !!opencv-matrix
   rows: 228
   cols: 32
   dt: u
   data: [ 5, 125, 49, 71, 117, 78, 230, 184, 124, 200, 106, 76, 214, 17,
       13, 48, 144, 92, 80, 106, 193, 176, 121, 110, 101, 188, 5, 2, 72,
       51, 67, 177, 117, 95, 125, 103, 176, 14, 71, 56, 113, 234, 255,
       108, 83, 113, 145, 112, 20, 100, 124, 110, 233, 176, 125, 46, 232,
       239, 37, 148, 104, 243, 66, 49, 252, 28, 191, 118, 40, 46, 85, 50,
       160, 154, 183, 56, 247, 119, 129, 123, 135, 245, 109, 34, 104,
       101, 227, 40, 211, 235, 113, 152, 96, 241, 70, 35, 92, 85, 57,
       235, 180, 110, 79, 190, 52, 172, 255, 64, 215, 23, 136, 112, 86,
       222, 93, 122, 121, 144, 121, 62, 233, 237, 37, 212, 32, 211, 132,
       49, 236, 52, 188, 114, 173, 109, 115, 152, 251, 191, 173, 24, 222,
       253, 73, 59, 145, 16, 124, 26, 51, 101, 251, 18, 223, 219, 81,
       125, 194, 75, 70, 51, 92, 165, 253, 114, 155, 233, 81, 207, 178,
       53, 173, 24, 31, 247, 72, 58, 35, 151, 232, 16, 26, 107, 186, 113,
       217, 199, 21, 125, 224, 64, 135, 98, 92, 16, 188, 245, 44, 76, 89,
       24, 175, 255, 183, 45, 223, 247, 67, 91, 199, 85, 253, 24, 8, 65,
       251, 128, 203, 251, 115, 252, 128, 161, 7, 115, 216, 176, 188,
       240, 45, 124, 89, 27, 187, 63, 183, 24, 159, 191, 72, 123, 135,
       149, 253, 24, 58, 79, 251, 147, 219, 251, 115, 255, 194, 192, 71,
       115, 104, 188, 180, 248, 173, 253, 92, 223, 255, 187, 190, 24,
       175, 249, 84, 27, 201, 242, 255, 16, 186, 111, 242, 179, 219, 223,
       87, 123, 210, 76, 214, 11, 120, 188, 188, 248, 173, 253, 80, 87,
       255, 123, 180, 24, 191, 191, 64, 59, 205, 179, 255, 25, 186, 111,
       242, 147, 219, 219, 84, 123, 210, 76, 198, 43, 106, 173, 244, 252,
       237, 237, 92, 255, 191, 251, 252, 24, 239, 251, 84, 123, 201, 247,
       127, 152, 186, 107, 211, 247, 191, 255, 215, 123, 211, 204, 242,
       11, 70, 172, 246, 223, 238, 41, 252, 202, 191, 179, 243, 154, 236,
       238, 93, 75, 255, 239, 127, 147, 178, 119, 203, 243, 156, 254,
       223, 238, 149, 249, 227, 129, 44, 13, 26, 126, 221, 217, 150, 224,
       135, 132, 236, 9, 230, 249, 35, 16, 216, 120, 195, 66, 78, 35, 90,
       63, 99, 245, 1, 59, 82, 59, 76, 130, 76, 52, 181, 65, 241, 127,
       51, 3, 107, 177, 47, 24, 222, 55, 77, 190, 149, 93, 224, 48, 17,
       240, 249, 66, 79, 223, 69, 103, 194, 99, 71, 162, 201, 213, 149,
       103, 32, 14, 103, 184, 104, 234, 107, 76, 214, 49, 16, 51, 176,
       68, 108, 110, 225, 240, 217, 45, 229, 251, 101, 20, 74, 242, 67,
       41, 77, 116, 157, 101, 165, 111, 119, 8, 120, 234, 47, 8, 222, 49,
       9, 59, 177, 84, 104, 42, 97, 244, 185, 10, 231, 187, 69, 6, 72,
       115, 67, 35, 212, 182, 252, 114, 170, 233, 21, 215, 178, 183, 165,
       56, 23, 247, 72, 27, 39, 215, 109, 16, 58, 79, 170, 2, 217, 195,
       117, 125, 224, 208, 135, 99, 197, 244, 157, 83, 172, 47, 167, 156,
       122, 251, 3, 92, 214, 112, 217, 43, 17, 70, 120, 127, 241, 116,
       251, 34, 109, 14, 117, 116, 200, 123, 209, 48, 205, 52, 157, 101,
       129, 126, 113, 19, 121, 243, 47, 28, 158, 55, 67, 123, 133, 87,
       120, 56, 177, 216, 241, 66, 207, 251, 81, 6, 138, 96, 131, 114,
       77, 79, 4, 79, 48, 26, 106, 184, 117, 172, 107, 68, 195, 64, 155,
       212, 18, 68, 108, 126, 236, 176, 77, 46, 164, 190, 33, 4, 66, 179,
       72, 5, 69, 113, 145, 69, 65, 78, 118, 0, 104, 232, 99, 8, 222, 18,
       69, 50, 144, 84, 96, 106, 65, 112, 185, 64, 37, 184, 5, 6, 72, 51,
       67, 38, 248, 174, 222, 120, 138, 233, 81, 215, 178, 23, 164, 185,
       39, 231, 66, 27, 39, 179, 205, 144, 58, 79, 130, 51, 219, 195,
       112, 121, 224, 192, 166, 106, 216, 34, 251, 96, 34, 106, 65, 87,
       34, 183, 166, 56, 19, 23, 192, 59, 39, 148, 68, 24, 24, 125, 161,
       0, 89, 203, 113, 100, 225, 192, 198, 227, 45, 113, 17, 101, 81,
       95, 83, 24, 105, 232, 109, 8, 218, 83, 13, 180, 144, 92, 64, 106,
       69, 176, 249, 12, 103, 221, 1, 38, 74, 35, 74, 178, 248, 158, 252,
       120, 174, 169, 81, 23, 211, 63, 180, 56, 51, 129, 66, 27, 9, 178,
       236, 24, 58, 111, 98, 51, 219, 203, 116, 121, 243, 200, 198, 43,
       100, 112, 56, 99, 64, 15, 83, 24, 96, 172, 37, 12, 210, 83, 73,
       19, 16, 84, 64, 106, 72, 240, 249, 8, 199, 137, 33, 52, 72, 179,
       66, 162, 252, 188, 241, 114, 235, 233, 81, 223, 179, 189, 172, 56,
       15, 247, 72, 158, 39, 254, 236, 24, 58, 75, 170, 99, 219, 213, 21,
       127, 226, 192, 134, 99, 237, 117, 157, 103, 172, 79, 71, 184, 105,
       250, 55, 72, 214, 113, 217, 59, 145, 68, 124, 106, 225, 116, 249,
       42, 239, 219, 101, 52, 74, 251, 66, 49, 25, 93, 25, 103, 176, 14,
       111, 188, 116, 234, 126, 100, 247, 115, 137, 112, 23, 94, 60, 110,
       233, 144, 121, 47, 228, 239, 39, 128, 40, 243, 129, 57, 68, 184,
       157, 250, 232, 205, 1, 143, 206, 59, 32, 24, 246, 243, 72, 123,
       129, 82, 106, 24, 51, 109, 218, 49, 205, 130, 117, 124, 216, 72,
       135, 170, 188, 172, 155, 127, 148, 70, 71, 251, 118, 138, 226, 16,
       115, 243, 32, 112, 217, 254, 12, 8, 57, 254, 89, 62, 233, 239, 53,
       0, 224, 224, 228, 42, 166, 244, 99, 18, 229, 249, 85, 199, 249,
       95, 113, 189, 34, 220, 30, 61, 137, 186, 197, 22, 254, 118, 250,
       163, 39, 88, 84, 235, 195, 92, 214, 215, 220, 10, 159, 246, 168,
       44, 84, 50, 168, 154, 179, 120, 255, 119, 1, 91, 167, 247, 109, 2,
       40, 71, 195, 32, 211, 235, 117, 152, 160, 241, 3, 35, 85, 85, 61,
       102, 168, 78, 71, 184, 161, 8, 191, 72, 215, 119, 137, 115, 20,
       214, 124, 106, 201, 129, 249, 44, 241, 233, 101, 148, 96, 243,
       198, 113, 252, 120, 189, 114, 40, 76, 87, 152, 251, 254, 165, 24,
       215, 215, 73, 59, 148, 212, 124, 122, 105, 103, 251, 34, 211, 219,
       117, 60, 192, 177, 70, 51, 108, 181, 184, 115, 173, 253, 81, 153,
       127, 63, 173, 24, 223, 253, 74, 58, 145, 26, 237, 16, 26, 97, 251,
       19, 207, 223, 17, 125, 210, 75, 206, 50, 133, 134, 206, 127, 128,
       42, 101, 154, 118, 179, 99, 244, 211, 225, 153, 123, 83, 78, 106,
       14, 49, 244, 207, 50, 76, 167, 117, 4, 236, 241, 208, 160, 132,
       120, 123, 69, 64, 110, 99, 16, 96, 226, 102, 72, 115, 23, 133, 62,
       48, 116, 64, 106, 1, 180, 177, 8, 69, 168, 97, 0, 99, 243, 70,
       160, 245, 14, 205, 119, 180, 42, 79, 186, 112, 234, 126, 252, 243,
       97, 153, 121, 17, 230, 108, 46, 169, 244, 109, 46, 236, 175, 101,
       132, 236, 249, 210, 32, 92, 112, 188, 244, 40, 76, 89, 24, 171,
       185, 183, 41, 223, 215, 73, 91, 166, 213, 125, 88, 152, 97, 251,
       0, 219, 249, 115, 252, 128, 163, 71, 83, 120, 176, 188, 240, 41,
       221, 89, 24, 171, 125, 180, 24, 159, 159, 72, 27, 132, 149, 253,
       16, 138, 111, 242, 209, 219, 219, 112, 127, 194, 0, 71, 115, 234,
       189, 180, 252, 189, 237, 220, 223, 255, 187, 188, 24, 170, 185,
       84, 26, 201, 182, 255, 16, 186, 111, 210, 147, 191, 251, 215, 123,
       210, 88, 210, 11, 232, 188, 180, 248, 173, 237, 84, 95, 255, 59,
       188, 24, 191, 191, 84, 58, 201, 179, 255, 24, 186, 111, 210, 147,
       219, 223, 85, 123, 210, 204, 214, 11, 162, 236, 246, 253, 237,
       143, 252, 254, 191, 187, 242, 26, 234, 248, 84, 75, 237, 231, 127,
       131, 250, 111, 219, 243, 191, 218, 223, 250, 209, 120, 227, 10,
       125, 69, 102, 100, 157, 26, 70, 173, 225, 164, 174, 136, 75, 105,
       159, 183, 58, 230, 236, 110, 252, 99, 237, 172, 178, 249, 69, 21,
       103, 246, 218, 4, 253, 235, 100, 103, 173, 26, 78, 184, 113, 242,
       183, 168, 107, 105, 159, 183, 18, 196, 236, 110, 236, 103, 237,
       172, 182, 251, 101, 21, 111, 183, 74, 76, 175, 38, 228, 65, 237,
       63, 210, 154, 91, 250, 61, 93, 202, 104, 223, 174, 157, 204, 252,
       63, 172, 116, 237, 130, 14, 95, 69, 247, 202, 255, 90, 197, 205,
       125, 157, 103, 33, 14, 103, 184, 120, 162, 103, 76, 214, 113, 25,
       51, 144, 68, 104, 110, 225, 244, 217, 42, 231, 251, 69, 0, 74,
       243, 67, 33, 77, 116, 157, 101, 165, 110, 103, 56, 120, 234, 47,
