%YAML:1.0
---
descriptors: !!opencv-matrix
   rows: 297
   cols: 32
   dt: u
   data: [ 221, 38, 148, 176, 184, 60, 88, 154, 251, 187, 163, 93, 207,
       226, 203, 218, 167, 199, 236, 28, 188, 69, 203, 2, 154, 247, 119,
       253, 136, 245, 139, 5, 108, 165, 189, 115, 201, 109, 87, 136, 114,
       63, 165, 24, 214, 117, 72, 58, 153, 82, 104, 122, 58, 98, 251, 51,
       239, 223, 85, 125, 192, 91, 198, 98, 248, 180, 180, 248, 173, 253,
       80, 83, 255, 123, 180, 24, 191, 191, 64, 59, 137, 179, 253, 16,
       186, 111, 242, 147, 219, 219, 80, 123, 210, 76, 67, 75, 120, 188,
       254, 120, 186, 232, 81, 215, 162, 21, 172, 56, 55, 183, 64, 27, 3,
       179, 109, 16, 58, 75, 162, 49, 219, 195, 112, 121, 224, 192, 134,
       43, 240, 170, 190, 248, 170, 225, 81, 87, 178, 23, 132, 57, 55,
       151, 98, 90, 103, 179, 109, 16, 26, 79, 162, 51, 219, 195, 116,
       121, 176, 192, 166, 107, 208, 24, 159, 116, 168, 108, 81, 51, 176,
       155, 162, 56, 247, 183, 64, 123, 1, 246, 108, 8, 57, 79, 179, 0,
       217, 227, 112, 24, 160, 224, 6, 43, 5, 117, 49, 71, 117, 95, 230,
       184, 121, 232, 107, 72, 222, 89, 13, 180, 144, 92, 80, 106, 193,
       240, 249, 110, 39, 188, 5, 6, 74, 51, 67, 179, 22, 205, 214, 143,
       254, 11, 254, 232, 63, 162, 251, 10, 206, 234, 61, 64, 255, 239,
       127, 227, 104, 243, 137, 238, 188, 190, 207, 164, 197, 123, 225,
       129, 37, 117, 17, 67, 117, 95, 230, 184, 106, 232, 43, 72, 214,
       113, 77, 180, 144, 92, 82, 106, 65, 240, 121, 14, 47, 156, 5, 54,
       72, 59, 67, 160, 22, 237, 246, 191, 254, 11, 254, 236, 125, 162,
       251, 10, 207, 234, 61, 64, 255, 255, 127, 227, 232, 243, 201, 238,
       190, 254, 207, 134, 101, 251, 161, 129, 240, 176, 255, 112, 40,
       201, 81, 83, 163, 189, 164, 28, 51, 151, 64, 27, 35, 180, 109, 24,
       58, 111, 178, 16, 219, 201, 49, 120, 225, 128, 70, 123, 36, 225,
       57, 75, 29, 77, 83, 136, 74, 52, 37, 8, 242, 85, 9, 52, 153, 16,
       64, 106, 74, 34, 123, 21, 101, 216, 1, 63, 80, 27, 70, 226, 5,
       223, 27, 103, 176, 14, 47, 189, 116, 234, 123, 100, 213, 115, 136,
       112, 54, 126, 52, 110, 241, 144, 125, 47, 236, 174, 103, 128, 8,
       242, 129, 49, 77, 97, 252, 103, 48, 14, 127, 184, 57, 164, 103,
       136, 223, 119, 137, 50, 22, 213, 125, 110, 96, 208, 233, 76, 231,
       251, 101, 4, 66, 179, 7, 96, 85, 6, 204, 85, 180, 58, 70, 154,
       113, 171, 254, 84, 195, 97, 151, 254, 113, 206, 108, 190, 173,
       208, 205, 10, 162, 255, 181, 5, 235, 245, 120, 4, 102, 170, 191,
       86, 202, 96, 17, 207, 170, 191, 160, 57, 100, 247, 68, 27, 131,
       119, 105, 16, 18, 75, 170, 96, 89, 163, 125, 255, 128, 97, 135,
       107, 236, 48, 185, 115, 237, 125, 81, 152, 91, 255, 165, 24, 222,
       255, 73, 59, 153, 216, 255, 16, 59, 102, 251, 16, 207, 217, 81,
       127, 194, 73, 70, 178, 252, 188, 253, 118, 136, 111, 69, 190, 179,
       190, 165, 24, 83, 119, 73, 27, 1, 214, 108, 42, 56, 71, 251, 42,
       251, 203, 117, 60, 226, 241, 198, 99, 252, 205, 156, 126, 139, 45,
       23, 168, 178, 55, 172, 25, 111, 227, 75, 91, 177, 211, 233, 98,
       106, 67, 155, 55, 251, 227, 85, 63, 242, 115, 143, 34, 192, 168,
       157, 255, 200, 237, 37, 142, 174, 51, 32, 24, 182, 51, 64, 91,
       129, 82, 106, 24, 50, 76, 219, 49, 205, 162, 84, 120, 144, 81,
       135, 170, 21, 205, 89, 103, 20, 79, 71, 188, 86, 160, 234, 2, 211,
       81, 25, 112, 112, 220, 40, 122, 107, 176, 121, 63, 233, 142, 5,
       20, 48, 187, 64, 32, 205, 117, 185, 103, 145, 78, 55, 136, 121,
       226, 111, 8, 222, 119, 9, 50, 145, 93, 112, 106, 97, 240, 249,
       106, 111, 191, 69, 6, 202, 115, 195, 178, 120, 174, 216, 114, 170,
       169, 81, 215, 179, 183, 172, 185, 47, 167, 66, 26, 39, 179, 237,
       144, 58, 79, 138, 51, 219, 195, 117, 121, 226, 192, 134, 107, 69,
       244, 157, 99, 164, 111, 103, 152, 122, 243, 11, 8, 215, 113, 89,
       42, 145, 76, 120, 123, 209, 112, 249, 34, 237, 158, 101, 116, 200,
       123, 211, 34, 252, 58, 255, 112, 170, 233, 65, 214, 162, 151, 164,
       56, 19, 183, 64, 27, 39, 246, 108, 24, 58, 79, 162, 32, 217, 201,
       117, 120, 224, 193, 198, 107, 248, 178, 253, 114, 170, 233, 81,
       223, 179, 63, 164, 56, 19, 247, 200, 26, 7, 146, 108, 24, 58, 111,
       234, 51, 219, 207, 117, 124, 242, 200, 198, 43, 240, 48, 255, 112,
       130, 105, 65, 87, 176, 183, 164, 184, 19, 135, 192, 27, 39, 182,
       69, 24, 56, 207, 160, 0, 217, 203, 112, 112, 225, 192, 198, 106,
       77, 116, 149, 71, 225, 126, 55, 168, 121, 234, 47, 8, 222, 112,
       73, 190, 145, 92, 104, 106, 101, 240, 249, 106, 111, 255, 69, 6,
       202, 115, 203, 38, 248, 174, 220, 114, 168, 173, 81, 215, 178,
       191, 164, 29, 51, 227, 66, 27, 9, 242, 109, 24, 58, 111, 218, 51,
       219, 203, 117, 121, 225, 192, 198, 43, 205, 213, 156, 71, 161, 30,
       119, 184, 125, 170, 47, 68, 222, 115, 9, 115, 149, 85, 124, 106,
       97, 208, 249, 110, 239, 251, 71, 22, 10, 115, 73, 3, 101, 113, 57,
       99, 96, 15, 103, 184, 104, 172, 39, 72, 211, 81, 73, 48, 144, 92,
       68, 106, 72, 240, 249, 8, 101, 152, 37, 52, 64, 179, 70, 161, 248,
       188, 247, 114, 171, 249, 85, 215, 179, 31, 164, 56, 46, 247, 72,
       191, 39, 247, 236, 16, 58, 111, 186, 99, 219, 211, 85, 123, 226,
       208, 134, 99, 92, 171, 156, 114, 170, 169, 53, 207, 162, 189, 172,
       185, 135, 167, 74, 26, 35, 215, 237, 16, 18, 75, 138, 49, 219,
       197, 53, 125, 224, 80, 135, 43, 148, 204, 193, 63, 144, 42, 102,
       174, 118, 130, 234, 80, 115, 96, 9, 88, 113, 238, 40, 106, 104,
       180, 77, 62, 172, 166, 37, 4, 225, 243, 240, 32, 29, 140, 194,
       127, 149, 170, 102, 175, 118, 3, 106, 144, 243, 99, 168, 204, 113,
       234, 42, 156, 58, 152, 77, 63, 236, 231, 151, 68, 178, 208, 232,
       0, 197, 174, 135, 159, 204, 169, 228, 143, 254, 147, 161, 212,
       245, 226, 208, 91, 107, 98, 106, 28, 50, 109, 207, 115, 140, 2,
       119, 104, 152, 209, 193, 128, 69, 112, 157, 69, 129, 110, 23, 24,
       105, 234, 39, 72, 214, 49, 73, 59, 144, 85, 108, 122, 129, 228,
       241, 8, 197, 153, 101, 50, 200, 115, 67, 35, 236, 48, 189, 99,
       129, 111, 83, 136, 122, 186, 37, 24, 214, 117, 73, 59, 145, 84,
       104, 114, 49, 116, 249, 50, 207, 219, 69, 119, 192, 107, 71, 34,
       40, 165, 148, 121, 153, 237, 20, 143, 27, 55, 40, 25, 174, 57, 72,
       153, 129, 27, 233, 16, 118, 104, 211, 179, 239, 215, 20, 127, 210,
       92, 143, 138, 120, 170, 254, 112, 170, 233, 81, 215, 163, 21, 164,
       57, 55, 163, 66, 26, 39, 178, 237, 16, 26, 75, 162, 49, 219, 195,
       116, 121, 224, 192, 134, 43, 81, 143, 93, 101, 176, 46, 79, 183,
       100, 8, 106, 68, 243, 97, 144, 112, 16, 102, 108, 46, 185, 184,
       69, 47, 232, 175, 36, 64, 104, 242, 192, 41, 208, 152, 191, 116,
       138, 108, 85, 23, 178, 159, 166, 24, 119, 183, 64, 91, 39, 246,
       109, 8, 56, 79, 178, 1, 217, 227, 112, 24, 160, 224, 166, 107, 69,
       117, 17, 71, 113, 30, 230, 184, 121, 232, 107, 76, 222, 112, 13,
       180, 144, 92, 80, 106, 225, 176, 217, 78, 37, 190, 5, 6, 74, 51,
       203, 165, 37, 117, 17, 71, 117, 95, 230, 184, 110, 232, 43, 72,
       214, 112, 77, 180, 144, 76, 82, 106, 193, 240, 121, 44, 45, 156,
       5, 54, 72, 59, 67, 182, 109, 112, 145, 103, 193, 110, 99, 152, 98,
       226, 43, 8, 210, 117, 73, 58, 145, 92, 112, 122, 1, 240, 249, 10,
       77, 156, 69, 52, 202, 115, 67, 34, 157, 213, 27, 103, 48, 14, 111,
       188, 116, 202, 95, 100, 213, 115, 137, 112, 54, 92, 60, 110, 225,
       144, 121, 47, 229, 175, 39, 132, 40, 242, 161, 49, 125, 85, 125,
       102, 184, 78, 79, 188, 97, 232, 191, 72, 83, 119, 137, 115, 20,
       212, 124, 106, 201, 163, 249, 44, 243, 233, 101, 20, 106, 243, 66,
       49, 29, 221, 25, 231, 180, 47, 79, 184, 52, 234, 255, 100, 215,
       119, 137, 112, 55, 223, 29, 106, 185, 144, 105, 46, 233, 239, 37,
       196, 168, 243, 128, 49, 236, 48, 185, 99, 237, 125, 81, 152, 91,
