%YAML:1.0
---
descriptors: !!opencv-matrix
   rows: 289
   cols: 32
   dt: u
   data: [ 36, 229, 57, 108, 29, 77, 87, 232, 67, 28, 173, 8, 242, 85, 9,
       48, 216, 216, 64, 106, 74, 34, 122, 31, 227, 221, 1, 61, 82, 59,
       70, 162, 1, 223, 159, 151, 176, 14, 47, 190, 124, 202, 90, 228,
       245, 114, 145, 96, 55, 111, 62, 238, 241, 216, 221, 111, 108, 174,
       111, 128, 12, 242, 161, 185, 116, 101, 18, 140, 89, 137, 134, 232,
       174, 160, 169, 9, 198, 226, 105, 80, 184, 237, 106, 99, 64, 99,
       218, 92, 177, 4, 15, 63, 80, 59, 35, 2, 237, 113, 189, 103, 44,
       95, 87, 152, 99, 250, 181, 8, 211, 85, 217, 59, 156, 212, 124,
       122, 233, 102, 249, 0, 199, 217, 101, 60, 74, 251, 70, 113, 197,
       188, 149, 209, 168, 44, 36, 158, 250, 187, 162, 84, 212, 50, 200,
       127, 133, 87, 108, 24, 177, 77, 219, 96, 140, 186, 127, 246, 136,
       113, 131, 5, 28, 189, 91, 239, 180, 46, 111, 191, 52, 170, 126,
       96, 247, 119, 137, 64, 119, 254, 29, 58, 121, 152, 105, 63, 237,
       239, 167, 196, 164, 243, 132, 113, 224, 180, 156, 250, 200, 201,
       21, 143, 186, 51, 160, 24, 182, 215, 72, 91, 129, 18, 104, 16,
       123, 111, 219, 49, 221, 146, 85, 123, 208, 72, 135, 42, 85, 77,
       93, 101, 176, 14, 71, 184, 236, 0, 170, 0, 247, 113, 1, 115, 22,
       214, 124, 106, 105, 161, 121, 44, 225, 171, 37, 16, 96, 243, 64,
       32, 172, 180, 188, 250, 237, 253, 80, 11, 127, 63, 37, 24, 222,
       253, 72, 59, 153, 27, 255, 16, 58, 110, 251, 151, 207, 223, 81,
       127, 210, 10, 198, 146, 244, 80, 189, 116, 40, 12, 85, 180, 160,
       186, 182, 56, 87, 55, 9, 91, 135, 213, 109, 42, 104, 103, 195, 0,
       209, 171, 117, 24, 96, 241, 70, 35, 237, 244, 188, 247, 173, 63,
       95, 189, 127, 187, 191, 92, 255, 121, 88, 59, 157, 215, 124, 126,
       186, 102, 251, 191, 239, 251, 117, 180, 202, 251, 194, 43, 69, 39,
       144, 35, 176, 62, 110, 152, 122, 171, 59, 80, 223, 98, 203, 250,
       151, 69, 108, 126, 148, 240, 201, 66, 172, 252, 103, 100, 192,
       243, 203, 5, 221, 220, 220, 247, 172, 47, 127, 188, 63, 186, 183,
       120, 223, 115, 201, 123, 215, 215, 125, 106, 169, 229, 203, 170,
       239, 255, 103, 180, 170, 251, 130, 35, 69, 247, 144, 67, 144, 12,
       102, 188, 106, 185, 43, 76, 214, 114, 76, 242, 149, 78, 104, 126,
       199, 112, 217, 119, 173, 190, 37, 100, 200, 19, 195, 13, 77, 117,
       57, 71, 241, 78, 55, 184, 57, 238, 127, 108, 222, 119, 137, 52,
       148, 92, 253, 98, 225, 208, 249, 110, 103, 255, 37, 134, 74, 115,
       135, 243, 77, 115, 16, 71, 112, 14, 102, 184, 104, 168, 107, 76,
       214, 82, 153, 180, 148, 76, 76, 110, 193, 176, 217, 12, 36, 188,
       37, 4, 74, 179, 67, 1, 205, 112, 157, 119, 40, 110, 85, 152, 112,
       250, 167, 24, 223, 85, 73, 59, 145, 84, 108, 122, 41, 100, 249,
       34, 199, 235, 101, 52, 192, 115, 71, 35, 129, 117, 19, 5, 85, 14,
       230, 53, 104, 192, 98, 76, 254, 16, 21, 180, 144, 100, 64, 110,
       229, 176, 21, 78, 36, 184, 4, 0, 72, 50, 75, 141, 28, 100, 188,
       247, 168, 43, 127, 152, 174, 186, 183, 0, 223, 111, 89, 75, 239,
       213, 125, 235, 168, 229, 203, 96, 205, 235, 111, 148, 132, 243,
       37, 33, 28, 181, 251, 82, 155, 233, 17, 207, 179, 21, 173, 24, 26,
       247, 76, 56, 161, 155, 192, 144, 18, 107, 186, 115, 91, 197, 21,
       111, 227, 64, 167, 226, 1, 150, 16, 77, 114, 190, 98, 48, 124, 9,
       123, 68, 222, 50, 164, 244, 148, 12, 6, 44, 149, 184, 1, 95, 36,
       190, 50, 66, 216, 130, 105, 133, 246, 237, 214, 255, 221, 47, 238,
       236, 63, 178, 251, 26, 207, 234, 29, 91, 123, 207, 127, 227, 56,
       247, 217, 254, 191, 254, 199, 52, 229, 251, 243, 128, 220, 144,
       188, 247, 172, 44, 121, 157, 175, 187, 183, 56, 223, 247, 72, 123,
       199, 87, 125, 17, 58, 69, 251, 145, 203, 251, 119, 252, 130, 224,
       133, 51, 188, 236, 134, 254, 157, 175, 78, 249, 183, 186, 233, 24,
       202, 251, 29, 27, 217, 238, 127, 226, 120, 103, 219, 250, 187,
       255, 199, 62, 211, 123, 242, 2, 216, 184, 189, 248, 169, 252, 89,
       223, 179, 91, 180, 24, 191, 191, 64, 59, 133, 179, 125, 24, 59,
       79, 242, 17, 219, 219, 118, 249, 162, 64, 135, 123, 236, 252, 180,
       255, 173, 237, 86, 182, 223, 59, 172, 24, 191, 249, 65, 91, 201,
       242, 127, 90, 42, 110, 218, 191, 239, 219, 84, 122, 210, 91, 210,
       10, 248, 188, 191, 120, 169, 253, 81, 223, 251, 123, 164, 24, 191,
       255, 68, 123, 133, 179, 253, 24, 59, 111, 242, 179, 219, 219, 117,
       122, 194, 72, 199, 59, 230, 236, 214, 223, 236, 169, 252, 239,
       191, 155, 242, 18, 236, 250, 92, 91, 239, 239, 127, 147, 50, 255,
       203, 243, 190, 254, 223, 174, 149, 120, 243, 137, 236, 181, 189,
       97, 160, 111, 117, 31, 123, 187, 63, 24, 223, 55, 72, 59, 149, 22,
       125, 56, 179, 244, 249, 2, 207, 219, 117, 116, 192, 192, 198, 51,
       148, 157, 123, 175, 180, 143, 127, 189, 36, 168, 223, 32, 247, 87,
       137, 81, 118, 255, 93, 106, 232, 184, 73, 45, 232, 233, 39, 144,
       36, 187, 129, 43, 20, 189, 250, 239, 180, 171, 255, 255, 46, 9,
       250, 34, 247, 255, 24, 64, 255, 255, 31, 131, 218, 184, 201, 63,
       252, 237, 175, 196, 180, 251, 161, 137, 204, 92, 189, 231, 32,
       110, 127, 184, 57, 170, 246, 120, 215, 119, 137, 123, 55, 213,
       125, 106, 233, 212, 249, 42, 199, 251, 97, 132, 0, 243, 7, 115,
       220, 88, 127, 231, 36, 14, 127, 188, 52, 170, 247, 96, 215, 87,
       137, 83, 54, 245, 125, 106, 232, 212, 121, 46, 231, 235, 103, 132,
       32, 178, 97, 49, 77, 48, 157, 97, 161, 126, 117, 19, 41, 251, 39,
       84, 222, 51, 64, 250, 133, 21, 120, 56, 17, 212, 241, 64, 207,
       251, 87, 70, 138, 96, 139, 51, 69, 117, 145, 101, 17, 78, 102, 56,
       104, 232, 107, 76, 214, 49, 9, 50, 144, 68, 104, 106, 193, 240,
       249, 8, 229, 190, 5, 4, 72, 51, 67, 50, 248, 170, 254, 122, 138,
       233, 81, 215, 178, 23, 164, 185, 55, 167, 66, 27, 35, 178, 109,
       16, 58, 79, 162, 51, 217, 195, 116, 121, 224, 192, 166, 107, 252,
       10, 204, 180, 138, 104, 85, 191, 162, 182, 134, 185, 87, 231, 67,
       91, 67, 246, 109, 130, 40, 71, 203, 32, 217, 227, 245, 189, 160,
       240, 134, 106, 252, 188, 220, 50, 168, 173, 80, 223, 162, 191,
       164, 29, 55, 243, 66, 27, 133, 246, 109, 20, 58, 79, 218, 33, 219,
       203, 117, 121, 232, 192, 202, 11, 205, 117, 157, 103, 177, 111,
       119, 184, 121, 226, 47, 8, 222, 113, 9, 51, 145, 84, 120, 106,
       161, 240, 249, 14, 239, 255, 69, 6, 202, 115, 67, 50, 5, 221, 31,
       103, 176, 14, 111, 188, 116, 234, 126, 100, 245, 115, 153, 113,
       54, 110, 52, 110, 225, 208, 125, 47, 236, 175, 39, 128, 8, 243,
       129, 177, 125, 125, 125, 103, 164, 78, 79, 184, 97, 232, 191, 72,
       83, 119, 137, 51, 20, 212, 124, 106, 201, 242, 249, 44, 247, 233,
       101, 20, 107, 243, 66, 113, 156, 157, 121, 231, 180, 47, 79, 189,
       52, 170, 127, 96, 215, 119, 136, 112, 119, 254, 29, 106, 249, 152,
       121, 62, 233, 239, 37, 196, 32, 243, 196, 113, 93, 93, 125, 103,
       176, 78, 79, 188, 97, 170, 191, 72, 243, 119, 137, 114, 54, 212,
       92, 106, 233, 129, 121, 46, 243, 239, 37, 148, 96, 243, 198, 49,
       252, 188, 252, 118, 141, 109, 85, 222, 211, 191, 165, 24, 67, 245,
       75, 31, 9, 214, 237, 26, 120, 103, 250, 34, 219, 203, 85, 61, 227,
       249, 198, 42, 236, 52, 188, 99, 237, 125, 83, 152, 123, 187, 165,
       24, 223, 93, 73, 59, 153, 144, 253, 58, 58, 102, 251, 18, 207,
       219, 97, 127, 194, 203, 70, 51, 88, 77, 92, 108, 184, 10, 71, 181,
       224, 176, 174, 8, 215, 115, 1, 115, 34, 244, 108, 106, 104, 161,
       121, 44, 241, 235, 101, 16, 96, 242, 195, 40, 230, 237, 214, 191,
       252, 171, 254, 238, 191, 179, 251, 26, 239, 234, 124, 75, 255,
       239, 127, 243, 122, 251, 203, 255, 190, 254, 223, 156, 149, 251,
       227, 129, 214, 238, 246, 191, 252, 43, 254, 255, 63, 187, 251, 58,
       239, 234, 221, 91, 255, 223, 127, 179, 184, 247, 203, 255, 190,
