%YAML:1.0
---
descriptors: !!opencv-matrix
   rows: 209
   cols: 32
   dt: u
   data: [ 60, 97, 120, 106, 93, 93, 87, 232, 199, 164, 173, 9, 123, 217,
       107, 48, 216, 216, 195, 106, 74, 35, 122, 61, 251, 205, 5, 57,
       115, 187, 110, 226, 44, 101, 41, 71, 85, 79, 71, 56, 85, 232, 239,
       8, 210, 85, 25, 52, 216, 220, 82, 106, 73, 178, 121, 14, 101, 220,
       5, 20, 66, 59, 86, 242, 13, 221, 25, 103, 176, 14, 111, 189, 116,
       232, 90, 100, 247, 115, 137, 112, 54, 110, 60, 110, 225, 144, 125,
       46, 228, 239, 39, 128, 40, 243, 129, 57, 252, 112, 249, 99, 40,
       111, 87, 152, 99, 254, 181, 24, 83, 85, 77, 59, 145, 220, 124,
       122, 137, 118, 249, 0, 215, 219, 101, 52, 227, 251, 70, 115, 252,
       112, 189, 114, 40, 109, 83, 216, 251, 191, 165, 24, 215, 215, 73,
       58, 145, 212, 108, 122, 43, 103, 251, 34, 219, 223, 97, 124, 224,
       243, 70, 115, 104, 177, 188, 251, 173, 221, 85, 47, 207, 61, 173,
       24, 191, 189, 72, 18, 137, 146, 233, 16, 26, 106, 250, 145, 239,
       219, 84, 123, 210, 72, 198, 42, 252, 36, 253, 118, 136, 109, 85,
       191, 178, 190, 165, 24, 83, 247, 73, 31, 9, 214, 237, 42, 120,
       103, 250, 34, 217, 203, 117, 60, 226, 240, 198, 98, 104, 169, 188,
       252, 157, 221, 84, 230, 219, 23, 164, 8, 190, 189, 4, 50, 201,
       250, 232, 64, 106, 107, 242, 185, 235, 255, 84, 59, 210, 88, 198,
       42, 252, 184, 255, 118, 168, 108, 85, 159, 243, 255, 164, 24, 27,
       247, 192, 59, 39, 214, 124, 24, 59, 111, 250, 32, 219, 235, 117,
       125, 224, 240, 198, 115, 221, 38, 156, 180, 168, 56, 72, 10, 250,
       187, 163, 121, 207, 226, 219, 219, 131, 199, 236, 29, 60, 67, 207,
       2, 154, 227, 119, 61, 128, 241, 11, 0, 253, 215, 92, 78, 184, 31,
       86, 189, 87, 40, 191, 108, 123, 112, 139, 244, 149, 214, 204, 106,
       239, 33, 121, 63, 170, 255, 37, 54, 122, 250, 200, 13, 20, 237,
       27, 103, 148, 199, 102, 252, 116, 130, 238, 0, 115, 243, 41, 112,
       121, 254, 32, 234, 104, 176, 25, 47, 251, 143, 167, 4, 96, 243,
       226, 170, 69, 39, 149, 71, 176, 46, 102, 152, 110, 168, 43, 64,
       222, 114, 201, 122, 151, 69, 108, 126, 149, 240, 201, 104, 172,
       190, 103, 4, 136, 243, 131, 5, 125, 69, 125, 103, 144, 78, 79,
       184, 100, 160, 171, 8, 211, 115, 9, 113, 50, 212, 124, 106, 105,
       160, 121, 46, 231, 175, 37, 20, 96, 243, 64, 32, 248, 207, 31,
       118, 168, 76, 85, 188, 160, 186, 166, 56, 247, 119, 128, 123, 167,
       247, 108, 106, 104, 71, 203, 41, 241, 235, 117, 24, 96, 240, 195,
       43, 84, 140, 94, 119, 146, 234, 71, 175, 52, 131, 170, 16, 247,
       115, 0, 81, 49, 246, 109, 176, 56, 201, 89, 46, 249, 231, 165, 81,
       160, 192, 196, 42, 96, 241, 145, 121, 157, 205, 84, 143, 127, 49,
       40, 24, 150, 147, 76, 112, 129, 19, 104, 16, 91, 104, 219, 147,
       173, 220, 21, 126, 208, 88, 196, 42, 192, 172, 157, 249, 200, 237,
       1, 143, 174, 51, 32, 24, 182, 179, 64, 27, 129, 19, 106, 24, 50,
       77, 219, 49, 205, 130, 84, 120, 144, 64, 135, 42, 149, 69, 113,
       101, 20, 79, 71, 56, 118, 160, 107, 2, 211, 17, 17, 112, 48, 220,
       24, 106, 105, 176, 121, 30, 229, 142, 1, 20, 48, 187, 64, 32, 166,
       237, 118, 223, 252, 11, 254, 232, 63, 162, 243, 18, 236, 234, 29,
       65, 255, 239, 127, 227, 242, 247, 201, 255, 190, 254, 143, 146,
       117, 251, 227, 129, 230, 204, 118, 247, 254, 11, 254, 248, 61,
       162, 243, 10, 236, 107, 29, 65, 251, 237, 127, 227, 224, 247, 203,
       255, 190, 190, 207, 144, 55, 251, 241, 129, 124, 180, 221, 118,
       137, 252, 81, 154, 163, 255, 173, 24, 115, 247, 75, 58, 129, 246,
       236, 16, 47, 71, 186, 51, 219, 239, 117, 59, 162, 241, 78, 114,
       45, 101, 104, 101, 116, 27, 126, 168, 105, 160, 123, 9, 219, 73,
       29, 176, 154, 76, 85, 111, 204, 240, 205, 14, 102, 221, 5, 21, 70,
       191, 90, 128, 92, 189, 185, 114, 153, 233, 85, 207, 162, 189, 172,
       56, 50, 247, 72, 58, 129, 211, 236, 16, 26, 75, 250, 51, 251, 199,
       85, 127, 224, 64, 134, 106, 137, 120, 83, 69, 2, 74, 35, 48, 96,
       192, 102, 96, 115, 23, 129, 53, 50, 116, 64, 106, 97, 180, 177,
       44, 101, 168, 32, 0, 99, 179, 102, 184, 197, 107, 215, 71, 36, 14,
       110, 184, 121, 170, 115, 108, 215, 96, 157, 183, 52, 100, 100,
       110, 225, 244, 205, 42, 36, 186, 101, 128, 74, 179, 82, 5, 237,
       79, 70, 7, 165, 26, 110, 164, 97, 160, 238, 136, 235, 96, 151,
       215, 50, 228, 108, 110, 108, 241, 205, 172, 38, 122, 69, 16, 103,
       183, 90, 4, 40, 229, 152, 113, 217, 237, 20, 175, 31, 53, 44, 25,
       174, 49, 74, 16, 129, 26, 233, 16, 50, 104, 211, 55, 239, 215, 20,
       127, 210, 88, 143, 138, 54, 77, 18, 174, 93, 135, 70, 232, 149,
       132, 233, 9, 70, 232, 37, 212, 216, 237, 194, 98, 76, 163, 26,
       174, 185, 180, 5, 31, 81, 59, 104, 134, 77, 84, 29, 103, 161, 46,
       119, 56, 108, 202, 231, 68, 222, 115, 9, 115, 145, 84, 124, 106,
       225, 240, 121, 76, 231, 251, 103, 6, 74, 115, 99, 35, 252, 174,
       220, 126, 172, 169, 87, 219, 147, 191, 188, 57, 51, 241, 66, 27,
       73, 242, 236, 18, 58, 111, 202, 50, 251, 195, 117, 121, 241, 200,
       206, 11, 37, 241, 17, 65, 221, 95, 67, 168, 106, 240, 33, 8, 214,
       84, 77, 180, 145, 92, 64, 122, 65, 48, 249, 28, 45, 156, 5, 118,
       208, 59, 70, 164, 125, 93, 125, 100, 56, 78, 71, 188, 97, 232,
       190, 72, 83, 119, 137, 115, 20, 212, 124, 106, 233, 161, 249, 44,
       243, 233, 101, 20, 104, 243, 70, 49, 253, 121, 249, 100, 104, 78,
       71, 184, 97, 234, 166, 8, 83, 117, 193, 59, 22, 212, 124, 106,
       233, 118, 249, 8, 247, 233, 101, 52, 105, 179, 70, 115, 237, 112,
       249, 101, 96, 94, 87, 152, 99, 250, 165, 8, 211, 85, 201, 59, 20,
       212, 116, 106, 201, 118, 249, 0, 71, 219, 101, 52, 106, 243, 70,
       241, 252, 112, 185, 118, 40, 76, 87, 152, 241, 250, 165, 8, 215,
       215, 73, 59, 148, 212, 124, 106, 105, 103, 251, 32, 211, 251, 101,
       60, 96, 179, 70, 51, 44, 48, 185, 99, 189, 111, 83, 152, 107, 255,
       189, 24, 223, 93, 73, 58, 153, 220, 84, 58, 27, 98, 249, 16, 223,
       221, 1, 125, 210, 235, 70, 115, 104, 177, 184, 123, 189, 253, 81,
       29, 235, 61, 173, 24, 222, 253, 72, 50, 137, 18, 238, 24, 26, 107,
       251, 17, 207, 221, 16, 127, 210, 10, 198, 34, 252, 188, 253, 118,
       136, 109, 85, 190, 179, 183, 165, 24, 83, 247, 72, 27, 1, 246,
       237, 10, 56, 79, 250, 34, 219, 203, 117, 61, 227, 241, 198, 98,
       248, 180, 60, 112, 40, 237, 81, 83, 179, 127, 164, 57, 55, 183,
       66, 27, 133, 182, 237, 16, 58, 79, 178, 19, 219, 195, 112, 121,
       226, 192, 6, 123, 248, 248, 180, 252, 141, 205, 84, 230, 223, 146,
       164, 24, 190, 185, 65, 27, 201, 242, 232, 64, 106, 111, 210, 191,
       251, 219, 84, 59, 210, 25, 86, 26, 120, 176, 255, 118, 168, 204,
       85, 159, 163, 255, 165, 8, 27, 247, 72, 58, 35, 247, 124, 24, 58,
       111, 186, 32, 219, 235, 117, 125, 226, 192, 198, 115, 237, 166,
       202, 19, 202, 56, 37, 159, 50, 255, 207, 253, 209, 230, 203, 250,
       87, 206, 234, 148, 182, 94, 239, 34, 92, 7, 119, 237, 166, 245,
       174, 241, 252, 60, 151, 114, 169, 44, 84, 154, 187, 187, 177, 120,
       159, 243, 73, 187, 133, 247, 108, 16, 58, 103, 218, 32, 155, 218,
       117, 62, 226, 113, 134, 35, 228, 180, 157, 90, 248, 173, 5, 143,
       250, 59, 169, 88, 214, 243, 72, 59, 129, 86, 106, 24, 51, 111,
       219, 115, 221, 146, 85, 126, 216, 72, 195, 34, 242, 170, 206, 80,
       202, 169, 241, 7, 170, 55, 164, 189, 35, 137, 70, 27, 105, 166,
       233, 20, 62, 111, 198, 49, 94, 131, 208, 121, 225, 72, 222, 202,
       125, 69, 85, 103, 148, 78, 71, 184, 101, 160, 171, 8, 83, 115, 25,
       115, 50, 212, 108, 106, 73, 176, 89, 12, 245, 235, 5, 20, 97, 243,
       66, 32, 197, 225, 184, 39, 172, 29, 254, 172, 106, 122, 177, 76,
       215, 248, 223, 50, 135, 69, 124, 111, 197, 96, 223, 49, 230, 153,
       101, 60, 73, 179, 203, 132, 69, 241, 157, 71, 57, 14, 103, 184,
