%YAML:1.0
---
descriptors: !!opencv-matrix
   rows: 334
   cols: 32
   dt: u
   data: [ 54, 109, 246, 191, 252, 43, 254, 236, 127, 162, 251, 10, 236,
       234, 29, 64, 255, 239, 127, 227, 248, 243, 203, 254, 188, 255,
       239, 148, 133, 123, 225, 129, 124, 229, 210, 239, 252, 11, 238,
       252, 47, 162, 255, 2, 253, 235, 93, 80, 123, 207, 127, 251, 88,
       179, 203, 236, 254, 255, 175, 212, 135, 251, 225, 128, 53, 237,
       106, 238, 212, 139, 239, 252, 87, 225, 253, 10, 115, 235, 186,
       112, 122, 234, 23, 234, 203, 179, 108, 189, 254, 205, 167, 236,
       245, 251, 242, 224, 221, 20, 255, 231, 44, 42, 91, 24, 252, 254,
       183, 52, 223, 103, 153, 123, 247, 197, 125, 110, 169, 229, 235,
       138, 210, 251, 99, 148, 164, 243, 65, 113, 236, 176, 189, 107,
       173, 125, 81, 153, 91, 61, 165, 24, 222, 125, 72, 58, 217, 146,
       237, 24, 26, 98, 251, 17, 207, 219, 81, 127, 210, 74, 198, 34,
       148, 205, 157, 191, 180, 107, 111, 191, 54, 234, 218, 64, 247,
       119, 153, 96, 119, 255, 125, 235, 249, 208, 73, 47, 232, 167, 239,
       148, 172, 243, 129, 49, 92, 85, 29, 103, 40, 78, 95, 184, 32, 234,
       191, 40, 215, 119, 137, 115, 20, 212, 125, 106, 73, 208, 249, 40,
       229, 233, 101, 148, 32, 243, 70, 51, 236, 113, 189, 103, 160, 78,
       87, 184, 97, 174, 183, 8, 215, 87, 73, 59, 20, 212, 125, 106, 105,
       244, 249, 8, 231, 219, 101, 52, 64, 179, 70, 51, 69, 85, 61, 103,
       48, 78, 111, 184, 124, 232, 127, 68, 215, 119, 137, 112, 148, 68,
       92, 110, 225, 176, 121, 14, 229, 191, 37, 132, 72, 243, 65, 49,
       104, 188, 59, 112, 89, 237, 81, 99, 251, 21, 44, 24, 182, 151, 68,
       56, 129, 58, 64, 24, 18, 107, 242, 23, 219, 223, 16, 122, 194, 0,
       198, 106, 244, 117, 61, 103, 136, 79, 71, 184, 34, 170, 171, 8,
       215, 119, 73, 51, 145, 84, 108, 106, 105, 97, 249, 30, 225, 225,
       101, 52, 64, 115, 199, 50, 253, 112, 221, 118, 40, 110, 71, 152,
       241, 250, 167, 88, 87, 247, 201, 59, 17, 212, 124, 106, 105, 103,
       251, 42, 211, 235, 101, 60, 234, 243, 66, 49, 124, 164, 152, 114,
       137, 109, 85, 139, 147, 183, 173, 24, 87, 241, 75, 26, 137, 210,
       232, 16, 58, 99, 218, 19, 219, 199, 85, 125, 242, 122, 206, 34,
       72, 16, 159, 117, 32, 76, 97, 18, 233, 217, 38, 56, 255, 23, 64,
       123, 130, 116, 124, 24, 17, 220, 243, 0, 199, 251, 112, 64, 130,
       128, 7, 59, 249, 184, 247, 120, 171, 252, 81, 87, 243, 91, 180,
       56, 59, 191, 198, 63, 167, 178, 236, 16, 191, 111, 178, 177, 219,
       251, 112, 251, 235, 192, 198, 127, 217, 186, 188, 56, 168, 188,
       88, 215, 187, 123, 164, 217, 63, 255, 66, 59, 135, 179, 253, 20,
       190, 79, 194, 49, 219, 251, 117, 249, 162, 196, 138, 91, 213, 46,
       151, 62, 169, 44, 68, 207, 251, 155, 176, 125, 239, 234, 193, 219,
       167, 231, 108, 4, 191, 111, 138, 35, 184, 242, 117, 154, 200, 245,
       235, 13, 212, 38, 220, 165, 168, 42, 94, 136, 32, 182, 167, 153,
       215, 99, 75, 91, 19, 204, 108, 126, 60, 64, 205, 0, 202, 225, 101,
       53, 160, 243, 106, 2, 69, 113, 17, 69, 17, 78, 54, 56, 104, 224,
       107, 8, 222, 16, 9, 182, 144, 84, 64, 106, 65, 240, 249, 76, 37,
       188, 1, 6, 72, 51, 75, 50, 101, 241, 17, 227, 157, 13, 71, 173,
       127, 57, 161, 88, 214, 81, 76, 56, 145, 154, 76, 114, 91, 98, 91,
       53, 173, 216, 21, 126, 208, 26, 194, 35, 85, 69, 93, 101, 22, 78,
       103, 56, 100, 160, 171, 0, 83, 49, 1, 112, 50, 212, 120, 106, 73,
       176, 85, 14, 231, 175, 33, 20, 96, 179, 64, 32, 252, 69, 125, 103,
       160, 74, 71, 184, 113, 162, 47, 8, 215, 115, 9, 115, 18, 212, 105,
       106, 104, 240, 217, 14, 229, 235, 69, 21, 96, 243, 68, 32, 224,
       140, 157, 222, 136, 233, 17, 143, 154, 23, 160, 24, 182, 183, 64,
       91, 129, 115, 104, 16, 50, 109, 202, 115, 221, 178, 84, 123, 144,
       72, 135, 42, 116, 141, 124, 110, 152, 10, 71, 173, 224, 160, 174,
       8, 215, 115, 8, 83, 2, 214, 108, 106, 120, 169, 89, 61, 249, 235,
       101, 84, 112, 186, 196, 32, 245, 108, 173, 180, 140, 109, 69, 54,
       178, 250, 134, 25, 247, 253, 83, 59, 129, 230, 125, 27, 45, 111,
       251, 42, 217, 131, 245, 57, 128, 120, 214, 122, 242, 190, 190,
       246, 169, 112, 93, 175, 179, 191, 132, 185, 110, 231, 74, 95, 135,
       247, 237, 0, 58, 79, 186, 163, 219, 243, 93, 191, 162, 228, 134,
       127, 13, 117, 220, 69, 54, 31, 102, 184, 126, 224, 127, 108, 215,
       120, 221, 166, 23, 76, 116, 110, 229, 240, 221, 14, 46, 255, 101,
       4, 110, 191, 88, 17, 68, 113, 57, 101, 32, 78, 51, 24, 104, 232,
       39, 72, 214, 23, 73, 50, 144, 84, 76, 98, 65, 240, 249, 8, 197,
       185, 33, 52, 64, 51, 71, 35, 228, 174, 238, 82, 168, 249, 69, 207,
       187, 55, 164, 185, 99, 225, 206, 159, 11, 210, 236, 24, 58, 111,
       234, 51, 154, 219, 84, 127, 227, 200, 198, 108, 71, 115, 20, 135,
       34, 10, 55, 56, 109, 224, 99, 108, 222, 82, 141, 116, 182, 93, 78,
       99, 197, 144, 93, 76, 164, 180, 11, 6, 8, 51, 3, 5, 231, 213, 213,
       167, 168, 46, 15, 168, 59, 242, 171, 232, 215, 102, 201, 119, 215,
       215, 125, 230, 105, 70, 217, 106, 181, 178, 205, 60, 0, 243, 2,
       48, 212, 60, 189, 118, 136, 108, 85, 146, 242, 186, 167, 24, 87,
       183, 65, 59, 161, 247, 236, 16, 57, 103, 251, 34, 219, 195, 117,
       125, 224, 113, 70, 35, 129, 142, 207, 121, 164, 170, 101, 151,
       118, 67, 106, 244, 243, 33, 144, 121, 19, 46, 36, 28, 59, 252,
       101, 63, 204, 171, 116, 64, 236, 192, 208, 40, 129, 174, 159, 153,
       236, 169, 105, 23, 254, 19, 98, 212, 181, 162, 240, 75, 99, 42,
       106, 28, 51, 220, 135, 83, 12, 130, 118, 96, 152, 192, 225, 168,
       244, 236, 156, 50, 136, 233, 85, 207, 178, 183, 164, 25, 55, 183,
       66, 27, 129, 215, 237, 16, 58, 79, 218, 35, 219, 195, 85, 121,
       224, 80, 142, 74, 100, 113, 57, 101, 9, 79, 67, 168, 106, 160, 33,
       8, 210, 21, 73, 48, 152, 92, 64, 106, 73, 112, 249, 24, 101, 156,
       5, 52, 64, 51, 70, 162, 77, 117, 17, 231, 17, 78, 102, 184, 56,
       168, 107, 72, 214, 115, 9, 48, 144, 92, 124, 106, 65, 240, 217,
       46, 229, 253, 37, 4, 74, 51, 67, 33, 53, 237, 250, 238, 214, 131,
       239, 252, 87, 160, 253, 10, 123, 235, 189, 48, 122, 239, 23, 234,
       200, 179, 236, 253, 254, 205, 167, 236, 245, 251, 242, 160, 157,
       237, 126, 239, 52, 11, 239, 248, 116, 224, 247, 2, 255, 75, 185,
       97, 122, 237, 95, 234, 232, 247, 109, 191, 248, 203, 231, 148,
       117, 187, 97, 160, 156, 196, 124, 239, 44, 10, 111, 248, 180, 226,
       247, 2, 255, 67, 153, 99, 122, 196, 125, 106, 232, 197, 109, 62,
       210, 235, 231, 148, 52, 187, 65, 32, 201, 184, 188, 243, 169, 189,
       85, 159, 251, 123, 180, 24, 190, 191, 64, 59, 135, 87, 253, 24,
       186, 109, 251, 241, 207, 219, 119, 122, 194, 80, 131, 91, 230,
       188, 150, 158, 237, 175, 244, 239, 191, 187, 242, 24, 238, 250,
       12, 91, 217, 239, 127, 144, 58, 111, 203, 247, 173, 250, 223, 254,
       208, 120, 227, 139, 234, 188, 180, 250, 173, 173, 84, 159, 255,
       187, 180, 24, 238, 249, 92, 27, 133, 114, 255, 16, 178, 111, 218,
       243, 207, 219, 85, 122, 210, 88, 211, 11, 238, 172, 214, 159, 252,
       171, 236, 207, 63, 179, 250, 18, 236, 234, 28, 91, 251, 239, 127,
       129, 50, 223, 203, 255, 188, 190, 223, 244, 149, 120, 243, 128,
       162, 236, 238, 159, 252, 171, 253, 239, 191, 183, 250, 19, 245,
       234, 54, 75, 123, 239, 127, 145, 182, 223, 235, 255, 124, 191,
       255, 224, 181, 120, 241, 202, 108, 48, 189, 99, 173, 111, 83, 152,
       107, 253, 173, 24, 215, 127, 73, 58, 145, 84, 109, 122, 26, 112,
       249, 16, 207, 217, 97, 117, 194, 235, 70, 50, 72, 56, 159, 117,
       32, 204, 113, 18, 171, 217, 38, 56, 223, 151, 64, 123, 134, 116,
       108, 24, 19, 76, 179, 64, 207, 249, 112, 72, 194, 128, 7, 51, 236,
       96, 185, 98, 205, 109, 67, 152, 115, 183, 165, 24, 211, 85, 73,
       58, 217, 220, 104, 122, 42, 102, 251, 18, 207, 219, 5, 125, 194,
