%YAML:1.0
---
descriptors: !!opencv-matrix
   rows: 248
   cols: 32
   dt: u
   data: [ 29, 221, 93, 231, 176, 78, 111, 188, 116, 234, 126, 100, 243,
       119, 137, 112, 118, 126, 28, 106, 233, 144, 121, 46, 239, 239, 37,
       132, 40, 243, 224, 57, 85, 93, 125, 103, 180, 78, 79, 188, 97,
       232, 254, 64, 119, 119, 137, 112, 86, 244, 92, 106, 233, 144, 121,
       46, 227, 239, 37, 148, 104, 243, 192, 49, 125, 81, 253, 102, 168,
       78, 71, 184, 97, 232, 191, 72, 83, 119, 137, 51, 54, 212, 124,
       106, 201, 225, 249, 40, 243, 233, 101, 20, 104, 243, 70, 49, 148,
       189, 57, 231, 180, 47, 79, 185, 52, 168, 251, 96, 215, 119, 137,
       80, 55, 222, 29, 122, 249, 144, 89, 62, 233, 237, 39, 148, 32,
       243, 129, 33, 172, 48, 189, 114, 173, 109, 81, 152, 91, 255, 165,
       24, 223, 93, 75, 59, 153, 81, 253, 58, 59, 102, 251, 18, 207, 219,
       81, 127, 194, 105, 70, 115, 148, 228, 155, 191, 180, 47, 111, 188,
       54, 170, 91, 80, 247, 243, 73, 64, 119, 127, 63, 170, 107, 212,
       201, 59, 237, 239, 175, 132, 164, 243, 161, 161, 212, 188, 157,
       119, 168, 110, 69, 191, 178, 191, 39, 56, 119, 119, 72, 123, 5,
       86, 109, 24, 59, 76, 251, 51, 203, 227, 117, 116, 160, 224, 134,
       121, 252, 101, 252, 118, 200, 105, 213, 223, 211, 182, 189, 24,
       83, 233, 79, 27, 9, 214, 237, 18, 104, 103, 218, 32, 91, 203, 117,
       61, 227, 248, 206, 34, 252, 112, 189, 115, 41, 111, 83, 152, 243,
       187, 165, 24, 215, 87, 73, 59, 145, 212, 124, 122, 43, 103, 251,
       32, 219, 219, 97, 116, 226, 243, 70, 51, 248, 176, 253, 112, 136,
       253, 81, 151, 226, 255, 164, 24, 19, 183, 74, 59, 1, 214, 252, 24,
       27, 111, 186, 32, 219, 203, 117, 125, 226, 192, 198, 123, 104,
       189, 180, 254, 141, 253, 84, 111, 223, 27, 172, 24, 190, 189, 36,
       114, 201, 58, 249, 0, 122, 107, 242, 179, 227, 255, 84, 123, 210,
       72, 214, 138, 40, 125, 190, 252, 157, 237, 212, 103, 223, 138,
       232, 8, 190, 187, 33, 16, 201, 242, 251, 0, 42, 107, 210, 191,
       251, 255, 214, 59, 210, 88, 214, 10, 108, 180, 149, 115, 189, 205,
       84, 175, 127, 57, 163, 24, 222, 253, 76, 176, 129, 150, 108, 16,
       59, 105, 219, 147, 143, 222, 85, 119, 210, 72, 196, 34, 253, 245,
       188, 247, 169, 63, 94, 188, 251, 250, 191, 24, 255, 255, 75, 122,
       183, 215, 253, 122, 188, 99, 251, 179, 251, 255, 103, 190, 194,
       243, 194, 83, 5, 165, 59, 225, 148, 111, 103, 232, 118, 160, 110,
       0, 211, 243, 97, 32, 57, 76, 2, 122, 9, 240, 57, 30, 237, 142, 5,
       36, 112, 251, 112, 160, 244, 101, 189, 100, 143, 79, 87, 168, 80,
       166, 161, 8, 82, 53, 73, 51, 25, 212, 104, 98, 104, 99, 233, 14,
       249, 139, 69, 55, 97, 123, 70, 34, 69, 241, 152, 67, 157, 13, 38,
       184, 110, 184, 43, 76, 246, 112, 89, 50, 145, 70, 104, 126, 195,
       96, 219, 113, 173, 158, 5, 118, 200, 51, 195, 3, 76, 119, 57, 103,
       240, 79, 55, 184, 57, 232, 127, 108, 222, 119, 137, 52, 148, 93,
       214, 98, 225, 176, 249, 110, 103, 245, 37, 134, 74, 51, 7, 243,
       69, 112, 25, 69, 5, 79, 99, 56, 104, 224, 35, 76, 214, 17, 9, 48,
       144, 68, 72, 106, 193, 240, 217, 12, 229, 184, 1, 54, 72, 51, 67,
       34, 248, 154, 252, 122, 168, 169, 81, 151, 131, 31, 181, 57, 59,
       155, 98, 27, 15, 146, 205, 16, 26, 111, 202, 49, 219, 201, 112,
       121, 243, 200, 204, 11, 220, 208, 189, 247, 172, 108, 89, 152,
       174, 186, 183, 56, 223, 247, 73, 91, 199, 85, 125, 58, 41, 69,
       251, 0, 203, 251, 117, 220, 160, 249, 3, 115, 188, 42, 123, 96, 2,
       107, 67, 80, 32, 166, 37, 40, 19, 7, 193, 27, 62, 244, 69, 122, 8,
       247, 32, 0, 83, 201, 33, 36, 227, 227, 102, 226, 253, 71, 125,
       102, 172, 14, 71, 184, 96, 168, 191, 76, 83, 113, 153, 115, 20,
       196, 108, 110, 201, 98, 233, 44, 240, 233, 101, 20, 106, 243, 194,
       33, 20, 165, 185, 114, 155, 237, 19, 203, 226, 181, 173, 24, 30,
       247, 72, 56, 161, 219, 200, 16, 19, 107, 186, 118, 219, 197, 21,
       111, 225, 67, 167, 34, 220, 176, 189, 240, 168, 108, 89, 27, 171,
       255, 181, 24, 159, 255, 72, 59, 133, 151, 125, 24, 187, 71, 250,
       17, 219, 251, 113, 252, 194, 192, 198, 115, 248, 188, 189, 120,
       173, 253, 89, 223, 251, 123, 180, 24, 191, 189, 64, 187, 133, 151,
       253, 24, 187, 111, 242, 179, 219, 251, 117, 120, 194, 200, 198,
       59, 232, 188, 188, 248, 173, 253, 81, 223, 255, 123, 180, 24, 191,
       253, 66, 187, 141, 178, 255, 24, 187, 111, 242, 179, 219, 251, 84,
       123, 194, 200, 206, 107, 228, 236, 254, 191, 236, 171, 252, 207,
       190, 179, 250, 146, 245, 238, 93, 91, 255, 255, 127, 131, 226,
       247, 203, 243, 252, 175, 255, 168, 148, 121, 227, 137, 84, 221,
       56, 239, 180, 15, 127, 188, 36, 40, 223, 32, 215, 119, 137, 64,
       246, 215, 93, 235, 248, 184, 73, 61, 237, 229, 47, 212, 36, 179,
       165, 49, 117, 95, 29, 103, 52, 14, 71, 184, 96, 234, 174, 76, 243,
       97, 153, 114, 20, 196, 108, 110, 233, 160, 217, 46, 224, 239, 101,
       20, 104, 243, 82, 1, 89, 134, 223, 101, 176, 42, 79, 183, 100, 11,
       238, 100, 211, 35, 184, 112, 51, 198, 12, 60, 153, 152, 37, 46,
       234, 239, 36, 68, 186, 210, 224, 41, 248, 174, 220, 114, 138, 169,
       17, 207, 178, 183, 164, 185, 39, 231, 66, 27, 3, 178, 237, 16, 58,
       79, 138, 51, 219, 195, 117, 125, 224, 192, 134, 107, 240, 170,
       222, 122, 138, 169, 81, 199, 179, 23, 164, 185, 39, 231, 66, 27,
       35, 178, 109, 16, 58, 79, 130, 51, 217, 195, 112, 121, 160, 192,
       134, 106, 45, 113, 16, 101, 113, 94, 118, 56, 105, 232, 109, 8,
       218, 16, 77, 48, 144, 92, 80, 106, 65, 176, 217, 10, 103, 221, 1,
       38, 74, 51, 74, 182, 212, 48, 255, 69, 162, 106, 33, 80, 112, 174,
       38, 56, 83, 55, 193, 59, 54, 116, 68, 56, 49, 245, 161, 8, 89,
       171, 97, 4, 225, 225, 71, 161, 101, 71, 196, 39, 180, 10, 102,
       184, 116, 160, 106, 224, 195, 96, 153, 80, 16, 196, 108, 110, 232,
       240, 77, 46, 172, 174, 101, 20, 108, 243, 90, 0, 69, 112, 149,
       101, 1, 78, 119, 56, 104, 224, 98, 8, 222, 48, 73, 50, 144, 84,
       104, 106, 65, 240, 241, 72, 229, 184, 69, 6, 72, 51, 67, 34, 205,
       245, 21, 71, 241, 95, 119, 185, 121, 234, 103, 8, 222, 112, 9,
       181, 144, 92, 96, 106, 113, 240, 249, 14, 39, 223, 69, 22, 74,
       115, 203, 39, 109, 117, 145, 71, 241, 15, 103, 184, 121, 232, 110,
       76, 214, 113, 9, 48, 148, 76, 104, 110, 225, 240, 249, 46, 173,
       190, 5, 4, 72, 51, 66, 48, 252, 188, 252, 118, 137, 109, 85, 255,
       179, 191, 165, 25, 127, 119, 74, 27, 9, 246, 237, 42, 56, 79, 219,
       42, 251, 195, 117, 61, 226, 240, 198, 123, 252, 173, 252, 118,
       137, 105, 213, 223, 147, 183, 189, 25, 67, 225, 79, 27, 9, 214,
       237, 26, 120, 99, 218, 32, 251, 203, 85, 61, 227, 248, 206, 34,
       132, 252, 222, 191, 236, 169, 255, 254, 190, 178, 242, 178, 247,
       239, 89, 91, 255, 255, 127, 211, 122, 255, 203, 59, 236, 131, 255,
       204, 164, 249, 161, 129, 148, 220, 153, 191, 164, 42, 111, 188,
       62, 171, 255, 48, 247, 243, 73, 64, 119, 127, 63, 170, 106, 212,
       203, 59, 236, 167, 239, 132, 164, 243, 161, 161, 230, 237, 254,
       183, 236, 171, 254, 238, 191, 243, 250, 155, 237, 238, 92, 75,
       255, 255, 127, 151, 242, 111, 203, 243, 188, 254, 255, 244, 133,
       248, 227, 201, 108, 180, 188, 115, 173, 253, 81, 155, 127, 59,
       173, 24, 222, 125, 72, 58, 153, 146, 236, 16, 58, 106, 251, 147,
       207, 223, 81, 127, 210, 74, 198, 34, 230, 173, 238, 159, 236, 43,
       238, 239, 191, 179, 251, 26, 238, 234, 120, 75, 123, 239, 127,
       179, 248, 255, 203, 250, 188, 54, 223, 148, 149, 121, 227, 128,
       96, 172, 25, 250, 200, 237, 21, 143, 158, 27, 160, 24, 182, 243,
       72, 89, 193, 82, 106, 24, 51, 107, 218, 51, 253, 134, 117, 120,
       216, 88, 135, 42, 230, 228, 246, 223, 236, 47, 238, 254, 63, 186,
       255, 26, 207, 235, 29, 91, 255, 239, 127, 187, 184, 247, 203, 254,
