%YAML:1.0
---
descriptors: !!opencv-matrix
   rows: 220
   cols: 32
   dt: u
   data: [ 100, 116, 149, 99, 137, 111, 71, 152, 58, 242, 43, 24, 214,
       119, 73, 62, 145, 84, 120, 122, 57, 84, 249, 34, 237, 255, 69,
       116, 192, 115, 198, 114, 108, 229, 152, 122, 137, 77, 87, 172,
       163, 151, 173, 24, 114, 247, 74, 18, 153, 210, 233, 82, 90, 99,
       250, 49, 251, 223, 69, 125, 208, 114, 198, 98, 124, 97, 88, 104,
       207, 79, 86, 232, 131, 164, 165, 11, 75, 217, 107, 146, 249, 220,
       224, 98, 76, 99, 218, 152, 251, 201, 5, 61, 115, 59, 110, 66, 145,
       142, 75, 101, 176, 170, 106, 55, 116, 33, 110, 208, 211, 35, 144,
       112, 51, 78, 44, 60, 185, 188, 69, 31, 236, 238, 48, 64, 232, 128,
       192, 8, 104, 176, 185, 112, 233, 237, 81, 87, 235, 191, 44, 24,
       54, 183, 64, 58, 129, 150, 108, 24, 18, 111, 178, 1, 219, 159, 17,
       123, 194, 0, 198, 107, 120, 186, 220, 50, 232, 205, 93, 255, 179,
       127, 180, 189, 63, 247, 194, 27, 135, 211, 229, 20, 159, 75, 234,
       49, 218, 195, 117, 249, 234, 208, 142, 219, 88, 120, 159, 117, 42,
       76, 81, 22, 160, 219, 166, 56, 255, 55, 0, 123, 2, 244, 108, 8, 9,
       77, 243, 0, 193, 235, 112, 16, 34, 160, 7, 59, 252, 252, 253, 118,
       168, 109, 85, 190, 179, 255, 164, 24, 87, 247, 73, 59, 5, 214,
       108, 26, 59, 103, 250, 50, 219, 203, 117, 125, 226, 241, 198, 114,
       83, 123, 18, 133, 50, 138, 58, 50, 41, 204, 90, 237, 172, 2, 130,
       212, 166, 125, 237, 229, 197, 152, 197, 204, 164, 116, 42, 130,
       12, 38, 11, 29, 252, 52, 149, 114, 169, 109, 84, 218, 243, 187,
       177, 88, 223, 247, 73, 187, 137, 214, 236, 18, 58, 103, 218, 34,
       219, 219, 117, 127, 226, 113, 198, 35, 224, 181, 156, 218, 220,
       237, 69, 175, 222, 59, 168, 24, 182, 243, 72, 115, 129, 82, 106,
       24, 59, 107, 219, 115, 253, 146, 21, 124, 216, 72, 199, 42, 93,
       69, 125, 103, 144, 14, 79, 184, 101, 160, 239, 64, 211, 115, 9,
       112, 50, 212, 92, 106, 233, 144, 125, 14, 231, 239, 37, 20, 96,
       243, 64, 32, 117, 68, 241, 70, 158, 75, 71, 232, 80, 162, 171, 10,
       83, 117, 9, 48, 25, 212, 64, 106, 41, 227, 121, 46, 57, 174, 5,
       20, 97, 123, 86, 32, 252, 44, 220, 114, 137, 105, 85, 222, 179,
       183, 164, 25, 23, 243, 75, 27, 1, 214, 237, 18, 58, 79, 218, 48,
       219, 195, 117, 61, 226, 241, 206, 2, 244, 68, 124, 118, 168, 106,
       87, 184, 241, 178, 167, 56, 215, 119, 9, 123, 7, 212, 109, 106,
       104, 229, 203, 46, 241, 235, 101, 20, 96, 241, 70, 32, 148, 237,
       95, 247, 146, 78, 103, 236, 52, 162, 234, 16, 119, 115, 9, 81, 49,
       254, 77, 234, 104, 212, 25, 46, 235, 231, 37, 1, 32, 243, 228, 34,
       96, 137, 29, 252, 29, 205, 69, 174, 139, 49, 168, 8, 182, 183, 68,
       114, 129, 83, 104, 64, 11, 42, 211, 53, 169, 182, 80, 58, 80, 88,
       196, 42, 244, 124, 172, 246, 140, 111, 87, 154, 242, 250, 142, 24,
       215, 253, 91, 59, 153, 214, 125, 115, 40, 103, 219, 34, 249, 227,
       237, 61, 136, 121, 86, 50, 192, 172, 157, 251, 232, 237, 33, 143,
       190, 55, 32, 24, 182, 179, 64, 91, 129, 18, 106, 24, 50, 76, 219,
       51, 205, 166, 116, 120, 144, 64, 135, 170, 193, 156, 189, 95, 136,
       237, 149, 175, 222, 115, 160, 24, 246, 112, 12, 107, 129, 83, 104,
       0, 119, 109, 251, 53, 205, 186, 85, 122, 208, 88, 129, 46, 113,
       69, 125, 109, 30, 15, 71, 56, 100, 160, 107, 8, 211, 49, 8, 112,
       18, 148, 88, 106, 104, 176, 125, 31, 229, 175, 1, 20, 112, 186,
       64, 32, 220, 176, 189, 112, 171, 109, 81, 27, 235, 247, 165, 25,
       222, 255, 74, 59, 167, 149, 249, 16, 58, 103, 186, 16, 219, 219,
       85, 127, 192, 97, 135, 114, 108, 99, 245, 103, 57, 95, 82, 184,
       113, 168, 191, 72, 203, 93, 29, 50, 152, 212, 236, 106, 200, 242,
       233, 12, 231, 255, 37, 53, 99, 163, 70, 34, 76, 117, 121, 103,
       112, 78, 63, 56, 41, 228, 111, 172, 223, 119, 139, 16, 22, 85,
       205, 110, 65, 208, 249, 78, 231, 253, 33, 4, 66, 179, 7, 113, 248,
       168, 223, 112, 172, 236, 80, 22, 178, 91, 164, 25, 55, 179, 64,
       59, 137, 230, 125, 8, 58, 79, 218, 49, 219, 235, 116, 121, 224,
       192, 206, 74, 208, 184, 190, 48, 168, 236, 17, 79, 226, 251, 160,
       24, 183, 211, 64, 123, 129, 119, 108, 17, 27, 111, 211, 49, 217,
       163, 119, 120, 232, 64, 135, 59, 221, 84, 29, 126, 168, 110, 69,
       186, 240, 90, 163, 88, 215, 115, 9, 123, 1, 214, 108, 106, 105,
       69, 251, 46, 241, 235, 101, 20, 104, 241, 66, 49, 92, 52, 189,
       114, 136, 109, 85, 158, 242, 183, 175, 24, 215, 247, 73, 58, 161,
       214, 108, 16, 58, 99, 187, 34, 219, 207, 117, 125, 224, 113, 199,
       34, 120, 40, 255, 112, 42, 233, 65, 83, 162, 157, 164, 56, 23,
       151, 64, 27, 38, 180, 109, 24, 26, 79, 162, 0, 219, 193, 113, 120,
       224, 128, 70, 99, 244, 96, 213, 102, 139, 98, 7, 168, 33, 182,
       163, 136, 83, 119, 73, 91, 81, 212, 233, 226, 104, 71, 235, 40,
       209, 162, 197, 61, 32, 115, 6, 98, 120, 184, 187, 112, 91, 237,
       17, 87, 171, 21, 172, 24, 54, 183, 64, 56, 163, 154, 104, 16, 18,
       107, 178, 17, 219, 197, 16, 123, 194, 64, 135, 107, 213, 157, 95,
       102, 176, 14, 71, 181, 224, 136, 170, 68, 119, 115, 128, 115, 36,
       230, 108, 110, 249, 137, 185, 45, 241, 171, 100, 16, 104, 242,
       194, 41, 209, 84, 223, 116, 42, 78, 69, 185, 224, 250, 166, 88,
       119, 119, 129, 123, 34, 244, 124, 106, 105, 69, 243, 8, 241, 171,
       101, 20, 104, 240, 70, 57, 249, 170, 254, 178, 233, 141, 88, 242,
       163, 121, 180, 185, 63, 255, 66, 26, 167, 243, 253, 20, 142, 79,
       138, 49, 219, 219, 117, 249, 162, 132, 6, 75, 80, 120, 191, 116,
       40, 204, 81, 22, 163, 25, 166, 56, 247, 183, 64, 122, 38, 244,
       108, 8, 9, 77, 179, 0, 209, 227, 112, 24, 160, 128, 7, 107, 124,
       253, 253, 114, 168, 111, 71, 156, 51, 183, 173, 8, 83, 247, 73,
       50, 17, 214, 108, 122, 106, 99, 250, 50, 251, 207, 101, 124, 226,
       243, 198, 34, 248, 176, 125, 112, 40, 236, 81, 27, 163, 253, 164,
       28, 23, 151, 64, 27, 5, 150, 109, 24, 27, 79, 242, 17, 219, 225,
       117, 120, 98, 128, 70, 123, 229, 134, 88, 83, 180, 63, 71, 184,
       118, 63, 55, 124, 211, 96, 138, 112, 23, 78, 36, 126, 190, 52,
       109, 63, 238, 143, 53, 116, 248, 219, 200, 1, 253, 79, 76, 31,
       157, 219, 71, 180, 196, 212, 110, 148, 243, 97, 163, 99, 64, 226,
       234, 110, 108, 192, 111, 61, 230, 227, 101, 25, 115, 187, 220, 80,
       253, 70, 202, 71, 36, 58, 70, 152, 113, 230, 231, 148, 67, 97,
       155, 122, 113, 196, 44, 174, 236, 244, 237, 42, 210, 239, 229, 5,
       227, 243, 122, 68, 226, 170, 204, 26, 232, 185, 96, 207, 187, 55,
       164, 189, 43, 225, 214, 159, 75, 170, 235, 28, 54, 111, 206, 113,
       94, 81, 85, 121, 207, 204, 206, 142, 221, 38, 156, 182, 168, 56,
       92, 138, 250, 191, 171, 89, 207, 227, 203, 219, 131, 199, 108, 28,
       62, 69, 203, 34, 218, 231, 117, 125, 160, 241, 138, 0, 228, 180,
       149, 242, 252, 173, 69, 207, 251, 59, 169, 88, 214, 241, 76, 59,
       129, 211, 110, 16, 59, 107, 218, 51, 189, 146, 85, 126, 208, 72,
       199, 34, 4, 109, 155, 127, 156, 231, 103, 248, 116, 130, 110, 0,
       243, 243, 41, 96, 89, 110, 34, 106, 105, 242, 90, 47, 225, 239,
       39, 0, 202, 251, 96, 162, 208, 164, 189, 117, 168, 104, 73, 143,
       254, 183, 162, 16, 215, 235, 80, 123, 3, 87, 104, 24, 58, 77, 239,
       19, 201, 235, 127, 85, 224, 224, 135, 40, 212, 205, 30, 247, 144,
       106, 87, 172, 180, 162, 166, 16, 119, 115, 9, 83, 113, 246, 109,
       226, 104, 197, 25, 47, 249, 227, 229, 21, 32, 113, 228, 34, 192,
       140, 157, 255, 136, 237, 5, 167, 182, 23, 96, 24, 183, 243, 64,
       91, 129, 122, 104, 24, 50, 76, 250, 51, 237, 167, 117, 120, 176,
       80, 135, 170, 96, 97, 27, 100, 89, 198, 227, 64, 224, 128, 226, 0,
       80, 147, 33, 48, 248, 252, 82, 234, 72, 227, 176, 76, 81, 168,
       138, 12, 65, 50, 102, 162, 85, 164, 189, 115, 136, 45, 17, 175,
