%YAML:1.0
---
descriptors: !!opencv-matrix
   rows: 159
   cols: 32
   dt: u
   data: [ 77, 117, 149, 103, 225, 111, 119, 184, 123, 234, 111, 12, 222,
       113, 73, 54, 145, 92, 112, 106, 113, 240, 249, 46, 239, 255, 69,
       6, 202, 115, 195, 179, 221, 92, 157, 119, 168, 110, 71, 190, 240,
       250, 174, 88, 215, 119, 9, 123, 17, 214, 124, 106, 105, 197, 251,
       42, 227, 235, 101, 20, 232, 243, 194, 49, 248, 174, 156, 50, 168,
       173, 84, 223, 178, 187, 164, 29, 55, 243, 74, 27, 129, 163, 237,
       20, 62, 79, 218, 51, 218, 195, 117, 121, 232, 192, 138, 11, 248,
       190, 247, 82, 235, 249, 81, 215, 179, 63, 164, 56, 42, 247, 196,
       159, 39, 254, 228, 24, 58, 79, 170, 243, 27, 219, 85, 123, 226,
       196, 198, 107, 248, 174, 252, 120, 172, 169, 81, 159, 195, 55,
       180, 56, 51, 241, 66, 27, 11, 178, 236, 16, 58, 111, 202, 49, 219,
       203, 117, 121, 243, 200, 206, 43, 69, 113, 25, 103, 33, 78, 119,
       48, 104, 200, 111, 8, 214, 17, 9, 50, 144, 92, 120, 106, 65, 240,
       241, 8, 229, 184, 0, 2, 72, 51, 67, 50, 232, 188, 180, 248, 173,
       253, 80, 87, 255, 123, 180, 24, 191, 187, 84, 59, 201, 179, 255,
       25, 190, 111, 242, 147, 219, 219, 84, 123, 210, 76, 198, 11, 244,
       164, 253, 114, 138, 233, 209, 206, 242, 183, 161, 153, 83, 238,
       76, 27, 137, 215, 108, 16, 58, 111, 234, 51, 217, 231, 117, 125,
       225, 64, 198, 98, 232, 176, 182, 248, 45, 253, 80, 87, 255, 63,
       180, 24, 190, 189, 64, 59, 201, 179, 238, 16, 186, 111, 242, 147,
       219, 251, 80, 123, 194, 72, 70, 43, 88, 176, 188, 248, 41, 221,
       89, 80, 171, 29, 180, 24, 191, 159, 64, 27, 132, 145, 253, 16, 10,
       71, 242, 209, 219, 217, 114, 123, 194, 0, 7, 59, 120, 184, 251,
       112, 169, 204, 81, 87, 227, 189, 164, 8, 59, 151, 64, 58, 1, 182,
       237, 24, 26, 107, 178, 0, 219, 201, 52, 121, 227, 128, 198, 107,
       245, 73, 93, 100, 168, 74, 69, 189, 225, 176, 162, 8, 215, 51, 1,
       115, 2, 212, 108, 106, 105, 97, 251, 44, 241, 235, 101, 20, 96,
       176, 195, 40, 69, 113, 17, 71, 81, 30, 102, 56, 104, 168, 107, 68,
       222, 19, 9, 180, 148, 92, 64, 106, 193, 176, 217, 76, 167, 188, 1,
       4, 74, 51, 75, 161, 96, 245, 21, 121, 153, 205, 68, 175, 123, 57,
       168, 24, 182, 51, 76, 112, 129, 19, 104, 16, 123, 104, 219, 23,
       173, 150, 20, 126, 88, 88, 198, 42, 77, 117, 145, 69, 81, 30, 119,
       56, 121, 232, 111, 12, 222, 113, 13, 180, 144, 92, 64, 106, 193,
       240, 249, 14, 39, 190, 5, 6, 74, 51, 67, 167, 37, 81, 17, 69, 84,
       79, 227, 40, 108, 224, 99, 72, 214, 16, 13, 52, 144, 20, 80, 106,
       65, 176, 113, 12, 37, 188, 1, 20, 72, 43, 82, 164, 20, 69, 153,
       103, 149, 79, 71, 40, 118, 160, 235, 0, 83, 113, 25, 112, 49, 220,
       8, 106, 105, 176, 121, 30, 249, 174, 5, 20, 113, 251, 84, 32, 13,
       85, 29, 111, 48, 14, 111, 184, 116, 106, 127, 100, 213, 115, 137,
       112, 54, 92, 60, 110, 225, 144, 125, 47, 228, 239, 35, 132, 40,
       243, 1, 49, 252, 36, 252, 101, 141, 123, 85, 40, 83, 182, 165, 24,
       83, 49, 73, 59, 25, 212, 232, 50, 104, 103, 249, 0, 219, 195, 85,
       53, 227, 249, 70, 34, 250, 174, 134, 48, 169, 185, 80, 135, 191,
       127, 144, 249, 174, 236, 70, 159, 133, 167, 236, 21, 190, 79, 202,
       179, 154, 242, 92, 251, 194, 76, 158, 93, 108, 180, 188, 251, 173,
       125, 81, 155, 127, 123, 173, 24, 222, 125, 72, 59, 145, 18, 253,
       48, 58, 98, 251, 145, 207, 219, 81, 127, 210, 72, 198, 34, 253,
       112, 189, 103, 44, 79, 85, 152, 99, 250, 165, 24, 215, 87, 73, 59,
       148, 212, 124, 122, 233, 103, 251, 0, 211, 217, 101, 52, 232, 243,
       70, 51, 108, 112, 189, 99, 173, 111, 81, 152, 91, 255, 165, 24,
       223, 29, 75, 59, 137, 212, 124, 26, 11, 102, 251, 16, 207, 219,
       85, 117, 194, 249, 70, 114, 219, 170, 166, 24, 169, 188, 72, 23,
       255, 95, 130, 85, 174, 232, 214, 223, 165, 39, 236, 29, 190, 77,
       167, 243, 152, 114, 94, 218, 130, 68, 139, 77, 197, 245, 29, 103,
       56, 79, 87, 184, 106, 248, 35, 72, 214, 113, 73, 51, 145, 84, 104,
       106, 99, 96, 249, 29, 237, 187, 69, 54, 72, 51, 67, 35, 77, 117,
       157, 103, 177, 62, 119, 184, 121, 234, 111, 76, 222, 115, 9, 182,
       145, 84, 104, 122, 161, 240, 249, 74, 175, 255, 69, 6, 202, 115,
       75, 35, 252, 188, 148, 178, 169, 189, 84, 223, 179, 251, 160, 93,
       47, 243, 72, 155, 129, 231, 236, 20, 63, 79, 218, 51, 218, 211,
       117, 123, 170, 84, 138, 11, 248, 174, 218, 48, 170, 169, 81, 215,
       179, 23, 164, 189, 39, 231, 66, 27, 39, 179, 237, 16, 58, 79, 130,
       51, 218, 199, 116, 121, 226, 192, 134, 75, 13, 117, 57, 71, 85,
       30, 103, 56, 120, 232, 111, 76, 214, 81, 25, 48, 16, 108, 68, 110,
       193, 176, 121, 14, 103, 189, 33, 4, 74, 179, 67, 161, 221, 46,
       150, 52, 169, 60, 72, 151, 251, 187, 130, 92, 143, 162, 193, 255,
       167, 103, 108, 28, 188, 77, 131, 194, 152, 250, 127, 254, 136,
       116, 139, 13, 69, 245, 189, 103, 180, 79, 103, 184, 114, 250, 47,
       72, 215, 113, 201, 34, 17, 94, 124, 122, 193, 240, 249, 42, 237,
       207, 37, 116, 200, 243, 67, 33, 196, 253, 157, 119, 136, 111, 71,
       173, 120, 178, 43, 24, 214, 119, 9, 59, 145, 86, 104, 98, 113,
       244, 249, 42, 237, 175, 85, 52, 192, 115, 199, 34, 120, 177, 251,
       96, 41, 204, 81, 85, 163, 157, 172, 8, 63, 151, 64, 58, 160, 183,
       253, 80, 26, 43, 178, 1, 219, 205, 48, 121, 226, 130, 198, 59,
       120, 141, 95, 100, 156, 78, 71, 55, 225, 160, 170, 8, 115, 51, 0,
       115, 32, 246, 108, 106, 121, 169, 113, 44, 249, 235, 101, 16, 97,
       226, 198, 40, 5, 117, 16, 69, 112, 30, 102, 184, 120, 168, 107,
       76, 222, 16, 141, 180, 148, 76, 70, 110, 197, 176, 217, 78, 37,
       188, 33, 4, 74, 51, 75, 133, 232, 188, 180, 248, 173, 253, 80, 87,
       255, 59, 180, 24, 174, 187, 68, 27, 201, 179, 255, 17, 58, 111,
       242, 211, 223, 219, 80, 123, 210, 72, 198, 11, 37, 113, 17, 69,
       85, 79, 230, 56, 108, 224, 107, 76, 210, 16, 29, 180, 144, 76, 80,
       106, 197, 176, 89, 12, 37, 152, 1, 52, 72, 59, 66, 148, 216, 112,
       188, 248, 41, 253, 81, 87, 171, 29, 181, 24, 159, 159, 64, 59,
       132, 145, 253, 16, 26, 71, 242, 145, 211, 217, 114, 123, 66, 1, 7,
       115, 77, 52, 157, 103, 161, 110, 119, 152, 121, 234, 111, 24, 222,
       113, 9, 58, 145, 86, 104, 42, 33, 244, 249, 42, 199, 255, 69, 6,
       200, 115, 67, 35, 29, 85, 29, 111, 176, 14, 111, 184, 116, 232,
       127, 68, 215, 115, 153, 112, 54, 92, 60, 110, 225, 144, 125, 46,
       229, 239, 37, 132, 40, 243, 1, 49, 93, 85, 125, 103, 48, 78, 79,
       184, 116, 234, 255, 68, 211, 119, 137, 112, 86, 212, 28, 106, 233,
       176, 121, 46, 227, 239, 37, 148, 104, 179, 96, 49, 244, 32, 189,
       100, 141, 111, 85, 8, 82, 182, 165, 24, 83, 61, 73, 59, 153, 212,
       104, 34, 40, 103, 251, 0, 219, 131, 85, 53, 225, 121, 70, 34, 21,
       213, 25, 231, 176, 46, 79, 184, 52, 170, 255, 96, 215, 119, 137,
       112, 55, 222, 29, 106, 105, 144, 105, 46, 232, 239, 39, 148, 160,
       243, 129, 49, 37, 113, 17, 69, 84, 79, 99, 40, 106, 224, 35, 72,
       210, 16, 77, 52, 16, 92, 64, 106, 65, 240, 249, 28, 37, 152, 5,
       52, 64, 59, 66, 160, 232, 180, 188, 254, 141, 237, 85, 47, 223,
       83, 164, 24, 190, 253, 76, 59, 201, 179, 251, 16, 122, 111, 242,
       179, 235, 223, 84, 123, 210, 72, 198, 74, 213, 252, 157, 119, 168,
       110, 71, 156, 178, 186, 166, 80, 215, 119, 201, 123, 23, 86, 124,
       122, 41, 196, 251, 42, 201, 171, 117, 20, 160, 241, 134, 49, 234,
       252, 182, 252, 157, 253, 84, 230, 223, 91, 172, 24, 190, 249, 100,
       82, 201, 243, 251, 1, 106, 111, 242, 187, 251, 223, 212, 59, 210,
       92, 214, 138, 241, 184, 255, 82, 171, 249, 81, 199, 251, 91, 164,
       56, 58, 254, 198, 63, 171, 178, 236, 16, 63, 111, 186, 113, 27,
       218, 85, 123, 227, 192, 206, 47, 7, 95, 99, 143, 118, 86, 175, 48,
       108, 196, 95, 230, 221, 92, 151, 228, 118, 109, 22, 239, 197, 144,
