%YAML:1.0
---
descriptors: !!opencv-matrix
   rows: 172
   cols: 32
   dt: u
   data: [ 100, 117, 189, 103, 173, 111, 71, 153, 122, 187, 47, 24, 214,
       119, 73, 122, 145, 84, 120, 122, 17, 112, 249, 34, 239, 159, 69,
       116, 200, 115, 199, 114, 109, 245, 57, 103, 249, 79, 71, 184, 58,
       232, 41, 8, 214, 117, 8, 48, 144, 92, 120, 106, 73, 112, 249, 30,
       229, 255, 5, 52, 64, 123, 198, 242, 44, 117, 57, 103, 157, 79, 71,
       168, 112, 232, 234, 8, 210, 117, 9, 48, 216, 92, 88, 106, 105,
       176, 249, 46, 229, 253, 5, 52, 64, 59, 86, 242, 100, 229, 157,
       122, 137, 77, 87, 136, 178, 23, 173, 24, 242, 247, 74, 19, 153,
       210, 105, 90, 122, 99, 250, 51, 235, 223, 69, 125, 208, 123, 198,
       98, 236, 180, 156, 112, 169, 109, 81, 143, 187, 191, 165, 25, 150,
       183, 74, 27, 129, 23, 237, 16, 58, 79, 219, 19, 203, 211, 117,
       127, 192, 64, 143, 3, 36, 69, 41, 103, 21, 79, 71, 184, 85, 236,
       239, 8, 211, 85, 25, 48, 216, 220, 91, 106, 73, 178, 121, 14, 229,
       255, 133, 20, 64, 187, 86, 114, 209, 143, 79, 101, 180, 42, 111,
       63, 116, 162, 106, 208, 243, 33, 144, 112, 19, 230, 44, 44, 185,
       152, 69, 47, 236, 175, 52, 0, 44, 226, 192, 40, 249, 188, 220, 48,
       170, 141, 93, 159, 179, 127, 180, 185, 63, 247, 194, 27, 135, 247,
       253, 20, 46, 79, 202, 51, 218, 203, 117, 185, 160, 212, 142, 91,
       108, 81, 145, 94, 73, 76, 71, 185, 193, 194, 165, 72, 106, 213,
       13, 247, 208, 244, 232, 106, 73, 103, 251, 41, 33, 250, 69, 59,
       82, 187, 198, 48, 252, 237, 241, 114, 168, 109, 71, 156, 178, 183,
       169, 24, 83, 247, 73, 59, 17, 214, 108, 90, 42, 103, 251, 34, 249,
       239, 101, 124, 226, 243, 198, 34, 124, 60, 253, 118, 168, 108, 85,
       158, 226, 254, 165, 24, 211, 247, 201, 59, 5, 214, 108, 26, 57,
       103, 251, 32, 219, 235, 117, 60, 226, 241, 198, 115, 221, 39, 156,
       182, 168, 56, 88, 8, 250, 187, 171, 121, 207, 98, 203, 219, 147,
       199, 108, 62, 60, 68, 203, 34, 218, 251, 119, 125, 160, 227, 139,
       1, 96, 188, 153, 218, 220, 237, 69, 143, 219, 59, 168, 24, 182,
       243, 76, 120, 193, 218, 106, 24, 59, 107, 218, 115, 189, 150, 85,
       124, 216, 88, 199, 42, 85, 69, 95, 103, 148, 14, 103, 184, 100,
       160, 171, 72, 83, 113, 25, 112, 48, 196, 76, 106, 105, 176, 89,
       46, 243, 175, 37, 20, 96, 243, 64, 34, 69, 112, 17, 71, 1, 78, 51,
       176, 104, 64, 99, 8, 222, 83, 8, 50, 144, 84, 104, 106, 65, 240,
       249, 36, 197, 184, 64, 2, 72, 51, 67, 34, 244, 76, 124, 118, 168,
       110, 87, 188, 176, 178, 166, 56, 87, 119, 1, 123, 135, 244, 109,
       106, 104, 69, 203, 44, 243, 235, 101, 20, 96, 241, 198, 35, 80,
       197, 125, 103, 22, 207, 67, 184, 102, 160, 171, 8, 243, 115, 9,
       112, 49, 212, 72, 106, 104, 176, 121, 63, 233, 175, 5, 20, 113,
       187, 64, 34, 76, 101, 121, 103, 114, 75, 123, 56, 57, 164, 111,
       169, 223, 87, 137, 48, 22, 93, 221, 110, 64, 144, 249, 95, 231,
       221, 33, 4, 98, 179, 7, 113, 109, 97, 57, 101, 52, 31, 118, 48,
       105, 104, 127, 77, 219, 29, 159, 176, 148, 68, 124, 110, 196, 176,
       225, 12, 231, 253, 33, 20, 66, 191, 90, 119, 116, 180, 185, 114,
       153, 236, 81, 206, 178, 151, 172, 24, 182, 247, 72, 58, 129, 95,
       104, 16, 26, 75, 250, 35, 219, 199, 85, 125, 192, 80, 134, 106,
       101, 117, 149, 39, 164, 14, 102, 184, 106, 168, 43, 76, 214, 113,
       73, 18, 148, 68, 104, 126, 193, 240, 217, 40, 173, 158, 101, 52,
       200, 115, 67, 33, 248, 188, 181, 112, 169, 232, 81, 159, 179, 159,
       164, 24, 46, 247, 64, 159, 129, 247, 237, 16, 58, 79, 242, 99,
       219, 247, 85, 123, 226, 68, 134, 106, 213, 95, 31, 103, 176, 14,
       71, 180, 224, 136, 170, 76, 243, 115, 129, 115, 36, 230, 108, 110,
       233, 169, 153, 46, 224, 171, 101, 16, 104, 243, 194, 41, 37, 117,
       17, 71, 85, 31, 102, 184, 121, 224, 107, 76, 246, 112, 77, 180,
       144, 92, 82, 106, 193, 176, 121, 46, 37, 156, 5, 48, 74, 59, 67,
       180, 248, 174, 244, 114, 169, 173, 92, 223, 179, 187, 176, 249,
       63, 255, 64, 27, 135, 247, 253, 20, 46, 79, 202, 179, 219, 251,
       117, 185, 226, 212, 130, 11, 173, 207, 78, 62, 152, 219, 71, 188,
       212, 214, 110, 148, 227, 65, 179, 231, 80, 102, 234, 110, 108,
       229, 111, 62, 226, 227, 101, 25, 114, 188, 220, 76, 237, 222, 88,
       99, 176, 63, 86, 190, 86, 43, 62, 124, 211, 112, 138, 112, 23,
       198, 12, 62, 190, 52, 105, 63, 238, 207, 37, 116, 218, 219, 200,
       1, 135, 180, 155, 18, 234, 237, 133, 207, 186, 255, 1, 253, 132,
       230, 74, 29, 149, 27, 98, 21, 55, 94, 250, 18, 136, 22, 95, 126,
       200, 64, 135, 245, 124, 185, 253, 118, 168, 77, 85, 153, 227, 255,
       165, 8, 211, 247, 73, 58, 3, 246, 124, 24, 27, 107, 250, 32, 219,
       251, 117, 124, 226, 242, 198, 115, 244, 36, 252, 114, 168, 109,
       85, 223, 179, 191, 164, 25, 83, 247, 75, 27, 129, 214, 237, 24,
       58, 111, 218, 50, 219, 207, 117, 125, 224, 240, 198, 98, 242, 170,
       204, 16, 203, 185, 240, 207, 170, 183, 164, 157, 35, 195, 70, 27,
       105, 162, 235, 144, 62, 79, 206, 49, 94, 3, 213, 127, 237, 76,
       222, 154, 208, 133, 92, 103, 152, 106, 71, 175, 180, 178, 174, 24,
       115, 115, 8, 83, 113, 214, 108, 170, 120, 197, 89, 15, 249, 227,
       245, 21, 32, 112, 228, 42, 96, 180, 145, 115, 137, 109, 80, 143,
       123, 51, 41, 24, 150, 51, 76, 122, 129, 23, 104, 16, 27, 104, 219,
       19, 141, 214, 85, 126, 208, 88, 198, 42, 24, 59, 90, 100, 82, 139,
       59, 87, 49, 132, 110, 207, 9, 167, 34, 16, 62, 189, 135, 192, 128,
       154, 148, 79, 118, 133, 32, 160, 111, 130, 38, 153, 192, 236, 157,
       254, 136, 237, 21, 134, 158, 23, 96, 24, 182, 243, 65, 91, 129,
       122, 106, 24, 34, 76, 218, 51, 205, 163, 117, 56, 144, 88, 135,
       170, 104, 246, 252, 97, 171, 121, 21, 159, 123, 191, 60, 185, 143,
       61, 203, 26, 135, 87, 237, 16, 2, 116, 235, 2, 198, 215, 117, 183,
       230, 216, 199, 107, 101, 97, 120, 101, 116, 26, 126, 40, 105, 160,
       111, 9, 211, 9, 29, 16, 146, 76, 89, 110, 68, 176, 193, 12, 230,
       253, 1, 17, 68, 179, 90, 2, 44, 56, 123, 68, 64, 110, 67, 80, 96,
       160, 101, 8, 51, 23, 129, 48, 16, 188, 68, 106, 9, 182, 240, 14,
       87, 173, 32, 0, 99, 163, 70, 160, 120, 168, 159, 114, 172, 237,
       81, 214, 242, 189, 165, 8, 55, 211, 64, 59, 1, 254, 108, 24, 26,
       107, 250, 49, 219, 201, 117, 121, 224, 192, 198, 162, 208, 188,
       157, 116, 136, 236, 81, 151, 166, 179, 162, 24, 183, 183, 64, 123,
       33, 247, 108, 16, 59, 109, 147, 49, 217, 162, 117, 88, 224, 64,
       135, 42, 197, 134, 205, 31, 236, 42, 101, 191, 246, 179, 99, 244,
       211, 224, 216, 123, 67, 78, 106, 28, 49, 252, 207, 51, 76, 162,
       119, 68, 204, 240, 193, 160, 77, 117, 57, 103, 177, 78, 119, 184,
       105, 232, 111, 12, 254, 117, 9, 48, 144, 84, 120, 106, 193, 240,
       249, 14, 229, 253, 5, 2, 66, 50, 71, 114, 125, 101, 96, 103, 180,
       91, 70, 168, 113, 166, 239, 136, 195, 97, 155, 148, 24, 196, 108,
       110, 108, 176, 237, 46, 174, 239, 5, 53, 103, 255, 90, 0, 252,
       162, 220, 112, 138, 137, 81, 223, 162, 181, 164, 189, 23, 131, 74,
       26, 35, 151, 237, 16, 26, 79, 138, 16, 219, 193, 117, 125, 224,
       128, 142, 18, 240, 170, 90, 112, 10, 137, 81, 87, 162, 23, 164,
       185, 23, 135, 66, 27, 43, 146, 69, 24, 26, 79, 130, 1, 211, 193,
       112, 121, 224, 128, 198, 42, 116, 96, 221, 102, 139, 106, 71, 168,
       34, 182, 163, 136, 83, 119, 73, 27, 17, 212, 233, 226, 104, 71,
       251, 0, 217, 162, 197, 61, 160, 115, 6, 98, 240, 184, 223, 80,
       169, 253, 81, 207, 243, 115, 164, 24, 42, 247, 68, 63, 137, 178,
       236, 24, 59, 111, 242, 115, 155, 219, 85, 123, 226, 192, 206, 46,
       66, 174, 148, 250, 233, 173, 92, 215, 187, 59, 160, 89, 174, 235,
       64, 31, 167, 231, 125, 156, 58, 79, 202, 241, 159, 250, 85, 251,
       130, 192, 130, 11, 247, 188, 223, 146, 234, 96, 5, 207, 186, 247,
