%YAML:1.0
---
descriptors: !!opencv-matrix
   rows: 205
   cols: 32
   dt: u
   data: [ 209, 168, 189, 24, 138, 232, 57, 143, 250, 83, 160, 16, 181,
       250, 86, 123, 163, 167, 120, 152, 55, 77, 246, 115, 221, 170, 94,
       121, 136, 64, 163, 78, 212, 140, 189, 247, 172, 107, 69, 191, 252,
       178, 130, 24, 247, 101, 144, 35, 3, 118, 108, 43, 120, 237, 9, 44,
       233, 195, 117, 20, 228, 248, 133, 40, 88, 185, 155, 108, 153, 204,
       87, 191, 226, 9, 174, 8, 118, 247, 64, 112, 176, 119, 232, 80, 27,
       75, 186, 51, 249, 229, 5, 125, 192, 34, 166, 42, 92, 244, 157,
       228, 138, 78, 87, 184, 166, 182, 167, 8, 215, 119, 73, 91, 51,
       213, 109, 106, 40, 65, 249, 12, 249, 227, 101, 52, 160, 115, 7,
       114, 205, 127, 159, 183, 160, 78, 63, 148, 48, 238, 86, 244, 247,
       55, 195, 123, 55, 119, 124, 110, 225, 212, 177, 42, 236, 227, 111,
       128, 168, 241, 163, 121, 120, 161, 120, 96, 92, 205, 83, 217, 99,
       189, 172, 8, 19, 215, 64, 16, 153, 154, 68, 88, 26, 107, 250, 20,
       251, 205, 37, 125, 96, 130, 70, 170, 205, 53, 157, 119, 129, 110,
       55, 172, 121, 250, 47, 24, 222, 119, 73, 59, 145, 87, 104, 98, 49,
       240, 249, 42, 239, 251, 69, 22, 194, 115, 199, 34, 240, 172, 189,
       122, 136, 237, 85, 175, 242, 55, 164, 24, 243, 247, 72, 59, 129,
       210, 108, 18, 122, 111, 251, 51, 235, 227, 85, 125, 192, 80, 198,
       106, 221, 244, 189, 39, 168, 126, 87, 184, 99, 254, 175, 61, 223,
       119, 75, 58, 149, 214, 236, 122, 189, 69, 249, 50, 251, 255, 101,
       116, 234, 243, 198, 115, 69, 112, 89, 103, 48, 79, 99, 184, 104,
       232, 119, 108, 215, 87, 137, 48, 22, 92, 84, 106, 193, 176, 249,
       12, 197, 185, 33, 132, 72, 179, 66, 49, 68, 188, 189, 250, 184,
       229, 25, 159, 158, 125, 141, 29, 150, 255, 72, 10, 197, 27, 125,
       17, 26, 75, 250, 179, 203, 215, 31, 127, 144, 64, 135, 115, 221,
       92, 255, 101, 160, 126, 95, 176, 225, 238, 151, 76, 223, 127, 19,
       123, 183, 245, 125, 127, 169, 197, 241, 42, 235, 235, 101, 148,
       172, 243, 71, 113, 108, 165, 185, 99, 184, 111, 83, 184, 114, 53,
       45, 24, 211, 117, 72, 48, 145, 94, 72, 122, 26, 112, 249, 23, 237,
       223, 5, 116, 208, 11, 198, 34, 244, 82, 156, 102, 40, 12, 87, 184,
       32, 186, 183, 120, 215, 115, 201, 123, 22, 212, 108, 106, 104, 71,
       203, 42, 211, 235, 101, 188, 96, 179, 2, 33, 77, 117, 149, 71,
       160, 78, 103, 176, 49, 234, 106, 76, 222, 55, 129, 247, 22, 212,
       108, 110, 225, 208, 249, 74, 165, 186, 101, 4, 42, 243, 2, 113,
       244, 52, 157, 114, 168, 109, 80, 9, 171, 187, 161, 24, 215, 119,
       73, 27, 129, 215, 108, 48, 59, 103, 219, 0, 219, 211, 85, 126,
       200, 97, 134, 50, 76, 71, 57, 103, 48, 90, 126, 184, 113, 168,
       127, 72, 219, 103, 137, 240, 18, 212, 236, 106, 72, 144, 233, 14,
       231, 255, 37, 133, 2, 179, 70, 33, 224, 172, 157, 250, 136, 237,
       17, 143, 186, 55, 160, 24, 182, 183, 64, 27, 129, 83, 104, 16, 58,
       79, 218, 51, 217, 146, 84, 122, 208, 88, 135, 42, 238, 185, 184,
       242, 173, 221, 81, 157, 155, 253, 181, 29, 150, 221, 75, 26, 141,
       219, 253, 81, 158, 111, 250, 177, 203, 209, 125, 127, 208, 13,
       214, 115, 80, 189, 63, 254, 154, 197, 21, 255, 150, 93, 136, 9,
       55, 255, 32, 80, 229, 179, 125, 129, 90, 75, 186, 63, 251, 231,
       62, 123, 16, 0, 167, 123, 1, 165, 105, 75, 244, 239, 235, 187, 92,
       97, 111, 16, 209, 53, 156, 96, 89, 14, 18, 60, 179, 184, 121, 31,
       111, 189, 135, 68, 220, 202, 208, 240, 213, 22, 221, 101, 32, 42,
       109, 49, 116, 234, 247, 244, 211, 35, 144, 123, 54, 196, 108, 174,
       185, 212, 101, 14, 196, 171, 97, 196, 168, 225, 64, 49, 37, 164,
       149, 155, 236, 45, 196, 137, 90, 59, 177, 72, 214, 112, 92, 59,
       217, 74, 110, 63, 59, 98, 203, 113, 140, 26, 117, 124, 216, 89,
       210, 128, 220, 120, 159, 118, 8, 108, 69, 156, 161, 178, 166, 24,
       87, 215, 65, 59, 35, 244, 108, 74, 41, 71, 187, 32, 211, 235, 117,
       28, 226, 241, 6, 35, 228, 100, 157, 103, 8, 14, 71, 168, 160, 178,
       163, 24, 215, 51, 9, 27, 0, 196, 105, 106, 104, 229, 217, 8, 225,
       235, 69, 20, 64, 243, 66, 34, 124, 171, 144, 50, 153, 169, 82,
       200, 163, 176, 169, 9, 111, 227, 73, 154, 129, 243, 232, 82, 14,
       67, 202, 49, 218, 213, 5, 127, 250, 119, 10, 10, 112, 168, 188,
       112, 136, 233, 81, 19, 162, 55, 164, 24, 55, 179, 64, 26, 129,
       178, 104, 16, 26, 111, 210, 48, 219, 131, 112, 121, 224, 200, 198,
       42, 205, 125, 181, 119, 137, 126, 55, 174, 123, 250, 47, 24, 222,
       119, 73, 63, 145, 86, 104, 42, 49, 244, 249, 106, 239, 255, 69,
       22, 202, 115, 199, 34, 5, 231, 229, 65, 180, 91, 103, 168, 126,
       246, 42, 128, 195, 96, 223, 84, 51, 76, 106, 126, 113, 240, 109,
       86, 44, 14, 69, 116, 246, 251, 213, 228, 240, 160, 222, 112, 136,
       169, 81, 95, 162, 23, 164, 24, 55, 231, 66, 27, 1, 146, 109, 24,
       26, 79, 194, 49, 219, 195, 117, 121, 224, 192, 198, 34, 196, 172,
       157, 250, 137, 237, 21, 143, 186, 23, 160, 24, 182, 247, 64, 91,
       129, 123, 104, 18, 50, 79, 218, 51, 201, 150, 85, 120, 144, 65,
       135, 42, 196, 176, 157, 114, 168, 109, 0, 11, 186, 187, 163, 88,
       214, 119, 72, 59, 129, 151, 108, 16, 59, 71, 219, 2, 201, 146,
       117, 126, 136, 64, 135, 51, 124, 233, 182, 114, 137, 201, 81, 198,
       163, 181, 164, 24, 47, 247, 64, 158, 161, 246, 237, 80, 26, 75,
       170, 33, 219, 213, 21, 123, 226, 16, 198, 106, 253, 236, 189, 50,
       168, 237, 87, 220, 178, 223, 165, 24, 87, 247, 75, 27, 177, 194,
       124, 90, 58, 103, 186, 51, 249, 203, 101, 124, 224, 243, 198, 98,
       252, 180, 156, 246, 188, 109, 81, 159, 242, 187, 167, 24, 215,
       241, 73, 27, 129, 214, 109, 16, 56, 109, 219, 34, 219, 199, 117,
       117, 168, 120, 214, 42, 100, 119, 85, 103, 116, 79, 230, 184, 105,
       168, 115, 72, 211, 105, 29, 51, 152, 212, 76, 98, 233, 240, 201,
       12, 165, 250, 101, 20, 72, 187, 66, 145, 216, 184, 159, 240, 137,
       236, 81, 151, 170, 83, 34, 24, 190, 151, 64, 123, 165, 55, 120,
       24, 51, 109, 178, 33, 217, 235, 84, 122, 200, 64, 135, 59, 225,
       189, 181, 86, 205, 237, 69, 175, 235, 243, 160, 24, 246, 241, 68,
       55, 129, 118, 120, 24, 123, 111, 250, 51, 157, 186, 85, 122, 192,
       72, 198, 42, 161, 104, 187, 87, 197, 237, 229, 198, 250, 242, 100,
       24, 178, 252, 85, 59, 137, 238, 114, 10, 35, 126, 250, 112, 69,
       184, 87, 40, 193, 121, 82, 236, 40, 225, 121, 96, 124, 205, 83,
       252, 99, 172, 172, 8, 19, 23, 64, 48, 24, 152, 68, 120, 90, 58,
       104, 61, 127, 221, 37, 125, 98, 138, 198, 163, 228, 241, 185, 242,
       232, 77, 85, 156, 139, 253, 165, 29, 183, 221, 75, 59, 133, 91,
       125, 83, 218, 102, 250, 49, 219, 217, 117, 127, 192, 27, 150, 243,
       236, 181, 121, 108, 252, 127, 87, 190, 83, 238, 172, 28, 83, 117,
       11, 51, 153, 198, 76, 122, 251, 99, 249, 63, 235, 217, 37, 61,
       250, 251, 198, 115, 205, 116, 241, 71, 97, 94, 103, 184, 121, 234,
       111, 76, 218, 119, 143, 182, 23, 84, 252, 106, 225, 208, 249, 106,
       47, 251, 101, 4, 74, 243, 70, 117, 228, 124, 189, 99, 140, 111,
       87, 152, 114, 242, 162, 8, 215, 119, 65, 59, 153, 212, 121, 122,
       105, 246, 249, 42, 237, 219, 69, 116, 200, 121, 70, 114, 224, 189,
       189, 117, 140, 78, 85, 183, 49, 226, 238, 28, 247, 55, 0, 51, 133,
       246, 125, 40, 121, 248, 241, 42, 239, 251, 85, 16, 72, 240, 198,
       122, 77, 148, 157, 119, 176, 108, 103, 159, 42, 123, 46, 84, 255,
       119, 200, 122, 151, 87, 108, 24, 147, 80, 251, 35, 205, 255, 116,
       68, 200, 208, 131, 57, 88, 249, 27, 106, 89, 204, 87, 252, 227, 8,
       236, 8, 54, 215, 64, 48, 144, 126, 104, 112, 91, 107, 186, 63,
       251, 245, 5, 126, 74, 18, 166, 58, 101, 96, 149, 71, 105, 94, 102,
       168, 123, 186, 35, 72, 210, 112, 77, 191, 144, 84, 96, 106, 69,
       112, 249, 40, 13, 186, 69, 54, 202, 115, 66, 164, 101, 112, 149,
