%YAML:1.0
---
descriptors: !!opencv-matrix
   rows: 227
   cols: 32
   dt: u
   data: [ 245, 166, 236, 19, 180, 59, 78, 143, 119, 175, 183, 189, 67,
       104, 159, 88, 51, 198, 108, 60, 190, 244, 77, 62, 190, 207, 53,
       213, 229, 241, 218, 68, 237, 113, 253, 103, 32, 78, 71, 184, 97,
       232, 55, 72, 211, 119, 201, 51, 22, 212, 124, 106, 201, 240, 249,
       40, 227, 249, 101, 20, 106, 179, 70, 113, 252, 237, 245, 118, 168,
       109, 85, 190, 162, 190, 164, 24, 83, 247, 73, 27, 1, 214, 109,
       106, 120, 71, 250, 32, 249, 203, 117, 60, 224, 241, 198, 106, 236,
       52, 189, 114, 173, 125, 81, 152, 219, 255, 37, 24, 222, 93, 79,
       59, 129, 80, 253, 58, 50, 103, 251, 16, 207, 219, 81, 127, 194,
       105, 70, 115, 252, 77, 157, 116, 168, 44, 85, 190, 168, 186, 182,
       56, 95, 119, 9, 91, 135, 215, 109, 98, 104, 71, 203, 32, 243, 235,
       117, 156, 96, 241, 134, 35, 212, 13, 94, 230, 152, 106, 79, 170,
       180, 166, 174, 25, 215, 99, 1, 83, 35, 247, 109, 234, 104, 197,
       73, 46, 249, 163, 101, 21, 32, 113, 166, 34, 104, 180, 189, 250,
       189, 237, 81, 15, 223, 59, 172, 24, 190, 189, 72, 58, 201, 147,
       251, 16, 58, 106, 242, 151, 207, 223, 84, 123, 210, 72, 198, 42,
       200, 156, 157, 254, 136, 237, 21, 183, 158, 23, 96, 24, 183, 243,
       64, 91, 129, 122, 104, 0, 50, 76, 218, 55, 237, 163, 116, 120,
       144, 72, 133, 42, 53, 229, 57, 97, 148, 79, 103, 232, 118, 160,
       111, 0, 83, 209, 121, 96, 121, 204, 18, 122, 75, 240, 57, 31, 233,
       140, 5, 36, 112, 187, 80, 160, 69, 103, 148, 39, 176, 14, 110,
       152, 121, 170, 123, 68, 223, 98, 201, 250, 147, 69, 108, 126, 209,
       240, 201, 98, 172, 254, 103, 196, 136, 243, 235, 5, 69, 245, 157,
       71, 153, 13, 103, 184, 126, 240, 43, 76, 246, 112, 73, 50, 145,
       68, 120, 106, 195, 96, 219, 63, 45, 190, 5, 36, 72, 51, 67, 33, 5,
       231, 204, 3, 132, 27, 103, 168, 118, 182, 47, 128, 195, 96, 219,
       94, 19, 76, 106, 126, 76, 240, 109, 48, 238, 138, 69, 53, 226,
       251, 88, 68, 69, 113, 21, 103, 21, 15, 98, 56, 104, 104, 107, 76,
       214, 17, 25, 48, 144, 4, 104, 110, 193, 176, 217, 12, 133, 188, 1,
       4, 72, 35, 67, 34, 225, 79, 77, 103, 52, 14, 103, 180, 112, 170,
       123, 92, 243, 97, 153, 112, 16, 230, 108, 110, 233, 180, 237, 47,
       228, 175, 37, 144, 104, 243, 210, 33, 92, 169, 185, 114, 154, 233,
       17, 203, 162, 181, 173, 24, 31, 247, 72, 26, 163, 147, 232, 16,
       26, 75, 186, 48, 219, 133, 21, 125, 224, 65, 135, 98, 248, 180,
       188, 248, 173, 253, 81, 83, 255, 59, 182, 24, 191, 255, 64, 123,
       133, 183, 253, 24, 58, 111, 242, 147, 219, 251, 113, 121, 194, 72,
       195, 51, 248, 188, 188, 248, 173, 253, 80, 31, 251, 59, 180, 24,
       191, 185, 80, 59, 197, 183, 125, 24, 186, 111, 242, 147, 219, 251,
       116, 122, 194, 200, 194, 11, 125, 71, 85, 102, 180, 14, 71, 184,
       96, 170, 171, 76, 83, 97, 153, 242, 20, 196, 76, 110, 233, 163,
       221, 14, 240, 239, 37, 20, 105, 243, 66, 33, 105, 189, 184, 115,
       221, 253, 85, 159, 123, 115, 44, 28, 190, 61, 70, 190, 129, 74,
       240, 24, 183, 104, 251, 179, 111, 223, 85, 127, 202, 84, 202, 254,
       248, 48, 247, 114, 42, 233, 65, 82, 178, 183, 165, 56, 55, 183,
       64, 27, 39, 182, 108, 24, 56, 79, 178, 0, 217, 203, 113, 56, 226,
       192, 70, 99, 197, 252, 157, 83, 140, 111, 231, 152, 114, 251, 39,
       88, 210, 113, 89, 43, 17, 68, 120, 122, 51, 116, 249, 50, 109,
       143, 101, 116, 200, 123, 209, 32, 240, 174, 255, 120, 10, 224, 81,
       71, 178, 23, 164, 56, 55, 135, 64, 91, 35, 179, 77, 144, 58, 79,
       162, 17, 209, 227, 112, 121, 160, 64, 38, 106, 218, 236, 20, 186,
       9, 253, 20, 174, 187, 55, 136, 25, 174, 242, 72, 147, 129, 243,
       236, 3, 110, 79, 218, 55, 185, 211, 93, 123, 16, 84, 15, 14, 45,
       49, 25, 97, 177, 127, 83, 24, 105, 232, 47, 8, 214, 16, 69, 48,
       144, 28, 64, 122, 5, 176, 249, 12, 239, 221, 1, 118, 202, 35, 74,
       166, 69, 113, 153, 101, 65, 78, 55, 0, 104, 232, 43, 8, 222, 23,
       65, 50, 144, 85, 120, 106, 65, 240, 249, 72, 101, 184, 5, 6, 72,
       51, 67, 34, 248, 174, 222, 114, 168, 172, 81, 151, 178, 191, 164,
       29, 55, 227, 66, 27, 165, 231, 109, 20, 58, 79, 154, 35, 219, 195,
       117, 125, 168, 192, 202, 11, 205, 117, 145, 71, 225, 95, 118, 184,
       121, 234, 47, 8, 222, 112, 77, 182, 145, 92, 96, 122, 245, 240,
       249, 42, 47, 222, 69, 38, 202, 115, 75, 166, 77, 52, 153, 103,
       149, 46, 103, 152, 121, 234, 47, 12, 214, 113, 89, 50, 145, 76,
       120, 46, 161, 244, 249, 14, 239, 255, 5, 4, 202, 115, 194, 48, 93,
       213, 61, 239, 176, 78, 79, 184, 36, 42, 255, 64, 215, 119, 137,
       112, 54, 212, 92, 106, 233, 144, 121, 46, 225, 239, 37, 148, 32,
       243, 192, 49, 104, 180, 188, 115, 173, 253, 81, 27, 127, 59, 173,
       24, 222, 125, 72, 58, 137, 26, 255, 16, 58, 108, 251, 147, 207,
       223, 81, 127, 210, 72, 198, 34, 108, 181, 17, 97, 189, 111, 80,
       157, 123, 57, 41, 88, 222, 25, 72, 184, 145, 22, 108, 48, 27, 112,
       217, 151, 207, 223, 21, 119, 210, 74, 194, 2, 69, 241, 145, 71,
       145, 14, 102, 184, 122, 248, 43, 76, 214, 112, 89, 50, 145, 68,
       104, 126, 195, 112, 217, 93, 173, 190, 37, 4, 72, 51, 67, 33, 77,
       103, 0, 71, 52, 15, 103, 56, 121, 168, 127, 76, 210, 65, 153, 20,
       144, 76, 68, 110, 192, 240, 201, 14, 36, 156, 33, 4, 66, 187, 82,
       161, 249, 56, 189, 112, 137, 236, 81, 19, 226, 247, 164, 24, 27,
       149, 66, 59, 129, 214, 120, 24, 42, 111, 242, 0, 219, 235, 85,
       121, 226, 64, 198, 98, 101, 99, 0, 71, 52, 15, 102, 56, 108, 168,
       115, 76, 211, 1, 153, 52, 144, 76, 76, 110, 193, 176, 73, 12, 164,
       156, 33, 20, 72, 187, 90, 1, 54, 109, 114, 239, 254, 11, 254, 232,
       61, 160, 251, 10, 239, 234, 61, 80, 254, 237, 127, 227, 200, 179,
       73, 238, 190, 254, 143, 148, 101, 251, 115, 129, 253, 243, 29,
       103, 164, 14, 71, 188, 96, 232, 174, 76, 211, 97, 152, 51, 20, 68,
       108, 110, 201, 224, 249, 40, 224, 233, 101, 20, 104, 242, 194, 33,
       229, 198, 205, 103, 180, 42, 99, 191, 116, 163, 107, 244, 211, 97,
       144, 112, 19, 198, 100, 44, 185, 252, 77, 14, 236, 175, 101, 68,
       236, 240, 210, 32, 242, 172, 134, 190, 137, 237, 20, 207, 155, 55,
       160, 25, 38, 242, 96, 159, 201, 227, 232, 17, 62, 79, 218, 51,
       153, 210, 93, 59, 208, 92, 170, 14, 229, 75, 85, 103, 36, 14, 103,
       184, 96, 170, 115, 72, 211, 97, 153, 55, 18, 100, 108, 110, 233,
       244, 205, 40, 164, 170, 101, 132, 104, 179, 82, 33, 232, 188, 180,
       248, 173, 237, 84, 223, 255, 187, 180, 24, 174, 185, 68, 31, 201,
       167, 127, 24, 186, 111, 210, 147, 219, 223, 87, 122, 210, 200,
       210, 11, 226, 172, 244, 253, 237, 173, 76, 239, 191, 59, 242, 24,
       234, 232, 84, 75, 205, 239, 127, 145, 186, 111, 219, 243, 191,
       218, 223, 120, 209, 88, 242, 8, 226, 172, 180, 248, 237, 173, 92,
       223, 255, 187, 188, 24, 175, 185, 84, 95, 205, 231, 127, 25, 186,
       111, 211, 179, 159, 219, 215, 122, 210, 72, 242, 11, 198, 236,
       246, 159, 254, 171, 252, 239, 191, 179, 242, 18, 236, 234, 60, 91,
       235, 239, 127, 145, 178, 127, 203, 251, 188, 186, 223, 244, 229,
       125, 243, 137, 228, 236, 189, 119, 129, 111, 71, 191, 112, 178,
       47, 24, 243, 119, 9, 51, 145, 86, 72, 42, 121, 116, 249, 42, 237,
       223, 85, 52, 192, 115, 198, 34, 69, 244, 157, 119, 164, 111, 231,
       152, 114, 242, 39, 8, 215, 113, 217, 43, 17, 76, 120, 122, 113,
       112, 249, 34, 237, 143, 101, 116, 200, 123, 195, 32, 208, 174,
       156, 112, 138, 233, 17, 199, 178, 183, 164, 185, 39, 167, 64, 27,
       39, 247, 237, 16, 58, 79, 138, 18, 217, 199, 117, 125, 224, 192,
       134, 106, 252, 181, 220, 114, 136, 109, 85, 223, 178, 191, 173,
       24, 23, 247, 72, 27, 1, 214, 109, 24, 58, 67, 250, 16, 217, 195,
       117, 125, 224, 209, 134, 226, 248, 174, 222, 248, 170, 169, 81,
