%YAML:1.0
---
descriptors: !!opencv-matrix
   rows: 308
   cols: 32
   dt: u
   data: [ 208, 16, 159, 116, 168, 108, 69, 54, 160, 219, 162, 24, 215,
       55, 1, 123, 1, 246, 108, 8, 57, 77, 179, 32, 217, 163, 116, 16,
       160, 224, 6, 59, 248, 48, 255, 112, 40, 237, 81, 83, 162, 221,
       164, 56, 23, 151, 66, 27, 38, 180, 101, 24, 11, 111, 178, 0, 209,
       193, 113, 57, 224, 128, 70, 123, 5, 125, 49, 71, 81, 78, 118, 184,
       125, 232, 106, 72, 222, 17, 5, 180, 176, 92, 82, 106, 193, 176,
       121, 46, 37, 188, 1, 2, 74, 51, 67, 160, 37, 117, 17, 67, 85, 79,
       103, 184, 106, 160, 43, 72, 214, 81, 77, 182, 145, 92, 64, 122,
       65, 240, 249, 12, 45, 156, 5, 54, 72, 59, 71, 160, 102, 184, 191,
       86, 232, 68, 17, 202, 170, 189, 160, 57, 100, 247, 76, 26, 129,
       119, 105, 16, 2, 79, 170, 49, 217, 176, 125, 255, 128, 32, 7, 99,
       36, 225, 121, 75, 93, 77, 83, 136, 66, 52, 45, 8, 242, 85, 9, 48,
       25, 16, 64, 106, 74, 34, 251, 21, 103, 157, 1, 61, 80, 59, 70,
       226, 221, 46, 156, 180, 168, 44, 88, 154, 186, 187, 163, 121, 207,
       227, 195, 219, 131, 199, 108, 28, 60, 71, 203, 34, 218, 235, 119,
       253, 168, 241, 139, 3, 141, 93, 31, 103, 176, 14, 111, 180, 116,
       200, 126, 100, 247, 115, 129, 112, 54, 126, 52, 110, 225, 144, 61,
       47, 228, 239, 39, 128, 40, 242, 129, 57, 120, 184, 253, 118, 168,
       253, 81, 219, 163, 255, 164, 24, 51, 247, 66, 59, 5, 246, 236, 24,
       27, 111, 242, 49, 219, 235, 117, 57, 226, 192, 70, 123, 93, 85,
       125, 102, 168, 78, 87, 189, 225, 232, 191, 72, 247, 119, 137, 115,
       20, 212, 125, 106, 201, 131, 249, 44, 243, 233, 101, 148, 104,
       178, 198, 121, 44, 48, 185, 99, 189, 125, 81, 152, 91, 255, 165,
       24, 222, 93, 73, 58, 153, 24, 255, 26, 19, 100, 251, 18, 207, 223,
       17, 127, 194, 107, 70, 115, 85, 69, 93, 103, 146, 78, 103, 184,
       100, 160, 171, 72, 215, 115, 9, 115, 50, 213, 108, 106, 105, 176,
       89, 44, 245, 235, 37, 20, 97, 243, 65, 34, 205, 112, 189, 103, 32,
       110, 83, 152, 120, 234, 163, 8, 215, 85, 73, 59, 145, 84, 124,
       122, 169, 244, 249, 40, 199, 251, 101, 52, 200, 243, 70, 115, 124,
       116, 189, 115, 41, 111, 81, 152, 243, 187, 167, 24, 215, 87, 73,
       59, 145, 212, 124, 58, 43, 103, 251, 2, 207, 223, 97, 116, 194,
       243, 70, 115, 237, 112, 157, 103, 44, 78, 71, 152, 104, 186, 183,
       40, 215, 115, 201, 59, 148, 84, 124, 106, 105, 244, 249, 40, 197,
       251, 101, 52, 72, 243, 70, 33, 104, 181, 188, 251, 173, 205, 85,
       47, 255, 61, 173, 24, 190, 253, 74, 19, 137, 147, 233, 0, 122,
       106, 251, 145, 207, 219, 84, 123, 82, 72, 198, 106, 212, 248, 189,
       246, 168, 236, 85, 142, 171, 155, 166, 56, 247, 247, 72, 123, 129,
       247, 253, 16, 59, 79, 250, 49, 219, 243, 85, 123, 128, 113, 135,
       51, 252, 180, 253, 113, 174, 123, 85, 27, 114, 250, 183, 56, 23,
       29, 202, 59, 3, 148, 252, 50, 120, 101, 235, 18, 203, 203, 117,
       117, 226, 248, 198, 99, 252, 197, 188, 126, 139, 9, 23, 168, 242,
       54, 172, 25, 111, 227, 11, 91, 145, 214, 232, 98, 122, 103, 219,
       51, 251, 227, 69, 63, 242, 115, 134, 34, 76, 117, 57, 103, 240,
       14, 55, 184, 57, 232, 127, 108, 222, 119, 137, 48, 148, 93, 117,
       106, 193, 144, 249, 78, 239, 255, 37, 134, 74, 179, 7, 179, 69,
       117, 17, 69, 113, 14, 103, 56, 120, 232, 107, 76, 214, 81, 9, 176,
       144, 76, 104, 106, 193, 240, 249, 14, 37, 188, 5, 6, 72, 51, 67,
       35, 133, 142, 199, 27, 144, 171, 102, 190, 118, 147, 98, 208, 243,
       225, 216, 121, 115, 110, 106, 28, 115, 252, 207, 51, 172, 166, 53,
       68, 236, 249, 208, 136, 124, 173, 252, 114, 154, 233, 85, 199,
       163, 181, 173, 185, 11, 231, 74, 26, 35, 147, 237, 144, 26, 75,
       138, 112, 251, 195, 53, 125, 224, 64, 166, 50, 88, 144, 188, 252,
       40, 12, 89, 152, 175, 185, 182, 40, 223, 255, 72, 123, 135, 213,
       253, 88, 10, 65, 251, 145, 219, 251, 115, 220, 128, 161, 3, 51,
       216, 176, 188, 112, 41, 253, 81, 91, 187, 251, 180, 24, 191, 255,
       72, 59, 133, 149, 253, 24, 186, 111, 242, 145, 219, 251, 115, 250,
       194, 128, 71, 51, 232, 188, 188, 248, 173, 253, 84, 223, 255, 59,
       180, 24, 190, 189, 68, 27, 201, 178, 255, 16, 186, 111, 242, 179,
       219, 219, 84, 122, 210, 72, 210, 75, 248, 180, 188, 248, 173, 253,
       81, 87, 255, 91, 180, 24, 190, 191, 66, 59, 141, 179, 255, 16, 58,
       111, 242, 147, 219, 219, 80, 123, 210, 72, 198, 251, 205, 116,
       181, 101, 105, 126, 112, 152, 121, 250, 38, 92, 222, 113, 77, 191,
       147, 85, 124, 122, 161, 116, 249, 194, 135, 218, 65, 54, 202, 117,
       75, 55, 197, 116, 151, 101, 161, 110, 119, 136, 121, 234, 107, 8,
       222, 113, 73, 59, 176, 84, 104, 106, 97, 244, 177, 10, 229, 251,
       69, 6, 72, 115, 67, 51, 92, 168, 156, 114, 138, 233, 17, 207, 186,
       183, 164, 57, 31, 183, 74, 27, 163, 211, 237, 16, 26, 75, 138, 49,
       217, 195, 117, 125, 224, 64, 135, 43, 105, 189, 180, 115, 157,
       125, 117, 159, 123, 243, 44, 28, 158, 61, 86, 62, 133, 70, 240,
       28, 183, 120, 251, 179, 111, 223, 85, 118, 202, 84, 195, 254, 69,
       253, 157, 3, 172, 15, 167, 156, 122, 250, 15, 76, 214, 112, 217,
       43, 145, 68, 120, 123, 241, 112, 249, 34, 173, 14, 101, 116, 200,
       123, 211, 32, 248, 172, 255, 114, 138, 232, 89, 215, 179, 183,
       164, 185, 55, 183, 64, 27, 39, 247, 237, 144, 58, 79, 162, 35,
       219, 195, 117, 121, 224, 192, 166, 106, 77, 52, 189, 117, 129,
       126, 117, 23, 123, 243, 47, 24, 158, 55, 66, 251, 133, 86, 120,
       24, 177, 216, 241, 66, 207, 251, 85, 68, 130, 96, 195, 98, 248,
       174, 222, 120, 170, 233, 89, 87, 178, 23, 164, 185, 55, 199, 64,
       27, 39, 178, 237, 144, 58, 79, 130, 51, 219, 195, 112, 121, 176,
       192, 134, 123, 109, 113, 17, 97, 49, 95, 82, 8, 105, 232, 173, 8,
       218, 16, 69, 180, 144, 220, 68, 122, 9, 176, 241, 8, 167, 221, 1,
       54, 74, 51, 74, 166, 69, 112, 145, 69, 65, 94, 116, 8, 105, 232,
       35, 8, 222, 50, 77, 190, 144, 92, 96, 122, 65, 240, 241, 64, 13,
       184, 69, 6, 202, 115, 67, 166, 69, 87, 20, 69, 48, 30, 102, 56,
       105, 168, 111, 76, 214, 32, 141, 247, 144, 68, 108, 110, 229, 240,
       217, 14, 39, 250, 101, 4, 74, 179, 74, 5, 77, 71, 20, 69, 48, 30,
       102, 56, 125, 168, 111, 68, 215, 83, 137, 244, 148, 68, 108, 110,
       197, 144, 105, 14, 166, 255, 35, 4, 10, 179, 73, 5, 240, 170, 140,
       182, 168, 40, 89, 151, 162, 191, 134, 189, 55, 163, 66, 91, 3,
       230, 109, 20, 56, 79, 202, 32, 218, 227, 245, 185, 168, 240, 142,
       74, 100, 113, 56, 99, 0, 15, 83, 56, 96, 172, 47, 12, 215, 83, 9,
       48, 16, 84, 68, 106, 72, 240, 249, 8, 231, 189, 33, 52, 64, 179,
       66, 35, 205, 245, 188, 71, 241, 30, 119, 184, 121, 234, 111, 76,
       222, 113, 9, 179, 145, 68, 120, 106, 229, 240, 249, 46, 111, 255,
       69, 6, 202, 115, 75, 18, 248, 188, 222, 114, 168, 173, 80, 215,
       179, 63, 164, 29, 55, 243, 66, 27, 5, 179, 237, 20, 58, 79, 218,
       51, 218, 203, 117, 121, 232, 192, 138, 26, 248, 190, 247, 114,
       171, 236, 85, 215, 179, 31, 164, 56, 47, 247, 64, 159, 39, 247,
       237, 16, 58, 79, 170, 51, 219, 243, 85, 123, 226, 196, 134, 123,
       120, 168, 250, 112, 138, 233, 81, 87, 179, 23, 164, 56, 55, 183,
       66, 26, 11, 178, 237, 16, 26, 107, 194, 17, 219, 195, 116, 121,
       224, 128, 134, 43, 37, 113, 17, 71, 85, 95, 230, 56, 110, 224, 43,
       72, 214, 80, 77, 180, 144, 76, 82, 106, 193, 176, 121, 28, 37,
       156, 5, 54, 74, 59, 67, 182, 109, 48, 145, 71, 193, 110, 99, 152,
       107, 226, 43, 8, 210, 113, 73, 190, 145, 92, 96, 122, 1, 240, 249,
       40, 13, 156, 69, 52, 202, 115, 66, 32, 37, 241, 49, 67, 221, 79,
       71, 168, 74, 112, 41, 8, 210, 85, 77, 52, 145, 92, 64, 106, 67,
       48, 249, 21, 45, 156, 5, 118, 80, 59, 70, 162, 120, 184, 255, 112,
       168, 237, 81, 95, 163, 221, 164, 8, 59, 215, 64, 59, 165, 182,
