%YAML:1.0
---
descriptors: !!opencv-matrix
   rows: 101
   cols: 32
   dt: u
   data: [ 25, 207, 107, 239, 182, 138, 111, 244, 116, 192, 222, 230,
       121, 227, 176, 96, 126, 238, 31, 238, 233, 153, 45, 239, 242, 239,
       167, 128, 45, 186, 240, 169, 191, 255, 181, 151, 181, 126, 191,
       252, 63, 223, 254, 119, 238, 126, 207, 175, 255, 247, 255, 211,
       237, 255, 251, 239, 191, 247, 111, 215, 203, 127, 175, 223, 254,
       223, 214, 182, 245, 255, 126, 248, 63, 255, 191, 127, 110, 254,
       111, 223, 255, 255, 191, 87, 239, 247, 123, 255, 191, 215, 239,
       247, 142, 127, 252, 215, 141, 22, 125, 245, 100, 46, 125, 50, 124,
       250, 119, 244, 223, 35, 153, 123, 119, 132, 30, 46, 161, 244, 97,
       14, 198, 235, 115, 132, 62, 233, 65, 177, 47, 101, 103, 207, 253,
       31, 239, 248, 127, 234, 255, 70, 216, 238, 159, 229, 255, 205,
       127, 239, 237, 243, 255, 254, 191, 126, 207, 132, 95, 255, 251,
       244, 206, 119, 254, 191, 238, 11, 255, 248, 63, 254, 247, 167,
       205, 239, 203, 79, 255, 221, 255, 231, 232, 247, 203, 250, 254,
       243, 239, 143, 167, 255, 37, 83, 15, 180, 246, 223, 253, 127, 254,
       200, 127, 251, 255, 50, 238, 254, 223, 172, 251, 223, 254, 179,
       191, 243, 251, 251, 191, 255, 207, 199, 207, 127, 239, 215, 255,
       255, 254, 183, 253, 255, 255, 248, 191, 254, 191, 63, 238, 254,
       239, 215, 255, 255, 255, 215, 239, 115, 251, 255, 191, 223, 239,
       255, 143, 127, 253, 215, 124, 176, 180, 250, 173, 253, 80, 218,
       235, 127, 181, 25, 206, 253, 78, 154, 201, 211, 255, 16, 190, 99,
       250, 177, 219, 219, 81, 127, 210, 13, 78, 83, 137, 191, 237, 255,
       254, 187, 253, 255, 127, 251, 254, 246, 253, 239, 146, 105, 127,
       255, 127, 156, 179, 248, 111, 255, 254, 255, 255, 196, 255, 200,
       241, 249, 124, 53, 189, 231, 169, 125, 95, 184, 171, 254, 191, 13,
       223, 127, 75, 243, 135, 215, 253, 106, 217, 67, 249, 168, 251,
       217, 101, 189, 34, 243, 134, 115, 205, 158, 189, 119, 168, 44,
       125, 183, 254, 251, 54, 84, 255, 63, 72, 123, 135, 86, 125, 28,
       179, 236, 251, 98, 207, 251, 118, 196, 202, 240, 193, 123, 237,
       190, 189, 243, 173, 188, 117, 154, 251, 251, 182, 92, 255, 253,
       90, 59, 133, 102, 125, 28, 179, 108, 251, 179, 207, 251, 117, 118,
       202, 233, 194, 115, 126, 245, 118, 158, 253, 95, 190, 232, 159,
       174, 249, 47, 108, 254, 47, 212, 255, 253, 255, 227, 108, 99, 218,
       255, 191, 126, 143, 191, 23, 127, 255, 215, 126, 253, 246, 142,
       253, 87, 222, 236, 191, 204, 253, 15, 238, 254, 47, 212, 255, 255,
       255, 227, 110, 99, 219, 255, 191, 126, 143, 159, 19, 127, 255,
       223, 126, 253, 242, 206, 253, 95, 254, 236, 159, 238, 253, 15,
       106, 254, 62, 212, 253, 255, 255, 227, 108, 99, 251, 255, 191,
       254, 143, 191, 23, 127, 254, 222, 27, 207, 107, 239, 182, 130,
       239, 247, 53, 192, 94, 230, 121, 239, 176, 96, 126, 239, 23, 238,
       225, 152, 45, 239, 254, 239, 174, 128, 45, 243, 161, 185, 129,
       174, 239, 251, 172, 171, 237, 223, 126, 183, 246, 242, 237, 227,
       208, 73, 127, 239, 111, 156, 178, 252, 111, 243, 204, 255, 255,
       192, 228, 208, 227, 169, 92, 59, 188, 230, 168, 79, 95, 184, 163,
       254, 191, 13, 223, 127, 75, 83, 134, 215, 253, 98, 205, 99, 251,
       32, 251, 201, 101, 189, 34, 243, 142, 115, 252, 112, 252, 114,
       169, 95, 87, 156, 179, 254, 165, 24, 223, 223, 75, 59, 205, 213,
       253, 218, 104, 103, 251, 48, 243, 203, 117, 61, 242, 179, 78, 123,
       252, 180, 252, 250, 141, 125, 80, 219, 247, 95, 189, 25, 95, 255,
       74, 155, 153, 147, 253, 18, 62, 103, 250, 147, 219, 223, 81, 127,
       243, 77, 206, 83, 222, 255, 254, 175, 255, 95, 254, 252, 63, 238,
       223, 175, 236, 255, 43, 192, 255, 255, 255, 231, 108, 243, 219,
       255, 255, 247, 175, 159, 7, 127, 173, 219, 223, 253, 190, 255,
       253, 223, 255, 252, 191, 254, 255, 47, 238, 254, 207, 247, 255,
       255, 255, 231, 239, 243, 251, 255, 255, 255, 207, 191, 7, 127,
       239, 247, 30, 253, 190, 255, 189, 255, 191, 252, 191, 254, 255,
       39, 254, 254, 47, 99, 255, 247, 255, 211, 238, 235, 187, 255, 251,
       255, 207, 151, 135, 127, 175, 247, 246, 164, 214, 191, 254, 171,
       238, 239, 191, 179, 243, 26, 239, 234, 92, 89, 123, 239, 127, 147,
       58, 251, 203, 255, 188, 254, 223, 252, 245, 249, 227, 128, 252,
       113, 189, 118, 169, 93, 85, 216, 163, 252, 181, 9, 223, 223, 75,
       187, 132, 213, 253, 82, 76, 103, 251, 176, 219, 217, 101, 63, 98,
       245, 198, 115, 141, 190, 253, 251, 238, 59, 233, 223, 127, 243,
       254, 246, 221, 239, 222, 105, 127, 206, 127, 157, 179, 252, 239,
       243, 222, 255, 247, 196, 255, 248, 243, 241, 129, 251, 253, 239,
       116, 138, 111, 188, 110, 104, 126, 228, 253, 67, 152, 96, 118,
       236, 126, 204, 195, 144, 237, 255, 238, 253, 39, 132, 44, 186, 97,
       185, 174, 247, 244, 255, 253, 255, 255, 252, 63, 255, 253, 63,
       238, 254, 95, 247, 255, 255, 255, 243, 255, 243, 251, 255, 255,
       255, 239, 247, 223, 127, 255, 247, 205, 190, 189, 115, 169, 172,
       125, 151, 251, 251, 182, 84, 255, 127, 72, 123, 135, 87, 125, 28,
       243, 109, 251, 99, 207, 251, 119, 208, 202, 208, 131, 123, 205,
       190, 189, 119, 173, 188, 117, 150, 251, 251, 183, 92, 255, 255,
       73, 59, 133, 119, 125, 28, 163, 109, 251, 35, 207, 251, 117, 122,
       202, 241, 195, 123, 158, 189, 190, 255, 253, 255, 255, 252, 191,
       254, 255, 63, 254, 255, 43, 99, 255, 255, 255, 243, 253, 247, 251,
       255, 255, 255, 239, 215, 207, 255, 173, 211, 254, 244, 254, 222,
       237, 127, 222, 200, 159, 159, 253, 27, 110, 254, 111, 216, 249,
       223, 255, 243, 46, 103, 251, 243, 187, 255, 207, 127, 147, 127,
       238, 214, 126, 127, 182, 190, 189, 223, 222, 232, 191, 190, 253,
       11, 206, 254, 47, 215, 255, 253, 239, 227, 108, 99, 218, 255, 187,
       243, 207, 191, 83, 127, 175, 199, 31, 207, 107, 239, 182, 162,
       239, 246, 117, 192, 222, 230, 121, 107, 176, 96, 126, 239, 23,
       238, 233, 153, 45, 239, 246, 239, 175, 128, 63, 242, 241, 185,
       201, 22, 61, 245, 164, 46, 125, 27, 125, 250, 119, 116, 223, 55,
       145, 123, 199, 7, 126, 44, 177, 212, 97, 14, 198, 251, 114, 128,
       136, 240, 129, 113, 141, 86, 127, 245, 52, 10, 107, 48, 124, 234,
       119, 244, 223, 67, 145, 113, 246, 173, 94, 110, 225, 244, 101, 78,
       198, 251, 227, 128, 108, 169, 65, 49, 62, 253, 118, 174, 253, 223,
       222, 236, 159, 236, 252, 15, 78, 254, 47, 148, 253, 253, 255, 227,
       108, 99, 218, 255, 187, 254, 143, 191, 87, 127, 126, 215, 252,
       113, 252, 118, 169, 77, 95, 152, 179, 254, 181, 13, 223, 223, 75,
       59, 158, 212, 253, 122, 232, 103, 251, 32, 211, 203, 101, 61, 98,
       179, 78, 115, 62, 215, 239, 255, 253, 94, 255, 252, 63, 254, 247,
       167, 239, 255, 159, 213, 255, 255, 183, 231, 253, 242, 251, 255,
       255, 255, 239, 135, 135, 255, 239, 243, 61, 207, 107, 238, 150,
       146, 111, 252, 101, 192, 254, 198, 115, 227, 177, 96, 126, 238,
       30, 238, 201, 179, 45, 239, 242, 237, 167, 128, 63, 187, 240, 56,
       63, 181, 62, 143, 253, 95, 255, 252, 127, 236, 254, 15, 254, 254,
       63, 228, 254, 239, 255, 231, 237, 243, 251, 254, 255, 127, 143,
       63, 95, 127, 251, 215, 254, 247, 110, 175, 125, 95, 255, 252, 63,
       238, 254, 239, 207, 239, 191, 213, 254, 221, 255, 231, 236, 243,
       251, 255, 247, 255, 239, 159, 55, 255, 127, 215, 63, 181, 230,
       207, 253, 127, 254, 232, 127, 238, 255, 47, 206, 254, 63, 228,
       255, 221, 255, 231, 189, 243, 249, 222, 191, 127, 143, 183, 223,
       127, 125, 215, 252, 113, 253, 246, 173, 93, 85, 220, 211, 254,
       180, 8, 219, 221, 75, 59, 204, 213, 253, 106, 72, 103, 250, 160,
       211, 217, 101, 61, 98, 185, 78, 115, 182, 180, 246, 255, 253, 79,
       254, 232, 191, 170, 250, 11, 238, 254, 61, 81, 255, 255, 255, 163,
       232, 243, 219, 255, 191, 254, 207, 191, 85, 122, 103, 147, 38,
