%YAML:1.0
---
descriptors: !!opencv-matrix
   rows: 95
   cols: 32
   dt: u
   data: [ 13, 113, 25, 71, 113, 94, 54, 184, 104, 224, 107, 72, 222, 18,
       13, 48, 144, 93, 64, 106, 193, 176, 89, 78, 37, 188, 5, 6, 72, 51,
       75, 182, 5, 117, 155, 71, 144, 78, 39, 160, 120, 226, 110, 8, 214,
       119, 9, 48, 177, 126, 80, 106, 113, 240, 185, 110, 237, 142, 5, 4,
       72, 115, 227, 178, 90, 188, 250, 186, 251, 241, 61, 103, 191, 95,
       220, 187, 44, 255, 38, 80, 167, 187, 255, 145, 166, 207, 162, 247,
       251, 119, 62, 139, 135, 68, 167, 251, 9, 249, 27, 111, 48, 207,
       103, 244, 96, 72, 108, 72, 255, 85, 128, 180, 18, 120, 82, 106,
       65, 184, 121, 61, 231, 237, 36, 64, 106, 18, 195, 187, 36, 103,
       104, 103, 112, 11, 103, 168, 53, 132, 239, 137, 195, 67, 11, 16,
       90, 204, 67, 106, 72, 176, 73, 14, 102, 231, 4, 21, 99, 187, 78,
       162, 221, 221, 31, 239, 188, 110, 127, 188, 185, 234, 254, 72,
       255, 119, 137, 114, 183, 247, 127, 106, 249, 171, 249, 239, 255,
       255, 39, 132, 202, 243, 227, 57, 77, 253, 159, 247, 172, 110, 119,
       188, 237, 234, 255, 8, 255, 247, 137, 115, 149, 246, 124, 106,
       217, 201, 187, 47, 255, 251, 103, 20, 10, 243, 195, 57, 193, 184,
       191, 81, 172, 173, 161, 23, 254, 83, 162, 84, 182, 144, 212, 111,
       161, 34, 106, 29, 179, 109, 151, 81, 140, 26, 82, 90, 200, 64,
       193, 45, 60, 101, 104, 71, 83, 75, 71, 168, 53, 164, 239, 136, 67,
       101, 9, 20, 88, 220, 194, 98, 104, 178, 121, 14, 117, 230, 5, 21,
       99, 187, 70, 226, 126, 245, 185, 254, 123, 65, 31, 232, 187, 188,
       173, 41, 108, 231, 73, 22, 147, 93, 237, 114, 98, 67, 186, 63,
       251, 231, 13, 191, 2, 51, 7, 114, 242, 180, 245, 122, 169, 253,
       80, 207, 219, 59, 176, 57, 42, 253, 76, 187, 143, 147, 237, 16,
       62, 111, 202, 51, 155, 219, 117, 255, 211, 72, 198, 31, 110, 101,
       145, 94, 89, 196, 23, 40, 187, 180, 45, 9, 236, 247, 73, 22, 145,
       125, 233, 98, 66, 67, 186, 31, 235, 183, 13, 63, 2, 51, 7, 98,
       252, 123, 208, 100, 169, 13, 86, 213, 131, 170, 184, 105, 31, 157,
       65, 146, 140, 244, 253, 98, 200, 99, 202, 0, 242, 217, 37, 60,
       106, 251, 202, 3, 226, 188, 156, 186, 169, 173, 23, 239, 155, 95,
       169, 29, 182, 247, 66, 27, 133, 243, 105, 22, 50, 111, 218, 115,
       249, 150, 85, 122, 216, 88, 131, 59, 240, 168, 158, 250, 140, 233,
       80, 151, 166, 19, 132, 24, 183, 243, 64, 91, 65, 162, 109, 24, 58,
       79, 202, 49, 219, 163, 116, 121, 136, 72, 154, 10, 251, 135, 238,
       84, 43, 56, 80, 59, 243, 95, 174, 189, 43, 173, 215, 63, 39, 166,
       236, 12, 252, 107, 166, 131, 90, 251, 84, 159, 235, 228, 78, 95,
       77, 69, 20, 7, 1, 30, 110, 56, 109, 224, 107, 68, 219, 34, 31,
       215, 144, 68, 104, 110, 237, 176, 93, 14, 167, 255, 69, 4, 10,
       183, 72, 20, 222, 221, 191, 254, 155, 230, 63, 247, 191, 206, 222,
       19, 252, 247, 32, 64, 247, 247, 255, 131, 121, 159, 57, 255, 249,
       231, 47, 131, 178, 114, 165, 115, 221, 221, 95, 239, 243, 110,
       127, 254, 61, 234, 254, 72, 127, 119, 9, 240, 183, 247, 127, 106,
       233, 183, 57, 239, 255, 255, 39, 134, 42, 243, 167, 59, 109, 101,
       33, 7, 117, 94, 230, 184, 105, 232, 111, 8, 202, 120, 27, 180,
       152, 76, 240, 110, 77, 240, 249, 140, 39, 124, 5, 6, 74, 55, 90,
       4, 205, 164, 148, 115, 173, 46, 80, 9, 123, 187, 39, 24, 222, 113,
       72, 63, 145, 6, 104, 58, 49, 100, 217, 2, 207, 219, 85, 118, 194,
       96, 67, 3, 99, 182, 254, 82, 105, 189, 82, 96, 235, 95, 189, 61,
       98, 232, 254, 178, 171, 163, 238, 2, 158, 43, 174, 99, 26, 31, 16,
       123, 201, 67, 202, 71, 193, 168, 207, 113, 164, 238, 97, 151, 118,
       91, 70, 84, 243, 177, 208, 123, 1, 110, 120, 28, 179, 252, 183,
       51, 76, 171, 116, 64, 232, 192, 210, 40, 193, 184, 159, 93, 170,
       236, 161, 23, 246, 83, 34, 84, 240, 177, 192, 107, 35, 38, 106,
       24, 179, 237, 151, 81, 76, 42, 114, 64, 200, 192, 193, 56, 60,
       117, 121, 78, 250, 75, 23, 232, 115, 172, 253, 168, 66, 119, 141,
       52, 92, 220, 196, 98, 104, 179, 233, 62, 115, 199, 37, 55, 99, 59,
       6, 227, 96, 225, 141, 119, 137, 205, 101, 143, 162, 53, 170, 9,
       227, 231, 72, 18, 137, 214, 105, 88, 90, 104, 251, 49, 237, 245,
       85, 125, 192, 24, 198, 122, 126, 119, 248, 230, 122, 82, 31, 248,
       51, 164, 189, 169, 77, 103, 203, 18, 55, 221, 237, 226, 98, 67,
       203, 31, 250, 199, 45, 191, 38, 183, 15, 115, 124, 103, 72, 103,
       144, 75, 86, 168, 49, 174, 255, 173, 195, 97, 15, 16, 120, 204,
       237, 98, 72, 178, 201, 14, 255, 231, 37, 181, 99, 251, 206, 18,
       226, 190, 149, 56, 232, 233, 144, 207, 154, 187, 176, 253, 174,
       244, 196, 155, 143, 19, 239, 17, 51, 111, 202, 51, 152, 210, 125,
       254, 216, 72, 135, 57, 118, 99, 104, 7, 86, 91, 246, 168, 97, 228,
       191, 171, 67, 108, 159, 20, 58, 204, 196, 99, 76, 242, 237, 12,
       54, 117, 133, 183, 103, 191, 94, 198, 205, 53, 149, 69, 145, 78,
       103, 184, 121, 202, 111, 0, 222, 115, 9, 55, 16, 84, 76, 42, 97,
       240, 185, 14, 237, 254, 69, 6, 202, 114, 67, 55, 208, 162, 159,
       186, 136, 169, 80, 135, 246, 19, 162, 88, 183, 243, 64, 91, 129,
       182, 108, 16, 58, 77, 139, 49, 217, 227, 116, 89, 160, 64, 138,
       10, 252, 159, 254, 86, 131, 114, 87, 247, 241, 215, 174, 179, 107,
       125, 139, 191, 55, 246, 237, 170, 188, 239, 173, 174, 251, 239,
       85, 147, 231, 245, 238, 127, 68, 237, 152, 122, 217, 205, 23, 140,
       186, 54, 45, 9, 238, 247, 75, 16, 129, 123, 225, 66, 98, 72, 218,
       51, 239, 151, 5, 59, 208, 83, 135, 202, 248, 178, 156, 176, 40,
       172, 88, 87, 162, 27, 164, 61, 23, 147, 66, 27, 135, 133, 237, 20,
       30, 79, 130, 17, 210, 129, 112, 249, 168, 128, 10, 11, 248, 172,
       255, 116, 137, 249, 84, 215, 243, 187, 164, 24, 59, 189, 68, 59,
       171, 242, 124, 0, 42, 111, 178, 35, 219, 219, 85, 59, 227, 192,
       198, 42, 81, 109, 41, 55, 20, 200, 103, 166, 116, 224, 74, 1, 183,
       61, 19, 112, 34, 238, 57, 77, 76, 184, 245, 46, 229, 173, 54, 1,
       36, 18, 85, 106, 77, 247, 53, 71, 241, 30, 103, 184, 105, 232,
       127, 76, 222, 112, 15, 182, 148, 68, 108, 110, 193, 240, 249, 108,
       47, 186, 37, 4, 74, 115, 75, 133, 109, 71, 4, 7, 49, 30, 79, 184,
       117, 172, 239, 197, 195, 96, 155, 212, 80, 196, 236, 238, 236,
       144, 109, 14, 230, 255, 165, 20, 66, 191, 124, 100, 100, 33, 149,
       119, 137, 109, 20, 139, 170, 179, 169, 24, 214, 247, 73, 58, 129,
       87, 120, 16, 17, 65, 219, 16, 141, 214, 85, 127, 128, 99, 135, 34,
       203, 164, 133, 149, 232, 105, 169, 139, 186, 251, 18, 248, 189,
       247, 208, 191, 39, 87, 125, 156, 51, 77, 235, 210, 140, 82, 127,
       252, 142, 228, 131, 253, 205, 120, 23, 19, 41, 188, 33, 150, 254,
       218, 6, 84, 188, 146, 195, 255, 161, 102, 106, 94, 163, 77, 178,
       114, 132, 120, 82, 42, 138, 85, 3, 252, 248, 156, 213, 124, 139,
       236, 80, 7, 179, 27, 162, 24, 47, 183, 64, 219, 135, 183, 236, 0,
       59, 111, 210, 3, 219, 243, 84, 123, 226, 64, 198, 11, 232, 188,
       212, 116, 233, 124, 84, 15, 251, 251, 164, 24, 46, 177, 64, 159,
       163, 214, 236, 0, 57, 111, 146, 66, 27, 251, 84, 59, 234, 228,
       202, 11, 220, 245, 157, 230, 136, 79, 87, 184, 160, 178, 131, 9,
       215, 119, 9, 51, 133, 213, 125, 99, 105, 67, 219, 44, 249, 227,
       109, 28, 40, 115, 7, 50, 68, 165, 148, 115, 137, 44, 20, 143, 122,
       179, 41, 24, 214, 115, 73, 59, 145, 87, 104, 18, 50, 64, 219, 112,
       141, 150, 87, 127, 128, 113, 131, 34, 181, 116, 137, 167, 203, 79,
       87, 200, 18, 230, 171, 15, 215, 116, 75, 27, 89, 204, 72, 103,
       105, 246, 249, 10, 245, 135, 69, 52, 233, 123, 66, 242, 77, 119,
       61, 71, 244, 30, 231, 184, 105, 236, 127, 76, 222, 116, 159, 52,
       148, 76, 118, 110, 197, 176, 249, 110, 46, 62, 37, 132, 74, 243,
       67, 245, 101, 87, 221, 71, 176, 47, 71, 184, 111, 184, 171, 236,
