%YAML:1.0
---
descriptors: !!opencv-matrix
   rows: 146
   cols: 32
   dt: u
   data: [ 68, 69, 13, 231, 20, 78, 103, 184, 52, 228, 239, 0, 211, 119,
       9, 113, 112, 196, 120, 110, 105, 144, 121, 12, 229, 171, 197, 4,
       32, 179, 70, 96, 220, 116, 151, 229, 136, 78, 71, 184, 178, 186,
       163, 8, 215, 247, 73, 115, 177, 84, 124, 122, 105, 213, 185, 10,
       249, 162, 101, 20, 160, 115, 7, 50, 124, 229, 121, 99, 220, 79,
       87, 253, 114, 172, 173, 8, 83, 117, 73, 48, 25, 222, 68, 122, 88,
       114, 249, 62, 251, 141, 37, 125, 96, 179, 198, 34, 65, 241, 57,
       101, 52, 79, 99, 52, 104, 224, 98, 76, 246, 17, 8, 48, 144, 92,
       72, 106, 65, 176, 241, 13, 229, 140, 1, 64, 64, 2, 67, 107, 124,
       181, 249, 114, 184, 109, 65, 223, 178, 191, 172, 24, 83, 247, 72,
       58, 5, 214, 236, 24, 59, 107, 250, 50, 219, 207, 117, 124, 226,
       192, 198, 99, 248, 44, 189, 246, 173, 105, 85, 15, 179, 191, 183,
       56, 223, 247, 64, 159, 129, 246, 237, 16, 56, 99, 234, 34, 219,
       211, 117, 59, 226, 248, 198, 35, 195, 184, 188, 146, 235, 245,
       153, 207, 139, 127, 148, 61, 188, 158, 78, 59, 167, 19, 255, 145,
       182, 79, 186, 241, 95, 25, 94, 255, 220, 68, 143, 223, 74, 181,
       178, 81, 241, 221, 52, 239, 59, 253, 44, 25, 142, 254, 78, 180,
       183, 31, 224, 16, 82, 90, 178, 87, 63, 94, 21, 103, 66, 4, 143,
       255, 252, 124, 252, 114, 137, 125, 85, 138, 235, 247, 164, 24, 78,
       243, 79, 59, 129, 215, 236, 16, 62, 103, 251, 50, 219, 219, 85,
       127, 210, 113, 206, 86, 239, 180, 188, 114, 169, 124, 93, 155,
       171, 255, 181, 29, 223, 61, 94, 59, 133, 215, 253, 23, 191, 71,
       251, 129, 219, 219, 85, 255, 202, 245, 222, 115, 88, 169, 186,
       114, 139, 200, 81, 134, 171, 181, 172, 9, 174, 247, 66, 26, 163,
       247, 237, 16, 26, 75, 138, 97, 219, 213, 85, 123, 162, 0, 135, 43,
       77, 115, 212, 69, 37, 30, 102, 184, 105, 170, 50, 76, 202, 48,
       133, 183, 150, 68, 108, 110, 229, 240, 221, 8, 38, 250, 101, 22,
       74, 242, 74, 5, 244, 112, 157, 120, 136, 73, 84, 136, 178, 182,
       160, 24, 231, 241, 65, 27, 129, 208, 104, 50, 42, 103, 218, 17,
       217, 195, 101, 61, 240, 112, 70, 34, 124, 164, 222, 118, 169, 121,
       85, 143, 179, 191, 181, 56, 111, 247, 200, 62, 131, 246, 236, 18,
       58, 111, 234, 34, 219, 211, 117, 59, 226, 250, 206, 43, 100, 69,
       29, 103, 20, 78, 71, 168, 100, 160, 235, 0, 211, 115, 9, 112, 208,
       212, 104, 106, 105, 144, 249, 14, 229, 175, 5, 20, 64, 51, 86, 34,
       244, 97, 189, 119, 8, 14, 69, 168, 248, 178, 167, 24, 215, 51, 9,
       91, 128, 84, 121, 106, 104, 229, 217, 8, 193, 235, 101, 20, 64,
       241, 66, 34, 92, 48, 188, 116, 8, 108, 81, 26, 226, 183, 175, 24,
       215, 183, 73, 58, 129, 212, 125, 0, 9, 101, 251, 0, 211, 239, 113,
       61, 224, 97, 70, 50, 116, 177, 157, 176, 140, 109, 69, 143, 138,
       177, 168, 24, 150, 181, 72, 58, 129, 18, 104, 16, 27, 107, 218,
       17, 217, 150, 85, 126, 208, 72, 130, 34, 240, 121, 185, 101, 40,
       15, 85, 55, 34, 184, 166, 8, 151, 51, 65, 18, 2, 244, 108, 72, 72,
       106, 209, 8, 251, 201, 101, 52, 96, 176, 66, 43, 96, 177, 153, 50,
       25, 205, 17, 137, 170, 249, 169, 9, 182, 215, 72, 50, 129, 147,
       104, 16, 27, 75, 218, 17, 217, 148, 21, 126, 216, 2, 6, 59, 100,
       184, 57, 99, 24, 207, 83, 216, 118, 177, 37, 8, 211, 209, 73, 48,
       17, 220, 68, 122, 27, 116, 249, 52, 207, 205, 5, 116, 240, 139,
       70, 162, 10, 181, 48, 65, 241, 223, 180, 111, 59, 45, 44, 25, 174,
       190, 78, 148, 183, 27, 193, 16, 86, 248, 241, 87, 47, 85, 21, 103,
       66, 4, 143, 223, 213, 132, 221, 118, 168, 46, 69, 187, 179, 179,
       167, 24, 87, 115, 137, 123, 3, 198, 108, 42, 57, 69, 251, 38, 251,
       227, 117, 84, 160, 241, 130, 32, 116, 181, 253, 114, 184, 125, 81,
       223, 227, 189, 172, 24, 83, 247, 72, 50, 13, 210, 236, 24, 59,
       107, 250, 51, 251, 207, 53, 125, 224, 192, 198, 114, 241, 140,
       109, 117, 148, 106, 71, 183, 112, 7, 238, 24, 115, 117, 144, 112,
       81, 246, 124, 40, 57, 188, 117, 47, 233, 175, 180, 80, 225, 224,
       214, 104, 245, 76, 254, 244, 44, 110, 93, 18, 241, 226, 166, 24,
       243, 61, 19, 123, 204, 244, 125, 174, 232, 229, 241, 10, 243, 251,
       197, 16, 192, 249, 84, 106, 100, 229, 57, 99, 252, 79, 87, 189,
       115, 172, 189, 8, 211, 117, 72, 48, 25, 222, 68, 122, 88, 114,
       233, 62, 239, 157, 37, 125, 66, 187, 198, 163, 4, 176, 185, 243,
       188, 237, 217, 159, 154, 251, 129, 25, 183, 255, 73, 58, 133, 91,
       121, 17, 19, 76, 218, 51, 205, 223, 31, 124, 152, 73, 135, 186,
       64, 113, 53, 69, 17, 111, 33, 25, 104, 224, 107, 72, 214, 87, 9,
       50, 144, 20, 72, 32, 1, 240, 249, 12, 37, 152, 1, 4, 64, 34, 71,
       48, 209, 170, 135, 26, 168, 173, 104, 135, 254, 27, 160, 92, 166,
       226, 212, 31, 163, 103, 108, 28, 179, 111, 138, 115, 152, 50, 86,
       120, 200, 64, 131, 12, 204, 116, 189, 103, 161, 78, 55, 168, 121,
       234, 39, 8, 222, 119, 9, 51, 145, 85, 104, 98, 97, 244, 249, 78,
       231, 251, 69, 39, 66, 115, 135, 34, 240, 232, 30, 112, 74, 137,
       16, 199, 171, 21, 160, 24, 38, 131, 64, 27, 163, 179, 236, 16, 90,
       111, 130, 81, 217, 145, 84, 123, 64, 0, 174, 10, 216, 236, 206,
       246, 139, 120, 93, 166, 179, 151, 166, 153, 239, 231, 66, 91, 35,
       247, 237, 130, 56, 79, 171, 35, 219, 227, 213, 25, 162, 241, 134,
       74, 214, 184, 189, 50, 170, 237, 153, 207, 139, 127, 144, 57, 180,
       222, 76, 27, 175, 147, 125, 145, 62, 79, 186, 113, 219, 26, 95,
       255, 213, 64, 135, 90, 92, 68, 31, 175, 28, 71, 67, 184, 20, 4,
       203, 2, 215, 115, 41, 64, 88, 196, 45, 106, 40, 161, 73, 46, 241,
       167, 163, 20, 48, 123, 116, 34, 240, 104, 153, 101, 40, 12, 65,
       55, 160, 160, 162, 72, 183, 19, 64, 19, 128, 244, 108, 8, 72, 126,
       209, 8, 237, 169, 117, 48, 96, 160, 66, 42, 108, 113, 121, 98,
       113, 77, 87, 216, 97, 168, 45, 12, 95, 87, 73, 48, 156, 216, 69,
       106, 73, 50, 248, 24, 247, 221, 33, 60, 106, 187, 70, 179, 10,
       181, 48, 73, 241, 221, 176, 111, 63, 45, 108, 25, 140, 62, 14,
       148, 183, 27, 195, 0, 86, 152, 177, 87, 15, 85, 18, 99, 66, 4,
       143, 223, 248, 168, 156, 112, 137, 233, 81, 87, 162, 55, 164, 25,
       55, 147, 66, 27, 137, 178, 237, 16, 26, 111, 194, 17, 219, 193,
       112, 121, 226, 200, 206, 10, 65, 112, 17, 101, 16, 78, 102, 52,
       96, 224, 99, 72, 214, 19, 8, 48, 16, 84, 88, 106, 65, 176, 241,
       13, 165, 168, 1, 4, 72, 50, 67, 48, 228, 180, 157, 119, 168, 111,
       85, 207, 251, 191, 165, 24, 214, 115, 73, 59, 145, 222, 108, 50,
       56, 102, 219, 34, 207, 219, 85, 55, 192, 113, 198, 162, 116, 180,
       185, 98, 184, 237, 83, 251, 50, 225, 173, 24, 83, 247, 72, 48, 21,
       214, 124, 24, 59, 107, 250, 50, 219, 143, 53, 124, 224, 194, 198,
       114, 228, 164, 157, 115, 137, 109, 69, 143, 178, 191, 169, 24,
       214, 119, 72, 123, 129, 86, 104, 16, 58, 76, 251, 51, 237, 151,
       85, 125, 144, 112, 134, 42, 244, 196, 29, 118, 136, 111, 69, 184,
       244, 242, 163, 24, 215, 117, 9, 91, 129, 196, 104, 106, 105, 101,
       249, 60, 233, 170, 101, 20, 112, 249, 194, 98, 197, 117, 157, 103,
       232, 79, 231, 184, 122, 186, 35, 92, 214, 113, 73, 27, 145, 85,
       104, 106, 33, 244, 217, 106, 237, 170, 103, 52, 200, 115, 67, 176,
       77, 113, 20, 71, 48, 30, 102, 184, 105, 232, 127, 108, 222, 113,
       137, 176, 150, 68, 108, 110, 193, 176, 217, 44, 166, 252, 37, 6,
       74, 51, 67, 1, 100, 229, 121, 67, 248, 75, 71, 189, 115, 172, 189,
       40, 211, 117, 201, 48, 145, 94, 68, 122, 88, 112, 233, 62, 111,
       156, 37, 116, 66, 251, 198, 163, 211, 170, 135, 18, 168, 169, 64,
       135, 251, 19, 160, 92, 166, 224, 84, 95, 161, 230, 104, 29, 63,
       79, 142, 115, 152, 50, 84, 120, 200, 68, 211, 44, 192, 58, 59,
       240, 98, 204, 185, 23, 168, 76, 86, 117, 188, 159, 130, 120, 166,
