%YAML:1.0
---
descriptors: !!opencv-matrix
   rows: 226
   cols: 32
   dt: u
   data: [ 120, 186, 254, 112, 186, 232, 81, 119, 163, 21, 164, 56, 55,
       183, 64, 27, 3, 178, 109, 16, 58, 75, 226, 49, 219, 195, 116, 121,
       226, 128, 198, 107, 93, 56, 151, 116, 169, 108, 85, 23, 235, 250,
       166, 24, 222, 179, 65, 254, 129, 118, 124, 26, 25, 65, 243, 0,
       193, 249, 85, 50, 194, 113, 131, 42, 220, 32, 149, 114, 9, 109,
       81, 24, 179, 183, 167, 24, 158, 215, 73, 123, 1, 148, 108, 18, 11,
       71, 251, 0, 219, 211, 81, 124, 162, 129, 6, 34, 112, 160, 24, 104,
       25, 205, 80, 72, 99, 181, 160, 9, 179, 147, 64, 16, 216, 152, 72,
       16, 10, 107, 210, 17, 219, 197, 17, 125, 112, 8, 70, 2, 169, 116,
       117, 79, 84, 95, 71, 120, 80, 226, 112, 72, 115, 81, 149, 181, 88,
       232, 18, 106, 233, 246, 125, 62, 37, 138, 165, 32, 123, 186, 82,
       168, 240, 233, 248, 114, 138, 201, 85, 239, 178, 53, 164, 56, 55,
       227, 74, 19, 3, 210, 109, 16, 122, 107, 234, 49, 251, 131, 117,
       125, 241, 144, 198, 42, 193, 120, 19, 69, 81, 94, 102, 52, 104,
       200, 98, 72, 254, 16, 133, 180, 16, 124, 80, 106, 65, 180, 181,
       76, 37, 184, 0, 2, 74, 51, 67, 189, 216, 34, 191, 248, 10, 225,
       81, 87, 166, 23, 132, 57, 55, 151, 96, 91, 39, 179, 237, 144, 26,
       79, 162, 17, 217, 193, 112, 121, 176, 128, 36, 106, 116, 161, 253,
       114, 154, 233, 81, 207, 162, 181, 172, 56, 19, 231, 72, 26, 33,
       210, 109, 152, 26, 75, 170, 48, 217, 134, 117, 125, 224, 192, 134,
       98, 248, 186, 253, 122, 136, 237, 81, 223, 162, 31, 164, 24, 51,
       247, 72, 27, 129, 242, 236, 16, 26, 111, 250, 49, 219, 193, 117,
       121, 224, 64, 198, 106, 245, 113, 253, 102, 40, 78, 71, 184, 97,
       250, 183, 72, 83, 117, 201, 59, 180, 212, 124, 106, 201, 97, 249,
       8, 243, 249, 101, 52, 107, 179, 70, 113, 248, 104, 190, 252, 141,
       205, 84, 231, 207, 146, 164, 24, 190, 187, 97, 27, 201, 243, 249,
       1, 104, 111, 210, 177, 219, 251, 214, 59, 82, 88, 246, 10, 180,
       237, 27, 103, 148, 111, 71, 236, 116, 162, 234, 0, 115, 115, 9,
       112, 249, 254, 12, 234, 104, 177, 25, 47, 249, 207, 37, 4, 96,
       115, 228, 34, 117, 69, 93, 102, 184, 74, 79, 184, 101, 160, 171,
       8, 87, 115, 9, 115, 18, 213, 124, 106, 105, 161, 121, 44, 241,
       233, 101, 20, 96, 243, 64, 32, 73, 151, 157, 183, 160, 110, 125,
       55, 56, 251, 15, 116, 223, 55, 202, 123, 149, 87, 125, 62, 177,
       216, 249, 32, 205, 255, 116, 196, 136, 226, 131, 113, 100, 48,
       249, 97, 240, 111, 65, 24, 34, 189, 173, 24, 147, 23, 72, 58, 25,
       156, 68, 56, 26, 114, 249, 16, 207, 140, 33, 116, 227, 131, 70,
       226, 101, 101, 132, 7, 149, 15, 102, 168, 112, 160, 107, 8, 211,
       96, 25, 144, 144, 68, 104, 110, 104, 240, 217, 14, 165, 190, 69,
       20, 64, 251, 90, 0, 124, 165, 144, 108, 153, 73, 87, 136, 19, 188,
       168, 9, 198, 115, 73, 154, 145, 196, 236, 114, 58, 98, 203, 18,
       233, 215, 69, 127, 208, 123, 70, 2, 229, 113, 149, 71, 65, 78,
       118, 168, 120, 226, 35, 8, 222, 112, 77, 191, 144, 84, 104, 106,
       97, 240, 249, 8, 37, 186, 69, 54, 72, 115, 67, 34, 108, 53, 184,
       68, 205, 95, 87, 120, 67, 254, 173, 12, 66, 113, 79, 182, 217,
       212, 224, 106, 76, 99, 250, 26, 123, 223, 69, 63, 219, 127, 78,
       246, 205, 117, 253, 101, 172, 126, 93, 159, 33, 254, 190, 28, 219,
       63, 211, 59, 135, 214, 253, 62, 249, 84, 249, 2, 239, 251, 117,
       148, 134, 241, 222, 121, 216, 152, 159, 244, 41, 78, 85, 55, 168,
       91, 130, 24, 255, 55, 0, 123, 160, 247, 125, 8, 25, 77, 147, 1,
       209, 235, 122, 16, 136, 96, 3, 59, 248, 184, 251, 120, 139, 237,
       81, 87, 178, 87, 164, 24, 63, 151, 64, 120, 163, 179, 125, 16, 27,
       111, 178, 51, 211, 205, 48, 121, 226, 192, 198, 123, 80, 89, 63,
       190, 8, 197, 23, 108, 134, 68, 192, 3, 247, 255, 33, 65, 236, 243,
       121, 195, 106, 11, 58, 61, 241, 227, 218, 27, 16, 27, 37, 122,
       228, 32, 249, 225, 172, 108, 93, 8, 122, 179, 161, 24, 211, 127,
       89, 59, 217, 213, 125, 186, 24, 102, 251, 0, 223, 219, 247, 124,
       192, 249, 214, 34, 108, 181, 156, 97, 169, 79, 87, 152, 35, 191,
       44, 44, 214, 119, 75, 26, 149, 84, 236, 114, 91, 112, 251, 16,
       239, 215, 101, 119, 234, 243, 14, 51, 100, 112, 241, 65, 104, 111,
       67, 24, 99, 172, 173, 8, 147, 23, 193, 62, 24, 220, 68, 122, 9,
       246, 241, 0, 77, 156, 33, 52, 194, 243, 70, 224, 37, 96, 177, 69,
       224, 110, 103, 16, 104, 170, 59, 72, 211, 55, 205, 190, 24, 92,
       68, 122, 9, 244, 249, 8, 5, 156, 37, 36, 194, 243, 70, 160, 220,
       112, 149, 98, 41, 76, 69, 152, 225, 248, 167, 8, 158, 215, 73,
       255, 128, 212, 108, 122, 73, 71, 250, 0, 211, 217, 65, 62, 106,
       179, 6, 50, 248, 252, 158, 50, 170, 201, 85, 87, 178, 151, 164,
       57, 55, 247, 64, 27, 35, 246, 109, 0, 106, 79, 130, 35, 209, 195,
       117, 57, 96, 208, 134, 107, 101, 184, 145, 80, 233, 205, 65, 143,
       235, 249, 160, 24, 150, 147, 69, 62, 129, 22, 120, 24, 19, 107,
       250, 80, 159, 152, 85, 126, 200, 0, 194, 46, 56, 233, 26, 126, 89,
       217, 84, 231, 167, 21, 236, 9, 46, 219, 34, 144, 192, 187, 201, 0,
       78, 11, 18, 61, 243, 245, 20, 59, 114, 4, 174, 138, 208, 76, 95,
       117, 34, 202, 53, 39, 189, 154, 98, 48, 102, 51, 129, 91, 34, 117,
       108, 98, 96, 221, 1, 108, 177, 162, 102, 2, 32, 112, 165, 43, 5,
       125, 17, 71, 81, 78, 102, 184, 120, 224, 106, 72, 222, 81, 9, 180,
       144, 92, 80, 106, 193, 240, 249, 110, 37, 188, 5, 6, 72, 51, 75,
       187, 37, 161, 81, 65, 213, 31, 230, 248, 123, 161, 45, 76, 82,
       112, 220, 180, 24, 76, 66, 124, 179, 178, 253, 30, 46, 28, 5, 100,
       203, 170, 218, 164, 224, 229, 61, 123, 217, 77, 87, 172, 122, 51,
       36, 24, 246, 119, 76, 49, 129, 90, 64, 64, 115, 108, 251, 55, 237,
       158, 84, 127, 208, 82, 198, 42, 124, 180, 189, 115, 189, 109, 81,
       27, 239, 59, 173, 24, 215, 125, 72, 26, 129, 147, 125, 16, 58,
       107, 251, 23, 203, 223, 81, 117, 208, 74, 198, 34, 252, 166, 253,
       118, 168, 109, 85, 191, 162, 191, 165, 24, 67, 231, 73, 31, 1,
       214, 236, 10, 56, 103, 235, 32, 219, 203, 117, 125, 226, 240, 198,
       98, 232, 248, 157, 254, 141, 205, 85, 167, 139, 23, 164, 24, 190,
       191, 64, 91, 201, 178, 253, 0, 122, 111, 242, 177, 219, 251, 84,
       59, 210, 88, 198, 42, 224, 188, 157, 123, 232, 237, 37, 143, 218,
       59, 40, 24, 182, 243, 72, 123, 129, 90, 106, 24, 51, 111, 218, 51,
       205, 134, 117, 124, 216, 72, 195, 170, 53, 229, 19, 71, 149, 207,
       71, 232, 118, 162, 235, 0, 83, 241, 105, 240, 17, 124, 40, 122,
       105, 240, 25, 30, 169, 142, 5, 20, 64, 123, 224, 32, 197, 180,
       149, 69, 160, 46, 38, 152, 126, 186, 43, 84, 220, 50, 201, 123,
       151, 85, 108, 250, 165, 212, 249, 66, 172, 190, 103, 6, 136, 115,
       3, 5, 221, 52, 253, 102, 165, 126, 91, 16, 105, 247, 167, 29, 223,
       63, 91, 187, 183, 197, 253, 63, 189, 84, 249, 2, 219, 251, 73, 85,
       206, 231, 79, 114, 225, 168, 185, 90, 205, 237, 97, 199, 251, 91,
       100, 24, 182, 247, 84, 61, 129, 106, 114, 28, 51, 126, 250, 115,
       93, 28, 85, 104, 216, 64, 211, 234, 124, 172, 252, 86, 141, 45,
       87, 222, 211, 183, 164, 24, 99, 241, 79, 30, 9, 214, 237, 24, 58,
       111, 250, 34, 219, 223, 21, 125, 227, 249, 198, 34, 236, 228, 177,
       67, 217, 79, 87, 136, 123, 183, 45, 8, 210, 117, 77, 62, 145, 94,
       96, 122, 123, 96, 251, 50, 109, 158, 69, 126, 210, 123, 198, 162,
       5, 87, 25, 103, 48, 14, 111, 184, 116, 200, 95, 100, 245, 83, 137,
       112, 54, 76, 20, 110, 225, 144, 125, 46, 228, 175, 39, 128, 40,
       179, 1, 49, 101, 61, 185, 102, 93, 111, 83, 184, 219, 238, 173,
       12, 210, 253, 79, 50, 157, 124, 100, 122, 205, 99, 250, 58, 75,
       223, 69, 61, 216, 107, 70, 243, 229, 37, 253, 103, 228, 110, 125,
       189, 121, 251, 47, 24, 211, 63, 91, 123, 149, 214, 125, 62, 248,
