%YAML:1.0
---
descriptors: !!opencv-matrix
   rows: 240
   cols: 32
   dt: u
   data: [ 208, 24, 159, 116, 40, 204, 65, 55, 164, 27, 166, 56, 247, 55,
       0, 123, 3, 247, 124, 8, 57, 77, 179, 5, 209, 227, 112, 80, 32,
       128, 37, 59, 108, 49, 177, 67, 201, 111, 67, 24, 99, 179, 45, 24,
       214, 119, 73, 58, 145, 220, 96, 122, 25, 114, 249, 0, 207, 157,
       69, 116, 194, 227, 70, 34, 5, 95, 29, 103, 176, 14, 111, 188, 116,
       234, 94, 100, 245, 115, 153, 113, 54, 78, 52, 110, 225, 208, 125,
       46, 236, 239, 39, 132, 42, 243, 129, 57, 44, 225, 57, 75, 93, 77,
       83, 184, 66, 52, 45, 8, 210, 85, 73, 52, 153, 88, 64, 106, 74, 32,
       251, 17, 109, 156, 1, 124, 81, 59, 70, 226, 253, 113, 249, 102,
       40, 78, 87, 152, 113, 250, 181, 8, 83, 85, 201, 59, 150, 212, 124,
       106, 233, 103, 251, 0, 211, 217, 101, 52, 107, 179, 70, 243, 252,
       176, 253, 114, 168, 253, 81, 159, 179, 255, 164, 24, 19, 247, 74,
       59, 5, 214, 124, 24, 58, 111, 250, 48, 219, 203, 117, 125, 226,
       192, 198, 115, 224, 188, 156, 218, 200, 237, 5, 143, 218, 59, 160,
       24, 182, 243, 72, 123, 129, 26, 106, 24, 51, 111, 218, 51, 221,
       130, 117, 124, 216, 72, 199, 42, 125, 69, 125, 103, 146, 78, 111,
       188, 101, 160, 171, 8, 211, 115, 9, 115, 50, 212, 124, 106, 105,
       160, 125, 44, 231, 239, 37, 20, 96, 243, 64, 32, 69, 102, 145,
       103, 160, 14, 110, 152, 120, 170, 43, 68, 222, 114, 201, 122, 183,
       69, 108, 126, 225, 212, 201, 74, 172, 190, 103, 4, 136, 243, 3, 1,
       252, 76, 93, 118, 40, 104, 84, 186, 160, 178, 166, 24, 223, 103,
       1, 91, 167, 245, 108, 42, 104, 71, 203, 40, 211, 227, 117, 29, 96,
       241, 142, 35, 144, 141, 94, 117, 146, 106, 79, 167, 180, 178, 166,
       16, 247, 103, 0, 83, 49, 246, 109, 170, 120, 205, 89, 47, 233,
       235, 245, 17, 32, 240, 164, 42, 96, 149, 21, 123, 141, 77, 68,
       175, 75, 51, 40, 24, 182, 51, 76, 118, 129, 147, 104, 0, 91, 104,
       219, 23, 173, 150, 84, 126, 80, 88, 196, 42, 116, 69, 93, 103, 20,
       79, 71, 184, 100, 160, 171, 8, 83, 49, 25, 112, 48, 212, 72, 106,
       40, 176, 121, 30, 253, 174, 5, 20, 113, 187, 64, 32, 244, 188,
       253, 126, 136, 252, 85, 142, 179, 211, 164, 24, 115, 247, 77, 123,
       129, 247, 252, 16, 59, 79, 250, 51, 219, 235, 85, 123, 160, 113,
       198, 58, 5, 117, 25, 101, 81, 14, 115, 56, 124, 168, 107, 76, 222,
       17, 9, 48, 148, 76, 64, 106, 225, 176, 81, 14, 229, 188, 1, 6, 72,
       51, 67, 161, 1, 121, 19, 77, 18, 94, 231, 36, 104, 192, 106, 104,
       254, 16, 129, 180, 50, 124, 80, 106, 193, 176, 181, 108, 37, 184,
       0, 2, 75, 51, 67, 173, 253, 207, 70, 71, 133, 26, 102, 168, 97,
       164, 239, 136, 203, 104, 159, 151, 26, 228, 236, 110, 124, 240,
       237, 173, 166, 251, 69, 21, 103, 183, 90, 4, 205, 114, 180, 103,
       37, 30, 102, 152, 121, 234, 55, 76, 206, 113, 223, 191, 180, 68,
       236, 110, 229, 244, 233, 138, 166, 251, 101, 6, 74, 247, 75, 5,
       236, 164, 188, 99, 137, 111, 17, 9, 123, 55, 37, 24, 214, 117, 72,
       59, 145, 22, 232, 48, 50, 116, 249, 19, 207, 215, 85, 119, 192,
       74, 199, 34, 197, 116, 157, 103, 161, 110, 119, 152, 120, 234,
       107, 24, 214, 113, 73, 59, 177, 84, 120, 106, 97, 244, 185, 10,
       229, 255, 69, 6, 200, 115, 67, 51, 105, 245, 176, 115, 237, 61,
       117, 159, 123, 251, 44, 24, 158, 61, 94, 62, 133, 70, 248, 28,
       150, 120, 249, 162, 239, 223, 85, 116, 194, 212, 194, 254, 77,
       113, 185, 103, 243, 78, 51, 136, 123, 232, 111, 40, 222, 119, 73,
       50, 147, 93, 120, 114, 17, 240, 249, 106, 239, 255, 5, 102, 202,
       115, 67, 51, 69, 245, 157, 99, 164, 111, 103, 152, 122, 250, 43,
       8, 214, 113, 73, 42, 145, 70, 120, 122, 113, 112, 249, 34, 237,
       159, 101, 116, 200, 123, 211, 35, 77, 245, 152, 103, 185, 15, 118,
       152, 107, 168, 174, 12, 222, 115, 73, 16, 146, 77, 108, 122, 1,
       240, 217, 42, 239, 223, 5, 22, 72, 115, 75, 3, 77, 117, 156, 71,
       225, 30, 119, 184, 121, 234, 111, 12, 222, 113, 77, 183, 145, 68,
       112, 106, 229, 240, 249, 74, 111, 255, 69, 6, 74, 115, 75, 135,
       248, 136, 252, 112, 42, 233, 81, 23, 194, 63, 180, 56, 51, 145,
       64, 27, 9, 178, 76, 24, 58, 111, 98, 17, 219, 203, 112, 121, 241,
       200, 198, 43, 77, 85, 20, 71, 49, 6, 119, 56, 125, 168, 111, 68,
       222, 51, 9, 116, 214, 85, 56, 106, 97, 176, 89, 78, 231, 255, 2,
       6, 74, 51, 11, 51, 116, 99, 241, 103, 168, 74, 71, 168, 33, 164,
       175, 136, 83, 103, 201, 86, 16, 212, 108, 106, 72, 82, 233, 10,
       239, 224, 101, 52, 98, 243, 70, 96, 248, 174, 246, 114, 171, 237,
       85, 223, 179, 31, 164, 24, 47, 247, 64, 159, 39, 182, 237, 8, 58,
       79, 170, 115, 219, 211, 84, 123, 226, 192, 134, 107, 205, 117,
       149, 103, 161, 78, 119, 185, 121, 234, 43, 88, 222, 119, 9, 251,
       145, 84, 124, 106, 97, 208, 249, 42, 231, 255, 69, 20, 202, 114,
       195, 51, 93, 93, 61, 103, 176, 14, 79, 184, 116, 232, 126, 68,
       211, 119, 153, 112, 22, 84, 28, 106, 233, 144, 121, 46, 227, 239,
       37, 132, 40, 243, 64, 49, 37, 225, 49, 67, 221, 95, 199, 168, 74,
       112, 37, 8, 210, 85, 77, 180, 153, 92, 64, 122, 67, 112, 249, 21,
       45, 156, 5, 116, 82, 59, 70, 160, 117, 85, 125, 102, 168, 78, 79,
       184, 97, 232, 191, 72, 87, 119, 137, 115, 20, 212, 124, 106, 201,
       160, 249, 44, 243, 233, 101, 20, 104, 243, 70, 49, 44, 52, 185,
       99, 45, 111, 83, 152, 107, 255, 189, 24, 223, 95, 73, 58, 153,
       212, 124, 58, 11, 102, 251, 16, 207, 223, 37, 125, 194, 251, 70,
       114, 124, 112, 189, 99, 40, 109, 83, 152, 99, 251, 165, 24, 223,
       85, 73, 59, 145, 212, 124, 122, 43, 102, 251, 2, 203, 223, 101,
       124, 194, 243, 70, 114, 212, 188, 157, 245, 168, 108, 69, 159,
       182, 187, 162, 88, 151, 247, 72, 91, 1, 86, 109, 24, 59, 69, 243,
       35, 201, 163, 117, 124, 160, 241, 134, 113, 104, 180, 188, 115,
       173, 253, 81, 43, 235, 57, 173, 24, 223, 253, 72, 58, 129, 146,
       253, 16, 26, 107, 251, 145, 203, 223, 80, 127, 210, 74, 198, 34,
       252, 172, 253, 118, 136, 109, 87, 251, 179, 190, 173, 24, 83, 247,
       73, 27, 9, 214, 237, 26, 58, 103, 250, 34, 251, 203, 117, 61, 227,
       241, 198, 34, 250, 174, 148, 250, 233, 173, 92, 223, 171, 27, 160,
       89, 175, 235, 80, 27, 135, 247, 125, 28, 190, 79, 218, 241, 219,
       250, 93, 120, 130, 196, 139, 10, 232, 120, 156, 252, 141, 237, 84,
       238, 155, 146, 164, 24, 190, 185, 65, 27, 201, 250, 123, 0, 42,
       111, 210, 179, 219, 223, 84, 59, 210, 88, 86, 10, 124, 176, 253,
       114, 169, 237, 81, 223, 227, 191, 164, 24, 27, 247, 72, 59, 3,
       214, 253, 16, 58, 111, 250, 51, 219, 203, 117, 125, 227, 192, 198,
       115, 221, 238, 148, 178, 169, 60, 92, 158, 251, 187, 162, 92, 207,
       226, 73, 219, 133, 199, 108, 28, 190, 69, 203, 34, 152, 251, 119,
       254, 136, 113, 139, 5, 172, 236, 159, 127, 156, 206, 71, 254, 86,
       139, 102, 16, 243, 243, 40, 97, 89, 122, 32, 10, 107, 254, 219,
       63, 233, 231, 117, 8, 248, 216, 224, 170, 93, 69, 93, 103, 144,
       78, 71, 184, 101, 160, 171, 8, 83, 115, 25, 115, 48, 212, 108,
       106, 105, 177, 121, 44, 245, 235, 37, 20, 97, 243, 64, 32, 213,
       38, 149, 114, 168, 44, 4, 138, 187, 187, 161, 88, 134, 243, 73,
       31, 133, 215, 108, 16, 58, 71, 203, 98, 153, 146, 117, 62, 192,
       113, 131, 33, 165, 245, 149, 95, 149, 95, 198, 168, 90, 242, 107,
       8, 246, 240, 25, 160, 145, 110, 112, 106, 101, 240, 187, 63, 41,
       190, 69, 52, 88, 123, 88, 38, 96, 245, 17, 99, 153, 77, 84, 175,
       123, 57, 41, 88, 150, 51, 76, 180, 145, 31, 104, 48, 91, 104, 219,
       23, 173, 222, 21, 126, 216, 72, 194, 34, 144, 172, 159, 254, 152,
       238, 17, 167, 182, 151, 226, 16, 247, 243, 32, 89, 193, 122, 104,
       16, 58, 205, 218, 55, 201, 167, 117, 88, 176, 64, 132, 42, 100,
       105, 27, 126, 93, 196, 135, 96, 224, 128, 233, 8, 214, 209, 33,
