%YAML:1.0
---
descriptors: !!opencv-matrix
   rows: 213
   cols: 32
   dt: u
   data: [ 69, 120, 189, 101, 129, 78, 87, 152, 104, 234, 38, 8, 214, 55,
       65, 58, 145, 84, 120, 106, 81, 112, 249, 32, 199, 187, 69, 20,
       200, 113, 71, 114, 100, 176, 181, 115, 169, 237, 81, 143, 235, 57,
       165, 24, 150, 151, 72, 62, 129, 30, 120, 24, 27, 108, 251, 49,
       207, 152, 85, 126, 194, 0, 198, 34, 76, 33, 120, 103, 115, 27,
       127, 24, 41, 160, 127, 137, 223, 103, 201, 16, 22, 221, 213, 110,
       0, 208, 201, 74, 231, 221, 37, 133, 226, 247, 15, 163, 221, 89,
       151, 101, 137, 30, 68, 53, 228, 178, 166, 76, 247, 49, 65, 251, 0,
       100, 104, 106, 105, 229, 209, 8, 239, 251, 69, 16, 74, 176, 200,
       40, 205, 84, 157, 103, 168, 14, 102, 184, 120, 186, 39, 92, 215,
       115, 9, 123, 149, 84, 108, 106, 97, 244, 249, 42, 165, 255, 101,
       20, 200, 243, 195, 33, 113, 69, 67, 101, 20, 6, 111, 48, 116, 160,
       235, 194, 83, 35, 145, 112, 118, 196, 28, 238, 233, 144, 53, 14,
       224, 174, 165, 0, 45, 227, 112, 32, 116, 168, 152, 104, 9, 205,
       80, 202, 162, 181, 160, 9, 147, 211, 72, 18, 201, 156, 104, 16,
       74, 99, 210, 17, 219, 197, 5, 125, 112, 8, 70, 2, 252, 168, 252,
       114, 136, 169, 85, 223, 163, 183, 164, 25, 51, 231, 74, 27, 9,
       242, 109, 24, 26, 79, 202, 49, 219, 203, 117, 125, 227, 192, 198,
       234, 44, 249, 177, 65, 245, 207, 115, 208, 107, 184, 60, 40, 26,
       21, 69, 60, 153, 156, 84, 88, 155, 122, 232, 144, 239, 220, 5,
       118, 194, 154, 70, 163, 217, 170, 190, 178, 170, 188, 88, 215,
       187, 91, 180, 217, 63, 191, 64, 59, 135, 147, 253, 20, 190, 79,
       130, 35, 219, 219, 116, 249, 162, 196, 138, 75, 224, 180, 156,
       218, 200, 237, 1, 143, 250, 59, 160, 24, 182, 243, 72, 27, 129,
       18, 106, 0, 51, 111, 219, 115, 221, 146, 85, 124, 88, 72, 131, 42,
       116, 197, 89, 99, 149, 79, 71, 168, 118, 160, 171, 10, 83, 113, 9,
       112, 49, 212, 72, 106, 105, 177, 57, 30, 249, 174, 5, 20, 113,
       187, 64, 32, 117, 69, 85, 103, 146, 78, 71, 184, 101, 160, 171, 8,
       83, 115, 9, 115, 48, 244, 108, 106, 105, 176, 121, 44, 245, 235,
       37, 16, 97, 179, 64, 32, 197, 253, 157, 71, 153, 79, 23, 168, 122,
       242, 47, 8, 246, 113, 9, 51, 145, 84, 104, 106, 97, 96, 251, 46,
       233, 190, 69, 52, 72, 115, 67, 34, 244, 112, 249, 102, 104, 110,
       71, 152, 51, 166, 165, 8, 83, 87, 73, 31, 17, 220, 109, 106, 104,
       70, 249, 2, 209, 136, 101, 60, 226, 243, 70, 98, 108, 165, 144,
       106, 137, 121, 87, 136, 99, 59, 165, 24, 198, 113, 73, 191, 145,
       82, 232, 114, 26, 103, 203, 49, 155, 211, 85, 127, 210, 123, 206,
       34, 200, 50, 191, 112, 42, 236, 17, 23, 186, 95, 54, 61, 190, 151,
       194, 123, 135, 55, 125, 16, 178, 77, 162, 1, 201, 241, 112, 250,
       130, 192, 135, 123, 73, 147, 189, 183, 160, 110, 125, 63, 56, 251,
       79, 84, 255, 55, 10, 123, 149, 87, 125, 12, 145, 216, 249, 1, 205,
       255, 126, 192, 136, 192, 129, 121, 33, 153, 59, 72, 84, 205, 227,
       117, 124, 65, 108, 8, 50, 213, 52, 48, 216, 58, 50, 72, 19, 186,
       50, 61, 125, 184, 0, 72, 80, 10, 246, 250, 120, 184, 185, 240, 45,
       205, 81, 71, 163, 181, 164, 25, 31, 159, 64, 26, 139, 179, 117,
       16, 26, 111, 242, 17, 219, 217, 21, 123, 227, 0, 198, 122, 120,
       184, 127, 112, 10, 205, 81, 83, 226, 117, 164, 56, 59, 151, 64,
       58, 35, 178, 221, 16, 26, 79, 178, 17, 219, 201, 48, 121, 226,
       128, 198, 123, 80, 241, 153, 230, 168, 108, 87, 157, 170, 57, 169,
       24, 151, 255, 72, 18, 133, 95, 125, 17, 26, 65, 218, 1, 249, 213,
       31, 126, 192, 82, 135, 42, 88, 56, 251, 112, 10, 236, 81, 23, 226,
       85, 164, 24, 55, 151, 66, 122, 34, 182, 125, 24, 10, 75, 178, 1,
       211, 233, 48, 57, 162, 128, 38, 122, 36, 161, 217, 73, 220, 201,
       225, 205, 202, 177, 41, 24, 146, 193, 76, 18, 27, 26, 66, 56, 82,
       98, 203, 23, 109, 4, 21, 124, 209, 10, 214, 162, 88, 24, 191, 244,
       41, 76, 85, 55, 168, 202, 162, 8, 255, 55, 1, 123, 166, 247, 125,
       2, 73, 69, 147, 8, 209, 227, 116, 26, 168, 112, 7, 59, 193, 160,
       189, 240, 173, 108, 85, 135, 235, 243, 166, 24, 150, 179, 72, 123,
       161, 7, 120, 24, 51, 109, 179, 64, 221, 187, 86, 124, 136, 64,
       193, 42, 248, 48, 253, 100, 40, 75, 81, 88, 226, 180, 164, 40,
       119, 213, 65, 59, 18, 180, 108, 56, 8, 103, 226, 24, 219, 201, 97,
       61, 96, 168, 70, 106, 197, 116, 157, 103, 161, 110, 102, 184, 120,
       162, 47, 72, 214, 115, 73, 122, 145, 84, 104, 106, 97, 240, 249,
       42, 231, 255, 69, 4, 200, 115, 67, 33, 88, 142, 22, 246, 33, 136,
       85, 55, 165, 6, 238, 41, 175, 163, 0, 87, 160, 182, 237, 10, 120,
       201, 130, 45, 241, 243, 208, 9, 34, 132, 36, 42, 9, 25, 115, 72,
       83, 223, 179, 82, 105, 72, 124, 8, 62, 21, 4, 180, 38, 24, 213,
       72, 131, 184, 48, 77, 71, 217, 32, 2, 67, 2, 7, 243, 93, 77, 93,
       103, 148, 78, 103, 184, 101, 160, 171, 0, 83, 113, 25, 112, 48,
       212, 108, 106, 105, 177, 121, 46, 245, 239, 37, 20, 97, 179, 192,
       32, 124, 116, 208, 62, 203, 16, 22, 232, 179, 134, 169, 169, 111,
       243, 73, 222, 210, 245, 236, 98, 76, 67, 202, 138, 178, 247, 69,
       59, 50, 119, 14, 3, 100, 101, 72, 103, 84, 11, 230, 168, 105, 160,
       107, 9, 211, 73, 29, 144, 146, 204, 64, 106, 68, 240, 201, 14,
       102, 237, 5, 53, 101, 179, 90, 130, 120, 172, 252, 120, 137, 237,
       81, 223, 163, 151, 164, 24, 51, 247, 64, 27, 137, 242, 237, 16,
       58, 111, 250, 49, 219, 203, 85, 125, 243, 80, 198, 42, 241, 104,
       149, 117, 9, 92, 68, 38, 233, 178, 162, 24, 247, 177, 65, 255,
       129, 100, 108, 74, 77, 101, 211, 0, 131, 250, 85, 18, 74, 112, 74,
       14, 88, 56, 147, 244, 171, 108, 85, 23, 169, 155, 166, 24, 191,
       183, 65, 255, 162, 247, 252, 16, 25, 75, 178, 0, 217, 241, 84, 58,
       130, 112, 7, 43, 101, 176, 145, 81, 233, 237, 81, 143, 251, 121,
       160, 24, 150, 147, 76, 60, 129, 30, 120, 24, 19, 111, 250, 83,
       157, 156, 21, 126, 192, 0, 198, 34, 120, 184, 127, 240, 11, 201,
       81, 71, 163, 53, 164, 57, 63, 159, 64, 27, 171, 179, 213, 16, 27,
       111, 178, 17, 219, 193, 113, 123, 227, 0, 198, 123, 208, 186, 158,
       48, 170, 168, 81, 215, 162, 183, 164, 189, 183, 167, 66, 27, 39,
       167, 109, 20, 58, 79, 130, 49, 216, 227, 117, 121, 160, 192, 143,
       91, 205, 252, 29, 126, 41, 204, 85, 184, 187, 94, 37, 28, 254,
       215, 74, 155, 149, 115, 232, 74, 99, 69, 186, 51, 195, 243, 85,
       58, 74, 81, 7, 115, 108, 112, 241, 71, 232, 107, 71, 152, 51, 174,
       181, 40, 211, 119, 201, 62, 25, 220, 68, 122, 72, 86, 249, 10,
       229, 156, 101, 188, 226, 243, 70, 241, 216, 190, 190, 112, 170,
       236, 17, 151, 179, 95, 182, 253, 62, 191, 194, 91, 167, 63, 253,
       16, 178, 79, 162, 99, 219, 227, 116, 235, 160, 64, 167, 123, 99,
       168, 161, 81, 205, 189, 233, 199, 234, 115, 160, 28, 176, 160, 84,
       62, 201, 138, 122, 156, 147, 111, 250, 113, 13, 24, 222, 120, 200,
       72, 211, 188, 64, 104, 154, 116, 1, 140, 117, 6, 232, 128, 38, 8,
       182, 179, 65, 50, 160, 116, 104, 72, 64, 249, 144, 40, 233, 184,
       69, 0, 64, 48, 67, 42, 120, 170, 126, 112, 154, 233, 81, 87, 163,
       29, 164, 56, 55, 135, 66, 26, 47, 178, 237, 24, 26, 107, 162, 53,
       219, 193, 48, 121, 226, 128, 198, 43, 236, 244, 149, 99, 173, 95,
       87, 168, 123, 186, 33, 8, 214, 117, 73, 191, 145, 84, 104, 122,
       115, 116, 249, 50, 175, 218, 69, 118, 194, 123, 70, 34, 230, 38,
       205, 148, 232, 96, 9, 79, 179, 247, 160, 185, 131, 166, 199, 95,
       79, 239, 108, 148, 63, 79, 230, 2, 28, 18, 125, 251, 128, 100,
       166, 253, 220, 98, 204, 39, 168, 42, 70, 128, 98, 182, 167, 153,
       199, 99, 75, 91, 3, 196, 108, 126, 44, 71, 207, 0, 222, 225, 101,
       53, 160, 243, 74, 0, 64, 188, 157, 72, 232, 237, 1, 223, 234, 59,
       168, 76, 150, 179, 72, 58, 129, 18, 106, 24, 19, 107, 218, 81,
