%YAML:1.0
---
descriptors: !!opencv-matrix
   rows: 266
   cols: 32
   dt: u
   data: [ 253, 113, 253, 103, 44, 78, 71, 184, 97, 250, 183, 72, 215,
       85, 201, 59, 22, 212, 124, 106, 233, 116, 249, 8, 227, 217, 101,
       52, 107, 179, 70, 113, 236, 52, 189, 97, 173, 109, 81, 154, 91,
       255, 181, 24, 222, 93, 75, 59, 153, 16, 253, 58, 59, 102, 251, 18,
       207, 219, 81, 127, 210, 73, 70, 99, 252, 172, 253, 118, 136, 109,
       85, 191, 178, 182, 164, 24, 83, 119, 64, 27, 1, 214, 109, 42, 120,
       79, 251, 56, 249, 203, 117, 60, 224, 240, 198, 106, 148, 188, 254,
       191, 236, 169, 255, 254, 190, 179, 247, 59, 247, 235, 91, 91, 255,
       247, 127, 147, 186, 239, 203, 115, 252, 171, 255, 156, 132, 249,
       229, 131, 120, 184, 253, 112, 168, 204, 81, 151, 162, 253, 164,
       24, 55, 183, 66, 58, 7, 214, 237, 24, 27, 75, 250, 49, 219, 235,
       117, 121, 226, 192, 198, 123, 168, 180, 181, 254, 189, 237, 84,
       15, 223, 27, 172, 24, 190, 253, 40, 88, 201, 50, 249, 16, 58, 107,
       114, 179, 203, 223, 84, 123, 210, 76, 214, 106, 253, 69, 93, 100,
       60, 14, 71, 56, 224, 160, 171, 8, 215, 51, 9, 115, 130, 213, 124,
       106, 105, 161, 121, 12, 241, 233, 101, 20, 96, 179, 66, 33, 252,
       94, 191, 116, 168, 44, 85, 178, 160, 186, 182, 120, 87, 119, 1,
       123, 135, 245, 109, 34, 104, 69, 195, 40, 211, 235, 117, 144, 96,
       241, 6, 35, 192, 168, 157, 249, 200, 237, 1, 143, 190, 51, 32, 24,
       182, 51, 64, 91, 129, 18, 106, 24, 19, 76, 211, 49, 205, 146, 84,
       120, 144, 8, 133, 42, 98, 37, 59, 86, 93, 199, 231, 96, 249, 128,
       235, 8, 80, 255, 60, 48, 248, 253, 83, 226, 73, 227, 186, 110, 49,
       62, 135, 8, 65, 35, 102, 162, 54, 101, 118, 207, 252, 11, 238,
       248, 127, 160, 251, 10, 207, 235, 61, 64, 122, 205, 127, 99, 224,
       243, 73, 222, 190, 252, 143, 180, 55, 251, 113, 129, 220, 144,
       156, 247, 172, 44, 121, 184, 191, 186, 183, 56, 223, 119, 72, 91,
       199, 213, 125, 10, 40, 69, 203, 128, 203, 251, 119, 148, 160, 233,
       5, 51, 205, 112, 157, 103, 1, 126, 119, 152, 121, 234, 167, 8,
       222, 112, 73, 59, 145, 84, 120, 106, 41, 244, 249, 10, 199, 251,
       69, 54, 202, 115, 75, 35, 188, 42, 123, 100, 66, 106, 67, 80, 224,
       134, 228, 40, 19, 23, 129, 59, 46, 244, 68, 106, 8, 247, 160, 40,
       83, 137, 97, 0, 97, 179, 102, 160, 92, 165, 185, 114, 155, 237,
       19, 203, 250, 181, 173, 24, 158, 247, 72, 56, 163, 27, 200, 16,
       19, 107, 186, 119, 217, 133, 21, 127, 192, 65, 135, 34, 216, 180,
       188, 240, 173, 236, 89, 31, 187, 187, 180, 24, 191, 247, 72, 59,
       135, 151, 125, 24, 59, 79, 250, 2, 219, 251, 119, 252, 194, 192,
       198, 51, 248, 188, 188, 112, 169, 253, 89, 223, 251, 59, 180, 24,
       191, 191, 64, 59, 133, 151, 252, 16, 186, 111, 250, 179, 219, 251,
       117, 127, 194, 72, 199, 43, 232, 188, 188, 248, 173, 253, 84, 159,
       255, 187, 180, 24, 191, 249, 64, 187, 201, 243, 255, 24, 186, 111,
       250, 179, 219, 219, 85, 123, 210, 200, 202, 75, 101, 117, 29, 103,
       164, 14, 71, 188, 96, 234, 47, 76, 215, 49, 137, 51, 16, 68, 124,
       110, 193, 240, 249, 40, 231, 169, 101, 20, 104, 243, 66, 33, 254,
       172, 180, 255, 237, 189, 252, 255, 255, 187, 246, 25, 238, 239,
       22, 91, 237, 231, 255, 153, 190, 111, 219, 243, 255, 251, 215,
       249, 211, 220, 234, 138, 229, 113, 157, 103, 164, 14, 71, 184, 96,
       232, 174, 76, 215, 113, 201, 51, 16, 68, 124, 106, 201, 240, 249,
       40, 229, 185, 101, 20, 72, 115, 66, 32, 230, 174, 254, 223, 236,
       187, 252, 239, 191, 187, 254, 178, 236, 239, 220, 91, 239, 255,
       127, 139, 178, 255, 235, 247, 190, 63, 255, 252, 149, 248, 227,
       137, 236, 52, 189, 97, 160, 111, 117, 31, 122, 187, 39, 24, 223,
       119, 72, 59, 149, 22, 125, 56, 49, 244, 249, 2, 207, 223, 117,
       116, 192, 224, 198, 115, 17, 142, 219, 105, 180, 170, 111, 151,
       118, 3, 106, 208, 247, 3, 176, 112, 51, 46, 12, 60, 59, 156, 5,
       63, 232, 174, 52, 64, 188, 194, 225, 40, 105, 253, 156, 115, 217,
       221, 85, 158, 123, 115, 44, 24, 190, 49, 70, 190, 129, 90, 240,
       88, 119, 120, 251, 51, 111, 223, 85, 127, 202, 84, 207, 254, 197,
       116, 157, 23, 172, 47, 231, 157, 122, 251, 131, 92, 214, 96, 89,
       43, 145, 70, 104, 63, 241, 116, 219, 34, 173, 30, 125, 116, 136,
       123, 211, 36, 248, 46, 191, 116, 138, 224, 81, 23, 178, 183, 166,
       56, 55, 183, 64, 27, 39, 247, 109, 144, 58, 79, 162, 2, 217, 227,
       117, 121, 160, 192, 166, 106, 248, 174, 222, 122, 138, 169, 81,
       215, 178, 23, 164, 185, 39, 231, 66, 27, 35, 179, 109, 16, 58, 79,
       138, 51, 219, 195, 116, 121, 224, 192, 134, 106, 252, 56, 255,
       114, 168, 109, 85, 80, 178, 190, 167, 24, 83, 247, 65, 27, 1, 246,
       108, 26, 40, 71, 250, 32, 219, 203, 117, 56, 224, 241, 70, 99, 76,
       189, 189, 244, 169, 236, 21, 190, 186, 159, 172, 25, 190, 247, 67,
       90, 133, 119, 237, 16, 122, 73, 242, 35, 233, 247, 117, 59, 128,
       113, 135, 115, 45, 113, 17, 101, 49, 79, 103, 56, 104, 232, 111,
       76, 214, 17, 9, 52, 144, 28, 80, 106, 65, 176, 217, 12, 231, 221,
       1, 38, 74, 51, 67, 130, 220, 50, 255, 96, 162, 106, 65, 83, 176,
       191, 164, 56, 19, 183, 192, 59, 39, 148, 68, 56, 56, 215, 176, 2,
       217, 139, 117, 100, 225, 224, 102, 227, 120, 158, 253, 120, 174,
       237, 81, 159, 226, 63, 180, 56, 51, 53, 192, 59, 11, 146, 108, 24,
       58, 108, 114, 49, 201, 203, 116, 121, 243, 200, 198, 107, 69, 117,
       149, 69, 97, 14, 102, 56, 104, 200, 106, 12, 214, 48, 9, 54, 144,
       68, 104, 106, 65, 240, 241, 8, 37, 184, 68, 6, 72, 115, 67, 39,
       37, 181, 57, 67, 221, 77, 181, 169, 94, 113, 41, 24, 214, 120, 76,
       32, 145, 26, 82, 49, 87, 112, 121, 23, 77, 158, 21, 119, 208, 10,
       215, 166, 248, 188, 156, 50, 168, 173, 80, 223, 178, 191, 164, 29,
       63, 243, 66, 27, 129, 227, 237, 20, 58, 79, 218, 51, 218, 195,
       117, 121, 232, 192, 138, 10, 116, 113, 56, 96, 0, 15, 83, 24, 96,
       164, 165, 12, 23, 19, 65, 16, 16, 148, 64, 106, 72, 34, 241, 12,
       227, 137, 1, 52, 104, 35, 66, 34, 205, 245, 145, 71, 225, 95, 118,
       184, 121, 234, 47, 8, 222, 112, 77, 181, 145, 92, 112, 106, 113,
       240, 249, 14, 47, 223, 69, 6, 202, 115, 203, 54, 205, 85, 149, 71,
       177, 30, 103, 184, 125, 170, 103, 68, 222, 115, 137, 119, 149, 84,
       124, 106, 225, 212, 249, 46, 231, 251, 101, 4, 10, 243, 1, 33,
       252, 182, 245, 114, 235, 109, 85, 223, 179, 63, 165, 56, 27, 247,
       72, 159, 39, 214, 237, 24, 58, 71, 170, 35, 219, 219, 85, 126,
       226, 192, 134, 99, 236, 112, 188, 99, 41, 111, 83, 152, 123, 250,
       167, 24, 223, 87, 73, 59, 145, 212, 124, 122, 41, 118, 251, 2,
       207, 219, 101, 52, 194, 251, 70, 51, 246, 236, 254, 159, 236, 171,
       254, 238, 191, 179, 242, 26, 247, 234, 93, 75, 239, 239, 127, 211,
       242, 127, 203, 251, 188, 223, 255, 172, 149, 121, 227, 137, 230,
       237, 246, 223, 236, 139, 254, 239, 191, 179, 250, 154, 239, 238,
       124, 67, 255, 255, 127, 147, 250, 127, 203, 255, 190, 254, 223,
       156, 149, 250, 227, 129, 232, 180, 188, 250, 173, 253, 80, 11,
       255, 59, 173, 24, 222, 253, 72, 58, 153, 146, 253, 16, 58, 110,
       251, 147, 207, 223, 80, 127, 210, 72, 198, 2, 249, 69, 93, 100,
       40, 14, 71, 56, 96, 160, 175, 8, 215, 51, 137, 115, 6, 212, 124,
       106, 105, 33, 249, 12, 241, 235, 100, 20, 96, 178, 66, 32, 232,
       189, 182, 252, 157, 205, 84, 231, 223, 11, 172, 24, 174, 185, 36,
       50, 201, 178, 251, 0, 122, 107, 210, 183, 235, 255, 148, 123, 210,
       88, 214, 10, 124, 24, 191, 244, 170, 44, 85, 51, 163, 186, 178,
       120, 95, 183, 65, 91, 167, 247, 237, 0, 56, 71, 146, 32, 211, 235,
       117, 152, 224, 112, 134, 51, 100, 176, 21, 115, 141, 237, 80, 139,
       123, 57, 169, 88, 142, 153, 76, 180, 129, 22, 108, 16, 27, 104,
       219, 145, 143, 222, 21, 126, 194, 72, 194, 34, 64, 136, 157, 250,
