%YAML:1.0
---
descriptors: !!opencv-matrix
   rows: 242
   cols: 32
   dt: u
   data: [ 232, 172, 180, 250, 173, 173, 92, 159, 191, 251, 180, 24, 254,
       249, 92, 123, 201, 226, 127, 24, 58, 111, 218, 177, 207, 219, 87,
       122, 210, 220, 211, 11, 76, 37, 120, 103, 114, 26, 127, 56, 57,
       136, 127, 137, 223, 39, 137, 80, 22, 221, 213, 110, 32, 208, 201,
       78, 231, 253, 32, 133, 34, 247, 11, 33, 233, 180, 188, 250, 173,
       253, 81, 222, 255, 219, 180, 24, 190, 249, 100, 59, 133, 115, 255,
       24, 178, 111, 250, 241, 219, 219, 85, 122, 210, 76, 195, 99, 236,
       176, 185, 105, 141, 109, 81, 153, 83, 125, 165, 24, 214, 93, 72,
       59, 153, 18, 248, 56, 58, 102, 251, 17, 207, 217, 17, 125, 210,
       72, 198, 34, 236, 85, 61, 103, 32, 78, 103, 56, 104, 168, 47, 72,
       215, 119, 9, 115, 148, 84, 124, 106, 73, 208, 249, 12, 231, 249,
       101, 20, 64, 243, 70, 51, 76, 85, 61, 231, 48, 78, 111, 184, 36,
       170, 255, 72, 215, 119, 137, 114, 22, 212, 125, 106, 105, 144,
       249, 46, 229, 239, 37, 148, 32, 179, 68, 49, 112, 171, 189, 114,
       137, 236, 85, 207, 163, 181, 164, 24, 55, 247, 64, 58, 133, 247,
       236, 16, 26, 75, 250, 49, 217, 243, 85, 127, 192, 80, 134, 42, 84,
       205, 93, 103, 150, 15, 71, 188, 100, 164, 171, 8, 243, 113, 9,
       112, 50, 214, 72, 106, 104, 176, 121, 63, 233, 175, 37, 20, 112,
       251, 196, 32, 192, 172, 157, 251, 136, 237, 21, 143, 190, 31, 104,
       24, 182, 243, 64, 91, 129, 122, 106, 24, 50, 76, 218, 51, 205,
       163, 116, 120, 144, 72, 135, 170, 85, 77, 93, 103, 22, 78, 71,
       184, 100, 160, 235, 64, 83, 113, 25, 112, 50, 196, 72, 106, 105,
       176, 89, 46, 247, 174, 5, 20, 105, 179, 64, 32, 124, 50, 216, 96,
       168, 45, 81, 218, 35, 183, 165, 57, 23, 17, 73, 26, 129, 150, 237,
       16, 26, 99, 203, 16, 219, 197, 53, 125, 224, 201, 206, 35, 252,
       236, 190, 126, 137, 236, 85, 238, 179, 22, 164, 24, 119, 247, 72,
       27, 129, 242, 109, 10, 122, 111, 250, 51, 219, 227, 85, 57, 98,
       81, 230, 42, 101, 176, 153, 65, 249, 237, 97, 143, 106, 121, 43,
       24, 150, 147, 72, 56, 145, 30, 122, 24, 19, 56, 249, 83, 13, 188,
       20, 102, 200, 2, 195, 162, 116, 117, 252, 102, 168, 78, 87, 184,
       48, 174, 191, 8, 83, 119, 201, 26, 25, 212, 109, 106, 104, 99,
       249, 10, 243, 175, 101, 60, 225, 243, 70, 115, 108, 108, 189, 103,
       181, 79, 71, 172, 115, 174, 175, 8, 211, 113, 73, 49, 153, 94,
       108, 106, 104, 246, 249, 46, 239, 223, 5, 53, 194, 251, 198, 98,
       108, 164, 185, 122, 137, 109, 87, 138, 242, 54, 173, 8, 242, 245,
       73, 59, 153, 82, 96, 18, 42, 99, 250, 49, 203, 219, 69, 61, 208,
       113, 70, 34, 84, 115, 136, 39, 147, 95, 6, 72, 114, 232, 171, 77,
       195, 32, 75, 146, 185, 204, 236, 115, 13, 240, 221, 10, 189, 199,
       37, 55, 232, 123, 31, 22, 100, 119, 17, 103, 112, 79, 230, 56,
       121, 168, 107, 72, 195, 109, 13, 16, 156, 220, 68, 98, 201, 240,
       217, 14, 165, 244, 5, 54, 73, 123, 70, 144, 208, 136, 189, 126,
       136, 173, 17, 143, 206, 19, 160, 24, 246, 240, 68, 123, 129, 115,
       104, 16, 50, 109, 219, 49, 201, 170, 87, 122, 208, 72, 129, 42,
       252, 173, 190, 126, 137, 237, 87, 239, 178, 151, 172, 24, 115,
       247, 73, 27, 137, 242, 236, 10, 106, 99, 250, 51, 251, 199, 117,
       57, 226, 113, 230, 34, 108, 112, 185, 101, 32, 111, 115, 152, 107,
       234, 39, 8, 215, 87, 73, 58, 145, 84, 108, 122, 9, 244, 249, 8,
       207, 217, 101, 52, 192, 251, 70, 51, 84, 93, 29, 231, 176, 78,
       111, 184, 52, 168, 222, 96, 215, 119, 129, 114, 22, 244, 125, 106,
       105, 144, 121, 46, 237, 239, 39, 148, 32, 179, 133, 49, 108, 112,
       185, 101, 37, 111, 115, 24, 105, 234, 39, 8, 214, 21, 73, 58, 144,
       84, 120, 122, 129, 244, 249, 10, 199, 221, 5, 52, 194, 123, 71,
       115, 244, 248, 253, 99, 60, 79, 83, 152, 114, 248, 167, 8, 87, 85,
       73, 50, 17, 212, 108, 122, 105, 117, 249, 56, 217, 139, 101, 116,
       224, 187, 70, 35, 77, 34, 125, 101, 48, 15, 107, 56, 96, 168, 55,
       104, 219, 87, 137, 48, 22, 20, 92, 106, 137, 244, 233, 12, 199,
       219, 33, 148, 96, 163, 70, 33, 100, 101, 88, 103, 214, 10, 118,
       168, 120, 160, 107, 8, 215, 105, 25, 16, 178, 205, 64, 106, 76,
       240, 217, 46, 230, 237, 5, 5, 101, 243, 75, 130, 80, 217, 155,
       100, 154, 204, 23, 181, 160, 129, 234, 8, 247, 247, 0, 114, 34,
       247, 108, 64, 89, 9, 178, 41, 249, 229, 36, 8, 160, 178, 167, 42,
       120, 232, 159, 114, 137, 200, 81, 207, 162, 181, 164, 24, 46, 231,
       64, 26, 129, 247, 236, 16, 26, 75, 250, 49, 217, 161, 85, 123,
       194, 0, 134, 122, 174, 191, 152, 58, 249, 173, 22, 128, 155, 186,
       169, 125, 142, 234, 69, 155, 141, 123, 195, 83, 55, 107, 218, 114,
       111, 147, 13, 123, 216, 127, 139, 147, 76, 85, 39, 30, 91, 214,
       39, 32, 244, 198, 199, 5, 240, 230, 43, 119, 112, 228, 234, 226,
       109, 131, 63, 46, 117, 34, 195, 0, 42, 55, 52, 118, 53, 77, 27,
       103, 148, 78, 71, 188, 116, 160, 234, 64, 115, 113, 57, 112, 112,
       238, 8, 106, 105, 176, 25, 46, 241, 174, 5, 4, 105, 243, 240, 40,
       100, 119, 248, 103, 168, 78, 87, 184, 48, 174, 191, 40, 83, 119,
       201, 18, 28, 212, 109, 106, 104, 242, 233, 10, 239, 175, 101, 180,
       96, 243, 198, 99, 69, 160, 153, 65, 245, 237, 227, 131, 122, 41,
       42, 24, 150, 147, 72, 48, 145, 30, 74, 24, 19, 56, 248, 18, 141,
       156, 53, 116, 192, 0, 195, 162, 208, 170, 158, 176, 170, 169, 80,
       199, 162, 23, 160, 185, 55, 227, 66, 27, 163, 179, 237, 16, 62,
       79, 130, 49, 216, 195, 124, 121, 160, 64, 143, 11, 157, 94, 79,
       53, 50, 34, 111, 182, 52, 226, 66, 228, 245, 35, 129, 113, 119,
       100, 44, 238, 233, 212, 125, 46, 228, 167, 103, 128, 44, 241, 32,
       57, 77, 185, 185, 123, 185, 237, 115, 155, 107, 89, 44, 44, 190,
       119, 200, 48, 151, 91, 124, 24, 147, 40, 251, 113, 239, 221, 37,
       110, 202, 66, 131, 243, 200, 180, 156, 123, 153, 253, 85, 175,
       254, 63, 37, 24, 246, 241, 72, 187, 129, 82, 232, 16, 50, 108,
       251, 55, 239, 147, 85, 127, 208, 64, 199, 42, 92, 100, 149, 118,
       136, 44, 69, 155, 226, 179, 169, 88, 215, 243, 73, 26, 129, 214,
       104, 24, 9, 71, 218, 2, 217, 166, 85, 60, 192, 113, 131, 34, 236,
       188, 156, 127, 169, 108, 87, 152, 51, 191, 167, 25, 210, 119, 73,
       90, 145, 86, 237, 114, 58, 64, 219, 51, 239, 243, 69, 127, 194,
       115, 198, 35, 212, 197, 92, 102, 146, 10, 71, 184, 228, 164, 175,
       8, 83, 99, 9, 83, 50, 212, 104, 106, 104, 129, 9, 30, 241, 171,
       101, 20, 96, 243, 196, 34, 213, 214, 157, 101, 160, 46, 103, 190,
       120, 250, 38, 84, 215, 55, 137, 123, 55, 86, 108, 42, 249, 212,
       249, 10, 229, 187, 101, 20, 232, 241, 194, 113, 245, 92, 255, 101,
       160, 110, 79, 186, 112, 226, 175, 156, 211, 103, 153, 123, 23,
       196, 124, 110, 233, 213, 253, 14, 241, 171, 101, 20, 32, 241, 194,
       112, 252, 173, 189, 124, 168, 233, 85, 239, 178, 151, 172, 24, 55,
       247, 65, 27, 129, 246, 236, 0, 58, 107, 226, 51, 251, 231, 117,
       125, 240, 240, 198, 42, 248, 168, 222, 48, 170, 169, 80, 71, 162,
       19, 160, 185, 63, 131, 66, 27, 163, 163, 237, 16, 62, 79, 194, 17,
       218, 195, 116, 121, 160, 192, 138, 10, 100, 161, 189, 124, 137,
       109, 85, 137, 226, 176, 172, 8, 246, 245, 73, 58, 137, 82, 104,
       16, 26, 98, 250, 49, 203, 159, 69, 63, 208, 123, 198, 34, 77, 101,
       89, 167, 178, 26, 118, 168, 120, 160, 107, 8, 207, 74, 137, 144,
       178, 77, 76, 98, 68, 176, 201, 110, 164, 229, 39, 5, 68, 243, 11,
       128, 124, 101, 126, 70, 213, 82, 86, 104, 113, 164, 255, 40, 75,
       121, 141, 148, 120, 220, 228, 226, 108, 226, 205, 142, 114, 239,
       133, 15, 99, 243, 110, 130, 252, 108, 204, 39, 0, 74, 71, 136, 33,
       166, 167, 137, 83, 99, 67, 91, 112, 196, 108, 126, 104, 210, 217,
       8, 217, 227, 69, 21, 225, 243, 70, 98, 37, 101, 21, 71, 25, 15,
