%YAML:1.0
---
descriptors: !!opencv-matrix
   rows: 226
   cols: 32
   dt: u
   data: [ 93, 93, 121, 103, 180, 78, 79, 188, 97, 232, 254, 68, 115,
       119, 129, 112, 118, 214, 92, 106, 233, 144, 121, 46, 227, 239, 37,
       148, 106, 243, 192, 57, 253, 113, 253, 103, 172, 78, 87, 184, 225,
       250, 183, 8, 211, 85, 201, 59, 20, 212, 124, 106, 233, 103, 249,
       8, 231, 217, 101, 52, 107, 179, 70, 115, 236, 48, 189, 115, 237,
       109, 81, 152, 91, 255, 181, 24, 222, 93, 75, 58, 153, 16, 253, 18,
       26, 102, 251, 18, 79, 223, 81, 127, 210, 201, 70, 115, 252, 188,
       253, 118, 136, 109, 87, 190, 163, 190, 172, 56, 115, 119, 73, 19,
       5, 214, 109, 42, 120, 79, 250, 62, 251, 203, 101, 60, 226, 241,
       198, 123, 108, 176, 189, 115, 237, 125, 81, 152, 115, 255, 165,
       24, 223, 93, 75, 59, 145, 144, 236, 58, 58, 102, 251, 18, 207,
       223, 81, 125, 194, 201, 70, 242, 244, 99, 253, 71, 12, 75, 71, 56,
       64, 166, 191, 168, 83, 33, 217, 51, 26, 212, 108, 106, 72, 242,
       237, 8, 229, 201, 101, 52, 101, 251, 86, 32, 246, 237, 198, 159,
       252, 171, 238, 239, 191, 179, 251, 18, 236, 234, 41, 81, 251, 239,
       127, 226, 122, 247, 203, 255, 188, 54, 223, 212, 133, 123, 225,
       136, 248, 154, 252, 120, 170, 41, 81, 19, 131, 31, 180, 56, 51,
       163, 66, 27, 15, 146, 237, 24, 58, 111, 66, 49, 219, 203, 112,
       121, 243, 201, 204, 43, 221, 212, 188, 247, 44, 44, 125, 184, 191,
       250, 183, 56, 223, 247, 73, 123, 199, 213, 125, 58, 169, 69, 251,
       130, 203, 251, 119, 156, 160, 249, 1, 115, 28, 165, 185, 114, 155,
       237, 17, 207, 242, 181, 173, 24, 31, 247, 72, 48, 163, 155, 200,
       16, 18, 107, 186, 119, 249, 197, 21, 109, 225, 65, 167, 42, 220,
       176, 188, 242, 173, 236, 89, 31, 187, 255, 183, 24, 159, 255, 74,
       59, 135, 151, 125, 24, 59, 77, 251, 2, 219, 251, 119, 252, 194,
       192, 198, 115, 248, 188, 188, 112, 169, 253, 93, 159, 251, 251,
       180, 24, 191, 191, 66, 59, 133, 215, 253, 16, 186, 111, 250, 179,
       219, 251, 117, 125, 194, 88, 207, 123, 232, 188, 188, 248, 173,
       253, 84, 159, 255, 251, 180, 24, 191, 253, 66, 59, 201, 242, 255,
       24, 186, 111, 250, 179, 219, 219, 85, 123, 210, 216, 206, 91, 226,
       188, 254, 223, 237, 191, 254, 255, 191, 187, 254, 26, 237, 255,
       28, 91, 255, 255, 255, 130, 186, 255, 219, 243, 255, 255, 223,
       251, 151, 249, 251, 138, 228, 172, 254, 223, 236, 169, 252, 239,
       190, 179, 242, 178, 245, 238, 252, 91, 255, 239, 127, 145, 178,
       255, 203, 243, 254, 47, 255, 236, 148, 248, 227, 137, 230, 174,
       254, 223, 236, 169, 252, 255, 191, 187, 254, 50, 236, 239, 252,
       91, 255, 255, 127, 139, 176, 255, 203, 243, 190, 62, 255, 190,
       149, 248, 227, 137, 230, 174, 246, 223, 236, 175, 252, 255, 191,
       187, 242, 114, 236, 255, 221, 91, 255, 255, 255, 131, 178, 255,
       203, 251, 62, 254, 255, 138, 151, 248, 227, 137, 238, 190, 246,
       223, 236, 187, 252, 255, 191, 179, 244, 247, 236, 255, 252, 91,
       255, 255, 255, 135, 178, 255, 235, 255, 190, 255, 223, 174, 159,
       252, 227, 153, 236, 52, 189, 97, 168, 111, 117, 31, 123, 191, 39,
       24, 223, 55, 72, 59, 149, 22, 125, 56, 49, 244, 249, 2, 207, 219,
       117, 116, 192, 224, 198, 51, 220, 92, 29, 231, 40, 78, 95, 188,
       52, 234, 246, 60, 215, 87, 9, 83, 150, 213, 125, 106, 105, 212,
       249, 46, 247, 235, 103, 148, 32, 179, 69, 115, 101, 85, 29, 103,
       36, 14, 103, 184, 96, 232, 42, 76, 211, 113, 153, 51, 16, 68, 124,
       110, 201, 240, 249, 44, 229, 249, 101, 20, 72, 243, 66, 32, 101,
       71, 29, 103, 180, 46, 103, 184, 96, 170, 106, 76, 211, 97, 153,
       114, 20, 70, 108, 110, 233, 176, 121, 46, 228, 175, 37, 16, 104,
       243, 66, 33, 244, 116, 189, 118, 136, 111, 71, 159, 242, 178, 169,
       24, 211, 119, 73, 59, 129, 214, 104, 58, 41, 101, 251, 50, 233,
       171, 101, 52, 224, 113, 198, 32, 244, 244, 253, 114, 168, 109, 85,
       222, 178, 191, 165, 56, 87, 247, 72, 27, 1, 214, 109, 24, 58, 71,
       250, 34, 219, 195, 117, 125, 224, 241, 134, 99, 33, 165, 57, 75,
       221, 77, 181, 173, 94, 113, 41, 24, 214, 124, 76, 32, 145, 26, 66,
       49, 87, 48, 123, 23, 111, 156, 21, 127, 208, 74, 215, 162, 220,
       46, 140, 180, 168, 32, 92, 159, 179, 183, 134, 185, 87, 227, 67,
       91, 67, 199, 237, 149, 60, 71, 203, 32, 218, 227, 253, 189, 168,
       241, 154, 66, 248, 190, 156, 114, 168, 173, 80, 223, 178, 191,
       164, 29, 55, 227, 74, 27, 129, 230, 237, 20, 62, 79, 218, 51, 219,
       195, 117, 125, 234, 192, 202, 139, 100, 113, 56, 101, 0, 15, 83,
       24, 96, 172, 45, 12, 87, 19, 9, 16, 16, 20, 64, 106, 72, 176, 241,
       12, 193, 173, 33, 20, 72, 163, 66, 34, 205, 117, 145, 71, 225, 95,
       118, 169, 121, 234, 47, 8, 222, 112, 77, 52, 145, 92, 96, 106, 97,
       240, 249, 74, 103, 223, 69, 6, 74, 115, 195, 38, 252, 112, 188,
       115, 41, 111, 81, 152, 115, 186, 165, 24, 223, 87, 73, 59, 153,
       212, 124, 122, 43, 118, 251, 2, 223, 219, 101, 53, 226, 187, 70,
       179, 246, 236, 254, 255, 236, 43, 254, 239, 191, 179, 242, 18,
       231, 234, 85, 75, 255, 239, 127, 179, 240, 239, 203, 250, 188,
       255, 255, 150, 149, 121, 227, 137, 104, 181, 188, 250, 189, 237,
       80, 43, 95, 59, 173, 24, 158, 125, 72, 48, 153, 154, 255, 16, 58,
       106, 123, 151, 207, 223, 16, 127, 210, 74, 198, 2, 232, 253, 54,
       252, 157, 205, 84, 231, 223, 9, 168, 24, 174, 187, 36, 51, 200,
       179, 251, 0, 122, 107, 210, 191, 251, 251, 212, 59, 82, 88, 214,
       10, 116, 111, 125, 100, 8, 75, 71, 184, 64, 166, 175, 10, 83, 101,
       193, 51, 24, 244, 76, 106, 72, 243, 233, 40, 241, 193, 101, 52,
       97, 251, 70, 96, 69, 103, 216, 39, 176, 10, 102, 137, 120, 164,
       107, 136, 199, 98, 219, 90, 19, 204, 108, 126, 124, 240, 205, 10,
       172, 255, 37, 5, 192, 243, 203, 0, 69, 227, 144, 35, 180, 14, 102,
       184, 106, 184, 43, 76, 214, 96, 89, 146, 149, 68, 108, 126, 198,
       112, 201, 53, 172, 188, 37, 100, 72, 179, 219, 1, 62, 101, 214,
       239, 254, 11, 254, 248, 63, 160, 255, 2, 207, 235, 157, 64, 122,
       205, 127, 235, 72, 179, 201, 254, 190, 254, 143, 148, 119, 251,
       115, 129, 92, 80, 252, 231, 44, 14, 125, 152, 46, 186, 183, 32,
       223, 127, 9, 91, 247, 213, 125, 106, 136, 193, 233, 24, 207, 235,
       239, 148, 164, 251, 1, 35, 242, 186, 151, 186, 235, 161, 16, 207,
       139, 27, 160, 253, 38, 150, 100, 31, 205, 147, 236, 17, 27, 79,
       138, 241, 152, 144, 94, 122, 152, 64, 167, 95, 117, 215, 125, 103,
       172, 14, 71, 184, 96, 248, 175, 76, 211, 97, 153, 115, 20, 196,
       108, 110, 201, 97, 249, 44, 227, 233, 101, 20, 104, 243, 66, 33,
       92, 112, 188, 246, 40, 76, 89, 24, 171, 249, 183, 8, 223, 247, 72,
       123, 134, 213, 125, 88, 24, 65, 251, 0, 219, 251, 115, 188, 128,
       161, 7, 115, 84, 181, 185, 114, 153, 236, 17, 206, 242, 153, 173,
       24, 150, 247, 72, 58, 129, 91, 72, 16, 27, 107, 250, 112, 217,
       197, 21, 111, 192, 67, 166, 34, 188, 42, 126, 96, 2, 106, 83, 81,
       160, 134, 167, 40, 19, 135, 1, 27, 34, 176, 69, 42, 40, 199, 160,
       8, 211, 201, 96, 16, 226, 161, 102, 162, 200, 184, 156, 51, 137,
       109, 17, 143, 58, 55, 36, 25, 190, 55, 74, 27, 129, 83, 233, 16,
       50, 76, 219, 49, 207, 211, 84, 119, 192, 64, 143, 74, 248, 188,
       188, 248, 173, 253, 85, 91, 255, 123, 180, 24, 191, 255, 66, 59,
       141, 179, 253, 24, 58, 111, 242, 147, 219, 223, 85, 123, 210, 72,
       206, 123, 230, 236, 246, 223, 237, 173, 254, 207, 191, 179, 243,
       26, 236, 234, 92, 123, 255, 255, 127, 147, 178, 255, 219, 243,
       191, 254, 223, 234, 149, 249, 227, 169, 226, 252, 182, 254, 237,
       173, 254, 223, 255, 59, 242, 27, 238, 255, 92, 91, 237, 247, 127,
       145, 186, 111, 219, 243, 255, 254, 223, 122, 211, 121, 243, 138,
       234, 252, 188, 248, 237, 253, 92, 223, 223, 59, 188, 24, 170, 253,
