%YAML:1.0
---
descriptors: !!opencv-matrix
   rows: 377
   cols: 32
   dt: u
   data: [ 221, 68, 253, 247, 44, 42, 107, 152, 188, 250, 183, 80, 215,
       103, 153, 123, 119, 197, 125, 110, 169, 229, 235, 162, 194, 251,
       99, 148, 36, 251, 65, 113, 221, 52, 189, 243, 172, 44, 89, 25,
       171, 255, 183, 124, 223, 255, 200, 123, 135, 151, 125, 57, 185,
       69, 251, 128, 219, 251, 127, 252, 128, 224, 131, 115, 124, 233,
       182, 252, 157, 221, 215, 230, 223, 181, 172, 8, 170, 249, 103,
       150, 201, 250, 235, 82, 74, 107, 218, 189, 251, 255, 199, 59, 210,
       125, 246, 138, 232, 181, 188, 254, 157, 221, 85, 175, 211, 29,
       172, 24, 191, 253, 72, 50, 201, 146, 233, 16, 122, 107, 242, 179,
       235, 223, 20, 123, 210, 72, 198, 10, 146, 172, 254, 255, 254, 171,
       254, 223, 255, 179, 250, 18, 207, 235, 52, 72, 127, 239, 127, 145,
       176, 223, 143, 255, 254, 255, 255, 228, 165, 248, 243, 137, 108,
       176, 188, 105, 189, 125, 81, 155, 91, 63, 173, 24, 223, 61, 72,
       58, 153, 146, 233, 24, 26, 98, 251, 19, 207, 223, 65, 127, 210,
       74, 198, 98, 194, 173, 254, 223, 236, 43, 255, 255, 127, 179, 250,
       154, 221, 238, 148, 113, 127, 239, 127, 137, 240, 251, 239, 255,
       254, 190, 255, 172, 149, 248, 225, 153, 149, 237, 223, 191, 188,
       43, 239, 254, 54, 242, 250, 82, 215, 239, 153, 97, 127, 111, 127,
       239, 233, 249, 203, 63, 236, 171, 239, 148, 164, 251, 193, 177,
       146, 188, 254, 255, 254, 187, 253, 255, 63, 115, 254, 178, 253,
       255, 182, 105, 255, 239, 127, 29, 178, 249, 239, 247, 254, 255,
       255, 226, 231, 204, 243, 217, 84, 85, 157, 231, 184, 78, 79, 184,
       36, 234, 191, 76, 215, 119, 137, 114, 22, 212, 125, 106, 233, 144,
       249, 46, 237, 239, 101, 148, 40, 243, 0, 51, 199, 189, 255, 255,
       254, 171, 255, 255, 63, 227, 254, 250, 245, 255, 148, 113, 255,
       255, 127, 137, 241, 255, 239, 251, 62, 191, 255, 170, 213, 248,
       227, 217, 120, 180, 187, 112, 153, 237, 81, 67, 251, 21, 172, 24,
       54, 183, 68, 62, 129, 58, 104, 24, 58, 111, 242, 23, 219, 223, 16,
       122, 194, 64, 198, 106, 76, 49, 157, 229, 32, 78, 97, 16, 173,
       216, 39, 72, 215, 23, 0, 123, 6, 84, 124, 56, 1, 192, 241, 0, 197,
       249, 96, 0, 10, 130, 1, 51, 252, 101, 212, 226, 141, 79, 70, 232,
       19, 182, 161, 9, 75, 121, 75, 179, 217, 212, 232, 114, 108, 103,
       219, 186, 251, 219, 69, 61, 115, 255, 70, 66, 100, 69, 56, 103,
       149, 79, 71, 184, 116, 34, 239, 8, 211, 117, 25, 112, 216, 220,
       120, 106, 104, 178, 249, 46, 231, 255, 5, 84, 64, 187, 198, 34,
       236, 101, 124, 103, 149, 94, 95, 184, 116, 128, 239, 8, 211, 125,
       25, 113, 88, 212, 121, 106, 104, 242, 249, 46, 231, 255, 5, 21,
       66, 251, 90, 34, 249, 184, 255, 120, 169, 253, 81, 87, 243, 91,
       180, 56, 59, 189, 198, 63, 139, 178, 236, 24, 191, 111, 246, 177,
       219, 219, 84, 123, 235, 192, 206, 95, 249, 186, 60, 56, 168, 189,
       89, 215, 163, 127, 180, 249, 191, 215, 66, 27, 135, 183, 253, 20,
       190, 79, 234, 49, 219, 249, 113, 249, 162, 132, 138, 91, 252, 184,
       245, 114, 168, 236, 69, 150, 243, 191, 160, 24, 19, 247, 200, 59,
       1, 214, 108, 26, 59, 111, 250, 34, 217, 202, 117, 120, 224, 209,
       198, 107, 160, 174, 145, 27, 216, 169, 224, 207, 123, 51, 32, 91,
       34, 234, 76, 25, 169, 203, 98, 144, 54, 126, 202, 115, 28, 2, 85,
       111, 217, 88, 194, 142, 253, 153, 85, 78, 169, 92, 70, 184, 65,
       120, 173, 72, 122, 119, 137, 247, 16, 214, 236, 106, 89, 43, 251,
       61, 179, 248, 69, 62, 90, 187, 66, 61, 93, 34, 152, 164, 168, 40,
       88, 8, 226, 183, 163, 25, 199, 227, 75, 218, 163, 199, 108, 28,
       28, 65, 203, 0, 218, 225, 101, 61, 160, 243, 10, 0, 85, 69, 125,
       101, 22, 78, 79, 184, 100, 160, 42, 64, 215, 51, 1, 112, 50, 212,
       92, 106, 201, 176, 125, 14, 231, 175, 37, 20, 96, 179, 64, 32,
       252, 69, 125, 103, 168, 74, 71, 184, 113, 162, 175, 8, 215, 119,
       9, 123, 19, 212, 125, 106, 104, 244, 249, 46, 229, 235, 69, 20,
       96, 243, 198, 32, 28, 125, 159, 103, 145, 102, 103, 252, 116, 162,
       238, 0, 83, 115, 9, 112, 121, 254, 72, 234, 104, 209, 57, 46, 233,
       239, 133, 4, 160, 115, 228, 34, 69, 87, 157, 229, 160, 46, 110,
       188, 120, 170, 123, 68, 222, 114, 137, 114, 151, 69, 108, 110,
       225, 208, 201, 74, 172, 190, 103, 4, 8, 115, 131, 33, 69, 245,
       157, 103, 161, 14, 103, 184, 122, 248, 43, 76, 222, 115, 73, 50,
       145, 68, 104, 122, 225, 240, 249, 40, 237, 251, 69, 70, 200, 115,
       195, 35, 79, 113, 253, 69, 58, 30, 63, 184, 42, 244, 15, 228, 221,
       118, 223, 166, 23, 85, 253, 111, 197, 208, 253, 73, 110, 95, 109,
       180, 14, 183, 1, 117, 211, 123, 83, 165, 50, 142, 58, 52, 44, 192,
       66, 237, 173, 6, 131, 208, 182, 125, 220, 69, 197, 152, 148, 123,
       164, 52, 10, 130, 12, 22, 11, 93, 80, 141, 93, 103, 146, 203, 71,
       190, 100, 160, 170, 8, 247, 115, 0, 112, 51, 246, 76, 104, 56,
       168, 121, 63, 235, 239, 37, 84, 240, 154, 196, 42, 241, 172, 189,
       50, 172, 236, 85, 151, 250, 223, 174, 25, 151, 177, 82, 59, 161,
       230, 124, 28, 63, 111, 186, 35, 219, 175, 116, 121, 224, 64, 194,
       74, 209, 174, 189, 247, 44, 47, 157, 191, 248, 190, 178, 56, 247,
       121, 192, 43, 135, 119, 125, 43, 168, 237, 235, 42, 233, 171, 117,
       52, 64, 232, 135, 43, 244, 108, 172, 176, 172, 109, 85, 159, 242,
       251, 134, 25, 183, 189, 83, 59, 137, 246, 125, 25, 58, 79, 251,
       34, 217, 131, 245, 113, 128, 120, 214, 122, 193, 136, 189, 95, 40,
       173, 145, 142, 206, 19, 160, 24, 246, 112, 13, 107, 129, 99, 104,
       12, 34, 109, 251, 49, 133, 186, 84, 58, 208, 72, 65, 46, 228, 172,
       141, 254, 140, 101, 79, 172, 19, 190, 137, 24, 247, 111, 89, 91,
       217, 215, 109, 147, 42, 70, 251, 51, 169, 246, 223, 124, 144, 115,
       150, 34, 245, 96, 152, 102, 12, 110, 71, 136, 114, 166, 165, 13,
       83, 233, 91, 26, 152, 204, 104, 110, 108, 103, 217, 10, 243, 173,
       69, 60, 233, 115, 106, 18, 119, 164, 213, 167, 11, 46, 78, 168,
       51, 178, 171, 217, 79, 114, 72, 211, 151, 213, 120, 230, 109, 70,
       219, 158, 184, 246, 77, 54, 168, 243, 2, 4, 68, 103, 132, 135,
       194, 42, 38, 136, 48, 178, 139, 246, 197, 98, 201, 219, 115, 196,
       108, 242, 48, 208, 205, 98, 188, 38, 231, 196, 168, 115, 169, 1,
       109, 229, 121, 103, 244, 31, 118, 184, 121, 232, 127, 105, 219,
       121, 157, 176, 150, 76, 116, 110, 196, 240, 233, 14, 111, 255, 37,
       22, 66, 247, 66, 231, 76, 245, 120, 103, 178, 10, 63, 184, 57,
       230, 127, 173, 223, 119, 139, 16, 22, 93, 221, 110, 96, 208, 233,
       110, 230, 223, 37, 132, 66, 243, 135, 113, 161, 112, 89, 69, 80,
       78, 99, 48, 96, 200, 101, 72, 83, 23, 133, 48, 16, 124, 64, 106,
       65, 180, 241, 12, 101, 168, 32, 0, 105, 179, 66, 160, 1, 0, 77,
       25, 0, 171, 97, 10, 118, 19, 98, 208, 147, 193, 192, 105, 113, 14,
       42, 28, 19, 220, 199, 16, 140, 160, 48, 64, 224, 200, 80, 160,
       180, 205, 134, 134, 221, 7, 167, 232, 92, 166, 235, 11, 66, 226,
       41, 193, 121, 204, 106, 226, 104, 243, 73, 110, 184, 38, 135, 21,
       81, 123, 46, 130, 129, 174, 207, 59, 164, 170, 105, 151, 118, 19,
       98, 240, 179, 227, 208, 105, 67, 46, 42, 28, 51, 252, 199, 51,
       204, 170, 118, 64, 184, 192, 193, 168, 98, 189, 148, 190, 153,
       237, 20, 167, 159, 31, 168, 25, 174, 242, 64, 158, 137, 115, 232,
       16, 62, 106, 218, 179, 169, 214, 85, 123, 208, 92, 143, 31, 145,
       142, 203, 127, 180, 174, 111, 183, 118, 11, 114, 84, 243, 99, 144,
       120, 51, 110, 44, 28, 185, 188, 13, 63, 232, 174, 52, 192, 232,
       192, 192, 41, 244, 188, 156, 114, 136, 237, 85, 159, 178, 191,
       173, 57, 23, 247, 74, 27, 129, 214, 109, 16, 58, 79, 218, 50, 251,
       195, 117, 125, 224, 81, 134, 42, 108, 245, 57, 110, 153, 77, 71,
       168, 51, 61, 173, 8, 242, 119, 72, 50, 217, 218, 121, 106, 75, 66,
