%YAML:1.0
---
descriptors: !!opencv-matrix
   rows: 194
   cols: 32
   dt: u
   data: [ 252, 164, 188, 112, 137, 109, 81, 143, 179, 191, 165, 25, 150,
       183, 74, 27, 129, 23, 237, 16, 58, 79, 218, 18, 203, 211, 85, 127,
       192, 64, 134, 34, 120, 176, 121, 120, 155, 237, 81, 79, 227, 21,
       172, 24, 55, 183, 64, 52, 1, 154, 64, 24, 26, 107, 242, 23, 219,
       205, 16, 123, 226, 0, 198, 106, 209, 78, 79, 101, 176, 42, 111,
       183, 116, 162, 106, 208, 243, 33, 145, 112, 19, 238, 44, 44, 169,
       188, 69, 46, 236, 174, 37, 0, 236, 242, 192, 40, 249, 184, 220,
       178, 170, 189, 88, 151, 179, 127, 180, 189, 63, 183, 194, 27, 135,
       183, 253, 20, 62, 79, 234, 49, 218, 219, 117, 249, 162, 196, 142,
       91, 120, 176, 253, 112, 56, 237, 81, 87, 163, 61, 164, 24, 51,
       151, 64, 26, 1, 150, 109, 24, 26, 111, 242, 17, 219, 201, 49, 120,
       225, 128, 198, 123, 124, 237, 241, 114, 168, 109, 71, 220, 242,
       190, 173, 24, 115, 247, 201, 58, 17, 222, 108, 90, 40, 103, 250,
       34, 251, 207, 101, 60, 226, 243, 198, 34, 252, 36, 252, 118, 137,
       109, 85, 222, 179, 183, 164, 25, 83, 247, 75, 27, 1, 214, 109, 24,
       58, 71, 218, 34, 219, 203, 117, 61, 226, 240, 198, 106, 252, 124,
       253, 118, 168, 108, 85, 154, 243, 191, 165, 24, 83, 255, 73, 59,
       129, 214, 125, 26, 56, 103, 250, 32, 219, 235, 117, 61, 225, 241,
       70, 99, 69, 49, 23, 101, 1, 78, 51, 32, 104, 192, 107, 8, 222, 49,
       0, 50, 144, 116, 104, 106, 1, 240, 177, 12, 229, 184, 0, 2, 72,
       34, 67, 34, 252, 68, 253, 118, 168, 110, 87, 188, 224, 186, 167,
       56, 87, 119, 9, 123, 135, 212, 109, 106, 104, 101, 235, 44, 243,
       235, 101, 20, 96, 241, 198, 35, 96, 213, 149, 121, 157, 77, 64,
       175, 107, 49, 40, 24, 246, 51, 76, 114, 129, 23, 104, 16, 27, 104,
       219, 23, 173, 222, 84, 126, 208, 24, 196, 42, 83, 59, 80, 165,
       114, 138, 58, 48, 41, 76, 120, 237, 143, 2, 130, 144, 182, 53,
       205, 101, 133, 152, 196, 76, 164, 244, 42, 130, 40, 134, 11, 93,
       192, 140, 157, 251, 200, 237, 49, 159, 158, 23, 32, 24, 182, 243,
       64, 91, 129, 114, 106, 24, 50, 76, 218, 51, 205, 163, 116, 120,
       144, 72, 135, 42, 69, 241, 157, 69, 181, 14, 102, 188, 122, 184,
       43, 76, 214, 113, 89, 50, 149, 68, 108, 126, 193, 240, 217, 8,
       173, 190, 101, 68, 200, 179, 195, 33, 116, 197, 93, 101, 30, 15,
       67, 184, 100, 160, 171, 8, 83, 49, 9, 112, 49, 212, 72, 106, 40,
       160, 89, 30, 249, 175, 5, 20, 113, 187, 64, 34, 193, 156, 189,
       127, 136, 237, 21, 143, 206, 115, 161, 24, 246, 116, 72, 107, 129,
       83, 104, 16, 55, 109, 251, 49, 201, 178, 85, 58, 208, 72, 129, 42,
       76, 117, 121, 103, 114, 10, 123, 56, 57, 164, 111, 169, 223, 87,
       137, 80, 22, 29, 221, 110, 64, 144, 249, 95, 231, 253, 33, 4, 98,
       179, 7, 113, 109, 101, 57, 101, 53, 30, 118, 56, 105, 232, 127,
       77, 219, 29, 159, 176, 148, 76, 124, 110, 196, 176, 225, 12, 231,
       253, 33, 6, 66, 183, 66, 71, 84, 189, 189, 114, 152, 236, 81, 206,
       178, 149, 172, 24, 23, 247, 64, 58, 133, 215, 236, 16, 26, 107,
       186, 33, 219, 199, 85, 125, 224, 65, 134, 106, 208, 184, 189, 48,
       136, 237, 81, 150, 226, 243, 162, 24, 183, 147, 64, 59, 129, 119,
       108, 16, 59, 109, 211, 49, 217, 193, 117, 120, 232, 64, 7, 42,
       120, 168, 159, 116, 140, 236, 84, 87, 178, 187, 164, 24, 55, 243,
       66, 59, 129, 230, 125, 16, 62, 79, 242, 33, 219, 235, 117, 121,
       224, 192, 222, 10, 197, 84, 29, 111, 176, 46, 87, 184, 124, 234,
       175, 68, 223, 115, 137, 121, 151, 84, 124, 106, 105, 196, 121,
       110, 229, 251, 101, 20, 136, 243, 33, 49, 101, 117, 57, 99, 241,
       78, 87, 184, 121, 236, 111, 12, 222, 113, 9, 48, 144, 92, 88, 106,
       201, 178, 249, 47, 239, 253, 5, 6, 74, 51, 198, 98, 69, 117, 153,
       103, 176, 14, 119, 188, 105, 170, 107, 76, 214, 115, 9, 18, 151,
       76, 108, 110, 65, 240, 217, 42, 231, 190, 37, 4, 72, 115, 195, 35,
       104, 48, 49, 97, 105, 221, 65, 24, 107, 49, 36, 8, 146, 23, 64,
       56, 128, 28, 72, 88, 3, 120, 243, 16, 71, 153, 17, 124, 66, 0, 70,
       162, 240, 170, 252, 112, 170, 233, 81, 87, 178, 183, 164, 57, 23,
       183, 64, 27, 7, 178, 109, 24, 58, 111, 226, 19, 217, 131, 113,
       121, 224, 200, 198, 107, 120, 186, 248, 112, 170, 169, 81, 87,
       162, 63, 164, 57, 39, 131, 66, 27, 11, 178, 237, 16, 26, 111, 194,
       49, 219, 193, 112, 121, 241, 200, 206, 43, 248, 184, 183, 114,
       169, 232, 81, 159, 179, 23, 164, 24, 47, 247, 64, 159, 39, 247,
       237, 16, 58, 79, 186, 51, 219, 243, 85, 123, 226, 196, 134, 106,
       85, 143, 95, 101, 176, 46, 71, 180, 96, 168, 170, 68, 115, 49,
       129, 115, 52, 230, 108, 110, 249, 169, 41, 46, 224, 171, 101, 20,
       104, 243, 194, 41, 121, 170, 180, 58, 233, 173, 88, 215, 187, 59,
       176, 217, 63, 255, 64, 27, 135, 183, 253, 20, 62, 79, 202, 177,
       219, 251, 117, 249, 162, 196, 130, 11, 189, 79, 78, 126, 140, 90,
       71, 188, 212, 214, 102, 148, 195, 225, 187, 231, 80, 100, 168,
       110, 108, 245, 111, 62, 226, 235, 69, 21, 114, 253, 220, 68, 213,
       102, 200, 71, 148, 62, 78, 152, 113, 174, 230, 20, 67, 98, 159,
       250, 49, 198, 108, 254, 172, 212, 237, 42, 238, 239, 165, 5, 235,
       243, 74, 4, 173, 198, 92, 99, 176, 63, 87, 184, 118, 47, 63, 124,
       211, 96, 138, 113, 23, 198, 76, 126, 190, 244, 109, 63, 238, 207,
       37, 116, 248, 251, 200, 1, 124, 185, 253, 114, 168, 77, 85, 157,
       227, 255, 165, 8, 19, 245, 75, 58, 129, 214, 124, 24, 27, 107,
       250, 32, 219, 203, 117, 61, 226, 242, 198, 123, 242, 170, 206, 80,
       203, 185, 208, 207, 171, 183, 164, 157, 35, 195, 70, 27, 105, 178,
       235, 16, 58, 111, 206, 49, 90, 129, 213, 123, 225, 72, 206, 138,
       205, 38, 156, 53, 168, 56, 92, 138, 250, 191, 163, 249, 207, 226,
       219, 219, 131, 199, 108, 28, 60, 69, 207, 34, 218, 243, 119, 61,
       160, 241, 203, 0, 230, 186, 186, 94, 232, 180, 25, 207, 170, 191,
       164, 189, 36, 231, 78, 27, 135, 119, 233, 16, 54, 79, 170, 113,
       91, 147, 125, 255, 128, 112, 135, 107, 101, 181, 149, 210, 168,
       173, 69, 143, 251, 59, 169, 88, 214, 240, 76, 60, 145, 218, 104,
       16, 59, 107, 219, 115, 185, 150, 85, 126, 208, 88, 194, 34, 140,
       237, 31, 126, 204, 205, 103, 252, 244, 130, 108, 0, 247, 241, 33,
       33, 89, 122, 98, 74, 115, 238, 218, 47, 237, 171, 103, 40, 88,
       123, 226, 162, 93, 69, 95, 103, 150, 110, 103, 184, 101, 160, 235,
       64, 83, 113, 9, 112, 48, 196, 76, 106, 41, 176, 89, 46, 251, 239,
       5, 20, 97, 243, 64, 32, 252, 68, 157, 118, 168, 108, 85, 190, 176,
       186, 166, 56, 223, 115, 9, 91, 135, 215, 108, 42, 104, 103, 203,
       32, 211, 235, 117, 29, 224, 241, 202, 35, 252, 13, 92, 246, 138,
       106, 70, 170, 160, 178, 174, 24, 119, 115, 1, 91, 33, 246, 108,
       234, 104, 197, 89, 46, 249, 227, 101, 21, 32, 113, 206, 2, 108,
       181, 17, 99, 157, 13, 84, 57, 127, 57, 43, 88, 206, 81, 72, 176,
       145, 22, 108, 48, 26, 112, 217, 23, 143, 222, 21, 118, 194, 10,
       194, 35, 24, 59, 90, 96, 82, 143, 59, 87, 33, 164, 110, 207, 9,
       135, 34, 16, 62, 189, 135, 192, 128, 154, 132, 79, 118, 133, 32,
       160, 107, 130, 39, 153, 128, 172, 157, 255, 136, 237, 21, 167,
       182, 23, 96, 24, 247, 243, 32, 89, 129, 122, 104, 16, 50, 76, 218,
       55, 201, 163, 117, 120, 176, 64, 135, 170, 101, 97, 104, 101, 116,
       11, 126, 40, 105, 160, 111, 9, 211, 9, 29, 16, 146, 76, 121, 111,
       76, 176, 201, 12, 230, 253, 1, 21, 68, 179, 90, 2, 120, 168, 255,
       114, 172, 237, 81, 214, 226, 29, 164, 24, 51, 147, 64, 59, 129,
       178, 108, 16, 26, 107, 242, 33, 219, 203, 116, 121, 224, 192, 198,
       42, 108, 229, 57, 110, 93, 79, 71, 168, 3, 52, 173, 8, 210, 119,
       9, 48, 217, 216, 81, 106, 75, 34, 251, 31, 235, 221, 5, 62, 82,
       59, 70, 98, 240, 162, 254, 112, 10, 168, 81, 87, 162, 23, 164,
