%YAML:1.0
---
descriptors: !!opencv-matrix
   rows: 303
   cols: 32
   dt: u
   data: [ 205, 124, 157, 103, 41, 110, 83, 144, 233, 250, 166, 40, 222,
       115, 73, 59, 128, 117, 124, 122, 33, 228, 251, 40, 199, 251, 69,
       18, 202, 115, 67, 51, 100, 225, 184, 115, 153, 77, 87, 141, 51,
       183, 165, 24, 214, 119, 72, 26, 153, 90, 104, 26, 122, 98, 251,
       51, 239, 157, 69, 127, 192, 82, 198, 98, 205, 120, 149, 117, 41,
       126, 113, 152, 121, 250, 39, 24, 222, 49, 65, 191, 131, 85, 108,
       122, 161, 244, 249, 104, 199, 219, 69, 6, 202, 113, 67, 51, 112,
       184, 255, 112, 138, 232, 81, 83, 162, 23, 164, 56, 55, 183, 64,
       27, 3, 178, 109, 16, 58, 79, 162, 33, 219, 195, 112, 121, 224,
       192, 198, 43, 232, 188, 190, 248, 173, 253, 80, 87, 251, 91, 180,
       24, 175, 189, 102, 123, 205, 179, 255, 24, 186, 111, 242, 147,
       219, 219, 80, 123, 210, 76, 198, 123, 248, 176, 188, 248, 45, 253,
       81, 83, 255, 123, 180, 24, 191, 159, 66, 59, 129, 179, 253, 16,
       58, 111, 242, 145, 219, 219, 80, 123, 210, 76, 71, 123, 80, 144,
       159, 244, 40, 238, 81, 19, 164, 25, 162, 16, 215, 55, 0, 123, 3,
       182, 108, 24, 25, 73, 179, 1, 217, 163, 112, 64, 160, 128, 165,
       59, 88, 48, 188, 240, 41, 77, 89, 88, 171, 125, 181, 28, 159, 159,
       66, 123, 132, 149, 253, 16, 11, 107, 242, 144, 219, 217, 112, 255,
       194, 128, 71, 115, 1, 124, 83, 77, 66, 78, 167, 16, 96, 192, 110,
       104, 242, 18, 133, 52, 50, 124, 64, 106, 65, 180, 181, 108, 37,
       172, 32, 0, 75, 179, 67, 189, 36, 225, 49, 73, 125, 75, 71, 168,
       74, 60, 45, 8, 210, 85, 205, 52, 145, 92, 64, 106, 67, 48, 249,
       21, 109, 156, 1, 118, 82, 59, 70, 226, 92, 112, 188, 228, 44, 12,
       89, 24, 171, 249, 183, 40, 223, 223, 73, 123, 134, 149, 253, 88,
       136, 65, 251, 0, 219, 249, 115, 156, 128, 163, 7, 115, 92, 81,
       188, 231, 44, 15, 123, 184, 175, 184, 183, 0, 223, 95, 25, 123,
       198, 213, 125, 239, 200, 225, 251, 136, 195, 251, 235, 148, 36,
       179, 1, 115, 245, 113, 253, 100, 108, 78, 71, 184, 96, 248, 183,
       76, 83, 117, 221, 51, 22, 212, 116, 106, 201, 99, 249, 40, 119,
       169, 101, 52, 105, 243, 66, 113, 117, 85, 125, 102, 160, 78, 71,
       188, 96, 232, 191, 72, 115, 119, 137, 115, 54, 212, 124, 106, 201,
       161, 249, 44, 241, 169, 101, 20, 104, 243, 198, 49, 252, 112, 185,
       99, 40, 110, 83, 152, 114, 186, 165, 24, 215, 215, 73, 58, 145,
       220, 124, 122, 43, 101, 249, 34, 203, 207, 37, 52, 224, 243, 70,
       51, 77, 135, 28, 107, 176, 63, 86, 189, 86, 43, 63, 124, 215, 96,
       138, 244, 151, 70, 76, 62, 191, 176, 73, 63, 174, 255, 37, 84,
       122, 218, 200, 5, 77, 237, 117, 103, 181, 30, 118, 168, 121, 160,
       107, 8, 207, 121, 29, 176, 179, 69, 124, 110, 228, 240, 201, 46,
       174, 254, 5, 6, 66, 247, 67, 6, 252, 172, 253, 118, 168, 106, 69,
       191, 178, 182, 164, 24, 83, 119, 72, 27, 1, 214, 108, 42, 56, 79,
       251, 40, 249, 203, 117, 60, 226, 240, 198, 106, 224, 160, 236, 90,
       232, 233, 241, 207, 170, 55, 164, 153, 35, 195, 78, 27, 9, 130,
       235, 16, 58, 111, 194, 49, 94, 129, 80, 121, 193, 200, 206, 234,
       117, 167, 76, 67, 180, 58, 110, 169, 105, 191, 191, 157, 67, 104,
       222, 51, 49, 198, 108, 126, 188, 224, 237, 14, 62, 47, 101, 213,
       237, 227, 218, 68, 221, 38, 144, 183, 169, 60, 92, 154, 123, 187,
       163, 92, 207, 226, 201, 219, 149, 207, 108, 30, 188, 69, 203, 34,
       154, 255, 119, 246, 138, 241, 139, 5, 120, 184, 253, 114, 168,
       253, 81, 215, 163, 127, 164, 24, 63, 247, 66, 59, 135, 178, 108,
       16, 26, 111, 242, 49, 219, 203, 116, 121, 224, 192, 198, 123, 224,
       188, 156, 218, 204, 237, 69, 143, 222, 59, 160, 24, 246, 243, 72,
       123, 129, 82, 106, 24, 51, 109, 218, 115, 205, 146, 85, 124, 216,
       88, 199, 42, 117, 69, 125, 103, 168, 74, 71, 184, 96, 160, 171, 8,
       215, 115, 9, 115, 50, 212, 124, 106, 105, 161, 121, 44, 241, 235,
       101, 20, 96, 179, 66, 32, 200, 158, 156, 123, 168, 169, 21, 159,
       190, 31, 36, 117, 166, 35, 66, 91, 135, 50, 236, 16, 50, 76, 195,
       51, 206, 179, 116, 123, 208, 64, 141, 11, 64, 168, 153, 255, 136,
       236, 21, 135, 186, 23, 96, 24, 182, 243, 64, 90, 129, 122, 104,
       24, 18, 76, 218, 51, 205, 167, 84, 120, 144, 88, 135, 170, 53,
       197, 81, 103, 20, 79, 71, 184, 118, 160, 171, 8, 83, 81, 25, 112,
       49, 212, 72, 106, 104, 176, 89, 30, 249, 142, 5, 20, 113, 187, 64,
       32, 100, 97, 59, 102, 85, 198, 231, 232, 248, 128, 235, 8, 80,
       215, 41, 48, 248, 253, 82, 235, 73, 243, 184, 110, 49, 172, 135,
       12, 65, 51, 102, 162, 244, 184, 189, 126, 137, 252, 85, 140, 179,
       219, 165, 24, 119, 247, 77, 123, 129, 247, 253, 18, 59, 71, 186,
       49, 219, 251, 85, 63, 160, 113, 198, 50, 232, 254, 156, 126, 168,
       169, 20, 167, 155, 191, 180, 61, 230, 233, 66, 27, 135, 118, 236,
       0, 60, 111, 202, 59, 234, 247, 117, 59, 200, 120, 202, 11, 116,
       164, 253, 112, 155, 121, 81, 203, 242, 181, 164, 24, 83, 252, 70,
       59, 137, 215, 236, 16, 62, 107, 250, 16, 219, 203, 85, 127, 225,
       96, 198, 98, 101, 117, 25, 101, 85, 79, 103, 56, 124, 224, 107,
       12, 214, 17, 9, 48, 144, 76, 80, 106, 193, 176, 89, 12, 229, 156,
       1, 22, 72, 59, 67, 162, 248, 186, 247, 118, 171, 249, 85, 215,
       179, 183, 164, 56, 46, 247, 64, 159, 39, 246, 236, 24, 58, 79,
       170, 99, 219, 219, 85, 123, 226, 192, 134, 99, 45, 113, 17, 97,
       49, 95, 82, 8, 105, 224, 45, 8, 218, 22, 69, 48, 144, 20, 64, 122,
       9, 176, 241, 12, 231, 221, 1, 54, 74, 35, 66, 38, 77, 116, 156,
       103, 161, 94, 119, 184, 121, 234, 47, 8, 222, 113, 73, 186, 145,
       84, 104, 106, 101, 240, 249, 106, 175, 255, 69, 6, 202, 115, 75,
       23, 248, 190, 254, 114, 168, 173, 85, 223, 178, 31, 164, 25, 55,
       243, 74, 27, 33, 242, 109, 24, 122, 111, 154, 35, 219, 203, 117,
       121, 224, 208, 198, 107, 69, 113, 145, 71, 65, 92, 54, 0, 104,
       200, 35, 8, 222, 18, 77, 62, 144, 85, 96, 106, 65, 112, 251, 64,
       5, 184, 69, 14, 74, 115, 75, 166, 77, 85, 20, 101, 49, 30, 102,
       56, 125, 168, 111, 68, 222, 51, 9, 244, 212, 85, 60, 106, 193,
       144, 121, 78, 167, 255, 3, 6, 10, 51, 9, 1, 100, 115, 57, 71, 48,
       15, 71, 184, 105, 172, 47, 72, 211, 81, 9, 52, 144, 84, 68, 106,
       72, 240, 249, 12, 103, 152, 37, 52, 66, 179, 70, 33, 108, 103,
       209, 71, 176, 74, 71, 168, 33, 164, 47, 136, 211, 103, 201, 86,
       16, 212, 108, 106, 72, 208, 233, 8, 239, 172, 37, 52, 226, 243,
       70, 96, 205, 213, 149, 86, 137, 22, 86, 188, 251, 178, 39, 72,
       254, 115, 73, 255, 149, 84, 120, 106, 97, 69, 155, 47, 171, 251,
       69, 30, 138, 115, 139, 34, 240, 140, 253, 244, 138, 96, 85, 191,
       178, 183, 166, 184, 87, 167, 64, 91, 65, 246, 109, 136, 56, 79,
       235, 34, 217, 227, 245, 28, 160, 224, 134, 122, 25, 140, 194, 191,
       149, 171, 102, 175, 118, 3, 106, 144, 243, 227, 32, 192, 115, 106,
       34, 12, 122, 220, 77, 63, 172, 199, 215, 64, 178, 208, 233, 136,
       36, 237, 150, 158, 153, 197, 134, 238, 158, 132, 232, 9, 230, 242,
       33, 148, 217, 106, 234, 66, 106, 107, 26, 63, 185, 22, 15, 59, 80,
       122, 174, 142, 29, 143, 210, 111, 144, 186, 103, 183, 118, 131,
       110, 128, 243, 99, 176, 240, 115, 238, 12, 110, 120, 152, 13, 46,
       238, 239, 39, 0, 166, 243, 232, 40, 237, 107, 180, 103, 37, 30,
       102, 184, 105, 170, 183, 76, 203, 97, 219, 183, 148, 100, 236,
       110, 236, 244, 237, 168, 166, 251, 101, 148, 74, 183, 74, 5, 197,
       112, 157, 101, 32, 110, 55, 24, 104, 234, 39, 108, 214, 53, 201,
       59, 148, 84, 108, 106, 161, 244, 241, 8, 197, 185, 101, 38, 200,
       243, 3, 49, 236, 52, 189, 99, 173, 111, 115, 136, 123, 179, 39,
       24, 214, 117, 73, 59, 145, 84, 104, 114, 49, 116, 249, 34, 207,
       219, 69, 119, 194, 107, 71, 35, 69, 71, 21, 69, 48, 10, 110, 56,
       108, 168, 107, 96, 215, 35, 137, 80, 18, 68, 108, 110, 65, 144,
