%YAML:1.0
---
descriptors: !!opencv-matrix
   rows: 216
   cols: 32
   dt: u
   data: [ 77, 117, 17, 69, 117, 94, 102, 184, 121, 232, 106, 72, 222,
       17, 5, 180, 144, 92, 80, 106, 193, 176, 249, 78, 37, 188, 5, 6,
       74, 51, 75, 177, 249, 188, 222, 48, 234, 188, 89, 247, 179, 95,
       180, 185, 31, 167, 66, 27, 167, 179, 253, 20, 190, 79, 162, 51,
       219, 203, 117, 249, 162, 196, 138, 91, 124, 48, 185, 98, 173, 109,
       81, 152, 75, 255, 189, 24, 223, 95, 73, 58, 147, 144, 253, 24, 27,
       99, 251, 16, 219, 223, 81, 127, 210, 75, 70, 99, 248, 184, 253,
       114, 168, 221, 85, 157, 227, 127, 164, 24, 51, 247, 74, 59, 5,
       214, 108, 24, 123, 111, 250, 49, 219, 235, 117, 125, 226, 128,
       198, 123, 237, 149, 85, 78, 185, 93, 70, 189, 105, 120, 173, 108,
       250, 115, 141, 247, 148, 86, 236, 106, 201, 32, 251, 61, 39, 248,
       69, 62, 90, 243, 202, 61, 93, 69, 93, 101, 150, 78, 71, 184, 101,
       160, 171, 0, 83, 113, 9, 112, 50, 212, 124, 106, 105, 176, 89, 14,
       247, 239, 37, 20, 96, 243, 64, 34, 252, 204, 60, 118, 168, 110,
       85, 190, 160, 186, 166, 56, 119, 119, 1, 123, 135, 247, 109, 42,
       104, 69, 203, 46, 211, 235, 117, 20, 96, 241, 198, 43, 37, 245,
       149, 95, 149, 79, 70, 172, 90, 242, 107, 8, 118, 240, 72, 164,
       145, 110, 48, 106, 97, 240, 187, 63, 41, 190, 69, 54, 200, 123,
       192, 38, 224, 213, 21, 123, 157, 77, 84, 175, 127, 57, 32, 88,
       150, 51, 76, 247, 145, 22, 104, 0, 123, 108, 219, 23, 175, 218,
       21, 126, 80, 72, 196, 42, 192, 140, 157, 255, 136, 236, 21, 143,
       182, 23, 96, 16, 247, 243, 64, 91, 129, 122, 40, 8, 50, 76, 218,
       51, 205, 163, 117, 56, 144, 80, 135, 170, 67, 123, 148, 5, 34, 14,
       46, 49, 40, 224, 74, 237, 157, 6, 131, 210, 166, 61, 124, 101,
       133, 152, 213, 76, 164, 52, 42, 130, 12, 38, 139, 117, 124, 165,
       157, 126, 217, 116, 81, 191, 179, 149, 173, 24, 107, 247, 74, 254,
       129, 246, 237, 24, 58, 75, 186, 51, 219, 247, 85, 127, 178, 224,
       142, 114, 69, 113, 25, 69, 17, 78, 119, 56, 104, 224, 111, 12,
       214, 19, 9, 112, 176, 92, 120, 106, 65, 240, 241, 76, 101, 189, 1,
       4, 72, 51, 67, 34, 192, 183, 181, 67, 155, 105, 21, 175, 122, 55,
       46, 56, 198, 53, 72, 39, 151, 22, 232, 48, 50, 124, 233, 23, 237,
       150, 85, 119, 194, 64, 135, 107, 240, 170, 252, 112, 138, 233, 81,
       71, 163, 55, 164, 24, 39, 167, 64, 27, 1, 178, 237, 16, 58, 111,
       162, 1, 219, 195, 116, 121, 224, 192, 198, 106, 65, 81, 25, 101,
       32, 78, 51, 48, 40, 168, 99, 68, 214, 19, 8, 114, 148, 21, 120,
       106, 65, 144, 209, 12, 229, 184, 34, 6, 8, 50, 3, 51, 76, 101,
       120, 101, 114, 10, 127, 56, 57, 164, 111, 136, 223, 7, 203, 16,
       22, 93, 253, 110, 64, 208, 233, 78, 231, 253, 33, 132, 98, 179, 7,
       97, 84, 189, 191, 114, 154, 201, 85, 231, 178, 149, 172, 24, 55,
       247, 64, 26, 161, 243, 236, 16, 58, 75, 186, 51, 251, 199, 53,
       125, 224, 64, 166, 106, 129, 120, 115, 77, 80, 78, 99, 48, 96,
       192, 110, 72, 242, 19, 133, 52, 16, 124, 64, 106, 65, 176, 49, 12,
       101, 168, 32, 0, 107, 179, 70, 188, 229, 67, 84, 71, 100, 26, 110,
       188, 121, 170, 115, 76, 195, 96, 157, 247, 18, 68, 100, 110, 224,
       244, 205, 42, 36, 186, 101, 4, 66, 179, 74, 37, 132, 205, 204, 31,
       144, 11, 102, 172, 118, 162, 106, 192, 243, 225, 128, 81, 121,
       238, 42, 110, 96, 208, 207, 47, 236, 167, 101, 4, 100, 251, 208,
       136, 196, 164, 207, 155, 200, 169, 37, 175, 246, 147, 163, 216,
       211, 224, 216, 91, 105, 226, 106, 152, 51, 109, 207, 115, 204, 2,
       215, 92, 128, 120, 129, 160, 244, 37, 189, 114, 136, 109, 69, 159,
       242, 183, 169, 24, 211, 247, 73, 59, 1, 214, 108, 26, 59, 103,
       251, 34, 249, 203, 117, 124, 224, 241, 198, 96, 108, 229, 57, 110,
       153, 77, 71, 168, 3, 88, 173, 8, 242, 115, 8, 16, 217, 66, 81,
       106, 75, 66, 251, 55, 231, 255, 5, 62, 82, 115, 198, 98, 77, 116,
       157, 103, 129, 110, 119, 140, 121, 234, 47, 8, 222, 113, 73, 58,
       177, 94, 104, 58, 33, 240, 185, 42, 239, 223, 69, 38, 202, 115,
       195, 35, 77, 144, 157, 119, 201, 110, 117, 168, 123, 250, 39, 16,
       222, 115, 9, 123, 145, 85, 120, 106, 33, 240, 251, 64, 207, 251,
       71, 6, 200, 115, 131, 51, 69, 245, 157, 99, 180, 79, 87, 184, 106,
       248, 47, 8, 214, 113, 73, 58, 145, 84, 104, 122, 81, 112, 249, 18,
       237, 159, 5, 116, 192, 123, 215, 34, 208, 152, 157, 252, 10, 64,
       69, 183, 162, 19, 166, 88, 119, 247, 0, 123, 103, 246, 125, 136,
       121, 77, 179, 33, 219, 227, 112, 88, 32, 160, 134, 56, 248, 42,
       247, 114, 138, 232, 65, 82, 163, 151, 165, 152, 23, 231, 64, 91,
       35, 246, 109, 152, 58, 79, 162, 0, 211, 195, 112, 56, 226, 192,
       38, 98, 248, 254, 252, 122, 172, 169, 85, 255, 151, 55, 164, 57,
       163, 249, 98, 27, 201, 242, 236, 16, 58, 111, 74, 55, 251, 211,
       117, 121, 211, 216, 206, 10, 93, 85, 20, 229, 48, 30, 71, 56, 101,
       160, 239, 68, 223, 83, 9, 116, 212, 212, 124, 106, 73, 144, 89,
       14, 227, 255, 5, 20, 42, 179, 0, 33, 248, 188, 246, 118, 171, 249,
       85, 215, 179, 31, 164, 56, 47, 247, 64, 158, 39, 254, 237, 24, 58,
       79, 170, 99, 219, 211, 85, 59, 226, 212, 134, 107, 5, 117, 16, 69,
       117, 31, 230, 184, 125, 232, 122, 76, 222, 56, 21, 180, 144, 76,
       84, 106, 229, 176, 89, 14, 39, 190, 37, 6, 74, 59, 75, 165, 37,
       117, 17, 69, 117, 31, 102, 184, 105, 232, 42, 76, 214, 80, 93,
       180, 144, 76, 82, 106, 197, 240, 217, 14, 47, 156, 5, 54, 74, 59,
       75, 132, 37, 241, 49, 67, 213, 79, 227, 136, 106, 240, 43, 8, 214,
       80, 77, 180, 145, 92, 64, 122, 65, 112, 249, 20, 45, 156, 5, 118,
       200, 59, 66, 166, 21, 149, 25, 103, 176, 78, 79, 188, 116, 234,
       127, 68, 247, 119, 136, 112, 23, 86, 60, 110, 233, 144, 121, 47,
       233, 239, 37, 132, 40, 242, 160, 49, 253, 121, 253, 102, 40, 78,
       87, 184, 97, 234, 167, 8, 83, 87, 201, 59, 20, 212, 124, 106, 233,
       103, 251, 32, 243, 233, 101, 60, 99, 179, 70, 115, 248, 174, 182,
       48, 169, 172, 88, 215, 179, 59, 160, 89, 63, 255, 64, 27, 167,
       183, 125, 140, 62, 79, 130, 179, 219, 251, 117, 249, 162, 196,
       130, 11, 124, 48, 185, 98, 141, 109, 83, 152, 67, 255, 173, 24,
       223, 93, 73, 58, 153, 212, 124, 58, 27, 103, 251, 16, 219, 221, 1,
       125, 194, 235, 70, 114, 109, 143, 92, 107, 176, 63, 87, 191, 119,
       61, 62, 124, 211, 96, 154, 113, 23, 198, 76, 60, 190, 56, 109, 63,
       238, 223, 37, 116, 248, 218, 200, 1, 242, 168, 204, 80, 202, 185,
       145, 199, 162, 53, 164, 155, 34, 175, 70, 27, 233, 178, 235, 144,
       26, 79, 194, 49, 91, 131, 212, 123, 225, 72, 206, 218, 114, 186,
       190, 92, 234, 225, 25, 207, 170, 191, 164, 189, 36, 230, 70, 27,
       135, 119, 109, 16, 18, 79, 170, 81, 91, 146, 125, 255, 128, 96,
       135, 75, 100, 176, 157, 82, 232, 173, 5, 143, 250, 59, 161, 88,
       150, 240, 76, 58, 129, 90, 106, 16, 59, 107, 250, 115, 157, 150,
       85, 126, 208, 73, 199, 34, 252, 12, 157, 246, 168, 44, 92, 186,
       160, 186, 166, 56, 223, 119, 1, 91, 135, 247, 109, 10, 104, 71,
       203, 32, 211, 235, 117, 29, 224, 241, 15, 43, 116, 34, 149, 114,
       168, 44, 84, 154, 187, 187, 163, 120, 143, 243, 73, 159, 135, 215,
       108, 18, 58, 71, 202, 32, 153, 210, 117, 62, 192, 113, 130, 33,
       216, 205, 30, 246, 136, 106, 84, 183, 180, 178, 166, 24, 247, 115,
       1, 91, 33, 246, 108, 162, 120, 205, 25, 46, 249, 227, 229, 17, 32,
       112, 174, 10, 116, 165, 253, 126, 185, 240, 81, 171, 179, 189,
       173, 56, 115, 247, 204, 122, 129, 247, 237, 16, 62, 75, 170, 51,
       219, 247, 117, 251, 176, 97, 198, 115, 101, 97, 120, 103, 52, 31,
       126, 40, 105, 160, 107, 9, 211, 105, 29, 48, 146, 68, 85, 111,
       196, 176, 201, 14, 102, 253, 37, 5, 68, 187, 90, 2, 92, 101, 120,
       101, 115, 91, 127, 56, 57, 160, 127, 136, 219, 83, 137, 176, 50,
