%YAML:1.0
---
descriptors: !!opencv-matrix
   rows: 164
   cols: 32
   dt: u
   data: [ 206, 172, 246, 255, 236, 171, 236, 223, 255, 179, 242, 26,
       237, 235, 117, 75, 235, 239, 127, 145, 178, 127, 203, 243, 158,
       251, 223, 232, 151, 248, 243, 137, 216, 176, 189, 240, 41, 237,
       89, 91, 187, 59, 180, 24, 191, 191, 64, 59, 133, 149, 253, 16, 59,
       79, 242, 17, 219, 219, 113, 127, 194, 0, 7, 59, 252, 40, 220, 118,
       141, 61, 84, 222, 179, 191, 180, 25, 3, 233, 75, 27, 137, 214,
       237, 16, 42, 111, 202, 34, 219, 219, 85, 61, 227, 249, 206, 10,
       237, 112, 189, 99, 109, 111, 83, 152, 91, 250, 53, 24, 223, 29,
       89, 59, 153, 84, 124, 122, 169, 118, 251, 2, 207, 219, 101, 52,
       202, 251, 70, 115, 246, 229, 214, 159, 252, 43, 238, 236, 63, 178,
       251, 26, 206, 234, 61, 81, 123, 239, 127, 227, 120, 247, 203, 255,
       188, 190, 207, 148, 245, 123, 227, 128, 246, 237, 214, 159, 252,
       43, 238, 238, 63, 178, 251, 26, 239, 234, 61, 83, 123, 239, 127,
       227, 120, 247, 203, 255, 188, 254, 207, 148, 229, 123, 243, 128,
       221, 92, 63, 247, 40, 14, 95, 188, 52, 234, 247, 32, 247, 87, 137,
       115, 54, 244, 125, 106, 233, 212, 105, 47, 231, 235, 103, 148, 32,
       179, 65, 113, 232, 188, 189, 122, 169, 253, 21, 175, 155, 127,
       172, 24, 190, 253, 66, 59, 129, 115, 249, 16, 50, 110, 250, 51,
       235, 211, 85, 123, 210, 88, 198, 123, 204, 52, 189, 113, 161, 110,
       49, 27, 59, 255, 39, 24, 222, 119, 72, 59, 151, 23, 125, 48, 179,
       84, 249, 66, 207, 219, 117, 118, 194, 96, 135, 115, 220, 20, 189,
       119, 32, 110, 121, 24, 185, 250, 183, 116, 223, 119, 193, 123,
       183, 85, 125, 42, 161, 212, 249, 106, 199, 251, 99, 144, 128, 241,
       7, 115, 116, 184, 252, 112, 136, 237, 81, 222, 162, 183, 164, 25,
       23, 247, 66, 26, 1, 214, 109, 24, 26, 75, 250, 48, 219, 195, 117,
       125, 224, 192, 198, 98, 41, 185, 177, 83, 221, 221, 245, 159, 123,
       117, 44, 28, 190, 61, 86, 180, 129, 74, 208, 92, 215, 120, 251,
       177, 111, 221, 21, 126, 202, 20, 199, 254, 248, 190, 222, 122,
       138, 233, 81, 215, 179, 23, 164, 185, 55, 231, 66, 27, 35, 179,
       237, 16, 58, 79, 130, 51, 219, 195, 116, 121, 224, 192, 166, 123,
       252, 174, 220, 118, 168, 173, 85, 223, 178, 191, 164, 29, 55, 227,
       74, 27, 141, 230, 109, 16, 58, 79, 202, 51, 219, 195, 117, 61,
       232, 208, 202, 11, 45, 117, 177, 71, 221, 127, 198, 172, 95, 234,
       45, 8, 214, 120, 29, 164, 145, 76, 82, 106, 101, 112, 121, 62, 47,
       222, 5, 54, 218, 123, 210, 166, 77, 117, 149, 71, 229, 127, 119,
       184, 121, 234, 111, 12, 222, 112, 77, 183, 145, 68, 120, 106, 229,
       240, 217, 42, 167, 222, 69, 6, 202, 115, 75, 38, 85, 87, 29, 103,
       48, 14, 71, 56, 96, 168, 235, 76, 215, 51, 129, 115, 52, 196, 108,
       110, 233, 176, 217, 12, 224, 171, 97, 20, 104, 179, 66, 33, 85,
       71, 93, 101, 48, 14, 71, 184, 100, 136, 122, 68, 243, 97, 145,
       112, 20, 68, 108, 110, 233, 176, 205, 15, 224, 174, 37, 132, 104,
       178, 66, 33, 237, 125, 29, 103, 164, 14, 71, 184, 96, 234, 46, 76,
       215, 113, 153, 51, 16, 68, 124, 110, 201, 240, 249, 40, 225, 169,
       101, 20, 72, 243, 66, 32, 248, 174, 222, 58, 170, 169, 81, 215,
       179, 31, 164, 185, 55, 231, 66, 27, 167, 179, 237, 144, 58, 79,
       138, 51, 218, 195, 117, 121, 240, 192, 174, 11, 252, 50, 255, 96,
       42, 107, 65, 80, 176, 190, 164, 56, 19, 151, 193, 59, 39, 180, 68,
       56, 40, 103, 160, 0, 219, 203, 113, 60, 225, 160, 70, 99, 112,
       170, 254, 112, 138, 233, 81, 87, 162, 183, 164, 56, 51, 151, 64,
       26, 33, 178, 109, 16, 26, 79, 162, 17, 219, 193, 112, 121, 224,
       192, 198, 42, 69, 117, 17, 69, 85, 14, 102, 56, 104, 168, 107, 76,
       214, 49, 29, 52, 144, 68, 104, 110, 193, 176, 217, 14, 37, 188, 1,
       4, 72, 179, 66, 32, 200, 188, 189, 251, 173, 237, 85, 159, 223,
       127, 36, 24, 190, 63, 74, 59, 129, 83, 253, 16, 51, 108, 251, 51,
       239, 219, 85, 127, 210, 88, 199, 123, 194, 172, 254, 191, 238,
       169, 252, 223, 191, 179, 242, 18, 173, 234, 116, 75, 235, 239,
       127, 145, 178, 125, 203, 243, 156, 250, 223, 232, 213, 248, 241,
       137, 252, 190, 220, 118, 169, 104, 85, 191, 179, 191, 167, 57, 67,
       119, 74, 27, 1, 214, 237, 0, 56, 79, 203, 35, 219, 251, 117, 125,
       226, 224, 198, 115, 244, 168, 252, 118, 137, 105, 85, 207, 147,
       191, 164, 25, 34, 233, 79, 27, 137, 246, 237, 16, 26, 111, 202,
       32, 219, 219, 85, 63, 225, 248, 206, 10, 248, 188, 182, 248, 173,
       253, 80, 87, 255, 27, 164, 24, 190, 187, 68, 59, 137, 179, 253,
       16, 62, 111, 242, 147, 219, 219, 80, 123, 210, 72, 198, 11, 221,
       213, 121, 231, 180, 14, 79, 184, 116, 170, 255, 96, 215, 119, 128,
       112, 55, 212, 28, 106, 249, 176, 105, 62, 233, 239, 37, 148, 32,
       163, 192, 33, 253, 113, 125, 103, 164, 78, 111, 184, 97, 232, 191,
       72, 211, 117, 201, 51, 20, 244, 124, 106, 233, 240, 249, 40, 231,
       249, 101, 16, 98, 243, 66, 113, 237, 112, 189, 99, 44, 79, 87,
       152, 123, 250, 53, 24, 215, 85, 89, 59, 149, 212, 124, 122, 169,
       116, 249, 2, 199, 219, 101, 52, 194, 251, 70, 115, 236, 180, 189,
       99, 173, 125, 83, 152, 95, 123, 37, 24, 223, 125, 72, 59, 153, 16,
       255, 58, 59, 100, 251, 146, 207, 223, 65, 127, 210, 75, 86, 115,
       232, 188, 180, 248, 173, 253, 84, 95, 255, 59, 180, 24, 174, 185,
       68, 59, 201, 179, 127, 16, 186, 111, 242, 147, 219, 219, 87, 122,
       210, 76, 210, 11, 182, 236, 246, 255, 252, 43, 238, 252, 127, 170,
       251, 26, 239, 235, 29, 73, 123, 207, 127, 227, 248, 247, 203, 255,
       190, 254, 207, 180, 199, 251, 243, 128, 69, 231, 16, 35, 188, 15,
       102, 184, 122, 184, 43, 76, 214, 96, 217, 144, 149, 76, 108, 126,
       199, 112, 217, 55, 172, 220, 37, 116, 72, 51, 75, 5, 120, 176,
       188, 240, 41, 221, 81, 24, 171, 59, 180, 24, 191, 159, 64, 59,
       133, 149, 253, 16, 42, 111, 242, 145, 219, 219, 113, 123, 194, 0,
       71, 59, 220, 253, 188, 247, 188, 47, 95, 184, 251, 186, 191, 24,
       223, 255, 73, 27, 151, 215, 253, 122, 248, 99, 219, 190, 251, 255,
       103, 180, 226, 243, 194, 51, 93, 65, 156, 167, 172, 15, 125, 184,
       174, 184, 159, 0, 223, 123, 25, 75, 230, 197, 125, 107, 72, 225,
       203, 8, 201, 251, 111, 148, 164, 179, 1, 1, 77, 117, 180, 71, 177,
       62, 102, 184, 121, 170, 111, 76, 222, 112, 13, 183, 145, 68, 104,
       110, 229, 240, 249, 42, 39, 255, 69, 6, 202, 115, 75, 5, 156, 236,
       214, 183, 191, 43, 238, 238, 191, 178, 251, 18, 207, 234, 93, 75,
       123, 231, 127, 179, 120, 245, 203, 254, 188, 255, 255, 212, 231,
       125, 241, 128, 220, 237, 220, 183, 172, 58, 126, 191, 191, 179,
       155, 16, 255, 235, 89, 75, 247, 87, 125, 243, 120, 197, 203, 186,
       254, 255, 239, 148, 164, 251, 129, 1, 229, 221, 29, 103, 180, 14,
       71, 188, 96, 226, 46, 76, 211, 113, 153, 51, 16, 198, 108, 110,
       233, 176, 249, 46, 225, 171, 101, 16, 104, 243, 194, 33, 220, 253,
       156, 255, 172, 46, 94, 188, 191, 186, 191, 56, 255, 255, 73, 91,
       247, 215, 125, 106, 120, 69, 203, 175, 250, 255, 103, 181, 160,
       243, 131, 3, 252, 253, 182, 254, 157, 239, 86, 236, 247, 178, 169,
       24, 235, 249, 125, 19, 217, 254, 127, 82, 250, 231, 218, 191, 187,
       223, 197, 126, 210, 123, 242, 130, 216, 201, 30, 100, 168, 14, 77,
       180, 224, 144, 166, 8, 247, 115, 0, 115, 34, 244, 108, 106, 104,
       105, 131, 45, 241, 235, 101, 24, 96, 176, 131, 40, 104, 253, 144,
       58, 217, 221, 22, 174, 139, 29, 168, 9, 174, 251, 64, 144, 129,
       115, 233, 64, 78, 42, 218, 49, 235, 213, 21, 59, 82, 95, 142, 10,
       173, 116, 184, 3, 213, 63, 226, 152, 91, 250, 47, 76, 214, 120,
       95, 170, 145, 76, 114, 127, 181, 116, 249, 18, 111, 95, 5, 116,
       202, 127, 90, 214, 125, 221, 93, 101, 180, 46, 71, 183, 96, 234,
       174, 76, 243, 113, 144, 115, 16, 198, 108, 110, 233, 176, 253, 46,
