%YAML:1.0
---
descriptors: !!opencv-matrix
   rows: 366
   cols: 32
   dt: u
   data: [ 102, 244, 212, 215, 221, 111, 254, 232, 63, 226, 251, 11, 204,
       126, 29, 64, 251, 221, 255, 227, 32, 243, 217, 255, 191, 190, 143,
       22, 181, 127, 115, 210, 220, 4, 253, 247, 44, 46, 91, 152, 244,
       186, 183, 80, 255, 99, 153, 123, 119, 197, 125, 106, 169, 197,
       235, 34, 210, 251, 115, 148, 164, 251, 65, 33, 201, 184, 189, 115,
       169, 189, 117, 159, 251, 187, 180, 88, 190, 191, 68, 59, 133, 87,
       253, 24, 179, 109, 251, 241, 207, 219, 119, 122, 194, 65, 195,
       123, 166, 188, 214, 191, 254, 43, 252, 203, 191, 187, 243, 50,
       236, 254, 44, 90, 255, 255, 127, 19, 50, 223, 139, 255, 156, 58,
       223, 246, 149, 121, 243, 131, 178, 172, 214, 223, 236, 43, 252,
       239, 127, 179, 250, 18, 236, 234, 36, 89, 251, 239, 127, 48, 48,
       255, 203, 255, 156, 186, 223, 246, 149, 248, 243, 137, 146, 173,
       254, 191, 254, 43, 254, 255, 191, 178, 250, 154, 255, 239, 112,
       82, 127, 239, 127, 162, 250, 251, 207, 255, 254, 255, 255, 220, 5,
       248, 243, 136, 108, 176, 188, 99, 141, 127, 81, 153, 71, 61, 165,
       24, 222, 29, 74, 58, 153, 20, 235, 24, 26, 98, 249, 16, 207, 219,
       1, 125, 210, 11, 198, 98, 108, 112, 189, 99, 169, 111, 83, 152,
       35, 254, 165, 24, 215, 85, 75, 58, 145, 212, 109, 122, 8, 118,
       249, 16, 207, 219, 101, 117, 194, 251, 70, 115, 85, 213, 61, 231,
       184, 78, 79, 184, 36, 234, 159, 96, 215, 119, 137, 114, 23, 212,
       125, 106, 233, 145, 121, 46, 233, 239, 37, 148, 32, 243, 128, 113,
       236, 113, 189, 103, 40, 78, 87, 184, 33, 238, 183, 8, 211, 119,
       73, 59, 148, 212, 124, 106, 73, 244, 249, 8, 231, 249, 101, 52,
       64, 243, 70, 115, 236, 112, 185, 103, 37, 111, 87, 24, 107, 238,
       55, 8, 215, 85, 73, 58, 145, 84, 124, 122, 137, 116, 249, 0, 207,
       217, 101, 52, 194, 251, 70, 114, 84, 85, 125, 231, 176, 78, 79,
       184, 32, 234, 255, 108, 215, 119, 137, 112, 22, 212, 125, 106,
       105, 144, 249, 46, 231, 239, 37, 148, 40, 179, 70, 113, 205, 113,
       189, 103, 36, 94, 71, 184, 105, 234, 39, 72, 222, 85, 25, 59, 144,
       84, 124, 106, 225, 244, 249, 8, 231, 251, 101, 20, 74, 179, 67,
       113, 65, 38, 148, 85, 172, 62, 228, 31, 254, 27, 114, 84, 210, 96,
       148, 207, 33, 102, 110, 12, 177, 248, 143, 70, 12, 58, 117, 4,
       202, 228, 219, 5, 221, 252, 189, 246, 168, 78, 85, 188, 186, 250,
       163, 92, 215, 119, 73, 123, 133, 87, 125, 10, 105, 69, 219, 34,
       249, 235, 119, 52, 128, 113, 131, 35, 213, 78, 157, 119, 164, 46,
       103, 184, 124, 186, 34, 80, 215, 115, 129, 123, 129, 68, 108, 110,
       233, 229, 217, 46, 161, 170, 101, 20, 200, 241, 3, 49, 108, 117,
       181, 103, 137, 110, 71, 157, 123, 243, 39, 24, 214, 113, 73, 63,
       145, 86, 120, 58, 113, 100, 251, 34, 237, 255, 69, 52, 194, 115,
       198, 98, 236, 253, 61, 103, 153, 79, 71, 172, 58, 234, 174, 8,
       215, 117, 73, 50, 145, 94, 120, 106, 105, 112, 249, 62, 237, 251,
       69, 52, 192, 115, 198, 98, 108, 109, 57, 103, 157, 79, 71, 168,
       116, 194, 239, 8, 215, 119, 9, 48, 216, 92, 88, 106, 105, 176,
       249, 46, 229, 251, 69, 20, 64, 123, 86, 242, 104, 180, 189, 112,
       153, 233, 81, 71, 251, 53, 44, 24, 54, 183, 64, 62, 129, 62, 104,
       24, 18, 73, 242, 17, 217, 223, 16, 123, 194, 64, 198, 107, 100,
       69, 57, 111, 156, 79, 71, 184, 119, 162, 175, 8, 211, 117, 11, 48,
       88, 212, 120, 106, 104, 242, 249, 30, 231, 191, 5, 53, 66, 251,
       86, 34, 60, 229, 240, 226, 221, 79, 87, 232, 19, 164, 173, 10, 75,
       121, 79, 48, 217, 220, 226, 114, 108, 99, 251, 158, 251, 223, 5,
       127, 243, 127, 198, 226, 120, 224, 57, 104, 13, 77, 81, 216, 66,
       180, 165, 8, 23, 85, 72, 48, 25, 152, 64, 56, 10, 98, 250, 21,
       203, 193, 1, 125, 114, 138, 70, 162, 249, 188, 247, 112, 171, 253,
       81, 215, 243, 123, 180, 56, 59, 189, 198, 63, 171, 178, 252, 16,
       191, 111, 182, 179, 219, 219, 80, 123, 235, 192, 206, 95, 217,
       186, 222, 176, 170, 188, 88, 151, 163, 91, 148, 249, 191, 183, 66,
       187, 167, 183, 253, 20, 190, 79, 162, 49, 219, 203, 121, 249, 162,
       196, 139, 91, 108, 217, 85, 94, 169, 92, 87, 184, 201, 88, 165,
       72, 254, 247, 8, 247, 80, 118, 236, 106, 89, 98, 251, 61, 163,
       242, 65, 58, 90, 187, 70, 55, 65, 112, 149, 69, 1, 78, 54, 0, 104,
       224, 34, 8, 214, 55, 1, 50, 144, 84, 104, 98, 65, 240, 241, 72,
       37, 184, 5, 2, 72, 115, 71, 34, 232, 170, 196, 88, 105, 169, 97,
       71, 171, 53, 164, 185, 42, 129, 198, 31, 11, 162, 234, 28, 18,
       111, 194, 209, 94, 218, 80, 121, 195, 140, 206, 136, 252, 164,
       252, 118, 136, 109, 85, 255, 178, 183, 164, 25, 83, 243, 73, 27,
       9, 214, 109, 26, 58, 71, 250, 32, 219, 195, 117, 61, 224, 241,
       198, 98, 212, 96, 204, 180, 168, 40, 68, 8, 178, 182, 167, 153,
       215, 227, 75, 91, 3, 196, 108, 30, 44, 69, 207, 0, 208, 163, 117,
       29, 160, 241, 74, 2, 117, 69, 93, 101, 146, 14, 71, 184, 100, 160,
       171, 8, 87, 113, 9, 115, 50, 212, 104, 106, 73, 160, 89, 12, 253,
       170, 101, 20, 97, 179, 64, 32, 236, 68, 125, 103, 40, 74, 87, 184,
       112, 162, 167, 8, 215, 119, 137, 115, 23, 212, 125, 106, 104, 228,
       233, 46, 229, 235, 101, 20, 96, 243, 70, 32, 148, 229, 127, 103,
       147, 79, 103, 184, 116, 160, 235, 0, 83, 115, 9, 113, 49, 212, 73,
       250, 120, 208, 57, 46, 235, 175, 5, 4, 32, 243, 228, 34, 192, 164,
       157, 217, 200, 109, 5, 175, 62, 51, 40, 24, 182, 51, 72, 91, 129,
       19, 106, 24, 51, 72, 219, 115, 237, 146, 85, 124, 144, 72, 135,
       42, 197, 245, 149, 103, 161, 78, 119, 184, 122, 250, 43, 76, 222,
       113, 73, 51, 145, 84, 120, 122, 97, 240, 249, 42, 237, 250, 69,
       22, 200, 115, 67, 35, 100, 172, 187, 114, 216, 228, 225, 203, 178,
       183, 228, 24, 48, 247, 97, 59, 233, 254, 83, 152, 58, 127, 186,
       115, 125, 171, 223, 40, 193, 96, 231, 170, 193, 136, 189, 95, 40,
       141, 144, 143, 206, 19, 160, 88, 246, 112, 13, 107, 129, 3, 106,
       8, 50, 109, 91, 53, 77, 186, 85, 56, 208, 8, 65, 42, 93, 99, 80,
       39, 177, 14, 102, 248, 45, 172, 123, 109, 207, 106, 139, 144, 182,
       77, 108, 110, 196, 176, 137, 44, 166, 237, 37, 132, 98, 183, 75,
       3, 118, 116, 151, 190, 169, 106, 22, 200, 187, 134, 171, 109, 70,
       226, 105, 223, 209, 245, 232, 98, 44, 71, 138, 138, 144, 246, 69,
       63, 128, 119, 46, 23, 76, 117, 121, 103, 114, 74, 127, 184, 57,
       228, 47, 169, 223, 119, 139, 18, 22, 93, 253, 110, 96, 208, 249,
       78, 231, 223, 37, 132, 98, 179, 7, 113, 77, 117, 53, 103, 53, 31,
       118, 184, 121, 232, 127, 105, 222, 121, 159, 180, 150, 76, 124,
       110, 196, 240, 233, 14, 103, 255, 37, 6, 66, 247, 67, 103, 248,
       226, 252, 114, 170, 137, 85, 93, 179, 191, 165, 185, 119, 231, 74,
       27, 3, 146, 109, 24, 122, 111, 234, 17, 251, 195, 117, 125, 224,
       194, 198, 107, 37, 112, 91, 71, 64, 78, 99, 48, 96, 200, 103, 40,
       114, 19, 133, 52, 16, 92, 64, 106, 65, 180, 241, 12, 103, 168, 32,
       0, 105, 179, 66, 176, 52, 141, 158, 158, 221, 207, 166, 239, 118,
       167, 234, 10, 96, 226, 40, 80, 121, 238, 106, 226, 114, 251, 91,
       127, 189, 6, 143, 61, 209, 122, 173, 138, 129, 170, 159, 177, 236,
       169, 232, 199, 238, 19, 32, 208, 181, 163, 240, 75, 99, 34, 106,
       28, 51, 77, 134, 113, 76, 130, 118, 104, 152, 192, 193, 136, 129,
       174, 135, 153, 236, 169, 232, 199, 254, 19, 98, 212, 181, 163,
       240, 75, 99, 34, 106, 28, 51, 92, 135, 115, 204, 130, 118, 104,
       156, 192, 161, 136, 129, 142, 79, 61, 160, 170, 97, 151, 118, 19,
       98, 244, 243, 97, 144, 89, 19, 46, 44, 28, 59, 252, 199, 55, 76,
       170, 116, 64, 236, 192, 208, 40, 129, 142, 207, 59, 164, 170, 101,
       151, 118, 147, 98, 240, 243, 163, 208, 121, 67, 46, 42, 28, 51,
       252, 199, 51, 204, 162, 118, 64, 236, 208, 192, 168, 194, 172,
