%YAML:1.0
---
descriptors: !!opencv-matrix
   rows: 246
   cols: 32
   dt: u
   data: [ 108, 125, 49, 103, 93, 79, 71, 168, 115, 228, 172, 8, 214,
       117, 65, 48, 152, 220, 120, 106, 73, 114, 249, 62, 229, 223, 5,
       52, 80, 59, 70, 98, 13, 117, 17, 69, 81, 30, 230, 184, 121, 232,
       106, 76, 222, 49, 13, 180, 144, 92, 80, 106, 193, 240, 249, 14,
       37, 252, 1, 6, 74, 51, 67, 177, 37, 225, 17, 75, 221, 95, 71, 168,
       74, 113, 41, 8, 210, 85, 76, 180, 145, 92, 64, 122, 67, 48, 249,
       21, 45, 156, 5, 118, 82, 59, 70, 162, 1, 223, 19, 103, 48, 14,
       111, 189, 116, 72, 94, 100, 247, 115, 144, 112, 54, 110, 60, 110,
       225, 152, 121, 47, 228, 238, 39, 128, 40, 242, 129, 57, 237, 112,
       185, 97, 44, 127, 67, 152, 99, 250, 37, 8, 210, 21, 73, 58, 145,
       92, 116, 122, 137, 116, 249, 2, 199, 217, 101, 52, 194, 251, 86,
       115, 253, 121, 253, 103, 40, 78, 71, 152, 96, 250, 183, 8, 219,
       87, 201, 59, 22, 212, 124, 106, 233, 116, 249, 40, 227, 201, 101,
       52, 106, 179, 70, 115, 108, 52, 189, 99, 173, 111, 83, 152, 107,
       255, 173, 24, 223, 127, 73, 58, 145, 212, 124, 58, 27, 100, 251,
       16, 207, 223, 65, 125, 194, 235, 70, 114, 217, 170, 156, 58, 170,
       189, 89, 219, 179, 127, 180, 185, 191, 215, 66, 58, 135, 183, 253,
       20, 190, 79, 170, 51, 219, 235, 117, 249, 162, 196, 138, 83, 104,
       176, 188, 115, 173, 109, 81, 9, 111, 127, 173, 24, 222, 125, 74,
       58, 137, 146, 253, 16, 26, 107, 251, 17, 207, 219, 81, 127, 210,
       74, 198, 98, 221, 38, 152, 178, 168, 60, 92, 155, 251, 187, 163,
       93, 207, 226, 74, 219, 135, 199, 108, 22, 188, 69, 203, 2, 218,
       251, 119, 252, 168, 225, 139, 3, 228, 180, 157, 250, 204, 237, 69,
       175, 223, 59, 168, 24, 182, 243, 76, 59, 129, 210, 104, 0, 59,
       111, 251, 51, 153, 146, 85, 126, 216, 88, 198, 34, 69, 241, 149,
       103, 153, 14, 119, 184, 122, 248, 35, 76, 214, 113, 73, 50, 145,
       68, 104, 106, 193, 240, 217, 9, 237, 190, 69, 22, 72, 115, 67, 35,
       96, 213, 149, 249, 189, 205, 68, 175, 95, 51, 40, 24, 182, 51, 76,
       114, 129, 19, 104, 0, 11, 104, 211, 51, 173, 222, 84, 126, 80, 88,
       196, 42, 192, 172, 157, 251, 200, 237, 49, 143, 190, 51, 32, 24,
       182, 243, 64, 91, 129, 114, 106, 24, 50, 76, 219, 49, 205, 163,
       84, 120, 144, 72, 135, 170, 85, 69, 93, 103, 22, 79, 71, 184, 118,
       160, 171, 8, 83, 81, 9, 112, 49, 212, 72, 106, 104, 176, 121, 30,
       229, 174, 5, 20, 113, 187, 64, 34, 116, 101, 59, 100, 89, 198,
       231, 104, 248, 136, 235, 8, 80, 215, 45, 48, 248, 253, 90, 234,
       105, 243, 184, 78, 113, 172, 135, 4, 65, 51, 102, 162, 211, 123,
       17, 165, 50, 14, 46, 48, 40, 224, 74, 205, 143, 6, 131, 208, 166,
       237, 92, 101, 197, 152, 213, 76, 164, 36, 43, 130, 44, 55, 11, 21,
       109, 97, 33, 103, 116, 31, 126, 40, 105, 168, 123, 73, 203, 41,
       157, 176, 144, 76, 117, 110, 204, 240, 201, 142, 103, 253, 33, 52,
       66, 191, 82, 7, 76, 101, 121, 103, 50, 14, 127, 184, 57, 36, 127,
       168, 223, 103, 139, 16, 22, 93, 221, 110, 64, 144, 233, 110, 231,
       253, 37, 132, 34, 179, 7, 113, 92, 189, 189, 114, 155, 233, 87,
       207, 178, 181, 172, 56, 62, 247, 72, 26, 161, 211, 232, 16, 26,
       75, 186, 49, 251, 199, 85, 123, 224, 64, 166, 106, 1, 120, 83, 69,
       82, 78, 35, 48, 96, 192, 102, 72, 114, 23, 133, 52, 50, 124, 64,
       106, 65, 180, 49, 14, 101, 172, 32, 0, 107, 179, 66, 172, 132,
       207, 204, 55, 144, 11, 103, 188, 118, 160, 107, 192, 243, 225,
       217, 80, 81, 110, 106, 110, 96, 208, 207, 58, 236, 167, 37, 68,
       100, 251, 208, 160, 133, 206, 79, 39, 144, 10, 103, 184, 118, 162,
       71, 192, 211, 97, 153, 113, 81, 76, 42, 106, 105, 244, 205, 62,
       236, 163, 165, 4, 100, 243, 80, 160, 205, 116, 187, 103, 225, 126,
       119, 136, 121, 234, 47, 24, 222, 113, 73, 62, 179, 92, 104, 106,
       97, 244, 185, 42, 231, 255, 69, 6, 202, 115, 195, 163, 69, 117,
       184, 103, 177, 14, 119, 184, 105, 170, 111, 12, 222, 115, 9, 16,
       144, 68, 108, 106, 64, 240, 217, 46, 239, 255, 5, 6, 74, 115, 67,
       34, 244, 34, 255, 112, 138, 232, 81, 83, 178, 151, 164, 184, 19,
       231, 72, 27, 39, 246, 109, 24, 58, 71, 162, 0, 217, 195, 113, 124,
       224, 192, 230, 114, 240, 168, 222, 114, 168, 173, 81, 223, 178,
       191, 164, 29, 55, 227, 66, 27, 1, 246, 109, 24, 58, 79, 138, 49,
       219, 203, 117, 125, 224, 192, 134, 43, 240, 34, 251, 100, 10, 105,
       65, 83, 160, 164, 164, 56, 19, 135, 193, 27, 38, 244, 68, 24, 8,
       71, 160, 0, 217, 193, 117, 56, 224, 224, 70, 98, 100, 115, 56,
       103, 96, 15, 103, 184, 104, 172, 111, 12, 210, 19, 9, 16, 144, 92,
       68, 106, 72, 176, 121, 28, 231, 157, 33, 52, 64, 179, 70, 163,
       248, 188, 247, 116, 171, 248, 85, 159, 179, 191, 164, 56, 47, 247,
       65, 191, 39, 246, 237, 8, 58, 111, 178, 99, 219, 243, 85, 59, 226,
       208, 134, 107, 89, 213, 61, 103, 48, 78, 111, 188, 116, 232, 126,
       68, 247, 119, 136, 112, 22, 86, 60, 234, 233, 144, 121, 47, 229,
       175, 37, 132, 40, 178, 64, 57, 85, 213, 125, 103, 176, 78, 71,
       189, 96, 232, 254, 68, 211, 119, 136, 114, 86, 212, 124, 106, 249,
       176, 121, 47, 231, 239, 37, 20, 40, 178, 192, 49, 108, 52, 185,
       99, 173, 111, 83, 152, 107, 255, 165, 24, 223, 85, 73, 58, 153,
       212, 124, 122, 11, 118, 249, 0, 207, 221, 37, 116, 194, 251, 70,
       115, 221, 38, 156, 182, 168, 60, 92, 154, 243, 187, 163, 125, 207,
       227, 203, 219, 131, 199, 108, 62, 60, 71, 203, 34, 218, 251, 117,
       125, 160, 241, 139, 1, 85, 110, 236, 71, 148, 58, 70, 138, 115,
       238, 238, 23, 67, 96, 159, 122, 113, 204, 108, 190, 172, 212, 237,
       42, 226, 239, 181, 5, 225, 243, 122, 68, 135, 180, 129, 19, 171,
       237, 133, 207, 186, 255, 1, 156, 132, 246, 74, 63, 151, 43, 112,
       21, 183, 78, 254, 82, 141, 18, 95, 126, 136, 69, 135, 245, 69,
       241, 149, 103, 177, 14, 119, 184, 106, 248, 35, 76, 214, 113, 73,
       50, 149, 68, 104, 110, 193, 240, 249, 9, 173, 158, 69, 20, 72, 51,
       67, 35, 96, 245, 145, 97, 153, 77, 68, 175, 123, 49, 40, 88, 214,
       51, 76, 112, 145, 31, 104, 16, 91, 120, 219, 23, 173, 158, 21,
       126, 216, 24, 194, 42, 100, 109, 19, 126, 93, 198, 135, 96, 248,
       136, 233, 8, 246, 211, 33, 48, 200, 120, 66, 74, 65, 227, 218, 46,
       49, 182, 135, 24, 64, 51, 102, 162, 69, 113, 17, 69, 85, 14, 103,
       56, 104, 224, 107, 76, 222, 17, 8, 48, 144, 76, 80, 106, 193, 176,
       209, 12, 37, 156, 1, 6, 72, 35, 67, 162, 116, 180, 249, 126, 169,
       224, 81, 139, 187, 191, 161, 57, 119, 254, 76, 58, 129, 247, 237,
       16, 58, 71, 170, 51, 219, 247, 117, 255, 128, 97, 134, 115, 240,
       168, 186, 112, 138, 233, 81, 71, 162, 23, 164, 25, 55, 151, 64,
       26, 1, 178, 105, 16, 26, 111, 178, 1, 219, 193, 80, 121, 224, 64,
       134, 106, 38, 58, 152, 51, 248, 169, 144, 142, 27, 191, 56, 253,
       174, 43, 71, 26, 135, 91, 229, 80, 22, 104, 218, 114, 206, 148,
       21, 127, 216, 89, 15, 155, 100, 127, 152, 114, 233, 189, 150, 158,
       155, 191, 60, 45, 174, 185, 71, 30, 141, 123, 229, 82, 22, 106,
       202, 178, 79, 213, 21, 59, 210, 93, 78, 143, 100, 101, 104, 103,
       116, 26, 110, 168, 121, 160, 111, 9, 211, 41, 29, 48, 18, 76, 65,
       106, 68, 240, 205, 14, 103, 253, 5, 21, 100, 179, 90, 2, 76, 229,
       104, 103, 209, 90, 127, 184, 49, 160, 111, 136, 219, 99, 136, 20,
       50, 220, 213, 234, 72, 208, 201, 110, 231, 237, 37, 133, 99, 179,
       206, 34, 124, 189, 252, 114, 154, 200, 87, 99, 178, 181, 165, 185,
       55, 247, 66, 18, 35, 179, 237, 146, 122, 75, 170, 53, 219, 193,
       21, 123, 224, 130, 134, 98, 208, 40, 159, 240, 136, 232, 81, 18,
       162, 151, 166, 56, 183, 215, 64, 91, 35, 246, 109, 24, 26, 79,
       170, 33, 217, 163, 117, 120, 160, 192, 6, 98, 112, 185, 188, 112,
       168, 233, 81, 215, 226, 29, 172, 8, 55, 247, 64, 26, 0, 182, 109,
