%YAML:1.0
---
descriptors: !!opencv-matrix
   rows: 155
   cols: 32
   dt: u
   data: [ 237, 52, 252, 231, 172, 46, 86, 152, 59, 178, 167, 29, 223,
       113, 91, 27, 151, 68, 125, 126, 168, 84, 217, 160, 206, 219, 69,
       54, 142, 247, 90, 35, 133, 100, 157, 179, 172, 43, 239, 152, 30,
       186, 19, 88, 213, 113, 217, 43, 27, 76, 126, 126, 33, 244, 203,
       34, 204, 138, 111, 180, 132, 251, 83, 161, 236, 118, 172, 247,
       173, 126, 95, 152, 51, 254, 151, 157, 203, 101, 219, 159, 21, 196,
       253, 110, 232, 70, 235, 162, 199, 251, 229, 181, 162, 255, 86,
       113, 240, 184, 189, 118, 136, 236, 81, 159, 178, 183, 166, 24,
       247, 247, 64, 59, 1, 246, 108, 24, 58, 79, 251, 17, 217, 235, 117,
       60, 224, 224, 70, 106, 69, 119, 157, 165, 48, 14, 111, 184, 108,
       232, 75, 68, 215, 98, 137, 114, 150, 69, 108, 110, 193, 208, 249,
       8, 172, 255, 103, 132, 8, 179, 1, 113, 248, 190, 30, 120, 168,
       237, 81, 95, 179, 95, 180, 61, 63, 183, 66, 27, 133, 179, 237, 16,
       58, 111, 210, 51, 219, 195, 112, 249, 234, 192, 134, 91, 76, 119,
       24, 229, 48, 14, 127, 184, 44, 168, 123, 108, 223, 115, 9, 80,
       150, 93, 125, 106, 64, 144, 201, 78, 228, 189, 37, 132, 8, 179, 3,
       33, 246, 36, 199, 178, 141, 96, 68, 203, 187, 183, 163, 27, 75,
       235, 89, 219, 233, 199, 105, 147, 56, 71, 219, 226, 153, 242, 223,
       127, 161, 121, 246, 2, 165, 100, 157, 179, 236, 43, 173, 142, 30,
       186, 49, 120, 213, 227, 217, 11, 155, 78, 110, 63, 33, 116, 203,
       34, 204, 130, 255, 180, 140, 249, 211, 161, 76, 115, 25, 103, 112,
       78, 55, 56, 104, 232, 127, 108, 222, 23, 137, 48, 150, 93, 196,
       98, 193, 176, 249, 76, 231, 253, 37, 134, 64, 179, 7, 113, 220,
       188, 159, 242, 168, 236, 85, 183, 178, 251, 162, 120, 215, 247,
       64, 123, 167, 247, 125, 16, 59, 79, 186, 34, 217, 227, 117, 252,
       160, 112, 135, 115, 197, 164, 149, 19, 205, 105, 36, 143, 122,
       243, 1, 88, 199, 240, 204, 191, 3, 78, 104, 24, 55, 124, 239, 18,
       140, 210, 87, 124, 136, 72, 131, 164, 204, 188, 188, 114, 169,
       253, 85, 151, 251, 59, 164, 28, 254, 255, 72, 59, 133, 115, 253,
       16, 186, 109, 250, 51, 203, 219, 85, 123, 202, 80, 199, 59, 220,
       112, 221, 231, 1, 94, 127, 152, 49, 166, 167, 8, 95, 103, 73, 255,
       54, 213, 233, 234, 105, 214, 249, 200, 211, 251, 69, 4, 162, 243,
       38, 48, 254, 36, 140, 182, 139, 113, 86, 139, 19, 183, 139, 187,
       71, 238, 75, 27, 217, 215, 237, 179, 60, 71, 223, 162, 250, 195,
       221, 63, 165, 117, 158, 66, 108, 117, 57, 103, 113, 78, 119, 56,
       105, 172, 111, 8, 222, 83, 9, 48, 144, 92, 108, 106, 65, 240, 249,
       14, 231, 253, 5, 54, 74, 51, 71, 35, 220, 20, 189, 245, 172, 46,
       125, 27, 186, 187, 183, 116, 223, 55, 200, 123, 135, 87, 125, 24,
       185, 196, 243, 2, 203, 251, 119, 212, 128, 224, 129, 51, 92, 34,
       254, 96, 42, 73, 81, 16, 163, 181, 183, 169, 15, 135, 195, 26, 38,
       213, 237, 80, 8, 65, 162, 0, 218, 209, 97, 187, 226, 167, 7, 115,
       213, 86, 125, 231, 44, 46, 109, 56, 60, 186, 183, 112, 215, 119,
       153, 107, 119, 213, 125, 110, 233, 245, 105, 10, 196, 235, 107,
       148, 36, 241, 65, 33, 77, 245, 148, 154, 221, 157, 134, 252, 206,
       250, 173, 12, 254, 240, 75, 182, 145, 66, 234, 126, 71, 99, 218,
       177, 173, 95, 69, 126, 218, 127, 203, 156, 212, 188, 189, 118,
       168, 108, 85, 183, 178, 191, 166, 24, 247, 119, 72, 59, 129, 214,
       108, 24, 58, 109, 251, 35, 249, 235, 117, 116, 224, 240, 198, 107,
       137, 156, 149, 251, 136, 172, 36, 151, 254, 27, 98, 84, 253, 243,
       32, 253, 69, 122, 122, 24, 51, 220, 219, 55, 141, 174, 118, 72,
       154, 192, 129, 168, 255, 58, 173, 182, 173, 60, 84, 158, 163, 255,
       134, 93, 207, 236, 91, 27, 133, 198, 253, 31, 188, 69, 251, 162,
       219, 211, 125, 189, 170, 125, 222, 87, 77, 69, 213, 39, 48, 90,
       111, 184, 109, 224, 79, 0, 223, 99, 155, 118, 18, 196, 124, 110,
       73, 208, 253, 14, 228, 255, 71, 4, 34, 183, 1, 96, 240, 160, 189,
       116, 136, 237, 81, 159, 178, 183, 166, 24, 119, 247, 64, 27, 1,
       246, 108, 24, 58, 111, 243, 19, 217, 235, 117, 120, 224, 192, 198,
       106, 77, 113, 17, 103, 49, 14, 103, 184, 41, 232, 111, 76, 222,
       115, 9, 180, 148, 69, 108, 106, 193, 208, 249, 76, 165, 252, 37,
       4, 10, 179, 11, 49, 246, 52, 150, 246, 141, 100, 84, 207, 179,
       187, 162, 25, 66, 251, 77, 223, 233, 214, 237, 144, 56, 103, 218,
       226, 155, 243, 213, 63, 163, 113, 254, 2, 248, 49, 121, 97, 48,
       111, 81, 25, 96, 168, 183, 104, 151, 23, 128, 48, 22, 148, 76, 40,
       137, 36, 241, 14, 195, 233, 33, 52, 104, 130, 70, 51, 100, 65,
       156, 111, 24, 15, 71, 184, 110, 164, 171, 8, 214, 113, 9, 82, 145,
       68, 104, 106, 72, 98, 219, 61, 237, 190, 69, 60, 80, 187, 66, 32,
       44, 103, 57, 103, 112, 15, 103, 184, 121, 172, 127, 8, 211, 65, 9,
       16, 144, 92, 68, 110, 64, 240, 233, 46, 231, 223, 33, 4, 66, 187,
       70, 161, 104, 221, 60, 109, 184, 15, 87, 190, 86, 56, 174, 8, 247,
       51, 0, 113, 149, 86, 108, 106, 104, 40, 123, 63, 239, 255, 101,
       20, 88, 58, 192, 43, 77, 97, 121, 69, 112, 94, 111, 56, 105, 224,
       111, 8, 223, 23, 137, 48, 22, 93, 80, 106, 193, 176, 249, 76, 103,
       189, 5, 4, 66, 179, 7, 240, 252, 188, 190, 126, 169, 253, 85, 222,
       251, 219, 164, 24, 254, 255, 107, 59, 129, 243, 253, 18, 59, 79,
       186, 179, 219, 219, 85, 63, 210, 113, 199, 123, 69, 181, 209, 82,
       219, 116, 22, 204, 123, 243, 45, 8, 92, 242, 77, 254, 179, 94,
       248, 146, 23, 67, 187, 115, 59, 30, 5, 111, 138, 115, 235, 7, 109,
       113, 57, 101, 113, 95, 119, 56, 105, 172, 111, 12, 222, 17, 9,
       180, 144, 92, 196, 106, 65, 240, 249, 14, 231, 221, 1, 52, 66, 35,
       70, 163, 76, 113, 57, 101, 49, 95, 115, 56, 105, 236, 55, 40, 223,
       87, 193, 50, 182, 84, 236, 106, 65, 240, 185, 12, 199, 249, 33,
       150, 74, 163, 71, 115, 76, 253, 189, 115, 157, 253, 23, 166, 254,
       247, 14, 24, 190, 53, 66, 35, 129, 86, 232, 80, 119, 104, 251, 51,
       239, 215, 85, 119, 194, 89, 141, 106, 246, 110, 142, 150, 173, 62,
       71, 216, 187, 190, 182, 125, 70, 225, 199, 31, 169, 228, 236, 126,
       40, 103, 171, 32, 146, 146, 69, 191, 192, 127, 86, 103, 93, 69,
       97, 39, 21, 90, 103, 168, 97, 164, 239, 8, 203, 115, 155, 246,
       112, 196, 236, 110, 72, 208, 237, 142, 167, 255, 5, 5, 34, 247,
       70, 100, 100, 69, 17, 103, 28, 15, 71, 168, 110, 164, 43, 8, 215,
       97, 73, 112, 144, 76, 104, 106, 72, 48, 217, 63, 229, 156, 5, 52,
       80, 187, 66, 32, 216, 188, 158, 118, 168, 173, 85, 159, 179, 187,
       164, 24, 255, 243, 72, 59, 39, 247, 253, 24, 59, 79, 154, 35, 251,
       239, 117, 120, 170, 240, 138, 59, 116, 117, 253, 231, 139, 106,
       87, 184, 51, 166, 175, 173, 83, 103, 73, 82, 17, 212, 237, 226,
       25, 82, 249, 10, 249, 231, 229, 181, 161, 115, 134, 114, 221, 172,
       158, 118, 168, 44, 84, 151, 242, 179, 166, 24, 255, 243, 67, 91,
       161, 230, 108, 28, 58, 79, 155, 34, 219, 235, 117, 25, 170, 240,
       202, 10, 216, 180, 189, 241, 168, 108, 93, 159, 186, 251, 182, 28,
       159, 55, 72, 123, 135, 87, 125, 24, 187, 77, 243, 34, 203, 219,
       126, 244, 136, 192, 135, 123, 252, 36, 156, 126, 169, 60, 84, 139,
       147, 187, 165, 24, 66, 241, 79, 91, 201, 246, 237, 16, 56, 103,
       218, 2, 211, 251, 85, 63, 210, 120, 202, 2, 248, 188, 188, 120,
       169, 253, 89, 215, 187, 95, 164, 25, 63, 183, 66, 63, 135, 179,
       253, 28, 186, 79, 242, 177, 219, 219, 80, 122, 226, 196, 134, 122,
       211, 188, 151, 176, 168, 173, 28, 135, 187, 91, 136, 93, 182, 246,
       64, 59, 167, 231, 124, 21, 191, 79, 146, 115, 153, 178, 94, 250,
       136, 64, 131, 29, 245, 98, 148, 180, 45, 44, 68, 152, 235, 186,
       178, 92, 207, 226, 65, 223, 193, 229, 108, 14, 40, 103, 202, 128,
       144, 242, 115, 60, 136, 121, 75, 5, 77, 241, 156, 227, 188, 31,
