%YAML:1.0
---
descriptors: !!opencv-matrix
   rows: 103
   cols: 32
   dt: u
   data: [ 248, 160, 253, 112, 136, 237, 89, 87, 162, 53, 164, 24, 55,
       151, 64, 59, 5, 150, 93, 28, 26, 79, 242, 17, 219, 201, 112, 121,
       226, 128, 134, 234, 204, 239, 196, 247, 180, 43, 103, 188, 55,
       183, 239, 152, 235, 97, 200, 213, 51, 206, 238, 90, 122, 248, 201,
       183, 238, 215, 117, 85, 166, 219, 220, 40, 240, 174, 206, 90, 136,
       169, 81, 207, 187, 23, 164, 153, 35, 233, 78, 27, 201, 178, 233,
       16, 62, 111, 202, 49, 90, 131, 84, 121, 225, 72, 206, 10, 57, 117,
       230, 255, 181, 158, 239, 117, 117, 238, 255, 38, 251, 57, 151,
       100, 126, 174, 127, 141, 237, 248, 109, 206, 230, 255, 182, 128,
       239, 254, 248, 221, 117, 29, 93, 102, 168, 14, 71, 188, 224, 234,
       174, 76, 83, 113, 137, 115, 0, 198, 124, 110, 217, 99, 249, 44,
       241, 169, 101, 28, 104, 243, 194, 56, 248, 188, 247, 112, 171,
       253, 85, 215, 179, 23, 164, 56, 59, 183, 64, 63, 47, 182, 253, 24,
       58, 111, 178, 51, 219, 219, 84, 123, 227, 192, 198, 123, 252, 115,
       148, 38, 139, 31, 86, 248, 3, 190, 161, 79, 74, 233, 67, 155, 220,
       212, 236, 98, 76, 99, 217, 168, 243, 193, 69, 63, 107, 127, 74,
       18, 218, 188, 255, 184, 235, 248, 60, 215, 191, 95, 86, 183, 44,
       191, 38, 221, 167, 187, 255, 129, 180, 205, 178, 242, 219, 115,
       94, 139, 166, 68, 167, 223, 197, 127, 148, 71, 186, 31, 39, 188,
       126, 166, 42, 108, 206, 112, 207, 119, 151, 71, 108, 110, 228,
       240, 233, 126, 172, 218, 101, 54, 72, 243, 129, 37, 252, 252, 127,
       230, 253, 110, 127, 254, 169, 234, 255, 24, 223, 127, 9, 50, 191,
       247, 125, 106, 121, 183, 249, 174, 255, 255, 101, 156, 38, 251,
       198, 243, 69, 113, 16, 5, 21, 14, 102, 56, 104, 232, 107, 76, 222,
       16, 25, 176, 144, 68, 64, 110, 193, 176, 217, 78, 37, 188, 1, 4,
       72, 51, 67, 32, 236, 69, 61, 103, 185, 111, 71, 185, 126, 234, 43,
       8, 210, 113, 9, 115, 145, 84, 104, 106, 105, 240, 121, 30, 229,
       251, 69, 20, 88, 123, 196, 50, 252, 172, 142, 250, 137, 237, 84,
       199, 182, 19, 132, 24, 183, 243, 64, 27, 201, 242, 121, 24, 58,
       79, 218, 51, 219, 195, 245, 121, 128, 89, 218, 10, 77, 117, 185,
       103, 209, 95, 119, 184, 123, 224, 111, 8, 222, 119, 73, 48, 149,
       93, 112, 122, 193, 240, 249, 74, 239, 255, 5, 36, 202, 243, 199,
       112, 108, 225, 168, 35, 157, 77, 70, 140, 103, 49, 169, 9, 215,
       113, 72, 16, 153, 198, 105, 122, 26, 112, 219, 49, 237, 215, 5,
       117, 208, 91, 198, 34, 141, 180, 213, 83, 226, 46, 44, 159, 63,
       187, 99, 240, 220, 55, 200, 255, 55, 94, 62, 24, 179, 212, 205,
       226, 12, 186, 118, 198, 170, 209, 131, 181, 120, 254, 156, 50,
       170, 233, 93, 247, 178, 127, 160, 189, 55, 231, 66, 27, 167, 227,
       109, 20, 62, 79, 170, 49, 219, 195, 117, 249, 160, 209, 134, 91,
       120, 168, 253, 112, 136, 205, 89, 199, 163, 55, 160, 24, 51, 147,
       64, 26, 129, 179, 93, 24, 26, 79, 226, 49, 219, 201, 116, 121,
       224, 128, 198, 42, 68, 101, 17, 101, 48, 78, 110, 40, 104, 160,
       107, 72, 215, 59, 9, 48, 146, 93, 88, 106, 65, 176, 217, 78, 229,
       188, 1, 4, 72, 179, 67, 32, 189, 212, 244, 251, 125, 63, 203, 248,
       119, 123, 253, 30, 91, 233, 190, 252, 255, 200, 126, 126, 191,
       103, 255, 183, 223, 223, 225, 124, 255, 191, 90, 225, 15, 246,
       231, 250, 117, 52, 251, 248, 191, 91, 87, 247, 221, 239, 190, 237,
       127, 201, 255, 239, 183, 197, 63, 247, 222, 127, 235, 204, 175,
       167, 121, 245, 240, 172, 247, 112, 171, 232, 81, 87, 179, 23, 160,
       24, 43, 191, 68, 63, 171, 179, 109, 16, 58, 79, 162, 49, 219, 218,
       84, 123, 227, 192, 198, 43, 173, 125, 253, 231, 236, 127, 223,
       252, 105, 234, 191, 72, 219, 125, 221, 35, 223, 222, 127, 106,
       217, 242, 249, 238, 255, 217, 229, 180, 79, 251, 210, 241, 222,
       220, 250, 190, 179, 231, 127, 255, 63, 206, 254, 51, 127, 255, 34,
       80, 255, 255, 255, 163, 120, 207, 57, 255, 251, 247, 191, 151,
       183, 116, 165, 91, 125, 253, 253, 231, 237, 127, 95, 252, 111,
       250, 191, 8, 219, 251, 77, 51, 221, 254, 126, 106, 217, 243, 249,
       168, 247, 217, 101, 52, 98, 251, 194, 35, 237, 21, 21, 103, 185,
       111, 70, 185, 127, 170, 47, 8, 214, 113, 9, 119, 145, 84, 104, 42,
       105, 240, 217, 62, 237, 251, 69, 20, 66, 107, 66, 34, 252, 221,
       127, 239, 245, 110, 127, 255, 57, 203, 254, 58, 127, 127, 9, 112,
       183, 247, 253, 42, 249, 191, 57, 238, 255, 255, 39, 135, 231, 241,
       231, 123, 69, 105, 177, 71, 213, 78, 111, 176, 123, 232, 111, 72,
       218, 113, 93, 52, 152, 76, 114, 126, 193, 240, 249, 106, 111, 30,
       5, 4, 194, 243, 66, 224, 244, 52, 189, 116, 136, 104, 85, 155,
       242, 182, 164, 24, 23, 247, 73, 59, 33, 150, 109, 56, 40, 103,
       146, 2, 217, 163, 101, 61, 224, 240, 70, 34, 240, 174, 158, 124,
       170, 40, 21, 7, 187, 151, 162, 56, 38, 227, 64, 91, 167, 247, 108,
       0, 58, 79, 130, 99, 217, 178, 84, 122, 192, 96, 167, 43, 208, 142,
       151, 116, 138, 104, 68, 39, 177, 23, 162, 88, 103, 54, 0, 251,
       161, 247, 108, 0, 57, 79, 163, 5, 153, 226, 84, 91, 160, 96, 134,
       40, 112, 168, 158, 240, 136, 169, 81, 198, 170, 21, 160, 24, 55,
       147, 64, 27, 129, 179, 109, 16, 26, 75, 130, 49, 217, 129, 120,
       121, 224, 64, 134, 42, 236, 180, 189, 115, 41, 109, 81, 25, 123,
       191, 165, 24, 215, 245, 72, 59, 145, 148, 108, 26, 35, 116, 251,
       18, 207, 219, 81, 119, 194, 224, 70, 99, 101, 97, 16, 101, 21, 14,
       102, 40, 112, 160, 107, 8, 211, 51, 9, 180, 24, 204, 72, 106, 73,
       176, 217, 14, 165, 188, 1, 4, 104, 51, 66, 0, 120, 172, 167, 119,
       141, 124, 196, 135, 250, 179, 130, 24, 235, 248, 80, 171, 129,
       102, 253, 17, 62, 109, 203, 160, 139, 251, 221, 89, 134, 108, 214,
       10, 124, 119, 104, 103, 219, 75, 87, 232, 49, 172, 175, 41, 67,
       85, 11, 16, 24, 220, 205, 98, 72, 242, 201, 46, 243, 199, 37, 55,
       99, 59, 78, 34, 240, 170, 222, 112, 170, 169, 81, 71, 187, 23,
       164, 56, 54, 179, 68, 27, 171, 179, 109, 16, 58, 111, 130, 115,
       153, 146, 84, 123, 193, 64, 198, 43, 60, 97, 104, 39, 116, 75,
       103, 168, 33, 228, 127, 173, 195, 73, 27, 16, 58, 204, 69, 103,
       72, 176, 221, 12, 100, 101, 37, 5, 111, 191, 86, 210, 2, 188, 178,
       153, 246, 163, 188, 207, 31, 227, 90, 179, 172, 254, 253, 64, 255,
       123, 179, 149, 178, 218, 14, 215, 60, 30, 159, 230, 149, 108, 161,
       217, 15, 90, 228, 218, 253, 22, 255, 216, 63, 93, 245, 230, 73,
       207, 255, 236, 127, 201, 255, 255, 199, 103, 239, 240, 62, 123,
       239, 206, 191, 183, 248, 245, 233, 188, 183, 114, 137, 253, 112,
       207, 251, 123, 164, 24, 190, 252, 70, 187, 129, 54, 232, 16, 55,
       109, 186, 55, 139, 251, 85, 123, 202, 68, 207, 63, 200, 184, 157,
       122, 169, 252, 16, 151, 187, 91, 166, 56, 190, 247, 64, 255, 133,
       51, 236, 16, 51, 79, 250, 113, 203, 219, 117, 123, 138, 64, 135,
       59, 254, 186, 238, 186, 171, 241, 93, 222, 155, 255, 148, 189, 47,
       254, 247, 191, 135, 243, 253, 149, 174, 79, 190, 179, 219, 211,
       125, 251, 190, 85, 143, 95, 212, 177, 173, 182, 170, 111, 29, 185,
       166, 254, 131, 185, 215, 231, 75, 91, 167, 215, 125, 39, 120, 69,
       235, 16, 217, 195, 127, 188, 160, 112, 135, 115, 13, 183, 177, 69,
       244, 30, 231, 185, 121, 238, 127, 108, 222, 104, 158, 180, 149,
       76, 70, 110, 245, 176, 249, 78, 46, 62, 37, 132, 74, 231, 203,
       245, 252, 56, 253, 115, 40, 77, 83, 152, 243, 186, 165, 56, 211,
       213, 201, 59, 163, 212, 108, 90, 41, 103, 251, 34, 211, 219, 113,
       60, 98, 161, 70, 35, 193, 174, 151, 92, 232, 168, 69, 167, 251,
       27, 162, 120, 182, 179, 192, 127, 1, 246, 108, 8, 59, 79, 194,
       119, 156, 178, 116, 88, 200, 64, 130, 44, 242, 123, 72, 165, 50,
       11, 80, 57, 37, 160, 246, 233, 151, 23, 131, 16, 94, 148, 125,
