%YAML:1.0
---
descriptors: !!opencv-matrix
   rows: 246
   cols: 32
   dt: u
   data: [ 120, 188, 255, 112, 155, 233, 81, 71, 162, 21, 172, 24, 55,
       151, 64, 58, 129, 178, 104, 16, 26, 107, 178, 21, 219, 207, 16,
       123, 224, 0, 198, 106, 100, 229, 188, 122, 137, 77, 87, 172, 242,
       151, 173, 24, 242, 119, 74, 58, 153, 82, 105, 90, 90, 98, 251, 49,
       235, 223, 69, 127, 210, 115, 198, 98, 108, 245, 57, 103, 157, 79,
       71, 168, 67, 164, 173, 8, 210, 117, 72, 50, 153, 92, 120, 106, 73,
       98, 249, 58, 237, 221, 5, 60, 64, 59, 70, 98, 37, 117, 17, 65, 85,
       95, 230, 184, 111, 232, 42, 72, 214, 80, 77, 180, 145, 92, 82,
       122, 65, 176, 121, 30, 45, 156, 5, 54, 74, 59, 66, 166, 36, 241,
       49, 67, 221, 79, 71, 168, 106, 113, 41, 8, 210, 85, 76, 180, 145,
       92, 64, 122, 83, 112, 249, 53, 45, 156, 5, 118, 80, 59, 198, 162,
       249, 186, 158, 48, 168, 189, 89, 87, 163, 95, 180, 185, 63, 183,
       194, 27, 167, 179, 253, 20, 190, 79, 194, 33, 218, 201, 117, 249,
       162, 196, 142, 91, 253, 113, 253, 103, 172, 78, 87, 184, 96, 250,
       167, 8, 211, 85, 201, 59, 22, 212, 124, 106, 233, 101, 249, 40,
       227, 233, 101, 52, 106, 179, 70, 113, 120, 176, 253, 116, 40, 205,
       81, 87, 179, 189, 164, 56, 51, 183, 64, 27, 1, 246, 108, 24, 59,
       111, 242, 1, 219, 203, 116, 120, 224, 128, 198, 123, 125, 85, 125,
       102, 168, 78, 87, 188, 96, 232, 191, 72, 87, 119, 137, 115, 20,
       212, 124, 106, 201, 161, 249, 44, 243, 233, 101, 20, 104, 243, 66,
       57, 252, 112, 189, 114, 40, 108, 83, 152, 227, 250, 165, 24, 215,
       87, 73, 59, 129, 212, 124, 122, 41, 103, 251, 34, 211, 219, 101,
       60, 224, 243, 70, 51, 108, 176, 185, 98, 173, 109, 81, 152, 235,
       255, 173, 24, 222, 253, 72, 58, 153, 144, 253, 26, 27, 99, 251,
       16, 219, 223, 81, 125, 210, 75, 70, 99, 252, 52, 252, 116, 137,
       109, 85, 223, 179, 191, 164, 24, 83, 247, 73, 27, 1, 214, 237, 26,
       56, 103, 250, 2, 219, 203, 117, 61, 226, 240, 198, 98, 104, 176,
       189, 115, 173, 237, 81, 15, 239, 63, 173, 24, 159, 189, 72, 58,
       129, 147, 237, 16, 26, 107, 251, 17, 207, 223, 84, 127, 210, 72,
       198, 106, 221, 38, 220, 182, 168, 40, 90, 138, 242, 183, 167, 153,
       199, 226, 203, 219, 131, 199, 108, 30, 60, 69, 207, 34, 218, 227,
       119, 61, 160, 241, 74, 0, 28, 236, 59, 119, 148, 79, 103, 248,
       118, 130, 239, 0, 83, 243, 41, 97, 121, 252, 32, 234, 104, 240,
       25, 46, 235, 207, 231, 4, 96, 243, 96, 162, 84, 69, 93, 103, 20,
       79, 71, 168, 101, 160, 171, 72, 83, 113, 9, 112, 48, 212, 76, 106,
       104, 177, 89, 46, 249, 239, 5, 20, 97, 243, 64, 34, 144, 204, 94,
       247, 146, 202, 79, 167, 52, 178, 162, 16, 247, 99, 0, 81, 51, 247,
       109, 170, 120, 205, 89, 47, 235, 227, 101, 81, 32, 240, 196, 42,
       69, 113, 21, 101, 1, 78, 71, 56, 96, 160, 35, 8, 214, 83, 9, 50,
       16, 84, 104, 106, 65, 240, 185, 12, 165, 168, 65, 4, 72, 50, 67,
       32, 192, 140, 157, 251, 200, 237, 17, 135, 158, 23, 100, 24, 182,
       243, 96, 91, 129, 114, 106, 24, 50, 76, 218, 51, 205, 163, 116,
       120, 144, 72, 135, 170, 67, 123, 0, 133, 34, 14, 46, 48, 40, 224,
       74, 205, 157, 6, 135, 80, 166, 45, 124, 101, 133, 152, 213, 76,
       164, 52, 42, 162, 12, 54, 11, 125, 100, 97, 59, 102, 81, 78, 231,
       232, 112, 160, 235, 8, 80, 247, 57, 48, 248, 221, 82, 235, 65,
       243, 184, 76, 117, 172, 143, 4, 65, 51, 103, 162, 252, 164, 157,
       126, 201, 244, 81, 191, 179, 191, 165, 24, 111, 247, 74, 255, 129,
       246, 236, 24, 59, 79, 186, 51, 219, 243, 85, 127, 162, 224, 142,
       114, 236, 180, 157, 115, 237, 107, 80, 8, 123, 251, 37, 24, 214,
       89, 72, 27, 145, 20, 108, 50, 53, 116, 217, 18, 207, 219, 65, 119,
       192, 9, 78, 3, 80, 160, 189, 112, 138, 105, 17, 7, 226, 55, 160,
       24, 23, 183, 64, 59, 133, 151, 104, 16, 26, 79, 242, 0, 217, 195,
       112, 120, 224, 64, 135, 106, 77, 101, 57, 103, 53, 30, 118, 184,
       121, 232, 127, 9, 223, 93, 159, 176, 150, 68, 220, 110, 196, 176,
       233, 14, 231, 253, 33, 6, 66, 183, 67, 103, 76, 100, 120, 103, 50,
       10, 63, 24, 56, 132, 111, 137, 223, 7, 139, 16, 22, 93, 253, 110,
       96, 208, 233, 78, 231, 253, 37, 132, 98, 179, 7, 97, 108, 165, 57,
       126, 217, 77, 71, 168, 35, 80, 173, 8, 242, 119, 8, 16, 217, 194,
       121, 106, 75, 98, 251, 53, 231, 255, 5, 56, 82, 83, 198, 98, 77,
       116, 153, 103, 129, 111, 55, 136, 121, 234, 47, 8, 222, 113, 73,
       58, 177, 94, 104, 106, 97, 244, 185, 42, 231, 223, 69, 38, 202,
       115, 195, 35, 69, 245, 157, 99, 164, 111, 103, 152, 122, 250, 43,
       72, 215, 113, 73, 58, 145, 76, 120, 122, 81, 112, 249, 2, 237,
       159, 101, 116, 200, 123, 195, 34, 69, 116, 152, 103, 241, 46, 119,
       152, 107, 170, 47, 12, 214, 115, 73, 16, 149, 76, 108, 126, 1,
       240, 217, 42, 239, 223, 5, 38, 200, 115, 67, 35, 208, 136, 159,
       252, 8, 64, 65, 55, 162, 19, 166, 184, 247, 183, 64, 123, 33, 246,
       109, 136, 105, 79, 163, 33, 209, 163, 112, 24, 32, 160, 166, 122,
       248, 42, 255, 112, 138, 233, 81, 83, 162, 151, 164, 56, 51, 167,
       64, 27, 39, 182, 109, 24, 58, 79, 162, 0, 217, 203, 112, 56, 226,
       192, 70, 99, 208, 157, 159, 252, 138, 102, 69, 55, 160, 82, 166,
       80, 119, 55, 128, 123, 97, 246, 124, 170, 121, 73, 179, 5, 209,
       227, 116, 24, 40, 240, 164, 56, 100, 101, 64, 7, 212, 91, 102,
       168, 112, 166, 239, 137, 195, 96, 159, 148, 25, 204, 96, 110, 108,
       240, 205, 46, 46, 46, 133, 53, 103, 251, 222, 132, 240, 170, 220,
       114, 168, 173, 81, 215, 179, 63, 164, 25, 55, 227, 74, 27, 5, 146,
       109, 24, 58, 111, 202, 49, 219, 195, 117, 121, 224, 192, 206, 11,
       244, 34, 251, 96, 2, 105, 65, 83, 224, 166, 160, 24, 19, 151, 65,
       59, 38, 244, 68, 24, 8, 71, 160, 0, 89, 137, 117, 60, 224, 160,
       70, 224, 248, 154, 216, 120, 41, 185, 80, 95, 194, 63, 180, 57,
       47, 201, 96, 27, 201, 178, 236, 16, 26, 47, 194, 49, 211, 193, 48,
       121, 122, 136, 206, 11, 248, 154, 88, 120, 170, 169, 81, 87, 194,
       61, 164, 57, 51, 137, 66, 27, 9, 178, 204, 16, 26, 111, 194, 49,
       219, 193, 112, 121, 241, 136, 206, 43, 248, 172, 247, 118, 169,
       248, 85, 151, 179, 55, 164, 24, 47, 247, 64, 158, 35, 246, 237,
       24, 58, 79, 170, 115, 155, 243, 85, 123, 226, 196, 134, 107, 9,
       117, 16, 69, 117, 31, 230, 48, 121, 232, 126, 76, 222, 56, 20,
       180, 148, 76, 82, 110, 197, 176, 217, 78, 39, 188, 37, 0, 74, 50,
       75, 133, 69, 87, 148, 69, 224, 30, 102, 56, 121, 170, 107, 76,
       210, 114, 133, 247, 148, 68, 108, 110, 229, 240, 217, 14, 166,
       190, 101, 4, 74, 243, 74, 5, 45, 117, 16, 65, 117, 31, 230, 184,
       127, 232, 42, 76, 214, 16, 85, 180, 152, 76, 66, 126, 197, 176,
       89, 14, 47, 156, 5, 52, 74, 59, 91, 133, 29, 221, 19, 103, 176,
       14, 103, 184, 117, 234, 127, 68, 243, 115, 137, 244, 22, 70, 60,
       110, 233, 144, 125, 46, 232, 238, 37, 132, 106, 242, 129, 49, 37,
       241, 17, 67, 221, 95, 198, 184, 106, 240, 43, 72, 214, 112, 77,
       180, 145, 92, 82, 122, 67, 48, 249, 52, 45, 156, 5, 118, 200, 59,
       66, 164, 216, 170, 182, 176, 169, 172, 88, 215, 179, 59, 160, 89,
       191, 191, 64, 27, 167, 183, 125, 20, 190, 79, 130, 179, 219, 251,
       124, 249, 162, 196, 131, 11, 253, 112, 249, 102, 44, 78, 87, 152,
       97, 234, 165, 8, 83, 85, 73, 59, 144, 212, 124, 106, 201, 116,
       249, 32, 215, 219, 101, 52, 98, 243, 70, 115, 248, 176, 255, 116,
       40, 205, 81, 23, 179, 253, 164, 61, 55, 151, 64, 26, 7, 182, 109,
       24, 59, 79, 178, 1, 219, 219, 112, 121, 224, 128, 70, 123, 252,
       180, 253, 118, 168, 108, 85, 155, 179, 191, 165, 24, 83, 247, 73,
       27, 1, 214, 237, 26, 56, 71, 250, 2, 219, 203, 117, 61, 226, 240,
       198, 99, 252, 184, 253, 114, 168, 236, 85, 159, 227, 255, 164, 24,
       19, 247, 72, 59, 131, 214, 124, 24, 58, 111, 250, 49, 219, 235,
