%YAML:1.0
---
descriptors: !!opencv-matrix
   rows: 339
   cols: 32
   dt: u
   data: [ 54, 69, 18, 166, 69, 11, 70, 224, 21, 160, 235, 11, 70, 64,
       41, 212, 248, 205, 202, 98, 76, 179, 89, 172, 177, 240, 5, 23, 97,
       59, 106, 134, 76, 181, 177, 67, 209, 109, 53, 9, 59, 189, 45, 56,
       206, 119, 76, 30, 145, 31, 192, 48, 18, 80, 249, 66, 79, 149, 21,
       103, 192, 66, 135, 163, 76, 53, 177, 65, 209, 109, 49, 11, 59,
       189, 45, 24, 206, 55, 76, 62, 145, 31, 192, 48, 18, 112, 249, 66,
       79, 214, 5, 103, 194, 98, 134, 226, 246, 233, 246, 254, 221, 79,
       254, 232, 63, 176, 229, 10, 238, 255, 93, 71, 249, 221, 251, 243,
       42, 119, 219, 255, 191, 254, 207, 95, 211, 63, 115, 130, 220, 22,
       189, 247, 172, 44, 121, 24, 189, 186, 183, 48, 223, 119, 137, 123,
       231, 215, 125, 10, 185, 229, 251, 128, 195, 251, 123, 148, 164,
       225, 5, 49, 110, 233, 16, 58, 25, 221, 22, 136, 171, 20, 40, 9,
       238, 218, 67, 144, 129, 123, 200, 67, 70, 75, 218, 185, 169, 213,
       9, 59, 18, 55, 143, 6, 200, 184, 188, 243, 169, 253, 89, 159, 251,
       59, 180, 24, 190, 191, 64, 59, 133, 87, 253, 26, 186, 77, 251,
       243, 207, 219, 119, 123, 130, 65, 135, 43, 104, 177, 188, 107,
       141, 125, 81, 157, 83, 117, 165, 24, 222, 125, 74, 58, 217, 146,
       233, 48, 58, 98, 251, 17, 207, 223, 84, 127, 210, 74, 198, 114,
       160, 172, 222, 191, 236, 43, 237, 223, 62, 187, 250, 26, 245, 235,
       0, 72, 123, 239, 127, 152, 50, 255, 203, 127, 252, 175, 255, 236,
       149, 248, 240, 137, 85, 93, 125, 231, 176, 14, 79, 184, 32, 234,
       255, 104, 215, 119, 137, 114, 22, 212, 125, 106, 233, 144, 249,
       46, 237, 239, 101, 148, 32, 243, 64, 33, 171, 188, 246, 251, 237,
       253, 248, 223, 191, 95, 180, 183, 173, 255, 246, 111, 239, 243,
       255, 149, 182, 111, 250, 243, 159, 219, 255, 251, 151, 220, 243,
       223, 237, 112, 189, 103, 36, 79, 115, 24, 123, 234, 55, 8, 210,
       85, 73, 59, 144, 84, 124, 122, 161, 244, 249, 10, 199, 219, 101,
       48, 192, 251, 70, 115, 69, 85, 125, 103, 48, 78, 103, 184, 108,
       232, 127, 68, 215, 119, 137, 112, 182, 84, 92, 106, 233, 176, 121,
       46, 229, 255, 37, 132, 72, 179, 69, 113, 13, 87, 81, 103, 48, 14,
       111, 56, 124, 232, 127, 100, 215, 99, 153, 244, 54, 76, 12, 110,
       225, 144, 109, 14, 228, 255, 39, 132, 74, 179, 97, 33, 37, 103,
       68, 71, 116, 10, 102, 184, 117, 168, 123, 204, 195, 96, 153, 212,
       16, 76, 76, 110, 225, 240, 77, 14, 36, 190, 37, 4, 72, 179, 66,
       128, 213, 220, 157, 244, 168, 110, 23, 184, 174, 250, 162, 84,
       215, 119, 73, 123, 133, 85, 125, 106, 105, 69, 219, 32, 249, 235,
       103, 20, 168, 113, 1, 51, 84, 176, 189, 114, 168, 108, 81, 156,
       227, 251, 161, 24, 215, 247, 72, 122, 129, 211, 125, 16, 27, 67,
       250, 48, 217, 195, 117, 124, 224, 81, 134, 114, 104, 176, 189,
       112, 25, 237, 81, 3, 251, 125, 36, 24, 182, 151, 64, 58, 129, 58,
       104, 24, 51, 109, 242, 19, 203, 223, 16, 122, 194, 0, 70, 99, 116,
       181, 189, 114, 136, 110, 85, 155, 162, 183, 175, 24, 87, 119, 73,
       59, 1, 214, 109, 58, 56, 99, 251, 32, 217, 139, 117, 124, 224,
       241, 198, 98, 116, 165, 57, 114, 136, 237, 85, 159, 242, 183, 174,
       24, 151, 215, 72, 50, 1, 222, 108, 24, 58, 105, 251, 55, 249, 197,
       53, 124, 224, 80, 198, 98, 124, 233, 188, 114, 137, 77, 87, 172,
       162, 183, 164, 25, 87, 243, 74, 18, 129, 210, 237, 82, 90, 107,
       218, 49, 251, 195, 101, 125, 240, 122, 206, 34, 72, 49, 29, 97,
       32, 76, 113, 16, 236, 88, 39, 72, 159, 23, 72, 122, 130, 20, 124,
       72, 1, 64, 179, 0, 197, 249, 32, 0, 8, 131, 7, 51, 252, 188, 253,
       114, 168, 236, 69, 158, 178, 159, 165, 24, 83, 247, 200, 59, 35,
       214, 108, 26, 58, 103, 250, 51, 219, 235, 117, 124, 224, 209, 198,
       99, 165, 143, 220, 91, 180, 175, 71, 190, 86, 59, 126, 124, 211,
       96, 138, 113, 23, 78, 4, 126, 255, 244, 109, 55, 236, 175, 37,
       116, 248, 217, 200, 1, 77, 245, 57, 103, 145, 79, 119, 184, 123,
       232, 47, 8, 218, 119, 77, 48, 149, 92, 92, 122, 193, 240, 249, 14,
       111, 255, 5, 52, 66, 51, 70, 115, 213, 174, 149, 50, 168, 45, 68,
       234, 251, 187, 176, 124, 206, 226, 201, 159, 167, 199, 108, 30,
       190, 103, 139, 50, 152, 218, 117, 254, 200, 117, 131, 5, 101, 241,
       17, 251, 157, 13, 71, 172, 91, 57, 169, 88, 214, 112, 76, 48, 153,
       218, 104, 82, 27, 106, 219, 53, 173, 150, 21, 126, 208, 26, 194,
       38, 85, 69, 93, 101, 18, 78, 71, 56, 100, 160, 171, 0, 83, 49, 17,
       114, 50, 212, 124, 106, 73, 160, 89, 12, 243, 235, 37, 20, 96,
       179, 64, 32, 108, 100, 216, 103, 168, 106, 86, 136, 115, 178, 173,
       8, 215, 113, 73, 27, 19, 212, 108, 122, 104, 118, 201, 2, 231,
       239, 69, 53, 226, 243, 74, 2, 96, 140, 157, 254, 200, 233, 17,
       135, 138, 23, 160, 24, 182, 243, 96, 91, 193, 114, 105, 0, 50, 75,
       202, 49, 221, 178, 86, 121, 144, 72, 133, 42, 244, 133, 92, 109,
       168, 74, 79, 189, 96, 160, 174, 8, 215, 115, 0, 83, 18, 214, 108,
       106, 120, 41, 201, 29, 225, 235, 101, 20, 112, 186, 194, 32, 245,
       44, 172, 180, 140, 108, 69, 22, 178, 234, 134, 25, 247, 253, 83,
       59, 129, 230, 125, 25, 109, 101, 251, 2, 217, 163, 245, 57, 160,
       120, 214, 114, 242, 168, 190, 188, 139, 96, 85, 175, 147, 191,
       132, 185, 110, 231, 98, 95, 129, 247, 237, 0, 56, 79, 170, 177,
       219, 242, 85, 191, 178, 228, 134, 91, 193, 152, 189, 95, 137, 189,
       17, 143, 207, 83, 164, 24, 182, 112, 79, 111, 133, 67, 104, 28,
       150, 109, 251, 113, 139, 250, 84, 58, 208, 72, 1, 110, 237, 245,
       213, 71, 180, 95, 198, 184, 123, 226, 43, 108, 219, 56, 157, 180,
       23, 68, 116, 111, 229, 240, 253, 142, 46, 255, 69, 20, 111, 255,
       90, 53, 69, 112, 153, 101, 32, 79, 55, 56, 104, 232, 103, 104,
       222, 51, 9, 50, 144, 84, 100, 98, 65, 240, 241, 8, 101, 187, 101,
       6, 72, 51, 67, 35, 76, 245, 124, 103, 242, 14, 127, 184, 57, 174,
       127, 169, 223, 119, 139, 16, 23, 95, 253, 110, 112, 208, 233, 110,
       239, 255, 101, 132, 226, 247, 135, 97, 92, 122, 187, 96, 137, 92,
       17, 0, 235, 172, 164, 8, 62, 151, 65, 58, 132, 245, 236, 80, 11,
       99, 178, 64, 219, 209, 5, 59, 194, 115, 6, 42, 120, 168, 31, 120,
       136, 236, 81, 87, 162, 17, 172, 8, 55, 147, 64, 59, 129, 178, 125,
       8, 26, 75, 242, 49, 211, 233, 112, 121, 96, 130, 198, 74, 112,
       168, 153, 244, 12, 108, 81, 31, 227, 177, 166, 24, 183, 241, 64,
       123, 129, 254, 108, 16, 24, 107, 218, 49, 219, 161, 117, 125, 160,
       40, 134, 10, 226, 173, 148, 186, 137, 237, 20, 175, 155, 23, 168,
       25, 166, 242, 68, 159, 129, 115, 232, 16, 118, 78, 218, 55, 173,
       214, 92, 123, 208, 92, 143, 14, 145, 142, 203, 123, 180, 170, 101,
       151, 118, 11, 98, 244, 243, 97, 144, 121, 17, 46, 44, 28, 187,
       252, 77, 63, 204, 175, 52, 64, 232, 192, 208, 40, 129, 174, 143,
       59, 244, 170, 109, 151, 118, 19, 98, 244, 179, 227, 240, 107, 67,
       110, 42, 28, 51, 252, 207, 51, 140, 162, 118, 64, 188, 192, 192,
       168, 52, 237, 106, 238, 214, 155, 238, 248, 111, 160, 250, 10,
       123, 232, 181, 48, 122, 239, 31, 227, 200, 179, 173, 255, 190,
       205, 167, 172, 117, 187, 226, 128, 6, 165, 230, 239, 221, 47, 250,
       248, 47, 160, 255, 3, 239, 235, 60, 80, 127, 239, 127, 239, 152,
       179, 219, 253, 191, 255, 143, 28, 199, 239, 97, 128, 22, 228, 162,
       255, 93, 111, 234, 232, 63, 162, 235, 2, 238, 251, 120, 80, 249,
       239, 123, 227, 8, 243, 219, 255, 191, 254, 207, 60, 195, 123, 97,
       130, 220, 84, 255, 247, 44, 42, 95, 184, 180, 186, 191, 178, 223,
       127, 153, 75, 119, 213, 125, 170, 168, 197, 75, 138, 210, 235,
       235, 148, 36, 251, 97, 113, 8, 229, 56, 97, 209, 109, 53, 143, 59,
       61, 44, 24, 142, 55, 74, 22, 145, 31, 193, 16, 18, 88, 233, 87,
       111, 213, 21, 119, 194, 80, 135, 234, 108, 237, 24, 62, 217, 221,
