%YAML:1.0
---
descriptors: !!opencv-matrix
   rows: 329
   cols: 32
   dt: u
   data: [ 69, 113, 49, 71, 113, 78, 119, 56, 120, 128, 107, 72, 222, 87,
       8, 48, 146, 92, 64, 106, 65, 240, 249, 76, 101, 188, 1, 2, 64, 35,
       67, 162, 112, 169, 123, 112, 24, 201, 81, 231, 179, 17, 164, 56,
       51, 247, 66, 50, 1, 178, 101, 24, 90, 75, 226, 53, 251, 139, 52,
       121, 98, 128, 198, 234, 1, 223, 31, 151, 224, 142, 175, 180, 126,
       106, 90, 100, 245, 115, 144, 97, 55, 111, 54, 78, 193, 216, 13,
       125, 44, 174, 111, 128, 8, 242, 129, 185, 112, 168, 155, 248, 216,
       233, 81, 71, 163, 21, 164, 57, 55, 151, 98, 90, 97, 186, 125, 16,
       26, 79, 162, 17, 217, 197, 52, 121, 178, 128, 166, 106, 108, 224,
       57, 105, 8, 77, 87, 136, 98, 52, 37, 8, 215, 83, 73, 50, 145, 80,
       64, 122, 74, 96, 251, 17, 207, 201, 5, 60, 80, 43, 70, 98, 93, 93,
       121, 103, 176, 14, 79, 188, 100, 234, 126, 64, 243, 119, 137, 112,
       118, 214, 28, 106, 249, 176, 121, 46, 231, 239, 37, 132, 40, 243,
       224, 57, 253, 113, 61, 103, 44, 78, 71, 184, 96, 248, 167, 76,
       211, 117, 217, 59, 20, 212, 124, 110, 233, 114, 249, 8, 227, 233,
       101, 52, 104, 251, 66, 113, 88, 184, 191, 240, 138, 233, 81, 23,
       167, 115, 134, 56, 183, 151, 64, 123, 3, 179, 125, 16, 26, 79,
       178, 17, 217, 194, 112, 123, 160, 192, 132, 43, 236, 112, 189, 99,
       45, 111, 83, 152, 107, 251, 165, 24, 222, 95, 73, 59, 145, 84,
       124, 122, 35, 100, 251, 0, 203, 219, 101, 60, 194, 123, 70, 115,
       252, 112, 189, 99, 41, 111, 83, 152, 107, 254, 167, 24, 223, 85,
       73, 59, 149, 212, 108, 122, 41, 101, 249, 32, 207, 219, 101, 52,
       194, 243, 70, 99, 236, 116, 181, 99, 173, 111, 71, 152, 59, 186,
       39, 28, 214, 115, 73, 95, 145, 84, 121, 58, 49, 68, 249, 34, 207,
       254, 69, 118, 138, 123, 198, 115, 232, 180, 181, 251, 173, 253,
       81, 15, 219, 63, 165, 24, 190, 189, 72, 27, 137, 18, 249, 16, 58,
       110, 251, 147, 207, 223, 80, 123, 210, 72, 198, 106, 108, 253,
       177, 103, 157, 111, 71, 140, 50, 252, 175, 8, 246, 115, 73, 22,
       145, 78, 121, 90, 41, 80, 249, 58, 237, 252, 5, 52, 72, 115, 198,
       114, 124, 229, 153, 122, 201, 77, 87, 168, 179, 19, 173, 25, 82,
       247, 74, 18, 153, 210, 97, 122, 122, 67, 218, 51, 251, 223, 69,
       125, 208, 114, 206, 194, 100, 109, 61, 67, 153, 79, 71, 168, 18,
       228, 173, 8, 211, 119, 73, 20, 217, 244, 121, 122, 121, 98, 249,
       62, 237, 159, 5, 60, 66, 59, 214, 98, 44, 125, 59, 103, 149, 79,
       71, 236, 112, 228, 238, 8, 215, 117, 9, 48, 216, 94, 89, 106, 105,
       178, 249, 46, 237, 220, 5, 52, 64, 123, 214, 242, 240, 184, 249,
       112, 170, 233, 81, 87, 162, 63, 164, 56, 55, 183, 64, 26, 39, 182,
       109, 24, 26, 79, 178, 18, 219, 225, 117, 120, 224, 192, 134, 123,
       120, 186, 156, 56, 168, 173, 89, 215, 163, 127, 180, 253, 63, 183,
       66, 26, 135, 179, 253, 20, 159, 75, 194, 49, 219, 227, 116, 249,
       170, 196, 142, 91, 248, 184, 255, 120, 136, 253, 81, 215, 162, 31,
       164, 24, 51, 151, 64, 59, 1, 178, 236, 24, 59, 111, 242, 49, 219,
       235, 116, 121, 226, 192, 198, 122, 121, 184, 243, 84, 169, 220,
       81, 215, 227, 121, 180, 56, 59, 151, 194, 54, 39, 246, 236, 24,
       159, 107, 162, 49, 219, 219, 53, 251, 227, 128, 206, 127, 120,
       184, 249, 122, 141, 253, 81, 223, 211, 255, 180, 24, 59, 253, 66,
       58, 137, 186, 236, 17, 190, 111, 250, 179, 219, 207, 117, 121,
       243, 200, 198, 122, 69, 180, 148, 71, 161, 46, 38, 152, 122, 187,
       43, 84, 222, 114, 73, 251, 151, 71, 124, 122, 177, 80, 217, 98,
       141, 190, 103, 86, 136, 115, 131, 5, 224, 173, 156, 218, 204, 237,
       69, 143, 158, 51, 172, 24, 182, 243, 72, 91, 129, 82, 106, 8, 51,
       107, 218, 115, 253, 146, 85, 125, 208, 72, 199, 42, 244, 4, 125,
       118, 168, 110, 85, 186, 160, 186, 167, 56, 87, 119, 137, 123, 135,
       215, 108, 42, 120, 71, 203, 44, 209, 235, 117, 28, 96, 241, 70,
       35, 82, 161, 144, 128, 155, 68, 21, 207, 171, 53, 140, 9, 12, 183,
       74, 86, 161, 95, 233, 208, 90, 75, 154, 113, 217, 148, 159, 127,
       128, 20, 167, 106, 100, 101, 63, 78, 81, 198, 231, 224, 248, 128,
       235, 8, 80, 255, 45, 49, 248, 245, 123, 234, 105, 227, 184, 110,
       113, 170, 143, 12, 65, 51, 102, 162, 67, 59, 16, 165, 34, 138, 62,
       48, 44, 192, 74, 237, 142, 2, 129, 212, 134, 125, 204, 69, 197,
       152, 149, 109, 164, 52, 42, 134, 12, 39, 11, 29, 93, 98, 17, 37,
       113, 14, 102, 56, 105, 168, 123, 77, 207, 2, 137, 144, 182, 69,
       76, 111, 196, 240, 201, 12, 164, 240, 33, 134, 74, 55, 11, 5, 208,
       140, 159, 252, 138, 224, 89, 151, 178, 23, 166, 152, 55, 247, 64,
       123, 97, 246, 109, 16, 58, 79, 162, 35, 217, 163, 252, 121, 160,
       64, 166, 42, 118, 100, 146, 174, 235, 106, 22, 200, 187, 130, 169,
       169, 70, 242, 109, 222, 209, 237, 232, 114, 44, 71, 202, 10, 144,
       182, 69, 63, 128, 115, 38, 6, 248, 175, 254, 114, 138, 232, 85,
       199, 178, 55, 172, 185, 39, 231, 64, 27, 35, 242, 237, 152, 58,
       75, 170, 49, 219, 195, 117, 121, 224, 209, 134, 122, 68, 53, 185,
       97, 177, 111, 49, 9, 106, 249, 43, 24, 214, 119, 72, 58, 145, 28,
       64, 48, 17, 240, 249, 2, 141, 156, 5, 118, 192, 98, 199, 34, 13,
       113, 19, 69, 113, 95, 231, 48, 108, 232, 111, 72, 210, 16, 133,
       180, 16, 124, 64, 106, 65, 176, 113, 12, 37, 188, 0, 0, 74, 179,
       67, 164, 109, 117, 49, 103, 117, 31, 118, 184, 121, 232, 59, 105,
       218, 121, 157, 180, 148, 76, 84, 110, 196, 240, 201, 206, 103,
       220, 33, 166, 66, 183, 66, 231, 72, 119, 120, 103, 240, 30, 63,
       52, 57, 236, 126, 173, 255, 55, 139, 16, 150, 125, 213, 110, 128,
       208, 225, 110, 231, 255, 37, 160, 66, 243, 7, 249, 129, 174, 159,
       251, 164, 171, 105, 151, 118, 19, 98, 80, 183, 227, 208, 105, 115,
       42, 46, 28, 51, 220, 143, 51, 204, 139, 118, 64, 184, 192, 225,
       168, 1, 174, 223, 25, 236, 168, 108, 183, 246, 19, 98, 212, 181,
       226, 240, 107, 3, 42, 106, 12, 51, 252, 71, 51, 76, 167, 119, 64,
       152, 192, 225, 136, 52, 205, 22, 142, 93, 71, 134, 236, 156, 132,
       233, 10, 102, 224, 41, 208, 216, 205, 74, 99, 108, 163, 24, 110,
       177, 182, 7, 31, 81, 59, 46, 142, 193, 174, 158, 154, 236, 169,
       229, 199, 254, 19, 160, 212, 181, 226, 96, 75, 107, 226, 106, 8,
       51, 111, 206, 113, 156, 2, 222, 56, 156, 64, 195, 136, 137, 166,
       207, 27, 240, 168, 97, 159, 246, 19, 103, 244, 177, 227, 216, 75,
       67, 14, 106, 28, 51, 252, 239, 55, 76, 167, 118, 64, 180, 192,
       193, 160, 40, 245, 24, 99, 249, 125, 20, 143, 59, 63, 44, 25, 142,
       59, 74, 144, 145, 27, 225, 16, 118, 120, 219, 23, 239, 215, 21,
       119, 210, 88, 143, 155, 69, 181, 153, 99, 180, 111, 39, 136, 122,
       249, 43, 88, 214, 112, 73, 42, 145, 84, 120, 123, 17, 112, 249, 2,
       173, 158, 69, 116, 200, 123, 195, 32, 5, 117, 17, 69, 81, 78, 118,
       56, 124, 136, 107, 72, 222, 83, 9, 180, 144, 92, 80, 106, 193,
       176, 121, 78, 37, 188, 1, 6, 72, 51, 67, 179, 120, 184, 126, 112,
       90, 201, 81, 119, 243, 29, 164, 56, 51, 151, 64, 18, 1, 178, 228,
       16, 122, 107, 226, 53, 219, 195, 52, 121, 98, 128, 198, 43, 5,
       221, 157, 103, 176, 14, 111, 188, 116, 232, 122, 100, 247, 115,
       145, 112, 54, 108, 52, 110, 225, 144, 125, 47, 228, 175, 39, 128,
       8, 179, 1, 57, 120, 174, 186, 248, 154, 233, 81, 87, 163, 29, 172,
       57, 55, 151, 96, 90, 99, 186, 109, 16, 26, 79, 162, 49, 219, 193,
       48, 121, 178, 192, 134, 107, 100, 241, 57, 97, 136, 79, 87, 168,
       98, 176, 37, 8, 215, 21, 73, 48, 145, 92, 64, 122, 67, 112, 249,
       25, 237, 141, 5, 116, 64, 59, 70, 34, 252, 52, 189, 116, 233, 108,
       117, 151, 187, 191, 174, 24, 22, 183, 65, 59, 161, 222, 108, 24,
       32, 103, 186, 2, 219, 211, 117, 61, 194, 240, 134, 99, 93, 117,
       125, 103, 164, 78, 71, 56, 96, 232, 191, 76, 215, 117, 153, 51,
