%YAML:1.0
---
descriptors: !!opencv-matrix
   rows: 93
   cols: 32
   dt: u
   data: [ 17, 223, 107, 238, 182, 130, 111, 244, 180, 200, 222, 230,
       113, 231, 177, 96, 126, 254, 31, 238, 233, 155, 45, 239, 250, 239,
       174, 128, 45, 187, 240, 121, 190, 255, 244, 215, 189, 118, 255,
       237, 63, 223, 191, 23, 236, 127, 78, 159, 255, 243, 255, 226, 126,
       231, 123, 255, 187, 223, 207, 151, 195, 119, 239, 247, 220, 253,
       188, 166, 172, 127, 94, 184, 174, 254, 159, 1, 223, 255, 75, 83,
       135, 215, 253, 99, 124, 65, 187, 42, 251, 211, 111, 189, 128, 243,
       173, 83, 92, 125, 188, 230, 170, 77, 87, 188, 163, 254, 189, 9,
       223, 255, 75, 83, 199, 213, 253, 98, 76, 67, 219, 32, 251, 201,
       101, 189, 34, 243, 142, 83, 61, 255, 107, 230, 246, 155, 239, 240,
       95, 200, 125, 238, 123, 237, 191, 36, 126, 232, 23, 239, 201, 178,
       44, 255, 126, 205, 175, 172, 127, 191, 112, 241, 62, 253, 246,
       239, 173, 87, 255, 232, 61, 206, 253, 11, 78, 254, 63, 148, 255,
       255, 255, 227, 108, 227, 251, 239, 251, 255, 207, 159, 71, 127,
       239, 215, 173, 156, 189, 115, 237, 108, 125, 151, 255, 123, 62,
       84, 255, 63, 92, 123, 133, 87, 126, 30, 179, 252, 251, 35, 111,
       251, 116, 64, 202, 217, 193, 251, 221, 86, 125, 229, 54, 42, 107,
       56, 124, 234, 119, 244, 223, 67, 153, 113, 55, 205, 30, 110, 225,
       212, 109, 14, 230, 235, 99, 132, 44, 185, 65, 49, 63, 223, 107,
       238, 246, 147, 239, 252, 85, 72, 255, 230, 121, 237, 191, 96, 126,
       235, 23, 239, 205, 187, 45, 255, 250, 237, 175, 128, 127, 187,
       240, 249, 252, 112, 188, 242, 137, 85, 93, 216, 163, 254, 181, 8,
       95, 223, 75, 155, 237, 213, 253, 250, 106, 71, 251, 48, 219, 217,
       101, 191, 242, 51, 110, 115, 62, 253, 123, 238, 253, 79, 255, 248,
       125, 236, 255, 2, 222, 255, 15, 48, 254, 221, 255, 227, 201, 179,
       249, 254, 255, 255, 143, 23, 99, 123, 103, 115, 61, 127, 107, 238,
       244, 31, 239, 248, 87, 232, 253, 238, 123, 237, 191, 36, 126, 237,
       23, 239, 201, 178, 252, 255, 126, 253, 175, 168, 127, 187, 114,
       241, 63, 223, 107, 239, 118, 147, 239, 248, 85, 200, 253, 230,
       123, 237, 191, 36, 126, 234, 23, 239, 201, 179, 44, 255, 122, 205,
       167, 160, 127, 187, 112, 241, 126, 125, 190, 238, 253, 95, 255,
       232, 191, 236, 254, 11, 78, 255, 39, 80, 255, 255, 255, 227, 104,
       227, 251, 254, 251, 247, 143, 59, 19, 127, 103, 243, 255, 255,
       228, 159, 253, 127, 254, 252, 191, 255, 255, 247, 236, 238, 223,
       247, 255, 255, 255, 231, 239, 247, 255, 255, 190, 127, 239, 151,
       207, 247, 255, 213, 252, 112, 252, 114, 169, 77, 85, 216, 163,
       190, 165, 25, 223, 223, 75, 27, 205, 213, 253, 82, 74, 103, 218,
       48, 219, 219, 117, 61, 242, 177, 78, 83, 252, 112, 252, 122, 41,
       125, 81, 216, 195, 191, 181, 25, 155, 223, 75, 59, 205, 209, 253,
       82, 10, 103, 250, 176, 219, 219, 117, 125, 242, 249, 78, 115, 205,
       158, 189, 115, 172, 44, 117, 151, 254, 123, 54, 116, 222, 55, 200,
       123, 133, 87, 126, 24, 179, 236, 251, 98, 207, 251, 118, 196, 202,
       209, 195, 123, 237, 252, 189, 247, 173, 172, 119, 190, 251, 219,
       55, 92, 254, 253, 89, 59, 141, 102, 125, 30, 251, 108, 251, 179,
       239, 255, 85, 84, 202, 121, 194, 123, 252, 121, 252, 242, 169, 93,
       87, 152, 163, 254, 180, 9, 95, 223, 75, 187, 143, 213, 253, 114,
       108, 103, 251, 176, 251, 201, 101, 63, 98, 243, 78, 115, 221, 255,
       188, 230, 172, 127, 95, 188, 175, 254, 159, 101, 223, 127, 218,
       243, 215, 87, 253, 111, 253, 65, 251, 62, 251, 223, 111, 189, 8,
       243, 173, 115, 191, 255, 230, 223, 253, 127, 255, 248, 191, 254,
       246, 151, 206, 254, 159, 255, 255, 239, 255, 255, 255, 243, 255,
       255, 191, 127, 207, 183, 207, 255, 223, 245, 212, 253, 191, 191,
       188, 127, 190, 236, 62, 254, 187, 19, 215, 254, 11, 75, 255, 247,
       255, 227, 108, 229, 251, 63, 251, 231, 239, 149, 128, 123, 165,
       83, 212, 245, 189, 167, 188, 110, 94, 184, 62, 174, 159, 1, 215,
       127, 11, 67, 247, 215, 125, 99, 108, 197, 249, 46, 251, 231, 111,
       21, 160, 115, 141, 115, 124, 117, 189, 230, 168, 79, 95, 184, 161,
       252, 191, 9, 223, 119, 75, 19, 134, 213, 253, 106, 72, 67, 251,
       40, 251, 233, 101, 189, 32, 243, 78, 115, 252, 113, 252, 246, 45,
       93, 85, 216, 195, 190, 181, 8, 91, 223, 75, 59, 140, 212, 253,
       106, 72, 103, 250, 32, 211, 217, 101, 61, 99, 187, 70, 115, 246,
       229, 214, 239, 254, 11, 254, 236, 63, 162, 250, 2, 207, 234, 61,
       81, 255, 207, 127, 227, 104, 243, 203, 254, 190, 254, 143, 182,
       245, 251, 211, 129, 54, 37, 246, 239, 254, 43, 254, 236, 191, 162,
       250, 130, 205, 238, 61, 80, 255, 223, 127, 227, 168, 243, 201,
       254, 190, 254, 207, 182, 229, 255, 243, 145, 129, 170, 255, 251,
       236, 169, 233, 223, 255, 51, 242, 214, 189, 235, 208, 107, 111,
       171, 127, 156, 179, 252, 239, 241, 220, 186, 254, 200, 189, 200,
       225, 169, 237, 252, 189, 247, 173, 237, 119, 191, 255, 219, 55,
       92, 254, 253, 72, 59, 133, 115, 124, 26, 243, 101, 250, 179, 239,
       251, 85, 124, 202, 120, 195, 115, 254, 252, 254, 254, 173, 253,
       222, 232, 191, 222, 189, 27, 110, 255, 127, 255, 249, 247, 255,
       211, 110, 99, 251, 251, 251, 219, 207, 191, 179, 127, 254, 214,
       237, 180, 189, 254, 173, 253, 87, 190, 251, 251, 188, 92, 254,
       253, 95, 59, 217, 102, 125, 30, 187, 103, 250, 179, 239, 251, 85,
       124, 202, 121, 210, 114, 205, 22, 189, 245, 164, 46, 125, 151,
       255, 251, 118, 84, 159, 55, 128, 123, 135, 87, 126, 28, 177, 252,
       243, 98, 207, 251, 118, 196, 136, 240, 131, 121, 77, 113, 121,
       101, 48, 94, 119, 48, 105, 164, 111, 40, 223, 23, 129, 48, 22, 84,
       220, 106, 192, 176, 249, 12, 231, 249, 33, 4, 98, 179, 71, 97,
       254, 253, 190, 254, 173, 253, 214, 236, 191, 255, 189, 25, 238,
       254, 111, 159, 217, 243, 255, 83, 126, 103, 251, 243, 251, 211,
       95, 127, 211, 127, 239, 71, 125, 119, 188, 230, 168, 95, 95, 184,
       161, 254, 191, 13, 255, 127, 75, 115, 214, 215, 253, 98, 221, 67,
       251, 40, 251, 233, 101, 189, 42, 243, 142, 83, 248, 180, 190, 250,
       173, 253, 81, 121, 191, 95, 181, 25, 239, 255, 106, 146, 205, 147,
       253, 0, 62, 111, 250, 151, 219, 223, 80, 123, 210, 78, 206, 83,
       92, 245, 188, 230, 184, 78, 95, 184, 160, 174, 191, 9, 223, 119,
       75, 82, 151, 213, 125, 98, 104, 67, 217, 14, 251, 239, 101, 61,
       32, 243, 142, 115, 252, 113, 188, 118, 169, 77, 85, 152, 163, 190,
       181, 9, 223, 215, 75, 27, 132, 212, 253, 114, 72, 103, 250, 48,
       211, 217, 101, 61, 98, 243, 206, 115, 236, 100, 222, 255, 236, 11,
       239, 248, 63, 178, 247, 18, 221, 235, 93, 91, 127, 205, 127, 235,
       104, 247, 203, 227, 252, 187, 239, 140, 181, 251, 99, 160, 246,
       237, 222, 239, 252, 11, 238, 232, 63, 178, 251, 2, 221, 234, 29,
       83, 251, 207, 127, 227, 96, 243, 201, 252, 190, 251, 239, 148,
       149, 251, 243, 129, 39, 164, 215, 219, 252, 187, 238, 219, 127,
       97, 249, 86, 201, 234, 220, 244, 127, 207, 126, 157, 183, 251,
       239, 247, 62, 254, 143, 236, 159, 206, 235, 132, 137, 78, 123,
       229, 52, 139, 107, 48, 124, 8, 246, 244, 255, 3, 144, 97, 118, 45,
       30, 238, 233, 180, 101, 111, 228, 249, 34, 128, 44, 129, 97, 169,
       205, 188, 189, 115, 169, 172, 125, 183, 251, 251, 62, 84, 255,
       119, 72, 123, 133, 119, 125, 28, 179, 109, 251, 99, 207, 251, 119,
       82, 202, 112, 195, 123, 230, 164, 214, 255, 236, 43, 238, 239, 63,
       51, 251, 18, 236, 234, 60, 81, 255, 207, 127, 131, 122, 255, 203,
       243, 190, 190, 223, 140, 149, 248, 227, 128, 201, 22, 189, 245,
       164, 46, 109, 23, 124, 251, 118, 116, 223, 51, 145, 123, 135, 23,
       124, 44, 177, 212, 97, 74, 199, 251, 114, 132, 136, 240, 193, 49,
       109, 188, 189, 254, 173, 189, 95, 190, 251, 251, 172, 92, 254,
