%YAML:1.0
---
descriptors: !!opencv-matrix
   rows: 193
   cols: 32
   dt: u
   data: [ 145, 6, 77, 101, 52, 42, 99, 63, 116, 163, 98, 208, 243, 33,
       144, 112, 83, 238, 44, 44, 57, 188, 69, 15, 236, 174, 33, 64, 232,
       162, 64, 40, 120, 176, 185, 112, 25, 237, 81, 87, 163, 53, 164,
       24, 55, 151, 64, 58, 129, 178, 104, 24, 26, 111, 178, 17, 219,
       197, 16, 121, 224, 0, 70, 106, 81, 143, 95, 101, 176, 46, 79, 183,
       116, 136, 122, 68, 243, 35, 144, 112, 22, 102, 108, 110, 185, 184,
       69, 47, 232, 175, 36, 208, 104, 226, 194, 41, 252, 181, 253, 112,
       168, 125, 85, 159, 242, 255, 165, 24, 83, 247, 200, 59, 1, 214,
       108, 24, 59, 107, 251, 18, 219, 203, 117, 125, 226, 208, 198, 115,
       64, 113, 25, 101, 0, 78, 55, 32, 104, 64, 98, 8, 214, 49, 8, 50,
       144, 84, 104, 106, 65, 240, 241, 8, 229, 184, 64, 6, 64, 34, 67,
       34, 252, 168, 252, 118, 137, 109, 85, 222, 179, 191, 165, 25, 83,
       247, 75, 27, 1, 214, 237, 26, 58, 71, 218, 32, 219, 195, 117, 61,
       226, 241, 198, 34, 252, 52, 189, 118, 169, 108, 84, 218, 242, 187,
       181, 88, 223, 255, 73, 187, 137, 214, 236, 26, 56, 103, 218, 34,
       219, 203, 117, 61, 226, 113, 198, 35, 100, 180, 153, 250, 156,
       237, 65, 143, 218, 59, 169, 24, 182, 240, 76, 122, 129, 218, 104,
       16, 59, 111, 251, 115, 157, 150, 85, 126, 208, 89, 198, 42, 252,
       76, 220, 118, 168, 106, 87, 184, 176, 178, 167, 24, 215, 115, 9,
       123, 131, 213, 108, 106, 104, 101, 203, 46, 241, 235, 101, 20, 96,
       241, 67, 35, 224, 212, 149, 123, 141, 77, 69, 175, 75, 51, 32, 24,
       182, 51, 76, 115, 129, 19, 104, 0, 123, 108, 211, 53, 173, 178,
       84, 126, 80, 24, 196, 42, 193, 172, 253, 117, 170, 248, 61, 143,
       254, 183, 166, 144, 247, 230, 208, 123, 7, 119, 120, 24, 54, 205,
       239, 34, 207, 171, 127, 17, 132, 192, 135, 40, 220, 102, 156, 247,
       172, 47, 85, 184, 218, 190, 179, 89, 215, 121, 73, 11, 133, 71,
       108, 106, 232, 101, 203, 34, 200, 139, 101, 52, 192, 249, 1, 3,
       193, 144, 189, 123, 136, 237, 17, 143, 222, 123, 161, 24, 246,
       112, 76, 123, 133, 83, 104, 16, 183, 109, 251, 49, 137, 218, 85,
       126, 216, 72, 129, 111, 124, 229, 220, 103, 9, 14, 94, 184, 34,
       178, 175, 9, 83, 115, 72, 211, 21, 213, 249, 238, 104, 67, 217,
       62, 251, 239, 197, 117, 42, 179, 74, 2, 108, 115, 241, 103, 5, 95,
       86, 24, 97, 168, 179, 72, 195, 13, 93, 50, 152, 220, 236, 98, 204,
       240, 217, 8, 111, 249, 37, 53, 99, 187, 70, 2, 248, 170, 190, 112,
       138, 232, 81, 215, 162, 151, 164, 24, 55, 167, 64, 27, 33, 150,
       108, 24, 58, 79, 162, 33, 219, 227, 116, 121, 224, 192, 134, 106,
       76, 117, 121, 103, 98, 78, 63, 56, 57, 166, 111, 172, 223, 7, 137,
       16, 22, 93, 197, 110, 97, 144, 121, 78, 231, 191, 33, 4, 64, 179,
       7, 241, 109, 101, 41, 103, 244, 31, 118, 184, 121, 232, 63, 73,
       219, 61, 157, 176, 148, 68, 93, 110, 196, 240, 233, 14, 103, 253,
       37, 148, 66, 255, 82, 119, 88, 189, 187, 114, 154, 232, 81, 214,
       178, 157, 172, 56, 55, 247, 64, 18, 161, 247, 236, 144, 26, 75,
       186, 35, 219, 231, 53, 121, 224, 64, 38, 107, 32, 120, 123, 69,
       80, 206, 99, 112, 96, 232, 108, 72, 51, 23, 133, 52, 16, 60, 64,
       106, 65, 176, 241, 12, 103, 172, 32, 32, 99, 179, 70, 168, 248,
       168, 159, 112, 136, 237, 80, 87, 178, 251, 164, 24, 51, 179, 66,
       58, 129, 230, 125, 24, 40, 79, 210, 2, 219, 203, 117, 121, 224,
       192, 206, 74, 197, 84, 29, 119, 168, 110, 87, 184, 120, 250, 167,
       88, 215, 115, 9, 123, 145, 86, 108, 106, 105, 100, 251, 46, 229,
       251, 101, 20, 72, 243, 195, 49, 248, 162, 253, 112, 138, 233, 81,
       87, 162, 183, 164, 56, 51, 135, 64, 27, 35, 146, 108, 24, 58, 111,
       170, 17, 219, 139, 113, 125, 224, 192, 198, 106, 108, 176, 189,
       113, 168, 237, 85, 159, 243, 191, 164, 24, 151, 181, 72, 58, 129,
       82, 108, 16, 26, 104, 250, 48, 239, 211, 117, 125, 194, 216, 198,
       99, 81, 143, 95, 101, 176, 46, 71, 55, 96, 8, 170, 68, 243, 49,
       144, 115, 20, 230, 108, 110, 249, 169, 197, 47, 224, 175, 36, 16,
       104, 226, 194, 41, 213, 221, 31, 102, 40, 14, 71, 180, 224, 218,
       167, 76, 119, 115, 137, 115, 36, 244, 124, 106, 105, 229, 185, 44,
       241, 235, 101, 16, 104, 179, 194, 57, 221, 84, 223, 116, 10, 78,
       69, 56, 240, 242, 162, 88, 87, 55, 129, 123, 34, 244, 124, 106,
       105, 103, 179, 10, 241, 235, 101, 28, 104, 240, 2, 57, 221, 78,
       202, 87, 36, 18, 70, 156, 117, 174, 230, 18, 67, 96, 179, 255,
       113, 204, 44, 174, 236, 244, 237, 42, 242, 239, 245, 5, 107, 241,
       120, 12, 221, 39, 152, 34, 184, 60, 66, 152, 251, 187, 171, 89,
       207, 226, 203, 219, 147, 199, 108, 126, 62, 67, 203, 34, 218, 255,
       101, 125, 160, 243, 139, 1, 230, 186, 188, 222, 232, 164, 25, 207,
       171, 191, 164, 185, 100, 231, 78, 27, 135, 119, 237, 16, 50, 79,
       170, 113, 219, 147, 125, 255, 128, 96, 135, 107, 65, 33, 17, 69,
       17, 14, 98, 32, 104, 32, 98, 8, 214, 49, 1, 48, 144, 68, 72, 104,
       1, 176, 145, 12, 165, 184, 0, 0, 72, 34, 67, 32, 100, 180, 145,
       114, 236, 173, 69, 142, 251, 59, 169, 88, 214, 241, 76, 63, 129,
       218, 110, 16, 59, 111, 219, 51, 153, 150, 85, 126, 208, 89, 194,
       35, 117, 69, 95, 103, 148, 78, 71, 184, 101, 160, 235, 72, 83,
       113, 25, 112, 48, 196, 72, 106, 105, 177, 25, 46, 241, 174, 5, 20,
       97, 179, 64, 32, 220, 76, 157, 118, 168, 46, 85, 186, 177, 186,
       166, 56, 215, 119, 9, 91, 135, 215, 108, 42, 104, 71, 203, 42,
       211, 235, 117, 21, 224, 241, 142, 35, 212, 205, 94, 119, 152, 74,
       71, 175, 180, 178, 166, 24, 115, 115, 9, 83, 97, 214, 108, 234,
       104, 197, 89, 46, 249, 227, 229, 21, 32, 112, 228, 42, 192, 140,
       157, 255, 200, 237, 17, 134, 158, 31, 96, 24, 183, 243, 64, 91,
       129, 122, 106, 24, 50, 76, 218, 51, 205, 163, 117, 120, 144, 89,
       135, 170, 69, 231, 145, 71, 52, 14, 102, 184, 122, 232, 43, 76,
       214, 112, 89, 50, 144, 76, 108, 110, 193, 240, 217, 46, 173, 190,
       37, 52, 72, 51, 67, 1, 65, 49, 25, 65, 83, 78, 115, 16, 104, 224,
       106, 76, 158, 19, 8, 48, 144, 28, 64, 104, 65, 176, 177, 76, 101,
       188, 0, 2, 72, 2, 67, 162, 104, 246, 248, 65, 235, 121, 85, 159,
       91, 191, 60, 56, 142, 29, 207, 58, 131, 86, 228, 16, 2, 100, 235,
       18, 111, 221, 117, 63, 226, 216, 198, 107, 36, 133, 29, 107, 25,
       79, 71, 184, 70, 176, 171, 72, 211, 53, 73, 112, 81, 92, 104, 106,
       11, 176, 89, 29, 237, 158, 5, 52, 80, 234, 64, 50, 248, 170, 158,
       112, 138, 169, 81, 215, 163, 23, 164, 57, 39, 163, 66, 27, 35,
       183, 237, 16, 58, 79, 130, 33, 219, 195, 116, 121, 226, 192, 134,
       42, 100, 101, 104, 103, 116, 26, 110, 40, 121, 160, 111, 9, 211,
       41, 29, 16, 146, 76, 81, 110, 68, 240, 201, 14, 102, 253, 5, 21,
       68, 243, 90, 2, 120, 172, 223, 112, 172, 237, 81, 87, 242, 63,
       164, 24, 55, 179, 64, 59, 129, 182, 236, 24, 58, 111, 242, 0, 219,
       203, 116, 57, 224, 192, 206, 106, 108, 241, 57, 107, 89, 77, 67,
       168, 19, 125, 173, 8, 246, 87, 8, 52, 217, 90, 81, 106, 75, 98,
       251, 55, 239, 221, 5, 124, 82, 59, 70, 226, 196, 52, 189, 119,
       169, 110, 87, 154, 122, 187, 175, 24, 214, 119, 73, 59, 145, 86,
       108, 58, 33, 100, 251, 34, 239, 219, 117, 52, 192, 115, 199, 35,
       240, 162, 255, 112, 10, 201, 81, 83, 162, 23, 164, 185, 23, 135,
       64, 27, 35, 176, 109, 24, 58, 79, 162, 0, 217, 131, 112, 120, 224,
       128, 198, 114, 237, 116, 149, 103, 201, 126, 86, 136, 123, 250,
       47, 24, 222, 116, 73, 191, 145, 84, 96, 122, 33, 116, 249, 34, 7,
       223, 69, 54, 202, 115, 74, 38, 45, 116, 145, 65, 213, 111, 226,
       136, 123, 251, 43, 24, 214, 112, 73, 190, 145, 92, 80, 58, 33,
       244, 249, 10, 13, 158, 5, 54, 202, 123, 67, 34, 248, 174, 150,
       186, 137, 169, 80, 207, 147, 63, 160, 121, 39, 233, 96, 155, 201,
