%YAML:1.0
---
descriptors: !!opencv-matrix
   rows: 251
   cols: 32
   dt: u
   data: [ 5, 93, 159, 103, 176, 14, 111, 184, 116, 232, 95, 100, 213,
       115, 137, 112, 23, 76, 60, 110, 225, 208, 57, 46, 236, 175, 39,
       132, 8, 243, 129, 49, 93, 93, 125, 230, 176, 78, 79, 176, 36, 40,
       254, 96, 215, 87, 137, 112, 54, 246, 92, 106, 233, 145, 121, 46,
       243, 237, 37, 144, 32, 243, 196, 33, 252, 240, 252, 118, 136, 109,
       85, 252, 178, 190, 164, 24, 83, 247, 75, 31, 9, 214, 109, 74, 56,
       103, 250, 32, 249, 203, 117, 61, 227, 241, 198, 98, 148, 93, 121,
       239, 180, 238, 79, 188, 52, 168, 251, 96, 247, 87, 136, 112, 54,
       223, 93, 106, 121, 144, 121, 47, 225, 239, 37, 144, 32, 211, 132,
       49, 172, 180, 188, 114, 237, 253, 81, 25, 255, 63, 165, 24, 222,
       253, 72, 59, 137, 26, 255, 16, 58, 109, 250, 19, 207, 223, 81,
       127, 210, 72, 198, 242, 212, 92, 189, 116, 168, 44, 85, 187, 160,
       186, 190, 56, 87, 119, 1, 91, 135, 213, 109, 34, 104, 65, 203, 32,
       211, 235, 117, 156, 32, 240, 198, 35, 252, 99, 252, 69, 172, 75,
       71, 152, 64, 166, 180, 168, 83, 1, 217, 59, 26, 212, 100, 106, 72,
       246, 233, 8, 103, 201, 101, 53, 103, 251, 86, 32, 192, 140, 157,
       255, 136, 237, 17, 151, 150, 19, 96, 24, 182, 243, 64, 91, 129,
       122, 104, 24, 50, 76, 218, 51, 205, 163, 116, 120, 144, 72, 133,
       42, 69, 103, 144, 39, 160, 58, 110, 136, 120, 170, 59, 64, 223,
       98, 201, 218, 179, 69, 108, 126, 20, 240, 137, 74, 172, 252, 103,
       4, 128, 243, 203, 4, 13, 119, 49, 71, 112, 78, 55, 184, 61, 232,
       127, 108, 222, 119, 137, 52, 148, 93, 246, 98, 193, 176, 249, 110,
       103, 255, 37, 134, 74, 179, 7, 243, 230, 236, 220, 255, 236, 58,
       254, 239, 191, 179, 250, 18, 237, 234, 93, 203, 251, 239, 255,
       130, 118, 223, 203, 251, 190, 255, 223, 149, 149, 249, 235, 128,
       69, 112, 145, 101, 5, 15, 98, 56, 104, 224, 35, 76, 214, 17, 9,
       50, 144, 68, 104, 106, 129, 240, 209, 8, 133, 188, 1, 52, 72, 35,
       67, 34, 117, 71, 61, 39, 180, 46, 71, 184, 96, 170, 187, 76, 211,
       97, 153, 82, 52, 196, 108, 110, 232, 176, 201, 46, 224, 174, 37,
       20, 104, 243, 82, 33, 232, 184, 181, 248, 173, 253, 80, 223, 239,
       59, 180, 24, 191, 189, 64, 187, 141, 214, 255, 24, 187, 111, 243,
       179, 223, 251, 85, 126, 194, 204, 198, 59, 100, 172, 223, 191,
       236, 171, 237, 255, 190, 179, 250, 18, 245, 234, 92, 89, 127, 239,
       127, 145, 50, 251, 203, 241, 252, 171, 255, 236, 148, 248, 227,
       128, 102, 172, 222, 255, 236, 171, 236, 207, 191, 179, 251, 18,
       253, 234, 92, 91, 235, 239, 127, 145, 50, 255, 203, 243, 156, 255,
       255, 188, 149, 120, 243, 128, 237, 79, 15, 103, 180, 46, 102, 182,
       96, 170, 122, 76, 243, 97, 145, 50, 52, 102, 108, 110, 233, 176,
       141, 46, 228, 239, 37, 16, 104, 243, 210, 33, 197, 124, 149, 119,
       33, 78, 103, 48, 120, 234, 99, 24, 222, 113, 9, 59, 145, 84, 104,
       106, 97, 244, 217, 42, 229, 186, 69, 6, 72, 113, 67, 35, 105, 253,
       176, 115, 217, 221, 87, 190, 123, 115, 44, 24, 190, 57, 70, 182,
       129, 90, 240, 88, 247, 104, 251, 51, 111, 221, 21, 127, 202, 84,
       202, 222, 120, 170, 156, 120, 171, 169, 21, 207, 130, 63, 164, 57,
       38, 227, 67, 26, 131, 210, 237, 16, 26, 111, 202, 49, 219, 195,
       117, 127, 240, 88, 142, 11, 77, 52, 157, 101, 129, 110, 117, 19,
       57, 251, 47, 28, 158, 55, 65, 250, 133, 86, 120, 24, 49, 220, 241,
       66, 207, 255, 85, 6, 138, 96, 139, 51, 208, 170, 191, 116, 138,
       232, 17, 7, 178, 151, 164, 56, 55, 215, 64, 27, 39, 247, 109, 16,
       58, 79, 162, 33, 217, 227, 116, 121, 160, 192, 166, 106, 248, 174,
       222, 122, 138, 233, 81, 199, 178, 23, 164, 185, 39, 231, 66, 27,
       35, 179, 237, 144, 58, 79, 138, 49, 217, 195, 112, 121, 240, 192,
       166, 106, 240, 181, 156, 50, 184, 237, 85, 159, 179, 55, 164, 25,
       23, 179, 74, 27, 129, 211, 237, 16, 58, 75, 218, 51, 251, 195,
       117, 125, 224, 208, 142, 10, 242, 236, 20, 186, 169, 253, 20, 238,
       187, 55, 129, 25, 174, 246, 64, 155, 129, 243, 236, 3, 46, 79,
       218, 51, 153, 210, 93, 59, 144, 85, 143, 14, 69, 113, 153, 101,
       97, 78, 119, 8, 104, 234, 35, 8, 214, 49, 73, 58, 144, 84, 96,
       106, 65, 240, 249, 0, 69, 184, 69, 6, 72, 115, 67, 34, 244, 174,
       204, 180, 168, 40, 93, 159, 178, 183, 142, 189, 87, 163, 66, 91,
       3, 199, 109, 20, 56, 75, 203, 2, 218, 227, 245, 253, 160, 224,
       134, 66, 248, 254, 220, 114, 168, 141, 85, 247, 178, 191, 164, 29,
       55, 243, 66, 27, 129, 230, 109, 12, 106, 79, 218, 51, 251, 203,
       117, 57, 104, 208, 202, 11, 13, 181, 17, 67, 241, 127, 119, 184,
       127, 234, 111, 8, 222, 112, 9, 52, 145, 94, 64, 122, 53, 240, 249,
       46, 175, 223, 5, 70, 202, 115, 203, 183, 85, 85, 127, 102, 160,
       78, 79, 184, 225, 136, 191, 72, 215, 119, 137, 115, 22, 212, 124,
       106, 201, 129, 249, 44, 243, 233, 101, 148, 96, 243, 198, 49, 236,
       48, 189, 114, 141, 109, 81, 152, 91, 255, 181, 24, 222, 93, 73,
       59, 153, 208, 124, 58, 43, 103, 251, 18, 219, 219, 69, 127, 194,
       123, 70, 115, 252, 236, 252, 114, 137, 109, 81, 222, 147, 183,
       180, 25, 67, 241, 79, 31, 9, 214, 236, 24, 58, 103, 218, 50, 219,
       219, 85, 125, 243, 249, 78, 2, 252, 112, 189, 102, 40, 76, 87,
       152, 235, 186, 165, 24, 215, 215, 73, 59, 149, 212, 124, 122, 41,
       103, 251, 0, 211, 219, 101, 60, 192, 243, 70, 115, 96, 237, 19,
       94, 93, 197, 199, 230, 219, 0, 232, 8, 182, 249, 37, 48, 200, 251,
       82, 74, 75, 43, 210, 127, 169, 190, 20, 58, 80, 25, 98, 170, 69,
       71, 216, 39, 176, 10, 102, 136, 120, 162, 107, 64, 199, 98, 217,
       90, 18, 76, 108, 126, 68, 240, 141, 74, 172, 247, 103, 5, 128,
       243, 75, 0, 69, 225, 145, 35, 28, 15, 102, 184, 106, 184, 43, 76,
       246, 112, 89, 178, 145, 68, 104, 126, 195, 112, 217, 61, 173, 156,
       37, 100, 72, 51, 67, 33, 141, 117, 49, 71, 112, 15, 55, 184, 61,
       232, 127, 100, 222, 119, 141, 52, 182, 93, 87, 106, 225, 180, 105,
       110, 103, 254, 37, 134, 66, 179, 3, 241, 248, 184, 255, 116, 9,
       220, 81, 87, 226, 215, 164, 24, 59, 149, 66, 59, 33, 182, 248, 8,
       42, 111, 178, 33, 211, 235, 84, 57, 226, 0, 70, 106, 54, 229, 118,
       207, 252, 11, 238, 232, 63, 160, 251, 2, 206, 106, 29, 64, 251,
       205, 127, 227, 224, 179, 73, 254, 190, 190, 143, 180, 85, 251,
       115, 129, 101, 99, 0, 7, 116, 14, 102, 56, 104, 168, 115, 76, 211,
       65, 153, 16, 144, 76, 68, 110, 192, 176, 201, 12, 36, 188, 33, 4,
       72, 179, 66, 1, 62, 101, 114, 239, 124, 11, 254, 248, 127, 160,
       251, 10, 203, 107, 29, 80, 126, 205, 127, 227, 200, 179, 73, 254,
       190, 255, 175, 180, 87, 187, 115, 129, 92, 65, 190, 231, 60, 14,
       127, 152, 172, 184, 151, 0, 223, 111, 153, 83, 126, 213, 125, 107,
       200, 193, 201, 8, 238, 251, 239, 148, 36, 179, 1, 33, 92, 80, 188,
       247, 40, 12, 89, 24, 175, 184, 183, 40, 223, 119, 201, 123, 134,
       213, 125, 106, 136, 65, 235, 144, 203, 251, 115, 180, 160, 163, 7,
       115, 253, 71, 29, 103, 180, 46, 71, 184, 96, 170, 174, 76, 211,
       97, 153, 51, 16, 196, 108, 110, 233, 160, 249, 46, 225, 175, 101,
       20, 104, 243, 82, 33, 88, 176, 188, 240, 41, 77, 89, 24, 187, 251,
       180, 24, 159, 183, 72, 59, 133, 149, 253, 16, 155, 107, 242, 0,
       219, 251, 113, 255, 194, 128, 70, 115, 235, 188, 180, 248, 173,
       253, 80, 223, 255, 123, 188, 24, 174, 249, 84, 63, 201, 242, 255,
       24, 190, 111, 242, 179, 223, 219, 85, 122, 210, 76, 210, 74, 248,
       188, 188, 248, 173, 253, 81, 83, 255, 123, 180, 24, 190, 191, 66,
       59, 141, 179, 253, 24, 187, 111, 242, 147, 219, 219, 84, 123, 210,
       76, 198, 123, 178, 172, 246, 255, 253, 175, 252, 239, 191, 187,
       250, 18, 238, 238, 116, 83, 239, 255, 127, 129, 186, 255, 203,
       251, 189, 250, 223, 190, 213, 104, 243, 153, 89, 134, 95, 109,
