%YAML:1.0
---
descriptors: !!opencv-matrix
   rows: 81
   cols: 32
   dt: u
   data: [ 116, 69, 220, 103, 193, 74, 119, 168, 113, 162, 175, 8, 215,
       115, 9, 83, 51, 212, 104, 106, 104, 240, 217, 42, 239, 175, 69,
       21, 98, 243, 78, 34, 76, 117, 57, 71, 52, 78, 119, 184, 121, 168,
       127, 8, 218, 119, 141, 52, 144, 84, 116, 106, 193, 240, 249, 12,
       111, 189, 37, 20, 66, 179, 71, 35, 108, 116, 185, 99, 116, 111,
       83, 152, 123, 174, 47, 8, 214, 117, 73, 58, 145, 92, 76, 122, 41,
       116, 249, 10, 207, 223, 37, 52, 194, 251, 70, 227, 77, 113, 17,
       69, 48, 14, 119, 56, 104, 232, 127, 104, 222, 17, 137, 48, 150,
       76, 76, 106, 193, 176, 249, 76, 164, 189, 33, 6, 74, 179, 67, 33,
       37, 103, 0, 7, 116, 27, 102, 184, 121, 168, 123, 76, 195, 96, 159,
       148, 144, 76, 68, 110, 192, 176, 205, 14, 36, 62, 37, 4, 74, 183,
       90, 132, 13, 116, 177, 69, 101, 127, 227, 24, 123, 234, 39, 8,
       222, 93, 93, 46, 145, 92, 80, 122, 161, 244, 249, 10, 79, 223, 5,
       52, 202, 123, 83, 243, 45, 52, 177, 67, 245, 127, 243, 144, 107,
       248, 47, 12, 222, 60, 95, 174, 145, 76, 82, 121, 149, 240, 249,
       16, 15, 93, 1, 118, 202, 79, 83, 246, 39, 77, 98, 222, 84, 147,
       238, 244, 213, 0, 252, 2, 96, 200, 181, 100, 88, 234, 23, 203,
       236, 187, 46, 255, 50, 60, 134, 136, 119, 191, 112, 140, 216, 180,
       190, 240, 173, 108, 93, 159, 187, 255, 150, 57, 159, 191, 74, 91,
       167, 215, 253, 17, 186, 77, 147, 194, 219, 251, 126, 254, 130,
       208, 167, 91, 92, 221, 61, 231, 176, 46, 79, 191, 52, 234, 158,
       96, 247, 119, 137, 80, 55, 246, 125, 106, 249, 152, 105, 47, 237,
       239, 39, 212, 164, 242, 129, 121, 77, 113, 81, 69, 52, 14, 103,
       56, 104, 224, 111, 76, 223, 16, 153, 52, 18, 76, 64, 110, 193,
       176, 253, 76, 37, 188, 1, 4, 74, 179, 67, 32, 13, 116, 177, 71,
       101, 79, 231, 152, 123, 234, 55, 72, 222, 93, 93, 46, 145, 92,
       116, 122, 193, 244, 249, 8, 103, 223, 5, 54, 202, 123, 67, 241,
       77, 85, 61, 103, 48, 78, 111, 184, 125, 232, 127, 64, 223, 119,
       137, 116, 246, 116, 92, 106, 225, 176, 121, 110, 231, 255, 39,
       132, 74, 179, 65, 49, 124, 103, 64, 7, 80, 27, 70, 168, 113, 172,
       255, 169, 195, 96, 159, 148, 88, 204, 228, 102, 76, 240, 205, 14,
       38, 38, 37, 149, 103, 191, 94, 132, 240, 160, 184, 112, 136, 233,
       81, 67, 226, 55, 164, 24, 55, 145, 64, 26, 1, 146, 68, 16, 26,
       111, 194, 17, 219, 129, 113, 121, 224, 136, 198, 42, 44, 253, 24,
       62, 217, 221, 22, 234, 159, 29, 169, 9, 174, 251, 65, 144, 129,
       123, 201, 66, 110, 106, 90, 55, 235, 215, 21, 59, 82, 95, 142,
       139, 108, 181, 177, 113, 249, 205, 113, 191, 235, 189, 44, 24,
       150, 181, 64, 50, 129, 30, 108, 24, 82, 120, 250, 16, 207, 221,
       53, 116, 194, 192, 199, 107, 40, 176, 57, 120, 121, 237, 17, 83,
       171, 29, 172, 56, 62, 149, 64, 56, 133, 26, 196, 16, 19, 107, 178,
       17, 91, 221, 48, 123, 194, 0, 199, 235, 252, 253, 255, 118, 168,
       108, 71, 252, 179, 190, 165, 56, 83, 247, 201, 59, 55, 246, 108,
       122, 104, 103, 186, 34, 251, 203, 101, 60, 225, 243, 198, 99, 109,
       97, 56, 71, 116, 31, 119, 184, 105, 168, 127, 8, 210, 113, 157,
       52, 144, 92, 84, 106, 192, 176, 233, 44, 103, 221, 37, 4, 66, 179,
       74, 163, 92, 69, 92, 103, 145, 74, 103, 172, 113, 166, 111, 8,
       211, 115, 9, 84, 50, 212, 104, 106, 72, 240, 217, 46, 231, 239,
       69, 21, 99, 243, 198, 34, 252, 108, 190, 246, 172, 108, 85, 150,
       242, 187, 135, 24, 215, 241, 65, 27, 129, 246, 125, 90, 58, 101,
       219, 34, 217, 227, 117, 125, 160, 249, 214, 34, 253, 98, 133, 39,
       9, 14, 78, 184, 113, 190, 163, 77, 207, 66, 27, 219, 216, 197,
       108, 239, 237, 198, 217, 42, 161, 250, 69, 20, 74, 55, 106, 4,
       205, 116, 189, 103, 161, 110, 119, 152, 121, 234, 111, 56, 222,
       115, 9, 59, 145, 85, 108, 106, 97, 240, 249, 106, 231, 255, 101,
       6, 202, 115, 195, 51, 250, 190, 188, 58, 171, 253, 92, 215, 187,
       127, 180, 189, 47, 254, 67, 155, 167, 243, 253, 21, 190, 79, 186,
       179, 219, 211, 125, 251, 178, 84, 143, 95, 204, 184, 188, 250,
       169, 253, 88, 159, 191, 187, 180, 24, 190, 255, 72, 59, 135, 115,
       253, 16, 178, 77, 250, 241, 219, 219, 127, 251, 194, 80, 135, 27,
       76, 221, 63, 103, 176, 78, 111, 188, 33, 232, 254, 72, 255, 119,
       129, 115, 54, 246, 125, 106, 201, 144, 249, 44, 231, 251, 101,
       148, 34, 243, 198, 121, 237, 113, 181, 71, 101, 95, 103, 184, 121,
       234, 55, 72, 218, 85, 205, 63, 148, 92, 124, 106, 193, 244, 249,
       8, 103, 219, 101, 20, 66, 179, 71, 241, 53, 97, 64, 5, 85, 31,
       102, 40, 113, 224, 107, 12, 83, 64, 31, 180, 56, 204, 64, 110,
       205, 178, 221, 12, 53, 44, 1, 4, 107, 183, 90, 132, 205, 85, 53,
       103, 117, 94, 119, 56, 121, 234, 127, 68, 222, 114, 157, 245, 150,
       69, 124, 110, 229, 180, 121, 78, 103, 255, 101, 6, 74, 243, 67,
       117, 60, 119, 96, 7, 250, 91, 6, 184, 49, 164, 255, 237, 67, 100,
       143, 148, 94, 220, 196, 98, 236, 178, 205, 46, 54, 102, 37, 151,
       103, 191, 94, 199, 76, 48, 217, 117, 104, 76, 113, 24, 43, 25, 39,
       56, 159, 151, 200, 122, 6, 156, 108, 24, 3, 68, 227, 64, 199, 249,
       48, 108, 162, 129, 7, 33, 204, 180, 157, 115, 168, 237, 53, 191,
       186, 59, 167, 88, 223, 183, 72, 59, 165, 86, 236, 16, 51, 77, 187,
       18, 237, 195, 119, 116, 128, 64, 135, 49, 208, 140, 159, 125, 168,
       174, 73, 23, 182, 23, 162, 80, 183, 35, 0, 91, 35, 39, 109, 24,
       58, 205, 131, 47, 201, 163, 122, 80, 224, 192, 129, 40, 237, 98,
       133, 39, 45, 30, 70, 184, 51, 254, 177, 77, 195, 66, 89, 155, 153,
       196, 236, 111, 237, 70, 203, 42, 160, 251, 229, 180, 64, 55, 90,
       69, 221, 231, 17, 167, 178, 26, 46, 168, 124, 170, 123, 224, 207,
       98, 137, 176, 183, 77, 236, 110, 229, 208, 237, 110, 172, 247,
       111, 4, 40, 243, 139, 5, 245, 220, 93, 100, 148, 46, 71, 190, 112,
       226, 174, 92, 83, 113, 145, 114, 17, 198, 124, 46, 185, 173, 253,
       46, 248, 175, 37, 20, 232, 243, 194, 40, 244, 104, 255, 116, 8,
       76, 69, 149, 226, 182, 164, 24, 115, 215, 193, 59, 2, 244, 108,
       74, 105, 103, 170, 32, 209, 171, 117, 56, 97, 176, 198, 40, 73,
       49, 57, 101, 113, 110, 113, 27, 107, 232, 110, 8, 222, 51, 8, 48,
       144, 29, 124, 40, 17, 176, 241, 76, 79, 249, 1, 6, 74, 98, 67,
       163, 77, 93, 127, 103, 160, 78, 103, 188, 105, 168, 126, 72, 255,
       119, 129, 119, 182, 244, 124, 106, 233, 240, 249, 44, 231, 249,
       101, 16, 66, 179, 198, 121, 63, 119, 96, 7, 216, 31, 158, 184, 17,
       228, 239, 237, 195, 108, 143, 148, 94, 220, 194, 231, 237, 178,
       221, 14, 38, 118, 5, 52, 111, 191, 26, 212, 216, 63, 223, 116,
       170, 104, 85, 255, 179, 186, 168, 56, 55, 183, 65, 91, 35, 247,
       109, 16, 104, 79, 130, 10, 249, 195, 117, 61, 224, 240, 166, 43,
       252, 120, 255, 118, 42, 72, 69, 212, 242, 190, 164, 56, 51, 215,
       193, 59, 39, 244, 108, 90, 104, 103, 170, 32, 209, 203, 117, 56,
       225, 241, 70, 41, 253, 121, 253, 118, 168, 78, 71, 189, 241, 250,
       166, 88, 115, 117, 201, 59, 16, 244, 108, 106, 105, 103, 251, 42,
       243, 235, 101, 28, 98, 241, 198, 41, 193, 126, 255, 21, 234, 40,
       165, 23, 232, 246, 14, 252, 180, 164, 199, 63, 39, 102, 106, 14,
       225, 116, 182, 66, 4, 50, 119, 168, 204, 240, 131, 253, 101, 103,
       140, 39, 172, 47, 95, 184, 107, 238, 63, 137, 215, 97, 91, 18,
       148, 196, 108, 111, 204, 240, 233, 40, 230, 247, 101, 181, 64,
       251, 94, 65, 252, 123, 255, 118, 170, 72, 69, 180, 160, 190, 164,
       40, 83, 247, 193, 27, 34, 244, 108, 74, 72, 67, 170, 32, 243, 233,
       101, 56, 99, 243, 198, 41, 252, 122, 222, 118, 42, 40, 81, 212,
       162, 190, 164, 57, 59, 215, 67, 27, 39, 244, 237, 26, 42, 71, 138,
       32, 211, 203, 117, 57, 227, 241, 78, 11, 252, 157, 127, 118, 168,
       106, 71, 189, 225, 186, 174, 56, 115, 119, 128, 115, 34, 246, 108,
