%YAML:1.0
---
descriptors: !!opencv-matrix
   rows: 123
   cols: 32
   dt: u
   data: [ 205, 158, 223, 245, 230, 171, 237, 255, 95, 251, 118, 254,
       223, 233, 176, 105, 127, 238, 126, 28, 179, 252, 111, 252, 222,
       235, 119, 192, 253, 232, 209, 185, 27, 159, 127, 223, 242, 178,
       191, 247, 61, 75, 94, 247, 125, 239, 182, 100, 127, 251, 151, 141,
       241, 216, 44, 255, 126, 111, 190, 192, 191, 246, 161, 253, 110,
       221, 252, 143, 253, 94, 190, 236, 27, 126, 253, 175, 108, 254, 63,
       212, 255, 223, 255, 231, 230, 83, 251, 255, 63, 127, 207, 191, 23,
       127, 255, 215, 158, 253, 180, 151, 181, 126, 254, 236, 63, 222,
       185, 23, 238, 126, 15, 133, 255, 247, 255, 243, 44, 230, 123, 239,
       191, 214, 207, 215, 195, 127, 239, 215, 252, 112, 252, 250, 169,
       85, 87, 220, 163, 254, 181, 13, 223, 223, 75, 27, 205, 213, 253,
       210, 74, 71, 251, 176, 219, 217, 101, 127, 178, 51, 78, 83, 252,
       112, 252, 250, 143, 125, 81, 216, 147, 183, 181, 25, 223, 223, 79,
       27, 207, 209, 253, 82, 42, 103, 251, 176, 219, 219, 69, 127, 243,
       123, 78, 114, 131, 190, 255, 251, 188, 171, 233, 215, 255, 123,
       244, 246, 189, 235, 148, 41, 111, 171, 127, 157, 179, 253, 111,
       243, 206, 155, 255, 192, 205, 192, 227, 185, 137, 190, 255, 255,
       236, 171, 237, 223, 255, 91, 244, 244, 253, 235, 212, 57, 111,
       239, 127, 141, 187, 254, 239, 243, 238, 255, 255, 192, 205, 208,
       227, 185, 143, 255, 249, 247, 252, 28, 255, 252, 191, 222, 189,
       247, 253, 255, 223, 167, 255, 243, 223, 255, 247, 101, 110, 255,
       238, 223, 239, 174, 223, 247, 239, 245, 141, 22, 125, 245, 100,
       42, 121, 58, 124, 234, 119, 244, 223, 3, 145, 121, 118, 157, 31,
       46, 225, 244, 97, 78, 198, 235, 99, 128, 108, 249, 65, 177, 63,
       223, 107, 239, 246, 147, 239, 253, 85, 72, 253, 230, 121, 239,
       191, 96, 126, 235, 23, 239, 219, 179, 45, 255, 122, 239, 175, 204,
       127, 187, 240, 241, 143, 254, 251, 247, 252, 124, 255, 252, 253,
       222, 189, 246, 253, 255, 223, 167, 127, 243, 223, 238, 241, 101,
       126, 239, 239, 223, 239, 140, 207, 247, 231, 241, 61, 255, 107,
       238, 244, 159, 239, 248, 87, 200, 252, 206, 115, 233, 191, 32,
       126, 234, 23, 239, 203, 178, 60, 191, 126, 205, 167, 160, 127,
       251, 242, 241, 126, 223, 251, 238, 254, 79, 127, 252, 63, 236,
       255, 175, 125, 255, 175, 80, 254, 255, 255, 227, 200, 147, 187,
       255, 255, 255, 175, 175, 55, 255, 164, 251, 220, 245, 188, 166,
       188, 111, 94, 188, 174, 238, 159, 25, 223, 127, 75, 83, 215, 215,
       253, 99, 124, 69, 251, 46, 251, 215, 111, 189, 32, 243, 173, 83,
       92, 125, 188, 230, 168, 79, 95, 185, 163, 238, 191, 9, 223, 127,
       75, 83, 214, 215, 253, 98, 88, 67, 217, 40, 251, 233, 101, 189,
       34, 243, 142, 83, 252, 113, 252, 230, 169, 93, 87, 156, 163, 254,
       181, 9, 95, 223, 75, 27, 156, 213, 253, 114, 72, 71, 251, 160,
       251, 217, 101, 63, 98, 243, 78, 115, 122, 181, 178, 250, 157, 253,
       80, 111, 223, 29, 189, 25, 174, 253, 110, 80, 201, 187, 255, 17,
       62, 107, 218, 215, 219, 223, 146, 123, 210, 76, 222, 10, 124, 176,
       188, 250, 141, 253, 80, 216, 255, 63, 181, 25, 223, 221, 78, 154,
       217, 147, 255, 18, 58, 103, 250, 179, 219, 223, 81, 127, 242, 77,
       78, 83, 129, 174, 255, 241, 236, 171, 233, 151, 127, 251, 246,
       246, 255, 235, 144, 105, 111, 231, 126, 156, 179, 252, 111, 243,
       222, 219, 247, 192, 236, 200, 225, 185, 129, 190, 255, 247, 230,
       171, 237, 247, 127, 243, 246, 254, 255, 235, 144, 105, 127, 238,
       126, 28, 179, 252, 239, 254, 222, 235, 119, 192, 237, 200, 209,
       185, 237, 190, 189, 243, 173, 172, 111, 146, 251, 251, 54, 92,
       255, 125, 89, 59, 141, 70, 126, 30, 179, 124, 251, 163, 207, 251,
       117, 212, 202, 249, 194, 241, 143, 255, 253, 254, 252, 63, 255,
       252, 191, 222, 189, 247, 253, 255, 223, 167, 255, 243, 255, 239,
       245, 102, 110, 255, 254, 223, 239, 172, 222, 255, 237, 245, 58,
       253, 254, 255, 253, 223, 191, 239, 191, 254, 253, 63, 110, 254,
       110, 247, 255, 255, 255, 3, 254, 235, 186, 255, 255, 255, 207,
       191, 87, 126, 255, 215, 31, 255, 254, 223, 254, 219, 255, 252,
       127, 236, 254, 231, 253, 254, 190, 228, 127, 255, 255, 239, 245,
       251, 239, 255, 254, 255, 175, 231, 63, 255, 253, 253, 137, 22,
       189, 245, 36, 46, 125, 51, 124, 234, 119, 116, 223, 55, 145, 123,
       183, 7, 127, 44, 161, 244, 97, 78, 198, 251, 115, 128, 140, 224,
       1, 177, 62, 245, 118, 207, 253, 119, 222, 236, 63, 198, 252, 3,
       234, 254, 31, 244, 255, 223, 255, 231, 236, 227, 251, 239, 191,
       255, 143, 31, 87, 127, 238, 246, 253, 127, 255, 255, 238, 95, 255,
       248, 63, 238, 247, 239, 223, 255, 191, 251, 255, 253, 255, 238,
       229, 247, 251, 254, 255, 251, 231, 181, 63, 255, 111, 243, 207,
       215, 255, 254, 252, 127, 255, 252, 191, 222, 189, 255, 253, 255,
       255, 227, 255, 251, 255, 239, 245, 103, 46, 255, 254, 223, 239,
       172, 159, 255, 237, 245, 252, 113, 252, 226, 169, 93, 87, 152,
       163, 254, 181, 9, 95, 223, 75, 155, 141, 213, 253, 114, 108, 71,
       251, 176, 219, 217, 101, 61, 98, 115, 78, 115, 124, 117, 188, 230,
       174, 111, 95, 184, 160, 254, 191, 45, 223, 127, 75, 83, 151, 215,
       253, 98, 232, 67, 249, 42, 251, 233, 101, 189, 34, 251, 14, 115,
       223, 254, 127, 255, 126, 91, 255, 252, 63, 238, 254, 167, 255,
       255, 151, 241, 127, 253, 255, 231, 237, 243, 239, 255, 246, 251,
       239, 131, 47, 255, 101, 243, 255, 62, 255, 255, 239, 95, 255, 248,
       63, 238, 247, 239, 255, 255, 159, 243, 255, 253, 255, 238, 237,
       243, 251, 234, 255, 251, 231, 149, 111, 255, 111, 243, 43, 191,
       246, 223, 255, 159, 255, 255, 127, 237, 254, 231, 236, 255, 182,
       244, 255, 255, 255, 205, 197, 251, 239, 255, 62, 62, 175, 130, 31,
       254, 249, 253, 126, 252, 246, 254, 253, 95, 223, 232, 191, 238,
       245, 11, 78, 255, 47, 244, 249, 253, 255, 98, 104, 227, 251, 254,
       251, 255, 199, 63, 115, 127, 126, 247, 62, 180, 255, 206, 221,
       127, 222, 232, 255, 238, 253, 10, 74, 254, 63, 180, 249, 253, 255,
       227, 173, 99, 250, 255, 191, 255, 135, 63, 211, 127, 126, 246,
       127, 181, 250, 239, 253, 127, 254, 232, 127, 230, 253, 15, 202,
       254, 63, 240, 255, 223, 255, 231, 237, 227, 251, 254, 255, 255,
       143, 63, 215, 127, 255, 214, 62, 245, 62, 254, 221, 95, 223, 236,
       191, 230, 253, 11, 78, 254, 47, 176, 249, 255, 255, 227, 108, 99,
       251, 255, 187, 255, 143, 63, 83, 127, 255, 214, 254, 253, 254,
       190, 221, 95, 255, 236, 191, 230, 253, 11, 238, 254, 63, 81, 253,
       253, 255, 227, 108, 227, 251, 255, 247, 255, 207, 63, 23, 127,
       255, 210, 222, 255, 190, 190, 187, 221, 190, 236, 191, 158, 159,
       45, 236, 254, 111, 211, 255, 123, 239, 195, 102, 67, 154, 255,
       251, 247, 79, 187, 18, 119, 175, 215, 61, 253, 123, 238, 246, 223,
       255, 252, 95, 232, 125, 110, 123, 253, 189, 32, 126, 255, 23, 235,
       201, 178, 60, 255, 126, 205, 167, 160, 127, 251, 226, 249, 191,
       253, 255, 254, 189, 223, 255, 236, 191, 254, 246, 51, 238, 254,
       111, 247, 255, 255, 255, 195, 239, 231, 251, 255, 251, 255, 207,
       191, 215, 127, 239, 247, 246, 254, 254, 191, 253, 127, 255, 252,
       191, 254, 247, 63, 239, 255, 79, 219, 255, 255, 255, 243, 254,
       231, 251, 255, 255, 251, 255, 191, 197, 123, 239, 223, 220, 181,
       188, 247, 188, 110, 95, 184, 62, 238, 159, 25, 255, 127, 27, 66,
       183, 87, 253, 99, 108, 197, 249, 62, 251, 231, 239, 149, 164, 123,
       141, 83, 92, 117, 188, 167, 172, 110, 95, 188, 172, 238, 191, 9,
       223, 127, 75, 83, 215, 215, 253, 98, 120, 67, 249, 42, 251, 231,
       101, 53, 32, 243, 143, 83, 124, 125, 188, 230, 169, 79, 95, 184,
       163, 254, 190, 9, 223, 127, 75, 83, 150, 215, 253, 106, 72, 67,
       249, 40, 251, 249, 101, 189, 34, 243, 142, 99, 205, 188, 189, 247,
