%YAML:1.0
---
descriptors: !!opencv-matrix
   rows: 302
   cols: 32
   dt: u
   data: [ 213, 79, 220, 71, 148, 62, 70, 152, 117, 170, 255, 68, 67, 96,
       151, 252, 113, 238, 44, 254, 172, 240, 205, 42, 170, 255, 37, 4,
       227, 247, 104, 5, 5, 117, 49, 71, 117, 78, 103, 184, 124, 224,
       107, 72, 214, 113, 9, 48, 144, 92, 80, 106, 193, 176, 249, 46, 37,
       188, 5, 6, 72, 51, 67, 179, 112, 162, 191, 126, 104, 64, 17, 73,
       170, 189, 161, 57, 116, 231, 76, 26, 129, 119, 109, 16, 2, 67,
       170, 17, 217, 162, 125, 255, 0, 32, 135, 115, 221, 34, 158, 182,
       168, 40, 92, 146, 162, 179, 167, 89, 215, 227, 67, 219, 131, 231,
       108, 28, 60, 69, 203, 32, 218, 227, 119, 29, 168, 241, 139, 0,
       248, 184, 253, 116, 40, 252, 81, 214, 226, 221, 164, 56, 51, 183,
       194, 59, 5, 246, 124, 8, 43, 75, 178, 33, 219, 235, 117, 57, 226,
       192, 70, 123, 1, 159, 159, 101, 48, 14, 111, 184, 124, 232, 90,
       100, 245, 115, 144, 112, 54, 108, 52, 110, 161, 208, 125, 47, 236,
       174, 39, 128, 8, 162, 1, 57, 93, 85, 125, 101, 176, 14, 79, 184,
       96, 232, 190, 76, 211, 113, 145, 114, 22, 68, 124, 110, 233, 176,
       253, 14, 229, 239, 101, 148, 104, 243, 66, 49, 252, 108, 252, 114,
       141, 47, 87, 202, 211, 182, 164, 24, 67, 225, 79, 31, 9, 214, 236,
       58, 58, 103, 251, 50, 251, 203, 85, 61, 243, 249, 198, 34, 252,
       94, 191, 116, 168, 44, 85, 183, 160, 186, 182, 120, 127, 119, 1,
       91, 135, 247, 109, 42, 104, 71, 203, 32, 211, 235, 117, 152, 96,
       240, 198, 43, 93, 221, 127, 103, 176, 78, 79, 188, 100, 234, 254,
       64, 247, 119, 137, 112, 54, 246, 28, 106, 233, 176, 121, 46, 227,
       239, 37, 132, 104, 242, 224, 49, 93, 221, 93, 239, 176, 110, 79,
       188, 52, 168, 255, 96, 247, 119, 137, 112, 22, 214, 93, 106, 249,
       144, 121, 47, 225, 239, 37, 144, 32, 243, 224, 49, 236, 48, 189,
       99, 173, 109, 81, 152, 91, 255, 165, 24, 222, 125, 73, 58, 145,
       16, 253, 58, 27, 102, 251, 18, 207, 223, 81, 127, 210, 75, 71,
       115, 196, 188, 157, 118, 168, 236, 20, 175, 187, 179, 170, 56,
       254, 247, 76, 123, 135, 119, 125, 18, 51, 77, 155, 115, 235, 250,
       85, 122, 136, 112, 135, 59, 104, 180, 188, 123, 173, 253, 81, 15,
       255, 63, 173, 24, 190, 185, 72, 27, 137, 18, 232, 16, 58, 106,
       251, 147, 207, 223, 80, 127, 210, 72, 198, 42, 197, 70, 148, 71,
       160, 62, 102, 152, 120, 186, 43, 84, 206, 98, 205, 255, 149, 68,
       108, 126, 180, 212, 205, 66, 140, 186, 103, 4, 200, 243, 75, 5,
       174, 168, 148, 58, 201, 189, 16, 207, 139, 23, 161, 25, 174, 233,
       110, 159, 201, 34, 234, 16, 62, 111, 202, 177, 155, 210, 81, 123,
       210, 76, 202, 134, 5, 120, 19, 69, 64, 78, 231, 16, 104, 200, 98,
       72, 242, 20, 133, 180, 48, 124, 64, 106, 1, 180, 177, 104, 37,
       168, 32, 0, 73, 179, 67, 164, 92, 100, 188, 247, 172, 46, 125,
       152, 175, 186, 183, 0, 223, 111, 25, 75, 239, 85, 125, 171, 136,
       193, 203, 184, 207, 251, 239, 148, 164, 243, 1, 3, 92, 144, 188,
       247, 44, 12, 89, 25, 175, 187, 183, 8, 223, 255, 72, 91, 199, 213,
       125, 24, 154, 65, 219, 128, 203, 251, 117, 252, 128, 160, 131, 51,
       248, 184, 188, 240, 41, 204, 89, 155, 187, 187, 182, 24, 191, 191,
       64, 123, 135, 151, 253, 24, 58, 79, 242, 19, 219, 251, 115, 126,
       194, 128, 71, 123, 234, 188, 180, 252, 237, 173, 92, 255, 255,
       187, 184, 24, 255, 249, 84, 91, 201, 231, 127, 144, 186, 111, 219,
       243, 255, 219, 215, 122, 210, 88, 242, 11, 232, 188, 188, 248,
       173, 253, 84, 223, 255, 187, 180, 24, 191, 249, 68, 59, 201, 246,
       255, 24, 186, 111, 242, 147, 219, 219, 87, 122, 210, 88, 210, 11,
       248, 188, 190, 248, 173, 253, 85, 223, 255, 59, 180, 24, 190, 189,
       84, 59, 205, 179, 255, 24, 186, 111, 242, 147, 219, 219, 85, 123,
       210, 76, 198, 59, 40, 164, 152, 123, 153, 237, 16, 142, 31, 53,
       44, 25, 174, 43, 74, 152, 129, 91, 227, 16, 22, 104, 219, 51, 207,
       215, 20, 127, 210, 76, 206, 138, 109, 85, 157, 103, 128, 14, 103,
       184, 96, 234, 239, 76, 214, 113, 25, 115, 16, 68, 108, 110, 233,
       240, 249, 12, 229, 187, 101, 20, 72, 243, 66, 33, 77, 116, 157,
       103, 161, 110, 119, 152, 120, 234, 39, 8, 222, 49, 73, 58, 145,
       92, 104, 106, 97, 244, 249, 74, 229, 191, 69, 6, 200, 115, 67, 35,
       69, 181, 157, 3, 172, 79, 231, 152, 122, 251, 11, 88, 214, 112,
       217, 42, 17, 76, 120, 127, 209, 112, 249, 2, 173, 14, 101, 116,
       200, 123, 209, 32, 73, 53, 157, 115, 129, 126, 117, 23, 57, 243,
       47, 20, 158, 55, 64, 251, 133, 23, 248, 24, 49, 216, 241, 66, 239,
       251, 86, 70, 138, 64, 131, 115, 248, 172, 218, 112, 138, 233, 85,
       215, 179, 183, 164, 185, 63, 151, 66, 27, 35, 214, 205, 16, 58,
       79, 138, 34, 219, 195, 117, 125, 226, 192, 134, 42, 120, 174, 254,
       240, 170, 233, 93, 215, 178, 23, 164, 185, 55, 167, 66, 27, 47,
       178, 109, 24, 58, 75, 130, 49, 219, 195, 116, 121, 226, 192, 134,
       43, 69, 85, 17, 71, 49, 94, 86, 48, 105, 232, 47, 64, 222, 51, 5,
       116, 148, 116, 120, 106, 65, 144, 241, 78, 167, 252, 7, 18, 74,
       50, 75, 50, 125, 113, 81, 65, 81, 95, 82, 24, 105, 232, 45, 8, 26,
       17, 5, 180, 144, 188, 68, 106, 73, 178, 241, 14, 179, 221, 1, 54,
       106, 179, 74, 38, 252, 185, 156, 114, 168, 173, 80, 223, 178, 191,
       164, 29, 55, 243, 74, 26, 129, 146, 237, 16, 26, 107, 218, 51,
       219, 205, 117, 125, 234, 192, 202, 27, 193, 188, 159, 23, 160,
       174, 37, 183, 126, 91, 102, 84, 247, 243, 192, 123, 37, 110, 106,
       12, 179, 252, 187, 55, 205, 171, 118, 64, 200, 192, 131, 169, 237,
       116, 189, 103, 173, 127, 71, 136, 91, 242, 37, 8, 210, 125, 73,
       59, 145, 84, 120, 122, 105, 116, 249, 34, 231, 219, 69, 54, 194,
       123, 86, 98, 229, 199, 124, 125, 176, 30, 87, 185, 125, 174, 102,
       93, 211, 120, 135, 113, 151, 70, 108, 46, 236, 240, 109, 30, 238,
       255, 101, 20, 88, 248, 200, 1, 77, 117, 49, 71, 113, 14, 102, 184,
       121, 224, 106, 72, 222, 113, 9, 180, 148, 92, 80, 106, 225, 176,
       249, 110, 37, 188, 5, 4, 74, 51, 67, 161, 221, 34, 158, 180, 168,
       56, 88, 130, 235, 187, 162, 121, 143, 162, 195, 219, 131, 199,
       236, 20, 28, 71, 131, 34, 218, 243, 119, 253, 168, 241, 139, 1,
       37, 117, 145, 71, 85, 95, 102, 184, 107, 224, 43, 72, 214, 113,
       77, 182, 145, 92, 64, 122, 65, 240, 249, 12, 45, 156, 5, 52, 74,
       59, 66, 50, 101, 116, 145, 71, 193, 110, 103, 152, 106, 242, 43,
       8, 214, 115, 73, 62, 145, 84, 120, 122, 1, 244, 249, 8, 77, 184,
       69, 52, 202, 115, 66, 50, 44, 225, 57, 107, 217, 77, 67, 136, 98,
       53, 45, 8, 210, 85, 72, 48, 145, 88, 64, 106, 11, 96, 251, 17,
       109, 157, 5, 125, 80, 27, 198, 226, 25, 85, 27, 103, 48, 14, 111,
       56, 116, 200, 126, 100, 247, 119, 128, 112, 54, 124, 28, 110, 225,
       144, 121, 46, 228, 175, 39, 128, 40, 163, 1, 49, 228, 176, 156,
       250, 232, 205, 1, 143, 206, 59, 160, 24, 182, 209, 72, 90, 129,
       18, 106, 24, 19, 111, 219, 49, 205, 146, 117, 124, 216, 72, 199,
       170, 184, 172, 155, 127, 148, 230, 67, 251, 118, 139, 226, 80,
       115, 243, 32, 120, 217, 126, 44, 24, 59, 254, 89, 63, 201, 239,
       53, 64, 224, 64, 228, 42, 89, 13, 93, 103, 150, 110, 103, 53, 100,
       160, 235, 0, 243, 115, 1, 115, 50, 246, 108, 106, 121, 184, 121,
       44, 245, 235, 37, 16, 97, 242, 64, 40, 35, 63, 234, 86, 242, 240,
       190, 71, 106, 207, 125, 167, 40, 254, 238, 176, 63, 123, 147, 149,
       135, 155, 166, 99, 62, 45, 62, 171, 205, 86, 239, 223, 253, 113,
       253, 103, 44, 78, 71, 184, 97, 234, 183, 72, 87, 117, 193, 51, 22,
       212, 124, 106, 201, 240, 249, 8, 247, 233, 101, 52, 106, 179, 70,
       113, 212, 188, 221, 119, 168, 110, 69, 191, 178, 187, 166, 112,
       215, 119, 200, 123, 7, 86, 108, 24, 57, 205, 235, 32, 201, 227,
       117, 84, 160, 240, 134, 49, 252, 105, 190, 100, 137, 79, 71, 252,
