%YAML:1.0
---
descriptors: !!opencv-matrix
   rows: 313
   cols: 32
   dt: u
   data: [ 221, 0, 189, 247, 44, 42, 121, 24, 252, 250, 183, 80, 223,
       103, 153, 123, 103, 197, 125, 110, 169, 229, 235, 162, 194, 255,
       99, 148, 164, 251, 1, 113, 200, 184, 189, 241, 169, 253, 125, 159,
       251, 123, 182, 24, 158, 191, 64, 59, 133, 87, 125, 24, 179, 77,
       251, 241, 207, 219, 127, 254, 194, 64, 135, 123, 108, 52, 189, 97,
       173, 111, 83, 152, 107, 190, 173, 24, 215, 125, 73, 58, 145, 84,
       125, 122, 24, 112, 249, 16, 207, 223, 97, 117, 210, 107, 70, 50,
       85, 84, 93, 231, 188, 110, 79, 184, 36, 234, 191, 72, 215, 119,
       137, 114, 87, 212, 125, 106, 105, 144, 249, 14, 237, 239, 101,
       148, 40, 243, 0, 51, 120, 188, 59, 112, 217, 237, 81, 71, 251, 21,
       172, 24, 54, 183, 64, 52, 137, 186, 64, 24, 26, 107, 242, 55, 91,
       223, 16, 123, 194, 64, 198, 234, 241, 188, 247, 114, 169, 253, 84,
       215, 251, 91, 180, 120, 59, 253, 198, 63, 171, 243, 252, 16, 191,
       111, 178, 177, 219, 219, 116, 251, 235, 192, 198, 127, 248, 240,
       255, 114, 136, 236, 69, 220, 163, 151, 165, 24, 115, 247, 200, 26,
       39, 246, 108, 26, 58, 107, 186, 49, 219, 235, 116, 120, 224, 210,
       230, 106, 109, 113, 57, 71, 113, 79, 119, 56, 104, 232, 47, 8,
       210, 21, 13, 48, 148, 92, 80, 106, 193, 240, 249, 14, 111, 221, 5,
       52, 66, 179, 71, 242, 196, 102, 216, 165, 168, 42, 79, 152, 34,
       182, 46, 137, 215, 99, 75, 91, 19, 196, 108, 62, 44, 68, 201, 2,
       194, 161, 101, 29, 160, 243, 74, 2, 69, 117, 17, 69, 17, 78, 119,
       56, 104, 224, 107, 8, 222, 49, 9, 54, 144, 84, 88, 106, 65, 240,
       217, 78, 165, 190, 1, 6, 72, 51, 67, 50, 85, 69, 93, 101, 18, 78,
       71, 56, 100, 160, 42, 0, 83, 49, 17, 114, 50, 212, 124, 106, 105,
       176, 81, 14, 231, 175, 37, 16, 96, 178, 64, 32, 76, 69, 253, 103,
       168, 74, 95, 184, 120, 162, 47, 8, 215, 115, 9, 115, 22, 212, 108,
       106, 104, 240, 217, 14, 237, 255, 101, 20, 96, 243, 70, 32, 20,
       253, 159, 103, 145, 70, 71, 252, 54, 174, 234, 0, 83, 243, 41, 81,
       249, 222, 104, 106, 120, 209, 57, 46, 233, 239, 69, 4, 160, 115,
       228, 34, 224, 172, 157, 249, 200, 237, 69, 143, 158, 51, 40, 24,
       182, 51, 64, 123, 129, 83, 106, 24, 51, 108, 211, 51, 205, 150,
       84, 120, 144, 88, 135, 42, 244, 44, 172, 178, 140, 109, 69, 159,
       146, 251, 142, 25, 215, 253, 83, 59, 137, 246, 125, 25, 56, 71,
       251, 34, 217, 131, 253, 125, 128, 121, 214, 122, 193, 136, 189,
       91, 169, 189, 129, 142, 238, 115, 164, 24, 166, 48, 206, 111, 129,
       3, 104, 28, 166, 109, 123, 49, 139, 218, 84, 122, 208, 88, 129,
       108, 69, 114, 144, 133, 50, 10, 38, 24, 125, 226, 107, 236, 222,
       82, 137, 180, 182, 77, 92, 107, 197, 212, 221, 74, 164, 52, 11, 6,
       8, 115, 11, 5, 252, 165, 254, 118, 138, 201, 85, 121, 178, 183,
       165, 56, 115, 231, 72, 27, 59, 182, 109, 26, 122, 99, 170, 3, 217,
       195, 101, 57, 225, 226, 134, 98, 193, 174, 156, 153, 236, 169,
       104, 7, 254, 19, 66, 208, 181, 162, 240, 107, 3, 42, 106, 28, 50,
       92, 199, 115, 204, 130, 118, 104, 152, 200, 129, 136, 208, 184,
       189, 48, 136, 237, 81, 31, 226, 115, 162, 24, 151, 177, 64, 59,
       129, 151, 108, 16, 59, 109, 211, 49, 217, 131, 113, 120, 232, 64,
       135, 42, 129, 142, 207, 127, 164, 170, 97, 23, 118, 19, 98, 244,
       243, 97, 144, 121, 19, 46, 44, 28, 187, 252, 69, 63, 76, 171, 116,
       64, 236, 192, 208, 40, 129, 142, 207, 49, 228, 168, 97, 151, 118,
       19, 98, 212, 179, 163, 208, 107, 67, 46, 42, 28, 51, 252, 199, 51,
       204, 167, 118, 64, 172, 192, 193, 168, 220, 172, 156, 50, 137,
       233, 84, 143, 178, 183, 164, 25, 111, 231, 74, 155, 129, 247, 237,
       18, 62, 79, 202, 51, 219, 195, 117, 125, 160, 81, 142, 74, 126,
       237, 114, 175, 252, 11, 238, 248, 109, 128, 251, 10, 237, 235, 29,
       64, 255, 239, 127, 227, 200, 179, 203, 237, 190, 255, 175, 132, 7,
       251, 225, 128, 101, 117, 21, 111, 25, 79, 67, 184, 122, 160, 40,
       8, 210, 119, 9, 48, 144, 84, 104, 106, 1, 112, 249, 60, 229, 188,
       5, 52, 64, 51, 66, 34, 69, 181, 17, 231, 145, 78, 103, 184, 40,
       168, 107, 72, 214, 115, 8, 48, 144, 84, 92, 106, 17, 208, 217, 12,
       237, 190, 37, 4, 8, 99, 67, 49, 52, 237, 234, 238, 212, 131, 239,
       252, 87, 160, 253, 10, 115, 235, 189, 112, 122, 239, 23, 234, 200,
       179, 108, 189, 250, 205, 167, 172, 117, 251, 242, 160, 156, 68,
       127, 231, 44, 10, 111, 184, 236, 178, 183, 2, 223, 99, 153, 107,
       127, 196, 124, 106, 233, 197, 111, 60, 214, 235, 231, 148, 36,
       187, 33, 33, 221, 48, 189, 247, 168, 44, 89, 25, 171, 251, 183,
       112, 223, 127, 200, 123, 135, 213, 125, 56, 185, 69, 227, 192,
       203, 251, 127, 220, 128, 224, 131, 115, 92, 176, 189, 224, 168,
       108, 89, 29, 171, 255, 151, 124, 223, 127, 72, 123, 135, 151, 253,
       49, 187, 69, 251, 192, 219, 251, 127, 252, 130, 192, 135, 115,
       178, 172, 254, 223, 236, 187, 252, 207, 191, 187, 242, 19, 236,
       238, 180, 107, 255, 255, 127, 149, 186, 255, 235, 243, 158, 62,
       223, 242, 149, 72, 241, 221, 48, 173, 221, 191, 188, 43, 239, 255,
       62, 171, 250, 82, 247, 231, 128, 64, 127, 255, 127, 136, 121, 250,
       235, 63, 252, 175, 255, 192, 164, 248, 163, 169, 84, 85, 93, 231,
       176, 78, 79, 184, 36, 170, 255, 72, 215, 119, 9, 114, 86, 212,
       125, 106, 41, 144, 249, 14, 237, 239, 37, 148, 32, 243, 64, 33,
       205, 81, 61, 101, 36, 78, 119, 56, 105, 232, 119, 8, 214, 53, 9,
       51, 148, 84, 124, 106, 225, 240, 249, 8, 231, 249, 101, 4, 64,
       179, 71, 115, 244, 240, 157, 115, 136, 110, 85, 152, 50, 187, 165,
       24, 215, 119, 73, 59, 145, 212, 108, 122, 57, 100, 251, 32, 203,
       203, 101, 124, 192, 115, 198, 34, 226, 190, 247, 82, 168, 233,
       149, 215, 251, 27, 176, 120, 54, 254, 196, 59, 175, 243, 109, 16,
       179, 111, 170, 115, 25, 154, 116, 250, 193, 64, 199, 63, 252, 228,
       255, 114, 168, 232, 87, 220, 179, 159, 173, 24, 115, 247, 200, 26,
       35, 246, 108, 90, 58, 103, 170, 35, 251, 235, 117, 124, 225, 211,
       230, 99, 165, 142, 220, 115, 176, 191, 87, 191, 118, 63, 126, 124,
       215, 97, 138, 113, 23, 206, 4, 60, 190, 252, 109, 63, 238, 143,
       53, 116, 248, 248, 200, 1, 76, 113, 57, 71, 112, 78, 103, 56, 121,
       232, 127, 8, 222, 119, 9, 48, 144, 92, 84, 106, 193, 240, 249, 12,
       103, 253, 37, 4, 66, 179, 71, 179, 93, 38, 220, 165, 168, 42, 92,
       139, 98, 190, 174, 25, 215, 35, 195, 91, 131, 196, 108, 60, 60,
       66, 193, 0, 202, 225, 117, 53, 160, 241, 202, 0, 69, 117, 17, 71,
       21, 15, 118, 56, 104, 224, 107, 12, 214, 49, 9, 180, 144, 68, 80,
       106, 193, 240, 217, 12, 37, 188, 1, 6, 72, 51, 67, 34, 70, 239,
       189, 118, 168, 192, 31, 168, 187, 190, 41, 169, 230, 239, 205, 19,
       151, 115, 237, 66, 98, 67, 170, 123, 235, 150, 109, 191, 0, 115,
       7, 99, 229, 180, 252, 87, 180, 58, 119, 184, 122, 227, 119, 124,
       215, 121, 155, 57, 23, 78, 116, 42, 181, 244, 253, 46, 238, 255,
       117, 68, 236, 251, 218, 17, 37, 241, 17, 95, 92, 141, 99, 184,
       214, 16, 97, 76, 243, 209, 9, 48, 88, 106, 74, 74, 67, 98, 218,
       63, 101, 172, 1, 56, 88, 59, 82, 160, 81, 69, 93, 101, 20, 78, 71,
       56, 100, 160, 234, 64, 83, 49, 17, 112, 48, 212, 72, 106, 105,
       176, 81, 14, 241, 174, 0, 16, 97, 178, 64, 32, 108, 69, 220, 103,
       0, 74, 103, 168, 97, 162, 111, 8, 215, 115, 9, 114, 18, 212, 104,
       106, 72, 240, 217, 8, 231, 239, 69, 21, 96, 243, 70, 34, 108, 97,
       216, 103, 137, 74, 86, 136, 115, 162, 175, 8, 215, 113, 73, 26,
       19, 220, 104, 122, 72, 112, 217, 10, 231, 207, 69, 53, 226, 243,
       74, 2, 124, 213, 31, 102, 145, 78, 71, 168, 181, 166, 174, 0, 82,
       115, 9, 83, 241, 212, 104, 106, 104, 225, 25, 46, 249, 175, 69,
       20, 96, 115, 100, 34, 69, 245, 157, 103, 165, 46, 119, 189, 122,
