%YAML:1.0
---
descriptors: !!opencv-matrix
   rows: 322
   cols: 32
   dt: u
   data: [ 108, 224, 185, 114, 137, 77, 87, 140, 35, 55, 173, 24, 214,
       117, 72, 26, 153, 82, 104, 90, 90, 98, 251, 51, 235, 223, 69, 127,
       194, 83, 198, 98, 113, 79, 93, 103, 180, 14, 79, 188, 96, 168,
       186, 108, 211, 97, 153, 115, 22, 196, 108, 110, 233, 176, 205, 46,
       228, 234, 101, 148, 104, 243, 194, 33, 248, 168, 254, 112, 138,
       201, 81, 215, 178, 53, 164, 56, 55, 183, 64, 26, 43, 178, 237, 16,
       26, 107, 162, 49, 219, 195, 116, 121, 225, 192, 198, 107, 112,
       168, 191, 248, 138, 232, 81, 23, 162, 23, 164, 57, 55, 183, 64,
       90, 35, 183, 109, 16, 26, 79, 162, 49, 219, 231, 112, 121, 160,
       192, 134, 106, 208, 16, 159, 116, 40, 108, 65, 55, 176, 155, 162,
       24, 215, 55, 0, 123, 3, 246, 108, 8, 57, 77, 179, 4, 217, 163,
       116, 80, 160, 224, 134, 43, 120, 176, 251, 112, 42, 237, 81, 83,
       163, 29, 164, 60, 55, 151, 66, 26, 39, 178, 109, 24, 26, 79, 178,
       17, 219, 201, 112, 121, 224, 128, 6, 123, 5, 117, 17, 71, 113, 78,
       230, 184, 124, 232, 107, 72, 222, 81, 13, 176, 144, 92, 80, 106,
       193, 176, 121, 46, 37, 188, 1, 6, 72, 51, 67, 177, 141, 223, 31,
       103, 176, 14, 111, 188, 116, 234, 126, 100, 245, 115, 129, 112,
       54, 126, 52, 110, 225, 208, 125, 46, 236, 239, 103, 132, 42, 242,
       129, 57, 117, 93, 125, 103, 176, 78, 79, 188, 96, 232, 190, 104,
       119, 119, 137, 112, 86, 244, 92, 106, 233, 129, 121, 46, 227, 239,
       37, 148, 96, 243, 196, 49, 212, 188, 157, 242, 168, 237, 5, 143,
       186, 251, 130, 88, 150, 247, 72, 59, 167, 87, 125, 16, 59, 77,
       251, 114, 153, 130, 127, 126, 128, 80, 135, 57, 92, 213, 25, 231,
       176, 79, 79, 185, 52, 170, 255, 96, 215, 119, 137, 112, 23, 214,
       93, 106, 121, 144, 121, 46, 233, 239, 37, 148, 32, 243, 196, 49,
       124, 85, 125, 102, 168, 78, 79, 188, 225, 168, 191, 72, 215, 119,
       137, 115, 22, 212, 124, 106, 201, 3, 249, 44, 243, 233, 101, 148,
       96, 243, 70, 49, 148, 220, 153, 167, 180, 46, 127, 184, 54, 170,
       95, 113, 215, 119, 9, 64, 119, 95, 125, 106, 120, 144, 73, 46,
       236, 231, 47, 132, 160, 243, 129, 49, 124, 77, 93, 103, 144, 74,
       71, 184, 96, 160, 170, 8, 87, 115, 1, 115, 50, 215, 124, 106, 105,
       177, 121, 44, 241, 233, 101, 20, 96, 179, 66, 32, 64, 168, 157,
       255, 200, 237, 49, 135, 154, 19, 96, 24, 182, 243, 64, 90, 129,
       122, 106, 24, 50, 76, 218, 51, 205, 167, 84, 120, 144, 72, 133,
       170, 76, 117, 57, 103, 113, 78, 55, 56, 57, 232, 127, 108, 222,
       119, 137, 48, 148, 93, 253, 98, 193, 208, 249, 78, 239, 223, 37,
       150, 74, 179, 7, 115, 72, 190, 148, 59, 169, 185, 16, 151, 159,
       27, 168, 117, 174, 243, 64, 218, 135, 51, 236, 16, 54, 72, 67, 51,
       202, 247, 116, 91, 218, 76, 136, 27, 69, 113, 17, 71, 85, 79, 119,
       56, 104, 224, 107, 8, 214, 113, 13, 48, 144, 92, 80, 106, 65, 176,
       249, 14, 37, 190, 1, 2, 72, 51, 67, 162, 22, 237, 246, 143, 254,
       11, 254, 232, 63, 162, 251, 10, 206, 234, 61, 65, 255, 207, 127,
       227, 240, 243, 201, 254, 188, 190, 207, 182, 197, 255, 241, 129,
       92, 209, 156, 167, 172, 14, 126, 184, 174, 184, 155, 32, 223, 123,
       9, 83, 230, 213, 125, 99, 72, 193, 203, 172, 238, 243, 239, 148,
       164, 187, 1, 3, 92, 80, 156, 228, 40, 12, 89, 24, 175, 184, 183,
       40, 223, 215, 73, 91, 166, 213, 125, 90, 8, 65, 219, 144, 219,
       249, 99, 156, 32, 163, 3, 35, 1, 145, 18, 77, 83, 158, 50, 53,
       108, 0, 106, 68, 254, 50, 36, 245, 242, 47, 18, 106, 197, 184, 17,
       93, 36, 184, 2, 2, 88, 2, 105, 143, 248, 188, 180, 248, 173, 189,
       80, 95, 255, 59, 180, 24, 174, 185, 68, 27, 201, 162, 127, 16,
       186, 111, 242, 147, 159, 219, 85, 122, 210, 72, 210, 11, 248, 176,
       180, 240, 45, 253, 81, 87, 255, 59, 180, 24, 191, 187, 64, 59,
       133, 179, 253, 24, 186, 111, 242, 147, 219, 219, 80, 123, 210, 72,
       71, 43, 133, 134, 197, 155, 236, 169, 228, 138, 254, 147, 227,
       212, 213, 226, 217, 91, 107, 66, 106, 30, 51, 101, 207, 115, 140,
       2, 119, 124, 148, 233, 195, 160, 205, 112, 149, 101, 41, 62, 116,
       28, 121, 250, 39, 92, 222, 113, 73, 191, 144, 212, 252, 106, 225,
       244, 251, 74, 135, 251, 69, 22, 74, 117, 75, 39, 205, 120, 149,
       118, 41, 108, 81, 24, 249, 218, 167, 40, 254, 115, 73, 191, 129,
       117, 108, 114, 33, 100, 251, 106, 199, 251, 85, 26, 202, 113, 67,
       51, 220, 190, 156, 50, 171, 169, 20, 143, 187, 59, 172, 185, 174,
       231, 74, 155, 135, 83, 237, 16, 54, 77, 138, 51, 250, 215, 125,
       127, 144, 84, 143, 27, 105, 253, 184, 115, 217, 221, 85, 159, 123,
       245, 44, 28, 190, 61, 70, 182, 133, 78, 208, 28, 183, 120, 249,
       51, 239, 221, 21, 118, 202, 84, 203, 254, 248, 174, 220, 114, 170,
       232, 81, 87, 178, 191, 164, 185, 7, 167, 66, 27, 39, 247, 237, 16,
       58, 79, 170, 34, 219, 195, 117, 121, 224, 192, 134, 107, 197, 116,
       157, 3, 188, 47, 167, 152, 122, 250, 11, 92, 214, 112, 89, 43,
       145, 70, 120, 127, 177, 240, 249, 42, 173, 142, 101, 52, 200, 123,
       211, 32, 45, 113, 49, 97, 1, 95, 82, 8, 105, 224, 173, 8, 222, 18,
       77, 52, 152, 28, 64, 122, 73, 50, 241, 12, 231, 220, 1, 118, 74,
       35, 66, 38, 248, 170, 252, 112, 170, 169, 81, 87, 162, 55, 164,
       189, 51, 135, 66, 27, 47, 146, 101, 152, 58, 79, 130, 0, 219, 203,
       112, 121, 225, 192, 198, 251, 248, 174, 220, 114, 168, 173, 85,
       223, 178, 63, 164, 25, 55, 243, 66, 27, 9, 242, 109, 24, 58, 111,
       218, 51, 219, 203, 117, 121, 226, 192, 206, 43, 248, 188, 247,
       114, 171, 253, 85, 215, 179, 191, 164, 56, 47, 247, 64, 191, 39,
       246, 236, 16, 58, 111, 170, 227, 219, 219, 85, 59, 226, 196, 134,
       99, 209, 143, 95, 101, 176, 14, 71, 179, 116, 136, 250, 68, 243,
       97, 144, 113, 22, 102, 108, 110, 249, 184, 101, 46, 232, 239, 101,
       80, 104, 162, 194, 33, 216, 152, 191, 116, 138, 108, 81, 23, 162,
       23, 166, 56, 119, 183, 64, 91, 39, 246, 109, 8, 56, 79, 178, 1,
       217, 227, 112, 88, 160, 224, 166, 107, 197, 71, 20, 71, 160, 62,
       102, 184, 121, 170, 107, 76, 215, 114, 153, 247, 21, 68, 108, 110,
       225, 240, 237, 46, 164, 186, 101, 4, 74, 243, 74, 5, 133, 174,
       220, 113, 176, 31, 127, 186, 126, 63, 54, 92, 215, 98, 154, 113,
       23, 78, 108, 60, 182, 252, 109, 63, 238, 207, 53, 116, 248, 240,
       201, 1, 21, 93, 89, 103, 48, 14, 111, 188, 116, 234, 126, 100,
       247, 119, 129, 112, 54, 100, 60, 106, 233, 144, 125, 46, 230, 239,
       37, 128, 104, 243, 64, 57, 85, 221, 125, 103, 180, 78, 79, 188,
       112, 234, 254, 64, 243, 119, 137, 112, 86, 212, 28, 106, 233, 144,
       121, 46, 235, 175, 37, 148, 104, 242, 192, 57, 108, 52, 189, 99,
       45, 111, 81, 152, 91, 255, 181, 24, 223, 93, 73, 58, 153, 212,
       124, 58, 11, 102, 249, 18, 207, 223, 53, 125, 194, 251, 70, 115,
       253, 121, 189, 119, 40, 78, 87, 152, 97, 186, 165, 8, 215, 87, 73,
       59, 148, 212, 124, 106, 201, 103, 251, 32, 211, 233, 101, 60, 96,
       179, 70, 51, 252, 112, 189, 99, 40, 111, 83, 152, 115, 250, 165,
       24, 215, 87, 73, 58, 153, 212, 124, 122, 41, 103, 251, 2, 219,
       219, 101, 60, 194, 243, 70, 51, 212, 188, 221, 119, 168, 110, 69,
       190, 178, 191, 166, 88, 83, 119, 201, 123, 5, 214, 108, 58, 57,
       205, 251, 34, 201, 235, 117, 84, 160, 240, 134, 49, 192, 188, 157,
       91, 232, 237, 37, 159, 250, 59, 36, 24, 182, 243, 72, 123, 1, 90,
       106, 24, 51, 111, 218, 49, 205, 162, 117, 124, 216, 72, 195, 170,
       108, 181, 189, 115, 173, 125, 81, 25, 239, 63, 173, 24, 223, 125,
       72, 58, 153, 146, 236, 24, 26, 107, 251, 145, 223, 223, 81, 127,
       210, 74, 198, 34, 100, 109, 19, 222, 93, 197, 199, 224, 248, 128,
       233, 8, 246, 243, 33, 48, 216, 249, 98, 75, 73, 227, 250, 108,
       177, 190, 7, 24, 64, 59, 98, 162, 116, 109, 211, 39, 87, 10, 230,
