%YAML:1.0
---
descriptors: !!opencv-matrix
   rows: 226
   cols: 32
   dt: u
   data: [ 182, 237, 214, 255, 252, 43, 238, 236, 63, 162, 251, 146, 207,
       234, 29, 17, 251, 207, 127, 227, 104, 243, 205, 255, 190, 254,
       207, 148, 229, 251, 243, 128, 220, 52, 188, 250, 169, 253, 81, 91,
       179, 123, 181, 24, 159, 247, 74, 59, 133, 147, 253, 24, 58, 71,
       250, 19, 219, 219, 117, 125, 226, 193, 135, 115, 77, 117, 145, 71,
       243, 126, 118, 184, 121, 226, 107, 8, 222, 112, 13, 181, 146, 92,
       80, 106, 101, 240, 217, 78, 39, 190, 5, 6, 74, 115, 75, 151, 248,
       174, 252, 114, 168, 173, 81, 223, 178, 191, 164, 24, 51, 231, 66,
       27, 13, 242, 109, 24, 58, 79, 234, 49, 219, 203, 117, 121, 227,
       192, 198, 107, 36, 81, 113, 77, 84, 79, 71, 56, 120, 224, 105, 8,
       82, 21, 141, 48, 24, 92, 64, 106, 65, 176, 121, 14, 39, 173, 37,
       52, 81, 187, 70, 161, 236, 125, 252, 119, 172, 63, 127, 184, 59,
       250, 183, 56, 223, 127, 75, 59, 151, 215, 125, 106, 232, 231, 251,
       170, 239, 219, 103, 149, 194, 243, 199, 115, 200, 252, 189, 243,
       169, 253, 85, 191, 155, 127, 44, 24, 190, 191, 72, 59, 131, 83,
       249, 16, 114, 76, 250, 179, 239, 223, 85, 127, 210, 88, 135, 123,
       20, 189, 91, 239, 180, 175, 127, 221, 38, 169, 222, 34, 247, 115,
       8, 64, 118, 255, 93, 248, 26, 185, 73, 63, 248, 229, 47, 144, 164,
       218, 161, 43, 236, 53, 189, 97, 161, 111, 113, 27, 59, 187, 167,
       24, 223, 55, 72, 59, 149, 23, 125, 48, 59, 116, 241, 2, 207, 223,
       117, 116, 194, 192, 198, 51, 112, 170, 250, 120, 136, 233, 81, 87,
       162, 21, 164, 25, 55, 135, 64, 27, 9, 178, 109, 16, 26, 75, 162,
       17, 219, 129, 112, 121, 224, 192, 198, 106, 180, 172, 223, 255,
       148, 171, 103, 255, 118, 163, 106, 82, 243, 99, 136, 64, 123, 238,
       38, 152, 57, 248, 79, 63, 236, 231, 119, 68, 225, 248, 224, 168,
       248, 188, 188, 250, 173, 237, 81, 223, 255, 59, 180, 24, 191, 253,
       64, 59, 201, 178, 253, 24, 58, 111, 250, 179, 219, 219, 84, 123,
       210, 72, 198, 59, 248, 180, 190, 120, 169, 253, 81, 223, 251, 59,
       164, 24, 191, 255, 76, 59, 137, 211, 253, 24, 58, 111, 242, 179,
       219, 219, 117, 123, 194, 72, 199, 123, 182, 109, 246, 255, 252,
       43, 238, 237, 125, 162, 251, 26, 239, 234, 29, 65, 127, 239, 127,
       227, 248, 243, 201, 239, 190, 222, 207, 128, 245, 251, 225, 0, 69,
       103, 144, 39, 176, 62, 110, 152, 121, 170, 43, 64, 207, 98, 203,
       250, 183, 69, 108, 126, 180, 208, 201, 106, 172, 254, 103, 4, 128,
       243, 201, 5, 149, 238, 239, 255, 238, 43, 111, 255, 118, 243, 246,
       246, 243, 227, 152, 105, 127, 206, 126, 142, 249, 252, 239, 239,
       252, 239, 247, 196, 237, 249, 240, 177, 77, 103, 16, 5, 116, 30,
       102, 184, 105, 168, 119, 76, 214, 0, 159, 148, 144, 76, 68, 110,
       197, 240, 201, 12, 38, 184, 37, 4, 74, 179, 74, 133, 237, 113, 61,
       103, 172, 78, 87, 184, 105, 232, 63, 76, 215, 125, 217, 51, 148,
       84, 124, 106, 193, 112, 249, 40, 231, 249, 101, 20, 72, 251, 194,
       113, 212, 92, 95, 247, 44, 14, 93, 188, 180, 186, 246, 120, 247,
       87, 137, 115, 54, 244, 125, 106, 105, 197, 121, 47, 243, 235, 103,
       144, 32, 177, 64, 41, 220, 28, 189, 247, 40, 110, 123, 26, 56,
       186, 255, 56, 223, 119, 1, 123, 183, 245, 125, 42, 169, 213, 251,
       42, 199, 251, 113, 148, 160, 241, 70, 51, 124, 176, 188, 240, 41,
       205, 81, 24, 187, 187, 181, 24, 223, 223, 72, 59, 133, 149, 253,
       16, 58, 67, 250, 17, 219, 219, 113, 125, 194, 128, 70, 51, 212,
       189, 95, 239, 180, 143, 127, 189, 52, 168, 254, 32, 247, 83, 128,
       81, 118, 247, 93, 106, 120, 169, 73, 61, 235, 233, 39, 212, 36,
       186, 129, 41, 232, 252, 189, 123, 169, 253, 85, 190, 223, 63, 44,
       24, 190, 63, 72, 59, 133, 83, 255, 80, 115, 108, 250, 179, 239,
       223, 85, 127, 210, 88, 135, 59, 226, 188, 254, 223, 236, 169, 252,
       207, 191, 27, 240, 50, 172, 254, 92, 91, 239, 255, 255, 145, 178,
       255, 203, 243, 28, 59, 255, 238, 149, 88, 243, 139, 96, 172, 218,
       191, 236, 173, 252, 207, 62, 43, 250, 3, 245, 238, 88, 88, 255,
       255, 127, 145, 18, 190, 203, 243, 220, 239, 255, 248, 149, 90,
       227, 137, 226, 188, 246, 223, 236, 169, 252, 207, 191, 243, 242,
       179, 236, 255, 94, 91, 239, 239, 127, 149, 178, 127, 203, 243, 30,
       122, 223, 250, 151, 220, 243, 217, 232, 252, 188, 250, 173, 253,
       87, 182, 255, 27, 172, 24, 190, 255, 64, 59, 129, 115, 253, 82,
       122, 110, 250, 179, 235, 223, 84, 123, 210, 89, 198, 58, 252, 188,
       220, 118, 169, 109, 85, 191, 163, 191, 164, 61, 119, 247, 74, 31,
       1, 246, 237, 8, 56, 79, 219, 32, 219, 243, 117, 57, 226, 240, 198,
       123, 248, 180, 188, 248, 173, 253, 81, 95, 251, 59, 180, 24, 191,
       189, 64, 59, 205, 179, 253, 24, 58, 111, 242, 147, 219, 219, 84,
       123, 210, 200, 198, 59, 148, 221, 127, 239, 180, 15, 111, 188, 52,
       170, 119, 112, 215, 115, 137, 113, 119, 254, 29, 106, 249, 176,
       105, 63, 239, 239, 37, 132, 180, 251, 192, 33, 221, 212, 121, 239,
       176, 14, 79, 188, 52, 170, 255, 96, 215, 119, 137, 112, 119, 214,
       29, 106, 233, 148, 105, 47, 231, 239, 37, 132, 160, 243, 192, 33,
       232, 188, 180, 248, 173, 237, 84, 223, 255, 187, 188, 24, 170,
       249, 84, 27, 201, 230, 127, 24, 186, 111, 210, 179, 219, 219, 85,
       122, 210, 72, 210, 10, 237, 112, 189, 99, 45, 111, 83, 152, 91,
       250, 53, 24, 223, 93, 75, 59, 145, 84, 124, 122, 163, 116, 251,
       50, 207, 219, 101, 52, 194, 251, 70, 115, 240, 190, 220, 114, 168,
       173, 81, 223, 179, 191, 164, 29, 55, 227, 66, 27, 13, 242, 109,
       24, 58, 79, 218, 51, 219, 203, 117, 121, 224, 192, 206, 11, 236,
       180, 180, 251, 173, 253, 81, 57, 223, 59, 173, 24, 222, 121, 72,
       59, 217, 146, 255, 24, 59, 110, 251, 147, 207, 223, 81, 127, 210,
       78, 210, 34, 246, 236, 244, 255, 253, 47, 254, 252, 63, 186, 251,
       26, 239, 123, 29, 65, 251, 207, 127, 227, 232, 247, 201, 255, 191,
       222, 207, 158, 215, 251, 226, 137, 182, 236, 198, 255, 252, 43,
       238, 232, 63, 170, 251, 26, 235, 234, 29, 65, 251, 207, 127, 227,
       120, 247, 203, 239, 190, 254, 207, 180, 245, 123, 225, 128, 248,
       190, 222, 122, 154, 233, 81, 215, 179, 23, 164, 185, 39, 231, 74,
       26, 39, 186, 237, 144, 58, 79, 138, 51, 219, 199, 116, 121, 226,
       192, 166, 123, 13, 113, 16, 69, 81, 30, 118, 56, 105, 224, 107,
       76, 222, 16, 9, 180, 144, 76, 64, 110, 193, 240, 217, 12, 37, 252,
       1, 6, 74, 51, 75, 130, 252, 244, 188, 255, 173, 63, 86, 184, 127,
       187, 189, 24, 223, 125, 77, 27, 157, 214, 253, 122, 184, 102, 251,
       186, 239, 223, 101, 116, 194, 251, 194, 19, 244, 237, 254, 114,
       136, 169, 87, 220, 178, 151, 164, 25, 119, 231, 75, 27, 1, 242,
       109, 90, 122, 71, 138, 51, 251, 195, 117, 61, 224, 241, 198, 34,
       248, 172, 254, 82, 173, 189, 85, 223, 243, 191, 180, 24, 59, 241,
       86, 63, 41, 242, 253, 24, 186, 111, 186, 179, 219, 219, 85, 59,
       227, 208, 206, 43, 120, 41, 251, 96, 139, 201, 83, 81, 162, 5,
       172, 8, 59, 151, 64, 18, 32, 178, 237, 80, 26, 11, 162, 1, 251,
       205, 32, 121, 227, 130, 230, 106, 204, 180, 189, 113, 161, 110,
       49, 27, 187, 255, 167, 57, 222, 183, 74, 59, 183, 23, 253, 48, 51,
       85, 187, 66, 207, 223, 117, 247, 194, 64, 135, 115, 96, 184, 157,
       80, 200, 233, 1, 203, 170, 51, 160, 8, 150, 151, 72, 27, 129, 19,
       106, 16, 19, 107, 218, 113, 217, 130, 85, 126, 208, 64, 135, 58,
       244, 168, 220, 118, 136, 109, 84, 223, 147, 191, 180, 25, 35, 233,
       71, 27, 9, 246, 237, 16, 58, 111, 218, 34, 219, 219, 85, 59, 227,
       248, 206, 26, 221, 253, 254, 247, 172, 46, 95, 188, 59, 186, 191,
       56, 255, 255, 75, 83, 215, 215, 125, 106, 232, 231, 203, 42, 251,
       251, 103, 148, 162, 243, 195, 3, 221, 221, 188, 255, 188, 46, 95,
       188, 191, 186, 191, 56, 223, 255, 201, 83, 247, 215, 125, 106,
