%YAML:1.0
---
descriptors: !!opencv-matrix
   rows: 137
   cols: 32
   dt: u
   data: [ 69, 116, 157, 103, 161, 110, 119, 152, 120, 234, 47, 24, 214,
       113, 73, 59, 145, 84, 104, 106, 97, 240, 249, 10, 229, 255, 69, 4,
       200, 115, 195, 35, 108, 69, 57, 111, 189, 79, 71, 168, 85, 172,
       237, 8, 211, 117, 9, 48, 216, 220, 124, 106, 105, 178, 121, 46,
       231, 255, 5, 52, 80, 251, 86, 98, 124, 101, 57, 103, 221, 79, 71,
       168, 81, 164, 239, 8, 83, 121, 25, 48, 88, 220, 96, 106, 72, 242,
       249, 46, 247, 255, 133, 21, 99, 251, 86, 226, 80, 184, 159, 120,
       136, 236, 81, 23, 230, 51, 166, 24, 183, 215, 64, 122, 33, 183,
       108, 16, 26, 77, 211, 49, 217, 225, 112, 120, 224, 192, 135, 42,
       248, 170, 255, 112, 138, 232, 81, 71, 162, 23, 164, 24, 39, 167,
       64, 27, 33, 183, 237, 16, 58, 79, 162, 1, 219, 227, 112, 121, 224,
       192, 134, 42, 37, 113, 49, 69, 101, 79, 230, 40, 106, 224, 43, 72,
       214, 16, 69, 52, 144, 92, 64, 106, 65, 240, 249, 28, 37, 152, 1,
       54, 72, 59, 66, 167, 133, 87, 19, 103, 176, 14, 111, 188, 116,
       234, 119, 100, 215, 115, 153, 112, 54, 76, 60, 110, 225, 144, 61,
       46, 228, 174, 39, 132, 42, 179, 1, 49, 100, 101, 104, 103, 52, 11,
       110, 40, 121, 160, 111, 9, 211, 105, 25, 16, 146, 76, 121, 111,
       68, 176, 205, 14, 102, 255, 5, 53, 101, 187, 90, 2, 252, 48, 253,
       118, 136, 109, 85, 159, 227, 183, 165, 24, 83, 183, 72, 59, 9,
       214, 236, 26, 56, 103, 251, 0, 219, 203, 117, 61, 227, 240, 198,
       98, 244, 44, 252, 114, 137, 237, 81, 203, 211, 183, 164, 25, 19,
       253, 69, 27, 137, 214, 108, 16, 58, 111, 250, 50, 219, 219, 85,
       127, 241, 73, 198, 34, 197, 103, 157, 71, 176, 14, 102, 152, 122,
       162, 42, 68, 215, 98, 201, 122, 147, 68, 104, 126, 225, 208, 217,
       106, 172, 190, 39, 4, 200, 243, 67, 32, 246, 182, 253, 126, 169,
       240, 85, 175, 187, 191, 165, 57, 102, 255, 76, 27, 129, 247, 237,
       16, 62, 79, 170, 51, 219, 247, 117, 191, 160, 97, 134, 99, 244,
       252, 189, 118, 168, 109, 71, 188, 242, 190, 161, 24, 215, 119, 73,
       59, 129, 214, 108, 106, 121, 101, 251, 34, 249, 203, 117, 60, 192,
       241, 198, 32, 248, 190, 156, 50, 168, 173, 84, 223, 178, 191, 164,
       61, 55, 227, 67, 27, 39, 243, 109, 16, 58, 79, 202, 51, 218, 195,
       117, 121, 232, 208, 142, 11, 124, 101, 184, 110, 157, 77, 87, 104,
       83, 164, 173, 8, 82, 249, 75, 16, 217, 216, 233, 122, 74, 99, 219,
       31, 251, 207, 5, 61, 211, 123, 86, 34, 108, 253, 181, 99, 153, 79,
       87, 172, 115, 190, 172, 8, 214, 117, 73, 54, 145, 214, 108, 122,
       107, 98, 251, 54, 239, 223, 69, 126, 194, 123, 198, 98, 44, 253,
       57, 103, 189, 79, 71, 184, 115, 168, 175, 8, 242, 117, 73, 48,
       153, 254, 108, 106, 105, 240, 249, 62, 239, 223, 5, 52, 64, 123,
       70, 34, 120, 171, 123, 120, 218, 233, 17, 103, 227, 21, 172, 56,
       35, 151, 68, 48, 11, 186, 192, 16, 26, 107, 162, 21, 219, 197, 16,
       121, 227, 128, 198, 234, 242, 170, 214, 242, 233, 173, 76, 215,
       187, 27, 176, 89, 46, 235, 68, 31, 165, 163, 125, 28, 58, 79, 130,
       241, 155, 218, 84, 251, 194, 192, 202, 11, 13, 71, 16, 71, 116,
       31, 102, 56, 125, 168, 123, 76, 214, 96, 157, 180, 180, 76, 70,
       110, 228, 176, 73, 78, 38, 188, 33, 4, 74, 179, 75, 133, 245, 74,
       234, 119, 164, 42, 71, 143, 117, 238, 226, 17, 115, 104, 151, 88,
       241, 238, 44, 14, 236, 244, 237, 42, 210, 239, 117, 17, 225, 241,
       244, 72, 69, 71, 84, 71, 36, 30, 102, 184, 121, 170, 107, 76, 195,
       96, 159, 214, 16, 68, 108, 110, 197, 176, 205, 14, 166, 190, 101,
       4, 74, 179, 74, 5, 77, 71, 68, 7, 180, 26, 102, 184, 117, 232,
       123, 228, 195, 96, 155, 213, 16, 196, 108, 110, 237, 240, 77, 46,
       166, 254, 101, 132, 74, 179, 88, 5, 237, 112, 249, 103, 100, 78,
       87, 152, 97, 234, 37, 8, 83, 85, 73, 59, 144, 92, 116, 106, 193,
       116, 249, 8, 103, 153, 101, 52, 74, 251, 70, 241, 108, 112, 185,
       99, 45, 111, 83, 152, 107, 250, 37, 8, 223, 85, 73, 58, 145, 220,
       124, 122, 11, 116, 249, 0, 207, 221, 37, 124, 194, 251, 70, 115,
       208, 168, 157, 122, 136, 237, 17, 11, 222, 19, 160, 24, 183, 211,
       64, 123, 129, 19, 104, 16, 58, 79, 203, 49, 217, 162, 113, 124,
       208, 72, 7, 42, 213, 60, 157, 182, 168, 46, 71, 158, 178, 179,
       163, 88, 215, 243, 73, 27, 129, 214, 108, 114, 57, 69, 219, 34,
       249, 227, 117, 60, 168, 121, 130, 34, 126, 69, 213, 46, 155, 66,
       22, 232, 51, 132, 233, 173, 111, 231, 9, 214, 210, 213, 236, 98,
       124, 67, 203, 139, 186, 246, 69, 63, 58, 119, 42, 22, 85, 96, 149,
       37, 1, 14, 74, 24, 105, 224, 163, 76, 207, 2, 27, 214, 180, 197,
       104, 239, 205, 214, 221, 72, 128, 248, 67, 20, 8, 39, 35, 4, 60,
       103, 80, 103, 17, 26, 118, 168, 117, 164, 251, 40, 75, 107, 9,
       148, 56, 220, 204, 226, 72, 178, 201, 206, 246, 237, 133, 7, 99,
       179, 110, 2, 116, 99, 74, 103, 85, 75, 103, 56, 112, 164, 127, 11,
       67, 105, 27, 16, 56, 204, 109, 98, 72, 176, 217, 14, 247, 175, 37,
       5, 97, 51, 86, 2, 208, 168, 159, 112, 136, 236, 81, 151, 178, 55,
       166, 24, 55, 151, 64, 90, 33, 183, 108, 16, 58, 79, 179, 49, 217,
       225, 113, 121, 160, 192, 134, 42, 109, 245, 57, 107, 157, 79, 71,
       168, 91, 112, 45, 8, 210, 117, 73, 48, 153, 92, 104, 106, 75, 96,
       251, 31, 239, 223, 5, 60, 82, 59, 66, 34, 77, 117, 57, 103, 117,
       78, 119, 184, 121, 232, 111, 72, 222, 117, 9, 48, 144, 92, 124,
       106, 65, 240, 249, 78, 231, 255, 5, 4, 74, 51, 67, 51, 205, 117,
       157, 103, 161, 110, 119, 184, 120, 234, 111, 88, 222, 113, 9, 59,
       145, 84, 124, 106, 225, 240, 249, 10, 229, 255, 101, 4, 200, 115,
       195, 51, 69, 117, 25, 103, 240, 14, 103, 184, 104, 168, 107, 76,
       214, 115, 9, 16, 177, 76, 72, 110, 65, 176, 217, 110, 237, 173,
       37, 4, 72, 115, 67, 35, 109, 101, 184, 103, 181, 30, 103, 184,
       123, 232, 47, 12, 214, 121, 95, 50, 145, 68, 104, 126, 192, 240,
       249, 10, 239, 255, 69, 52, 202, 243, 74, 0, 213, 190, 157, 178,
       170, 169, 4, 207, 186, 251, 129, 253, 247, 242, 73, 91, 135, 231,
       108, 19, 63, 79, 202, 51, 152, 178, 127, 250, 168, 81, 131, 19,
       236, 101, 81, 71, 112, 91, 103, 168, 113, 160, 107, 8, 211, 117,
       141, 180, 24, 220, 64, 106, 105, 176, 237, 14, 39, 156, 5, 53, 67,
       251, 70, 160, 242, 168, 255, 90, 202, 248, 81, 199, 187, 23, 164,
       56, 34, 255, 68, 59, 171, 179, 108, 16, 62, 79, 170, 115, 91, 154,
       84, 123, 225, 192, 230, 110, 108, 245, 181, 99, 249, 95, 87, 172,
       123, 186, 172, 8, 222, 117, 73, 182, 145, 86, 236, 122, 99, 114,
       249, 50, 175, 222, 69, 119, 194, 115, 198, 34, 108, 253, 49, 103,
       185, 79, 87, 188, 123, 232, 47, 8, 254, 117, 73, 176, 144, 94,
       108, 106, 73, 112, 249, 61, 239, 223, 5, 54, 66, 123, 70, 42, 56,
       169, 120, 120, 219, 201, 81, 103, 163, 21, 172, 24, 43, 151, 0,
       16, 9, 186, 192, 16, 26, 43, 242, 21, 91, 197, 16, 121, 115, 128,
       198, 170, 229, 112, 185, 71, 100, 78, 103, 56, 104, 234, 53, 72,
       210, 117, 221, 59, 148, 92, 116, 106, 193, 244, 249, 8, 103, 185,
       101, 52, 72, 243, 66, 241, 116, 160, 157, 118, 136, 109, 85, 153,
       162, 183, 161, 25, 87, 247, 72, 27, 137, 214, 108, 50, 26, 103,
       219, 32, 217, 195, 117, 124, 224, 115, 198, 34, 80, 140, 159, 190,
       168, 172, 69, 151, 182, 27, 162, 88, 247, 243, 0, 91, 35, 231,
       108, 8, 58, 73, 155, 49, 217, 227, 118, 80, 160, 80, 131, 42, 124,
       117, 208, 110, 155, 91, 22, 168, 19, 164, 173, 173, 75, 99, 11,
       212, 90, 220, 236, 98, 78, 67, 219, 31, 250, 231, 37, 63, 123,
       247, 78, 19, 248, 169, 254, 114, 168, 205, 81, 213, 226, 29, 164,
       8, 55, 215, 72, 27, 130, 178, 236, 80, 26, 107, 234, 49, 219, 193,
       100, 121, 224, 128, 198, 43, 208, 168, 158, 112, 136, 232, 81,
       151, 162, 23, 166, 25, 55, 247, 64, 90, 161, 246, 109, 16, 58, 79,
