%YAML:1.0
---
descriptors: !!opencv-matrix
   rows: 273
   cols: 32
   dt: u
   data: [ 36, 241, 49, 67, 253, 79, 71, 168, 110, 176, 41, 8, 210, 85,
       77, 52, 145, 92, 66, 122, 65, 112, 121, 62, 45, 156, 5, 118, 208,
       59, 70, 160, 231, 166, 132, 146, 200, 44, 4, 143, 179, 183, 160,
       221, 198, 226, 79, 31, 205, 207, 104, 20, 63, 79, 203, 34, 156,
       18, 85, 126, 200, 120, 130, 148, 213, 162, 148, 147, 169, 60, 76,
       158, 251, 187, 162, 84, 206, 226, 201, 223, 135, 71, 108, 28, 181,
       69, 203, 224, 136, 250, 127, 254, 138, 113, 139, 5, 133, 223, 31,
       55, 176, 14, 111, 184, 124, 234, 90, 100, 245, 115, 153, 112, 55,
       110, 54, 110, 225, 208, 77, 47, 228, 175, 39, 128, 8, 243, 1, 185,
       93, 93, 125, 103, 176, 14, 79, 184, 112, 234, 126, 100, 243, 115,
       153, 112, 54, 196, 28, 110, 233, 176, 125, 46, 232, 239, 37, 132,
       104, 243, 66, 49, 196, 184, 157, 254, 170, 224, 21, 175, 170, 187,
       162, 56, 244, 247, 72, 123, 131, 119, 109, 128, 51, 79, 170, 33,
       217, 162, 127, 189, 128, 112, 135, 59, 253, 113, 253, 103, 168,
       78, 87, 184, 97, 234, 183, 72, 211, 117, 201, 51, 20, 212, 124,
       106, 201, 112, 249, 8, 227, 249, 101, 52, 107, 243, 66, 113, 93,
       93, 125, 103, 176, 78, 79, 188, 97, 232, 191, 76, 119, 119, 137,
       114, 86, 214, 92, 106, 233, 144, 121, 46, 227, 239, 101, 144, 104,
       243, 194, 49, 224, 236, 157, 254, 204, 237, 21, 175, 222, 19, 164,
       24, 246, 243, 104, 91, 193, 114, 106, 8, 35, 111, 218, 51, 197,
       163, 114, 121, 208, 88, 135, 42, 236, 52, 189, 99, 173, 125, 81,
       152, 91, 255, 181, 24, 222, 93, 75, 59, 153, 16, 255, 58, 59, 100,
       251, 16, 207, 219, 65, 125, 194, 107, 70, 115, 252, 112, 189, 103,
       40, 78, 83, 152, 115, 250, 181, 24, 215, 85, 73, 59, 149, 212,
       124, 122, 169, 102, 249, 32, 199, 217, 101, 52, 224, 243, 70, 115,
       248, 94, 156, 118, 168, 44, 85, 191, 160, 186, 166, 120, 95, 55,
       1, 91, 135, 215, 109, 34, 104, 71, 203, 34, 211, 235, 117, 28, 96,
       240, 134, 43, 230, 236, 246, 191, 236, 43, 254, 238, 191, 179,
       251, 146, 238, 239, 93, 75, 255, 223, 255, 195, 248, 103, 203,
       251, 190, 254, 223, 188, 215, 249, 243, 137, 5, 229, 192, 3, 140,
       59, 103, 136, 126, 182, 47, 128, 195, 96, 203, 79, 51, 76, 106,
       122, 100, 240, 237, 24, 172, 130, 69, 117, 226, 251, 89, 68, 84,
       97, 116, 103, 38, 11, 126, 40, 121, 160, 99, 72, 207, 121, 29,
       146, 178, 213, 125, 99, 64, 240, 201, 78, 164, 254, 69, 22, 68,
       179, 67, 0, 38, 229, 242, 207, 252, 43, 238, 232, 127, 162, 251,
       10, 204, 234, 61, 80, 255, 205, 127, 99, 224, 243, 203, 234, 190,
       190, 207, 172, 133, 251, 241, 128, 164, 104, 123, 69, 64, 106, 99,
       80, 96, 128, 102, 104, 83, 23, 129, 57, 48, 116, 68, 122, 1, 244,
       161, 40, 69, 137, 33, 0, 97, 179, 102, 160, 92, 165, 249, 114,
       154, 233, 21, 203, 162, 53, 173, 24, 31, 247, 72, 26, 35, 147,
       200, 16, 26, 75, 186, 53, 251, 197, 21, 125, 224, 1, 135, 98, 92,
       144, 188, 247, 172, 12, 89, 152, 175, 186, 183, 40, 223, 215, 203,
       123, 231, 213, 125, 58, 184, 65, 235, 128, 203, 251, 119, 252,
       130, 161, 3, 35, 232, 172, 180, 248, 173, 189, 92, 223, 223, 187,
       188, 25, 174, 253, 84, 27, 205, 230, 127, 28, 186, 111, 219, 179,
       159, 219, 85, 122, 210, 76, 214, 107, 233, 188, 180, 248, 173,
       253, 81, 223, 255, 127, 180, 24, 191, 191, 66, 59, 205, 179, 253,
       24, 190, 111, 242, 147, 219, 219, 84, 122, 210, 204, 194, 75, 246,
       252, 246, 255, 237, 175, 220, 239, 191, 187, 240, 26, 239, 252,
       84, 123, 239, 247, 255, 145, 186, 239, 203, 243, 191, 222, 223,
       254, 193, 248, 226, 137, 234, 172, 164, 252, 237, 173, 220, 223,
       191, 187, 184, 25, 238, 253, 84, 91, 205, 247, 255, 17, 186, 111,
       219, 243, 159, 219, 215, 122, 211, 220, 246, 186, 145, 140, 195,
       187, 148, 168, 100, 239, 118, 19, 66, 210, 163, 227, 104, 201,
       113, 106, 34, 156, 50, 220, 207, 51, 172, 130, 87, 64, 176, 192,
       225, 136, 145, 172, 206, 191, 134, 171, 97, 135, 118, 147, 66, 18,
       179, 226, 112, 72, 113, 106, 34, 152, 58, 220, 79, 51, 204, 199,
       215, 64, 176, 200, 224, 168, 77, 116, 149, 103, 129, 110, 119,
       184, 120, 234, 107, 8, 222, 113, 9, 59, 177, 84, 104, 106, 97,
       244, 185, 10, 229, 251, 69, 6, 74, 115, 67, 35, 105, 253, 184, 83,
       249, 221, 85, 191, 123, 115, 44, 28, 190, 51, 70, 182, 129, 94,
       240, 24, 247, 120, 251, 51, 111, 223, 21, 118, 202, 80, 203, 254,
       197, 124, 157, 23, 172, 47, 231, 156, 122, 250, 3, 92, 214, 112,
       217, 43, 145, 70, 120, 127, 241, 116, 251, 34, 237, 10, 101, 52,
       200, 123, 211, 48, 216, 188, 189, 112, 138, 233, 17, 23, 178, 183,
       164, 185, 55, 183, 64, 27, 39, 247, 237, 144, 58, 79, 186, 34,
       217, 195, 117, 125, 224, 64, 134, 106, 214, 236, 148, 186, 137,
       249, 20, 143, 187, 55, 128, 25, 238, 242, 73, 159, 129, 243, 236,
       19, 62, 71, 202, 179, 153, 210, 93, 123, 144, 84, 143, 14, 240,
       170, 254, 120, 138, 233, 81, 71, 178, 23, 164, 185, 39, 135, 64,
       27, 33, 179, 109, 16, 58, 79, 162, 49, 217, 195, 112, 121, 176,
       192, 166, 122, 152, 50, 253, 97, 162, 107, 65, 83, 32, 191, 166,
       56, 19, 7, 192, 27, 47, 148, 100, 56, 56, 117, 161, 0, 89, 139,
       113, 116, 225, 224, 198, 99, 45, 113, 17, 97, 49, 95, 114, 24,
       105, 232, 111, 8, 222, 16, 69, 180, 146, 92, 84, 122, 65, 176,
       249, 14, 167, 221, 5, 38, 74, 179, 75, 183, 244, 42, 204, 244,
       138, 32, 93, 159, 162, 183, 166, 185, 87, 167, 65, 91, 3, 214,
       109, 136, 56, 71, 234, 0, 217, 227, 245, 189, 160, 240, 134, 122,
       36, 181, 57, 67, 221, 95, 214, 169, 95, 113, 45, 24, 214, 60, 76,
       52, 145, 26, 194, 114, 119, 112, 121, 23, 47, 221, 5, 119, 210,
       11, 215, 166, 240, 188, 220, 114, 168, 173, 81, 214, 162, 191,
       164, 29, 51, 243, 66, 27, 9, 242, 109, 24, 58, 111, 218, 51, 219,
       203, 117, 121, 232, 209, 206, 10, 205, 53, 149, 71, 241, 126, 54,
       168, 123, 234, 47, 24, 222, 114, 77, 190, 147, 92, 112, 122, 117,
       240, 249, 74, 47, 255, 69, 6, 202, 115, 203, 151, 5, 95, 27, 103,
       48, 14, 111, 184, 116, 202, 126, 100, 247, 115, 129, 112, 54, 108,
       60, 110, 225, 144, 121, 46, 228, 239, 39, 128, 40, 243, 1, 49, 92,
       180, 140, 183, 154, 38, 21, 155, 162, 183, 134, 149, 215, 103, 75,
       91, 101, 215, 253, 148, 56, 197, 219, 32, 219, 227, 253, 181, 168,
       112, 134, 114, 125, 93, 125, 103, 176, 78, 79, 184, 96, 232, 190,
       64, 87, 119, 137, 114, 22, 212, 124, 106, 233, 176, 249, 46, 227,
       237, 37, 148, 104, 243, 66, 49, 252, 188, 253, 118, 137, 109, 85,
       190, 179, 190, 164, 24, 115, 247, 73, 31, 9, 246, 236, 10, 120,
       79, 250, 34, 219, 203, 117, 61, 226, 240, 198, 106, 252, 108, 252,
       82, 141, 109, 85, 223, 211, 183, 181, 24, 67, 241, 79, 31, 9, 214,
       236, 26, 42, 103, 250, 50, 251, 219, 85, 61, 243, 249, 198, 34,
       192, 188, 157, 250, 200, 237, 5, 207, 206, 59, 160, 24, 182, 243,
       72, 91, 129, 18, 106, 8, 51, 107, 218, 49, 221, 130, 117, 124,
       216, 88, 131, 42, 236, 112, 189, 99, 45, 111, 83, 152, 91, 251,
       181, 24, 215, 93, 73, 59, 153, 84, 124, 122, 43, 100, 251, 18,
       207, 219, 101, 52, 194, 251, 70, 115, 21, 149, 57, 239, 180, 46,
       79, 189, 52, 168, 255, 64, 215, 119, 137, 112, 87, 222, 93, 42,
       185, 144, 105, 63, 233, 237, 39, 148, 160, 243, 128, 33, 85, 213,
       61, 231, 176, 46, 79, 188, 36, 168, 191, 64, 215, 119, 136, 112,
       20, 214, 124, 106, 249, 129, 121, 46, 241, 239, 37, 148, 32, 243,
       192, 49, 132, 236, 255, 255, 236, 169, 255, 254, 62, 187, 243, 82,
       247, 235, 89, 91, 255, 127, 127, 155, 226, 244, 203, 51, 252, 139,
       255, 160, 164, 249, 129, 169, 196, 237, 254, 255, 236, 169, 127,
       255, 191, 179, 251, 27, 215, 234, 93, 91, 239, 231, 127, 147, 186,
