%YAML:1.0
---
descriptors: !!opencv-matrix
   rows: 157
   cols: 32
   dt: u
   data: [ 69, 117, 16, 69, 113, 14, 102, 56, 120, 224, 107, 76, 222, 48,
       9, 48, 144, 76, 64, 106, 193, 240, 217, 78, 101, 190, 5, 6, 72,
       51, 67, 131, 21, 69, 27, 103, 21, 79, 103, 232, 118, 160, 235, 0,
       83, 113, 25, 96, 48, 204, 8, 106, 105, 176, 25, 30, 225, 142, 5,
       20, 112, 59, 80, 32, 252, 112, 189, 102, 44, 78, 87, 152, 227,
       250, 165, 24, 215, 213, 73, 59, 149, 212, 124, 122, 73, 103, 251,
       0, 211, 219, 101, 60, 200, 243, 70, 51, 192, 172, 157, 251, 200,
       237, 17, 143, 142, 51, 32, 24, 182, 55, 64, 91, 129, 19, 106, 24,
       50, 78, 218, 51, 205, 130, 94, 120, 144, 72, 135, 170, 116, 101,
       72, 103, 84, 10, 102, 168, 121, 160, 107, 9, 195, 73, 29, 16, 56,
       204, 65, 98, 76, 240, 201, 14, 231, 237, 5, 21, 101, 187, 90, 130,
       248, 174, 222, 114, 168, 173, 85, 215, 178, 63, 164, 29, 55, 243,
       66, 27, 129, 242, 237, 20, 58, 79, 218, 49, 219, 203, 117, 121,
       232, 192, 202, 11, 248, 188, 247, 80, 171, 249, 81, 215, 179, 63,
       164, 56, 42, 247, 196, 191, 39, 178, 236, 24, 58, 111, 170, 243,
       155, 219, 85, 123, 227, 192, 198, 235, 100, 99, 57, 71, 96, 15,
       103, 184, 104, 172, 127, 72, 211, 67, 137, 20, 144, 76, 68, 110,
       64, 176, 233, 12, 101, 156, 37, 20, 64, 179, 70, 161, 29, 113, 57,
       101, 49, 78, 83, 56, 97, 232, 111, 8, 223, 81, 9, 48, 146, 220,
       84, 106, 201, 176, 249, 12, 227, 221, 1, 6, 74, 179, 66, 51, 248,
       42, 254, 112, 138, 233, 81, 87, 162, 183, 164, 57, 19, 135, 64,
       27, 47, 178, 109, 24, 58, 79, 162, 0, 219, 201, 112, 125, 224,
       192, 198, 123, 120, 175, 250, 120, 186, 200, 81, 119, 179, 21,
       172, 56, 51, 183, 64, 18, 39, 178, 237, 0, 90, 75, 162, 53, 219,
       199, 48, 121, 98, 128, 166, 107, 240, 174, 216, 114, 138, 169, 81,
       223, 178, 191, 164, 185, 55, 231, 66, 27, 7, 247, 109, 16, 58, 79,
       138, 35, 219, 199, 117, 121, 224, 192, 134, 75, 77, 113, 17, 71,
       113, 30, 118, 184, 105, 200, 107, 76, 222, 80, 13, 180, 144, 68,
       64, 106, 197, 176, 249, 78, 39, 188, 4, 6, 74, 51, 67, 38, 221,
       124, 156, 183, 168, 47, 70, 157, 242, 186, 163, 88, 215, 115, 73,
       59, 145, 87, 108, 82, 41, 101, 219, 42, 233, 195, 117, 52, 136,
       123, 130, 10, 248, 40, 255, 112, 170, 233, 81, 83, 178, 151, 164,
       57, 55, 151, 64, 27, 35, 178, 109, 24, 58, 79, 162, 34, 219, 195,
       116, 121, 224, 192, 102, 107, 108, 165, 181, 119, 137, 111, 71,
       136, 114, 183, 171, 24, 211, 115, 73, 122, 145, 86, 104, 122, 58,
       64, 251, 50, 173, 247, 69, 124, 128, 115, 198, 34, 205, 84, 157,
       103, 169, 110, 55, 184, 123, 250, 39, 16, 222, 115, 9, 123, 145,
       85, 120, 106, 33, 112, 249, 96, 239, 251, 71, 6, 202, 115, 195,
       51, 1, 117, 16, 71, 117, 30, 102, 188, 121, 40, 106, 76, 214, 80,
       141, 180, 148, 76, 68, 110, 193, 176, 217, 46, 36, 188, 33, 4, 74,
       179, 75, 141, 248, 188, 180, 250, 45, 253, 80, 87, 255, 27, 181,
       24, 190, 187, 68, 59, 133, 179, 253, 17, 50, 111, 242, 211, 219,
       219, 80, 123, 210, 72, 71, 11, 37, 85, 16, 69, 85, 31, 102, 56,
       77, 224, 107, 76, 214, 80, 29, 180, 144, 76, 82, 110, 197, 176,
       89, 12, 37, 188, 1, 20, 74, 59, 91, 132, 88, 112, 156, 224, 40,
       28, 89, 24, 171, 184, 183, 40, 159, 223, 73, 90, 166, 149, 253,
       88, 10, 97, 243, 144, 211, 249, 99, 188, 2, 130, 3, 19, 37, 113,
       49, 69, 93, 79, 194, 8, 72, 224, 35, 72, 210, 16, 13, 52, 144, 92,
       64, 106, 65, 176, 121, 28, 37, 152, 1, 54, 72, 59, 66, 166, 118,
       103, 212, 190, 203, 64, 22, 200, 163, 134, 169, 233, 103, 226, 75,
       222, 210, 245, 236, 98, 76, 67, 202, 42, 184, 246, 69, 59, 160,
       119, 46, 7, 228, 184, 157, 218, 200, 173, 5, 207, 254, 59, 160,
       92, 150, 243, 72, 27, 129, 18, 106, 24, 51, 111, 218, 49, 221,
       146, 85, 124, 216, 72, 131, 42, 5, 85, 31, 103, 48, 14, 111, 184,
       116, 234, 127, 100, 215, 115, 137, 112, 54, 76, 60, 110, 225, 144,
       125, 46, 230, 175, 37, 132, 40, 243, 1, 49, 252, 180, 189, 118,
       136, 109, 85, 188, 178, 190, 165, 24, 115, 119, 72, 59, 133, 214,
       236, 42, 121, 103, 251, 34, 251, 203, 117, 61, 224, 241, 198, 98,
       116, 119, 154, 166, 56, 15, 22, 200, 146, 174, 185, 109, 102, 248,
       75, 18, 157, 221, 236, 115, 108, 99, 200, 42, 248, 199, 109, 63,
       72, 123, 14, 147, 221, 92, 157, 119, 168, 110, 71, 190, 240, 250,
       174, 88, 215, 119, 201, 123, 1, 86, 124, 42, 105, 197, 251, 42,
       227, 239, 117, 20, 168, 241, 130, 49, 237, 116, 157, 103, 32, 46,
       71, 152, 121, 234, 39, 76, 211, 113, 73, 59, 145, 68, 124, 106,
       233, 244, 249, 42, 229, 251, 101, 52, 202, 243, 66, 49, 108, 253,
       189, 98, 217, 109, 87, 168, 115, 183, 173, 8, 210, 117, 73, 50,
       153, 222, 104, 122, 42, 98, 251, 51, 239, 223, 69, 127, 210, 123,
       70, 98, 108, 225, 57, 107, 217, 77, 71, 168, 74, 48, 45, 8, 242,
       85, 72, 48, 153, 90, 64, 106, 75, 98, 251, 53, 239, 221, 5, 126,
       80, 59, 198, 226, 44, 161, 185, 65, 200, 79, 67, 152, 98, 180, 45,
       8, 211, 21, 73, 50, 17, 92, 64, 122, 2, 112, 249, 17, 77, 137, 37,
       116, 224, 43, 70, 226, 108, 245, 177, 67, 217, 111, 87, 172, 123,
       191, 173, 8, 210, 117, 77, 54, 145, 94, 104, 122, 106, 98, 251,
       50, 111, 220, 69, 127, 194, 123, 198, 98, 100, 245, 185, 83, 217,
       109, 87, 140, 123, 63, 45, 24, 214, 117, 76, 62, 145, 90, 96, 122,
       50, 98, 251, 51, 111, 158, 85, 127, 208, 91, 198, 226, 36, 229,
       57, 90, 221, 77, 87, 168, 83, 182, 173, 8, 210, 245, 77, 52, 153,
       216, 66, 122, 106, 98, 251, 55, 107, 158, 5, 63, 82, 123, 70, 226,
       208, 136, 157, 120, 138, 233, 17, 138, 174, 59, 160, 24, 183, 211,
       64, 91, 129, 183, 108, 16, 58, 79, 203, 49, 217, 163, 113, 124,
       208, 72, 7, 42, 13, 103, 16, 71, 116, 30, 102, 57, 121, 168, 123,
       76, 215, 64, 158, 180, 150, 76, 68, 110, 197, 176, 201, 14, 36,
       190, 37, 4, 74, 178, 202, 133, 27, 159, 106, 216, 151, 245, 185,
       87, 215, 77, 92, 183, 41, 172, 178, 228, 111, 42, 151, 157, 151,
       169, 54, 183, 91, 93, 154, 203, 191, 204, 253, 255, 37, 241, 17,
       67, 85, 79, 230, 184, 106, 224, 35, 72, 214, 80, 77, 180, 144, 76,
       80, 122, 193, 240, 217, 28, 45, 156, 5, 54, 72, 59, 67, 164, 212,
       252, 157, 245, 168, 109, 7, 158, 182, 186, 162, 88, 151, 55, 193,
       123, 5, 86, 124, 120, 123, 77, 243, 34, 233, 163, 117, 52, 160,
       113, 135, 49, 85, 85, 57, 103, 48, 78, 79, 184, 116, 234, 127, 68,
       211, 119, 137, 112, 22, 84, 60, 110, 233, 176, 125, 14, 225, 175,
       37, 132, 104, 243, 64, 49, 117, 119, 152, 39, 152, 15, 22, 248,
       112, 232, 171, 109, 215, 120, 75, 18, 188, 204, 204, 115, 205,
       243, 217, 10, 248, 199, 37, 55, 232, 123, 26, 19, 93, 85, 125,
       111, 48, 78, 79, 184, 112, 234, 255, 68, 211, 119, 137, 112, 22,
       212, 60, 106, 233, 144, 121, 46, 227, 239, 37, 148, 104, 243, 64,
       49, 116, 99, 90, 103, 85, 75, 102, 184, 97, 172, 127, 11, 67, 105,
       27, 16, 56, 204, 68, 98, 72, 176, 217, 12, 247, 165, 37, 5, 105,
       59, 90, 130, 108, 112, 185, 99, 13, 109, 81, 152, 75, 255, 165,
       24, 215, 93, 73, 58, 137, 212, 252, 58, 11, 103, 251, 16, 203,
       217, 5, 125, 194, 251, 70, 114, 252, 112, 189, 98, 40, 111, 85,
       152, 227, 250, 165, 8, 215, 85, 73, 59, 145, 212, 124, 122, 9,
       103, 251, 0, 211, 219, 101, 60, 192, 243, 70, 115, 208, 176, 159,
       112, 136, 232, 81, 23, 162, 151, 164, 24, 183, 151, 64, 91, 1,
       183, 109, 24, 26, 79, 178, 49, 209, 161, 116, 56, 160, 192, 134,
       106, 248, 184, 180, 250, 45, 237, 80, 82, 191, 59, 181, 24, 190,
       191, 68, 27, 133, 51, 253, 16, 58, 111, 218, 241, 219, 219, 82,
       123, 210, 9, 199, 19, 249, 106, 252, 116, 109, 28, 85, 156, 249,
       254, 182, 92, 203, 57, 215, 191, 5, 196, 236, 110, 236, 103, 227,
