%YAML:1.0
---
descriptors: !!opencv-matrix
   rows: 206
   cols: 32
   dt: u
   data: [ 100, 52, 149, 99, 137, 109, 87, 136, 59, 243, 45, 24, 214,
       115, 73, 63, 145, 84, 120, 58, 49, 68, 251, 2, 205, 250, 69, 118,
       194, 243, 198, 98, 108, 113, 57, 103, 29, 79, 71, 184, 34, 228,
       173, 8, 211, 117, 73, 48, 216, 220, 89, 106, 73, 114, 249, 60,
       229, 221, 5, 52, 64, 59, 86, 114, 108, 225, 153, 122, 201, 77, 87,
       140, 162, 151, 165, 24, 118, 243, 72, 26, 153, 210, 233, 82, 90,
       99, 218, 51, 251, 199, 85, 125, 194, 115, 206, 194, 252, 125, 245,
       82, 168, 109, 71, 220, 243, 182, 173, 24, 83, 247, 201, 62, 17,
       214, 108, 106, 41, 99, 250, 50, 249, 207, 101, 60, 226, 243, 198,
       98, 252, 182, 188, 114, 168, 105, 81, 27, 178, 191, 173, 57, 215,
       247, 74, 27, 151, 151, 237, 16, 58, 71, 202, 18, 219, 199, 117,
       125, 224, 64, 134, 35, 217, 190, 220, 178, 170, 189, 89, 223, 179,
       255, 180, 189, 191, 247, 194, 91, 135, 247, 253, 20, 191, 79, 234,
       51, 218, 195, 125, 249, 168, 196, 143, 91, 129, 142, 79, 101, 180,
       42, 107, 51, 116, 3, 98, 208, 243, 35, 144, 112, 19, 110, 44, 60,
       185, 188, 69, 15, 236, 175, 48, 64, 232, 226, 192, 32, 120, 180,
       189, 112, 153, 237, 81, 87, 171, 61, 44, 24, 54, 181, 64, 58, 129,
       50, 108, 16, 26, 105, 178, 21, 219, 223, 17, 123, 194, 64, 198,
       107, 209, 143, 31, 101, 176, 46, 79, 183, 116, 8, 122, 68, 247,
       99, 128, 113, 55, 102, 108, 46, 185, 184, 1, 47, 232, 175, 36,
       208, 104, 242, 192, 41, 221, 38, 156, 182, 168, 60, 88, 10, 250,
       187, 163, 92, 207, 226, 203, 219, 131, 199, 108, 30, 60, 69, 203,
       2, 154, 243, 119, 124, 128, 227, 139, 1, 90, 123, 88, 173, 114,
       154, 50, 114, 41, 8, 120, 237, 47, 23, 130, 144, 182, 61, 205, 96,
       68, 154, 192, 13, 246, 229, 40, 131, 36, 134, 15, 139, 116, 101,
       113, 70, 158, 75, 71, 232, 64, 166, 169, 10, 83, 117, 9, 50, 24,
       212, 64, 106, 104, 35, 249, 14, 121, 142, 5, 60, 97, 123, 70, 34,
       252, 52, 189, 118, 169, 108, 85, 156, 242, 187, 165, 24, 95, 255,
       73, 59, 137, 215, 109, 26, 56, 103, 250, 34, 219, 203, 117, 61,
       226, 113, 198, 35, 224, 180, 156, 218, 204, 237, 71, 175, 222, 51,
       168, 24, 246, 243, 72, 115, 129, 82, 106, 10, 123, 111, 251, 115,
       253, 146, 85, 124, 216, 88, 199, 42, 93, 69, 125, 103, 148, 14,
       103, 184, 100, 160, 175, 64, 211, 115, 25, 112, 50, 212, 92, 106,
       201, 176, 125, 46, 231, 239, 37, 20, 96, 179, 64, 32, 209, 174,
       189, 119, 188, 46, 157, 175, 250, 191, 178, 56, 247, 120, 217, 43,
       135, 87, 124, 41, 252, 237, 235, 47, 232, 171, 117, 84, 196, 248,
       195, 43, 244, 116, 172, 182, 140, 109, 87, 158, 210, 251, 135, 24,
       215, 253, 91, 59, 153, 214, 125, 19, 40, 71, 251, 34, 217, 195,
       253, 61, 168, 121, 86, 50, 244, 76, 124, 118, 168, 106, 95, 184,
       240, 178, 167, 24, 215, 119, 9, 123, 135, 212, 109, 106, 104, 229,
       201, 46, 241, 235, 101, 21, 96, 241, 194, 34, 193, 156, 189, 95,
       137, 253, 149, 142, 206, 51, 164, 24, 246, 112, 79, 107, 133, 83,
       104, 24, 183, 109, 251, 49, 141, 218, 84, 126, 216, 72, 129, 126,
       148, 101, 158, 247, 144, 110, 71, 191, 54, 162, 239, 16, 211, 115,
       9, 81, 57, 222, 77, 234, 120, 212, 89, 46, 235, 231, 165, 5, 160,
       241, 228, 34, 236, 176, 157, 115, 173, 111, 80, 9, 91, 187, 37,
       24, 206, 93, 72, 27, 145, 20, 236, 48, 50, 116, 217, 16, 207, 219,
       81, 119, 194, 10, 206, 3, 104, 253, 188, 127, 185, 237, 23, 175,
       218, 191, 44, 9, 230, 49, 67, 27, 129, 118, 232, 16, 50, 104, 219,
       55, 239, 247, 85, 123, 208, 121, 204, 43, 76, 119, 121, 103, 48,
       79, 63, 184, 41, 164, 111, 172, 222, 119, 139, 16, 150, 93, 205,
       106, 193, 144, 249, 78, 231, 189, 37, 4, 66, 179, 7, 113, 208,
       184, 190, 112, 136, 237, 17, 143, 230, 83, 164, 24, 183, 243, 66,
       59, 129, 119, 108, 16, 63, 109, 147, 51, 217, 131, 115, 121, 232,
       64, 131, 10, 145, 142, 219, 121, 180, 170, 107, 151, 118, 11, 98,
       84, 247, 99, 160, 120, 115, 46, 44, 28, 187, 156, 5, 63, 200, 175,
       53, 64, 184, 192, 224, 40, 129, 142, 159, 57, 164, 170, 105, 151,
       118, 19, 98, 244, 183, 163, 240, 105, 99, 46, 46, 28, 51, 220, 7,
       51, 204, 174, 118, 64, 184, 192, 193, 168, 129, 174, 207, 57, 160,
       170, 101, 151, 118, 19, 106, 244, 243, 161, 144, 121, 83, 46, 36,
       28, 59, 252, 229, 51, 236, 163, 116, 64, 236, 192, 208, 168, 108,
       101, 10, 126, 153, 68, 71, 232, 163, 192, 173, 9, 242, 243, 43,
       80, 216, 224, 121, 238, 74, 67, 218, 63, 235, 253, 133, 57, 26,
       115, 122, 82, 248, 56, 255, 112, 170, 233, 65, 87, 162, 151, 164,
       56, 55, 183, 64, 27, 39, 182, 108, 152, 26, 79, 162, 1, 217, 227,
       113, 56, 224, 192, 6, 123, 229, 98, 53, 71, 36, 15, 103, 56, 104,
       168, 99, 72, 210, 83, 137, 53, 144, 84, 76, 106, 233, 244, 249,
       14, 229, 154, 37, 20, 64, 179, 70, 33, 218, 188, 148, 178, 169,
       237, 20, 143, 187, 63, 160, 61, 174, 162, 66, 155, 133, 83, 233,
       17, 54, 79, 218, 51, 153, 211, 92, 127, 154, 84, 143, 27, 218,
       182, 156, 48, 169, 185, 20, 143, 187, 63, 160, 185, 174, 167, 74,
       155, 135, 19, 237, 16, 54, 77, 202, 51, 219, 211, 93, 127, 130,
       68, 143, 27, 81, 143, 95, 101, 48, 46, 79, 55, 116, 8, 106, 100,
       243, 33, 144, 112, 22, 230, 76, 46, 185, 184, 69, 47, 232, 175,
       32, 64, 232, 226, 66, 41, 108, 182, 188, 115, 168, 109, 85, 159,
       59, 63, 165, 56, 151, 55, 74, 26, 129, 218, 237, 16, 58, 106, 219,
       51, 207, 215, 117, 125, 208, 192, 134, 35, 209, 221, 31, 100, 184,
       14, 71, 181, 224, 136, 170, 76, 119, 51, 128, 115, 36, 230, 108,
       106, 249, 225, 177, 45, 241, 171, 100, 16, 104, 178, 194, 41, 217,
       174, 188, 178, 168, 188, 88, 159, 187, 251, 180, 153, 191, 247,
       66, 27, 135, 247, 253, 28, 190, 79, 202, 51, 219, 219, 125, 249,
       162, 196, 138, 67, 246, 174, 213, 82, 203, 169, 100, 207, 187,
       179, 160, 91, 2, 226, 76, 155, 169, 203, 98, 144, 62, 127, 138,
       115, 28, 130, 85, 127, 233, 80, 194, 134, 69, 135, 88, 99, 176,
       63, 71, 185, 118, 47, 63, 124, 211, 96, 138, 112, 23, 206, 12,
       126, 254, 176, 109, 55, 238, 143, 37, 116, 248, 218, 200, 1, 216,
       48, 191, 112, 40, 204, 81, 16, 162, 29, 167, 56, 191, 151, 64,
       123, 38, 148, 108, 24, 3, 69, 162, 0, 211, 225, 112, 8, 160, 128,
       39, 35, 253, 78, 202, 87, 36, 58, 70, 152, 117, 238, 231, 20, 67,
       96, 159, 92, 113, 204, 44, 238, 236, 244, 237, 42, 146, 239, 229,
       21, 227, 243, 120, 4, 65, 117, 29, 101, 17, 78, 119, 32, 104, 64,
       106, 8, 214, 51, 1, 48, 144, 84, 104, 106, 65, 176, 145, 12, 229,
       188, 0, 2, 72, 50, 67, 34, 83, 123, 90, 173, 114, 138, 58, 117,
       41, 68, 104, 237, 47, 6, 130, 16, 54, 173, 197, 197, 197, 152,
       133, 76, 176, 229, 40, 128, 45, 134, 11, 157, 244, 124, 188, 247,
       140, 111, 87, 158, 242, 187, 143, 24, 215, 249, 73, 59, 129, 214,
       125, 83, 58, 101, 219, 42, 249, 227, 101, 53, 168, 123, 214, 50,
       193, 156, 189, 126, 136, 237, 21, 143, 206, 19, 160, 24, 246, 244,
       76, 123, 129, 115, 104, 16, 50, 109, 251, 49, 201, 178, 85, 122,
       208, 72, 133, 42, 192, 172, 157, 255, 136, 237, 37, 175, 190, 31,
       32, 24, 182, 243, 64, 91, 129, 122, 104, 24, 50, 76, 218, 51, 237,
       163, 116, 120, 144, 80, 135, 170, 80, 4, 93, 101, 22, 79, 67, 56,
       100, 160, 170, 10, 83, 51, 0, 112, 48, 244, 72, 40, 40, 176, 121,
       30, 241, 175, 1, 20, 97, 138, 68, 34, 118, 101, 150, 166, 139, 34,
       22, 200, 185, 134, 235, 9, 70, 226, 105, 223, 209, 213, 232, 114,
       44, 195, 136, 8, 176, 182, 71, 31, 128, 115, 46, 6, 76, 101, 120,
       103, 50, 91, 127, 184, 45, 160, 111, 136, 223, 119, 137, 48, 54,
       93, 221, 110, 64, 144, 121, 78, 231, 205, 33, 5, 98, 179, 7, 96,
       92, 69, 122, 103, 19, 90, 126, 40, 109, 160, 111, 0, 223, 115, 9,
