%YAML:1.0
---
descriptors: !!opencv-matrix
   rows: 310
   cols: 32
   dt: u
   data: [ 44, 52, 185, 115, 173, 109, 81, 152, 91, 255, 165, 24, 223,
       93, 73, 58, 153, 88, 92, 58, 59, 102, 251, 18, 207, 223, 49, 125,
       194, 123, 70, 243, 69, 245, 189, 7, 188, 47, 103, 152, 122, 251,
       11, 92, 214, 112, 89, 43, 17, 70, 120, 127, 177, 112, 249, 34,
       237, 14, 101, 116, 200, 123, 211, 48, 105, 189, 188, 83, 141, 253,
       85, 159, 123, 255, 44, 28, 190, 61, 70, 190, 133, 78, 248, 28,
       183, 120, 251, 179, 239, 223, 85, 118, 202, 84, 203, 126, 197,
       117, 151, 71, 161, 110, 119, 136, 121, 234, 107, 8, 222, 113, 9,
       59, 146, 84, 104, 106, 97, 244, 185, 42, 229, 190, 69, 6, 200,
       115, 67, 35, 208, 24, 159, 116, 168, 108, 65, 23, 160, 27, 162,
       24, 247, 55, 0, 123, 1, 246, 108, 8, 25, 77, 179, 0, 217, 227,
       116, 88, 160, 224, 134, 59, 120, 48, 253, 112, 40, 236, 81, 19,
       162, 255, 164, 61, 55, 151, 66, 26, 39, 149, 109, 16, 27, 79, 178,
       1, 217, 225, 112, 121, 224, 128, 6, 123, 37, 125, 49, 71, 85, 95,
       230, 184, 125, 224, 106, 72, 222, 81, 13, 180, 144, 92, 80, 106,
       65, 176, 121, 111, 37, 156, 1, 6, 74, 51, 67, 176, 36, 225, 57,
       73, 92, 79, 87, 168, 66, 52, 45, 8, 210, 85, 73, 48, 25, 88, 64,
       106, 74, 34, 121, 21, 109, 140, 1, 61, 80, 59, 70, 162, 120, 180,
       190, 248, 173, 253, 81, 87, 255, 91, 180, 24, 190, 191, 66, 59,
       141, 179, 253, 16, 58, 111, 242, 145, 219, 219, 80, 123, 210, 76,
       198, 123, 104, 188, 188, 248, 173, 253, 84, 215, 255, 59, 188, 24,
       190, 189, 68, 27, 205, 178, 255, 16, 186, 107, 242, 145, 219, 223,
       84, 122, 210, 72, 214, 11, 216, 176, 188, 112, 41, 221, 81, 27,
       187, 123, 180, 24, 159, 191, 64, 59, 133, 149, 253, 24, 186, 111,
       242, 145, 219, 251, 114, 254, 194, 128, 67, 115, 141, 93, 31, 111,
       176, 14, 111, 188, 116, 234, 94, 100, 245, 115, 129, 112, 54, 110,
       60, 110, 225, 144, 125, 47, 228, 239, 39, 128, 42, 242, 129, 57,
       120, 176, 249, 112, 168, 253, 81, 95, 227, 253, 164, 24, 51, 247,
       66, 58, 5, 246, 236, 24, 27, 111, 250, 33, 219, 233, 117, 121,
       224, 192, 198, 123, 252, 188, 245, 86, 168, 110, 69, 190, 179,
       191, 164, 24, 83, 119, 73, 59, 1, 214, 109, 42, 56, 111, 251, 46,
       219, 235, 117, 124, 224, 241, 198, 99, 85, 151, 25, 239, 176, 47,
       79, 185, 52, 234, 255, 100, 215, 119, 137, 112, 23, 214, 93, 106,
       249, 144, 121, 62, 233, 239, 37, 148, 40, 243, 192, 113, 117, 85,
       61, 102, 168, 78, 71, 188, 225, 232, 190, 72, 87, 119, 137, 115,
       20, 212, 124, 106, 201, 3, 249, 44, 243, 233, 101, 20, 104, 243,
       198, 121, 85, 69, 93, 101, 146, 78, 71, 188, 100, 160, 170, 72,
       215, 115, 1, 115, 50, 212, 124, 106, 105, 176, 121, 44, 229, 235,
       37, 20, 97, 243, 65, 32, 104, 181, 60, 250, 189, 253, 81, 11, 207,
       61, 173, 24, 222, 253, 74, 58, 129, 18, 255, 16, 58, 107, 123,
       149, 203, 223, 16, 127, 210, 72, 198, 98, 237, 112, 189, 103, 44,
       110, 71, 152, 104, 186, 179, 40, 215, 87, 201, 59, 149, 84, 124,
       106, 41, 244, 233, 8, 197, 251, 101, 52, 64, 243, 66, 33, 92, 48,
       188, 244, 40, 12, 89, 24, 175, 249, 183, 40, 223, 223, 73, 123,
       135, 213, 253, 88, 10, 65, 251, 144, 219, 251, 115, 188, 128, 160,
       3, 83, 22, 237, 246, 183, 254, 11, 254, 232, 63, 162, 251, 10,
       207, 234, 61, 65, 251, 239, 127, 227, 224, 243, 205, 254, 188,
       254, 207, 148, 85, 127, 241, 129, 54, 253, 118, 207, 252, 27, 254,
       236, 127, 170, 250, 34, 238, 250, 157, 97, 255, 207, 127, 227,
       232, 243, 105, 255, 190, 254, 207, 150, 85, 123, 243, 133, 252,
       161, 253, 112, 174, 121, 85, 27, 242, 190, 183, 56, 147, 61, 202,
       59, 3, 214, 236, 50, 120, 100, 235, 2, 203, 203, 117, 117, 226,
       233, 198, 99, 220, 141, 156, 126, 139, 77, 87, 168, 178, 55, 173,
       24, 111, 115, 10, 83, 145, 214, 232, 98, 122, 67, 187, 55, 251,
       227, 69, 125, 114, 115, 134, 34, 76, 125, 57, 71, 113, 78, 55,
       184, 57, 232, 126, 108, 222, 119, 1, 48, 148, 125, 85, 106, 225,
       144, 249, 110, 103, 255, 37, 134, 74, 51, 7, 179, 69, 117, 17, 71,
       81, 14, 103, 56, 120, 224, 111, 76, 222, 81, 9, 48, 176, 92, 112,
       106, 193, 240, 185, 14, 101, 188, 5, 6, 72, 51, 67, 34, 248, 168,
       221, 114, 138, 233, 81, 87, 179, 183, 164, 185, 63, 247, 64, 27,
       39, 243, 237, 16, 58, 79, 170, 34, 219, 195, 117, 121, 224, 192,
       134, 107, 45, 113, 17, 97, 17, 95, 82, 8, 105, 224, 41, 8, 222,
       16, 77, 180, 144, 156, 68, 122, 77, 176, 241, 12, 167, 221, 1, 54,
       74, 51, 74, 38, 184, 170, 252, 112, 170, 169, 81, 87, 162, 191,
       164, 57, 19, 135, 64, 27, 47, 146, 108, 24, 58, 111, 162, 16, 219,
       203, 112, 125, 225, 192, 198, 123, 248, 186, 252, 120, 170, 169,
       81, 87, 130, 31, 180, 57, 51, 129, 66, 27, 11, 178, 237, 16, 58,
       111, 194, 49, 219, 203, 112, 121, 241, 200, 206, 11, 77, 117, 188,
       71, 177, 30, 119, 184, 120, 234, 111, 76, 222, 112, 9, 178, 145,
       68, 120, 106, 229, 240, 249, 46, 111, 255, 69, 6, 202, 115, 75,
       22, 240, 184, 222, 114, 168, 173, 80, 223, 179, 63, 164, 29, 55,
       243, 66, 27, 1, 242, 237, 20, 58, 79, 218, 51, 219, 203, 117, 121,
       232, 192, 138, 10, 248, 190, 247, 114, 171, 232, 81, 214, 179, 31,
       164, 56, 47, 247, 64, 159, 39, 247, 237, 16, 58, 79, 170, 51, 219,
       243, 85, 123, 226, 208, 134, 107, 44, 165, 56, 122, 157, 253, 209,
       139, 67, 61, 173, 25, 138, 253, 78, 56, 153, 26, 203, 16, 26, 106,
       250, 149, 207, 221, 21, 127, 210, 12, 214, 226, 204, 48, 189, 99,
       137, 111, 51, 136, 122, 191, 39, 24, 214, 117, 73, 59, 145, 84,
       232, 50, 48, 116, 249, 34, 207, 219, 65, 119, 192, 99, 71, 98,
       133, 174, 143, 155, 236, 169, 236, 143, 254, 19, 33, 208, 181,
       226, 216, 75, 67, 98, 106, 28, 51, 109, 207, 115, 140, 130, 119,
       40, 156, 193, 131, 160, 84, 168, 156, 114, 170, 233, 17, 207, 162,
       183, 164, 57, 7, 167, 72, 27, 163, 211, 109, 16, 26, 75, 138, 49,
       219, 195, 117, 125, 224, 64, 135, 98, 244, 184, 189, 118, 169,
       236, 84, 142, 171, 155, 162, 24, 246, 247, 77, 123, 129, 247, 253,
       16, 59, 71, 218, 33, 219, 243, 85, 127, 128, 113, 134, 59, 205,
       112, 185, 103, 32, 110, 83, 152, 120, 234, 39, 12, 223, 117, 73,
       58, 149, 84, 108, 122, 169, 244, 249, 42, 199, 251, 101, 52, 200,
       115, 71, 115, 237, 81, 157, 103, 36, 14, 71, 184, 96, 234, 163,
       76, 211, 113, 153, 51, 20, 68, 124, 110, 233, 240, 217, 40, 229,
       171, 101, 20, 72, 243, 66, 33, 237, 112, 249, 103, 104, 92, 87,
       152, 99, 250, 165, 24, 211, 93, 205, 59, 153, 212, 116, 122, 201,
       102, 251, 0, 199, 219, 101, 52, 201, 251, 70, 243, 121, 135, 77,
       103, 180, 10, 71, 188, 96, 168, 186, 76, 211, 97, 152, 51, 16,
       196, 108, 110, 233, 176, 237, 46, 228, 175, 101, 16, 108, 250,
       210, 40, 120, 168, 254, 112, 138, 233, 81, 87, 179, 21, 164, 56,
       55, 183, 66, 27, 35, 179, 237, 16, 26, 75, 130, 17, 219, 193, 112,
       121, 224, 192, 134, 43, 216, 152, 191, 116, 170, 108, 81, 23, 162,
       159, 166, 56, 119, 183, 64, 123, 35, 246, 109, 8, 24, 79, 179, 1,
       217, 227, 116, 88, 160, 224, 166, 107, 37, 117, 17, 71, 85, 95,
       230, 184, 109, 232, 43, 72, 214, 81, 77, 180, 144, 92, 82, 106,
       65, 240, 121, 60, 37, 156, 5, 54, 72, 59, 67, 178, 37, 225, 49,
       67, 89, 79, 71, 168, 74, 240, 41, 8, 210, 85, 77, 180, 145, 92,
       64, 122, 65, 48, 121, 20, 45, 156, 5, 52, 82, 59, 70, 160, 221,
       34, 158, 180, 168, 60, 92, 159, 251, 187, 162, 120, 207, 162, 195,
       219, 167, 199, 236, 28, 188, 69, 195, 0, 154, 243, 127, 189, 136,
       241, 139, 1, 120, 184, 255, 112, 168, 204, 81, 215, 163, 253, 164,
       8, 63, 215, 64, 58, 167, 246, 253, 16, 26, 107, 186, 49, 219, 233,
       117, 121, 226, 128, 198, 123, 85, 221, 125, 103, 180, 78, 79, 188,
