%YAML:1.0
---
descriptors: !!opencv-matrix
   rows: 265
   cols: 32
   dt: u
   data: [ 213, 78, 220, 71, 148, 62, 78, 152, 117, 170, 254, 68, 67, 97,
       151, 254, 113, 196, 44, 254, 173, 240, 205, 170, 166, 255, 37, 5,
       235, 247, 104, 5, 205, 52, 157, 213, 129, 126, 113, 19, 121, 251,
       47, 20, 158, 55, 66, 250, 133, 87, 120, 24, 49, 220, 241, 66, 207,
       255, 86, 70, 138, 96, 139, 114, 69, 53, 189, 3, 188, 47, 167, 152,
       122, 250, 11, 92, 214, 112, 217, 43, 145, 70, 120, 127, 241, 112,
       253, 34, 173, 14, 101, 116, 200, 123, 211, 48, 197, 124, 157, 119,
       161, 78, 55, 164, 120, 250, 39, 24, 222, 113, 73, 59, 145, 85,
       104, 106, 97, 244, 249, 34, 229, 187, 69, 6, 72, 113, 195, 51, 96,
       172, 156, 250, 236, 237, 85, 143, 218, 27, 164, 24, 182, 243, 72,
       91, 129, 82, 106, 8, 51, 107, 218, 49, 197, 167, 113, 57, 216, 72,
       199, 170, 234, 172, 166, 252, 189, 237, 220, 255, 255, 187, 180,
       24, 190, 253, 116, 123, 205, 247, 127, 153, 186, 111, 210, 255,
       255, 255, 215, 123, 210, 220, 242, 138, 252, 189, 253, 118, 136,
       111, 69, 191, 178, 183, 174, 24, 83, 119, 73, 59, 1, 214, 108, 10,
       120, 103, 251, 38, 219, 235, 117, 116, 224, 241, 198, 98, 248,
       180, 188, 248, 173, 253, 80, 95, 251, 123, 180, 24, 191, 185, 66,
       59, 205, 179, 253, 24, 186, 111, 242, 147, 219, 219, 84, 123, 210,
       200, 198, 107, 216, 176, 188, 240, 41, 204, 89, 26, 187, 191, 182,
       24, 159, 191, 72, 123, 135, 151, 253, 24, 58, 79, 243, 19, 219,
       251, 119, 255, 194, 128, 71, 51, 248, 14, 191, 244, 168, 44, 85,
       191, 160, 158, 166, 56, 119, 119, 129, 91, 135, 247, 109, 42, 120,
       111, 195, 40, 211, 235, 117, 24, 96, 240, 134, 43, 92, 16, 156,
       247, 44, 76, 89, 24, 175, 187, 183, 40, 223, 255, 73, 91, 199,
       213, 253, 16, 8, 65, 235, 128, 203, 251, 119, 149, 130, 161, 7,
       115, 125, 213, 125, 103, 180, 78, 79, 188, 96, 232, 255, 64, 215,
       119, 129, 112, 22, 212, 28, 106, 249, 144, 121, 14, 227, 239, 37,
       148, 104, 243, 192, 49, 253, 113, 253, 103, 44, 78, 71, 56, 97,
       234, 183, 76, 83, 119, 217, 59, 20, 212, 124, 106, 201, 98, 249,
       40, 243, 233, 101, 52, 104, 243, 70, 49, 236, 48, 189, 99, 173,
       111, 81, 152, 67, 255, 165, 24, 218, 61, 79, 59, 153, 84, 253, 50,
       58, 102, 251, 16, 207, 219, 65, 127, 210, 75, 70, 115, 93, 221,
       61, 231, 176, 110, 79, 184, 100, 168, 255, 72, 247, 119, 137, 112,
       22, 246, 92, 106, 249, 176, 121, 46, 225, 239, 37, 148, 32, 243,
       64, 57, 252, 112, 189, 99, 45, 111, 83, 152, 107, 250, 165, 24,
       223, 87, 73, 59, 145, 212, 124, 122, 169, 102, 251, 0, 203, 219,
       101, 60, 194, 251, 70, 115, 104, 181, 149, 107, 157, 109, 80, 157,
       127, 59, 41, 88, 222, 59, 72, 250, 145, 22, 104, 48, 27, 104, 219,
       147, 207, 223, 21, 127, 218, 74, 194, 10, 224, 152, 159, 254, 136,
       172, 17, 135, 150, 147, 96, 24, 247, 243, 96, 89, 193, 122, 41,
       16, 58, 78, 218, 51, 201, 163, 117, 120, 144, 72, 167, 170, 100,
       109, 27, 94, 93, 198, 199, 224, 249, 128, 232, 8, 114, 251, 53,
       48, 216, 253, 114, 227, 73, 227, 154, 110, 49, 62, 7, 24, 65, 51,
       98, 34, 21, 193, 49, 107, 20, 79, 71, 184, 86, 160, 235, 0, 83,
       81, 25, 112, 49, 220, 40, 106, 105, 176, 121, 31, 233, 142, 5, 20,
       112, 187, 64, 32, 232, 180, 181, 250, 141, 253, 84, 175, 223, 19,
       172, 24, 190, 189, 68, 59, 201, 50, 249, 16, 58, 107, 242, 183,
       203, 223, 84, 123, 210, 72, 198, 10, 232, 188, 188, 248, 173, 253,
       84, 215, 255, 187, 180, 24, 191, 249, 68, 27, 201, 242, 127, 24,
       186, 111, 242, 147, 219, 223, 85, 123, 210, 76, 214, 75, 104, 188,
       180, 252, 141, 237, 84, 167, 219, 27, 172, 24, 190, 185, 68, 50,
       201, 178, 249, 16, 122, 107, 210, 179, 251, 223, 84, 59, 210, 88,
       214, 10, 117, 126, 158, 182, 137, 63, 22, 200, 154, 186, 161, 237,
       198, 224, 67, 155, 153, 101, 236, 118, 109, 99, 202, 42, 184, 211,
       109, 63, 200, 127, 11, 21, 69, 103, 144, 39, 160, 62, 110, 152,
       123, 186, 59, 68, 223, 98, 201, 250, 151, 69, 108, 126, 148, 240,
       201, 98, 172, 254, 103, 196, 136, 243, 75, 5, 244, 188, 189, 118,
       168, 104, 20, 140, 186, 187, 161, 56, 246, 255, 77, 123, 129, 119,
       125, 18, 35, 71, 154, 49, 217, 179, 125, 63, 192, 112, 135, 43,
       193, 188, 159, 23, 168, 172, 37, 151, 254, 27, 98, 84, 244, 242,
       192, 123, 165, 110, 106, 12, 179, 220, 187, 115, 205, 170, 119,
       64, 136, 208, 131, 169, 237, 113, 253, 101, 40, 78, 71, 184, 97,
       234, 166, 76, 211, 117, 201, 51, 20, 212, 124, 106, 201, 240, 249,
       8, 231, 233, 101, 52, 104, 251, 66, 113, 38, 237, 16, 62, 217,
       205, 22, 163, 159, 4, 168, 9, 166, 242, 36, 144, 137, 123, 234,
       66, 94, 43, 90, 63, 169, 150, 21, 123, 80, 120, 142, 142, 101, 52,
       153, 103, 161, 108, 99, 144, 106, 242, 47, 8, 214, 119, 73, 58,
       145, 84, 104, 122, 1, 116, 249, 34, 197, 219, 69, 54, 192, 115,
       71, 34, 116, 48, 189, 118, 169, 109, 81, 159, 243, 191, 164, 24,
       23, 183, 73, 27, 129, 214, 108, 16, 58, 103, 250, 0, 219, 211,
       117, 61, 192, 241, 198, 98, 229, 199, 124, 39, 172, 15, 206, 188,
       122, 242, 169, 77, 211, 104, 31, 51, 147, 69, 108, 111, 228, 100,
       221, 63, 236, 63, 101, 60, 72, 115, 203, 4, 101, 116, 17, 71, 81,
       79, 230, 152, 121, 226, 99, 72, 222, 81, 13, 180, 144, 92, 80,
       106, 193, 244, 249, 46, 39, 254, 5, 6, 74, 51, 67, 178, 100, 184,
       157, 250, 232, 205, 17, 138, 138, 57, 160, 24, 182, 241, 72, 122,
       129, 18, 106, 24, 19, 107, 218, 49, 221, 128, 113, 124, 216, 8,
       71, 58, 3, 55, 250, 30, 226, 112, 188, 71, 120, 79, 125, 183, 60,
       254, 238, 58, 191, 123, 178, 133, 151, 219, 166, 99, 22, 47, 62,
       139, 205, 68, 175, 223, 93, 213, 125, 101, 176, 78, 79, 189, 96,
       232, 254, 96, 215, 119, 136, 112, 22, 212, 124, 106, 233, 144,
       121, 46, 227, 239, 37, 148, 104, 242, 192, 49, 216, 140, 95, 180,
       136, 106, 76, 175, 180, 54, 162, 153, 247, 99, 0, 91, 35, 231,
       109, 170, 120, 205, 1, 45, 249, 227, 119, 17, 32, 224, 133, 40,
       84, 220, 25, 231, 180, 46, 111, 188, 52, 170, 255, 112, 215, 119,
       137, 112, 119, 222, 29, 106, 121, 148, 105, 46, 233, 239, 39, 212,
       160, 243, 129, 33, 253, 112, 189, 102, 40, 78, 87, 152, 97, 250,
       167, 8, 215, 87, 73, 59, 148, 212, 124, 122, 233, 103, 251, 32,
       211, 217, 101, 52, 192, 243, 70, 51, 97, 237, 17, 94, 221, 205,
       198, 230, 250, 136, 232, 8, 182, 248, 5, 48, 200, 251, 82, 75, 75,
       107, 218, 127, 161, 156, 6, 58, 88, 56, 98, 170, 108, 180, 188,
       123, 141, 253, 81, 25, 255, 59, 165, 24, 222, 125, 72, 59, 153,
       146, 249, 24, 58, 106, 251, 145, 207, 219, 81, 127, 210, 74, 198,
       34, 37, 109, 19, 67, 21, 207, 70, 232, 86, 160, 107, 0, 211, 241,
       113, 96, 89, 108, 34, 106, 73, 240, 89, 62, 169, 142, 5, 36, 88,
       59, 80, 160, 44, 190, 156, 50, 203, 173, 146, 200, 154, 191, 33,
       93, 174, 251, 75, 154, 133, 123, 235, 19, 54, 107, 218, 50, 217,
       215, 93, 123, 216, 91, 139, 147, 69, 103, 152, 39, 160, 10, 110,
       152, 120, 170, 43, 68, 199, 98, 201, 218, 147, 76, 108, 126, 196,
       240, 205, 10, 172, 254, 103, 4, 192, 243, 75, 4, 38, 237, 230,
       175, 221, 47, 238, 232, 127, 162, 235, 10, 201, 234, 29, 80, 249,
       207, 123, 227, 104, 243, 219, 255, 189, 190, 207, 60, 85, 123,
       242, 128, 38, 101, 214, 143, 252, 43, 238, 232, 63, 162, 251, 138,
       236, 235, 29, 80, 251, 207, 127, 227, 104, 243, 219, 255, 190,
       190, 207, 60, 85, 251, 242, 128, 228, 112, 181, 67, 33, 111, 115,
       152, 123, 242, 39, 24, 214, 85, 73, 59, 145, 84, 104, 122, 33,
       116, 249, 0, 207, 218, 69, 54, 194, 123, 70, 34, 92, 81, 156, 231,
       44, 14, 89, 184, 175, 184, 183, 33, 223, 95, 73, 90, 230, 213,
       125, 234, 72, 193, 203, 0, 219, 251, 111, 149, 32, 187, 5, 19, 88,
