%YAML:1.0
---
descriptors: !!opencv-matrix
   rows: 238
   cols: 32
   dt: u
   data: [ 108, 181, 189, 99, 137, 109, 87, 136, 51, 59, 173, 24, 214,
       119, 72, 58, 153, 82, 105, 122, 58, 98, 251, 51, 239, 223, 85,
       127, 194, 91, 198, 98, 109, 117, 57, 103, 157, 79, 71, 168, 114,
       224, 173, 8, 210, 117, 73, 48, 144, 92, 88, 106, 105, 96, 249, 62,
       237, 221, 5, 56, 64, 59, 86, 114, 120, 176, 123, 112, 153, 233,
       81, 103, 178, 21, 164, 56, 55, 151, 64, 56, 9, 146, 104, 24, 26,
       107, 178, 21, 219, 203, 16, 121, 226, 0, 198, 106, 145, 142, 205,
       53, 176, 42, 98, 55, 116, 163, 98, 208, 211, 33, 144, 120, 115,
       206, 40, 60, 57, 252, 69, 47, 236, 166, 53, 68, 236, 224, 192, 8,
       192, 24, 157, 117, 40, 76, 65, 18, 168, 219, 38, 24, 247, 55, 1,
       123, 130, 116, 108, 8, 1, 69, 243, 0, 197, 171, 112, 24, 0, 160,
       7, 59, 5, 117, 49, 69, 85, 14, 246, 184, 121, 232, 107, 76, 222,
       49, 5, 180, 144, 76, 80, 106, 193, 240, 249, 14, 37, 188, 5, 6,
       72, 51, 67, 177, 36, 225, 57, 73, 28, 79, 67, 168, 74, 53, 37, 8,
       210, 85, 72, 52, 17, 84, 64, 106, 66, 112, 249, 21, 109, 152, 1,
       116, 80, 59, 70, 226, 249, 190, 92, 50, 232, 173, 88, 223, 179,
       127, 180, 185, 63, 247, 194, 27, 135, 183, 221, 20, 62, 75, 194,
       51, 218, 203, 117, 249, 226, 196, 138, 219, 248, 184, 253, 116,
       40, 237, 81, 19, 178, 191, 164, 24, 51, 151, 64, 27, 1, 182, 109,
       24, 59, 111, 242, 1, 211, 203, 112, 120, 224, 128, 70, 123, 253,
       112, 249, 102, 40, 76, 85, 152, 225, 250, 167, 8, 83, 87, 73, 59,
       20, 212, 124, 106, 233, 103, 251, 0, 211, 203, 101, 60, 99, 243,
       70, 115, 252, 44, 252, 118, 137, 109, 85, 223, 179, 183, 164, 25,
       19, 247, 67, 27, 1, 214, 237, 24, 58, 71, 218, 32, 219, 203, 117,
       61, 226, 240, 198, 106, 68, 185, 152, 226, 145, 236, 18, 128, 43,
       145, 45, 9, 188, 247, 75, 90, 129, 95, 249, 18, 18, 64, 218, 96,
       207, 149, 5, 123, 128, 67, 15, 18, 221, 38, 156, 182, 168, 56, 88,
       10, 250, 191, 163, 121, 207, 226, 203, 219, 131, 199, 108, 30, 60,
       69, 207, 2, 218, 243, 119, 61, 128, 241, 75, 1, 93, 77, 93, 103,
       148, 78, 71, 184, 101, 160, 171, 72, 83, 113, 9, 112, 48, 212,
       108, 106, 104, 177, 89, 46, 255, 239, 37, 20, 97, 243, 64, 34,
       244, 76, 124, 118, 168, 110, 85, 190, 176, 178, 166, 56, 87, 119,
       1, 123, 135, 247, 109, 106, 104, 71, 203, 46, 243, 235, 117, 20,
       96, 241, 198, 35, 69, 71, 213, 103, 160, 10, 110, 168, 124, 162,
       107, 64, 215, 98, 137, 210, 146, 68, 108, 110, 97, 208, 205, 106,
       172, 190, 103, 4, 136, 243, 65, 0, 148, 173, 94, 247, 146, 106,
       79, 175, 52, 162, 238, 16, 247, 115, 8, 81, 49, 246, 77, 186, 120,
       220, 25, 63, 233, 231, 37, 85, 32, 240, 132, 42, 65, 49, 21, 101,
       1, 78, 102, 48, 104, 160, 98, 8, 214, 19, 1, 50, 16, 84, 104, 104,
       65, 240, 241, 12, 165, 186, 64, 0, 72, 35, 67, 32, 192, 140, 157,
       255, 200, 237, 5, 135, 190, 23, 96, 24, 183, 243, 64, 91, 129,
       114, 106, 24, 50, 76, 218, 51, 205, 163, 116, 120, 144, 80, 135,
       170, 67, 123, 2, 161, 34, 10, 62, 17, 41, 192, 74, 237, 143, 6,
       135, 80, 182, 61, 76, 69, 133, 152, 148, 72, 164, 52, 10, 130, 12,
       38, 3, 93, 20, 5, 121, 101, 20, 79, 67, 152, 118, 160, 171, 10,
       83, 19, 25, 112, 49, 212, 72, 122, 40, 176, 121, 30, 253, 143, 5,
       20, 113, 171, 64, 34, 65, 113, 17, 101, 17, 79, 51, 40, 104, 224,
       42, 8, 214, 17, 1, 48, 144, 84, 104, 106, 65, 240, 241, 12, 229,
       156, 1, 22, 72, 34, 67, 34, 236, 176, 157, 113, 173, 107, 80, 136,
       123, 187, 33, 56, 214, 89, 72, 27, 145, 21, 236, 50, 54, 116, 217,
       18, 207, 219, 65, 119, 192, 9, 78, 3, 216, 160, 191, 116, 136,
       232, 17, 7, 178, 23, 164, 24, 183, 183, 64, 59, 1, 150, 104, 16,
       26, 109, 162, 0, 217, 163, 112, 121, 224, 64, 134, 42, 109, 97,
       49, 71, 53, 31, 118, 56, 105, 232, 127, 73, 222, 28, 159, 176,
       148, 68, 124, 110, 196, 176, 233, 142, 231, 253, 33, 6, 66, 183,
       67, 103, 76, 101, 120, 103, 50, 74, 63, 184, 40, 164, 111, 137,
       223, 87, 139, 16, 22, 93, 253, 110, 64, 208, 249, 78, 231, 253,
       37, 132, 98, 179, 7, 96, 244, 164, 189, 118, 168, 108, 85, 191,
       178, 182, 173, 24, 215, 247, 72, 59, 1, 214, 108, 10, 120, 103,
       251, 34, 249, 235, 117, 60, 224, 240, 198, 98, 108, 229, 61, 123,
       153, 77, 71, 168, 2, 84, 173, 8, 242, 115, 8, 16, 217, 66, 121,
       122, 90, 66, 251, 53, 235, 255, 5, 124, 80, 19, 198, 98, 205, 116,
       191, 103, 129, 110, 119, 136, 121, 234, 111, 24, 222, 113, 73, 58,
       177, 86, 104, 42, 97, 244, 185, 42, 231, 255, 69, 6, 200, 115,
       195, 35, 77, 240, 189, 119, 211, 78, 55, 136, 123, 234, 103, 24,
       222, 119, 9, 58, 147, 93, 120, 106, 33, 212, 249, 106, 239, 255,
       69, 6, 202, 115, 67, 179, 69, 117, 157, 39, 164, 47, 103, 152,
       122, 250, 43, 76, 215, 113, 89, 58, 145, 68, 120, 122, 145, 240,
       249, 34, 237, 158, 101, 116, 200, 123, 83, 48, 216, 152, 159, 252,
       136, 64, 69, 183, 160, 19, 166, 88, 119, 55, 0, 127, 1, 246, 124,
       136, 57, 77, 179, 37, 209, 227, 116, 24, 170, 224, 164, 56, 248,
       34, 255, 112, 170, 233, 81, 87, 162, 23, 165, 56, 23, 167, 64, 31,
       39, 178, 109, 24, 58, 79, 162, 16, 219, 195, 117, 120, 226, 192,
       134, 99, 109, 103, 192, 7, 244, 27, 110, 168, 113, 174, 127, 200,
       195, 96, 221, 148, 24, 76, 68, 110, 200, 240, 205, 46, 46, 60, 37,
       52, 70, 255, 90, 4, 252, 186, 222, 114, 168, 173, 85, 219, 178,
       191, 165, 29, 55, 227, 75, 27, 39, 214, 109, 16, 58, 71, 218, 32,
       219, 203, 117, 57, 232, 209, 134, 27, 120, 34, 251, 100, 10, 104,
       65, 83, 160, 164, 164, 56, 19, 151, 65, 26, 38, 180, 68, 24, 8,
       79, 160, 0, 217, 201, 48, 56, 224, 128, 70, 98, 248, 174, 252, 80,
       234, 233, 81, 223, 243, 63, 164, 56, 51, 161, 66, 27, 11, 146,
       108, 24, 58, 111, 234, 51, 91, 207, 117, 121, 243, 200, 198, 43,
       40, 181, 57, 65, 221, 255, 211, 171, 95, 57, 45, 24, 214, 61, 76,
       52, 145, 30, 66, 56, 19, 120, 121, 23, 47, 159, 5, 119, 82, 10,
       214, 163, 248, 172, 183, 114, 169, 248, 85, 247, 179, 23, 164, 25,
       111, 247, 64, 159, 33, 246, 237, 16, 58, 79, 170, 35, 219, 243,
       85, 123, 162, 196, 166, 106, 133, 117, 16, 69, 117, 30, 230, 184,
       121, 232, 107, 76, 222, 48, 13, 180, 144, 76, 80, 106, 229, 176,
       217, 78, 37, 188, 5, 6, 74, 59, 75, 165, 5, 117, 17, 69, 117, 31,
       230, 184, 120, 232, 107, 76, 214, 48, 93, 180, 144, 76, 82, 106,
       197, 240, 89, 14, 45, 156, 5, 38, 74, 59, 75, 132, 101, 241, 49,
       65, 209, 95, 103, 168, 107, 240, 43, 72, 214, 80, 77, 180, 145,
       92, 64, 122, 65, 112, 249, 28, 45, 156, 5, 118, 202, 59, 66, 164,
       248, 184, 191, 112, 40, 237, 81, 87, 178, 63, 164, 25, 55, 183,
       66, 27, 131, 178, 109, 16, 58, 79, 178, 1, 219, 195, 112, 121,
       226, 192, 6, 123, 250, 174, 150, 178, 232, 173, 88, 223, 187, 59,
       160, 217, 47, 235, 80, 155, 135, 183, 125, 28, 190, 79, 202, 177,
       219, 219, 85, 248, 162, 196, 138, 11, 240, 178, 255, 82, 168, 237,
       144, 215, 235, 59, 176, 120, 58, 188, 196, 59, 175, 151, 124, 0,
       179, 111, 202, 97, 25, 154, 112, 250, 193, 64, 198, 63, 205, 174,
       192, 19, 210, 56, 39, 191, 50, 183, 6, 252, 209, 226, 202, 218,
       115, 206, 234, 144, 51, 94, 239, 34, 108, 7, 247, 236, 174, 212,
       138, 225, 253, 79, 78, 94, 172, 27, 68, 173, 85, 214, 230, 149,
       67, 225, 187, 253, 82, 228, 172, 110, 108, 247, 47, 44, 226, 251,
       69, 21, 118, 189, 252, 68, 213, 78, 200, 71, 148, 62, 78, 154,
       115, 174, 246, 16, 67, 96, 151, 126, 113, 196, 108, 190, 172, 244,
       237, 42, 226, 239, 181, 5, 235, 243, 122, 4, 77, 142, 92, 107,
       176, 191, 82, 186, 118, 41, 62, 124, 215, 96, 138, 112, 23, 70,
       76, 60, 190, 184, 109, 63, 238, 207, 37, 116, 250, 219, 200, 5,
