%YAML:1.0
---
descriptors: !!opencv-matrix
   rows: 213
   cols: 32
   dt: u
   data: [ 228, 117, 189, 99, 168, 111, 71, 152, 122, 187, 171, 24, 215,
       115, 73, 59, 145, 84, 120, 122, 49, 64, 249, 34, 237, 219, 101,
       116, 200, 115, 198, 98, 228, 117, 61, 103, 153, 79, 71, 172, 122,
       232, 168, 8, 247, 117, 73, 51, 144, 86, 120, 106, 105, 112, 249,
       63, 237, 219, 5, 52, 64, 122, 198, 122, 100, 100, 61, 103, 13, 79,
       71, 168, 114, 230, 165, 8, 211, 117, 73, 51, 152, 84, 121, 106,
       105, 102, 249, 62, 229, 219, 69, 52, 64, 59, 86, 114, 88, 164,
       156, 49, 169, 105, 81, 143, 59, 183, 37, 57, 143, 51, 74, 27, 131,
       151, 237, 16, 50, 76, 203, 19, 223, 215, 85, 127, 192, 64, 143,
       11, 81, 142, 95, 101, 180, 42, 111, 55, 116, 42, 122, 68, 243, 35,
       144, 112, 19, 102, 108, 44, 185, 184, 69, 47, 232, 175, 32, 64,
       232, 226, 192, 40, 252, 181, 253, 114, 168, 125, 85, 159, 242,
       255, 164, 24, 83, 247, 74, 59, 5, 214, 108, 24, 59, 111, 250, 51,
       251, 203, 117, 125, 226, 208, 198, 114, 221, 39, 152, 178, 184,
       60, 90, 8, 250, 187, 171, 89, 207, 226, 203, 219, 151, 199, 108,
       28, 60, 65, 203, 34, 154, 247, 103, 125, 128, 243, 139, 1, 69,
       112, 25, 101, 0, 79, 55, 32, 104, 192, 99, 8, 214, 17, 1, 48, 144,
       84, 64, 106, 65, 240, 241, 12, 229, 184, 0, 6, 72, 51, 67, 34,
       252, 116, 149, 118, 169, 44, 84, 218, 243, 187, 177, 88, 223, 247,
       73, 155, 133, 214, 236, 18, 40, 103, 202, 34, 219, 219, 117, 60,
       194, 241, 66, 35, 93, 69, 125, 103, 20, 78, 71, 48, 100, 160, 235,
       72, 115, 115, 24, 112, 48, 212, 92, 106, 105, 176, 25, 46, 247,
       239, 33, 16, 96, 179, 64, 34, 244, 68, 92, 118, 168, 106, 87, 184,
       176, 178, 167, 24, 215, 115, 9, 123, 135, 213, 109, 106, 104, 103,
       201, 46, 243, 235, 101, 20, 96, 241, 70, 34, 96, 213, 149, 121,
       157, 77, 69, 175, 107, 57, 168, 24, 246, 51, 76, 114, 129, 151,
       104, 16, 91, 104, 219, 21, 173, 178, 84, 126, 80, 24, 196, 42,
       224, 140, 157, 255, 232, 173, 21, 167, 158, 23, 96, 24, 182, 243,
       96, 91, 193, 114, 106, 24, 50, 78, 218, 55, 237, 167, 116, 120,
       144, 88, 135, 42, 85, 133, 125, 101, 22, 79, 67, 184, 100, 160,
       170, 8, 211, 51, 8, 112, 50, 212, 72, 120, 104, 176, 121, 30, 239,
       175, 5, 84, 112, 170, 192, 34, 116, 97, 187, 100, 65, 70, 235,
       200, 40, 164, 235, 10, 80, 255, 9, 48, 248, 221, 115, 234, 0, 243,
       184, 72, 117, 172, 139, 4, 65, 51, 103, 162, 69, 247, 149, 71,
       180, 14, 102, 184, 122, 168, 43, 76, 214, 113, 217, 50, 145, 68,
       108, 110, 225, 240, 249, 42, 173, 190, 101, 4, 72, 243, 67, 33,
       252, 176, 189, 112, 169, 125, 17, 27, 171, 247, 165, 25, 158, 191,
       78, 27, 135, 151, 237, 16, 58, 103, 186, 16, 219, 219, 85, 127,
       194, 64, 199, 115, 212, 38, 188, 247, 172, 47, 85, 186, 218, 190,
       178, 88, 247, 121, 73, 11, 135, 87, 109, 43, 168, 101, 203, 34,
       201, 139, 117, 52, 192, 249, 129, 3, 209, 164, 189, 123, 168, 109,
       17, 143, 222, 115, 161, 24, 246, 48, 72, 43, 133, 3, 104, 16, 55,
       109, 251, 49, 201, 154, 85, 118, 208, 72, 129, 46, 36, 213, 189,
       107, 152, 79, 71, 188, 86, 116, 239, 4, 211, 71, 8, 80, 81, 222,
       40, 122, 75, 240, 121, 55, 237, 134, 5, 116, 112, 251, 132, 48,
       76, 113, 121, 103, 112, 74, 63, 184, 60, 228, 111, 172, 223, 87,
       137, 80, 22, 93, 205, 110, 65, 144, 121, 92, 231, 189, 33, 4, 64,
       179, 7, 113, 109, 117, 49, 101, 117, 31, 118, 56, 121, 232, 127,
       77, 218, 125, 159, 176, 148, 68, 124, 110, 196, 240, 233, 14, 103,
       255, 33, 6, 66, 183, 66, 119, 32, 104, 89, 69, 80, 79, 67, 112,
       96, 160, 110, 72, 115, 23, 133, 48, 16, 252, 68, 106, 9, 240, 241,
       12, 71, 141, 33, 0, 99, 163, 70, 160, 88, 189, 191, 114, 152, 237,
       81, 199, 242, 149, 172, 24, 55, 247, 64, 58, 129, 247, 236, 16,
       26, 107, 186, 35, 219, 199, 53, 121, 224, 64, 134, 106, 197, 20,
       29, 126, 168, 110, 87, 184, 248, 218, 167, 24, 215, 119, 9, 123,
       145, 87, 124, 42, 121, 69, 251, 46, 225, 187, 101, 20, 200, 241,
       195, 49, 240, 42, 255, 112, 10, 232, 65, 82, 160, 149, 160, 24,
       23, 151, 64, 59, 36, 180, 108, 24, 26, 111, 162, 0, 209, 160, 112,
       120, 224, 128, 6, 98, 120, 184, 187, 112, 27, 237, 81, 82, 227,
       181, 172, 24, 54, 151, 64, 56, 161, 178, 104, 24, 26, 107, 178,
       49, 219, 205, 16, 123, 226, 1, 70, 106, 81, 143, 95, 101, 176, 46,
       71, 55, 96, 8, 186, 68, 243, 49, 144, 114, 22, 230, 108, 110, 249,
       169, 97, 47, 224, 174, 36, 16, 104, 226, 194, 41, 209, 221, 31,
       103, 184, 14, 71, 181, 224, 200, 170, 76, 247, 115, 128, 115, 36,
       230, 124, 106, 233, 233, 153, 45, 225, 235, 100, 16, 104, 243,
       194, 41, 253, 78, 206, 85, 36, 58, 68, 190, 117, 230, 230, 20, 67,
       32, 147, 123, 113, 204, 44, 174, 236, 244, 173, 10, 210, 239, 245,
       5, 107, 241, 120, 76, 98, 168, 204, 88, 232, 185, 96, 199, 171,
       23, 164, 189, 35, 227, 198, 159, 75, 162, 235, 28, 26, 111, 206,
       113, 94, 211, 84, 121, 195, 204, 206, 138, 124, 181, 253, 114,
       168, 109, 85, 159, 242, 255, 172, 24, 91, 247, 72, 59, 129, 214,
       124, 24, 59, 107, 251, 48, 251, 203, 117, 125, 226, 208, 198, 98,
       252, 232, 252, 118, 136, 109, 85, 222, 179, 183, 165, 25, 87, 247,
       75, 27, 1, 214, 237, 26, 58, 71, 218, 32, 219, 195, 117, 125, 226,
       241, 198, 34, 117, 69, 93, 103, 20, 78, 103, 184, 101, 160, 235,
       72, 83, 113, 25, 112, 48, 212, 104, 106, 105, 177, 89, 46, 245,
       239, 5, 20, 97, 179, 64, 32, 212, 77, 94, 119, 144, 74, 71, 174,
       180, 178, 166, 16, 83, 99, 1, 83, 113, 246, 108, 234, 104, 197,
       89, 46, 249, 227, 229, 21, 32, 112, 228, 42, 96, 181, 17, 107,
       185, 77, 84, 175, 111, 57, 40, 88, 214, 51, 76, 114, 145, 23, 104,
       16, 91, 104, 219, 21, 173, 214, 21, 126, 208, 72, 198, 42, 100,
       97, 59, 100, 89, 198, 163, 64, 224, 128, 232, 8, 80, 215, 33, 48,
       248, 252, 82, 234, 65, 243, 178, 72, 117, 172, 139, 12, 65, 35,
       103, 162, 69, 231, 157, 103, 52, 14, 102, 184, 122, 168, 43, 76,
       215, 96, 217, 50, 145, 68, 108, 126, 193, 240, 217, 46, 173, 190,
       37, 4, 72, 243, 67, 33, 65, 49, 149, 69, 1, 14, 102, 48, 104, 138,
       107, 76, 214, 49, 8, 50, 148, 68, 104, 110, 193, 240, 209, 8, 37,
       190, 69, 6, 72, 114, 67, 33, 116, 188, 189, 118, 249, 244, 87,
       143, 179, 159, 173, 56, 238, 255, 206, 58, 129, 119, 237, 18, 62,
       67, 170, 51, 219, 215, 117, 251, 128, 115, 134, 99, 36, 197, 29,
       107, 153, 79, 71, 184, 86, 176, 171, 8, 211, 85, 9, 112, 81, 212,
       104, 106, 75, 176, 89, 61, 237, 142, 5, 20, 80, 123, 64, 48, 248,
       168, 252, 112, 138, 233, 85, 87, 162, 183, 164, 56, 55, 183, 64,
       27, 35, 182, 109, 24, 58, 111, 162, 0, 219, 195, 117, 121, 224,
       192, 134, 42, 100, 97, 104, 103, 116, 10, 126, 40, 105, 160, 111,
       9, 211, 105, 29, 48, 146, 76, 121, 111, 68, 176, 205, 12, 102,
       253, 1, 21, 100, 179, 74, 2, 208, 184, 157, 112, 168, 232, 81,
       159, 230, 115, 166, 56, 183, 247, 64, 123, 35, 183, 108, 16, 58,
       77, 139, 49, 217, 227, 117, 121, 224, 64, 135, 43, 109, 103, 224,
       39, 180, 27, 102, 168, 105, 230, 255, 169, 195, 96, 223, 150, 25,
       204, 108, 110, 204, 176, 205, 46, 174, 223, 37, 21, 230, 255, 90,
       196, 240, 42, 255, 112, 10, 200, 81, 83, 162, 151, 164, 184, 23,
       135, 64, 27, 35, 180, 109, 24, 58, 79, 162, 0, 217, 128, 112, 120,
       224, 128, 38, 98, 77, 125, 252, 5, 182, 62, 103, 184, 126, 226,
       111, 132, 215, 112, 159, 38, 55, 76, 112, 127, 241, 240, 253, 14,
       110, 63, 101, 4, 238, 247, 81, 117, 244, 240, 220, 50, 138, 109,
       84, 207, 178, 183, 161, 25, 119, 243, 75, 26, 163, 215, 109, 16,
       58, 71, 218, 34, 219, 195, 117, 125, 224, 113, 142, 2, 29, 77, 83,
       103, 148, 78, 71, 184, 117, 162, 239, 64, 83, 113, 25, 116, 112,
