%YAML:1.0
---
descriptors: !!opencv-matrix
   rows: 328
   cols: 32
   dt: u
   data: [ 5, 117, 49, 77, 81, 78, 103, 184, 125, 192, 107, 76, 222, 83,
       9, 180, 146, 92, 64, 106, 193, 176, 121, 92, 37, 188, 1, 6, 74,
       51, 99, 163, 112, 173, 127, 112, 8, 201, 85, 231, 179, 21, 172,
       56, 51, 247, 66, 50, 9, 178, 101, 24, 90, 75, 226, 53, 251, 143,
       116, 121, 99, 128, 198, 106, 216, 168, 187, 248, 154, 233, 81,
       151, 163, 21, 132, 57, 55, 151, 98, 90, 97, 186, 125, 16, 26, 79,
       162, 51, 217, 197, 52, 121, 178, 128, 164, 107, 21, 223, 25, 103,
       48, 14, 111, 184, 116, 234, 126, 100, 243, 115, 153, 112, 22, 100,
       60, 110, 233, 176, 125, 46, 236, 175, 37, 128, 104, 243, 64, 49,
       128, 142, 255, 223, 172, 42, 108, 183, 252, 179, 114, 212, 247,
       99, 148, 123, 99, 110, 46, 12, 177, 252, 159, 111, 236, 186, 247,
       0, 204, 248, 225, 185, 85, 93, 121, 103, 176, 78, 79, 188, 100,
       234, 254, 96, 247, 119, 137, 112, 54, 246, 92, 106, 233, 176, 121,
       46, 231, 239, 37, 148, 104, 243, 194, 57, 125, 93, 125, 103, 180,
       78, 71, 184, 96, 232, 191, 76, 243, 119, 137, 115, 20, 212, 124,
       106, 233, 176, 249, 44, 231, 233, 37, 20, 104, 243, 66, 113, 237,
       113, 189, 101, 40, 94, 71, 184, 96, 250, 167, 72, 211, 117, 73,
       59, 148, 84, 124, 106, 233, 118, 249, 8, 231, 251, 101, 52, 72,
       243, 66, 113, 133, 70, 157, 247, 164, 46, 102, 184, 60, 250, 59,
       80, 215, 117, 153, 191, 21, 70, 108, 46, 225, 229, 89, 42, 165,
       187, 101, 20, 72, 243, 211, 33, 197, 180, 189, 55, 153, 111, 87,
       190, 51, 250, 171, 28, 215, 119, 73, 121, 145, 222, 124, 42, 57,
       228, 249, 62, 237, 223, 85, 20, 200, 113, 134, 114, 237, 84, 181,
       67, 173, 111, 71, 152, 59, 190, 47, 28, 214, 113, 73, 127, 145,
       68, 120, 122, 49, 68, 251, 34, 207, 251, 69, 52, 202, 123, 198,
       114, 236, 180, 188, 115, 173, 109, 81, 152, 123, 123, 165, 24,
       222, 125, 72, 59, 153, 18, 253, 24, 58, 103, 251, 18, 207, 219,
       81, 127, 210, 75, 70, 242, 236, 117, 177, 103, 153, 111, 71, 188,
       50, 254, 171, 8, 215, 117, 73, 51, 145, 222, 121, 106, 105, 84,
       249, 62, 237, 251, 69, 52, 8, 123, 198, 114, 44, 109, 181, 103,
       165, 78, 103, 172, 112, 230, 238, 8, 211, 119, 9, 49, 153, 76,
       112, 106, 105, 240, 249, 42, 229, 254, 69, 20, 64, 123, 86, 242,
       232, 180, 188, 250, 141, 237, 84, 15, 223, 59, 161, 24, 190, 189,
       76, 27, 201, 147, 251, 16, 58, 110, 210, 147, 207, 219, 84, 123,
       210, 72, 198, 10, 108, 101, 44, 71, 153, 111, 71, 168, 51, 224,
       173, 8, 211, 119, 75, 20, 89, 212, 121, 106, 104, 114, 249, 62,
       237, 223, 133, 53, 66, 251, 214, 98, 60, 101, 209, 234, 219, 71,
       87, 232, 147, 132, 169, 11, 79, 255, 99, 50, 249, 249, 210, 242,
       108, 99, 250, 158, 187, 205, 5, 63, 115, 63, 70, 226, 100, 69, 40,
       71, 149, 79, 71, 184, 23, 104, 239, 8, 211, 117, 27, 52, 88, 204,
       123, 106, 72, 178, 121, 62, 231, 255, 5, 52, 82, 251, 214, 114,
       60, 101, 121, 103, 93, 94, 94, 176, 16, 228, 239, 9, 219, 109, 29,
       144, 88, 220, 209, 106, 104, 242, 217, 174, 103, 239, 133, 21, 99,
       187, 94, 210, 252, 34, 252, 114, 140, 41, 81, 223, 210, 183, 181,
       25, 19, 233, 75, 27, 9, 210, 236, 16, 58, 103, 202, 50, 219, 207,
       117, 125, 227, 249, 206, 2, 240, 48, 255, 112, 40, 236, 81, 23,
       162, 63, 164, 56, 23, 151, 64, 27, 5, 182, 109, 24, 26, 79, 178,
       0, 217, 227, 112, 120, 224, 192, 134, 123, 120, 186, 156, 56, 168,
       173, 89, 215, 163, 127, 180, 253, 63, 183, 66, 26, 135, 179, 253,
       20, 159, 75, 194, 49, 219, 195, 112, 249, 170, 196, 142, 91, 112,
       184, 253, 114, 168, 252, 81, 23, 162, 253, 164, 24, 51, 183, 194,
       59, 5, 182, 236, 24, 59, 107, 242, 49, 219, 235, 116, 121, 224,
       192, 198, 123, 68, 253, 157, 119, 153, 78, 23, 172, 122, 242, 43,
       8, 246, 119, 73, 51, 145, 86, 104, 98, 113, 96, 251, 47, 233, 191,
       69, 55, 200, 115, 199, 50, 224, 168, 156, 218, 204, 237, 69, 143,
       202, 19, 164, 24, 182, 243, 72, 123, 129, 82, 106, 8, 51, 111,
       218, 49, 221, 130, 80, 121, 208, 72, 199, 42, 244, 4, 93, 118,
       168, 110, 85, 56, 176, 186, 167, 56, 87, 119, 137, 123, 135, 213,
       109, 42, 104, 103, 203, 10, 209, 171, 117, 28, 96, 241, 70, 35,
       112, 133, 93, 110, 154, 46, 71, 189, 232, 32, 170, 8, 247, 115, 8,
       115, 34, 215, 108, 106, 121, 169, 89, 45, 241, 235, 101, 84, 96,
       226, 193, 32, 148, 100, 189, 231, 146, 74, 111, 152, 52, 162, 103,
       2, 215, 119, 9, 113, 51, 220, 73, 234, 104, 212, 57, 46, 233, 175,
       37, 4, 32, 179, 4, 34, 124, 101, 124, 71, 14, 75, 199, 168, 64,
       166, 174, 170, 83, 101, 13, 51, 24, 212, 96, 106, 72, 114, 237,
       44, 115, 201, 69, 53, 103, 251, 86, 34, 96, 213, 21, 253, 189, 77,
       69, 174, 91, 49, 40, 24, 182, 51, 76, 114, 129, 83, 104, 0, 115,
       40, 211, 119, 173, 182, 20, 122, 80, 24, 196, 42, 192, 196, 157,
       217, 200, 237, 69, 175, 94, 51, 40, 24, 182, 51, 72, 123, 129, 83,
       106, 8, 35, 108, 211, 115, 237, 150, 84, 124, 144, 88, 135, 40,
       117, 69, 125, 103, 22, 79, 71, 184, 118, 160, 171, 8, 83, 49, 25,
       112, 49, 212, 72, 106, 104, 176, 121, 30, 237, 175, 5, 20, 113,
       187, 64, 32, 100, 101, 59, 102, 65, 198, 231, 232, 248, 170, 235,
       8, 80, 247, 41, 48, 248, 253, 115, 234, 105, 243, 184, 78, 113,
       174, 139, 12, 65, 115, 103, 162, 229, 71, 85, 103, 52, 14, 102,
       184, 120, 170, 123, 76, 211, 97, 153, 243, 20, 68, 108, 110, 225,
       240, 205, 14, 36, 186, 101, 132, 72, 243, 66, 1, 67, 59, 18, 165,
       50, 138, 58, 16, 40, 224, 74, 237, 174, 38, 129, 208, 134, 53,
       236, 69, 133, 152, 149, 109, 164, 52, 42, 130, 12, 7, 11, 29, 69,
       117, 17, 71, 85, 79, 119, 40, 121, 232, 107, 8, 222, 112, 13, 52,
       144, 92, 80, 106, 65, 240, 249, 14, 37, 156, 5, 6, 72, 51, 67,
       183, 244, 180, 157, 97, 169, 111, 16, 9, 123, 59, 161, 56, 214,
       116, 72, 59, 147, 149, 108, 48, 55, 117, 249, 19, 137, 210, 81,
       119, 208, 72, 135, 3, 86, 237, 208, 99, 209, 11, 110, 168, 59,
       176, 42, 72, 75, 107, 69, 150, 51, 205, 109, 250, 76, 80, 201,
       106, 190, 222, 133, 119, 225, 243, 74, 2, 252, 173, 254, 114, 138,
       233, 85, 207, 162, 55, 172, 184, 55, 231, 73, 27, 1, 242, 109, 24,
       58, 75, 234, 51, 219, 195, 117, 121, 224, 209, 134, 106, 96, 249,
       156, 115, 137, 205, 23, 174, 43, 53, 36, 25, 182, 55, 74, 18, 129,
       82, 105, 80, 82, 72, 219, 49, 239, 145, 85, 119, 64, 17, 134, 42,
       109, 101, 51, 103, 117, 31, 118, 48, 105, 232, 59, 73, 218, 57,
       157, 180, 180, 76, 117, 110, 196, 240, 137, 140, 103, 252, 37,
       166, 66, 183, 82, 231, 5, 113, 19, 69, 80, 95, 226, 48, 96, 200,
       103, 72, 210, 20, 133, 180, 24, 124, 64, 106, 65, 176, 113, 12,
       37, 188, 1, 0, 75, 179, 67, 164, 0, 245, 185, 97, 209, 77, 53,
       175, 58, 61, 40, 24, 158, 55, 72, 48, 145, 27, 64, 16, 82, 120,
       249, 23, 237, 148, 21, 119, 192, 80, 135, 234, 145, 142, 153, 123,
       176, 174, 75, 159, 118, 11, 114, 84, 243, 99, 144, 120, 19, 238,
       44, 60, 187, 188, 109, 63, 232, 175, 53, 192, 168, 192, 192, 41,
       129, 142, 223, 123, 164, 171, 105, 151, 118, 19, 98, 116, 247,
       227, 208, 105, 115, 46, 38, 28, 179, 220, 13, 51, 204, 170, 118,
       64, 184, 192, 225, 168, 129, 174, 143, 123, 228, 169, 104, 151,
       118, 19, 66, 208, 181, 227, 208, 105, 99, 42, 42, 28, 51, 220, 79,
       50, 204, 162, 118, 64, 152, 192, 161, 168, 129, 142, 159, 153,
       236, 169, 108, 151, 254, 19, 98, 208, 181, 226, 240, 107, 3, 74,
       106, 28, 51, 220, 79, 115, 76, 130, 118, 64, 152, 192, 225, 136,
       38, 205, 18, 190, 217, 197, 22, 224, 159, 132, 233, 9, 198, 224,
       45, 148, 216, 249, 194, 66, 110, 35, 90, 191, 185, 214, 5, 59, 80,
       123, 174, 134, 197, 174, 143, 155, 236, 169, 169, 202, 254, 19,
