%YAML:1.0
---
descriptors: !!opencv-matrix
   rows: 207
   cols: 32
   dt: u
   data: [ 89, 149, 125, 101, 176, 78, 79, 191, 96, 232, 190, 64, 83, 55,
       129, 114, 86, 212, 124, 106, 233, 161, 121, 14, 227, 239, 37, 148,
       104, 242, 68, 57, 124, 180, 253, 97, 173, 109, 83, 152, 107, 255,
       173, 24, 223, 93, 72, 58, 153, 144, 124, 58, 27, 103, 251, 16,
       219, 223, 65, 125, 211, 203, 70, 99, 69, 103, 148, 71, 160, 62,
       110, 152, 120, 170, 43, 64, 223, 98, 201, 254, 149, 68, 108, 126,
       177, 208, 201, 74, 172, 190, 103, 4, 136, 243, 201, 5, 224, 168,
       157, 250, 200, 237, 49, 143, 158, 19, 32, 24, 182, 243, 64, 91,
       129, 50, 106, 24, 50, 79, 218, 49, 205, 163, 86, 120, 144, 72,
       135, 42, 45, 97, 104, 103, 52, 31, 126, 56, 105, 160, 127, 9, 219,
       73, 157, 176, 146, 76, 85, 110, 196, 176, 205, 12, 103, 253, 33,
       4, 70, 191, 90, 128, 76, 101, 120, 103, 114, 27, 127, 184, 41, 44,
       127, 169, 223, 87, 139, 48, 22, 93, 213, 110, 64, 176, 233, 110,
       231, 253, 37, 164, 98, 183, 7, 243, 116, 189, 253, 114, 155, 233,
       85, 239, 178, 181, 172, 56, 63, 247, 64, 26, 35, 243, 236, 16, 58,
       75, 186, 49, 251, 199, 85, 121, 224, 64, 230, 106, 104, 169, 156,
       121, 153, 221, 20, 174, 143, 53, 44, 9, 174, 187, 64, 144, 129,
       91, 233, 64, 86, 106, 90, 53, 239, 215, 20, 123, 82, 89, 142, 138,
       77, 52, 157, 119, 129, 126, 55, 136, 121, 234, 39, 8, 222, 113,
       73, 58, 145, 84, 104, 50, 33, 240, 249, 42, 207, 223, 69, 6, 202,
       115, 67, 51, 69, 117, 153, 35, 132, 79, 103, 136, 122, 250, 11,
       72, 214, 112, 73, 58, 145, 76, 120, 123, 81, 240, 217, 34, 173,
       142, 101, 116, 200, 123, 195, 33, 69, 117, 26, 103, 241, 14, 119,
       184, 105, 168, 111, 12, 222, 115, 8, 80, 178, 109, 108, 106, 65,
       240, 217, 46, 231, 255, 5, 6, 74, 51, 203, 19, 125, 113, 17, 97,
       17, 95, 82, 8, 105, 232, 175, 8, 158, 22, 5, 180, 144, 148, 76,
       98, 73, 178, 241, 12, 179, 248, 1, 54, 74, 35, 66, 38, 13, 117,
       148, 71, 209, 31, 118, 184, 123, 232, 103, 12, 222, 112, 13, 182,
       145, 76, 120, 106, 229, 240, 249, 14, 111, 255, 69, 38, 74, 115,
       203, 183, 240, 40, 255, 112, 170, 232, 65, 86, 162, 151, 164, 56,
       23, 183, 64, 27, 35, 182, 109, 24, 42, 79, 162, 32, 217, 195, 117,
       120, 224, 192, 134, 107, 240, 164, 220, 114, 168, 173, 85, 223,
       178, 191, 164, 29, 23, 243, 74, 27, 1, 210, 237, 16, 58, 111, 218,
       51, 219, 139, 117, 125, 232, 192, 206, 3, 252, 32, 255, 112, 10,
       106, 81, 83, 162, 183, 164, 56, 19, 151, 65, 27, 35, 148, 68, 24,
       24, 71, 162, 0, 217, 201, 117, 124, 225, 224, 70, 98, 241, 88,
       223, 116, 8, 76, 68, 180, 160, 210, 162, 88, 115, 55, 129, 123, 1,
       244, 108, 106, 105, 71, 179, 40, 211, 171, 116, 24, 40, 240, 194,
       56, 248, 182, 252, 120, 168, 233, 81, 223, 178, 63, 164, 56, 55,
       241, 74, 27, 9, 146, 109, 24, 58, 111, 194, 51, 219, 199, 117,
       121, 242, 200, 198, 43, 100, 103, 57, 103, 48, 15, 103, 56, 104,
       172, 111, 72, 210, 65, 137, 48, 144, 92, 68, 106, 192, 176, 249,
       14, 101, 188, 33, 20, 64, 179, 70, 97, 248, 184, 247, 80, 171,
       249, 81, 215, 179, 159, 164, 56, 46, 247, 64, 159, 39, 187, 237,
       24, 58, 79, 162, 243, 219, 210, 84, 123, 226, 196, 198, 107, 124,
       120, 189, 97, 41, 111, 83, 152, 99, 250, 165, 24, 215, 85, 73, 58,
       145, 212, 108, 122, 11, 102, 251, 0, 219, 223, 101, 124, 194, 243,
       70, 51, 218, 170, 148, 182, 169, 141, 92, 182, 187, 187, 160, 89,
       175, 235, 64, 27, 167, 247, 125, 5, 190, 79, 154, 241, 155, 250,
       93, 250, 130, 196, 131, 11, 213, 78, 234, 71, 148, 62, 70, 138,
       113, 174, 239, 21, 67, 96, 151, 90, 113, 198, 108, 254, 172, 240,
       237, 42, 178, 239, 165, 21, 225, 243, 122, 68, 228, 180, 157, 114,
       168, 237, 69, 143, 251, 59, 160, 88, 150, 241, 72, 59, 129, 82,
       108, 16, 59, 111, 218, 115, 157, 146, 85, 126, 216, 88, 199, 35,
       116, 77, 93, 103, 156, 78, 71, 184, 97, 164, 171, 8, 83, 115, 9,
       115, 48, 196, 108, 106, 73, 177, 121, 44, 245, 169, 101, 20, 97,
       243, 70, 32, 21, 69, 19, 101, 20, 79, 99, 168, 118, 160, 234, 0,
       83, 81, 16, 112, 48, 220, 8, 106, 105, 176, 57, 62, 233, 142, 5,
       20, 112, 171, 64, 32, 208, 40, 185, 112, 8, 233, 81, 7, 226, 53,
       164, 24, 55, 151, 64, 59, 129, 182, 104, 16, 26, 79, 162, 1, 217,
       129, 80, 121, 224, 0, 6, 106, 102, 127, 144, 54, 201, 189, 22,
       204, 187, 255, 169, 77, 46, 251, 79, 154, 133, 123, 225, 82, 14,
       67, 218, 227, 187, 214, 85, 59, 202, 119, 10, 31, 124, 101, 210,
       46, 11, 64, 86, 136, 179, 134, 233, 169, 79, 243, 73, 222, 210,
       244, 236, 98, 76, 67, 202, 138, 178, 247, 69, 59, 35, 119, 110, 2,
       100, 97, 120, 103, 116, 26, 126, 40, 105, 160, 111, 8, 211, 73,
       29, 16, 18, 204, 81, 106, 68, 176, 205, 12, 103, 253, 1, 5, 101,
       179, 74, 130, 92, 101, 112, 103, 115, 27, 126, 184, 49, 160, 127,
       136, 91, 27, 9, 148, 58, 220, 213, 234, 72, 240, 201, 206, 231,
       221, 37, 5, 99, 183, 79, 162, 112, 169, 252, 114, 154, 201, 85,
       111, 178, 181, 165, 57, 55, 247, 64, 19, 43, 178, 232, 16, 122,
       75, 186, 21, 251, 195, 85, 125, 225, 0, 134, 106, 129, 88, 19, 77,
       86, 31, 230, 48, 104, 74, 98, 76, 242, 16, 133, 180, 50, 108, 80,
       106, 229, 180, 53, 79, 36, 188, 0, 2, 73, 51, 67, 172, 120, 171,
       184, 112, 168, 205, 81, 221, 242, 189, 164, 8, 55, 179, 64, 25, 0,
       250, 108, 72, 26, 107, 202, 49, 219, 201, 113, 49, 96, 128, 198,
       43, 133, 174, 207, 23, 160, 170, 101, 151, 246, 179, 98, 240, 211,
       225, 208, 123, 3, 110, 106, 28, 51, 252, 239, 34, 76, 163, 117,
       68, 228, 241, 208, 160, 77, 112, 189, 103, 161, 126, 119, 152,
       121, 250, 39, 8, 222, 121, 77, 58, 145, 84, 120, 106, 1, 244, 249,
       106, 199, 255, 69, 6, 202, 115, 67, 35, 69, 245, 157, 99, 148, 79,
       103, 184, 114, 248, 47, 72, 215, 113, 73, 50, 17, 84, 120, 122,
       113, 240, 249, 34, 237, 159, 37, 116, 200, 123, 211, 32, 77, 53,
       153, 99, 209, 95, 55, 136, 123, 234, 103, 8, 222, 113, 77, 52,
       145, 93, 80, 114, 113, 240, 249, 106, 111, 223, 5, 102, 202, 115,
       67, 182, 69, 117, 24, 103, 240, 14, 118, 184, 105, 168, 107, 76,
       214, 115, 9, 80, 146, 79, 100, 106, 65, 176, 217, 110, 229, 188,
       5, 6, 72, 115, 67, 3, 125, 113, 18, 101, 49, 95, 82, 56, 97, 232,
       111, 76, 91, 81, 9, 180, 144, 156, 84, 106, 205, 178, 241, 12,
       163, 221, 1, 22, 74, 179, 74, 7, 252, 180, 220, 50, 168, 173, 84,
       223, 178, 187, 161, 61, 23, 243, 74, 27, 163, 199, 237, 16, 62,
       79, 218, 34, 218, 227, 117, 125, 168, 192, 138, 3, 248, 162, 222,
       112, 170, 169, 81, 87, 162, 183, 164, 185, 23, 131, 66, 27, 39,
       150, 77, 16, 58, 79, 130, 0, 219, 193, 113, 121, 224, 192, 134,
       11, 100, 103, 17, 71, 116, 15, 103, 56, 104, 172, 123, 72, 211,
       101, 137, 48, 16, 92, 68, 106, 72, 240, 233, 14, 101, 156, 37, 20,
       64, 179, 70, 33, 240, 184, 255, 80, 171, 253, 80, 199, 251, 31,
       164, 56, 42, 183, 196, 63, 175, 178, 236, 16, 63, 111, 162, 115,
       155, 219, 80, 123, 227, 192, 206, 47, 253, 46, 234, 55, 148, 46,
       71, 158, 112, 174, 250, 85, 67, 104, 151, 90, 241, 198, 44, 62,
       172, 244, 205, 42, 250, 239, 165, 21, 225, 243, 246, 67, 117, 115,
       136, 167, 16, 15, 86, 120, 32, 232, 171, 111, 215, 120, 75, 18,
       184, 204, 204, 99, 76, 243, 217, 8, 248, 133, 37, 53, 104, 59, 26,
       19, 119, 93, 23, 158, 25, 214, 7, 232, 191, 64, 203, 69, 238, 214,
       37, 212, 196, 226, 234, 66, 75, 139, 123, 255, 177, 54, 10, 26,
       26, 63, 36, 118, 124, 213, 220, 110, 139, 93, 86, 184, 51, 54,
       173, 13, 110, 243, 75, 214, 19, 214, 236, 98, 106, 67, 219, 51,
       251, 231, 69, 63, 122, 119, 78, 18, 248, 225, 220, 118, 10, 201,
       85, 109, 178, 181, 165, 57, 119, 231, 74, 19, 43, 179, 237, 16,
