%YAML:1.0
---
descriptors: !!opencv-matrix
   rows: 294
   cols: 32
   dt: u
   data: [ 84, 95, 157, 167, 176, 79, 79, 184, 52, 234, 159, 96, 215,
       115, 137, 80, 55, 212, 125, 106, 233, 240, 73, 46, 232, 231, 37,
       148, 160, 243, 1, 33, 236, 116, 189, 97, 45, 111, 81, 152, 123,
       254, 167, 24, 215, 93, 73, 59, 145, 84, 125, 58, 41, 100, 251, 0,
       207, 219, 85, 52, 194, 249, 70, 114, 236, 117, 29, 103, 168, 78,
       79, 184, 32, 168, 191, 12, 215, 119, 73, 115, 20, 212, 125, 106,
       73, 208, 249, 40, 231, 233, 101, 52, 104, 243, 70, 51, 237, 81,
       61, 101, 32, 78, 119, 56, 105, 248, 183, 72, 215, 53, 137, 51,
       148, 84, 124, 106, 225, 240, 249, 8, 231, 249, 101, 20, 64, 179,
       70, 113, 221, 156, 189, 247, 168, 110, 117, 154, 254, 250, 131,
       84, 255, 247, 72, 123, 135, 87, 125, 11, 177, 69, 251, 51, 201,
       235, 119, 28, 128, 113, 133, 35, 197, 214, 157, 119, 160, 46, 102,
       188, 60, 186, 163, 80, 215, 115, 137, 123, 149, 86, 124, 106, 97,
       197, 217, 42, 165, 186, 117, 20, 72, 241, 195, 49, 112, 173, 127,
       112, 152, 201, 81, 231, 179, 21, 172, 24, 55, 247, 64, 48, 1, 178,
       109, 0, 122, 107, 226, 55, 219, 207, 48, 121, 98, 128, 198, 106,
       236, 229, 156, 122, 137, 77, 87, 168, 179, 159, 173, 24, 214, 119,
       74, 26, 153, 210, 105, 90, 122, 99, 218, 51, 235, 223, 69, 127,
       194, 115, 198, 98, 44, 69, 41, 103, 21, 79, 103, 184, 116, 236,
       239, 8, 211, 117, 25, 48, 216, 220, 90, 106, 105, 176, 121, 46,
       229, 255, 5, 20, 64, 123, 86, 114, 108, 101, 120, 103, 85, 94, 95,
       184, 81, 162, 239, 8, 211, 125, 29, 49, 88, 220, 241, 106, 104,
       242, 249, 14, 103, 255, 133, 21, 99, 251, 94, 34, 108, 224, 57,
       105, 9, 77, 83, 168, 98, 52, 165, 8, 243, 85, 73, 58, 145, 80, 96,
       122, 74, 102, 251, 21, 207, 201, 69, 125, 80, 43, 70, 98, 241,
       184, 247, 118, 169, 252, 80, 215, 227, 251, 180, 56, 59, 255, 198,
       63, 163, 246, 236, 16, 191, 111, 186, 33, 219, 219, 117, 251, 227,
       208, 198, 127, 217, 190, 158, 176, 168, 188, 92, 215, 163, 95,
       180, 189, 63, 183, 66, 187, 135, 179, 253, 20, 191, 79, 226, 49,
       219, 195, 116, 249, 162, 196, 138, 91, 240, 184, 253, 112, 10,
       233, 81, 87, 162, 23, 164, 56, 51, 151, 64, 27, 35, 178, 109, 24,
       58, 111, 178, 17, 217, 201, 112, 121, 224, 128, 198, 123, 252,
       160, 220, 118, 136, 105, 85, 218, 162, 183, 165, 25, 87, 247, 75,
       27, 1, 214, 109, 10, 120, 103, 218, 32, 219, 195, 117, 61, 226,
       241, 198, 34, 236, 89, 21, 94, 105, 76, 71, 188, 129, 74, 164, 72,
       98, 247, 9, 247, 80, 244, 108, 106, 73, 103, 251, 61, 179, 178,
       69, 56, 114, 187, 70, 48, 82, 161, 146, 160, 137, 69, 21, 237,
       171, 21, 136, 9, 140, 246, 106, 22, 145, 91, 233, 80, 26, 11, 154,
       209, 185, 212, 31, 127, 144, 22, 167, 106, 117, 69, 93, 102, 146,
       106, 71, 191, 228, 160, 171, 8, 211, 115, 9, 115, 50, 214, 108,
       106, 121, 161, 121, 44, 249, 235, 101, 20, 96, 243, 192, 32, 236,
       69, 125, 103, 160, 74, 71, 184, 120, 162, 46, 8, 215, 119, 9, 123,
       19, 212, 108, 106, 105, 240, 249, 46, 229, 235, 101, 20, 96, 243,
       68, 32, 148, 173, 127, 103, 147, 79, 103, 188, 52, 162, 234, 2,
       83, 115, 1, 113, 49, 222, 73, 234, 120, 216, 57, 46, 235, 167, 5,
       4, 32, 243, 228, 34, 252, 100, 253, 102, 141, 107, 87, 168, 81,
       182, 165, 8, 83, 117, 73, 59, 25, 212, 104, 98, 104, 103, 249, 42,
       251, 195, 69, 61, 99, 123, 70, 34, 125, 103, 70, 39, 48, 26, 118,
       104, 41, 172, 123, 233, 79, 105, 155, 144, 178, 69, 236, 103, 76,
       241, 137, 12, 182, 247, 37, 133, 98, 183, 75, 1, 109, 101, 49,
       103, 117, 31, 118, 184, 121, 232, 127, 73, 219, 125, 157, 176,
       148, 76, 93, 110, 196, 240, 233, 142, 103, 253, 37, 22, 66, 191,
       82, 231, 76, 113, 121, 103, 50, 15, 63, 184, 57, 236, 127, 173,
       223, 87, 139, 16, 150, 93, 253, 110, 64, 208, 233, 79, 230, 223,
       37, 128, 66, 183, 7, 113, 124, 171, 255, 114, 138, 233, 85, 207,
       178, 55, 172, 56, 39, 231, 64, 27, 35, 243, 237, 16, 58, 75, 170,
       49, 219, 199, 117, 125, 224, 208, 134, 106, 36, 113, 89, 69, 80,
       94, 99, 48, 97, 160, 103, 72, 83, 23, 133, 52, 16, 252, 64, 106,
       73, 176, 241, 12, 103, 172, 33, 0, 99, 179, 70, 160, 129, 142,
       207, 121, 176, 170, 97, 151, 118, 3, 106, 212, 243, 33, 144, 120,
       19, 46, 44, 28, 59, 252, 5, 63, 204, 174, 52, 64, 236, 192, 192,
       40, 230, 253, 150, 158, 185, 237, 22, 238, 158, 151, 168, 25, 230,
       242, 107, 148, 217, 123, 234, 83, 110, 75, 218, 127, 185, 22, 93,
       123, 208, 123, 143, 30, 129, 142, 207, 59, 164, 170, 109, 183,
       118, 19, 98, 212, 183, 227, 144, 105, 115, 46, 42, 12, 51, 252, 7,
       49, 204, 170, 118, 64, 184, 192, 225, 168, 112, 169, 191, 116, 8,
       204, 81, 81, 226, 21, 164, 8, 55, 211, 64, 51, 128, 246, 108, 64,
       10, 107, 242, 49, 211, 193, 96, 57, 96, 128, 198, 34, 38, 93, 146,
       190, 249, 205, 22, 228, 159, 132, 233, 9, 230, 226, 37, 148, 200,
       249, 234, 66, 108, 35, 90, 63, 185, 182, 5, 59, 80, 123, 46, 134,
       40, 173, 148, 127, 217, 205, 20, 175, 31, 63, 40, 25, 174, 59, 66,
       144, 129, 83, 235, 64, 118, 104, 83, 179, 239, 215, 20, 59, 82,
       92, 142, 10, 244, 172, 189, 118, 136, 109, 85, 158, 242, 183, 164,
       24, 23, 183, 64, 27, 1, 214, 108, 24, 56, 111, 250, 34, 217, 139,
       117, 124, 224, 113, 198, 98, 204, 116, 189, 103, 129, 110, 119,
       136, 121, 234, 47, 24, 222, 119, 73, 59, 145, 84, 104, 98, 33,
       244, 249, 42, 231, 255, 69, 55, 194, 115, 71, 34, 108, 245, 189,
       103, 177, 111, 71, 189, 122, 234, 43, 24, 214, 119, 72, 50, 145,
       86, 124, 106, 113, 112, 249, 62, 237, 255, 69, 52, 192, 115, 199,
       50, 44, 253, 61, 103, 149, 79, 71, 172, 125, 232, 107, 8, 214,
       117, 9, 48, 152, 92, 120, 106, 105, 240, 249, 46, 237, 255, 5, 52,
       66, 123, 198, 226, 236, 229, 189, 122, 153, 77, 87, 168, 115, 190,
       173, 24, 214, 117, 73, 59, 153, 82, 104, 122, 122, 98, 251, 51,
       239, 223, 69, 127, 210, 123, 198, 98, 5, 113, 17, 71, 113, 78,
       102, 56, 124, 232, 107, 72, 254, 81, 9, 180, 144, 92, 80, 106,
       193, 240, 121, 14, 37, 188, 1, 2, 72, 51, 67, 163, 108, 69, 61,
       71, 221, 79, 71, 168, 85, 166, 239, 8, 210, 117, 9, 49, 216, 220,
       122, 106, 105, 178, 121, 14, 231, 255, 5, 52, 82, 123, 86, 98,
       124, 100, 60, 111, 93, 79, 87, 168, 83, 166, 237, 8, 83, 117, 29,
       48, 88, 220, 113, 106, 72, 114, 249, 30, 119, 239, 197, 53, 115,
       59, 70, 226, 108, 96, 57, 105, 12, 79, 83, 152, 66, 180, 37, 8,
       211, 21, 73, 48, 25, 84, 64, 106, 10, 96, 251, 25, 199, 137, 1,
       61, 80, 59, 70, 34, 211, 186, 183, 178, 170, 173, 92, 215, 187,
       59, 160, 89, 63, 255, 64, 59, 135, 179, 125, 21, 190, 79, 194, 51,
       219, 219, 93, 250, 160, 196, 130, 11, 120, 160, 252, 114, 173,
       189, 81, 223, 227, 191, 181, 24, 59, 251, 72, 27, 9, 242, 237, 24,
       26, 111, 250, 49, 219, 203, 117, 121, 227, 200, 206, 42, 240, 176,
       254, 112, 10, 236, 81, 87, 162, 127, 164, 189, 55, 151, 66, 27,
       39, 183, 77, 16, 58, 79, 178, 17, 219, 131, 112, 121, 160, 192, 6,
       123, 77, 174, 192, 39, 180, 185, 110, 191, 118, 163, 110, 196,
       235, 227, 218, 244, 51, 78, 172, 28, 211, 24, 237, 55, 174, 199,
       39, 101, 170, 246, 201, 44, 85, 46, 220, 67, 176, 62, 74, 154,
       113, 163, 175, 84, 67, 98, 159, 254, 51, 198, 76, 188, 189, 244,
       237, 106, 170, 255, 37, 84, 170, 243, 74, 4, 69, 113, 57, 101, 48,
       78, 119, 56, 104, 232, 39, 8, 215, 23, 9, 50, 144, 84, 124, 106,
       193, 240, 249, 12, 231, 249, 37, 52, 64, 50, 71, 115, 221, 46,
       150, 52, 168, 56, 72, 134, 251, 187, 162, 92, 207, 162, 211, 219,
       163, 231, 108, 29, 188, 69, 135, 32, 152, 243, 119, 189, 160, 245,
       171, 5, 70, 234, 153, 94, 170, 192, 21, 142, 171, 159, 36, 185,
