%YAML:1.0
---
descriptors: !!opencv-matrix
   rows: 222
   cols: 32
   dt: u
   data: [ 120, 168, 254, 112, 138, 233, 81, 71, 162, 55, 164, 56, 55,
       183, 64, 27, 1, 178, 109, 16, 58, 79, 162, 1, 219, 195, 116, 121,
       224, 192, 134, 106, 100, 229, 185, 98, 136, 109, 87, 156, 114,
       181, 172, 24, 86, 117, 73, 58, 25, 212, 96, 122, 26, 98, 251, 48,
       235, 155, 69, 125, 192, 243, 198, 98, 208, 56, 29, 248, 10, 200,
       17, 2, 166, 21, 134, 24, 183, 151, 64, 91, 1, 144, 125, 0, 11, 79,
       179, 17, 209, 161, 112, 120, 160, 0, 6, 122, 141, 223, 157, 167,
       176, 14, 111, 184, 126, 234, 90, 100, 245, 115, 153, 96, 55, 109,
       54, 110, 225, 208, 221, 110, 236, 175, 47, 132, 8, 243, 1, 177,
       36, 225, 57, 104, 28, 77, 83, 136, 66, 4, 165, 8, 210, 81, 9, 48,
       216, 152, 64, 106, 74, 34, 251, 29, 227, 157, 1, 61, 80, 171, 70,
       162, 149, 221, 123, 231, 180, 111, 111, 189, 52, 234, 127, 96,
       215, 115, 137, 112, 119, 254, 29, 106, 249, 176, 105, 62, 237,
       239, 39, 132, 44, 243, 128, 33, 228, 190, 217, 255, 236, 45, 239,
       254, 62, 171, 255, 118, 245, 255, 216, 104, 127, 255, 127, 143,
       243, 118, 235, 123, 252, 175, 255, 140, 157, 251, 227, 177, 149,
       191, 217, 239, 180, 47, 111, 191, 54, 170, 255, 118, 247, 119,
       153, 96, 127, 255, 29, 170, 251, 176, 233, 63, 236, 239, 39, 132,
       180, 251, 161, 177, 253, 112, 185, 103, 168, 78, 87, 152, 97, 250,
       181, 8, 215, 85, 73, 59, 148, 212, 124, 106, 201, 103, 251, 0,
       211, 201, 101, 60, 104, 179, 66, 115, 172, 52, 188, 99, 173, 125,
       81, 152, 91, 255, 165, 24, 223, 93, 75, 59, 153, 80, 253, 50, 59,
       102, 251, 146, 203, 219, 1, 125, 210, 75, 70, 115, 236, 176, 189,
       114, 237, 253, 81, 153, 255, 121, 165, 24, 222, 125, 74, 59, 153,
       147, 253, 24, 59, 102, 250, 147, 207, 219, 81, 127, 210, 75, 198,
       114, 42, 189, 176, 252, 221, 253, 84, 103, 223, 91, 172, 24, 190,
       255, 38, 80, 201, 187, 251, 0, 42, 107, 242, 183, 243, 255, 150,
       59, 210, 92, 215, 250, 252, 188, 252, 118, 168, 111, 85, 191, 178,
       191, 164, 56, 115, 119, 72, 27, 1, 214, 109, 42, 56, 79, 251, 43,
       249, 203, 117, 60, 224, 240, 198, 43, 252, 44, 220, 118, 137, 105,
       85, 222, 147, 190, 180, 24, 83, 233, 75, 27, 9, 214, 236, 10, 104,
       103, 218, 32, 219, 203, 117, 61, 227, 249, 206, 2, 220, 221, 188,
       247, 172, 47, 95, 188, 63, 186, 191, 56, 223, 127, 11, 83, 183,
       215, 253, 106, 104, 229, 203, 174, 255, 251, 103, 149, 130, 243,
       195, 27, 81, 197, 127, 103, 184, 10, 79, 181, 236, 160, 170, 8,
       247, 115, 0, 115, 34, 247, 124, 106, 105, 169, 57, 44, 241, 235,
       101, 16, 96, 226, 193, 40, 252, 86, 157, 116, 168, 44, 85, 182,
       160, 190, 182, 120, 223, 55, 1, 91, 135, 247, 109, 2, 104, 71,
       194, 32, 211, 235, 117, 24, 224, 241, 7, 35, 141, 119, 61, 71,
       241, 79, 55, 184, 61, 232, 127, 108, 222, 119, 137, 53, 148, 93,
       246, 98, 225, 240, 121, 78, 103, 255, 37, 134, 74, 243, 7, 243,
       69, 113, 17, 101, 17, 15, 102, 48, 104, 224, 107, 76, 214, 17, 9,
       48, 144, 68, 104, 110, 193, 176, 209, 12, 165, 188, 1, 4, 72, 51,
       67, 34, 212, 88, 159, 246, 202, 96, 21, 143, 178, 183, 162, 56,
       118, 247, 73, 91, 225, 246, 233, 16, 42, 71, 187, 34, 219, 227,
       213, 63, 160, 113, 166, 123, 220, 144, 156, 247, 172, 44, 89, 155,
       174, 187, 151, 56, 223, 255, 72, 91, 135, 87, 125, 24, 56, 69,
       219, 0, 203, 251, 119, 220, 160, 232, 129, 35, 92, 173, 253, 114,
       154, 233, 83, 203, 178, 181, 173, 56, 19, 247, 72, 26, 3, 223, 76,
       144, 26, 107, 234, 51, 217, 197, 53, 125, 225, 65, 134, 226, 216,
       176, 188, 248, 168, 236, 89, 219, 171, 59, 180, 24, 191, 183, 64,
       59, 133, 151, 253, 16, 58, 79, 242, 17, 219, 251, 112, 249, 226,
       192, 198, 123, 248, 184, 188, 120, 169, 253, 81, 23, 251, 59, 180,
       24, 191, 255, 64, 59, 133, 179, 253, 24, 186, 111, 242, 177, 219,
       219, 117, 121, 194, 72, 199, 59, 248, 188, 180, 248, 173, 253, 80,
       223, 255, 59, 180, 24, 191, 249, 64, 155, 201, 178, 253, 24, 186,
       111, 242, 179, 219, 219, 85, 123, 210, 204, 198, 43, 221, 217, 31,
       231, 52, 14, 127, 188, 60, 168, 214, 100, 247, 87, 136, 81, 118,
       213, 125, 106, 105, 148, 249, 44, 231, 233, 39, 148, 32, 178, 129,
       43, 248, 176, 255, 112, 138, 233, 81, 87, 179, 23, 164, 184, 55,
       183, 64, 27, 35, 178, 236, 16, 58, 79, 162, 51, 219, 195, 112,
       121, 224, 192, 134, 122, 69, 125, 157, 19, 172, 47, 167, 144, 122,
       250, 42, 92, 214, 112, 209, 43, 17, 70, 120, 127, 241, 240, 251,
       34, 109, 14, 101, 116, 200, 123, 211, 48, 77, 71, 21, 71, 52, 14,
       102, 184, 104, 168, 111, 76, 214, 96, 153, 118, 144, 68, 108, 110,
       225, 240, 217, 14, 173, 190, 101, 4, 72, 163, 82, 33, 69, 113,
       145, 69, 21, 14, 103, 56, 104, 192, 110, 12, 214, 49, 9, 54, 144,
       68, 64, 106, 193, 240, 241, 12, 37, 188, 0, 0, 72, 51, 67, 34, 69,
       113, 17, 69, 65, 94, 102, 32, 97, 224, 99, 8, 210, 16, 13, 182,
       144, 84, 64, 106, 69, 240, 241, 72, 37, 184, 1, 4, 74, 51, 74, 36,
       252, 174, 220, 114, 168, 173, 81, 223, 179, 191, 164, 29, 55, 227,
       74, 27, 5, 246, 109, 24, 58, 111, 218, 51, 219, 195, 117, 121,
       224, 192, 206, 3, 77, 117, 157, 103, 177, 94, 55, 184, 121, 234,
       111, 8, 222, 115, 9, 242, 145, 85, 104, 106, 101, 240, 249, 110,
       103, 255, 69, 6, 74, 115, 75, 50, 120, 170, 254, 112, 138, 233,
       81, 87, 162, 55, 164, 57, 55, 183, 64, 26, 3, 178, 237, 16, 58,
       79, 162, 1, 219, 195, 116, 121, 224, 192, 134, 42, 5, 125, 49, 71,
       113, 78, 103, 184, 125, 234, 107, 72, 222, 119, 9, 180, 144, 92,
       80, 106, 97, 176, 121, 110, 39, 190, 5, 6, 74, 51, 67, 176, 69,
       213, 149, 71, 160, 14, 102, 188, 121, 170, 107, 76, 214, 115, 137,
       119, 21, 84, 124, 106, 241, 212, 217, 42, 167, 186, 101, 20, 74,
       243, 194, 33, 133, 93, 31, 103, 176, 14, 111, 184, 124, 234, 95,
       100, 213, 115, 145, 96, 54, 108, 54, 110, 225, 208, 125, 46, 228,
       175, 39, 132, 8, 243, 1, 177, 36, 225, 49, 75, 93, 79, 71, 168,
       66, 52, 45, 8, 210, 85, 73, 48, 153, 92, 64, 106, 75, 32, 121, 29,
       109, 156, 1, 60, 80, 59, 70, 162, 93, 85, 125, 103, 180, 78, 71,
       184, 96, 234, 191, 76, 83, 113, 153, 114, 22, 196, 92, 110, 233,
       176, 125, 14, 235, 239, 37, 148, 106, 243, 66, 113, 125, 85, 125,
       103, 180, 78, 79, 184, 96, 232, 191, 76, 211, 119, 137, 115, 22,
       212, 124, 106, 201, 160, 249, 44, 243, 233, 101, 148, 106, 243,
       70, 113, 149, 182, 187, 255, 180, 47, 127, 190, 62, 235, 127, 116,
       215, 255, 153, 64, 127, 95, 63, 175, 177, 244, 233, 63, 236, 239,
       175, 132, 172, 251, 129, 177, 149, 181, 121, 239, 180, 47, 111,
       189, 54, 234, 127, 116, 215, 119, 153, 96, 119, 94, 29, 106, 249,
       176, 105, 63, 236, 239, 167, 132, 172, 251, 128, 177, 221, 215,
       121, 231, 180, 14, 95, 188, 52, 170, 255, 100, 215, 119, 137, 112,
       55, 214, 93, 106, 233, 144, 121, 62, 227, 239, 37, 148, 40, 243,
       192, 49, 236, 52, 189, 99, 173, 125, 81, 152, 91, 251, 181, 24,
       222, 93, 75, 59, 153, 208, 255, 58, 59, 102, 251, 146, 207, 219,
       81, 125, 210, 75, 70, 115, 236, 112, 189, 99, 45, 111, 83, 152,
       115, 251, 165, 24, 223, 95, 73, 59, 149, 212, 124, 122, 43, 102,
       251, 2, 223, 219, 101, 52, 194, 251, 70, 115, 104, 180, 188, 250,
       189, 253, 80, 15, 219, 91, 173, 24, 190, 253, 110, 50, 201, 27,
       249, 16, 58, 107, 250, 147, 203, 223, 80, 123, 210, 72, 198, 234,
       236, 245, 188, 247, 173, 63, 95, 152, 127, 190, 191, 24, 223, 123,
       73, 27, 157, 214, 237, 122, 184, 102, 251, 186, 255, 219, 101,
       181, 194, 251, 206, 35, 252, 188, 252, 118, 169, 105, 85, 191,
       178, 191, 164, 57, 95, 247, 75, 27, 3, 246, 237, 10, 56, 79, 203,
       34, 219, 195, 117, 61, 226, 240, 198, 59, 120, 176, 253, 112, 137,
