%YAML:1.0
---
descriptors: !!opencv-matrix
   rows: 232
   cols: 32
   dt: u
   data: [ 120, 173, 251, 112, 154, 201, 81, 119, 227, 21, 172, 56, 55,
       183, 64, 50, 35, 178, 109, 24, 26, 107, 162, 21, 219, 205, 52,
       123, 226, 192, 198, 107, 77, 21, 157, 71, 168, 110, 103, 184, 120,
       250, 46, 92, 214, 119, 9, 127, 145, 86, 124, 42, 97, 208, 249, 42,
       165, 251, 101, 20, 200, 243, 195, 49, 77, 117, 17, 71, 113, 78,
       102, 184, 121, 232, 107, 72, 222, 81, 13, 180, 144, 92, 80, 106,
       97, 240, 249, 110, 37, 254, 1, 6, 74, 51, 67, 177, 236, 116, 181,
       67, 201, 111, 71, 152, 123, 251, 47, 24, 214, 119, 73, 63, 145,
       84, 120, 122, 49, 100, 251, 34, 207, 251, 69, 116, 194, 115, 198,
       98, 100, 229, 185, 106, 137, 77, 87, 136, 115, 55, 173, 24, 86,
       117, 74, 58, 153, 218, 97, 122, 90, 98, 251, 51, 235, 223, 69,
       127, 194, 115, 198, 226, 37, 113, 49, 71, 85, 79, 103, 184, 107,
       232, 43, 72, 214, 81, 77, 180, 144, 92, 64, 106, 65, 240, 249, 12,
       45, 156, 5, 54, 74, 59, 66, 160, 5, 95, 27, 39, 176, 14, 111, 188,
       116, 234, 94, 100, 245, 115, 145, 112, 54, 110, 60, 110, 225, 144,
       125, 46, 164, 238, 39, 128, 40, 243, 1, 57, 125, 93, 125, 102,
       176, 78, 79, 188, 96, 232, 190, 64, 87, 119, 137, 115, 20, 212,
       124, 106, 201, 161, 121, 44, 243, 233, 101, 20, 106, 243, 70, 113,
       253, 112, 253, 103, 40, 78, 87, 152, 115, 250, 165, 8, 83, 85,
       201, 59, 22, 212, 124, 106, 233, 103, 251, 0, 195, 219, 101, 52,
       99, 243, 70, 115, 252, 180, 253, 118, 168, 109, 69, 187, 178, 190,
       165, 24, 83, 119, 73, 27, 1, 214, 108, 42, 120, 71, 251, 34, 219,
       203, 117, 60, 226, 240, 198, 98, 104, 233, 188, 252, 141, 221, 85,
       167, 159, 19, 164, 8, 190, 189, 4, 50, 201, 242, 235, 64, 106,
       107, 242, 189, 251, 255, 84, 59, 210, 88, 214, 42, 248, 184, 255,
       116, 168, 236, 81, 55, 179, 191, 164, 56, 55, 183, 64, 27, 39,
       182, 109, 24, 59, 79, 178, 3, 219, 203, 117, 121, 226, 192, 134,
       123, 252, 176, 253, 112, 168, 124, 85, 159, 227, 255, 164, 24, 19,
       247, 64, 59, 7, 214, 108, 24, 59, 111, 250, 0, 219, 235, 117, 125,
       226, 240, 198, 115, 245, 70, 200, 7, 148, 58, 78, 152, 113, 238,
       191, 84, 67, 96, 159, 222, 113, 198, 108, 254, 172, 244, 237, 42,
       178, 239, 33, 149, 227, 247, 122, 4, 69, 71, 148, 71, 176, 46,
       110, 152, 120, 170, 43, 68, 223, 98, 201, 122, 151, 68, 108, 126,
       181, 208, 201, 74, 172, 190, 103, 4, 136, 243, 9, 5, 252, 56, 157,
       114, 169, 108, 84, 218, 227, 187, 180, 120, 159, 247, 73, 187,
       129, 214, 236, 18, 40, 103, 218, 32, 219, 219, 117, 62, 226, 113,
       70, 35, 125, 69, 125, 103, 18, 78, 111, 184, 101, 160, 43, 0, 211,
       115, 9, 113, 50, 212, 124, 106, 73, 176, 125, 46, 231, 239, 37,
       20, 96, 243, 64, 32, 216, 77, 127, 118, 168, 14, 85, 191, 161,
       186, 166, 56, 119, 119, 129, 123, 167, 247, 109, 42, 120, 79, 203,
       44, 243, 235, 117, 16, 96, 240, 134, 43, 96, 245, 21, 97, 157,
       109, 68, 143, 123, 57, 170, 88, 214, 51, 76, 242, 129, 151, 104,
       16, 91, 104, 219, 19, 173, 222, 21, 126, 208, 72, 196, 46, 224,
       140, 157, 250, 200, 237, 21, 151, 146, 23, 96, 24, 183, 243, 96,
       91, 193, 122, 106, 24, 50, 78, 218, 51, 205, 163, 117, 120, 144,
       72, 135, 170, 118, 245, 210, 135, 254, 43, 254, 232, 63, 168, 251,
       42, 236, 254, 45, 64, 255, 223, 255, 227, 64, 179, 203, 255, 188,
       190, 143, 190, 149, 123, 243, 129, 149, 69, 27, 103, 20, 79, 103,
       120, 118, 160, 235, 2, 83, 83, 9, 112, 57, 220, 72, 234, 105, 176,
       57, 30, 233, 142, 5, 20, 112, 187, 64, 32, 100, 97, 59, 118, 89,
       198, 231, 224, 248, 128, 233, 8, 80, 215, 41, 48, 216, 252, 82,
       235, 65, 227, 186, 110, 113, 172, 143, 8, 65, 51, 102, 162, 230,
       229, 214, 159, 252, 11, 254, 232, 63, 168, 243, 18, 236, 234, 29,
       65, 251, 207, 110, 227, 120, 243, 201, 254, 188, 58, 143, 150,
       117, 123, 227, 129, 69, 113, 17, 71, 85, 79, 115, 40, 105, 224,
       107, 8, 214, 80, 9, 52, 144, 92, 80, 106, 65, 176, 217, 12, 37,
       156, 1, 22, 72, 51, 67, 182, 118, 101, 150, 190, 139, 106, 22,
       200, 187, 130, 169, 169, 70, 242, 105, 94, 210, 245, 236, 114, 12,
       67, 202, 10, 176, 246, 77, 63, 160, 119, 38, 6, 109, 101, 112,
       103, 116, 30, 126, 56, 105, 160, 123, 9, 219, 57, 157, 176, 146,
       76, 85, 110, 196, 176, 205, 14, 103, 253, 1, 4, 70, 183, 66, 132,
       76, 101, 120, 103, 114, 10, 127, 184, 56, 164, 127, 169, 223, 119,
       139, 16, 22, 93, 213, 110, 96, 208, 233, 78, 231, 233, 37, 133,
       98, 179, 7, 113, 88, 189, 255, 114, 155, 233, 21, 231, 178, 181,
       172, 56, 30, 247, 64, 26, 35, 243, 236, 16, 58, 107, 170, 49, 251,
       199, 117, 127, 224, 64, 135, 107, 237, 75, 84, 71, 164, 10, 110,
       184, 121, 170, 115, 236, 211, 97, 153, 215, 50, 100, 108, 110,
       225, 244, 205, 44, 36, 186, 101, 4, 106, 179, 82, 36, 108, 164,
       184, 115, 201, 109, 21, 141, 59, 55, 45, 24, 206, 113, 74, 26,
       145, 30, 232, 16, 18, 96, 251, 19, 79, 215, 85, 127, 194, 74, 199,
       34, 149, 134, 205, 51, 180, 170, 102, 159, 118, 227, 107, 212,
       211, 97, 152, 121, 51, 78, 36, 30, 59, 252, 77, 63, 236, 175, 53,
       68, 236, 208, 208, 32, 133, 174, 205, 19, 168, 42, 101, 159, 118,
       179, 98, 208, 211, 225, 216, 123, 3, 78, 106, 28, 51, 252, 239,
       51, 76, 162, 117, 68, 228, 240, 192, 160, 129, 174, 157, 155, 236,
       169, 101, 143, 254, 179, 98, 208, 245, 226, 216, 75, 67, 98, 106,
       28, 51, 124, 207, 115, 76, 130, 119, 108, 152, 216, 193, 168, 172,
       52, 189, 99, 165, 127, 115, 152, 123, 250, 39, 24, 222, 117, 65,
       59, 145, 84, 104, 114, 33, 116, 249, 34, 207, 223, 69, 118, 194,
       123, 71, 35, 77, 116, 157, 103, 129, 110, 119, 136, 121, 234, 47,
       24, 222, 115, 73, 58, 145, 86, 104, 42, 33, 240, 249, 42, 231,
       255, 69, 38, 202, 115, 195, 35, 77, 116, 185, 99, 209, 95, 51,
       136, 123, 224, 47, 40, 222, 87, 73, 52, 145, 93, 120, 114, 3, 244,
       249, 110, 239, 255, 5, 102, 202, 51, 71, 162, 216, 184, 191, 124,
       40, 204, 81, 23, 162, 31, 166, 56, 119, 183, 64, 123, 161, 183,
       108, 16, 27, 79, 179, 1, 219, 227, 112, 88, 160, 128, 38, 59, 108,
       253, 185, 67, 201, 77, 71, 136, 115, 183, 45, 24, 214, 117, 77,
       62, 153, 94, 96, 122, 91, 98, 251, 50, 111, 222, 69, 127, 194,
       123, 198, 98, 109, 117, 49, 103, 213, 79, 71, 188, 121, 234, 42,
       8, 210, 117, 9, 180, 144, 92, 88, 106, 105, 240, 249, 46, 167,
       223, 5, 48, 66, 58, 70, 34, 29, 93, 31, 103, 176, 78, 111, 184,
       116, 234, 127, 100, 247, 115, 137, 112, 54, 126, 60, 110, 233,
       144, 121, 46, 229, 239, 37, 128, 40, 243, 129, 49, 37, 241, 17,
       67, 213, 95, 103, 184, 107, 240, 41, 72, 210, 80, 77, 180, 145,
       92, 64, 122, 65, 112, 249, 20, 45, 156, 5, 118, 200, 59, 66, 164,
       253, 113, 253, 103, 40, 78, 71, 184, 97, 250, 183, 8, 83, 119,
       201, 51, 22, 212, 124, 106, 201, 98, 249, 8, 243, 233, 101, 52,
       105, 179, 70, 113, 108, 52, 185, 99, 45, 109, 83, 152, 107, 255,
       189, 24, 223, 95, 73, 58, 153, 212, 125, 58, 11, 102, 251, 16,
       223, 221, 5, 125, 194, 123, 70, 115, 124, 112, 189, 98, 41, 109,
       83, 152, 99, 255, 165, 24, 223, 85, 73, 58, 145, 212, 124, 122,
       11, 103, 251, 0, 219, 223, 101, 124, 194, 243, 70, 114, 252, 180,
       253, 118, 168, 109, 85, 187, 179, 191, 165, 24, 83, 247, 73, 27,
       1, 214, 236, 10, 56, 71, 251, 34, 219, 203, 117, 61, 226, 240,
       198, 98, 104, 177, 188, 251, 189, 221, 85, 47, 203, 57, 173, 24,
       190, 189, 72, 50, 137, 146, 249, 0, 26, 106, 242, 145, 239, 221,
       84, 123, 210, 8, 198, 42, 248, 180, 254, 116, 40, 237, 81, 83,
       179, 255, 164, 57, 55, 183, 66, 27, 167, 183, 237, 16, 42, 79,
       178, 3, 219, 195, 112, 121, 226, 192, 6, 123, 250, 170, 148, 242,
       233, 172, 88, 215, 163, 187, 160, 89, 47, 171, 80, 27, 135, 247,
