%YAML:1.0
---
descriptors: !!opencv-matrix
   rows: 129
   cols: 32
   dt: u
   data: [ 236, 125, 61, 101, 157, 111, 71, 188, 114, 232, 170, 8, 214,
       119, 73, 51, 145, 84, 120, 106, 105, 112, 249, 60, 237, 219, 5,
       52, 64, 115, 199, 114, 108, 165, 184, 122, 137, 109, 87, 136, 51,
       151, 173, 24, 242, 119, 75, 58, 153, 210, 105, 90, 58, 99, 251,
       51, 219, 223, 69, 127, 210, 115, 198, 98, 108, 181, 189, 114, 137,
       237, 85, 159, 235, 191, 44, 24, 150, 181, 72, 26, 129, 18, 104,
       16, 26, 107, 250, 48, 239, 215, 85, 127, 194, 72, 198, 107, 120,
       176, 185, 112, 155, 237, 81, 207, 235, 53, 173, 24, 22, 183, 72,
       58, 131, 18, 104, 24, 18, 107, 186, 17, 219, 197, 21, 127, 226,
       64, 198, 98, 244, 52, 189, 114, 136, 104, 83, 24, 243, 191, 167,
       56, 87, 247, 73, 59, 17, 212, 108, 58, 56, 103, 251, 2, 217, 195,
       117, 124, 224, 225, 70, 35, 145, 134, 206, 53, 176, 42, 107, 55,
       116, 35, 98, 208, 243, 35, 144, 120, 115, 238, 40, 44, 121, 220,
       69, 15, 228, 175, 48, 64, 44, 224, 192, 40, 168, 174, 198, 50,
       248, 185, 104, 239, 179, 187, 112, 253, 47, 225, 210, 153, 171,
       138, 198, 28, 54, 126, 206, 55, 94, 211, 117, 237, 234, 196, 218,
       136, 224, 189, 157, 218, 204, 237, 69, 175, 218, 59, 169, 24, 246,
       243, 72, 123, 129, 210, 106, 24, 59, 107, 218, 115, 253, 146, 85,
       124, 216, 88, 199, 42, 93, 69, 125, 103, 22, 14, 71, 184, 100,
       160, 235, 64, 211, 115, 25, 112, 50, 212, 92, 106, 233, 176, 125,
       14, 239, 239, 37, 20, 96, 243, 64, 32, 252, 68, 220, 118, 170,
       104, 85, 190, 184, 178, 166, 24, 215, 119, 9, 91, 7, 215, 108,
       106, 104, 103, 203, 40, 211, 235, 117, 29, 96, 241, 206, 42, 101,
       245, 149, 103, 133, 14, 102, 184, 122, 186, 35, 76, 214, 113, 73,
       51, 145, 68, 104, 126, 225, 240, 217, 10, 173, 190, 69, 20, 200,
       115, 195, 33, 224, 141, 157, 250, 200, 237, 21, 167, 158, 23, 32,
       24, 182, 243, 64, 91, 129, 114, 106, 8, 114, 74, 218, 53, 237,
       163, 116, 120, 144, 72, 135, 42, 116, 97, 59, 100, 81, 70, 231,
       104, 160, 164, 235, 10, 80, 223, 53, 48, 184, 245, 115, 234, 72,
       179, 184, 76, 113, 174, 139, 0, 65, 51, 103, 162, 69, 49, 17, 97,
       1, 79, 115, 0, 104, 224, 43, 8, 214, 21, 1, 48, 144, 20, 104, 96,
       1, 240, 241, 8, 197, 156, 1, 2, 72, 34, 67, 50, 204, 101, 121,
       101, 50, 74, 127, 56, 57, 164, 111, 136, 223, 7, 139, 80, 22, 221,
       221, 110, 96, 144, 241, 78, 231, 253, 33, 4, 98, 179, 7, 112, 218,
       174, 150, 176, 137, 168, 20, 135, 187, 59, 128, 121, 175, 162, 64,
       155, 161, 167, 236, 17, 62, 79, 130, 163, 152, 242, 94, 123, 128,
       68, 139, 14, 248, 48, 253, 116, 40, 237, 81, 87, 163, 255, 164,
       29, 63, 151, 64, 27, 5, 180, 109, 8, 59, 79, 242, 17, 219, 217,
       112, 120, 194, 128, 70, 123, 205, 166, 200, 19, 210, 56, 39, 159,
       114, 255, 142, 252, 209, 224, 202, 250, 115, 206, 238, 156, 55,
       94, 239, 34, 124, 7, 55, 229, 174, 245, 190, 113, 172, 77, 78, 60,
       136, 219, 69, 188, 212, 214, 102, 148, 227, 225, 171, 99, 80, 102,
       234, 110, 108, 228, 127, 60, 98, 227, 101, 25, 114, 253, 220, 68,
       221, 78, 202, 21, 4, 58, 70, 154, 119, 238, 230, 22, 67, 96, 159,
       91, 113, 204, 44, 174, 236, 212, 173, 42, 210, 239, 245, 5, 227,
       241, 120, 68, 244, 188, 252, 114, 232, 109, 85, 223, 178, 183,
       172, 24, 83, 247, 75, 26, 1, 214, 109, 24, 58, 103, 250, 50, 219,
       207, 117, 125, 224, 240, 198, 98, 205, 38, 156, 178, 168, 60, 94,
       154, 123, 187, 163, 125, 207, 99, 203, 219, 151, 199, 108, 62,
       182, 71, 203, 34, 158, 255, 119, 252, 136, 241, 139, 1, 98, 178,
       142, 158, 232, 165, 25, 207, 154, 191, 164, 61, 100, 231, 78, 27,
       133, 119, 233, 20, 22, 79, 138, 113, 91, 18, 221, 255, 128, 112,
       135, 75, 228, 180, 157, 250, 220, 173, 69, 143, 218, 59, 169, 88,
       246, 243, 72, 59, 137, 210, 106, 16, 59, 111, 219, 115, 189, 146,
       85, 126, 216, 88, 194, 42, 133, 109, 159, 127, 220, 229, 103, 248,
       246, 130, 109, 0, 243, 243, 41, 96, 89, 106, 98, 106, 99, 246,
       218, 63, 237, 175, 103, 8, 88, 123, 226, 160, 93, 69, 95, 103,
       148, 78, 71, 184, 116, 160, 235, 64, 83, 115, 25, 112, 48, 196,
       76, 106, 105, 176, 89, 46, 231, 239, 37, 20, 98, 243, 64, 32, 100,
       181, 149, 99, 153, 45, 80, 153, 127, 57, 43, 88, 198, 113, 72,
       188, 145, 22, 108, 48, 27, 112, 217, 23, 141, 214, 21, 118, 200,
       74, 194, 35, 192, 141, 157, 255, 136, 205, 5, 167, 182, 23, 96,
       24, 183, 243, 64, 91, 129, 122, 104, 8, 114, 76, 251, 51, 205,
       163, 116, 120, 144, 64, 135, 170, 36, 97, 27, 108, 93, 198, 231,
       96, 224, 128, 237, 0, 116, 211, 33, 48, 216, 124, 98, 234, 72,
       243, 154, 12, 113, 164, 131, 8, 64, 59, 102, 162, 116, 69, 93,
       101, 22, 75, 71, 40, 100, 160, 171, 8, 83, 49, 9, 112, 50, 212,
       72, 106, 104, 176, 121, 30, 245, 239, 5, 20, 113, 171, 68, 32,
       104, 246, 248, 97, 234, 121, 21, 159, 123, 191, 60, 56, 142, 61,
       203, 58, 131, 94, 228, 16, 34, 116, 235, 18, 207, 215, 117, 191,
       226, 216, 199, 107, 208, 170, 190, 112, 138, 232, 81, 7, 162, 23,
       164, 56, 55, 167, 66, 27, 39, 183, 237, 16, 58, 79, 162, 1, 219,
       227, 112, 121, 224, 192, 134, 106, 101, 97, 120, 103, 116, 31,
       126, 160, 105, 160, 127, 9, 215, 25, 157, 48, 146, 76, 85, 111,
       196, 176, 201, 12, 102, 253, 33, 5, 68, 179, 90, 0, 208, 176, 157,
       116, 8, 204, 81, 27, 166, 189, 166, 24, 183, 151, 64, 123, 0, 181,
       108, 16, 10, 77, 243, 17, 217, 227, 113, 89, 96, 128, 6, 42, 133,
       166, 205, 31, 160, 42, 101, 159, 118, 179, 107, 240, 211, 97, 216,
       123, 19, 78, 106, 28, 51, 252, 207, 51, 12, 162, 117, 68, 236,
       224, 208, 160, 205, 116, 153, 103, 225, 110, 119, 159, 121, 234,
       47, 24, 222, 49, 73, 58, 145, 92, 104, 42, 97, 244, 249, 10, 229,
       223, 69, 54, 200, 115, 195, 34, 240, 40, 255, 112, 10, 232, 81,
       87, 162, 151, 164, 153, 55, 151, 64, 27, 35, 182, 109, 152, 58,
       79, 162, 0, 217, 131, 112, 56, 224, 192, 38, 106, 84, 162, 250,
       112, 138, 169, 81, 211, 162, 181, 165, 185, 7, 199, 74, 26, 39,
       213, 237, 16, 26, 75, 170, 0, 219, 193, 53, 125, 224, 129, 134,
       35, 245, 79, 234, 117, 164, 42, 101, 143, 119, 174, 230, 21, 67,
       96, 151, 91, 241, 206, 44, 14, 236, 244, 237, 10, 210, 239, 245,
       5, 225, 240, 244, 76, 165, 253, 149, 223, 220, 173, 231, 249, 222,
       26, 232, 88, 246, 241, 9, 33, 89, 106, 106, 74, 99, 102, 218, 63,
       109, 174, 103, 56, 216, 123, 195, 168, 93, 69, 91, 101, 148, 78,
       71, 184, 117, 162, 238, 64, 83, 113, 25, 112, 112, 196, 108, 106,
       105, 176, 89, 46, 251, 239, 37, 20, 107, 251, 96, 32, 252, 142,
       156, 246, 168, 44, 92, 187, 179, 187, 166, 56, 255, 51, 65, 91,
       167, 215, 237, 8, 56, 79, 203, 32, 219, 235, 117, 25, 226, 241,
       138, 43, 116, 46, 149, 118, 169, 44, 68, 143, 187, 187, 161, 120,
       207, 227, 73, 159, 135, 215, 108, 16, 58, 67, 202, 32, 152, 210,
       117, 62, 192, 241, 130, 1, 3, 127, 251, 6, 242, 240, 186, 71, 232,
       197, 124, 231, 44, 188, 231, 160, 174, 107, 146, 149, 135, 171,
       164, 234, 42, 13, 62, 171, 205, 86, 47, 253, 36, 105, 27, 252, 93,
       196, 167, 96, 196, 128, 233, 8, 246, 211, 33, 32, 216, 120, 74,
       74, 73, 163, 50, 12, 113, 176, 3, 8, 64, 59, 102, 162, 28, 68, 25,
       101, 21, 79, 99, 40, 116, 160, 235, 2, 83, 19, 1, 112, 48, 212,
       72, 234, 40, 176, 113, 14, 241, 175, 1, 20, 97, 43, 68, 34, 116,
       115, 154, 38, 56, 15, 22, 104, 130, 172, 169, 45, 198, 232, 75,
       18, 156, 229, 236, 103, 204, 99, 200, 10, 248, 165, 109, 187, 72,
       123, 15, 83, 76, 95, 7, 30, 25, 198, 7, 48, 180, 196, 203, 69,
       228, 246, 43, 212, 80, 102, 234, 66, 109, 131, 123, 109, 177, 54,
       75, 26, 26, 55, 37, 118, 218, 170, 150, 176, 139, 185, 16, 199,
       179, 147, 160, 189, 175, 163, 66, 155, 167, 163, 237, 20, 62, 79,
