%YAML:1.0
---
descriptors: !!opencv-matrix
   rows: 233
   cols: 32
   dt: u
   data: [ 96, 48, 189, 126, 104, 96, 17, 74, 170, 189, 160, 57, 84, 247,
       68, 26, 129, 87, 109, 0, 18, 75, 170, 17, 217, 162, 125, 255, 128,
       32, 39, 99, 120, 185, 188, 248, 173, 253, 85, 95, 239, 121, 188,
       8, 191, 185, 64, 58, 205, 179, 255, 16, 154, 107, 242, 145, 219,
       223, 85, 123, 210, 200, 194, 43, 104, 185, 180, 252, 173, 189, 84,
       255, 239, 185, 180, 8, 190, 249, 68, 27, 201, 230, 127, 24, 154,
       107, 242, 177, 219, 219, 87, 122, 210, 72, 210, 139, 92, 165, 253,
       114, 154, 201, 21, 207, 178, 53, 173, 24, 31, 247, 72, 26, 35,
       147, 232, 16, 58, 75, 170, 119, 251, 199, 21, 125, 224, 192, 167,
       98, 133, 120, 83, 69, 64, 110, 99, 16, 96, 226, 102, 72, 211, 21,
       129, 52, 48, 116, 64, 106, 1, 180, 177, 8, 69, 168, 33, 0, 99,
       179, 67, 168, 240, 184, 220, 114, 168, 173, 81, 87, 162, 191, 164,
       29, 55, 243, 66, 27, 5, 246, 109, 28, 58, 79, 210, 33, 219, 203,
       117, 121, 232, 192, 202, 43, 93, 93, 89, 103, 176, 14, 111, 188,
       116, 234, 126, 100, 247, 115, 153, 112, 55, 118, 60, 106, 233,
       144, 121, 46, 239, 239, 39, 128, 40, 243, 225, 49, 252, 188, 253,
       118, 168, 110, 69, 190, 178, 191, 165, 56, 243, 119, 201, 59, 5,
       214, 108, 42, 57, 79, 251, 46, 233, 235, 117, 52, 224, 241, 198,
       33, 229, 98, 113, 69, 96, 15, 103, 184, 104, 172, 98, 72, 210, 1,
       137, 53, 144, 92, 68, 106, 192, 180, 233, 12, 101, 184, 33, 52,
       64, 179, 70, 161, 85, 93, 125, 103, 176, 78, 111, 184, 97, 232,
       191, 76, 215, 119, 137, 115, 54, 212, 124, 106, 201, 176, 249, 44,
       227, 233, 101, 4, 104, 243, 66, 49, 117, 85, 61, 103, 176, 14, 79,
       188, 96, 232, 255, 72, 215, 119, 137, 113, 22, 212, 124, 106, 201,
       129, 249, 45, 243, 233, 37, 148, 40, 243, 194, 33, 149, 148, 155,
       231, 180, 238, 111, 156, 54, 170, 91, 112, 247, 115, 137, 96, 55,
       127, 61, 122, 123, 148, 105, 62, 236, 239, 39, 196, 160, 243, 129,
       33, 236, 180, 189, 115, 165, 109, 113, 152, 127, 123, 37, 24, 223,
       125, 72, 59, 145, 28, 124, 58, 59, 116, 249, 18, 207, 219, 81,
       117, 202, 75, 70, 114, 232, 181, 188, 251, 189, 253, 85, 63, 207,
       123, 173, 24, 190, 61, 74, 51, 137, 18, 249, 16, 123, 106, 251,
       149, 239, 219, 84, 123, 210, 72, 198, 106, 88, 174, 250, 114, 138,
       233, 85, 215, 178, 183, 164, 185, 55, 167, 66, 27, 39, 215, 237,
       16, 58, 79, 170, 35, 219, 195, 117, 125, 226, 192, 134, 107, 69,
       253, 189, 7, 188, 111, 231, 157, 122, 251, 11, 92, 214, 48, 217,
       43, 17, 70, 120, 63, 177, 112, 249, 34, 237, 14, 117, 116, 200,
       123, 211, 32, 105, 253, 188, 115, 217, 221, 85, 190, 123, 119, 44,
       28, 190, 52, 70, 183, 129, 66, 240, 88, 247, 104, 251, 51, 111,
       223, 84, 123, 202, 84, 203, 126, 224, 180, 156, 250, 236, 237, 69,
       143, 218, 59, 165, 24, 182, 241, 72, 123, 129, 154, 106, 24, 51,
       111, 219, 51, 221, 146, 85, 124, 216, 72, 199, 42, 93, 39, 156,
       182, 168, 56, 72, 138, 242, 179, 139, 93, 207, 170, 211, 219, 131,
       199, 236, 21, 60, 65, 207, 0, 218, 243, 119, 93, 168, 245, 139, 0,
       124, 229, 121, 102, 223, 79, 71, 233, 65, 166, 173, 10, 83, 117,
       0, 50, 25, 212, 72, 98, 121, 163, 249, 14, 123, 239, 5, 53, 99,
       122, 214, 34, 212, 180, 221, 119, 160, 106, 109, 191, 50, 251, 35,
       112, 87, 119, 201, 123, 23, 86, 108, 186, 57, 212, 251, 42, 201,
       163, 117, 84, 160, 240, 134, 49, 108, 181, 144, 99, 157, 127, 84,
       29, 119, 57, 45, 24, 222, 115, 72, 248, 145, 30, 252, 56, 26, 112,
       217, 146, 239, 221, 21, 117, 218, 74, 202, 2, 212, 24, 159, 116,
       168, 108, 65, 51, 161, 219, 166, 24, 215, 55, 1, 123, 1, 214, 108,
       8, 57, 77, 179, 0, 217, 227, 116, 80, 162, 224, 134, 50, 193, 188,
       159, 27, 168, 172, 37, 151, 254, 27, 98, 84, 180, 242, 192, 123,
       37, 110, 106, 28, 179, 220, 155, 115, 205, 171, 54, 64, 136, 192,
       163, 169, 236, 100, 189, 99, 173, 111, 87, 136, 91, 250, 37, 24,
       214, 85, 77, 59, 153, 84, 104, 122, 41, 116, 249, 2, 207, 219, 69,
       55, 194, 123, 86, 99, 143, 87, 43, 133, 102, 118, 191, 49, 29,
       238, 87, 230, 220, 86, 183, 101, 118, 53, 23, 239, 225, 148, 37,
       206, 101, 121, 171, 130, 14, 255, 53, 245, 77, 223, 93, 103, 176,
       14, 79, 184, 112, 234, 127, 236, 211, 97, 153, 112, 20, 68, 124,
       110, 233, 176, 109, 46, 230, 239, 37, 148, 104, 243, 66, 49, 13,
       117, 49, 71, 113, 78, 102, 184, 125, 232, 107, 72, 222, 113, 9,
       180, 144, 92, 80, 106, 193, 176, 121, 110, 37, 188, 5, 4, 74, 51,
       195, 179, 197, 239, 120, 39, 172, 14, 238, 184, 104, 242, 42, 77,
       211, 104, 94, 19, 147, 71, 104, 111, 228, 100, 221, 63, 236, 59,
       103, 52, 76, 114, 203, 128, 101, 117, 17, 71, 85, 79, 103, 184,
       107, 224, 43, 72, 214, 113, 77, 182, 144, 84, 64, 106, 65, 240,
       249, 44, 45, 156, 5, 54, 74, 59, 67, 34, 109, 112, 145, 71, 65,
       110, 103, 152, 105, 226, 35, 72, 214, 113, 73, 191, 144, 84, 120,
       106, 1, 244, 249, 8, 69, 250, 69, 52, 202, 115, 66, 50, 36, 225,
       57, 73, 89, 79, 67, 136, 74, 52, 45, 8, 210, 85, 73, 48, 145, 88,
       64, 122, 3, 48, 249, 17, 111, 157, 1, 124, 80, 43, 70, 162, 120,
       56, 255, 112, 168, 205, 81, 87, 226, 253, 164, 40, 27, 149, 64,
       58, 35, 150, 236, 16, 26, 107, 178, 0, 219, 201, 116, 121, 225,
       128, 198, 107, 13, 221, 31, 103, 176, 14, 111, 189, 116, 232, 126,
       100, 247, 115, 129, 112, 54, 126, 52, 110, 225, 152, 57, 46, 236,
       175, 39, 128, 40, 243, 129, 49, 208, 180, 157, 242, 170, 105, 5,
       159, 190, 187, 130, 120, 151, 247, 72, 91, 39, 87, 125, 16, 51,
       77, 235, 34, 217, 163, 127, 252, 128, 80, 135, 59, 228, 180, 157,
       250, 232, 237, 1, 143, 218, 59, 160, 24, 182, 241, 72, 91, 129,
       26, 106, 24, 51, 111, 218, 51, 205, 146, 117, 124, 216, 72, 199,
       186, 184, 172, 27, 127, 148, 231, 69, 255, 118, 138, 226, 16, 243,
       243, 32, 121, 217, 126, 40, 40, 59, 254, 91, 63, 233, 239, 117,
       64, 192, 208, 228, 162, 85, 93, 125, 103, 176, 78, 79, 188, 113,
       232, 254, 68, 243, 119, 137, 112, 54, 214, 28, 106, 233, 144, 121,
       46, 231, 239, 37, 132, 104, 243, 224, 49, 85, 157, 93, 231, 176,
       78, 79, 184, 36, 170, 255, 64, 215, 119, 137, 112, 55, 214, 92,
       106, 249, 144, 121, 62, 233, 175, 37, 148, 32, 243, 192, 33, 253,
       81, 61, 103, 168, 78, 103, 184, 96, 232, 183, 72, 215, 119, 137,
       115, 148, 212, 124, 106, 201, 224, 249, 40, 247, 233, 101, 20, 96,
       243, 66, 49, 213, 149, 25, 239, 180, 46, 79, 188, 52, 170, 255,
       112, 215, 115, 137, 112, 87, 222, 93, 122, 185, 144, 105, 62, 233,
       239, 39, 148, 160, 243, 129, 33, 104, 180, 189, 123, 173, 253, 81,
       59, 239, 123, 173, 24, 222, 125, 72, 59, 129, 146, 253, 24, 59,
       104, 251, 149, 207, 219, 81, 127, 210, 74, 198, 98, 69, 112, 145,
       69, 1, 94, 17, 17, 104, 232, 38, 8, 214, 17, 73, 62, 144, 20, 64,
       40, 1, 240, 241, 0, 71, 217, 1, 6, 74, 48, 67, 34, 102, 229, 118,
       223, 252, 11, 254, 237, 63, 170, 251, 10, 236, 234, 28, 80, 255,
       207, 127, 227, 242, 243, 203, 255, 190, 62, 143, 236, 181, 250,
       243, 129, 118, 237, 246, 255, 252, 11, 254, 237, 191, 162, 251,
       10, 239, 234, 60, 81, 255, 239, 127, 227, 232, 243, 203, 255, 190,
       254, 207, 156, 117, 254, 227, 137, 28, 225, 252, 167, 172, 11,
       254, 184, 46, 184, 187, 2, 223, 111, 89, 67, 254, 221, 127, 227,
       200, 225, 203, 236, 236, 235, 239, 148, 36, 187, 33, 131, 92, 81,
       156, 167, 44, 14, 125, 152, 175, 184, 159, 32, 223, 127, 89, 91,
       230, 213, 125, 99, 72, 193, 203, 136, 203, 243, 239, 148, 36, 187,
       1, 3, 189, 206, 199, 119, 164, 42, 103, 190, 118, 226, 107, 244,
       211, 97, 152, 113, 17, 238, 36, 62, 249, 244, 205, 46, 108, 175,
       229, 0, 237, 248, 208, 32, 120, 176, 188, 240, 41, 204, 89, 25,
