%YAML:1.0
---
descriptors: !!opencv-matrix
   rows: 181
   cols: 32
   dt: u
   data: [ 240, 174, 134, 58, 168, 184, 64, 199, 187, 27, 176, 249, 175,
       226, 192, 155, 161, 231, 236, 20, 62, 79, 138, 51, 152, 243, 116,
       249, 200, 196, 202, 9, 252, 241, 60, 98, 140, 79, 87, 248, 115,
       190, 165, 8, 83, 113, 73, 50, 153, 212, 108, 106, 104, 103, 251,
       18, 251, 203, 101, 61, 96, 250, 70, 34, 117, 97, 248, 99, 212, 63,
       82, 152, 99, 160, 175, 8, 83, 72, 95, 58, 152, 196, 68, 126, 140,
       114, 253, 8, 95, 205, 5, 53, 233, 251, 74, 4, 126, 117, 128, 166,
       155, 87, 22, 136, 19, 178, 137, 171, 78, 187, 75, 147, 145, 221,
       249, 243, 108, 67, 203, 170, 187, 71, 205, 191, 162, 119, 26, 66,
       228, 133, 60, 111, 184, 15, 71, 184, 22, 60, 175, 29, 211, 97, 9,
       83, 81, 196, 104, 110, 122, 36, 121, 31, 239, 187, 69, 84, 216,
       251, 192, 114, 100, 112, 173, 165, 140, 78, 69, 16, 34, 226, 134,
       9, 215, 53, 83, 59, 129, 196, 121, 123, 72, 70, 249, 8, 205, 161,
       229, 52, 160, 120, 86, 114, 252, 188, 220, 118, 168, 47, 87, 190,
       178, 251, 166, 125, 87, 119, 75, 27, 135, 214, 125, 6, 120, 77,
       219, 50, 251, 203, 117, 244, 234, 241, 138, 27, 230, 171, 252, 18,
       170, 120, 28, 136, 171, 117, 173, 185, 205, 238, 207, 26, 135,
       215, 237, 82, 22, 67, 238, 112, 94, 113, 69, 255, 134, 247, 143,
       87, 109, 71, 108, 37, 36, 31, 102, 56, 105, 174, 63, 77, 195, 105,
       159, 19, 144, 68, 108, 110, 236, 240, 205, 12, 102, 255, 101, 149,
       64, 243, 90, 1, 48, 131, 46, 186, 157, 233, 176, 73, 222, 21, 217,
       27, 38, 200, 62, 8, 249, 170, 234, 17, 30, 171, 14, 21, 219, 5, 3,
       93, 213, 11, 252, 194, 120, 176, 249, 112, 41, 253, 89, 95, 162,
       53, 164, 24, 31, 151, 72, 59, 7, 146, 117, 28, 26, 79, 242, 17,
       219, 201, 113, 125, 226, 128, 198, 98, 240, 168, 61, 114, 40, 173,
       193, 207, 170, 183, 160, 24, 183, 185, 68, 27, 143, 179, 109, 17,
       58, 111, 218, 49, 217, 138, 117, 60, 193, 64, 131, 42, 60, 93, 57,
       103, 52, 79, 67, 48, 100, 232, 47, 8, 215, 81, 1, 52, 16, 108, 93,
       106, 65, 176, 121, 14, 227, 253, 33, 48, 106, 187, 87, 115, 56,
       57, 122, 96, 87, 205, 81, 87, 195, 37, 172, 8, 59, 157, 98, 48,
       136, 184, 211, 24, 10, 43, 112, 21, 243, 205, 16, 121, 99, 136,
       70, 234, 16, 159, 28, 191, 186, 195, 23, 175, 158, 62, 152, 161,
       245, 247, 168, 65, 151, 115, 173, 3, 114, 9, 10, 63, 232, 199,
       127, 255, 16, 122, 133, 11, 226, 178, 236, 16, 234, 221, 177, 223,
       251, 127, 180, 189, 24, 156, 78, 59, 175, 147, 247, 21, 182, 111,
       186, 81, 95, 27, 125, 255, 201, 64, 199, 223, 100, 36, 189, 113,
       141, 109, 65, 10, 126, 51, 165, 24, 214, 181, 72, 58, 137, 94,
       104, 24, 59, 98, 251, 18, 205, 158, 81, 124, 192, 73, 198, 34, 77,
       118, 189, 101, 168, 126, 93, 190, 96, 254, 38, 68, 223, 55, 211,
       123, 133, 84, 124, 108, 233, 216, 241, 8, 239, 251, 117, 148, 138,
       240, 198, 121, 84, 253, 159, 230, 170, 78, 87, 188, 50, 182, 175,
       8, 215, 247, 73, 83, 55, 215, 108, 122, 105, 81, 185, 42, 249,
       163, 101, 52, 160, 243, 135, 59, 222, 173, 174, 182, 129, 114, 93,
       167, 49, 246, 142, 147, 235, 119, 74, 95, 113, 214, 253, 130, 124,
       73, 255, 170, 219, 231, 223, 145, 166, 116, 190, 122, 228, 196,
       61, 111, 188, 79, 71, 184, 118, 190, 167, 28, 211, 113, 9, 91,
       145, 68, 104, 110, 121, 100, 121, 31, 239, 187, 69, 84, 208, 251,
       196, 114, 64, 77, 181, 229, 60, 74, 71, 40, 96, 162, 10, 72, 215,
       33, 17, 35, 18, 116, 108, 106, 41, 240, 201, 14, 233, 166, 101,
       20, 100, 250, 5, 32, 229, 165, 189, 82, 236, 237, 165, 207, 222,
       183, 173, 24, 150, 240, 72, 59, 137, 82, 106, 24, 51, 111, 250,
       50, 221, 130, 85, 124, 192, 73, 215, 224, 101, 241, 17, 26, 153,
       205, 22, 232, 207, 112, 33, 8, 254, 240, 105, 180, 145, 123, 106,
       98, 67, 99, 26, 117, 169, 148, 5, 126, 88, 59, 3, 134, 92, 239,
       152, 182, 176, 30, 94, 185, 51, 191, 167, 189, 239, 231, 202, 151,
       151, 239, 237, 78, 110, 71, 200, 43, 250, 247, 101, 191, 162, 246,
       138, 89, 108, 71, 108, 39, 36, 10, 103, 168, 96, 166, 239, 137,
       195, 105, 159, 16, 18, 196, 108, 110, 72, 240, 205, 14, 102, 175,
       101, 21, 103, 243, 86, 96, 203, 172, 173, 23, 172, 60, 173, 135,
       250, 247, 134, 157, 227, 236, 214, 175, 5, 102, 248, 29, 183, 77,
       255, 162, 140, 123, 223, 112, 140, 236, 219, 124, 201, 174, 134,
       58, 169, 189, 100, 223, 250, 91, 160, 92, 174, 226, 218, 219, 165,
       103, 236, 29, 191, 79, 154, 49, 152, 243, 126, 122, 200, 68, 139,
       29, 240, 160, 125, 112, 40, 237, 89, 79, 163, 53, 160, 24, 19,
       159, 64, 59, 129, 147, 93, 24, 26, 107, 178, 17, 219, 201, 112,
       120, 224, 128, 198, 42, 108, 101, 72, 39, 176, 74, 102, 168, 49,
       164, 239, 137, 195, 99, 11, 16, 88, 204, 193, 110, 104, 176, 201,
       46, 230, 231, 5, 21, 99, 251, 78, 130, 100, 48, 189, 81, 221, 237,
       65, 138, 250, 243, 41, 24, 150, 181, 73, 62, 129, 30, 106, 24, 19,
       106, 251, 16, 13, 158, 81, 126, 192, 73, 198, 34, 68, 57, 17, 71,
       49, 111, 51, 56, 104, 232, 43, 72, 222, 117, 1, 48, 148, 116, 68,
       98, 1, 240, 249, 44, 77, 156, 33, 38, 64, 35, 71, 51, 228, 52,
       253, 100, 168, 111, 87, 184, 114, 174, 181, 56, 211, 117, 73, 51,
       153, 212, 108, 106, 104, 102, 249, 26, 239, 139, 101, 60, 64, 251,
       70, 35, 248, 156, 221, 126, 137, 108, 84, 183, 241, 59, 162, 24,
       123, 51, 0, 251, 129, 214, 236, 32, 57, 111, 219, 33, 211, 235,
       116, 25, 234, 240, 202, 10, 37, 99, 56, 5, 116, 15, 103, 184, 104,
       172, 39, 12, 210, 1, 27, 16, 144, 68, 68, 110, 192, 176, 249, 12,
       103, 153, 33, 36, 66, 179, 82, 97, 192, 184, 191, 120, 48, 236,
       113, 23, 186, 29, 102, 56, 183, 151, 128, 24, 167, 58, 108, 24,
       50, 237, 162, 119, 205, 255, 48, 64, 192, 128, 199, 107, 56, 185,
       123, 112, 85, 205, 209, 87, 197, 45, 116, 8, 58, 151, 36, 48, 8,
       186, 83, 8, 74, 187, 48, 189, 115, 221, 16, 121, 115, 8, 70, 234,
       193, 121, 189, 117, 168, 92, 85, 182, 105, 253, 38, 28, 183, 55,
       67, 59, 132, 86, 124, 76, 233, 88, 241, 32, 239, 251, 116, 16,
       136, 240, 198, 123, 120, 176, 123, 120, 73, 221, 209, 71, 235, 93,
       180, 25, 58, 157, 70, 56, 169, 187, 213, 17, 26, 107, 178, 145,
       91, 217, 16, 123, 99, 12, 198, 250, 216, 190, 190, 120, 184, 236,
       113, 87, 186, 31, 102, 49, 63, 151, 2, 24, 167, 50, 109, 24, 50,
       77, 162, 119, 219, 255, 48, 73, 192, 128, 167, 107, 12, 173, 181,
       114, 141, 237, 37, 239, 238, 183, 173, 24, 214, 240, 72, 62, 129,
       82, 106, 26, 114, 105, 250, 50, 237, 135, 117, 125, 194, 90, 199,
       162, 209, 177, 157, 180, 56, 14, 80, 59, 186, 184, 162, 92, 215,
       243, 0, 51, 151, 181, 125, 32, 41, 75, 211, 8, 217, 227, 97, 52,
       168, 32, 3, 19, 118, 238, 140, 54, 56, 223, 95, 168, 163, 246,
       173, 137, 111, 103, 74, 19, 135, 229, 237, 126, 110, 67, 234, 45,
       251, 219, 69, 53, 34, 247, 14, 82, 252, 229, 172, 182, 137, 120,
       85, 191, 179, 247, 142, 153, 243, 247, 74, 123, 193, 214, 253,
       128, 60, 74, 251, 35, 251, 227, 253, 93, 162, 244, 182, 122, 246,
       37, 185, 246, 137, 100, 84, 167, 177, 178, 131, 25, 83, 191, 73,
       91, 193, 215, 125, 147, 120, 71, 217, 34, 249, 230, 221, 63, 160,
       112, 166, 42, 116, 71, 101, 103, 16, 75, 103, 184, 112, 164, 111,
       137, 195, 101, 29, 16, 24, 196, 105, 106, 72, 176, 253, 12, 101,
       166, 5, 21, 101, 187, 86, 98, 45, 117, 48, 71, 209, 31, 103, 188,
       121, 232, 110, 76, 222, 112, 13, 180, 144, 76, 64, 106, 193, 176,
       249, 46, 103, 221, 5, 6, 74, 115, 75, 167, 32, 179, 121, 66, 116,
       141, 113, 117, 107, 173, 52, 72, 54, 145, 68, 48, 140, 58, 70, 8,
       130, 56, 112, 29, 111, 221, 49, 122, 82, 138, 70, 171, 112, 168,
       159, 112, 8, 141, 65, 71, 170, 55, 160, 24, 55, 147, 64, 27, 129,
