%YAML:1.0
---
descriptors: !!opencv-matrix
   rows: 221
   cols: 32
   dt: u
   data: [ 228, 52, 181, 99, 141, 111, 71, 136, 58, 243, 167, 24, 214,
       115, 73, 63, 145, 84, 120, 58, 57, 68, 249, 2, 205, 250, 69, 116,
       192, 115, 198, 98, 108, 113, 189, 111, 13, 79, 71, 168, 66, 238,
       165, 8, 211, 117, 73, 50, 216, 212, 121, 106, 73, 98, 251, 56,
       229, 219, 69, 52, 80, 59, 86, 98, 118, 252, 150, 190, 153, 237,
       22, 236, 159, 18, 169, 73, 230, 242, 105, 150, 201, 227, 234, 67,
       46, 67, 218, 123, 185, 22, 77, 59, 208, 127, 47, 14, 252, 190,
       220, 50, 168, 237, 85, 222, 179, 255, 180, 189, 31, 247, 67, 91,
       135, 243, 237, 20, 191, 79, 202, 49, 218, 195, 117, 255, 168, 208,
       142, 91, 104, 176, 185, 112, 185, 237, 81, 23, 250, 63, 36, 24,
       182, 183, 64, 58, 129, 30, 108, 24, 18, 109, 178, 19, 203, 223,
       48, 123, 192, 64, 199, 107, 69, 121, 157, 101, 1, 78, 55, 32, 104,
       192, 98, 8, 214, 55, 1, 50, 144, 84, 104, 106, 65, 240, 241, 44,
       229, 186, 64, 2, 72, 51, 67, 34, 213, 47, 189, 119, 172, 47, 221,
       171, 250, 190, 178, 56, 247, 120, 209, 43, 135, 87, 124, 43, 184,
       229, 235, 46, 232, 171, 101, 148, 196, 232, 195, 33, 132, 109, 27,
       127, 148, 198, 103, 240, 116, 128, 111, 0, 211, 243, 33, 97, 88,
       124, 34, 234, 73, 240, 58, 46, 225, 171, 39, 0, 64, 243, 96, 162,
       120, 187, 218, 32, 250, 137, 80, 95, 34, 45, 188, 237, 39, 131,
       194, 16, 182, 163, 197, 16, 30, 11, 130, 17, 218, 197, 37, 249,
       168, 128, 138, 155, 117, 69, 125, 103, 20, 14, 103, 184, 100, 160,
       171, 72, 83, 115, 25, 112, 50, 212, 92, 106, 41, 176, 89, 46, 247,
       175, 37, 20, 96, 179, 64, 34, 252, 48, 149, 118, 169, 44, 84, 152,
       179, 187, 177, 88, 223, 243, 73, 155, 141, 222, 236, 26, 40, 103,
       202, 34, 219, 211, 117, 62, 226, 241, 70, 35, 252, 176, 185, 112,
       136, 252, 81, 223, 226, 189, 164, 24, 19, 151, 72, 58, 133, 215,
       236, 16, 27, 111, 250, 0, 219, 201, 53, 125, 225, 192, 198, 34,
       96, 157, 149, 252, 157, 237, 69, 142, 155, 49, 168, 24, 182, 55,
       76, 114, 129, 83, 104, 16, 11, 104, 211, 51, 173, 182, 84, 123,
       208, 88, 196, 42, 124, 229, 212, 103, 139, 6, 94, 188, 50, 178,
       171, 141, 91, 115, 73, 211, 23, 215, 233, 226, 109, 67, 219, 63,
       251, 235, 69, 117, 171, 243, 138, 18, 192, 164, 157, 249, 200,
       237, 37, 143, 190, 51, 32, 24, 182, 51, 72, 91, 129, 23, 106, 24,
       51, 76, 211, 115, 205, 178, 84, 124, 144, 64, 133, 42, 124, 101,
       240, 101, 49, 91, 86, 152, 113, 168, 255, 40, 219, 29, 217, 50,
       24, 220, 236, 106, 76, 240, 237, 14, 239, 237, 37, 21, 99, 179,
       70, 34, 72, 205, 29, 127, 9, 205, 85, 174, 158, 55, 38, 24, 230,
       55, 0, 83, 129, 82, 104, 64, 106, 9, 123, 63, 229, 243, 84, 83,
       16, 88, 132, 42, 236, 48, 188, 99, 173, 111, 82, 152, 107, 187,
       37, 24, 214, 81, 72, 59, 145, 20, 108, 50, 49, 116, 217, 16, 207,
       219, 65, 119, 200, 43, 74, 3, 109, 117, 53, 101, 53, 31, 118, 56,
       121, 232, 127, 77, 218, 61, 159, 176, 148, 68, 124, 110, 228, 240,
       249, 140, 231, 255, 33, 22, 74, 183, 82, 119, 121, 44, 159, 48,
       169, 236, 80, 215, 179, 91, 164, 24, 63, 247, 64, 59, 129, 230,
       93, 24, 63, 79, 242, 35, 211, 235, 116, 121, 160, 208, 202, 202,
       208, 184, 154, 112, 136, 236, 17, 143, 226, 243, 164, 24, 183,
       223, 64, 59, 129, 55, 108, 16, 63, 109, 218, 49, 217, 193, 119,
       121, 232, 64, 135, 26, 109, 117, 57, 103, 117, 31, 102, 184, 121,
       232, 111, 76, 218, 113, 13, 176, 148, 100, 84, 110, 193, 240, 249,
       44, 231, 249, 5, 20, 74, 187, 74, 1, 252, 180, 156, 112, 136, 105,
       81, 15, 179, 191, 165, 25, 143, 183, 74, 27, 129, 151, 237, 16,
       58, 79, 219, 2, 219, 195, 117, 125, 224, 64, 142, 67, 216, 164,
       156, 48, 169, 41, 16, 143, 186, 63, 164, 57, 143, 163, 74, 27,
       135, 147, 237, 16, 62, 77, 203, 19, 219, 211, 85, 127, 128, 64,
       143, 11, 241, 184, 245, 82, 169, 253, 80, 223, 251, 123, 180, 120,
       58, 253, 204, 63, 135, 150, 124, 16, 191, 111, 234, 241, 219, 250,
       117, 251, 235, 192, 198, 127, 252, 174, 252, 50, 168, 173, 92,
       158, 187, 187, 176, 185, 191, 247, 66, 27, 135, 247, 253, 20, 190,
       79, 202, 51, 219, 219, 117, 253, 162, 213, 138, 75, 216, 84, 221,
       116, 40, 78, 69, 58, 176, 250, 166, 120, 119, 55, 129, 123, 2,
       212, 108, 106, 105, 69, 243, 8, 241, 235, 117, 20, 40, 240, 70,
       57, 101, 199, 88, 67, 180, 31, 71, 187, 118, 43, 63, 124, 211,
       112, 142, 112, 23, 198, 76, 126, 254, 48, 109, 63, 238, 191, 37,
       116, 248, 219, 200, 5, 189, 75, 78, 126, 36, 26, 70, 188, 117,
       134, 230, 148, 99, 225, 179, 221, 80, 228, 172, 110, 108, 245,
       111, 62, 162, 235, 101, 21, 126, 189, 120, 76, 208, 238, 156, 245,
       172, 46, 93, 191, 240, 190, 178, 24, 215, 99, 64, 11, 133, 87,
       109, 43, 120, 101, 203, 34, 201, 171, 117, 52, 64, 248, 131, 11,
       244, 253, 188, 247, 140, 109, 87, 158, 242, 187, 143, 24, 215,
       253, 73, 59, 129, 214, 125, 115, 58, 101, 219, 34, 233, 195, 117,
       125, 168, 121, 214, 18, 101, 181, 153, 82, 188, 173, 69, 189, 126,
       59, 161, 88, 214, 240, 72, 56, 145, 218, 106, 26, 58, 107, 219,
       55, 189, 150, 85, 126, 208, 75, 195, 33, 125, 69, 93, 103, 20, 78,
       103, 184, 96, 160, 170, 72, 83, 49, 25, 114, 48, 196, 108, 106,
       105, 177, 25, 12, 245, 239, 37, 20, 97, 179, 64, 32, 68, 152, 189,
       95, 136, 237, 145, 143, 206, 19, 160, 24, 246, 245, 100, 107, 129,
       115, 104, 0, 50, 109, 251, 49, 201, 170, 85, 122, 208, 104, 133,
       34, 244, 176, 185, 112, 136, 253, 81, 223, 226, 183, 164, 24, 23,
       151, 72, 59, 133, 215, 204, 24, 27, 111, 250, 0, 219, 201, 53,
       125, 224, 192, 134, 51, 117, 96, 156, 52, 136, 108, 77, 10, 226,
       243, 161, 25, 215, 51, 91, 27, 137, 196, 104, 30, 13, 103, 219, 0,
       193, 171, 85, 61, 232, 113, 66, 2, 212, 205, 28, 247, 152, 74, 71,
       172, 180, 178, 167, 16, 119, 115, 9, 83, 33, 246, 108, 226, 104,
       197, 89, 46, 249, 227, 101, 21, 32, 113, 172, 34, 96, 181, 145,
       105, 153, 77, 85, 143, 107, 49, 40, 24, 182, 50, 76, 112, 129, 30,
       104, 16, 19, 104, 219, 51, 173, 148, 20, 126, 216, 88, 199, 42,
       252, 165, 188, 102, 137, 38, 79, 136, 178, 183, 175, 24, 211, 99,
       75, 90, 81, 198, 104, 250, 56, 67, 219, 34, 251, 239, 197, 125,
       160, 115, 226, 34, 116, 229, 137, 166, 137, 15, 79, 168, 50, 180,
       131, 9, 215, 119, 73, 50, 221, 213, 121, 239, 104, 67, 249, 58,
       249, 199, 205, 60, 0, 115, 150, 114, 254, 229, 188, 94, 201, 112,
       87, 236, 187, 190, 173, 25, 111, 247, 78, 31, 145, 246, 237, 114,
       58, 67, 170, 51, 251, 243, 69, 127, 162, 119, 142, 99, 100, 69,
       173, 109, 152, 79, 71, 184, 86, 224, 171, 72, 211, 69, 9, 81, 81,
       212, 104, 122, 105, 160, 121, 30, 237, 174, 5, 20, 112, 187, 68,
       48, 118, 71, 150, 174, 137, 34, 86, 200, 177, 134, 235, 41, 70,
       226, 105, 223, 208, 245, 232, 98, 108, 195, 138, 10, 176, 246, 69,
       31, 128, 115, 42, 6, 76, 97, 121, 103, 50, 90, 127, 56, 45, 160,
       111, 168, 223, 23, 137, 48, 22, 93, 220, 110, 64, 144, 121, 76,
       231, 253, 37, 4, 98, 179, 7, 96, 109, 97, 124, 103, 52, 30, 118,
       56, 105, 168, 127, 9, 223, 89, 157, 48, 146, 76, 124, 110, 196,
       176, 201, 12, 230, 253, 33, 5, 64, 179, 74, 3, 80, 160, 191, 116,
       136, 232, 81, 7, 162, 23, 166, 24, 55, 183, 64, 27, 161, 183, 108,
       16, 58, 111, 162, 1, 217, 227, 112, 121, 224, 64, 134, 106, 208,
       168, 157, 114, 168, 237, 81, 159, 246, 51, 166, 24, 183, 151, 64,
       123, 1, 183, 108, 16, 58, 109, 211, 49, 217, 225, 117, 121, 224,
       64, 135, 42, 145, 142, 219, 115, 176, 170, 111, 183, 118, 43, 98,
       116, 247, 99, 176, 121, 51, 110, 12, 28, 187, 220, 13, 63, 200,
       174, 53, 64, 176, 192, 224, 41, 108, 229, 57, 111, 217, 77, 71,
