%YAML:1.0
---
descriptors: !!opencv-matrix
   rows: 84
   cols: 32
   dt: u
   data: [ 64, 75, 219, 117, 32, 10, 109, 55, 116, 142, 118, 96, 183, 35,
       128, 88, 34, 108, 44, 76, 64, 216, 161, 40, 228, 174, 118, 128,
       32, 240, 229, 105, 207, 180, 180, 65, 173, 63, 177, 155, 90, 251,
       23, 60, 222, 60, 222, 175, 133, 70, 253, 29, 183, 108, 253, 210,
       207, 27, 117, 246, 206, 77, 209, 119, 209, 188, 215, 186, 171,
       233, 20, 207, 187, 83, 160, 120, 175, 246, 64, 191, 163, 243, 236,
       16, 63, 79, 154, 241, 153, 210, 87, 122, 232, 80, 163, 14, 92,
       113, 127, 101, 18, 74, 55, 120, 32, 164, 239, 173, 95, 87, 11, 16,
       54, 213, 237, 98, 72, 208, 249, 12, 247, 229, 37, 17, 99, 179, 7,
       115, 222, 244, 156, 178, 139, 96, 22, 232, 178, 183, 141, 187, 78,
       255, 75, 27, 179, 215, 237, 179, 62, 71, 154, 115, 251, 195, 77,
       255, 160, 119, 175, 83, 103, 164, 237, 67, 233, 121, 207, 136, 91,
       247, 181, 152, 202, 236, 222, 190, 29, 206, 242, 126, 191, 114,
       239, 210, 46, 95, 197, 255, 199, 255, 218, 244, 193, 184, 149, 17,
       169, 236, 33, 143, 254, 243, 162, 92, 182, 240, 196, 127, 129, 38,
       120, 24, 179, 109, 247, 113, 137, 58, 87, 126, 200, 64, 131, 60,
       181, 117, 19, 78, 85, 79, 198, 232, 80, 224, 225, 10, 82, 208, 41,
       53, 88, 220, 18, 106, 105, 179, 120, 62, 113, 8, 5, 60, 105, 59,
       114, 162, 246, 164, 215, 242, 205, 106, 104, 75, 59, 183, 171, 27,
       74, 235, 76, 223, 249, 199, 105, 176, 56, 87, 217, 194, 159, 246,
       215, 127, 161, 99, 246, 2, 109, 113, 184, 103, 173, 95, 71, 152,
       75, 250, 53, 12, 219, 89, 219, 191, 152, 68, 124, 126, 205, 118,
       249, 168, 231, 217, 101, 52, 74, 255, 90, 115, 193, 184, 157, 89,
       232, 172, 33, 23, 254, 219, 98, 84, 180, 179, 192, 123, 1, 58,
       122, 24, 179, 220, 211, 83, 77, 170, 118, 64, 152, 64, 129, 169,
       111, 100, 228, 71, 205, 122, 79, 136, 115, 182, 167, 152, 74, 113,
       223, 191, 25, 196, 249, 254, 56, 70, 239, 226, 63, 122, 197, 55,
       231, 255, 222, 100, 117, 71, 69, 103, 180, 10, 78, 184, 96, 168,
       187, 236, 211, 97, 153, 114, 16, 198, 108, 110, 233, 176, 205, 46,
       164, 174, 37, 148, 108, 243, 210, 32, 240, 188, 156, 114, 136,
       237, 85, 159, 178, 63, 164, 25, 55, 183, 74, 27, 129, 211, 109,
       16, 58, 79, 218, 51, 219, 195, 117, 125, 192, 64, 134, 42, 225,
       184, 253, 80, 172, 253, 80, 223, 251, 251, 180, 56, 50, 248, 196,
       59, 137, 214, 124, 24, 191, 111, 234, 49, 27, 154, 117, 123, 201,
       72, 202, 47, 68, 113, 57, 101, 17, 79, 103, 56, 104, 160, 111, 8,
       214, 19, 9, 48, 144, 84, 72, 106, 65, 240, 241, 12, 229, 189, 1,
       52, 72, 51, 71, 34, 249, 184, 252, 112, 173, 253, 81, 223, 227,
       255, 180, 28, 59, 185, 86, 59, 161, 134, 252, 28, 191, 111, 178,
       1, 219, 219, 117, 123, 235, 196, 206, 95, 92, 113, 120, 101, 34,
       74, 126, 56, 33, 228, 119, 173, 207, 7, 11, 16, 54, 213, 237, 226,
       72, 208, 201, 76, 247, 225, 33, 133, 103, 183, 15, 115, 222, 246,
       156, 182, 138, 98, 22, 234, 50, 246, 133, 191, 79, 127, 75, 27,
       55, 215, 253, 243, 62, 71, 207, 50, 250, 195, 237, 255, 164, 117,
       174, 83, 240, 168, 255, 112, 136, 233, 81, 87, 162, 183, 164, 24,
       51, 183, 64, 27, 1, 182, 108, 24, 58, 111, 162, 32, 217, 233, 117,
       120, 224, 192, 70, 106, 205, 223, 253, 103, 176, 46, 111, 188,
       126, 234, 111, 100, 215, 115, 137, 112, 55, 78, 44, 110, 225, 208,
       125, 46, 236, 239, 101, 132, 234, 243, 193, 113, 246, 252, 172,
       182, 139, 100, 23, 238, 146, 247, 137, 25, 70, 254, 75, 91, 129,
       215, 249, 131, 124, 79, 186, 34, 251, 231, 221, 63, 160, 117, 175,
       82, 65, 235, 19, 8, 48, 141, 98, 52, 110, 8, 120, 76, 182, 130,
       128, 116, 180, 43, 78, 76, 195, 56, 128, 117, 180, 60, 34, 104,
       72, 2, 3, 45, 112, 168, 253, 112, 136, 233, 81, 87, 162, 183, 164,
       25, 55, 183, 64, 26, 1, 182, 109, 24, 26, 75, 226, 0, 217, 129,
       117, 120, 224, 192, 134, 106, 71, 180, 181, 83, 172, 45, 176, 155,
       91, 123, 19, 120, 150, 57, 220, 47, 135, 22, 125, 17, 183, 108,
       203, 243, 14, 26, 85, 246, 204, 72, 209, 7, 120, 114, 31, 98, 41,
       237, 81, 22, 161, 61, 189, 57, 31, 151, 64, 26, 166, 147, 237, 16,
       26, 15, 178, 0, 211, 209, 48, 251, 98, 129, 142, 123, 112, 168,
       156, 112, 136, 169, 81, 71, 162, 55, 164, 25, 55, 163, 66, 26, 1,
       162, 109, 16, 26, 75, 130, 49, 219, 129, 117, 121, 224, 192, 134,
       10, 252, 118, 188, 126, 172, 60, 84, 142, 211, 158, 165, 56, 114,
       249, 77, 91, 201, 214, 237, 2, 40, 103, 202, 35, 211, 251, 85, 59,
       208, 249, 206, 10, 254, 126, 204, 182, 170, 99, 31, 184, 51, 254,
       157, 189, 207, 111, 75, 27, 23, 215, 253, 179, 44, 71, 207, 178,
       250, 199, 237, 189, 166, 247, 14, 83, 229, 125, 181, 71, 189, 95,
       71, 184, 123, 234, 191, 8, 214, 117, 77, 182, 144, 84, 124, 106,
       105, 112, 249, 58, 175, 158, 69, 54, 74, 123, 70, 39, 73, 113, 57,
       101, 17, 78, 99, 56, 104, 172, 111, 8, 214, 19, 1, 48, 144, 92,
       64, 106, 65, 176, 241, 12, 229, 189, 1, 4, 64, 35, 71, 35, 224,
       186, 253, 92, 232, 237, 177, 215, 250, 55, 160, 56, 183, 190, 196,
       59, 135, 119, 110, 16, 179, 111, 242, 113, 95, 187, 117, 122, 192,
       64, 199, 251, 73, 184, 181, 85, 141, 252, 161, 151, 235, 243, 166,
       24, 186, 176, 214, 175, 1, 102, 248, 24, 177, 109, 247, 192, 15,
       123, 85, 114, 202, 108, 217, 44, 108, 100, 236, 103, 168, 62, 95,
       152, 35, 174, 175, 168, 219, 103, 203, 191, 21, 212, 253, 110,
       200, 86, 233, 8, 231, 251, 229, 181, 162, 247, 94, 97, 205, 93,
       125, 103, 178, 30, 111, 188, 125, 226, 111, 68, 223, 119, 155,
       117, 55, 198, 52, 110, 225, 240, 125, 46, 238, 239, 101, 4, 110,
       243, 195, 113, 240, 168, 222, 112, 138, 169, 81, 87, 162, 183,
       164, 57, 55, 163, 66, 27, 35, 182, 109, 16, 58, 79, 130, 33, 219,
       131, 117, 121, 224, 192, 134, 43, 189, 116, 91, 103, 80, 14, 107,
       120, 113, 234, 247, 76, 83, 19, 139, 49, 92, 140, 4, 238, 233,
       182, 121, 14, 227, 237, 33, 4, 105, 179, 98, 160, 116, 101, 237,
       101, 136, 106, 95, 168, 35, 166, 175, 136, 83, 47, 89, 59, 19,
       212, 125, 106, 72, 82, 237, 8, 247, 239, 197, 53, 165, 243, 86,
       34, 236, 44, 156, 122, 237, 169, 214, 202, 154, 151, 169, 25, 199,
       233, 73, 154, 201, 98, 234, 18, 58, 103, 202, 34, 219, 215, 85,
       121, 194, 121, 206, 130, 192, 160, 189, 117, 136, 237, 185, 71,
       250, 183, 160, 24, 183, 183, 64, 59, 39, 55, 104, 24, 50, 109,
       242, 1, 205, 235, 119, 120, 193, 192, 199, 234, 244, 140, 252,
       126, 172, 44, 85, 174, 211, 182, 164, 24, 67, 249, 79, 91, 201,
       214, 108, 10, 104, 103, 234, 35, 211, 251, 85, 63, 240, 248, 198,
       34, 201, 140, 20, 191, 236, 40, 108, 175, 252, 18, 98, 80, 245,
       99, 0, 195, 67, 102, 106, 42, 117, 76, 223, 61, 228, 227, 103, 24,
       24, 248, 137, 136, 192, 168, 253, 85, 140, 253, 177, 135, 218,
       247, 166, 24, 178, 188, 86, 43, 129, 118, 120, 17, 55, 109, 247,
       35, 79, 59, 85, 115, 192, 104, 215, 110, 80, 184, 191, 112, 168,
       236, 145, 87, 170, 255, 176, 105, 183, 191, 68, 58, 167, 183, 125,
       17, 147, 111, 178, 49, 217, 129, 127, 122, 192, 64, 135, 123, 108,
       39, 204, 39, 168, 11, 86, 168, 35, 182, 175, 169, 195, 99, 75, 18,
       19, 196, 237, 110, 76, 64, 201, 40, 238, 243, 101, 53, 98, 243,
       94, 66, 215, 32, 167, 131, 131, 126, 171, 136, 59, 242, 131, 146,
       205, 70, 223, 190, 55, 197, 120, 255, 181, 213, 189, 226, 157, 90,
       203, 70, 142, 103, 35, 116, 237, 113, 188, 103, 37, 14, 103, 184,
       121, 234, 39, 76, 210, 113, 89, 59, 144, 68, 108, 110, 225, 244,
       249, 40, 231, 251, 101, 20, 74, 179, 66, 33, 196, 160, 189, 81,
       138, 233, 129, 143, 250, 179, 130, 56, 150, 180, 196, 43, 1, 86,
       104, 24, 51, 109, 239, 82, 141, 2, 85, 124, 192, 64, 135, 36, 192,
