%YAML:1.0
---
descriptors: !!opencv-matrix
   rows: 206
   cols: 32
   dt: u
   data: [ 120, 168, 122, 112, 8, 237, 81, 87, 162, 21, 164, 25, 55, 151,
       66, 18, 9, 178, 237, 16, 26, 75, 210, 17, 219, 193, 112, 121, 225,
       128, 198, 106, 44, 225, 57, 109, 29, 77, 83, 136, 70, 52, 173, 8,
       246, 85, 9, 48, 216, 80, 64, 106, 74, 34, 123, 25, 231, 221, 1,
       61, 80, 59, 70, 162, 69, 93, 125, 103, 180, 78, 111, 184, 96, 232,
       63, 72, 211, 119, 137, 115, 54, 84, 92, 106, 201, 176, 249, 44,
       231, 249, 101, 4, 72, 243, 66, 113, 149, 149, 91, 239, 176, 47,
       79, 188, 52, 234, 127, 100, 247, 119, 137, 112, 86, 222, 29, 106,
       249, 176, 121, 62, 239, 239, 39, 196, 40, 243, 160, 49, 236, 48,
       189, 99, 173, 109, 83, 152, 123, 251, 37, 24, 223, 93, 73, 59,
       153, 20, 124, 58, 59, 116, 249, 18, 207, 219, 65, 118, 194, 251,
       70, 51, 232, 180, 188, 250, 141, 253, 81, 15, 223, 95, 164, 24,
       190, 253, 110, 123, 201, 50, 249, 16, 58, 111, 242, 179, 203, 219,
       84, 123, 210, 72, 214, 106, 69, 113, 16, 71, 117, 31, 102, 56,
       105, 232, 111, 76, 214, 80, 29, 182, 144, 68, 96, 110, 197, 176,
       217, 12, 37, 188, 1, 36, 72, 51, 91, 5, 84, 33, 153, 100, 138,
       106, 71, 136, 34, 160, 171, 8, 215, 55, 73, 58, 51, 212, 104, 122,
       24, 83, 249, 0, 249, 197, 5, 53, 160, 115, 134, 34, 93, 28, 149,
       117, 173, 46, 68, 178, 249, 178, 162, 92, 223, 49, 1, 255, 129,
       118, 108, 42, 57, 240, 219, 40, 139, 255, 85, 20, 202, 241, 67,
       32, 121, 56, 53, 112, 41, 236, 81, 7, 171, 249, 166, 8, 190, 151,
       64, 63, 129, 182, 124, 8, 11, 75, 243, 37, 219, 250, 81, 122, 194,
       0, 70, 58, 93, 253, 189, 118, 169, 127, 87, 190, 51, 254, 174, 12,
       223, 119, 75, 187, 149, 214, 252, 106, 249, 64, 249, 50, 251, 223,
       101, 52, 170, 243, 142, 115, 72, 186, 157, 183, 170, 110, 61, 183,
       170, 251, 26, 244, 247, 247, 192, 90, 167, 119, 125, 0, 145, 216,
       139, 32, 204, 167, 127, 128, 136, 224, 135, 121, 197, 112, 177,
       69, 96, 79, 103, 16, 104, 234, 51, 104, 215, 23, 201, 63, 22, 84,
       84, 110, 193, 244, 249, 8, 133, 184, 101, 180, 64, 179, 71, 113,
       197, 124, 157, 67, 172, 47, 231, 152, 122, 250, 2, 92, 214, 112,
       221, 43, 145, 68, 120, 127, 177, 244, 249, 42, 44, 26, 69, 54,
       200, 123, 211, 36, 244, 162, 253, 114, 168, 105, 81, 219, 178,
       191, 164, 56, 19, 231, 72, 27, 1, 214, 109, 24, 58, 79, 234, 32,
       219, 195, 117, 125, 224, 224, 198, 98, 80, 89, 59, 190, 26, 197,
       147, 100, 132, 68, 201, 3, 183, 223, 32, 64, 236, 185, 27, 195,
       74, 139, 50, 61, 241, 229, 10, 57, 48, 11, 37, 122, 205, 123, 191,
       103, 165, 14, 103, 180, 104, 234, 38, 76, 247, 113, 81, 51, 144,
       100, 108, 110, 225, 240, 241, 40, 229, 251, 101, 16, 200, 242, 67,
       41, 92, 180, 185, 114, 217, 237, 81, 11, 187, 31, 173, 24, 30,
       183, 72, 90, 133, 159, 237, 16, 26, 79, 250, 83, 217, 215, 16,
       127, 194, 65, 6, 98, 40, 253, 58, 124, 89, 205, 85, 231, 255, 37,
       108, 8, 182, 149, 0, 48, 136, 58, 66, 0, 74, 43, 242, 55, 251,
       213, 20, 123, 64, 8, 198, 170, 101, 125, 145, 67, 209, 110, 103,
       152, 104, 234, 42, 72, 214, 113, 73, 58, 144, 92, 96, 122, 1, 240,
       249, 42, 109, 156, 5, 52, 200, 115, 67, 50, 37, 241, 57, 99, 221,
       79, 71, 168, 106, 112, 45, 8, 214, 85, 73, 48, 145, 92, 64, 122,
       67, 48, 249, 21, 109, 156, 5, 116, 80, 59, 70, 162, 5, 213, 27,
       103, 176, 14, 111, 184, 124, 232, 91, 100, 213, 119, 152, 96, 54,
       78, 54, 110, 241, 208, 121, 111, 236, 175, 39, 196, 8, 179, 161,
       49, 69, 95, 93, 103, 48, 14, 79, 184, 116, 234, 127, 100, 215, 97,
       153, 112, 22, 100, 92, 110, 233, 176, 125, 46, 236, 239, 37, 148,
       104, 243, 66, 49, 229, 113, 61, 103, 172, 78, 71, 184, 104, 232,
       55, 76, 215, 117, 217, 51, 148, 84, 124, 110, 233, 112, 249, 8,
       231, 249, 101, 52, 72, 179, 66, 113, 85, 85, 125, 103, 176, 14,
       111, 184, 96, 234, 255, 68, 215, 119, 137, 112, 22, 212, 92, 106,
       233, 176, 121, 46, 231, 175, 37, 132, 104, 243, 192, 49, 148, 245,
       153, 231, 180, 47, 111, 188, 118, 170, 95, 112, 215, 115, 137, 64,
       119, 95, 61, 106, 43, 148, 233, 63, 236, 239, 39, 132, 164, 243,
       129, 33, 236, 112, 189, 99, 44, 111, 83, 152, 122, 251, 37, 24,
       214, 93, 73, 59, 145, 84, 124, 122, 163, 116, 249, 0, 207, 219,
       101, 52, 192, 251, 70, 114, 212, 236, 222, 191, 236, 43, 255, 252,
       190, 178, 251, 154, 245, 239, 73, 91, 127, 255, 127, 242, 98, 231,
       203, 123, 252, 171, 239, 156, 133, 123, 225, 145, 229, 112, 189,
       103, 32, 78, 87, 152, 96, 250, 183, 12, 215, 87, 73, 59, 148, 212,
       124, 122, 233, 244, 249, 32, 199, 201, 101, 52, 232, 179, 70, 51,
       197, 182, 148, 85, 168, 44, 40, 155, 122, 187, 162, 84, 212, 50,
       204, 255, 133, 71, 108, 28, 177, 77, 195, 66, 140, 186, 119, 246,
       136, 96, 131, 5, 182, 237, 254, 191, 254, 171, 254, 236, 191, 178,
       250, 27, 238, 234, 57, 83, 255, 231, 127, 227, 252, 243, 207, 255,
       188, 182, 207, 180, 165, 123, 225, 128, 150, 237, 206, 191, 236,
       171, 254, 236, 191, 178, 250, 27, 255, 235, 121, 83, 127, 239,
       127, 195, 120, 247, 203, 251, 252, 183, 239, 188, 165, 123, 225,
       2, 248, 168, 254, 120, 9, 253, 81, 71, 179, 31, 164, 25, 59, 159,
       66, 27, 169, 179, 237, 16, 58, 111, 162, 49, 219, 203, 112, 121,
       226, 64, 198, 106, 232, 180, 189, 251, 173, 237, 81, 15, 219, 123,
       165, 24, 222, 253, 72, 59, 129, 19, 253, 16, 59, 108, 251, 147,
       203, 219, 80, 127, 208, 72, 198, 34, 252, 124, 252, 118, 137, 45,
       85, 222, 211, 191, 180, 25, 99, 225, 67, 31, 9, 214, 237, 24, 58,
       111, 218, 34, 219, 219, 85, 61, 227, 249, 206, 42, 52, 205, 27,
       111, 144, 70, 71, 252, 116, 130, 234, 64, 115, 115, 33, 112, 89,
       254, 44, 106, 121, 179, 73, 46, 233, 166, 37, 0, 224, 251, 228,
       42, 85, 77, 93, 103, 22, 74, 71, 184, 100, 160, 171, 72, 215, 115,
       9, 115, 50, 212, 108, 106, 105, 176, 121, 44, 229, 175, 37, 20,
       97, 243, 66, 32, 232, 252, 190, 252, 141, 237, 84, 199, 239, 91,
       164, 24, 190, 191, 96, 91, 201, 179, 249, 17, 59, 111, 210, 177,
       219, 251, 86, 59, 208, 88, 246, 10, 252, 253, 252, 119, 173, 47,
       94, 188, 187, 186, 183, 56, 255, 127, 73, 27, 159, 215, 253, 122,
       248, 103, 219, 186, 251, 255, 101, 188, 194, 251, 194, 3, 126,
       103, 244, 231, 252, 11, 238, 248, 127, 170, 191, 10, 203, 105,
       221, 80, 219, 205, 127, 234, 200, 243, 201, 222, 190, 255, 239,
       180, 71, 251, 83, 129, 120, 168, 252, 122, 136, 237, 81, 223, 162,
       55, 164, 25, 55, 247, 72, 27, 1, 242, 109, 16, 26, 79, 202, 49,
       219, 195, 117, 121, 224, 192, 198, 42, 193, 190, 159, 179, 184,
       172, 105, 151, 190, 251, 90, 112, 247, 179, 192, 107, 199, 87,
       127, 24, 179, 220, 235, 35, 205, 175, 127, 192, 128, 192, 129, 41,
       88, 89, 51, 174, 25, 197, 83, 120, 133, 64, 201, 11, 254, 215, 41,
       64, 80, 185, 27, 227, 75, 3, 90, 189, 241, 228, 138, 56, 50, 11,
       37, 58, 225, 56, 49, 88, 41, 221, 80, 6, 235, 121, 160, 24, 190,
       215, 68, 191, 128, 178, 124, 24, 27, 107, 242, 113, 147, 216, 80,
       122, 194, 1, 194, 46, 73, 185, 157, 39, 178, 78, 113, 191, 166,
       253, 46, 4, 255, 119, 66, 114, 38, 119, 125, 88, 145, 216, 187,
       45, 237, 231, 101, 64, 170, 162, 135, 123, 100, 161, 88, 97, 168,
       77, 81, 159, 34, 61, 172, 25, 147, 19, 74, 18, 9, 146, 69, 24, 90,
       106, 219, 17, 207, 141, 53, 125, 224, 128, 198, 34, 217, 120, 31,
       117, 5, 14, 119, 48, 248, 242, 166, 28, 255, 17, 1, 59, 160, 100,
       124, 106, 225, 229, 177, 42, 193, 235, 65, 16, 72, 49, 67, 34, 5,
       71, 77, 39, 176, 46, 111, 184, 116, 170, 123, 228, 211, 97, 153,
       96, 22, 76, 36, 110, 225, 208, 109, 46, 228, 175, 101, 132, 108,
       243, 65, 49, 133, 213, 57, 103, 176, 14, 111, 184, 116, 232, 127,
