%YAML:1.0
---
descriptors: !!opencv-matrix
   rows: 243
   cols: 32
   dt: u
   data: [ 252, 120, 189, 97, 40, 111, 83, 152, 115, 250, 165, 24, 215,
       87, 65, 59, 129, 212, 124, 122, 41, 101, 251, 0, 215, 219, 101,
       52, 192, 241, 70, 50, 248, 180, 253, 114, 168, 253, 85, 159, 243,
       255, 164, 24, 51, 247, 74, 59, 5, 214, 108, 24, 59, 111, 250, 51,
       219, 203, 117, 125, 226, 192, 198, 123, 120, 185, 188, 252, 141,
       205, 85, 175, 219, 51, 172, 24, 190, 189, 64, 59, 201, 242, 249,
       16, 26, 107, 242, 177, 235, 223, 84, 59, 210, 88, 214, 42, 221,
       38, 156, 178, 168, 60, 88, 153, 251, 187, 163, 93, 207, 226, 75,
       219, 135, 199, 236, 62, 190, 71, 203, 2, 218, 251, 117, 253, 128,
       225, 139, 1, 224, 180, 157, 218, 204, 237, 69, 143, 223, 51, 169,
       24, 182, 243, 72, 123, 129, 210, 104, 16, 59, 111, 251, 115, 157,
       150, 85, 124, 216, 72, 198, 42, 20, 237, 155, 127, 132, 199, 103,
       252, 116, 130, 110, 0, 243, 243, 33, 33, 89, 126, 34, 106, 120,
       240, 25, 46, 235, 207, 231, 4, 64, 243, 224, 162, 85, 69, 125,
       103, 150, 78, 71, 184, 100, 160, 171, 64, 83, 113, 9, 112, 50,
       212, 124, 106, 104, 176, 125, 46, 239, 239, 37, 20, 96, 243, 64,
       34, 212, 204, 92, 118, 168, 106, 93, 174, 160, 178, 166, 24, 247,
       119, 1, 91, 131, 215, 109, 106, 104, 69, 203, 46, 241, 235, 117,
       20, 96, 241, 142, 34, 117, 245, 149, 94, 149, 79, 70, 172, 82,
       226, 41, 8, 114, 112, 24, 181, 145, 100, 48, 106, 109, 224, 57,
       63, 41, 174, 69, 54, 72, 123, 210, 38, 109, 116, 188, 103, 44, 46,
       71, 152, 122, 170, 183, 40, 215, 81, 201, 58, 145, 84, 124, 122,
       41, 244, 233, 10, 197, 223, 101, 52, 192, 243, 67, 33, 96, 213,
       149, 251, 157, 77, 84, 175, 127, 59, 41, 24, 214, 51, 72, 118,
       145, 151, 104, 16, 123, 104, 219, 19, 173, 222, 21, 126, 16, 72,
       196, 42, 248, 168, 252, 112, 138, 233, 81, 23, 162, 183, 164, 24,
       55, 167, 64, 27, 1, 182, 109, 24, 58, 111, 226, 0, 219, 195, 117,
       121, 224, 192, 134, 106, 76, 101, 121, 103, 114, 10, 63, 56, 57,
       164, 111, 169, 223, 39, 139, 16, 22, 93, 213, 110, 64, 144, 233,
       78, 231, 223, 37, 132, 98, 179, 7, 241, 33, 120, 83, 69, 80, 94,
       103, 112, 96, 192, 110, 72, 114, 23, 133, 52, 48, 124, 64, 106,
       65, 180, 177, 78, 37, 172, 32, 0, 75, 179, 66, 188, 237, 67, 68,
       71, 228, 26, 110, 184, 121, 170, 115, 104, 195, 96, 157, 183, 18,
       68, 100, 110, 228, 244, 205, 104, 38, 186, 101, 4, 70, 179, 74, 4,
       69, 116, 153, 103, 195, 110, 119, 136, 121, 226, 43, 24, 222, 113,
       73, 58, 177, 84, 104, 58, 97, 244, 185, 74, 229, 158, 69, 38, 200,
       115, 67, 34, 77, 80, 157, 103, 195, 94, 55, 184, 123, 242, 39, 0,
       223, 119, 9, 123, 147, 85, 120, 98, 65, 208, 251, 96, 207, 251,
       71, 4, 202, 243, 131, 51, 69, 117, 152, 103, 177, 46, 119, 152,
       123, 168, 47, 76, 214, 115, 73, 16, 149, 76, 108, 122, 1, 240,
       217, 42, 239, 255, 5, 6, 200, 115, 67, 35, 104, 32, 49, 97, 105,
       221, 81, 1, 235, 57, 164, 8, 154, 21, 68, 182, 128, 20, 200, 16,
       3, 98, 243, 21, 7, 217, 1, 127, 66, 0, 70, 162, 252, 42, 255, 118,
       138, 232, 81, 82, 162, 151, 165, 56, 55, 231, 64, 27, 39, 178,
       109, 152, 26, 79, 162, 0, 219, 195, 112, 120, 226, 192, 38, 99,
       240, 174, 220, 114, 168, 172, 81, 223, 178, 63, 165, 157, 55, 227,
       74, 27, 39, 214, 109, 28, 58, 79, 202, 51, 219, 195, 117, 125,
       224, 192, 134, 11, 109, 103, 192, 7, 244, 59, 102, 168, 113, 160,
       123, 136, 195, 96, 159, 148, 25, 204, 100, 110, 236, 240, 205, 46,
       46, 190, 37, 20, 198, 251, 90, 132, 77, 113, 145, 70, 105, 92,
       118, 8, 233, 216, 37, 8, 222, 149, 77, 62, 128, 92, 112, 98, 65,
       98, 250, 64, 71, 217, 65, 46, 66, 51, 67, 163, 108, 115, 57, 103,
       112, 15, 71, 184, 105, 172, 45, 8, 211, 83, 9, 16, 144, 92, 68,
       106, 192, 176, 249, 44, 231, 157, 37, 52, 66, 179, 70, 161, 116,
       101, 213, 102, 139, 98, 23, 168, 34, 182, 171, 136, 83, 119, 73,
       91, 17, 212, 233, 226, 72, 67, 251, 10, 249, 230, 69, 61, 162,
       115, 6, 98, 248, 172, 246, 118, 171, 236, 85, 247, 179, 159, 164,
       57, 47, 247, 64, 159, 39, 246, 237, 24, 58, 79, 170, 51, 219, 243,
       85, 121, 162, 208, 134, 107, 37, 53, 145, 67, 245, 127, 98, 184,
       107, 232, 42, 72, 210, 80, 205, 180, 145, 92, 64, 122, 1, 240,
       249, 44, 45, 156, 5, 116, 202, 179, 66, 180, 248, 184, 190, 112,
       40, 237, 81, 23, 187, 127, 164, 61, 63, 183, 66, 27, 167, 179,
       237, 16, 58, 77, 178, 19, 219, 195, 112, 121, 226, 128, 6, 123,
       252, 44, 252, 116, 137, 109, 85, 223, 179, 191, 164, 24, 19, 247,
       65, 27, 1, 214, 237, 24, 58, 111, 242, 2, 219, 203, 117, 61, 226,
       240, 198, 98, 101, 180, 157, 90, 232, 173, 69, 143, 250, 59, 169,
       88, 150, 243, 72, 59, 129, 82, 104, 16, 51, 111, 219, 115, 157,
       150, 85, 126, 216, 72, 195, 34, 164, 237, 159, 127, 156, 197, 103,
       253, 214, 130, 108, 0, 243, 243, 33, 97, 89, 122, 34, 74, 107,
       250, 90, 63, 237, 239, 103, 8, 88, 250, 226, 170, 252, 14, 157,
       246, 168, 44, 92, 186, 160, 186, 166, 56, 223, 115, 1, 91, 135,
       247, 109, 10, 104, 71, 203, 34, 211, 235, 117, 29, 224, 241, 2,
       35, 208, 140, 92, 246, 154, 106, 69, 175, 180, 178, 166, 16, 247,
       115, 0, 91, 33, 246, 109, 170, 120, 205, 73, 47, 249, 227, 245,
       21, 160, 112, 140, 10, 192, 172, 157, 255, 136, 237, 17, 135, 182,
       23, 96, 24, 183, 243, 64, 91, 129, 123, 104, 24, 50, 76, 218, 51,
       205, 163, 116, 120, 144, 64, 133, 170, 101, 97, 120, 103, 52, 27,
       118, 168, 105, 160, 107, 9, 215, 73, 29, 176, 146, 76, 93, 111,
       196, 176, 201, 12, 102, 253, 5, 5, 68, 187, 90, 0, 92, 101, 112,
       103, 83, 90, 126, 40, 49, 160, 239, 136, 219, 115, 137, 148, 50,
       221, 213, 234, 72, 208, 201, 78, 231, 205, 37, 133, 99, 179, 78,
       162, 84, 189, 254, 114, 154, 232, 17, 195, 178, 149, 172, 56, 55,
       247, 64, 26, 167, 243, 237, 16, 58, 75, 170, 51, 219, 199, 53,
       121, 224, 65, 38, 106, 112, 169, 255, 114, 168, 205, 81, 87, 226,
       29, 172, 8, 55, 211, 64, 50, 0, 178, 108, 24, 26, 107, 250, 49,
       219, 137, 116, 121, 224, 130, 198, 42, 208, 184, 159, 116, 40,
       232, 81, 19, 162, 183, 162, 24, 215, 215, 64, 91, 1, 247, 108, 16,
       26, 77, 243, 1, 217, 226, 113, 88, 160, 192, 134, 51, 244, 236,
       189, 114, 168, 108, 71, 143, 186, 183, 169, 24, 215, 247, 73, 59,
       129, 214, 108, 26, 58, 103, 250, 34, 249, 138, 117, 124, 192, 241,
       198, 32, 69, 116, 159, 103, 161, 110, 119, 184, 121, 234, 99, 24,
       222, 113, 73, 58, 145, 84, 108, 106, 97, 244, 249, 74, 229, 190,
       69, 6, 200, 115, 67, 35, 77, 117, 177, 101, 197, 78, 119, 184,
       121, 224, 106, 72, 222, 117, 9, 48, 144, 84, 112, 106, 65, 240,
       249, 14, 231, 223, 69, 6, 74, 114, 67, 50, 205, 240, 145, 103,
       113, 94, 119, 136, 123, 226, 103, 8, 222, 115, 77, 52, 147, 93,
       112, 122, 1, 244, 249, 98, 111, 253, 5, 38, 202, 51, 3, 163, 69,
       117, 153, 103, 240, 14, 103, 152, 106, 168, 107, 76, 214, 115, 73,
       16, 144, 76, 100, 110, 65, 176, 217, 42, 237, 188, 37, 6, 200,
       115, 67, 35, 240, 188, 158, 50, 170, 169, 80, 223, 179, 187, 160,
       125, 183, 243, 74, 27, 135, 163, 109, 16, 62, 79, 202, 51, 218,
       195, 117, 123, 232, 192, 138, 27, 248, 254, 220, 120, 168, 169,
       85, 223, 151, 63, 164, 57, 51, 225, 66, 27, 201, 242, 237, 16,
       106, 111, 194, 51, 219, 195, 117, 57, 242, 216, 206, 11, 77, 113,
       17, 103, 97, 92, 118, 152, 105, 232, 45, 8, 222, 82, 77, 182, 144,
       92, 80, 106, 65, 48, 248, 72, 39, 249, 5, 46, 74, 51, 67, 166, 36,
       99, 49, 71, 116, 15, 103, 184, 105, 172, 127, 72, 211, 65, 141,
       52, 144, 92, 68, 106, 192, 176, 233, 46, 101, 156, 37, 52, 66,
       187, 70, 161, 240, 172, 255, 82, 169, 249, 81, 231, 243, 151, 164,
       24, 42, 247, 196, 63, 171, 178, 236, 24, 58, 111, 170, 115, 155,
