%YAML:1.0
---
descriptors: !!opencv-matrix
   rows: 163
   cols: 32
   dt: u
   data: [ 60, 241, 57, 106, 153, 205, 87, 253, 226, 204, 173, 8, 51,
       221, 75, 48, 152, 184, 196, 114, 94, 35, 250, 61, 251, 201, 37,
       121, 112, 19, 198, 226, 101, 101, 140, 7, 149, 111, 102, 168, 116,
       166, 107, 8, 195, 96, 25, 16, 17, 76, 104, 110, 40, 240, 221, 46,
       173, 191, 69, 5, 192, 251, 82, 0, 228, 176, 149, 115, 169, 205,
       81, 143, 235, 121, 166, 24, 150, 151, 72, 62, 129, 30, 120, 24,
       27, 124, 251, 113, 207, 152, 85, 126, 194, 0, 198, 50, 112, 160,
       24, 104, 9, 205, 80, 72, 162, 181, 160, 9, 147, 147, 73, 18, 200,
       156, 72, 16, 10, 99, 210, 17, 219, 193, 1, 125, 112, 8, 70, 2,
       240, 168, 189, 122, 136, 237, 81, 223, 178, 55, 164, 24, 55, 247,
       64, 27, 129, 146, 109, 24, 58, 79, 250, 49, 219, 195, 117, 125,
       240, 192, 134, 106, 109, 101, 121, 103, 52, 31, 118, 168, 105,
       160, 123, 9, 219, 89, 29, 176, 146, 68, 93, 111, 196, 176, 137,
       14, 102, 253, 5, 4, 70, 183, 74, 0, 224, 180, 156, 218, 200, 237,
       65, 143, 218, 59, 160, 24, 182, 243, 72, 123, 129, 26, 106, 24,
       51, 111, 218, 115, 221, 146, 85, 124, 216, 72, 199, 42, 252, 79,
       189, 116, 168, 44, 85, 190, 176, 186, 166, 56, 87, 119, 129, 91,
       135, 213, 109, 106, 104, 71, 203, 42, 211, 235, 101, 20, 96, 241,
       70, 35, 52, 197, 25, 99, 21, 79, 71, 168, 118, 160, 171, 8, 83,
       113, 9, 112, 49, 212, 72, 106, 104, 177, 121, 62, 249, 142, 5, 20,
       113, 123, 68, 32, 192, 140, 157, 255, 136, 237, 21, 135, 158, 19,
       96, 24, 182, 243, 64, 91, 129, 122, 106, 24, 50, 78, 218, 51, 205,
       163, 116, 120, 144, 72, 135, 170, 233, 124, 53, 117, 45, 79, 69,
       56, 207, 242, 38, 24, 246, 49, 65, 63, 129, 100, 120, 106, 105,
       101, 249, 28, 197, 218, 85, 54, 74, 57, 82, 42, 205, 124, 189,
       117, 169, 126, 93, 158, 49, 254, 166, 28, 223, 63, 211, 59, 133,
       214, 253, 28, 185, 92, 249, 162, 239, 251, 117, 180, 138, 245,
       198, 121, 120, 56, 121, 112, 11, 205, 81, 79, 131, 189, 164, 8,
       63, 157, 64, 19, 130, 177, 93, 0, 10, 107, 242, 17, 211, 217, 17,
       123, 115, 8, 70, 122, 108, 236, 177, 67, 233, 111, 71, 140, 123,
       179, 44, 8, 214, 117, 73, 62, 145, 84, 104, 122, 3, 112, 249, 34,
       109, 158, 69, 118, 194, 115, 70, 34, 120, 176, 253, 114, 169, 109,
       85, 223, 243, 255, 164, 8, 27, 247, 72, 59, 1, 214, 237, 24, 58,
       107, 250, 32, 219, 203, 117, 125, 226, 192, 198, 123, 93, 77, 95,
       103, 148, 78, 103, 184, 100, 128, 235, 64, 83, 113, 9, 112, 48,
       196, 76, 234, 105, 177, 121, 46, 241, 239, 37, 16, 97, 179, 64,
       32, 220, 78, 157, 118, 168, 44, 92, 186, 179, 186, 179, 120, 95,
       243, 65, 219, 135, 247, 237, 10, 104, 71, 203, 32, 211, 235, 117,
       60, 226, 241, 2, 35, 69, 245, 157, 103, 169, 110, 23, 184, 122,
       250, 43, 76, 214, 112, 73, 51, 145, 68, 104, 106, 97, 240, 217,
       46, 237, 191, 101, 22, 72, 115, 67, 51, 224, 180, 149, 107, 185,
       45, 84, 191, 127, 59, 41, 88, 214, 57, 76, 179, 145, 26, 104, 48,
       59, 108, 219, 23, 175, 218, 21, 126, 216, 72, 194, 14, 100, 109,
       27, 222, 221, 197, 167, 228, 250, 130, 232, 8, 246, 241, 33, 48,
       201, 122, 106, 74, 65, 99, 218, 62, 113, 182, 7, 8, 64, 123, 231,
       162, 21, 101, 27, 103, 149, 79, 103, 232, 118, 160, 235, 0, 83,
       241, 41, 112, 112, 220, 42, 106, 105, 176, 57, 62, 225, 174, 5, 4,
       96, 59, 112, 34, 192, 160, 189, 114, 9, 109, 81, 11, 242, 179,
       162, 24, 150, 247, 72, 59, 129, 22, 104, 16, 59, 111, 242, 0, 201,
       131, 81, 125, 192, 64, 198, 34, 116, 101, 120, 103, 20, 11, 102,
       168, 121, 160, 107, 8, 195, 73, 29, 144, 50, 204, 73, 107, 100,
       176, 205, 46, 103, 237, 5, 5, 101, 179, 90, 2, 76, 37, 112, 103,
       241, 27, 126, 184, 53, 160, 127, 136, 219, 99, 9, 16, 50, 220,
       213, 234, 8, 208, 201, 206, 231, 207, 37, 133, 99, 247, 67, 160,
       120, 172, 188, 120, 137, 233, 81, 207, 178, 23, 164, 24, 39, 247,
       64, 27, 137, 178, 237, 16, 58, 107, 250, 49, 219, 227, 117, 123,
       242, 64, 198, 42, 101, 168, 145, 81, 233, 205, 65, 143, 251, 121,
       160, 24, 150, 147, 76, 56, 129, 30, 122, 24, 19, 126, 250, 115,
       13, 156, 21, 126, 192, 0, 194, 34, 120, 56, 119, 240, 43, 201, 81,
       71, 163, 61, 164, 57, 63, 159, 64, 59, 170, 179, 221, 16, 11, 107,
       178, 145, 211, 217, 16, 123, 99, 0, 70, 123, 225, 100, 189, 119,
       172, 124, 125, 183, 121, 255, 39, 24, 243, 63, 82, 123, 133, 214,
       125, 28, 253, 92, 249, 34, 239, 251, 117, 48, 192, 240, 198, 122,
       204, 244, 157, 126, 169, 252, 85, 159, 187, 95, 165, 28, 254, 247,
       74, 59, 149, 83, 252, 10, 99, 69, 186, 35, 203, 243, 117, 58, 138,
       80, 135, 123, 225, 168, 169, 82, 205, 237, 233, 199, 250, 123,
       100, 24, 176, 209, 84, 59, 137, 106, 114, 28, 19, 124, 250, 113,
       79, 24, 212, 104, 216, 64, 210, 250, 100, 188, 157, 82, 232, 173,
       1, 207, 170, 59, 168, 76, 150, 243, 72, 58, 129, 83, 106, 16, 19,
       107, 218, 113, 157, 150, 85, 126, 216, 73, 131, 43, 220, 46, 149,
       246, 169, 44, 92, 146, 163, 187, 163, 120, 255, 243, 73, 219, 167,
       247, 237, 2, 40, 71, 202, 32, 210, 251, 117, 184, 162, 241, 2, 3,
       220, 78, 149, 182, 168, 40, 76, 166, 169, 178, 162, 88, 239, 163,
       65, 219, 163, 231, 108, 14, 104, 71, 203, 32, 146, 243, 85, 25,
       34, 241, 3, 8, 236, 180, 148, 99, 169, 63, 112, 153, 123, 187, 35,
       88, 222, 123, 72, 187, 149, 20, 236, 50, 50, 116, 217, 18, 207,
       219, 69, 118, 202, 75, 203, 3, 52, 69, 23, 103, 21, 79, 71, 232,
       116, 160, 235, 0, 82, 113, 41, 112, 208, 204, 72, 106, 105, 177,
       57, 62, 225, 174, 5, 21, 96, 59, 240, 34, 75, 221, 23, 158, 25,
       213, 23, 172, 159, 64, 201, 69, 238, 246, 35, 244, 196, 114, 234,
       70, 71, 11, 123, 127, 177, 54, 30, 26, 26, 31, 33, 125, 47, 253,
       145, 186, 219, 237, 150, 232, 154, 251, 169, 93, 206, 252, 104,
       152, 141, 123, 194, 87, 119, 67, 90, 182, 185, 86, 13, 126, 216,
       127, 139, 214, 124, 221, 212, 110, 11, 89, 22, 168, 51, 54, 164,
       173, 107, 99, 11, 215, 19, 212, 236, 98, 106, 67, 219, 59, 242,
       231, 69, 63, 123, 247, 14, 18, 85, 115, 136, 39, 19, 31, 54, 232,
       100, 232, 139, 111, 195, 112, 75, 178, 184, 204, 204, 115, 205,
       241, 221, 10, 191, 199, 37, 55, 104, 63, 27, 86, 60, 102, 114,
       103, 113, 26, 102, 248, 113, 172, 255, 40, 75, 35, 141, 148, 56,
       220, 228, 234, 8, 242, 201, 142, 119, 255, 133, 5, 99, 183, 110,
       130, 120, 168, 148, 122, 137, 233, 80, 207, 179, 55, 160, 25, 39,
       243, 64, 26, 129, 179, 237, 16, 58, 75, 218, 49, 219, 215, 85,
       123, 242, 64, 134, 10, 240, 174, 222, 48, 186, 169, 80, 207, 178,
       23, 164, 185, 55, 195, 66, 27, 39, 251, 205, 16, 62, 79, 138, 51,
       218, 131, 53, 121, 160, 192, 142, 11, 236, 244, 149, 115, 137,
       109, 87, 172, 122, 51, 37, 24, 214, 119, 72, 59, 129, 86, 104, 82,
       51, 108, 251, 51, 239, 219, 85, 127, 194, 83, 198, 34, 229, 168,
       145, 80, 224, 201, 97, 135, 122, 185, 32, 56, 150, 144, 196, 56,
       163, 30, 108, 24, 19, 126, 162, 80, 29, 152, 53, 126, 192, 0, 195,
       171, 108, 97, 248, 103, 232, 104, 71, 152, 35, 174, 189, 40, 211,
       55, 201, 30, 27, 220, 68, 122, 8, 82, 233, 0, 77, 220, 101, 60,
       194, 243, 70, 227, 225, 160, 185, 80, 237, 237, 225, 207, 234,
       115, 160, 24, 178, 152, 92, 59, 201, 2, 122, 28, 19, 111, 242,
       113, 29, 24, 84, 126, 200, 72, 210, 238, 237, 126, 253, 101, 168,
       47, 119, 152, 123, 254, 39, 60, 223, 55, 195, 59, 151, 84, 108,
       126, 225, 116, 249, 2, 239, 219, 101, 52, 202, 241, 71, 113, 33,
       220, 157, 125, 184, 207, 69, 191, 86, 91, 106, 64, 243, 113, 128,
       112, 81, 46, 40, 8, 107, 252, 83, 31, 237, 175, 53, 84, 248, 152,
       192, 40, 69, 180, 157, 51, 168, 172, 33, 159, 242, 187, 42, 92,
