%YAML:1.0
---
descriptors: !!opencv-matrix
   rows: 382
   cols: 32
   dt: u
   data: [ 5, 223, 31, 135, 240, 14, 47, 180, 124, 232, 90, 228, 245, 98,
       145, 96, 54, 110, 62, 110, 225, 208, 13, 110, 228, 174, 111, 128,
       12, 243, 1, 185, 85, 149, 123, 231, 180, 14, 79, 189, 116, 232,
       255, 100, 247, 119, 136, 112, 118, 214, 93, 110, 249, 144, 105,
       47, 233, 237, 37, 212, 32, 243, 192, 113, 93, 85, 61, 103, 172,
       78, 71, 184, 104, 234, 63, 76, 215, 117, 153, 51, 148, 84, 124,
       106, 193, 112, 249, 12, 231, 233, 101, 20, 104, 179, 67, 113, 236,
       112, 189, 99, 32, 111, 115, 152, 107, 190, 167, 24, 223, 87, 73,
       59, 149, 212, 124, 122, 41, 116, 249, 0, 199, 219, 101, 52, 194,
       243, 70, 115, 236, 112, 189, 99, 45, 109, 83, 152, 123, 255, 37,
       24, 222, 93, 75, 59, 145, 80, 248, 58, 35, 100, 251, 16, 207, 219,
       69, 125, 194, 107, 70, 114, 120, 173, 219, 112, 152, 201, 85, 247,
       178, 23, 172, 56, 55, 183, 66, 18, 1, 186, 125, 16, 122, 75, 226,
       55, 251, 207, 52, 121, 224, 128, 198, 106, 232, 188, 182, 184,
       157, 237, 212, 231, 223, 151, 160, 24, 174, 191, 52, 27, 201, 251,
       235, 17, 58, 111, 210, 251, 187, 255, 214, 123, 210, 72, 246, 138,
       197, 180, 157, 215, 168, 108, 36, 155, 186, 187, 43, 80, 212, 119,
       201, 123, 5, 86, 120, 24, 49, 68, 219, 98, 141, 162, 119, 84, 136,
       113, 131, 49, 205, 84, 157, 119, 132, 110, 103, 186, 60, 250, 39,
       88, 214, 117, 9, 123, 181, 86, 124, 46, 225, 244, 57, 42, 229,
       171, 117, 20, 64, 241, 195, 33, 108, 116, 149, 103, 169, 111, 71,
       152, 58, 186, 47, 24, 214, 115, 73, 127, 145, 84, 120, 42, 121,
       68, 251, 34, 197, 251, 69, 52, 202, 123, 198, 99, 124, 228, 157,
       122, 137, 105, 87, 136, 179, 83, 173, 25, 82, 247, 74, 26, 153,
       210, 121, 90, 122, 103, 218, 51, 235, 159, 69, 125, 192, 115, 206,
       66, 198, 140, 230, 151, 236, 43, 254, 234, 63, 242, 251, 159, 236,
       238, 127, 83, 255, 239, 127, 103, 176, 247, 207, 254, 190, 62,
       207, 164, 215, 255, 241, 213, 252, 101, 253, 102, 143, 75, 87,
       168, 66, 182, 165, 8, 83, 113, 73, 59, 25, 212, 104, 98, 104, 103,
       233, 8, 243, 195, 69, 61, 97, 123, 70, 34, 69, 253, 157, 119, 153,
       76, 55, 184, 122, 251, 43, 8, 246, 113, 73, 51, 145, 86, 104, 90,
       35, 96, 251, 63, 109, 190, 69, 102, 200, 115, 195, 51, 240, 180,
       255, 112, 168, 237, 81, 87, 162, 63, 164, 24, 51, 183, 64, 27, 43,
       178, 109, 8, 58, 111, 178, 33, 211, 203, 112, 121, 225, 192, 198,
       123, 224, 172, 156, 250, 140, 237, 65, 143, 222, 59, 161, 24, 182,
       243, 72, 91, 129, 18, 106, 8, 51, 111, 218, 51, 221, 146, 81, 121,
       216, 72, 199, 42, 244, 12, 253, 116, 168, 78, 85, 50, 224, 186,
       166, 56, 87, 55, 129, 123, 135, 212, 108, 42, 104, 103, 193, 12,
       241, 171, 117, 16, 96, 240, 70, 33, 148, 172, 155, 115, 144, 239,
       102, 214, 118, 163, 226, 16, 115, 115, 33, 120, 241, 254, 8, 152,
       42, 253, 57, 47, 219, 239, 181, 0, 225, 241, 228, 34, 85, 133, 93,
       102, 154, 46, 71, 184, 236, 32, 171, 8, 215, 115, 8, 115, 50, 215,
       108, 106, 121, 169, 121, 45, 249, 235, 101, 84, 96, 227, 192, 32,
       249, 186, 252, 50, 170, 189, 89, 223, 163, 127, 180, 185, 63, 247,
       194, 59, 135, 183, 253, 20, 190, 79, 234, 49, 219, 203, 117, 249,
       162, 196, 142, 81, 224, 133, 149, 249, 157, 237, 85, 143, 95, 51,
       160, 24, 182, 55, 76, 114, 129, 147, 104, 16, 59, 108, 251, 51,
       175, 190, 20, 126, 208, 88, 198, 42, 236, 98, 192, 99, 45, 27, 86,
       152, 3, 190, 177, 169, 195, 73, 73, 154, 24, 196, 196, 114, 76,
       118, 201, 128, 230, 209, 101, 53, 227, 255, 94, 2, 20, 197, 93,
       103, 148, 79, 71, 184, 118, 160, 175, 8, 83, 113, 9, 112, 49, 212,
       72, 122, 104, 176, 121, 30, 235, 143, 5, 20, 113, 187, 64, 34,
       120, 174, 254, 114, 138, 233, 85, 199, 178, 55, 164, 184, 39, 231,
       72, 27, 33, 243, 237, 16, 58, 79, 170, 51, 219, 195, 117, 121,
       224, 209, 134, 106, 248, 170, 252, 114, 139, 169, 85, 207, 162,
       55, 164, 57, 47, 227, 74, 27, 131, 179, 237, 16, 58, 107, 202, 49,
       219, 195, 117, 125, 240, 64, 135, 42, 56, 32, 88, 104, 77, 237,
       81, 91, 195, 37, 180, 24, 19, 145, 98, 24, 136, 184, 199, 16, 26,
       43, 210, 16, 83, 217, 16, 121, 115, 136, 78, 170, 116, 197, 146,
       142, 217, 75, 134, 232, 30, 164, 233, 9, 70, 226, 41, 80, 217,
       204, 202, 98, 104, 163, 72, 110, 185, 38, 15, 63, 80, 123, 47,
       130, 125, 54, 241, 69, 181, 127, 71, 184, 113, 234, 59, 104, 91,
       53, 137, 180, 23, 212, 100, 42, 185, 240, 253, 14, 41, 254, 37,
       20, 227, 251, 70, 37, 252, 212, 156, 126, 139, 120, 86, 168, 146,
       134, 165, 25, 110, 243, 43, 219, 209, 246, 233, 98, 104, 103, 218,
       59, 243, 227, 69, 27, 114, 123, 78, 2, 129, 142, 159, 123, 180,
       170, 105, 159, 118, 19, 98, 244, 247, 227, 184, 104, 19, 42, 38,
       28, 51, 220, 79, 51, 204, 174, 55, 64, 184, 192, 225, 168, 109,
       101, 121, 103, 116, 30, 118, 184, 121, 232, 127, 73, 223, 125,
       157, 176, 150, 68, 125, 110, 228, 240, 173, 14, 231, 255, 37, 6,
       66, 183, 66, 103, 54, 197, 18, 174, 221, 71, 70, 232, 157, 132,
       233, 11, 70, 240, 45, 212, 216, 205, 202, 99, 76, 35, 154, 190,
       185, 180, 133, 63, 81, 123, 110, 134, 129, 174, 159, 187, 236,
       169, 169, 207, 254, 51, 48, 80, 181, 226, 224, 75, 99, 34, 106,
       28, 51, 109, 143, 115, 204, 2, 118, 104, 152, 200, 161, 168, 38,
       29, 22, 190, 221, 197, 22, 224, 159, 134, 233, 9, 102, 248, 37,
       149, 200, 235, 226, 67, 108, 99, 90, 191, 185, 246, 5, 59, 80,
       123, 110, 134, 129, 174, 203, 19, 200, 169, 97, 135, 230, 19, 66,
       212, 177, 224, 216, 91, 107, 42, 106, 156, 51, 124, 207, 51, 76,
       2, 246, 72, 188, 192, 209, 168, 77, 125, 152, 103, 33, 14, 118,
       184, 105, 232, 110, 8, 222, 115, 9, 50, 178, 84, 124, 106, 65,
       240, 217, 46, 231, 255, 5, 38, 72, 115, 75, 19, 101, 117, 181, 71,
       201, 46, 102, 152, 121, 242, 43, 76, 210, 112, 77, 63, 145, 68,
       96, 106, 229, 112, 217, 42, 39, 190, 69, 54, 202, 115, 194, 38,
       212, 190, 188, 118, 168, 45, 85, 159, 178, 191, 164, 25, 247, 243,
       74, 27, 161, 214, 109, 24, 58, 79, 186, 35, 219, 195, 117, 125,
       224, 240, 134, 107, 205, 116, 151, 103, 129, 110, 118, 128, 121,
       234, 43, 8, 222, 117, 73, 58, 144, 84, 104, 98, 33, 244, 185, 42,
       229, 250, 69, 2, 202, 115, 71, 35, 252, 60, 157, 118, 138, 108,
       85, 159, 179, 183, 174, 24, 23, 183, 73, 58, 1, 214, 108, 16, 56,
       103, 218, 34, 217, 231, 117, 61, 224, 241, 134, 98, 198, 236, 148,
       178, 137, 204, 150, 166, 155, 19, 160, 25, 166, 242, 72, 143, 129,
       99, 232, 82, 102, 111, 218, 51, 169, 18, 87, 123, 192, 93, 137,
       14, 85, 93, 125, 103, 48, 78, 111, 188, 96, 232, 254, 68, 243,
       119, 137, 112, 22, 244, 124, 106, 233, 144, 121, 46, 231, 239, 37,
       128, 104, 243, 66, 57, 69, 117, 17, 71, 85, 78, 102, 184, 121,
       232, 107, 72, 254, 81, 9, 180, 148, 92, 80, 106, 193, 176, 249,
       46, 39, 188, 5, 6, 74, 51, 67, 177, 236, 112, 189, 99, 45, 111,
       87, 152, 107, 250, 165, 24, 223, 93, 73, 59, 145, 84, 124, 122,
       169, 100, 249, 0, 207, 219, 101, 52, 194, 123, 70, 115, 104, 180,
       188, 250, 141, 125, 80, 27, 219, 63, 173, 24, 158, 253, 72, 59,
       137, 19, 253, 16, 58, 110, 250, 147, 207, 223, 80, 127, 210, 74,
       198, 66, 232, 189, 180, 250, 205, 237, 84, 143, 223, 27, 172, 24,
       190, 189, 68, 27, 201, 178, 251, 16, 58, 107, 210, 179, 207, 219,
       84, 123, 210, 72, 214, 26, 216, 184, 191, 248, 138, 233, 81, 23,
       178, 23, 134, 57, 55, 151, 64, 90, 39, 179, 109, 16, 26, 79, 178,
       51, 217, 195, 120, 121, 176, 192, 132, 106, 216, 152, 159, 116,
       168, 108, 65, 23, 180, 155, 162, 16, 247, 55, 0, 123, 1, 246, 108,
       24, 57, 77, 179, 0, 217, 227, 116, 80, 160, 224, 164, 59, 125,
