%YAML:1.0
---
descriptors: !!opencv-matrix
   rows: 252
   cols: 32
   dt: u
   data: [ 253, 113, 253, 103, 168, 78, 87, 184, 97, 250, 167, 72, 219,
       85, 201, 59, 22, 212, 124, 106, 201, 101, 249, 40, 227, 217, 101,
       52, 106, 179, 66, 113, 77, 116, 153, 103, 161, 110, 55, 128, 120,
       234, 47, 8, 222, 48, 65, 58, 147, 84, 104, 106, 97, 244, 249, 106,
       229, 255, 69, 6, 200, 115, 67, 35, 77, 117, 49, 71, 81, 78, 103,
       184, 105, 224, 106, 72, 222, 81, 9, 180, 144, 84, 88, 106, 193,
       176, 249, 46, 37, 188, 5, 6, 74, 51, 67, 50, 37, 113, 145, 71,
       213, 79, 103, 184, 122, 224, 43, 8, 214, 81, 73, 54, 145, 92, 80,
       122, 65, 240, 249, 40, 45, 156, 5, 54, 64, 59, 67, 162, 248, 188,
       188, 248, 173, 253, 80, 87, 251, 59, 180, 24, 191, 185, 64, 59,
       205, 179, 125, 24, 186, 111, 242, 147, 219, 219, 84, 123, 210,
       200, 195, 11, 69, 241, 149, 119, 25, 207, 54, 184, 234, 248, 43,
       8, 254, 114, 73, 50, 145, 84, 104, 122, 67, 96, 219, 63, 173, 158,
       69, 54, 72, 51, 75, 18, 120, 168, 250, 120, 138, 201, 81, 215,
       163, 21, 164, 57, 55, 247, 66, 26, 169, 178, 237, 16, 26, 75, 162,
       49, 219, 195, 116, 121, 226, 192, 134, 106, 232, 172, 188, 248,
       173, 173, 92, 191, 255, 187, 188, 24, 191, 251, 68, 27, 201, 230,
       127, 24, 186, 111, 210, 179, 219, 219, 85, 122, 210, 72, 210, 11,
       88, 176, 188, 240, 41, 205, 89, 27, 187, 187, 180, 24, 159, 191,
       72, 123, 135, 149, 253, 16, 58, 79, 242, 17, 219, 251, 114, 126,
       194, 128, 67, 59, 252, 166, 220, 114, 168, 45, 85, 221, 178, 191,
       165, 29, 87, 227, 74, 27, 39, 214, 109, 24, 58, 71, 202, 17, 219,
       203, 117, 125, 226, 192, 198, 35, 224, 180, 156, 250, 236, 237,
       85, 175, 218, 59, 168, 24, 246, 241, 72, 123, 129, 82, 106, 8, 51,
       111, 219, 51, 221, 150, 85, 125, 216, 72, 199, 42, 252, 172, 253,
       118, 136, 110, 69, 186, 178, 191, 163, 24, 83, 119, 201, 59, 5,
       214, 108, 42, 57, 71, 251, 46, 233, 235, 117, 52, 224, 241, 198,
       32, 212, 52, 149, 114, 168, 45, 81, 154, 187, 187, 163, 92, 150,
       243, 73, 31, 133, 87, 108, 16, 58, 101, 219, 34, 153, 210, 117,
       126, 192, 113, 131, 35, 93, 213, 57, 231, 180, 46, 79, 189, 52,
       232, 255, 64, 215, 119, 137, 112, 86, 214, 93, 122, 249, 144, 121,
       63, 233, 237, 37, 212, 32, 243, 192, 49, 236, 112, 189, 114, 168,
       111, 115, 152, 122, 251, 167, 24, 215, 87, 73, 59, 145, 212, 124,
       58, 59, 103, 251, 32, 223, 219, 97, 124, 192, 227, 70, 115, 192,
       140, 157, 254, 200, 237, 17, 135, 150, 23, 97, 24, 183, 243, 64,
       91, 129, 122, 104, 24, 50, 76, 218, 49, 205, 163, 116, 120, 144,
       72, 133, 170, 80, 168, 191, 252, 138, 232, 81, 23, 162, 55, 166,
       24, 55, 183, 64, 91, 33, 247, 109, 16, 58, 79, 178, 33, 217, 227,
       112, 121, 160, 192, 134, 106, 208, 16, 157, 116, 168, 108, 65, 55,
       176, 219, 162, 24, 247, 55, 0, 123, 1, 246, 108, 8, 57, 77, 243,
       0, 217, 227, 116, 16, 160, 224, 6, 59, 120, 48, 123, 112, 40, 204,
       81, 83, 160, 61, 164, 44, 23, 151, 64, 26, 38, 180, 109, 24, 10,
       75, 178, 0, 211, 225, 48, 56, 98, 128, 6, 123, 221, 34, 152, 180,
       168, 56, 92, 154, 178, 179, 167, 25, 207, 227, 67, 219, 131, 199,
       108, 30, 60, 69, 203, 2, 218, 227, 119, 61, 168, 241, 139, 0, 248,
       30, 191, 116, 168, 44, 85, 183, 160, 186, 182, 120, 119, 119, 1,
       123, 167, 247, 109, 34, 104, 111, 171, 32, 211, 235, 117, 152, 32,
       240, 198, 43, 112, 185, 255, 114, 168, 221, 85, 215, 162, 253,
       164, 24, 51, 151, 66, 59, 33, 246, 236, 24, 91, 107, 178, 49, 219,
       201, 117, 121, 226, 128, 198, 123, 93, 69, 93, 103, 182, 78, 71,
       184, 108, 160, 171, 72, 215, 115, 9, 115, 50, 213, 124, 106, 105,
       176, 121, 44, 229, 235, 101, 20, 96, 179, 67, 32, 252, 46, 252,
       118, 141, 45, 85, 154, 211, 183, 181, 24, 83, 225, 75, 31, 9, 214,
       236, 26, 56, 103, 218, 32, 219, 203, 85, 61, 227, 249, 198, 34,
       124, 184, 253, 116, 169, 109, 81, 223, 226, 191, 164, 24, 31, 191,
       65, 59, 129, 247, 125, 24, 26, 111, 250, 0, 219, 203, 117, 125,
       225, 112, 198, 106, 252, 164, 156, 112, 168, 109, 81, 155, 178,
       183, 165, 25, 151, 179, 74, 27, 129, 215, 237, 16, 58, 79, 218,
       18, 219, 195, 117, 125, 192, 97, 134, 34, 229, 112, 149, 71, 1,
       110, 103, 152, 106, 226, 35, 72, 214, 113, 73, 62, 144, 84, 120,
       122, 1, 244, 249, 8, 133, 186, 69, 20, 202, 115, 67, 48, 88, 48,
       190, 48, 43, 236, 81, 87, 162, 125, 164, 189, 63, 151, 66, 26,
       166, 183, 253, 16, 10, 79, 146, 1, 211, 193, 112, 121, 160, 0, 14,
       91, 197, 231, 56, 39, 172, 15, 222, 188, 106, 162, 57, 93, 247,
       104, 90, 19, 147, 71, 108, 111, 244, 100, 221, 59, 228, 249, 101,
       60, 72, 115, 203, 128, 77, 125, 17, 71, 85, 78, 102, 184, 121,
       168, 106, 72, 222, 113, 13, 180, 144, 92, 80, 106, 193, 176, 217,
       46, 37, 190, 5, 6, 74, 51, 75, 177, 77, 117, 149, 71, 160, 30,
       102, 184, 121, 170, 107, 76, 214, 115, 137, 247, 148, 68, 108,
       106, 225, 208, 217, 42, 165, 186, 101, 4, 74, 243, 203, 33, 37,
       117, 17, 71, 85, 79, 102, 184, 105, 232, 43, 72, 214, 81, 77, 180,
       144, 92, 80, 106, 65, 240, 249, 44, 45, 156, 5, 54, 74, 59, 66,
       162, 29, 213, 25, 103, 48, 14, 111, 188, 116, 234, 126, 100, 247,
       119, 137, 112, 54, 94, 60, 238, 233, 144, 121, 46, 228, 239, 39,
       132, 40, 243, 33, 57, 96, 188, 157, 122, 232, 237, 1, 143, 218,
       59, 32, 24, 182, 243, 72, 123, 129, 82, 106, 24, 51, 106, 218, 49,
       205, 163, 117, 124, 216, 72, 199, 170, 188, 204, 155, 101, 148,
       230, 71, 255, 118, 138, 234, 16, 83, 115, 33, 112, 89, 254, 108,
       58, 105, 191, 89, 46, 233, 239, 37, 20, 224, 112, 224, 42, 92, 77,
       93, 101, 150, 74, 79, 184, 97, 160, 170, 8, 215, 115, 1, 115, 50,
       212, 124, 106, 105, 176, 249, 12, 229, 235, 101, 20, 96, 178, 194,
       32, 212, 188, 157, 246, 168, 236, 37, 159, 186, 187, 130, 120,
       247, 247, 64, 123, 39, 118, 125, 24, 51, 77, 251, 51, 217, 162,
       127, 248, 128, 96, 135, 49, 117, 85, 125, 103, 176, 78, 71, 188,
       97, 232, 190, 72, 87, 119, 137, 115, 86, 212, 124, 106, 233, 161,
       249, 44, 243, 233, 101, 20, 104, 243, 194, 49, 244, 229, 63, 102,
       136, 78, 71, 232, 224, 188, 175, 8, 83, 245, 73, 19, 144, 244,
       108, 106, 104, 99, 251, 44, 249, 225, 101, 60, 96, 115, 198, 98,
       108, 181, 148, 99, 153, 63, 84, 25, 123, 59, 41, 88, 222, 115, 72,
       186, 145, 30, 108, 56, 62, 112, 217, 146, 207, 223, 21, 119, 218,
       74, 202, 3, 252, 112, 189, 102, 40, 78, 87, 152, 96, 250, 167, 24,
       215, 87, 73, 59, 144, 212, 124, 122, 105, 103, 251, 32, 211, 203,
       101, 60, 192, 243, 70, 51, 109, 164, 252, 101, 148, 63, 94, 185,
       115, 227, 103, 24, 211, 56, 30, 48, 19, 196, 112, 45, 189, 244,
       221, 14, 111, 239, 85, 84, 233, 232, 202, 20, 104, 181, 188, 123,
       189, 253, 81, 11, 239, 61, 173, 24, 222, 125, 72, 59, 137, 146,
       237, 16, 26, 105, 251, 149, 203, 219, 80, 127, 210, 74, 198, 34,
       229, 112, 189, 101, 32, 78, 71, 24, 96, 170, 183, 72, 211, 83,
       217, 59, 16, 212, 116, 106, 201, 244, 249, 8, 197, 187, 101, 20,
       64, 243, 66, 33, 118, 101, 214, 207, 222, 43, 238, 232, 191, 160,
       251, 10, 206, 234, 61, 80, 123, 205, 127, 227, 72, 243, 203, 254,
       188, 190, 143, 188, 245, 123, 115, 128, 92, 225, 220, 175, 44, 11,
       126, 184, 238, 176, 187, 2, 223, 107, 25, 66, 254, 197, 127, 227,
       72, 241, 203, 172, 236, 243, 239, 148, 36, 187, 33, 1, 181, 70,
       205, 119, 180, 42, 103, 188, 118, 162, 99, 240, 211, 97, 153, 121,
       19, 206, 36, 62, 169, 244, 77, 46, 236, 175, 229, 196, 237, 241,
       208, 32, 93, 89, 220, 167, 40, 14, 88, 152, 174, 184, 183, 32,
       223, 83, 73, 91, 230, 213, 125, 110, 72, 193, 203, 40, 219, 251,
       239, 148, 36, 187, 1, 1, 93, 80, 156, 228, 44, 12, 89, 24, 174,
