%YAML:1.0
---
descriptors: !!opencv-matrix
   rows: 208
   cols: 32
   dt: u
   data: [ 108, 229, 185, 122, 137, 77, 87, 140, 179, 183, 173, 24, 214,
       119, 72, 58, 153, 82, 104, 90, 90, 98, 250, 49, 235, 223, 69, 127,
       194, 83, 198, 98, 108, 117, 57, 103, 157, 79, 71, 168, 67, 164,
       173, 8, 210, 119, 73, 48, 152, 212, 120, 106, 73, 98, 249, 58,
       239, 221, 5, 60, 82, 123, 70, 98, 120, 180, 253, 112, 154, 233,
       81, 71, 162, 21, 172, 56, 55, 183, 64, 58, 3, 146, 108, 16, 26,
       107, 178, 17, 219, 207, 16, 123, 224, 64, 198, 107, 209, 142, 95,
       101, 176, 42, 111, 183, 116, 42, 106, 244, 243, 35, 144, 112, 19,
       102, 108, 44, 185, 188, 69, 47, 232, 174, 36, 192, 232, 226, 192,
       40, 208, 48, 159, 116, 40, 76, 81, 18, 168, 218, 162, 56, 247, 55,
       1, 123, 2, 116, 124, 8, 9, 69, 179, 0, 193, 163, 112, 16, 0, 224,
       7, 59, 5, 117, 17, 69, 117, 30, 230, 184, 121, 232, 106, 76, 222,
       88, 21, 180, 144, 92, 80, 106, 225, 240, 217, 78, 37, 190, 1, 6,
       74, 51, 75, 165, 45, 117, 145, 65, 245, 95, 102, 184, 106, 232,
       43, 72, 214, 80, 77, 180, 145, 76, 82, 122, 193, 240, 249, 30, 45,
       156, 5, 116, 202, 59, 66, 180, 109, 116, 145, 71, 241, 126, 98,
       152, 106, 232, 43, 72, 214, 113, 77, 190, 145, 84, 112, 122, 1,
       240, 249, 10, 13, 156, 5, 52, 202, 115, 66, 32, 36, 225, 49, 73,
       157, 79, 71, 168, 74, 113, 41, 8, 214, 85, 76, 180, 145, 84, 64,
       106, 67, 48, 249, 21, 45, 156, 5, 116, 80, 59, 198, 32, 249, 187,
       158, 58, 168, 189, 85, 223, 163, 127, 180, 185, 63, 215, 194, 27,
       135, 183, 253, 20, 62, 79, 202, 49, 218, 235, 117, 249, 226, 196,
       142, 91, 249, 176, 247, 112, 169, 252, 81, 87, 243, 123, 180, 56,
       59, 253, 198, 63, 139, 246, 252, 24, 175, 111, 250, 145, 219, 219,
       117, 251, 235, 192, 198, 119, 248, 176, 255, 112, 40, 237, 81, 87,
       162, 63, 164, 24, 55, 183, 64, 27, 33, 182, 108, 8, 58, 111, 178,
       17, 219, 235, 113, 120, 224, 128, 198, 115, 252, 60, 253, 118,
       168, 108, 85, 158, 227, 187, 165, 24, 127, 255, 73, 59, 129, 214,
       125, 26, 56, 103, 250, 32, 219, 203, 117, 61, 224, 113, 198, 34,
       254, 166, 136, 182, 219, 113, 16, 207, 147, 187, 132, 59, 44, 243,
       74, 159, 133, 223, 233, 145, 62, 79, 202, 226, 218, 65, 221, 255,
       162, 100, 154, 7, 96, 180, 157, 218, 204, 237, 69, 143, 218, 59,
       169, 24, 182, 243, 72, 122, 129, 18, 106, 24, 51, 107, 218, 115,
       221, 150, 85, 124, 216, 72, 199, 42, 93, 69, 125, 103, 150, 78,
       71, 56, 101, 160, 171, 64, 83, 113, 9, 112, 50, 212, 92, 106, 233,
       161, 93, 14, 231, 175, 37, 20, 96, 243, 64, 32, 244, 132, 124,
       118, 168, 110, 85, 191, 240, 186, 167, 56, 87, 119, 9, 91, 135,
       215, 108, 42, 120, 101, 201, 14, 243, 235, 117, 20, 96, 241, 198,
       35, 67, 59, 26, 128, 34, 14, 62, 49, 40, 64, 74, 237, 140, 6, 134,
       116, 166, 61, 92, 103, 133, 152, 148, 76, 164, 52, 10, 130, 12, 6,
       11, 125, 248, 141, 156, 126, 137, 201, 22, 174, 186, 54, 172, 9,
       238, 99, 3, 83, 129, 118, 232, 66, 96, 77, 219, 55, 227, 243, 84,
       59, 16, 115, 13, 10, 240, 170, 189, 112, 136, 233, 81, 7, 162,
       183, 164, 24, 55, 183, 64, 27, 129, 182, 108, 16, 26, 111, 162, 1,
       219, 131, 117, 121, 224, 64, 134, 106, 109, 97, 117, 101, 36, 30,
       118, 56, 121, 232, 119, 73, 219, 29, 157, 176, 150, 68, 125, 110,
       196, 240, 233, 14, 231, 255, 37, 4, 66, 183, 82, 101, 76, 101,
       121, 103, 50, 74, 127, 184, 56, 164, 111, 137, 223, 119, 137, 80,
       54, 93, 253, 110, 64, 208, 249, 76, 231, 237, 37, 132, 98, 179, 7,
       96, 36, 40, 123, 65, 80, 79, 99, 80, 96, 160, 110, 72, 83, 23,
       133, 52, 24, 188, 64, 106, 1, 176, 33, 12, 71, 136, 33, 0, 99,
       163, 70, 160, 120, 160, 221, 114, 44, 237, 81, 90, 226, 191, 165,
       24, 23, 179, 64, 59, 129, 150, 109, 24, 58, 79, 250, 16, 219, 203,
       113, 121, 224, 128, 78, 66, 230, 237, 148, 58, 201, 205, 22, 230,
       155, 23, 168, 25, 166, 242, 101, 154, 137, 115, 106, 82, 126, 107,
       218, 51, 169, 150, 85, 59, 208, 89, 134, 14, 244, 236, 189, 118,
       136, 109, 85, 158, 178, 183, 172, 24, 83, 247, 73, 27, 1, 214,
       108, 10, 56, 103, 251, 34, 249, 203, 117, 60, 224, 241, 198, 42,
       205, 85, 29, 111, 177, 14, 119, 184, 120, 74, 107, 76, 222, 115,
       9, 115, 150, 70, 108, 106, 225, 240, 121, 127, 229, 251, 101, 6,
       72, 115, 67, 35, 205, 116, 159, 103, 33, 110, 119, 184, 120, 234,
       103, 24, 214, 113, 9, 59, 177, 84, 120, 106, 97, 244, 185, 10,
       229, 255, 69, 6, 72, 115, 67, 51, 205, 212, 157, 119, 161, 78,
       119, 188, 120, 250, 103, 16, 222, 115, 8, 123, 147, 87, 120, 106,
       97, 244, 249, 106, 229, 251, 87, 6, 72, 115, 163, 51, 69, 117,
       157, 99, 164, 111, 103, 152, 122, 250, 43, 12, 214, 113, 73, 58,
       145, 68, 120, 126, 49, 112, 249, 42, 237, 159, 101, 116, 200, 123,
       195, 51, 104, 32, 49, 65, 105, 205, 65, 16, 235, 181, 164, 8, 146,
       23, 68, 186, 128, 20, 72, 88, 11, 98, 242, 16, 15, 153, 1, 124,
       66, 0, 70, 160, 248, 172, 183, 122, 169, 236, 81, 215, 179, 159,
       164, 25, 47, 247, 64, 31, 165, 247, 237, 16, 58, 79, 170, 51, 219,
       243, 85, 59, 162, 192, 166, 107, 77, 85, 148, 71, 224, 30, 102,
       184, 121, 170, 107, 76, 222, 112, 141, 247, 148, 68, 108, 110,
       225, 240, 217, 14, 164, 190, 101, 4, 74, 243, 203, 5, 45, 117,
       144, 69, 117, 31, 102, 184, 121, 232, 43, 76, 210, 80, 93, 180,
       144, 76, 80, 126, 197, 240, 217, 14, 45, 220, 5, 36, 74, 59, 90,
       132, 216, 170, 150, 178, 169, 172, 92, 223, 187, 59, 160, 89, 191,
       239, 80, 27, 135, 247, 125, 21, 190, 79, 202, 177, 219, 251, 125,
       249, 130, 196, 139, 11, 216, 184, 255, 112, 40, 236, 81, 23, 179,
       127, 164, 29, 31, 183, 64, 27, 39, 150, 109, 24, 59, 79, 178, 1,
       219, 195, 112, 120, 226, 192, 6, 123, 252, 60, 252, 118, 136, 109,
       85, 223, 178, 183, 164, 25, 83, 247, 67, 27, 1, 214, 109, 24, 58,
       79, 250, 32, 219, 203, 117, 61, 224, 240, 198, 106, 205, 174, 200,
       19, 210, 56, 39, 159, 50, 183, 6, 248, 209, 226, 202, 218, 115,
       206, 238, 152, 51, 92, 207, 34, 44, 7, 183, 237, 166, 244, 138,
       129, 213, 110, 200, 87, 20, 58, 70, 154, 115, 174, 230, 20, 67,
       96, 151, 122, 113, 196, 108, 174, 172, 244, 237, 42, 210, 239,
       165, 5, 233, 241, 122, 68, 77, 142, 216, 99, 176, 63, 87, 190,
       118, 47, 62, 124, 211, 97, 138, 113, 23, 70, 76, 60, 190, 184,
       109, 63, 238, 207, 37, 116, 248, 251, 200, 1, 124, 60, 253, 114,
       168, 236, 85, 218, 227, 255, 165, 24, 115, 247, 73, 59, 1, 246,
       124, 24, 59, 99, 250, 48, 219, 235, 117, 125, 226, 241, 198, 115,
       100, 180, 149, 242, 252, 173, 65, 207, 251, 59, 168, 88, 150, 240,
       76, 58, 129, 218, 110, 16, 59, 107, 218, 115, 153, 150, 85, 126,
       208, 72, 198, 34, 244, 42, 149, 114, 169, 45, 84, 158, 187, 187,
       177, 120, 143, 243, 73, 155, 133, 214, 108, 18, 58, 103, 202, 32,
       153, 210, 117, 62, 226, 113, 130, 35, 220, 4, 94, 118, 136, 106,
       87, 184, 176, 178, 167, 24, 215, 99, 9, 91, 33, 246, 109, 170,
       104, 197, 89, 46, 249, 227, 101, 21, 160, 241, 78, 2, 69, 117,
       149, 103, 149, 14, 102, 184, 122, 170, 43, 76, 214, 113, 73, 51,
       145, 68, 108, 126, 225, 240, 217, 12, 237, 250, 69, 22, 72, 115,
       67, 33, 128, 173, 159, 255, 136, 205, 21, 167, 182, 23, 96, 16,
       247, 243, 32, 83, 193, 122, 104, 0, 114, 76, 202, 55, 233, 163,
       117, 120, 176, 80, 135, 170, 100, 97, 27, 252, 93, 198, 167, 96,
       224, 128, 233, 8, 214, 241, 41, 48, 216, 244, 74, 106, 73, 163,
       186, 76, 113, 164, 131, 8, 64, 51, 102, 162, 69, 83, 149, 103, 36,
       14, 102, 184, 104, 170, 107, 76, 214, 32, 25, 242, 148, 68, 108,
       110, 193, 240, 217, 8, 165, 190, 101, 4, 72, 243, 67, 33, 5, 113,
       17, 69, 17, 14, 103, 56, 104, 232, 107, 76, 214, 17, 9, 52, 144,
