%YAML:1.0
---
descriptors: !!opencv-matrix
   rows: 123
   cols: 32
   dt: u
   data: [ 129, 172, 255, 251, 172, 163, 237, 223, 255, 83, 246, 146,
       253, 235, 80, 43, 111, 239, 123, 157, 187, 239, 255, 243, 239,
       251, 223, 64, 197, 192, 227, 168, 252, 240, 188, 250, 173, 253,
       81, 216, 239, 127, 181, 25, 206, 223, 79, 30, 237, 209, 255, 16,
       174, 103, 250, 178, 219, 219, 81, 127, 242, 29, 110, 115, 252,
       113, 253, 250, 169, 93, 87, 216, 171, 254, 181, 13, 223, 223, 75,
       27, 198, 213, 253, 114, 238, 103, 250, 176, 219, 217, 101, 63,
       114, 119, 198, 115, 220, 119, 188, 230, 172, 90, 95, 189, 239,
       254, 159, 37, 223, 255, 219, 115, 215, 215, 253, 103, 252, 65,
       235, 234, 251, 223, 111, 159, 134, 247, 165, 115, 205, 223, 206,
       255, 252, 59, 110, 253, 127, 250, 127, 246, 217, 227, 179, 245,
       127, 238, 126, 110, 245, 252, 237, 254, 254, 255, 231, 164, 191,
       255, 201, 221, 30, 245, 246, 255, 253, 95, 254, 236, 63, 238, 246,
       35, 238, 254, 30, 229, 255, 223, 255, 227, 172, 243, 251, 255,
       255, 255, 207, 159, 215, 127, 239, 215, 126, 252, 254, 255, 253,
       95, 255, 252, 191, 238, 255, 47, 236, 255, 63, 244, 255, 255, 255,
       227, 164, 243, 251, 255, 255, 255, 207, 187, 151, 127, 125, 215,
       157, 86, 125, 247, 36, 46, 107, 56, 124, 234, 247, 244, 223, 71,
       145, 121, 127, 140, 95, 46, 233, 212, 109, 14, 198, 235, 235, 132,
       44, 225, 81, 113, 141, 22, 253, 245, 164, 46, 125, 31, 124, 251,
       118, 116, 223, 55, 129, 123, 71, 87, 127, 44, 177, 244, 115, 74,
       198, 251, 112, 132, 136, 241, 131, 241, 69, 101, 120, 103, 80, 78,
       127, 40, 96, 224, 111, 8, 211, 53, 29, 48, 50, 220, 80, 106, 65,
       176, 253, 76, 103, 173, 5, 4, 97, 179, 67, 160, 159, 189, 254,
       223, 191, 127, 255, 248, 191, 254, 254, 183, 254, 254, 191, 229,
       255, 247, 255, 247, 189, 251, 255, 254, 255, 255, 239, 151, 175,
       127, 109, 247, 42, 188, 62, 255, 253, 253, 253, 231, 191, 255,
       252, 27, 174, 190, 38, 245, 237, 191, 255, 1, 47, 111, 242, 255,
       255, 255, 222, 251, 210, 76, 255, 255, 54, 253, 182, 190, 221,
       223, 150, 232, 191, 174, 248, 11, 206, 254, 47, 20, 249, 255, 239,
       99, 124, 99, 218, 255, 185, 246, 143, 127, 209, 127, 239, 70, 133,
       190, 255, 247, 230, 170, 109, 255, 126, 243, 114, 246, 249, 227,
       152, 105, 127, 238, 126, 140, 243, 252, 237, 247, 110, 170, 247,
       128, 189, 248, 241, 169, 133, 174, 237, 247, 236, 170, 237, 159,
       126, 251, 242, 246, 249, 235, 153, 107, 127, 110, 126, 156, 179,
       252, 111, 242, 204, 186, 255, 128, 236, 248, 241, 169, 221, 158,
       159, 247, 172, 172, 93, 159, 255, 251, 182, 124, 255, 247, 200,
       123, 167, 119, 108, 24, 187, 77, 219, 35, 203, 251, 119, 216, 168,
       240, 129, 59, 205, 190, 189, 119, 172, 60, 125, 182, 251, 251,
       183, 92, 255, 127, 201, 59, 133, 86, 124, 30, 179, 109, 251, 34,
       207, 251, 117, 212, 202, 241, 195, 123, 254, 253, 254, 255, 253,
       127, 254, 248, 191, 238, 254, 27, 207, 255, 62, 241, 255, 255,
       255, 231, 172, 247, 251, 254, 255, 255, 207, 159, 71, 255, 239,
       211, 252, 176, 252, 250, 173, 125, 82, 216, 191, 63, 181, 25, 223,
       255, 74, 154, 153, 147, 237, 50, 62, 103, 251, 147, 219, 219, 81,
       127, 242, 77, 206, 82, 107, 188, 254, 253, 237, 255, 255, 247, 63,
       238, 252, 15, 172, 191, 38, 245, 239, 255, 255, 133, 237, 251,
       243, 255, 255, 255, 223, 171, 23, 124, 239, 255, 157, 86, 125,
       247, 52, 14, 107, 56, 124, 234, 247, 244, 223, 87, 153, 97, 118,
       221, 94, 238, 233, 244, 109, 142, 196, 235, 43, 132, 44, 169, 97,
       177, 205, 190, 189, 115, 168, 172, 125, 150, 255, 251, 183, 84,
       255, 119, 72, 123, 135, 87, 125, 26, 179, 109, 251, 99, 207, 251,
       119, 212, 202, 241, 195, 123, 221, 255, 123, 239, 52, 15, 107,
       248, 124, 232, 247, 246, 223, 79, 144, 96, 126, 253, 94, 238, 233,
       180, 237, 238, 244, 233, 167, 128, 109, 187, 97, 241, 69, 251,
       123, 239, 124, 143, 239, 188, 110, 232, 255, 230, 255, 255, 144,
       96, 126, 237, 127, 238, 193, 186, 253, 239, 252, 253, 167, 128,
       109, 187, 97, 241, 122, 253, 180, 188, 157, 221, 86, 239, 159,
       158, 184, 9, 174, 255, 102, 150, 201, 251, 239, 17, 126, 107, 210,
       251, 187, 215, 205, 59, 210, 124, 238, 78, 220, 117, 188, 166,
       168, 79, 95, 188, 38, 254, 191, 13, 223, 127, 75, 83, 247, 215,
       253, 103, 204, 67, 251, 40, 251, 201, 103, 189, 32, 243, 173, 83,
       220, 181, 189, 231, 188, 110, 95, 184, 63, 238, 191, 61, 223, 127,
       27, 115, 247, 215, 253, 47, 184, 193, 249, 174, 251, 255, 111,
       213, 160, 243, 135, 115, 2, 205, 2, 158, 212, 131, 174, 230, 22,
       0, 90, 2, 104, 234, 48, 64, 121, 107, 19, 195, 114, 186, 10, 255,
       56, 38, 174, 192, 21, 94, 177, 136, 133, 174, 255, 247, 236, 170,
       237, 255, 126, 115, 242, 246, 249, 227, 152, 105, 127, 110, 126,
       142, 179, 252, 239, 251, 204, 186, 247, 128, 188, 248, 209, 169,
       133, 174, 223, 247, 228, 174, 109, 255, 126, 243, 114, 214, 249,
       227, 152, 105, 127, 238, 126, 158, 243, 252, 255, 247, 237, 170,
       247, 64, 236, 248, 209, 168, 197, 166, 222, 187, 236, 169, 236,
       223, 255, 183, 250, 223, 207, 234, 222, 75, 239, 207, 110, 157,
       182, 254, 207, 243, 156, 186, 255, 204, 140, 204, 233, 157, 38,
       205, 98, 222, 212, 131, 238, 236, 87, 128, 248, 2, 104, 232, 53,
       32, 120, 235, 19, 227, 194, 187, 12, 255, 62, 14, 143, 128, 85,
       191, 112, 140, 54, 237, 226, 206, 84, 147, 238, 252, 87, 128, 252,
       10, 104, 233, 61, 32, 120, 232, 23, 235, 200, 178, 44, 255, 62,
       12, 135, 168, 119, 187, 114, 140, 252, 121, 188, 242, 173, 93, 85,
       220, 187, 254, 181, 9, 223, 223, 75, 59, 141, 213, 253, 82, 234,
       103, 251, 176, 219, 217, 101, 63, 242, 253, 70, 115, 234, 180,
       190, 250, 237, 253, 245, 79, 191, 95, 253, 25, 238, 255, 46, 253,
       237, 187, 255, 1, 62, 111, 250, 247, 223, 223, 214, 123, 210, 76,
       254, 223, 222, 252, 254, 253, 253, 127, 255, 254, 191, 238, 254,
       187, 238, 255, 55, 246, 255, 255, 255, 231, 232, 231, 251, 234,
       255, 255, 223, 159, 135, 252, 237, 255, 133, 142, 255, 255, 228,
       170, 237, 159, 126, 251, 82, 246, 253, 235, 152, 107, 111, 111,
       126, 29, 179, 252, 239, 243, 204, 250, 255, 192, 204, 248, 193,
       169, 244, 190, 255, 255, 236, 237, 253, 255, 255, 255, 246, 63,
       255, 255, 234, 123, 239, 255, 127, 145, 187, 255, 251, 243, 223,
       239, 255, 249, 245, 216, 247, 251, 126, 101, 214, 142, 93, 95,
       246, 232, 255, 172, 249, 11, 78, 250, 47, 212, 248, 205, 239, 227,
       76, 99, 219, 252, 191, 118, 143, 63, 19, 63, 110, 134, 158, 253,
       190, 254, 253, 223, 255, 252, 191, 254, 254, 47, 254, 255, 127,
       97, 255, 255, 255, 227, 238, 247, 251, 255, 255, 127, 239, 175,
       215, 127, 173, 243, 237, 188, 189, 250, 173, 109, 69, 191, 219,
       251, 180, 92, 223, 249, 92, 187, 201, 206, 126, 28, 187, 111, 251,
       179, 223, 219, 213, 124, 218, 120, 210, 178, 143, 127, 190, 223,
       253, 127, 191, 252, 63, 238, 255, 183, 252, 255, 143, 229, 255,
       255, 255, 231, 229, 247, 251, 255, 255, 127, 239, 131, 142, 255,
       173, 247, 141, 22, 127, 245, 36, 46, 109, 59, 124, 234, 119, 116,
       223, 119, 153, 121, 119, 157, 126, 46, 169, 244, 113, 206, 198,
       251, 243, 132, 108, 233, 1, 113, 133, 172, 223, 255, 196, 234,
       101, 255, 118, 179, 242, 82, 243, 243, 208, 105, 123, 238, 126,
       152, 51, 252, 255, 115, 221, 171, 247, 64, 232, 88, 225, 170, 252,
       190, 254, 251, 236, 253, 253, 254, 191, 255, 247, 191, 255, 255,
       202, 91, 239, 255, 255, 149, 191, 255, 251, 243, 223, 251, 255,
       255, 205, 248, 239, 211, 13, 188, 255, 255, 252, 239, 111, 191,
       127, 251, 254, 86, 249, 247, 216, 124, 127, 238, 126, 140, 187,
       250, 255, 251, 239, 255, 247, 196, 238, 232, 225, 249, 9, 191,
