%YAML:1.0
---
descriptors: !!opencv-matrix
   rows: 233
   cols: 32
   dt: u
   data: [ 108, 164, 156, 122, 137, 109, 87, 136, 50, 179, 172, 8, 242,
       119, 75, 26, 145, 210, 105, 26, 90, 66, 251, 51, 235, 223, 69,
       125, 208, 115, 198, 98, 212, 160, 156, 114, 136, 108, 81, 11, 178,
       191, 167, 25, 215, 183, 72, 27, 129, 215, 237, 16, 58, 69, 235, 2,
       219, 195, 117, 125, 224, 97, 134, 34, 220, 164, 156, 48, 137, 105,
       81, 143, 187, 183, 165, 25, 143, 183, 74, 27, 129, 151, 237, 16,
       58, 79, 203, 2, 219, 211, 85, 127, 160, 64, 143, 2, 248, 186, 222,
       50, 168, 236, 89, 223, 179, 255, 180, 189, 63, 247, 194, 90, 167,
       247, 253, 20, 190, 79, 234, 35, 218, 195, 117, 249, 160, 192, 142,
       91, 100, 180, 157, 218, 140, 237, 71, 172, 222, 51, 161, 24, 214,
       241, 76, 122, 145, 210, 106, 26, 59, 111, 251, 115, 189, 158, 85,
       124, 208, 91, 198, 34, 93, 69, 125, 103, 18, 79, 79, 184, 101, 32,
       239, 64, 83, 115, 25, 112, 50, 212, 92, 106, 105, 176, 125, 63,
       231, 239, 33, 20, 98, 179, 64, 32, 209, 172, 253, 119, 180, 106,
       233, 175, 126, 247, 34, 24, 247, 104, 80, 43, 19, 103, 120, 57,
       52, 252, 237, 46, 201, 171, 117, 85, 100, 168, 197, 106, 244, 76,
       92, 118, 136, 106, 87, 168, 184, 178, 166, 24, 215, 115, 9, 123,
       3, 245, 108, 106, 104, 229, 217, 46, 241, 235, 101, 21, 96, 241,
       68, 34, 144, 189, 158, 247, 144, 102, 87, 255, 52, 163, 234, 16,
       115, 115, 0, 81, 121, 254, 105, 160, 56, 217, 25, 47, 251, 231,
       245, 4, 160, 112, 228, 42, 254, 229, 158, 166, 139, 98, 23, 233,
       147, 183, 141, 25, 78, 231, 74, 150, 145, 215, 233, 243, 60, 71,
       219, 170, 251, 247, 205, 63, 162, 119, 174, 66, 108, 39, 72, 39,
       177, 10, 118, 168, 49, 164, 239, 137, 203, 99, 11, 16, 26, 204,
       237, 110, 76, 240, 201, 46, 230, 247, 5, 21, 98, 247, 78, 2, 108,
       174, 252, 103, 176, 90, 103, 184, 112, 174, 238, 168, 251, 103,
       137, 114, 81, 214, 236, 106, 104, 240, 233, 46, 239, 255, 37, 21,
       98, 243, 70, 32, 108, 103, 245, 101, 181, 90, 118, 184, 121, 174,
       127, 8, 203, 109, 153, 54, 16, 212, 236, 106, 108, 240, 237, 14,
       231, 255, 101, 53, 99, 243, 198, 36, 76, 113, 121, 231, 50, 74,
       63, 184, 45, 228, 111, 165, 223, 87, 139, 80, 22, 93, 125, 110,
       64, 144, 249, 108, 231, 245, 35, 132, 38, 179, 7, 113, 208, 188,
       190, 176, 168, 237, 17, 87, 246, 83, 166, 24, 183, 177, 66, 43,
       163, 51, 108, 17, 59, 109, 146, 51, 217, 195, 114, 120, 232, 64,
       135, 10, 85, 71, 95, 103, 176, 10, 78, 188, 116, 160, 234, 196,
       115, 99, 153, 112, 50, 228, 76, 110, 233, 176, 77, 46, 232, 175,
       37, 16, 108, 242, 192, 32, 245, 71, 93, 102, 56, 14, 71, 184, 224,
       168, 186, 76, 83, 115, 137, 115, 54, 196, 108, 110, 233, 193, 237,
       44, 240, 171, 101, 148, 104, 179, 66, 33, 73, 117, 57, 103, 53,
       14, 119, 188, 121, 236, 111, 12, 246, 113, 11, 48, 144, 76, 104,
       110, 224, 240, 249, 46, 231, 255, 5, 0, 74, 51, 67, 99, 205, 125,
       157, 103, 129, 78, 119, 140, 120, 250, 46, 8, 254, 119, 73, 59,
       177, 116, 104, 122, 97, 244, 185, 42, 237, 219, 69, 4, 200, 115,
       195, 34, 248, 34, 250, 112, 10, 169, 81, 87, 162, 55, 164, 56, 23,
       135, 64, 27, 35, 178, 77, 24, 26, 79, 162, 0, 209, 193, 112, 121,
       224, 192, 134, 106, 36, 229, 57, 99, 221, 79, 71, 168, 81, 164,
       239, 8, 211, 85, 9, 48, 216, 220, 82, 106, 73, 178, 121, 46, 231,
       157, 5, 116, 64, 59, 86, 162, 218, 164, 156, 176, 169, 169, 16,
       143, 187, 63, 160, 57, 142, 179, 74, 155, 131, 147, 237, 16, 62,
       77, 194, 51, 219, 211, 85, 127, 144, 68, 143, 11, 124, 225, 56,
       106, 29, 77, 87, 232, 195, 180, 173, 8, 83, 217, 99, 16, 217, 208,
       200, 122, 74, 99, 218, 29, 251, 205, 5, 61, 115, 59, 78, 34, 145,
       15, 73, 101, 48, 10, 98, 50, 116, 162, 106, 192, 243, 35, 145,
       112, 50, 204, 44, 44, 105, 184, 69, 14, 228, 174, 37, 0, 104, 226,
       64, 32, 234, 252, 148, 58, 169, 253, 22, 202, 155, 31, 169, 25,
       174, 250, 67, 155, 129, 115, 236, 66, 46, 107, 202, 179, 187, 215,
       85, 59, 210, 95, 15, 15, 252, 164, 156, 112, 169, 105, 85, 143,
       178, 191, 165, 57, 151, 183, 74, 27, 129, 151, 237, 16, 58, 79,
       203, 18, 219, 195, 117, 125, 224, 64, 142, 67, 81, 15, 93, 101,
       176, 46, 79, 182, 100, 168, 250, 68, 211, 35, 144, 112, 20, 102,
       108, 110, 169, 184, 69, 46, 232, 174, 36, 144, 104, 242, 192, 41,
       249, 164, 254, 50, 168, 172, 89, 151, 179, 251, 180, 185, 191,
       215, 66, 27, 135, 247, 253, 28, 62, 79, 202, 19, 219, 219, 53,
       249, 162, 196, 142, 75, 209, 89, 95, 102, 168, 14, 71, 181, 224,
       218, 162, 72, 119, 115, 129, 115, 34, 244, 124, 106, 233, 225,
       155, 45, 241, 170, 100, 16, 104, 179, 226, 57, 104, 180, 59, 80,
       49, 237, 81, 83, 235, 29, 44, 24, 54, 149, 64, 48, 161, 58, 76,
       24, 18, 41, 178, 21, 219, 221, 16, 123, 194, 0, 198, 107, 133,
       167, 220, 83, 180, 43, 103, 191, 94, 183, 127, 244, 215, 97, 202,
       120, 19, 78, 6, 30, 179, 240, 109, 54, 236, 142, 37, 100, 252,
       251, 192, 33, 221, 110, 200, 103, 16, 62, 106, 152, 113, 170, 239,
       84, 67, 98, 155, 254, 49, 196, 108, 254, 173, 208, 205, 42, 134,
       239, 167, 132, 171, 243, 106, 4, 68, 32, 145, 97, 1, 105, 1, 0,
       96, 160, 35, 8, 150, 23, 65, 58, 144, 84, 64, 50, 1, 96, 241, 0,
       137, 136, 5, 53, 192, 99, 70, 34, 214, 186, 190, 222, 171, 240,
       17, 207, 187, 191, 132, 57, 46, 247, 78, 31, 135, 247, 237, 16,
       58, 79, 170, 115, 155, 243, 93, 255, 128, 96, 134, 107, 192, 172,
       253, 123, 138, 232, 233, 143, 254, 23, 226, 16, 181, 254, 80, 123,
       35, 119, 120, 153, 54, 76, 247, 51, 205, 171, 127, 65, 160, 64,
       199, 42, 101, 188, 145, 250, 141, 45, 71, 142, 95, 59, 169, 88,
       214, 241, 76, 58, 145, 210, 110, 18, 59, 98, 219, 51, 185, 158,
       85, 126, 208, 91, 194, 34, 93, 69, 95, 103, 20, 79, 71, 184, 101,
       160, 235, 0, 83, 115, 25, 112, 48, 196, 72, 106, 105, 176, 89, 46,
       243, 239, 5, 20, 99, 243, 64, 32, 208, 142, 189, 247, 172, 106,
       77, 190, 250, 190, 178, 24, 247, 105, 80, 11, 135, 119, 108, 43,
       56, 237, 235, 46, 233, 235, 117, 16, 192, 232, 135, 105, 193, 24,
       189, 94, 136, 236, 144, 142, 206, 19, 162, 24, 246, 246, 100, 123,
       193, 115, 120, 16, 50, 109, 251, 49, 201, 186, 85, 90, 208, 72,
       133, 42, 208, 204, 30, 119, 152, 78, 87, 174, 180, 178, 166, 16,
       115, 115, 1, 83, 33, 246, 108, 226, 104, 205, 89, 46, 249, 163,
       117, 17, 32, 112, 236, 42, 120, 184, 249, 112, 136, 253, 81, 87,
       226, 55, 164, 24, 51, 151, 64, 186, 1, 150, 236, 24, 26, 107, 242,
       17, 219, 201, 117, 121, 225, 192, 198, 122, 220, 165, 156, 103,
       137, 38, 94, 168, 51, 178, 175, 24, 83, 115, 73, 91, 17, 196, 104,
       254, 104, 71, 219, 63, 251, 239, 197, 61, 163, 115, 234, 2, 192,
       140, 157, 254, 168, 237, 17, 135, 150, 23, 96, 24, 183, 243, 96,
       91, 129, 122, 107, 16, 50, 76, 218, 51, 205, 167, 117, 120, 144,
       72, 135, 170, 124, 13, 150, 126, 139, 88, 22, 168, 187, 150, 169,
       9, 110, 243, 43, 211, 145, 119, 233, 66, 108, 67, 154, 59, 243,
       247, 69, 59, 146, 127, 14, 2, 252, 180, 253, 112, 169, 109, 81,
       155, 243, 247, 165, 24, 95, 127, 74, 59, 135, 149, 237, 48, 56,
       103, 186, 18, 219, 203, 117, 125, 226, 225, 198, 114, 92, 97, 120,
       103, 51, 90, 127, 168, 33, 160, 47, 136, 223, 87, 137, 50, 50,
       221, 253, 234, 64, 208, 249, 108, 231, 237, 37, 5, 98, 179, 71,
       34, 205, 125, 57, 103, 53, 111, 119, 184, 121, 236, 111, 12, 214,
       113, 13, 48, 144, 76, 104, 110, 225, 240, 249, 46, 231, 255, 5, 6,
       66, 115, 71, 98, 205, 125, 189, 103, 129, 110, 119, 159, 120, 234,
       46, 8, 222, 119, 73, 58, 145, 118, 104, 122, 97, 244, 249, 42,
       239, 223, 69, 22, 194, 115, 199, 34, 109, 103, 208, 71, 36, 30,
