%YAML:1.0
---
descriptors: !!opencv-matrix
   rows: 279
   cols: 32
   dt: u
   data: [ 5, 113, 49, 71, 113, 79, 119, 184, 108, 192, 106, 72, 222, 81,
       9, 180, 146, 92, 80, 106, 65, 240, 121, 108, 37, 184, 1, 6, 72,
       51, 67, 163, 112, 173, 95, 112, 216, 200, 81, 247, 179, 21, 172,
       56, 55, 183, 66, 18, 1, 178, 109, 16, 90, 75, 226, 53, 219, 135,
       116, 121, 224, 128, 230, 106, 128, 140, 255, 223, 164, 42, 108,
       191, 254, 243, 114, 84, 247, 227, 220, 123, 99, 110, 46, 12, 179,
       252, 155, 99, 236, 186, 119, 64, 140, 224, 225, 184, 37, 113, 57,
       77, 29, 79, 67, 40, 74, 224, 41, 8, 214, 17, 9, 48, 144, 92, 80,
       106, 65, 48, 121, 28, 101, 156, 1, 54, 80, 43, 86, 34, 85, 93,
       125, 103, 176, 14, 79, 184, 116, 234, 126, 100, 211, 113, 145,
       112, 22, 100, 92, 110, 233, 176, 125, 46, 236, 175, 37, 132, 104,
       243, 64, 49, 100, 161, 56, 105, 13, 77, 81, 136, 66, 52, 165, 8,
       246, 81, 73, 50, 153, 80, 64, 122, 10, 98, 251, 17, 207, 201, 5,
       61, 80, 42, 70, 34, 93, 93, 121, 103, 176, 14, 79, 188, 96, 232,
       254, 96, 215, 119, 137, 112, 54, 214, 92, 106, 233, 176, 121, 46,
       231, 239, 37, 148, 96, 243, 194, 57, 253, 93, 125, 103, 164, 78,
       71, 184, 96, 232, 191, 76, 211, 117, 153, 51, 20, 212, 124, 106,
       233, 112, 249, 44, 227, 233, 101, 20, 104, 243, 66, 113, 237, 116,
       149, 115, 172, 111, 71, 152, 58, 186, 47, 24, 214, 113, 73, 127,
       145, 68, 120, 58, 113, 100, 251, 34, 207, 155, 69, 116, 202, 251,
       198, 115, 108, 125, 177, 103, 157, 111, 71, 168, 122, 254, 45, 8,
       215, 113, 73, 50, 145, 92, 121, 122, 105, 80, 249, 58, 237, 254,
       69, 52, 200, 123, 198, 114, 236, 48, 189, 99, 45, 109, 81, 152,
       123, 251, 165, 24, 222, 93, 73, 59, 145, 16, 252, 58, 43, 103,
       251, 16, 203, 219, 81, 127, 210, 105, 70, 114, 108, 228, 157, 122,
       201, 77, 86, 200, 243, 23, 173, 25, 86, 251, 72, 186, 153, 210,
       225, 82, 78, 67, 250, 51, 251, 199, 85, 125, 208, 115, 206, 226,
       108, 101, 61, 103, 157, 79, 71, 168, 50, 224, 173, 8, 215, 117,
       73, 52, 217, 92, 121, 106, 72, 114, 249, 62, 237, 222, 5, 52, 64,
       123, 86, 98, 108, 117, 57, 103, 189, 111, 71, 168, 112, 228, 239,
       8, 215, 117, 9, 48, 217, 92, 89, 106, 105, 242, 249, 46, 237, 222,
       5, 52, 192, 123, 86, 114, 236, 180, 189, 115, 173, 125, 81, 24,
       251, 59, 165, 24, 222, 125, 72, 59, 153, 18, 253, 16, 59, 103,
       251, 18, 207, 219, 81, 127, 210, 73, 70, 50, 124, 65, 40, 111, 13,
       79, 71, 184, 7, 232, 173, 8, 211, 117, 27, 80, 24, 212, 121, 106,
       72, 50, 249, 60, 231, 173, 133, 53, 83, 187, 94, 98, 232, 180,
       188, 250, 141, 253, 81, 15, 223, 123, 164, 24, 190, 189, 76, 59,
       201, 146, 251, 16, 58, 111, 242, 147, 207, 219, 84, 123, 210, 72,
       214, 10, 197, 180, 157, 215, 168, 110, 45, 154, 162, 251, 35, 80,
       213, 119, 201, 123, 5, 86, 120, 152, 49, 68, 219, 32, 205, 170,
       119, 68, 136, 241, 131, 49, 240, 186, 251, 112, 106, 236, 81, 87,
       179, 63, 164, 60, 55, 151, 64, 26, 39, 190, 100, 24, 58, 111, 178,
       1, 219, 224, 112, 120, 224, 128, 134, 251, 217, 186, 158, 176,
       170, 172, 88, 211, 163, 255, 180, 185, 63, 215, 194, 27, 167, 183,
       253, 20, 190, 79, 162, 33, 218, 235, 117, 249, 162, 196, 143, 91,
       249, 184, 245, 116, 187, 253, 81, 214, 243, 249, 180, 56, 59, 189,
       198, 62, 35, 246, 236, 8, 191, 111, 226, 51, 219, 223, 49, 187,
       235, 192, 70, 127, 248, 184, 253, 122, 136, 252, 81, 159, 162, 63,
       164, 24, 51, 183, 72, 59, 1, 150, 236, 24, 59, 79, 250, 49, 219,
       235, 116, 121, 224, 192, 198, 122, 120, 184, 189, 120, 141, 253,
       209, 223, 211, 255, 180, 24, 63, 253, 64, 58, 137, 242, 253, 17,
       58, 111, 250, 177, 219, 219, 85, 127, 243, 72, 198, 106, 82, 161,
       144, 160, 155, 197, 21, 239, 171, 181, 136, 9, 140, 151, 74, 86,
       161, 95, 233, 209, 82, 75, 154, 245, 185, 148, 31, 127, 128, 6,
       167, 74, 252, 100, 253, 103, 143, 107, 71, 168, 82, 166, 169, 24,
       83, 117, 73, 59, 25, 212, 104, 98, 104, 103, 249, 10, 249, 206,
       69, 52, 225, 251, 70, 98, 197, 253, 157, 119, 153, 78, 22, 172,
       122, 242, 43, 8, 246, 119, 73, 51, 145, 86, 104, 106, 97, 224,
       251, 47, 105, 186, 69, 52, 200, 115, 199, 34, 244, 68, 92, 118,
       168, 106, 87, 56, 48, 178, 167, 56, 87, 119, 137, 123, 19, 212,
       108, 106, 104, 101, 201, 14, 241, 171, 101, 20, 96, 243, 70, 32,
       116, 133, 125, 103, 149, 79, 71, 184, 102, 160, 171, 8, 83, 113,
       9, 112, 49, 212, 72, 122, 104, 177, 121, 30, 253, 239, 5, 20, 113,
       187, 64, 34, 116, 97, 59, 102, 81, 70, 231, 232, 232, 160, 235,
       10, 80, 223, 13, 48, 184, 253, 115, 235, 65, 243, 184, 72, 113,
       172, 143, 4, 65, 51, 103, 162, 81, 85, 93, 101, 48, 6, 79, 48,
       100, 232, 239, 68, 211, 51, 129, 113, 116, 196, 92, 238, 233, 144,
       117, 14, 230, 239, 162, 128, 40, 178, 96, 49, 208, 156, 157, 122,
       136, 228, 21, 135, 178, 19, 166, 16, 119, 183, 64, 123, 133, 119,
       104, 16, 59, 77, 187, 35, 217, 163, 116, 89, 176, 64, 135, 58, 77,
       117, 113, 103, 117, 30, 118, 184, 121, 168, 123, 105, 206, 121,
       157, 180, 150, 92, 117, 111, 228, 240, 233, 142, 39, 252, 5, 6,
       66, 183, 66, 39, 5, 49, 115, 69, 80, 94, 99, 48, 97, 192, 103, 72,
       211, 21, 129, 180, 16, 60, 64, 106, 65, 176, 241, 12, 5, 168, 32,
       0, 99, 163, 70, 164, 100, 181, 153, 67, 241, 111, 49, 25, 59, 185,
       41, 24, 222, 119, 72, 58, 145, 30, 96, 48, 19, 112, 249, 2, 15,
       158, 21, 102, 192, 66, 199, 163, 145, 142, 141, 127, 180, 170,
       111, 191, 118, 43, 114, 84, 243, 33, 144, 120, 17, 110, 44, 28,
       185, 252, 77, 63, 232, 175, 53, 192, 224, 192, 192, 41, 129, 174,
       159, 251, 164, 171, 105, 151, 118, 19, 66, 240, 181, 227, 208,
       105, 115, 42, 34, 28, 51, 220, 175, 49, 204, 130, 119, 64, 184,
       192, 225, 168, 230, 236, 148, 190, 137, 237, 22, 174, 155, 30,
       161, 25, 174, 250, 69, 159, 129, 115, 232, 82, 110, 111, 218, 179,
       169, 210, 85, 59, 208, 125, 14, 14, 129, 174, 155, 187, 232, 169,
       109, 135, 118, 19, 66, 208, 181, 226, 224, 75, 99, 42, 106, 28,
       51, 92, 143, 115, 204, 130, 118, 64, 152, 192, 161, 168, 38, 237,
       18, 190, 217, 205, 22, 224, 159, 132, 169, 9, 230, 232, 37, 144,
       200, 251, 202, 66, 110, 35, 218, 63, 185, 150, 5, 123, 80, 123,
       142, 134, 129, 166, 159, 155, 236, 169, 169, 159, 254, 19, 64,
       208, 181, 226, 240, 75, 67, 34, 106, 28, 51, 124, 142, 115, 76,
       130, 118, 104, 156, 192, 161, 168, 52, 69, 18, 142, 93, 71, 134,
       232, 148, 140, 235, 10, 70, 242, 41, 208, 248, 204, 74, 98, 72,
       163, 24, 78, 177, 36, 135, 31, 64, 59, 110, 130, 36, 85, 18, 188,
       89, 207, 6, 232, 158, 132, 233, 9, 198, 210, 41, 208, 216, 105,
       202, 98, 76, 35, 90, 30, 177, 180, 15, 59, 80, 59, 46, 134, 129,
       166, 207, 59, 164, 168, 101, 151, 118, 19, 102, 244, 179, 227,
       208, 105, 67, 46, 42, 12, 51, 252, 239, 51, 204, 227, 118, 64,
       252, 192, 193, 168, 68, 116, 155, 101, 193, 111, 55, 128, 121,
       234, 43, 24, 222, 117, 73, 58, 177, 84, 72, 50, 33, 244, 185, 10,
       229, 222, 69, 39, 192, 115, 71, 162, 120, 171, 126, 120, 154, 201,
       81, 119, 163, 21, 164, 56, 55, 183, 66, 18, 1, 178, 237, 16, 26,
       75, 162, 53, 219, 195, 112, 121, 98, 128, 198, 107, 120, 170, 187,
       248, 154, 233, 81, 83, 163, 21, 164, 56, 55, 151, 96, 90, 65, 179,
       109, 16, 26, 79, 162, 17, 219, 197, 48, 121, 176, 128, 166, 99,
       197, 222, 157, 247, 168, 46, 108, 191, 252, 186, 114, 84, 247,
       115, 0, 123, 135, 119, 124, 42, 241, 212, 91, 47, 173, 251, 119,
       128, 200, 240, 161, 41, 216, 160, 189, 248, 10, 233, 81, 22, 167,
       23, 166, 56, 55, 151, 64, 90, 3, 147, 237, 16, 26, 79, 178, 17,
       217, 195, 80, 121, 176, 192, 4, 106, 245, 79, 205, 39, 150, 42,
       71, 184, 116, 162, 234, 198, 83, 97, 153, 112, 121, 206, 32, 238,
