%YAML:1.0
---
descriptors: !!opencv-matrix
   rows: 234
   cols: 32
   dt: u
   data: [ 93, 93, 121, 103, 180, 78, 79, 188, 96, 232, 254, 96, 87, 119,
       137, 112, 86, 244, 92, 106, 233, 144, 121, 46, 227, 239, 37, 148,
       104, 243, 64, 49, 253, 113, 253, 102, 44, 78, 71, 184, 97, 250,
       183, 72, 83, 119, 201, 59, 22, 212, 124, 106, 201, 99, 249, 40,
       243, 233, 101, 52, 99, 243, 70, 113, 148, 189, 57, 231, 180, 15,
       79, 189, 52, 170, 251, 96, 215, 115, 137, 80, 55, 222, 29, 106,
       249, 176, 105, 62, 233, 239, 39, 148, 32, 243, 129, 33, 172, 48,
       189, 114, 173, 109, 81, 152, 91, 255, 181, 24, 223, 95, 73, 59,
       153, 81, 253, 58, 59, 102, 251, 18, 207, 219, 81, 127, 194, 107,
       70, 115, 252, 44, 252, 118, 136, 109, 85, 255, 163, 190, 164, 25,
       83, 115, 67, 27, 9, 214, 109, 42, 120, 103, 251, 42, 251, 203,
       117, 61, 227, 241, 198, 58, 252, 104, 252, 118, 136, 105, 85, 223,
       147, 182, 180, 25, 83, 225, 75, 27, 9, 214, 236, 18, 120, 103,
       218, 32, 91, 203, 117, 61, 227, 248, 206, 2, 120, 176, 253, 112,
       136, 237, 81, 151, 162, 191, 164, 24, 19, 183, 74, 58, 1, 214,
       236, 24, 27, 107, 178, 0, 219, 139, 117, 125, 226, 192, 198, 123,
       96, 109, 190, 252, 157, 205, 84, 230, 223, 138, 232, 8, 174, 251,
       37, 50, 201, 242, 251, 64, 106, 107, 210, 191, 187, 255, 86, 59,
       210, 88, 246, 10, 100, 180, 149, 115, 189, 109, 64, 173, 127, 57,
       163, 24, 222, 121, 76, 255, 145, 22, 108, 16, 59, 120, 219, 149,
       143, 218, 85, 118, 210, 72, 198, 34, 72, 140, 157, 255, 136, 237,
       21, 151, 182, 19, 96, 24, 182, 243, 0, 91, 129, 122, 40, 8, 50,
       72, 218, 49, 205, 162, 84, 120, 144, 64, 135, 170, 69, 241, 189,
       71, 157, 13, 230, 184, 110, 240, 43, 76, 254, 112, 89, 50, 145,
       70, 104, 126, 195, 96, 219, 49, 237, 188, 5, 62, 72, 51, 67, 34,
       69, 113, 16, 71, 1, 15, 102, 176, 104, 168, 43, 76, 214, 17, 9,
       48, 144, 68, 72, 106, 193, 176, 217, 12, 165, 156, 5, 6, 72, 51,
       67, 3, 204, 237, 198, 255, 252, 43, 238, 252, 63, 162, 251, 26,
       255, 235, 29, 65, 123, 239, 127, 226, 112, 247, 203, 238, 254,
       255, 239, 128, 167, 251, 225, 128, 135, 86, 127, 197, 38, 54, 191,
       24, 109, 202, 95, 231, 217, 95, 191, 106, 118, 85, 63, 238, 129,
       148, 37, 202, 103, 121, 235, 132, 6, 243, 37, 115, 156, 237, 246,
       191, 222, 47, 238, 254, 127, 162, 250, 26, 239, 234, 57, 64, 123,
       239, 110, 227, 252, 255, 203, 255, 191, 255, 207, 100, 229, 251,
       225, 128, 156, 113, 189, 231, 44, 14, 127, 184, 172, 186, 183, 0,
       223, 127, 25, 67, 254, 213, 125, 235, 232, 197, 201, 8, 231, 251,
       239, 148, 100, 179, 1, 33, 248, 154, 220, 122, 169, 249, 80, 87,
       131, 31, 181, 57, 47, 219, 106, 155, 207, 179, 237, 16, 26, 111,
       202, 49, 219, 209, 116, 123, 243, 200, 206, 11, 205, 112, 189,
       103, 9, 14, 71, 152, 113, 250, 167, 76, 215, 81, 73, 59, 146, 68,
       124, 106, 233, 228, 249, 8, 229, 251, 69, 52, 74, 51, 67, 50, 220,
       80, 189, 247, 44, 44, 121, 152, 175, 186, 183, 56, 223, 119, 201,
       91, 199, 85, 125, 58, 169, 69, 251, 0, 203, 251, 119, 188, 160,
       249, 1, 51, 125, 71, 125, 38, 180, 14, 71, 184, 96, 232, 187, 76,
       83, 97, 153, 83, 16, 196, 108, 110, 201, 33, 237, 12, 240, 233,
       101, 148, 104, 243, 210, 33, 84, 181, 185, 114, 155, 236, 17, 203,
       242, 149, 173, 24, 158, 247, 72, 58, 161, 219, 200, 16, 27, 107,
       186, 98, 219, 197, 21, 111, 224, 65, 167, 34, 220, 176, 189, 240,
       169, 237, 89, 31, 191, 59, 183, 24, 159, 255, 72, 59, 135, 151,
       125, 24, 187, 79, 251, 18, 219, 251, 117, 252, 194, 192, 198, 51,
       248, 188, 189, 120, 169, 253, 89, 223, 251, 123, 180, 24, 191,
       191, 64, 59, 133, 151, 253, 24, 187, 111, 242, 179, 219, 251, 117,
       120, 194, 72, 198, 59, 230, 236, 222, 255, 236, 169, 252, 239,
       190, 187, 240, 18, 253, 238, 92, 91, 239, 255, 127, 131, 98, 127,
       203, 227, 254, 191, 255, 168, 148, 248, 227, 137, 84, 149, 56,
       175, 180, 15, 127, 188, 44, 168, 222, 32, 215, 115, 8, 64, 246,
       223, 93, 235, 248, 184, 73, 61, 237, 237, 47, 212, 48, 179, 161,
       33, 117, 71, 85, 103, 180, 14, 103, 176, 96, 168, 111, 76, 211,
       97, 153, 50, 20, 68, 108, 110, 233, 176, 217, 46, 228, 238, 37,
       20, 104, 243, 82, 33, 205, 245, 157, 99, 156, 111, 103, 184, 82,
       243, 15, 24, 211, 113, 88, 42, 17, 78, 120, 126, 179, 112, 249,
       50, 237, 143, 101, 116, 200, 123, 209, 32, 248, 174, 252, 112,
       139, 169, 81, 207, 163, 183, 164, 185, 7, 231, 64, 27, 35, 211,
       237, 16, 58, 79, 170, 50, 219, 195, 117, 127, 224, 64, 134, 107,
       205, 52, 157, 117, 129, 110, 113, 19, 57, 243, 39, 20, 158, 55,
       65, 127, 133, 87, 120, 56, 49, 212, 241, 64, 207, 251, 87, 22,
       138, 96, 131, 51, 120, 168, 223, 122, 138, 233, 81, 199, 178, 23,
       164, 185, 55, 167, 64, 27, 33, 178, 109, 16, 58, 79, 162, 49, 217,
       195, 112, 121, 224, 192, 166, 106, 45, 113, 17, 101, 113, 95, 86,
       24, 105, 232, 109, 8, 218, 16, 77, 176, 144, 92, 80, 106, 65, 178,
       249, 12, 103, 221, 1, 54, 74, 179, 74, 182, 212, 32, 255, 97, 34,
       106, 33, 80, 96, 190, 39, 56, 83, 23, 193, 59, 54, 212, 68, 58,
       33, 245, 161, 8, 81, 171, 97, 4, 225, 161, 71, 161, 69, 113, 149,
       101, 33, 78, 119, 56, 104, 194, 99, 8, 222, 49, 73, 50, 144, 84,
       104, 106, 65, 240, 249, 72, 197, 186, 68, 6, 72, 51, 67, 50, 69,
       113, 17, 103, 1, 78, 23, 168, 104, 232, 43, 8, 222, 83, 73, 50,
       144, 85, 104, 106, 65, 48, 249, 72, 229, 184, 1, 6, 72, 51, 3, 34,
       248, 188, 156, 50, 169, 173, 80, 223, 178, 187, 164, 29, 55, 243,
       66, 27, 129, 230, 237, 20, 62, 79, 218, 51, 219, 195, 117, 121,
       234, 192, 202, 138, 148, 181, 25, 231, 180, 46, 79, 185, 52, 170,
       255, 96, 215, 115, 137, 80, 55, 222, 93, 122, 121, 144, 73, 62,
       233, 239, 39, 148, 160, 243, 129, 33, 252, 188, 252, 118, 137,
       109, 85, 255, 163, 190, 164, 25, 115, 119, 75, 27, 9, 246, 237,
       42, 56, 79, 218, 34, 251, 203, 117, 61, 227, 240, 198, 42, 148,
       196, 153, 191, 164, 42, 111, 188, 62, 171, 255, 16, 247, 227, 9,
       64, 119, 79, 63, 170, 106, 212, 203, 43, 236, 167, 255, 132, 164,
       243, 161, 161, 252, 112, 188, 114, 41, 111, 83, 152, 115, 186,
       165, 24, 223, 87, 73, 59, 145, 212, 124, 122, 43, 103, 251, 2,
       223, 219, 101, 117, 226, 251, 70, 50, 108, 180, 188, 115, 173,
       253, 81, 155, 127, 59, 173, 24, 223, 125, 72, 58, 153, 154, 236,
       16, 58, 110, 251, 147, 207, 223, 81, 127, 210, 72, 198, 50, 230,
       236, 206, 159, 236, 43, 238, 238, 191, 179, 250, 26, 206, 234, 60,
       75, 123, 239, 127, 179, 120, 255, 203, 250, 188, 62, 223, 156,
       149, 121, 227, 136, 232, 189, 188, 254, 157, 205, 84, 47, 219, 19,
       172, 24, 190, 185, 64, 18, 201, 178, 249, 16, 122, 107, 210, 183,
       251, 223, 84, 59, 210, 72, 214, 10, 252, 56, 159, 118, 40, 44, 85,
       146, 162, 190, 182, 120, 119, 55, 65, 91, 135, 215, 237, 0, 40,
       71, 194, 32, 211, 235, 117, 152, 224, 241, 6, 43, 104, 236, 150,
       252, 205, 205, 87, 230, 159, 146, 168, 8, 190, 187, 100, 82, 201,
       234, 123, 64, 106, 107, 210, 187, 251, 255, 214, 59, 82, 121, 242,
       138, 253, 253, 252, 247, 189, 31, 94, 188, 123, 250, 181, 57, 223,
       255, 75, 51, 183, 215, 253, 122, 232, 103, 251, 187, 251, 251,
       101, 188, 194, 243, 194, 83, 64, 168, 149, 249, 201, 237, 33, 143,
       142, 49, 32, 24, 182, 51, 64, 90, 129, 19, 106, 24, 19, 72, 211,
       49, 205, 146, 84, 120, 208, 72, 135, 42, 5, 45, 23, 83, 157, 205,
       103, 224, 214, 168, 105, 0, 242, 241, 97, 32, 217, 120, 98, 90,
       73, 242, 122, 62, 173, 158, 5, 40, 88, 123, 64, 160, 30, 229, 118,
       239, 223, 31, 254, 248, 127, 160, 255, 10, 207, 234, 61, 100, 127,
       205, 127, 235, 232, 243, 249, 254, 191, 223, 207, 52, 103, 251,
       225, 132, 69, 231, 1, 35, 180, 14, 102, 184, 106, 184, 59, 76,
