%YAML:1.0
---
descriptors: !!opencv-matrix
   rows: 251
   cols: 32
   dt: u
   data: [ 5, 223, 29, 119, 176, 14, 111, 182, 116, 202, 94, 100, 245,
       115, 153, 113, 55, 110, 60, 110, 225, 216, 93, 47, 236, 175, 39,
       128, 8, 242, 129, 57, 248, 48, 253, 118, 168, 237, 81, 87, 162,
       255, 164, 24, 19, 247, 66, 59, 5, 246, 252, 24, 59, 111, 250, 16,
       91, 235, 117, 121, 226, 192, 198, 115, 252, 44, 252, 114, 141,
       109, 87, 218, 211, 183, 181, 24, 83, 249, 79, 27, 9, 222, 236, 26,
       58, 103, 250, 50, 91, 203, 85, 125, 227, 249, 198, 34, 236, 48,
       189, 99, 173, 109, 209, 152, 91, 255, 37, 24, 222, 93, 73, 59,
       153, 84, 124, 58, 59, 102, 251, 18, 207, 219, 85, 127, 194, 123,
       70, 115, 252, 28, 157, 116, 168, 44, 85, 187, 176, 186, 182, 120,
       87, 119, 1, 91, 135, 215, 109, 34, 104, 101, 203, 34, 211, 235,
       117, 152, 96, 241, 198, 35, 212, 205, 94, 100, 152, 74, 79, 174,
       180, 166, 166, 25, 247, 99, 0, 83, 35, 247, 109, 106, 104, 197,
       73, 46, 249, 235, 101, 21, 32, 240, 132, 34, 104, 181, 188, 250,
       173, 253, 85, 47, 223, 127, 173, 24, 190, 189, 74, 187, 129, 147,
       249, 0, 58, 106, 114, 151, 239, 223, 84, 123, 210, 76, 198, 106,
       129, 174, 207, 187, 204, 169, 100, 207, 246, 19, 96, 212, 177,
       226, 224, 75, 105, 42, 10, 152, 51, 252, 206, 51, 76, 131, 246,
       104, 184, 200, 193, 168, 248, 136, 120, 120, 40, 141, 80, 87, 131,
       61, 180, 25, 55, 145, 66, 27, 136, 178, 205, 0, 26, 47, 194, 49,
       211, 193, 48, 121, 114, 136, 206, 11, 84, 165, 185, 114, 155, 233,
       17, 203, 162, 181, 173, 24, 31, 247, 72, 26, 35, 151, 232, 16, 26,
       107, 186, 114, 219, 197, 21, 125, 224, 65, 135, 98, 245, 207, 69,
       103, 180, 10, 111, 190, 112, 170, 123, 236, 211, 97, 145, 112, 17,
       198, 108, 110, 233, 176, 77, 46, 236, 174, 37, 148, 236, 242, 210,
       32, 220, 16, 188, 247, 172, 108, 89, 152, 239, 254, 183, 56, 223,
       255, 203, 123, 231, 213, 125, 58, 152, 69, 235, 128, 219, 251,
       119, 181, 162, 225, 13, 113, 197, 14, 205, 71, 180, 42, 111, 184,
       116, 170, 122, 244, 211, 97, 145, 112, 17, 198, 108, 62, 169, 240,
       77, 46, 236, 174, 37, 132, 236, 243, 210, 33, 234, 188, 182, 254,
       173, 237, 92, 239, 191, 187, 176, 24, 238, 255, 84, 91, 205, 255,
       255, 145, 58, 111, 219, 243, 159, 219, 215, 122, 210, 216, 230,
       187, 234, 188, 180, 248, 173, 253, 93, 223, 255, 191, 188, 25,
       190, 253, 86, 27, 205, 246, 255, 16, 186, 111, 242, 179, 219, 219,
       215, 123, 210, 204, 214, 123, 248, 188, 190, 248, 173, 253, 81,
       223, 255, 95, 180, 25, 190, 189, 82, 59, 205, 179, 253, 25, 190,
       111, 242, 147, 219, 223, 84, 123, 210, 76, 198, 91, 229, 79, 197,
       87, 180, 42, 103, 190, 116, 162, 106, 240, 243, 97, 145, 121, 19,
       206, 36, 110, 233, 240, 77, 46, 172, 174, 229, 0, 236, 243, 208,
       32, 193, 119, 149, 101, 36, 14, 102, 56, 104, 170, 43, 76, 215,
       113, 25, 51, 144, 68, 108, 110, 225, 240, 217, 8, 165, 250, 69,
       20, 72, 243, 66, 33, 205, 116, 153, 103, 165, 110, 119, 57, 120,
       234, 99, 24, 222, 49, 9, 59, 145, 68, 104, 42, 97, 244, 185, 10,
       229, 255, 69, 6, 72, 115, 195, 35, 197, 244, 189, 19, 172, 111,
       231, 152, 122, 251, 15, 92, 214, 112, 217, 43, 17, 78, 120, 127,
       241, 116, 249, 50, 237, 15, 101, 116, 200, 123, 211, 48, 208, 24,
       159, 252, 136, 100, 77, 54, 160, 19, 162, 16, 119, 55, 32, 123,
       97, 246, 125, 136, 57, 77, 179, 32, 209, 163, 114, 24, 160, 224,
       38, 58, 248, 180, 156, 50, 136, 233, 85, 158, 179, 55, 164, 57,
       23, 183, 74, 27, 129, 211, 237, 16, 58, 79, 202, 49, 219, 195,
       117, 125, 224, 80, 142, 11, 220, 190, 253, 112, 170, 232, 81, 151,
       178, 183, 164, 185, 31, 183, 64, 27, 39, 247, 109, 144, 58, 79,
       170, 34, 217, 195, 117, 125, 224, 192, 134, 106, 248, 186, 254,
       120, 170, 233, 81, 215, 182, 31, 164, 189, 55, 167, 66, 27, 39,
       178, 237, 16, 58, 79, 130, 49, 219, 195, 116, 121, 240, 192, 134,
       123, 69, 113, 145, 69, 65, 78, 55, 40, 105, 192, 99, 8, 222, 19,
       73, 182, 144, 84, 96, 106, 65, 48, 177, 72, 37, 184, 0, 6, 74, 51,
       67, 34, 152, 50, 253, 97, 162, 107, 65, 83, 160, 191, 166, 56, 19,
       7, 64, 27, 47, 148, 100, 56, 56, 117, 161, 0, 89, 139, 113, 116,
       225, 224, 198, 35, 248, 154, 252, 122, 170, 169, 81, 151, 195, 31,
       180, 56, 51, 177, 98, 27, 9, 178, 237, 24, 58, 111, 194, 49, 219,
       203, 116, 121, 243, 200, 206, 43, 228, 112, 56, 97, 64, 15, 83,
       24, 96, 172, 37, 12, 210, 19, 73, 16, 16, 28, 64, 106, 0, 118,
       249, 8, 197, 136, 33, 52, 64, 163, 66, 163, 116, 101, 85, 103, 17,
       74, 71, 40, 33, 160, 235, 136, 211, 119, 9, 246, 16, 212, 104,
       106, 73, 208, 249, 14, 181, 166, 5, 21, 32, 179, 6, 32, 244, 42,
       204, 180, 138, 32, 93, 159, 162, 183, 134, 185, 87, 167, 67, 91,
       67, 214, 109, 136, 40, 71, 203, 32, 217, 227, 245, 189, 160, 240,
       134, 106, 37, 229, 57, 75, 221, 93, 214, 172, 95, 113, 45, 24,
       214, 60, 76, 164, 145, 90, 66, 114, 87, 48, 121, 23, 47, 222, 21,
       119, 210, 26, 214, 166, 240, 172, 220, 114, 168, 173, 81, 215,
       178, 191, 164, 29, 55, 227, 66, 27, 13, 178, 109, 28, 58, 79, 218,
       51, 219, 203, 117, 121, 232, 192, 206, 43, 205, 53, 149, 71, 225,
       126, 54, 184, 121, 234, 47, 24, 222, 112, 77, 191, 145, 93, 112,
       122, 117, 240, 249, 10, 47, 223, 69, 6, 202, 115, 203, 167, 13,
       221, 27, 103, 176, 14, 111, 188, 116, 234, 126, 100, 247, 119,
       129, 112, 54, 126, 28, 110, 225, 144, 121, 47, 229, 239, 39, 128,
       40, 242, 1, 57, 120, 176, 255, 112, 168, 236, 85, 87, 162, 191,
       164, 24, 59, 247, 64, 59, 3, 182, 253, 16, 26, 79, 242, 16, 219,
       235, 117, 121, 226, 192, 198, 107, 93, 221, 127, 103, 176, 78, 79,
       188, 96, 232, 254, 68, 115, 119, 137, 112, 86, 212, 92, 106, 233,
       144, 121, 46, 227, 239, 37, 148, 104, 243, 192, 57, 237, 113, 125,
       103, 168, 78, 87, 184, 97, 248, 183, 72, 223, 117, 201, 51, 148,
       212, 124, 106, 233, 240, 249, 8, 227, 249, 101, 20, 104, 179, 66,
       113, 252, 189, 253, 118, 137, 109, 85, 159, 179, 191, 164, 24, 83,
       247, 72, 31, 9, 214, 236, 10, 120, 103, 250, 34, 219, 203, 117,
       61, 226, 240, 198, 34, 224, 188, 153, 250, 200, 237, 5, 207, 222,
       27, 160, 24, 182, 243, 72, 123, 129, 18, 106, 24, 115, 111, 218,
       51, 253, 163, 117, 124, 208, 88, 135, 162, 248, 28, 157, 244, 168,
       44, 85, 183, 178, 187, 182, 120, 95, 183, 64, 91, 135, 247, 253,
       0, 56, 79, 210, 32, 219, 235, 117, 152, 224, 240, 198, 59, 85,
       213, 61, 231, 176, 110, 79, 188, 36, 232, 255, 96, 247, 119, 136,
       112, 22, 214, 92, 106, 249, 144, 121, 62, 233, 239, 37, 148, 32,
       243, 128, 49, 85, 149, 57, 239, 180, 46, 79, 190, 116, 168, 255,
       64, 215, 119, 136, 112, 87, 214, 93, 106, 169, 144, 105, 31, 233,
       237, 39, 148, 32, 243, 128, 33, 236, 112, 189, 103, 40, 78, 87,
       152, 114, 250, 167, 24, 215, 87, 73, 59, 148, 212, 124, 122, 105,
       116, 249, 32, 199, 217, 101, 52, 192, 179, 70, 115, 104, 181, 21,
       97, 173, 79, 84, 189, 127, 57, 41, 24, 222, 57, 72, 176, 145, 30,
       120, 48, 91, 112, 217, 151, 239, 223, 85, 119, 218, 74, 194, 2,
       196, 237, 254, 191, 236, 139, 239, 252, 190, 179, 242, 27, 215,
       234, 89, 75, 239, 231, 127, 211, 250, 255, 203, 115, 252, 171,
       255, 188, 133, 251, 243, 137, 104, 180, 189, 123, 173, 253, 81,
       31, 127, 59, 173, 24, 222, 125, 74, 58, 153, 18, 253, 16, 58, 106,
       251, 147, 207, 223, 80, 127, 210, 72, 198, 114, 37, 125, 23, 83,
       221, 141, 103, 224, 214, 128, 105, 8, 210, 241, 97, 32, 217, 104,
       98, 122, 73, 114, 122, 62, 45, 156, 5, 104, 216, 59, 82, 162, 110,
       253, 182, 252, 157, 197, 214, 230, 223, 162, 168, 8, 170, 255,
       101, 50, 201, 251, 251, 64, 120, 107, 210, 186, 187, 255, 135, 59,
