%YAML:1.0
---
descriptors: !!opencv-matrix
   rows: 152
   cols: 32
   dt: u
   data: [ 216, 252, 158, 246, 139, 106, 21, 182, 176, 183, 134, 185,
       255, 119, 2, 91, 35, 247, 249, 160, 56, 207, 187, 47, 251, 227,
       93, 17, 162, 112, 175, 122, 220, 60, 158, 246, 139, 116, 85, 183,
       177, 222, 166, 24, 126, 247, 67, 123, 165, 247, 253, 34, 120, 79,
       187, 170, 251, 227, 85, 27, 162, 112, 175, 123, 252, 252, 188,
       114, 203, 125, 85, 138, 251, 255, 164, 25, 94, 255, 79, 27, 161,
       215, 233, 18, 58, 103, 186, 114, 219, 219, 85, 127, 194, 113, 198,
       82, 228, 104, 190, 118, 169, 44, 85, 132, 251, 190, 166, 25, 223,
       255, 85, 91, 129, 246, 125, 90, 40, 101, 154, 32, 219, 251, 85,
       25, 194, 113, 198, 98, 212, 100, 156, 182, 172, 42, 70, 136, 242,
       178, 131, 89, 215, 225, 73, 27, 145, 196, 108, 123, 40, 101, 203,
       32, 248, 162, 101, 52, 160, 115, 210, 2, 117, 249, 156, 100, 168,
       78, 85, 191, 34, 186, 166, 13, 215, 51, 67, 18, 179, 196, 124,
       108, 72, 99, 241, 8, 251, 239, 101, 52, 232, 240, 66, 123, 84,
       120, 159, 116, 136, 108, 69, 151, 163, 186, 174, 8, 183, 247, 65,
       59, 33, 246, 108, 74, 73, 67, 251, 32, 211, 227, 117, 56, 96, 241,
       134, 42, 13, 120, 81, 71, 112, 14, 102, 184, 104, 232, 119, 108,
       215, 87, 129, 176, 22, 124, 84, 106, 193, 176, 249, 44, 36, 189,
       37, 132, 74, 179, 66, 177, 69, 107, 220, 103, 160, 42, 111, 152,
       96, 174, 39, 8, 215, 99, 201, 90, 18, 196, 108, 110, 8, 208, 201,
       40, 228, 175, 101, 20, 160, 243, 66, 33, 244, 213, 61, 110, 156,
       47, 71, 184, 213, 166, 167, 28, 211, 97, 9, 83, 81, 196, 108, 110,
       40, 37, 121, 31, 235, 255, 69, 20, 250, 251, 212, 34, 131, 180,
       45, 217, 180, 191, 235, 23, 94, 97, 83, 214, 177, 4, 188, 100, 95,
       14, 18, 61, 179, 188, 117, 95, 45, 62, 186, 64, 220, 136, 209,
       252, 124, 97, 120, 99, 92, 79, 83, 88, 98, 172, 173, 8, 83, 17,
       72, 48, 24, 156, 68, 106, 72, 114, 249, 28, 255, 141, 33, 61, 96,
       131, 70, 162, 221, 94, 173, 101, 160, 126, 95, 144, 225, 254, 151,
       92, 223, 61, 147, 123, 23, 244, 125, 127, 169, 197, 253, 10, 235,
       235, 101, 212, 174, 243, 87, 113, 193, 31, 159, 181, 32, 46, 47,
       55, 56, 202, 90, 245, 247, 38, 131, 83, 54, 103, 108, 46, 225,
       212, 129, 10, 228, 163, 110, 128, 8, 240, 163, 89, 104, 168, 152,
       184, 141, 233, 81, 11, 223, 53, 132, 25, 166, 145, 66, 200, 201,
       42, 235, 17, 26, 107, 194, 17, 223, 213, 81, 123, 210, 12, 222,
       138, 64, 62, 159, 117, 34, 10, 37, 51, 184, 142, 114, 124, 247,
       35, 128, 27, 166, 119, 108, 0, 48, 216, 129, 72, 196, 162, 118,
       128, 200, 224, 7, 41, 69, 117, 49, 69, 17, 79, 52, 41, 104, 224,
       106, 8, 214, 52, 1, 48, 144, 20, 64, 32, 65, 240, 241, 12, 37,
       156, 5, 22, 64, 114, 71, 34, 93, 246, 157, 33, 168, 127, 87, 186,
       99, 254, 175, 124, 215, 119, 75, 123, 133, 196, 236, 126, 253,
       101, 249, 50, 235, 247, 101, 116, 234, 243, 142, 115, 125, 232,
       144, 82, 73, 125, 64, 200, 243, 179, 165, 24, 10, 210, 79, 190,
       137, 204, 200, 26, 14, 103, 250, 176, 155, 221, 21, 127, 194, 117,
       78, 134, 220, 252, 222, 246, 139, 120, 93, 166, 179, 183, 166,
       185, 127, 247, 67, 31, 35, 247, 237, 130, 56, 79, 251, 33, 251,
       243, 85, 59, 162, 245, 142, 122, 100, 69, 29, 111, 152, 79, 71,
       168, 52, 162, 235, 8, 211, 115, 9, 113, 208, 212, 120, 106, 105,
       146, 121, 46, 229, 174, 69, 20, 80, 123, 86, 34, 216, 188, 190,
       246, 139, 100, 85, 238, 177, 190, 166, 25, 126, 247, 67, 91, 163,
       247, 253, 130, 124, 79, 187, 224, 219, 251, 85, 27, 162, 112, 166,
       75, 124, 48, 185, 116, 140, 109, 81, 26, 226, 183, 175, 8, 215,
       181, 73, 58, 129, 214, 124, 8, 9, 97, 251, 0, 219, 207, 117, 60,
       200, 99, 70, 50, 213, 96, 157, 165, 140, 42, 70, 136, 162, 178,
       162, 92, 215, 97, 73, 27, 17, 196, 108, 122, 41, 101, 203, 0, 184,
       130, 101, 52, 168, 113, 130, 0, 80, 121, 188, 101, 56, 14, 85, 55,
       34, 168, 162, 8, 183, 51, 65, 18, 130, 244, 108, 8, 72, 250, 209,
       8, 251, 235, 101, 52, 96, 160, 66, 43, 80, 233, 153, 118, 200, 76,
       71, 149, 162, 177, 172, 8, 55, 183, 65, 58, 4, 254, 108, 74, 72,
       75, 250, 32, 243, 165, 101, 56, 224, 242, 134, 42, 246, 48, 150,
       30, 203, 124, 20, 207, 187, 219, 161, 93, 110, 234, 77, 219, 133,
       247, 232, 16, 63, 71, 154, 98, 155, 178, 85, 59, 200, 116, 138,
       23, 109, 162, 152, 35, 176, 15, 66, 152, 106, 185, 61, 93, 215,
       97, 90, 26, 145, 68, 76, 126, 158, 112, 201, 0, 206, 221, 37, 244,
       200, 227, 202, 1, 65, 113, 17, 101, 16, 78, 103, 48, 104, 192, 98,
       72, 214, 17, 1, 48, 16, 84, 88, 106, 65, 176, 177, 12, 165, 168,
       1, 0, 72, 51, 67, 50, 212, 67, 157, 231, 172, 14, 71, 184, 96,
       186, 178, 72, 215, 97, 153, 43, 19, 84, 108, 106, 104, 97, 235,
       40, 233, 163, 101, 20, 64, 251, 5, 41, 244, 48, 188, 246, 140,
       108, 81, 152, 226, 179, 135, 24, 215, 113, 73, 27, 129, 212, 125,
       26, 58, 101, 219, 0, 217, 227, 117, 125, 168, 107, 86, 34, 100,
       103, 29, 103, 36, 78, 102, 184, 121, 170, 59, 72, 214, 109, 29,
       51, 144, 213, 108, 106, 233, 240, 217, 110, 165, 190, 69, 4, 64,
       243, 70, 32, 33, 104, 179, 88, 77, 253, 225, 70, 235, 83, 224, 24,
       178, 152, 84, 63, 201, 42, 114, 24, 3, 126, 242, 97, 5, 152, 208,
       40, 200, 88, 210, 172, 99, 184, 251, 88, 194, 237, 177, 71, 250,
       83, 124, 56, 56, 156, 196, 60, 175, 59, 114, 17, 147, 122, 178,
       113, 93, 30, 80, 106, 193, 64, 231, 255, 44, 97, 121, 97, 116, 79,
       71, 184, 97, 172, 253, 8, 211, 85, 9, 48, 24, 220, 68, 106, 72,
       178, 105, 28, 103, 157, 33, 52, 66, 187, 70, 227, 217, 61, 191,
       53, 160, 110, 93, 55, 48, 238, 70, 84, 255, 55, 3, 123, 183, 119,
       124, 46, 233, 212, 177, 10, 233, 235, 119, 0, 168, 240, 165, 121,
       217, 190, 159, 181, 162, 78, 53, 55, 176, 251, 38, 92, 247, 55,
       66, 27, 167, 119, 108, 8, 113, 220, 147, 8, 201, 227, 125, 0, 168,
       96, 131, 123, 208, 180, 63, 250, 170, 236, 17, 19, 190, 31, 163,
       56, 150, 191, 72, 91, 167, 19, 109, 16, 50, 109, 178, 83, 217,
       162, 114, 123, 208, 64, 135, 35, 116, 96, 157, 118, 136, 47, 69,
       136, 32, 178, 163, 24, 215, 115, 73, 27, 145, 84, 104, 58, 8, 101,
       219, 2, 201, 171, 85, 52, 224, 115, 66, 34, 248, 160, 156, 112,
       136, 233, 81, 95, 162, 181, 164, 24, 23, 147, 64, 27, 129, 150,
       236, 16, 26, 111, 194, 17, 219, 193, 117, 125, 224, 200, 198, 42,
       244, 220, 221, 118, 232, 108, 71, 184, 179, 186, 167, 88, 83, 247,
       73, 123, 5, 246, 108, 106, 105, 71, 251, 35, 251, 171, 101, 28,
       224, 243, 198, 33, 228, 172, 156, 118, 137, 109, 84, 175, 178,
       183, 164, 25, 226, 243, 75, 91, 193, 70, 104, 16, 58, 79, 219, 50,
       203, 147, 85, 125, 152, 112, 202, 10, 197, 117, 157, 103, 96, 14,
       231, 184, 104, 162, 107, 72, 214, 113, 9, 51, 148, 84, 104, 106,
       97, 240, 217, 10, 229, 186, 103, 20, 72, 115, 67, 48, 225, 181,
       17, 84, 205, 253, 64, 7, 235, 113, 168, 24, 182, 152, 68, 59, 129,
       54, 120, 24, 55, 111, 242, 17, 31, 152, 81, 122, 200, 72, 195, 46,
       161, 232, 187, 123, 77, 237, 229, 199, 234, 91, 224, 24, 178, 152,
       84, 42, 201, 42, 90, 25, 7, 111, 242, 33, 133, 152, 86, 58, 216,
       88, 211, 174, 1, 128, 47, 251, 148, 239, 233, 3, 126, 113, 71, 16,
       215, 85, 56, 105, 65, 38, 58, 57, 51, 252, 121, 29, 205, 171, 242,
       84, 144, 8, 213, 96, 217, 180, 159, 181, 162, 108, 85, 55, 50,
       223, 102, 28, 255, 183, 66, 59, 55, 191, 124, 28, 57, 220, 179, 2,
       203, 227, 117, 0, 168, 192, 135, 123, 211, 170, 151, 58, 169, 172,
       64, 135, 251, 19, 160, 92, 166, 226, 84, 127, 161, 231, 108, 29,
       63, 111, 142, 115, 152, 50, 84, 120, 200, 68, 227, 44, 44, 117,
       115, 102, 81, 78, 119, 240, 161, 136, 109, 8, 95, 215, 41, 16,
