%YAML:1.0
---
descriptors: !!opencv-matrix
   rows: 286
   cols: 32
   dt: u
   data: [ 236, 124, 181, 119, 169, 110, 71, 152, 123, 186, 39, 24, 214,
       119, 73, 59, 145, 84, 104, 122, 49, 68, 251, 34, 205, 250, 85, 54,
       194, 115, 199, 50, 100, 113, 57, 71, 100, 15, 103, 56, 104, 172,
       103, 72, 211, 81, 9, 48, 144, 92, 68, 106, 200, 240, 249, 12, 101,
       152, 37, 52, 64, 179, 70, 161, 240, 174, 220, 114, 168, 173, 85,
       223, 178, 191, 164, 25, 55, 227, 66, 27, 9, 246, 109, 24, 58, 111,
       218, 51, 219, 195, 117, 121, 224, 192, 198, 43, 77, 112, 145, 69,
       65, 92, 54, 8, 105, 224, 35, 8, 222, 20, 73, 62, 144, 92, 96, 82,
       65, 112, 177, 0, 5, 152, 69, 38, 202, 51, 3, 166, 208, 34, 255,
       112, 162, 107, 65, 83, 176, 182, 164, 56, 19, 151, 193, 27, 39,
       180, 68, 24, 56, 199, 162, 0, 89, 139, 113, 32, 225, 224, 70, 225,
       45, 113, 49, 97, 17, 95, 82, 8, 105, 232, 45, 8, 218, 22, 77, 52,
       144, 156, 68, 122, 73, 50, 241, 12, 231, 221, 1, 54, 74, 35, 66,
       182, 240, 185, 126, 120, 186, 233, 81, 119, 178, 21, 164, 56, 55,
       151, 64, 27, 9, 178, 77, 16, 58, 79, 162, 53, 219, 131, 112, 121,
       226, 128, 198, 235, 240, 174, 252, 112, 170, 169, 81, 223, 179,
       191, 172, 185, 55, 231, 66, 26, 39, 151, 237, 144, 58, 79, 138,
       35, 217, 199, 117, 121, 224, 192, 134, 107, 205, 113, 157, 103,
       129, 78, 55, 40, 121, 226, 103, 8, 222, 119, 73, 51, 144, 93, 120,
       106, 97, 240, 249, 104, 239, 251, 69, 6, 74, 115, 3, 51, 205, 116,
       149, 103, 161, 110, 119, 184, 121, 234, 107, 8, 222, 113, 73, 59,
       146, 84, 104, 106, 97, 244, 249, 10, 229, 255, 69, 6, 72, 115, 67,
       51, 37, 125, 145, 69, 213, 95, 102, 184, 123, 232, 42, 72, 214,
       80, 69, 182, 144, 92, 80, 122, 65, 240, 121, 46, 45, 156, 5, 54,
       74, 59, 67, 172, 205, 120, 149, 116, 41, 124, 83, 16, 233, 250,
       167, 8, 222, 119, 65, 63, 128, 116, 108, 122, 33, 101, 187, 104,
       195, 251, 65, 22, 202, 113, 71, 51, 252, 188, 247, 114, 171, 249,
       81, 215, 243, 63, 164, 56, 46, 247, 76, 191, 167, 214, 236, 24,
       58, 111, 170, 99, 219, 219, 85, 127, 226, 208, 198, 111, 36, 241,
       49, 75, 93, 77, 199, 168, 66, 48, 37, 8, 210, 85, 13, 48, 153, 88,
       64, 106, 75, 32, 123, 21, 101, 156, 1, 60, 80, 59, 70, 162, 133,
       93, 27, 103, 176, 14, 111, 188, 116, 234, 126, 100, 247, 115, 153,
       112, 54, 110, 60, 238, 225, 144, 125, 46, 236, 175, 39, 128, 40,
       243, 129, 57, 253, 113, 253, 103, 40, 78, 71, 184, 97, 250, 183,
       72, 91, 117, 201, 51, 22, 212, 124, 106, 201, 99, 249, 40, 243,
       233, 101, 52, 107, 243, 70, 113, 125, 93, 125, 102, 168, 78, 79,
       184, 225, 232, 191, 72, 83, 119, 137, 115, 20, 212, 124, 106, 201,
       163, 249, 44, 243, 233, 101, 20, 106, 243, 98, 49, 93, 38, 204,
       71, 180, 62, 110, 152, 113, 170, 255, 16, 67, 97, 223, 254, 113,
       204, 108, 190, 172, 208, 237, 42, 174, 255, 165, 133, 235, 247,
       106, 4, 237, 199, 92, 107, 176, 31, 86, 188, 95, 43, 63, 124, 215,
       96, 138, 244, 151, 70, 12, 126, 246, 176, 73, 63, 174, 255, 37,
       116, 90, 139, 200, 5, 92, 213, 25, 239, 176, 78, 79, 189, 52, 232,
       251, 96, 247, 119, 136, 112, 86, 214, 93, 106, 121, 144, 121, 63,
       225, 239, 37, 148, 32, 243, 128, 49, 160, 170, 204, 83, 72, 233,
       225, 67, 170, 55, 164, 153, 163, 131, 70, 27, 9, 162, 235, 16, 58,
       111, 194, 49, 94, 131, 80, 121, 193, 136, 206, 138, 236, 52, 189,
       115, 237, 125, 81, 152, 91, 255, 181, 24, 222, 95, 75, 59, 145,
       208, 255, 56, 59, 102, 251, 18, 207, 219, 81, 127, 210, 75, 70,
       115, 148, 252, 153, 167, 180, 46, 111, 152, 54, 170, 91, 112, 215,
       119, 9, 64, 119, 95, 61, 122, 41, 148, 201, 42, 237, 231, 47, 132,
       164, 243, 129, 49, 252, 252, 245, 118, 136, 111, 69, 190, 179,
       190, 164, 24, 83, 119, 201, 27, 1, 214, 109, 42, 104, 71, 251, 42,
       251, 203, 117, 60, 227, 241, 198, 106, 221, 38, 148, 50, 169, 60,
       72, 155, 235, 187, 163, 92, 207, 226, 203, 219, 133, 199, 108, 28,
       188, 71, 203, 2, 154, 251, 119, 255, 138, 229, 139, 5, 226, 170,
       185, 222, 234, 224, 17, 143, 170, 189, 160, 57, 100, 247, 68, 90,
       131, 119, 109, 16, 18, 79, 170, 113, 219, 176, 125, 255, 128, 96,
       135, 107, 120, 184, 255, 112, 168, 253, 81, 87, 227, 127, 164, 56,
       51, 183, 194, 59, 7, 182, 124, 24, 27, 107, 242, 17, 219, 235,
       112, 121, 224, 192, 198, 123, 252, 197, 220, 126, 139, 41, 22,
       172, 146, 150, 165, 57, 111, 227, 11, 219, 19, 214, 233, 98, 104,
       71, 218, 59, 242, 227, 69, 59, 114, 123, 142, 2, 93, 77, 93, 103,
       150, 78, 71, 184, 100, 160, 171, 8, 215, 115, 9, 113, 50, 213,
       124, 106, 105, 176, 89, 44, 237, 239, 37, 20, 96, 243, 192, 34,
       252, 12, 159, 116, 168, 44, 85, 182, 176, 186, 162, 120, 247, 119,
       1, 91, 135, 247, 109, 34, 120, 71, 203, 40, 211, 235, 117, 24,
       224, 240, 134, 43, 224, 190, 158, 60, 169, 56, 20, 167, 155, 187,
       184, 125, 230, 232, 66, 147, 133, 119, 236, 2, 124, 111, 202, 42,
       170, 247, 117, 59, 200, 120, 138, 27, 224, 252, 157, 254, 200,
       236, 17, 134, 154, 151, 100, 24, 182, 243, 97, 91, 193, 122, 106,
       24, 34, 78, 218, 49, 205, 163, 117, 56, 144, 88, 7, 170, 69, 241,
       149, 87, 25, 13, 22, 184, 106, 248, 43, 76, 246, 208, 73, 54, 145,
       68, 104, 122, 67, 96, 219, 49, 173, 156, 5, 62, 72, 51, 67, 6, 21,
       69, 25, 111, 20, 79, 71, 56, 118, 160, 107, 2, 83, 81, 25, 112,
       48, 252, 8, 106, 105, 176, 121, 62, 237, 206, 5, 20, 48, 187, 80,
       32, 77, 101, 252, 103, 160, 14, 127, 184, 61, 166, 111, 136, 223,
       119, 137, 114, 23, 213, 125, 238, 112, 208, 233, 78, 239, 255,
       101, 4, 226, 243, 199, 96, 245, 78, 206, 79, 36, 62, 70, 152, 117,
       170, 255, 84, 99, 97, 159, 252, 113, 196, 108, 110, 237, 181, 77,
       42, 178, 255, 97, 149, 107, 247, 120, 5, 129, 142, 207, 27, 128,
       171, 101, 159, 118, 147, 98, 212, 243, 225, 192, 121, 115, 46, 42,
       28, 51, 220, 79, 51, 140, 162, 117, 64, 188, 216, 208, 168, 120,
       174, 158, 248, 168, 161, 81, 215, 179, 31, 164, 185, 39, 163, 66,
       27, 15, 178, 237, 16, 58, 79, 130, 51, 219, 195, 116, 121, 176,
       192, 134, 107, 100, 181, 185, 99, 153, 109, 87, 142, 115, 189,
       172, 24, 214, 119, 72, 58, 145, 82, 104, 88, 58, 98, 251, 51, 239,
       159, 85, 127, 208, 115, 198, 98, 128, 174, 199, 27, 200, 169, 36,
       143, 246, 19, 226, 208, 177, 224, 192, 75, 97, 110, 106, 156, 51,
       220, 207, 51, 12, 34, 119, 64, 160, 73, 210, 136, 240, 170, 126,
       120, 170, 201, 81, 119, 162, 23, 164, 57, 55, 151, 64, 27, 43,
       178, 237, 16, 122, 111, 162, 53, 219, 195, 112, 121, 226, 128,
       230, 43, 216, 180, 156, 48, 169, 109, 16, 143, 186, 63, 165, 57,
       143, 179, 74, 27, 135, 151, 237, 16, 62, 79, 219, 19, 219, 211,
       117, 127, 192, 64, 143, 3, 81, 143, 95, 101, 180, 42, 111, 183,
       116, 42, 122, 116, 243, 33, 144, 112, 19, 102, 44, 44, 185, 184,
       69, 47, 232, 174, 52, 64, 232, 242, 192, 40, 37, 249, 17, 65, 213,
       95, 102, 184, 106, 232, 42, 72, 214, 80, 77, 180, 145, 76, 80,
       122, 65, 112, 249, 60, 45, 156, 5, 118, 202, 59, 66, 180, 157, 93,
       31, 101, 176, 14, 111, 188, 116, 234, 126, 100, 247, 119, 137,
       112, 54, 92, 28, 106, 233, 144, 121, 46, 228, 239, 39, 132, 40,
       242, 1, 57, 125, 93, 125, 103, 176, 78, 79, 188, 97, 232, 190, 64,
       83, 119, 137, 114, 22, 212, 124, 106, 233, 161, 121, 46, 227, 239,
       37, 148, 106, 243, 64, 49, 224, 170, 206, 57, 40, 169, 112, 71,
       174, 23, 164, 185, 163, 195, 66, 27, 139, 34, 111, 20, 62, 109,
       194, 49, 202, 195, 112, 121, 192, 200, 203, 138, 252, 112, 189,
       114, 40, 111, 83, 152, 251, 250, 165, 24, 215, 87, 73, 59, 145,
       212, 124, 122, 41, 103, 251, 2, 219, 219, 101, 60, 192, 243, 70,
       51, 252, 252, 253, 118, 169, 109, 85, 190, 179, 190, 164, 24, 115,
