%YAML:1.0
---
descriptors: !!opencv-matrix
   rows: 243
   cols: 32
   dt: u
   data: [ 37, 113, 17, 67, 213, 79, 103, 168, 122, 224, 43, 8, 214, 81,
       77, 180, 145, 92, 66, 122, 65, 240, 249, 62, 45, 156, 5, 54, 194,
       59, 71, 160, 44, 225, 57, 107, 88, 77, 87, 168, 66, 52, 45, 8,
       243, 85, 73, 48, 25, 90, 64, 106, 74, 98, 251, 53, 231, 137, 1,
       61, 80, 155, 70, 162, 5, 223, 31, 55, 176, 14, 111, 180, 116, 232,
       126, 100, 245, 99, 152, 112, 54, 110, 52, 110, 225, 216, 109, 47,
       236, 175, 39, 128, 8, 242, 129, 185, 125, 87, 109, 103, 52, 14,
       79, 184, 96, 234, 127, 76, 211, 97, 153, 114, 22, 196, 108, 110,
       233, 176, 109, 46, 236, 239, 37, 148, 104, 243, 66, 113, 252, 172,
       245, 86, 136, 109, 69, 191, 178, 191, 165, 24, 115, 119, 72, 31,
       1, 246, 109, 42, 56, 79, 251, 46, 249, 235, 117, 124, 225, 240,
       198, 106, 224, 140, 157, 250, 204, 237, 69, 207, 158, 19, 164, 24,
       182, 243, 104, 123, 193, 18, 106, 24, 50, 111, 218, 51, 221, 163,
       118, 121, 144, 72, 199, 42, 125, 85, 125, 103, 176, 78, 79, 188,
       96, 232, 191, 72, 119, 119, 137, 115, 54, 244, 124, 106, 201, 177,
       249, 44, 243, 233, 101, 16, 104, 243, 194, 57, 93, 213, 61, 231,
       176, 78, 79, 189, 36, 232, 255, 68, 215, 119, 136, 112, 22, 214,
       92, 106, 249, 145, 121, 47, 225, 239, 37, 148, 104, 243, 192, 113,
       149, 149, 25, 239, 180, 110, 79, 186, 52, 232, 255, 100, 215, 119,
       136, 112, 55, 222, 29, 106, 185, 152, 105, 63, 233, 237, 37, 148,
       168, 243, 193, 113, 236, 48, 189, 99, 173, 109, 83, 152, 123, 251,
       165, 24, 222, 85, 73, 59, 145, 84, 252, 58, 59, 100, 251, 18, 207,
       219, 65, 127, 194, 107, 70, 115, 149, 220, 187, 255, 180, 46, 111,
       188, 54, 203, 95, 112, 247, 247, 137, 96, 119, 95, 61, 186, 187,
       148, 233, 59, 236, 239, 191, 132, 164, 243, 161, 113, 236, 112,
       189, 99, 40, 111, 83, 152, 123, 254, 167, 24, 215, 85, 73, 59,
       145, 212, 124, 122, 41, 100, 249, 2, 199, 219, 101, 52, 192, 243,
       70, 115, 252, 94, 156, 116, 168, 44, 85, 190, 160, 186, 182, 120,
       95, 119, 1, 91, 135, 247, 109, 34, 104, 69, 203, 32, 211, 235,
       117, 152, 32, 241, 134, 35, 212, 197, 94, 228, 154, 74, 79, 175,
       180, 166, 174, 16, 215, 99, 0, 83, 35, 215, 109, 234, 104, 197,
       89, 46, 249, 227, 101, 21, 32, 240, 132, 42, 104, 181, 188, 251,
       173, 253, 84, 15, 223, 127, 173, 24, 190, 61, 74, 59, 129, 147,
       249, 16, 58, 106, 251, 147, 207, 223, 84, 123, 210, 72, 198, 74,
       224, 156, 159, 254, 136, 236, 21, 167, 150, 23, 96, 24, 183, 243,
       32, 89, 193, 122, 41, 0, 58, 78, 218, 51, 201, 167, 116, 120, 144,
       72, 135, 170, 238, 237, 214, 255, 253, 171, 254, 239, 191, 179,
       251, 18, 239, 234, 125, 203, 127, 255, 255, 147, 122, 239, 203,
       251, 188, 254, 223, 156, 199, 253, 227, 137, 120, 253, 182, 252,
       141, 253, 85, 231, 223, 135, 172, 25, 174, 189, 39, 27, 201, 242,
       249, 0, 126, 107, 242, 191, 251, 255, 212, 59, 210, 92, 214, 74,
       21, 229, 155, 99, 148, 79, 103, 232, 118, 176, 107, 0, 211, 241,
       105, 32, 57, 76, 50, 122, 73, 240, 57, 30, 237, 140, 5, 100, 208,
       251, 80, 160, 69, 103, 149, 39, 160, 46, 110, 152, 122, 170, 59,
       68, 223, 98, 201, 250, 151, 69, 108, 126, 145, 208, 201, 66, 172,
       254, 103, 196, 136, 243, 203, 5, 69, 113, 17, 103, 85, 14, 99,
       152, 104, 168, 107, 76, 214, 17, 9, 48, 144, 76, 64, 110, 129,
       240, 217, 12, 229, 188, 5, 22, 72, 51, 67, 33, 177, 142, 197, 85,
       180, 42, 101, 191, 116, 163, 98, 244, 211, 33, 144, 121, 19, 238,
       44, 60, 185, 252, 77, 14, 172, 174, 117, 64, 236, 224, 210, 40,
       60, 104, 123, 65, 66, 106, 99, 80, 96, 160, 102, 72, 83, 23, 193,
       56, 58, 252, 68, 122, 9, 244, 161, 8, 69, 137, 33, 0, 225, 179,
       70, 160, 229, 143, 13, 103, 180, 14, 111, 184, 112, 170, 123, 76,
       211, 97, 152, 112, 21, 102, 108, 110, 233, 180, 77, 47, 236, 175,
       37, 148, 72, 179, 210, 33, 232, 188, 188, 253, 173, 189, 92, 191,
       255, 187, 188, 24, 175, 249, 68, 27, 201, 230, 255, 24, 190, 111,
       242, 179, 219, 219, 85, 123, 210, 76, 214, 75, 233, 188, 188, 248,
       173, 253, 81, 215, 251, 127, 180, 24, 191, 185, 66, 59, 205, 179,
       255, 24, 186, 111, 242, 147, 219, 219, 84, 123, 210, 200, 202,
       107, 77, 117, 149, 103, 165, 110, 103, 184, 120, 234, 43, 8, 222,
       113, 9, 58, 144, 68, 104, 106, 65, 240, 249, 10, 231, 255, 69, 6,
       202, 115, 195, 34, 228, 237, 189, 103, 152, 111, 71, 175, 114,
       182, 171, 24, 211, 117, 8, 51, 17, 214, 104, 42, 121, 100, 249,
       62, 237, 175, 69, 52, 192, 115, 198, 32, 216, 56, 255, 116, 42,
       237, 65, 83, 162, 183, 164, 24, 55, 183, 64, 59, 35, 246, 108, 8,
       42, 77, 178, 0, 217, 203, 117, 56, 224, 192, 71, 107, 105, 188,
       177, 81, 217, 125, 85, 159, 123, 123, 44, 28, 158, 51, 70, 190,
       129, 94, 240, 24, 151, 122, 251, 51, 111, 221, 21, 126, 202, 84,
       202, 254, 205, 252, 189, 67, 172, 111, 231, 152, 82, 251, 47, 24,
       211, 113, 217, 43, 17, 68, 120, 122, 115, 116, 249, 50, 109, 143,
       101, 116, 200, 123, 209, 34, 240, 172, 189, 112, 138, 233, 17,
       207, 178, 183, 164, 56, 39, 247, 64, 27, 163, 215, 237, 16, 58,
       79, 170, 50, 219, 195, 117, 125, 224, 64, 134, 106, 210, 232, 148,
       186, 137, 253, 20, 207, 187, 23, 128, 25, 238, 242, 67, 159, 129,
       243, 232, 3, 46, 79, 218, 51, 153, 210, 93, 59, 144, 84, 143, 14,
       248, 170, 254, 120, 138, 233, 81, 71, 178, 23, 164, 185, 39, 167,
       64, 27, 33, 178, 237, 16, 58, 79, 162, 51, 217, 195, 112, 121,
       224, 192, 134, 106, 69, 71, 21, 103, 48, 14, 98, 24, 124, 168,
       107, 68, 215, 67, 153, 112, 148, 68, 108, 126, 225, 176, 77, 14,
       228, 190, 101, 4, 72, 179, 64, 33, 220, 50, 255, 96, 130, 106, 65,
       83, 48, 183, 165, 56, 19, 39, 192, 27, 39, 148, 68, 56, 56, 245,
       161, 2, 217, 203, 113, 52, 225, 224, 70, 227, 45, 113, 17, 97, 49,
       95, 83, 24, 105, 232, 47, 8, 214, 16, 77, 52, 144, 92, 84, 122,
       201, 176, 249, 12, 231, 221, 5, 54, 74, 51, 74, 183, 244, 42, 220,
       180, 138, 32, 93, 155, 162, 183, 166, 189, 87, 231, 75, 91, 67,
       215, 109, 148, 56, 71, 203, 0, 219, 227, 245, 189, 160, 241, 134,
       98, 37, 229, 49, 67, 221, 95, 214, 172, 95, 241, 45, 24, 214, 124,
       76, 188, 145, 92, 82, 122, 119, 112, 121, 22, 47, 222, 5, 119,
       210, 59, 198, 166, 13, 53, 145, 71, 177, 126, 118, 152, 123, 234,
       111, 8, 222, 114, 77, 180, 145, 92, 112, 122, 181, 240, 217, 110,
       111, 255, 5, 6, 202, 115, 75, 183, 69, 178, 149, 17, 169, 60, 12,
       159, 251, 187, 162, 92, 206, 178, 205, 255, 133, 71, 108, 28, 183,
       77, 203, 64, 136, 186, 119, 254, 136, 112, 139, 5, 13, 93, 31,
       103, 176, 14, 111, 184, 116, 200, 126, 100, 247, 115, 153, 112,
       54, 76, 60, 110, 225, 144, 57, 46, 228, 239, 39, 132, 104, 243, 1,
       57, 252, 172, 252, 118, 137, 109, 85, 255, 179, 191, 165, 24, 115,
       247, 72, 27, 9, 214, 237, 10, 56, 103, 250, 34, 219, 203, 117, 61,
       226, 240, 198, 34, 220, 176, 140, 183, 138, 38, 21, 159, 162, 183,
       134, 149, 215, 99, 75, 91, 101, 71, 253, 148, 56, 197, 219, 32,
       219, 227, 253, 181, 168, 113, 134, 114, 85, 213, 125, 103, 176,
       78, 79, 188, 96, 234, 255, 68, 247, 119, 136, 112, 86, 214, 92,
       106, 233, 144, 121, 47, 227, 239, 37, 148, 104, 243, 192, 49, 96,
       188, 157, 250, 200, 237, 17, 207, 222, 59, 160, 24, 182, 243, 72,
       27, 129, 18, 106, 16, 51, 107, 218, 49, 221, 130, 119, 124, 216,
       72, 135, 34, 85, 213, 125, 103, 184, 78, 71, 184, 97, 232, 191,
       76, 247, 119, 137, 115, 22, 214, 124, 106, 201, 129, 249, 45, 243,
       233, 101, 148, 96, 179, 198, 113, 198, 237, 254, 255, 236, 171,
       255, 254, 191, 179, 255, 26, 215, 235, 93, 75, 239, 231, 127, 219,
       186, 127, 203, 243, 254, 187, 127, 188, 133, 249, 227, 129, 108,
