%YAML:1.0
---
descriptors: !!opencv-matrix
   rows: 213
   cols: 32
   dt: u
   data: [ 108, 228, 184, 122, 201, 77, 87, 172, 51, 55, 173, 24, 210,
       119, 74, 26, 153, 210, 65, 90, 90, 98, 251, 51, 235, 159, 69, 127,
       194, 115, 198, 226, 108, 117, 49, 103, 29, 79, 71, 184, 101, 236,
       109, 8, 210, 85, 9, 52, 152, 84, 89, 106, 105, 240, 121, 30, 229,
       156, 5, 52, 64, 59, 70, 114, 44, 65, 41, 71, 101, 79, 71, 184, 81,
       236, 231, 8, 211, 85, 25, 52, 216, 220, 82, 106, 73, 178, 121, 14,
       229, 252, 5, 20, 82, 59, 86, 240, 5, 117, 17, 71, 117, 95, 230,
       184, 121, 232, 107, 72, 222, 81, 13, 176, 144, 92, 80, 106, 97,
       240, 249, 110, 37, 156, 5, 6, 74, 51, 67, 179, 37, 113, 49, 67,
       21, 79, 103, 168, 78, 232, 43, 8, 214, 81, 77, 180, 144, 92, 82,
       106, 65, 48, 121, 28, 45, 156, 5, 54, 72, 59, 64, 34, 133, 151,
       25, 103, 176, 14, 111, 189, 116, 232, 91, 100, 213, 115, 136, 112,
       22, 78, 60, 110, 241, 144, 121, 46, 236, 175, 39, 196, 40, 178,
       129, 49, 93, 85, 125, 103, 176, 78, 79, 184, 97, 232, 191, 64,
       211, 119, 137, 115, 22, 212, 92, 106, 201, 161, 249, 12, 227, 235,
       101, 20, 106, 243, 194, 49, 228, 112, 189, 98, 104, 108, 81, 152,
       234, 250, 165, 24, 215, 87, 73, 59, 129, 212, 124, 122, 41, 103,
       251, 32, 215, 219, 101, 60, 192, 243, 70, 115, 112, 180, 253, 116,
       168, 236, 81, 159, 179, 191, 164, 60, 55, 183, 64, 27, 39, 246,
       109, 24, 59, 79, 178, 1, 219, 202, 117, 120, 224, 192, 134, 123,
       212, 172, 221, 246, 168, 110, 77, 190, 179, 179, 163, 88, 87, 119,
       73, 91, 7, 214, 109, 58, 57, 77, 251, 44, 219, 226, 117, 84, 160,
       241, 134, 48, 252, 52, 252, 118, 201, 109, 85, 223, 178, 191, 164,
       24, 115, 247, 73, 27, 9, 214, 108, 24, 56, 103, 250, 34, 217, 203,
       117, 61, 225, 112, 198, 234, 232, 248, 188, 252, 141, 205, 85,
       175, 219, 51, 164, 24, 190, 189, 0, 59, 201, 242, 249, 0, 122,
       111, 242, 177, 251, 251, 84, 59, 82, 88, 214, 42, 29, 181, 144,
       67, 177, 31, 78, 189, 55, 171, 175, 116, 223, 115, 201, 180, 23,
       86, 220, 122, 251, 208, 89, 62, 170, 223, 37, 214, 170, 183, 138,
       49, 221, 38, 156, 178, 184, 62, 92, 155, 250, 187, 163, 93, 207,
       98, 75, 219, 151, 199, 108, 62, 188, 71, 203, 2, 218, 247, 117,
       253, 168, 225, 138, 1, 253, 217, 85, 78, 73, 93, 70, 184, 233,
       120, 172, 76, 122, 119, 141, 247, 4, 214, 236, 106, 73, 35, 251,
       61, 51, 248, 69, 62, 90, 187, 74, 53, 96, 180, 156, 218, 232, 237,
       65, 143, 218, 59, 169, 24, 182, 243, 72, 122, 129, 90, 106, 24,
       51, 106, 218, 51, 205, 182, 84, 124, 216, 72, 199, 42, 64, 172,
       153, 254, 200, 237, 17, 135, 146, 23, 104, 24, 182, 243, 96, 90,
       129, 122, 98, 24, 18, 78, 218, 51, 205, 167, 118, 120, 144, 88,
       135, 170, 100, 97, 59, 102, 88, 198, 231, 96, 248, 128, 235, 8,
       80, 247, 33, 48, 248, 253, 82, 234, 73, 227, 186, 78, 113, 172,
       143, 12, 65, 51, 102, 162, 117, 69, 125, 111, 22, 79, 71, 184,
       100, 160, 171, 8, 211, 113, 9, 112, 48, 212, 72, 106, 105, 176,
       121, 30, 229, 174, 37, 20, 48, 187, 64, 32, 220, 180, 157, 118,
       137, 244, 81, 155, 179, 191, 165, 24, 127, 247, 74, 123, 129, 246,
       236, 16, 59, 71, 186, 51, 219, 243, 85, 127, 130, 33, 142, 114,
       69, 113, 25, 69, 81, 79, 55, 32, 104, 224, 107, 8, 214, 17, 9, 48,
       144, 92, 64, 106, 65, 176, 241, 12, 101, 156, 1, 22, 72, 51, 67,
       162, 69, 17, 17, 101, 16, 78, 35, 16, 40, 160, 99, 64, 214, 19, 1,
       114, 148, 20, 120, 106, 1, 144, 209, 8, 197, 168, 2, 0, 8, 34, 3,
       50, 109, 101, 41, 103, 53, 31, 118, 56, 105, 232, 127, 73, 223,
       28, 159, 176, 148, 76, 85, 110, 196, 176, 233, 14, 231, 253, 33,
       150, 66, 191, 82, 231, 13, 81, 120, 199, 48, 30, 127, 56, 124,
       232, 111, 32, 220, 87, 139, 244, 150, 77, 28, 110, 193, 144, 233,
       76, 231, 253, 35, 4, 2, 179, 75, 97, 76, 101, 120, 103, 114, 10,
       127, 56, 41, 228, 127, 169, 223, 7, 139, 16, 22, 93, 213, 110, 64,
       208, 233, 108, 231, 221, 33, 132, 98, 179, 7, 241, 69, 113, 153,
       99, 164, 111, 102, 136, 122, 240, 11, 8, 215, 113, 73, 58, 147,
       76, 120, 123, 17, 112, 217, 0, 173, 158, 69, 116, 200, 123, 195,
       32, 252, 34, 255, 112, 138, 232, 65, 82, 162, 151, 165, 152, 23,
       199, 73, 27, 39, 244, 109, 24, 58, 71, 170, 0, 219, 193, 117, 124,
       226, 193, 102, 114, 240, 168, 220, 114, 168, 173, 81, 223, 178,
       63, 164, 25, 55, 243, 74, 27, 1, 146, 109, 24, 58, 79, 218, 49,
       219, 195, 117, 125, 224, 192, 198, 43, 112, 170, 248, 112, 42,
       169, 81, 87, 162, 63, 164, 57, 55, 131, 66, 26, 9, 178, 237, 16,
       26, 111, 194, 49, 219, 193, 112, 121, 241, 136, 206, 42, 37, 112,
       56, 103, 81, 15, 119, 56, 96, 172, 111, 12, 214, 81, 9, 48, 144,
       92, 64, 106, 64, 176, 121, 14, 103, 221, 1, 20, 66, 187, 66, 162,
       116, 37, 213, 102, 139, 98, 7, 168, 35, 182, 171, 136, 83, 119,
       73, 91, 17, 212, 233, 226, 72, 67, 251, 10, 249, 166, 197, 53,
       160, 115, 6, 98, 248, 188, 247, 118, 169, 252, 85, 223, 179, 191,
       164, 24, 47, 247, 64, 159, 39, 246, 236, 24, 58, 79, 250, 51, 219,
       255, 85, 123, 226, 208, 134, 107, 13, 117, 17, 71, 113, 30, 102,
       188, 121, 232, 107, 76, 222, 112, 13, 180, 144, 92, 80, 106, 193,
       176, 217, 78, 39, 252, 5, 6, 74, 51, 75, 165, 77, 93, 149, 71,
       160, 62, 102, 184, 121, 170, 107, 76, 214, 112, 141, 247, 148, 68,
       108, 110, 225, 240, 217, 10, 165, 254, 101, 4, 74, 243, 75, 5,
       141, 213, 25, 103, 176, 14, 111, 188, 116, 232, 127, 68, 215, 119,
       136, 112, 54, 92, 28, 110, 241, 144, 121, 62, 237, 239, 39, 132,
       42, 242, 129, 49, 37, 241, 49, 67, 221, 79, 71, 168, 107, 240, 33,
       8, 214, 85, 76, 52, 145, 92, 64, 122, 67, 112, 249, 20, 45, 156,
       5, 118, 82, 59, 198, 160, 229, 113, 253, 103, 168, 78, 87, 184,
       97, 234, 167, 72, 83, 117, 201, 51, 144, 212, 124, 106, 233, 100,
       249, 40, 231, 169, 101, 20, 104, 179, 70, 113, 108, 48, 185, 99,
       172, 111, 83, 152, 106, 255, 165, 24, 223, 85, 73, 58, 145, 92,
       117, 58, 11, 118, 249, 18, 207, 221, 33, 125, 192, 107, 71, 242,
       248, 180, 188, 118, 137, 109, 85, 223, 178, 191, 164, 24, 51, 247,
       72, 27, 9, 214, 237, 24, 58, 111, 250, 34, 219, 203, 117, 61, 226,
       240, 198, 170, 124, 180, 253, 114, 168, 237, 81, 159, 227, 255,
       164, 24, 191, 247, 72, 59, 131, 118, 124, 24, 59, 107, 250, 49,
       203, 251, 117, 121, 226, 192, 198, 123, 29, 39, 216, 67, 178, 62,
       78, 154, 119, 161, 111, 212, 215, 98, 203, 184, 55, 78, 76, 62,
       190, 208, 237, 34, 234, 207, 37, 69, 234, 243, 139, 5, 85, 78,
       232, 71, 36, 58, 70, 138, 113, 238, 238, 54, 67, 96, 159, 122,
       113, 204, 44, 174, 172, 244, 237, 42, 242, 239, 229, 5, 225, 243,
       120, 68, 221, 135, 92, 99, 176, 31, 86, 189, 119, 187, 46, 124,
       211, 98, 138, 113, 23, 198, 108, 110, 254, 240, 109, 63, 234, 207,
       37, 116, 250, 250, 200, 5, 229, 225, 124, 6, 232, 28, 222, 172,
       234, 48, 175, 76, 211, 104, 222, 51, 147, 71, 124, 111, 196, 99,
       223, 113, 58, 57, 101, 124, 77, 242, 203, 4, 228, 180, 157, 91,
       232, 173, 1, 143, 250, 59, 169, 88, 214, 243, 72, 59, 129, 86,
       106, 16, 51, 104, 219, 51, 141, 150, 85, 124, 216, 72, 195, 34,
       125, 69, 93, 103, 28, 78, 71, 184, 101, 160, 171, 8, 83, 115, 9,
       115, 50, 212, 108, 106, 73, 176, 89, 12, 245, 233, 69, 20, 97,
       179, 66, 32, 117, 69, 85, 101, 20, 79, 71, 56, 118, 160, 171, 8,
       83, 49, 25, 112, 48, 212, 72, 106, 105, 177, 121, 30, 241, 174, 5,
       20, 113, 187, 64, 32, 36, 101, 27, 100, 93, 199, 231, 96, 240,
       128, 235, 8, 214, 209, 41, 48, 216, 252, 82, 107, 73, 163, 186,
       76, 113, 172, 135, 12, 64, 51, 99, 160, 249, 188, 245, 117, 177,
       126, 67, 55, 113, 227, 162, 88, 123, 53, 128, 180, 23, 246, 228,
       40, 185, 252, 249, 47, 171, 254, 85, 82, 227, 232, 198, 60, 69,
