%YAML:1.0
---
descriptors: !!opencv-matrix
   rows: 317
   cols: 32
   dt: u
   data: [ 93, 68, 221, 247, 44, 46, 107, 184, 188, 250, 183, 16, 223,
       115, 153, 123, 119, 197, 124, 106, 169, 197, 235, 40, 208, 251,
       227, 148, 36, 251, 1, 33, 221, 20, 188, 247, 172, 46, 93, 25, 251,
       251, 183, 56, 223, 115, 219, 123, 183, 198, 124, 60, 184, 101,
       235, 0, 203, 251, 103, 148, 128, 226, 195, 97, 93, 176, 189, 224,
       168, 110, 93, 29, 42, 249, 151, 125, 223, 127, 72, 122, 151, 23,
       253, 49, 155, 65, 251, 0, 219, 219, 127, 244, 136, 192, 135, 115,
       201, 188, 188, 243, 169, 61, 117, 158, 251, 123, 164, 28, 190,
       191, 66, 59, 133, 87, 124, 24, 186, 109, 251, 243, 207, 219, 119,
       126, 130, 81, 131, 107, 126, 237, 182, 223, 221, 95, 246, 232,
       127, 130, 230, 10, 238, 249, 45, 84, 249, 255, 251, 227, 104, 227,
       251, 239, 191, 255, 207, 59, 131, 123, 118, 130, 130, 253, 246,
       159, 238, 43, 252, 207, 191, 187, 210, 50, 236, 254, 60, 91, 255,
       239, 127, 1, 242, 223, 203, 255, 188, 58, 223, 182, 21, 124, 243,
       139, 120, 233, 182, 252, 141, 221, 85, 231, 223, 149, 172, 8, 174,
       253, 100, 22, 201, 243, 251, 64, 72, 107, 242, 253, 251, 255, 215,
       123, 210, 120, 246, 42, 40, 189, 188, 254, 157, 221, 85, 239, 199,
       31, 172, 24, 174, 191, 96, 50, 201, 147, 233, 16, 26, 107, 242,
       179, 235, 223, 84, 123, 210, 72, 198, 42, 108, 48, 188, 115, 169,
       111, 81, 152, 59, 191, 165, 24, 223, 125, 73, 59, 145, 212, 237,
       58, 58, 102, 251, 16, 207, 219, 81, 125, 194, 235, 70, 98, 84, 86,
       61, 231, 176, 78, 79, 184, 36, 170, 155, 64, 215, 119, 137, 112,
       23, 212, 125, 106, 233, 144, 105, 14, 233, 239, 37, 148, 160, 243,
       4, 49, 236, 112, 189, 103, 168, 79, 87, 152, 97, 254, 167, 8, 215,
       85, 73, 59, 144, 212, 124, 106, 105, 228, 249, 8, 231, 219, 101,
       52, 64, 179, 70, 115, 76, 85, 61, 103, 184, 78, 71, 184, 32, 168,
       191, 8, 215, 119, 137, 115, 22, 212, 125, 106, 73, 144, 249, 46,
       229, 239, 101, 20, 32, 243, 70, 49, 197, 222, 157, 119, 164, 46,
       102, 184, 60, 186, 162, 80, 215, 115, 129, 123, 149, 84, 124, 110,
       225, 244, 217, 42, 165, 174, 117, 20, 72, 241, 3, 49, 236, 116,
       157, 115, 169, 110, 71, 152, 58, 250, 39, 24, 214, 119, 73, 59,
       145, 84, 120, 58, 49, 68, 251, 2, 207, 251, 69, 118, 194, 115,
       198, 99, 100, 165, 156, 122, 137, 109, 87, 168, 179, 183, 173, 24,
       82, 115, 74, 18, 153, 210, 105, 114, 90, 99, 250, 51, 251, 223,
       69, 125, 210, 115, 198, 98, 108, 101, 185, 103, 29, 79, 71, 136,
       117, 164, 239, 8, 211, 117, 9, 48, 88, 220, 120, 106, 73, 178,
       121, 42, 231, 221, 5, 52, 66, 59, 86, 98, 120, 188, 191, 112, 153,
       233, 81, 71, 251, 181, 172, 56, 54, 183, 64, 62, 129, 54, 104, 24,
       26, 73, 178, 3, 219, 207, 16, 123, 194, 64, 198, 106, 69, 125, 17,
       101, 49, 78, 103, 48, 120, 232, 106, 72, 214, 17, 1, 180, 144,
       124, 72, 106, 97, 240, 249, 78, 165, 190, 1, 4, 72, 51, 67, 48,
       121, 188, 255, 116, 171, 252, 81, 87, 243, 251, 180, 56, 59, 191,
       198, 63, 163, 182, 236, 24, 191, 111, 178, 32, 219, 219, 80, 123,
       235, 196, 206, 127, 217, 186, 158, 176, 168, 189, 88, 215, 163,
       95, 180, 253, 63, 215, 66, 27, 135, 179, 253, 20, 190, 79, 226,
       49, 219, 195, 113, 249, 162, 196, 142, 91, 240, 168, 252, 112,
       140, 237, 81, 215, 194, 55, 180, 24, 51, 181, 66, 27, 9, 178, 108,
       24, 58, 111, 242, 19, 219, 203, 117, 121, 241, 200, 198, 98, 124,
       172, 220, 112, 137, 45, 80, 223, 163, 183, 164, 25, 3, 235, 67,
       27, 9, 214, 237, 16, 58, 111, 218, 32, 219, 195, 117, 61, 227,
       248, 206, 10, 100, 176, 149, 251, 141, 77, 69, 140, 79, 59, 161,
       24, 214, 113, 76, 58, 145, 210, 104, 18, 27, 98, 219, 49, 137,
       146, 85, 126, 208, 91, 198, 34, 224, 140, 157, 250, 200, 237, 21,
       175, 158, 19, 32, 24, 182, 179, 64, 91, 129, 115, 106, 24, 50,
       108, 211, 51, 205, 146, 84, 120, 144, 88, 133, 42, 244, 125, 150,
       182, 137, 93, 6, 232, 155, 190, 161, 9, 102, 240, 77, 159, 217,
       231, 232, 98, 108, 99, 218, 42, 177, 211, 69, 63, 64, 127, 142, 6,
       76, 117, 126, 103, 50, 10, 127, 184, 57, 228, 111, 173, 223, 119,
       139, 80, 54, 85, 253, 110, 96, 208, 233, 110, 230, 255, 37, 132,
       98, 179, 7, 113, 109, 101, 113, 103, 245, 31, 246, 184, 121, 232,
       59, 73, 219, 125, 157, 176, 188, 76, 85, 111, 196, 240, 233, 142,
       231, 223, 37, 182, 66, 255, 82, 199, 37, 120, 91, 69, 80, 90, 99,
       16, 96, 192, 111, 104, 82, 23, 133, 48, 16, 60, 64, 106, 65, 176,
       177, 12, 103, 168, 32, 0, 97, 179, 70, 164, 129, 174, 219, 147,
       236, 169, 105, 151, 238, 19, 99, 208, 181, 226, 248, 75, 99, 42,
       106, 28, 51, 124, 207, 113, 76, 2, 118, 104, 152, 192, 193, 160,
       129, 138, 159, 152, 204, 169, 225, 71, 254, 19, 160, 208, 181,
       226, 224, 75, 99, 34, 106, 28, 51, 109, 6, 115, 156, 2, 114, 104,
       156, 64, 195, 168, 193, 174, 143, 155, 204, 169, 33, 7, 254, 19,
       160, 212, 181, 162, 224, 75, 99, 34, 106, 28, 51, 109, 198, 115,
       204, 2, 246, 104, 152, 64, 195, 168, 129, 142, 207, 123, 164, 170,
       101, 151, 118, 19, 98, 244, 243, 33, 144, 121, 19, 46, 44, 28,
       187, 252, 101, 63, 204, 171, 116, 64, 236, 192, 208, 40, 40, 189,
       16, 123, 249, 253, 20, 174, 31, 61, 40, 25, 174, 59, 64, 144, 129,
       91, 227, 64, 54, 104, 91, 55, 239, 215, 20, 59, 210, 92, 142, 138,
       244, 188, 188, 114, 136, 109, 85, 159, 178, 183, 164, 24, 87, 183,
       72, 27, 1, 214, 109, 18, 58, 111, 250, 34, 249, 131, 117, 125,
       224, 81, 198, 34, 104, 233, 182, 252, 141, 221, 86, 230, 223, 148,
       164, 8, 174, 249, 101, 18, 201, 251, 235, 64, 74, 107, 242, 185,
       187, 251, 215, 59, 82, 56, 246, 10, 238, 172, 180, 254, 173, 189,
       220, 159, 255, 187, 176, 24, 238, 249, 92, 27, 201, 99, 127, 16,
       186, 111, 250, 179, 143, 223, 213, 126, 210, 88, 210, 3, 130, 236,
       214, 159, 236, 35, 252, 239, 63, 187, 242, 26, 236, 234, 44, 75,
       251, 239, 127, 131, 114, 255, 203, 255, 188, 58, 223, 190, 149,
       120, 243, 137, 130, 172, 214, 159, 236, 43, 236, 207, 63, 179,
       251, 26, 238, 234, 28, 89, 251, 239, 127, 145, 50, 255, 203, 247,
       158, 190, 223, 236, 213, 104, 243, 128, 232, 180, 184, 250, 157,
       221, 81, 175, 95, 21, 172, 24, 191, 253, 72, 50, 201, 146, 249,
       16, 58, 110, 251, 147, 235, 223, 20, 123, 210, 8, 214, 42, 130,
       172, 246, 255, 252, 171, 252, 255, 127, 179, 250, 26, 239, 235,
       20, 89, 255, 239, 127, 145, 186, 255, 203, 247, 190, 254, 223,
       200, 151, 216, 241, 137, 108, 48, 189, 99, 169, 111, 81, 152, 99,
       191, 165, 24, 223, 85, 73, 58, 145, 212, 109, 58, 8, 118, 251, 16,
       207, 219, 101, 117, 194, 251, 70, 50, 148, 205, 159, 167, 180, 10,
       111, 188, 54, 162, 218, 194, 215, 119, 9, 65, 119, 255, 125, 107,
       105, 208, 73, 46, 236, 167, 111, 148, 36, 243, 161, 33, 84, 85,
       93, 231, 184, 78, 79, 184, 32, 170, 191, 72, 215, 119, 137, 115,
       22, 212, 125, 106, 105, 144, 249, 46, 237, 239, 101, 148, 32, 243,
       68, 49, 148, 221, 189, 231, 180, 14, 111, 184, 52, 170, 219, 96,
       247, 119, 137, 64, 119, 221, 125, 106, 233, 208, 105, 46, 237,
       239, 111, 132, 36, 243, 1, 113, 108, 112, 185, 97, 45, 109, 83,
       152, 107, 254, 167, 8, 214, 85, 73, 58, 145, 84, 124, 122, 137,
       100, 249, 0, 207, 217, 69, 60, 192, 251, 70, 115, 237, 113, 61,
       103, 40, 78, 87, 184, 104, 232, 183, 8, 215, 119, 9, 51, 148, 212,
       124, 106, 233, 224, 249, 40, 231, 249, 101, 20, 64, 243, 70, 115,
       205, 112, 189, 101, 37, 78, 87, 24, 97, 234, 39, 8, 215, 21, 73,
       59, 144, 212, 124, 106, 233, 116, 249, 8, 199, 251, 69, 20, 66,
       51, 70, 115, 193, 158, 159, 247, 168, 46, 108, 190, 188, 154, 178,
       84, 247, 115, 136, 99, 135, 119, 124, 42, 241, 201, 75, 47, 173,
