%YAML:1.0
---
descriptors: !!opencv-matrix
   rows: 124
   cols: 32
   dt: u
   data: [ 232, 252, 190, 250, 141, 253, 87, 246, 255, 95, 172, 24, 190,
       253, 99, 27, 201, 115, 255, 66, 58, 111, 250, 179, 235, 219, 84,
       123, 210, 89, 199, 106, 141, 117, 16, 71, 241, 126, 54, 184, 121,
       234, 111, 8, 222, 114, 13, 180, 145, 92, 64, 106, 101, 244, 249,
       78, 47, 255, 5, 6, 74, 115, 75, 135, 184, 184, 253, 114, 202, 233,
       17, 199, 179, 23, 164, 184, 35, 215, 64, 27, 43, 186, 229, 16, 58,
       79, 170, 51, 219, 195, 116, 123, 226, 192, 134, 251, 248, 172,
       220, 118, 136, 40, 85, 191, 178, 183, 164, 153, 115, 231, 66, 27,
       1, 246, 109, 8, 56, 79, 202, 35, 219, 227, 117, 61, 226, 224, 198,
       122, 236, 120, 188, 99, 45, 127, 83, 152, 91, 254, 53, 24, 223,
       29, 75, 59, 149, 84, 252, 122, 163, 100, 251, 34, 207, 219, 101,
       60, 194, 251, 70, 115, 252, 252, 189, 242, 173, 111, 95, 184, 187,
       251, 183, 24, 255, 127, 73, 59, 151, 215, 125, 122, 251, 103, 251,
       54, 251, 219, 119, 253, 194, 243, 199, 115, 149, 174, 207, 247,
       246, 43, 111, 255, 118, 226, 250, 246, 211, 97, 145, 121, 127,
       238, 126, 188, 185, 252, 109, 62, 252, 175, 247, 132, 237, 249,
       209, 177, 245, 207, 237, 78, 158, 3, 79, 248, 66, 224, 157, 206,
       115, 109, 253, 115, 121, 198, 125, 239, 249, 99, 175, 62, 122, 11,
       229, 252, 61, 251, 240, 96, 240, 172, 220, 116, 136, 45, 84, 223,
       179, 183, 164, 29, 35, 235, 66, 27, 9, 246, 237, 16, 58, 111, 218,
       34, 219, 195, 85, 57, 227, 232, 206, 26, 221, 113, 189, 103, 172,
       78, 87, 184, 105, 234, 183, 76, 255, 117, 217, 51, 148, 84, 124,
       106, 201, 112, 249, 40, 231, 249, 101, 20, 66, 243, 198, 113, 252,
       113, 253, 103, 172, 78, 95, 184, 97, 234, 183, 8, 211, 119, 137,
       51, 20, 212, 124, 106, 201, 241, 249, 40, 231, 249, 101, 20, 96,
       243, 198, 113, 236, 252, 188, 126, 169, 253, 87, 236, 151, 94,
       164, 9, 126, 253, 99, 27, 137, 114, 233, 66, 106, 111, 250, 191,
       251, 211, 69, 59, 210, 95, 70, 122, 204, 28, 189, 231, 40, 110,
       123, 24, 56, 170, 191, 24, 223, 119, 201, 123, 151, 212, 125, 42,
       169, 212, 249, 10, 199, 235, 97, 148, 160, 243, 70, 115, 232, 180,
       180, 250, 173, 237, 80, 63, 223, 27, 173, 24, 254, 253, 76, 27,
       217, 27, 255, 16, 58, 110, 218, 147, 207, 223, 80, 127, 210, 72,
       198, 26, 182, 237, 246, 239, 222, 43, 238, 248, 127, 162, 251, 2,
       207, 234, 61, 81, 123, 205, 127, 227, 248, 243, 201, 255, 190,
       254, 143, 180, 229, 251, 243, 128, 232, 252, 188, 123, 169, 253,
       85, 190, 191, 63, 36, 24, 190, 63, 72, 59, 129, 83, 253, 80, 114,
       108, 250, 179, 239, 223, 84, 123, 210, 88, 135, 123, 246, 237,
       254, 255, 252, 27, 238, 252, 191, 178, 255, 18, 219, 234, 189,
       115, 251, 207, 127, 235, 232, 247, 239, 255, 190, 251, 239, 180,
       213, 251, 243, 128, 212, 236, 254, 255, 238, 43, 254, 248, 190,
       178, 247, 146, 255, 239, 25, 91, 127, 231, 127, 235, 232, 247,
       207, 238, 254, 235, 239, 156, 165, 251, 97, 1, 92, 240, 188, 247,
       172, 12, 125, 156, 174, 251, 151, 33, 223, 247, 201, 91, 167, 215,
       125, 26, 154, 65, 203, 48, 219, 251, 127, 212, 160, 243, 129, 115,
       181, 98, 205, 234, 142, 3, 79, 216, 66, 178, 177, 202, 83, 97,
       249, 43, 123, 192, 76, 254, 233, 103, 207, 48, 248, 203, 229, 60,
       253, 251, 112, 32, 245, 237, 111, 110, 158, 3, 79, 252, 210, 226,
       153, 202, 83, 233, 249, 51, 121, 198, 125, 239, 233, 99, 173, 62,
       248, 142, 229, 188, 253, 251, 240, 32, 252, 190, 252, 114, 168,
       173, 85, 223, 178, 191, 164, 25, 51, 231, 74, 27, 13, 210, 109,
       24, 58, 79, 234, 51, 219, 203, 117, 121, 224, 208, 198, 123, 77,
       117, 48, 71, 213, 62, 102, 184, 121, 162, 111, 76, 222, 112, 13,
       181, 145, 76, 64, 106, 229, 240, 249, 78, 39, 254, 5, 6, 74, 115,
       75, 134, 165, 166, 205, 255, 188, 43, 111, 186, 118, 163, 243,
       246, 211, 97, 153, 121, 127, 206, 110, 60, 187, 244, 77, 62, 236,
       239, 247, 68, 237, 249, 208, 160, 118, 97, 18, 174, 93, 207, 214,
       104, 191, 164, 233, 11, 78, 250, 45, 212, 248, 253, 234, 227, 76,
       35, 218, 254, 185, 182, 143, 59, 81, 46, 110, 134, 129, 174, 255,
       243, 182, 171, 109, 191, 126, 243, 122, 246, 255, 99, 144, 105,
       127, 238, 126, 28, 177, 252, 109, 255, 236, 239, 119, 196, 237,
       200, 209, 161, 240, 172, 156, 50, 136, 173, 84, 207, 178, 191,
       160, 25, 55, 227, 66, 27, 137, 227, 110, 16, 62, 111, 218, 50,
       217, 131, 117, 121, 192, 88, 206, 138, 0, 221, 27, 255, 244, 143,
       175, 252, 62, 74, 90, 102, 245, 247, 41, 96, 255, 127, 55, 235,
       227, 176, 27, 127, 237, 174, 175, 128, 24, 123, 161, 185, 244,
       172, 156, 54, 232, 109, 85, 207, 186, 191, 160, 25, 55, 230, 67,
       27, 129, 231, 109, 16, 62, 79, 202, 34, 217, 131, 125, 185, 128,
       112, 134, 75, 182, 237, 214, 191, 254, 139, 254, 236, 191, 178,
       250, 10, 239, 234, 57, 83, 255, 247, 127, 227, 104, 243, 203, 255,
       188, 254, 207, 156, 37, 123, 225, 128, 236, 180, 188, 251, 173,
       125, 80, 153, 91, 59, 181, 24, 223, 125, 72, 59, 217, 146, 255,
       56, 58, 102, 251, 147, 207, 223, 81, 127, 210, 73, 198, 50, 252,
       244, 188, 254, 173, 125, 87, 248, 251, 251, 189, 24, 223, 253, 77,
       59, 157, 215, 125, 122, 186, 103, 251, 179, 251, 255, 101, 60,
       194, 251, 194, 115, 252, 181, 180, 254, 173, 61, 87, 185, 251,
       187, 189, 24, 255, 249, 93, 27, 217, 214, 125, 58, 186, 99, 251,
       178, 255, 219, 101, 126, 194, 255, 210, 3, 77, 229, 17, 39, 180,
       14, 102, 184, 122, 224, 43, 76, 215, 96, 89, 144, 145, 76, 104,
       126, 229, 240, 217, 46, 173, 222, 5, 68, 200, 179, 219, 4, 252,
       244, 188, 247, 173, 111, 87, 152, 251, 250, 183, 24, 223, 127, 73,
       59, 149, 215, 253, 122, 232, 103, 251, 50, 251, 251, 101, 60, 194,
       243, 198, 115, 226, 253, 182, 254, 253, 237, 84, 231, 255, 11,
       232, 24, 170, 184, 52, 80, 201, 235, 123, 1, 122, 107, 210, 255,
       191, 222, 214, 58, 208, 88, 242, 10, 220, 253, 188, 247, 168, 46,
       95, 188, 191, 186, 191, 56, 223, 255, 73, 91, 183, 215, 125, 106,
       248, 69, 235, 43, 251, 251, 103, 148, 160, 243, 129, 19, 54, 237,
       214, 237, 221, 175, 238, 230, 63, 170, 250, 2, 207, 234, 53, 80,
       251, 239, 127, 227, 104, 243, 217, 238, 191, 254, 143, 52, 101,
       123, 243, 128, 156, 173, 254, 191, 172, 171, 254, 191, 190, 179,
       251, 18, 255, 235, 88, 75, 255, 247, 127, 83, 248, 237, 203, 247,
       254, 251, 127, 212, 164, 249, 129, 1, 182, 237, 214, 239, 222, 11,
       238, 248, 63, 162, 251, 2, 207, 234, 61, 81, 123, 205, 127, 226,
       120, 243, 201, 254, 190, 254, 207, 180, 229, 251, 243, 128, 134,
       237, 214, 159, 252, 43, 254, 238, 63, 178, 251, 18, 204, 234, 77,
       75, 255, 255, 127, 179, 112, 247, 203, 254, 188, 190, 207, 132,
       133, 123, 225, 129, 182, 237, 254, 255, 254, 27, 238, 248, 63,
       178, 251, 2, 207, 235, 29, 83, 251, 205, 127, 227, 232, 243, 233,
       254, 190, 251, 239, 180, 101, 251, 243, 129, 20, 173, 250, 175,
       182, 171, 255, 255, 62, 161, 250, 130, 247, 239, 9, 80, 127, 255,
       63, 145, 218, 186, 201, 63, 252, 237, 175, 192, 165, 218, 161,
       137, 150, 237, 214, 159, 252, 43, 238, 236, 63, 178, 251, 18, 237,
       234, 29, 67, 255, 239, 127, 227, 96, 247, 203, 255, 188, 254, 207,
       132, 133, 127, 225, 128, 236, 180, 188, 97, 169, 111, 85, 31, 59,
       187, 183, 24, 159, 55, 72, 27, 149, 151, 253, 48, 58, 124, 249, 2,
       207, 219, 117, 116, 194, 64, 199, 51, 214, 237, 182, 190, 205, 47,
       238, 236, 191, 186, 251, 18, 238, 234, 61, 65, 251, 239, 127, 227,
       248, 247, 219, 255, 189, 254, 207, 20, 129, 123, 225, 128, 230,
       237, 166, 255, 221, 47, 238, 239, 127, 179, 249, 26, 234, 234, 28,
       81, 249, 239, 127, 226, 120, 119, 219, 255, 191, 254, 207, 60,
