%YAML:1.0
---
descriptors: !!opencv-matrix
   rows: 78
   cols: 32
   dt: u
   data: [ 248, 160, 253, 112, 139, 253, 89, 87, 162, 55, 164, 24, 63,
       151, 64, 59, 7, 178, 213, 28, 26, 79, 178, 49, 219, 201, 112, 121,
       226, 192, 198, 122, 248, 160, 255, 116, 136, 96, 80, 23, 226, 181,
       165, 24, 19, 151, 64, 27, 225, 214, 109, 152, 26, 79, 234, 0, 219,
       233, 181, 121, 160, 32, 198, 42, 108, 103, 76, 39, 48, 11, 102,
       168, 53, 164, 111, 141, 203, 97, 11, 16, 24, 196, 236, 110, 104,
       176, 201, 46, 230, 247, 5, 21, 98, 187, 78, 2, 240, 168, 174, 186,
       137, 237, 65, 199, 186, 19, 160, 25, 183, 245, 80, 27, 201, 242,
       123, 29, 58, 111, 218, 49, 217, 131, 222, 121, 192, 72, 146, 58,
       254, 188, 255, 112, 235, 253, 121, 215, 187, 127, 182, 188, 191,
       191, 198, 57, 167, 187, 253, 16, 187, 79, 178, 243, 223, 219, 121,
       251, 174, 212, 135, 123, 170, 253, 226, 158, 213, 245, 190, 239,
       95, 199, 120, 159, 104, 236, 118, 140, 249, 235, 179, 199, 246,
       251, 190, 255, 63, 86, 159, 235, 215, 93, 254, 222, 248, 184, 255,
       114, 171, 253, 81, 214, 163, 31, 164, 56, 59, 247, 192, 63, 39,
       242, 236, 24, 43, 111, 186, 49, 219, 219, 85, 123, 227, 192, 198,
       123, 45, 148, 105, 239, 124, 63, 235, 120, 95, 75, 255, 86, 219,
       233, 190, 244, 91, 206, 54, 46, 187, 178, 251, 183, 222, 255, 227,
       220, 127, 239, 250, 241, 248, 140, 93, 124, 137, 106, 84, 55, 225,
       50, 166, 24, 123, 115, 0, 219, 129, 246, 236, 34, 105, 111, 195,
       45, 211, 235, 117, 17, 98, 240, 202, 10, 210, 188, 255, 176, 235,
       248, 60, 199, 187, 95, 86, 191, 44, 191, 102, 88, 167, 187, 255,
       145, 182, 205, 178, 243, 219, 119, 94, 235, 134, 84, 167, 95, 248,
       168, 253, 112, 136, 237, 89, 87, 162, 23, 164, 24, 19, 151, 64,
       59, 1, 178, 85, 24, 26, 79, 178, 17, 219, 201, 112, 121, 226, 192,
       198, 42, 69, 101, 17, 101, 32, 78, 238, 40, 104, 160, 107, 72,
       215, 51, 25, 178, 146, 85, 120, 107, 65, 240, 217, 78, 229, 188,
       5, 4, 72, 179, 3, 32, 78, 247, 156, 246, 185, 196, 31, 168, 186,
       190, 45, 41, 236, 247, 75, 19, 151, 119, 237, 242, 98, 67, 202,
       59, 235, 215, 109, 191, 0, 115, 7, 115, 124, 101, 76, 103, 145,
       91, 86, 168, 49, 164, 239, 137, 195, 101, 11, 16, 88, 220, 233,
       98, 72, 242, 217, 46, 231, 199, 5, 21, 99, 123, 78, 18, 129, 190,
       191, 81, 172, 173, 160, 151, 254, 27, 114, 84, 244, 225, 208, 107,
       39, 38, 106, 28, 179, 252, 23, 115, 76, 42, 118, 64, 200, 192,
       193, 9, 44, 97, 105, 103, 16, 75, 103, 168, 97, 164, 111, 137,
       195, 69, 27, 16, 24, 204, 193, 106, 72, 176, 237, 12, 103, 229, 5,
       53, 103, 187, 86, 98, 124, 127, 28, 102, 137, 31, 86, 248, 129,
       164, 172, 77, 71, 233, 75, 147, 156, 215, 237, 102, 76, 99, 218,
       40, 251, 201, 69, 63, 123, 127, 74, 19, 240, 184, 247, 112, 171,
       253, 81, 214, 243, 27, 164, 24, 59, 255, 68, 63, 175, 242, 252,
       16, 58, 111, 178, 179, 219, 219, 85, 123, 227, 192, 198, 111, 248,
       136, 215, 124, 137, 104, 84, 167, 227, 151, 162, 24, 107, 243, 68,
       219, 161, 247, 108, 0, 56, 111, 130, 32, 155, 250, 84, 59, 226,
       96, 198, 42, 248, 172, 158, 250, 140, 233, 84, 207, 178, 19, 164,
       24, 183, 243, 64, 27, 193, 178, 109, 16, 58, 111, 202, 51, 217,
       195, 118, 121, 176, 72, 203, 10, 244, 32, 253, 96, 8, 107, 81, 9,
       96, 183, 165, 24, 83, 21, 72, 59, 16, 148, 96, 56, 8, 119, 241, 0,
       209, 136, 81, 52, 225, 168, 70, 34, 192, 140, 159, 118, 168, 104,
       69, 183, 178, 154, 162, 80, 247, 227, 192, 123, 1, 118, 108, 8,
       121, 77, 195, 35, 221, 162, 116, 24, 160, 112, 199, 40, 193, 172,
       159, 118, 232, 236, 109, 247, 251, 27, 96, 88, 54, 243, 64, 59,
       33, 246, 98, 8, 49, 126, 154, 99, 29, 186, 116, 40, 192, 240, 226,
       40, 193, 190, 143, 25, 236, 172, 105, 23, 254, 27, 66, 84, 176,
       225, 208, 123, 1, 46, 122, 28, 179, 92, 215, 51, 76, 42, 247, 64,
       136, 64, 211, 168, 125, 253, 127, 231, 253, 79, 127, 252, 41, 234,
       191, 8, 255, 127, 9, 50, 187, 247, 127, 106, 105, 179, 249, 239,
       255, 255, 39, 20, 74, 251, 198, 243, 125, 245, 252, 231, 237, 95,
       79, 252, 103, 234, 191, 12, 219, 253, 223, 183, 220, 204, 126,
       110, 201, 115, 249, 168, 255, 217, 101, 52, 98, 251, 202, 224,
       240, 170, 215, 116, 168, 104, 69, 135, 187, 159, 160, 56, 39, 243,
       68, 91, 161, 247, 108, 16, 58, 111, 162, 33, 153, 242, 84, 122,
       224, 96, 166, 43, 240, 168, 251, 112, 170, 237, 81, 199, 251, 63,
       160, 24, 34, 255, 68, 59, 171, 179, 109, 16, 58, 111, 162, 115,
       155, 218, 85, 122, 225, 64, 198, 43, 173, 125, 117, 231, 237, 31,
       255, 184, 73, 234, 255, 78, 219, 121, 159, 167, 222, 222, 127,
       238, 233, 242, 249, 236, 231, 217, 231, 180, 79, 255, 210, 241,
       77, 102, 176, 71, 244, 30, 103, 152, 121, 232, 127, 76, 222, 96,
       157, 180, 148, 76, 68, 126, 133, 240, 233, 40, 46, 255, 37, 132,
       74, 243, 75, 165, 252, 221, 255, 239, 245, 78, 127, 188, 125, 234,
       254, 24, 95, 127, 153, 112, 191, 247, 125, 106, 249, 183, 57, 238,
       255, 255, 39, 132, 111, 243, 230, 115, 173, 113, 229, 203, 237,
       31, 207, 216, 87, 254, 245, 14, 219, 73, 223, 253, 95, 204, 254,
       126, 233, 118, 255, 184, 255, 219, 229, 188, 255, 255, 122, 245,
       239, 84, 253, 103, 180, 126, 255, 190, 125, 234, 126, 124, 219,
       125, 159, 244, 151, 214, 221, 111, 245, 180, 125, 238, 239, 255,
       37, 132, 206, 247, 210, 117, 101, 48, 17, 65, 81, 78, 96, 8, 104,
       224, 107, 8, 210, 19, 13, 48, 144, 28, 64, 106, 1, 176, 241, 8, 5,
       156, 1, 4, 72, 34, 66, 162, 129, 156, 223, 117, 234, 174, 97, 151,
       246, 219, 98, 116, 243, 49, 128, 107, 35, 54, 122, 24, 179, 252,
       55, 49, 76, 171, 116, 64, 232, 192, 193, 57, 124, 119, 72, 103,
       18, 11, 86, 184, 33, 172, 255, 237, 66, 117, 9, 16, 24, 220, 237,
       98, 72, 178, 201, 44, 246, 231, 37, 183, 107, 59, 78, 19, 208,
       172, 158, 250, 136, 173, 84, 207, 182, 19, 160, 88, 183, 243, 64,
       91, 129, 178, 108, 16, 62, 79, 202, 51, 219, 227, 117, 121, 160,
       64, 138, 10, 192, 142, 159, 92, 168, 168, 97, 183, 179, 27, 162,
       120, 182, 179, 192, 127, 33, 182, 108, 24, 59, 79, 130, 115, 156,
       178, 116, 88, 136, 192, 131, 41, 225, 172, 215, 80, 205, 172, 224,
       199, 251, 27, 96, 88, 50, 178, 68, 63, 169, 230, 98, 24, 51, 126,
       146, 99, 28, 186, 84, 106, 201, 64, 194, 172, 86, 172, 151, 182,
       141, 168, 68, 131, 251, 179, 130, 90, 231, 248, 80, 139, 161, 230,
       109, 17, 58, 105, 139, 160, 153, 242, 85, 123, 228, 105, 211, 14,
       240, 190, 154, 112, 234, 233, 145, 199, 186, 15, 172, 56, 62, 179,
       64, 24, 187, 187, 100, 16, 58, 47, 130, 115, 217, 135, 61, 121,
       193, 64, 135, 171, 233, 188, 181, 114, 169, 253, 84, 151, 251,
       123, 164, 24, 190, 249, 70, 187, 129, 118, 236, 16, 55, 109, 186,
       51, 251, 251, 85, 123, 202, 68, 203, 31, 253, 113, 153, 166, 201,
       15, 87, 248, 17, 230, 161, 13, 86, 119, 75, 27, 156, 197, 96, 102,
       109, 103, 217, 42, 241, 203, 69, 62, 105, 123, 2, 210, 236, 52,
       189, 115, 41, 109, 83, 24, 123, 191, 165, 24, 214, 85, 72, 59,
       145, 20, 108, 10, 56, 100, 251, 18, 199, 219, 113, 55, 194, 235,
       70, 35, 101, 109, 177, 71, 213, 222, 230, 164, 121, 232, 110, 72,
       242, 48, 85, 180, 136, 110, 114, 78, 193, 248, 249, 110, 39, 60,
       5, 32, 74, 179, 82, 172, 200, 188, 157, 114, 169, 252, 80, 151,
       251, 91, 164, 24, 190, 247, 64, 187, 129, 119, 236, 16, 55, 77,
       186, 99, 203, 251, 84, 123, 202, 64, 207, 59, 60, 99, 106, 39,
       116, 74, 103, 104, 41, 228, 119, 173, 83, 77, 155, 16, 50, 204,
       69, 110, 64, 176, 141, 12, 118, 165, 37, 5, 111, 183, 86, 208, 77,
       52, 148, 67, 241, 62, 50, 25, 121, 170, 47, 92, 222, 114, 77, 190,
       145, 85, 120, 58, 177, 240, 217, 66, 15, 223, 69, 70, 202, 99, 75,
