%YAML:1.0
---
descriptors: !!opencv-matrix
   rows: 191
   cols: 32
   dt: u
   data: [ 42, 180, 180, 248, 141, 253, 208, 15, 223, 63, 164, 25, 174,
       191, 68, 31, 201, 27, 251, 17, 58, 111, 211, 209, 207, 219, 82,
       123, 210, 76, 199, 202, 250, 172, 182, 248, 137, 245, 208, 199,
       187, 23, 160, 25, 174, 189, 102, 155, 201, 179, 233, 17, 62, 111,
       210, 243, 155, 211, 86, 123, 210, 76, 239, 74, 232, 180, 188, 250,
       141, 125, 81, 11, 155, 55, 165, 25, 158, 125, 78, 27, 193, 18,
       233, 16, 58, 102, 251, 19, 207, 219, 80, 127, 210, 72, 206, 66, 5,
       117, 93, 239, 52, 15, 239, 184, 62, 168, 123, 228, 213, 119, 153,
       96, 94, 93, 127, 238, 193, 176, 73, 61, 228, 174, 175, 132, 76,
       179, 35, 177, 208, 184, 191, 248, 139, 237, 17, 71, 191, 23, 164,
       57, 174, 191, 98, 27, 163, 179, 237, 16, 58, 111, 178, 115, 219,
       211, 80, 123, 192, 64, 135, 107, 88, 16, 63, 248, 43, 204, 81, 3,
       168, 89, 166, 24, 191, 151, 64, 123, 162, 181, 253, 16, 27, 77,
       179, 1, 209, 225, 122, 91, 0, 0, 39, 59, 81, 16, 31, 237, 32, 204,
       81, 17, 236, 9, 162, 68, 183, 147, 0, 114, 164, 53, 124, 8, 9,
       137, 177, 1, 209, 233, 50, 16, 40, 0, 1, 43, 205, 124, 189, 119,
       189, 110, 119, 182, 123, 250, 39, 24, 214, 117, 65, 59, 149, 118,
       124, 122, 233, 244, 249, 42, 239, 219, 101, 52, 192, 113, 198,
       114, 237, 124, 189, 119, 168, 111, 71, 156, 114, 186, 166, 24,
       215, 117, 65, 59, 145, 246, 124, 122, 169, 116, 249, 42, 239, 219,
       101, 52, 192, 249, 70, 51, 236, 244, 189, 99, 141, 111, 87, 152,
       123, 255, 165, 24, 215, 117, 73, 59, 145, 212, 124, 122, 123, 118,
       249, 50, 239, 219, 69, 116, 194, 123, 198, 50, 21, 89, 89, 231,
       180, 15, 111, 184, 100, 232, 126, 96, 211, 119, 153, 112, 94, 252,
       22, 234, 201, 176, 105, 60, 229, 173, 165, 132, 100, 179, 64, 113,
       236, 176, 188, 121, 141, 109, 81, 8, 82, 63, 165, 24, 214, 29, 74,
       59, 129, 16, 233, 48, 58, 100, 251, 16, 207, 219, 81, 127, 210,
       73, 70, 98, 122, 172, 182, 248, 205, 237, 84, 199, 187, 23, 164,
       25, 46, 189, 102, 91, 201, 179, 235, 16, 58, 111, 210, 241, 219,
       211, 212, 123, 210, 76, 254, 138, 246, 108, 182, 254, 205, 237,
       254, 236, 255, 178, 235, 26, 238, 251, 125, 75, 249, 239, 251,
       227, 106, 103, 219, 251, 191, 254, 207, 47, 211, 123, 246, 130,
       53, 93, 121, 111, 118, 15, 111, 248, 100, 232, 127, 102, 83, 81,
       153, 112, 126, 204, 22, 110, 201, 176, 109, 60, 100, 172, 37, 132,
       125, 187, 80, 177, 108, 181, 188, 235, 173, 125, 83, 168, 87, 59,
       189, 24, 223, 127, 72, 58, 221, 153, 253, 50, 26, 98, 251, 145,
       219, 223, 65, 127, 210, 203, 198, 50, 213, 80, 29, 117, 40, 78,
       65, 56, 224, 250, 163, 92, 215, 23, 9, 123, 4, 212, 124, 106, 233,
       69, 251, 8, 193, 235, 97, 20, 40, 177, 66, 49, 5, 103, 93, 231,
       52, 11, 111, 184, 124, 168, 91, 98, 215, 115, 153, 96, 118, 76,
       63, 107, 193, 176, 73, 46, 236, 174, 175, 132, 44, 187, 81, 161,
       228, 116, 188, 101, 172, 110, 87, 152, 34, 190, 167, 12, 215, 113,
       73, 27, 145, 68, 125, 122, 40, 116, 217, 32, 205, 219, 101, 52,
       200, 243, 66, 34, 162, 176, 180, 249, 237, 237, 240, 7, 255, 27,
       160, 24, 190, 187, 68, 123, 201, 19, 251, 17, 51, 108, 210, 209,
       143, 218, 218, 123, 210, 72, 215, 138, 131, 132, 214, 217, 110,
       169, 248, 71, 127, 51, 210, 18, 172, 170, 20, 75, 239, 143, 127,
       153, 50, 252, 195, 211, 140, 186, 90, 192, 133, 72, 177, 137, 162,
       32, 214, 185, 108, 43, 248, 75, 63, 59, 242, 18, 140, 139, 84, 75,
       235, 157, 127, 145, 50, 252, 195, 194, 20, 186, 250, 224, 133, 8,
       115, 137, 21, 83, 89, 229, 52, 14, 111, 184, 100, 168, 251, 100,
       215, 83, 137, 96, 54, 92, 28, 110, 201, 144, 73, 12, 228, 173, 39,
       132, 40, 179, 1, 49, 53, 79, 67, 15, 118, 3, 238, 252, 68, 224,
       91, 230, 113, 96, 189, 228, 126, 236, 22, 239, 205, 176, 77, 61,
       36, 44, 165, 128, 125, 187, 120, 132, 237, 244, 189, 115, 141,
       111, 87, 184, 123, 255, 165, 24, 215, 117, 73, 59, 145, 212, 124,
       58, 123, 118, 249, 50, 239, 219, 69, 116, 194, 123, 198, 98, 85,
       83, 29, 229, 48, 14, 79, 56, 100, 168, 250, 100, 215, 83, 137,
       112, 22, 84, 92, 106, 201, 144, 89, 12, 229, 173, 39, 148, 40,
       179, 65, 49, 213, 80, 29, 101, 40, 78, 71, 56, 96, 250, 163, 92,
       215, 23, 137, 123, 6, 212, 124, 106, 233, 196, 249, 12, 197, 235,
       97, 20, 8, 179, 66, 49, 5, 237, 223, 239, 252, 11, 239, 248, 62,
       160, 250, 70, 245, 99, 153, 96, 126, 237, 126, 234, 193, 240, 205,
       127, 236, 174, 175, 132, 44, 187, 97, 161, 196, 16, 189, 117, 40,
       108, 81, 24, 184, 250, 167, 24, 215, 55, 73, 123, 133, 20, 125,
       10, 41, 69, 243, 0, 193, 251, 113, 20, 128, 225, 70, 115, 146,
       172, 246, 249, 254, 169, 248, 67, 191, 51, 242, 18, 173, 234, 116,
       75, 239, 187, 127, 145, 178, 253, 195, 243, 156, 254, 219, 194,
       165, 72, 225, 137, 246, 229, 214, 223, 221, 111, 238, 204, 63,
       179, 235, 18, 204, 250, 93, 80, 249, 207, 123, 227, 42, 247, 219,
       255, 189, 254, 143, 95, 145, 123, 243, 130, 124, 253, 252, 231,
       184, 78, 95, 184, 33, 170, 191, 8, 215, 119, 9, 51, 150, 214, 125,
       106, 200, 82, 249, 45, 243, 237, 101, 180, 32, 243, 198, 51, 124,
       112, 188, 99, 169, 111, 83, 152, 99, 186, 165, 8, 223, 95, 73, 58,
       157, 213, 253, 114, 10, 118, 251, 48, 255, 223, 101, 53, 226, 115,
       70, 35, 124, 93, 125, 103, 180, 78, 95, 184, 33, 232, 255, 8, 215,
       119, 137, 114, 23, 214, 125, 106, 233, 176, 249, 46, 235, 239, 37,
       148, 224, 243, 198, 115, 46, 253, 150, 252, 221, 207, 222, 226,
       191, 170, 232, 8, 174, 187, 53, 80, 201, 239, 123, 64, 104, 235,
       210, 255, 191, 254, 207, 58, 82, 121, 82, 138, 130, 172, 182, 152,
       205, 173, 248, 199, 191, 27, 226, 16, 172, 186, 116, 75, 237, 171,
       123, 145, 50, 239, 210, 243, 141, 58, 222, 74, 144, 72, 225, 138,
       130, 172, 150, 153, 205, 173, 248, 199, 191, 27, 242, 18, 172,
       170, 116, 75, 237, 175, 123, 145, 50, 253, 210, 243, 157, 58, 222,
       72, 128, 72, 225, 136, 236, 112, 249, 103, 44, 95, 87, 152, 67,
       234, 181, 8, 219, 93, 75, 58, 156, 220, 253, 122, 201, 118, 249,
       42, 231, 217, 37, 53, 98, 187, 70, 115, 213, 81, 29, 101, 40, 78,
       71, 184, 112, 250, 163, 76, 215, 115, 137, 115, 20, 212, 124, 106,
       233, 212, 249, 12, 229, 171, 101, 20, 104, 179, 66, 49, 104, 164,
       184, 234, 157, 253, 81, 15, 75, 53, 173, 25, 174, 189, 72, 24,
       217, 26, 201, 16, 26, 42, 250, 147, 203, 221, 16, 127, 210, 72,
       198, 42, 228, 96, 156, 101, 172, 46, 71, 152, 50, 186, 162, 24,
       215, 115, 73, 27, 145, 68, 104, 122, 40, 116, 217, 0, 205, 218,
       69, 52, 192, 243, 66, 34, 104, 169, 50, 248, 157, 197, 80, 103,
       203, 5, 172, 8, 174, 157, 96, 16, 200, 187, 203, 16, 90, 43, 210,
       183, 251, 213, 148, 123, 82, 8, 246, 42, 104, 176, 180, 241, 237,
       237, 80, 15, 239, 59, 164, 24, 142, 185, 68, 27, 129, 19, 251, 17,
       18, 109, 211, 209, 143, 219, 80, 127, 210, 72, 199, 138, 250, 233,
       50, 248, 29, 197, 86, 103, 205, 4, 164, 8, 170, 153, 36, 16, 200,
       186, 219, 64, 74, 43, 146, 255, 187, 253, 148, 123, 82, 8, 246,
       42, 49, 77, 123, 109, 52, 11, 111, 180, 100, 224, 126, 66, 115, 3,
       145, 112, 126, 236, 20, 238, 201, 184, 101, 13, 228, 173, 165,
       128, 109, 186, 96, 41, 24, 173, 90, 229, 180, 142, 127, 55, 36,
       41, 222, 0, 183, 35, 144, 80, 118, 191, 29, 76, 88, 152, 193, 31,
       238, 237, 38, 192, 36, 138, 129, 41, 242, 108, 98, 236, 93, 199,
       74, 96, 141, 128, 232, 10, 59, 155, 53, 80, 248, 229, 91, 226, 72,
       167, 80, 255, 179, 248, 131, 59, 115, 59, 114, 134, 246, 32, 86,
       169, 79, 47, 232, 73, 173, 176, 243, 26, 206, 202, 61, 91, 122,
       141, 123, 163, 8, 247, 211, 208, 149, 184, 203, 60, 117, 43, 115,
