%YAML:1.0
---
descriptors: !!opencv-matrix
   rows: 283
   cols: 32
   dt: u
   data: [ 213, 95, 93, 103, 176, 14, 111, 184, 116, 234, 127, 100, 211,
       115, 153, 112, 54, 68, 60, 110, 225, 176, 125, 46, 238, 175, 37,
       132, 104, 243, 64, 49, 93, 93, 125, 103, 180, 14, 79, 188, 96,
       234, 255, 96, 115, 119, 153, 112, 118, 212, 28, 106, 233, 176,
       121, 46, 227, 239, 37, 148, 104, 243, 64, 57, 156, 157, 91, 231,
       180, 111, 79, 189, 52, 168, 127, 100, 215, 115, 136, 80, 119, 254,
       29, 106, 121, 184, 121, 62, 233, 239, 37, 196, 40, 243, 192, 49,
       237, 112, 253, 103, 44, 78, 87, 152, 97, 186, 183, 8, 215, 87, 73,
       59, 148, 212, 124, 106, 201, 246, 249, 32, 215, 217, 101, 52, 64,
       179, 70, 51, 252, 188, 253, 118, 136, 109, 69, 255, 178, 190, 164,
       24, 115, 247, 73, 27, 5, 214, 109, 42, 120, 71, 250, 42, 251, 203,
       117, 60, 224, 240, 198, 98, 232, 180, 188, 250, 189, 237, 81, 11,
       223, 59, 165, 24, 158, 253, 72, 59, 129, 26, 251, 16, 58, 110,
       250, 147, 207, 223, 80, 127, 210, 72, 198, 162, 252, 108, 252,
       114, 143, 105, 85, 206, 211, 183, 180, 24, 67, 225, 79, 27, 9,
       214, 236, 18, 58, 103, 218, 50, 251, 203, 85, 125, 243, 249, 206,
       34, 232, 188, 188, 254, 221, 237, 85, 39, 223, 31, 172, 24, 190,
       185, 70, 115, 201, 51, 234, 0, 58, 107, 242, 183, 235, 223, 84,
       123, 210, 72, 206, 234, 230, 237, 246, 255, 252, 171, 238, 236,
       191, 178, 251, 26, 239, 234, 61, 67, 255, 239, 127, 227, 248, 127,
       203, 255, 190, 254, 207, 156, 213, 251, 227, 129, 96, 168, 157,
       250, 141, 205, 81, 207, 207, 49, 160, 24, 182, 243, 104, 91, 129,
       146, 106, 16, 26, 107, 218, 113, 217, 146, 85, 127, 208, 8, 198,
       42, 254, 191, 244, 254, 252, 175, 254, 253, 63, 187, 187, 126,
       239, 251, 93, 91, 255, 223, 127, 147, 186, 231, 203, 255, 191,
       255, 255, 254, 215, 251, 227, 129, 117, 141, 95, 101, 144, 14, 71,
       186, 100, 160, 170, 8, 215, 49, 0, 114, 50, 212, 108, 106, 105,
       184, 113, 14, 233, 175, 37, 20, 96, 242, 64, 32, 240, 84, 189,
       116, 168, 44, 85, 183, 160, 154, 182, 56, 87, 55, 129, 123, 135,
       213, 109, 34, 104, 101, 163, 40, 241, 235, 116, 152, 96, 241, 198,
       43, 253, 252, 253, 247, 173, 127, 95, 184, 251, 250, 191, 92, 255,
       255, 73, 123, 151, 215, 253, 122, 251, 103, 251, 179, 235, 255,
       119, 156, 194, 243, 195, 83, 69, 7, 148, 39, 160, 58, 110, 136,
       120, 170, 107, 80, 199, 98, 219, 222, 147, 68, 108, 126, 148, 240,
       205, 2, 140, 254, 103, 4, 192, 243, 203, 4, 220, 237, 189, 247,
       172, 63, 126, 190, 191, 187, 191, 16, 223, 255, 217, 123, 247,
       215, 127, 123, 250, 229, 235, 243, 239, 251, 255, 212, 166, 243,
       129, 33, 69, 113, 17, 69, 65, 15, 103, 56, 104, 232, 107, 76, 214,
       17, 9, 52, 144, 68, 64, 106, 193, 176, 217, 8, 37, 184, 1, 38, 72,
       51, 67, 35, 151, 109, 246, 223, 238, 59, 254, 248, 255, 178, 255,
       26, 206, 234, 253, 107, 127, 239, 127, 251, 252, 247, 239, 238,
       190, 190, 207, 180, 231, 255, 225, 132, 156, 237, 118, 255, 254,
       11, 238, 252, 255, 178, 251, 26, 239, 235, 61, 65, 123, 239, 127,
       227, 232, 247, 207, 255, 254, 255, 239, 180, 103, 251, 225, 138,
       205, 112, 157, 103, 41, 110, 87, 152, 121, 250, 39, 24, 222, 81,
       73, 59, 145, 84, 108, 122, 33, 116, 249, 40, 199, 251, 69, 52,
       202, 115, 66, 51, 245, 85, 29, 100, 32, 14, 71, 188, 96, 168, 174,
       76, 211, 113, 1, 51, 16, 228, 108, 110, 201, 225, 249, 40, 161,
       233, 101, 20, 104, 243, 66, 33, 165, 120, 19, 69, 64, 79, 231, 36,
       104, 192, 98, 72, 242, 16, 133, 53, 24, 116, 64, 106, 65, 180,
       181, 40, 37, 152, 0, 2, 73, 51, 67, 188, 220, 16, 188, 247, 172,
       108, 89, 154, 174, 251, 151, 60, 223, 255, 73, 91, 199, 87, 253,
       16, 58, 69, 219, 144, 203, 251, 127, 252, 162, 233, 5, 115, 28,
       181, 185, 82, 155, 237, 17, 207, 187, 21, 173, 24, 30, 247, 76,
       56, 161, 155, 200, 16, 51, 107, 186, 115, 219, 213, 21, 127, 195,
       65, 135, 226, 236, 252, 180, 254, 141, 237, 86, 178, 219, 186,
       173, 24, 174, 249, 65, 91, 201, 242, 239, 82, 104, 110, 218, 186,
       235, 219, 85, 59, 210, 123, 214, 10, 216, 177, 188, 240, 169, 237,
       89, 159, 171, 127, 180, 24, 191, 247, 64, 58, 133, 151, 253, 24,
       58, 75, 250, 19, 219, 223, 117, 253, 194, 64, 134, 123, 248, 188,
       190, 120, 185, 221, 81, 223, 251, 127, 164, 24, 191, 255, 64, 123,
       133, 247, 253, 16, 58, 111, 242, 179, 219, 251, 117, 121, 194, 8,
       198, 123, 212, 216, 95, 247, 36, 78, 111, 180, 52, 190, 247, 44,
       247, 87, 137, 83, 214, 244, 125, 106, 105, 212, 249, 45, 231, 235,
       101, 148, 32, 179, 68, 49, 206, 52, 189, 113, 137, 110, 57, 17,
       171, 255, 47, 24, 220, 119, 72, 59, 133, 23, 253, 48, 177, 84,
       251, 64, 207, 219, 117, 230, 130, 96, 135, 115, 17, 172, 203, 187,
       132, 171, 97, 151, 118, 131, 74, 82, 243, 227, 224, 73, 113, 42,
       34, 156, 59, 248, 79, 49, 204, 130, 247, 64, 176, 192, 224, 168,
       109, 253, 176, 126, 217, 221, 87, 168, 235, 113, 45, 8, 254, 249,
       79, 182, 129, 122, 208, 74, 199, 106, 250, 183, 107, 221, 5, 123,
       90, 95, 202, 182, 205, 20, 157, 69, 129, 110, 113, 27, 121, 234,
       46, 84, 158, 51, 65, 123, 148, 85, 120, 56, 177, 212, 241, 74,
       199, 251, 83, 6, 138, 225, 3, 49, 216, 188, 255, 118, 136, 108,
       81, 23, 178, 151, 164, 24, 55, 183, 64, 91, 33, 246, 109, 24, 58,
       79, 178, 34, 217, 227, 117, 56, 162, 224, 134, 106, 248, 184, 159,
       244, 10, 224, 81, 151, 178, 151, 164, 24, 55, 151, 64, 91, 1, 246,
       109, 24, 58, 79, 178, 33, 219, 227, 112, 120, 160, 192, 166, 122,
       248, 172, 222, 120, 138, 233, 81, 215, 179, 23, 164, 185, 55, 231,
       66, 27, 35, 178, 109, 16, 58, 79, 130, 51, 217, 199, 112, 121,
       226, 192, 134, 170, 45, 103, 16, 5, 116, 30, 102, 56, 104, 168,
       123, 76, 214, 16, 149, 180, 148, 76, 68, 110, 197, 176, 217, 14,
       36, 188, 33, 4, 74, 179, 75, 133, 248, 170, 222, 114, 168, 173,
       81, 215, 178, 191, 164, 29, 55, 243, 66, 27, 13, 178, 109, 24, 58,
       111, 218, 51, 219, 203, 117, 121, 224, 192, 202, 11, 205, 117,
       149, 103, 177, 110, 119, 184, 123, 234, 47, 8, 222, 115, 9, 51,
       145, 84, 104, 106, 97, 240, 249, 110, 239, 255, 69, 6, 202, 115,
       67, 51, 220, 120, 157, 246, 40, 108, 81, 24, 179, 190, 167, 56,
       215, 247, 73, 91, 1, 244, 109, 18, 40, 71, 235, 34, 209, 227, 117,
       61, 160, 241, 6, 99, 236, 52, 189, 99, 173, 125, 83, 152, 91, 251,
       37, 24, 222, 93, 75, 59, 145, 80, 253, 58, 51, 100, 251, 18, 207,
       219, 65, 127, 210, 107, 70, 114, 150, 236, 254, 255, 236, 171,
       255, 239, 191, 183, 250, 154, 255, 238, 93, 91, 255, 255, 127,
       131, 250, 255, 235, 251, 255, 159, 255, 188, 132, 121, 229, 107,
       252, 188, 253, 118, 168, 109, 85, 191, 178, 191, 164, 24, 115,
       247, 200, 27, 1, 214, 237, 40, 56, 79, 251, 35, 219, 203, 117, 60,
       227, 240, 198, 107, 134, 236, 254, 223, 252, 187, 254, 239, 191,
       179, 247, 27, 238, 234, 94, 75, 127, 207, 127, 131, 254, 255, 203,
       247, 254, 190, 223, 229, 181, 121, 225, 139, 236, 180, 189, 99,
       173, 125, 81, 153, 127, 63, 165, 24, 222, 125, 72, 59, 145, 18,
       253, 48, 58, 100, 251, 19, 207, 223, 81, 127, 210, 75, 198, 178,
       120, 56, 251, 112, 8, 205, 81, 83, 162, 181, 164, 8, 51, 151, 64,
       58, 1, 246, 109, 0, 8, 107, 178, 0, 211, 201, 117, 57, 224, 130,
       70, 106, 254, 236, 246, 223, 253, 59, 238, 239, 63, 178, 251, 18,
       239, 235, 93, 79, 127, 239, 127, 179, 224, 247, 203, 250, 190,
       254, 223, 142, 151, 255, 227, 140, 230, 236, 246, 255, 236, 171,
       238, 254, 191, 154, 243, 58, 239, 235, 253, 75, 255, 239, 127,
       227, 248, 239, 203, 255, 190, 254, 239, 156, 151, 251, 227, 129,
       231, 255, 180, 254, 252, 47, 222, 253, 127, 187, 187, 28, 235,
