%YAML:1.0
---
descriptors: !!opencv-matrix
   rows: 312
   cols: 32
   dt: u
   data: [ 133, 255, 223, 159, 242, 14, 47, 188, 126, 250, 90, 228, 245,
       115, 145, 97, 55, 111, 62, 110, 241, 216, 205, 127, 44, 46, 111,
       132, 140, 243, 129, 185, 141, 221, 249, 239, 180, 14, 111, 188,
       116, 234, 126, 100, 215, 119, 153, 96, 87, 94, 60, 110, 225, 144,
       121, 47, 237, 239, 167, 132, 46, 243, 192, 49, 93, 93, 121, 103,
       180, 14, 111, 184, 113, 234, 127, 100, 211, 115, 153, 112, 54,
       196, 28, 110, 233, 176, 125, 46, 234, 239, 37, 132, 104, 243, 66,
       49, 125, 93, 125, 103, 180, 78, 79, 184, 96, 234, 191, 100, 83,
       119, 153, 114, 22, 212, 92, 106, 233, 176, 121, 46, 227, 239, 101,
       148, 106, 243, 66, 49, 252, 188, 253, 118, 136, 110, 69, 191, 178,
       191, 164, 24, 115, 119, 72, 59, 1, 214, 108, 40, 56, 79, 251, 47,
       251, 235, 117, 60, 224, 240, 198, 107, 93, 221, 121, 231, 176, 78,
       79, 188, 116, 234, 255, 96, 247, 119, 137, 112, 54, 214, 28, 106,
       249, 176, 121, 46, 227, 239, 37, 148, 96, 243, 192, 49, 157, 223,
       91, 231, 180, 110, 79, 190, 52, 234, 126, 100, 247, 119, 137, 112,
       119, 254, 29, 106, 249, 144, 121, 47, 237, 239, 167, 132, 44, 243,
       128, 121, 44, 180, 188, 99, 173, 109, 83, 152, 91, 255, 165, 24,
       222, 93, 75, 59, 145, 16, 252, 58, 59, 102, 251, 146, 207, 219,
       17, 125, 210, 75, 70, 243, 208, 24, 189, 116, 40, 76, 85, 50, 160,
       190, 182, 56, 247, 55, 1, 123, 132, 244, 109, 42, 104, 103, 243,
       8, 209, 235, 117, 144, 96, 240, 6, 51, 96, 177, 149, 249, 137,
       109, 84, 143, 207, 59, 168, 24, 150, 189, 76, 122, 129, 147, 120,
       16, 27, 105, 219, 17, 143, 218, 85, 126, 208, 72, 198, 34, 234,
       252, 180, 252, 221, 237, 213, 231, 223, 23, 168, 24, 174, 185, 36,
       80, 201, 59, 251, 0, 42, 107, 242, 183, 235, 223, 84, 59, 210, 92,
       214, 202, 236, 164, 244, 255, 173, 47, 222, 184, 223, 187, 181,
       24, 207, 121, 93, 59, 217, 214, 126, 58, 250, 103, 219, 191, 255,
       251, 245, 126, 210, 251, 210, 3, 77, 71, 148, 39, 160, 58, 110,
       152, 121, 170, 43, 96, 207, 98, 201, 250, 147, 69, 108, 126, 180,
       208, 205, 106, 172, 255, 103, 4, 128, 243, 73, 5, 69, 247, 144, 3,
       176, 14, 102, 188, 122, 185, 59, 92, 222, 98, 76, 182, 149, 78,
       108, 126, 215, 112, 201, 98, 172, 188, 37, 100, 200, 115, 203, 5,
       244, 101, 253, 101, 13, 74, 71, 40, 64, 166, 167, 8, 83, 53, 9,
       51, 24, 212, 104, 106, 104, 242, 249, 8, 249, 171, 69, 53, 97,
       251, 86, 98, 220, 253, 188, 247, 172, 47, 126, 188, 63, 186, 191,
       61, 223, 127, 73, 91, 247, 215, 125, 122, 104, 197, 219, 175, 255,
       255, 103, 180, 170, 243, 195, 19, 220, 237, 254, 191, 172, 107,
       254, 255, 190, 250, 250, 19, 255, 254, 89, 107, 247, 255, 127,
       227, 245, 245, 203, 239, 254, 255, 255, 149, 164, 123, 233, 139,
       150, 189, 246, 159, 255, 171, 254, 239, 191, 179, 243, 187, 238,
       254, 124, 79, 255, 255, 127, 151, 242, 255, 207, 255, 188, 254,
       223, 246, 199, 125, 241, 197, 205, 112, 157, 102, 40, 78, 71, 136,
       96, 242, 167, 8, 215, 113, 73, 59, 144, 84, 124, 106, 105, 100,
       249, 40, 225, 235, 101, 20, 72, 115, 66, 34, 221, 85, 29, 103,
       160, 14, 71, 184, 96, 160, 47, 76, 215, 49, 9, 51, 16, 68, 124,
       110, 201, 240, 217, 44, 229, 233, 101, 20, 104, 243, 194, 33, 222,
       216, 159, 254, 203, 100, 21, 138, 179, 31, 165, 24, 28, 247, 105,
       91, 193, 247, 249, 146, 42, 71, 186, 34, 219, 227, 221, 63, 144,
       113, 166, 115, 129, 113, 19, 77, 85, 30, 230, 53, 104, 64, 98, 76,
       254, 16, 21, 180, 144, 108, 64, 110, 229, 176, 21, 79, 36, 184, 4,
       2, 73, 50, 203, 141, 156, 112, 253, 247, 168, 47, 127, 184, 174,
       186, 183, 48, 223, 127, 153, 43, 239, 213, 125, 235, 232, 229, 75,
       96, 200, 235, 111, 148, 228, 243, 33, 33, 216, 184, 189, 240, 169,
       252, 89, 223, 179, 123, 180, 24, 191, 247, 72, 59, 133, 151, 125,
       24, 59, 79, 250, 49, 219, 219, 119, 251, 130, 64, 135, 123, 248,
       188, 189, 120, 169, 253, 81, 223, 251, 123, 164, 24, 191, 255, 68,
       123, 133, 179, 253, 24, 59, 111, 250, 51, 219, 219, 85, 123, 194,
       72, 199, 123, 230, 188, 244, 255, 236, 173, 252, 239, 191, 187,
       242, 50, 237, 254, 92, 75, 239, 255, 255, 129, 186, 126, 203, 243,
       190, 254, 223, 142, 197, 112, 231, 155, 236, 52, 189, 97, 164,
       111, 113, 27, 123, 251, 63, 24, 223, 127, 72, 59, 149, 22, 125,
       56, 49, 116, 249, 2, 207, 223, 117, 116, 192, 224, 199, 115, 204,
       84, 189, 231, 40, 110, 127, 152, 49, 234, 246, 40, 247, 119, 137,
       123, 151, 212, 125, 106, 233, 212, 249, 42, 199, 251, 97, 148, 96,
       243, 71, 123, 220, 220, 61, 231, 36, 78, 95, 184, 52, 234, 247,
       96, 215, 87, 136, 115, 86, 212, 93, 106, 233, 212, 121, 47, 247,
       235, 103, 148, 32, 178, 4, 49, 60, 77, 18, 174, 93, 71, 86, 232,
       5, 132, 233, 11, 66, 201, 41, 144, 216, 236, 194, 98, 76, 163, 88,
       189, 179, 244, 5, 31, 83, 63, 110, 130, 5, 172, 219, 251, 164,
       171, 109, 159, 118, 3, 74, 208, 247, 227, 248, 105, 115, 106, 34,
       156, 19, 220, 77, 51, 204, 133, 119, 64, 188, 208, 193, 168, 17,
       143, 219, 107, 180, 170, 79, 159, 118, 3, 106, 192, 243, 99, 152,
       112, 83, 110, 12, 60, 123, 184, 109, 63, 236, 175, 37, 64, 188,
       194, 224, 32, 53, 197, 196, 39, 148, 10, 102, 184, 116, 162, 107,
       196, 83, 96, 153, 80, 49, 204, 32, 238, 105, 240, 77, 46, 172,
       166, 165, 4, 109, 251, 208, 0, 212, 32, 189, 112, 136, 110, 81, 8,
       242, 183, 167, 24, 215, 55, 73, 59, 129, 84, 104, 50, 57, 101,
       251, 2, 201, 203, 69, 117, 192, 97, 71, 34, 77, 20, 157, 69, 129,
       126, 113, 27, 121, 250, 39, 84, 222, 51, 65, 127, 149, 85, 120,
       56, 177, 212, 241, 64, 143, 251, 71, 6, 138, 97, 139, 51, 232,
       172, 156, 58, 137, 237, 20, 143, 187, 55, 160, 25, 174, 243, 66,
       155, 129, 83, 233, 16, 62, 79, 202, 51, 203, 211, 84, 123, 210,
       68, 142, 10, 69, 71, 93, 101, 48, 14, 111, 184, 100, 8, 122, 68,
       211, 97, 153, 112, 20, 68, 108, 110, 233, 176, 73, 14, 164, 174,
       33, 4, 72, 179, 66, 33, 109, 113, 16, 69, 81, 95, 118, 24, 105,
       224, 43, 12, 222, 16, 77, 180, 144, 92, 64, 106, 197, 240, 209, 8,
       37, 156, 5, 6, 74, 51, 75, 150, 248, 174, 254, 122, 174, 233, 81,
       215, 242, 23, 188, 56, 51, 243, 106, 27, 43, 178, 109, 24, 58,
       111, 170, 51, 219, 203, 116, 121, 241, 200, 228, 43, 248, 172,
       156, 122, 139, 169, 16, 207, 187, 55, 164, 25, 174, 171, 66, 27,
       129, 147, 233, 16, 62, 111, 202, 51, 219, 211, 84, 123, 210, 64,
       142, 10, 244, 12, 220, 244, 138, 104, 85, 191, 178, 183, 134, 185,
       87, 39, 67, 91, 65, 246, 109, 136, 56, 79, 203, 34, 217, 163, 245,
       61, 160, 240, 134, 106, 244, 174, 220, 118, 168, 173, 85, 223,
       178, 191, 164, 29, 55, 227, 66, 27, 5, 246, 109, 24, 58, 79, 218,
       35, 219, 139, 117, 121, 224, 208, 206, 75, 237, 112, 153, 103, 41,
       126, 71, 152, 105, 250, 39, 72, 214, 81, 73, 58, 145, 84, 124,
       106, 73, 116, 249, 34, 199, 251, 69, 52, 202, 115, 66, 50, 141,
       223, 159, 111, 176, 14, 111, 188, 124, 234, 126, 100, 245, 115,
       153, 113, 55, 110, 62, 110, 225, 212, 125, 110, 236, 175, 103,
       132, 12, 243, 129, 177, 117, 199, 77, 103, 180, 42, 79, 184, 116,
       234, 255, 236, 211, 97, 153, 112, 25, 198, 108, 110, 249, 208,
       109, 46, 238, 239, 165, 148, 237, 243, 210, 49, 120, 184, 249,
       112, 170, 205, 81, 87, 162, 29, 172, 8, 51, 151, 66, 58, 3, 182,
       77, 24, 26, 75, 178, 17, 219, 201, 52, 121, 225, 130, 198, 107,
       93, 85, 121, 103, 180, 14, 79, 184, 112, 234, 127, 76, 211, 113,
       153, 112, 22, 196, 92, 110, 233, 176, 253, 46, 234, 239, 37, 148,
       104, 243, 66, 113, 80, 141, 93, 101, 148, 74, 71, 55, 100, 164,
       170, 8, 215, 51, 0, 112, 50, 246, 108, 106, 104, 169, 113, 14,
