%YAML:1.0
---
descriptors: !!opencv-matrix
   rows: 336
   cols: 32
   dt: u
   data: [ 92, 52, 189, 226, 168, 108, 89, 25, 42, 255, 191, 124, 223,
       127, 72, 122, 151, 149, 253, 49, 153, 69, 251, 0, 219, 251, 111,
       252, 136, 226, 135, 115, 200, 180, 188, 241, 169, 124, 125, 191,
       251, 127, 182, 28, 159, 183, 74, 59, 133, 215, 125, 24, 186, 77,
       243, 99, 207, 219, 119, 126, 130, 64, 135, 123, 120, 180, 180,
       254, 157, 253, 85, 207, 223, 23, 172, 25, 174, 255, 78, 26, 201,
       147, 233, 16, 58, 107, 243, 179, 235, 223, 84, 59, 210, 92, 198,
       106, 108, 180, 188, 251, 141, 109, 81, 155, 95, 55, 165, 24, 222,
       253, 74, 27, 153, 146, 233, 24, 58, 111, 251, 17, 207, 223, 85,
       127, 210, 72, 198, 114, 213, 85, 61, 231, 184, 46, 79, 184, 52,
       234, 159, 96, 215, 119, 137, 115, 23, 212, 125, 106, 233, 209,
       105, 46, 233, 239, 37, 148, 32, 243, 0, 49, 197, 222, 157, 119,
       160, 46, 103, 184, 252, 186, 163, 80, 215, 115, 9, 123, 149, 86,
       108, 110, 225, 244, 219, 42, 173, 170, 101, 20, 72, 115, 131, 33,
       252, 229, 157, 122, 137, 109, 87, 200, 178, 183, 173, 24, 82, 243,
       73, 59, 153, 210, 233, 114, 42, 99, 250, 51, 251, 207, 69, 125,
       208, 123, 206, 226, 100, 69, 169, 71, 157, 79, 71, 184, 113, 228,
       239, 8, 211, 117, 25, 50, 89, 220, 121, 106, 104, 242, 249, 46,
       239, 255, 5, 52, 226, 251, 70, 98, 120, 181, 189, 112, 153, 237,
       81, 103, 242, 61, 172, 24, 54, 183, 64, 50, 129, 146, 104, 24, 26,
       107, 242, 23, 219, 207, 84, 122, 194, 64, 198, 106, 124, 229, 253,
       103, 93, 95, 95, 184, 81, 164, 175, 8, 219, 125, 29, 178, 88, 220,
       249, 106, 104, 242, 249, 46, 239, 255, 5, 21, 99, 251, 94, 226,
       241, 184, 255, 80, 171, 253, 80, 215, 227, 251, 180, 56, 59, 252,
       198, 63, 171, 242, 236, 16, 191, 111, 182, 49, 219, 219, 84, 123,
       227, 192, 206, 127, 5, 113, 49, 103, 0, 78, 103, 56, 104, 192,
       107, 8, 214, 85, 9, 48, 144, 84, 88, 106, 65, 240, 121, 109, 229,
       188, 1, 4, 64, 51, 67, 50, 249, 174, 188, 176, 170, 188, 88, 215,
       179, 91, 180, 185, 191, 247, 66, 59, 135, 183, 253, 20, 190, 79,
       194, 51, 219, 195, 124, 249, 162, 196, 142, 91, 124, 32, 56, 104,
       136, 77, 81, 24, 67, 181, 164, 24, 23, 21, 64, 26, 73, 144, 76,
       24, 10, 99, 250, 16, 219, 201, 37, 125, 242, 136, 70, 34, 78, 177,
       145, 162, 153, 212, 20, 141, 171, 29, 9, 25, 204, 247, 72, 210,
       145, 19, 233, 17, 18, 1, 186, 209, 169, 213, 15, 127, 128, 6, 167,
       98, 209, 174, 134, 48, 168, 173, 68, 231, 249, 155, 176, 93, 166,
       224, 144, 159, 161, 103, 108, 13, 188, 239, 130, 99, 144, 178,
       116, 154, 200, 68, 195, 5, 248, 184, 252, 112, 141, 189, 80, 223,
       179, 55, 164, 25, 59, 187, 64, 155, 169, 146, 237, 16, 58, 111,
       154, 51, 219, 203, 116, 121, 227, 192, 206, 10, 117, 5, 93, 101,
       18, 78, 71, 48, 96, 160, 171, 8, 87, 49, 9, 115, 50, 212, 108,
       106, 105, 161, 81, 12, 225, 235, 33, 84, 96, 162, 64, 32, 204, 69,
       124, 103, 170, 74, 95, 184, 49, 178, 167, 8, 215, 119, 9, 115, 19,
       212, 108, 106, 104, 224, 201, 14, 229, 235, 101, 20, 96, 243, 68,
       32, 28, 229, 191, 231, 145, 78, 103, 188, 52, 162, 239, 2, 83,
       115, 9, 113, 49, 220, 73, 234, 104, 208, 57, 46, 235, 175, 197, 4,
       160, 243, 228, 34, 224, 148, 157, 120, 137, 237, 69, 143, 155, 51,
       168, 24, 182, 183, 76, 123, 129, 19, 104, 16, 59, 109, 211, 115,
       153, 146, 84, 126, 208, 72, 133, 42, 192, 236, 157, 255, 232, 237,
       5, 175, 158, 51, 40, 24, 182, 51, 64, 123, 129, 82, 106, 8, 51,
       76, 211, 51, 237, 182, 84, 120, 144, 88, 133, 42, 84, 196, 125,
       103, 148, 79, 71, 184, 118, 166, 171, 10, 83, 115, 9, 112, 49,
       212, 76, 122, 104, 177, 121, 63, 233, 207, 37, 20, 112, 251, 64,
       34, 232, 180, 181, 97, 169, 109, 81, 143, 219, 55, 165, 25, 222,
       61, 72, 59, 133, 19, 249, 17, 50, 108, 251, 147, 207, 219, 85,
       126, 210, 72, 135, 114, 69, 84, 149, 71, 160, 46, 102, 156, 122,
       186, 43, 68, 222, 114, 201, 123, 149, 68, 108, 122, 161, 244, 217,
       66, 172, 190, 103, 4, 200, 115, 3, 5, 69, 245, 157, 71, 169, 46,
       119, 184, 122, 251, 43, 92, 222, 114, 73, 59, 145, 86, 104, 122,
       243, 112, 249, 34, 237, 190, 69, 102, 200, 115, 195, 35, 85, 99,
       80, 39, 115, 14, 118, 184, 105, 168, 123, 108, 206, 50, 139, 208,
       182, 197, 108, 111, 197, 176, 201, 76, 180, 244, 37, 134, 104, 55,
       11, 5, 236, 164, 188, 123, 169, 125, 21, 143, 155, 55, 45, 24,
       238, 245, 78, 31, 147, 82, 233, 16, 50, 100, 251, 51, 207, 215,
       85, 127, 210, 88, 207, 34, 76, 117, 120, 103, 114, 15, 63, 184,
       57, 228, 127, 173, 223, 119, 139, 16, 22, 93, 245, 110, 64, 208,
       233, 78, 230, 221, 37, 132, 98, 179, 7, 115, 109, 101, 48, 103,
       117, 31, 118, 184, 121, 232, 127, 9, 223, 89, 157, 180, 150, 76,
       84, 110, 228, 240, 233, 14, 231, 255, 37, 4, 66, 183, 66, 229,
       129, 170, 158, 153, 236, 169, 169, 71, 254, 19, 66, 208, 181, 162,
       240, 75, 99, 34, 106, 28, 50, 92, 134, 115, 140, 130, 122, 104,
       144, 192, 161, 136, 124, 175, 253, 114, 138, 233, 85, 223, 178,
       55, 173, 184, 55, 231, 64, 26, 37, 178, 237, 16, 58, 75, 170, 19,
       219, 199, 117, 125, 224, 192, 134, 106, 69, 113, 81, 69, 80, 94,
       103, 48, 105, 224, 103, 72, 210, 16, 133, 180, 16, 124, 64, 106,
       65, 176, 241, 76, 39, 184, 1, 2, 75, 179, 66, 164, 129, 238, 159,
       177, 236, 169, 109, 151, 238, 147, 66, 80, 181, 227, 240, 75, 67,
       106, 106, 28, 35, 92, 135, 113, 76, 130, 119, 104, 136, 192, 193,
       168, 38, 93, 22, 190, 249, 205, 22, 224, 159, 134, 233, 9, 230,
       240, 37, 148, 200, 123, 202, 66, 106, 35, 90, 63, 177, 182, 5, 59,
       80, 123, 6, 134, 145, 142, 223, 123, 180, 170, 97, 151, 118, 75,
       114, 244, 243, 65, 144, 121, 49, 110, 36, 28, 187, 252, 45, 63,
       200, 239, 52, 192, 232, 192, 192, 41, 38, 221, 16, 190, 121, 205,
       22, 226, 159, 28, 168, 9, 166, 240, 37, 148, 136, 123, 202, 66,
       110, 43, 90, 191, 161, 214, 20, 59, 80, 92, 14, 159, 38, 209, 18,
       186, 217, 205, 22, 232, 159, 0, 225, 9, 70, 216, 45, 144, 216,
       249, 194, 98, 76, 35, 90, 30, 177, 180, 5, 123, 88, 59, 110, 134,
       193, 174, 159, 153, 236, 168, 233, 199, 254, 19, 32, 208, 181,
       226, 240, 75, 99, 34, 106, 28, 51, 109, 134, 115, 140, 130, 254,
       104, 144, 192, 161, 168, 76, 117, 57, 103, 20, 78, 103, 184, 104,
       224, 106, 8, 222, 113, 1, 18, 144, 84, 113, 106, 97, 240, 249, 42,
       229, 191, 5, 0, 64, 51, 71, 98, 150, 236, 222, 191, 254, 171, 254,
       239, 191, 179, 250, 26, 247, 232, 121, 83, 255, 239, 127, 131,
       122, 251, 203, 255, 254, 191, 255, 220, 133, 248, 225, 137, 134,
       172, 254, 191, 252, 171, 254, 239, 63, 187, 250, 26, 237, 238, 92,
       83, 255, 255, 127, 145, 242, 251, 203, 255, 190, 254, 223, 222,
       197, 248, 225, 153, 108, 48, 188, 115, 169, 111, 81, 152, 115,
       255, 165, 24, 223, 117, 73, 59, 145, 212, 125, 58, 26, 102, 251,
       16, 207, 219, 97, 125, 194, 107, 70, 115, 148, 237, 221, 255, 180,
       42, 239, 254, 54, 170, 255, 0, 247, 99, 153, 65, 123, 111, 125,
       234, 104, 208, 201, 63, 236, 239, 175, 148, 164, 243, 225, 161,
       236, 112, 189, 101, 45, 111, 83, 152, 107, 254, 165, 24, 211, 85,
       73, 59, 153, 84, 124, 122, 9, 102, 249, 0, 207, 219, 101, 53, 194,
       251, 70, 115, 236, 113, 189, 103, 40, 78, 87, 184, 97, 250, 183,
       8, 215, 119, 73, 59, 148, 212, 124, 106, 233, 112, 249, 8, 231,
       249, 101, 52, 96, 243, 70, 115, 84, 85, 61, 231, 176, 78, 95, 184,
       32, 234, 191, 72, 215, 119, 137, 114, 22, 212, 125, 106, 233, 144,
       249, 46, 229, 239, 101, 148, 32, 243, 70, 115, 204, 180, 157, 119,
       184, 111, 119, 184, 58, 251, 171, 24, 215, 119, 72, 58, 145, 86,
       124, 50, 57, 80, 251, 42, 237, 255, 117, 84, 192, 115, 135, 51,
