%YAML:1.0
---
descriptors: !!opencv-matrix
   rows: 151
   cols: 32
   dt: u
   data: [ 235, 188, 190, 248, 237, 253, 212, 231, 223, 119, 166, 29,
       174, 188, 118, 255, 205, 255, 251, 21, 191, 111, 242, 243, 159,
       219, 223, 123, 154, 92, 220, 94, 252, 176, 245, 250, 233, 125, 83,
       136, 27, 115, 165, 24, 95, 127, 78, 251, 223, 209, 253, 178, 59,
       102, 251, 145, 219, 219, 65, 127, 218, 231, 6, 114, 252, 112, 253,
       227, 137, 95, 95, 152, 35, 250, 181, 8, 223, 87, 73, 59, 223, 213,
       253, 250, 105, 70, 249, 48, 219, 219, 229, 60, 186, 51, 6, 115,
       217, 190, 253, 254, 190, 47, 223, 255, 95, 235, 158, 254, 255,
       121, 144, 41, 55, 247, 127, 45, 241, 237, 45, 255, 250, 255, 127,
       212, 237, 248, 129, 57, 100, 81, 157, 109, 137, 15, 87, 184, 70,
       176, 167, 8, 215, 51, 73, 114, 144, 84, 104, 106, 72, 96, 249, 24,
       237, 186, 69, 52, 216, 251, 0, 34, 77, 119, 57, 103, 48, 94, 55,
       184, 121, 232, 127, 104, 222, 119, 137, 48, 182, 93, 108, 98, 193,
       176, 249, 110, 231, 255, 37, 6, 74, 179, 79, 49, 112, 161, 57, 96,
       72, 237, 89, 79, 227, 177, 160, 8, 23, 155, 64, 50, 128, 151, 81,
       24, 26, 107, 242, 17, 219, 201, 16, 124, 224, 128, 70, 42, 68,
       101, 120, 101, 16, 78, 103, 56, 112, 160, 106, 8, 211, 57, 17, 48,
       50, 220, 80, 104, 73, 176, 213, 14, 231, 173, 1, 4, 105, 178, 67,
       32, 157, 20, 127, 245, 38, 47, 105, 58, 124, 186, 247, 114, 223,
       51, 153, 123, 119, 212, 127, 42, 161, 244, 97, 206, 196, 235, 115,
       148, 36, 249, 65, 33, 205, 148, 189, 241, 168, 44, 109, 31, 123,
       251, 182, 84, 159, 55, 216, 127, 133, 86, 125, 24, 185, 236, 243,
       194, 239, 251, 118, 212, 202, 240, 193, 57, 250, 180, 182, 250,
       175, 253, 209, 199, 251, 95, 180, 57, 174, 253, 110, 175, 235,
       179, 253, 17, 63, 111, 242, 243, 155, 219, 94, 123, 219, 76, 239,
       255, 15, 255, 255, 239, 252, 27, 239, 248, 127, 232, 255, 230,
       221, 111, 153, 96, 127, 207, 127, 238, 225, 240, 109, 255, 238,
       255, 175, 132, 79, 243, 227, 241, 29, 207, 107, 238, 214, 130,
       239, 242, 212, 64, 222, 198, 113, 239, 181, 96, 126, 238, 23, 239,
       233, 187, 44, 255, 114, 239, 175, 128, 53, 187, 112, 232, 137,
       190, 255, 247, 188, 47, 239, 255, 126, 235, 182, 244, 251, 227,
       144, 33, 127, 231, 126, 172, 185, 239, 111, 255, 238, 223, 247,
       132, 236, 240, 227, 185, 68, 101, 145, 103, 16, 79, 102, 168, 112,
       160, 107, 72, 215, 113, 9, 48, 16, 220, 96, 106, 65, 240, 217, 46,
       229, 190, 5, 4, 72, 179, 66, 32, 69, 117, 121, 103, 112, 94, 119,
       184, 105, 224, 127, 40, 223, 117, 139, 48, 150, 93, 84, 106, 193,
       176, 249, 76, 103, 255, 37, 4, 66, 179, 71, 113, 37, 41, 19, 109,
       84, 15, 98, 120, 96, 160, 105, 72, 83, 1, 17, 48, 88, 204, 34,
       106, 72, 178, 209, 44, 101, 172, 1, 8, 65, 171, 114, 160, 120, 16,
       156, 124, 8, 108, 81, 27, 227, 187, 162, 24, 215, 179, 64, 90,
       129, 148, 108, 16, 8, 111, 211, 0, 217, 239, 113, 124, 232, 104,
       66, 2, 141, 134, 181, 83, 164, 63, 101, 31, 119, 127, 119, 112,
       223, 37, 152, 125, 23, 22, 46, 56, 177, 244, 109, 18, 79, 223,
       117, 68, 210, 248, 196, 97, 13, 101, 156, 231, 180, 15, 102, 152,
       102, 162, 15, 64, 215, 99, 201, 106, 51, 76, 110, 122, 64, 208,
       73, 8, 236, 207, 103, 36, 168, 251, 9, 160, 54, 101, 70, 207, 252,
       10, 238, 232, 63, 162, 251, 2, 205, 234, 61, 80, 122, 205, 127,
       227, 96, 243, 201, 254, 180, 254, 143, 180, 21, 123, 243, 128,
       254, 214, 150, 190, 41, 112, 19, 200, 179, 95, 165, 61, 78, 247,
       107, 223, 209, 213, 237, 66, 42, 71, 170, 163, 147, 243, 81, 191,
       130, 117, 38, 119, 248, 188, 189, 254, 153, 237, 85, 255, 155,
       223, 173, 24, 254, 255, 96, 59, 133, 243, 253, 16, 59, 79, 250,
       51, 251, 223, 117, 122, 210, 96, 135, 123, 156, 68, 127, 255, 36,
       10, 107, 112, 60, 162, 247, 82, 215, 67, 153, 89, 126, 229, 95,
       234, 233, 244, 105, 78, 196, 235, 227, 128, 36, 185, 96, 161, 197,
       20, 253, 245, 164, 46, 125, 27, 60, 187, 183, 112, 215, 55, 129,
       123, 39, 150, 125, 40, 177, 212, 225, 2, 199, 251, 115, 148, 132,
       248, 193, 33, 205, 188, 189, 115, 168, 44, 125, 151, 250, 187,
       190, 48, 159, 55, 192, 123, 135, 86, 125, 24, 179, 108, 251, 98,
       239, 251, 118, 212, 128, 208, 195, 59, 93, 255, 189, 231, 168, 23,
       79, 188, 39, 234, 190, 100, 255, 119, 216, 51, 215, 231, 125, 238,
       249, 193, 233, 46, 250, 219, 239, 148, 8, 243, 161, 113, 235, 188,
       190, 250, 237, 253, 85, 231, 159, 87, 164, 25, 174, 188, 102, 91,
       201, 251, 251, 21, 62, 111, 242, 243, 219, 219, 94, 123, 146, 76,
       223, 222, 236, 112, 253, 227, 41, 127, 91, 152, 131, 250, 181, 8,
       219, 95, 75, 59, 157, 212, 253, 122, 41, 103, 251, 48, 207, 219,
       101, 53, 202, 251, 78, 115, 250, 188, 190, 188, 237, 237, 253,
       215, 191, 223, 246, 29, 174, 255, 70, 27, 237, 251, 255, 149, 186,
       111, 251, 243, 219, 251, 223, 123, 211, 220, 230, 122, 5, 247,
       239, 239, 244, 15, 111, 252, 127, 234, 255, 230, 251, 235, 153,
       96, 127, 206, 127, 238, 225, 240, 237, 254, 254, 239, 167, 132,
       173, 251, 241, 241, 133, 255, 111, 239, 252, 11, 239, 248, 127,
       234, 255, 230, 217, 111, 153, 97, 127, 205, 127, 238, 233, 240,
       109, 254, 254, 251, 239, 132, 109, 251, 97, 241, 133, 118, 239,
       247, 236, 43, 239, 216, 127, 250, 243, 246, 221, 239, 157, 107,
       127, 205, 127, 238, 233, 244, 239, 234, 252, 186, 239, 132, 237,
       251, 99, 241, 233, 190, 255, 253, 252, 47, 237, 255, 127, 235,
       246, 254, 255, 235, 144, 120, 127, 239, 127, 140, 177, 254, 239,
       255, 254, 255, 247, 192, 175, 248, 225, 249, 217, 172, 239, 255,
       252, 43, 111, 255, 126, 227, 254, 214, 243, 227, 144, 49, 127,
       238, 126, 172, 185, 253, 239, 255, 254, 239, 247, 132, 237, 232,
       242, 249, 137, 188, 255, 253, 252, 43, 233, 255, 126, 235, 254,
       250, 255, 123, 144, 121, 127, 239, 127, 140, 177, 255, 237, 255,
       222, 255, 255, 212, 140, 232, 227, 169, 113, 145, 157, 60, 168,
       77, 84, 47, 171, 57, 162, 24, 183, 51, 0, 115, 192, 183, 108, 0,
       93, 75, 211, 21, 249, 243, 116, 90, 88, 8, 138, 11, 208, 168, 159,
       112, 136, 173, 137, 71, 170, 23, 160, 24, 182, 147, 64, 59, 133,
       51, 121, 24, 18, 79, 146, 17, 217, 136, 90, 120, 192, 64, 131, 42,
       248, 188, 156, 114, 169, 237, 81, 222, 179, 251, 164, 60, 63, 183,
       66, 27, 133, 247, 236, 16, 59, 111, 218, 51, 219, 203, 117, 121,
       234, 192, 142, 27, 197, 186, 149, 178, 168, 109, 36, 159, 251,
       251, 146, 120, 222, 248, 201, 187, 135, 87, 124, 17, 179, 109,
       203, 224, 156, 146, 125, 254, 136, 112, 131, 37, 109, 112, 181,
       101, 33, 95, 119, 24, 105, 238, 55, 44, 222, 53, 201, 190, 144,
       84, 236, 106, 193, 240, 241, 8, 199, 219, 101, 55, 66, 243, 71,
       115, 204, 184, 189, 243, 168, 236, 93, 150, 186, 123, 54, 24, 191,
       183, 72, 123, 135, 87, 125, 24, 179, 77, 251, 227, 207, 219, 126,
       254, 128, 80, 135, 123, 252, 180, 191, 254, 185, 237, 81, 91, 187,
       255, 165, 24, 254, 255, 104, 59, 133, 51, 253, 16, 59, 79, 250,
       51, 219, 223, 117, 127, 210, 64, 135, 115, 148, 20, 125, 245, 36,
       43, 125, 58, 60, 186, 247, 112, 215, 115, 153, 75, 127, 132, 127,
       42, 169, 244, 97, 12, 198, 235, 115, 148, 36, 249, 65, 33, 204,
       20, 189, 245, 168, 46, 125, 23, 188, 187, 182, 112, 223, 55, 200,
       123, 199, 87, 125, 24, 185, 220, 227, 66, 207, 251, 118, 212, 128,
       240, 129, 33, 180, 108, 95, 239, 116, 11, 107, 248, 52, 32, 247,
       18, 243, 67, 153, 81, 126, 237, 95, 234, 104, 183, 73, 63, 244,
       235, 163, 128, 53, 187, 98, 160, 205, 188, 189, 118, 169, 253, 85,
       191, 251, 251, 164, 24, 254, 255, 73, 59, 133, 115, 125, 24, 243,
       109, 250, 51, 235, 219, 117, 122, 194, 112, 135, 59, 102, 165,
