%YAML:1.0
---
descriptors: !!opencv-matrix
   rows: 194
   cols: 32
   dt: u
   data: [ 100, 52, 149, 99, 141, 111, 71, 136, 122, 247, 39, 24, 214,
       115, 73, 63, 145, 84, 120, 122, 49, 64, 249, 32, 207, 251, 69,
       118, 192, 115, 198, 98, 108, 101, 57, 111, 29, 79, 71, 168, 67,
       228, 173, 8, 211, 53, 73, 49, 152, 84, 89, 106, 105, 112, 249, 28,
       229, 217, 5, 52, 80, 123, 86, 98, 124, 164, 153, 122, 137, 205,
       87, 200, 178, 23, 173, 25, 114, 243, 74, 26, 153, 210, 233, 82,
       90, 99, 218, 51, 251, 223, 69, 125, 210, 123, 206, 66, 81, 142,
       29, 101, 176, 46, 103, 191, 116, 8, 122, 68, 243, 99, 144, 112,
       55, 102, 108, 46, 185, 184, 9, 47, 232, 175, 36, 192, 168, 242,
       192, 41, 214, 108, 196, 182, 143, 40, 76, 142, 243, 179, 131, 27,
       207, 234, 89, 91, 163, 199, 125, 147, 60, 69, 207, 162, 152, 227,
       223, 61, 164, 113, 147, 2, 120, 176, 187, 112, 155, 236, 81, 87,
       235, 29, 164, 24, 22, 151, 64, 58, 161, 26, 108, 24, 18, 111, 178,
       17, 217, 205, 16, 123, 226, 64, 199, 107, 90, 59, 80, 165, 114,
       154, 58, 51, 41, 8, 122, 237, 173, 14, 131, 144, 182, 45, 205, 68,
       68, 152, 197, 76, 246, 229, 40, 131, 44, 134, 11, 155, 193, 168,
       253, 81, 170, 248, 57, 142, 254, 115, 166, 152, 183, 182, 196,
       123, 135, 31, 120, 28, 55, 77, 255, 115, 141, 155, 95, 124, 132,
       192, 139, 44, 117, 197, 177, 102, 31, 75, 71, 232, 82, 226, 169,
       10, 83, 116, 9, 176, 25, 212, 72, 106, 105, 227, 121, 14, 57, 174,
       5, 52, 97, 123, 86, 96, 96, 180, 153, 218, 220, 237, 67, 175, 254,
       49, 169, 24, 246, 240, 72, 112, 129, 218, 106, 24, 19, 107, 251,
       115, 253, 148, 21, 124, 208, 74, 199, 42, 85, 69, 125, 103, 16,
       46, 111, 56, 100, 160, 235, 72, 83, 115, 25, 112, 50, 212, 92,
       106, 169, 176, 121, 14, 231, 175, 33, 20, 96, 243, 64, 34, 252,
       52, 149, 114, 169, 45, 84, 218, 243, 187, 161, 88, 159, 251, 73,
       155, 137, 214, 108, 16, 58, 103, 218, 34, 155, 219, 117, 126, 226,
       121, 198, 35, 193, 156, 189, 95, 137, 189, 149, 175, 222, 51, 164,
       24, 246, 116, 77, 111, 133, 82, 104, 8, 55, 109, 123, 53, 143,
       154, 84, 50, 208, 89, 129, 110, 252, 68, 220, 118, 168, 104, 87,
       168, 160, 178, 167, 24, 247, 115, 9, 91, 131, 215, 108, 42, 104,
       103, 203, 42, 211, 235, 101, 29, 96, 241, 78, 34, 92, 69, 174,
       231, 135, 102, 111, 40, 48, 166, 207, 3, 93, 115, 25, 83, 112,
       213, 121, 238, 40, 209, 153, 74, 243, 239, 207, 5, 32, 243, 36,
       98, 88, 184, 154, 49, 168, 237, 17, 207, 230, 123, 162, 24, 183,
       181, 66, 58, 129, 51, 108, 17, 27, 109, 210, 49, 201, 193, 119,
       121, 232, 64, 135, 10, 249, 172, 143, 180, 173, 236, 80, 27, 179,
       91, 164, 24, 55, 243, 66, 187, 129, 230, 125, 24, 62, 75, 242, 35,
       219, 235, 240, 121, 160, 192, 218, 66, 149, 60, 189, 55, 132, 46,
       85, 159, 240, 251, 162, 28, 215, 113, 73, 27, 1, 70, 124, 59, 57,
       229, 219, 40, 233, 203, 117, 20, 232, 113, 131, 106, 145, 138,
       219, 113, 176, 171, 105, 151, 118, 163, 98, 112, 243, 99, 176,
       120, 115, 106, 44, 28, 59, 220, 13, 63, 200, 143, 55, 68, 184,
       192, 225, 40, 111, 237, 174, 30, 27, 217, 30, 232, 190, 128, 141,
       8, 254, 242, 121, 182, 19, 243, 251, 75, 64, 67, 254, 123, 249,
       23, 79, 57, 16, 55, 15, 102, 216, 156, 31, 126, 139, 108, 21, 175,
       249, 90, 230, 56, 254, 119, 0, 123, 129, 119, 108, 42, 121, 77,
       187, 111, 241, 251, 86, 10, 72, 112, 167, 43, 88, 188, 251, 116,
       243, 232, 55, 247, 251, 203, 110, 56, 63, 247, 64, 48, 167, 255,
       252, 16, 51, 219, 162, 103, 255, 255, 21, 107, 194, 64, 135, 43,
       44, 165, 57, 97, 157, 111, 85, 171, 91, 189, 45, 24, 214, 53, 72,
       48, 145, 30, 104, 48, 18, 120, 249, 23, 237, 157, 5, 119, 210, 74,
       198, 98, 77, 112, 191, 118, 105, 92, 53, 0, 233, 218, 37, 8, 158,
       151, 77, 59, 128, 93, 96, 66, 65, 102, 178, 64, 71, 219, 85, 10,
       66, 113, 71, 163, 220, 182, 156, 112, 171, 41, 17, 143, 178, 183,
       165, 57, 143, 39, 74, 27, 131, 151, 237, 16, 58, 77, 203, 16, 219,
       195, 117, 125, 160, 64, 143, 3, 145, 6, 75, 101, 48, 10, 107, 55,
       116, 2, 98, 208, 243, 35, 144, 112, 114, 238, 44, 44, 41, 188, 69,
       14, 228, 174, 48, 0, 104, 224, 192, 40, 220, 164, 156, 114, 136,
       104, 81, 27, 178, 191, 175, 25, 87, 247, 74, 27, 161, 151, 237,
       16, 58, 71, 138, 2, 219, 199, 117, 125, 224, 64, 134, 34, 81, 15,
       29, 101, 176, 46, 71, 55, 96, 168, 170, 68, 211, 51, 128, 114, 20,
       230, 108, 110, 249, 169, 69, 14, 224, 175, 37, 16, 104, 226, 194,
       41, 249, 174, 252, 50, 168, 173, 92, 151, 187, 251, 180, 185, 191,
       247, 66, 27, 135, 247, 253, 28, 188, 79, 202, 50, 219, 219, 117,
       185, 162, 244, 138, 67, 81, 143, 29, 101, 176, 46, 71, 183, 100,
       8, 186, 68, 215, 51, 128, 114, 20, 198, 108, 110, 249, 169, 65,
       15, 224, 175, 36, 80, 104, 226, 192, 33, 69, 134, 216, 67, 176,
       63, 71, 186, 118, 43, 63, 124, 211, 97, 202, 112, 23, 78, 12, 126,
       255, 176, 109, 55, 238, 143, 53, 116, 216, 219, 200, 1, 93, 102,
       220, 71, 148, 62, 74, 152, 97, 171, 191, 68, 75, 98, 159, 254, 49,
       196, 76, 254, 172, 208, 205, 46, 174, 239, 37, 21, 235, 243, 74,
       4, 242, 170, 204, 82, 203, 185, 80, 207, 163, 183, 164, 153, 35,
       225, 70, 159, 73, 226, 235, 144, 58, 111, 202, 49, 95, 67, 85,
       127, 225, 72, 222, 138, 220, 70, 220, 182, 168, 40, 70, 136, 179,
       182, 167, 153, 215, 99, 75, 91, 51, 196, 108, 62, 44, 69, 207, 34,
       210, 227, 101, 21, 160, 241, 78, 2, 211, 123, 3, 165, 50, 142, 42,
       49, 40, 200, 66, 237, 189, 6, 130, 144, 38, 45, 92, 101, 197, 152,
       149, 78, 180, 36, 42, 128, 44, 134, 11, 93, 244, 252, 188, 247,
       140, 111, 87, 158, 242, 179, 135, 24, 215, 121, 72, 59, 129, 214,
       125, 27, 56, 101, 219, 34, 201, 131, 245, 53, 168, 121, 214, 50,
       93, 5, 93, 103, 20, 78, 103, 56, 100, 160, 235, 72, 83, 115, 25,
       112, 48, 196, 76, 106, 105, 176, 89, 14, 241, 239, 37, 20, 97,
       243, 64, 32, 250, 190, 229, 116, 47, 95, 88, 59, 195, 254, 182,
       255, 107, 61, 150, 191, 143, 245, 253, 36, 189, 111, 247, 140,
       219, 251, 245, 183, 239, 172, 86, 127, 193, 156, 189, 95, 136,
       237, 21, 174, 206, 19, 160, 24, 246, 246, 76, 107, 129, 115, 104,
       16, 50, 109, 251, 49, 201, 186, 85, 58, 208, 72, 5, 42, 244, 176,
       185, 112, 136, 253, 81, 219, 226, 183, 165, 24, 19, 151, 72, 58,
       133, 150, 196, 24, 27, 111, 250, 0, 219, 201, 53, 125, 225, 192,
       198, 114, 220, 196, 92, 119, 152, 106, 85, 172, 180, 178, 166, 24,
       87, 115, 9, 91, 33, 214, 108, 162, 104, 197, 89, 46, 251, 227,
       101, 21, 32, 113, 236, 42, 52, 213, 189, 109, 152, 79, 71, 184,
       86, 160, 171, 8, 211, 101, 9, 112, 81, 212, 104, 122, 107, 240,
       121, 30, 233, 174, 5, 20, 112, 251, 68, 48, 192, 172, 157, 255,
       136, 237, 21, 135, 190, 23, 104, 24, 182, 243, 96, 91, 129, 122,
       106, 8, 50, 78, 218, 51, 205, 163, 116, 56, 144, 80, 135, 170,
       116, 125, 125, 70, 188, 111, 71, 188, 193, 230, 172, 8, 82, 117,
       73, 54, 13, 214, 76, 106, 249, 99, 249, 46, 249, 156, 69, 52, 97,
       251, 198, 113, 118, 69, 150, 60, 137, 106, 22, 232, 187, 134, 233,
       9, 102, 226, 41, 223, 208, 245, 232, 98, 108, 67, 138, 138, 179,
       246, 69, 59, 146, 119, 14, 2, 116, 255, 158, 180, 137, 79, 87,
       239, 147, 190, 184, 41, 70, 249, 67, 18, 153, 247, 236, 98, 108,
       107, 202, 42, 251, 247, 101, 63, 192, 123, 206, 3, 76, 225, 120,
       103, 178, 90, 127, 184, 41, 160, 47, 136, 223, 119, 137, 48, 22,
       93, 253, 238, 64, 208, 249, 108, 239, 237, 37, 5, 98, 179, 7, 32,
       101, 97, 104, 103, 52, 31, 126, 56, 105, 168, 127, 9, 211, 89,
       157, 48, 146, 68, 124, 110, 196, 240, 201, 12, 230, 253, 33, 21,
       64, 179, 74, 2, 216, 168, 159, 120, 168, 205, 81, 151, 230, 59,
       166, 24, 183, 247, 64, 123, 1, 183, 108, 16, 58, 109, 219, 49,
