%YAML:1.0
---
descriptors: !!opencv-matrix
   rows: 310
   cols: 32
   dt: u
   data: [ 125, 85, 125, 103, 164, 78, 79, 184, 96, 232, 191, 76, 83,
       119, 153, 51, 20, 212, 124, 106, 201, 161, 249, 44, 227, 233, 101,
       148, 104, 243, 66, 49, 93, 221, 59, 231, 176, 47, 79, 189, 52,
       232, 255, 100, 247, 119, 137, 112, 87, 246, 29, 234, 249, 176,
       121, 46, 233, 239, 39, 132, 40, 243, 160, 49, 197, 172, 251, 255,
       252, 237, 255, 255, 62, 187, 115, 82, 245, 255, 216, 105, 127,
       255, 127, 27, 179, 124, 235, 119, 253, 239, 255, 204, 229, 249,
       225, 177, 149, 253, 251, 239, 180, 174, 111, 190, 118, 234, 222,
       80, 247, 119, 153, 96, 119, 254, 29, 42, 251, 156, 121, 63, 237,
       239, 39, 132, 164, 250, 129, 41, 236, 52, 189, 99, 173, 109, 83,
       152, 91, 255, 165, 24, 222, 127, 75, 59, 145, 81, 253, 58, 51,
       100, 251, 18, 207, 219, 65, 127, 194, 107, 70, 114, 150, 252, 254,
       255, 236, 43, 254, 236, 191, 191, 243, 59, 255, 255, 95, 75, 255,
       255, 127, 131, 250, 119, 203, 251, 254, 219, 255, 189, 245, 121,
       229, 67, 252, 188, 253, 118, 136, 109, 69, 255, 179, 190, 164, 24,
       83, 247, 73, 27, 1, 214, 109, 42, 120, 71, 250, 42, 251, 203, 117,
       60, 224, 241, 198, 99, 96, 172, 157, 250, 204, 237, 85, 143, 154,
       19, 160, 24, 182, 243, 104, 91, 193, 147, 106, 16, 50, 107, 218,
       51, 217, 150, 84, 121, 208, 72, 135, 42, 238, 182, 244, 255, 173,
       47, 126, 248, 255, 187, 191, 92, 251, 239, 93, 27, 221, 223, 255,
       51, 186, 103, 219, 243, 255, 251, 215, 254, 214, 251, 214, 19,
       238, 180, 180, 250, 189, 63, 94, 188, 191, 187, 189, 29, 251, 255,
       92, 27, 221, 215, 255, 115, 186, 103, 251, 242, 255, 223, 245,
       254, 210, 251, 210, 19, 244, 84, 189, 116, 168, 108, 85, 186, 224,
       186, 182, 120, 87, 55, 1, 123, 133, 212, 108, 42, 232, 69, 235, 0,
       211, 235, 101, 148, 96, 241, 70, 35, 85, 69, 93, 100, 184, 46, 71,
       184, 228, 160, 170, 8, 215, 115, 9, 115, 50, 212, 108, 106, 105,
       161, 121, 12, 241, 235, 101, 20, 96, 243, 67, 32, 252, 252, 252,
       255, 173, 45, 94, 188, 255, 187, 181, 29, 223, 253, 89, 27, 223,
       199, 255, 114, 250, 103, 219, 178, 255, 255, 101, 252, 202, 251,
       210, 83, 253, 245, 252, 247, 173, 46, 95, 189, 187, 250, 191, 57,
       223, 127, 74, 123, 151, 215, 253, 106, 233, 103, 219, 163, 255,
       255, 103, 156, 234, 243, 195, 83, 64, 140, 149, 255, 200, 237, 37,
       175, 158, 19, 96, 24, 182, 243, 64, 123, 129, 122, 106, 24, 51,
       72, 218, 55, 205, 182, 84, 120, 144, 72, 133, 170, 69, 249, 148,
       87, 29, 141, 54, 184, 110, 240, 43, 76, 254, 112, 73, 182, 145,
       70, 120, 110, 199, 112, 219, 61, 45, 190, 69, 6, 72, 51, 67, 6,
       69, 112, 17, 69, 1, 78, 99, 24, 104, 232, 35, 8, 214, 17, 73, 50,
       144, 84, 96, 106, 1, 240, 241, 8, 69, 184, 1, 38, 72, 51, 67, 50,
       221, 81, 93, 102, 168, 14, 71, 56, 225, 160, 167, 76, 87, 113,
       137, 51, 16, 196, 108, 106, 233, 225, 249, 40, 243, 233, 101, 20,
       106, 179, 66, 33, 129, 121, 19, 69, 64, 78, 167, 52, 104, 192, 98,
       72, 242, 16, 5, 52, 152, 124, 80, 106, 197, 180, 53, 40, 37, 184,
       4, 2, 73, 50, 67, 172, 28, 181, 187, 114, 219, 237, 17, 203, 251,
       21, 173, 24, 30, 247, 76, 56, 161, 155, 192, 16, 18, 107, 186,
       115, 91, 213, 21, 111, 195, 65, 167, 226, 236, 252, 188, 254, 141,
       237, 86, 182, 223, 186, 173, 24, 190, 249, 65, 27, 201, 242, 110,
       82, 104, 110, 218, 186, 239, 219, 85, 59, 210, 91, 210, 10, 216,
       176, 188, 240, 168, 253, 89, 95, 187, 155, 180, 24, 191, 183, 64,
       59, 165, 151, 253, 24, 58, 79, 242, 17, 219, 219, 116, 248, 226,
       192, 198, 59, 245, 113, 157, 103, 4, 78, 71, 184, 96, 234, 167,
       72, 83, 113, 73, 59, 16, 196, 124, 106, 233, 245, 185, 8, 227,
       235, 101, 20, 104, 243, 66, 34, 245, 113, 157, 103, 164, 78, 71,
       184, 96, 226, 175, 76, 211, 113, 137, 51, 16, 84, 124, 106, 201,
       240, 249, 40, 225, 233, 101, 20, 72, 243, 194, 48, 232, 188, 188,
       120, 173, 253, 85, 223, 255, 59, 180, 24, 191, 249, 64, 59, 201,
       243, 253, 16, 186, 111, 242, 179, 219, 251, 86, 123, 210, 200,
       194, 43, 236, 181, 188, 97, 169, 111, 113, 31, 123, 187, 55, 24,
       223, 55, 72, 59, 149, 23, 125, 56, 58, 124, 241, 2, 207, 219, 117,
       116, 194, 192, 198, 51, 204, 52, 188, 103, 32, 110, 115, 24, 57,
       170, 191, 24, 223, 119, 73, 91, 149, 212, 125, 42, 168, 212, 249,
       10, 199, 255, 97, 148, 224, 243, 66, 51, 198, 172, 214, 187, 238,
       169, 252, 239, 191, 147, 250, 26, 237, 234, 124, 91, 239, 239,
       127, 147, 58, 127, 203, 243, 190, 254, 223, 200, 133, 216, 161,
       137, 200, 252, 189, 115, 169, 205, 117, 191, 95, 127, 44, 24, 190,
       55, 72, 59, 133, 83, 255, 24, 115, 108, 251, 55, 239, 219, 85,
       127, 210, 88, 199, 123, 220, 92, 127, 231, 44, 14, 127, 188, 52,
       170, 246, 104, 215, 87, 137, 115, 246, 212, 125, 106, 233, 212,
       121, 46, 231, 235, 103, 148, 32, 179, 0, 49, 204, 84, 189, 231,
       32, 110, 127, 152, 57, 234, 246, 88, 255, 119, 137, 123, 183, 84,
       125, 106, 169, 212, 249, 42, 199, 251, 97, 148, 0, 243, 71, 123,
       204, 52, 189, 97, 161, 110, 121, 25, 59, 255, 63, 24, 222, 119,
       72, 59, 151, 23, 125, 56, 177, 212, 249, 66, 207, 255, 117, 230,
       130, 96, 135, 115, 85, 71, 29, 101, 48, 14, 103, 56, 96, 168, 107,
       68, 215, 51, 129, 115, 52, 68, 108, 110, 225, 176, 153, 12, 228,
       170, 97, 4, 104, 179, 66, 33, 208, 184, 159, 116, 152, 108, 81,
       151, 178, 159, 166, 24, 55, 183, 64, 91, 33, 246, 109, 152, 58,
       79, 178, 34, 217, 227, 116, 56, 160, 224, 134, 122, 205, 52, 157,
       229, 161, 110, 113, 19, 57, 171, 47, 84, 158, 51, 65, 255, 133,
       85, 120, 56, 49, 220, 241, 66, 143, 251, 83, 6, 138, 96, 3, 51,
       248, 170, 158, 120, 138, 233, 81, 87, 178, 23, 164, 185, 55, 199,
       66, 27, 35, 178, 109, 152, 58, 79, 130, 51, 217, 195, 112, 121,
       160, 192, 166, 106, 37, 113, 16, 69, 85, 31, 102, 56, 104, 224,
       43, 76, 214, 80, 29, 176, 144, 76, 64, 110, 197, 176, 217, 14, 37,
       188, 1, 38, 72, 51, 75, 133, 69, 112, 145, 69, 65, 78, 103, 40,
       104, 224, 35, 8, 214, 49, 65, 54, 144, 84, 104, 106, 65, 240, 241,
       8, 5, 184, 69, 2, 72, 115, 66, 34, 212, 54, 253, 96, 162, 107, 69,
       89, 96, 166, 165, 56, 83, 23, 201, 59, 55, 148, 68, 58, 56, 87,
       161, 0, 91, 137, 101, 100, 225, 227, 70, 97, 240, 10, 204, 180,
       168, 40, 93, 31, 179, 183, 134, 185, 119, 227, 67, 91, 3, 230,
       109, 4, 56, 79, 203, 0, 218, 227, 245, 153, 160, 240, 134, 74,
       248, 188, 156, 48, 168, 173, 80, 215, 178, 191, 164, 29, 63, 227,
       66, 27, 129, 227, 237, 20, 58, 79, 210, 51, 219, 203, 117, 121,
       232, 192, 202, 10, 124, 48, 24, 96, 8, 13, 80, 24, 98, 160, 165,
       8, 151, 19, 73, 26, 128, 148, 72, 104, 10, 96, 218, 16, 203, 201,
       33, 61, 104, 163, 74, 2, 205, 116, 149, 71, 241, 126, 119, 184,
       121, 234, 111, 8, 222, 114, 13, 183, 145, 92, 120, 106, 97, 240,
       249, 106, 39, 255, 69, 6, 202, 115, 67, 55, 133, 96, 157, 241,
       236, 45, 97, 154, 126, 187, 33, 88, 151, 145, 73, 43, 145, 76, 98,
       24, 35, 116, 219, 34, 205, 139, 117, 116, 200, 121, 67, 160, 220,
       120, 159, 118, 40, 78, 69, 152, 176, 190, 166, 56, 215, 119, 73,
       123, 34, 212, 108, 106, 105, 69, 187, 40, 209, 227, 101, 20, 96,
       241, 6, 35, 253, 112, 189, 103, 44, 78, 87, 152, 113, 250, 183, 8,
       215, 87, 73, 59, 148, 212, 124, 122, 233, 101, 249, 32, 199, 249,
       101, 52, 224, 179, 70, 115, 148, 236, 255, 191, 238, 171, 255,
       255, 190, 179, 251, 27, 247, 235, 89, 91, 255, 199, 127, 147, 58,
       247, 203, 115, 252, 135, 255, 156, 165, 249, 229, 163, 236, 180,
       189, 99, 173, 125, 81, 152, 127, 123, 165, 24, 222, 125, 72, 59,
       145, 16, 253, 58, 59, 100, 251, 19, 207, 223, 81, 127, 210, 75,
