%YAML:1.0
---
descriptors: !!opencv-matrix
   rows: 298
   cols: 32
   dt: u
   data: [ 221, 38, 156, 180, 168, 56, 92, 154, 178, 179, 166, 25, 207,
       227, 203, 219, 131, 197, 236, 28, 60, 69, 203, 32, 218, 243, 119,
       125, 160, 241, 139, 0, 37, 245, 57, 67, 213, 79, 71, 184, 106,
       232, 43, 8, 210, 81, 77, 48, 145, 92, 66, 122, 65, 112, 121, 28,
       109, 156, 5, 116, 200, 59, 66, 162, 36, 241, 57, 107, 153, 77, 87,
       168, 74, 49, 45, 8, 214, 85, 72, 48, 145, 88, 64, 106, 75, 96,
       251, 21, 237, 157, 5, 127, 80, 27, 198, 162, 101, 52, 153, 103,
       129, 110, 99, 152, 106, 250, 43, 8, 214, 117, 73, 58, 145, 84,
       104, 122, 1, 116, 249, 0, 205, 159, 69, 52, 192, 115, 67, 34, 120,
       184, 255, 116, 136, 252, 81, 86, 163, 223, 164, 24, 51, 247, 66,
       59, 1, 246, 124, 24, 27, 79, 242, 1, 219, 235, 117, 57, 226, 192,
       198, 123, 133, 159, 31, 255, 176, 142, 47, 188, 124, 202, 90, 100,
       245, 115, 128, 96, 55, 110, 54, 238, 225, 216, 121, 111, 236, 174,
       47, 128, 8, 243, 161, 177, 224, 176, 156, 250, 204, 237, 81, 143,
       222, 59, 164, 24, 246, 241, 72, 123, 129, 210, 106, 24, 59, 111,
       219, 113, 221, 146, 85, 124, 216, 72, 199, 42, 93, 77, 125, 103,
       180, 78, 71, 184, 100, 160, 234, 64, 215, 115, 1, 113, 54, 212,
       124, 106, 105, 176, 89, 44, 231, 239, 37, 20, 96, 243, 64, 32,
       252, 172, 245, 118, 136, 107, 69, 188, 178, 182, 161, 24, 83, 103,
       201, 27, 9, 214, 108, 42, 120, 103, 235, 46, 249, 235, 117, 60,
       225, 241, 198, 98, 253, 112, 253, 103, 44, 94, 71, 152, 98, 250,
       165, 8, 211, 85, 201, 59, 153, 212, 124, 106, 233, 102, 249, 0,
       195, 203, 101, 52, 234, 251, 70, 115, 212, 50, 149, 114, 169, 45,
       17, 154, 187, 191, 163, 88, 214, 243, 73, 31, 133, 87, 108, 24,
       58, 69, 219, 32, 153, 154, 85, 126, 192, 113, 131, 35, 236, 176,
       188, 115, 173, 125, 81, 137, 83, 63, 165, 24, 218, 93, 78, 59,
       137, 146, 233, 48, 62, 102, 251, 16, 207, 219, 85, 127, 210, 73,
       198, 98, 104, 180, 149, 99, 141, 109, 80, 157, 119, 59, 161, 24,
       223, 51, 72, 251, 145, 150, 104, 48, 59, 104, 219, 145, 207, 219,
       85, 127, 210, 72, 196, 2, 236, 48, 189, 99, 173, 109, 81, 152,
       203, 255, 165, 24, 223, 93, 73, 59, 145, 208, 253, 58, 59, 103,
       251, 16, 223, 219, 97, 127, 194, 107, 70, 114, 21, 229, 185, 99,
       20, 79, 71, 248, 118, 160, 235, 0, 83, 81, 9, 112, 49, 220, 8,
       106, 107, 176, 121, 63, 233, 142, 5, 52, 112, 187, 64, 32, 124,
       198, 220, 126, 139, 57, 22, 168, 179, 54, 173, 185, 111, 227, 75,
       223, 19, 214, 237, 34, 104, 67, 203, 51, 242, 247, 69, 63, 114,
       247, 142, 18, 69, 117, 17, 69, 81, 79, 103, 56, 120, 224, 111, 8,
       222, 17, 5, 52, 144, 92, 80, 106, 65, 176, 249, 78, 101, 188, 1,
       6, 74, 51, 67, 178, 118, 229, 214, 254, 252, 43, 238, 236, 191,
       178, 251, 10, 111, 234, 61, 83, 255, 207, 127, 226, 120, 243, 203,
       255, 190, 254, 207, 188, 181, 251, 243, 128, 5, 120, 91, 65, 64,
       111, 99, 80, 96, 234, 103, 72, 211, 23, 129, 61, 56, 116, 64, 106,
       33, 180, 49, 8, 69, 136, 33, 0, 97, 179, 70, 160, 148, 237, 126,
       231, 190, 11, 254, 252, 62, 176, 243, 2, 223, 235, 29, 67, 122,
       207, 127, 99, 224, 241, 203, 252, 254, 251, 239, 148, 53, 187,
       241, 129, 92, 165, 253, 114, 155, 233, 21, 207, 162, 53, 173, 24,
       31, 247, 72, 27, 35, 147, 233, 16, 58, 75, 186, 49, 251, 195, 85,
       125, 224, 64, 135, 98, 129, 217, 87, 79, 112, 86, 38, 49, 124, 72,
       98, 68, 250, 50, 164, 245, 242, 116, 18, 106, 97, 184, 17, 109,
       37, 184, 2, 2, 88, 34, 233, 189, 92, 96, 188, 247, 44, 14, 126,
       184, 174, 186, 182, 0, 223, 111, 217, 75, 239, 85, 125, 227, 232,
       197, 203, 184, 206, 251, 239, 148, 36, 243, 1, 1, 92, 17, 188,
       247, 172, 12, 89, 25, 191, 187, 183, 40, 223, 255, 73, 123, 199,
       213, 253, 24, 152, 65, 203, 128, 203, 251, 119, 252, 128, 225,
       131, 83, 216, 176, 188, 240, 41, 252, 89, 154, 187, 123, 180, 24,
       191, 191, 72, 59, 135, 149, 253, 24, 186, 79, 250, 147, 219, 251,
       119, 255, 194, 192, 71, 123, 232, 188, 180, 252, 173, 173, 84,
       223, 255, 187, 188, 24, 174, 253, 68, 27, 201, 254, 255, 16, 186,
       111, 210, 179, 155, 255, 87, 122, 210, 76, 210, 11, 248, 180, 188,
       248, 173, 253, 84, 95, 255, 123, 180, 25, 191, 189, 68, 59, 205,
       179, 255, 25, 186, 111, 242, 147, 219, 219, 84, 123, 210, 200,
       198, 27, 234, 188, 182, 252, 237, 173, 92, 255, 191, 187, 188, 24,
       175, 251, 84, 91, 205, 247, 255, 144, 186, 111, 211, 247, 191,
       219, 215, 122, 210, 72, 242, 11, 134, 172, 246, 255, 238, 41, 252,
       254, 63, 186, 242, 26, 239, 235, 85, 91, 251, 239, 127, 147, 178,
       255, 203, 243, 190, 255, 223, 236, 215, 249, 243, 137, 142, 172,
       246, 255, 236, 169, 252, 254, 191, 179, 247, 154, 205, 239, 92,
       75, 255, 239, 127, 153, 178, 127, 203, 243, 158, 255, 223, 238,
       215, 249, 243, 129, 157, 207, 91, 111, 176, 26, 79, 184, 116, 160,
       111, 192, 247, 99, 153, 112, 51, 108, 12, 110, 233, 144, 109, 63,
       234, 239, 39, 4, 46, 243, 224, 32, 236, 52, 153, 67, 249, 126, 51,
       8, 123, 251, 45, 24, 222, 119, 77, 62, 145, 95, 192, 50, 51, 116,
       249, 66, 79, 223, 5, 119, 194, 99, 71, 178, 40, 165, 24, 113, 217,
       205, 21, 175, 59, 53, 44, 25, 174, 55, 74, 20, 129, 27, 193, 16,
       82, 72, 91, 55, 111, 213, 20, 127, 210, 16, 143, 170, 197, 116,
       157, 103, 1, 110, 119, 136, 120, 234, 35, 24, 222, 113, 73, 59,
       145, 84, 104, 106, 97, 244, 249, 42, 197, 187, 69, 6, 72, 115, 67,
       35, 202, 172, 148, 178, 203, 249, 20, 135, 187, 55, 136, 25, 174,
       254, 66, 155, 129, 115, 233, 17, 54, 79, 202, 51, 139, 215, 93,
       123, 128, 84, 143, 10, 197, 245, 157, 67, 172, 47, 167, 152, 122,
       250, 11, 92, 214, 112, 217, 43, 17, 70, 120, 127, 241, 112, 249,
       34, 109, 10, 101, 116, 200, 123, 209, 48, 73, 52, 157, 117, 129,
       124, 117, 23, 59, 243, 39, 24, 158, 55, 66, 251, 129, 86, 248, 24,
       49, 88, 241, 66, 207, 255, 84, 86, 138, 96, 138, 114, 252, 168,
       255, 112, 138, 232, 81, 199, 163, 183, 164, 57, 23, 247, 64, 27,
       35, 247, 237, 144, 58, 79, 170, 34, 219, 195, 85, 125, 224, 192,
       134, 106, 69, 113, 145, 71, 65, 76, 51, 8, 106, 224, 41, 8, 222,
       87, 73, 50, 144, 92, 96, 106, 65, 112, 185, 0, 5, 156, 69, 46, 64,
       51, 71, 162, 248, 174, 222, 120, 138, 233, 81, 87, 179, 23, 164,
       185, 55, 167, 64, 27, 35, 178, 109, 144, 58, 79, 130, 51, 217,
       195, 116, 121, 226, 192, 134, 106, 144, 34, 255, 96, 2, 107, 97,
       83, 160, 183, 166, 56, 19, 23, 192, 59, 46, 148, 68, 56, 56, 245,
       161, 0, 209, 129, 112, 68, 225, 192, 70, 99, 45, 113, 81, 97, 113,
       95, 66, 56, 97, 232, 109, 72, 219, 81, 5, 180, 152, 220, 84, 106,
       205, 176, 121, 14, 103, 221, 1, 36, 106, 179, 74, 144, 100, 99,
       57, 101, 32, 15, 103, 152, 104, 172, 103, 72, 215, 19, 9, 18, 148,
       76, 68, 106, 64, 176, 249, 8, 229, 184, 33, 20, 64, 179, 71, 161,
       201, 188, 159, 87, 176, 174, 37, 151, 126, 91, 106, 84, 247, 243,
       128, 115, 33, 110, 106, 28, 163, 252, 187, 35, 237, 171, 54, 64,
       200, 192, 195, 169, 37, 117, 17, 69, 85, 31, 230, 184, 104, 224,
       42, 72, 214, 17, 85, 48, 144, 92, 82, 106, 193, 240, 249, 14, 45,
       156, 5, 52, 72, 59, 83, 162, 221, 38, 148, 176, 168, 60, 92, 138,
       251, 187, 162, 121, 143, 162, 195, 219, 135, 199, 236, 28, 188,
       71, 207, 0, 154, 211, 119, 253, 136, 245, 139, 1, 229, 98, 149,
       71, 36, 14, 103, 184, 120, 170, 35, 76, 211, 113, 217, 191, 148,
       68, 108, 110, 233, 244, 221, 42, 36, 186, 101, 20, 74, 243, 66,
       33, 120, 184, 255, 112, 40, 236, 81, 83, 226, 157, 164, 8, 59,
       247, 64, 59, 129, 182, 109, 24, 26, 75, 178, 33, 219, 233, 112,
       121, 224, 128, 198, 123, 198, 172, 148, 154, 137, 233, 20, 143,
