%YAML:1.0
---
descriptors: !!opencv-matrix
   rows: 136
   cols: 32
   dt: u
   data: [ 100, 85, 156, 111, 168, 15, 87, 184, 86, 182, 175, 8, 214,
       115, 9, 83, 209, 84, 104, 106, 72, 96, 219, 63, 231, 191, 69, 28,
       16, 251, 64, 34, 216, 188, 159, 182, 168, 236, 85, 158, 178, 219,
       162, 89, 247, 247, 64, 91, 167, 247, 125, 16, 59, 79, 186, 35,
       217, 227, 119, 184, 160, 112, 135, 123, 77, 70, 149, 167, 48, 14,
       111, 56, 124, 226, 75, 68, 223, 99, 137, 210, 150, 69, 108, 110,
       97, 208, 217, 78, 164, 255, 103, 4, 8, 179, 1, 16, 254, 98, 228,
       119, 169, 60, 95, 152, 51, 254, 183, 185, 203, 103, 207, 159, 149,
       212, 253, 110, 232, 71, 235, 162, 211, 251, 229, 189, 162, 255,
       86, 113, 76, 98, 28, 229, 48, 14, 127, 56, 60, 168, 123, 100, 223,
       19, 137, 80, 150, 93, 109, 106, 0, 144, 201, 78, 228, 255, 35,
       132, 8, 179, 3, 35, 156, 95, 30, 190, 155, 215, 22, 224, 156, 130,
       203, 199, 255, 239, 33, 195, 198, 117, 233, 98, 109, 129, 27, 46,
       243, 227, 79, 19, 56, 123, 45, 18, 229, 112, 89, 101, 48, 79, 67,
       56, 96, 168, 255, 108, 211, 21, 137, 48, 22, 156, 68, 106, 201,
       180, 241, 14, 197, 173, 33, 52, 104, 163, 66, 33, 240, 176, 255,
       112, 169, 237, 81, 87, 235, 91, 176, 120, 62, 191, 68, 59, 133,
       179, 236, 16, 187, 111, 242, 81, 219, 218, 112, 122, 192, 64, 198,
       59, 77, 113, 57, 101, 112, 78, 55, 56, 105, 232, 127, 108, 222,
       23, 137, 48, 182, 93, 196, 106, 193, 176, 249, 76, 231, 253, 37,
       4, 74, 179, 7, 113, 253, 100, 140, 166, 141, 47, 67, 136, 50, 190,
       163, 31, 214, 97, 75, 91, 249, 196, 104, 126, 40, 103, 217, 34,
       217, 130, 65, 52, 136, 123, 90, 2, 244, 100, 220, 103, 173, 42,
       94, 152, 59, 178, 167, 24, 223, 121, 89, 27, 19, 197, 125, 126,
       40, 84, 217, 130, 207, 219, 69, 52, 238, 243, 66, 2, 254, 4, 135,
       246, 141, 102, 84, 202, 179, 183, 163, 27, 75, 251, 73, 219, 233,
       214, 233, 178, 40, 103, 219, 226, 211, 242, 215, 31, 163, 121,
       116, 2, 77, 117, 21, 103, 49, 14, 103, 56, 41, 168, 107, 68, 222,
       51, 9, 212, 148, 69, 108, 106, 65, 144, 217, 76, 165, 254, 33,
       132, 10, 179, 11, 49, 108, 103, 61, 103, 52, 15, 103, 184, 121,
       172, 127, 8, 211, 97, 137, 16, 144, 68, 108, 106, 232, 240, 233,
       14, 231, 255, 37, 20, 66, 187, 70, 33, 246, 184, 255, 114, 171,
       204, 85, 215, 187, 63, 180, 61, 46, 247, 68, 31, 165, 247, 237,
       16, 58, 79, 186, 113, 219, 218, 85, 251, 226, 208, 134, 127, 100,
       69, 148, 111, 8, 15, 71, 184, 118, 166, 171, 8, 215, 113, 9, 82,
       145, 68, 104, 106, 72, 98, 217, 29, 229, 190, 69, 60, 80, 251, 66,
       34, 124, 229, 157, 230, 139, 70, 87, 168, 50, 182, 175, 9, 83,
       119, 73, 83, 17, 212, 233, 226, 104, 67, 249, 42, 249, 231, 197,
       55, 160, 115, 6, 114, 248, 188, 222, 112, 136, 233, 85, 87, 162,
       63, 164, 57, 63, 183, 66, 27, 33, 182, 237, 16, 58, 79, 130, 49,
       219, 227, 117, 121, 224, 192, 134, 11, 220, 52, 189, 245, 168,
       110, 93, 31, 186, 251, 182, 28, 223, 55, 72, 123, 135, 87, 125,
       24, 185, 77, 243, 2, 203, 251, 119, 212, 128, 224, 133, 115, 220,
       188, 158, 246, 168, 236, 85, 159, 178, 187, 166, 56, 247, 247, 72,
       59, 167, 247, 125, 16, 59, 79, 251, 35, 217, 227, 117, 124, 168,
       240, 135, 123, 221, 252, 156, 118, 169, 44, 92, 159, 242, 187,
       166, 24, 223, 243, 73, 91, 135, 246, 108, 26, 56, 77, 219, 34,
       251, 235, 117, 52, 170, 241, 138, 3, 141, 103, 156, 227, 182, 47,
       111, 152, 126, 187, 31, 112, 215, 115, 201, 42, 55, 94, 110, 122,
       176, 244, 233, 42, 236, 207, 103, 180, 160, 251, 129, 33, 112,
       144, 157, 124, 8, 108, 80, 11, 162, 49, 162, 24, 87, 179, 64, 123,
       193, 150, 108, 16, 27, 79, 211, 1, 217, 227, 112, 89, 224, 8, 66,
       10, 112, 169, 155, 120, 152, 236, 65, 71, 170, 21, 168, 8, 183,
       179, 64, 16, 160, 183, 77, 16, 26, 75, 146, 17, 217, 173, 18, 120,
       192, 0, 135, 42, 240, 136, 157, 124, 136, 236, 80, 7, 178, 27,
       162, 24, 55, 183, 64, 91, 129, 182, 108, 16, 59, 109, 211, 1, 219,
       227, 116, 89, 224, 96, 134, 10, 240, 178, 156, 112, 168, 237, 81,
       151, 162, 191, 180, 61, 23, 151, 74, 27, 7, 214, 109, 24, 26, 79,
       178, 0, 217, 131, 117, 248, 224, 192, 134, 123, 199, 60, 149, 19,
       173, 124, 129, 154, 251, 251, 147, 124, 222, 240, 221, 175, 129,
       71, 124, 31, 181, 101, 251, 226, 136, 90, 125, 246, 200, 125, 147,
       117, 108, 101, 17, 71, 25, 15, 71, 168, 127, 160, 43, 8, 207, 97,
       73, 244, 145, 92, 104, 106, 72, 112, 217, 30, 189, 220, 5, 52, 66,
       187, 66, 32, 118, 119, 205, 230, 139, 70, 23, 184, 50, 238, 175,
       141, 86, 119, 73, 82, 17, 212, 253, 226, 105, 67, 249, 10, 249,
       231, 237, 151, 160, 115, 6, 115, 220, 172, 158, 118, 168, 44, 84,
       191, 243, 179, 166, 24, 255, 243, 67, 91, 161, 230, 108, 28, 56,
       79, 219, 34, 219, 235, 117, 25, 162, 240, 202, 10, 249, 188, 156,
       48, 168, 236, 80, 23, 242, 251, 164, 28, 55, 179, 66, 27, 129,
       183, 124, 16, 63, 111, 210, 19, 219, 235, 117, 121, 232, 192, 138,
       27, 221, 180, 149, 176, 173, 125, 64, 143, 235, 251, 131, 92, 222,
       184, 73, 187, 129, 71, 124, 21, 191, 109, 219, 160, 153, 218, 85,
       126, 202, 124, 155, 22, 116, 175, 136, 162, 221, 125, 70, 207, 3,
       181, 169, 9, 195, 237, 90, 16, 153, 202, 108, 86, 30, 42, 234, 49,
       187, 213, 5, 125, 224, 223, 222, 70, 86, 181, 155, 242, 155, 228,
       20, 207, 186, 23, 137, 24, 76, 246, 108, 250, 161, 91, 233, 16,
       55, 75, 186, 99, 153, 150, 95, 127, 128, 65, 167, 22, 105, 181,
       185, 69, 113, 95, 119, 184, 107, 172, 110, 12, 222, 51, 4, 180,
       144, 92, 196, 106, 193, 240, 249, 14, 103, 253, 37, 52, 66, 178,
       70, 233, 76, 253, 189, 115, 157, 221, 55, 166, 254, 117, 14, 24,
       254, 245, 66, 34, 129, 118, 232, 82, 119, 104, 251, 51, 239, 215,
       85, 119, 130, 89, 133, 106, 69, 213, 157, 99, 184, 15, 86, 188,
       127, 186, 171, 76, 215, 115, 201, 115, 151, 86, 124, 122, 249,
       208, 89, 54, 238, 223, 101, 84, 136, 243, 193, 1, 245, 112, 189,
       103, 8, 94, 91, 184, 33, 226, 167, 8, 83, 87, 73, 122, 208, 212,
       124, 234, 73, 214, 249, 8, 211, 251, 193, 20, 40, 179, 98, 50,
       109, 97, 89, 69, 48, 90, 110, 40, 105, 224, 111, 136, 219, 7, 159,
       180, 18, 196, 108, 110, 77, 176, 237, 12, 166, 253, 1, 5, 98, 179,
       74, 100, 118, 42, 140, 180, 172, 44, 92, 159, 171, 187, 182, 57,
       199, 169, 211, 27, 133, 230, 125, 29, 56, 79, 203, 160, 218, 250,
       245, 191, 134, 252, 218, 11, 120, 184, 157, 48, 168, 237, 81, 87,
       162, 255, 164, 61, 55, 151, 66, 27, 135, 179, 109, 16, 26, 79,
       146, 17, 219, 131, 117, 249, 232, 192, 6, 91, 69, 53, 220, 33,
       138, 111, 55, 136, 122, 242, 35, 157, 215, 112, 75, 27, 51, 76,
       106, 118, 53, 112, 221, 2, 204, 135, 103, 116, 232, 115, 203, 146,
       102, 254, 236, 23, 234, 122, 55, 152, 51, 255, 63, 185, 72, 237,
       223, 63, 55, 78, 229, 118, 244, 86, 175, 34, 126, 11, 101, 167,
       231, 247, 134, 215, 92, 33, 237, 165, 138, 106, 95, 152, 34, 228,
       143, 170, 87, 119, 203, 123, 51, 213, 125, 250, 25, 81, 173, 8,
       249, 231, 109, 149, 164, 243, 7, 112, 176, 159, 167, 63, 184, 167,
       94, 255, 22, 71, 234, 245, 231, 236, 58, 80, 221, 235, 125, 5,
       190, 235, 95, 63, 170, 246, 61, 80, 240, 252, 228, 90, 127, 114,
       228, 5, 225, 62, 94, 152, 99, 250, 191, 205, 203, 44, 223, 158,
       149, 196, 252, 254, 141, 112, 221, 192, 14, 127, 229, 181, 239,
       247, 74, 21, 248, 172, 222, 118, 137, 108, 85, 151, 243, 151, 166,
       25, 127, 227, 66, 91, 33, 230, 108, 24, 56, 79, 187, 34, 219, 235,
       117, 25, 226, 240, 206, 74, 239, 60, 241, 82, 205, 61, 213, 223,
       83, 191, 164, 28, 26, 253, 77, 190, 29, 254, 226, 28, 186, 126,
       250, 178, 95, 222, 85, 126, 195, 253, 198, 244, 236, 99, 121, 103,
