%YAML:1.0
---
descriptors: !!opencv-matrix
   rows: 232
   cols: 32
   dt: u
   data: [ 205, 85, 157, 101, 168, 78, 103, 191, 120, 250, 46, 72, 215,
       115, 9, 123, 145, 86, 124, 42, 97, 208, 249, 10, 229, 251, 101,
       20, 200, 112, 195, 49, 109, 124, 149, 103, 169, 110, 71, 152, 123,
       186, 35, 24, 214, 119, 73, 59, 145, 84, 124, 122, 33, 116, 249,
       34, 143, 254, 69, 54, 192, 115, 70, 51, 13, 117, 49, 69, 117, 78,
       102, 184, 121, 232, 107, 72, 214, 81, 13, 180, 144, 92, 80, 106,
       193, 176, 249, 14, 39, 188, 5, 6, 74, 51, 67, 176, 98, 191, 148,
       58, 169, 169, 20, 207, 155, 147, 168, 61, 166, 226, 104, 159, 129,
       115, 232, 16, 62, 75, 202, 51, 152, 210, 93, 127, 216, 92, 139,
       15, 141, 221, 31, 103, 176, 14, 111, 189, 116, 234, 94, 100, 245,
       115, 137, 97, 54, 110, 54, 110, 225, 208, 121, 47, 228, 239, 39,
       128, 40, 242, 129, 185, 125, 93, 125, 102, 176, 78, 95, 188, 225,
       232, 191, 68, 119, 119, 137, 115, 22, 212, 124, 106, 201, 161,
       121, 44, 243, 233, 101, 20, 106, 243, 66, 49, 245, 113, 253, 102,
       104, 78, 87, 184, 97, 250, 183, 72, 83, 119, 205, 59, 20, 212,
       124, 106, 201, 103, 251, 8, 115, 233, 101, 60, 99, 179, 70, 115,
       44, 180, 189, 115, 253, 125, 81, 152, 83, 255, 173, 24, 223, 125,
       75, 58, 153, 144, 221, 16, 26, 98, 251, 16, 207, 223, 49, 125,
       210, 75, 70, 243, 252, 165, 252, 118, 137, 109, 87, 223, 179, 182,
       165, 24, 115, 247, 73, 27, 9, 214, 109, 42, 120, 103, 250, 34,
       251, 203, 117, 61, 226, 240, 198, 34, 252, 180, 253, 114, 168,
       237, 81, 223, 242, 255, 165, 24, 19, 247, 74, 59, 1, 214, 124, 24,
       58, 111, 250, 18, 219, 203, 117, 125, 225, 192, 198, 115, 229,
       135, 92, 75, 176, 63, 86, 186, 119, 41, 191, 124, 243, 112, 138,
       240, 151, 198, 76, 46, 191, 32, 77, 63, 174, 255, 37, 84, 122,
       211, 200, 5, 224, 188, 29, 218, 204, 237, 69, 175, 222, 59, 168,
       24, 182, 243, 72, 123, 129, 18, 106, 8, 51, 111, 218, 51, 221,
       178, 81, 120, 88, 72, 199, 42, 117, 69, 125, 103, 176, 78, 111,
       188, 108, 160, 107, 72, 211, 115, 9, 115, 50, 214, 124, 106, 233,
       176, 121, 44, 231, 239, 37, 16, 96, 243, 64, 32, 69, 103, 149, 71,
       160, 14, 102, 152, 120, 170, 43, 68, 222, 98, 201, 250, 149, 68,
       108, 126, 225, 240, 201, 74, 172, 190, 103, 4, 136, 243, 67, 33,
       69, 245, 145, 67, 185, 15, 55, 184, 126, 248, 43, 76, 222, 115,
       73, 50, 145, 68, 104, 126, 195, 112, 249, 95, 173, 156, 5, 118,
       72, 51, 67, 34, 212, 205, 94, 246, 154, 106, 79, 175, 180, 178,
       166, 16, 119, 115, 1, 83, 35, 247, 109, 170, 120, 205, 25, 47,
       249, 227, 101, 21, 32, 240, 196, 42, 96, 213, 21, 121, 141, 77,
       84, 143, 123, 51, 168, 24, 150, 51, 76, 242, 129, 19, 104, 16, 91,
       104, 219, 23, 173, 222, 20, 126, 208, 88, 196, 42, 116, 197, 89,
       103, 21, 79, 71, 168, 118, 160, 171, 10, 83, 113, 25, 112, 49,
       212, 72, 106, 105, 176, 121, 31, 249, 175, 5, 20, 113, 187, 64,
       34, 100, 97, 59, 102, 89, 198, 231, 232, 232, 128, 235, 8, 80,
       215, 41, 48, 248, 253, 90, 234, 73, 227, 186, 108, 113, 172, 135,
       12, 65, 51, 102, 162, 102, 245, 118, 207, 220, 11, 254, 232, 63,
       162, 251, 162, 204, 254, 29, 64, 127, 223, 255, 227, 240, 243, 73,
       254, 188, 62, 143, 134, 117, 127, 227, 145, 69, 117, 25, 101, 21,
       14, 103, 56, 120, 232, 111, 76, 214, 49, 9, 48, 144, 76, 104, 106,
       193, 240, 249, 14, 229, 190, 5, 4, 72, 51, 67, 35, 245, 79, 70,
       71, 180, 10, 102, 172, 97, 160, 107, 200, 243, 96, 153, 247, 26,
       198, 104, 110, 105, 240, 205, 45, 164, 170, 69, 20, 111, 243, 218,
       12, 125, 79, 70, 71, 149, 58, 102, 172, 97, 160, 234, 200, 235,
       96, 157, 215, 50, 230, 236, 110, 104, 176, 205, 172, 174, 250, 69,
       16, 103, 247, 218, 12, 197, 172, 205, 27, 140, 42, 101, 159, 118,
       51, 67, 208, 211, 224, 216, 123, 65, 78, 106, 28, 51, 252, 207,
       50, 204, 162, 119, 68, 236, 240, 208, 160, 197, 116, 159, 103,
       161, 111, 119, 152, 120, 234, 111, 24, 214, 113, 73, 59, 177, 84,
       120, 106, 97, 244, 185, 10, 229, 187, 69, 6, 200, 115, 195, 35,
       216, 174, 152, 112, 170, 169, 17, 199, 178, 63, 172, 185, 47, 167,
       66, 26, 167, 179, 237, 144, 58, 79, 138, 51, 219, 193, 117, 121,
       160, 64, 134, 123, 244, 104, 157, 246, 138, 96, 69, 159, 162, 183,
       166, 153, 87, 231, 73, 91, 33, 214, 109, 138, 104, 71, 234, 32,
       209, 163, 117, 60, 160, 241, 134, 98, 205, 117, 156, 103, 177, 94,
       119, 184, 121, 234, 47, 12, 222, 112, 73, 183, 145, 84, 120, 106,
       229, 240, 249, 106, 239, 251, 69, 6, 74, 115, 75, 2, 248, 252,
       252, 114, 168, 173, 85, 222, 178, 191, 164, 25, 19, 231, 74, 27,
       1, 242, 109, 24, 58, 79, 218, 50, 219, 203, 117, 125, 224, 208,
       198, 43, 248, 136, 252, 112, 42, 169, 81, 87, 194, 55, 180, 56,
       51, 145, 66, 27, 11, 178, 204, 16, 58, 111, 98, 51, 219, 203, 112,
       121, 243, 200, 198, 43, 36, 165, 57, 65, 157, 111, 83, 169, 74,
       53, 45, 24, 214, 53, 72, 48, 145, 20, 72, 50, 18, 112, 249, 22,
       205, 148, 5, 119, 192, 11, 198, 34, 69, 113, 145, 71, 97, 76, 119,
       32, 105, 202, 39, 8, 222, 48, 77, 54, 144, 84, 96, 106, 69, 112,
       249, 0, 101, 184, 69, 6, 72, 115, 67, 167, 13, 71, 21, 231, 48,
       14, 111, 184, 124, 168, 126, 68, 215, 67, 137, 112, 214, 76, 44,
       110, 197, 144, 73, 14, 228, 221, 39, 132, 10, 179, 33, 1, 248,
       190, 246, 114, 185, 237, 81, 215, 179, 31, 172, 57, 47, 247, 64,
       31, 39, 182, 237, 24, 58, 79, 170, 51, 219, 247, 84, 123, 226,
       192, 198, 107, 205, 85, 149, 103, 161, 78, 103, 189, 120, 234, 39,
       88, 222, 51, 1, 123, 145, 86, 124, 106, 97, 208, 249, 42, 167,
       255, 101, 22, 202, 114, 195, 59, 5, 117, 16, 69, 117, 30, 230,
       184, 125, 232, 106, 76, 222, 80, 29, 180, 144, 76, 80, 106, 225,
       176, 89, 14, 39, 188, 5, 4, 74, 51, 75, 165, 208, 24, 159, 124,
       42, 200, 81, 19, 166, 27, 166, 48, 247, 183, 0, 123, 34, 247, 124,
       8, 9, 77, 179, 1, 209, 227, 112, 88, 32, 128, 39, 43, 85, 93, 57,
       103, 176, 78, 111, 188, 117, 232, 126, 68, 243, 119, 137, 112, 22,
       118, 28, 106, 233, 144, 121, 46, 227, 239, 37, 132, 40, 242, 64,
       57, 36, 241, 49, 67, 221, 79, 199, 168, 74, 240, 41, 8, 210, 85,
       77, 180, 153, 92, 64, 122, 67, 48, 249, 21, 45, 156, 5, 116, 80,
       59, 70, 160, 117, 85, 125, 102, 168, 78, 79, 188, 225, 232, 190,
       72, 87, 119, 9, 115, 22, 212, 124, 106, 201, 1, 249, 44, 243, 233,
       101, 20, 104, 243, 70, 51, 253, 113, 249, 102, 44, 78, 87, 184,
       113, 250, 181, 8, 83, 85, 73, 59, 20, 212, 124, 106, 201, 119,
       249, 8, 247, 201, 101, 60, 97, 179, 70, 241, 252, 112, 189, 98,
       40, 111, 83, 216, 115, 250, 165, 24, 215, 87, 73, 58, 145, 212,
       92, 122, 9, 103, 251, 34, 219, 223, 101, 60, 224, 243, 70, 115,
       44, 52, 189, 99, 189, 109, 81, 152, 99, 253, 173, 24, 223, 125,
       73, 58, 153, 144, 252, 56, 27, 102, 251, 16, 203, 223, 49, 125,
       210, 203, 70, 114, 104, 252, 188, 254, 141, 253, 84, 103, 219, 27,
       164, 24, 190, 189, 0, 59, 201, 178, 253, 0, 42, 107, 242, 177,
       211, 251, 84, 59, 210, 88, 198, 10, 232, 44, 180, 252, 141, 237,
       84, 230, 223, 146, 164, 24, 190, 185, 65, 27, 201, 242, 251, 64,
       42, 111, 210, 187, 219, 223, 84, 59, 210, 89, 86, 10, 124, 176,
       253, 114, 169, 237, 81, 223, 226, 191, 165, 24, 27, 247, 72, 59,
       137, 214, 253, 24, 58, 111, 250, 17, 219, 203, 117, 125, 227, 192,
       198, 99, 221, 46, 148, 54, 169, 60, 76, 158, 251, 187, 178, 92,
       207, 226, 201, 251, 135, 199, 108, 30, 188, 69, 203, 34, 152, 251,
       119, 252, 136, 113, 139, 5, 125, 69, 93, 103, 144, 78, 103, 184,
       100, 160, 171, 0, 83, 115, 25, 115, 50, 212, 124, 106, 105, 176,
       121, 12, 245, 235, 37, 20, 97, 243, 192, 32, 220, 78, 157, 118,
       168, 44, 84, 186, 178, 186, 162, 120, 255, 243, 65, 219, 135, 247,
