%YAML:1.0
---
descriptors: !!opencv-matrix
   rows: 241
   cols: 32
   dt: u
   data: [ 236, 229, 189, 115, 137, 77, 87, 140, 115, 55, 165, 24, 214,
       117, 72, 58, 153, 82, 104, 90, 122, 98, 251, 51, 235, 223, 85,
       127, 192, 115, 198, 98, 113, 79, 77, 103, 180, 10, 79, 188, 96,
       168, 186, 108, 211, 33, 145, 115, 18, 196, 108, 110, 233, 176,
       205, 46, 228, 175, 101, 144, 104, 243, 210, 41, 120, 185, 254,
       112, 138, 233, 81, 87, 162, 21, 164, 56, 55, 183, 64, 26, 9, 178,
       109, 16, 26, 107, 162, 49, 219, 195, 116, 121, 224, 192, 198, 107,
       240, 160, 253, 248, 170, 225, 81, 87, 163, 23, 164, 57, 55, 151,
       98, 90, 67, 179, 109, 16, 26, 79, 162, 19, 217, 195, 112, 121,
       176, 192, 134, 106, 208, 176, 189, 248, 138, 232, 17, 23, 162, 55,
       166, 24, 23, 183, 64, 91, 35, 151, 109, 16, 58, 79, 178, 17, 217,
       227, 112, 121, 160, 192, 134, 106, 208, 24, 159, 116, 40, 110, 65,
       18, 160, 219, 162, 56, 215, 55, 1, 123, 3, 244, 108, 8, 41, 77,
       179, 0, 217, 163, 112, 16, 160, 161, 6, 51, 5, 117, 49, 71, 117,
       14, 230, 184, 124, 232, 123, 76, 222, 120, 29, 48, 148, 76, 86,
       106, 225, 176, 121, 110, 101, 188, 37, 4, 72, 51, 67, 165, 112,
       184, 253, 112, 40, 204, 81, 19, 163, 93, 164, 61, 63, 151, 66, 27,
       167, 148, 109, 24, 10, 79, 178, 1, 219, 251, 112, 251, 226, 128,
       6, 123, 117, 166, 236, 99, 180, 58, 110, 171, 113, 167, 191, 157,
       67, 104, 223, 48, 51, 198, 108, 190, 188, 244, 237, 46, 250, 207,
       37, 213, 237, 227, 218, 68, 125, 93, 125, 103, 176, 78, 79, 188,
       96, 234, 190, 72, 87, 119, 137, 114, 86, 212, 124, 106, 233, 129,
       121, 46, 241, 239, 101, 148, 106, 243, 196, 57, 253, 113, 253,
       102, 172, 78, 87, 184, 97, 250, 183, 8, 211, 85, 201, 63, 28, 212,
       124, 106, 233, 103, 249, 8, 243, 201, 101, 60, 99, 179, 70, 113,
       148, 221, 185, 231, 180, 46, 111, 184, 54, 234, 95, 112, 247, 119,
       137, 96, 119, 127, 29, 106, 249, 148, 105, 47, 237, 239, 39, 132,
       160, 243, 133, 49, 92, 213, 61, 230, 176, 78, 79, 185, 36, 232,
       191, 96, 215, 119, 137, 112, 22, 214, 93, 106, 105, 129, 121, 62,
       233, 239, 37, 148, 32, 243, 196, 49, 252, 188, 253, 118, 137, 108,
       71, 186, 179, 182, 164, 24, 115, 103, 73, 23, 17, 214, 109, 42,
       120, 71, 250, 46, 251, 231, 101, 60, 226, 241, 198, 106, 252, 112,
       189, 114, 104, 108, 83, 152, 227, 251, 165, 24, 95, 87, 73, 59,
       133, 212, 125, 122, 43, 103, 251, 0, 219, 203, 101, 60, 224, 243,
       70, 115, 100, 172, 152, 218, 236, 237, 69, 175, 222, 59, 168, 24,
       182, 243, 72, 121, 129, 82, 106, 24, 51, 107, 218, 51, 253, 150,
       85, 124, 216, 88, 199, 42, 192, 168, 153, 250, 201, 237, 17, 143,
       158, 23, 32, 24, 182, 243, 64, 90, 129, 59, 106, 24, 50, 78, 218,
       51, 205, 166, 84, 120, 144, 72, 135, 170, 69, 103, 144, 39, 160,
       62, 110, 152, 120, 170, 59, 64, 223, 98, 201, 250, 183, 69, 108,
       126, 20, 208, 201, 74, 172, 254, 103, 68, 128, 243, 139, 5, 69,
       113, 157, 79, 25, 79, 6, 168, 122, 248, 35, 8, 246, 113, 9, 50,
       145, 84, 104, 98, 97, 224, 251, 29, 169, 190, 69, 62, 72, 51, 67,
       50, 69, 117, 17, 71, 85, 15, 119, 56, 121, 224, 107, 12, 214, 81,
       9, 52, 144, 76, 80, 106, 193, 240, 249, 14, 37, 188, 5, 6, 72, 51,
       67, 162, 150, 237, 246, 151, 254, 11, 238, 232, 63, 162, 251, 10,
       206, 234, 61, 65, 251, 239, 127, 227, 224, 243, 141, 254, 188,
       190, 207, 180, 197, 127, 241, 128, 92, 193, 156, 175, 44, 15, 126,
       184, 174, 184, 146, 0, 223, 91, 9, 67, 230, 85, 125, 99, 74, 193,
       75, 177, 235, 243, 111, 148, 36, 187, 1, 9, 1, 125, 19, 69, 87,
       95, 231, 52, 104, 192, 106, 76, 246, 16, 133, 180, 50, 116, 80,
       106, 193, 176, 181, 44, 37, 184, 0, 2, 74, 51, 67, 189, 93, 16,
       158, 246, 40, 12, 89, 24, 175, 185, 183, 40, 223, 215, 73, 91,
       134, 213, 125, 88, 8, 65, 219, 128, 211, 249, 99, 156, 160, 163,
       3, 3, 1, 149, 22, 79, 83, 150, 50, 53, 108, 8, 107, 68, 252, 18,
       36, 244, 246, 59, 18, 104, 213, 184, 17, 93, 36, 184, 2, 66, 88,
       2, 233, 141, 232, 188, 180, 248, 173, 189, 80, 87, 255, 59, 180,
       28, 191, 185, 68, 27, 205, 162, 127, 24, 186, 111, 242, 147, 219,
       219, 84, 122, 210, 72, 210, 43, 248, 188, 188, 248, 45, 253, 81,
       83, 255, 27, 180, 24, 190, 191, 64, 59, 133, 179, 253, 16, 58,
       111, 242, 147, 219, 219, 80, 123, 210, 72, 70, 43, 205, 112, 149,
       117, 105, 62, 116, 24, 121, 250, 39, 92, 222, 81, 77, 191, 146,
       68, 252, 106, 225, 244, 249, 72, 135, 250, 69, 50, 74, 117, 75,
       39, 92, 170, 156, 114, 170, 137, 85, 143, 162, 191, 164, 185, 15,
       231, 74, 26, 167, 215, 237, 16, 26, 75, 138, 49, 219, 199, 117,
       125, 224, 64, 135, 43, 248, 174, 255, 112, 170, 232, 81, 215, 178,
       183, 164, 185, 55, 167, 64, 27, 39, 247, 109, 16, 58, 79, 162, 2,
       219, 195, 117, 121, 160, 192, 134, 123, 240, 58, 255, 80, 170,
       232, 65, 83, 179, 159, 164, 56, 19, 183, 64, 27, 39, 246, 108, 24,
       58, 79, 162, 0, 219, 203, 117, 120, 224, 192, 198, 99, 45, 49, 17,
       97, 145, 95, 82, 8, 105, 224, 47, 8, 222, 17, 13, 180, 144, 156,
       64, 114, 9, 176, 241, 12, 175, 252, 1, 118, 74, 35, 74, 38, 248,
       42, 254, 112, 170, 169, 81, 83, 162, 183, 164, 185, 19, 135, 66,
       27, 47, 146, 69, 152, 58, 79, 130, 0, 217, 203, 112, 121, 225,
       192, 198, 251, 69, 113, 145, 69, 65, 92, 116, 8, 105, 194, 33, 8,
       222, 50, 77, 62, 144, 92, 96, 98, 69, 116, 186, 64, 7, 184, 69,
       14, 72, 115, 67, 166, 77, 85, 21, 69, 49, 94, 86, 56, 109, 232,
       111, 68, 222, 51, 137, 244, 212, 84, 60, 106, 73, 144, 121, 78,
       167, 254, 3, 6, 74, 51, 11, 23, 205, 117, 149, 103, 129, 95, 119,
       184, 121, 234, 47, 8, 222, 112, 73, 183, 145, 84, 120, 106, 101,
       240, 217, 10, 239, 219, 69, 22, 74, 115, 75, 55, 248, 174, 252,
       114, 168, 173, 81, 223, 178, 191, 164, 25, 51, 231, 66, 27, 9,
       178, 109, 24, 58, 79, 202, 49, 219, 203, 117, 121, 224, 192, 198,
       43, 244, 36, 253, 112, 168, 104, 81, 146, 178, 191, 165, 56, 23,
       183, 73, 27, 1, 214, 108, 16, 56, 103, 234, 2, 219, 195, 117, 125,
       224, 241, 70, 34, 120, 176, 254, 116, 170, 104, 81, 23, 162, 191,
       164, 56, 55, 183, 64, 27, 35, 214, 109, 16, 26, 107, 162, 0, 217,
       227, 117, 121, 226, 224, 134, 107, 81, 143, 95, 101, 176, 14, 71,
       55, 116, 138, 106, 96, 243, 33, 144, 113, 19, 230, 108, 44, 249,
       184, 69, 14, 232, 175, 36, 64, 232, 226, 194, 41, 216, 24, 191,
       116, 42, 104, 85, 50, 160, 151, 166, 56, 119, 183, 64, 91, 39,
       247, 109, 8, 56, 79, 178, 32, 217, 227, 112, 25, 160, 224, 38,
       107, 21, 93, 27, 103, 48, 14, 111, 188, 116, 232, 122, 100, 247,
       115, 129, 112, 22, 126, 60, 110, 225, 144, 125, 47, 228, 174, 37,
       128, 40, 179, 0, 57, 252, 188, 252, 118, 137, 105, 87, 250, 179,
       182, 173, 24, 83, 231, 76, 23, 1, 214, 237, 42, 120, 71, 250, 42,
       251, 207, 85, 61, 226, 241, 198, 98, 252, 120, 189, 102, 104, 76,
       87, 152, 227, 186, 165, 24, 87, 87, 73, 59, 133, 212, 124, 122,
       41, 103, 251, 32, 211, 203, 101, 60, 224, 243, 70, 115, 92, 69,
       93, 108, 152, 74, 79, 188, 224, 160, 170, 8, 87, 115, 9, 115, 50,
       212, 124, 106, 105, 161, 121, 12, 249, 235, 101, 20, 97, 179, 68,
       32, 35, 178, 234, 30, 226, 240, 188, 71, 187, 79, 117, 255, 40,
       236, 254, 26, 191, 75, 163, 133, 151, 218, 166, 227, 22, 52, 94,
       171, 205, 68, 175, 223, 100, 105, 19, 222, 125, 197, 199, 224,
       248, 136, 233, 8, 246, 243, 33, 48, 216, 120, 106, 75, 65, 163,
       218, 108, 49, 158, 7, 24, 72, 59, 99, 162, 21, 101, 19, 103, 21,
       79, 102, 232, 118, 160, 107, 64, 211, 241, 105, 96, 56, 108, 34,
       106, 73, 176, 57, 30, 173, 142, 5, 36, 72, 59, 80, 160, 109, 103,
       16, 71, 112, 30, 102, 184, 105, 168, 123, 76, 214, 48, 157, 180,
