%YAML:1.0
---
descriptors: !!opencv-matrix
   rows: 280
   cols: 32
   dt: u
   data: [ 116, 97, 19, 142, 217, 11, 38, 232, 134, 128, 233, 8, 198,
       226, 41, 64, 216, 204, 106, 98, 64, 35, 203, 60, 181, 6, 7, 61,
       208, 123, 163, 130, 125, 93, 125, 103, 176, 78, 71, 184, 97, 232,
       191, 76, 83, 119, 137, 115, 22, 212, 92, 106, 201, 161, 249, 44,
       243, 233, 101, 148, 104, 243, 66, 49, 29, 253, 89, 239, 180, 47,
       79, 190, 52, 234, 126, 100, 247, 119, 137, 112, 95, 222, 29, 106,
       249, 176, 121, 63, 233, 239, 167, 132, 168, 243, 192, 121, 93, 85,
       125, 103, 180, 14, 79, 188, 97, 232, 191, 76, 211, 119, 137, 112,
       118, 212, 92, 106, 233, 129, 121, 46, 243, 239, 37, 148, 104, 243,
       192, 49, 236, 48, 189, 99, 237, 109, 83, 152, 123, 255, 37, 24,
       222, 93, 75, 59, 145, 80, 252, 58, 35, 102, 251, 16, 207, 219, 97,
       125, 194, 107, 71, 243, 212, 172, 157, 215, 136, 106, 45, 159,
       178, 179, 38, 80, 213, 247, 200, 123, 7, 86, 104, 24, 49, 77, 251,
       34, 205, 163, 117, 84, 160, 240, 135, 48, 252, 190, 253, 118, 184,
       110, 69, 191, 178, 191, 166, 56, 83, 119, 201, 59, 5, 214, 108,
       56, 56, 77, 235, 46, 251, 239, 117, 116, 226, 240, 198, 107, 40,
       180, 188, 250, 189, 253, 81, 15, 223, 63, 173, 24, 158, 253, 74,
       58, 129, 27, 249, 16, 50, 110, 250, 147, 203, 223, 16, 127, 210,
       72, 199, 226, 254, 237, 246, 223, 253, 187, 238, 254, 255, 178,
       251, 18, 239, 235, 93, 199, 251, 239, 255, 227, 226, 119, 203,
       255, 190, 255, 207, 166, 151, 255, 227, 140, 232, 189, 60, 254,
       205, 253, 85, 239, 223, 23, 164, 25, 174, 185, 102, 91, 201, 51,
       251, 0, 122, 107, 242, 183, 235, 219, 84, 123, 210, 72, 222, 106,
       246, 237, 214, 191, 252, 171, 254, 239, 63, 179, 251, 18, 239,
       250, 93, 66, 255, 255, 127, 243, 112, 254, 203, 255, 188, 254,
       207, 150, 133, 251, 227, 137, 85, 77, 93, 101, 178, 14, 79, 184,
       108, 160, 170, 0, 215, 115, 1, 112, 18, 212, 92, 106, 105, 161,
       121, 30, 225, 239, 37, 20, 96, 242, 64, 32, 230, 238, 214, 191,
       252, 171, 254, 254, 191, 187, 251, 250, 238, 238, 188, 75, 255,
       255, 127, 179, 120, 255, 203, 255, 188, 190, 255, 150, 149, 251,
       227, 129, 244, 36, 245, 68, 143, 91, 71, 40, 80, 166, 161, 8, 83,
       53, 69, 51, 25, 212, 104, 98, 104, 242, 249, 14, 251, 138, 69, 53,
       97, 123, 70, 98, 23, 117, 246, 239, 188, 59, 254, 248, 125, 234,
       255, 163, 207, 126, 159, 36, 255, 205, 255, 231, 236, 243, 233,
       238, 190, 254, 207, 134, 231, 255, 99, 215, 22, 253, 118, 239,
       188, 15, 254, 252, 125, 232, 251, 35, 239, 127, 29, 64, 254, 253,
       255, 227, 236, 179, 201, 239, 254, 254, 143, 134, 103, 191, 103,
       211, 246, 221, 86, 239, 254, 11, 126, 232, 63, 170, 251, 43, 110,
       255, 61, 80, 254, 253, 255, 99, 96, 243, 201, 254, 190, 254, 207,
       166, 53, 123, 113, 131, 30, 109, 246, 239, 188, 7, 254, 248, 125,
       170, 251, 2, 207, 251, 29, 33, 251, 221, 127, 227, 232, 243, 201,
       238, 190, 255, 239, 150, 103, 251, 99, 129, 125, 87, 93, 102, 152,
       14, 71, 184, 224, 168, 170, 76, 83, 113, 145, 115, 16, 196, 108,
       110, 233, 161, 121, 44, 240, 233, 101, 20, 104, 179, 194, 33, 117,
       101, 254, 239, 238, 11, 110, 248, 254, 178, 255, 10, 95, 251, 61,
       83, 123, 205, 127, 239, 224, 243, 201, 254, 254, 239, 239, 180,
       53, 251, 113, 128, 166, 165, 212, 175, 221, 47, 238, 238, 63, 162,
       251, 26, 207, 106, 29, 85, 251, 207, 127, 243, 120, 243, 217, 254,
       189, 254, 207, 60, 213, 251, 210, 128, 156, 114, 188, 247, 172,
       14, 95, 184, 238, 250, 183, 224, 223, 127, 217, 107, 239, 213,
       125, 239, 232, 225, 107, 104, 232, 235, 111, 148, 196, 243, 33,
       113, 129, 121, 19, 69, 69, 14, 231, 52, 104, 192, 98, 76, 246, 16,
       5, 181, 176, 100, 80, 106, 193, 180, 21, 12, 37, 184, 5, 2, 73,
       51, 67, 140, 221, 121, 223, 102, 160, 30, 71, 184, 96, 234, 167,
       76, 83, 112, 193, 59, 48, 212, 124, 106, 201, 241, 185, 40, 241,
       233, 101, 20, 104, 243, 66, 48, 28, 181, 187, 114, 155, 237, 49,
       207, 251, 153, 173, 24, 30, 247, 76, 56, 161, 27, 192, 16, 19,
       107, 186, 114, 219, 221, 21, 111, 194, 65, 167, 162, 237, 113,
       221, 103, 168, 78, 71, 184, 96, 250, 39, 72, 215, 113, 201, 59,
       18, 84, 124, 106, 193, 112, 249, 40, 229, 169, 101, 52, 104, 243,
       194, 49, 232, 252, 180, 255, 173, 237, 86, 178, 223, 187, 172, 24,
       191, 249, 65, 91, 201, 242, 125, 90, 58, 110, 218, 191, 239, 219,
       84, 122, 210, 89, 82, 10, 216, 176, 189, 240, 169, 253, 89, 223,
       187, 255, 180, 24, 159, 247, 72, 59, 133, 147, 125, 24, 59, 79,
       250, 19, 219, 219, 117, 255, 226, 192, 134, 115, 232, 252, 188,
       243, 173, 253, 85, 191, 123, 59, 180, 24, 191, 57, 72, 59, 137,
       82, 253, 24, 122, 108, 243, 179, 239, 219, 84, 115, 210, 88, 198,
       43, 236, 52, 189, 97, 176, 110, 117, 27, 123, 187, 63, 24, 223,
       119, 72, 59, 149, 21, 125, 56, 177, 244, 241, 2, 207, 219, 117,
       116, 192, 224, 198, 51, 220, 221, 63, 239, 180, 143, 95, 188, 52,
       168, 247, 32, 247, 87, 152, 81, 118, 245, 93, 106, 248, 184, 105,
       61, 235, 233, 39, 212, 36, 179, 129, 41, 28, 173, 250, 239, 180,
       175, 127, 254, 62, 169, 254, 0, 247, 239, 88, 64, 127, 255, 95,
       153, 154, 184, 201, 63, 253, 237, 175, 240, 164, 219, 161, 169,
       204, 92, 189, 229, 32, 110, 127, 24, 57, 170, 247, 56, 223, 119,
       137, 123, 247, 116, 125, 106, 169, 212, 249, 42, 199, 251, 97,
       132, 128, 241, 6, 115, 168, 188, 189, 122, 233, 253, 21, 174, 155,
       127, 36, 24, 190, 253, 66, 51, 133, 114, 249, 0, 98, 108, 250, 55,
       239, 215, 84, 123, 210, 88, 135, 251, 204, 180, 189, 113, 225,
       110, 57, 17, 59, 255, 39, 24, 220, 55, 72, 59, 183, 23, 125, 24,
       177, 84, 249, 66, 207, 219, 117, 230, 130, 96, 135, 115, 230, 172,
       150, 154, 137, 233, 20, 207, 187, 147, 168, 25, 166, 226, 104,
       159, 137, 99, 234, 17, 62, 79, 202, 51, 185, 18, 93, 123, 208, 92,
       131, 14, 197, 38, 133, 19, 172, 47, 230, 152, 122, 250, 131, 92,
       214, 96, 93, 171, 145, 70, 120, 63, 181, 116, 223, 34, 172, 26,
       253, 116, 136, 123, 217, 4, 248, 170, 220, 114, 168, 173, 80, 223,
       179, 191, 164, 29, 55, 227, 66, 27, 133, 230, 237, 28, 58, 79,
       218, 51, 219, 195, 117, 121, 224, 192, 206, 11, 237, 112, 253,
       103, 44, 94, 71, 152, 105, 250, 181, 8, 211, 93, 221, 59, 156,
       212, 124, 106, 233, 118, 249, 8, 231, 217, 101, 52, 72, 251, 66,
       113, 85, 93, 121, 103, 180, 78, 79, 188, 97, 234, 254, 108, 215,
       119, 137, 112, 86, 212, 92, 106, 233, 144, 121, 46, 227, 239, 37,
       148, 104, 243, 66, 49, 253, 112, 253, 103, 44, 78, 87, 152, 96,
       250, 183, 12, 215, 85, 73, 59, 148, 212, 124, 122, 233, 103, 249,
       32, 215, 217, 101, 52, 96, 179, 70, 115, 150, 236, 254, 255, 238,
       107, 255, 254, 190, 183, 247, 26, 247, 239, 125, 91, 255, 215,
       127, 187, 250, 247, 235, 251, 255, 191, 255, 188, 165, 249, 229,
       225, 252, 188, 252, 118, 136, 109, 85, 191, 179, 190, 164, 56,
       115, 247, 68, 27, 13, 214, 236, 10, 120, 79, 235, 42, 251, 203,
       117, 60, 227, 240, 198, 42, 232, 180, 188, 250, 189, 253, 81, 47,
       223, 127, 173, 24, 222, 253, 74, 59, 129, 147, 251, 16, 58, 106,
       251, 151, 207, 219, 80, 127, 210, 72, 199, 98, 254, 237, 214, 255,
       253, 171, 254, 239, 191, 186, 251, 58, 239, 234, 220, 71, 255,
       239, 127, 179, 114, 239, 203, 255, 188, 254, 207, 156, 135, 255,
       227, 137, 230, 239, 214, 191, 252, 171, 254, 254, 191, 179, 251,
       250, 237, 234, 220, 66, 255, 239, 127, 179, 240, 255, 203, 255,
       188, 254, 239, 148, 133, 251, 227, 129, 239, 180, 228, 255, 237,
       47, 94, 156, 255, 251, 189, 28, 223, 251, 92, 59, 217, 207, 127,
       62, 251, 103, 219, 243, 191, 255, 215, 252, 223, 255, 210, 131,
       236, 252, 181, 247, 173, 127, 95, 188, 255, 251, 182, 24, 223,
