%YAML:1.0
---
descriptors: !!opencv-matrix
   rows: 138
   cols: 32
   dt: u
   data: [ 212, 220, 63, 231, 40, 78, 95, 188, 180, 234, 246, 112, 247,
       87, 136, 115, 118, 244, 125, 106, 233, 213, 105, 63, 243, 235,
       103, 148, 32, 177, 0, 49, 236, 180, 189, 97, 168, 111, 113, 31,
       123, 251, 191, 24, 223, 55, 72, 59, 145, 23, 125, 56, 51, 116,
       241, 2, 207, 223, 117, 116, 192, 192, 199, 115, 112, 170, 254,
       112, 138, 233, 81, 215, 162, 23, 164, 57, 51, 151, 64, 27, 1, 178,
       109, 24, 26, 79, 162, 33, 219, 195, 112, 121, 224, 192, 198, 106,
       133, 95, 31, 111, 176, 46, 111, 188, 124, 234, 91, 100, 245, 115,
       153, 113, 22, 110, 62, 110, 225, 208, 45, 111, 228, 175, 103, 128,
       12, 243, 129, 177, 216, 176, 188, 248, 41, 221, 81, 91, 187, 27,
       180, 24, 191, 223, 72, 27, 133, 147, 253, 16, 58, 79, 242, 17,
       219, 219, 114, 123, 130, 128, 135, 59, 69, 103, 148, 167, 176, 62,
       110, 136, 120, 170, 43, 68, 207, 98, 201, 218, 147, 69, 108, 126,
       180, 208, 205, 106, 172, 254, 103, 4, 136, 243, 137, 5, 116, 117,
       189, 102, 13, 79, 87, 168, 66, 226, 161, 8, 82, 117, 73, 51, 152,
       212, 104, 98, 105, 99, 249, 8, 249, 170, 69, 55, 64, 123, 86, 34,
       220, 253, 188, 247, 188, 111, 95, 184, 123, 190, 183, 24, 223,
       127, 73, 27, 151, 215, 253, 122, 232, 119, 251, 190, 255, 251,
       103, 180, 194, 243, 198, 99, 102, 237, 214, 223, 252, 43, 238,
       237, 63, 162, 251, 2, 236, 234, 29, 65, 123, 239, 127, 227, 104,
       243, 203, 254, 188, 190, 207, 140, 197, 123, 227, 128, 240, 184,
       255, 122, 138, 233, 81, 215, 178, 23, 164, 57, 55, 231, 64, 27,
       33, 179, 109, 16, 58, 79, 162, 49, 219, 195, 116, 121, 224, 192,
       166, 234, 244, 174, 220, 114, 168, 173, 81, 223, 179, 63, 164, 29,
       55, 231, 66, 27, 13, 242, 109, 24, 58, 79, 202, 49, 219, 203, 117,
       125, 226, 192, 198, 43, 85, 93, 29, 103, 132, 14, 71, 184, 96,
       234, 175, 76, 211, 113, 9, 51, 16, 68, 124, 106, 201, 240, 249,
       40, 225, 233, 101, 16, 104, 115, 66, 49, 133, 93, 95, 103, 176,
       14, 111, 188, 116, 234, 127, 100, 215, 115, 153, 112, 22, 126, 52,
       110, 225, 208, 125, 46, 228, 239, 103, 132, 40, 243, 129, 49, 252,
       188, 220, 118, 169, 109, 85, 191, 179, 191, 166, 25, 103, 247, 74,
       31, 1, 246, 237, 8, 56, 111, 219, 35, 219, 243, 117, 123, 226,
       240, 198, 43, 125, 221, 125, 103, 180, 78, 111, 184, 113, 170,
       255, 96, 243, 119, 137, 112, 22, 244, 92, 106, 233, 144, 121, 46,
       231, 239, 37, 148, 96, 243, 64, 33, 156, 221, 121, 231, 180, 14,
       79, 188, 116, 170, 255, 96, 215, 115, 136, 112, 119, 214, 28, 106,
       249, 176, 105, 46, 236, 239, 37, 148, 32, 251, 192, 33, 125, 113,
       125, 103, 172, 78, 79, 184, 97, 232, 191, 72, 211, 117, 137, 51,
       20, 212, 124, 106, 201, 225, 249, 40, 227, 249, 101, 20, 66, 243,
       66, 33, 236, 112, 189, 99, 45, 111, 83, 152, 91, 250, 181, 24,
       223, 29, 75, 59, 145, 84, 124, 122, 163, 116, 251, 18, 207, 219,
       101, 52, 194, 251, 70, 99, 232, 180, 180, 250, 173, 253, 80, 59,
       95, 59, 173, 24, 222, 249, 76, 27, 153, 26, 251, 16, 58, 110, 251,
       151, 207, 223, 80, 127, 210, 72, 198, 2, 104, 245, 180, 254, 157,
       237, 84, 175, 223, 27, 172, 24, 174, 249, 44, 82, 201, 50, 251,
       17, 122, 107, 210, 247, 171, 223, 84, 123, 210, 72, 210, 138, 69,
       231, 17, 35, 180, 14, 102, 184, 122, 184, 43, 76, 214, 96, 217,
       48, 151, 76, 108, 126, 195, 112, 217, 54, 172, 156, 37, 100, 72,
       179, 195, 33, 220, 253, 220, 247, 172, 46, 94, 188, 63, 186, 191,
       24, 255, 123, 73, 91, 215, 215, 125, 106, 120, 101, 203, 170, 239,
       255, 101, 180, 162, 243, 194, 3, 118, 229, 214, 159, 252, 43, 238,
       237, 63, 162, 251, 2, 236, 234, 29, 80, 123, 207, 127, 227, 120,
       243, 203, 255, 188, 190, 207, 148, 149, 123, 227, 128, 102, 237,
       214, 239, 252, 11, 238, 236, 63, 162, 251, 2, 237, 234, 29, 80,
       127, 207, 127, 227, 104, 243, 201, 255, 190, 254, 207, 148, 181,
       251, 243, 136, 221, 85, 29, 103, 164, 14, 71, 188, 96, 234, 175,
       76, 87, 113, 137, 51, 18, 196, 124, 106, 201, 225, 185, 44, 225,
       233, 101, 20, 104, 243, 194, 49, 246, 237, 230, 223, 252, 43, 238,
       252, 63, 178, 255, 26, 207, 235, 61, 91, 123, 239, 127, 251, 248,
       247, 203, 255, 190, 254, 207, 188, 247, 255, 243, 128, 92, 209,
       156, 183, 44, 12, 89, 152, 174, 184, 151, 32, 223, 223, 73, 91,
       230, 85, 125, 91, 8, 65, 203, 48, 219, 251, 111, 148, 128, 179, 1,
       3, 92, 176, 156, 242, 40, 76, 89, 24, 171, 185, 183, 8, 159, 255,
       72, 91, 134, 213, 253, 80, 10, 67, 219, 16, 219, 249, 113, 252,
       128, 163, 3, 51, 120, 176, 188, 248, 41, 205, 81, 89, 171, 57,
       180, 8, 159, 159, 72, 59, 133, 145, 253, 16, 10, 79, 242, 145,
       219, 219, 112, 127, 194, 0, 71, 123, 232, 188, 180, 248, 173, 237,
       84, 215, 255, 187, 168, 24, 174, 185, 68, 27, 201, 183, 127, 16,
       186, 111, 210, 147, 219, 219, 87, 122, 210, 76, 210, 10, 248, 188,
       182, 248, 173, 253, 80, 83, 255, 27, 180, 24, 190, 191, 68, 59,
       137, 179, 253, 16, 58, 111, 242, 211, 219, 219, 80, 123, 210, 72,
       198, 27, 232, 252, 188, 255, 173, 253, 86, 183, 255, 59, 172, 24,
       191, 253, 64, 59, 137, 114, 253, 18, 122, 110, 250, 179, 239, 223,
       84, 123, 210, 89, 198, 26, 16, 173, 123, 239, 180, 171, 127, 189,
       36, 169, 222, 64, 247, 103, 144, 64, 118, 255, 93, 232, 155, 152,
       105, 61, 232, 237, 175, 208, 164, 250, 161, 57, 232, 252, 188,
       122, 169, 253, 23, 174, 155, 127, 164, 24, 190, 253, 71, 59, 133,
       115, 249, 80, 114, 110, 250, 51, 235, 215, 85, 123, 210, 89, 135,
       123, 204, 180, 189, 113, 169, 110, 121, 27, 187, 255, 167, 24,
       222, 127, 72, 59, 151, 23, 125, 56, 51, 84, 251, 66, 207, 219,
       117, 246, 128, 96, 135, 115, 213, 79, 95, 103, 184, 10, 79, 180,
       228, 128, 162, 68, 115, 99, 145, 115, 34, 228, 108, 110, 233, 161,
       13, 44, 224, 171, 101, 16, 104, 179, 96, 40, 69, 117, 16, 7, 117,
       30, 102, 56, 105, 232, 107, 76, 214, 48, 25, 180, 144, 76, 64,
       110, 197, 176, 217, 12, 37, 252, 1, 4, 74, 51, 74, 4, 248, 168,
       158, 122, 138, 233, 81, 215, 178, 23, 164, 185, 55, 231, 66, 27,
       35, 179, 237, 144, 58, 79, 130, 51, 217, 195, 116, 121, 160, 192,
       166, 122, 213, 85, 29, 101, 0, 14, 71, 56, 96, 168, 171, 76, 215,
       51, 137, 115, 20, 68, 124, 106, 233, 176, 209, 12, 225, 170, 96,
       4, 104, 243, 66, 33, 244, 46, 204, 180, 168, 40, 93, 151, 178,
       183, 134, 157, 87, 227, 67, 91, 7, 231, 109, 148, 60, 79, 202, 32,
       218, 227, 253, 185, 168, 240, 142, 74, 248, 190, 222, 114, 168,
       173, 80, 215, 179, 191, 164, 29, 55, 227, 66, 27, 165, 226, 109,
       20, 58, 79, 154, 51, 219, 195, 117, 121, 168, 193, 202, 11, 37,
       113, 145, 71, 101, 95, 230, 24, 104, 232, 99, 72, 210, 112, 29,
       180, 144, 76, 82, 106, 197, 176, 249, 8, 37, 156, 5, 52, 72, 59,
       75, 164, 220, 197, 89, 231, 180, 47, 79, 188, 52, 168, 255, 0,
       215, 99, 137, 112, 87, 222, 92, 106, 121, 144, 105, 46, 238, 239,
       37, 148, 160, 243, 192, 33, 236, 180, 188, 99, 173, 125, 81, 152,
       95, 59, 165, 24, 223, 121, 72, 59, 153, 144, 252, 58, 58, 102,
       251, 146, 207, 223, 81, 127, 210, 75, 70, 34, 102, 237, 150, 221,
       221, 175, 238, 230, 191, 162, 235, 2, 200, 234, 53, 80, 233, 239,
       123, 227, 104, 243, 217, 254, 191, 190, 207, 20, 145, 121, 243,
       128, 102, 237, 214, 207, 221, 47, 238, 236, 63, 162, 251, 2, 200,
       234, 29, 80, 127, 239, 127, 227, 104, 243, 217, 254, 191, 190,
       207, 20, 149, 123, 243, 128, 220, 52, 191, 98, 161, 110, 51, 72,
       187, 190, 39, 24, 78, 247, 73, 59, 181, 85, 236, 50, 48, 245, 184,
       98, 219, 215, 69, 119, 194, 99, 7, 99, 116, 109, 222, 239, 252,
       11, 238, 232, 63, 162, 251, 10, 251, 234, 29, 82, 122, 205, 127,
