%YAML:1.0
---
descriptors: !!opencv-matrix
   rows: 337
   cols: 32
   dt: u
   data: [ 166, 205, 246, 159, 252, 11, 254, 232, 61, 130, 251, 2, 236,
       238, 61, 64, 255, 239, 127, 227, 232, 243, 203, 238, 188, 190,
       207, 134, 133, 123, 241, 129, 236, 229, 189, 99, 137, 73, 87, 136,
       115, 183, 165, 24, 214, 117, 72, 59, 153, 82, 104, 122, 122, 98,
       251, 51, 239, 219, 69, 127, 192, 123, 198, 98, 116, 117, 117, 70,
       172, 77, 199, 188, 201, 182, 173, 12, 82, 117, 205, 55, 12, 214,
       108, 106, 201, 99, 248, 40, 249, 152, 69, 60, 65, 251, 198, 112,
       112, 184, 254, 112, 138, 233, 81, 87, 163, 23, 164, 56, 55, 183,
       64, 26, 3, 178, 109, 16, 26, 75, 162, 49, 219, 195, 116, 121, 224,
       192, 134, 43, 77, 85, 16, 101, 49, 30, 118, 56, 125, 168, 111, 68,
       222, 51, 9, 240, 214, 85, 60, 106, 193, 144, 121, 78, 231, 255,
       35, 6, 10, 51, 9, 3, 69, 113, 145, 71, 65, 92, 54, 0, 104, 192,
       35, 8, 222, 50, 77, 183, 144, 84, 96, 106, 65, 112, 185, 64, 5,
       184, 69, 6, 72, 115, 67, 34, 240, 188, 252, 114, 168, 173, 85,
       223, 178, 191, 164, 29, 51, 227, 66, 27, 1, 242, 109, 24, 58, 79,
       218, 49, 219, 203, 117, 121, 224, 208, 198, 43, 208, 16, 159, 116,
       40, 76, 65, 19, 164, 27, 167, 56, 215, 55, 0, 123, 2, 212, 108, 8,
       25, 77, 179, 0, 209, 163, 112, 80, 160, 160, 37, 51, 69, 117, 17,
       69, 81, 78, 102, 184, 120, 224, 106, 72, 222, 113, 13, 180, 144,
       92, 80, 106, 65, 240, 249, 110, 37, 188, 5, 6, 72, 51, 67, 176,
       37, 117, 49, 71, 85, 79, 103, 40, 78, 224, 43, 8, 210, 85, 77,
       180, 144, 92, 66, 106, 65, 240, 121, 28, 37, 156, 5, 52, 64, 59,
       70, 160, 109, 113, 17, 97, 49, 95, 82, 8, 105, 224, 173, 8, 222,
       23, 69, 52, 144, 20, 64, 122, 9, 112, 249, 8, 199, 217, 1, 54, 74,
       35, 66, 166, 133, 223, 31, 175, 176, 14, 111, 188, 116, 234, 94,
       100, 245, 115, 137, 97, 54, 110, 54, 110, 225, 144, 93, 63, 228,
       175, 39, 132, 8, 243, 1, 177, 69, 116, 157, 55, 156, 47, 103, 144,
       122, 250, 11, 92, 214, 112, 89, 43, 145, 68, 120, 127, 177, 240,
       249, 34, 237, 30, 101, 116, 200, 123, 211, 34, 216, 170, 158, 112,
       170, 169, 17, 199, 162, 191, 164, 185, 39, 167, 66, 26, 39, 247,
       237, 144, 26, 79, 138, 51, 219, 195, 117, 121, 224, 192, 134, 123,
       245, 113, 253, 102, 168, 78, 85, 24, 225, 250, 183, 8, 83, 85,
       205, 59, 144, 212, 124, 106, 233, 103, 251, 8, 243, 217, 101, 60,
       105, 179, 70, 113, 205, 116, 153, 103, 161, 111, 103, 8, 120, 234,
       47, 8, 214, 49, 73, 59, 176, 68, 104, 106, 97, 244, 185, 10, 229,
       255, 69, 22, 200, 115, 67, 35, 117, 93, 125, 102, 168, 78, 79,
       188, 225, 232, 191, 72, 115, 119, 137, 115, 52, 212, 124, 106,
       201, 163, 249, 44, 243, 233, 101, 20, 104, 243, 66, 49, 248, 188,
       182, 248, 173, 253, 81, 87, 251, 91, 180, 25, 175, 189, 102, 59,
       205, 179, 255, 16, 186, 111, 242, 147, 219, 219, 80, 123, 210, 76,
       198, 123, 172, 52, 185, 115, 173, 109, 81, 154, 122, 255, 189, 24,
       222, 255, 73, 58, 153, 88, 247, 56, 51, 102, 251, 18, 207, 223,
       113, 125, 210, 73, 71, 242, 248, 176, 190, 248, 45, 253, 81, 87,
       251, 91, 180, 25, 190, 191, 70, 59, 141, 179, 253, 16, 186, 111,
       242, 147, 219, 219, 80, 123, 210, 76, 70, 123, 1, 120, 19, 69, 98,
       94, 167, 52, 104, 202, 98, 72, 250, 16, 133, 180, 50, 124, 64,
       106, 193, 180, 177, 110, 37, 184, 0, 2, 75, 178, 67, 189, 77, 143,
       24, 107, 176, 63, 86, 187, 86, 43, 62, 92, 215, 97, 138, 240, 151,
       78, 44, 60, 183, 184, 73, 63, 174, 223, 37, 116, 218, 234, 200,
       37, 252, 172, 253, 118, 232, 109, 85, 190, 178, 191, 164, 24, 83,
       119, 65, 31, 13, 214, 108, 42, 56, 79, 235, 40, 89, 203, 117, 60,
       224, 240, 198, 107, 124, 36, 248, 119, 137, 109, 213, 223, 83,
       183, 181, 24, 243, 241, 75, 27, 25, 222, 236, 24, 58, 102, 218,
       34, 219, 207, 85, 61, 227, 248, 198, 162, 92, 112, 188, 228, 44,
       12, 89, 24, 171, 249, 183, 40, 223, 215, 73, 123, 134, 149, 125,
       88, 138, 65, 243, 128, 219, 249, 115, 156, 130, 163, 7, 115, 120,
       176, 255, 120, 168, 221, 81, 87, 162, 95, 164, 24, 59, 247, 66,
       58, 135, 178, 236, 24, 26, 111, 242, 17, 219, 203, 116, 121, 226,
       192, 198, 123, 118, 176, 191, 94, 233, 96, 17, 203, 170, 189, 165,
       57, 6, 247, 76, 27, 129, 215, 233, 16, 18, 79, 170, 113, 219, 176,
       85, 255, 128, 96, 134, 99, 232, 108, 180, 252, 13, 253, 84, 198,
       219, 146, 228, 24, 174, 185, 101, 59, 201, 250, 251, 0, 110, 111,
       242, 187, 243, 255, 84, 59, 210, 92, 118, 10, 124, 184, 189, 114,
       169, 237, 81, 215, 227, 191, 164, 24, 63, 255, 65, 59, 129, 215,
       253, 24, 26, 111, 250, 32, 219, 203, 117, 121, 226, 96, 198, 107,
       109, 229, 116, 103, 52, 10, 118, 168, 105, 160, 107, 9, 207, 121,
       28, 176, 178, 68, 125, 111, 196, 240, 201, 46, 166, 254, 5, 6, 70,
       183, 194, 6, 224, 188, 156, 218, 236, 237, 5, 143, 218, 27, 164,
       24, 182, 243, 72, 123, 129, 82, 106, 24, 51, 111, 218, 51, 205,
       162, 117, 124, 216, 88, 199, 170, 117, 133, 93, 103, 146, 78, 71,
       184, 100, 160, 170, 8, 83, 113, 8, 115, 50, 246, 124, 106, 105,
       160, 121, 44, 247, 235, 101, 20, 96, 242, 64, 32, 144, 204, 94,
       245, 146, 202, 79, 175, 52, 162, 230, 16, 247, 115, 0, 81, 49,
       247, 109, 168, 120, 205, 89, 63, 233, 231, 53, 85, 32, 0, 228, 42,
       20, 229, 17, 99, 148, 79, 103, 248, 118, 160, 235, 2, 83, 113, 25,
       112, 49, 220, 8, 106, 105, 240, 25, 30, 249, 142, 5, 20, 96, 187,
       64, 32, 100, 101, 155, 102, 85, 199, 167, 224, 240, 160, 235, 8,
       84, 211, 41, 48, 248, 253, 82, 235, 65, 243, 184, 76, 49, 174,
       143, 12, 65, 51, 103, 160, 92, 174, 156, 50, 170, 169, 21, 143,
       187, 191, 172, 185, 143, 231, 74, 26, 167, 215, 237, 16, 58, 73,
       138, 51, 219, 199, 117, 127, 192, 80, 143, 19, 45, 245, 61, 103,
       157, 79, 71, 172, 118, 224, 44, 8, 210, 85, 8, 48, 152, 84, 88,
       106, 105, 240, 249, 62, 229, 223, 5, 52, 64, 59, 198, 98, 44, 117,
       57, 103, 53, 79, 71, 168, 124, 232, 110, 8, 214, 117, 9, 48, 152,
       92, 90, 106, 105, 176, 121, 46, 237, 255, 5, 16, 64, 58, 86, 250,
       69, 71, 151, 71, 176, 30, 110, 152, 124, 170, 107, 64, 222, 98,
       193, 254, 183, 69, 108, 126, 133, 208, 169, 74, 172, 190, 103, 4,
       136, 243, 33, 37, 236, 180, 189, 97, 141, 111, 83, 136, 123, 251,
       37, 24, 214, 117, 73, 59, 145, 84, 104, 114, 51, 116, 249, 16,
       207, 219, 69, 119, 194, 107, 199, 35, 148, 252, 155, 231, 180, 46,
       111, 184, 54, 170, 219, 80, 247, 119, 137, 64, 119, 222, 125, 106,
       121, 148, 201, 63, 237, 231, 39, 132, 160, 243, 129, 49, 236, 180,
       189, 99, 169, 111, 17, 137, 123, 63, 37, 24, 214, 117, 72, 59,
       145, 20, 232, 50, 50, 116, 249, 18, 207, 211, 65, 119, 194, 107,
       199, 99, 69, 49, 185, 103, 241, 78, 55, 168, 121, 232, 103, 8,
       222, 119, 9, 56, 145, 93, 112, 122, 33, 240, 249, 110, 111, 191,
       69, 6, 200, 51, 3, 179, 252, 188, 247, 118, 171, 232, 85, 215,
       179, 159, 164, 56, 47, 247, 64, 31, 39, 246, 237, 24, 58, 79, 170,
       99, 219, 211, 85, 123, 226, 196, 134, 107, 145, 142, 207, 127,
       148, 170, 100, 159, 118, 163, 106, 212, 243, 96, 144, 120, 115,
       238, 32, 28, 59, 252, 77, 63, 204, 174, 117, 64, 236, 208, 208,
       40, 69, 116, 157, 101, 1, 78, 103, 48, 104, 234, 47, 72, 214, 49,
       73, 59, 144, 68, 108, 106, 65, 240, 241, 8, 229, 186, 101, 4, 200,
       115, 67, 35, 77, 125, 145, 71, 161, 78, 102, 184, 120, 234, 107,
       72, 222, 115, 137, 182, 144, 92, 120, 106, 65, 208, 217, 42, 165,
       188, 69, 4, 74, 243, 66, 49, 129, 142, 207, 27, 208, 171, 101,
       159, 118, 19, 66, 212, 243, 225, 128, 88, 97, 110, 106, 28, 59,
       220, 79, 51, 44, 166, 119, 64, 248, 208, 240, 168, 237, 121, 159,
       103, 164, 14, 103, 184, 104, 234, 47, 76, 211, 113, 89, 51, 144,
