%YAML:1.0
---
descriptors: !!opencv-matrix
   rows: 182
   cols: 32
   dt: u
   data: [ 222, 178, 245, 114, 171, 120, 81, 159, 179, 191, 167, 57, 79,
       247, 74, 31, 167, 214, 237, 16, 58, 79, 171, 160, 219, 211, 85,
       255, 162, 212, 134, 115, 100, 99, 104, 101, 112, 11, 111, 40, 96,
       164, 111, 136, 211, 3, 153, 16, 18, 68, 69, 106, 64, 208, 237, 12,
       229, 189, 33, 20, 100, 179, 70, 224, 109, 70, 188, 103, 36, 30,
       118, 184, 104, 170, 55, 77, 211, 105, 159, 19, 144, 68, 108, 110,
       228, 240, 77, 12, 102, 251, 101, 5, 72, 243, 74, 1, 100, 32, 189,
       113, 141, 237, 65, 10, 254, 51, 175, 24, 150, 181, 72, 58, 137,
       22, 106, 24, 27, 97, 251, 16, 205, 190, 81, 124, 192, 73, 198, 34,
       101, 108, 225, 70, 196, 75, 231, 216, 97, 230, 121, 136, 83, 96,
       223, 52, 25, 236, 66, 110, 201, 178, 237, 42, 52, 12, 5, 44, 103,
       251, 86, 228, 64, 188, 191, 83, 48, 237, 97, 23, 250, 15, 98, 56,
       191, 183, 132, 56, 135, 58, 108, 24, 51, 252, 178, 39, 133, 255,
       48, 64, 192, 128, 199, 233, 124, 99, 72, 101, 112, 10, 103, 184,
       32, 164, 231, 169, 195, 67, 11, 16, 24, 204, 69, 110, 72, 210,
       201, 14, 230, 229, 33, 21, 96, 179, 78, 162, 254, 176, 245, 114,
       171, 120, 84, 159, 179, 187, 167, 185, 79, 255, 72, 127, 163, 215,
       237, 16, 59, 79, 187, 160, 219, 211, 117, 255, 162, 229, 198, 51,
       74, 253, 145, 114, 249, 204, 54, 167, 171, 145, 40, 9, 172, 247,
       64, 146, 129, 123, 233, 80, 67, 72, 154, 113, 239, 215, 31, 107,
       130, 16, 143, 26, 5, 249, 17, 50, 217, 205, 22, 168, 239, 249, 41,
       8, 238, 240, 73, 180, 145, 123, 66, 82, 71, 96, 26, 53, 169, 212,
       5, 126, 90, 31, 11, 150, 108, 6, 204, 101, 96, 46, 105, 26, 57,
       174, 110, 93, 195, 35, 131, 91, 17, 196, 108, 46, 40, 212, 193,
       10, 198, 255, 113, 4, 162, 225, 70, 97, 248, 248, 219, 114, 42,
       201, 81, 214, 162, 189, 160, 185, 55, 199, 64, 26, 39, 182, 109,
       16, 26, 79, 130, 33, 219, 193, 117, 120, 224, 128, 134, 123, 217,
       52, 21, 116, 9, 111, 85, 42, 233, 178, 162, 24, 223, 55, 8, 187,
       129, 212, 108, 34, 105, 103, 243, 12, 243, 251, 85, 18, 66, 112,
       7, 34, 208, 172, 142, 191, 136, 237, 69, 135, 166, 147, 132, 25,
       183, 243, 80, 91, 9, 102, 121, 29, 58, 77, 218, 49, 201, 163, 247,
       121, 128, 80, 155, 42, 229, 164, 157, 18, 204, 233, 129, 202, 222,
       243, 169, 24, 150, 240, 65, 59, 137, 66, 106, 24, 59, 111, 250,
       50, 157, 18, 85, 124, 208, 73, 214, 96, 64, 253, 21, 127, 153,
       205, 23, 172, 190, 112, 8, 8, 254, 247, 73, 160, 129, 123, 249,
       66, 67, 72, 251, 55, 237, 150, 13, 59, 16, 19, 7, 122, 216, 148,
       122, 117, 176, 174, 89, 55, 52, 73, 230, 181, 119, 55, 130, 80,
       55, 183, 253, 12, 184, 156, 33, 15, 235, 239, 52, 192, 168, 192,
       132, 123, 100, 97, 97, 71, 80, 74, 111, 40, 97, 164, 111, 136,
       211, 7, 25, 20, 58, 220, 64, 234, 72, 176, 253, 12, 101, 172, 1,
       5, 99, 179, 70, 224, 6, 224, 141, 179, 138, 201, 185, 140, 174,
       53, 1, 185, 213, 206, 72, 10, 135, 91, 121, 145, 18, 76, 207, 113,
       205, 6, 255, 117, 132, 1, 135, 210, 60, 103, 104, 103, 96, 75,
       103, 168, 48, 172, 255, 169, 195, 69, 129, 20, 24, 204, 68, 106,
       72, 178, 105, 14, 102, 237, 37, 5, 99, 187, 70, 224, 72, 188, 63,
       114, 176, 237, 113, 151, 186, 31, 110, 56, 191, 247, 128, 56, 167,
       51, 109, 24, 50, 109, 162, 119, 201, 255, 48, 72, 192, 128, 199,
       107, 248, 140, 223, 126, 137, 104, 84, 183, 227, 19, 166, 24, 127,
       243, 8, 219, 161, 246, 236, 0, 56, 111, 155, 33, 219, 235, 84, 91,
       226, 241, 206, 10, 248, 170, 155, 114, 42, 233, 81, 82, 162, 63,
       180, 185, 55, 199, 194, 26, 39, 179, 109, 24, 26, 79, 130, 49,
       216, 193, 49, 248, 224, 128, 6, 123, 76, 173, 181, 83, 141, 233,
       37, 207, 254, 183, 173, 24, 214, 240, 73, 63, 137, 90, 106, 24,
       50, 107, 234, 50, 237, 130, 85, 124, 194, 72, 199, 226, 253, 127,
       28, 110, 169, 15, 86, 252, 129, 174, 172, 77, 103, 233, 75, 19,
       156, 196, 237, 102, 108, 99, 218, 44, 243, 217, 69, 63, 72, 251,
       10, 27, 100, 99, 108, 103, 52, 74, 103, 184, 96, 164, 111, 173,
       195, 97, 155, 18, 18, 196, 109, 110, 72, 176, 237, 12, 228, 167,
       37, 21, 100, 187, 86, 96, 81, 131, 154, 164, 32, 4, 94, 49, 169,
       1, 203, 69, 223, 179, 42, 82, 182, 197, 125, 143, 24, 139, 131,
       65, 208, 247, 74, 8, 40, 162, 171, 0, 240, 168, 158, 250, 136,
       141, 17, 199, 170, 23, 165, 24, 55, 211, 72, 27, 137, 179, 125,
       16, 26, 79, 154, 49, 217, 193, 126, 121, 192, 0, 167, 42, 244,
       101, 113, 71, 81, 79, 103, 232, 112, 160, 235, 8, 83, 85, 13, 180,
       56, 220, 192, 226, 105, 178, 249, 14, 55, 164, 129, 5, 99, 51, 70,
       162, 242, 184, 245, 120, 43, 249, 80, 207, 203, 59, 176, 57, 42,
       221, 76, 191, 135, 147, 237, 16, 42, 111, 234, 49, 155, 218, 85,
       63, 211, 68, 198, 127, 80, 33, 17, 229, 21, 78, 97, 47, 96, 160,
       202, 8, 151, 19, 0, 112, 48, 148, 120, 168, 73, 152, 209, 12, 229,
       164, 16, 4, 32, 0, 66, 42, 80, 168, 142, 250, 140, 237, 84, 151,
       166, 19, 166, 24, 183, 243, 64, 91, 1, 230, 125, 24, 58, 77, 203,
       49, 219, 235, 117, 121, 168, 192, 218, 10, 124, 101, 72, 103, 209,
       91, 86, 168, 49, 164, 239, 137, 195, 97, 11, 144, 88, 204, 193,
       98, 76, 242, 217, 46, 230, 197, 5, 53, 99, 191, 94, 146, 193, 184,
       157, 81, 136, 173, 161, 23, 238, 83, 34, 84, 208, 177, 212, 107,
       35, 6, 106, 28, 179, 109, 23, 64, 68, 42, 114, 64, 200, 64, 193,
       41, 56, 185, 115, 120, 73, 221, 81, 83, 227, 81, 116, 24, 59, 157,
       68, 180, 136, 186, 215, 16, 27, 58, 178, 177, 95, 217, 16, 123,
       99, 128, 198, 242, 228, 109, 157, 103, 165, 79, 70, 168, 122, 170,
       35, 8, 210, 113, 9, 179, 145, 68, 104, 106, 104, 244, 217, 46,
       237, 187, 69, 52, 64, 123, 66, 2, 205, 115, 220, 37, 38, 14, 114,
       24, 104, 228, 119, 109, 207, 41, 27, 18, 182, 69, 108, 103, 196,
       240, 205, 8, 230, 233, 101, 5, 100, 179, 75, 67, 77, 117, 49, 71,
       117, 30, 103, 184, 105, 232, 127, 76, 222, 113, 31, 180, 148, 76,
       116, 110, 197, 176, 249, 110, 103, 253, 37, 6, 74, 51, 75, 199,
       208, 138, 151, 60, 170, 168, 5, 135, 187, 27, 162, 120, 182, 179,
       192, 127, 3, 183, 108, 16, 59, 79, 195, 83, 152, 178, 116, 90,
       128, 64, 131, 41, 225, 172, 215, 88, 205, 173, 96, 199, 251, 19,
       160, 88, 34, 177, 68, 158, 201, 162, 106, 24, 43, 111, 194, 115,
       28, 158, 20, 58, 201, 64, 194, 44, 225, 172, 133, 16, 221, 185,
       160, 207, 218, 179, 168, 88, 162, 224, 84, 158, 201, 110, 98, 20,
       54, 110, 198, 50, 28, 30, 85, 122, 201, 76, 210, 140, 90, 241,
       179, 230, 147, 220, 52, 197, 235, 13, 46, 0, 204, 246, 104, 246,
       177, 95, 232, 16, 86, 9, 178, 193, 185, 245, 30, 79, 130, 86, 175,
       110, 218, 178, 6, 176, 171, 184, 89, 19, 163, 127, 134, 253, 143,
       135, 194, 31, 167, 167, 237, 20, 158, 79, 130, 145, 218, 210, 113,
       251, 170, 132, 135, 95, 77, 245, 144, 67, 241, 29, 102, 189, 123,
       57, 47, 88, 222, 115, 72, 180, 149, 95, 120, 122, 211, 80, 217,
       119, 175, 222, 21, 118, 138, 83, 139, 1, 240, 32, 157, 112, 40,
       233, 81, 3, 162, 19, 160, 56, 23, 151, 64, 27, 131, 148, 109, 16,
       42, 111, 146, 0, 209, 129, 112, 121, 224, 0, 6, 42, 37, 97, 49,
       69, 85, 78, 103, 184, 97, 232, 110, 8, 242, 81, 21, 52, 152, 236,
       66, 106, 65, 178, 249, 76, 103, 188, 5, 0, 66, 51, 66, 160, 60,
       119, 72, 103, 217, 75, 87, 248, 49, 172, 255, 169, 67, 117, 11,
       16, 56, 220, 197, 98, 104, 242, 201, 46, 123, 199, 37, 181, 99,
       123, 206, 147, 216, 190, 254, 122, 186, 232, 17, 223, 186, 31,
       188, 189, 63, 247, 130, 25, 39, 51, 237, 24, 50, 79, 138, 119,
       219, 239, 48, 217, 232, 192, 167, 123, 101, 172, 216, 82, 205,
       189, 208, 207, 202, 191, 188, 28, 50, 248, 78, 26, 137, 234, 98,
