%YAML:1.0
---
descriptors: !!opencv-matrix
   rows: 166
   cols: 32
   dt: u
   data: [ 216, 156, 159, 245, 139, 110, 21, 183, 160, 187, 130, 16, 255,
       119, 0, 91, 165, 247, 125, 32, 57, 205, 155, 44, 249, 227, 127,
       80, 168, 96, 135, 59, 252, 124, 189, 114, 139, 125, 85, 158, 235,
       247, 164, 25, 94, 247, 79, 59, 133, 215, 236, 18, 59, 103, 251,
       50, 219, 219, 85, 127, 226, 113, 198, 114, 100, 69, 13, 103, 17,
       78, 71, 40, 52, 164, 235, 0, 211, 119, 9, 113, 80, 196, 120, 110,
       105, 144, 249, 14, 229, 175, 197, 4, 32, 51, 86, 96, 112, 40, 155,
       109, 24, 75, 67, 43, 38, 164, 170, 8, 247, 245, 0, 16, 144, 236,
       104, 32, 9, 185, 241, 31, 233, 167, 1, 17, 96, 42, 6, 106, 10,
       181, 48, 17, 241, 221, 52, 239, 59, 253, 44, 41, 174, 188, 70,
       148, 183, 31, 196, 16, 118, 120, 177, 87, 47, 87, 21, 119, 66, 4,
       143, 223, 248, 160, 157, 112, 140, 105, 81, 95, 226, 183, 164, 24,
       23, 19, 66, 59, 201, 150, 109, 16, 26, 79, 194, 16, 219, 129, 245,
       125, 224, 136, 94, 74, 104, 168, 189, 124, 77, 205, 81, 139, 227,
       181, 164, 8, 178, 213, 64, 59, 137, 222, 104, 24, 10, 110, 251,
       49, 207, 185, 81, 61, 192, 8, 70, 106, 241, 167, 205, 119, 180,
       46, 71, 191, 112, 235, 115, 92, 115, 97, 152, 57, 17, 70, 100, 44,
       185, 252, 221, 46, 236, 175, 117, 20, 233, 232, 210, 32, 124, 97,
       120, 98, 76, 77, 83, 88, 35, 228, 173, 9, 19, 215, 75, 16, 24,
       144, 69, 106, 10, 35, 250, 0, 211, 205, 33, 61, 99, 171, 70, 98,
       100, 69, 29, 103, 20, 79, 71, 168, 52, 160, 235, 8, 210, 119, 9,
       112, 208, 84, 104, 106, 105, 144, 121, 14, 229, 190, 5, 20, 64,
       59, 70, 34, 244, 124, 189, 118, 203, 108, 85, 142, 187, 255, 166,
       25, 94, 247, 73, 59, 163, 215, 108, 18, 56, 71, 186, 34, 219, 203,
       85, 63, 224, 113, 199, 123, 212, 96, 157, 117, 136, 14, 69, 136,
       176, 178, 163, 24, 215, 51, 73, 27, 129, 68, 105, 106, 40, 101,
       217, 8, 195, 235, 69, 20, 192, 241, 66, 34, 240, 120, 185, 101,
       40, 79, 85, 178, 98, 168, 162, 8, 151, 19, 65, 19, 128, 244, 125,
       104, 104, 122, 209, 8, 235, 137, 101, 48, 96, 176, 66, 43, 69,
       116, 17, 71, 17, 111, 114, 25, 104, 232, 107, 72, 214, 80, 9, 176,
       144, 20, 64, 42, 1, 176, 249, 14, 37, 188, 1, 6, 72, 115, 67, 55,
       228, 111, 189, 119, 172, 111, 230, 184, 121, 170, 187, 88, 210,
       105, 93, 59, 153, 215, 108, 106, 233, 244, 217, 106, 173, 186, 69,
       20, 192, 243, 71, 33, 228, 116, 189, 229, 140, 110, 67, 152, 50,
       178, 135, 24, 215, 115, 73, 59, 145, 212, 125, 122, 41, 84, 249,
       10, 205, 139, 101, 52, 128, 123, 86, 34, 196, 205, 157, 231, 172,
       74, 71, 184, 96, 178, 10, 72, 215, 97, 153, 35, 19, 84, 108, 106,
       97, 224, 201, 40, 237, 162, 101, 20, 68, 251, 5, 32, 216, 156,
       191, 246, 171, 102, 85, 191, 177, 222, 134, 16, 127, 119, 1, 123,
       167, 247, 125, 42, 121, 205, 179, 42, 243, 227, 87, 19, 162, 112,
       165, 123, 240, 168, 153, 240, 168, 173, 65, 71, 162, 183, 160, 24,
       183, 147, 64, 27, 129, 151, 108, 24, 58, 111, 194, 33, 217, 129,
       117, 120, 224, 64, 135, 42, 195, 188, 19, 16, 8, 237, 0, 71, 235,
       115, 160, 88, 182, 144, 68, 63, 129, 51, 120, 17, 51, 111, 146,
       113, 145, 144, 91, 122, 200, 64, 131, 62, 241, 140, 237, 119, 148,
       110, 71, 55, 112, 99, 238, 16, 115, 53, 144, 112, 89, 246, 124,
       40, 185, 252, 101, 47, 233, 239, 176, 80, 224, 224, 214, 104, 216,
       4, 157, 116, 138, 104, 84, 55, 160, 183, 166, 24, 127, 55, 72, 91,
       131, 215, 236, 0, 56, 77, 131, 1, 219, 227, 113, 25, 160, 224,
       134, 34, 220, 238, 223, 254, 170, 232, 95, 158, 179, 151, 166,
       185, 127, 231, 195, 91, 39, 246, 237, 82, 42, 79, 170, 35, 251,
       227, 117, 185, 162, 241, 134, 123, 124, 110, 223, 114, 168, 121,
       87, 216, 179, 159, 181, 56, 95, 247, 201, 59, 51, 214, 236, 90,
       58, 99, 234, 32, 251, 227, 101, 127, 226, 243, 198, 35, 216, 220,
       222, 246, 139, 96, 93, 182, 179, 151, 134, 185, 255, 247, 66, 91,
       35, 247, 253, 128, 56, 77, 251, 35, 251, 227, 253, 89, 162, 241,
       166, 122, 252, 180, 255, 118, 232, 249, 87, 200, 243, 191, 181,
       56, 83, 247, 206, 59, 147, 214, 236, 18, 58, 103, 234, 35, 219,
       219, 117, 127, 224, 251, 198, 99, 101, 69, 21, 103, 188, 79, 71,
       168, 116, 170, 235, 72, 214, 115, 9, 112, 208, 92, 104, 106, 105,
       176, 121, 46, 229, 174, 37, 20, 64, 123, 66, 34, 236, 96, 156,
       119, 12, 78, 69, 136, 224, 178, 163, 24, 215, 51, 73, 27, 129,
       212, 104, 106, 104, 101, 219, 0, 193, 171, 85, 20, 64, 113, 66,
       34, 228, 164, 157, 115, 137, 108, 5, 142, 242, 191, 164, 24, 214,
       119, 73, 91, 129, 86, 104, 16, 58, 68, 251, 51, 205, 147, 85, 125,
       144, 113, 134, 98, 10, 245, 48, 29, 113, 221, 180, 39, 61, 77,
       110, 25, 172, 60, 6, 148, 166, 59, 195, 1, 86, 184, 81, 95, 39,
       119, 28, 3, 66, 4, 143, 223, 65, 113, 17, 69, 17, 14, 102, 188,
       104, 168, 98, 72, 214, 19, 1, 177, 144, 92, 72, 106, 193, 180,
       209, 12, 165, 184, 1, 4, 72, 50, 67, 33, 44, 237, 121, 103, 252,
       79, 71, 188, 115, 172, 188, 40, 243, 117, 201, 52, 152, 124, 68,
       122, 104, 114, 233, 62, 239, 157, 37, 52, 66, 187, 70, 171, 211,
       170, 135, 26, 169, 173, 68, 199, 251, 19, 160, 92, 167, 226, 84,
       223, 161, 167, 108, 29, 63, 111, 134, 51, 152, 242, 86, 122, 192,
       68, 131, 12, 88, 125, 56, 228, 48, 14, 95, 190, 32, 232, 110, 9,
       151, 23, 1, 80, 38, 213, 125, 108, 72, 152, 145, 46, 243, 173, 52,
       20, 32, 177, 3, 123, 77, 113, 21, 71, 176, 94, 103, 184, 104, 232,
       127, 108, 222, 112, 137, 180, 146, 92, 100, 106, 193, 240, 249,
       76, 164, 251, 101, 6, 74, 51, 67, 33, 60, 113, 121, 98, 113, 79,
       83, 88, 33, 168, 45, 44, 95, 87, 73, 16, 156, 220, 69, 122, 73,
       50, 248, 8, 247, 205, 33, 60, 106, 187, 70, 179, 240, 170, 92,
       112, 138, 201, 81, 79, 171, 181, 164, 24, 38, 147, 68, 27, 161,
       179, 236, 16, 26, 107, 130, 113, 219, 145, 85, 123, 224, 0, 206,
       42, 248, 168, 156, 112, 137, 233, 81, 71, 162, 55, 164, 25, 55,
       145, 64, 27, 137, 178, 236, 16, 26, 111, 194, 49, 219, 193, 112,
       121, 242, 200, 206, 10, 214, 168, 189, 178, 170, 233, 157, 207,
       154, 191, 144, 57, 180, 253, 72, 11, 143, 83, 125, 145, 50, 79,
       234, 113, 217, 131, 255, 255, 212, 88, 135, 235, 72, 109, 16, 230,
       113, 142, 95, 182, 33, 160, 110, 8, 191, 19, 1, 80, 4, 255, 93,
       74, 72, 154, 209, 46, 247, 237, 52, 0, 34, 147, 2, 42, 240, 170,
       156, 112, 137, 169, 80, 71, 163, 55, 160, 25, 39, 131, 66, 27,
       129, 178, 236, 16, 58, 111, 194, 49, 219, 209, 80, 123, 224, 72,
       206, 10, 248, 142, 126, 126, 188, 42, 85, 183, 240, 30, 166, 56,
       115, 113, 0, 91, 33, 246, 109, 42, 56, 111, 137, 47, 251, 235,
       116, 89, 97, 224, 198, 43, 197, 117, 157, 103, 144, 14, 103, 168,
       120, 178, 107, 88, 214, 115, 73, 51, 145, 86, 104, 106, 113, 244,
       217, 42, 237, 171, 103, 20, 200, 115, 195, 160, 205, 113, 80, 71,
       116, 31, 98, 184, 105, 224, 119, 108, 223, 16, 137, 180, 18, 76,
       100, 106, 193, 176, 253, 12, 38, 217, 37, 6, 74, 179, 75, 5, 77,
       49, 16, 65, 81, 30, 98, 56, 105, 224, 43, 76, 222, 16, 77, 180,
       144, 4, 64, 106, 197, 176, 209, 76, 39, 216, 1, 6, 74, 39, 75,
       132, 44, 101, 113, 71, 240, 79, 71, 184, 123, 168, 125, 40, 243,
       117, 205, 52, 16, 92, 68, 106, 96, 240, 233, 63, 103, 222, 37, 52,
       66, 186, 70, 169, 129, 80, 221, 117, 96, 110, 97, 23, 118, 123,
       102, 112, 115, 51, 128, 123, 35, 86, 112, 24, 161, 252, 51, 15,
       77, 171, 116, 0, 232, 224, 66, 57, 217, 176, 189, 116, 171, 236,
       81, 31, 163, 93, 164, 25, 63, 159, 74, 58, 167, 183, 253, 144, 31,
       75, 178, 81, 219, 233, 52, 123, 160, 128, 166, 123, 173, 109, 89,
       71, 117, 159, 238, 176, 121, 160, 111, 8, 187, 35, 149, 180, 8,
       108, 66, 74, 96, 180, 121, 46, 39, 221, 5, 32, 67, 251, 74, 160,
