%YAML:1.0
---
descriptors: !!opencv-matrix
   rows: 102
   cols: 32
   dt: u
   data: [ 100, 102, 57, 103, 96, 15, 103, 56, 121, 174, 127, 8, 215, 99,
       137, 16, 144, 92, 108, 106, 64, 240, 233, 14, 231, 255, 97, 20,
       64, 243, 70, 161, 214, 252, 189, 182, 139, 100, 20, 174, 186, 255,
       128, 61, 245, 254, 75, 91, 133, 87, 253, 3, 63, 71, 154, 50, 219,
       243, 93, 63, 136, 113, 167, 83, 200, 180, 188, 241, 169, 60, 85,
       159, 251, 187, 182, 24, 159, 55, 66, 123, 133, 86, 125, 24, 186,
       109, 243, 34, 207, 251, 118, 86, 194, 208, 199, 59, 133, 100, 157,
       243, 172, 47, 175, 152, 30, 186, 19, 120, 215, 113, 201, 43, 31,
       76, 126, 126, 35, 116, 203, 34, 140, 138, 239, 180, 140, 251, 17,
       161, 133, 108, 157, 179, 236, 43, 175, 158, 30, 178, 18, 120, 213,
       227, 201, 11, 27, 110, 106, 126, 33, 116, 203, 34, 172, 138, 127,
       52, 140, 249, 19, 160, 76, 119, 24, 103, 112, 15, 127, 184, 60,
       168, 123, 104, 223, 83, 137, 16, 150, 93, 77, 106, 64, 144, 201,
       78, 230, 253, 37, 132, 64, 179, 3, 163, 69, 119, 153, 167, 48, 14,
       111, 184, 56, 232, 75, 68, 215, 99, 201, 82, 150, 69, 108, 110,
       193, 208, 201, 78, 172, 247, 103, 4, 8, 179, 3, 17, 220, 188, 159,
       178, 168, 236, 85, 158, 178, 251, 160, 89, 183, 247, 72, 91, 135,
       247, 125, 16, 59, 79, 250, 35, 217, 195, 117, 248, 160, 80, 135,
       123, 116, 5, 157, 102, 138, 66, 87, 168, 50, 182, 175, 8, 87, 119,
       73, 91, 17, 212, 105, 226, 56, 67, 235, 42, 249, 167, 69, 61, 160,
       115, 134, 98, 204, 188, 188, 114, 173, 253, 85, 151, 251, 251,
       164, 24, 254, 255, 78, 123, 129, 115, 253, 24, 186, 109, 250, 241,
       207, 219, 85, 122, 194, 81, 199, 123, 109, 253, 148, 26, 237, 157,
       134, 232, 222, 250, 165, 12, 254, 240, 75, 191, 145, 66, 234, 126,
       103, 99, 218, 113, 237, 27, 69, 126, 218, 127, 203, 150, 254, 36,
       204, 182, 139, 120, 84, 138, 18, 183, 129, 187, 199, 236, 75, 27,
       217, 215, 237, 147, 60, 71, 223, 34, 218, 199, 221, 61, 165, 125,
       158, 82, 101, 113, 17, 103, 81, 79, 103, 184, 105, 224, 99, 72,
       214, 83, 9, 52, 144, 92, 64, 106, 65, 240, 217, 28, 165, 184, 1,
       6, 74, 51, 67, 34, 77, 119, 17, 231, 49, 14, 127, 184, 57, 232,
       107, 100, 223, 83, 9, 212, 150, 77, 76, 110, 193, 144, 217, 78,
       228, 252, 39, 132, 10, 179, 3, 17, 252, 100, 236, 103, 169, 58,
       95, 152, 51, 190, 167, 185, 219, 103, 219, 191, 21, 212, 253, 110,
       104, 71, 235, 130, 215, 251, 229, 189, 166, 255, 86, 96, 246, 52,
       150, 246, 205, 102, 86, 200, 243, 155, 163, 91, 66, 251, 77, 219,
       249, 246, 233, 178, 60, 103, 154, 226, 155, 243, 213, 127, 137,
       115, 122, 6, 255, 62, 173, 178, 173, 60, 92, 158, 251, 255, 130,
       93, 207, 236, 91, 155, 129, 198, 253, 23, 188, 69, 251, 160, 219,
       211, 221, 191, 138, 125, 218, 87, 240, 168, 220, 114, 136, 232,
       85, 215, 162, 183, 164, 25, 55, 247, 66, 27, 1, 214, 109, 24, 58,
       79, 202, 49, 217, 227, 117, 121, 224, 192, 134, 106, 220, 188,
       156, 246, 168, 236, 85, 158, 178, 187, 166, 24, 183, 247, 72, 59,
       135, 247, 125, 24, 59, 79, 250, 35, 217, 251, 117, 120, 168, 208,
       135, 51, 200, 188, 188, 243, 169, 108, 85, 151, 251, 187, 182, 24,
       159, 183, 64, 123, 133, 87, 125, 24, 186, 109, 243, 34, 203, 251,
       118, 118, 130, 208, 195, 59, 133, 81, 85, 103, 178, 14, 103, 184,
       124, 226, 103, 100, 215, 115, 137, 112, 22, 76, 44, 110, 225, 208,
       125, 14, 164, 170, 101, 4, 104, 243, 65, 49, 236, 188, 191, 250,
       173, 253, 85, 222, 255, 251, 165, 24, 254, 253, 104, 59, 129, 115,
       255, 27, 58, 111, 250, 243, 219, 219, 85, 127, 218, 120, 199, 58,
       252, 249, 190, 126, 169, 221, 85, 222, 223, 251, 164, 24, 254,
       255, 110, 59, 129, 115, 253, 80, 59, 111, 186, 177, 219, 219, 85,
       123, 210, 120, 199, 123, 118, 229, 232, 99, 157, 11, 223, 232, 66,
       180, 173, 11, 83, 104, 95, 50, 153, 197, 121, 243, 76, 115, 221,
       18, 125, 13, 141, 117, 229, 123, 94, 130, 248, 184, 158, 120, 169,
       236, 81, 23, 163, 27, 164, 24, 63, 147, 66, 91, 161, 183, 253, 24,
       59, 79, 210, 49, 219, 227, 112, 121, 234, 192, 170, 27, 77, 245,
       156, 227, 188, 63, 118, 152, 126, 186, 15, 108, 215, 115, 201,
       106, 23, 84, 124, 122, 184, 208, 89, 54, 239, 223, 101, 116, 170,
       251, 129, 33, 255, 58, 172, 178, 173, 44, 84, 159, 187, 251, 146,
       93, 222, 253, 91, 155, 133, 198, 125, 21, 190, 71, 218, 160, 219,
       219, 117, 190, 130, 117, 218, 31, 204, 166, 172, 187, 232, 48,
       104, 139, 114, 95, 81, 245, 193, 234, 218, 91, 211, 79, 172, 149,
       190, 86, 239, 66, 204, 99, 255, 237, 156, 197, 165, 213, 108, 53,
       185, 103, 113, 95, 115, 56, 123, 172, 111, 8, 222, 115, 9, 180,
       144, 92, 100, 106, 1, 176, 249, 14, 239, 255, 5, 54, 74, 35, 70,
       163, 207, 180, 165, 27, 237, 60, 237, 157, 123, 119, 5, 212, 203,
       96, 222, 239, 81, 78, 232, 62, 183, 84, 255, 146, 140, 126, 223,
       126, 158, 87, 219, 244, 220, 188, 156, 250, 168, 237, 85, 223,
       179, 187, 164, 24, 255, 247, 64, 59, 7, 247, 125, 24, 59, 79, 218,
       51, 219, 251, 117, 120, 170, 240, 131, 59, 253, 117, 88, 100, 16,
       14, 75, 56, 96, 224, 239, 76, 83, 83, 9, 112, 124, 156, 92, 234,
       233, 182, 249, 14, 243, 237, 33, 4, 105, 163, 106, 48, 220, 172,
       220, 118, 136, 44, 84, 159, 242, 183, 166, 25, 247, 227, 74, 91,
       1, 198, 108, 28, 58, 77, 219, 34, 219, 235, 117, 125, 226, 241,
       202, 10, 77, 101, 65, 39, 145, 90, 111, 168, 113, 224, 111, 8,
       203, 99, 27, 246, 50, 204, 120, 110, 73, 208, 253, 142, 167, 253,
       5, 5, 34, 183, 70, 100, 137, 156, 151, 95, 153, 254, 96, 159, 247,
       83, 110, 80, 254, 243, 160, 252, 81, 62, 56, 24, 51, 220, 251, 55,
       143, 254, 85, 74, 154, 192, 136, 44, 197, 74, 149, 148, 45, 44,
       100, 26, 234, 186, 163, 92, 198, 226, 65, 223, 129, 68, 108, 14,
       41, 103, 219, 0, 128, 178, 83, 60, 200, 121, 75, 5, 216, 188, 189,
       240, 168, 108, 89, 159, 187, 123, 182, 24, 159, 183, 72, 123, 135,
       87, 125, 16, 59, 77, 251, 33, 219, 219, 126, 254, 128, 192, 135,
       123, 220, 20, 188, 245, 168, 46, 125, 27, 188, 187, 183, 48, 223,
       55, 201, 91, 135, 23, 125, 56, 184, 197, 243, 2, 199, 251, 115,
       148, 128, 224, 129, 35, 116, 245, 253, 103, 139, 66, 71, 184, 50,
       246, 175, 136, 83, 119, 73, 83, 17, 212, 237, 226, 105, 83, 249,
       42, 249, 227, 229, 53, 160, 115, 134, 114, 108, 99, 249, 103, 112,
       79, 103, 184, 104, 172, 127, 8, 211, 101, 137, 48, 152, 92, 100,
       106, 72, 240, 233, 12, 229, 221, 37, 52, 64, 179, 70, 225, 248,
       168, 149, 244, 136, 232, 65, 7, 186, 179, 162, 24, 183, 183, 64,
       91, 129, 183, 108, 16, 58, 79, 195, 2, 153, 227, 116, 88, 128, 64,
       135, 42, 88, 172, 155, 248, 153, 237, 21, 71, 170, 173, 172, 8,
       183, 179, 64, 16, 129, 59, 109, 24, 26, 11, 210, 51, 249, 197, 54,
       120, 192, 64, 135, 170, 248, 184, 222, 120, 169, 253, 81, 215,
       227, 91, 164, 24, 63, 147, 66, 31, 169, 178, 236, 24, 26, 111,
       146, 177, 219, 219, 80, 123, 234, 196, 202, 27, 232, 174, 248, 82,
       213, 237, 101, 223, 115, 167, 108, 24, 123, 225, 90, 28, 25, 238,
       98, 24, 58, 126, 248, 51, 95, 159, 21, 109, 227, 216, 214, 168,
       216, 172, 222, 118, 136, 236, 85, 151, 242, 183, 166, 25, 55, 227,
       66, 91, 161, 230, 108, 24, 58, 79, 139, 34, 219, 235, 117, 121,
       160, 208, 206, 74, 68, 117, 185, 231, 178, 78, 55, 188, 40, 232,
       122, 104, 215, 119, 65, 48, 150, 93, 125, 99, 193, 176, 217, 46,
       237, 191, 47, 4, 72, 243, 7, 179, 86, 245, 189, 186, 139, 96, 23,
       237, 186, 23, 137, 155, 76, 246, 76, 90, 179, 215, 233, 178, 115,
       67, 187, 115, 185, 134, 95, 127, 144, 83, 167, 114, 248, 205, 252,
       124, 141, 73, 85, 175, 211, 54, 164, 24, 163, 185, 69, 91, 201,
       214, 104, 8, 122, 111, 243, 19, 251, 251, 85, 61, 242, 248, 198,
