%YAML:1.0
---
descriptors: !!opencv-matrix
   rows: 183
   cols: 32
   dt: u
   data: [ 104, 181, 60, 123, 157, 253, 81, 45, 111, 61, 173, 24, 254,
       125, 72, 51, 129, 146, 253, 16, 58, 104, 123, 21, 207, 219, 80,
       127, 210, 74, 198, 98, 246, 204, 214, 255, 254, 15, 254, 236, 63,
       170, 251, 18, 236, 234, 60, 65, 255, 239, 127, 227, 112, 247, 201,
       255, 188, 254, 207, 150, 53, 123, 241, 129, 69, 117, 17, 69, 85,
       79, 119, 56, 104, 224, 107, 8, 214, 49, 9, 48, 144, 92, 80, 106,
       65, 240, 209, 12, 37, 156, 5, 6, 72, 51, 67, 162, 252, 188, 253,
       118, 137, 252, 81, 158, 179, 247, 165, 24, 115, 247, 78, 123, 129,
       246, 252, 18, 63, 79, 186, 51, 219, 251, 85, 127, 162, 241, 198,
       115, 109, 101, 106, 103, 116, 27, 126, 40, 105, 160, 107, 9, 219,
       41, 29, 176, 146, 76, 85, 111, 196, 240, 205, 14, 102, 253, 1, 21,
       70, 187, 90, 128, 140, 101, 120, 103, 114, 26, 127, 56, 56, 164,
       127, 169, 223, 87, 137, 16, 22, 93, 213, 238, 96, 208, 233, 78,
       231, 253, 37, 129, 98, 179, 7, 225, 92, 189, 255, 114, 155, 233,
       85, 199, 178, 183, 172, 56, 58, 247, 72, 26, 35, 243, 233, 16, 58,
       75, 186, 35, 251, 199, 85, 123, 224, 64, 166, 106, 1, 124, 83, 69,
       82, 90, 35, 48, 96, 192, 110, 104, 115, 23, 133, 52, 50, 124, 64,
       106, 65, 176, 49, 108, 37, 172, 32, 0, 107, 179, 98, 172, 237, 79,
       70, 7, 165, 26, 110, 172, 97, 160, 239, 200, 203, 96, 159, 215,
       50, 230, 236, 110, 236, 241, 205, 172, 166, 122, 69, 20, 103, 183,
       218, 4, 149, 6, 201, 87, 180, 42, 103, 152, 118, 226, 111, 244,
       211, 97, 153, 120, 51, 206, 44, 46, 185, 244, 109, 46, 238, 175,
       37, 4, 236, 243, 208, 32, 93, 207, 94, 103, 176, 26, 111, 188,
       100, 160, 238, 96, 255, 99, 145, 240, 50, 70, 76, 110, 233, 145,
       45, 47, 234, 239, 39, 20, 42, 179, 233, 32, 145, 142, 205, 27,
       144, 170, 101, 191, 118, 179, 107, 212, 211, 97, 154, 89, 113,
       206, 32, 28, 59, 252, 207, 55, 236, 166, 117, 68, 232, 208, 208,
       136, 77, 116, 149, 103, 161, 110, 119, 137, 121, 234, 107, 8, 222,
       115, 73, 190, 145, 86, 120, 42, 97, 240, 249, 42, 167, 255, 69, 6,
       202, 115, 195, 35, 69, 241, 185, 99, 180, 79, 103, 156, 122, 251,
       47, 8, 214, 113, 73, 42, 145, 92, 120, 122, 81, 112, 249, 50, 237,
       159, 37, 116, 200, 123, 211, 33, 37, 241, 49, 67, 93, 95, 199,
       172, 107, 240, 40, 8, 210, 80, 77, 180, 145, 92, 66, 122, 67, 48,
       121, 23, 45, 156, 5, 118, 90, 58, 66, 164, 221, 35, 150, 178, 168,
       60, 92, 156, 234, 187, 163, 89, 207, 226, 203, 219, 167, 199, 236,
       94, 158, 67, 139, 32, 218, 241, 119, 253, 160, 241, 171, 1, 22,
       229, 242, 199, 222, 11, 254, 232, 63, 162, 250, 138, 204, 238,
       125, 64, 127, 223, 255, 227, 224, 243, 203, 254, 188, 190, 207,
       156, 245, 127, 241, 129, 200, 168, 157, 250, 200, 237, 17, 135,
       134, 23, 96, 24, 183, 243, 96, 91, 193, 58, 106, 16, 50, 79, 218,
       49, 205, 162, 117, 120, 144, 72, 133, 170, 100, 97, 27, 126, 93,
       198, 167, 224, 224, 136, 232, 8, 84, 243, 41, 48, 216, 124, 90,
       106, 65, 163, 186, 108, 117, 172, 135, 8, 64, 51, 103, 162, 69,
       113, 17, 69, 113, 14, 102, 56, 120, 232, 107, 76, 222, 16, 9, 180,
       144, 76, 64, 110, 193, 240, 209, 78, 37, 188, 1, 6, 72, 51, 67, 3,
       208, 40, 185, 112, 8, 237, 17, 7, 226, 53, 164, 24, 150, 151, 64,
       58, 129, 23, 104, 16, 26, 111, 178, 1, 209, 129, 16, 121, 192, 0,
       7, 42, 116, 119, 154, 38, 88, 31, 22, 232, 18, 174, 185, 109, 102,
       240, 75, 18, 152, 205, 236, 115, 76, 227, 201, 10, 184, 231, 101,
       63, 72, 123, 14, 151, 84, 93, 7, 30, 89, 194, 39, 224, 180, 196,
       203, 4, 96, 230, 35, 85, 112, 228, 234, 226, 109, 131, 59, 46,
       177, 38, 71, 17, 8, 51, 37, 82, 124, 69, 208, 126, 11, 88, 86,
       168, 147, 134, 173, 169, 111, 227, 11, 210, 82, 244, 233, 98, 76,
       67, 202, 59, 243, 231, 69, 59, 114, 119, 78, 2, 92, 103, 112, 103,
       81, 91, 126, 56, 49, 160, 255, 8, 219, 99, 153, 148, 58, 220, 213,
       234, 104, 208, 201, 206, 103, 221, 37, 133, 99, 183, 78, 162, 237,
       207, 68, 71, 244, 26, 102, 172, 97, 160, 106, 136, 227, 96, 157,
       215, 50, 198, 104, 110, 108, 240, 205, 45, 36, 58, 69, 4, 102,
       183, 218, 4, 208, 160, 159, 116, 136, 232, 81, 27, 162, 183, 162,
       24, 151, 247, 64, 91, 1, 215, 109, 16, 58, 75, 171, 0, 217, 163,
       117, 120, 160, 192, 134, 114, 248, 169, 124, 112, 184, 201, 81,
       213, 226, 53, 164, 24, 55, 177, 64, 19, 128, 178, 236, 80, 58,
       107, 226, 49, 219, 193, 117, 121, 96, 136, 198, 42, 244, 100, 189,
       118, 136, 111, 71, 159, 242, 183, 169, 24, 211, 119, 73, 59, 129,
       214, 104, 58, 57, 101, 251, 34, 233, 207, 117, 60, 192, 113, 198,
       32, 45, 52, 189, 99, 229, 111, 115, 136, 123, 251, 47, 24, 214,
       125, 77, 58, 145, 92, 96, 122, 49, 116, 249, 18, 79, 223, 69, 119,
       194, 107, 71, 162, 77, 49, 157, 103, 161, 78, 119, 184, 121, 234,
       103, 8, 222, 113, 73, 186, 145, 84, 108, 106, 101, 240, 249, 106,
       167, 255, 69, 6, 202, 115, 67, 35, 45, 120, 185, 97, 52, 111, 83,
       152, 107, 250, 60, 8, 215, 21, 65, 58, 145, 92, 92, 122, 9, 116,
       249, 2, 207, 221, 37, 52, 194, 251, 70, 114, 226, 174, 196, 80,
       233, 173, 76, 223, 187, 27, 160, 89, 171, 235, 84, 155, 9, 162,
       109, 152, 58, 79, 130, 243, 26, 218, 213, 121, 194, 192, 202, 10,
       228, 188, 157, 90, 232, 45, 5, 207, 122, 59, 160, 92, 150, 51, 72,
       59, 129, 82, 74, 24, 51, 111, 218, 115, 157, 146, 85, 126, 216,
       89, 195, 42, 73, 253, 132, 19, 221, 157, 230, 189, 254, 251, 11,
       92, 244, 248, 90, 166, 129, 70, 122, 31, 231, 104, 219, 51, 45,
       30, 21, 116, 202, 94, 217, 76, 21, 65, 23, 101, 21, 79, 71, 104,
       118, 168, 235, 0, 83, 81, 41, 112, 120, 220, 40, 106, 105, 177,
       57, 30, 241, 174, 1, 4, 104, 59, 96, 34, 101, 99, 16, 7, 116, 30,
       102, 56, 121, 168, 123, 76, 211, 64, 157, 148, 148, 76, 68, 110,
       196, 176, 201, 12, 36, 188, 33, 132, 64, 179, 74, 133, 118, 247,
       152, 118, 169, 29, 22, 220, 187, 63, 45, 29, 110, 235, 78, 26,
       165, 87, 237, 70, 102, 99, 154, 51, 251, 255, 85, 63, 202, 243,
       139, 27, 44, 127, 156, 50, 217, 141, 150, 200, 155, 248, 169, 13,
       110, 252, 79, 154, 133, 123, 225, 83, 118, 99, 218, 58, 251, 151,
       5, 123, 200, 127, 11, 147, 252, 221, 216, 110, 155, 29, 23, 184,
       51, 54, 172, 12, 107, 243, 67, 210, 23, 212, 236, 98, 106, 67,
       219, 55, 251, 231, 69, 63, 123, 51, 14, 50, 52, 101, 88, 39, 87,
       10, 102, 168, 120, 164, 123, 11, 71, 105, 27, 16, 56, 205, 68, 99,
       76, 176, 153, 14, 247, 229, 37, 5, 105, 51, 75, 130, 60, 101, 122,
       101, 213, 82, 86, 232, 113, 164, 255, 40, 75, 51, 141, 180, 88,
       220, 196, 234, 104, 242, 233, 142, 115, 239, 133, 5, 99, 243, 110,
       162, 200, 188, 188, 59, 137, 253, 17, 135, 182, 95, 68, 25, 174,
       245, 66, 91, 129, 122, 234, 16, 54, 76, 250, 51, 207, 211, 85,
       123, 146, 68, 143, 218, 133, 166, 205, 119, 168, 42, 101, 159,
       246, 179, 103, 240, 211, 225, 216, 123, 3, 78, 106, 28, 51, 252,
       239, 51, 76, 175, 117, 68, 232, 240, 192, 160, 244, 253, 189, 118,
       136, 109, 71, 158, 242, 183, 169, 24, 215, 119, 73, 59, 145, 214,
       104, 122, 120, 101, 251, 34, 249, 143, 117, 60, 224, 115, 198, 50,
       224, 188, 255, 90, 234, 249, 81, 199, 251, 95, 165, 56, 50, 254,
       68, 59, 175, 179, 110, 16, 62, 111, 186, 115, 91, 154, 84, 123,
       193, 64, 198, 111, 87, 215, 70, 7, 18, 22, 174, 180, 45, 224, 203,
       231, 73, 102, 158, 198, 54, 69, 105, 239, 229, 145, 29, 206, 56,
       46, 143, 198, 111, 182, 169, 85, 52, 65, 23, 77, 21, 79, 70, 104,
       116, 160, 235, 0, 82, 209, 33, 240, 216, 220, 104, 106, 73, 177,
       25, 12, 161, 174, 1, 4, 72, 59, 96, 34, 148, 246, 121, 26, 250,
       225, 181, 206, 122, 95, 113, 55, 20, 220, 111, 9, 255, 11, 3, 51,
