%YAML:1.0
---
descriptors: !!opencv-matrix
   rows: 181
   cols: 32
   dt: u
   data: [ 228, 125, 189, 103, 169, 110, 71, 152, 122, 186, 47, 24, 214,
       119, 73, 59, 145, 84, 120, 122, 49, 208, 249, 34, 239, 255, 69,
       116, 200, 115, 199, 50, 120, 181, 249, 112, 219, 237, 81, 95, 227,
       53, 173, 24, 23, 183, 72, 58, 1, 154, 68, 16, 26, 107, 250, 17,
       219, 141, 21, 125, 224, 64, 198, 98, 108, 21, 185, 103, 149, 111,
       71, 184, 81, 236, 239, 8, 211, 117, 25, 114, 216, 220, 121, 122,
       9, 242, 249, 10, 237, 255, 197, 52, 192, 251, 86, 114, 124, 44,
       220, 112, 137, 109, 85, 223, 179, 183, 164, 25, 83, 243, 75, 27,
       9, 214, 109, 24, 58, 99, 218, 32, 219, 203, 117, 61, 227, 240,
       206, 34, 236, 209, 85, 78, 73, 92, 70, 188, 193, 66, 164, 72, 106,
       247, 140, 247, 16, 212, 232, 106, 73, 39, 251, 61, 49, 250, 69,
       58, 90, 186, 198, 60, 120, 184, 253, 114, 168, 253, 85, 159, 163,
       255, 172, 24, 51, 183, 66, 59, 5, 214, 108, 24, 27, 107, 250, 48,
       219, 235, 117, 125, 226, 192, 198, 115, 224, 181, 156, 218, 204,
       237, 69, 143, 218, 27, 169, 24, 182, 243, 72, 122, 129, 90, 106,
       24, 51, 111, 218, 51, 253, 178, 84, 124, 216, 88, 199, 42, 93, 69,
       125, 103, 20, 78, 71, 184, 100, 160, 235, 64, 211, 113, 25, 112,
       50, 196, 92, 106, 233, 176, 125, 46, 231, 175, 37, 20, 97, 243,
       64, 32, 96, 212, 149, 251, 157, 109, 64, 143, 91, 49, 170, 24,
       214, 51, 76, 114, 129, 23, 104, 16, 27, 104, 219, 19, 141, 182,
       84, 126, 208, 88, 196, 42, 224, 232, 157, 250, 200, 237, 21, 135,
       158, 23, 32, 24, 182, 243, 64, 91, 129, 114, 106, 24, 50, 76, 218,
       51, 205, 163, 84, 120, 144, 88, 135, 42, 96, 141, 28, 126, 139,
       72, 21, 174, 186, 62, 44, 9, 230, 51, 3, 83, 129, 118, 232, 66,
       96, 73, 219, 63, 227, 243, 84, 59, 80, 113, 6, 42, 120, 160, 189,
       116, 138, 232, 81, 7, 162, 23, 164, 24, 55, 183, 64, 27, 33, 182,
       108, 16, 58, 79, 162, 1, 217, 227, 116, 57, 224, 64, 134, 42, 109,
       97, 33, 101, 53, 31, 122, 56, 105, 232, 59, 73, 219, 29, 157, 176,
       148, 76, 125, 111, 204, 240, 233, 12, 231, 253, 33, 180, 66, 191,
       82, 103, 76, 117, 121, 101, 114, 74, 123, 56, 57, 164, 111, 136,
       223, 7, 139, 16, 54, 93, 205, 110, 65, 144, 241, 78, 231, 237, 33,
       4, 96, 179, 7, 112, 248, 138, 248, 120, 170, 169, 81, 87, 131, 61,
       164, 57, 39, 129, 66, 27, 9, 146, 204, 16, 26, 47, 194, 49, 219,
       193, 48, 121, 243, 200, 206, 43, 44, 52, 185, 65, 209, 127, 243,
       138, 123, 185, 47, 24, 214, 53, 69, 62, 145, 92, 64, 56, 17, 120,
       249, 18, 79, 221, 5, 119, 194, 107, 199, 162, 248, 188, 183, 112,
       233, 237, 81, 223, 179, 55, 164, 57, 47, 247, 72, 159, 167, 183,
       237, 16, 58, 79, 186, 49, 219, 211, 85, 123, 226, 192, 134, 235,
       248, 166, 48, 56, 233, 173, 88, 95, 187, 59, 176, 217, 191, 159,
       64, 27, 135, 183, 253, 20, 62, 79, 194, 179, 211, 249, 49, 249,
       162, 196, 130, 3, 188, 71, 78, 60, 136, 90, 69, 189, 212, 214,
       102, 148, 195, 225, 171, 103, 80, 102, 168, 106, 108, 245, 111,
       60, 226, 227, 101, 5, 114, 253, 220, 68, 69, 142, 92, 65, 176, 63,
       86, 186, 119, 47, 62, 124, 211, 96, 138, 112, 23, 198, 76, 60,
       190, 176, 109, 31, 238, 207, 37, 116, 250, 209, 200, 5, 228, 180,
       149, 210, 248, 173, 69, 143, 251, 59, 169, 88, 214, 240, 76, 63,
       129, 210, 106, 16, 59, 111, 218, 115, 189, 150, 85, 126, 208, 89,
       199, 42, 252, 76, 157, 246, 168, 108, 85, 186, 176, 186, 166, 56,
       247, 119, 1, 91, 135, 247, 108, 10, 104, 71, 203, 32, 211, 235,
       117, 29, 224, 241, 198, 35, 237, 113, 177, 103, 32, 14, 103, 184,
       104, 234, 119, 76, 223, 113, 201, 63, 148, 68, 116, 110, 193, 244,
       249, 8, 229, 250, 101, 4, 74, 179, 67, 113, 220, 197, 92, 244,
       138, 106, 84, 175, 180, 178, 166, 24, 87, 115, 8, 91, 33, 214,
       108, 234, 104, 197, 89, 47, 249, 227, 101, 21, 32, 240, 140, 10,
       192, 236, 157, 251, 136, 237, 21, 134, 182, 151, 96, 24, 183, 243,
       65, 91, 193, 122, 104, 24, 50, 76, 218, 51, 205, 163, 117, 120,
       144, 80, 135, 170, 252, 112, 156, 117, 40, 46, 80, 24, 224, 186,
       182, 88, 215, 19, 65, 59, 201, 212, 108, 90, 40, 100, 195, 0, 195,
       235, 117, 20, 200, 241, 66, 35, 252, 32, 189, 112, 139, 121, 81,
       135, 163, 183, 164, 24, 31, 183, 65, 27, 161, 215, 236, 16, 58,
       111, 186, 0, 219, 195, 85, 125, 224, 113, 134, 114, 10, 223, 22,
       187, 185, 137, 20, 166, 191, 29, 72, 229, 174, 242, 32, 212, 197,
       59, 238, 0, 71, 136, 66, 183, 168, 214, 28, 218, 26, 20, 141, 31,
       104, 118, 248, 113, 171, 121, 21, 158, 123, 191, 60, 56, 175, 57,
       207, 26, 135, 82, 237, 16, 34, 100, 235, 146, 207, 215, 117, 191,
       226, 216, 199, 107, 216, 170, 158, 112, 138, 168, 81, 7, 162, 151,
       164, 185, 39, 167, 66, 27, 33, 182, 237, 16, 58, 75, 130, 1, 219,
       227, 116, 121, 226, 192, 134, 42, 69, 97, 120, 103, 52, 15, 118,
       184, 105, 160, 111, 9, 215, 89, 29, 48, 146, 76, 89, 111, 196,
       176, 205, 12, 103, 253, 1, 5, 68, 179, 75, 2, 197, 134, 205, 27,
       236, 42, 101, 187, 118, 179, 99, 212, 211, 224, 216, 123, 67, 78,
       106, 28, 51, 252, 207, 51, 12, 170, 119, 68, 236, 224, 208, 160,
       108, 229, 57, 107, 153, 77, 71, 136, 98, 52, 173, 8, 242, 87, 73,
       50, 153, 88, 104, 122, 75, 98, 251, 53, 239, 221, 5, 124, 80, 51,
       70, 98, 205, 52, 157, 103, 161, 110, 119, 25, 121, 234, 47, 24,
       222, 115, 73, 59, 145, 84, 104, 42, 33, 244, 249, 2, 231, 255, 69,
       54, 200, 115, 195, 35, 240, 168, 255, 112, 10, 232, 81, 87, 162,
       23, 164, 152, 23, 135, 64, 27, 33, 178, 109, 24, 58, 79, 162, 0,
       217, 131, 112, 121, 224, 192, 6, 106, 108, 101, 64, 7, 148, 91,
       102, 168, 113, 228, 239, 137, 195, 96, 159, 148, 24, 204, 224,
       110, 76, 242, 237, 46, 174, 247, 5, 21, 103, 255, 222, 68, 124,
       162, 250, 112, 138, 169, 81, 219, 163, 181, 164, 185, 23, 199, 66,
       26, 35, 213, 237, 16, 26, 71, 138, 0, 219, 193, 53, 125, 224, 128,
       134, 114, 120, 34, 250, 112, 10, 169, 81, 87, 162, 181, 164, 185,
       23, 135, 66, 27, 39, 176, 205, 16, 24, 111, 160, 0, 219, 193, 112,
       121, 224, 128, 198, 122, 226, 174, 20, 120, 232, 173, 76, 87, 187,
       59, 168, 89, 174, 171, 64, 159, 167, 167, 125, 28, 50, 79, 194,
       243, 158, 250, 85, 250, 130, 192, 194, 139, 247, 184, 223, 18,
       234, 96, 1, 207, 186, 247, 160, 189, 4, 230, 206, 31, 79, 207, 96,
       148, 63, 79, 238, 96, 28, 2, 93, 254, 129, 96, 167, 245, 120, 241,
       249, 98, 169, 221, 85, 157, 227, 189, 173, 8, 31, 247, 72, 50,
       160, 214, 253, 88, 26, 107, 250, 49, 251, 205, 53, 125, 226, 146,
       198, 123, 116, 184, 149, 114, 137, 141, 69, 239, 251, 187, 160,
       88, 22, 241, 76, 59, 137, 211, 108, 16, 27, 107, 218, 49, 153,
       158, 85, 126, 208, 88, 194, 34, 165, 253, 149, 95, 204, 141, 167,
       252, 222, 19, 104, 88, 246, 241, 73, 49, 89, 90, 106, 74, 115,
       106, 218, 55, 109, 174, 103, 60, 216, 123, 195, 168, 61, 77, 83,
       101, 148, 78, 71, 184, 116, 160, 238, 64, 83, 113, 25, 244, 112,
       204, 12, 106, 105, 177, 25, 46, 233, 175, 37, 20, 107, 251, 112,
       32, 205, 117, 244, 7, 182, 15, 119, 184, 123, 228, 103, 12, 223,
       112, 155, 37, 22, 76, 116, 111, 225, 244, 253, 46, 108, 58, 69, 4,
       78, 191, 83, 117, 92, 14, 157, 246, 168, 44, 92, 178, 163, 187,
       163, 56, 255, 243, 73, 219, 135, 247, 237, 10, 56, 71, 203, 32,
       219, 235, 117, 25, 226, 241, 138, 3, 97, 177, 145, 97, 217, 45,
       80, 141, 107, 57, 41, 88, 214, 17, 76, 180, 145, 30, 104, 48, 27,
       112, 217, 17, 173, 220, 21, 118, 216, 74, 194, 6, 244, 140, 158,
       190, 152, 35, 23, 171, 180, 151, 166, 57, 119, 243, 35, 83, 193,
       246, 108, 50, 56, 207, 11, 46, 249, 227, 117, 81, 160, 97, 172, 2,
       3, 127, 251, 6, 242, 240, 190, 71, 232, 205, 124, 231, 40, 190,
