%YAML:1.0
---
descriptors: !!opencv-matrix
   rows: 196
   cols: 32
   dt: u
   data: [ 248, 168, 252, 112, 136, 233, 81, 71, 179, 55, 164, 56, 55,
       183, 64, 27, 1, 178, 237, 16, 58, 111, 226, 49, 219, 195, 116,
       121, 226, 192, 198, 106, 5, 117, 51, 69, 81, 79, 103, 56, 125,
       200, 106, 8, 254, 119, 5, 180, 144, 124, 80, 106, 193, 176, 113,
       78, 37, 188, 1, 2, 74, 51, 67, 179, 36, 241, 113, 65, 92, 79, 71,
       168, 74, 176, 45, 8, 214, 81, 73, 48, 145, 92, 64, 106, 65, 112,
       121, 28, 109, 156, 5, 52, 80, 59, 70, 162, 133, 255, 29, 199, 240,
       14, 111, 188, 124, 234, 126, 100, 245, 115, 153, 96, 55, 110, 54,
       110, 225, 208, 29, 110, 100, 174, 39, 128, 12, 242, 1, 185, 125,
       93, 125, 103, 176, 78, 111, 184, 97, 232, 191, 108, 83, 119, 137,
       114, 54, 212, 92, 106, 201, 176, 249, 44, 247, 233, 37, 148, 106,
       243, 66, 113, 29, 221, 63, 239, 180, 110, 79, 189, 52, 234, 254,
       96, 247, 119, 137, 112, 86, 246, 29, 106, 249, 144, 121, 63, 227,
       239, 39, 132, 40, 243, 192, 41, 104, 180, 180, 250, 157, 253, 80,
       15, 223, 123, 168, 24, 190, 185, 78, 56, 201, 27, 251, 0, 62, 111,
       242, 151, 203, 223, 84, 123, 210, 72, 198, 74, 252, 172, 252, 118,
       168, 109, 85, 255, 179, 190, 164, 25, 115, 247, 75, 27, 9, 246,
       109, 2, 120, 103, 218, 34, 219, 203, 117, 61, 227, 241, 206, 34,
       252, 44, 220, 118, 137, 109, 85, 223, 147, 191, 180, 25, 51, 241,
       75, 27, 9, 214, 237, 18, 106, 103, 218, 50, 219, 195, 117, 61,
       243, 249, 206, 10, 248, 56, 255, 116, 168, 252, 81, 87, 162, 31,
       164, 24, 51, 183, 66, 59, 1, 246, 236, 24, 26, 107, 178, 0, 219,
       235, 112, 57, 226, 192, 198, 123, 216, 11, 159, 116, 168, 12, 85,
       51, 160, 186, 166, 56, 87, 55, 1, 91, 167, 247, 108, 42, 120, 71,
       195, 0, 211, 235, 117, 24, 96, 240, 134, 35, 249, 188, 255, 112,
       137, 249, 81, 70, 226, 87, 164, 24, 59, 181, 66, 59, 1, 178, 248,
       24, 59, 111, 178, 49, 219, 203, 84, 121, 226, 64, 198, 106, 249,
       56, 189, 112, 137, 252, 81, 23, 226, 247, 164, 24, 63, 149, 66,
       59, 129, 246, 120, 24, 59, 111, 178, 32, 219, 233, 84, 121, 226,
       64, 198, 106, 220, 144, 189, 247, 172, 108, 89, 154, 191, 251,
       183, 56, 223, 247, 72, 123, 167, 215, 125, 24, 185, 77, 235, 0,
       219, 251, 119, 252, 162, 225, 135, 115, 216, 180, 189, 242, 169,
       237, 81, 223, 187, 127, 180, 24, 191, 255, 74, 59, 133, 151, 125,
       24, 59, 79, 250, 19, 219, 219, 117, 249, 130, 192, 134, 123, 232,
       188, 188, 120, 173, 253, 85, 223, 255, 127, 180, 24, 191, 253, 66,
       59, 141, 247, 253, 24, 187, 111, 250, 177, 219, 251, 85, 120, 210,
       200, 198, 123, 248, 188, 191, 120, 169, 253, 81, 215, 251, 127,
       180, 24, 191, 191, 66, 59, 133, 179, 253, 24, 187, 111, 242, 179,
       219, 219, 116, 123, 194, 72, 199, 123, 150, 237, 214, 191, 254,
       171, 254, 239, 191, 186, 242, 19, 239, 235, 53, 67, 255, 255, 127,
       131, 114, 255, 203, 255, 188, 250, 223, 158, 165, 120, 225, 139,
       221, 221, 28, 231, 36, 14, 127, 188, 60, 170, 215, 52, 215, 87,
       136, 83, 118, 213, 125, 106, 232, 212, 121, 46, 231, 235, 103,
       148, 40, 178, 129, 51, 69, 117, 17, 71, 81, 14, 102, 56, 120, 160,
       107, 76, 214, 113, 13, 48, 144, 76, 64, 106, 193, 176, 217, 78,
       101, 188, 1, 4, 72, 51, 67, 130, 205, 117, 17, 71, 241, 95, 55,
       168, 121, 234, 111, 8, 222, 112, 77, 180, 145, 92, 64, 106, 97,
       240, 249, 78, 47, 223, 5, 6, 74, 115, 203, 182, 208, 168, 189,
       116, 138, 104, 81, 19, 162, 183, 166, 24, 23, 183, 64, 91, 35,
       246, 109, 16, 26, 79, 162, 0, 219, 227, 117, 121, 160, 224, 6, 98,
       5, 117, 49, 69, 85, 95, 102, 184, 125, 232, 106, 72, 222, 113, 5,
       180, 144, 92, 80, 106, 193, 176, 121, 110, 39, 188, 1, 2, 72, 51,
       67, 176, 133, 93, 31, 103, 48, 14, 111, 188, 124, 202, 90, 100,
       245, 114, 145, 96, 54, 108, 54, 110, 225, 208, 121, 46, 228, 175,
       39, 128, 8, 243, 1, 185, 125, 93, 125, 103, 160, 78, 79, 184, 97,
       232, 191, 72, 211, 119, 153, 115, 22, 212, 124, 106, 201, 240,
       249, 44, 227, 233, 101, 148, 106, 243, 70, 113, 125, 93, 125, 102,
       176, 78, 79, 188, 97, 232, 190, 72, 215, 119, 137, 115, 54, 244,
       124, 106, 233, 161, 249, 46, 243, 237, 101, 148, 96, 243, 194, 49,
       148, 188, 153, 255, 180, 111, 111, 190, 54, 171, 127, 48, 215,
       247, 137, 64, 119, 95, 63, 58, 59, 244, 233, 62, 237, 231, 63,
       196, 164, 251, 133, 161, 212, 149, 57, 239, 180, 111, 79, 189, 52,
       170, 255, 64, 215, 119, 136, 112, 87, 214, 92, 106, 121, 176, 105,
       63, 233, 239, 39, 212, 32, 243, 132, 33, 236, 112, 189, 99, 45,
       109, 81, 152, 123, 251, 165, 24, 223, 93, 73, 59, 145, 208, 124,
       58, 43, 100, 251, 16, 207, 219, 97, 125, 194, 251, 70, 115, 104,
       180, 181, 250, 189, 237, 80, 31, 223, 123, 173, 24, 190, 253, 72,
       58, 137, 147, 253, 16, 59, 106, 122, 147, 207, 223, 80, 127, 210,
       72, 198, 34, 252, 188, 253, 246, 168, 110, 85, 191, 179, 191, 166,
       57, 87, 119, 72, 91, 7, 214, 109, 24, 56, 79, 251, 34, 217, 227,
       117, 116, 160, 240, 134, 123, 252, 172, 220, 114, 137, 109, 85,
       223, 147, 191, 180, 25, 51, 249, 75, 27, 9, 210, 237, 16, 58, 111,
       218, 50, 219, 215, 85, 127, 243, 249, 206, 10, 120, 184, 255, 120,
       168, 232, 81, 87, 162, 31, 164, 40, 59, 183, 66, 58, 37, 178, 237,
       16, 26, 107, 178, 1, 219, 203, 116, 121, 226, 192, 230, 123, 216,
       62, 151, 116, 169, 44, 84, 23, 179, 187, 178, 120, 159, 179, 65,
       219, 167, 247, 109, 0, 104, 71, 130, 32, 211, 243, 117, 186, 226,
       240, 131, 43, 100, 109, 19, 222, 93, 205, 199, 226, 218, 136, 233,
       8, 182, 242, 36, 176, 200, 251, 82, 75, 75, 43, 218, 127, 49, 188,
       6, 56, 80, 59, 226, 170, 101, 231, 0, 35, 180, 14, 102, 184, 104,
       168, 59, 72, 199, 96, 217, 16, 145, 76, 108, 127, 196, 240, 205,
       14, 172, 156, 37, 84, 64, 179, 210, 1, 143, 117, 56, 71, 240, 14,
       127, 184, 61, 170, 127, 96, 220, 119, 141, 52, 150, 93, 119, 106,
       225, 212, 233, 78, 103, 255, 47, 134, 66, 243, 3, 161, 77, 117,
       17, 69, 21, 14, 102, 184, 121, 232, 106, 76, 214, 49, 21, 180,
       144, 76, 64, 110, 193, 240, 249, 12, 39, 188, 5, 6, 74, 51, 67,
       33, 69, 99, 16, 5, 85, 15, 102, 56, 104, 168, 99, 76, 214, 0, 25,
       52, 144, 68, 68, 110, 193, 240, 209, 12, 37, 152, 37, 4, 72, 179,
       83, 1, 248, 230, 126, 114, 138, 201, 85, 109, 178, 53, 165, 185,
       71, 199, 74, 17, 35, 147, 237, 144, 122, 79, 138, 21, 251, 195,
       117, 125, 226, 130, 134, 98, 248, 176, 189, 248, 41, 253, 81, 90,
       191, 95, 180, 24, 191, 191, 64, 123, 133, 147, 253, 16, 58, 111,
       242, 17, 219, 219, 112, 123, 194, 192, 70, 123, 232, 188, 180,
       248, 237, 253, 85, 223, 223, 251, 180, 24, 191, 253, 86, 123, 201,
       242, 255, 24, 186, 111, 242, 179, 223, 219, 85, 123, 210, 92, 214,
       123, 248, 188, 190, 248, 173, 253, 81, 215, 255, 127, 180, 24,
       191, 191, 66, 59, 141, 179, 253, 24, 58, 111, 242, 147, 219, 219,
       84, 123, 210, 72, 198, 123, 150, 173, 214, 191, 254, 171, 252,
       238, 191, 187, 242, 18, 238, 234, 112, 75, 255, 239, 127, 129,
       114, 255, 203, 255, 188, 178, 223, 214, 165, 120, 225, 137, 197,
       114, 213, 101, 36, 14, 103, 152, 120, 170, 115, 76, 215, 113, 217,
       59, 22, 68, 108, 110, 225, 244, 217, 42, 100, 186, 101, 4, 72,
       243, 66, 33, 212, 174, 156, 114, 170, 169, 21, 207, 178, 55, 172,
       185, 23, 231, 74, 27, 167, 215, 237, 16, 58, 79, 138, 51, 249,
       131, 117, 125, 224, 80, 134, 99, 252, 174, 253, 114, 170, 233, 21,
       215, 178, 183, 164, 184, 23, 167, 64, 27, 35, 215, 237, 16, 58,
       79, 170, 50, 219, 195, 117, 125, 224, 192, 134, 107, 240, 170,
       255, 112, 138, 233, 81, 215, 179, 23, 164, 185, 55, 231, 64, 27,
       35, 178, 109, 16, 58, 79, 162, 51, 219, 195, 113, 121, 224, 192,
