%YAML:1.0
---
descriptors: !!opencv-matrix
   rows: 286
   cols: 32
   dt: u
   data: [ 205, 84, 157, 119, 160, 110, 101, 190, 56, 250, 34, 88, 215,
       115, 9, 123, 149, 116, 124, 42, 97, 212, 249, 42, 229, 251, 117,
       20, 136, 113, 67, 48, 108, 225, 189, 114, 137, 109, 87, 140, 115,
       191, 164, 24, 210, 119, 73, 58, 145, 86, 104, 90, 58, 98, 251, 51,
       235, 223, 69, 127, 192, 115, 198, 98, 45, 125, 17, 69, 117, 95,
       230, 188, 125, 224, 106, 72, 222, 17, 5, 180, 144, 92, 80, 106,
       193, 240, 113, 78, 37, 188, 5, 4, 74, 51, 67, 176, 37, 117, 17,
       65, 85, 79, 102, 184, 105, 232, 43, 72, 210, 81, 77, 182, 144, 92,
       64, 122, 65, 240, 121, 12, 47, 156, 5, 52, 72, 59, 66, 160, 32,
       225, 57, 109, 24, 77, 83, 152, 66, 52, 45, 8, 243, 85, 9, 48, 24,
       24, 64, 106, 10, 34, 123, 29, 101, 141, 1, 61, 80, 43, 70, 226,
       149, 95, 25, 103, 176, 14, 111, 188, 116, 234, 127, 100, 247, 115,
       129, 112, 54, 110, 60, 110, 225, 144, 125, 46, 228, 239, 37, 128,
       40, 243, 129, 57, 125, 93, 125, 102, 168, 78, 79, 188, 96, 232,
       190, 72, 83, 119, 137, 115, 20, 212, 124, 106, 201, 163, 121, 44,
       243, 233, 101, 148, 104, 243, 66, 57, 253, 112, 253, 118, 44, 77,
       87, 152, 99, 250, 181, 24, 83, 221, 73, 59, 21, 212, 124, 122,
       233, 103, 251, 0, 211, 203, 101, 60, 227, 243, 70, 115, 124, 176,
       189, 114, 173, 125, 81, 154, 91, 255, 173, 24, 159, 253, 73, 58,
       137, 152, 253, 16, 26, 99, 251, 18, 219, 223, 81, 127, 210, 73,
       70, 115, 252, 112, 189, 114, 40, 109, 81, 216, 243, 187, 165, 24,
       87, 215, 73, 59, 145, 212, 124, 122, 43, 103, 251, 2, 219, 203,
       117, 60, 224, 243, 70, 51, 104, 181, 180, 250, 173, 253, 84, 47,
       223, 27, 172, 24, 190, 253, 72, 59, 201, 19, 253, 0, 58, 107, 242,
       147, 251, 223, 84, 123, 82, 72, 198, 42, 224, 188, 157, 218, 236,
       237, 69, 143, 222, 59, 160, 24, 182, 243, 72, 123, 129, 210, 106,
       24, 51, 111, 218, 115, 221, 146, 85, 124, 216, 72, 199, 42, 93,
       69, 125, 103, 146, 78, 71, 184, 100, 160, 171, 8, 215, 115, 9,
       115, 50, 212, 124, 106, 105, 160, 121, 44, 237, 235, 101, 20, 96,
       179, 64, 32, 208, 140, 92, 245, 146, 106, 71, 175, 52, 162, 166,
       16, 115, 115, 0, 81, 49, 246, 77, 160, 120, 205, 89, 62, 249, 227,
       229, 17, 32, 96, 196, 42, 96, 245, 145, 107, 157, 109, 84, 143,
       127, 59, 40, 24, 182, 51, 76, 114, 145, 150, 104, 16, 27, 104,
       219, 147, 173, 214, 20, 126, 208, 88, 198, 42, 54, 69, 246, 239,
       252, 43, 238, 232, 125, 162, 251, 2, 205, 234, 61, 81, 251, 207,
       127, 227, 232, 243, 73, 238, 190, 254, 199, 20, 133, 123, 241,
       129, 148, 69, 25, 99, 20, 79, 71, 168, 118, 160, 235, 8, 83, 81,
       25, 112, 49, 220, 8, 106, 105, 176, 121, 30, 249, 142, 5, 20, 112,
       187, 64, 32, 244, 188, 189, 118, 137, 232, 85, 143, 187, 243, 163,
       24, 119, 247, 72, 123, 129, 247, 252, 16, 59, 79, 186, 51, 219,
       243, 85, 127, 160, 112, 134, 122, 69, 117, 17, 71, 21, 15, 103,
       184, 120, 224, 107, 76, 214, 49, 9, 52, 144, 76, 104, 110, 193,
       240, 185, 12, 229, 188, 5, 6, 72, 51, 67, 34, 112, 164, 249, 114,
       139, 217, 85, 239, 243, 183, 164, 24, 115, 252, 78, 50, 153, 214,
       236, 0, 126, 107, 234, 51, 251, 207, 85, 127, 97, 64, 198, 106,
       197, 113, 149, 69, 32, 14, 103, 48, 104, 234, 51, 108, 214, 49,
       193, 59, 144, 84, 108, 106, 193, 244, 241, 8, 229, 186, 101, 2,
       72, 114, 67, 51, 72, 182, 156, 123, 170, 169, 17, 159, 190, 31,
       36, 56, 166, 163, 194, 27, 135, 18, 238, 16, 50, 76, 203, 51, 204,
       151, 118, 123, 208, 64, 143, 59, 252, 204, 156, 126, 139, 41, 23,
       172, 186, 54, 173, 25, 110, 227, 74, 83, 161, 82, 232, 66, 98, 71,
       138, 51, 251, 227, 85, 63, 240, 115, 143, 10, 92, 112, 188, 230,
       44, 76, 89, 24, 175, 184, 183, 40, 223, 223, 73, 123, 166, 213,
       125, 122, 11, 65, 251, 0, 219, 249, 99, 156, 32, 163, 3, 35, 1,
       124, 83, 77, 66, 94, 39, 52, 96, 200, 110, 104, 114, 18, 133, 52,
       50, 124, 64, 106, 65, 180, 177, 108, 37, 168, 32, 0, 107, 179, 98,
       188, 129, 142, 207, 59, 132, 171, 101, 159, 118, 19, 98, 208, 243,
       225, 152, 73, 99, 110, 42, 24, 59, 252, 79, 51, 76, 170, 119, 64,
       248, 208, 208, 168, 205, 112, 149, 101, 33, 30, 103, 56, 121, 234,
       54, 76, 223, 115, 201, 191, 182, 68, 108, 110, 225, 244, 241, 8,
       231, 251, 101, 6, 74, 178, 75, 33, 205, 120, 149, 101, 33, 46,
       119, 148, 105, 234, 38, 76, 222, 49, 65, 191, 130, 68, 124, 106,
       225, 244, 241, 40, 199, 251, 101, 2, 74, 113, 67, 51, 193, 174,
       151, 155, 236, 169, 229, 207, 254, 19, 161, 216, 181, 226, 224,
       75, 99, 98, 106, 24, 51, 109, 206, 115, 140, 2, 215, 104, 148,
       200, 195, 168, 129, 142, 135, 155, 236, 169, 228, 143, 254, 19,
       98, 208, 181, 226, 208, 91, 99, 106, 106, 28, 51, 124, 207, 115,
       140, 2, 247, 72, 156, 208, 193, 168, 237, 121, 157, 103, 164, 14,
       103, 184, 96, 170, 47, 76, 211, 113, 89, 51, 144, 68, 108, 110,
       201, 240, 249, 40, 229, 249, 101, 20, 72, 251, 210, 32, 236, 180,
       189, 99, 169, 111, 83, 9, 123, 191, 37, 24, 222, 117, 72, 59, 145,
       20, 232, 50, 48, 116, 249, 18, 207, 211, 69, 119, 194, 107, 199,
       98, 236, 180, 189, 99, 141, 111, 83, 136, 122, 251, 39, 24, 214,
       117, 73, 59, 145, 84, 104, 122, 49, 116, 249, 18, 207, 219, 69,
       119, 192, 123, 199, 34, 84, 166, 156, 112, 170, 233, 21, 135, 178,
       183, 174, 185, 135, 167, 65, 26, 39, 215, 237, 144, 26, 75, 170,
       96, 217, 199, 117, 125, 160, 80, 135, 115, 205, 117, 148, 103,
       161, 126, 119, 184, 121, 232, 103, 8, 222, 113, 9, 187, 144, 84,
       120, 106, 229, 240, 249, 110, 231, 251, 69, 6, 202, 115, 67, 50,
       244, 172, 254, 114, 168, 173, 85, 214, 178, 159, 164, 25, 55, 247,
       66, 27, 1, 242, 109, 24, 58, 111, 218, 35, 219, 203, 117, 121,
       224, 208, 198, 59, 69, 112, 145, 71, 65, 77, 119, 8, 104, 224, 33,
       8, 222, 16, 73, 58, 144, 92, 96, 122, 65, 240, 185, 64, 69, 152,
       69, 38, 200, 115, 67, 167, 77, 85, 16, 197, 49, 30, 118, 56, 125,
       168, 111, 68, 222, 51, 9, 116, 214, 93, 60, 106, 193, 144, 121,
       78, 231, 255, 39, 6, 10, 51, 9, 33, 100, 113, 57, 103, 16, 15, 67,
       24, 97, 172, 173, 8, 211, 83, 9, 16, 16, 92, 68, 106, 8, 48, 249,
       10, 231, 157, 33, 52, 66, 179, 70, 162, 248, 186, 247, 118, 171,
       232, 85, 223, 179, 23, 164, 57, 47, 247, 64, 31, 39, 247, 237, 16,
       58, 79, 170, 99, 219, 243, 85, 59, 226, 212, 134, 107, 248, 172,
       127, 112, 138, 201, 81, 103, 179, 21, 164, 56, 55, 151, 64, 27,
       35, 178, 109, 16, 122, 111, 162, 53, 219, 195, 116, 121, 226, 128,
       198, 170, 37, 241, 49, 67, 93, 79, 67, 184, 66, 112, 41, 8, 210,
       85, 73, 180, 153, 92, 64, 106, 67, 48, 249, 21, 45, 156, 1, 116,
       82, 59, 70, 160, 253, 113, 253, 102, 40, 78, 87, 184, 97, 250,
       183, 72, 83, 117, 217, 59, 22, 212, 124, 106, 201, 103, 251, 40,
       243, 233, 101, 60, 107, 179, 70, 113, 216, 188, 191, 176, 41, 237,
       80, 71, 187, 95, 164, 57, 47, 191, 66, 26, 165, 179, 237, 16, 62,
       79, 146, 3, 219, 211, 80, 123, 160, 64, 134, 91, 124, 48, 185, 99,
       173, 109, 81, 152, 107, 255, 189, 24, 223, 95, 75, 58, 153, 208,
       253, 56, 27, 102, 251, 16, 219, 223, 49, 125, 210, 203, 70, 115,
       252, 173, 252, 118, 169, 109, 85, 189, 179, 191, 165, 24, 115,
       247, 73, 27, 9, 246, 236, 10, 120, 79, 234, 32, 219, 203, 117, 61,
       226, 241, 198, 98, 104, 177, 188, 114, 173, 237, 81, 43, 255, 61,
       173, 24, 222, 253, 72, 58, 129, 147, 253, 16, 26, 107, 251, 17,
       223, 219, 81, 127, 210, 72, 198, 2, 221, 46, 148, 48, 169, 60, 64,
       158, 250, 187, 170, 92, 207, 242, 75, 251, 135, 199, 108, 20, 188,
       79, 203, 34, 152, 255, 119, 254, 130, 117, 139, 5, 120, 184, 255,
       114, 169, 237, 81, 87, 226, 189, 164, 24, 59, 191, 64, 58, 163,
