%YAML:1.0
---
descriptors: !!opencv-matrix
   rows: 365
   cols: 32
   dt: u
   data: [ 126, 237, 242, 207, 252, 43, 254, 252, 111, 162, 255, 130,
       237, 239, 221, 68, 127, 255, 127, 235, 192, 179, 207, 252, 254,
       255, 239, 180, 183, 251, 241, 129, 119, 237, 250, 238, 246, 25,
       254, 252, 111, 160, 255, 10, 127, 234, 253, 48, 127, 239, 31, 235,
       217, 51, 237, 251, 254, 205, 175, 236, 245, 251, 224, 33, 53, 237,
       234, 238, 244, 171, 239, 252, 87, 193, 253, 10, 115, 235, 187,
       112, 126, 234, 23, 254, 218, 187, 44, 189, 250, 205, 167, 168,
       245, 251, 242, 232, 221, 180, 189, 240, 169, 108, 89, 31, 187,
       255, 151, 24, 223, 191, 72, 123, 183, 151, 125, 49, 187, 77, 251,
       130, 219, 219, 127, 222, 130, 192, 135, 115, 230, 188, 148, 255,
       237, 237, 92, 159, 191, 187, 176, 24, 238, 249, 92, 91, 193, 115,
       255, 17, 58, 108, 218, 243, 143, 222, 85, 123, 210, 88, 214, 139,
       230, 236, 214, 159, 253, 47, 238, 239, 63, 179, 242, 18, 236, 234,
       28, 89, 219, 239, 127, 131, 114, 255, 219, 255, 189, 190, 223,
       148, 149, 120, 243, 138, 44, 180, 189, 123, 157, 125, 81, 153, 91,
       61, 165, 24, 223, 125, 74, 59, 153, 146, 225, 24, 26, 98, 251, 17,
       207, 219, 81, 127, 210, 72, 198, 226, 108, 112, 185, 99, 45, 111,
       83, 152, 99, 255, 175, 24, 215, 85, 73, 58, 145, 84, 125, 58, 11,
       100, 249, 2, 207, 223, 69, 53, 194, 251, 70, 114, 77, 85, 61, 103,
       48, 78, 111, 184, 100, 232, 63, 64, 215, 119, 137, 112, 20, 84,
       92, 106, 233, 176, 121, 14, 229, 255, 37, 148, 72, 179, 64, 49,
       13, 85, 121, 103, 176, 78, 111, 184, 116, 232, 123, 64, 215, 119,
       137, 112, 86, 92, 28, 106, 233, 144, 121, 46, 229, 239, 37, 132,
       72, 243, 64, 49, 197, 221, 157, 103, 164, 14, 102, 184, 124, 186,
       35, 80, 215, 115, 137, 115, 149, 70, 124, 110, 225, 212, 219, 42,
       169, 170, 101, 20, 200, 243, 193, 49, 252, 164, 188, 114, 137,
       109, 85, 137, 178, 183, 165, 25, 87, 243, 73, 27, 129, 210, 232,
       18, 58, 103, 218, 51, 219, 195, 85, 127, 242, 121, 198, 2, 228,
       109, 61, 103, 188, 79, 71, 188, 96, 170, 174, 8, 215, 119, 9, 51,
       153, 84, 108, 106, 105, 96, 249, 42, 237, 251, 101, 20, 64, 123,
       70, 106, 241, 188, 247, 118, 171, 253, 84, 87, 251, 123, 180, 120,
       59, 189, 198, 63, 163, 247, 124, 0, 191, 111, 178, 49, 219, 218,
       116, 187, 235, 192, 198, 127, 77, 174, 192, 99, 176, 62, 110, 191,
       118, 179, 110, 196, 203, 98, 218, 244, 21, 78, 172, 30, 219, 120,
       255, 51, 174, 239, 53, 100, 170, 214, 200, 44, 85, 5, 93, 101,
       150, 78, 111, 56, 100, 160, 43, 0, 211, 49, 1, 112, 50, 212, 120,
       106, 73, 176, 93, 14, 231, 175, 37, 20, 96, 243, 64, 32, 252, 197,
       124, 103, 8, 74, 71, 168, 113, 162, 166, 8, 215, 115, 9, 115, 18,
       212, 104, 106, 105, 240, 89, 44, 229, 235, 69, 20, 96, 243, 68,
       34, 28, 253, 159, 103, 145, 102, 71, 252, 54, 164, 234, 0, 83,
       115, 33, 112, 121, 254, 72, 234, 120, 217, 57, 46, 233, 239, 5, 4,
       160, 115, 228, 34, 224, 172, 157, 255, 232, 237, 5, 143, 158, 19,
       32, 24, 182, 179, 64, 123, 129, 83, 106, 24, 50, 110, 210, 51,
       205, 178, 84, 56, 144, 72, 135, 168, 209, 140, 189, 53, 60, 107,
       205, 63, 234, 247, 146, 24, 247, 61, 16, 43, 135, 103, 124, 41,
       176, 237, 237, 44, 233, 235, 117, 80, 196, 168, 133, 104, 228, 44,
       172, 180, 156, 109, 65, 6, 178, 235, 142, 25, 247, 189, 83, 58,
       129, 230, 125, 25, 41, 77, 251, 42, 201, 199, 253, 49, 128, 104,
       214, 106, 242, 254, 188, 222, 169, 112, 93, 206, 179, 191, 132,
       184, 110, 231, 66, 95, 135, 214, 237, 2, 120, 79, 170, 187, 187,
       243, 93, 191, 34, 241, 134, 123, 38, 181, 150, 154, 249, 237, 148,
       239, 159, 63, 169, 61, 70, 240, 108, 158, 153, 3, 234, 17, 54,
       107, 218, 83, 57, 22, 93, 127, 216, 76, 142, 151, 36, 101, 113,
       111, 252, 11, 86, 168, 95, 176, 57, 40, 198, 121, 205, 52, 159,
       89, 71, 98, 226, 34, 75, 191, 38, 222, 5, 62, 84, 251, 66, 135,
       108, 117, 252, 103, 250, 14, 95, 184, 59, 236, 255, 169, 223, 119,
       139, 16, 23, 85, 253, 110, 104, 208, 233, 110, 239, 255, 37, 132,
       34, 247, 6, 241, 129, 138, 199, 25, 64, 168, 96, 23, 246, 19, 98,
       212, 179, 128, 208, 75, 99, 46, 106, 28, 35, 220, 199, 17, 12,
       162, 114, 64, 168, 128, 192, 136, 1, 138, 159, 153, 108, 169, 104,
       7, 254, 19, 66, 80, 181, 163, 192, 75, 99, 42, 106, 28, 51, 220,
       135, 17, 140, 138, 114, 64, 152, 192, 161, 136, 120, 168, 223,
       112, 136, 237, 80, 87, 162, 81, 172, 8, 55, 179, 66, 58, 161, 162,
       125, 24, 26, 75, 146, 49, 219, 205, 116, 121, 224, 194, 206, 74,
       129, 170, 159, 249, 236, 169, 105, 23, 238, 25, 114, 80, 181, 163,
       240, 75, 35, 42, 110, 28, 51, 220, 131, 17, 76, 138, 114, 64, 152,
       128, 161, 169, 1, 170, 159, 153, 108, 169, 233, 23, 238, 25, 82,
       112, 181, 163, 240, 107, 99, 34, 106, 28, 19, 92, 131, 81, 76,
       138, 114, 104, 152, 128, 161, 169, 1, 170, 159, 157, 104, 169,
       105, 23, 230, 27, 114, 84, 177, 163, 240, 107, 3, 42, 46, 28, 147,
       252, 7, 49, 76, 170, 114, 192, 152, 192, 225, 169, 65, 170, 27,
       153, 108, 169, 233, 83, 238, 17, 66, 212, 181, 131, 240, 74, 66,
       42, 74, 28, 3, 77, 198, 81, 196, 128, 50, 40, 24, 128, 33, 168,
       129, 2, 79, 153, 104, 169, 97, 71, 238, 19, 96, 212, 181, 130,
       240, 75, 99, 34, 106, 24, 51, 77, 135, 17, 196, 128, 114, 104,
       152, 128, 227, 168, 38, 223, 18, 190, 249, 201, 22, 228, 159, 140,
       233, 45, 230, 248, 36, 144, 201, 107, 226, 67, 110, 99, 74, 63,
       169, 182, 5, 59, 80, 123, 206, 142, 129, 138, 207, 57, 164, 170,
       105, 23, 118, 19, 98, 244, 179, 131, 208, 121, 3, 46, 46, 28, 51,
       252, 7, 19, 204, 235, 114, 64, 184, 192, 193, 168, 188, 205, 126,
       239, 182, 11, 111, 252, 116, 160, 247, 2, 247, 75, 185, 97, 126,
       237, 95, 234, 248, 247, 109, 63, 248, 233, 167, 148, 53, 187, 224,
       160, 220, 20, 252, 247, 172, 46, 91, 24, 188, 186, 183, 48, 223,
       119, 137, 91, 247, 213, 125, 46, 184, 229, 235, 130, 195, 251, 99,
       148, 164, 227, 1, 97, 220, 180, 188, 240, 168, 108, 89, 25, 187,
       251, 151, 52, 223, 127, 202, 123, 183, 149, 125, 48, 185, 69, 251,
       128, 219, 251, 127, 212, 128, 224, 135, 115, 200, 188, 188, 243,
       169, 253, 93, 159, 251, 59, 182, 24, 190, 191, 64, 59, 133, 87,
       253, 24, 186, 109, 251, 241, 223, 219, 119, 127, 194, 80, 131, 59,
       232, 188, 180, 250, 173, 173, 84, 159, 255, 187, 180, 24, 238,
       249, 92, 27, 137, 114, 255, 16, 178, 111, 218, 179, 143, 219, 85,
       122, 210, 216, 211, 11, 232, 176, 184, 122, 141, 93, 85, 191, 91,
       63, 165, 24, 222, 125, 72, 57, 217, 146, 237, 16, 122, 110, 251,
       151, 207, 223, 85, 127, 210, 8, 198, 2, 182, 172, 214, 223, 252,
       171, 252, 207, 63, 179, 242, 18, 237, 235, 148, 91, 251, 239, 127,
       145, 50, 255, 203, 255, 190, 254, 223, 244, 151, 248, 243, 137,
       84, 221, 29, 231, 176, 15, 79, 188, 52, 170, 158, 64, 215, 119,
       137, 80, 55, 214, 125, 234, 105, 208, 121, 46, 233, 239, 39, 148,
       32, 243, 129, 49, 84, 85, 61, 231, 168, 78, 87, 184, 32, 168, 191,
       72, 215, 119, 137, 115, 22, 212, 125, 106, 201, 208, 249, 12, 229,
       235, 101, 148, 32, 243, 70, 49, 236, 113, 189, 103, 168, 78, 87,
       152, 113, 254, 183, 8, 215, 87, 73, 59, 144, 212, 124, 106, 105,
       116, 249, 8, 231, 249, 101, 52, 64, 179, 70, 115, 197, 220, 157,
       103, 168, 78, 103, 184, 112, 250, 163, 92, 215, 115, 9, 115, 17,
       84, 124, 106, 225, 228, 249, 42, 229, 171, 101, 20, 200, 243, 67,
       33, 120, 188, 59, 112, 25, 237, 81, 71, 235, 21, 172, 24, 54, 183,
       68, 48, 129, 58, 104, 24, 18, 107, 178, 55, 219, 221, 16, 123,
       194, 0, 198, 106, 244, 112, 189, 103, 136, 110, 71, 152, 98, 187,
       167, 24, 215, 119, 73, 59, 17, 212, 108, 122, 57, 101, 251, 0,
