%YAML:1.0
---
descriptors: !!opencv-matrix
   rows: 111
   cols: 32
   dt: u
   data: [ 253, 120, 253, 227, 41, 115, 91, 152, 39, 242, 165, 8, 223,
       87, 73, 59, 95, 213, 253, 250, 43, 70, 251, 176, 219, 219, 229,
       189, 186, 179, 6, 114, 125, 115, 121, 100, 48, 95, 83, 56, 97,
       232, 191, 108, 91, 87, 137, 48, 22, 220, 204, 106, 201, 163, 249,
       12, 243, 205, 33, 148, 98, 179, 70, 113, 222, 188, 189, 242, 169,
       236, 25, 151, 187, 127, 146, 28, 190, 191, 68, 123, 135, 87, 125,
       21, 179, 77, 251, 247, 217, 219, 127, 254, 128, 64, 135, 123, 120,
       168, 188, 122, 137, 253, 80, 207, 179, 61, 164, 25, 46, 247, 104,
       154, 129, 242, 232, 16, 26, 107, 202, 51, 219, 215, 21, 127, 210,
       72, 206, 42, 213, 48, 181, 178, 173, 45, 80, 159, 251, 251, 146,
       121, 222, 184, 201, 187, 133, 215, 253, 17, 189, 101, 203, 160,
       155, 210, 117, 254, 200, 125, 131, 23, 54, 109, 246, 175, 221, 79,
       254, 232, 191, 166, 251, 3, 206, 254, 45, 80, 251, 253, 255, 227,
       108, 243, 155, 254, 191, 254, 143, 55, 21, 127, 255, 134, 237,
       252, 189, 115, 173, 188, 117, 183, 251, 251, 182, 24, 255, 125,
       72, 43, 141, 70, 125, 26, 187, 108, 251, 163, 207, 251, 117, 116,
       194, 217, 194, 123, 86, 233, 250, 239, 124, 11, 255, 252, 47, 160,
       254, 2, 255, 235, 29, 80, 254, 237, 127, 235, 200, 179, 201, 239,
       254, 253, 175, 136, 101, 186, 96, 1, 189, 100, 95, 255, 52, 11,
       107, 248, 52, 242, 247, 82, 215, 67, 153, 113, 126, 204, 95, 234,
       233, 244, 109, 30, 244, 171, 227, 132, 101, 185, 98, 161, 197, 20,
       253, 245, 172, 46, 125, 27, 189, 250, 247, 112, 215, 55, 137, 123,
       103, 22, 124, 44, 185, 212, 99, 10, 199, 251, 115, 148, 130, 248,
       193, 97, 205, 188, 189, 118, 173, 253, 85, 191, 250, 251, 180, 24,
       254, 255, 79, 59, 133, 115, 253, 24, 179, 109, 250, 115, 203, 219,
       119, 120, 202, 112, 199, 123, 236, 113, 253, 103, 172, 79, 95,
       184, 33, 238, 183, 40, 211, 117, 217, 51, 156, 212, 253, 106, 105,
       224, 249, 40, 227, 217, 101, 180, 66, 251, 86, 113, 54, 175, 198,
       159, 223, 155, 190, 239, 191, 183, 250, 147, 238, 234, 46, 212,
       251, 239, 239, 129, 126, 251, 207, 255, 188, 54, 143, 55, 255,
       124, 251, 134, 255, 125, 6, 180, 139, 95, 94, 108, 149, 246, 150,
       159, 79, 108, 35, 15, 220, 229, 236, 231, 108, 231, 31, 138, 240,
       211, 197, 151, 107, 124, 8, 86, 118, 237, 54, 174, 221, 79, 254,
       232, 63, 164, 251, 11, 206, 255, 45, 208, 249, 253, 255, 227, 104,
       227, 219, 254, 191, 246, 143, 63, 83, 127, 127, 130, 54, 101, 86,
       239, 253, 79, 254, 232, 63, 160, 251, 2, 206, 250, 61, 80, 250,
       205, 127, 227, 104, 243, 217, 254, 183, 254, 143, 55, 117, 59,
       119, 130, 190, 100, 214, 239, 254, 11, 238, 248, 63, 162, 251, 2,
       207, 234, 61, 65, 251, 205, 127, 227, 104, 247, 201, 254, 190,
       255, 207, 180, 117, 251, 115, 128, 182, 101, 246, 239, 126, 15,
       254, 232, 63, 162, 251, 2, 205, 234, 61, 81, 254, 205, 127, 227,
       232, 247, 217, 254, 183, 255, 207, 180, 117, 251, 115, 128, 98,
       172, 214, 159, 236, 171, 236, 239, 63, 179, 242, 18, 236, 234, 92,
       90, 255, 239, 127, 145, 50, 251, 203, 243, 188, 190, 223, 236,
       149, 88, 227, 136, 102, 172, 214, 223, 236, 169, 252, 207, 191,
       187, 243, 18, 236, 234, 92, 91, 255, 239, 127, 145, 50, 251, 203,
       243, 156, 62, 223, 236, 149, 120, 227, 137, 109, 113, 49, 101, 33,
       95, 119, 56, 105, 172, 127, 44, 222, 21, 137, 182, 146, 84, 236,
       106, 193, 240, 249, 12, 231, 217, 33, 20, 66, 179, 70, 99, 204,
       188, 189, 118, 173, 253, 85, 191, 251, 251, 180, 24, 254, 255, 72,
       59, 133, 115, 253, 24, 179, 109, 250, 115, 219, 219, 119, 62, 194,
       112, 199, 123, 205, 188, 189, 115, 168, 44, 117, 151, 251, 251,
       182, 88, 223, 63, 64, 123, 133, 87, 125, 24, 177, 109, 251, 98,
       207, 251, 118, 212, 192, 208, 195, 59, 222, 184, 189, 242, 169,
       237, 25, 151, 186, 127, 148, 28, 191, 255, 72, 59, 135, 115, 253,
       17, 179, 77, 250, 243, 219, 211, 127, 250, 128, 80, 135, 123, 218,
       188, 189, 250, 169, 237, 25, 159, 187, 95, 132, 25, 191, 255, 106,
       59, 133, 115, 253, 17, 59, 79, 250, 179, 219, 211, 125, 251, 146,
       64, 135, 123, 216, 188, 191, 250, 169, 237, 85, 223, 187, 255,
       164, 24, 254, 255, 106, 59, 133, 243, 253, 16, 187, 79, 186, 179,
       219, 219, 85, 127, 210, 64, 135, 123, 205, 20, 189, 241, 168, 46,
       125, 159, 191, 251, 182, 112, 159, 55, 192, 123, 135, 87, 125, 24,
       177, 205, 243, 66, 207, 251, 118, 212, 128, 240, 129, 59, 149, 4,
       125, 245, 36, 43, 125, 58, 116, 186, 247, 80, 215, 99, 153, 123,
       119, 148, 127, 170, 169, 244, 105, 14, 198, 235, 115, 148, 36,
       225, 64, 33, 208, 168, 151, 112, 136, 173, 1, 71, 170, 183, 160,
       24, 182, 147, 64, 27, 165, 51, 121, 24, 18, 79, 146, 65, 217, 128,
       90, 120, 192, 0, 131, 40, 243, 190, 255, 253, 160, 175, 253, 151,
       63, 123, 246, 252, 255, 255, 148, 121, 255, 255, 127, 29, 187,
       252, 227, 243, 222, 251, 255, 192, 205, 192, 195, 121, 253, 112,
       252, 99, 41, 127, 87, 152, 99, 254, 165, 12, 223, 95, 75, 59, 159,
       213, 253, 114, 169, 103, 251, 48, 219, 219, 101, 55, 234, 243, 78,
       115, 252, 176, 188, 250, 173, 125, 80, 152, 251, 127, 181, 24,
       223, 127, 74, 187, 217, 145, 253, 50, 63, 103, 251, 145, 219, 219,
       65, 127, 219, 207, 206, 83, 118, 229, 54, 174, 221, 79, 246, 232,
       63, 164, 251, 11, 78, 254, 45, 208, 248, 253, 239, 227, 76, 227,
       219, 254, 191, 246, 143, 63, 81, 127, 111, 194, 118, 237, 178,
       174, 221, 91, 246, 236, 63, 164, 250, 11, 110, 254, 39, 212, 249,
       255, 239, 227, 108, 171, 203, 255, 191, 246, 143, 59, 83, 127,
       239, 206, 248, 186, 157, 112, 169, 252, 80, 211, 163, 123, 164,
       125, 63, 151, 66, 63, 167, 247, 236, 16, 159, 79, 186, 33, 219,
       211, 113, 123, 234, 128, 142, 123, 182, 100, 214, 239, 127, 15,
       238, 232, 63, 162, 243, 2, 207, 234, 61, 65, 251, 205, 127, 227,
       104, 247, 217, 254, 183, 254, 207, 180, 117, 251, 115, 128, 182,
       164, 246, 239, 254, 43, 238, 232, 191, 178, 251, 18, 207, 234, 61,
       91, 251, 207, 127, 163, 184, 247, 203, 222, 190, 250, 207, 180,
       229, 250, 243, 128, 109, 97, 120, 101, 49, 30, 118, 56, 105, 160,
       111, 8, 219, 81, 137, 176, 18, 212, 108, 106, 192, 176, 249, 12,
       231, 253, 33, 21, 98, 179, 74, 35, 220, 188, 189, 243, 169, 236,
       89, 151, 187, 219, 182, 56, 190, 247, 72, 123, 135, 119, 125, 24,
       187, 77, 251, 243, 203, 219, 127, 250, 128, 208, 135, 123, 204,
       156, 189, 243, 168, 108, 125, 151, 187, 59, 182, 48, 159, 55, 72,
       123, 135, 87, 125, 24, 179, 77, 251, 34, 207, 251, 118, 212, 128,
       208, 193, 59, 144, 100, 94, 253, 52, 11, 123, 120, 52, 162, 246,
       18, 247, 75, 145, 81, 126, 237, 95, 234, 104, 244, 73, 14, 244,
       235, 235, 132, 36, 185, 97, 161, 204, 20, 253, 245, 172, 46, 125,
       27, 188, 186, 247, 48, 223, 51, 129, 91, 167, 7, 125, 40, 184,
       212, 97, 10, 198, 251, 115, 148, 160, 241, 193, 33, 139, 182, 253,
       253, 100, 175, 249, 90, 63, 251, 118, 246, 253, 63, 148, 105, 255,
       191, 63, 157, 163, 252, 103, 211, 206, 251, 251, 196, 143, 200,
       97, 249, 93, 159, 189, 231, 188, 62, 95, 191, 108, 234, 190, 108,
       255, 127, 146, 115, 151, 231, 125, 46, 249, 217, 233, 46, 234,
       255, 103, 148, 12, 251, 129, 121, 125, 255, 189, 231, 168, 78, 95,
       188, 33, 238, 190, 76, 223, 119, 75, 115, 148, 214, 125, 110, 201,
       193, 249, 40, 227, 249, 101, 176, 40, 243, 130, 115, 233, 188,
       189, 250, 173, 253, 85, 159, 251, 251, 180, 24, 190, 249, 72, 59,
       129, 115, 125, 24, 59, 111, 250, 179, 203, 223, 85, 124, 210, 88,
       195, 43, 253, 84, 25, 108, 57, 47, 83, 56, 19, 238, 229, 77, 211,
       83, 3, 217, 209, 140, 108, 46, 41, 6, 251, 31, 195, 251, 97, 60,
