%YAML:1.0
---
descriptors: !!opencv-matrix
   rows: 250
   cols: 32
   dt: u
   data: [ 37, 113, 17, 67, 213, 79, 103, 184, 107, 240, 43, 8, 210, 81,
       77, 180, 145, 92, 64, 122, 65, 112, 121, 30, 109, 156, 5, 52, 194,
       59, 70, 160, 120, 161, 152, 114, 153, 109, 80, 143, 163, 53, 172,
       25, 142, 151, 74, 26, 129, 211, 233, 16, 26, 75, 218, 49, 219,
       209, 21, 127, 192, 64, 142, 10, 213, 38, 216, 87, 148, 62, 110,
       154, 119, 174, 127, 80, 67, 96, 223, 253, 49, 206, 44, 190, 172,
       212, 237, 42, 174, 255, 101, 133, 170, 245, 232, 5, 252, 184, 253,
       112, 168, 253, 81, 222, 163, 255, 164, 24, 59, 247, 66, 59, 5,
       246, 237, 24, 58, 111, 250, 49, 219, 203, 117, 125, 226, 192, 198,
       123, 133, 223, 31, 103, 176, 14, 111, 188, 124, 234, 94, 100, 213,
       115, 145, 96, 55, 110, 62, 110, 225, 216, 125, 46, 236, 175, 39,
       132, 8, 242, 129, 185, 252, 188, 253, 118, 136, 111, 69, 191, 178,
       182, 164, 24, 115, 119, 72, 27, 1, 246, 109, 42, 120, 111, 251,
       42, 251, 203, 117, 60, 224, 240, 198, 42, 253, 113, 253, 103, 168,
       78, 87, 184, 97, 250, 167, 72, 215, 85, 201, 59, 148, 212, 124,
       106, 201, 98, 249, 40, 231, 217, 101, 52, 104, 179, 66, 113, 81,
       5, 125, 103, 176, 78, 79, 57, 108, 160, 171, 64, 247, 115, 8, 112,
       54, 214, 92, 106, 249, 144, 89, 46, 239, 239, 37, 20, 104, 226,
       192, 32, 85, 93, 125, 103, 176, 78, 79, 184, 97, 232, 191, 76, 87,
       119, 137, 115, 54, 212, 92, 106, 233, 129, 121, 46, 243, 239, 101,
       148, 104, 243, 66, 49, 125, 93, 125, 103, 176, 78, 79, 188, 100,
       232, 190, 68, 247, 119, 137, 112, 22, 246, 92, 106, 233, 129, 121,
       46, 227, 239, 37, 148, 40, 243, 64, 113, 172, 48, 189, 99, 173,
       125, 83, 152, 91, 255, 181, 24, 222, 93, 79, 59, 153, 80, 253, 58,
       59, 102, 251, 18, 207, 219, 65, 127, 194, 107, 70, 115, 220, 94,
       189, 244, 168, 46, 85, 190, 160, 186, 182, 56, 87, 119, 1, 91,
       135, 215, 109, 34, 104, 101, 235, 32, 211, 235, 117, 148, 32, 241,
       198, 43, 236, 180, 188, 115, 173, 253, 81, 153, 255, 127, 165, 24,
       222, 125, 74, 59, 153, 18, 255, 24, 58, 110, 123, 147, 207, 223,
       81, 127, 210, 74, 198, 98, 212, 141, 92, 245, 146, 74, 95, 175,
       180, 166, 166, 16, 247, 99, 1, 83, 51, 215, 77, 170, 104, 197, 73,
       46, 235, 227, 101, 21, 32, 240, 132, 42, 236, 180, 149, 99, 141,
       109, 84, 189, 127, 59, 163, 88, 222, 121, 72, 251, 145, 22, 108,
       48, 59, 96, 219, 151, 143, 219, 85, 118, 210, 74, 194, 2, 192,
       156, 157, 255, 136, 172, 21, 167, 150, 23, 96, 24, 183, 243, 96,
       89, 193, 122, 41, 24, 50, 76, 218, 51, 205, 163, 117, 120, 144,
       88, 135, 42, 166, 173, 246, 223, 236, 171, 254, 255, 191, 179,
       251, 18, 237, 235, 93, 75, 127, 239, 127, 147, 176, 255, 203, 255,
       190, 254, 223, 254, 199, 249, 227, 137, 69, 245, 149, 67, 145, 12,
       102, 157, 122, 185, 43, 84, 214, 114, 72, 114, 149, 70, 104, 60,
       211, 112, 217, 67, 173, 190, 37, 100, 200, 114, 195, 33, 120, 56,
       216, 120, 105, 173, 80, 87, 131, 61, 164, 25, 47, 137, 66, 154,
       136, 178, 205, 16, 30, 47, 210, 49, 211, 209, 48, 121, 242, 136,
       206, 11, 84, 165, 185, 114, 155, 233, 17, 203, 178, 181, 173, 24,
       31, 247, 72, 58, 163, 155, 232, 16, 26, 107, 186, 114, 217, 199,
       21, 127, 224, 65, 135, 98, 246, 236, 134, 26, 137, 233, 20, 206,
       159, 183, 128, 25, 102, 240, 104, 31, 201, 247, 232, 17, 126, 79,
       218, 50, 185, 18, 93, 123, 144, 124, 174, 14, 93, 16, 188, 247,
       172, 108, 89, 152, 175, 250, 183, 40, 223, 255, 75, 123, 199, 85,
       125, 26, 185, 69, 251, 128, 203, 251, 119, 220, 138, 225, 11, 115,
       88, 176, 188, 240, 40, 92, 89, 26, 187, 123, 182, 60, 159, 191,
       74, 123, 135, 149, 125, 24, 186, 73, 243, 144, 219, 251, 115, 253,
       130, 128, 15, 115, 248, 184, 188, 120, 173, 253, 81, 91, 251, 127,
       180, 24, 191, 191, 66, 123, 133, 179, 253, 24, 186, 111, 242, 147,
       219, 251, 112, 121, 210, 200, 206, 123, 232, 188, 180, 248, 173,
       253, 85, 223, 255, 191, 190, 25, 191, 253, 68, 27, 201, 247, 255,
       16, 186, 111, 242, 179, 219, 219, 87, 123, 210, 76, 214, 123, 232,
       188, 188, 248, 173, 253, 81, 87, 251, 127, 180, 25, 191, 189, 66,
       59, 205, 179, 253, 16, 186, 111, 242, 147, 219, 251, 84, 123, 210,
       200, 206, 91, 205, 112, 149, 118, 105, 124, 81, 152, 249, 250,
       167, 24, 222, 115, 73, 191, 129, 85, 108, 122, 33, 100, 251, 66,
       215, 251, 69, 54, 202, 115, 3, 51, 105, 7, 149, 103, 36, 14, 103,
       56, 104, 170, 107, 76, 215, 33, 144, 51, 176, 68, 108, 110, 241,
       240, 217, 15, 165, 255, 101, 20, 72, 226, 194, 33, 228, 244, 189,
       119, 144, 111, 71, 190, 114, 178, 43, 24, 215, 119, 72, 59, 145,
       86, 104, 122, 59, 116, 249, 50, 233, 191, 69, 52, 192, 115, 198,
       34, 212, 44, 189, 112, 138, 232, 81, 23, 178, 183, 164, 152, 55,
       183, 64, 27, 39, 247, 109, 152, 58, 77, 178, 34, 217, 131, 117,
       120, 224, 192, 134, 122, 240, 186, 255, 120, 170, 233, 81, 215,
       182, 31, 164, 185, 55, 135, 64, 27, 7, 179, 237, 16, 58, 79, 162,
       51, 217, 195, 112, 121, 224, 192, 134, 123, 120, 158, 252, 122,
       174, 233, 81, 151, 195, 63, 180, 56, 51, 53, 66, 27, 9, 178, 236,
       16, 26, 111, 226, 49, 219, 203, 116, 121, 243, 200, 198, 43, 45,
       245, 53, 71, 157, 95, 198, 172, 95, 240, 44, 8, 214, 124, 76, 164,
       145, 90, 74, 99, 99, 112, 121, 63, 47, 223, 5, 55, 82, 123, 214,
       166, 205, 117, 157, 103, 177, 14, 103, 184, 121, 234, 111, 12,
       222, 113, 9, 50, 145, 70, 120, 110, 225, 240, 249, 46, 239, 255,
       5, 4, 74, 115, 195, 48, 5, 93, 27, 103, 176, 14, 111, 184, 116,
       234, 126, 100, 247, 119, 145, 112, 54, 108, 60, 110, 225, 144,
       121, 46, 228, 239, 39, 128, 104, 243, 1, 57, 120, 184, 253, 112,
       169, 205, 81, 214, 162, 191, 164, 8, 59, 247, 64, 59, 129, 246,
       253, 24, 58, 111, 250, 49, 219, 203, 117, 121, 226, 192, 198, 107,
       224, 189, 157, 250, 200, 205, 5, 143, 206, 27, 160, 24, 182, 243,
       72, 123, 193, 114, 106, 24, 115, 107, 218, 51, 237, 163, 119, 120,
       216, 72, 131, 170, 93, 133, 93, 103, 146, 78, 71, 184, 100, 160,
       171, 64, 215, 115, 8, 112, 50, 212, 124, 106, 105, 129, 121, 46,
       237, 239, 37, 20, 96, 163, 192, 32, 93, 85, 125, 103, 176, 78, 79,
       188, 96, 232, 191, 100, 247, 119, 137, 114, 54, 212, 124, 106,
       233, 129, 121, 46, 241, 239, 37, 148, 40, 243, 196, 113, 252, 56,
       157, 116, 169, 44, 84, 159, 163, 187, 176, 120, 127, 183, 65, 91,
       135, 247, 253, 0, 56, 71, 218, 32, 211, 235, 117, 58, 226, 112,
       134, 59, 236, 112, 189, 99, 45, 111, 83, 152, 123, 255, 165, 24,
       223, 93, 73, 59, 145, 84, 124, 122, 43, 100, 251, 18, 207, 219,
       101, 116, 194, 251, 70, 115, 149, 149, 57, 239, 180, 46, 79, 188,
       52, 170, 223, 112, 215, 119, 137, 112, 87, 222, 93, 106, 249, 144,
       105, 63, 233, 239, 39, 212, 160, 243, 129, 33, 125, 213, 61, 231,
       184, 78, 95, 188, 32, 168, 191, 72, 247, 119, 137, 115, 22, 214,
       124, 106, 233, 129, 249, 47, 243, 237, 37, 148, 32, 243, 192, 49,
       132, 252, 255, 255, 172, 43, 255, 254, 62, 186, 242, 240, 247,
       231, 217, 89, 255, 127, 127, 27, 179, 244, 203, 51, 236, 175, 255,
       132, 164, 249, 129, 177, 216, 76, 20, 180, 168, 42, 92, 167, 160,
       182, 162, 120, 207, 35, 1, 219, 131, 247, 109, 42, 104, 69, 203,
       36, 208, 227, 119, 24, 32, 240, 135, 9, 104, 188, 176, 254, 157,
       253, 84, 167, 219, 91, 172, 24, 190, 189, 68, 50, 201, 186, 249,
       16, 90, 107, 242, 179, 235, 223, 20, 59, 210, 92, 214, 10, 69,
       102, 145, 39, 160, 46, 110, 152, 121, 170, 43, 68, 223, 98, 201,
       218, 151, 69, 108, 126, 133, 208, 201, 72, 172, 255, 103, 4, 136,
       243, 11, 1, 69, 99, 56, 69, 52, 14, 103, 56, 104, 168, 119, 76,
       211, 1, 153, 48, 144, 76, 76, 110, 192, 176, 201, 12, 100, 189,
