%YAML:1.0
---
descriptors: !!opencv-matrix
   rows: 232
   cols: 32
   dt: u
   data: [ 237, 113, 61, 101, 32, 78, 119, 56, 105, 232, 55, 8, 215, 53,
       9, 51, 148, 84, 124, 106, 225, 240, 249, 8, 231, 249, 101, 20, 66,
       179, 70, 115, 76, 229, 124, 103, 114, 10, 127, 184, 56, 164, 111,
       137, 223, 119, 136, 16, 22, 93, 245, 110, 96, 208, 201, 110, 231,
       207, 37, 133, 102, 179, 7, 99, 197, 92, 157, 103, 128, 46, 103,
       184, 120, 170, 43, 76, 214, 115, 137, 123, 149, 68, 108, 106, 97,
       244, 217, 42, 229, 191, 101, 4, 72, 243, 67, 33, 9, 57, 123, 69,
       115, 207, 187, 48, 109, 72, 126, 8, 190, 21, 132, 180, 182, 57,
       87, 104, 193, 184, 48, 77, 103, 157, 32, 128, 66, 130, 71, 249,
       116, 69, 93, 103, 21, 79, 71, 40, 118, 160, 171, 10, 83, 113, 9,
       112, 49, 212, 72, 106, 104, 176, 121, 30, 241, 143, 5, 20, 113,
       123, 68, 34, 69, 245, 157, 103, 137, 78, 23, 168, 122, 242, 43, 8,
       246, 115, 73, 51, 145, 84, 120, 106, 97, 96, 251, 47, 173, 190,
       69, 54, 72, 115, 67, 50, 252, 36, 252, 116, 136, 109, 85, 31, 179,
       182, 164, 24, 83, 167, 65, 27, 9, 214, 237, 8, 56, 103, 251, 2,
       219, 203, 117, 61, 227, 240, 70, 42, 224, 188, 156, 218, 200, 237,
       69, 143, 218, 59, 160, 24, 246, 243, 72, 91, 129, 82, 106, 8, 51,
       111, 218, 51, 221, 146, 85, 124, 216, 88, 195, 42, 125, 205, 93,
       103, 152, 74, 71, 188, 96, 160, 171, 8, 247, 115, 9, 115, 50, 212,
       108, 106, 105, 160, 89, 44, 229, 235, 101, 20, 96, 243, 66, 32,
       252, 72, 253, 118, 168, 110, 85, 190, 176, 178, 166, 24, 87, 119,
       9, 123, 135, 215, 109, 42, 104, 101, 203, 42, 209, 235, 117, 20,
       96, 241, 198, 43, 248, 164, 222, 122, 137, 233, 81, 79, 179, 23,
       164, 25, 39, 227, 98, 27, 201, 178, 225, 16, 58, 79, 202, 51, 219,
       195, 80, 121, 243, 192, 238, 138, 101, 36, 157, 87, 236, 111, 101,
       139, 122, 187, 35, 24, 210, 113, 73, 59, 145, 86, 104, 58, 49,
       112, 251, 2, 77, 158, 85, 52, 200, 96, 194, 32, 96, 176, 57, 83,
       137, 205, 81, 143, 107, 121, 163, 24, 150, 151, 72, 60, 129, 26,
       104, 24, 19, 108, 251, 113, 205, 156, 20, 126, 208, 0, 198, 42,
       248, 172, 223, 114, 136, 232, 81, 215, 162, 23, 164, 25, 55, 231,
       64, 27, 33, 246, 109, 24, 58, 79, 130, 33, 217, 227, 116, 120,
       224, 192, 134, 42, 201, 244, 189, 247, 161, 76, 125, 183, 56, 255,
       7, 20, 254, 55, 10, 123, 133, 87, 125, 12, 241, 220, 249, 35, 239,
       255, 118, 0, 138, 240, 131, 123, 100, 113, 49, 71, 112, 79, 67,
       184, 96, 236, 107, 8, 210, 86, 201, 52, 16, 92, 84, 106, 193, 240,
       249, 40, 37, 188, 33, 52, 64, 51, 70, 113, 60, 177, 248, 98, 236,
       77, 83, 216, 194, 189, 189, 8, 27, 83, 75, 26, 25, 210, 197, 122,
       90, 99, 218, 48, 123, 205, 37, 125, 243, 155, 206, 162, 124, 32,
       216, 98, 200, 45, 81, 216, 34, 191, 173, 25, 19, 83, 75, 26, 17,
       220, 69, 58, 26, 99, 218, 0, 219, 201, 37, 125, 224, 243, 78, 130,
       244, 112, 57, 122, 8, 77, 85, 204, 130, 54, 161, 9, 182, 221, 73,
       27, 137, 145, 105, 99, 74, 103, 218, 49, 209, 145, 65, 63, 80, 59,
       6, 114, 197, 113, 17, 71, 81, 78, 102, 188, 121, 200, 98, 72, 222,
       17, 13, 181, 144, 92, 80, 106, 65, 240, 249, 108, 37, 184, 5, 6,
       74, 51, 67, 176, 193, 116, 252, 85, 52, 31, 119, 180, 123, 234,
       55, 108, 215, 113, 155, 53, 55, 68, 116, 106, 229, 244, 93, 46,
       110, 255, 101, 20, 78, 187, 75, 17, 124, 177, 253, 114, 168, 237,
       81, 223, 226, 253, 165, 8, 27, 247, 72, 59, 1, 150, 236, 24, 27,
       107, 250, 16, 219, 203, 117, 125, 226, 194, 198, 99, 252, 38, 220,
       167, 168, 42, 78, 136, 115, 182, 167, 153, 215, 99, 75, 91, 147,
       196, 108, 126, 60, 70, 205, 10, 218, 227, 101, 53, 160, 243, 74,
       2, 100, 188, 157, 90, 200, 173, 5, 159, 250, 59, 160, 92, 182,
       243, 72, 27, 129, 82, 106, 24, 51, 111, 218, 113, 221, 146, 85,
       126, 216, 88, 131, 170, 60, 173, 155, 127, 148, 231, 71, 255, 118,
       131, 234, 16, 243, 243, 40, 112, 89, 238, 32, 26, 121, 250, 91,
       62, 233, 239, 117, 76, 248, 250, 224, 42, 212, 4, 92, 246, 138,
       106, 77, 173, 180, 178, 167, 24, 87, 99, 9, 91, 35, 214, 109, 170,
       120, 197, 75, 44, 249, 227, 117, 21, 160, 241, 204, 34, 2, 126,
       250, 20, 210, 248, 180, 71, 234, 207, 124, 231, 44, 252, 231, 152,
       191, 123, 130, 17, 135, 251, 166, 74, 50, 20, 62, 171, 205, 84,
       47, 223, 228, 109, 31, 126, 93, 196, 135, 228, 242, 128, 224, 8,
       246, 243, 33, 49, 200, 120, 106, 74, 97, 99, 250, 63, 117, 178, 7,
       24, 64, 59, 103, 162, 101, 101, 88, 103, 116, 11, 238, 168, 121,
       160, 107, 9, 211, 105, 29, 16, 146, 76, 65, 107, 68, 240, 201, 46,
       102, 253, 5, 21, 100, 179, 90, 2, 120, 164, 222, 122, 137, 233,
       81, 207, 179, 23, 164, 25, 39, 243, 74, 27, 201, 178, 233, 16, 58,
       107, 218, 49, 219, 211, 84, 123, 243, 64, 230, 10, 248, 172, 254,
       112, 138, 233, 81, 223, 162, 181, 164, 25, 55, 247, 64, 26, 33,
       178, 109, 24, 26, 75, 178, 51, 217, 195, 117, 121, 224, 192, 198,
       106, 248, 236, 189, 126, 169, 237, 85, 175, 178, 23, 164, 24, 182,
       247, 72, 27, 129, 242, 236, 2, 122, 79, 250, 51, 251, 243, 84, 57,
       210, 80, 198, 106, 93, 120, 147, 116, 41, 124, 100, 2, 235, 186,
       162, 8, 190, 179, 65, 254, 160, 116, 108, 10, 9, 101, 147, 0, 147,
       249, 85, 58, 202, 113, 67, 42, 229, 160, 177, 81, 233, 237, 97,
       143, 122, 121, 35, 24, 150, 144, 76, 56, 145, 30, 104, 24, 19,
       124, 251, 18, 141, 156, 21, 126, 192, 0, 195, 34, 69, 113, 49, 71,
       112, 78, 103, 184, 104, 236, 111, 8, 210, 85, 137, 52, 20, 92, 80,
       106, 193, 176, 249, 44, 101, 188, 33, 36, 64, 179, 70, 241, 73,
       252, 157, 126, 137, 252, 85, 158, 187, 95, 44, 28, 254, 247, 11,
       59, 149, 83, 252, 10, 35, 69, 186, 123, 227, 255, 84, 58, 138, 80,
       135, 123, 100, 96, 216, 98, 232, 111, 87, 216, 34, 174, 173, 8,
       83, 115, 75, 26, 25, 220, 69, 122, 8, 114, 200, 0, 251, 141, 37,
       53, 227, 243, 198, 163, 44, 229, 16, 90, 221, 81, 214, 232, 211,
       21, 173, 8, 106, 240, 78, 148, 217, 218, 194, 114, 110, 99, 234,
       151, 59, 214, 5, 127, 82, 95, 254, 134, 232, 188, 189, 122, 169,
       237, 85, 191, 243, 23, 172, 24, 247, 247, 72, 59, 129, 210, 236,
       0, 122, 111, 250, 51, 235, 247, 85, 127, 210, 80, 198, 42, 240,
       236, 222, 112, 170, 201, 85, 215, 178, 183, 164, 185, 55, 163, 66,
       27, 35, 179, 237, 16, 122, 79, 130, 51, 218, 131, 117, 121, 224,
       192, 142, 10, 237, 117, 177, 103, 185, 79, 71, 168, 123, 234, 47,
       8, 214, 117, 73, 48, 144, 84, 104, 106, 97, 240, 249, 58, 231,
       222, 5, 54, 66, 123, 70, 34, 116, 101, 88, 39, 85, 74, 230, 168,
       120, 160, 107, 13, 71, 73, 27, 16, 184, 205, 68, 99, 76, 240, 153,
       14, 247, 229, 37, 5, 105, 51, 75, 130, 44, 253, 144, 50, 249, 237,
       150, 200, 158, 251, 41, 93, 206, 248, 76, 154, 133, 123, 227, 87,
       55, 99, 90, 50, 107, 215, 13, 127, 216, 127, 139, 147, 65, 184,
       158, 115, 234, 172, 169, 214, 186, 19, 116, 252, 181, 243, 192,
       59, 167, 127, 114, 24, 147, 120, 154, 97, 76, 185, 126, 232, 200,
       209, 139, 169, 226, 170, 214, 240, 233, 173, 72, 215, 171, 27,
       160, 93, 46, 131, 84, 31, 165, 163, 109, 156, 58, 79, 146, 241,
       31, 218, 84, 250, 130, 192, 202, 8, 194, 245, 156, 54, 233, 45,
       28, 132, 187, 123, 41, 157, 110, 239, 78, 27, 167, 87, 237, 6, 38,
       73, 154, 99, 250, 223, 85, 191, 200, 86, 139, 155, 124, 177, 253,
       98, 169, 205, 81, 89, 227, 185, 165, 8, 31, 247, 72, 58, 128, 214,
       253, 80, 26, 107, 218, 0, 219, 201, 101, 127, 226, 130, 198, 35,
       112, 184, 157, 114, 136, 173, 65, 207, 235, 187, 168, 72, 182,
       241, 76, 58, 129, 211, 108, 16, 27, 107, 218, 113, 153, 150, 85,
       126, 216, 90, 195, 43, 125, 141, 95, 103, 148, 78, 71, 185, 97,
       160, 174, 8, 115, 113, 9, 112, 112, 230, 108, 106, 105, 161, 121,
