%YAML:1.0
---
descriptors: !!opencv-matrix
   rows: 365
   cols: 32
   dt: u
   data: [ 221, 84, 189, 231, 44, 46, 107, 152, 188, 250, 183, 34, 223,
       115, 153, 123, 119, 213, 124, 106, 169, 197, 235, 42, 208, 235,
       227, 148, 36, 251, 1, 97, 221, 52, 188, 247, 168, 46, 93, 25, 251,
       251, 183, 56, 223, 115, 219, 123, 167, 196, 124, 60, 184, 101,
       235, 0, 203, 251, 103, 148, 128, 226, 195, 97, 221, 52, 189, 227,
       168, 110, 93, 25, 171, 251, 183, 124, 223, 127, 72, 123, 167, 149,
       125, 57, 185, 65, 251, 128, 203, 251, 111, 244, 138, 226, 135,
       115, 73, 188, 188, 115, 169, 189, 117, 159, 251, 123, 166, 28,
       190, 55, 66, 59, 133, 87, 124, 24, 186, 109, 251, 241, 207, 219,
       119, 126, 130, 81, 131, 123, 198, 236, 246, 191, 238, 43, 124,
       206, 127, 179, 242, 26, 237, 234, 45, 91, 247, 239, 127, 19, 178,
       255, 139, 255, 188, 254, 95, 254, 133, 249, 241, 137, 162, 172,
       246, 223, 220, 43, 236, 239, 127, 179, 251, 26, 238, 234, 60, 89,
       123, 239, 127, 176, 176, 251, 203, 255, 190, 62, 223, 252, 149,
       248, 243, 136, 232, 189, 180, 250, 157, 221, 85, 239, 219, 21,
       172, 24, 170, 191, 98, 50, 201, 147, 233, 16, 58, 107, 242, 179,
       235, 251, 20, 123, 210, 76, 214, 42, 131, 173, 246, 255, 252, 171,
       252, 239, 127, 179, 250, 154, 239, 238, 28, 105, 255, 239, 127,
       145, 190, 255, 207, 247, 190, 255, 223, 202, 213, 252, 224, 141,
       84, 86, 61, 231, 176, 78, 79, 184, 52, 234, 191, 100, 215, 119,
       137, 112, 23, 212, 125, 106, 169, 144, 105, 46, 233, 239, 37, 148,
       160, 243, 4, 115, 236, 113, 189, 103, 32, 78, 87, 184, 97, 170,
       183, 8, 215, 119, 73, 59, 148, 212, 124, 106, 105, 240, 249, 40,
       231, 249, 101, 52, 96, 243, 70, 115, 236, 116, 185, 101, 37, 111,
       83, 24, 107, 238, 39, 8, 215, 85, 73, 59, 145, 84, 124, 58, 9,
       244, 249, 10, 207, 217, 101, 52, 194, 251, 70, 115, 77, 85, 61,
       101, 48, 78, 103, 56, 96, 232, 111, 68, 215, 119, 137, 115, 150,
       68, 124, 110, 161, 176, 121, 76, 229, 255, 39, 4, 72, 243, 67, 49,
       197, 94, 157, 119, 164, 46, 102, 184, 252, 186, 163, 80, 215, 115,
       9, 123, 149, 86, 108, 110, 225, 244, 219, 42, 129, 174, 101, 20,
       200, 113, 131, 49, 236, 125, 185, 103, 137, 79, 71, 140, 58, 226,
       172, 8, 215, 119, 73, 58, 145, 94, 121, 106, 105, 96, 251, 63,
       229, 252, 5, 60, 192, 115, 198, 98, 120, 181, 187, 112, 153, 233,
       81, 71, 250, 21, 172, 56, 54, 183, 64, 50, 129, 58, 104, 24, 26,
       107, 242, 23, 219, 223, 16, 123, 194, 64, 198, 106, 249, 188, 255,
       112, 171, 253, 80, 87, 243, 251, 180, 56, 59, 188, 198, 63, 163,
       182, 236, 24, 191, 111, 182, 179, 219, 219, 80, 123, 235, 196,
       206, 127, 248, 176, 125, 112, 8, 205, 81, 87, 163, 53, 164, 24,
       55, 151, 64, 27, 1, 150, 108, 8, 59, 111, 242, 17, 209, 227, 112,
       120, 224, 128, 198, 123, 252, 104, 220, 116, 136, 109, 85, 158,
       178, 183, 164, 25, 87, 247, 75, 27, 9, 214, 109, 10, 104, 103,
       218, 34, 219, 195, 117, 61, 226, 241, 206, 42, 100, 177, 145, 250,
       157, 205, 67, 140, 79, 49, 169, 24, 214, 241, 76, 50, 145, 218,
       106, 18, 27, 106, 219, 49, 189, 148, 21, 126, 208, 74, 198, 34,
       85, 69, 93, 101, 22, 110, 71, 56, 100, 160, 170, 8, 87, 49, 1,
       113, 50, 212, 124, 106, 105, 160, 85, 12, 225, 239, 37, 16, 96,
       243, 64, 32, 252, 69, 125, 103, 168, 106, 87, 184, 112, 178, 167,
       8, 215, 119, 9, 123, 19, 212, 109, 106, 104, 228, 217, 46, 225,
       235, 101, 20, 96, 243, 64, 32, 96, 140, 157, 254, 141, 237, 69,
       143, 155, 55, 160, 24, 182, 183, 68, 123, 129, 83, 104, 16, 58,
       111, 219, 49, 153, 178, 84, 122, 144, 72, 197, 42, 224, 172, 157,
       255, 200, 237, 37, 175, 158, 23, 40, 24, 182, 243, 64, 123, 129,
       114, 106, 8, 50, 110, 218, 55, 237, 182, 86, 120, 144, 88, 135,
       168, 224, 168, 191, 118, 200, 196, 229, 206, 178, 147, 227, 24,
       112, 247, 64, 59, 233, 247, 115, 137, 50, 127, 186, 97, 93, 171,
       223, 104, 193, 96, 231, 162, 197, 245, 157, 103, 177, 78, 119,
       188, 122, 250, 43, 12, 222, 113, 73, 51, 147, 86, 104, 122, 225,
       112, 249, 42, 237, 223, 69, 6, 200, 115, 195, 35, 197, 181, 157,
       71, 160, 46, 54, 154, 122, 187, 43, 84, 222, 114, 73, 122, 151,
       71, 108, 58, 181, 208, 217, 98, 172, 190, 103, 6, 200, 115, 131,
       1, 244, 125, 158, 54, 169, 95, 86, 236, 147, 190, 177, 105, 70,
       248, 107, 155, 153, 247, 236, 98, 108, 103, 202, 42, 187, 247, 69,
       63, 64, 123, 142, 3, 76, 117, 121, 103, 178, 75, 63, 184, 57, 230,
       127, 173, 223, 119, 139, 16, 150, 85, 237, 110, 96, 208, 249, 110,
       230, 223, 37, 132, 98, 243, 7, 113, 109, 117, 177, 103, 181, 31,
       118, 184, 121, 232, 123, 105, 223, 121, 157, 176, 150, 76, 124,
       110, 228, 240, 233, 174, 111, 255, 37, 22, 66, 247, 67, 231, 216,
       176, 185, 112, 168, 108, 81, 151, 242, 183, 166, 24, 159, 183, 72,
       58, 161, 214, 108, 16, 59, 111, 242, 3, 219, 195, 117, 125, 224,
       64, 198, 42, 208, 56, 187, 112, 8, 233, 81, 23, 230, 83, 166, 24,
       151, 151, 64, 59, 1, 151, 108, 0, 59, 109, 211, 1, 217, 128, 48,
       88, 232, 128, 135, 34, 252, 167, 254, 118, 170, 137, 85, 125, 162,
       182, 165, 185, 115, 231, 65, 27, 43, 178, 109, 8, 122, 75, 170,
       17, 249, 203, 117, 57, 225, 242, 198, 106, 0, 32, 123, 69, 112,
       94, 99, 48, 96, 64, 103, 72, 82, 21, 133, 48, 48, 60, 64, 106, 65,
       176, 33, 12, 71, 169, 32, 0, 97, 163, 70, 160, 129, 170, 155, 155,
       236, 169, 233, 199, 238, 19, 66, 244, 181, 226, 240, 75, 99, 42,
       74, 28, 51, 92, 142, 113, 76, 130, 118, 104, 152, 200, 161, 168,
       129, 174, 159, 155, 236, 169, 161, 199, 254, 19, 34, 208, 181,
       162, 224, 75, 99, 34, 106, 28, 51, 109, 134, 115, 204, 130, 246,
       104, 152, 192, 129, 168, 164, 69, 18, 190, 89, 199, 6, 232, 158,
       132, 233, 9, 70, 242, 41, 208, 216, 233, 234, 98, 108, 163, 90,
       126, 177, 182, 7, 63, 80, 123, 46, 134, 244, 188, 188, 114, 136,
       109, 85, 159, 178, 183, 164, 24, 55, 247, 64, 27, 1, 214, 109, 24,
       58, 111, 250, 34, 249, 227, 117, 121, 224, 80, 134, 42, 200, 184,
       188, 115, 169, 253, 113, 159, 239, 123, 180, 24, 191, 191, 66, 59,
       133, 211, 252, 24, 178, 109, 251, 241, 203, 219, 117, 122, 194,
       81, 195, 107, 232, 233, 182, 252, 141, 221, 84, 230, 159, 148,
       160, 8, 174, 248, 101, 27, 201, 251, 235, 64, 106, 107, 250, 249,
       187, 211, 87, 59, 80, 120, 118, 10, 234, 172, 180, 255, 173, 189,
       220, 191, 255, 187, 176, 24, 238, 249, 92, 27, 205, 114, 127, 16,
       186, 111, 250, 179, 143, 219, 213, 122, 210, 88, 210, 11, 198,
       188, 182, 159, 236, 47, 252, 239, 63, 187, 242, 24, 236, 250, 28,
       91, 255, 239, 127, 145, 186, 255, 203, 247, 191, 250, 223, 254,
       149, 120, 243, 137, 198, 236, 214, 191, 252, 43, 252, 206, 63,
       179, 242, 18, 237, 234, 61, 75, 255, 239, 127, 145, 50, 255, 203,
       255, 188, 254, 223, 228, 133, 120, 227, 137, 214, 172, 246, 191,
       238, 171, 252, 239, 191, 187, 242, 18, 236, 238, 60, 75, 255, 239,
       127, 145, 242, 223, 203, 243, 188, 250, 223, 246, 149, 120, 227,
       137, 134, 172, 246, 223, 252, 43, 236, 239, 127, 179, 250, 26,
       239, 234, 28, 89, 123, 239, 127, 145, 178, 255, 203, 255, 188,
       254, 223, 236, 213, 104, 243, 128, 232, 180, 188, 250, 157, 221,
       81, 15, 83, 23, 165, 24, 187, 221, 72, 50, 201, 146, 233, 16, 58,
       110, 251, 147, 203, 223, 20, 123, 210, 8, 214, 106, 134, 172, 246,
       255, 236, 171, 248, 222, 63, 179, 250, 146, 236, 255, 116, 89,
       255, 239, 127, 17, 178, 255, 203, 243, 158, 254, 223, 234, 215,
       249, 227, 137, 130, 172, 246, 255, 254, 171, 252, 255, 127, 51,
       250, 154, 239, 238, 60, 105, 255, 239, 127, 145, 178, 255, 207,
       247, 190, 255, 223, 202, 215, 204, 241, 141, 22, 173, 254, 255,
       254, 171, 255, 255, 254, 179, 250, 26, 247, 232, 245, 114, 255,
