%YAML:1.0
---
descriptors: !!opencv-matrix
   rows: 198
   cols: 32
   dt: u
   data: [ 108, 229, 156, 122, 217, 77, 87, 136, 162, 191, 173, 24, 214,
       115, 74, 18, 153, 210, 97, 122, 90, 98, 250, 49, 235, 159, 69,
       125, 194, 83, 198, 34, 100, 117, 57, 111, 93, 79, 71, 168, 3, 228,
       173, 8, 210, 85, 73, 48, 152, 220, 89, 106, 73, 114, 249, 62, 229,
       220, 5, 48, 64, 59, 70, 114, 120, 188, 191, 112, 137, 237, 81, 87,
       227, 23, 172, 24, 54, 151, 64, 59, 129, 178, 108, 24, 58, 107,
       178, 49, 219, 201, 80, 123, 224, 64, 198, 106, 145, 134, 205, 53,
       144, 42, 98, 183, 116, 163, 98, 208, 211, 35, 144, 80, 51, 238,
       40, 60, 57, 252, 69, 14, 236, 166, 49, 68, 232, 224, 192, 40, 213,
       223, 31, 103, 176, 14, 71, 183, 96, 136, 187, 68, 247, 115, 136,
       113, 52, 70, 124, 110, 249, 137, 73, 47, 224, 239, 37, 144, 104,
       243, 194, 41, 249, 186, 220, 178, 170, 173, 93, 159, 179, 127,
       180, 189, 63, 247, 194, 27, 135, 243, 253, 20, 63, 75, 202, 49,
       218, 203, 117, 249, 160, 212, 142, 91, 254, 186, 128, 182, 203,
       49, 16, 207, 147, 179, 132, 191, 44, 243, 74, 159, 169, 239, 249,
       145, 62, 79, 202, 226, 154, 65, 221, 255, 171, 116, 154, 6, 93,
       69, 125, 103, 150, 46, 103, 184, 116, 226, 111, 64, 211, 115, 9,
       112, 55, 196, 92, 106, 233, 144, 125, 46, 231, 239, 37, 4, 40,
       243, 192, 32, 69, 113, 19, 101, 17, 78, 115, 48, 104, 64, 107, 8,
       222, 83, 1, 54, 144, 84, 104, 106, 65, 240, 177, 12, 165, 188, 0,
       2, 72, 35, 67, 34, 252, 68, 220, 118, 168, 110, 85, 187, 176, 178,
       167, 56, 87, 119, 9, 123, 135, 215, 108, 42, 104, 69, 203, 42,
       243, 235, 117, 20, 96, 241, 198, 35, 252, 102, 149, 118, 169, 44,
       84, 154, 187, 187, 161, 120, 207, 227, 73, 187, 131, 213, 108, 18,
       42, 71, 203, 34, 155, 219, 117, 60, 226, 241, 2, 3, 148, 204, 94,
       119, 146, 106, 79, 174, 52, 162, 174, 16, 87, 115, 9, 81, 49, 246,
       77, 170, 120, 197, 89, 46, 233, 231, 37, 21, 32, 113, 228, 34, 83,
       59, 82, 165, 114, 26, 62, 52, 41, 76, 90, 237, 143, 34, 131, 208,
       182, 61, 205, 101, 197, 152, 196, 76, 164, 244, 42, 130, 44, 150,
       11, 93, 192, 140, 157, 255, 200, 236, 21, 167, 158, 23, 96, 24,
       183, 243, 64, 91, 193, 114, 106, 24, 50, 76, 218, 51, 205, 163,
       116, 120, 144, 88, 135, 170, 69, 245, 149, 103, 181, 14, 103, 184,
       122, 184, 43, 76, 214, 113, 73, 50, 145, 68, 104, 126, 225, 240,
       249, 14, 173, 190, 69, 20, 200, 115, 67, 33, 20, 196, 121, 101,
       22, 79, 67, 184, 118, 160, 175, 10, 83, 19, 8, 112, 49, 212, 72,
       106, 104, 176, 121, 30, 251, 175, 5, 20, 112, 171, 68, 34, 252,
       176, 188, 112, 139, 125, 17, 27, 171, 183, 165, 24, 30, 183, 78,
       27, 133, 151, 236, 16, 58, 103, 186, 16, 219, 211, 85, 127, 194,
       64, 199, 114, 220, 60, 191, 112, 136, 104, 81, 146, 162, 183, 167,
       24, 95, 183, 65, 59, 161, 215, 236, 16, 56, 101, 186, 0, 219, 195,
       117, 125, 224, 113, 6, 98, 216, 40, 187, 116, 138, 233, 85, 23,
       242, 183, 164, 24, 55, 183, 64, 59, 35, 246, 108, 16, 58, 111,
       162, 2, 217, 193, 117, 57, 224, 192, 134, 106, 108, 103, 241, 103,
       149, 94, 86, 188, 97, 168, 191, 72, 203, 41, 29, 50, 152, 212,
       236, 106, 200, 242, 217, 12, 239, 249, 37, 53, 98, 179, 70, 2,
       109, 101, 45, 101, 52, 31, 118, 56, 121, 232, 127, 73, 219, 125,
       157, 176, 148, 68, 125, 110, 228, 240, 233, 12, 103, 255, 33, 20,
       66, 191, 82, 103, 92, 169, 191, 114, 186, 232, 83, 199, 178, 149,
       172, 56, 23, 247, 64, 26, 163, 243, 237, 16, 26, 107, 170, 49,
       219, 199, 53, 125, 224, 65, 134, 107, 60, 104, 91, 69, 80, 78, 99,
       80, 96, 128, 108, 72, 115, 23, 129, 48, 16, 188, 68, 106, 73, 178,
       240, 12, 71, 173, 32, 0, 99, 179, 70, 168, 248, 44, 159, 118, 172,
       237, 85, 87, 242, 251, 164, 24, 51, 179, 64, 59, 129, 230, 125, 8,
       56, 79, 242, 33, 211, 203, 117, 57, 224, 208, 222, 202, 108, 97,
       12, 126, 89, 69, 83, 136, 163, 192, 173, 9, 114, 215, 11, 16, 216,
       192, 121, 106, 74, 67, 218, 63, 243, 255, 133, 61, 80, 51, 102,
       98, 109, 103, 224, 7, 180, 27, 102, 172, 121, 172, 126, 232, 195,
       96, 159, 180, 26, 204, 108, 110, 204, 240, 237, 46, 46, 255, 37,
       20, 66, 251, 90, 4, 240, 174, 252, 112, 138, 233, 81, 215, 178,
       55, 164, 25, 23, 167, 64, 27, 3, 146, 109, 24, 58, 111, 226, 19,
       219, 135, 117, 125, 240, 200, 198, 106, 84, 170, 187, 112, 138,
       233, 81, 144, 162, 181, 167, 40, 23, 215, 65, 58, 37, 213, 108,
       82, 24, 71, 170, 0, 219, 193, 101, 125, 224, 225, 6, 98, 76, 48,
       177, 114, 73, 125, 49, 8, 235, 251, 33, 8, 158, 149, 73, 190, 129,
       92, 96, 16, 3, 118, 250, 64, 5, 152, 81, 47, 194, 99, 71, 162,
       248, 174, 247, 114, 139, 249, 81, 214, 179, 23, 164, 56, 46, 247,
       64, 159, 39, 246, 237, 16, 58, 79, 162, 115, 219, 243, 85, 123,
       226, 192, 134, 107, 60, 97, 56, 110, 93, 77, 87, 232, 67, 180,
       173, 8, 114, 209, 75, 48, 216, 216, 64, 106, 74, 99, 251, 29, 123,
       205, 5, 61, 83, 59, 70, 162, 81, 143, 95, 101, 176, 46, 71, 183,
       100, 8, 186, 68, 243, 33, 144, 112, 22, 230, 108, 110, 249, 169,
       69, 47, 232, 174, 37, 16, 104, 226, 194, 41, 216, 170, 188, 186,
       171, 141, 88, 215, 163, 123, 180, 217, 63, 255, 64, 27, 167, 243,
       253, 28, 190, 79, 138, 49, 219, 219, 117, 249, 162, 196, 138, 75,
       221, 78, 206, 23, 36, 50, 70, 152, 117, 238, 238, 20, 67, 96, 155,
       122, 113, 204, 44, 238, 236, 212, 237, 42, 242, 239, 229, 5, 107,
       243, 120, 4, 242, 170, 204, 82, 203, 185, 176, 207, 170, 183, 164,
       157, 35, 225, 70, 27, 105, 162, 235, 144, 62, 111, 206, 49, 94,
       131, 213, 123, 225, 76, 206, 138, 252, 180, 252, 118, 136, 109,
       81, 222, 179, 191, 165, 25, 83, 247, 73, 27, 1, 214, 237, 24, 58,
       103, 250, 34, 219, 203, 117, 125, 226, 240, 198, 34, 205, 38, 156,
       179, 168, 56, 94, 152, 250, 191, 163, 121, 207, 98, 203, 219, 147,
       199, 108, 30, 62, 69, 203, 34, 206, 243, 119, 125, 128, 241, 203,
       1, 246, 186, 190, 90, 202, 165, 25, 207, 138, 191, 164, 189, 36,
       227, 78, 27, 133, 247, 233, 16, 54, 79, 154, 113, 91, 1, 93, 255,
       128, 64, 142, 203, 65, 105, 16, 69, 17, 14, 98, 48, 104, 0, 106,
       8, 214, 16, 17, 176, 144, 76, 72, 110, 65, 176, 209, 44, 165, 188,
       0, 0, 72, 51, 67, 40, 252, 4, 221, 116, 168, 104, 84, 187, 176,
       178, 166, 24, 223, 99, 73, 91, 135, 215, 108, 42, 104, 71, 203,
       34, 211, 235, 117, 29, 224, 241, 139, 35, 116, 5, 93, 101, 18, 75,
       71, 40, 100, 164, 175, 8, 83, 49, 9, 112, 48, 212, 104, 106, 72,
       176, 121, 28, 229, 173, 1, 20, 113, 162, 68, 32, 252, 180, 253,
       126, 201, 244, 87, 138, 179, 191, 165, 56, 107, 247, 75, 59, 129,
       246, 236, 18, 62, 71, 170, 51, 219, 219, 117, 191, 178, 113, 198,
       99, 10, 223, 22, 190, 185, 137, 22, 167, 191, 12, 234, 101, 174,
       242, 33, 212, 196, 123, 236, 64, 79, 137, 66, 191, 160, 246, 28,
       154, 26, 84, 140, 31, 100, 239, 156, 52, 41, 73, 87, 232, 147,
       190, 184, 41, 102, 249, 67, 18, 153, 117, 236, 98, 72, 99, 202,
       42, 248, 247, 101, 63, 192, 123, 70, 67, 100, 97, 124, 103, 52,
       11, 126, 40, 105, 160, 111, 9, 211, 73, 29, 16, 146, 68, 121, 110,
       76, 240, 201, 12, 102, 255, 1, 21, 100, 179, 90, 2, 33, 120, 91,
       77, 80, 79, 99, 48, 96, 224, 110, 72, 114, 23, 133, 52, 24, 60,
       64, 106, 65, 180, 241, 14, 71, 172, 32, 0, 73, 179, 66, 172, 205,
       84, 29, 119, 168, 110, 119, 184, 120, 250, 35, 88, 222, 115, 9,
       123, 145, 84, 108, 106, 97, 244, 249, 46, 231, 251, 101, 20, 200,
       115, 67, 51, 76, 245, 49, 103, 241, 78, 103, 184, 121, 232, 43,
       76, 222, 117, 8, 48, 144, 92, 121, 106, 65, 240, 249, 14, 103,
       252, 5, 6, 66, 115, 199, 115, 240, 170, 255, 112, 10, 233, 81, 87,
       162, 23, 164, 24, 51, 135, 64, 27, 33, 178, 109, 24, 58, 79, 162,
