%YAML:1.0
---
descriptors: !!opencv-matrix
   rows: 166
   cols: 32
   dt: u
   data: [ 130, 164, 246, 153, 174, 171, 248, 79, 255, 179, 242, 18, 174,
       170, 80, 11, 107, 175, 127, 145, 186, 253, 195, 211, 156, 178,
       223, 208, 197, 72, 227, 137, 252, 116, 252, 115, 169, 111, 83,
       152, 59, 187, 165, 56, 223, 127, 73, 59, 217, 213, 253, 242, 43,
       70, 251, 50, 219, 219, 101, 127, 210, 115, 70, 51, 250, 172, 190,
       248, 141, 229, 208, 199, 255, 23, 164, 25, 174, 191, 102, 27, 201,
       179, 235, 17, 58, 111, 146, 243, 219, 243, 222, 123, 210, 72, 239,
       138, 213, 81, 93, 103, 56, 14, 79, 184, 228, 232, 179, 108, 211,
       83, 137, 115, 22, 196, 92, 106, 233, 129, 121, 12, 224, 233, 97,
       148, 40, 179, 64, 33, 237, 125, 189, 103, 173, 111, 71, 156, 123,
       250, 166, 92, 215, 125, 81, 59, 145, 86, 124, 122, 185, 116, 249,
       34, 207, 219, 101, 52, 200, 123, 198, 115, 210, 188, 190, 248,
       171, 233, 17, 71, 191, 23, 164, 57, 174, 191, 98, 27, 163, 51,
       237, 16, 50, 79, 162, 115, 219, 211, 90, 123, 128, 64, 135, 107,
       5, 127, 95, 231, 180, 10, 239, 184, 44, 232, 91, 228, 213, 103,
       153, 96, 126, 93, 127, 238, 193, 144, 77, 46, 236, 174, 175, 132,
       12, 243, 161, 177, 69, 223, 239, 231, 246, 47, 239, 252, 126, 234,
       91, 238, 245, 237, 185, 96, 127, 239, 127, 239, 225, 240, 175,
       127, 252, 174, 239, 132, 61, 251, 241, 249, 85, 83, 93, 231, 48,
       78, 71, 184, 100, 232, 251, 100, 215, 119, 137, 113, 22, 212, 92,
       106, 201, 144, 105, 44, 224, 173, 37, 148, 40, 179, 0, 49, 194,
       164, 246, 217, 110, 169, 248, 79, 191, 51, 210, 26, 141, 170, 116,
       75, 239, 143, 127, 17, 178, 253, 195, 211, 156, 250, 218, 236,
       133, 72, 81, 137, 253, 89, 125, 102, 44, 14, 87, 184, 225, 232,
       183, 72, 83, 85, 153, 115, 22, 212, 124, 106, 201, 161, 237, 44,
       243, 233, 97, 148, 97, 187, 66, 97, 85, 85, 125, 231, 180, 14, 79,
       184, 32, 234, 187, 76, 211, 119, 153, 115, 22, 212, 124, 110, 233,
       193, 249, 44, 232, 171, 229, 148, 44, 243, 80, 49, 197, 116, 157,
       103, 168, 46, 71, 184, 48, 254, 167, 92, 215, 115, 73, 91, 149,
       196, 108, 110, 105, 68, 249, 10, 197, 235, 101, 20, 192, 243, 2,
       99, 245, 150, 212, 90, 170, 63, 86, 185, 223, 55, 171, 60, 78,
       115, 46, 95, 151, 215, 108, 34, 252, 101, 91, 151, 210, 250, 65,
       86, 250, 251, 136, 7, 224, 188, 185, 248, 204, 237, 81, 71, 251,
       115, 164, 24, 182, 189, 96, 58, 201, 178, 122, 16, 58, 111, 242,
       51, 223, 159, 84, 123, 208, 72, 198, 106, 5, 87, 57, 231, 180, 15,
       111, 184, 124, 232, 91, 68, 215, 115, 153, 96, 118, 77, 63, 239,
       193, 176, 121, 44, 236, 175, 47, 132, 12, 251, 161, 177, 213, 83,
       29, 103, 40, 14, 79, 184, 100, 248, 179, 76, 215, 87, 137, 115,
       22, 212, 124, 106, 233, 197, 121, 12, 225, 235, 97, 148, 40, 179,
       64, 49, 253, 112, 253, 102, 44, 30, 81, 24, 225, 186, 181, 72,
       223, 89, 217, 59, 140, 212, 124, 106, 233, 103, 251, 0, 211, 249,
       97, 60, 99, 187, 66, 35, 234, 180, 180, 249, 237, 237, 208, 15,
       95, 59, 164, 24, 142, 187, 76, 95, 201, 26, 251, 16, 58, 110, 211,
       211, 207, 219, 214, 126, 210, 72, 210, 138, 237, 60, 189, 119,
       173, 111, 119, 188, 123, 250, 167, 24, 246, 117, 73, 59, 145, 86,
       124, 58, 249, 244, 249, 42, 239, 219, 101, 48, 200, 113, 198, 115,
       144, 172, 222, 185, 238, 171, 248, 71, 190, 51, 242, 26, 191, 170,
       112, 75, 239, 175, 127, 17, 50, 255, 195, 211, 220, 235, 254, 224,
       133, 72, 225, 137, 194, 172, 246, 153, 236, 169, 248, 7, 127, 19,
       242, 18, 172, 170, 84, 75, 239, 187, 127, 145, 178, 126, 195, 211,
       156, 58, 218, 200, 132, 192, 161, 9, 194, 164, 246, 153, 108, 169,
       248, 7, 63, 59, 243, 146, 140, 174, 84, 75, 239, 47, 127, 145,
       178, 254, 195, 211, 140, 58, 218, 192, 132, 72, 161, 137, 237,
       244, 189, 115, 141, 109, 87, 153, 91, 123, 165, 24, 215, 117, 88,
       59, 145, 214, 124, 58, 59, 102, 251, 18, 239, 219, 85, 124, 218,
       123, 214, 50, 118, 229, 118, 239, 252, 11, 254, 232, 111, 160,
       251, 10, 207, 234, 29, 80, 254, 205, 127, 227, 200, 179, 201, 252,
       188, 254, 143, 148, 37, 251, 113, 129, 130, 0, 214, 153, 110, 171,
       248, 67, 191, 51, 242, 18, 140, 138, 116, 75, 238, 157, 127, 17,
       34, 247, 195, 209, 148, 186, 218, 194, 132, 8, 33, 137, 229, 52,
       189, 103, 168, 110, 87, 152, 114, 250, 167, 28, 215, 115, 73, 27,
       145, 196, 125, 58, 57, 100, 251, 2, 207, 219, 101, 52, 200, 243,
       194, 98, 5, 83, 25, 231, 180, 14, 111, 184, 36, 232, 91, 228, 215,
       119, 153, 96, 22, 92, 30, 238, 193, 144, 121, 44, 228, 173, 39,
       132, 44, 179, 33, 177, 53, 85, 81, 71, 118, 15, 111, 184, 100,
       232, 123, 70, 83, 81, 153, 112, 118, 204, 22, 106, 201, 176, 109,
       30, 100, 172, 37, 132, 109, 187, 80, 161, 21, 81, 89, 229, 52, 79,
       111, 184, 36, 168, 127, 64, 211, 87, 153, 112, 94, 220, 28, 234,
       201, 176, 121, 12, 229, 173, 37, 132, 100, 179, 64, 113, 232, 172,
       188, 248, 141, 237, 81, 79, 159, 23, 164, 25, 174, 189, 96, 27,
       201, 179, 233, 16, 58, 111, 210, 179, 219, 211, 84, 123, 210, 72,
       230, 10, 184, 172, 190, 248, 205, 237, 209, 199, 223, 55, 164, 24,
       42, 187, 100, 91, 201, 187, 235, 16, 58, 111, 146, 179, 219, 243,
       214, 123, 208, 72, 246, 170, 43, 183, 208, 83, 253, 189, 224, 159,
       91, 121, 125, 124, 168, 168, 222, 188, 159, 10, 146, 28, 151, 122,
       206, 243, 14, 94, 21, 238, 223, 204, 218, 141, 24, 153, 91, 237,
       180, 138, 79, 183, 36, 169, 126, 96, 183, 51, 128, 112, 118, 190,
       29, 120, 91, 152, 97, 61, 238, 237, 164, 192, 36, 138, 192, 41,
       24, 137, 154, 165, 180, 170, 125, 23, 46, 41, 94, 0, 183, 59, 16,
       64, 247, 191, 61, 24, 26, 152, 65, 31, 238, 237, 190, 192, 164,
       202, 129, 9, 8, 172, 156, 181, 180, 170, 120, 23, 62, 51, 218, 16,
       191, 170, 16, 72, 231, 63, 127, 145, 18, 220, 195, 219, 204, 247,
       250, 192, 164, 72, 129, 137, 130, 164, 254, 187, 108, 169, 248,
       71, 255, 27, 115, 146, 173, 174, 84, 73, 231, 43, 127, 145, 178,
       252, 67, 211, 140, 251, 250, 194, 132, 72, 161, 137, 130, 172,
       246, 155, 108, 169, 184, 67, 127, 27, 115, 18, 172, 170, 84, 73,
       231, 43, 127, 145, 178, 252, 67, 243, 12, 58, 218, 194, 132, 8,
       161, 129, 130, 32, 246, 153, 108, 169, 184, 70, 255, 19, 242, 18,
       140, 138, 84, 75, 239, 15, 127, 145, 178, 252, 195, 243, 140, 58,
       218, 192, 132, 9, 33, 137, 205, 188, 191, 119, 168, 110, 117, 182,
       248, 250, 166, 88, 247, 119, 64, 123, 133, 246, 124, 42, 185, 253,
       251, 42, 227, 255, 117, 16, 200, 241, 195, 59, 237, 252, 189, 115,
       173, 111, 87, 152, 123, 251, 165, 24, 215, 117, 73, 59, 145, 86,
       124, 122, 123, 102, 249, 50, 239, 219, 69, 116, 194, 123, 198, 98,
       194, 96, 214, 153, 108, 41, 248, 70, 63, 49, 242, 18, 140, 138,
       92, 75, 238, 141, 127, 145, 34, 244, 195, 208, 148, 58, 218, 196,
       196, 8, 161, 129, 17, 5, 91, 237, 52, 11, 111, 119, 100, 160, 122,
       66, 183, 3, 144, 96, 126, 46, 22, 232, 217, 184, 69, 15, 228, 172,
       162, 128, 109, 138, 224, 169, 52, 32, 251, 171, 124, 43, 235, 72,
       62, 160, 243, 90, 215, 202, 61, 88, 251, 141, 127, 179, 137, 183,
       201, 82, 212, 174, 171, 252, 245, 171, 115, 160, 246, 96, 251,
       239, 110, 11, 251, 200, 127, 162, 243, 10, 215, 202, 125, 88, 122,
       205, 127, 243, 136, 247, 201, 250, 212, 184, 171, 188, 117, 59,
       115, 129, 108, 180, 188, 227, 173, 127, 83, 152, 103, 251, 189, 8,
       223, 127, 73, 58, 221, 212, 253, 114, 27, 98, 251, 176, 207, 223,
       65, 125, 210, 235, 70, 115, 98, 233, 18, 248, 93, 197, 208, 231,
       143, 5, 168, 8, 174, 154, 100, 80, 200, 187, 235, 81, 74, 43, 146,
       245, 187, 212, 158, 123, 80, 8, 246, 138, 101, 113, 145, 71, 65,
       79, 103, 152, 104, 232, 43, 72, 214, 81, 73, 50, 144, 84, 64, 106,
