%YAML:1.0
---
descriptors: !!opencv-matrix
   rows: 209
   cols: 32
   dt: u
   data: [ 163, 190, 238, 159, 254, 235, 189, 255, 62, 247, 210, 183,
       245, 236, 254, 73, 255, 255, 127, 149, 182, 255, 239, 127, 124,
       38, 255, 132, 157, 248, 183, 217, 20, 221, 189, 167, 176, 74, 111,
       191, 52, 174, 90, 96, 247, 119, 1, 64, 119, 127, 61, 106, 121,
       216, 73, 47, 237, 167, 47, 132, 32, 242, 133, 123, 236, 112, 189,
       99, 40, 78, 87, 152, 106, 174, 39, 8, 215, 87, 73, 59, 145, 84,
       124, 122, 9, 116, 249, 8, 199, 219, 101, 52, 192, 243, 70, 115,
       236, 81, 189, 103, 32, 78, 71, 184, 32, 174, 167, 8, 215, 119, 73,
       115, 20, 212, 124, 106, 105, 208, 249, 8, 231, 233, 101, 20, 96,
       243, 70, 113, 229, 113, 189, 103, 32, 78, 103, 184, 104, 234, 39,
       72, 215, 119, 73, 59, 148, 84, 124, 106, 97, 244, 249, 8, 231,
       187, 101, 4, 64, 179, 70, 115, 205, 100, 189, 119, 168, 46, 85,
       184, 184, 178, 167, 25, 215, 119, 9, 27, 145, 68, 125, 46, 104,
       229, 217, 8, 227, 251, 101, 20, 192, 241, 194, 98, 244, 100, 156,
       182, 140, 42, 70, 136, 162, 178, 163, 25, 215, 97, 73, 27, 129,
       196, 105, 122, 104, 69, 203, 40, 217, 163, 101, 53, 160, 123, 86,
       2, 124, 176, 248, 96, 236, 237, 81, 218, 227, 189, 188, 56, 23,
       183, 75, 26, 129, 222, 108, 16, 26, 107, 234, 16, 219, 205, 53,
       125, 224, 201, 198, 35, 213, 124, 191, 103, 168, 110, 95, 176,
       224, 238, 166, 28, 215, 127, 147, 123, 165, 245, 125, 110, 169,
       197, 249, 42, 235, 235, 101, 148, 168, 243, 70, 113, 248, 104, 24,
       56, 9, 213, 84, 76, 163, 156, 164, 9, 39, 223, 67, 27, 200, 161,
       205, 66, 78, 103, 210, 17, 211, 209, 65, 59, 114, 20, 110, 74,
       240, 180, 189, 116, 200, 109, 81, 143, 162, 247, 166, 25, 87, 181,
       66, 91, 1, 214, 105, 16, 58, 79, 250, 2, 217, 163, 85, 125, 160,
       96, 134, 114, 124, 64, 204, 39, 8, 106, 71, 136, 32, 182, 167,
       137, 83, 99, 75, 91, 112, 196, 105, 106, 72, 70, 217, 32, 209,
       227, 69, 29, 160, 243, 70, 98, 85, 77, 127, 101, 148, 79, 71, 184,
       116, 160, 234, 64, 83, 115, 17, 112, 48, 196, 88, 106, 105, 177,
       57, 46, 241, 174, 5, 20, 105, 243, 96, 32, 209, 172, 191, 80, 138,
       253, 57, 199, 254, 83, 160, 24, 181, 186, 86, 123, 163, 163, 90,
       152, 55, 77, 182, 115, 221, 139, 94, 121, 200, 64, 163, 14, 192,
       232, 157, 249, 168, 237, 5, 143, 190, 59, 32, 24, 182, 179, 64,
       58, 129, 91, 106, 24, 34, 108, 211, 51, 205, 150, 84, 120, 144,
       80, 135, 42, 89, 121, 19, 100, 41, 109, 21, 55, 232, 202, 174, 8,
       190, 179, 1, 112, 162, 55, 124, 34, 65, 33, 178, 33, 209, 255, 80,
       26, 74, 114, 131, 59, 124, 105, 253, 103, 141, 107, 87, 136, 99,
       182, 166, 8, 211, 113, 73, 62, 145, 86, 104, 122, 8, 112, 233, 32,
       207, 219, 69, 55, 226, 123, 86, 34, 244, 160, 248, 112, 136, 233,
       81, 211, 162, 183, 164, 24, 23, 215, 66, 27, 1, 242, 109, 24, 26,
       79, 234, 16, 217, 129, 117, 125, 224, 128, 198, 34, 133, 231, 213,
       3, 230, 107, 111, 136, 126, 246, 43, 148, 195, 96, 223, 12, 51,
       76, 106, 126, 49, 244, 109, 66, 108, 14, 5, 100, 230, 251, 197,
       228, 246, 52, 213, 158, 203, 96, 20, 207, 187, 215, 160, 189, 78,
       246, 79, 219, 227, 231, 232, 144, 55, 79, 202, 98, 152, 34, 93,
       63, 169, 117, 166, 86, 244, 100, 156, 119, 169, 46, 69, 136, 184,
       178, 163, 24, 215, 115, 73, 27, 129, 68, 121, 42, 40, 69, 219, 2,
       193, 203, 85, 20, 192, 241, 194, 34, 213, 237, 191, 62, 168, 236,
       87, 220, 179, 223, 173, 25, 119, 247, 75, 27, 163, 230, 125, 94,
       107, 71, 187, 51, 249, 239, 117, 28, 224, 243, 198, 106, 192, 172,
       255, 121, 136, 232, 169, 7, 254, 19, 34, 16, 181, 174, 80, 107,
       35, 63, 104, 152, 50, 237, 135, 115, 205, 171, 126, 64, 192, 64,
       135, 42, 3, 127, 234, 4, 242, 240, 190, 71, 168, 197, 124, 231,
       44, 174, 231, 160, 190, 123, 194, 149, 135, 153, 164, 106, 42, 5,
       62, 131, 205, 86, 175, 221, 209, 136, 188, 122, 136, 173, 16, 143,
       238, 23, 160, 24, 182, 248, 76, 123, 129, 19, 104, 16, 54, 109,
       203, 49, 217, 184, 84, 120, 208, 64, 129, 42, 240, 172, 189, 116,
       200, 233, 85, 135, 162, 247, 166, 25, 55, 183, 66, 91, 1, 214,
       109, 16, 58, 79, 178, 16, 217, 163, 117, 121, 224, 64, 134, 122,
       108, 112, 189, 97, 37, 111, 83, 152, 107, 250, 39, 8, 214, 85, 73,
       59, 145, 84, 120, 122, 1, 116, 249, 0, 207, 217, 69, 52, 194, 123,
       70, 114, 77, 253, 189, 103, 240, 78, 119, 184, 121, 236, 111, 12,
       255, 127, 11, 48, 151, 127, 100, 106, 193, 240, 249, 111, 239,
       255, 37, 0, 64, 243, 199, 243, 244, 249, 185, 114, 172, 205, 85,
       221, 138, 253, 165, 25, 183, 221, 72, 27, 137, 208, 125, 83, 90,
       111, 250, 49, 219, 209, 5, 127, 64, 25, 214, 115, 201, 184, 157,
       113, 137, 253, 112, 151, 250, 123, 38, 24, 190, 147, 64, 59, 129,
       54, 104, 24, 51, 108, 178, 51, 207, 251, 84, 120, 202, 64, 203,
       58, 228, 180, 189, 115, 169, 109, 113, 154, 58, 127, 37, 29, 215,
       61, 74, 59, 133, 27, 121, 19, 55, 116, 249, 18, 207, 219, 113,
       117, 192, 65, 199, 114, 245, 254, 29, 115, 188, 15, 87, 188, 118,
       186, 178, 88, 215, 113, 1, 115, 149, 214, 124, 58, 233, 228, 73,
       62, 233, 203, 101, 84, 200, 184, 64, 35, 101, 97, 81, 71, 48, 95,
       107, 56, 105, 232, 55, 104, 211, 87, 141, 48, 22, 84, 84, 106,
       129, 176, 237, 12, 70, 248, 33, 4, 66, 163, 66, 33, 124, 69, 220,
       102, 136, 106, 87, 168, 97, 162, 175, 8, 215, 115, 9, 91, 18, 244,
       108, 106, 104, 96, 217, 40, 251, 227, 69, 21, 224, 243, 78, 34,
       108, 113, 185, 103, 41, 78, 87, 184, 107, 168, 189, 8, 223, 119,
       73, 50, 148, 212, 124, 106, 201, 96, 249, 40, 239, 253, 37, 52,
       66, 179, 70, 35, 252, 189, 57, 114, 189, 237, 87, 182, 227, 236,
       172, 13, 55, 253, 67, 51, 129, 246, 204, 82, 122, 107, 248, 63,
       251, 217, 37, 121, 224, 123, 198, 123, 252, 69, 92, 108, 56, 10,
       71, 56, 160, 164, 175, 8, 215, 99, 8, 83, 18, 212, 108, 106, 104,
       33, 201, 13, 241, 233, 97, 20, 96, 179, 194, 32, 100, 96, 156,
       118, 137, 44, 69, 138, 178, 179, 163, 24, 215, 115, 73, 27, 129,
       212, 104, 26, 24, 101, 219, 34, 201, 219, 85, 28, 192, 113, 194,
       34, 244, 180, 125, 96, 26, 79, 81, 248, 114, 180, 165, 8, 83, 85,
       73, 51, 17, 148, 108, 58, 40, 119, 249, 22, 217, 203, 97, 117,
       224, 171, 70, 34, 108, 224, 181, 99, 137, 79, 87, 168, 123, 178,
       33, 8, 214, 53, 73, 62, 145, 84, 104, 122, 99, 112, 249, 16, 237,
       218, 69, 119, 194, 123, 70, 34, 124, 36, 253, 116, 168, 104, 81,
       154, 179, 191, 165, 56, 87, 247, 201, 59, 35, 212, 109, 26, 40,
       71, 234, 34, 211, 195, 101, 60, 226, 241, 6, 99, 124, 105, 90,
       100, 31, 203, 82, 64, 33, 160, 236, 11, 27, 25, 1, 144, 120, 252,
       197, 82, 72, 179, 209, 8, 243, 205, 5, 51, 99, 58, 106, 10, 133,
       231, 245, 67, 188, 91, 239, 172, 126, 246, 47, 144, 203, 100, 221,
       229, 51, 68, 106, 126, 225, 244, 109, 126, 44, 30, 5, 116, 198,
       255, 197, 100, 116, 105, 201, 101, 75, 74, 71, 168, 32, 166, 230,
       8, 83, 55, 65, 82, 112, 244, 104, 106, 72, 211, 249, 40, 241, 161,
       69, 21, 97, 115, 102, 98, 108, 97, 120, 103, 52, 15, 87, 184, 97,
       168, 191, 8, 223, 81, 201, 48, 152, 212, 76, 106, 72, 48, 201, 40,
       231, 221, 37, 53, 98, 179, 74, 35, 229, 162, 149, 27, 44, 141,
       192, 136, 218, 57, 177, 88, 214, 224, 200, 183, 201, 72, 106, 92,
       50, 102, 203, 17, 140, 16, 101, 124, 208, 8, 90, 164, 208, 140,
       159, 113, 168, 234, 77, 135, 190, 23, 162, 16, 247, 163, 0, 91,
       35, 55, 108, 152, 58, 237, 3, 51, 201, 163, 119, 80, 192, 192,
       133, 40, 220, 124, 159, 246, 168, 44, 85, 159, 178, 187, 171, 92,
       247, 243, 73, 91, 129, 214, 108, 26, 121, 69, 219, 34, 249, 227,
       117, 56, 232, 249, 128, 19, 252, 252, 157, 246, 172, 108, 87, 188,
