%YAML:1.0
---
descriptors: !!opencv-matrix
   rows: 258
   cols: 32
   dt: u
   data: [ 100, 177, 153, 48, 249, 237, 17, 143, 202, 189, 161, 24, 134,
       242, 78, 26, 129, 75, 104, 16, 50, 75, 250, 49, 141, 208, 23, 127,
       144, 64, 135, 226, 173, 172, 247, 251, 236, 175, 237, 223, 255,
       251, 246, 92, 251, 233, 216, 127, 79, 206, 127, 156, 187, 255,
       239, 243, 222, 251, 247, 252, 207, 200, 240, 168, 84, 124, 159,
       228, 26, 78, 87, 56, 182, 164, 170, 8, 215, 119, 1, 83, 50, 245,
       109, 98, 105, 193, 185, 14, 249, 167, 103, 20, 32, 179, 7, 50,
       139, 172, 247, 255, 236, 191, 237, 223, 127, 123, 246, 222, 255,
       235, 156, 253, 127, 239, 127, 156, 179, 254, 239, 243, 222, 250,
       255, 200, 239, 216, 241, 185, 221, 52, 255, 116, 168, 126, 93,
       176, 232, 254, 167, 29, 223, 61, 91, 59, 167, 213, 253, 54, 185,
       197, 187, 0, 219, 235, 101, 212, 232, 241, 199, 115, 124, 161,
       152, 96, 200, 109, 81, 155, 99, 189, 172, 8, 19, 21, 73, 26, 137,
       214, 76, 24, 26, 98, 250, 16, 219, 205, 53, 125, 224, 203, 198,
       34, 114, 168, 172, 48, 13, 153, 208, 207, 207, 181, 160, 25, 162,
       200, 86, 155, 137, 162, 236, 17, 30, 111, 202, 177, 155, 83, 209,
       127, 192, 12, 222, 14, 96, 190, 255, 187, 238, 235, 185, 207, 62,
       247, 242, 179, 245, 254, 112, 75, 255, 255, 127, 145, 50, 255,
       203, 115, 93, 166, 255, 192, 149, 72, 167, 219, 69, 114, 133, 165,
       32, 14, 111, 24, 40, 232, 66, 204, 215, 39, 129, 95, 22, 68, 124,
       110, 137, 208, 209, 8, 132, 176, 104, 132, 8, 179, 3, 49, 120,
       171, 150, 80, 137, 184, 80, 199, 235, 21, 160, 8, 46, 146, 68,
       191, 160, 166, 204, 16, 30, 107, 130, 49, 155, 241, 80, 123, 194,
       68, 207, 14, 196, 81, 189, 103, 32, 78, 103, 184, 32, 168, 103,
       72, 215, 119, 137, 115, 22, 84, 124, 106, 105, 240, 249, 8, 229,
       185, 101, 20, 64, 243, 70, 49, 5, 116, 185, 103, 53, 111, 99, 24,
       122, 234, 39, 8, 214, 21, 73, 58, 145, 92, 88, 122, 161, 244, 249,
       10, 205, 157, 5, 52, 192, 123, 71, 114, 69, 85, 61, 103, 32, 78,
       103, 56, 104, 232, 111, 72, 215, 119, 9, 115, 150, 84, 124, 106,
       65, 240, 249, 12, 229, 185, 101, 4, 64, 179, 70, 49, 244, 100,
       156, 182, 140, 40, 70, 136, 162, 178, 171, 89, 215, 225, 73, 27,
       145, 198, 108, 115, 56, 69, 203, 34, 152, 130, 101, 116, 168, 123,
       18, 2, 100, 103, 113, 103, 48, 90, 110, 56, 105, 168, 123, 72,
       203, 79, 157, 52, 146, 220, 100, 106, 72, 176, 233, 78, 103, 252,
       33, 5, 98, 179, 70, 37, 213, 207, 78, 79, 130, 26, 111, 172, 116,
       166, 102, 128, 99, 98, 147, 117, 114, 238, 40, 110, 108, 212, 173,
       46, 230, 171, 229, 5, 39, 243, 104, 76, 229, 166, 149, 115, 236,
       45, 66, 140, 123, 187, 161, 88, 198, 112, 76, 187, 153, 198, 108,
       58, 59, 102, 203, 50, 140, 146, 85, 126, 192, 89, 194, 37, 208,
       140, 181, 183, 180, 107, 197, 175, 252, 242, 130, 24, 247, 109,
       16, 35, 19, 118, 105, 43, 57, 237, 77, 46, 233, 162, 85, 84, 228,
       232, 149, 40, 139, 174, 231, 223, 238, 187, 236, 223, 127, 243,
       246, 254, 253, 234, 148, 253, 127, 238, 126, 156, 183, 254, 239,
       247, 158, 122, 247, 200, 239, 236, 249, 189, 131, 174, 254, 219,
       238, 187, 252, 223, 255, 119, 246, 247, 236, 238, 246, 91, 239,
       239, 255, 149, 182, 255, 239, 243, 30, 62, 255, 235, 173, 200,
       233, 221, 226, 168, 12, 248, 93, 205, 144, 239, 139, 49, 164, 24,
       178, 149, 68, 49, 201, 18, 219, 16, 122, 111, 218, 53, 155, 146,
       149, 127, 80, 8, 222, 170, 126, 113, 113, 108, 125, 31, 222, 120,
       1, 164, 185, 10, 75, 13, 149, 180, 222, 244, 215, 102, 205, 35,
       120, 156, 179, 217, 129, 63, 119, 191, 118, 244, 253, 249, 24,
       106, 157, 221, 86, 205, 227, 188, 173, 8, 59, 209, 74, 178, 200,
       194, 204, 90, 94, 99, 250, 49, 251, 217, 5, 127, 98, 27, 202, 6,
       112, 168, 220, 120, 138, 169, 81, 215, 162, 55, 164, 25, 51, 163,
       66, 26, 41, 178, 109, 24, 26, 75, 130, 49, 217, 131, 116, 121,
       225, 192, 198, 10, 232, 172, 189, 120, 137, 237, 85, 202, 178, 23,
       164, 24, 50, 245, 72, 59, 137, 242, 232, 0, 58, 103, 250, 51, 195,
       211, 81, 57, 192, 64, 198, 34, 246, 60, 213, 62, 203, 104, 20,
       207, 187, 211, 160, 221, 46, 246, 69, 219, 199, 247, 232, 16, 63,
       79, 218, 98, 154, 114, 85, 59, 248, 117, 170, 95, 100, 103, 17,
       103, 52, 78, 102, 184, 105, 168, 123, 72, 215, 109, 29, 16, 144,
       221, 68, 106, 201, 176, 201, 110, 165, 188, 1, 4, 72, 51, 71, 49,
       116, 96, 191, 100, 8, 72, 65, 0, 224, 148, 161, 8, 19, 151, 65,
       58, 0, 212, 104, 0, 9, 71, 178, 0, 209, 161, 96, 28, 96, 33, 6,
       34, 212, 207, 110, 95, 128, 82, 71, 174, 116, 230, 238, 133, 99,
       97, 179, 81, 113, 238, 44, 238, 108, 244, 173, 47, 242, 171, 229,
       1, 101, 242, 244, 72, 237, 112, 185, 103, 32, 78, 119, 24, 104,
       234, 39, 8, 215, 87, 73, 58, 148, 84, 92, 122, 225, 244, 249, 10,
       231, 221, 37, 52, 192, 243, 70, 51, 208, 172, 191, 113, 136, 232,
       161, 135, 254, 19, 162, 16, 183, 250, 80, 123, 33, 63, 104, 145,
       51, 77, 215, 51, 205, 162, 126, 105, 225, 64, 135, 42, 108, 49,
       249, 97, 248, 73, 83, 152, 99, 189, 173, 40, 147, 53, 65, 26, 17,
       220, 68, 24, 26, 114, 233, 16, 207, 221, 37, 125, 226, 210, 70,
       35, 120, 169, 188, 48, 141, 137, 80, 197, 227, 181, 172, 41, 39,
       201, 66, 19, 136, 162, 237, 81, 30, 107, 194, 49, 219, 193, 69,
       123, 98, 12, 222, 74, 120, 173, 250, 96, 153, 249, 82, 71, 226,
       21, 172, 41, 43, 153, 66, 18, 128, 162, 204, 16, 30, 43, 194, 49,
       251, 197, 32, 121, 224, 66, 206, 74, 24, 133, 29, 109, 16, 79, 67,
       56, 36, 160, 235, 64, 211, 99, 136, 96, 16, 68, 108, 106, 89, 176,
       105, 31, 233, 239, 33, 20, 112, 162, 68, 32, 160, 168, 28, 250, 9,
       233, 145, 231, 142, 63, 164, 25, 166, 213, 64, 27, 137, 50, 235,
       0, 42, 111, 74, 53, 201, 147, 81, 123, 80, 8, 222, 138, 213, 108,
       95, 69, 32, 78, 79, 48, 225, 234, 38, 72, 215, 19, 129, 119, 6,
       244, 124, 110, 233, 212, 241, 12, 167, 168, 101, 16, 106, 179, 66,
       33, 252, 249, 57, 122, 253, 205, 87, 221, 131, 253, 181, 29, 183,
       221, 74, 19, 140, 218, 221, 81, 218, 107, 250, 49, 251, 217, 37,
       127, 240, 155, 214, 123, 196, 53, 157, 115, 168, 109, 1, 3, 186,
       187, 171, 120, 214, 51, 72, 59, 129, 23, 104, 16, 49, 88, 219, 2,
       141, 146, 117, 118, 200, 96, 131, 50, 220, 65, 94, 100, 40, 10,
       69, 56, 224, 176, 167, 8, 215, 35, 136, 83, 2, 212, 108, 106, 104,
       97, 195, 12, 240, 235, 97, 20, 96, 179, 194, 32, 124, 69, 220,
       103, 137, 110, 71, 168, 112, 162, 167, 8, 83, 115, 9, 91, 49, 212,
       104, 106, 40, 224, 217, 42, 251, 235, 69, 21, 225, 243, 70, 34,
       200, 184, 151, 115, 137, 236, 113, 23, 250, 91, 38, 24, 190, 151,
       64, 187, 161, 62, 104, 24, 51, 109, 178, 35, 203, 251, 80, 122,
       202, 64, 135, 58, 216, 180, 159, 243, 168, 110, 29, 51, 176, 119,
       135, 29, 223, 119, 74, 91, 167, 23, 237, 160, 57, 197, 187, 2,
       203, 227, 127, 85, 160, 64, 143, 115, 221, 52, 191, 100, 136, 108,
       93, 147, 161, 254, 174, 25, 223, 63, 91, 58, 165, 213, 125, 49,
       153, 103, 243, 2, 219, 239, 117, 124, 224, 242, 198, 114, 101,
       163, 149, 115, 172, 45, 68, 136, 239, 187, 185, 72, 198, 121, 76,
       190, 137, 198, 108, 18, 30, 98, 203, 49, 140, 222, 85, 126, 208,
       123, 194, 5, 116, 73, 200, 103, 137, 74, 71, 136, 48, 166, 167,
       137, 83, 99, 75, 90, 112, 196, 105, 106, 72, 211, 217, 40, 241,
       227, 69, 21, 225, 243, 70, 98, 77, 113, 81, 69, 112, 79, 107, 56,
       105, 232, 119, 104, 219, 87, 137, 52, 22, 92, 84, 106, 129, 176,
       233, 12, 78, 248, 33, 36, 66, 163, 67, 161, 225, 189, 181, 86,
       205, 77, 69, 175, 235, 243, 160, 24, 242, 181, 68, 63, 129, 118,
       104, 8, 123, 111, 250, 51, 189, 186, 85, 58, 192, 120, 198, 42,
       248, 180, 252, 114, 169, 172, 81, 159, 179, 191, 165, 24, 119,
