%YAML:1.0
---
descriptors: !!opencv-matrix
   rows: 254
   cols: 32
   dt: u
   data: [ 5, 223, 159, 103, 176, 14, 111, 188, 124, 234, 90, 100, 245,
       115, 145, 96, 55, 110, 54, 110, 225, 208, 29, 47, 236, 175, 103,
       132, 12, 243, 129, 177, 237, 113, 253, 103, 44, 94, 87, 152, 97,
       250, 183, 72, 215, 85, 201, 59, 22, 212, 124, 106, 233, 101, 249,
       8, 227, 217, 101, 52, 106, 179, 70, 113, 248, 184, 253, 112, 168,
       253, 81, 215, 178, 255, 164, 24, 51, 183, 66, 58, 5, 246, 237, 24,
       58, 111, 242, 49, 219, 203, 117, 121, 226, 208, 198, 123, 93, 93,
       125, 103, 176, 78, 79, 184, 97, 232, 191, 104, 215, 119, 137, 112,
       54, 244, 92, 106, 201, 129, 121, 46, 243, 237, 37, 148, 98, 243,
       196, 49, 252, 188, 252, 118, 136, 109, 85, 254, 179, 190, 164, 24,
       115, 119, 65, 27, 9, 246, 108, 42, 104, 103, 251, 42, 251, 203,
       117, 61, 227, 241, 198, 42, 93, 221, 25, 239, 176, 110, 79, 188,
       36, 168, 255, 100, 247, 119, 137, 112, 22, 214, 93, 106, 105, 144,
       121, 63, 225, 239, 39, 148, 32, 243, 132, 57, 236, 48, 189, 115,
       237, 109, 81, 152, 91, 255, 181, 24, 222, 93, 77, 59, 153, 84,
       252, 58, 43, 102, 251, 16, 207, 219, 81, 127, 194, 105, 70, 115,
       252, 112, 189, 115, 40, 111, 83, 152, 123, 191, 167, 24, 215, 87,
       73, 59, 149, 212, 124, 122, 41, 102, 251, 32, 223, 219, 97, 60,
       192, 243, 70, 51, 44, 180, 188, 115, 237, 125, 81, 27, 255, 63,
       165, 24, 222, 125, 72, 59, 153, 26, 253, 24, 58, 102, 250, 19,
       207, 223, 81, 127, 210, 72, 198, 162, 85, 5, 95, 103, 180, 78,
       111, 48, 108, 160, 170, 8, 215, 113, 1, 113, 50, 245, 124, 106,
       105, 176, 113, 14, 229, 239, 37, 16, 96, 242, 64, 32, 252, 99,
       253, 69, 140, 75, 71, 184, 64, 166, 183, 8, 83, 97, 217, 63, 24,
       212, 108, 106, 72, 114, 237, 8, 245, 201, 101, 53, 103, 251, 86,
       32, 232, 181, 180, 251, 189, 253, 84, 47, 223, 63, 172, 24, 190,
       189, 76, 59, 137, 147, 251, 16, 58, 110, 242, 151, 239, 219, 84,
       123, 210, 72, 198, 10, 212, 141, 92, 229, 144, 106, 79, 175, 180,
       166, 174, 16, 215, 99, 0, 83, 51, 214, 77, 170, 120, 205, 25, 46,
       249, 231, 37, 85, 32, 240, 132, 42, 96, 156, 157, 254, 136, 237,
       21, 151, 150, 23, 96, 24, 182, 247, 96, 91, 193, 122, 42, 8, 50,
       78, 218, 51, 205, 163, 84, 56, 144, 88, 135, 170, 20, 237, 59, 99,
       149, 207, 103, 236, 118, 160, 110, 0, 211, 209, 105, 32, 57, 222,
       2, 122, 107, 240, 57, 63, 233, 143, 5, 36, 112, 59, 68, 168, 244,
       101, 189, 100, 143, 79, 87, 232, 64, 182, 165, 8, 83, 53, 65, 59,
       25, 212, 104, 98, 104, 103, 249, 8, 249, 131, 69, 61, 97, 123, 70,
       34, 69, 103, 145, 35, 176, 46, 110, 152, 123, 184, 59, 64, 223,
       98, 201, 250, 151, 77, 108, 126, 148, 240, 201, 98, 172, 253, 103,
       228, 136, 243, 203, 5, 77, 117, 57, 71, 240, 79, 119, 184, 61,
       232, 127, 108, 222, 119, 137, 52, 148, 92, 253, 98, 225, 176, 249,
       110, 239, 255, 37, 134, 74, 115, 7, 115, 69, 113, 17, 101, 65, 15,
       98, 48, 104, 224, 99, 76, 214, 17, 1, 48, 144, 68, 104, 110, 193,
       176, 209, 12, 37, 188, 1, 6, 72, 51, 67, 32, 156, 108, 123, 100,
       2, 106, 99, 80, 96, 134, 103, 40, 83, 23, 129, 59, 50, 244, 68,
       106, 41, 245, 160, 40, 81, 137, 97, 0, 97, 243, 102, 160, 20, 165,
       185, 114, 155, 233, 17, 207, 226, 53, 173, 24, 30, 183, 72, 56,
       129, 155, 200, 16, 26, 107, 186, 113, 219, 197, 21, 127, 224, 65,
       135, 226, 101, 70, 77, 7, 180, 46, 79, 186, 112, 238, 63, 76, 211,
       97, 153, 80, 17, 198, 108, 46, 169, 176, 109, 46, 228, 175, 37,
       148, 224, 243, 210, 33, 109, 85, 21, 103, 164, 14, 71, 184, 96,
       232, 171, 76, 211, 113, 153, 51, 16, 68, 108, 110, 201, 240, 249,
       44, 161, 233, 101, 20, 72, 243, 194, 32, 232, 188, 180, 248, 237,
       237, 84, 223, 255, 59, 180, 24, 191, 253, 64, 27, 141, 178, 253,
       24, 186, 111, 210, 179, 223, 251, 85, 123, 210, 204, 198, 27, 230,
       172, 246, 190, 253, 47, 254, 239, 255, 187, 242, 18, 206, 234, 60,
       91, 251, 207, 127, 177, 184, 255, 219, 255, 189, 254, 223, 246,
       197, 120, 243, 138, 226, 188, 180, 254, 237, 175, 92, 255, 255,
       187, 240, 24, 234, 248, 84, 91, 205, 239, 127, 145, 186, 111, 219,
       251, 191, 222, 223, 58, 208, 120, 242, 10, 118, 172, 214, 255,
       252, 15, 254, 239, 191, 187, 242, 18, 205, 234, 60, 91, 251, 207,
       127, 129, 58, 255, 203, 255, 191, 254, 223, 180, 197, 248, 243,
       137, 230, 172, 246, 255, 252, 171, 252, 239, 191, 179, 242, 18,
       237, 234, 124, 91, 235, 239, 127, 129, 186, 255, 203, 243, 158,
       250, 223, 180, 213, 248, 243, 137, 230, 172, 254, 255, 236, 171,
       252, 251, 191, 179, 250, 18, 253, 235, 92, 91, 235, 239, 127, 145,
       178, 255, 203, 243, 222, 251, 255, 252, 149, 232, 243, 129, 197,
       116, 21, 71, 37, 78, 102, 184, 121, 234, 35, 92, 222, 113, 9, 59,
       144, 68, 104, 106, 97, 244, 153, 10, 37, 186, 69, 6, 72, 115, 67,
       35, 197, 126, 141, 23, 172, 47, 230, 152, 122, 250, 11, 92, 214,
       96, 93, 43, 145, 70, 120, 127, 177, 116, 219, 34, 173, 26, 109,
       52, 200, 121, 83, 36, 240, 166, 254, 112, 138, 233, 81, 71, 178,
       23, 164, 185, 39, 167, 64, 27, 35, 178, 237, 16, 58, 79, 162, 17,
       219, 195, 116, 121, 224, 192, 134, 106, 244, 164, 253, 112, 168,
       105, 85, 159, 178, 183, 165, 24, 83, 231, 72, 27, 1, 214, 109, 58,
       58, 71, 250, 2, 217, 203, 117, 124, 224, 208, 134, 98, 252, 224,
       220, 114, 168, 105, 85, 159, 162, 55, 165, 25, 87, 183, 74, 27, 1,
       214, 109, 16, 122, 79, 218, 49, 219, 195, 117, 125, 226, 208, 134,
       114, 45, 113, 25, 101, 17, 94, 87, 56, 97, 232, 111, 72, 211, 17,
       1, 48, 144, 92, 80, 106, 201, 176, 241, 12, 103, 221, 1, 4, 74,
       51, 74, 162, 252, 172, 252, 118, 137, 109, 85, 222, 211, 191, 181,
       24, 67, 241, 77, 31, 9, 214, 236, 26, 56, 103, 218, 34, 219, 219,
       85, 61, 227, 249, 198, 34, 236, 112, 189, 99, 173, 109, 81, 152,
       91, 255, 181, 24, 223, 93, 73, 59, 153, 84, 124, 122, 11, 102,
       251, 16, 207, 219, 101, 125, 192, 123, 70, 115, 85, 213, 29, 231,
       176, 14, 79, 189, 36, 168, 191, 96, 215, 119, 136, 112, 22, 214,
       125, 106, 105, 145, 105, 63, 233, 239, 39, 212, 32, 243, 128, 49,
       88, 34, 156, 117, 168, 171, 81, 26, 166, 191, 166, 185, 215, 99,
       2, 26, 1, 230, 109, 28, 24, 109, 203, 0, 200, 195, 117, 209, 224,
       192, 6, 34, 132, 236, 255, 255, 238, 43, 255, 254, 190, 178, 242,
       18, 247, 235, 89, 91, 255, 231, 127, 131, 240, 245, 203, 107, 252,
       175, 255, 164, 164, 249, 161, 161, 104, 181, 188, 250, 173, 253,
       84, 47, 223, 31, 173, 24, 190, 253, 72, 59, 201, 146, 255, 16, 58,
       107, 122, 145, 207, 223, 84, 127, 210, 72, 198, 42, 230, 237, 214,
       191, 236, 171, 254, 238, 191, 187, 251, 18, 239, 234, 93, 75, 255,
       255, 127, 243, 120, 247, 203, 255, 188, 254, 223, 252, 197, 251,
       227, 129, 108, 180, 149, 115, 169, 109, 80, 27, 123, 187, 35, 88,
       222, 123, 72, 186, 145, 22, 108, 16, 59, 100, 219, 146, 143, 219,
       85, 118, 194, 72, 194, 3, 104, 252, 180, 252, 141, 237, 84, 231,
       223, 19, 172, 24, 190, 185, 36, 26, 201, 242, 249, 0, 122, 111,
       210, 179, 251, 255, 212, 59, 210, 88, 214, 10, 5, 237, 27, 115,
       149, 207, 103, 232, 246, 160, 106, 0, 242, 241, 97, 96, 217, 108,
       34, 106, 75, 242, 122, 61, 233, 142, 5, 36, 88, 59, 80, 168, 69,
       103, 152, 39, 176, 10, 110, 168, 121, 170, 43, 64, 207, 99, 201,
       90, 147, 76, 108, 126, 68, 240, 205, 42, 172, 255, 39, 36, 192,
       243, 75, 1, 69, 243, 145, 67, 189, 14, 102, 184, 106, 184, 43, 76,
       214, 112, 89, 50, 145, 68, 104, 126, 195, 112, 217, 21, 173, 188,
       37, 100, 72, 51, 195, 33, 101, 99, 16, 71, 116, 14, 102, 56, 105,
       168, 115, 76, 211, 0, 157, 180, 144, 76, 68, 110, 192, 176, 197,
       12, 36, 188, 33, 4, 72, 179, 74, 5, 92, 99, 254, 231, 44, 11, 126,
