%YAML:1.0
---
descriptors: !!opencv-matrix
   rows: 222
   cols: 32
   dt: u
   data: [ 236, 116, 149, 71, 169, 110, 71, 152, 123, 250, 43, 24, 214,
       119, 73, 63, 145, 84, 120, 122, 49, 84, 249, 2, 239, 251, 69, 52,
       194, 115, 198, 34, 13, 245, 17, 71, 113, 95, 230, 184, 125, 232,
       111, 72, 218, 117, 12, 180, 144, 92, 80, 106, 65, 176, 121, 95,
       39, 190, 1, 6, 74, 51, 67, 176, 100, 237, 185, 90, 153, 77, 87,
       136, 115, 149, 173, 24, 242, 247, 72, 50, 153, 90, 64, 122, 90,
       98, 251, 51, 107, 157, 5, 127, 210, 123, 198, 226, 36, 225, 49,
       73, 93, 79, 67, 184, 70, 48, 45, 8, 210, 85, 13, 52, 25, 88, 64,
       106, 75, 34, 123, 29, 101, 140, 1, 60, 81, 187, 70, 162, 253, 85,
       125, 101, 168, 78, 71, 56, 97, 232, 191, 72, 87, 55, 129, 115, 20,
       212, 124, 106, 201, 48, 249, 12, 247, 233, 101, 20, 106, 243, 70,
       49, 168, 181, 188, 254, 189, 221, 84, 47, 223, 63, 164, 25, 190,
       189, 8, 51, 201, 146, 253, 0, 122, 107, 242, 181, 227, 251, 84,
       123, 82, 72, 198, 10, 252, 176, 253, 114, 168, 237, 85, 159, 243,
       255, 164, 24, 27, 247, 74, 59, 131, 214, 124, 24, 58, 111, 250,
       33, 219, 203, 117, 125, 225, 208, 198, 115, 221, 34, 148, 178,
       169, 60, 72, 154, 251, 187, 163, 92, 207, 242, 73, 219, 135, 71,
       108, 28, 188, 69, 203, 34, 152, 251, 119, 254, 136, 113, 139, 5,
       213, 70, 200, 71, 148, 62, 78, 154, 113, 175, 255, 84, 67, 96,
       159, 254, 113, 198, 108, 190, 172, 244, 237, 42, 162, 239, 53,
       149, 227, 243, 88, 5, 224, 172, 156, 218, 204, 237, 1, 143, 218,
       27, 164, 24, 182, 243, 72, 122, 129, 18, 106, 8, 51, 111, 218, 51,
       205, 162, 119, 120, 216, 72, 199, 170, 93, 69, 125, 103, 176, 78,
       111, 188, 101, 160, 43, 64, 215, 115, 9, 115, 50, 212, 124, 106,
       233, 176, 121, 44, 231, 235, 37, 20, 96, 243, 64, 32, 96, 149, 21,
       123, 157, 109, 68, 175, 95, 49, 40, 24, 150, 51, 76, 116, 129, 19,
       104, 16, 91, 104, 219, 23, 173, 214, 20, 126, 208, 88, 196, 42,
       52, 69, 25, 99, 21, 79, 103, 168, 118, 160, 171, 10, 83, 113, 25,
       112, 49, 220, 72, 106, 105, 177, 57, 30, 233, 142, 5, 20, 113,
       187, 64, 32, 197, 113, 25, 101, 81, 14, 99, 56, 104, 232, 107, 76,
       222, 17, 9, 48, 144, 76, 64, 110, 193, 176, 209, 78, 101, 188, 1,
       4, 72, 35, 67, 35, 244, 188, 253, 118, 201, 244, 85, 171, 187,
       223, 164, 24, 114, 255, 76, 123, 129, 247, 236, 16, 63, 79, 186,
       35, 219, 255, 85, 123, 160, 113, 198, 114, 193, 121, 19, 77, 2,
       78, 39, 52, 96, 192, 98, 72, 242, 16, 129, 181, 50, 116, 80, 106,
       65, 176, 177, 108, 37, 168, 96, 0, 74, 178, 67, 189, 129, 142, 91,
       57, 164, 171, 109, 183, 118, 3, 98, 212, 247, 227, 176, 121, 115,
       110, 46, 12, 115, 220, 13, 51, 204, 170, 119, 64, 60, 208, 224,
       168, 253, 143, 70, 71, 133, 26, 102, 168, 97, 160, 238, 136, 235,
       96, 151, 183, 26, 230, 236, 110, 236, 240, 237, 173, 166, 250, 69,
       21, 103, 246, 90, 12, 208, 161, 157, 240, 136, 236, 81, 31, 166,
       53, 166, 24, 183, 247, 64, 91, 129, 151, 109, 16, 26, 73, 243, 17,
       217, 161, 113, 121, 160, 192, 134, 42, 236, 48, 189, 99, 141, 111,
       83, 136, 123, 191, 37, 24, 214, 117, 73, 59, 145, 84, 104, 50, 49,
       116, 249, 48, 207, 211, 65, 119, 194, 107, 71, 34, 197, 84, 29,
       111, 161, 14, 119, 184, 120, 250, 99, 68, 222, 115, 9, 115, 147,
       84, 104, 106, 225, 244, 121, 110, 229, 251, 71, 6, 72, 115, 67,
       35, 69, 253, 157, 67, 164, 111, 103, 152, 122, 250, 43, 12, 214,
       113, 73, 43, 145, 70, 120, 122, 113, 112, 249, 34, 237, 158, 101,
       116, 200, 123, 211, 34, 77, 116, 181, 71, 225, 126, 119, 184, 121,
       234, 103, 8, 222, 113, 13, 191, 145, 84, 120, 106, 229, 244, 249,
       74, 39, 255, 69, 38, 74, 115, 203, 54, 240, 56, 255, 112, 170,
       236, 65, 86, 162, 158, 164, 56, 55, 151, 65, 27, 39, 246, 109, 24,
       40, 79, 178, 32, 219, 203, 116, 120, 224, 208, 102, 107, 248, 172,
       156, 122, 137, 173, 84, 223, 146, 63, 164, 25, 55, 225, 72, 27,
       137, 242, 236, 16, 58, 111, 218, 51, 219, 195, 117, 125, 250, 200,
       202, 10, 248, 130, 252, 112, 40, 233, 81, 23, 194, 63, 180, 56,
       51, 145, 64, 59, 11, 178, 108, 24, 58, 109, 98, 17, 219, 203, 112,
       121, 241, 136, 198, 43, 248, 220, 252, 126, 173, 237, 85, 255,
       211, 191, 180, 25, 51, 241, 98, 27, 201, 242, 236, 16, 122, 111,
       218, 51, 251, 219, 117, 57, 211, 216, 206, 10, 77, 85, 20, 71, 49,
       70, 119, 48, 125, 160, 111, 68, 222, 51, 9, 116, 214, 85, 56, 106,
       65, 176, 81, 78, 231, 255, 2, 2, 74, 51, 3, 51, 248, 172, 246,
       114, 171, 233, 85, 223, 179, 23, 164, 24, 47, 247, 64, 31, 39,
       182, 237, 24, 58, 79, 170, 51, 219, 243, 84, 123, 226, 192, 134,
       107, 120, 185, 254, 112, 170, 233, 81, 71, 163, 181, 164, 56, 55,
       247, 64, 26, 35, 178, 237, 16, 26, 107, 162, 1, 219, 195, 116,
       121, 225, 192, 198, 43, 77, 116, 149, 71, 161, 110, 103, 186, 121,
       234, 47, 88, 222, 51, 1, 127, 145, 84, 124, 42, 97, 212, 249, 42,
       167, 255, 117, 20, 202, 243, 67, 48, 5, 245, 17, 67, 117, 31, 230,
       184, 125, 232, 107, 76, 222, 80, 13, 180, 148, 76, 82, 106, 225,
       176, 89, 62, 39, 188, 5, 6, 74, 51, 75, 133, 208, 152, 159, 124,
       40, 72, 65, 55, 176, 27, 162, 56, 247, 55, 0, 123, 39, 247, 108,
       8, 57, 77, 163, 1, 217, 227, 112, 88, 160, 160, 167, 59, 105, 117,
       49, 71, 85, 79, 71, 172, 121, 232, 106, 8, 242, 117, 9, 180, 144,
       126, 80, 106, 73, 176, 249, 47, 39, 252, 5, 50, 66, 58, 70, 170,
       37, 241, 49, 67, 93, 95, 198, 168, 110, 240, 41, 72, 210, 80, 77,
       180, 153, 92, 82, 122, 65, 112, 121, 60, 45, 156, 5, 118, 88, 59,
       66, 164, 85, 85, 125, 103, 52, 78, 79, 176, 96, 232, 191, 64, 211,
       119, 137, 112, 22, 212, 92, 106, 233, 176, 121, 46, 231, 239, 37,
       148, 104, 243, 64, 49, 108, 181, 188, 115, 173, 109, 81, 25, 111,
       59, 173, 24, 223, 125, 72, 59, 153, 146, 253, 24, 26, 106, 251,
       21, 207, 219, 81, 127, 210, 74, 198, 34, 252, 237, 252, 118, 136,
       109, 87, 255, 179, 182, 173, 24, 115, 247, 73, 27, 9, 214, 236,
       42, 120, 103, 250, 34, 251, 203, 101, 61, 227, 241, 198, 42, 221,
       34, 148, 182, 168, 60, 92, 158, 250, 187, 163, 89, 207, 226, 203,
       251, 135, 199, 108, 28, 188, 71, 203, 32, 154, 251, 119, 252, 136,
       241, 139, 5, 85, 110, 236, 87, 180, 58, 70, 138, 119, 174, 246,
       21, 67, 96, 159, 122, 113, 204, 44, 142, 172, 244, 237, 42, 194,
       239, 245, 5, 225, 241, 120, 68, 93, 69, 93, 103, 152, 78, 103,
       184, 100, 160, 171, 8, 83, 115, 9, 115, 50, 212, 108, 106, 105,
       176, 121, 44, 245, 235, 101, 16, 97, 243, 66, 32, 252, 78, 159,
       246, 168, 44, 92, 186, 176, 186, 163, 56, 127, 247, 65, 219, 135,
       247, 109, 10, 104, 71, 203, 32, 211, 235, 117, 25, 98, 241, 2, 35,
       96, 181, 145, 99, 153, 77, 84, 175, 127, 57, 41, 88, 214, 51, 76,
       52, 145, 31, 104, 16, 91, 104, 219, 23, 173, 222, 21, 126, 216,
       72, 194, 35, 144, 172, 159, 255, 152, 236, 17, 135, 182, 23, 98,
       16, 247, 243, 32, 89, 193, 122, 104, 16, 58, 205, 218, 55, 201,
       167, 117, 88, 176, 64, 132, 42, 21, 97, 19, 101, 21, 79, 103, 232,
       118, 160, 235, 0, 83, 241, 41, 112, 248, 204, 42, 106, 73, 240,
       25, 30, 225, 142, 5, 4, 96, 59, 96, 32, 197, 119, 17, 69, 85, 14,
       99, 56, 120, 168, 107, 76, 214, 81, 25, 52, 148, 76, 68, 110, 193,
       240, 217, 14, 37, 188, 33, 4, 74, 179, 67, 161, 69, 48, 25, 101,
       1, 78, 49, 17, 104, 232, 34, 8, 214, 17, 73, 58, 128, 20, 104, 40,
       1, 240, 177, 0, 197, 184, 65, 6, 72, 32, 3, 50, 126, 141, 6, 14,
       145, 218, 70, 175, 117, 167, 238, 11, 106, 96, 14, 212, 121, 230,
       232, 176, 60, 187, 77, 175, 187, 246, 133, 87, 227, 126, 254, 14,
       244, 237, 189, 118, 136, 109, 71, 220, 178, 183, 173, 24, 83, 247,
       73, 59, 1, 214, 108, 90, 58, 103, 250, 35, 249, 203, 117, 60, 224,
