%YAML:1.0
---
descriptors: !!opencv-matrix
   rows: 225
   cols: 32
   dt: u
   data: [ 236, 116, 157, 103, 169, 111, 71, 152, 122, 186, 43, 24, 214,
       119, 73, 59, 145, 84, 120, 122, 33, 80, 249, 34, 237, 251, 69, 52,
       192, 115, 198, 50, 36, 125, 57, 103, 245, 79, 103, 184, 125, 104,
       107, 8, 210, 117, 9, 48, 152, 84, 112, 106, 105, 176, 121, 46,
       229, 255, 5, 52, 64, 123, 86, 242, 108, 165, 184, 122, 137, 77,
       87, 168, 227, 183, 173, 24, 242, 117, 74, 50, 153, 210, 105, 122,
       90, 99, 251, 51, 235, 223, 69, 125, 210, 115, 198, 98, 44, 101,
       57, 111, 61, 79, 71, 184, 86, 238, 237, 8, 210, 117, 73, 48, 152,
       220, 121, 106, 73, 114, 249, 58, 229, 221, 5, 48, 80, 123, 86,
       242, 252, 180, 156, 114, 169, 109, 81, 143, 179, 191, 165, 25,
       134, 183, 74, 27, 129, 151, 237, 16, 58, 79, 218, 18, 219, 211,
       117, 127, 224, 64, 142, 67, 36, 69, 41, 103, 213, 79, 71, 184, 85,
       236, 239, 8, 211, 85, 25, 48, 216, 220, 91, 106, 73, 178, 121, 46,
       229, 253, 133, 52, 80, 251, 86, 114, 120, 180, 189, 112, 139, 237,
       81, 111, 227, 55, 172, 24, 54, 183, 72, 58, 129, 146, 104, 24, 26,
       107, 178, 17, 219, 195, 80, 123, 226, 0, 198, 106, 81, 15, 95,
       101, 176, 46, 79, 54, 116, 138, 122, 192, 243, 35, 144, 112, 23,
       230, 108, 44, 249, 184, 69, 46, 168, 174, 37, 192, 232, 242, 192,
       9, 13, 117, 49, 79, 85, 78, 230, 184, 121, 200, 106, 72, 214, 89,
       5, 180, 144, 92, 80, 106, 193, 176, 249, 46, 39, 188, 1, 6, 74,
       51, 67, 178, 37, 117, 17, 71, 85, 79, 102, 56, 110, 224, 43, 8,
       214, 112, 77, 180, 144, 92, 82, 106, 65, 176, 121, 30, 45, 156, 5,
       54, 72, 59, 67, 162, 249, 184, 220, 50, 168, 189, 89, 223, 179,
       127, 180, 189, 63, 247, 66, 27, 135, 179, 253, 20, 190, 79, 234,
       51, 219, 195, 117, 249, 162, 196, 142, 91, 252, 36, 220, 114, 136,
       109, 85, 223, 179, 191, 165, 25, 55, 247, 75, 27, 1, 214, 109, 24,
       58, 79, 218, 34, 219, 195, 117, 61, 226, 240, 198, 42, 232, 174,
       196, 58, 248, 169, 96, 207, 187, 27, 116, 189, 47, 233, 194, 155,
       11, 170, 230, 28, 54, 126, 202, 115, 94, 147, 117, 105, 234, 196,
       202, 136, 252, 252, 245, 114, 168, 105, 71, 152, 178, 190, 165,
       24, 115, 247, 73, 59, 17, 246, 108, 90, 42, 103, 250, 34, 251,
       203, 101, 56, 224, 243, 198, 34, 221, 38, 152, 182, 168, 60, 72,
       10, 250, 187, 163, 120, 207, 226, 203, 219, 131, 199, 108, 30, 60,
       69, 203, 34, 154, 251, 119, 29, 128, 241, 11, 1, 93, 69, 93, 103,
       150, 78, 71, 176, 100, 160, 171, 72, 83, 113, 25, 112, 50, 244,
       92, 106, 105, 176, 93, 46, 239, 239, 37, 16, 97, 243, 192, 32,
       212, 68, 92, 118, 168, 106, 95, 168, 176, 178, 167, 24, 215, 115,
       9, 123, 35, 213, 109, 106, 104, 101, 203, 46, 241, 235, 101, 21,
       96, 241, 70, 34, 148, 205, 94, 247, 146, 74, 79, 188, 52, 162,
       230, 16, 247, 115, 1, 81, 51, 246, 77, 234, 104, 209, 25, 47, 233,
       231, 37, 21, 32, 241, 164, 42, 192, 140, 157, 255, 136, 237, 5,
       167, 182, 23, 96, 24, 183, 243, 96, 91, 129, 122, 104, 24, 50, 76,
       250, 51, 205, 167, 116, 120, 144, 80, 135, 170, 69, 245, 149, 103,
       177, 14, 103, 184, 126, 168, 43, 76, 222, 113, 73, 50, 149, 68,
       104, 126, 193, 240, 217, 42, 237, 190, 69, 4, 200, 115, 195, 33,
       36, 197, 173, 111, 152, 79, 71, 184, 86, 114, 171, 0, 211, 101, 9,
       80, 81, 212, 104, 110, 107, 240, 121, 31, 233, 174, 5, 20, 80,
       251, 68, 112, 109, 97, 41, 103, 52, 31, 118, 48, 105, 232, 127,
       73, 219, 29, 157, 176, 148, 76, 125, 110, 196, 240, 225, 12, 231,
       253, 33, 148, 66, 191, 82, 101, 76, 117, 121, 103, 112, 79, 63,
       56, 57, 164, 111, 168, 223, 87, 139, 48, 22, 93, 197, 106, 65,
       144, 249, 78, 231, 221, 33, 4, 66, 179, 7, 113, 124, 105, 123,
       100, 80, 78, 67, 112, 97, 160, 101, 8, 115, 23, 129, 48, 16, 188,
       68, 106, 73, 242, 240, 12, 83, 169, 33, 0, 97, 163, 70, 160, 208,
       184, 188, 114, 136, 237, 81, 151, 230, 115, 166, 24, 183, 215, 64,
       59, 129, 179, 108, 16, 59, 109, 211, 49, 217, 131, 113, 121, 224,
       64, 135, 42, 120, 176, 189, 120, 11, 237, 17, 95, 163, 53, 172,
       24, 23, 151, 64, 58, 1, 146, 109, 16, 26, 107, 178, 17, 219, 197,
       16, 127, 226, 0, 134, 106, 213, 221, 31, 103, 176, 14, 71, 181,
       224, 168, 171, 76, 215, 115, 137, 115, 36, 230, 108, 110, 249,
       169, 25, 45, 224, 235, 101, 16, 104, 243, 194, 33, 73, 117, 16,
       71, 81, 30, 230, 188, 121, 168, 106, 76, 214, 112, 29, 180, 144,
       76, 80, 106, 225, 176, 217, 110, 37, 190, 5, 6, 74, 51, 203, 133,
       229, 182, 139, 146, 218, 104, 37, 207, 114, 255, 129, 252, 20,
       226, 202, 250, 115, 206, 226, 148, 51, 94, 239, 34, 60, 6, 127,
       236, 168, 112, 170, 241, 221, 102, 200, 87, 148, 62, 78, 154, 115,
       174, 238, 20, 67, 98, 155, 254, 113, 206, 44, 174, 172, 212, 237,
       42, 162, 239, 181, 5, 171, 241, 90, 4, 173, 150, 220, 83, 176, 63,
       86, 191, 118, 59, 63, 124, 211, 112, 138, 113, 23, 206, 12, 62,
       191, 252, 105, 63, 238, 143, 37, 116, 216, 232, 200, 5, 124, 176,
       189, 114, 168, 109, 81, 157, 226, 253, 165, 8, 211, 247, 72, 58,
       5, 214, 124, 24, 27, 99, 250, 16, 219, 235, 117, 125, 226, 194,
       198, 115, 252, 180, 220, 114, 136, 109, 85, 223, 179, 183, 172,
       25, 23, 247, 74, 27, 1, 214, 237, 24, 58, 79, 218, 50, 219, 195,
       117, 125, 226, 240, 198, 10, 242, 170, 204, 80, 203, 185, 144,
       207, 170, 55, 164, 157, 34, 227, 70, 27, 105, 178, 235, 144, 58,
       79, 202, 49, 95, 131, 213, 123, 225, 72, 206, 154, 101, 181, 157,
       218, 232, 173, 5, 143, 234, 59, 169, 88, 246, 240, 76, 58, 129,
       82, 106, 18, 59, 107, 218, 115, 189, 146, 85, 126, 208, 89, 195,
       34, 92, 5, 95, 103, 148, 79, 71, 184, 116, 160, 235, 8, 83, 113,
       25, 112, 48, 198, 72, 106, 105, 177, 25, 46, 241, 239, 5, 16, 97,
       243, 96, 34, 220, 76, 220, 118, 168, 46, 93, 184, 177, 178, 166,
       56, 87, 119, 1, 91, 39, 215, 109, 42, 40, 69, 203, 42, 219, 235,
       117, 21, 224, 241, 134, 35, 65, 105, 17, 69, 17, 14, 98, 32, 104,
       32, 106, 8, 182, 16, 0, 48, 144, 108, 104, 106, 65, 176, 209, 12,
       165, 184, 0, 0, 72, 34, 67, 34, 116, 5, 93, 101, 22, 75, 71, 40,
       100, 160, 175, 8, 211, 49, 9, 112, 50, 212, 72, 106, 9, 176, 125,
       30, 237, 173, 1, 20, 112, 171, 64, 32, 108, 118, 248, 97, 171,
       121, 21, 159, 59, 191, 60, 185, 143, 25, 207, 26, 135, 87, 237,
       16, 34, 116, 233, 18, 206, 211, 117, 183, 226, 216, 199, 43, 240,
       170, 190, 112, 170, 232, 81, 23, 162, 23, 164, 56, 55, 167, 64,
       27, 35, 182, 237, 16, 58, 79, 162, 1, 219, 227, 112, 121, 224,
       192, 134, 106, 101, 97, 120, 103, 116, 10, 126, 40, 105, 160, 111,
       9, 211, 9, 29, 16, 146, 76, 121, 110, 68, 240, 205, 12, 102, 253,
       1, 1, 100, 179, 74, 2, 76, 101, 120, 103, 115, 26, 127, 168, 57,
       164, 111, 136, 223, 119, 137, 176, 54, 221, 213, 234, 64, 144,
       233, 78, 231, 237, 33, 133, 98, 179, 7, 162, 208, 184, 159, 112,
       136, 236, 81, 151, 182, 51, 166, 24, 247, 247, 64, 123, 1, 183,
       108, 16, 58, 77, 243, 49, 217, 163, 113, 121, 224, 64, 135, 42,
       120, 168, 191, 114, 168, 204, 85, 215, 226, 181, 164, 24, 55, 179,
       64, 59, 129, 246, 108, 16, 26, 107, 242, 49, 219, 195, 117, 121,
       224, 128, 198, 42, 226, 236, 148, 58, 137, 237, 20, 175, 155, 51,
       160, 25, 166, 186, 68, 159, 129, 83, 232, 16, 118, 110, 210, 55,
       173, 210, 84, 123, 208, 92, 143, 14, 76, 245, 57, 103, 241, 78,
       119, 189, 121, 232, 111, 76, 222, 117, 9, 48, 144, 92, 80, 106,
       97, 176, 249, 46, 103, 253, 5, 6, 66, 50, 199, 114, 205, 84, 157,
       103, 169, 110, 119, 184, 121, 250, 103, 16, 222, 115, 9, 123, 145,
       85, 124, 106, 113, 244, 249, 66, 231, 251, 103, 6, 200, 115, 67,
       51, 240, 40, 255, 112, 10, 201, 81, 86, 178, 23, 164, 24, 51, 215,
