%YAML:1.0
---
descriptors: !!opencv-matrix
   rows: 293
   cols: 32
   dt: u
   data: [ 120, 176, 253, 116, 40, 205, 81, 19, 162, 253, 164, 29, 55,
       183, 66, 19, 4, 182, 109, 0, 11, 107, 242, 1, 219, 193, 49, 57,
       96, 128, 70, 123, 5, 117, 49, 71, 113, 78, 246, 184, 121, 232,
       107, 72, 222, 113, 13, 180, 144, 92, 80, 106, 193, 240, 249, 46,
       37, 188, 5, 6, 74, 51, 67, 177, 245, 102, 202, 87, 180, 58, 102,
       136, 119, 174, 246, 180, 67, 96, 223, 220, 113, 206, 44, 254, 172,
       244, 237, 42, 154, 255, 101, 133, 226, 245, 122, 4, 37, 117, 17,
       67, 117, 79, 103, 168, 107, 232, 43, 8, 214, 113, 77, 52, 145, 92,
       82, 122, 65, 240, 121, 28, 45, 156, 5, 54, 74, 59, 66, 160, 93,
       38, 148, 180, 168, 60, 76, 138, 234, 187, 179, 124, 207, 226, 201,
       219, 135, 71, 108, 28, 190, 69, 203, 32, 152, 251, 127, 252, 136,
       245, 139, 5, 120, 188, 253, 112, 168, 237, 81, 223, 163, 255, 164,
       24, 51, 247, 66, 59, 7, 246, 108, 24, 42, 79, 250, 49, 219, 203,
       117, 121, 224, 192, 198, 123, 1, 95, 159, 247, 176, 14, 47, 188,
       126, 234, 90, 100, 245, 115, 129, 96, 55, 110, 54, 110, 225, 216,
       89, 46, 236, 175, 47, 128, 8, 243, 129, 185, 124, 101, 125, 71,
       142, 75, 71, 168, 64, 164, 174, 10, 83, 113, 73, 55, 24, 212, 104,
       106, 72, 98, 233, 40, 121, 201, 69, 53, 99, 251, 70, 32, 252, 108,
       252, 118, 140, 105, 87, 152, 211, 182, 180, 24, 83, 225, 71, 27,
       9, 214, 108, 90, 40, 103, 251, 34, 251, 203, 117, 61, 227, 251,
       198, 34, 93, 13, 93, 101, 176, 78, 71, 189, 100, 160, 170, 64,
       215, 51, 1, 114, 50, 213, 124, 106, 105, 176, 89, 12, 239, 239,
       37, 20, 96, 242, 192, 32, 85, 93, 93, 103, 176, 78, 79, 188, 116,
       234, 126, 68, 243, 119, 137, 112, 54, 118, 60, 106, 233, 176, 121,
       46, 233, 239, 37, 132, 104, 243, 64, 57, 244, 78, 159, 246, 168,
       44, 85, 183, 160, 186, 182, 56, 87, 119, 129, 91, 135, 247, 109,
       42, 120, 101, 203, 40, 211, 235, 117, 24, 96, 241, 198, 35, 236,
       48, 253, 99, 173, 109, 83, 152, 75, 255, 165, 24, 222, 93, 73, 59,
       153, 208, 253, 58, 59, 102, 251, 16, 207, 219, 65, 127, 194, 107,
       70, 115, 93, 157, 95, 231, 180, 14, 79, 188, 36, 168, 191, 96,
       215, 119, 137, 112, 54, 246, 125, 106, 249, 129, 121, 46, 233,
       239, 37, 148, 32, 243, 128, 33, 96, 181, 149, 97, 141, 109, 84,
       159, 127, 59, 169, 24, 214, 57, 76, 124, 145, 150, 104, 48, 27,
       120, 219, 147, 175, 222, 21, 118, 210, 72, 196, 2, 148, 220, 155,
       231, 180, 46, 111, 190, 54, 174, 219, 112, 247, 115, 137, 64, 119,
       127, 61, 234, 105, 148, 105, 63, 237, 239, 47, 132, 160, 243, 129,
       105, 236, 180, 188, 114, 173, 109, 81, 152, 123, 255, 165, 24,
       223, 125, 74, 59, 145, 144, 252, 58, 59, 102, 251, 16, 219, 219,
       81, 127, 194, 75, 70, 114, 224, 152, 159, 254, 200, 173, 17, 134,
       150, 23, 96, 24, 182, 247, 96, 91, 193, 122, 42, 16, 50, 79, 218,
       51, 205, 163, 118, 120, 144, 72, 7, 170, 69, 99, 145, 39, 160, 46,
       110, 152, 122, 186, 59, 68, 223, 98, 201, 250, 151, 69, 108, 126,
       181, 208, 201, 66, 172, 254, 103, 196, 136, 243, 75, 5, 84, 100,
       211, 103, 178, 10, 126, 160, 121, 162, 99, 72, 79, 105, 21, 144,
       178, 221, 109, 99, 96, 240, 137, 78, 182, 254, 5, 6, 101, 179, 67,
       0, 65, 49, 17, 101, 1, 79, 99, 32, 104, 224, 99, 8, 214, 17, 1,
       48, 144, 68, 104, 106, 65, 240, 241, 12, 229, 184, 1, 18, 72, 35,
       67, 34, 84, 165, 189, 114, 155, 232, 17, 203, 163, 149, 173, 24,
       27, 247, 72, 58, 33, 215, 232, 144, 26, 107, 186, 98, 219, 199,
       21, 125, 224, 65, 166, 98, 234, 188, 180, 252, 173, 253, 88, 223,
       255, 255, 180, 25, 175, 253, 84, 31, 201, 226, 255, 24, 186, 111,
       242, 179, 219, 223, 87, 123, 210, 76, 214, 91, 248, 184, 188, 248,
       173, 253, 81, 215, 251, 127, 180, 24, 191, 189, 70, 59, 205, 179,
       255, 24, 186, 111, 242, 147, 219, 219, 84, 123, 210, 200, 198,
       107, 134, 172, 246, 159, 236, 169, 252, 239, 191, 179, 251, 154,
       236, 238, 76, 75, 255, 255, 127, 129, 178, 247, 203, 247, 190, 62,
       223, 238, 213, 249, 227, 129, 225, 253, 157, 103, 36, 14, 103, 56,
       104, 234, 107, 76, 246, 113, 24, 51, 144, 68, 108, 110, 225, 240,
       217, 47, 229, 186, 101, 16, 72, 243, 66, 33, 197, 116, 157, 103,
       161, 78, 119, 184, 120, 234, 99, 8, 222, 115, 9, 51, 179, 84, 104,
       106, 97, 244, 185, 74, 229, 187, 69, 6, 72, 115, 67, 35, 105, 188,
       177, 83, 217, 253, 85, 150, 123, 115, 44, 24, 190, 49, 70, 190,
       129, 90, 240, 24, 183, 104, 250, 51, 111, 223, 21, 127, 202, 85,
       203, 254, 197, 253, 157, 67, 172, 111, 167, 184, 122, 250, 15, 76,
       214, 112, 217, 43, 17, 70, 120, 122, 243, 112, 249, 50, 109, 143,
       101, 116, 200, 123, 83, 49, 205, 20, 157, 229, 161, 110, 113, 19,
       57, 251, 47, 20, 158, 55, 65, 251, 133, 87, 120, 56, 49, 216, 241,
       64, 207, 251, 83, 6, 138, 96, 139, 51, 252, 172, 248, 112, 138,
       233, 81, 199, 179, 183, 172, 57, 23, 183, 64, 26, 35, 215, 237,
       16, 58, 79, 170, 34, 219, 199, 117, 125, 224, 64, 134, 106, 248,
       170, 222, 248, 138, 233, 81, 215, 178, 23, 164, 185, 55, 135, 66,
       27, 35, 178, 237, 144, 58, 79, 130, 51, 217, 195, 112, 121, 160,
       192, 134, 106, 248, 154, 120, 120, 169, 169, 81, 215, 195, 63,
       180, 57, 51, 129, 98, 27, 9, 178, 205, 16, 58, 111, 66, 49, 219,
       201, 112, 121, 243, 200, 206, 11, 100, 112, 152, 101, 8, 15, 83,
       24, 96, 172, 37, 12, 215, 19, 73, 18, 16, 84, 64, 106, 8, 96, 249,
       8, 199, 137, 1, 52, 72, 163, 66, 34, 124, 190, 247, 114, 171, 233,
       85, 223, 179, 191, 164, 56, 79, 247, 64, 158, 39, 247, 236, 24,
       58, 79, 170, 99, 219, 219, 85, 127, 226, 192, 134, 107, 244, 78,
       173, 246, 138, 96, 85, 154, 162, 182, 134, 185, 87, 231, 73, 91,
       97, 214, 109, 138, 104, 71, 170, 32, 209, 163, 245, 188, 160, 241,
       38, 98, 240, 172, 252, 114, 168, 173, 81, 223, 178, 63, 164, 29,
       55, 227, 66, 27, 13, 178, 109, 24, 58, 111, 218, 49, 219, 203,
       117, 121, 232, 192, 206, 43, 205, 181, 149, 71, 241, 126, 55, 184,
       121, 234, 47, 8, 222, 112, 77, 183, 145, 84, 112, 106, 245, 240,
       249, 110, 47, 255, 69, 70, 202, 115, 75, 151, 193, 188, 159, 19,
       168, 172, 37, 151, 254, 59, 98, 84, 244, 242, 192, 123, 165, 110,
       106, 12, 179, 220, 155, 115, 205, 170, 119, 0, 136, 80, 131, 169,
       37, 117, 17, 71, 117, 95, 102, 184, 111, 232, 43, 72, 214, 112,
       77, 180, 144, 92, 82, 106, 65, 240, 121, 28, 45, 156, 5, 54, 74,
       59, 66, 166, 220, 176, 140, 181, 139, 98, 21, 159, 162, 183, 134,
       157, 215, 115, 74, 27, 1, 215, 237, 148, 58, 205, 219, 0, 201,
       195, 253, 53, 168, 116, 142, 82, 120, 184, 255, 112, 168, 237, 81,
       87, 163, 191, 164, 8, 59, 183, 64, 59, 35, 182, 237, 0, 26, 107,
       178, 49, 219, 203, 117, 57, 226, 192, 198, 107, 5, 93, 27, 103,
       176, 14, 111, 188, 116, 232, 126, 100, 245, 115, 129, 112, 54,
       126, 20, 106, 225, 144, 121, 46, 236, 175, 39, 128, 40, 243, 129,
       49, 224, 184, 157, 218, 236, 237, 81, 207, 218, 59, 160, 24, 182,
       211, 72, 122, 129, 82, 106, 24, 51, 111, 218, 49, 221, 130, 117,
       124, 216, 72, 199, 170, 184, 140, 155, 127, 148, 230, 71, 251,
       118, 130, 226, 80, 115, 243, 32, 112, 217, 238, 12, 8, 57, 255,
       89, 63, 233, 239, 53, 16, 224, 96, 228, 42, 93, 13, 93, 103, 148,
       78, 71, 189, 97, 160, 170, 8, 215, 115, 9, 115, 50, 214, 108, 106,
       105, 177, 121, 44, 229, 235, 101, 16, 97, 242, 194, 32, 252, 180,
       253, 118, 136, 110, 69, 191, 179, 190, 172, 24, 87, 119, 72, 27,
       1, 214, 236, 42, 120, 111, 251, 42, 251, 235, 117, 60, 226, 240,
       198, 107, 252, 58, 151, 244, 169, 44, 84, 151, 163, 187, 178, 120,
       223, 243, 65, 219, 167, 247, 237, 0, 56, 71, 138, 34, 211, 235,
       117, 152, 226, 240, 131, 35, 166, 244, 103, 83, 229, 249, 117,
