%YAML:1.0
---
descriptors: !!opencv-matrix
   rows: 151
   cols: 32
   dt: u
   data: [ 125, 113, 189, 103, 173, 95, 87, 152, 67, 252, 181, 12, 219,
       89, 219, 191, 152, 196, 124, 110, 205, 98, 249, 40, 227, 217, 101,
       52, 74, 255, 90, 115, 111, 229, 228, 67, 233, 25, 207, 172, 91,
       247, 189, 153, 72, 108, 222, 182, 29, 214, 242, 254, 243, 114,
       239, 242, 46, 30, 197, 254, 199, 222, 222, 244, 110, 165, 228, 71,
       237, 58, 94, 136, 115, 179, 191, 25, 203, 105, 221, 191, 25, 196,
       253, 191, 184, 114, 205, 130, 111, 95, 197, 245, 231, 255, 222, 6,
       92, 113, 25, 229, 50, 78, 119, 56, 40, 232, 123, 96, 223, 87, 137,
       112, 178, 93, 124, 106, 65, 144, 153, 12, 229, 237, 33, 4, 104,
       51, 3, 51, 92, 188, 188, 118, 136, 44, 85, 159, 178, 187, 166, 28,
       223, 243, 73, 122, 5, 214, 124, 24, 58, 73, 219, 34, 219, 239,
       117, 92, 170, 240, 138, 59, 193, 186, 149, 89, 232, 172, 32, 23,
       254, 27, 98, 84, 180, 146, 192, 123, 5, 14, 110, 28, 179, 92, 211,
       83, 12, 42, 118, 64, 200, 64, 131, 13, 253, 140, 237, 87, 148,
       126, 71, 190, 83, 226, 110, 24, 83, 121, 152, 183, 25, 230, 116,
       46, 185, 252, 125, 46, 235, 239, 245, 20, 239, 249, 208, 96, 209,
       180, 149, 16, 169, 188, 0, 143, 255, 251, 130, 92, 182, 242, 204,
       255, 129, 71, 104, 28, 183, 109, 247, 113, 152, 250, 87, 126, 200,
       68, 131, 61, 173, 188, 237, 87, 204, 46, 229, 191, 210, 243, 38,
       92, 210, 113, 220, 43, 1, 70, 120, 28, 177, 252, 255, 34, 79, 42,
       117, 68, 203, 248, 208, 184, 209, 184, 215, 186, 139, 232, 16,
       198, 187, 83, 160, 56, 175, 246, 64, 255, 163, 247, 236, 16, 63,
       79, 154, 241, 153, 242, 95, 123, 168, 64, 163, 14, 221, 184, 149,
       16, 169, 60, 0, 155, 255, 187, 162, 92, 142, 242, 196, 255, 133,
       71, 108, 28, 191, 109, 211, 192, 152, 250, 87, 126, 138, 100, 139,
       5, 133, 96, 221, 183, 108, 41, 237, 204, 30, 178, 49, 90, 213,
       194, 217, 43, 35, 77, 126, 91, 33, 116, 203, 96, 4, 138, 127, 180,
       132, 249, 83, 160, 101, 71, 77, 103, 180, 42, 111, 184, 112, 162,
       251, 232, 211, 97, 153, 112, 19, 196, 108, 110, 233, 176, 77, 46,
       236, 175, 37, 20, 108, 243, 210, 32, 127, 243, 236, 167, 187, 83,
       158, 184, 6, 252, 159, 175, 207, 108, 219, 226, 223, 213, 253,
       247, 207, 67, 253, 189, 186, 71, 239, 255, 63, 63, 28, 87, 120,
       168, 146, 58, 217, 245, 80, 207, 147, 21, 160, 25, 46, 251, 110,
       158, 201, 187, 234, 16, 30, 107, 218, 179, 155, 215, 21, 123, 210,
       76, 174, 142, 245, 133, 205, 39, 146, 42, 103, 168, 116, 162, 235,
       194, 83, 97, 153, 80, 121, 206, 104, 238, 104, 240, 77, 46, 172,
       166, 165, 20, 101, 251, 210, 0, 117, 207, 77, 103, 180, 10, 79,
       184, 96, 160, 251, 236, 211, 97, 153, 115, 16, 196, 108, 110, 233,
       176, 205, 46, 228, 174, 101, 148, 108, 243, 210, 32, 248, 217, 31,
       124, 9, 204, 84, 165, 129, 146, 166, 25, 119, 247, 33, 211, 192,
       244, 236, 98, 104, 79, 210, 45, 243, 227, 69, 27, 50, 56, 236, 26,
       249, 184, 156, 50, 138, 237, 80, 215, 162, 115, 164, 25, 63, 179,
       66, 27, 161, 150, 108, 16, 63, 111, 154, 49, 219, 203, 117, 121,
       232, 64, 138, 10, 101, 199, 77, 103, 164, 14, 71, 184, 96, 168,
       251, 204, 211, 97, 153, 115, 16, 196, 108, 110, 201, 240, 237, 44,
       228, 186, 101, 148, 104, 243, 210, 33, 77, 249, 149, 10, 205, 221,
       50, 200, 206, 112, 173, 8, 222, 240, 73, 182, 145, 66, 234, 90, 7,
       35, 250, 113, 173, 85, 5, 127, 218, 63, 11, 166, 254, 246, 204,
       178, 138, 115, 30, 168, 178, 246, 133, 191, 79, 111, 75, 155, 23,
       213, 253, 243, 46, 71, 207, 178, 218, 195, 237, 253, 164, 119, 14,
       83, 193, 184, 149, 24, 137, 237, 37, 135, 238, 115, 162, 92, 182,
       176, 68, 127, 129, 38, 120, 25, 179, 109, 247, 113, 153, 58, 87,
       122, 200, 64, 131, 60, 248, 48, 120, 96, 56, 237, 81, 83, 162,
       168, 180, 56, 31, 151, 64, 50, 34, 148, 76, 48, 11, 39, 162, 0,
       211, 201, 32, 57, 106, 128, 70, 51, 76, 115, 85, 101, 50, 74, 49,
       56, 45, 160, 111, 232, 223, 87, 137, 244, 54, 21, 236, 96, 65,
       144, 225, 76, 197, 225, 35, 4, 34, 163, 7, 49, 248, 168, 189, 112,
       8, 233, 81, 87, 162, 55, 164, 24, 55, 151, 64, 27, 1, 182, 109,
       24, 26, 79, 178, 49, 217, 195, 113, 120, 224, 128, 134, 106, 108,
       114, 160, 103, 173, 126, 95, 152, 35, 254, 167, 141, 203, 103, 75,
       158, 149, 196, 237, 126, 136, 70, 249, 128, 207, 219, 229, 189,
       130, 255, 86, 115, 237, 231, 140, 39, 232, 31, 70, 184, 35, 190,
       187, 77, 207, 107, 91, 147, 145, 196, 236, 110, 108, 98, 201, 10,
       254, 219, 101, 181, 64, 247, 202, 1, 133, 93, 221, 103, 178, 14,
       103, 184, 124, 226, 111, 100, 215, 115, 137, 113, 55, 92, 60, 106,
       225, 208, 125, 46, 236, 175, 103, 4, 40, 243, 1, 49, 246, 36, 150,
       242, 205, 102, 64, 75, 179, 179, 225, 27, 66, 251, 77, 219, 249,
       214, 234, 178, 60, 103, 154, 194, 155, 242, 215, 127, 161, 97,
       254, 6, 225, 188, 253, 80, 172, 253, 80, 215, 235, 251, 180, 56,
       50, 184, 196, 59, 137, 246, 124, 24, 191, 111, 250, 51, 27, 218,
       117, 123, 201, 200, 202, 47, 253, 117, 232, 103, 172, 30, 71, 184,
       97, 238, 189, 108, 219, 117, 219, 182, 28, 196, 124, 110, 233,
       112, 253, 42, 231, 217, 101, 180, 110, 255, 82, 113, 64, 49, 57,
       69, 49, 78, 99, 48, 104, 172, 46, 8, 150, 19, 1, 48, 144, 52, 64,
       104, 1, 240, 241, 12, 199, 189, 1, 16, 72, 34, 71, 34, 141, 38,
       156, 243, 164, 47, 105, 154, 118, 187, 23, 80, 215, 115, 201, 43,
       55, 94, 110, 26, 178, 244, 73, 32, 204, 203, 119, 228, 168, 249,
       1, 161, 92, 113, 88, 101, 35, 74, 127, 56, 33, 228, 239, 173, 223,
       71, 11, 18, 54, 213, 237, 226, 72, 208, 217, 72, 247, 225, 37,
       133, 35, 183, 14, 115, 121, 184, 126, 112, 173, 253, 81, 87, 227,
       127, 180, 28, 59, 153, 82, 186, 129, 166, 252, 28, 159, 111, 246,
       49, 219, 219, 113, 123, 235, 132, 202, 95, 240, 168, 253, 112,
       136, 233, 65, 87, 178, 183, 164, 24, 51, 183, 64, 27, 1, 182, 109,
       24, 58, 111, 226, 17, 217, 171, 113, 120, 224, 192, 134, 106, 114,
       237, 148, 58, 153, 221, 22, 239, 187, 23, 168, 9, 174, 242, 68,
       148, 129, 243, 232, 83, 126, 75, 218, 183, 185, 214, 93, 123, 16,
       86, 142, 14, 222, 180, 222, 178, 171, 112, 20, 200, 187, 223, 133,
       191, 76, 255, 74, 223, 183, 215, 253, 19, 54, 71, 186, 243, 219,
       211, 95, 255, 162, 119, 175, 83, 229, 113, 157, 103, 36, 14, 71,
       184, 104, 250, 35, 76, 210, 81, 89, 59, 144, 68, 124, 110, 225,
       244, 217, 8, 231, 187, 101, 20, 72, 179, 66, 33, 229, 113, 157,
       71, 40, 14, 70, 184, 104, 250, 39, 76, 211, 113, 89, 59, 144, 68,
       124, 110, 225, 116, 249, 8, 231, 250, 101, 20, 72, 179, 66, 33,
       220, 113, 89, 101, 18, 94, 115, 24, 101, 224, 239, 72, 223, 23, 9,
       244, 54, 157, 200, 234, 73, 144, 241, 78, 231, 233, 1, 4, 106,
       163, 11, 48, 13, 103, 156, 227, 176, 63, 111, 152, 118, 186, 31,
       68, 215, 99, 201, 106, 55, 76, 108, 126, 176, 240, 105, 10, 236,
       207, 103, 68, 170, 243, 137, 33, 252, 76, 156, 126, 168, 44, 84,
       142, 219, 158, 164, 57, 98, 249, 111, 91, 201, 214, 237, 2, 40,
       103, 202, 35, 211, 251, 85, 59, 208, 249, 78, 11, 124, 104, 190,
       126, 45, 36, 84, 200, 195, 158, 165, 25, 114, 249, 111, 91, 201,
       246, 237, 2, 40, 103, 202, 32, 211, 251, 213, 59, 208, 121, 122,
       2, 72, 56, 156, 48, 41, 221, 89, 19, 171, 253, 164, 157, 158, 151,
       66, 31, 135, 55, 253, 20, 155, 75, 242, 208, 219, 241, 80, 122,
       202, 132, 143, 123, 113, 184, 251, 112, 168, 253, 81, 87, 227,
       127, 180, 61, 59, 157, 198, 58, 167, 183, 124, 16, 159, 111, 242,
       49, 219, 251, 113, 251, 233, 128, 198, 91, 193, 184, 181, 85, 141,
       124, 165, 151, 235, 251, 134, 28, 146, 176, 214, 175, 129, 70,
       120, 29, 183, 109, 247, 128, 15, 123, 85, 118, 202, 108, 217, 124,
