%YAML:1.0
---
descriptors: !!opencv-matrix
   rows: 161
   cols: 32
   dt: u
   data: [ 100, 117, 189, 103, 173, 110, 71, 153, 122, 186, 175, 24, 214,
       119, 73, 123, 145, 86, 120, 122, 49, 64, 251, 2, 239, 191, 69,
       116, 192, 115, 198, 114, 220, 161, 152, 48, 185, 109, 81, 143,
       179, 61, 165, 25, 143, 179, 74, 27, 129, 159, 237, 16, 58, 74,
       202, 19, 219, 193, 53, 125, 224, 64, 142, 10, 120, 160, 185, 112,
       217, 237, 81, 95, 227, 53, 172, 24, 55, 183, 72, 18, 129, 154, 96,
       24, 26, 107, 242, 17, 219, 197, 20, 121, 224, 64, 198, 106, 252,
       44, 220, 118, 137, 109, 85, 222, 179, 183, 164, 25, 19, 247, 75,
       27, 1, 214, 237, 26, 58, 71, 218, 32, 219, 195, 117, 125, 226,
       241, 198, 34, 69, 113, 25, 101, 1, 79, 55, 0, 104, 192, 99, 8,
       214, 17, 1, 48, 144, 84, 104, 106, 65, 240, 185, 8, 165, 185, 0,
       6, 72, 51, 67, 34, 125, 69, 93, 103, 148, 78, 71, 184, 100, 160,
       171, 64, 83, 113, 25, 112, 48, 212, 76, 106, 105, 176, 89, 46,
       231, 239, 37, 20, 225, 243, 64, 32, 252, 68, 188, 118, 168, 108,
       85, 184, 176, 178, 167, 56, 87, 119, 9, 123, 135, 215, 109, 42,
       104, 103, 203, 10, 209, 235, 117, 28, 96, 241, 198, 35, 5, 69, 8,
       135, 84, 14, 110, 184, 100, 128, 75, 70, 209, 66, 25, 64, 120, 76,
       10, 238, 225, 176, 93, 44, 36, 172, 135, 4, 40, 187, 97, 144, 192,
       140, 157, 254, 168, 236, 21, 151, 158, 19, 108, 24, 183, 243, 64,
       91, 129, 122, 106, 24, 50, 76, 218, 51, 237, 167, 117, 120, 144,
       88, 135, 170, 69, 117, 149, 103, 153, 15, 71, 184, 122, 232, 43,
       76, 214, 113, 89, 51, 145, 68, 120, 110, 225, 240, 249, 14, 173,
       190, 69, 20, 200, 115, 67, 34, 212, 110, 188, 119, 172, 42, 221,
       170, 250, 182, 179, 24, 215, 105, 89, 11, 135, 87, 109, 43, 104,
       101, 203, 34, 200, 171, 117, 52, 192, 241, 199, 32, 197, 220, 189,
       126, 136, 237, 21, 174, 222, 83, 160, 24, 246, 240, 76, 107, 129,
       83, 104, 16, 51, 109, 123, 51, 205, 186, 85, 122, 216, 88, 129,
       42, 120, 168, 157, 114, 172, 237, 85, 159, 179, 123, 164, 24, 51,
       243, 74, 58, 201, 198, 125, 24, 58, 79, 218, 49, 219, 235, 117,
       121, 224, 208, 206, 74, 129, 174, 159, 159, 236, 169, 109, 191,
       254, 179, 98, 208, 245, 227, 216, 75, 67, 110, 106, 28, 51, 220,
       207, 51, 76, 162, 119, 64, 136, 192, 193, 168, 210, 190, 151, 176,
       169, 169, 16, 199, 187, 27, 160, 253, 174, 162, 64, 159, 163, 163,
       236, 17, 63, 79, 130, 51, 152, 210, 92, 122, 136, 68, 131, 31,
       197, 212, 29, 119, 184, 110, 87, 184, 252, 250, 167, 84, 223, 115,
       137, 115, 145, 84, 124, 106, 121, 197, 121, 126, 237, 251, 101,
       84, 136, 115, 195, 51, 109, 245, 57, 103, 245, 79, 119, 184, 104,
       236, 111, 12, 222, 121, 9, 48, 144, 92, 112, 106, 193, 240, 249,
       46, 111, 221, 5, 6, 72, 51, 71, 115, 76, 116, 189, 119, 137, 110,
       119, 138, 122, 251, 47, 24, 222, 117, 73, 59, 145, 94, 104, 58,
       33, 244, 251, 42, 239, 223, 85, 38, 192, 115, 199, 34, 109, 111,
       80, 71, 52, 31, 102, 184, 105, 174, 127, 76, 211, 96, 159, 180,
       16, 76, 108, 110, 196, 240, 237, 46, 38, 253, 37, 20, 66, 243, 66,
       5, 248, 174, 252, 120, 172, 169, 81, 223, 210, 55, 188, 56, 55,
       177, 66, 27, 9, 146, 108, 24, 58, 111, 194, 51, 219, 131, 113,
       121, 241, 200, 198, 43, 213, 89, 95, 70, 40, 14, 70, 180, 225,
       250, 166, 76, 119, 115, 129, 115, 0, 244, 124, 106, 233, 229, 249,
       40, 179, 171, 101, 16, 104, 179, 194, 41, 205, 174, 200, 19, 210,
       56, 39, 158, 114, 255, 14, 252, 209, 226, 202, 254, 115, 206, 238,
       154, 51, 94, 239, 34, 124, 7, 247, 237, 174, 245, 186, 113, 189,
       79, 78, 62, 140, 91, 71, 188, 212, 214, 102, 148, 227, 225, 187,
       229, 80, 100, 168, 110, 108, 229, 111, 62, 226, 235, 101, 25, 118,
       189, 220, 76, 213, 110, 200, 71, 148, 62, 78, 154, 113, 174, 238,
       20, 195, 98, 159, 218, 113, 198, 108, 190, 172, 212, 237, 42, 238,
       239, 165, 21, 235, 243, 106, 4, 109, 142, 88, 99, 176, 63, 86,
       191, 119, 47, 62, 124, 211, 96, 138, 113, 23, 198, 76, 60, 190,
       56, 109, 63, 238, 223, 37, 116, 248, 242, 200, 5, 124, 185, 253,
       114, 168, 204, 85, 255, 163, 253, 173, 8, 115, 247, 72, 58, 5,
       246, 124, 24, 27, 107, 250, 49, 251, 239, 117, 125, 226, 194, 198,
       115, 221, 46, 156, 182, 168, 42, 94, 136, 243, 183, 163, 25, 199,
       227, 203, 219, 131, 199, 108, 126, 60, 69, 203, 34, 218, 243, 101,
       61, 160, 241, 10, 0, 244, 184, 220, 118, 136, 109, 85, 223, 179,
       191, 164, 25, 23, 247, 73, 27, 1, 214, 237, 24, 58, 79, 218, 34,
       219, 195, 117, 61, 224, 240, 198, 42, 102, 186, 190, 94, 232, 165,
       25, 207, 138, 191, 164, 189, 36, 231, 70, 27, 133, 119, 233, 148,
       22, 79, 138, 113, 91, 146, 93, 255, 128, 96, 167, 75, 101, 181,
       149, 82, 232, 173, 69, 175, 251, 59, 169, 88, 214, 240, 72, 63,
       129, 210, 104, 24, 59, 107, 218, 115, 189, 150, 85, 126, 208, 89,
       195, 42, 252, 102, 149, 118, 169, 44, 84, 158, 179, 187, 177, 88,
       143, 243, 73, 155, 133, 215, 108, 26, 42, 103, 202, 34, 219, 219,
       117, 62, 226, 241, 130, 35, 252, 4, 221, 118, 168, 104, 84, 187,
       176, 178, 167, 24, 223, 103, 9, 91, 7, 215, 108, 42, 120, 71, 203,
       2, 211, 235, 117, 29, 224, 241, 138, 35, 212, 76, 92, 246, 136,
       106, 71, 168, 180, 178, 167, 24, 87, 99, 9, 91, 35, 214, 109, 170,
       104, 197, 89, 46, 241, 227, 101, 21, 32, 241, 68, 34, 96, 181, 17,
       123, 153, 77, 64, 143, 107, 49, 40, 24, 150, 51, 76, 114, 129, 19,
       104, 16, 27, 104, 219, 21, 173, 150, 20, 126, 208, 72, 198, 42,
       69, 229, 149, 103, 180, 14, 102, 184, 122, 232, 43, 76, 214, 113,
       25, 50, 145, 68, 108, 110, 225, 240, 217, 46, 173, 190, 37, 20,
       72, 51, 67, 1, 20, 5, 93, 101, 22, 79, 67, 40, 100, 160, 235, 8,
       83, 51, 8, 112, 48, 212, 72, 104, 104, 176, 121, 30, 241, 175, 1,
       20, 113, 170, 68, 34, 124, 32, 123, 68, 64, 110, 67, 80, 96, 132,
       109, 8, 51, 23, 129, 48, 16, 188, 68, 106, 9, 178, 240, 12, 83,
       173, 32, 0, 99, 163, 70, 160, 112, 232, 221, 114, 172, 205, 81,
       222, 242, 63, 164, 8, 55, 247, 64, 59, 137, 214, 108, 24, 26, 107,
       250, 49, 219, 139, 117, 121, 224, 209, 206, 106, 108, 225, 57,
       111, 89, 77, 71, 136, 3, 84, 173, 8, 242, 87, 9, 48, 217, 88, 81,
       106, 74, 98, 251, 61, 103, 221, 5, 62, 82, 51, 70, 226, 76, 253,
       49, 103, 241, 78, 119, 188, 121, 232, 110, 12, 222, 113, 9, 48,
       149, 94, 120, 106, 65, 240, 249, 46, 109, 253, 5, 6, 74, 115, 199,
       115, 247, 52, 128, 130, 205, 47, 194, 200, 91, 186, 169, 93, 70,
       224, 77, 158, 217, 204, 106, 127, 57, 103, 217, 18, 153, 150, 69,
       126, 200, 107, 90, 150, 240, 34, 251, 100, 2, 201, 81, 83, 161,
       164, 164, 56, 23, 135, 64, 59, 38, 180, 68, 16, 8, 207, 160, 0,
       219, 193, 48, 57, 96, 128, 6, 98, 116, 100, 213, 102, 139, 98, 23,
       168, 34, 178, 171, 8, 82, 119, 73, 59, 17, 212, 233, 226, 105, 71,
       251, 42, 249, 162, 69, 63, 161, 115, 6, 34, 194, 174, 148, 250,
       233, 173, 92, 215, 187, 59, 168, 89, 174, 235, 64, 159, 167, 231,
       125, 156, 58, 79, 202, 243, 187, 250, 93, 250, 162, 208, 131, 11,
       141, 134, 124, 115, 176, 47, 111, 191, 119, 183, 63, 92, 211, 97,
       154, 113, 23, 78, 100, 62, 182, 248, 109, 63, 110, 223, 53, 100,
       242, 242, 192, 73, 124, 241, 249, 98, 169, 205, 87, 220, 227, 125,
       173, 8, 123, 245, 72, 50, 128, 214, 253, 90, 91, 107, 250, 49,
       251, 205, 37, 121, 226, 146, 198, 115, 160, 170, 206, 49, 232,
       185, 224, 79, 170, 51, 160, 189, 163, 200, 86, 155, 131, 34, 235,
       20, 54, 109, 198, 49, 206, 131, 117, 121, 200, 200, 218, 138, 13,
       117, 244, 7, 150, 30, 111, 184, 127, 228, 110, 134, 211, 104, 223,
       38, 55, 76, 112, 127, 224, 240, 253, 46, 110, 46, 69, 4, 111, 247,
       82, 244, 117, 188, 149, 114, 189, 173, 70, 206, 255, 187, 160, 88,
