%YAML:1.0
---
descriptors: !!opencv-matrix
   rows: 306
   cols: 32
   dt: u
   data: [ 120, 176, 250, 120, 154, 233, 81, 87, 178, 21, 164, 56, 55,
       183, 64, 26, 41, 186, 109, 16, 26, 75, 162, 19, 219, 199, 52, 121,
       224, 128, 134, 107, 252, 160, 188, 112, 168, 109, 81, 155, 179,
       191, 165, 25, 151, 183, 74, 27, 129, 223, 237, 16, 58, 71, 218,
       18, 219, 211, 117, 125, 224, 225, 134, 98, 120, 56, 251, 112, 40,
       236, 81, 83, 162, 93, 164, 56, 55, 151, 66, 27, 38, 180, 109, 24,
       10, 111, 178, 1, 211, 193, 112, 121, 226, 128, 70, 123, 1, 117,
       51, 71, 113, 78, 118, 48, 124, 200, 107, 72, 254, 113, 12, 180,
       144, 124, 80, 106, 193, 176, 57, 46, 37, 188, 4, 2, 74, 51, 67,
       176, 13, 134, 220, 123, 176, 63, 94, 186, 126, 43, 127, 124, 255,
       97, 138, 245, 151, 78, 76, 46, 182, 240, 73, 63, 238, 223, 53,
       116, 250, 218, 200, 5, 221, 42, 156, 176, 168, 60, 92, 154, 178,
       187, 162, 125, 223, 227, 67, 219, 167, 199, 108, 20, 60, 71, 195,
       2, 218, 235, 127, 253, 168, 241, 139, 3, 230, 168, 189, 94, 232,
       68, 17, 202, 170, 191, 160, 57, 100, 247, 77, 27, 129, 119, 105,
       16, 2, 79, 170, 33, 219, 177, 125, 251, 128, 32, 7, 107, 36, 225,
       57, 107, 29, 77, 83, 136, 66, 60, 173, 8, 242, 85, 9, 48, 153, 16,
       64, 106, 74, 34, 251, 21, 103, 153, 1, 125, 80, 59, 70, 226, 120,
       184, 253, 112, 168, 253, 81, 91, 227, 255, 164, 24, 51, 247, 66,
       59, 129, 246, 236, 24, 27, 111, 242, 49, 219, 203, 117, 57, 224,
       192, 70, 123, 93, 93, 125, 103, 48, 14, 71, 184, 96, 234, 191, 76,
       83, 113, 153, 50, 22, 196, 124, 110, 233, 176, 253, 46, 226, 239,
       37, 148, 106, 243, 66, 49, 253, 113, 125, 102, 44, 78, 71, 184,
       225, 232, 191, 76, 83, 119, 201, 51, 22, 212, 124, 106, 201, 99,
       249, 40, 243, 233, 101, 20, 105, 243, 70, 113, 210, 188, 151, 242,
       170, 232, 4, 143, 186, 251, 130, 88, 182, 247, 64, 251, 163, 247,
       125, 16, 59, 79, 155, 99, 153, 178, 95, 122, 136, 64, 135, 59,
       252, 188, 253, 118, 136, 109, 85, 191, 243, 190, 164, 24, 83, 119,
       77, 59, 9, 214, 108, 42, 120, 103, 251, 42, 219, 203, 117, 60,
       227, 241, 198, 98, 224, 172, 156, 250, 204, 237, 69, 175, 222, 59,
       160, 24, 246, 243, 72, 123, 129, 82, 106, 24, 51, 111, 218, 51,
       253, 130, 117, 124, 216, 72, 199, 42, 85, 69, 93, 103, 182, 78,
       71, 188, 100, 160, 107, 72, 215, 115, 9, 115, 50, 212, 124, 106,
       105, 176, 121, 44, 229, 239, 37, 20, 96, 243, 193, 32, 93, 93,
       125, 102, 168, 78, 71, 188, 224, 232, 191, 72, 247, 119, 137, 115,
       4, 244, 124, 106, 201, 131, 249, 44, 243, 233, 101, 20, 104, 243,
       198, 121, 44, 48, 189, 99, 173, 125, 81, 152, 91, 255, 181, 24,
       222, 127, 73, 59, 153, 24, 255, 48, 27, 102, 251, 16, 207, 219,
       81, 127, 210, 75, 70, 115, 149, 148, 57, 239, 180, 46, 79, 184,
       54, 235, 223, 116, 215, 119, 137, 112, 119, 222, 29, 62, 187, 144,
       105, 63, 232, 237, 39, 212, 168, 243, 129, 49, 252, 14, 157, 116,
       168, 44, 85, 187, 160, 186, 162, 56, 215, 55, 1, 91, 135, 215,
       109, 42, 104, 71, 203, 32, 211, 235, 117, 28, 96, 241, 134, 35,
       104, 181, 188, 251, 173, 253, 85, 47, 255, 63, 173, 24, 190, 253,
       74, 51, 129, 147, 233, 0, 58, 106, 251, 149, 207, 219, 84, 123,
       210, 72, 198, 74, 212, 140, 93, 245, 146, 106, 79, 175, 180, 162,
       166, 16, 247, 99, 1, 81, 49, 246, 77, 170, 104, 197, 89, 47, 249,
       231, 101, 21, 160, 240, 196, 42, 212, 248, 189, 118, 169, 236, 21,
       142, 187, 155, 161, 56, 247, 247, 77, 123, 129, 119, 253, 18, 43,
       79, 154, 49, 219, 243, 85, 127, 128, 113, 135, 51, 220, 197, 188,
       126, 139, 41, 23, 172, 178, 55, 165, 25, 110, 243, 74, 91, 179,
       214, 232, 98, 122, 71, 155, 51, 251, 227, 85, 127, 114, 115, 142,
       34, 69, 241, 149, 71, 25, 79, 54, 184, 110, 240, 43, 8, 254, 112,
       73, 50, 145, 84, 104, 122, 67, 96, 219, 61, 45, 158, 5, 62, 72,
       51, 67, 38, 69, 113, 17, 71, 21, 79, 119, 56, 104, 232, 107, 76,
       214, 113, 9, 48, 144, 68, 120, 106, 193, 240, 249, 12, 37, 184, 1,
       6, 72, 51, 67, 34, 54, 237, 198, 175, 252, 11, 254, 232, 63, 170,
       251, 10, 206, 234, 61, 64, 255, 239, 127, 99, 96, 243, 201, 238,
       188, 254, 143, 182, 213, 123, 243, 129, 92, 48, 188, 244, 40, 12,
       89, 25, 175, 249, 183, 40, 223, 255, 72, 90, 135, 213, 253, 24,
       154, 65, 219, 128, 219, 249, 119, 252, 128, 160, 131, 51, 216,
       176, 188, 112, 41, 221, 81, 91, 171, 57, 180, 24, 191, 159, 64,
       59, 135, 151, 253, 24, 186, 107, 242, 145, 219, 217, 112, 250,
       194, 128, 7, 123, 248, 176, 190, 248, 45, 253, 81, 83, 255, 27,
       180, 24, 190, 191, 100, 58, 141, 179, 253, 0, 154, 111, 242, 147,
       219, 219, 80, 122, 210, 72, 70, 59, 205, 125, 149, 71, 33, 78,
       119, 160, 120, 202, 98, 8, 254, 113, 1, 59, 176, 68, 104, 106, 97,
       244, 185, 42, 229, 186, 69, 2, 72, 115, 67, 59, 69, 116, 147, 101,
       83, 78, 55, 168, 121, 226, 107, 8, 222, 115, 9, 50, 147, 93, 120,
       106, 97, 240, 249, 74, 239, 254, 71, 6, 72, 114, 3, 51, 105, 253,
       184, 83, 217, 253, 117, 159, 123, 119, 44, 28, 190, 61, 70, 190,
       133, 78, 240, 28, 183, 120, 251, 179, 111, 223, 21, 119, 202, 84,
       207, 254, 69, 245, 189, 67, 188, 79, 167, 152, 122, 250, 15, 12,
       214, 112, 217, 43, 17, 68, 120, 122, 241, 112, 249, 34, 237, 143,
       101, 116, 200, 123, 81, 33, 240, 172, 222, 114, 138, 233, 81, 199,
       179, 183, 164, 185, 63, 183, 64, 26, 39, 179, 237, 16, 58, 79,
       170, 51, 219, 199, 117, 125, 224, 192, 134, 107, 216, 176, 159,
       244, 138, 224, 89, 87, 162, 23, 164, 184, 23, 183, 64, 91, 35,
       214, 109, 152, 58, 79, 162, 33, 219, 227, 116, 121, 160, 192, 166,
       106, 77, 180, 189, 81, 193, 126, 117, 23, 123, 243, 47, 28, 158,
       55, 66, 250, 133, 86, 120, 24, 177, 216, 241, 66, 207, 251, 84,
       70, 130, 64, 203, 114, 248, 174, 222, 120, 170, 233, 81, 87, 179,
       31, 164, 185, 55, 231, 66, 27, 7, 178, 237, 144, 58, 79, 130, 51,
       219, 195, 112, 121, 160, 192, 134, 123, 244, 174, 253, 114, 168,
       105, 85, 151, 178, 183, 164, 24, 19, 247, 64, 27, 39, 214, 108,
       24, 58, 71, 170, 34, 219, 203, 117, 124, 224, 241, 198, 99, 69,
       113, 145, 69, 65, 92, 114, 8, 105, 200, 33, 8, 222, 50, 77, 62,
       144, 92, 96, 114, 1, 112, 241, 64, 7, 184, 69, 6, 192, 115, 67,
       166, 244, 174, 140, 180, 168, 40, 85, 159, 162, 183, 134, 189, 55,
       227, 66, 91, 1, 230, 109, 4, 56, 79, 202, 32, 218, 227, 245, 189,
       160, 240, 134, 10, 100, 113, 56, 103, 0, 14, 87, 24, 96, 172, 45,
       12, 211, 83, 9, 16, 20, 212, 68, 106, 72, 242, 249, 8, 231, 188,
       33, 52, 64, 179, 66, 35, 205, 117, 188, 71, 181, 30, 119, 184,
       121, 234, 111, 12, 222, 112, 9, 179, 145, 68, 120, 106, 229, 240,
       217, 14, 111, 223, 69, 6, 202, 115, 203, 22, 248, 188, 222, 50,
       168, 173, 80, 215, 179, 63, 164, 29, 55, 243, 66, 27, 1, 242, 237,
       20, 58, 79, 218, 51, 218, 203, 117, 121, 232, 192, 138, 10, 252,
       188, 247, 114, 171, 237, 85, 215, 179, 191, 164, 56, 47, 247, 64,
       159, 39, 247, 237, 16, 58, 79, 170, 163, 219, 211, 85, 123, 226,
       212, 134, 107, 120, 170, 250, 120, 138, 233, 81, 87, 179, 21, 164,
       57, 55, 151, 66, 26, 39, 179, 237, 16, 26, 75, 130, 17, 219, 195,
       52, 121, 224, 128, 134, 43, 208, 152, 159, 116, 168, 108, 81, 55,
       162, 159, 166, 24, 119, 183, 64, 91, 1, 246, 108, 8, 57, 79, 179,
       0, 217, 227, 112, 88, 160, 224, 166, 43, 248, 184, 254, 112, 41,
       237, 80, 87, 163, 89, 164, 57, 63, 151, 66, 27, 135, 179, 237, 16,
       58, 79, 146, 1, 219, 193, 112, 121, 160, 128, 14, 123, 77, 117,
       17, 71, 117, 30, 102, 184, 121, 200, 107, 76, 254, 112, 12, 180,
       144, 92, 80, 106, 193, 176, 185, 46, 39, 188, 5, 2, 74, 51, 75,
       166, 37, 117, 17, 71, 85, 95, 230, 176, 106, 224, 43, 72, 214,
