%YAML:1.0
---
descriptors: !!opencv-matrix
   rows: 257
   cols: 32
   dt: u
   data: [ 253, 113, 253, 103, 44, 78, 71, 184, 97, 250, 183, 72, 215,
       85, 201, 59, 20, 212, 124, 106, 233, 102, 249, 8, 231, 249, 101,
       52, 106, 243, 70, 113, 236, 52, 189, 115, 173, 109, 81, 152, 91,
       255, 165, 24, 222, 93, 73, 59, 153, 80, 253, 58, 59, 102, 251, 16,
       207, 219, 81, 127, 210, 75, 70, 99, 120, 48, 189, 48, 40, 205, 81,
       91, 162, 253, 164, 61, 63, 151, 66, 27, 132, 149, 253, 16, 26, 79,
       210, 17, 211, 193, 113, 185, 32, 0, 6, 123, 236, 180, 188, 250,
       237, 253, 81, 11, 123, 63, 165, 24, 222, 253, 74, 59, 145, 18,
       253, 16, 58, 110, 251, 151, 207, 223, 81, 127, 210, 72, 198, 226,
       252, 188, 252, 118, 136, 109, 85, 191, 178, 190, 164, 152, 115,
       103, 72, 27, 1, 214, 109, 42, 120, 79, 250, 40, 251, 203, 117, 60,
       226, 240, 198, 114, 212, 156, 221, 247, 168, 110, 77, 191, 178,
       187, 167, 112, 87, 119, 200, 123, 7, 86, 109, 24, 57, 204, 187,
       34, 203, 227, 117, 84, 160, 241, 134, 57, 104, 180, 189, 250, 141,
       253, 85, 47, 223, 127, 173, 25, 190, 253, 76, 51, 137, 26, 251, 0,
       122, 110, 250, 147, 207, 223, 80, 127, 210, 72, 198, 234, 120,
       184, 253, 112, 170, 221, 81, 215, 163, 189, 164, 24, 63, 183, 66,
       59, 3, 214, 236, 24, 26, 79, 186, 49, 219, 201, 117, 125, 226,
       128, 198, 123, 234, 253, 191, 252, 157, 197, 84, 230, 223, 134,
       236, 8, 190, 191, 37, 16, 201, 251, 251, 64, 104, 107, 242, 255,
       251, 255, 214, 59, 82, 89, 246, 106, 69, 176, 149, 83, 168, 44,
       36, 191, 234, 187, 35, 84, 212, 242, 200, 255, 5, 70, 104, 28,
       147, 77, 155, 96, 12, 186, 119, 68, 136, 96, 137, 5, 208, 84, 189,
       116, 40, 46, 85, 50, 160, 154, 182, 120, 119, 119, 1, 123, 135,
       244, 109, 34, 104, 69, 163, 0, 211, 235, 112, 144, 96, 240, 70,
       35, 69, 71, 144, 39, 176, 58, 110, 136, 121, 166, 107, 192, 207,
       98, 219, 218, 19, 68, 108, 126, 20, 240, 205, 10, 172, 255, 103,
       4, 192, 243, 75, 4, 245, 101, 189, 101, 15, 75, 71, 40, 64, 226,
       163, 8, 82, 52, 9, 51, 24, 212, 104, 98, 105, 243, 233, 14, 185,
       170, 69, 55, 97, 123, 70, 34, 246, 237, 214, 223, 252, 43, 254,
       252, 63, 170, 243, 26, 238, 235, 29, 81, 255, 239, 127, 227, 120,
       247, 203, 238, 190, 255, 239, 142, 135, 251, 225, 129, 230, 237,
       214, 191, 252, 43, 126, 236, 63, 162, 250, 26, 238, 234, 9, 65,
       255, 255, 127, 227, 120, 243, 203, 255, 188, 246, 207, 142, 133,
       123, 161, 129, 220, 148, 157, 247, 172, 108, 121, 184, 191, 186,
       151, 56, 223, 119, 72, 91, 231, 215, 125, 42, 56, 101, 203, 34,
       207, 251, 119, 148, 160, 249, 5, 35, 236, 252, 188, 254, 173, 253,
       87, 183, 211, 251, 165, 24, 251, 249, 86, 59, 201, 242, 253, 26,
       123, 111, 250, 179, 251, 219, 213, 59, 210, 121, 214, 42, 216,
       180, 189, 240, 169, 237, 89, 31, 187, 187, 180, 24, 191, 183, 72,
       59, 133, 151, 125, 24, 187, 79, 242, 19, 219, 219, 117, 252, 194,
       192, 134, 123, 1, 145, 83, 79, 82, 86, 38, 53, 124, 64, 98, 96,
       248, 54, 164, 245, 112, 54, 18, 232, 113, 184, 49, 77, 39, 184, 2,
       2, 88, 34, 233, 188, 245, 199, 93, 102, 180, 14, 71, 184, 96, 232,
       186, 76, 83, 97, 153, 114, 20, 196, 108, 110, 233, 161, 205, 46,
       240, 175, 37, 20, 104, 243, 210, 33, 248, 188, 188, 120, 169, 253,
       85, 159, 251, 123, 180, 24, 191, 189, 64, 59, 133, 247, 253, 24,
       187, 111, 250, 179, 219, 219, 117, 126, 194, 72, 199, 59, 248,
       188, 188, 120, 173, 253, 85, 223, 255, 123, 180, 24, 191, 253, 64,
       59, 205, 242, 253, 24, 187, 111, 242, 179, 219, 219, 85, 122, 218,
       216, 194, 59, 245, 93, 93, 100, 140, 14, 71, 184, 96, 232, 170,
       76, 211, 113, 145, 51, 16, 196, 108, 110, 201, 227, 253, 40, 224,
       233, 101, 20, 104, 243, 82, 33, 236, 180, 189, 97, 169, 111, 113,
       31, 123, 255, 183, 24, 223, 55, 72, 59, 149, 23, 125, 56, 57, 116,
       241, 2, 207, 219, 117, 116, 194, 192, 198, 115, 253, 81, 157, 103,
       172, 78, 71, 184, 224, 250, 167, 76, 211, 49, 9, 51, 0, 212, 124,
       106, 201, 97, 217, 40, 227, 233, 101, 20, 104, 243, 66, 49, 240,
       190, 223, 116, 138, 104, 81, 23, 178, 151, 164, 56, 55, 167, 64,
       91, 39, 246, 109, 24, 58, 79, 162, 35, 217, 163, 116, 120, 160,
       224, 166, 107, 205, 52, 157, 101, 161, 110, 113, 19, 57, 251, 46,
       84, 158, 51, 65, 123, 133, 87, 120, 56, 49, 212, 241, 66, 207,
       255, 85, 6, 138, 97, 131, 51, 240, 174, 254, 122, 138, 233, 81,
       215, 178, 23, 164, 185, 55, 231, 64, 27, 35, 178, 109, 24, 58, 79,
       162, 51, 219, 195, 112, 121, 224, 192, 134, 106, 45, 113, 17, 97,
       49, 95, 82, 40, 105, 232, 41, 8, 222, 18, 9, 180, 144, 28, 84,
       106, 73, 176, 241, 14, 167, 220, 1, 54, 74, 35, 74, 183, 69, 113,
       145, 69, 1, 78, 102, 56, 104, 232, 43, 8, 214, 48, 69, 50, 144,
       84, 104, 106, 69, 240, 241, 72, 165, 184, 69, 6, 72, 51, 67, 38,
       244, 46, 204, 180, 168, 40, 93, 159, 178, 183, 134, 189, 87, 163,
       67, 91, 3, 199, 109, 133, 56, 79, 203, 34, 216, 227, 253, 189,
       160, 240, 142, 66, 248, 190, 220, 50, 168, 173, 84, 223, 178, 63,
       164, 29, 55, 243, 66, 27, 129, 231, 237, 28, 58, 79, 218, 51, 219,
       195, 117, 121, 232, 192, 202, 11, 100, 48, 152, 97, 0, 14, 81, 24,
       96, 172, 39, 12, 214, 19, 75, 26, 16, 20, 72, 122, 8, 116, 209, 0,
       195, 137, 1, 52, 200, 163, 66, 34, 134, 252, 222, 255, 236, 171,
       254, 255, 190, 178, 243, 58, 247, 251, 92, 75, 255, 255, 127, 195,
       122, 255, 203, 251, 255, 171, 255, 169, 149, 249, 225, 131, 252,
       188, 252, 118, 137, 109, 85, 255, 179, 191, 164, 56, 123, 247, 75,
       31, 9, 214, 237, 8, 120, 79, 218, 34, 219, 195, 117, 61, 226, 240,
       198, 123, 246, 237, 230, 159, 252, 171, 254, 239, 191, 243, 251,
       27, 239, 234, 93, 75, 255, 239, 127, 151, 246, 127, 203, 254, 188,
       254, 223, 174, 149, 127, 227, 138, 104, 180, 189, 250, 189, 253,
       85, 47, 223, 127, 173, 25, 190, 253, 72, 59, 137, 146, 251, 16,
       58, 106, 250, 147, 207, 223, 80, 127, 210, 72, 198, 98, 120, 168,
       253, 112, 170, 201, 81, 215, 163, 61, 164, 8, 59, 151, 64, 59, 3,
       178, 237, 16, 26, 107, 162, 49, 219, 201, 117, 121, 226, 128, 198,
       107, 230, 236, 246, 255, 236, 187, 238, 238, 191, 179, 251, 26,
       238, 234, 124, 75, 251, 239, 127, 147, 250, 111, 239, 251, 190,
       254, 223, 158, 149, 123, 227, 141, 232, 189, 189, 252, 221, 205,
       85, 167, 223, 19, 172, 24, 190, 189, 4, 50, 201, 186, 251, 16,
       123, 107, 210, 183, 235, 255, 212, 59, 210, 88, 214, 10, 93, 5,
       93, 100, 184, 74, 71, 184, 228, 160, 170, 8, 215, 51, 8, 115, 34,
       212, 108, 106, 104, 161, 121, 12, 241, 235, 101, 20, 96, 179, 195,
       32, 92, 26, 159, 244, 170, 44, 85, 50, 160, 154, 182, 120, 95,
       183, 65, 91, 167, 215, 237, 0, 40, 71, 146, 0, 211, 235, 116, 152,
       224, 240, 6, 35, 124, 101, 117, 70, 156, 75, 71, 188, 64, 166,
       172, 8, 83, 117, 129, 51, 24, 244, 76, 106, 105, 99, 237, 46, 123,
       205, 101, 52, 99, 250, 198, 104, 220, 253, 158, 247, 188, 46, 126,
       188, 191, 186, 191, 24, 255, 255, 73, 91, 247, 215, 253, 122, 120,
       197, 219, 190, 255, 255, 103, 148, 162, 243, 195, 19, 117, 116,
       149, 100, 13, 79, 86, 40, 64, 226, 163, 8, 86, 49, 73, 51, 144,
       84, 104, 106, 105, 227, 249, 12, 185, 170, 69, 54, 64, 59, 82, 34,
       69, 231, 0, 35, 180, 14, 102, 184, 106, 188, 59, 76, 199, 96, 216,
       146, 145, 76, 108, 127, 198, 112, 205, 6, 172, 188, 37, 100, 192,
       179, 219, 5, 15, 117, 57, 71, 112, 14, 63, 184, 57, 168, 127, 96,
       222, 119, 141, 52, 150, 93, 87, 106, 225, 176, 233, 78, 103, 255,
       37, 134, 66, 179, 3, 177, 248, 56, 190, 112, 137, 252, 81, 71,
       226, 151, 164, 24, 59, 181, 66, 59, 1, 182, 248, 24, 58, 111, 178,
       32, 219, 139, 84, 57, 226, 64, 198, 106, 92, 80, 220, 247, 44, 14,
