%YAML:1.0
---
descriptors: !!opencv-matrix
   rows: 378
   cols: 32
   dt: u
   data: [ 14, 205, 226, 239, 252, 15, 254, 253, 47, 168, 254, 2, 238,
       235, 188, 80, 126, 255, 127, 235, 216, 179, 201, 252, 254, 255,
       175, 148, 71, 250, 225, 129, 189, 189, 122, 239, 246, 139, 255,
       252, 117, 232, 245, 42, 127, 93, 185, 49, 126, 251, 23, 235, 254,
       187, 40, 253, 250, 201, 167, 224, 117, 187, 242, 233, 157, 220,
       126, 255, 46, 15, 125, 248, 180, 250, 247, 50, 255, 95, 153, 107,
       111, 244, 95, 234, 232, 245, 105, 188, 246, 235, 231, 148, 117,
       187, 97, 163, 150, 164, 178, 207, 221, 111, 254, 232, 63, 162,
       235, 3, 202, 254, 61, 80, 249, 221, 251, 227, 40, 247, 219, 254,
       191, 254, 207, 63, 193, 127, 117, 130, 220, 20, 254, 247, 44, 46,
       125, 26, 253, 250, 183, 48, 223, 119, 137, 91, 103, 212, 125, 174,
       168, 229, 219, 130, 199, 251, 115, 148, 164, 249, 97, 115, 246,
       228, 182, 174, 221, 79, 254, 232, 159, 166, 225, 11, 206, 255, 31,
       65, 249, 221, 251, 227, 104, 119, 217, 254, 191, 254, 207, 31, 83,
       127, 119, 194, 204, 52, 188, 245, 172, 44, 125, 31, 251, 251, 183,
       16, 223, 127, 202, 91, 231, 151, 125, 24, 184, 69, 243, 130, 207,
       251, 119, 212, 130, 224, 197, 115, 200, 188, 188, 243, 173, 253,
       125, 191, 251, 123, 180, 28, 190, 191, 66, 27, 135, 83, 253, 24,
       178, 77, 251, 247, 207, 219, 119, 250, 194, 208, 199, 123, 236,
       188, 180, 255, 173, 189, 92, 159, 255, 187, 180, 24, 254, 255, 93,
       27, 201, 114, 255, 26, 186, 108, 250, 179, 207, 219, 87, 122, 210,
       249, 211, 19, 149, 188, 223, 255, 190, 43, 239, 255, 54, 171, 250,
       242, 245, 255, 129, 105, 127, 255, 127, 169, 249, 254, 235, 63,
       252, 175, 255, 196, 164, 248, 161, 249, 139, 190, 247, 251, 236,
       253, 253, 223, 191, 95, 244, 191, 189, 255, 246, 111, 239, 243,
       255, 149, 183, 127, 238, 243, 223, 219, 255, 234, 223, 220, 247,
       255, 108, 52, 57, 99, 189, 111, 83, 152, 111, 253, 45, 24, 215,
       93, 73, 56, 145, 20, 105, 58, 26, 112, 249, 16, 207, 223, 1, 117,
       210, 235, 70, 114, 84, 221, 29, 231, 176, 78, 79, 188, 52, 234,
       154, 96, 215, 119, 137, 82, 55, 215, 125, 106, 249, 145, 121, 46,
       233, 175, 101, 148, 40, 243, 132, 49, 100, 85, 61, 231, 32, 78,
       71, 184, 32, 232, 175, 72, 215, 119, 137, 115, 22, 212, 125, 106,
       73, 208, 249, 44, 229, 233, 101, 148, 32, 243, 70, 113, 84, 221,
       61, 231, 176, 78, 79, 188, 52, 232, 254, 96, 247, 119, 137, 112,
       22, 212, 125, 106, 233, 144, 121, 46, 237, 239, 37, 148, 32, 243,
       5, 51, 2, 188, 255, 251, 254, 237, 253, 247, 190, 95, 254, 183,
       183, 255, 246, 106, 239, 251, 127, 149, 183, 123, 242, 243, 254,
       143, 255, 232, 181, 216, 229, 251, 37, 103, 16, 7, 116, 31, 230,
       56, 120, 168, 107, 76, 215, 64, 31, 180, 148, 76, 64, 110, 197,
       240, 217, 12, 37, 188, 1, 4, 74, 179, 75, 132, 124, 253, 144, 58,
       217, 205, 22, 232, 155, 54, 169, 9, 174, 243, 97, 144, 137, 251,
       233, 66, 110, 75, 218, 191, 187, 214, 21, 59, 210, 95, 14, 10, 40,
       188, 59, 112, 25, 237, 81, 71, 251, 61, 44, 24, 182, 149, 68, 56,
       129, 58, 72, 24, 18, 105, 242, 23, 203, 223, 16, 122, 194, 0, 70,
       107, 228, 52, 189, 115, 137, 108, 81, 11, 59, 183, 39, 24, 214,
       119, 73, 27, 129, 22, 105, 16, 50, 100, 251, 2, 205, 211, 85, 119,
       192, 97, 198, 98, 124, 172, 188, 114, 137, 109, 85, 206, 146, 183,
       173, 24, 71, 241, 73, 27, 137, 210, 232, 50, 42, 103, 218, 17,
       219, 195, 85, 125, 240, 120, 198, 34, 221, 84, 159, 101, 40, 78,
       71, 57, 240, 250, 166, 76, 215, 119, 137, 115, 50, 244, 124, 106,
       105, 229, 249, 14, 241, 235, 101, 20, 104, 240, 66, 49, 213, 221,
       29, 102, 160, 14, 71, 184, 240, 234, 162, 76, 247, 115, 137, 115,
       48, 244, 124, 106, 233, 229, 153, 47, 241, 235, 101, 20, 104, 243,
       66, 57, 72, 48, 157, 229, 32, 76, 113, 16, 173, 88, 39, 40, 223,
       23, 65, 122, 38, 148, 124, 8, 1, 64, 241, 64, 197, 249, 96, 0, 8,
       129, 7, 51, 252, 252, 255, 114, 168, 237, 87, 222, 179, 151, 165,
       24, 115, 247, 73, 59, 39, 246, 108, 26, 42, 103, 186, 50, 219,
       235, 117, 56, 226, 243, 198, 98, 228, 69, 14, 30, 200, 82, 103,
       160, 180, 134, 199, 128, 195, 226, 43, 87, 80, 228, 106, 234, 108,
       199, 238, 14, 228, 163, 199, 9, 32, 115, 124, 68, 77, 113, 185,
       71, 49, 78, 119, 176, 105, 232, 111, 8, 222, 55, 13, 50, 148, 92,
       120, 106, 65, 240, 249, 12, 111, 255, 5, 20, 66, 115, 71, 115, 69,
       113, 25, 101, 1, 78, 54, 40, 104, 224, 107, 8, 214, 17, 9, 48,
       144, 84, 64, 106, 65, 240, 249, 12, 101, 184, 1, 6, 72, 51, 67,
       50, 85, 69, 125, 101, 22, 78, 67, 48, 100, 160, 171, 64, 211, 49,
       25, 112, 50, 212, 88, 106, 40, 176, 85, 14, 231, 175, 5, 20, 97,
       179, 64, 32, 92, 5, 124, 103, 128, 74, 103, 40, 113, 162, 239, 8,
       215, 115, 9, 115, 18, 212, 104, 106, 105, 240, 89, 14, 229, 235,
       69, 20, 104, 243, 68, 32, 28, 84, 95, 103, 17, 15, 71, 184, 52,
       166, 235, 0, 83, 115, 9, 81, 49, 212, 104, 234, 105, 240, 89, 46,
       233, 239, 69, 4, 96, 115, 100, 34, 209, 184, 158, 184, 172, 173,
       144, 71, 234, 91, 176, 60, 182, 250, 226, 59, 239, 35, 126, 17,
       183, 111, 146, 49, 216, 201, 122, 122, 216, 72, 139, 155, 252, 52,
       189, 112, 137, 108, 81, 26, 243, 186, 165, 24, 223, 247, 65, 59,
       137, 212, 109, 26, 56, 103, 218, 2, 219, 203, 117, 61, 226, 97,
       70, 34, 209, 168, 220, 24, 138, 253, 88, 207, 234, 83, 164, 24,
       183, 242, 70, 123, 35, 163, 88, 152, 63, 79, 182, 113, 155, 139,
       94, 121, 200, 64, 171, 12, 245, 44, 173, 182, 172, 108, 77, 23,
       162, 251, 134, 25, 247, 253, 83, 59, 129, 230, 125, 31, 121, 77,
       251, 32, 217, 235, 253, 57, 160, 113, 214, 114, 210, 174, 190,
       222, 139, 112, 85, 175, 187, 159, 132, 57, 110, 247, 78, 91, 129,
       247, 237, 0, 58, 79, 170, 115, 219, 243, 85, 191, 162, 112, 134,
       107, 209, 136, 188, 91, 169, 189, 17, 143, 207, 115, 164, 24, 174,
       50, 78, 255, 133, 2, 104, 28, 55, 109, 251, 49, 139, 219, 84, 126,
       210, 72, 201, 108, 246, 165, 165, 190, 137, 165, 79, 143, 147,
       190, 137, 24, 246, 254, 88, 27, 209, 215, 125, 151, 122, 71, 219,
       51, 185, 146, 223, 124, 144, 113, 146, 34, 69, 119, 21, 71, 50,
       14, 38, 184, 124, 224, 99, 108, 222, 82, 137, 240, 22, 85, 122,
       98, 225, 208, 253, 78, 164, 54, 39, 20, 72, 179, 11, 53, 196, 38,
       133, 151, 196, 42, 38, 152, 122, 178, 139, 212, 213, 98, 201, 91,
       113, 198, 104, 186, 49, 212, 207, 98, 188, 38, 231, 4, 136, 243,
       163, 32, 108, 7, 121, 103, 240, 90, 102, 184, 49, 168, 255, 232,
       203, 103, 137, 242, 16, 220, 236, 106, 104, 208, 233, 46, 231,
       255, 37, 133, 98, 243, 78, 32, 108, 103, 113, 103, 245, 90, 118,
       172, 121, 170, 123, 8, 203, 109, 157, 48, 146, 92, 68, 106, 236,
       240, 233, 14, 103, 255, 37, 5, 98, 179, 70, 161, 240, 168, 158,
       248, 8, 233, 81, 23, 226, 83, 164, 56, 55, 151, 98, 123, 1, 178,
       109, 24, 26, 111, 130, 17, 211, 131, 112, 121, 176, 200, 134, 42,
       120, 168, 159, 112, 136, 233, 81, 87, 162, 17, 172, 9, 55, 147,
       66, 58, 129, 162, 125, 16, 30, 107, 194, 49, 219, 201, 112, 121,
       224, 194, 206, 10, 145, 142, 223, 127, 180, 174, 79, 183, 118, 11,
       114, 84, 243, 99, 144, 121, 51, 110, 44, 28, 187, 252, 45, 63,
       232, 239, 52, 192, 232, 192, 224, 41, 77, 36, 149, 103, 129, 78,
       119, 40, 120, 162, 39, 8, 215, 115, 9, 51, 145, 84, 104, 106, 97,
       240, 249, 14, 229, 255, 69, 4, 64, 115, 67, 34, 77, 48, 153, 101,
       161, 78, 118, 184, 122, 234, 46, 8, 222, 113, 65, 50, 145, 84,
       104, 106, 1, 240, 249, 10, 207, 255, 5, 54, 200, 99, 67, 51, 205,
       120, 157, 103, 160, 78, 119, 152, 121, 234, 39, 24, 223, 113, 73,
       59, 144, 84, 108, 106, 105, 244, 249, 42, 231, 251, 101, 16, 202,
