%YAML:1.0
---
descriptors: !!opencv-matrix
   rows: 229
   cols: 32
   dt: u
   data: [ 93, 93, 89, 103, 180, 78, 111, 188, 116, 234, 127, 100, 211,
       119, 137, 112, 54, 116, 28, 106, 233, 144, 121, 46, 227, 239, 37,
       132, 40, 243, 192, 49, 253, 113, 125, 103, 168, 94, 71, 184, 97,
       232, 191, 76, 83, 117, 153, 51, 20, 212, 124, 106, 201, 96, 249,
       40, 243, 233, 101, 20, 106, 243, 66, 49, 93, 221, 29, 231, 176,
       14, 79, 188, 36, 232, 190, 96, 247, 119, 137, 112, 22, 246, 93,
       110, 233, 129, 121, 46, 225, 239, 37, 148, 32, 243, 192, 121, 236,
       52, 189, 115, 173, 109, 81, 152, 91, 255, 165, 24, 222, 95, 77,
       59, 137, 81, 253, 50, 59, 102, 251, 18, 207, 219, 81, 127, 194,
       105, 70, 114, 252, 172, 252, 118, 136, 109, 85, 255, 178, 190,
       165, 24, 83, 247, 75, 31, 9, 214, 109, 42, 56, 71, 250, 34, 251,
       203, 117, 61, 227, 241, 198, 98, 252, 44, 252, 114, 136, 105, 213,
       223, 211, 183, 180, 24, 83, 249, 79, 27, 9, 214, 236, 26, 58, 103,
       218, 50, 219, 203, 117, 61, 227, 249, 206, 42, 148, 157, 57, 239,
       180, 47, 79, 191, 116, 168, 219, 64, 247, 115, 9, 96, 87, 78, 93,
       106, 249, 152, 121, 63, 233, 237, 39, 148, 160, 242, 128, 33, 44,
       180, 188, 115, 173, 253, 81, 27, 127, 63, 173, 24, 222, 253, 74,
       58, 137, 18, 233, 16, 58, 110, 251, 19, 207, 223, 81, 127, 210,
       72, 198, 114, 232, 181, 188, 250, 157, 253, 85, 175, 223, 123,
       172, 24, 190, 189, 76, 58, 201, 19, 249, 0, 58, 107, 242, 179,
       235, 223, 84, 123, 210, 72, 198, 10, 85, 69, 125, 101, 176, 14,
       79, 176, 108, 160, 170, 72, 215, 115, 8, 115, 18, 212, 124, 106,
       105, 160, 121, 12, 225, 235, 37, 16, 96, 179, 192, 32, 104, 109,
       182, 252, 157, 221, 86, 231, 223, 202, 236, 8, 174, 255, 37, 114,
       201, 242, 251, 0, 107, 107, 242, 187, 251, 255, 214, 59, 210, 92,
       246, 10, 212, 140, 95, 229, 146, 106, 79, 162, 180, 162, 170, 16,
       247, 99, 0, 83, 51, 214, 77, 170, 104, 197, 25, 46, 241, 227, 101,
       17, 32, 241, 132, 34, 96, 165, 145, 250, 157, 109, 85, 143, 95,
       49, 168, 24, 182, 55, 76, 114, 129, 151, 104, 16, 27, 104, 219,
       147, 175, 254, 84, 127, 144, 72, 196, 42, 253, 244, 180, 255, 173,
       63, 95, 252, 255, 187, 189, 24, 223, 255, 95, 59, 157, 215, 255,
       122, 190, 103, 251, 179, 251, 255, 117, 252, 194, 251, 198, 83,
       252, 244, 189, 247, 173, 63, 95, 188, 187, 190, 183, 56, 223, 255,
       77, 59, 183, 215, 253, 122, 248, 103, 251, 178, 255, 251, 101,
       190, 194, 243, 198, 115, 21, 229, 57, 107, 20, 79, 103, 248, 86,
       160, 111, 2, 211, 81, 57, 96, 49, 204, 10, 106, 43, 176, 121, 31,
       237, 142, 5, 36, 112, 187, 64, 160, 69, 71, 144, 39, 160, 58, 110,
       136, 121, 170, 107, 64, 207, 98, 201, 218, 179, 69, 108, 126, 52,
       208, 201, 106, 172, 254, 103, 4, 128, 243, 75, 4, 69, 245, 157,
       67, 157, 13, 103, 184, 122, 185, 43, 76, 246, 112, 73, 50, 149,
       70, 104, 126, 195, 112, 219, 119, 237, 190, 5, 102, 72, 19, 67,
       33, 22, 237, 118, 239, 190, 11, 254, 232, 127, 160, 251, 130, 239,
       238, 29, 0, 254, 223, 95, 227, 232, 179, 201, 255, 190, 254, 143,
       148, 117, 191, 225, 129, 28, 96, 156, 231, 44, 10, 127, 184, 44,
       186, 183, 0, 223, 111, 153, 67, 254, 197, 125, 235, 73, 197, 107,
       232, 230, 251, 239, 148, 36, 243, 33, 33, 248, 146, 220, 122, 169,
       169, 80, 149, 131, 31, 181, 57, 47, 219, 104, 27, 139, 147, 237,
       16, 26, 111, 202, 49, 219, 209, 112, 123, 243, 200, 206, 11, 188,
       104, 123, 96, 2, 106, 99, 80, 96, 166, 38, 40, 19, 23, 193, 59,
       58, 252, 68, 122, 9, 246, 160, 8, 81, 137, 33, 4, 225, 179, 70,
       160, 253, 78, 205, 103, 180, 14, 103, 184, 112, 234, 123, 76, 83,
       97, 153, 112, 17, 196, 108, 110, 233, 180, 77, 46, 108, 239, 37,
       20, 104, 243, 194, 33, 248, 162, 254, 112, 138, 233, 81, 87, 178,
       23, 164, 185, 55, 135, 64, 27, 35, 178, 77, 144, 58, 79, 162, 49,
       219, 195, 112, 121, 160, 192, 134, 106, 124, 180, 253, 114, 184,
       237, 81, 223, 178, 191, 172, 24, 23, 183, 72, 27, 1, 214, 109, 24,
       58, 75, 250, 0, 217, 195, 117, 125, 224, 192, 198, 98, 197, 113,
       157, 101, 1, 78, 119, 48, 104, 194, 99, 8, 222, 49, 73, 51, 144,
       84, 104, 106, 65, 240, 241, 72, 229, 186, 69, 6, 72, 51, 67, 34,
       205, 181, 145, 71, 241, 127, 118, 185, 123, 234, 111, 56, 222,
       112, 12, 53, 145, 92, 64, 122, 113, 240, 249, 30, 47, 223, 5, 6,
       202, 243, 203, 183, 20, 181, 185, 239, 180, 47, 111, 188, 54, 171,
       95, 112, 215, 115, 136, 96, 119, 95, 29, 42, 185, 144, 105, 63,
       237, 239, 39, 196, 164, 243, 129, 33, 236, 48, 189, 115, 173, 109,
       81, 152, 91, 255, 181, 24, 223, 93, 73, 59, 153, 84, 124, 58, 43,
       102, 251, 18, 207, 219, 117, 125, 194, 123, 70, 115, 120, 184,
       253, 112, 168, 253, 81, 222, 163, 61, 164, 8, 59, 151, 66, 59,
       129, 178, 237, 24, 26, 107, 242, 49, 219, 201, 117, 121, 227, 128,
       198, 107, 253, 112, 189, 103, 40, 78, 87, 152, 114, 250, 165, 24,
       215, 85, 73, 59, 145, 212, 124, 122, 41, 103, 251, 0, 211, 201,
       101, 60, 192, 243, 70, 115, 148, 252, 222, 191, 238, 171, 255,
       254, 62, 179, 242, 178, 247, 239, 89, 91, 255, 247, 127, 147, 42,
       247, 203, 59, 252, 175, 255, 132, 164, 249, 129, 161, 96, 184,
       157, 250, 200, 237, 16, 143, 158, 19, 160, 24, 182, 243, 72, 122,
       129, 82, 106, 24, 51, 107, 218, 49, 221, 163, 117, 120, 216, 72,
       131, 42, 232, 181, 188, 250, 173, 237, 81, 15, 255, 59, 173, 24,
       190, 253, 72, 58, 137, 146, 253, 16, 58, 107, 251, 147, 207, 223,
       80, 127, 210, 72, 198, 42, 199, 236, 246, 223, 252, 47, 254, 254,
       191, 178, 255, 26, 239, 235, 29, 75, 255, 239, 127, 191, 186, 247,
       203, 255, 190, 254, 223, 190, 183, 251, 227, 129, 220, 62, 157,
       244, 169, 44, 85, 158, 162, 187, 160, 121, 223, 243, 65, 219, 135,
       215, 237, 0, 40, 71, 202, 32, 209, 227, 117, 188, 224, 112, 135,
       35, 124, 101, 125, 100, 138, 75, 71, 184, 64, 164, 173, 10, 83,
       117, 201, 51, 24, 212, 108, 106, 72, 99, 233, 8, 251, 201, 101,
       60, 97, 250, 70, 32, 100, 237, 27, 222, 93, 197, 199, 230, 216,
       128, 224, 8, 182, 211, 36, 48, 200, 123, 82, 67, 99, 107, 250,
       111, 49, 156, 6, 58, 80, 59, 102, 170, 69, 103, 152, 39, 176, 10,
       110, 152, 121, 170, 107, 64, 207, 99, 201, 90, 146, 76, 108, 126,
       100, 240, 205, 74, 172, 255, 103, 4, 128, 243, 75, 1, 69, 231,
       149, 3, 176, 14, 102, 184, 106, 184, 43, 76, 214, 112, 217, 50,
       149, 76, 108, 126, 195, 112, 201, 5, 173, 190, 37, 116, 72, 51,
       195, 33, 60, 101, 218, 239, 252, 43, 238, 248, 63, 160, 251, 2,
       217, 234, 29, 80, 250, 205, 127, 227, 72, 243, 201, 222, 254, 255,
       175, 180, 213, 123, 115, 128, 28, 65, 124, 167, 172, 11, 127, 248,
       108, 160, 255, 2, 223, 107, 25, 67, 126, 205, 127, 235, 200, 243,
       201, 204, 238, 235, 239, 148, 36, 187, 161, 129, 125, 223, 29,
       103, 172, 14, 71, 184, 96, 232, 170, 76, 211, 113, 153, 51, 16,
       196, 108, 110, 201, 96, 249, 44, 225, 249, 101, 20, 72, 243, 194,
       33, 250, 178, 145, 184, 169, 169, 80, 207, 139, 27, 176, 125, 46,
       219, 104, 155, 207, 179, 236, 16, 30, 111, 202, 145, 154, 208, 80,
       123, 218, 68, 138, 27, 125, 71, 93, 102, 172, 14, 71, 184, 97,
       232, 191, 76, 211, 97, 153, 115, 52, 198, 108, 110, 201, 33, 173,
       45, 242, 233, 101, 20, 104, 243, 194, 33, 188, 42, 255, 96, 2,
       106, 67, 81, 160, 166, 167, 40, 19, 7, 65, 27, 46, 180, 69, 58,
       40, 231, 160, 8, 211, 201, 97, 0, 227, 225, 102, 34, 20, 181, 57,
       114, 155, 233, 19, 202, 226, 181, 173, 24, 30, 215, 72, 56, 161,
       155, 72, 16, 27, 107, 186, 116, 219, 197, 21, 111, 192, 1, 167,
       162, 120, 176, 188, 240, 41, 93, 89, 24, 171, 121, 180, 8, 159,
       151, 72, 59, 132, 149, 253, 16, 139, 111, 242, 17, 219, 219, 113,
