%YAML:1.0
---
descriptors: !!opencv-matrix
   rows: 305
   cols: 32
   dt: u
   data: [ 100, 99, 57, 71, 96, 15, 103, 184, 105, 172, 39, 72, 211, 81,
       201, 52, 144, 68, 68, 106, 72, 240, 249, 12, 101, 156, 37, 52, 64,
       179, 70, 161, 77, 85, 16, 69, 177, 30, 119, 56, 125, 168, 111, 68,
       222, 51, 9, 244, 214, 85, 60, 106, 65, 144, 121, 78, 231, 255, 3,
       6, 10, 51, 9, 3, 205, 85, 156, 71, 161, 62, 119, 184, 121, 170,
       111, 68, 222, 115, 9, 243, 149, 84, 108, 106, 225, 208, 249, 78,
       239, 255, 71, 6, 138, 115, 3, 35, 240, 174, 222, 114, 168, 173,
       85, 223, 178, 191, 164, 29, 55, 227, 66, 27, 5, 246, 109, 24, 58,
       79, 218, 49, 219, 203, 117, 121, 224, 208, 198, 11, 205, 116, 148,
       71, 225, 95, 55, 184, 121, 234, 111, 8, 222, 112, 77, 183, 145,
       68, 120, 106, 229, 244, 249, 106, 47, 223, 69, 6, 74, 115, 75, 54,
       248, 186, 252, 120, 170, 169, 81, 215, 195, 63, 180, 56, 51, 161,
       66, 27, 11, 178, 108, 24, 58, 111, 226, 49, 219, 203, 116, 121,
       243, 200, 198, 43, 120, 180, 254, 112, 170, 233, 81, 87, 179, 55,
       165, 56, 23, 183, 64, 26, 35, 178, 108, 16, 26, 75, 162, 17, 219,
       195, 117, 125, 226, 192, 198, 35, 120, 42, 254, 240, 138, 224, 81,
       82, 162, 151, 164, 57, 55, 151, 97, 90, 103, 179, 109, 144, 26,
       79, 162, 32, 219, 195, 112, 121, 160, 193, 38, 107, 216, 153, 159,
       116, 40, 78, 65, 55, 164, 89, 166, 24, 247, 55, 0, 123, 2, 246,
       124, 8, 121, 205, 179, 5, 209, 163, 112, 64, 32, 160, 166, 57,
       105, 189, 184, 115, 229, 61, 117, 151, 123, 243, 46, 28, 158, 61,
       94, 62, 133, 78, 248, 28, 151, 120, 249, 162, 239, 223, 85, 118,
       194, 212, 195, 254, 112, 174, 154, 114, 170, 169, 81, 215, 178,
       191, 172, 185, 55, 167, 66, 26, 39, 179, 237, 16, 58, 79, 130, 51,
       219, 199, 117, 121, 160, 192, 134, 43, 248, 190, 247, 118, 171,
       232, 85, 222, 179, 31, 164, 56, 47, 247, 64, 159, 39, 246, 237,
       24, 58, 79, 186, 51, 219, 243, 85, 123, 226, 208, 134, 107, 77,
       112, 157, 103, 5, 78, 51, 136, 121, 226, 103, 24, 222, 115, 8, 58,
       145, 93, 112, 42, 33, 244, 249, 74, 79, 255, 69, 6, 202, 115, 67,
       179, 197, 116, 153, 103, 161, 111, 103, 136, 121, 234, 111, 8,
       214, 49, 73, 59, 176, 76, 104, 106, 97, 244, 185, 10, 231, 255,
       69, 6, 200, 115, 67, 35, 125, 93, 125, 102, 160, 78, 71, 184, 224,
       232, 190, 72, 119, 119, 137, 115, 20, 212, 124, 106, 233, 161,
       249, 44, 243, 233, 101, 20, 104, 243, 70, 49, 253, 113, 253, 101,
       40, 78, 87, 152, 96, 250, 181, 8, 83, 87, 73, 59, 28, 212, 124,
       106, 233, 102, 249, 0, 211, 201, 101, 52, 99, 179, 70, 115, 221,
       213, 57, 239, 176, 111, 79, 188, 52, 232, 255, 96, 215, 119, 137,
       112, 23, 214, 29, 106, 249, 144, 121, 62, 233, 239, 39, 212, 32,
       243, 128, 49, 148, 157, 25, 231, 180, 47, 79, 184, 52, 170, 251,
       112, 215, 119, 137, 112, 55, 223, 29, 122, 249, 144, 105, 62, 233,
       239, 39, 148, 160, 243, 129, 49, 253, 89, 189, 102, 40, 76, 71,
       184, 225, 250, 183, 72, 87, 87, 9, 123, 20, 212, 124, 106, 201,
       99, 251, 40, 243, 233, 101, 60, 96, 179, 70, 51, 213, 78, 216, 69,
       148, 62, 78, 144, 113, 170, 230, 68, 67, 97, 151, 254, 113, 236,
       44, 254, 173, 212, 205, 170, 166, 255, 37, 5, 235, 247, 104, 37,
       148, 252, 153, 231, 180, 46, 111, 190, 54, 170, 219, 112, 247,
       119, 137, 64, 119, 95, 61, 106, 169, 148, 201, 42, 237, 239, 39,
       132, 164, 243, 129, 49, 240, 168, 204, 80, 200, 233, 145, 207,
       178, 55, 164, 153, 35, 231, 70, 27, 9, 178, 235, 16, 58, 79, 218,
       49, 95, 131, 85, 125, 193, 64, 198, 202, 252, 236, 252, 118, 137,
       109, 85, 191, 179, 182, 165, 24, 83, 247, 75, 27, 9, 214, 237, 42,
       120, 103, 250, 34, 219, 203, 117, 61, 227, 241, 198, 98, 246, 168,
       191, 94, 232, 224, 17, 203, 170, 191, 164, 25, 36, 247, 76, 27,
       129, 87, 105, 16, 50, 79, 170, 113, 219, 178, 93, 127, 128, 96,
       135, 99, 133, 124, 17, 69, 81, 94, 231, 48, 104, 200, 98, 76, 242,
       16, 133, 180, 16, 124, 80, 106, 193, 180, 245, 14, 37, 184, 0, 2,
       74, 179, 67, 189, 232, 189, 188, 254, 157, 221, 85, 231, 223, 31,
       164, 24, 190, 191, 32, 59, 201, 178, 249, 16, 42, 107, 242, 177,
       235, 251, 84, 59, 210, 88, 214, 42, 224, 164, 156, 250, 204, 237,
       5, 143, 218, 19, 164, 24, 246, 243, 72, 123, 193, 82, 106, 24, 51,
       111, 218, 51, 221, 162, 119, 120, 216, 88, 199, 170, 252, 13, 221,
       116, 168, 110, 93, 191, 160, 178, 166, 56, 95, 119, 1, 91, 135,
       215, 109, 42, 120, 69, 195, 44, 211, 235, 117, 16, 96, 240, 134,
       43, 96, 181, 17, 105, 157, 77, 84, 175, 95, 57, 40, 24, 182, 51,
       76, 116, 129, 19, 104, 16, 123, 40, 219, 183, 175, 222, 20, 127,
       82, 24, 196, 42, 69, 103, 145, 71, 176, 14, 110, 152, 120, 168,
       43, 64, 222, 98, 201, 242, 151, 68, 108, 126, 197, 208, 201, 74,
       172, 190, 39, 68, 200, 243, 67, 5, 69, 241, 157, 71, 25, 79, 71,
       184, 106, 248, 43, 76, 246, 81, 73, 50, 144, 84, 104, 122, 195,
       96, 219, 25, 173, 154, 69, 54, 72, 51, 67, 50, 20, 101, 27, 103,
       20, 79, 103, 232, 118, 160, 235, 0, 83, 113, 57, 112, 49, 204, 40,
       106, 105, 176, 25, 30, 233, 142, 5, 20, 96, 187, 64, 32, 101, 97,
       27, 70, 85, 199, 231, 224, 232, 128, 235, 8, 80, 217, 57, 48, 216,
       253, 90, 235, 73, 227, 186, 108, 49, 172, 143, 12, 65, 51, 99,
       162, 150, 125, 118, 207, 252, 11, 254, 232, 125, 130, 251, 170,
       236, 254, 61, 65, 254, 253, 255, 227, 232, 243, 73, 239, 190, 254,
       207, 142, 5, 255, 97, 131, 54, 109, 246, 135, 252, 11, 254, 232,
       61, 170, 251, 10, 238, 238, 61, 81, 255, 237, 127, 227, 224, 243,
       201, 238, 188, 190, 207, 138, 5, 123, 97, 129, 116, 117, 117, 68,
       140, 77, 199, 188, 193, 166, 172, 12, 82, 117, 205, 55, 12, 212,
       108, 106, 201, 99, 248, 40, 249, 152, 69, 60, 65, 251, 198, 113,
       112, 36, 253, 112, 139, 109, 81, 78, 243, 183, 160, 24, 19, 254,
       68, 59, 169, 215, 236, 16, 62, 107, 250, 16, 219, 195, 85, 63,
       225, 64, 198, 98, 37, 117, 17, 101, 81, 15, 98, 184, 121, 224,
       107, 76, 222, 17, 9, 48, 144, 76, 64, 110, 193, 176, 25, 78, 37,
       188, 1, 6, 72, 51, 67, 163, 96, 255, 156, 190, 168, 169, 20, 167,
       155, 191, 184, 189, 230, 237, 66, 19, 133, 119, 236, 2, 124, 107,
       202, 43, 234, 215, 117, 59, 192, 120, 139, 27, 252, 197, 188, 126,
       139, 41, 23, 172, 178, 55, 165, 25, 110, 231, 74, 91, 145, 86,
       232, 66, 122, 65, 139, 55, 251, 227, 85, 127, 112, 115, 135, 42,
       68, 229, 214, 143, 252, 11, 238, 232, 63, 162, 251, 10, 238, 234,
       29, 64, 251, 207, 110, 227, 120, 243, 201, 255, 188, 62, 143, 76,
       133, 123, 225, 129, 86, 197, 118, 143, 252, 11, 238, 236, 125,
       162, 251, 10, 238, 106, 29, 80, 251, 239, 127, 227, 232, 243, 73,
       239, 188, 190, 207, 132, 5, 123, 225, 128, 76, 101, 124, 103, 32,
       26, 127, 56, 57, 164, 47, 136, 223, 119, 217, 50, 54, 213, 253,
       238, 96, 208, 233, 76, 239, 203, 101, 5, 98, 179, 71, 32, 212,
       188, 189, 118, 137, 204, 85, 138, 179, 251, 167, 24, 119, 247, 72,
       123, 129, 247, 252, 82, 59, 77, 186, 49, 219, 251, 85, 127, 160,
       113, 134, 58, 252, 124, 253, 112, 169, 109, 85, 158, 226, 191,
       164, 24, 63, 191, 65, 59, 129, 246, 253, 24, 42, 111, 250, 32,
       219, 203, 117, 61, 226, 112, 198, 43, 221, 166, 148, 50, 169, 60,
       84, 155, 251, 187, 163, 92, 207, 242, 72, 251, 135, 71, 108, 20,
       191, 77, 203, 34, 152, 251, 119, 126, 138, 117, 139, 5, 248, 176,
       188, 248, 45, 237, 81, 83, 255, 127, 180, 28, 191, 159, 64, 59,
       141, 179, 253, 16, 58, 111, 242, 145, 219, 217, 81, 123, 210, 12,
       71, 91, 205, 36, 189, 101, 129, 126, 113, 19, 121, 227, 39, 16,
       159, 55, 67, 127, 133, 70, 120, 28, 177, 212, 241, 66, 199, 251,
       80, 0, 194, 225, 195, 96, 80, 174, 156, 112, 170, 169, 81, 207,
