%YAML:1.0
---
descriptors: !!opencv-matrix
   rows: 263
   cols: 32
   dt: u
   data: [ 69, 117, 49, 71, 113, 78, 103, 184, 121, 224, 107, 72, 222,
       53, 5, 180, 144, 92, 80, 106, 193, 176, 249, 46, 37, 188, 5, 6,
       74, 51, 67, 178, 85, 110, 138, 71, 180, 62, 70, 152, 119, 174,
       254, 100, 67, 96, 223, 254, 113, 204, 44, 254, 172, 240, 205, 42,
       170, 255, 101, 133, 234, 247, 120, 5, 37, 117, 177, 67, 117, 79,
       103, 184, 111, 224, 43, 8, 214, 113, 77, 180, 145, 92, 82, 122,
       65, 240, 121, 60, 45, 156, 5, 54, 74, 59, 67, 162, 229, 231, 108,
       7, 252, 30, 238, 173, 104, 254, 187, 221, 67, 104, 222, 19, 145,
       198, 108, 111, 252, 98, 205, 63, 126, 46, 101, 245, 77, 242, 218,
       68, 44, 225, 57, 107, 89, 77, 71, 168, 74, 53, 45, 8, 210, 85, 72,
       48, 145, 90, 64, 106, 74, 32, 251, 21, 109, 157, 1, 124, 80, 27,
       198, 162, 248, 184, 125, 112, 168, 237, 81, 215, 179, 127, 164,
       56, 55, 183, 66, 59, 7, 182, 236, 24, 59, 79, 242, 49, 219, 203,
       117, 121, 226, 192, 198, 123, 64, 164, 156, 250, 252, 237, 65,
       143, 254, 51, 173, 24, 182, 243, 72, 122, 129, 82, 106, 24, 19,
       107, 219, 49, 221, 151, 21, 121, 216, 72, 199, 42, 85, 5, 125,
       103, 180, 110, 71, 57, 100, 160, 171, 64, 215, 115, 1, 113, 50,
       214, 124, 106, 121, 176, 89, 12, 237, 175, 37, 20, 96, 242, 192,
       32, 85, 89, 125, 103, 168, 78, 79, 184, 96, 232, 190, 72, 211,
       117, 137, 51, 22, 212, 124, 106, 201, 240, 249, 40, 245, 169, 101,
       20, 104, 243, 66, 49, 237, 113, 189, 103, 40, 78, 71, 152, 96,
       250, 183, 8, 215, 85, 201, 59, 22, 212, 124, 106, 201, 116, 249,
       8, 231, 201, 101, 52, 104, 179, 70, 113, 248, 28, 159, 254, 168,
       44, 85, 182, 176, 154, 182, 56, 247, 119, 1, 91, 135, 247, 125,
       34, 104, 103, 195, 40, 211, 235, 117, 152, 32, 240, 134, 43, 93,
       93, 125, 103, 160, 78, 79, 188, 96, 232, 191, 64, 87, 119, 137,
       115, 118, 212, 124, 106, 201, 145, 249, 44, 243, 233, 101, 148,
       96, 243, 198, 49, 125, 85, 125, 102, 176, 78, 79, 184, 96, 168,
       191, 72, 215, 119, 137, 115, 22, 214, 124, 106, 201, 129, 249, 46,
       243, 233, 37, 148, 32, 243, 196, 49, 236, 52, 189, 99, 169, 125,
       83, 152, 75, 255, 173, 24, 223, 85, 73, 59, 145, 212, 252, 58, 59,
       100, 251, 18, 203, 219, 97, 127, 194, 235, 70, 115, 84, 221, 121,
       231, 180, 14, 79, 188, 52, 168, 255, 96, 247, 119, 137, 80, 54,
       214, 93, 106, 121, 144, 105, 63, 233, 237, 37, 148, 32, 243, 196,
       113, 236, 176, 188, 115, 173, 125, 81, 153, 251, 127, 165, 24,
       222, 125, 72, 59, 145, 146, 253, 58, 58, 101, 251, 16, 207, 219,
       81, 127, 210, 75, 198, 114, 232, 176, 188, 250, 173, 253, 85, 15,
       219, 59, 165, 24, 190, 185, 72, 27, 137, 26, 249, 16, 58, 110,
       250, 147, 207, 219, 84, 123, 210, 72, 198, 42, 228, 248, 157, 246,
       168, 224, 20, 138, 186, 179, 162, 56, 246, 247, 77, 123, 131, 119,
       124, 18, 33, 71, 154, 99, 217, 178, 93, 63, 128, 113, 7, 51, 104,
       189, 190, 248, 157, 237, 80, 231, 223, 19, 172, 24, 186, 251, 100,
       25, 201, 242, 251, 16, 58, 107, 210, 183, 251, 255, 212, 123, 210,
       73, 246, 10, 69, 107, 145, 71, 176, 30, 102, 144, 104, 184, 43,
       68, 222, 114, 205, 254, 151, 69, 108, 126, 209, 208, 233, 98, 172,
       190, 103, 68, 136, 243, 163, 5, 12, 104, 91, 65, 64, 107, 99, 80,
       96, 160, 103, 72, 83, 23, 129, 60, 56, 252, 64, 106, 9, 180, 49,
       40, 69, 137, 33, 0, 99, 179, 70, 160, 84, 165, 191, 114, 155, 232,
       17, 199, 179, 149, 173, 24, 31, 247, 72, 26, 163, 147, 232, 144,
       26, 75, 186, 96, 219, 197, 20, 109, 224, 65, 167, 98, 220, 144,
       188, 247, 172, 108, 121, 152, 191, 186, 183, 56, 223, 247, 73,
       123, 231, 213, 125, 58, 168, 65, 251, 128, 203, 251, 119, 180,
       130, 241, 7, 51, 216, 48, 188, 240, 41, 93, 89, 24, 187, 251, 181,
       24, 159, 191, 74, 59, 135, 149, 253, 24, 187, 79, 251, 18, 219,
       219, 115, 252, 194, 128, 71, 115, 232, 188, 180, 252, 173, 173,
       84, 159, 255, 187, 180, 25, 175, 253, 84, 59, 201, 247, 127, 28,
       186, 111, 211, 179, 223, 251, 85, 122, 210, 220, 210, 11, 249,
       188, 188, 120, 173, 253, 84, 223, 255, 123, 180, 24, 191, 189, 86,
       59, 205, 150, 253, 24, 186, 111, 242, 147, 219, 251, 116, 122,
       194, 200, 210, 123, 230, 172, 164, 254, 237, 173, 92, 255, 191,
       187, 184, 24, 239, 255, 85, 91, 205, 247, 255, 145, 186, 111, 219,
       243, 191, 255, 223, 186, 211, 120, 242, 139, 198, 188, 246, 223,
       254, 173, 254, 238, 191, 187, 242, 186, 236, 254, 92, 75, 255,
       255, 127, 147, 178, 127, 203, 247, 190, 62, 223, 238, 149, 248,
       227, 137, 197, 116, 149, 103, 161, 110, 55, 184, 120, 234, 99, 24,
       222, 51, 9, 59, 145, 84, 104, 42, 97, 244, 185, 74, 229, 186, 69,
       6, 72, 115, 67, 35, 233, 252, 177, 83, 217, 221, 87, 150, 123,
       113, 44, 24, 190, 52, 70, 182, 129, 90, 208, 88, 55, 104, 250, 51,
       111, 221, 21, 123, 202, 85, 203, 254, 77, 53, 157, 225, 129, 110,
       113, 23, 57, 251, 47, 92, 158, 55, 64, 127, 133, 87, 120, 24, 49,
       216, 241, 66, 207, 251, 85, 66, 138, 96, 131, 50, 248, 170, 216,
       114, 138, 169, 81, 207, 163, 183, 164, 185, 47, 231, 64, 26, 39,
       215, 237, 16, 26, 79, 138, 48, 219, 193, 117, 125, 226, 192, 134,
       107, 248, 170, 159, 114, 138, 224, 81, 151, 163, 151, 164, 185,
       55, 199, 64, 27, 35, 247, 237, 144, 58, 79, 170, 35, 217, 227, 53,
       121, 162, 192, 166, 106, 69, 113, 145, 101, 97, 78, 118, 56, 104,
       200, 107, 8, 222, 48, 73, 50, 144, 84, 104, 106, 69, 240, 153, 72,
       165, 188, 5, 6, 72, 51, 67, 51, 248, 174, 222, 120, 138, 169, 81,
       95, 179, 23, 164, 185, 55, 199, 66, 27, 39, 178, 237, 144, 58, 79,
       130, 51, 219, 195, 113, 121, 162, 192, 134, 106, 45, 113, 16, 97,
       113, 95, 82, 120, 105, 232, 45, 8, 218, 81, 5, 180, 144, 28, 68,
       122, 205, 176, 81, 14, 103, 221, 1, 54, 74, 51, 74, 151, 100, 113,
       57, 69, 16, 15, 67, 56, 96, 172, 109, 12, 211, 19, 9, 52, 16, 92,
       68, 106, 64, 176, 249, 12, 229, 156, 33, 36, 64, 179, 66, 162,
       252, 188, 245, 114, 171, 233, 85, 218, 179, 191, 164, 56, 31, 247,
       72, 159, 39, 214, 236, 26, 58, 79, 234, 51, 219, 215, 85, 127,
       226, 209, 198, 99, 77, 117, 145, 67, 241, 127, 54, 168, 123, 234,
       47, 8, 222, 112, 73, 190, 145, 92, 96, 122, 53, 240, 249, 74, 111,
       223, 5, 54, 202, 115, 203, 166, 120, 184, 253, 112, 170, 237, 81,
       215, 163, 183, 164, 24, 59, 247, 64, 59, 39, 182, 253, 16, 26, 75,
       178, 49, 219, 203, 117, 121, 226, 192, 198, 107, 17, 221, 25, 103,
       176, 14, 111, 188, 116, 234, 122, 100, 247, 119, 137, 112, 54,
       124, 60, 110, 233, 144, 121, 47, 229, 174, 39, 128, 104, 243, 1,
       57, 228, 189, 157, 250, 252, 237, 1, 207, 218, 17, 160, 24, 182,
       243, 72, 123, 129, 82, 106, 24, 51, 111, 218, 51, 237, 130, 119,
       124, 216, 72, 199, 162, 252, 172, 253, 118, 169, 109, 69, 191,
       178, 190, 165, 24, 115, 247, 73, 27, 9, 214, 236, 10, 120, 71,
       251, 34, 217, 203, 117, 61, 226, 240, 198, 98, 221, 113, 189, 103,
       160, 78, 87, 184, 96, 234, 183, 72, 215, 117, 201, 59, 22, 212,
       124, 106, 201, 240, 249, 40, 231, 233, 101, 52, 106, 179, 66, 113,
       252, 30, 151, 246, 169, 44, 84, 150, 179, 154, 178, 120, 255, 243,
       65, 219, 133, 247, 253, 0, 40, 71, 202, 32, 211, 235, 117, 154,
       226, 240, 131, 43, 92, 85, 125, 103, 168, 78, 71, 188, 32, 168,
       191, 72, 215, 119, 137, 115, 148, 212, 124, 106, 201, 129, 249,
       44, 225, 233, 101, 148, 96, 243, 198, 49, 236, 112, 189, 99, 45,
       111, 83, 152, 107, 255, 165, 24, 215, 93, 73, 59, 145, 212, 124,
       122, 43, 100, 251, 16, 207, 219, 101, 116, 194, 251, 70, 115, 216,
       132, 93, 180, 136, 106, 76, 175, 176, 182, 162, 24, 239, 35, 8,
       219, 35, 199, 108, 34, 104, 77, 203, 15, 241, 227, 87, 21, 32,
