%YAML:1.0
---
descriptors: !!opencv-matrix
   rows: 278
   cols: 32
   dt: u
   data: [ 125, 93, 125, 103, 176, 78, 71, 184, 96, 232, 191, 76, 211,
       119, 137, 115, 54, 244, 92, 106, 201, 176, 249, 44, 227, 233, 37,
       148, 104, 243, 66, 49, 253, 113, 189, 103, 172, 78, 87, 184, 97,
       250, 183, 72, 215, 85, 201, 59, 20, 212, 124, 106, 233, 101, 249,
       8, 227, 217, 101, 52, 106, 179, 66, 113, 93, 221, 121, 103, 180,
       78, 79, 188, 100, 232, 254, 68, 247, 119, 137, 112, 118, 214, 92,
       106, 233, 144, 121, 46, 227, 239, 37, 148, 104, 243, 192, 121, 93,
       221, 123, 231, 176, 110, 79, 189, 100, 232, 255, 96, 247, 119,
       137, 112, 86, 214, 93, 106, 249, 144, 121, 62, 225, 239, 37, 148,
       32, 243, 192, 113, 149, 189, 57, 239, 180, 47, 111, 191, 54, 232,
       255, 64, 215, 119, 153, 96, 87, 94, 29, 106, 251, 176, 121, 63,
       233, 237, 39, 148, 160, 251, 128, 49, 236, 48, 189, 99, 173, 109,
       81, 152, 123, 255, 165, 24, 222, 93, 73, 59, 145, 80, 253, 58,
       187, 102, 251, 16, 207, 219, 97, 125, 194, 107, 70, 115, 230, 253,
       246, 255, 237, 171, 254, 238, 191, 179, 250, 58, 238, 250, 92,
       207, 255, 255, 255, 211, 250, 127, 203, 251, 190, 254, 223, 190,
       151, 255, 227, 133, 96, 173, 153, 250, 204, 237, 84, 143, 142, 25,
       172, 24, 182, 243, 104, 82, 193, 114, 106, 24, 18, 107, 218, 49,
       205, 161, 54, 121, 208, 72, 199, 42, 85, 5, 125, 101, 56, 14, 71,
       56, 108, 160, 171, 8, 215, 51, 8, 115, 130, 213, 124, 106, 105,
       161, 121, 12, 225, 235, 33, 20, 96, 162, 66, 32, 230, 228, 244,
       223, 236, 59, 254, 239, 127, 187, 251, 26, 235, 234, 157, 11, 251,
       207, 127, 163, 184, 103, 235, 251, 190, 254, 247, 190, 213, 251,
       242, 129, 216, 30, 189, 116, 40, 14, 85, 50, 176, 186, 182, 120,
       87, 55, 1, 123, 167, 212, 109, 34, 232, 101, 163, 8, 211, 235,
       117, 144, 96, 240, 70, 35, 64, 136, 157, 251, 200, 237, 1, 143,
       158, 19, 32, 24, 182, 243, 64, 90, 129, 114, 106, 24, 50, 76, 219,
       49, 205, 162, 84, 120, 144, 72, 133, 170, 69, 39, 144, 39, 164,
       58, 110, 136, 123, 190, 43, 80, 207, 98, 217, 218, 179, 69, 108,
       126, 20, 240, 141, 66, 172, 255, 103, 68, 192, 243, 203, 5, 69,
       241, 148, 71, 157, 12, 230, 188, 110, 185, 43, 76, 246, 112, 88,
       54, 145, 70, 104, 94, 195, 120, 219, 113, 45, 188, 5, 100, 200,
       19, 195, 13, 69, 113, 17, 69, 17, 14, 102, 56, 104, 232, 99, 76,
       222, 18, 13, 180, 144, 68, 64, 106, 193, 176, 249, 12, 37, 184,
       37, 4, 72, 51, 75, 37, 230, 188, 246, 215, 252, 59, 254, 254, 127,
       178, 255, 58, 236, 255, 221, 91, 255, 223, 255, 179, 248, 247,
       235, 254, 190, 254, 207, 230, 199, 251, 227, 147, 246, 253, 246,
       215, 252, 43, 254, 252, 63, 146, 255, 186, 239, 255, 93, 91, 127,
       255, 255, 243, 184, 247, 203, 238, 190, 254, 207, 142, 135, 255,
       225, 145, 151, 237, 246, 247, 255, 63, 254, 252, 127, 162, 255,
       26, 207, 250, 29, 33, 127, 239, 127, 235, 252, 247, 253, 255, 191,
       254, 207, 164, 231, 251, 225, 132, 253, 215, 124, 102, 172, 14,
       71, 184, 224, 168, 175, 76, 211, 97, 154, 115, 20, 196, 108, 110,
       217, 99, 253, 44, 240, 233, 101, 20, 104, 179, 194, 33, 180, 104,
       123, 68, 66, 74, 99, 80, 96, 128, 102, 40, 19, 23, 129, 56, 62,
       252, 68, 122, 9, 181, 160, 40, 81, 137, 32, 0, 97, 179, 102, 160,
       28, 173, 185, 114, 155, 237, 51, 203, 234, 21, 173, 24, 158, 245,
       72, 56, 163, 27, 200, 16, 19, 105, 186, 117, 249, 197, 21, 111,
       192, 67, 135, 34, 236, 252, 188, 254, 141, 237, 87, 182, 219, 187,
       164, 24, 191, 249, 65, 27, 201, 242, 108, 26, 58, 110, 219, 179,
       239, 223, 85, 123, 210, 89, 214, 26, 242, 172, 134, 184, 141, 233,
       68, 207, 179, 55, 160, 26, 34, 224, 100, 155, 233, 227, 234, 128,
       62, 111, 202, 179, 153, 146, 215, 123, 241, 72, 238, 14, 129, 217,
       83, 77, 82, 86, 38, 37, 120, 64, 98, 112, 112, 55, 164, 245, 112,
       53, 18, 226, 97, 152, 49, 79, 37, 168, 2, 2, 72, 34, 227, 184,
       220, 180, 188, 240, 168, 109, 89, 159, 187, 255, 180, 56, 159,
       247, 74, 59, 133, 151, 125, 24, 186, 111, 251, 83, 219, 251, 117,
       252, 194, 64, 198, 115, 248, 180, 188, 112, 169, 253, 81, 223,
       251, 127, 180, 24, 159, 191, 66, 123, 133, 151, 253, 24, 186, 111,
       242, 179, 219, 251, 117, 127, 194, 200, 207, 123, 232, 188, 188,
       248, 173, 253, 84, 223, 255, 63, 180, 24, 191, 253, 80, 59, 201,
       242, 255, 24, 186, 111, 250, 179, 219, 251, 85, 123, 210, 200,
       198, 11, 226, 172, 254, 255, 237, 191, 254, 255, 191, 179, 254,
       18, 237, 235, 54, 94, 255, 255, 255, 139, 56, 255, 251, 247, 255,
       255, 223, 187, 151, 249, 235, 142, 234, 252, 180, 254, 253, 253,
       252, 255, 255, 59, 246, 18, 239, 255, 28, 219, 237, 239, 255, 145,
       186, 111, 219, 247, 255, 255, 223, 251, 211, 92, 254, 138, 101,
       125, 29, 103, 164, 14, 71, 184, 96, 224, 46, 76, 215, 113, 25, 51,
       16, 68, 108, 110, 201, 240, 249, 40, 229, 169, 101, 20, 72, 243,
       66, 32, 204, 180, 188, 97, 169, 111, 113, 31, 123, 191, 167, 24,
       223, 55, 72, 59, 149, 23, 125, 56, 59, 124, 241, 2, 207, 219, 117,
       116, 194, 192, 199, 51, 230, 172, 254, 223, 236, 169, 252, 255,
       190, 187, 248, 179, 253, 239, 253, 91, 239, 255, 127, 135, 178,
       127, 203, 227, 190, 63, 255, 168, 148, 248, 227, 217, 230, 174,
       246, 223, 236, 185, 252, 255, 191, 251, 244, 115, 236, 239, 254,
       91, 255, 239, 255, 143, 242, 127, 235, 243, 190, 126, 255, 190,
       151, 252, 227, 217, 220, 52, 189, 103, 160, 110, 115, 24, 121,
       190, 183, 24, 223, 119, 73, 123, 183, 212, 125, 58, 169, 212, 249,
       10, 199, 251, 97, 20, 192, 227, 70, 115, 212, 221, 61, 239, 188,
       78, 95, 188, 36, 232, 222, 33, 247, 119, 137, 80, 246, 247, 125,
       106, 120, 145, 73, 61, 233, 233, 39, 148, 36, 179, 133, 115, 144,
       172, 134, 191, 130, 171, 100, 239, 118, 131, 106, 146, 179, 227,
       32, 65, 121, 234, 34, 136, 58, 220, 79, 51, 236, 134, 87, 0, 176,
       192, 224, 168, 101, 213, 29, 103, 180, 14, 103, 188, 96, 232, 47,
       76, 211, 113, 153, 115, 20, 68, 108, 110, 233, 176, 249, 46, 229,
       239, 101, 20, 72, 243, 194, 32, 105, 253, 176, 83, 217, 221, 215,
       190, 251, 113, 44, 24, 190, 240, 70, 180, 129, 90, 192, 90, 119,
       104, 250, 55, 111, 223, 21, 123, 218, 85, 203, 254, 197, 127, 141,
       55, 172, 46, 230, 156, 250, 250, 139, 76, 214, 96, 89, 43, 145,
       70, 120, 127, 177, 116, 219, 34, 173, 30, 109, 52, 136, 123, 211,
       36, 176, 174, 255, 122, 138, 233, 81, 87, 178, 23, 164, 185, 39,
       231, 64, 27, 35, 178, 109, 16, 58, 79, 162, 51, 217, 195, 112,
       121, 224, 192, 134, 107, 45, 113, 17, 97, 49, 79, 82, 24, 105,
       232, 109, 8, 214, 17, 73, 48, 152, 28, 80, 122, 13, 176, 241, 8,
       103, 221, 1, 54, 74, 51, 74, 178, 252, 52, 255, 96, 162, 110, 97,
       83, 178, 190, 165, 56, 19, 55, 193, 59, 39, 180, 68, 56, 56, 247,
       176, 2, 89, 139, 101, 100, 225, 225, 70, 225, 69, 117, 148, 69,
       37, 14, 102, 56, 104, 170, 107, 76, 214, 49, 24, 179, 144, 68,
       104, 110, 225, 240, 209, 10, 165, 250, 69, 4, 72, 99, 67, 32, 69,
       113, 145, 101, 1, 78, 119, 48, 105, 192, 107, 8, 222, 48, 73, 50,
       144, 84, 104, 106, 65, 240, 209, 72, 229, 248, 68, 2, 72, 51, 67,
       50, 244, 42, 140, 182, 168, 40, 93, 159, 162, 191, 134, 189, 215,
       227, 67, 91, 1, 199, 109, 148, 56, 79, 203, 32, 218, 227, 245,
       189, 160, 240, 158, 74, 248, 188, 156, 50, 168, 173, 80, 223, 178,
       187, 164, 29, 55, 243, 74, 27, 129, 230, 237, 20, 58, 111, 218,
       51, 219, 195, 117, 121, 234, 192, 202, 138, 96, 113, 56, 101, 0,
       14, 83, 56, 96, 172, 37, 12, 87, 19, 1, 16, 16, 84, 64, 106, 72,
       240, 249, 12, 225, 169, 37, 52, 96, 50, 66, 35, 109, 117, 145, 71,
       241, 127, 118, 184, 121, 234, 111, 8, 222, 112, 77, 180, 145, 92,
