%YAML:1.0
---
descriptors: !!opencv-matrix
   rows: 133
   cols: 32
   dt: u
   data: [ 218, 180, 148, 240, 169, 108, 92, 159, 187, 187, 150, 57, 159,
       191, 72, 91, 167, 87, 253, 17, 50, 77, 211, 194, 219, 243, 127,
       255, 130, 84, 135, 91, 237, 113, 61, 103, 32, 78, 103, 184, 105,
       232, 63, 72, 215, 119, 137, 51, 148, 84, 124, 106, 233, 240, 249,
       12, 231, 249, 101, 20, 74, 243, 70, 49, 237, 113, 181, 103, 101,
       94, 103, 184, 121, 234, 103, 76, 222, 117, 25, 55, 148, 84, 124,
       106, 225, 244, 249, 8, 231, 251, 101, 4, 74, 179, 66, 113, 5, 113,
       81, 69, 112, 79, 99, 56, 104, 224, 111, 72, 215, 17, 145, 52, 150,
       76, 64, 106, 193, 176, 241, 12, 101, 188, 1, 4, 74, 179, 67, 161,
       101, 103, 64, 7, 116, 31, 102, 184, 105, 168, 107, 204, 195, 64,
       157, 148, 152, 76, 68, 110, 200, 176, 205, 14, 36, 156, 37, 20,
       66, 187, 90, 132, 244, 164, 156, 50, 136, 109, 84, 207, 179, 183,
       165, 25, 39, 243, 74, 27, 129, 215, 237, 16, 58, 79, 218, 32, 219,
       195, 117, 125, 224, 112, 206, 2, 252, 124, 253, 114, 168, 109, 71,
       220, 243, 191, 173, 24, 91, 247, 205, 59, 177, 214, 108, 90, 58,
       103, 186, 50, 251, 219, 101, 60, 226, 243, 198, 99, 69, 253, 157,
       103, 180, 14, 103, 188, 122, 168, 43, 76, 214, 115, 217, 50, 145,
       68, 108, 110, 225, 240, 217, 46, 237, 190, 37, 4, 200, 243, 195,
       32, 69, 113, 145, 69, 1, 78, 55, 8, 104, 192, 107, 8, 214, 49, 9,
       50, 144, 84, 104, 106, 65, 240, 241, 8, 101, 184, 64, 6, 72, 115,
       67, 34, 124, 197, 158, 103, 153, 70, 71, 173, 181, 162, 174, 0,
       83, 115, 9, 83, 113, 214, 108, 226, 104, 193, 89, 46, 249, 227,
       197, 21, 32, 114, 164, 34, 224, 40, 157, 254, 200, 233, 17, 7,
       138, 19, 160, 24, 182, 247, 32, 91, 193, 114, 106, 16, 50, 79,
       218, 49, 205, 178, 86, 121, 208, 64, 135, 42, 209, 168, 189, 88,
       138, 252, 121, 71, 254, 83, 160, 24, 183, 186, 70, 123, 161, 167,
       120, 144, 63, 79, 182, 113, 221, 170, 90, 121, 200, 64, 167, 14,
       244, 124, 173, 246, 172, 110, 69, 158, 242, 250, 135, 24, 247,
       113, 89, 59, 129, 214, 125, 58, 40, 69, 219, 42, 217, 227, 245,
       56, 160, 121, 214, 34, 248, 188, 253, 112, 168, 105, 81, 223, 179,
       191, 164, 56, 23, 183, 64, 59, 131, 150, 237, 16, 58, 111, 226, 3,
       219, 195, 117, 125, 226, 192, 198, 99, 100, 103, 113, 103, 52, 75,
       102, 184, 109, 168, 123, 72, 195, 77, 157, 48, 146, 92, 76, 106,
       201, 176, 201, 12, 167, 252, 37, 5, 66, 179, 70, 37, 248, 172,
       223, 122, 172, 237, 81, 215, 242, 23, 164, 24, 55, 243, 64, 59,
       137, 178, 109, 24, 58, 111, 242, 49, 219, 139, 116, 121, 224, 192,
       206, 170, 76, 125, 187, 103, 241, 78, 119, 184, 121, 238, 111, 12,
       254, 113, 9, 50, 146, 124, 124, 106, 97, 240, 249, 46, 231, 255,
       69, 6, 74, 115, 71, 115, 237, 113, 185, 103, 96, 79, 103, 152,
       121, 234, 55, 72, 215, 85, 201, 63, 148, 212, 124, 106, 233, 244,
       249, 10, 231, 219, 101, 52, 66, 179, 70, 49, 237, 112, 177, 71,
       101, 79, 103, 152, 123, 234, 55, 72, 222, 85, 93, 62, 145, 92,
       116, 122, 225, 244, 249, 10, 71, 223, 69, 52, 202, 251, 66, 243,
       205, 180, 180, 23, 141, 62, 228, 191, 251, 243, 38, 28, 250, 120,
       95, 175, 129, 70, 120, 15, 181, 228, 255, 96, 15, 58, 85, 22, 202,
       125, 219, 30, 37, 101, 65, 69, 84, 30, 102, 56, 113, 224, 107, 72,
       211, 0, 29, 180, 56, 204, 64, 110, 205, 176, 125, 14, 37, 172, 1,
       4, 107, 179, 66, 132, 120, 181, 59, 80, 219, 237, 17, 87, 235, 53,
       172, 24, 62, 181, 68, 48, 163, 186, 232, 16, 18, 107, 178, 21, 91,
       221, 16, 123, 226, 0, 199, 107, 252, 253, 253, 118, 168, 109, 71,
       220, 243, 190, 173, 24, 123, 247, 205, 59, 51, 214, 108, 122, 104,
       99, 250, 34, 251, 207, 101, 60, 226, 243, 198, 35, 108, 113, 57,
       103, 240, 78, 119, 184, 105, 168, 127, 40, 223, 119, 201, 48, 148,
       92, 84, 106, 192, 176, 233, 44, 111, 253, 37, 52, 66, 179, 70,
       163, 53, 69, 7, 77, 20, 14, 70, 56, 116, 160, 235, 64, 211, 113,
       57, 112, 88, 204, 40, 106, 73, 176, 89, 14, 225, 174, 129, 4, 104,
       187, 112, 32, 124, 69, 220, 103, 32, 74, 103, 168, 113, 162, 175,
       8, 215, 115, 9, 83, 50, 212, 104, 106, 104, 212, 201, 42, 231,
       239, 69, 21, 96, 243, 78, 34, 224, 168, 157, 254, 200, 233, 17,
       143, 138, 23, 160, 24, 182, 247, 64, 91, 129, 51, 106, 16, 50, 79,
       202, 49, 221, 178, 84, 58, 208, 72, 135, 42, 252, 60, 189, 114,
       168, 108, 81, 146, 243, 187, 165, 24, 31, 247, 65, 59, 129, 215,
       125, 24, 56, 71, 218, 34, 219, 203, 117, 125, 224, 241, 70, 34,
       208, 168, 191, 121, 138, 232, 161, 7, 254, 19, 162, 16, 181, 183,
       64, 123, 163, 55, 104, 144, 51, 77, 147, 51, 205, 162, 122, 72,
       224, 64, 133, 42, 208, 168, 189, 122, 8, 173, 80, 143, 238, 19,
       160, 24, 182, 218, 72, 123, 129, 147, 104, 17, 26, 111, 218, 49,
       217, 248, 81, 122, 208, 0, 3, 10, 220, 92, 156, 247, 168, 46, 85,
       158, 178, 186, 162, 92, 215, 113, 65, 27, 5, 246, 108, 42, 104,
       101, 219, 42, 201, 227, 117, 16, 232, 249, 128, 35, 252, 108, 157,
       242, 172, 109, 85, 152, 178, 187, 131, 24, 215, 241, 73, 27, 129,
       214, 109, 18, 56, 101, 219, 34, 217, 195, 117, 125, 160, 123, 214,
       2, 100, 99, 25, 103, 48, 14, 102, 184, 105, 168, 107, 72, 215, 69,
       29, 48, 148, 220, 108, 106, 201, 240, 217, 76, 165, 188, 37, 4,
       72, 179, 66, 48, 208, 160, 157, 248, 136, 236, 81, 159, 162, 23,
       166, 24, 183, 247, 64, 91, 1, 150, 109, 24, 58, 79, 243, 17, 217,
       162, 113, 120, 160, 192, 134, 42, 120, 168, 254, 112, 136, 237,
       81, 215, 242, 23, 164, 8, 55, 243, 64, 27, 129, 178, 236, 16, 58,
       107, 210, 49, 219, 195, 116, 121, 224, 192, 198, 42, 241, 157, 95,
       100, 152, 46, 71, 183, 224, 234, 170, 76, 115, 49, 144, 51, 32,
       230, 108, 110, 233, 171, 245, 46, 248, 175, 101, 16, 105, 242,
       194, 40, 205, 98, 212, 71, 36, 30, 110, 56, 105, 170, 115, 108,
       211, 96, 153, 191, 150, 68, 108, 110, 225, 244, 205, 8, 164, 186,
       101, 132, 74, 179, 66, 33, 77, 117, 157, 103, 160, 110, 119, 152,
       121, 234, 47, 8, 223, 117, 73, 58, 147, 86, 108, 58, 97, 240, 249,
       42, 239, 255, 101, 4, 192, 243, 199, 35, 120, 176, 187, 112, 121,
       237, 17, 83, 227, 29, 172, 56, 30, 151, 64, 56, 165, 154, 196, 16,
       26, 107, 178, 17, 219, 221, 48, 122, 194, 0, 7, 235, 232, 174,
       214, 112, 168, 173, 92, 199, 187, 191, 176, 89, 43, 171, 68, 155,
       201, 162, 237, 144, 62, 111, 194, 115, 154, 219, 244, 249, 192,
       208, 206, 10, 252, 253, 215, 114, 233, 108, 87, 220, 179, 190,
       172, 56, 123, 247, 201, 63, 55, 246, 108, 122, 106, 99, 250, 34,
       255, 239, 101, 60, 226, 243, 198, 35, 109, 105, 249, 71, 244, 75,
       103, 188, 97, 160, 111, 8, 211, 113, 221, 48, 18, 204, 64, 106, 8,
       176, 253, 44, 103, 205, 5, 36, 99, 187, 66, 160, 96, 32, 200, 37,
       48, 10, 97, 11, 32, 164, 38, 137, 135, 35, 66, 82, 2, 132, 109,
       44, 8, 220, 193, 8, 204, 161, 112, 5, 160, 160, 70, 10, 44, 225,
       216, 99, 245, 27, 86, 168, 99, 160, 173, 8, 211, 73, 73, 144, 26,
       204, 196, 122, 72, 48, 201, 44, 238, 221, 5, 53, 227, 187, 74,
       130, 247, 164, 174, 150, 172, 112, 156, 174, 250, 242, 151, 185,
       243, 236, 223, 171, 217, 246, 252, 179, 239, 71, 239, 170, 186,
       51, 255, 185, 140, 117, 186, 20, 208, 172, 159, 125, 168, 170, 73,
       135, 182, 23, 162, 16, 183, 163, 0, 91, 35, 55, 108, 24, 58, 205,
       131, 51, 201, 163, 126, 80, 224, 192, 165, 40, 252, 237, 191, 118,
       168, 109, 87, 254, 178, 186, 174, 8, 215, 247, 73, 59, 49, 214,
       125, 122, 104, 71, 251, 34, 251, 203, 101, 60, 224, 241, 198, 35,
       80, 161, 156, 114, 8, 205, 80, 141, 230, 49, 160, 8, 183, 147, 72,
       27, 129, 147, 104, 80, 10, 107, 202, 49, 217, 193, 85, 125, 208,
       2, 199, 10, 220, 116, 157, 246, 168, 108, 87, 152, 178, 187, 163,
