%YAML:1.0
---
descriptors: !!opencv-matrix
   rows: 305
   cols: 32
   dt: u
   data: [ 221, 84, 253, 247, 44, 46, 121, 152, 252, 186, 183, 80, 223,
       119, 153, 123, 103, 213, 125, 106, 169, 229, 251, 160, 211, 251,
       99, 148, 164, 249, 65, 49, 204, 52, 189, 247, 172, 44, 93, 27,
       251, 187, 183, 56, 223, 127, 201, 123, 199, 87, 125, 24, 185, 69,
       243, 2, 219, 251, 119, 212, 130, 224, 195, 35, 221, 48, 189, 242,
       168, 108, 89, 25, 170, 251, 151, 124, 223, 255, 72, 123, 135, 21,
       253, 49, 185, 71, 251, 128, 219, 251, 127, 252, 128, 226, 135,
       115, 201, 188, 188, 115, 169, 253, 93, 191, 251, 123, 180, 24,
       190, 191, 68, 59, 133, 87, 253, 16, 187, 73, 251, 241, 223, 219,
       119, 126, 130, 65, 135, 59, 226, 172, 230, 223, 252, 43, 236, 239,
       63, 179, 242, 154, 236, 238, 92, 89, 255, 255, 127, 128, 240, 223,
       203, 255, 62, 58, 223, 180, 149, 124, 243, 152, 230, 168, 214,
       159, 236, 43, 252, 206, 31, 179, 242, 154, 236, 254, 60, 89, 255,
       255, 127, 131, 112, 255, 203, 255, 28, 58, 223, 254, 149, 124,
       163, 137, 186, 172, 246, 255, 254, 171, 252, 127, 191, 179, 250,
       18, 239, 234, 52, 89, 251, 239, 127, 129, 178, 223, 203, 255, 182,
       255, 223, 176, 181, 232, 243, 137, 214, 172, 254, 253, 238, 43,
       252, 223, 127, 179, 254, 26, 223, 235, 181, 123, 123, 239, 127,
       152, 240, 255, 239, 254, 254, 191, 255, 172, 181, 248, 243, 137,
       236, 113, 189, 103, 160, 78, 87, 152, 113, 238, 55, 8, 215, 87,
       73, 59, 144, 212, 125, 106, 105, 244, 249, 8, 231, 219, 101, 52,
       64, 179, 70, 115, 236, 112, 189, 103, 37, 111, 119, 24, 123, 238,
       39, 24, 214, 85, 73, 59, 145, 84, 124, 122, 41, 244, 249, 10, 199,
       219, 101, 52, 194, 251, 70, 115, 104, 180, 59, 112, 249, 237, 81,
       71, 251, 61, 172, 24, 182, 151, 64, 62, 129, 58, 72, 24, 59, 107,
       242, 23, 219, 223, 16, 123, 194, 0, 198, 235, 100, 237, 188, 122,
       201, 77, 87, 168, 19, 182, 173, 8, 210, 119, 74, 50, 153, 218, 97,
       98, 122, 98, 251, 51, 235, 159, 69, 125, 208, 123, 198, 226, 124,
       68, 124, 103, 168, 106, 87, 184, 97, 162, 175, 8, 215, 115, 9,
       123, 19, 212, 108, 106, 104, 97, 219, 12, 225, 239, 69, 20, 96,
       243, 70, 34, 224, 140, 157, 252, 137, 237, 1, 143, 138, 55, 160,
       24, 182, 51, 72, 91, 129, 83, 104, 16, 50, 109, 211, 113, 221,
       178, 84, 123, 208, 72, 133, 42, 197, 245, 157, 103, 161, 14, 103,
       184, 122, 242, 47, 76, 222, 115, 73, 50, 147, 68, 104, 122, 225,
       240, 249, 42, 237, 187, 69, 70, 200, 115, 67, 35, 192, 140, 157,
       249, 200, 237, 5, 175, 254, 51, 32, 24, 182, 51, 64, 123, 129, 82,
       106, 24, 51, 108, 211, 115, 237, 146, 84, 120, 144, 72, 135, 40,
       236, 112, 189, 118, 9, 108, 65, 152, 240, 186, 167, 24, 223, 119,
       73, 59, 137, 213, 125, 58, 41, 101, 251, 0, 211, 219, 117, 53,
       192, 241, 70, 34, 193, 172, 185, 121, 168, 232, 57, 143, 238, 115,
       6, 144, 181, 158, 210, 123, 135, 63, 120, 24, 182, 205, 231, 49,
       204, 169, 122, 64, 196, 192, 131, 104, 209, 190, 189, 245, 44, 47,
       85, 191, 248, 190, 178, 120, 247, 121, 64, 35, 133, 119, 125, 43,
       248, 105, 235, 42, 233, 139, 117, 176, 64, 120, 129, 43, 244, 124,
       172, 182, 140, 109, 85, 182, 210, 250, 134, 24, 215, 245, 91, 59,
       129, 246, 125, 27, 104, 103, 251, 34, 217, 131, 245, 113, 160,
       120, 214, 98, 193, 136, 189, 95, 168, 173, 145, 143, 206, 19, 160,
       24, 246, 112, 77, 107, 133, 83, 104, 12, 54, 109, 251, 49, 139,
       154, 84, 58, 208, 72, 1, 46, 100, 164, 133, 254, 141, 100, 77,
       139, 146, 183, 137, 24, 215, 111, 72, 90, 217, 215, 109, 145, 58,
       70, 251, 51, 137, 246, 223, 125, 144, 115, 150, 34, 252, 116, 189,
       116, 168, 108, 85, 154, 226, 186, 167, 56, 215, 119, 65, 59, 129,
       212, 236, 18, 57, 103, 251, 2, 219, 195, 117, 61, 226, 241, 6, 35,
       100, 199, 61, 111, 152, 79, 71, 184, 86, 53, 175, 12, 211, 101, 8,
       81, 81, 212, 104, 122, 168, 160, 121, 63, 237, 190, 5, 84, 240,
       251, 196, 112, 116, 53, 245, 103, 181, 107, 86, 40, 113, 168, 187,
       104, 195, 121, 93, 50, 152, 212, 109, 114, 28, 242, 201, 8, 175,
       254, 101, 55, 107, 251, 214, 2, 109, 101, 249, 103, 180, 31, 118,
       184, 121, 232, 127, 105, 219, 121, 159, 176, 150, 76, 124, 110,
       196, 240, 233, 14, 231, 255, 37, 22, 66, 247, 66, 103, 76, 101,
       124, 103, 242, 74, 127, 184, 57, 228, 111, 169, 223, 119, 139, 82,
       54, 93, 253, 110, 96, 208, 249, 78, 230, 239, 101, 132, 34, 179,
       7, 113, 109, 112, 89, 101, 64, 78, 67, 16, 96, 224, 103, 8, 83,
       23, 129, 48, 16, 220, 64, 106, 73, 244, 241, 12, 71, 169, 33, 0,
       97, 179, 70, 32, 76, 160, 188, 80, 137, 105, 17, 139, 187, 183,
       165, 24, 206, 231, 78, 31, 129, 22, 233, 16, 50, 105, 219, 0, 203,
       211, 85, 127, 194, 64, 135, 34, 129, 2, 79, 25, 192, 171, 97, 6,
       118, 19, 98, 208, 179, 1, 128, 73, 97, 46, 106, 12, 59, 220, 71,
       17, 4, 160, 112, 64, 104, 200, 80, 168, 36, 253, 134, 142, 217,
       71, 167, 232, 214, 130, 235, 13, 70, 240, 43, 192, 217, 236, 234,
       98, 105, 227, 154, 62, 185, 38, 7, 61, 80, 123, 44, 128, 193, 170,
       146, 153, 236, 169, 168, 135, 254, 147, 160, 208, 183, 162, 224,
       74, 99, 34, 106, 28, 50, 109, 134, 115, 140, 130, 254, 104, 152,
       64, 129, 136, 80, 184, 153, 49, 136, 236, 17, 19, 226, 83, 162,
       24, 183, 179, 64, 58, 129, 51, 108, 16, 27, 109, 210, 49, 201,
       128, 115, 120, 232, 64, 135, 34, 129, 170, 151, 155, 236, 169,
       232, 199, 254, 19, 66, 208, 181, 226, 240, 75, 99, 34, 74, 28, 51,
       92, 143, 113, 12, 130, 118, 104, 156, 192, 225, 168, 129, 174,
       159, 187, 228, 169, 109, 151, 238, 19, 98, 208, 181, 227, 240, 75,
       99, 106, 42, 28, 51, 252, 15, 49, 204, 130, 118, 64, 152, 192,
       225, 168, 240, 188, 156, 114, 136, 236, 85, 151, 178, 183, 164,
       25, 23, 183, 66, 27, 129, 215, 109, 16, 58, 79, 218, 34, 219, 131,
       117, 121, 160, 80, 134, 74, 232, 188, 180, 251, 173, 189, 84, 159,
       255, 187, 180, 24, 238, 249, 84, 59, 133, 98, 127, 16, 178, 111,
       250, 179, 207, 219, 85, 122, 210, 88, 211, 11, 226, 172, 198, 223,
       237, 47, 236, 239, 191, 187, 242, 16, 238, 238, 92, 91, 219, 239,
       127, 129, 50, 255, 219, 253, 189, 186, 223, 180, 149, 120, 243,
       136, 232, 181, 188, 250, 157, 93, 85, 189, 83, 63, 165, 24, 251,
       125, 72, 49, 217, 154, 233, 48, 58, 110, 251, 151, 239, 223, 84,
       127, 210, 8, 198, 106, 230, 172, 214, 159, 236, 171, 252, 207, 63,
       179, 242, 18, 236, 234, 92, 89, 255, 239, 127, 145, 58, 254, 203,
       243, 28, 58, 223, 158, 149, 120, 243, 137, 166, 172, 214, 159,
       252, 171, 248, 206, 63, 179, 242, 18, 236, 234, 28, 75, 255, 239,
       127, 145, 50, 255, 203, 247, 156, 254, 159, 244, 213, 72, 243,
       129, 130, 172, 214, 255, 252, 171, 252, 255, 191, 179, 250, 18,
       237, 234, 52, 73, 251, 239, 127, 128, 58, 223, 203, 255, 190, 254,
       223, 224, 245, 232, 243, 137, 108, 181, 189, 99, 157, 111, 83,
       152, 111, 61, 45, 24, 223, 125, 75, 58, 153, 28, 124, 56, 26, 112,
       249, 16, 207, 221, 1, 117, 210, 107, 70, 114, 108, 52, 188, 99,
       173, 111, 83, 152, 99, 190, 173, 8, 215, 117, 75, 58, 145, 84,
       125, 58, 9, 118, 249, 16, 207, 223, 101, 117, 194, 251, 70, 115,
       0, 173, 254, 255, 236, 163, 237, 255, 126, 163, 250, 18, 245, 235,
       52, 64, 123, 239, 127, 144, 176, 251, 207, 126, 252, 175, 255,
       224, 181, 248, 241, 137, 148, 221, 61, 231, 180, 15, 127, 188, 52,
       170, 218, 96, 215, 119, 137, 65, 55, 214, 125, 106, 233, 240, 105,
       46, 236, 239, 39, 148, 36, 251, 129, 33, 144, 173, 255, 253, 188,
       171, 239, 255, 54, 163, 250, 146, 245, 175, 145, 97, 127, 239,
       127, 137, 162, 217, 235, 63, 252, 175, 191, 132, 229, 240, 211,
       169, 84, 85, 61, 231, 176, 78, 71, 184, 32, 232, 191, 72, 215,
