%YAML:1.0
---
descriptors: !!opencv-matrix
   rows: 289
   cols: 32
   dt: u
   data: [ 253, 113, 253, 103, 40, 95, 71, 152, 97, 250, 183, 72, 211,
       85, 217, 59, 20, 212, 124, 106, 233, 118, 249, 8, 231, 217, 101,
       52, 106, 243, 66, 113, 93, 221, 127, 103, 180, 78, 79, 188, 101,
       234, 255, 68, 243, 119, 137, 112, 118, 246, 92, 106, 233, 144,
       121, 46, 227, 239, 37, 148, 104, 243, 192, 57, 85, 157, 125, 231,
       176, 110, 79, 188, 36, 232, 255, 96, 247, 119, 137, 112, 86, 246,
       93, 106, 249, 144, 105, 47, 225, 239, 39, 132, 32, 243, 128, 121,
       132, 236, 251, 255, 252, 169, 255, 222, 62, 179, 243, 146, 245,
       255, 216, 105, 127, 255, 127, 15, 178, 220, 235, 51, 253, 239,
       255, 196, 229, 249, 197, 225, 149, 172, 187, 239, 180, 235, 111,
       191, 54, 171, 91, 80, 247, 119, 152, 96, 119, 127, 61, 58, 187,
       188, 233, 63, 237, 239, 39, 196, 164, 251, 129, 225, 253, 113,
       253, 103, 40, 78, 87, 152, 97, 250, 183, 8, 215, 87, 73, 59, 148,
       212, 124, 106, 201, 103, 249, 32, 211, 249, 101, 52, 96, 179, 70,
       115, 236, 112, 189, 99, 41, 109, 83, 152, 107, 255, 165, 24, 222,
       93, 73, 59, 145, 80, 124, 58, 43, 102, 251, 16, 207, 219, 65, 125,
       194, 123, 70, 115, 132, 172, 254, 255, 236, 41, 253, 255, 190,
       183, 183, 27, 245, 235, 92, 123, 255, 255, 127, 155, 178, 231,
       207, 243, 255, 187, 255, 252, 149, 248, 231, 163, 150, 172, 254,
       251, 238, 169, 254, 238, 255, 179, 247, 26, 255, 234, 125, 91,
       251, 199, 127, 147, 186, 247, 203, 243, 255, 219, 223, 221, 165,
       249, 233, 130, 236, 176, 189, 115, 237, 125, 81, 152, 255, 127,
       165, 24, 222, 125, 74, 59, 153, 146, 253, 24, 58, 102, 251, 17,
       207, 219, 81, 127, 210, 75, 198, 242, 142, 236, 246, 255, 253, 43,
       254, 253, 191, 178, 243, 27, 238, 251, 93, 203, 255, 207, 255,
       163, 252, 247, 203, 235, 191, 254, 223, 175, 231, 253, 225, 139,
       158, 236, 214, 255, 255, 59, 254, 238, 191, 179, 250, 27, 238,
       235, 93, 219, 251, 199, 255, 179, 126, 247, 203, 251, 191, 222,
       223, 247, 167, 125, 229, 130, 134, 237, 214, 255, 253, 11, 254,
       237, 191, 178, 243, 26, 239, 234, 93, 71, 255, 255, 255, 227, 120,
       247, 203, 239, 190, 254, 207, 183, 183, 127, 225, 135, 246, 236,
       246, 191, 252, 171, 254, 236, 191, 242, 251, 27, 239, 234, 92, 64,
       255, 255, 127, 243, 230, 247, 207, 255, 188, 254, 207, 150, 149,
       255, 227, 133, 230, 237, 246, 255, 252, 185, 254, 236, 191, 178,
       243, 154, 239, 238, 125, 102, 255, 255, 127, 211, 250, 255, 239,
       255, 190, 254, 207, 222, 149, 251, 227, 133, 246, 237, 246, 255,
       237, 47, 238, 255, 191, 187, 251, 26, 235, 235, 124, 91, 127, 207,
       127, 179, 248, 227, 203, 243, 191, 254, 223, 252, 215, 250, 242,
       128, 238, 253, 183, 252, 157, 207, 214, 231, 255, 138, 232, 8,
       190, 253, 52, 49, 201, 247, 123, 67, 105, 107, 210, 254, 187, 255,
       199, 27, 80, 120, 246, 34, 252, 244, 188, 255, 173, 127, 87, 184,
       127, 186, 183, 24, 255, 249, 93, 59, 223, 215, 253, 106, 232, 103,
       251, 186, 255, 255, 117, 188, 194, 251, 194, 35, 23, 253, 150,
       239, 157, 15, 238, 248, 127, 162, 251, 6, 222, 251, 93, 1, 255,
       207, 127, 255, 233, 243, 217, 254, 189, 190, 207, 4, 237, 123,
       161, 128, 198, 236, 214, 159, 252, 43, 254, 236, 63, 186, 251, 26,
       238, 234, 25, 75, 255, 239, 127, 163, 120, 247, 203, 238, 188,
       182, 207, 140, 133, 123, 225, 129, 46, 101, 248, 207, 252, 27,
       254, 248, 127, 162, 253, 2, 203, 107, 157, 128, 127, 205, 255,
       235, 232, 243, 205, 254, 190, 255, 207, 148, 87, 251, 107, 129,
       198, 253, 246, 159, 252, 47, 254, 236, 127, 162, 251, 26, 206,
       250, 61, 65, 255, 255, 255, 227, 232, 247, 219, 255, 189, 62, 207,
       174, 197, 123, 225, 0, 85, 135, 93, 109, 180, 14, 79, 184, 116,
       170, 254, 68, 83, 97, 152, 80, 16, 196, 108, 110, 249, 176, 109,
       14, 224, 175, 37, 132, 104, 242, 192, 33, 220, 16, 188, 247, 172,
       44, 121, 152, 175, 255, 183, 56, 223, 247, 203, 91, 135, 213, 125,
       26, 184, 69, 235, 128, 207, 251, 119, 148, 128, 233, 5, 115, 205,
       112, 157, 103, 41, 110, 87, 136, 105, 250, 37, 24, 222, 113, 73,
       59, 145, 84, 108, 122, 33, 100, 249, 0, 199, 251, 69, 54, 202,
       115, 67, 35, 117, 71, 93, 103, 180, 14, 79, 188, 96, 168, 190, 76,
       243, 97, 145, 114, 52, 196, 108, 110, 233, 160, 109, 46, 232, 175,
       37, 144, 96, 243, 66, 41, 236, 252, 180, 254, 141, 253, 86, 182,
       219, 187, 165, 24, 191, 253, 71, 59, 201, 242, 253, 26, 122, 111,
       250, 179, 235, 223, 85, 59, 210, 93, 214, 74, 12, 181, 185, 114,
       219, 237, 49, 207, 254, 21, 45, 24, 158, 247, 76, 56, 169, 27, 64,
       16, 19, 107, 186, 115, 95, 213, 21, 111, 193, 65, 167, 162, 216,
       176, 189, 248, 168, 237, 89, 95, 187, 127, 180, 24, 191, 183, 72,
       59, 133, 147, 125, 24, 59, 111, 242, 17, 219, 251, 113, 252, 226,
       64, 198, 123, 248, 188, 190, 248, 173, 253, 81, 151, 251, 127,
       180, 24, 191, 189, 66, 123, 133, 183, 253, 24, 186, 111, 242, 179,
       219, 251, 116, 123, 194, 72, 199, 123, 234, 188, 181, 250, 237,
       253, 93, 255, 223, 251, 180, 24, 250, 253, 116, 123, 201, 255,
       255, 24, 186, 111, 251, 243, 219, 219, 215, 123, 146, 92, 214,
       106, 248, 188, 188, 248, 173, 253, 85, 215, 255, 255, 180, 24,
       190, 253, 66, 59, 201, 242, 253, 24, 186, 111, 242, 179, 219, 219,
       85, 123, 210, 204, 214, 123, 236, 180, 189, 97, 168, 111, 117, 31,
       123, 191, 167, 24, 223, 55, 72, 59, 149, 23, 125, 56, 58, 116,
       241, 2, 207, 219, 117, 117, 194, 64, 198, 99, 200, 244, 189, 113,
       169, 109, 85, 191, 127, 123, 36, 24, 190, 55, 72, 59, 133, 83,
       253, 24, 115, 108, 251, 51, 239, 219, 116, 127, 210, 88, 199, 123,
       196, 92, 61, 231, 40, 78, 127, 188, 60, 234, 247, 40, 215, 87,
       137, 115, 150, 244, 125, 106, 105, 212, 249, 46, 231, 235, 97,
       148, 32, 179, 7, 115, 220, 89, 29, 231, 180, 78, 127, 188, 36,
       168, 214, 96, 247, 87, 129, 83, 54, 245, 125, 106, 105, 212, 233,
       44, 229, 233, 103, 148, 32, 179, 5, 51, 204, 84, 189, 231, 32,
       110, 127, 152, 57, 234, 183, 104, 215, 119, 137, 123, 151, 85,
       125, 106, 41, 212, 249, 42, 199, 251, 97, 148, 0, 243, 6, 51, 204,
       53, 189, 99, 177, 110, 113, 25, 59, 255, 55, 24, 222, 119, 73, 59,
       149, 87, 125, 56, 177, 212, 249, 66, 207, 219, 117, 228, 192, 227,
       199, 115, 217, 219, 95, 100, 42, 14, 71, 52, 224, 136, 182, 104,
       119, 115, 128, 115, 38, 244, 108, 106, 233, 193, 225, 45, 242,
       235, 100, 144, 104, 178, 98, 41, 242, 172, 150, 186, 137, 233, 20,
       199, 191, 19, 160, 57, 174, 242, 96, 159, 129, 243, 232, 17, 62,
       79, 202, 179, 153, 210, 93, 123, 208, 68, 143, 14, 184, 174, 222,
       112, 138, 233, 81, 215, 178, 23, 164, 185, 23, 231, 66, 25, 35,
       186, 77, 16, 58, 79, 130, 51, 219, 199, 113, 121, 226, 192, 198,
       42, 248, 176, 253, 112, 168, 237, 81, 218, 163, 191, 164, 24, 55,
       247, 64, 27, 1, 246, 109, 24, 58, 71, 250, 32, 219, 195, 117, 120,
       224, 193, 70, 99, 45, 113, 16, 101, 17, 15, 102, 56, 104, 224,
       107, 8, 214, 17, 1, 52, 144, 76, 80, 106, 193, 176, 81, 12, 167,
       221, 1, 22, 74, 51, 66, 162, 69, 113, 157, 101, 1, 78, 103, 56,
       104, 192, 107, 8, 214, 51, 8, 50, 144, 84, 104, 106, 65, 240, 241,
       8, 229, 186, 64, 6, 72, 50, 67, 34, 244, 14, 204, 180, 168, 40,
       93, 191, 178, 183, 134, 189, 87, 227, 67, 91, 3, 230, 109, 148,
       56, 79, 203, 34, 216, 227, 253, 189, 160, 240, 134, 74, 248, 188,
       220, 114, 168, 173, 84, 223, 179, 191, 164, 29, 55, 243, 66, 27,
       129, 242, 109, 28, 58, 111, 218, 51, 219, 203, 117, 121, 232, 208,
       202, 10, 205, 245, 149, 103, 129, 126, 119, 184, 123, 234, 47, 8,
       222, 113, 73, 182, 145, 84, 104, 106, 97, 240, 249, 42, 239, 255,
       69, 6, 202, 115, 67, 54, 150, 236, 254, 255, 236, 43, 254, 239,
