%YAML:1.0
---
descriptors: !!opencv-matrix
   rows: 391
   cols: 32
   dt: u
   data: [ 53, 253, 106, 238, 244, 163, 239, 252, 87, 201, 253, 42, 115,
       255, 187, 112, 126, 234, 23, 254, 218, 187, 108, 189, 250, 205,
       167, 168, 245, 251, 242, 249, 22, 148, 242, 207, 95, 47, 250, 232,
       63, 226, 251, 2, 207, 251, 61, 80, 255, 221, 255, 227, 168, 243,
       217, 222, 191, 254, 143, 22, 199, 255, 97, 130, 220, 20, 253, 247,
       44, 110, 91, 24, 252, 250, 183, 112, 223, 119, 153, 123, 247, 213,
       125, 42, 169, 229, 251, 162, 211, 251, 99, 148, 164, 251, 69, 113,
       220, 180, 189, 240, 168, 110, 93, 31, 187, 255, 151, 120, 223,
       127, 72, 123, 135, 151, 253, 49, 187, 69, 243, 192, 219, 251, 127,
       252, 128, 192, 135, 115, 200, 188, 188, 115, 169, 253, 121, 159,
       251, 59, 182, 24, 190, 191, 64, 59, 133, 87, 253, 24, 186, 109,
       251, 243, 207, 219, 119, 123, 194, 65, 135, 123, 234, 188, 180,
       254, 173, 253, 220, 159, 223, 187, 180, 24, 238, 249, 92, 127,
       201, 123, 255, 17, 186, 108, 250, 243, 207, 219, 215, 127, 146,
       120, 210, 139, 216, 184, 189, 250, 169, 253, 85, 159, 187, 95,
       165, 24, 190, 255, 66, 59, 133, 115, 253, 16, 59, 75, 250, 241,
       219, 219, 85, 123, 210, 80, 135, 123, 134, 172, 254, 223, 238,
       171, 255, 239, 191, 187, 250, 26, 245, 235, 220, 91, 255, 239,
       127, 154, 242, 255, 203, 119, 252, 191, 255, 220, 213, 248, 227,
       169, 108, 112, 185, 99, 45, 109, 83, 152, 107, 255, 39, 24, 215,
       85, 73, 58, 145, 84, 125, 58, 9, 100, 249, 0, 207, 219, 101, 52,
       194, 251, 70, 114, 236, 113, 189, 103, 168, 78, 87, 184, 33, 174,
       183, 8, 215, 87, 73, 59, 148, 212, 125, 106, 105, 244, 249, 8,
       231, 249, 101, 52, 64, 179, 70, 51, 76, 85, 61, 231, 48, 78, 79,
       184, 32, 168, 191, 108, 215, 119, 137, 114, 22, 212, 125, 106,
       105, 144, 249, 46, 245, 239, 37, 148, 40, 243, 70, 49, 237, 81,
       61, 103, 36, 78, 119, 184, 105, 232, 55, 8, 215, 117, 9, 51, 148,
       84, 124, 106, 233, 240, 249, 12, 231, 249, 101, 20, 64, 179, 70,
       113, 4, 85, 121, 231, 48, 78, 111, 184, 52, 232, 127, 96, 215,
       119, 137, 112, 54, 92, 29, 106, 233, 144, 121, 46, 229, 239, 39,
       132, 32, 243, 100, 113, 104, 180, 187, 112, 25, 237, 81, 71, 251,
       21, 44, 24, 54, 183, 64, 56, 129, 58, 72, 24, 26, 107, 242, 23,
       219, 223, 16, 122, 194, 0, 198, 106, 228, 116, 157, 103, 136, 110,
       71, 152, 114, 186, 163, 24, 215, 115, 73, 59, 145, 84, 120, 122,
       57, 68, 249, 2, 205, 171, 101, 52, 192, 115, 198, 34, 252, 225,
       156, 114, 137, 77, 85, 136, 130, 182, 165, 24, 87, 243, 73, 27,
       137, 208, 233, 114, 106, 99, 218, 17, 219, 195, 69, 125, 240, 123,
       206, 34, 228, 237, 189, 103, 157, 79, 71, 168, 118, 166, 239, 8,
       215, 117, 9, 49, 217, 220, 104, 106, 105, 242, 249, 42, 237, 223,
       69, 52, 192, 123, 70, 98, 241, 184, 247, 112, 171, 253, 80, 87,
       251, 251, 182, 120, 58, 189, 198, 63, 175, 246, 252, 16, 191, 111,
       178, 177, 219, 218, 113, 251, 235, 192, 198, 95, 249, 190, 60,
       176, 170, 188, 88, 27, 163, 91, 180, 185, 63, 247, 66, 59, 135,
       183, 253, 20, 190, 79, 226, 17, 219, 219, 113, 249, 162, 196, 142,
       91, 133, 190, 157, 241, 236, 45, 165, 223, 250, 187, 48, 120, 212,
       241, 193, 43, 143, 87, 102, 25, 243, 124, 202, 34, 76, 131, 119,
       236, 204, 120, 131, 169, 93, 151, 24, 107, 176, 63, 86, 191, 119,
       43, 190, 124, 223, 115, 136, 244, 23, 214, 76, 58, 191, 176, 89,
       63, 170, 207, 37, 116, 250, 219, 136, 33, 77, 53, 61, 71, 33, 94,
       119, 56, 105, 234, 111, 8, 222, 119, 13, 54, 148, 84, 120, 106,
       193, 240, 249, 76, 231, 253, 5, 4, 74, 243, 71, 112, 212, 38, 204,
       182, 168, 42, 80, 136, 162, 182, 167, 153, 199, 99, 75, 91, 3,
       196, 108, 126, 60, 69, 207, 32, 202, 227, 101, 61, 160, 241, 74,
       2, 100, 180, 17, 251, 157, 45, 71, 140, 95, 59, 169, 88, 214, 113,
       76, 52, 145, 154, 104, 18, 59, 34, 219, 55, 173, 158, 21, 126,
       208, 91, 198, 34, 4, 101, 26, 103, 20, 198, 103, 240, 116, 128,
       111, 0, 215, 243, 41, 32, 88, 124, 2, 234, 105, 210, 154, 46, 229,
       173, 135, 8, 64, 179, 96, 162, 85, 69, 93, 103, 22, 78, 70, 56,
       100, 160, 107, 64, 211, 115, 9, 112, 50, 212, 88, 106, 105, 176,
       93, 14, 231, 175, 37, 20, 97, 179, 64, 32, 252, 77, 124, 103, 160,
       74, 79, 168, 113, 162, 47, 8, 215, 115, 9, 115, 19, 212, 104, 106,
       104, 240, 217, 46, 229, 235, 69, 20, 96, 243, 70, 34, 28, 245,
       159, 231, 145, 78, 103, 252, 54, 162, 239, 2, 211, 115, 9, 96,
       121, 222, 8, 234, 121, 208, 57, 46, 233, 231, 135, 4, 160, 115,
       228, 162, 224, 136, 157, 252, 136, 233, 17, 143, 154, 23, 160, 24,
       182, 179, 68, 91, 129, 211, 104, 16, 50, 111, 211, 113, 221, 178,
       80, 123, 208, 72, 135, 42, 197, 245, 149, 103, 169, 79, 87, 184,
       122, 250, 43, 8, 222, 113, 73, 50, 145, 84, 104, 122, 97, 112,
       217, 42, 237, 190, 69, 118, 200, 115, 67, 18, 215, 123, 81, 165,
       50, 14, 62, 176, 40, 192, 66, 205, 157, 6, 131, 208, 182, 69, 124,
       69, 197, 152, 213, 78, 164, 36, 47, 132, 12, 55, 139, 85, 224,
       236, 157, 255, 232, 237, 5, 174, 158, 19, 32, 24, 182, 243, 64,
       123, 129, 114, 106, 8, 50, 78, 218, 51, 237, 179, 86, 120, 144,
       88, 133, 42, 116, 197, 124, 111, 188, 11, 71, 188, 100, 160, 170,
       8, 211, 115, 8, 115, 82, 246, 108, 106, 120, 169, 89, 61, 233,
       235, 37, 84, 112, 186, 196, 32, 193, 160, 254, 88, 138, 248, 185,
       7, 238, 83, 162, 16, 181, 178, 86, 123, 39, 19, 122, 24, 55, 77,
       182, 113, 204, 171, 90, 120, 204, 192, 131, 12, 208, 142, 189,
       119, 188, 106, 205, 43, 254, 183, 178, 24, 247, 105, 16, 43, 135,
       119, 108, 41, 176, 237, 109, 44, 233, 234, 117, 16, 196, 232, 197,
       104, 244, 45, 172, 180, 140, 108, 69, 7, 242, 251, 134, 24, 247,
       253, 83, 59, 129, 246, 125, 25, 105, 109, 251, 34, 217, 227, 245,
       57, 160, 120, 214, 122, 69, 119, 148, 135, 34, 10, 54, 184, 125,
       226, 107, 108, 222, 114, 137, 180, 182, 69, 108, 99, 229, 208,
       221, 76, 164, 182, 71, 6, 72, 115, 11, 5, 36, 227, 181, 75, 16,
       79, 71, 184, 86, 52, 111, 64, 211, 101, 200, 112, 85, 220, 12,
       106, 219, 240, 121, 55, 239, 134, 37, 52, 112, 251, 132, 48, 230,
       180, 150, 146, 249, 237, 148, 205, 159, 63, 169, 25, 198, 240,
       108, 158, 153, 3, 234, 49, 54, 67, 90, 87, 57, 22, 93, 127, 208,
       78, 134, 151, 244, 127, 158, 182, 137, 95, 22, 232, 146, 190, 169,
       45, 70, 248, 75, 155, 217, 231, 236, 98, 108, 103, 202, 42, 185,
       211, 101, 63, 192, 123, 138, 19, 248, 176, 253, 114, 168, 109, 81,
       153, 243, 191, 165, 56, 27, 247, 64, 59, 3, 214, 108, 24, 58, 103,
       250, 0, 219, 203, 117, 124, 224, 192, 198, 99, 77, 101, 249, 103,
       180, 30, 118, 184, 121, 232, 127, 105, 223, 121, 157, 176, 182,
       76, 125, 110, 228, 240, 233, 10, 239, 255, 37, 6, 194, 247, 67,
       227, 76, 101, 124, 103, 178, 10, 127, 184, 57, 204, 127, 169, 223,
       119, 139, 16, 22, 85, 253, 110, 96, 208, 233, 78, 231, 255, 37,
       132, 34, 243, 7, 113, 37, 112, 89, 69, 80, 78, 99, 48, 96, 104,
       103, 8, 82, 19, 133, 48, 16, 92, 64, 106, 65, 180, 241, 76, 103,
       172, 32, 0, 73, 179, 66, 177, 208, 176, 61, 176, 10, 237, 17, 18,
       226, 83, 164, 24, 151, 147, 64, 27, 1, 147, 108, 24, 59, 111, 146,
       17, 217, 128, 112, 120, 232, 0, 7, 114, 120, 168, 223, 112, 168,
       232, 81, 215, 162, 17, 172, 9, 55, 179, 66, 58, 129, 230, 125, 24,
       26, 75, 194, 33, 219, 169, 112, 121, 224, 194, 206, 74, 145, 138,
       223, 125, 176, 174, 65, 23, 116, 75, 98, 84, 243, 33, 144, 120,
       53, 110, 44, 28, 187, 248, 37, 15, 200, 175, 48, 64, 232, 192,
       192, 41, 129, 170, 159, 185, 104, 137, 105, 23, 230, 27, 70, 84,
       181, 194, 240, 107, 67, 42, 46, 28, 51, 220, 39, 49, 68, 137, 114,
       0, 24, 128, 161, 168, 129, 142, 207, 57, 164, 170, 97, 151, 118,
