%YAML:1.0
---
descriptors: !!opencv-matrix
   rows: 287
   cols: 32
   dt: u
   data: [ 237, 113, 189, 103, 40, 95, 71, 152, 97, 250, 181, 76, 211,
       85, 217, 59, 148, 212, 124, 106, 233, 102, 249, 8, 231, 217, 101,
       52, 106, 243, 66, 113, 93, 93, 125, 103, 180, 78, 79, 188, 101,
       234, 255, 68, 243, 119, 137, 112, 118, 214, 92, 106, 233, 144,
       121, 46, 227, 239, 37, 148, 104, 243, 192, 49, 29, 157, 123, 231,
       176, 79, 79, 188, 52, 234, 255, 96, 215, 119, 137, 112, 119, 254,
       29, 106, 249, 152, 105, 62, 233, 239, 37, 132, 32, 243, 192, 113,
       21, 173, 187, 239, 180, 107, 111, 191, 54, 171, 91, 80, 247, 119,
       153, 96, 119, 127, 29, 58, 185, 184, 233, 63, 236, 239, 39, 132,
       164, 251, 129, 225, 253, 112, 253, 103, 40, 78, 87, 152, 97, 250,
       183, 8, 215, 87, 73, 59, 148, 212, 124, 106, 201, 103, 251, 32,
       211, 249, 101, 52, 96, 179, 70, 115, 172, 48, 189, 99, 45, 109,
       83, 152, 107, 255, 165, 24, 222, 93, 73, 59, 145, 80, 253, 58, 43,
       100, 251, 16, 207, 219, 65, 124, 194, 123, 70, 115, 132, 236, 254,
       255, 236, 41, 255, 255, 190, 183, 183, 27, 245, 235, 92, 123, 255,
       239, 127, 155, 242, 239, 207, 243, 255, 175, 255, 252, 149, 248,
       229, 171, 150, 172, 254, 255, 254, 187, 254, 239, 255, 179, 247,
       26, 255, 235, 121, 91, 251, 231, 127, 147, 186, 255, 203, 251,
       255, 219, 223, 221, 165, 249, 233, 130, 172, 180, 189, 115, 237,
       125, 81, 152, 127, 127, 165, 24, 222, 125, 74, 59, 153, 146, 253,
       24, 58, 100, 251, 147, 207, 219, 81, 127, 210, 75, 198, 242, 252,
       188, 252, 118, 136, 109, 85, 255, 179, 190, 164, 25, 83, 103, 72,
       27, 9, 214, 108, 42, 120, 103, 250, 34, 251, 203, 117, 61, 227,
       240, 198, 106, 104, 252, 181, 254, 157, 237, 85, 175, 223, 31,
       172, 24, 174, 253, 76, 88, 201, 59, 249, 16, 42, 107, 242, 179,
       235, 223, 84, 123, 210, 72, 198, 234, 120, 184, 253, 112, 168,
       221, 81, 215, 162, 253, 164, 24, 51, 247, 66, 59, 1, 246, 108, 24,
       59, 107, 242, 32, 219, 201, 117, 57, 226, 192, 198, 123, 230, 173,
       246, 255, 252, 171, 254, 238, 191, 179, 251, 154, 239, 238, 125,
       71, 255, 255, 127, 243, 186, 251, 203, 254, 190, 254, 223, 222,
       133, 251, 227, 133, 246, 236, 246, 254, 237, 47, 238, 255, 191,
       187, 251, 26, 235, 235, 125, 91, 255, 207, 127, 163, 248, 231,
       203, 251, 191, 254, 223, 252, 215, 250, 242, 128, 252, 244, 180,
       255, 173, 127, 87, 184, 127, 186, 191, 24, 223, 253, 93, 123, 223,
       215, 253, 122, 232, 103, 251, 186, 255, 255, 101, 254, 194, 251,
       194, 35, 38, 229, 151, 239, 221, 111, 238, 236, 223, 226, 234, 10,
       90, 251, 61, 112, 249, 239, 123, 235, 105, 243, 217, 254, 189,
       254, 207, 54, 145, 123, 243, 162, 224, 228, 21, 123, 141, 77, 84,
       175, 123, 57, 161, 24, 150, 51, 76, 115, 129, 151, 104, 16, 123,
       108, 219, 23, 173, 218, 85, 126, 208, 8, 198, 42, 183, 231, 118,
       199, 254, 15, 254, 248, 127, 160, 251, 78, 207, 234, 189, 64, 127,
       205, 127, 251, 224, 243, 141, 254, 190, 254, 47, 244, 53, 251,
       241, 129, 69, 249, 148, 87, 157, 12, 102, 184, 106, 240, 43, 76,
       254, 112, 73, 182, 145, 70, 104, 94, 195, 112, 219, 49, 45, 190,
       5, 102, 72, 51, 67, 14, 54, 165, 70, 175, 252, 11, 238, 233, 31,
       160, 251, 10, 205, 234, 61, 64, 123, 207, 127, 99, 112, 243, 201,
       255, 188, 254, 143, 180, 149, 123, 241, 129, 198, 36, 214, 159,
       236, 43, 238, 232, 63, 178, 251, 26, 204, 234, 89, 73, 255, 207,
       127, 163, 120, 247, 203, 238, 188, 182, 207, 204, 132, 123, 225,
       128, 198, 236, 214, 158, 252, 43, 238, 232, 63, 162, 251, 26, 206,
       234, 25, 67, 251, 207, 127, 227, 96, 247, 203, 238, 188, 182, 207,
       12, 133, 123, 113, 129, 220, 144, 188, 247, 172, 108, 89, 152,
       191, 255, 183, 48, 223, 247, 202, 123, 135, 85, 125, 24, 56, 69,
       235, 128, 203, 251, 119, 252, 160, 233, 135, 115, 205, 112, 153,
       103, 33, 110, 119, 152, 105, 250, 37, 40, 222, 85, 73, 59, 147,
       84, 124, 122, 1, 100, 185, 0, 199, 249, 101, 54, 202, 115, 67, 51,
       236, 252, 180, 254, 141, 237, 86, 183, 211, 187, 165, 25, 255,
       249, 81, 59, 201, 242, 253, 26, 58, 111, 218, 187, 251, 223, 213,
       59, 210, 125, 214, 66, 12, 181, 187, 114, 211, 237, 49, 195, 251,
       21, 45, 24, 158, 247, 76, 56, 161, 27, 64, 16, 19, 105, 186, 114,
       95, 213, 21, 111, 193, 65, 167, 162, 216, 176, 189, 248, 168, 237,
       89, 91, 187, 127, 180, 24, 191, 247, 64, 59, 133, 147, 125, 24,
       59, 111, 242, 17, 219, 219, 117, 252, 226, 192, 198, 115, 248,
       188, 190, 120, 173, 253, 81, 151, 251, 127, 180, 24, 191, 191, 66,
       123, 133, 183, 253, 24, 187, 111, 242, 179, 219, 251, 116, 123,
       194, 72, 199, 123, 238, 188, 181, 250, 237, 255, 93, 255, 223,
       123, 182, 24, 250, 253, 118, 123, 201, 247, 255, 24, 186, 111,
       251, 243, 219, 219, 215, 123, 210, 125, 214, 106, 248, 188, 188,
       252, 173, 253, 85, 215, 251, 255, 180, 24, 190, 253, 70, 59, 201,
       242, 255, 24, 186, 111, 242, 179, 219, 219, 85, 123, 210, 216,
       214, 123, 212, 88, 61, 231, 32, 78, 127, 184, 60, 174, 247, 40,
       215, 87, 137, 115, 150, 244, 125, 106, 105, 212, 249, 42, 231,
       235, 97, 148, 32, 179, 7, 115, 204, 84, 189, 231, 32, 110, 123,
       152, 57, 234, 247, 88, 215, 119, 9, 123, 151, 213, 125, 106, 41,
       212, 249, 42, 199, 251, 97, 148, 128, 243, 70, 51, 232, 252, 189,
       122, 169, 237, 21, 191, 155, 127, 36, 24, 190, 189, 70, 59, 133,
       83, 249, 16, 114, 108, 250, 51, 207, 219, 85, 127, 210, 88, 135,
       123, 204, 52, 189, 113, 161, 110, 113, 25, 59, 255, 55, 24, 222,
       119, 72, 59, 151, 85, 125, 56, 179, 212, 249, 66, 207, 219, 117,
       230, 194, 224, 135, 115, 205, 20, 157, 101, 32, 46, 105, 26, 121,
       226, 110, 20, 222, 51, 3, 123, 148, 68, 120, 44, 161, 212, 241,
       74, 199, 251, 67, 4, 138, 241, 65, 32, 48, 174, 254, 120, 138,
       233, 81, 87, 179, 23, 164, 185, 55, 231, 66, 25, 35, 186, 109, 16,
       58, 79, 2, 51, 219, 199, 116, 121, 224, 192, 166, 122, 248, 48,
       253, 112, 40, 109, 81, 82, 163, 191, 164, 24, 23, 183, 65, 27, 1,
       212, 108, 24, 40, 71, 250, 0, 219, 203, 117, 60, 224, 240, 70, 98,
       69, 113, 149, 101, 1, 78, 103, 56, 104, 224, 107, 12, 214, 49, 8,
       50, 144, 84, 104, 106, 193, 240, 209, 8, 37, 186, 64, 6, 72, 50,
       67, 34, 244, 14, 204, 180, 168, 40, 93, 151, 178, 183, 134, 185,
       87, 227, 67, 91, 3, 230, 109, 150, 56, 79, 203, 34, 216, 227, 245,
       189, 160, 240, 134, 66, 150, 236, 254, 255, 252, 171, 254, 237,
       191, 179, 243, 27, 239, 235, 93, 75, 251, 239, 127, 147, 126, 247,
       203, 251, 191, 223, 255, 253, 181, 121, 233, 131, 134, 236, 214,
       255, 253, 171, 254, 237, 191, 179, 243, 26, 238, 234, 92, 75, 255,
       239, 255, 147, 122, 247, 203, 251, 188, 254, 223, 183, 213, 123,
       225, 135, 252, 180, 252, 118, 169, 45, 85, 255, 179, 191, 165, 57,
       95, 247, 74, 27, 13, 214, 237, 10, 120, 79, 234, 34, 219, 195,
       117, 61, 226, 240, 198, 115, 246, 237, 214, 191, 253, 171, 254,
       238, 63, 178, 250, 26, 238, 234, 93, 75, 255, 239, 127, 243, 98,
       231, 203, 255, 188, 254, 207, 158, 149, 127, 227, 141, 104, 180,
       189, 251, 189, 253, 80, 31, 219, 59, 173, 24, 190, 253, 72, 58,
       137, 147, 249, 16, 58, 106, 250, 147, 207, 223, 80, 127, 210, 72,
       198, 42, 120, 176, 249, 112, 168, 205, 81, 95, 162, 189, 164, 8,
       51, 215, 64, 59, 1, 242, 124, 24, 26, 107, 242, 17, 219, 201, 117,
       121, 224, 130, 198, 107, 246, 173, 246, 255, 252, 171, 238, 238,
       63, 178, 251, 26, 238, 234, 125, 83, 255, 239, 127, 243, 184, 255,
       203, 254, 190, 190, 207, 158, 181, 123, 227, 133, 230, 228, 180,
       255, 237, 47, 206, 252, 127, 187, 187, 24, 235, 235, 92, 31, 217,
       199, 127, 147, 186, 103, 219, 243, 191, 254, 215, 252, 214, 255,
