%YAML:1.0
---
descriptors: !!opencv-matrix
   rows: 210
   cols: 32
   dt: u
   data: [ 216, 188, 159, 114, 168, 236, 85, 215, 178, 159, 164, 24, 55,
       247, 64, 27, 33, 246, 109, 24, 58, 111, 154, 32, 219, 227, 116,
       24, 224, 208, 198, 42, 224, 176, 185, 80, 201, 237, 81, 11, 235,
       249, 164, 24, 150, 151, 64, 62, 129, 246, 120, 24, 27, 111, 250,
       16, 223, 152, 85, 126, 194, 64, 198, 98, 108, 117, 181, 103, 173,
       111, 87, 184, 123, 186, 63, 56, 214, 117, 73, 59, 145, 86, 108,
       34, 105, 240, 249, 42, 239, 223, 101, 54, 194, 123, 198, 35, 104,
       236, 25, 122, 153, 205, 71, 174, 242, 144, 172, 8, 178, 247, 64,
       48, 129, 122, 96, 64, 11, 106, 250, 63, 233, 223, 21, 59, 192, 80,
       198, 170, 112, 168, 251, 120, 154, 232, 81, 87, 162, 21, 172, 56,
       51, 183, 64, 58, 35, 186, 109, 16, 26, 75, 162, 17, 219, 133, 48,
       121, 224, 192, 198, 107, 112, 173, 254, 114, 154, 233, 81, 199,
       178, 181, 172, 185, 39, 167, 64, 27, 35, 178, 77, 144, 58, 75,
       162, 35, 217, 199, 53, 121, 224, 192, 166, 106, 5, 117, 49, 71,
       113, 78, 231, 184, 124, 200, 106, 72, 222, 85, 13, 180, 146, 92,
       80, 106, 193, 176, 121, 110, 39, 188, 1, 2, 74, 51, 67, 177, 36,
       241, 113, 67, 84, 79, 103, 168, 110, 176, 41, 8, 214, 81, 65, 52,
       145, 92, 66, 122, 65, 112, 121, 28, 109, 156, 5, 54, 64, 59, 71,
       162, 44, 241, 121, 105, 88, 77, 83, 168, 66, 48, 45, 8, 243, 81,
       73, 48, 25, 24, 64, 106, 74, 32, 123, 21, 101, 141, 33, 61, 80,
       59, 70, 162, 216, 176, 124, 114, 171, 249, 81, 92, 227, 63, 165,
       56, 27, 211, 72, 59, 3, 150, 236, 16, 58, 103, 170, 17, 219, 235,
       113, 125, 227, 192, 206, 35, 252, 172, 222, 122, 137, 237, 85,
       223, 179, 23, 172, 25, 35, 231, 74, 27, 137, 242, 237, 16, 58,
       111, 218, 51, 219, 195, 117, 121, 227, 192, 198, 98, 44, 48, 185,
       99, 45, 111, 83, 152, 123, 255, 37, 24, 222, 85, 73, 58, 145, 84,
       92, 58, 35, 100, 249, 18, 79, 223, 37, 125, 194, 123, 71, 115,
       108, 52, 189, 99, 253, 125, 83, 152, 115, 249, 173, 24, 223, 85,
       73, 59, 145, 16, 124, 58, 59, 100, 251, 18, 207, 223, 65, 125,
       194, 203, 70, 242, 212, 180, 157, 242, 168, 237, 5, 143, 186, 187,
       128, 88, 150, 247, 72, 59, 133, 87, 125, 16, 51, 79, 218, 51, 153,
       130, 127, 124, 128, 64, 135, 57, 254, 237, 246, 255, 252, 137,
       254, 252, 191, 59, 251, 26, 239, 235, 124, 66, 255, 235, 127, 211,
       242, 123, 203, 255, 190, 223, 239, 172, 151, 251, 227, 137, 252,
       188, 245, 86, 136, 111, 69, 191, 178, 183, 164, 24, 115, 119, 201,
       31, 1, 246, 109, 42, 56, 79, 251, 62, 251, 203, 117, 60, 227, 241,
       198, 106, 248, 184, 255, 112, 168, 253, 81, 87, 242, 191, 164, 24,
       59, 247, 66, 59, 129, 182, 252, 24, 58, 111, 186, 49, 219, 203,
       117, 121, 226, 192, 198, 115, 224, 188, 156, 250, 232, 237, 48,
       143, 186, 19, 36, 24, 182, 243, 72, 123, 129, 90, 106, 24, 51,
       110, 218, 51, 205, 163, 116, 125, 216, 72, 143, 138, 236, 180, 21,
       99, 189, 125, 84, 189, 127, 59, 43, 24, 222, 51, 72, 241, 145, 22,
       104, 48, 59, 116, 217, 151, 239, 223, 21, 119, 210, 72, 196, 2,
       100, 109, 63, 94, 93, 198, 199, 224, 248, 138, 233, 8, 82, 255,
       37, 49, 216, 253, 122, 195, 105, 231, 186, 110, 49, 186, 135, 26,
       65, 115, 102, 34, 100, 35, 57, 69, 112, 14, 99, 56, 105, 172, 127,
       8, 211, 83, 141, 52, 144, 84, 68, 106, 72, 176, 233, 12, 101, 184,
       33, 20, 64, 163, 70, 33, 65, 185, 155, 103, 208, 12, 103, 53, 104,
       136, 106, 72, 182, 179, 0, 48, 176, 126, 108, 72, 81, 184, 145,
       41, 237, 188, 36, 0, 72, 34, 195, 41, 100, 160, 248, 97, 184, 77,
       65, 153, 34, 189, 37, 25, 147, 23, 72, 26, 9, 158, 69, 24, 26,
       106, 201, 16, 207, 137, 53, 125, 224, 128, 198, 227, 33, 172, 57,
       89, 92, 237, 225, 79, 222, 113, 104, 24, 178, 149, 68, 32, 201,
       58, 82, 24, 51, 62, 114, 55, 77, 156, 16, 112, 208, 8, 198, 170,
       76, 176, 152, 242, 249, 237, 81, 27, 179, 63, 173, 25, 142, 183,
       72, 88, 133, 155, 109, 16, 26, 79, 250, 19, 219, 215, 16, 125,
       130, 192, 134, 98, 68, 122, 221, 85, 234, 104, 53, 143, 234, 191,
       34, 120, 214, 55, 193, 123, 35, 86, 108, 0, 1, 69, 171, 96, 93,
       162, 117, 22, 224, 240, 135, 43, 253, 111, 212, 102, 168, 26, 71,
       184, 115, 178, 172, 76, 83, 97, 203, 51, 17, 196, 108, 106, 233,
       99, 239, 42, 250, 235, 101, 60, 107, 243, 74, 33, 97, 107, 74, 23,
       116, 153, 230, 96, 122, 164, 124, 140, 163, 200, 215, 49, 152,
       236, 98, 79, 196, 122, 198, 46, 46, 13, 37, 41, 77, 187, 90, 140,
       205, 100, 181, 119, 165, 126, 115, 184, 123, 234, 103, 24, 222,
       113, 9, 189, 145, 92, 108, 42, 33, 244, 249, 46, 239, 251, 69, 7,
       66, 113, 70, 34, 96, 245, 185, 123, 153, 77, 85, 175, 122, 57, 44,
       24, 182, 55, 72, 48, 129, 26, 96, 0, 115, 104, 251, 51, 237, 191,
       21, 127, 64, 80, 198, 186, 197, 112, 145, 67, 99, 110, 50, 24,
       104, 250, 35, 72, 222, 17, 73, 59, 178, 93, 120, 122, 129, 244,
       153, 64, 133, 152, 69, 38, 72, 115, 67, 179, 101, 113, 145, 67,
       209, 79, 103, 184, 104, 224, 43, 72, 210, 81, 77, 182, 145, 92,
       64, 122, 65, 240, 249, 40, 45, 156, 5, 54, 200, 115, 67, 160, 37,
       113, 17, 71, 85, 95, 102, 184, 104, 224, 43, 72, 210, 81, 77, 180,
       144, 92, 64, 122, 65, 240, 249, 12, 45, 156, 5, 54, 72, 59, 67,
       160, 245, 113, 125, 103, 36, 78, 103, 184, 97, 232, 191, 72, 211,
       117, 137, 51, 54, 212, 124, 106, 233, 240, 249, 40, 231, 233, 101,
       20, 104, 243, 66, 113, 69, 115, 16, 69, 117, 15, 102, 184, 104,
       168, 99, 76, 214, 81, 9, 180, 144, 76, 76, 110, 193, 240, 217, 44,
       37, 156, 37, 4, 74, 51, 75, 129, 85, 213, 57, 231, 176, 46, 79,
       184, 52, 234, 255, 96, 215, 119, 137, 112, 23, 214, 93, 106, 249,
       144, 105, 62, 233, 239, 39, 148, 40, 243, 128, 49, 85, 85, 125,
       231, 176, 78, 79, 184, 36, 232, 191, 76, 215, 119, 137, 112, 86,
       214, 125, 106, 249, 129, 121, 46, 243, 239, 37, 148, 104, 243,
       192, 49, 230, 237, 214, 255, 252, 171, 238, 252, 191, 179, 251,
       26, 239, 235, 92, 67, 251, 239, 127, 243, 122, 247, 203, 255, 188,
       223, 207, 164, 151, 251, 227, 136, 212, 188, 221, 119, 168, 110,
       69, 159, 178, 187, 166, 88, 247, 247, 72, 123, 5, 86, 108, 24, 59,
       205, 251, 35, 201, 227, 117, 84, 160, 241, 134, 57, 252, 172, 253,
       118, 169, 109, 85, 190, 179, 183, 164, 24, 123, 247, 73, 27, 1,
       214, 236, 8, 56, 79, 251, 51, 219, 203, 117, 61, 226, 240, 198,
       122, 252, 44, 252, 118, 141, 109, 85, 223, 211, 183, 180, 24, 67,
       225, 79, 31, 9, 214, 236, 26, 58, 103, 251, 34, 219, 219, 85, 61,
       227, 248, 198, 34, 192, 188, 157, 250, 232, 237, 17, 207, 190, 59,
       160, 24, 182, 243, 72, 27, 129, 18, 106, 16, 51, 79, 218, 51, 221,
       135, 117, 124, 216, 72, 135, 10, 69, 241, 152, 98, 185, 76, 86,
       168, 107, 248, 171, 8, 222, 243, 72, 178, 145, 215, 108, 82, 15,
       97, 219, 32, 191, 223, 5, 126, 200, 83, 203, 19, 77, 113, 17, 69,
       21, 94, 118, 56, 105, 232, 107, 8, 222, 80, 9, 182, 144, 84, 80,
       106, 197, 240, 217, 8, 39, 253, 1, 6, 74, 51, 66, 6, 248, 184,
       255, 112, 171, 237, 81, 83, 178, 31, 164, 56, 59, 247, 64, 59,
       163, 182, 253, 16, 58, 79, 178, 49, 219, 203, 116, 121, 226, 192,
       198, 107, 240, 160, 255, 112, 138, 200, 81, 83, 178, 151, 164,
       184, 55, 151, 64, 27, 39, 182, 109, 24, 58, 79, 162, 0, 217, 131,
       117, 120, 224, 128, 6, 235, 252, 228, 48, 58, 137, 85, 86, 232,
       195, 30, 165, 9, 106, 216, 111, 159, 153, 208, 200, 98, 110, 103,
       250, 183, 179, 211, 69, 63, 82, 127, 78, 70, 56, 237, 58, 124, 89,
       205, 21, 231, 165, 12, 236, 9, 38, 147, 34, 16, 128, 186, 195, 64,
       66, 171, 18, 63, 243, 213, 16, 27, 82, 8, 198, 138, 208, 0, 159,
       124, 10, 96, 65, 18, 162, 31, 162, 56, 87, 183, 64, 123, 39, 244,
