%YAML:1.0
---
descriptors: !!opencv-matrix
   rows: 221
   cols: 32
   dt: u
   data: [ 120, 185, 255, 112, 138, 232, 81, 71, 163, 21, 164, 56, 55,
       183, 64, 27, 35, 178, 109, 16, 26, 75, 162, 17, 219, 195, 112,
       123, 226, 192, 198, 107, 69, 117, 17, 71, 85, 94, 102, 184, 121,
       232, 106, 72, 222, 81, 13, 180, 144, 92, 80, 106, 65, 240, 249,
       110, 37, 188, 5, 6, 74, 51, 67, 176, 108, 229, 185, 106, 137, 77,
       87, 137, 51, 183, 173, 24, 210, 247, 72, 18, 153, 210, 96, 122,
       90, 98, 251, 51, 235, 221, 69, 125, 210, 115, 198, 98, 36, 109,
       177, 103, 149, 79, 71, 168, 117, 236, 110, 8, 210, 117, 9, 48,
       152, 92, 80, 106, 73, 176, 249, 42, 229, 221, 5, 20, 64, 123, 86,
       242, 226, 174, 148, 58, 137, 169, 20, 239, 155, 55, 160, 61, 166,
       226, 104, 159, 129, 243, 232, 16, 62, 79, 202, 51, 184, 210, 85,
       127, 216, 92, 139, 14, 37, 113, 17, 67, 85, 79, 103, 168, 78, 224,
       41, 8, 210, 81, 77, 180, 144, 92, 82, 106, 65, 240, 121, 28, 45,
       156, 5, 54, 72, 59, 66, 160, 36, 241, 49, 67, 221, 79, 67, 168,
       106, 112, 41, 8, 210, 85, 77, 52, 145, 92, 64, 122, 67, 48, 121,
       21, 45, 156, 5, 116, 80, 59, 70, 162, 60, 233, 56, 122, 221, 93,
       87, 232, 199, 148, 172, 9, 123, 217, 99, 16, 153, 216, 195, 122,
       74, 99, 90, 61, 251, 205, 5, 125, 243, 59, 110, 162, 253, 113,
       253, 103, 40, 94, 71, 184, 97, 250, 183, 72, 91, 117, 217, 59, 22,
       212, 124, 106, 201, 102, 251, 8, 243, 233, 101, 60, 107, 179, 70,
       113, 237, 112, 249, 99, 45, 127, 87, 152, 99, 254, 165, 24, 211,
       93, 77, 58, 145, 220, 124, 122, 137, 102, 249, 0, 199, 219, 101,
       62, 194, 251, 70, 115, 124, 116, 189, 115, 41, 109, 83, 152, 251,
       255, 165, 24, 215, 85, 73, 59, 145, 212, 124, 58, 43, 103, 251, 2,
       219, 219, 113, 124, 192, 243, 70, 115, 104, 180, 189, 123, 173,
       253, 81, 15, 255, 63, 173, 24, 158, 253, 72, 58, 137, 18, 255, 16,
       26, 104, 251, 149, 207, 223, 80, 127, 210, 72, 198, 226, 252, 236,
       252, 114, 137, 109, 85, 223, 147, 183, 165, 24, 19, 225, 75, 31,
       9, 214, 237, 24, 42, 103, 218, 34, 91, 203, 85, 61, 227, 249, 198,
       42, 104, 61, 188, 252, 157, 221, 85, 103, 219, 135, 236, 8, 190,
       189, 5, 50, 200, 250, 251, 72, 106, 107, 242, 187, 251, 255, 84,
       59, 210, 88, 214, 170, 248, 186, 253, 116, 168, 237, 81, 119, 179,
       63, 164, 60, 51, 247, 64, 27, 7, 182, 108, 8, 59, 79, 242, 19,
       219, 203, 112, 120, 224, 192, 198, 123, 217, 174, 188, 54, 168,
       44, 92, 215, 163, 251, 180, 185, 191, 255, 66, 59, 167, 215, 253,
       20, 62, 79, 202, 32, 219, 235, 117, 249, 162, 244, 139, 91, 121,
       176, 253, 114, 168, 253, 85, 159, 227, 255, 164, 24, 63, 247, 72,
       59, 39, 214, 108, 24, 27, 107, 186, 49, 219, 203, 117, 125, 226,
       192, 198, 115, 221, 38, 156, 178, 168, 60, 92, 154, 251, 187, 163,
       93, 207, 226, 203, 219, 135, 199, 108, 28, 188, 71, 203, 34, 154,
       243, 119, 253, 168, 241, 139, 1, 253, 151, 28, 107, 176, 31, 86,
       189, 87, 43, 191, 124, 247, 112, 138, 240, 23, 198, 204, 106, 239,
       32, 105, 63, 170, 255, 37, 20, 122, 250, 200, 13, 224, 180, 157,
       250, 204, 109, 69, 143, 218, 59, 168, 24, 182, 243, 72, 59, 129,
       82, 104, 16, 59, 111, 219, 115, 221, 146, 85, 126, 216, 88, 199,
       42, 76, 97, 120, 101, 114, 26, 123, 56, 41, 164, 103, 137, 223,
       23, 201, 16, 22, 221, 213, 238, 64, 208, 233, 76, 199, 249, 33,
       133, 98, 167, 7, 224, 197, 75, 148, 71, 228, 14, 102, 188, 121,
       138, 114, 76, 215, 96, 153, 63, 50, 68, 108, 110, 225, 244, 141,
       42, 36, 186, 101, 4, 74, 179, 66, 5, 216, 56, 191, 116, 40, 108,
       81, 23, 176, 31, 166, 56, 119, 183, 0, 123, 163, 119, 108, 8, 57,
       77, 179, 1, 219, 227, 112, 88, 160, 224, 39, 107, 69, 117, 17, 71,
       113, 30, 230, 184, 121, 232, 107, 76, 214, 80, 13, 180, 144, 76,
       80, 106, 193, 240, 217, 14, 39, 188, 5, 6, 74, 51, 75, 165, 93,
       85, 25, 103, 176, 14, 111, 184, 116, 234, 127, 68, 215, 119, 137,
       112, 54, 116, 28, 106, 233, 144, 125, 46, 225, 175, 37, 128, 40,
       243, 64, 49, 37, 241, 17, 67, 221, 79, 71, 168, 74, 240, 33, 8,
       214, 85, 77, 180, 145, 92, 64, 122, 67, 48, 121, 29, 45, 156, 5,
       118, 208, 59, 70, 160, 93, 85, 125, 103, 180, 78, 71, 184, 96,
       232, 191, 64, 83, 119, 137, 114, 22, 212, 92, 106, 233, 161, 121,
       46, 227, 239, 37, 20, 104, 243, 66, 49, 109, 32, 185, 97, 237,
       127, 67, 152, 107, 255, 45, 24, 210, 117, 79, 62, 153, 92, 64,
       122, 27, 116, 249, 0, 79, 221, 5, 117, 194, 123, 70, 226, 252,
       112, 189, 115, 40, 110, 83, 152, 99, 250, 165, 24, 215, 87, 73,
       58, 145, 212, 124, 122, 41, 103, 251, 34, 211, 219, 101, 60, 226,
       243, 70, 115, 108, 52, 185, 99, 189, 109, 83, 152, 107, 255, 189,
       24, 223, 93, 73, 58, 153, 208, 124, 58, 27, 102, 251, 16, 223,
       221, 1, 125, 210, 235, 70, 115, 252, 180, 253, 118, 136, 109, 85,
       190, 179, 191, 165, 24, 83, 119, 73, 27, 1, 214, 236, 10, 56, 71,
       250, 34, 219, 203, 117, 61, 227, 241, 198, 98, 104, 185, 188, 254,
       157, 221, 85, 47, 219, 49, 164, 24, 190, 189, 0, 51, 201, 178,
       249, 16, 122, 106, 242, 181, 235, 251, 84, 59, 82, 24, 214, 42,
       248, 176, 190, 116, 40, 236, 81, 19, 179, 127, 164, 57, 55, 183,
       66, 27, 135, 183, 237, 16, 58, 79, 146, 3, 219, 231, 112, 249,
       162, 192, 6, 123, 211, 170, 148, 178, 169, 173, 92, 215, 187, 187,
       160, 89, 175, 235, 64, 27, 167, 247, 125, 21, 190, 75, 154, 225,
       155, 218, 93, 122, 130, 212, 131, 11, 232, 236, 182, 252, 157,
       221, 86, 230, 223, 146, 164, 24, 170, 249, 37, 51, 201, 242, 251,
       66, 104, 111, 242, 190, 251, 223, 213, 59, 210, 121, 118, 42, 230,
       174, 213, 18, 202, 169, 96, 207, 59, 183, 176, 249, 0, 226, 204,
       27, 43, 203, 102, 144, 62, 94, 202, 115, 28, 134, 245, 239, 249,
       80, 194, 134, 245, 7, 236, 71, 148, 62, 70, 152, 113, 174, 191,
       20, 67, 104, 159, 90, 113, 198, 108, 254, 188, 225, 237, 42, 170,
       239, 165, 21, 225, 243, 122, 68, 205, 135, 220, 127, 176, 31, 87,
       185, 118, 191, 55, 124, 243, 112, 138, 113, 23, 198, 108, 46, 254,
       252, 109, 63, 238, 207, 101, 84, 120, 248, 200, 5, 93, 69, 93,
       103, 150, 78, 71, 184, 97, 160, 171, 8, 83, 115, 9, 115, 50, 212,
       108, 106, 105, 176, 121, 44, 245, 235, 69, 20, 96, 179, 64, 32,
       16, 168, 158, 254, 152, 238, 81, 143, 182, 23, 234, 16, 247, 243,
       32, 88, 209, 126, 40, 16, 58, 205, 218, 63, 201, 167, 117, 88,
       176, 72, 164, 42, 67, 95, 148, 28, 184, 156, 30, 166, 187, 210,
       136, 237, 238, 102, 135, 215, 135, 119, 232, 69, 229, 74, 214,
       127, 168, 118, 92, 26, 24, 21, 11, 29, 109, 207, 70, 7, 213, 26,
       102, 168, 225, 128, 234, 137, 227, 96, 159, 215, 58, 198, 104,
       110, 108, 176, 205, 44, 46, 58, 69, 5, 103, 247, 90, 12, 108, 164,
       185, 67, 217, 109, 17, 41, 123, 55, 45, 24, 198, 53, 76, 62, 145,
       30, 232, 48, 18, 120, 249, 18, 79, 213, 21, 119, 194, 74, 199,
       162, 133, 164, 205, 23, 200, 40, 37, 143, 254, 179, 99, 208, 209,
       227, 217, 91, 65, 70, 106, 24, 51, 244, 207, 34, 76, 34, 119, 100,
       168, 248, 195, 160, 252, 188, 220, 114, 168, 173, 80, 222, 179,
       187, 164, 29, 55, 243, 74, 27, 129, 199, 237, 16, 62, 79, 218, 51,
       219, 195, 117, 125, 232, 193, 138, 11, 100, 99, 57, 103, 112, 15,
       71, 184, 96, 172, 61, 72, 211, 65, 201, 16, 144, 92, 68, 106, 200,
       176, 233, 44, 101, 156, 37, 52, 64, 179, 70, 97, 240, 184, 255,
       88, 171, 248, 81, 199, 171, 31, 164, 56, 42, 183, 196, 191, 167,
       178, 236, 16, 59, 79, 178, 113, 155, 219, 84, 123, 227, 192, 206,
       111, 93, 85, 57, 103, 48, 78, 79, 184, 117, 232, 127, 68, 211,
       119, 137, 112, 54, 84, 28, 106, 233, 144, 121, 46, 227, 175, 37,
       132, 42, 243, 192, 49, 37, 241, 17, 67, 213, 95, 230, 184, 111,
       224, 43, 76, 214, 88, 93, 180, 144, 76, 80, 122, 197, 112, 121,
