%YAML:1.0
---
descriptors: !!opencv-matrix
   rows: 192
   cols: 32
   dt: u
   data: [ 221, 84, 149, 119, 168, 110, 103, 184, 112, 250, 175, 84, 215,
       115, 9, 255, 21, 86, 124, 42, 113, 229, 217, 14, 161, 251, 101,
       20, 74, 243, 195, 49, 108, 229, 185, 115, 217, 77, 87, 188, 51,
       53, 173, 24, 82, 119, 72, 58, 25, 218, 65, 122, 90, 98, 251, 51,
       235, 157, 5, 125, 210, 243, 198, 226, 164, 225, 49, 75, 93, 79,
       67, 168, 66, 52, 45, 8, 210, 85, 77, 52, 25, 88, 64, 106, 75, 32,
       249, 21, 109, 152, 1, 124, 83, 27, 70, 226, 117, 85, 125, 102,
       168, 78, 79, 184, 96, 232, 191, 72, 215, 119, 137, 115, 22, 212,
       124, 106, 201, 161, 249, 44, 241, 169, 101, 20, 96, 243, 70, 49,
       253, 112, 185, 119, 40, 77, 87, 152, 114, 250, 181, 24, 211, 213,
       73, 59, 20, 220, 124, 122, 201, 102, 251, 0, 195, 203, 101, 60,
       96, 243, 70, 243, 124, 112, 189, 114, 41, 109, 83, 152, 227, 255,
       165, 24, 223, 87, 73, 58, 145, 212, 124, 58, 43, 103, 251, 2, 203,
       223, 113, 125, 226, 243, 70, 114, 221, 38, 156, 179, 168, 60, 88,
       146, 251, 187, 179, 93, 207, 162, 203, 219, 135, 71, 108, 28, 188,
       68, 203, 34, 138, 255, 119, 252, 136, 241, 139, 1, 69, 3, 149, 69,
       160, 46, 110, 29, 108, 171, 43, 68, 223, 34, 201, 254, 151, 68,
       108, 126, 145, 208, 201, 66, 172, 190, 103, 4, 136, 243, 193, 5,
       96, 209, 145, 249, 157, 205, 69, 143, 91, 49, 40, 24, 182, 51, 76,
       114, 129, 147, 104, 16, 91, 104, 219, 53, 173, 150, 20, 126, 80,
       88, 196, 42, 124, 69, 125, 103, 20, 79, 71, 184, 100, 160, 239, 8,
       83, 113, 1, 112, 48, 212, 72, 106, 104, 176, 89, 30, 253, 175, 5,
       20, 113, 187, 64, 32, 69, 113, 17, 69, 81, 14, 103, 56, 104, 224,
       107, 76, 222, 17, 9, 48, 144, 76, 64, 106, 193, 176, 217, 76, 37,
       188, 1, 4, 72, 51, 67, 35, 64, 48, 157, 97, 1, 76, 17, 3, 104,
       241, 34, 24, 150, 23, 64, 58, 128, 20, 104, 16, 17, 100, 241, 0,
       193, 129, 80, 119, 192, 0, 71, 34, 109, 101, 114, 103, 52, 26,
       110, 40, 105, 160, 107, 9, 203, 9, 29, 176, 146, 76, 125, 111,
       196, 240, 205, 14, 166, 253, 1, 4, 70, 183, 82, 0, 5, 120, 83, 69,
       66, 74, 39, 48, 96, 192, 102, 104, 115, 23, 129, 52, 50, 116, 64,
       106, 65, 176, 177, 104, 101, 168, 32, 0, 107, 179, 67, 185, 80,
       168, 157, 116, 136, 237, 81, 159, 162, 183, 166, 24, 215, 183, 64,
       91, 129, 214, 108, 16, 26, 73, 251, 17, 217, 227, 117, 125, 224,
       192, 134, 34, 1, 142, 141, 187, 236, 169, 236, 207, 254, 19, 104,
       208, 181, 226, 248, 74, 67, 106, 106, 28, 51, 124, 207, 51, 12,
       134, 119, 104, 152, 216, 193, 168, 69, 245, 157, 99, 132, 111,
       103, 152, 122, 250, 43, 8, 214, 113, 73, 42, 145, 68, 120, 122,
       81, 112, 249, 34, 237, 142, 101, 116, 200, 123, 211, 34, 109, 113,
       17, 101, 17, 95, 82, 8, 105, 232, 167, 8, 218, 17, 69, 52, 144,
       148, 72, 98, 73, 242, 241, 8, 199, 217, 1, 54, 74, 35, 66, 38,
       205, 117, 180, 103, 165, 31, 119, 184, 121, 234, 47, 12, 222, 112,
       13, 183, 145, 68, 120, 106, 229, 244, 249, 10, 167, 255, 69, 54,
       74, 115, 75, 55, 252, 174, 252, 114, 168, 173, 85, 223, 178, 191,
       164, 25, 19, 247, 66, 27, 1, 214, 109, 24, 58, 79, 218, 48, 219,
       203, 117, 125, 224, 209, 198, 35, 240, 154, 252, 112, 170, 169,
       81, 23, 194, 63, 180, 56, 51, 147, 66, 27, 11, 178, 76, 24, 58,
       111, 226, 49, 219, 203, 112, 121, 241, 200, 198, 43, 248, 140,
       220, 124, 173, 237, 84, 222, 211, 63, 180, 25, 51, 185, 98, 27,
       201, 242, 237, 16, 58, 111, 194, 51, 219, 211, 117, 121, 242, 216,
       206, 10, 77, 85, 21, 101, 49, 30, 103, 56, 125, 168, 111, 68, 222,
       51, 9, 244, 150, 84, 28, 106, 225, 176, 113, 78, 231, 255, 2, 6,
       74, 51, 3, 35, 248, 186, 246, 114, 171, 169, 85, 215, 179, 31,
       164, 57, 46, 231, 66, 31, 39, 183, 237, 24, 58, 79, 130, 113, 219,
       211, 84, 123, 226, 196, 134, 107, 125, 85, 125, 103, 176, 78, 79,
       188, 32, 232, 190, 64, 215, 119, 137, 115, 22, 212, 92, 106, 233,
       161, 121, 46, 229, 175, 101, 20, 104, 243, 66, 49, 124, 164, 252,
       118, 137, 105, 85, 190, 179, 183, 165, 24, 83, 119, 72, 30, 9,
       214, 237, 26, 56, 79, 251, 34, 219, 207, 117, 61, 227, 241, 198,
       98, 104, 176, 188, 250, 205, 253, 81, 207, 219, 59, 172, 24, 190,
       189, 72, 58, 201, 154, 249, 16, 26, 107, 242, 177, 203, 223, 20,
       59, 210, 88, 214, 106, 69, 241, 157, 71, 56, 14, 99, 152, 106,
       248, 43, 76, 246, 80, 73, 50, 145, 68, 104, 122, 195, 96, 249, 89,
       173, 156, 37, 54, 72, 51, 67, 35, 96, 245, 145, 99, 217, 13, 84,
       175, 123, 57, 41, 88, 214, 50, 76, 180, 145, 30, 104, 16, 91, 104,
       219, 23, 173, 220, 21, 126, 216, 74, 194, 39, 118, 237, 214, 223,
       252, 10, 254, 236, 63, 0, 250, 2, 236, 234, 29, 65, 250, 207, 127,
       227, 96, 243, 203, 255, 190, 190, 143, 152, 21, 251, 115, 137, 36,
       105, 19, 124, 93, 197, 231, 96, 224, 128, 233, 8, 214, 209, 33,
       32, 216, 120, 66, 106, 65, 227, 250, 12, 101, 148, 7, 8, 64, 59,
       103, 162, 53, 69, 27, 69, 20, 79, 103, 40, 118, 160, 239, 0, 83,
       17, 25, 112, 48, 220, 72, 106, 105, 176, 121, 30, 241, 174, 1, 20,
       113, 59, 64, 32, 102, 237, 246, 215, 246, 11, 254, 224, 61, 162,
       251, 2, 204, 234, 29, 64, 251, 237, 127, 227, 224, 243, 205, 238,
       190, 190, 207, 148, 37, 251, 115, 129, 5, 103, 17, 69, 116, 14,
       102, 56, 109, 168, 123, 76, 214, 16, 157, 180, 148, 76, 68, 110,
       193, 176, 73, 14, 37, 188, 33, 4, 74, 179, 67, 165, 244, 160, 189,
       126, 168, 96, 85, 137, 187, 191, 161, 57, 119, 255, 76, 58, 145,
       247, 109, 18, 58, 71, 170, 19, 219, 227, 101, 255, 128, 114, 134,
       115, 84, 223, 23, 158, 25, 198, 7, 224, 180, 68, 203, 69, 230,
       214, 35, 84, 193, 226, 234, 66, 111, 139, 123, 127, 177, 38, 14,
       18, 24, 27, 37, 126, 236, 36, 189, 99, 137, 111, 83, 8, 123, 183,
       37, 24, 214, 117, 73, 59, 145, 92, 104, 50, 48, 116, 249, 18, 207,
       219, 69, 119, 194, 107, 71, 34, 205, 116, 157, 103, 161, 110, 119,
       184, 121, 234, 111, 8, 222, 113, 73, 59, 145, 84, 104, 106, 97,
       244, 249, 42, 231, 255, 69, 6, 202, 115, 67, 51, 77, 241, 189, 99,
       148, 79, 71, 184, 114, 240, 47, 8, 215, 113, 73, 50, 145, 84, 104,
       122, 81, 112, 249, 58, 237, 143, 5, 116, 200, 123, 210, 34, 13,
       116, 185, 103, 85, 78, 115, 136, 123, 232, 103, 8, 222, 115, 73,
       49, 145, 93, 88, 122, 97, 240, 249, 74, 239, 191, 5, 38, 74, 115,
       67, 179, 45, 113, 48, 101, 49, 95, 82, 56, 105, 232, 111, 12, 222,
       17, 5, 180, 144, 92, 68, 106, 205, 176, 241, 12, 231, 253, 1, 54,
       74, 51, 66, 22, 252, 32, 254, 112, 168, 233, 81, 82, 179, 191,
       164, 56, 23, 183, 64, 27, 35, 182, 109, 24, 58, 79, 162, 16, 219,
       195, 113, 121, 224, 193, 70, 99, 244, 188, 220, 114, 168, 173, 84,
       222, 178, 191, 164, 29, 55, 243, 74, 27, 131, 199, 237, 16, 62,
       79, 218, 51, 219, 195, 117, 125, 232, 209, 142, 11, 100, 99, 113,
       71, 112, 79, 103, 184, 97, 172, 59, 72, 211, 1, 205, 52, 16, 92,
       68, 106, 72, 240, 233, 10, 45, 156, 37, 52, 66, 179, 70, 161, 240,
       172, 255, 82, 171, 249, 81, 199, 187, 23, 164, 56, 42, 247, 196,
       63, 39, 178, 236, 16, 58, 111, 170, 115, 27, 219, 84, 123, 227,
       192, 198, 111, 77, 85, 125, 103, 48, 78, 79, 184, 116, 232, 123,
       68, 215, 119, 137, 112, 22, 84, 124, 106, 233, 144, 121, 46, 229,
       175, 37, 144, 104, 243, 0, 49, 253, 112, 185, 103, 32, 78, 87,
       152, 97, 234, 167, 8, 211, 85, 73, 59, 20, 220, 124, 106, 201,
       116, 249, 8, 199, 201, 101, 52, 98, 179, 70, 115, 252, 113, 189,
       103, 40, 78, 87, 152, 97, 250, 167, 8, 87, 87, 73, 59, 148, 212,
       124, 106, 201, 102, 249, 32, 211, 249, 101, 52, 98, 179, 70, 51,
       104, 176, 184, 114, 173, 253, 81, 79, 235, 57, 173, 24, 158, 253,
       72, 58, 137, 154, 236, 16, 26, 107, 250, 17, 207, 221, 17, 127,
