%YAML:1.0
---
descriptors: !!opencv-matrix
   rows: 192
   cols: 32
   dt: u
   data: [ 84, 85, 61, 231, 176, 78, 79, 184, 36, 234, 223, 64, 215, 119,
       9, 114, 54, 212, 125, 106, 105, 144, 121, 46, 229, 239, 103, 148,
       32, 243, 132, 115, 108, 112, 185, 97, 5, 111, 83, 152, 107, 254,
       47, 8, 214, 85, 73, 58, 145, 84, 120, 122, 1, 244, 249, 8, 207,
       217, 69, 52, 194, 123, 70, 114, 229, 113, 189, 101, 32, 78, 119,
       184, 120, 234, 119, 72, 215, 119, 9, 51, 148, 84, 124, 106, 225,
       240, 249, 8, 231, 249, 101, 20, 64, 179, 70, 115, 76, 97, 112,
       103, 114, 26, 126, 184, 41, 160, 127, 168, 223, 99, 137, 16, 22,
       85, 253, 110, 64, 208, 201, 78, 230, 255, 37, 133, 102, 183, 3,
       33, 92, 177, 185, 96, 168, 76, 87, 157, 162, 121, 175, 25, 215,
       255, 72, 114, 149, 215, 125, 18, 27, 67, 249, 18, 251, 229, 45,
       125, 160, 115, 135, 115, 100, 237, 189, 98, 137, 73, 87, 168, 98,
       182, 165, 8, 214, 117, 73, 59, 153, 80, 104, 122, 90, 98, 235, 49,
       239, 219, 69, 127, 208, 115, 198, 34, 209, 188, 247, 114, 169,
       173, 84, 215, 251, 251, 176, 120, 58, 252, 196, 63, 167, 247, 124,
       16, 191, 111, 170, 227, 155, 218, 117, 250, 203, 84, 198, 191,
       228, 180, 157, 82, 136, 45, 69, 175, 123, 59, 161, 88, 214, 112,
       76, 59, 145, 218, 104, 24, 59, 110, 219, 115, 157, 150, 85, 126,
       208, 88, 194, 43, 85, 69, 93, 103, 150, 78, 103, 184, 100, 160,
       107, 64, 211, 113, 25, 112, 50, 212, 92, 106, 105, 176, 93, 46,
       231, 175, 37, 20, 105, 243, 64, 32, 220, 205, 94, 101, 152, 110,
       71, 174, 180, 162, 174, 24, 83, 115, 1, 83, 49, 214, 108, 234,
       120, 193, 89, 46, 249, 227, 229, 21, 160, 113, 228, 34, 192, 172,
       157, 255, 136, 237, 5, 183, 150, 19, 96, 24, 183, 243, 64, 91, 1,
       122, 104, 24, 50, 76, 250, 51, 205, 163, 116, 120, 144, 88, 135,
       170, 69, 160, 153, 81, 233, 237, 97, 143, 122, 121, 35, 24, 150,
       147, 72, 56, 129, 30, 120, 24, 19, 120, 249, 82, 141, 190, 21,
       116, 200, 64, 195, 34, 69, 117, 149, 103, 181, 14, 102, 184, 122,
       184, 43, 76, 214, 112, 89, 242, 145, 68, 104, 126, 241, 240, 217,
       42, 173, 190, 69, 4, 200, 115, 195, 1, 124, 168, 156, 114, 137,
       105, 84, 223, 162, 183, 164, 25, 55, 163, 67, 27, 129, 215, 237,
       16, 62, 79, 202, 48, 219, 195, 117, 125, 226, 224, 142, 10, 84,
       249, 191, 102, 152, 76, 71, 245, 160, 164, 166, 8, 119, 247, 1,
       50, 32, 244, 108, 106, 73, 11, 186, 40, 251, 161, 37, 24, 96, 178,
       166, 42, 252, 164, 157, 115, 136, 109, 81, 159, 178, 55, 165, 24,
       215, 119, 72, 123, 1, 214, 108, 24, 59, 77, 251, 51, 219, 195,
       117, 125, 176, 193, 134, 34, 48, 241, 125, 110, 25, 79, 87, 248,
       195, 232, 164, 8, 115, 85, 8, 51, 24, 208, 69, 106, 73, 35, 122,
       29, 243, 217, 5, 63, 115, 186, 70, 114, 100, 101, 88, 101, 54, 11,
       118, 168, 105, 160, 107, 8, 215, 41, 25, 16, 50, 197, 64, 107, 68,
       176, 201, 12, 230, 173, 5, 5, 101, 179, 75, 128, 116, 119, 136,
       39, 149, 95, 86, 104, 114, 232, 171, 79, 199, 96, 75, 146, 184,
       204, 204, 115, 77, 242, 221, 8, 189, 193, 37, 53, 104, 123, 30,
       22, 88, 169, 191, 112, 139, 200, 21, 199, 162, 181, 164, 24, 47,
       183, 64, 26, 129, 247, 236, 16, 26, 107, 178, 49, 249, 227, 85,
       123, 224, 64, 134, 106, 108, 229, 181, 99, 137, 77, 87, 172, 107,
       180, 44, 8, 210, 53, 73, 54, 145, 84, 104, 122, 107, 96, 249, 49,
       237, 218, 69, 126, 194, 123, 70, 42, 40, 117, 57, 103, 29, 79, 71,
       172, 120, 168, 43, 8, 242, 117, 9, 48, 144, 92, 72, 106, 105, 240,
       249, 63, 229, 223, 5, 52, 64, 58, 198, 42, 76, 48, 125, 101, 32,
       14, 113, 56, 40, 168, 55, 104, 215, 87, 200, 50, 150, 20, 124, 40,
       136, 240, 233, 8, 197, 217, 33, 180, 64, 162, 70, 33, 64, 152,
       189, 126, 138, 237, 17, 15, 206, 19, 160, 24, 182, 243, 96, 123,
       129, 51, 104, 16, 18, 111, 219, 49, 201, 168, 113, 122, 208, 72,
       133, 42, 240, 78, 238, 127, 164, 114, 71, 175, 116, 198, 230, 181,
       99, 224, 187, 91, 81, 206, 44, 46, 108, 244, 239, 42, 226, 235,
       245, 5, 96, 248, 244, 66, 252, 98, 204, 39, 168, 42, 71, 152, 35,
       182, 167, 137, 199, 99, 75, 91, 51, 196, 108, 126, 44, 212, 205,
       8, 222, 227, 101, 21, 224, 243, 78, 66, 250, 184, 140, 183, 203,
       103, 16, 207, 146, 251, 128, 191, 53, 254, 66, 27, 141, 111, 249,
       149, 63, 79, 219, 32, 216, 195, 255, 249, 169, 100, 139, 154, 101,
       166, 149, 115, 172, 45, 69, 139, 123, 187, 161, 88, 198, 240, 76,
       31, 133, 214, 108, 18, 58, 103, 203, 16, 141, 218, 85, 126, 208,
       105, 194, 37, 165, 189, 149, 95, 220, 173, 101, 191, 214, 27, 96,
       92, 246, 241, 8, 57, 89, 106, 106, 24, 51, 106, 218, 63, 109, 190,
       85, 120, 216, 88, 194, 168, 21, 13, 91, 103, 148, 111, 103, 184,
       116, 160, 234, 64, 83, 115, 57, 112, 112, 198, 40, 106, 105, 176,
       25, 46, 249, 174, 5, 4, 105, 251, 224, 32, 224, 180, 149, 113,
       137, 109, 81, 143, 187, 51, 32, 24, 182, 55, 76, 59, 129, 19, 104,
       16, 51, 108, 219, 83, 141, 146, 84, 126, 216, 72, 199, 42, 176,
       236, 155, 124, 192, 228, 37, 206, 182, 151, 232, 16, 182, 243, 96,
       25, 217, 126, 98, 8, 58, 255, 154, 51, 249, 163, 87, 73, 192, 113,
       230, 170, 213, 31, 111, 101, 50, 2, 79, 48, 52, 226, 207, 244,
       211, 39, 129, 113, 54, 244, 124, 238, 233, 148, 253, 14, 224, 171,
       229, 148, 44, 243, 32, 113, 252, 228, 220, 99, 137, 127, 87, 136,
       83, 182, 173, 24, 78, 115, 73, 155, 145, 212, 232, 114, 58, 102,
       251, 50, 251, 211, 69, 127, 242, 123, 206, 34, 120, 176, 123, 112,
       155, 237, 81, 87, 227, 21, 172, 24, 51, 149, 64, 50, 1, 178, 108,
       16, 26, 107, 242, 21, 219, 205, 16, 121, 226, 0, 198, 106, 44,
       105, 122, 97, 245, 91, 114, 160, 101, 160, 190, 40, 155, 25, 211,
       176, 26, 252, 214, 122, 76, 176, 101, 140, 111, 205, 37, 117, 103,
       190, 94, 138, 227, 160, 161, 88, 221, 253, 193, 207, 219, 91, 164,
       24, 18, 152, 84, 60, 201, 138, 90, 24, 27, 111, 242, 243, 31, 28,
       148, 122, 208, 72, 210, 174, 160, 168, 61, 120, 205, 237, 144,
       207, 203, 51, 160, 24, 134, 221, 76, 59, 137, 50, 234, 16, 58,
       111, 250, 17, 143, 209, 85, 127, 208, 8, 214, 170, 26, 89, 123,
       105, 115, 198, 57, 112, 45, 76, 118, 96, 60, 23, 164, 116, 166,
       57, 149, 232, 193, 153, 48, 77, 87, 237, 58, 130, 35, 128, 39,
       251, 93, 80, 153, 230, 0, 14, 70, 56, 48, 170, 99, 76, 215, 51, 1,
       90, 148, 212, 108, 106, 105, 84, 217, 10, 241, 239, 101, 20, 168,
       115, 0, 51, 124, 181, 81, 96, 208, 79, 67, 184, 35, 160, 169, 8,
       87, 51, 73, 48, 145, 220, 84, 122, 25, 2, 216, 30, 251, 205, 37,
       116, 234, 163, 66, 34, 69, 116, 153, 99, 177, 110, 119, 158, 122,
       235, 107, 8, 222, 119, 9, 120, 145, 92, 120, 58, 33, 208, 249, 42,
       237, 190, 5, 6, 200, 115, 195, 50, 252, 124, 253, 116, 168, 104,
       69, 18, 161, 186, 166, 56, 119, 55, 193, 59, 3, 244, 108, 10, 105,
       71, 243, 32, 211, 227, 117, 56, 224, 241, 6, 43, 208, 249, 27,
       102, 24, 68, 67, 245, 160, 132, 166, 8, 119, 215, 97, 114, 32,
       244, 108, 234, 73, 11, 186, 45, 249, 161, 37, 24, 32, 162, 38, 42,
       88, 48, 187, 112, 42, 204, 81, 16, 162, 29, 164, 24, 31, 151, 64,
       122, 36, 148, 109, 24, 10, 79, 178, 17, 219, 225, 112, 120, 162,
       128, 38, 107, 60, 225, 16, 168, 31, 11, 82, 232, 7, 32, 168, 75,
       70, 89, 76, 144, 216, 204, 67, 98, 76, 35, 89, 148, 178, 212, 1,
       127, 115, 63, 90, 6, 100, 96, 185, 78, 77, 79, 71, 136, 67, 180,
       165, 8, 210, 81, 77, 50, 217, 216, 66, 122, 74, 98, 251, 24, 109,
       152, 5, 63, 80, 59, 70, 34, 124, 104, 204, 39, 128, 74, 71, 136,
       33, 166, 167, 137, 67, 99, 67, 91, 112, 196, 109, 126, 72, 210,
       201, 8, 253, 227, 69, 21, 225, 243, 70, 66, 240, 136, 157, 120,
       136, 233, 17, 11, 206, 51, 160, 24, 183, 211, 96, 123, 193, 55,
