%YAML:1.0
---
descriptors: !!opencv-matrix
   rows: 327
   cols: 32
   dt: u
   data: [ 204, 52, 149, 103, 169, 110, 71, 152, 122, 186, 35, 8, 214,
       119, 65, 59, 145, 84, 104, 122, 49, 100, 249, 34, 205, 251, 69,
       54, 194, 115, 71, 51, 100, 165, 189, 98, 137, 109, 87, 140, 123,
       191, 173, 24, 214, 119, 73, 58, 145, 86, 104, 58, 58, 98, 251, 16,
       239, 155, 85, 127, 194, 115, 198, 98, 120, 184, 254, 120, 170,
       232, 81, 215, 178, 21, 164, 56, 55, 183, 64, 27, 3, 178, 109, 16,
       58, 75, 226, 49, 219, 195, 112, 121, 224, 128, 198, 171, 112, 170,
       190, 248, 138, 225, 81, 87, 163, 23, 164, 57, 55, 151, 98, 90,
       103, 179, 237, 16, 26, 79, 162, 49, 219, 129, 116, 121, 176, 192,
       166, 106, 37, 117, 17, 71, 85, 95, 102, 168, 107, 224, 43, 8, 210,
       81, 77, 180, 144, 92, 82, 106, 65, 240, 249, 12, 45, 156, 5, 54,
       74, 59, 66, 160, 93, 48, 156, 244, 44, 12, 89, 24, 171, 249, 183,
       76, 223, 223, 73, 123, 134, 149, 125, 80, 139, 65, 235, 16, 219,
       249, 115, 252, 138, 161, 2, 35, 240, 176, 253, 112, 40, 237, 81,
       19, 163, 63, 164, 28, 23, 183, 64, 27, 3, 182, 109, 24, 58, 111,
       242, 17, 219, 227, 112, 121, 226, 128, 6, 123, 93, 97, 157, 231,
       44, 15, 127, 184, 174, 248, 191, 64, 223, 127, 217, 123, 230, 213,
       125, 106, 201, 193, 235, 168, 226, 251, 111, 148, 36, 179, 1, 33,
       253, 78, 222, 79, 36, 62, 70, 186, 117, 170, 254, 84, 66, 97, 151,
       252, 113, 196, 108, 46, 236, 181, 77, 42, 178, 254, 97, 151, 107,
       247, 104, 5, 85, 38, 200, 85, 180, 62, 78, 26, 113, 174, 254, 84,
       195, 97, 151, 254, 113, 238, 108, 190, 172, 212, 237, 10, 166,
       255, 181, 133, 227, 245, 104, 4, 125, 85, 125, 102, 168, 78, 79,
       188, 225, 232, 191, 72, 119, 119, 137, 115, 52, 212, 124, 106,
       201, 163, 249, 44, 243, 233, 101, 20, 96, 243, 98, 49, 236, 52,
       189, 115, 173, 125, 81, 152, 91, 255, 181, 24, 223, 127, 73, 59,
       153, 208, 253, 56, 59, 102, 251, 18, 207, 219, 113, 127, 194, 203,
       70, 115, 133, 252, 153, 167, 180, 46, 111, 188, 62, 234, 91, 112,
       215, 119, 137, 96, 247, 95, 63, 123, 185, 212, 233, 42, 237, 167,
       47, 132, 160, 243, 129, 241, 114, 168, 187, 86, 202, 64, 17, 207,
       170, 189, 164, 25, 36, 247, 68, 27, 129, 119, 105, 16, 18, 75,
       170, 113, 91, 161, 125, 255, 128, 32, 135, 107, 76, 97, 252, 103,
       48, 30, 127, 184, 57, 164, 111, 136, 219, 119, 137, 48, 54, 213,
       253, 238, 96, 208, 233, 78, 231, 239, 101, 133, 99, 179, 7, 32,
       252, 172, 253, 118, 136, 111, 69, 190, 178, 182, 165, 24, 83, 119,
       73, 59, 1, 214, 108, 42, 120, 71, 251, 42, 251, 203, 117, 60, 226,
       241, 198, 106, 252, 36, 252, 114, 137, 125, 85, 154, 211, 183,
       165, 25, 67, 225, 75, 27, 9, 214, 236, 26, 58, 103, 219, 50, 219,
       219, 85, 61, 243, 249, 206, 2, 112, 184, 255, 112, 168, 236, 81,
       215, 163, 255, 164, 24, 51, 183, 66, 59, 7, 182, 108, 24, 11, 75,
       242, 49, 219, 235, 116, 57, 224, 192, 198, 123, 252, 48, 149, 114,
       169, 44, 85, 222, 163, 187, 176, 88, 159, 243, 73, 155, 133, 214,
       108, 16, 58, 103, 218, 32, 155, 211, 117, 126, 194, 113, 134, 35,
       116, 69, 93, 103, 154, 78, 71, 184, 96, 160, 171, 8, 87, 115, 9,
       115, 50, 214, 108, 106, 121, 161, 121, 44, 241, 233, 101, 20, 96,
       243, 194, 32, 197, 180, 156, 115, 136, 45, 49, 159, 186, 59, 163,
       92, 214, 115, 72, 91, 1, 70, 104, 24, 51, 77, 219, 19, 205, 142,
       117, 124, 200, 64, 131, 35, 96, 181, 145, 233, 157, 109, 84, 175,
       95, 59, 40, 24, 158, 51, 72, 240, 145, 18, 104, 16, 59, 120, 219,
       151, 175, 222, 21, 119, 210, 72, 196, 42, 21, 229, 25, 103, 20,
       79, 103, 248, 118, 160, 107, 2, 83, 81, 9, 112, 49, 204, 42, 106,
       105, 240, 57, 30, 233, 142, 5, 4, 96, 187, 64, 32, 45, 49, 49, 65,
       17, 95, 82, 24, 105, 232, 173, 8, 218, 22, 69, 52, 144, 148, 68,
       122, 73, 50, 241, 12, 7, 220, 1, 54, 74, 35, 66, 38, 216, 32, 255,
       116, 130, 105, 65, 87, 176, 183, 164, 56, 19, 151, 192, 59, 39,
       180, 68, 24, 56, 207, 162, 0, 217, 139, 117, 52, 224, 192, 198,
       99, 205, 117, 149, 103, 129, 94, 119, 184, 121, 234, 39, 12, 222,
       112, 73, 179, 145, 92, 120, 106, 101, 244, 217, 106, 239, 255, 69,
       6, 202, 115, 75, 146, 248, 190, 220, 114, 168, 173, 85, 215, 178,
       191, 164, 29, 51, 227, 66, 27, 13, 246, 109, 24, 58, 79, 218, 51,
       219, 203, 117, 121, 224, 192, 198, 43, 100, 99, 49, 71, 96, 15,
       103, 184, 104, 172, 111, 72, 211, 83, 137, 52, 16, 92, 68, 106,
       72, 240, 233, 12, 101, 184, 37, 20, 64, 179, 70, 161, 252, 180,
       247, 114, 171, 232, 85, 222, 179, 159, 164, 56, 47, 247, 72, 159,
       39, 247, 237, 24, 58, 79, 170, 35, 219, 243, 85, 127, 226, 240,
       134, 99, 197, 85, 157, 119, 128, 78, 103, 188, 56, 250, 34, 80,
       214, 115, 1, 123, 177, 84, 124, 106, 97, 212, 185, 46, 229, 251,
       101, 4, 72, 114, 195, 49, 244, 156, 189, 118, 169, 232, 20, 138,
       187, 251, 161, 56, 119, 247, 77, 123, 129, 247, 253, 16, 59, 71,
       186, 49, 219, 243, 85, 127, 128, 113, 134, 50, 21, 87, 89, 231,
       48, 6, 111, 56, 116, 232, 251, 68, 211, 35, 137, 112, 116, 204,
       28, 238, 233, 144, 125, 14, 228, 174, 163, 132, 40, 179, 96, 49,
       92, 174, 156, 114, 170, 169, 21, 207, 162, 191, 172, 185, 143,
       231, 74, 26, 167, 211, 237, 16, 26, 75, 138, 49, 219, 199, 117,
       125, 224, 64, 135, 43, 81, 143, 93, 109, 180, 138, 74, 55, 100,
       161, 234, 192, 243, 35, 144, 80, 50, 230, 76, 44, 57, 184, 5, 31,
       232, 174, 36, 80, 172, 130, 224, 40, 236, 52, 189, 99, 173, 111,
       51, 136, 122, 250, 39, 24, 214, 117, 73, 59, 145, 84, 104, 114,
       49, 116, 249, 34, 207, 219, 65, 119, 192, 107, 71, 98, 34, 173,
       148, 186, 217, 205, 22, 175, 155, 21, 168, 25, 174, 246, 96, 148,
       129, 123, 232, 81, 94, 107, 218, 183, 169, 214, 21, 123, 208, 93,
       143, 14, 193, 174, 135, 155, 236, 169, 237, 143, 254, 179, 35,
       208, 245, 226, 248, 75, 67, 98, 106, 30, 51, 109, 207, 115, 12, 2,
       119, 108, 156, 208, 195, 160, 197, 112, 157, 101, 160, 110, 23,
       24, 96, 234, 39, 104, 214, 49, 201, 59, 148, 84, 108, 106, 225,
       244, 249, 8, 197, 185, 101, 20, 200, 243, 67, 49, 205, 213, 148,
       71, 160, 30, 102, 184, 121, 170, 107, 76, 214, 115, 137, 247, 149,
       68, 108, 110, 225, 208, 217, 42, 167, 186, 101, 4, 74, 243, 202,
       33, 248, 170, 254, 112, 170, 233, 81, 215, 179, 21, 164, 57, 55,
       151, 66, 26, 3, 178, 237, 16, 26, 79, 162, 49, 219, 195, 116, 121,
       224, 128, 134, 43, 69, 117, 17, 69, 117, 30, 230, 184, 121, 168,
       106, 76, 222, 80, 13, 180, 144, 92, 80, 106, 225, 176, 249, 78,
       39, 188, 5, 6, 74, 51, 75, 165, 37, 117, 17, 71, 85, 95, 230, 184,
       111, 232, 43, 72, 210, 80, 77, 180, 144, 76, 82, 106, 197, 176,
       121, 28, 45, 156, 5, 54, 72, 59, 75, 180, 29, 85, 27, 103, 176,
       14, 111, 188, 116, 234, 126, 68, 211, 115, 137, 112, 54, 92, 28,
       110, 233, 144, 125, 46, 227, 239, 37, 132, 40, 243, 1, 57, 253,
       113, 253, 103, 44, 78, 71, 184, 97, 234, 183, 72, 83, 117, 201,
       59, 22, 212, 124, 106, 233, 103, 249, 40, 243, 233, 101, 52, 107,
       243, 70, 113, 29, 213, 25, 231, 176, 111, 79, 184, 52, 234, 255,
       68, 215, 119, 137, 112, 23, 214, 29, 106, 249, 144, 121, 63, 233,
       239, 37, 148, 168, 243, 128, 49, 108, 48, 249, 99, 173, 109, 81,
       152, 91, 255, 189, 24, 223, 125, 73, 58, 145, 216, 253, 56, 27,
       102, 251, 16, 207, 219, 81, 127, 194, 203, 70, 114, 221, 46, 148,
       180, 168, 60, 84, 158, 251, 187, 162, 124, 207, 162, 195, 219,
       135, 199, 108, 28, 188, 71, 203, 2, 152, 251, 119, 252, 160, 245,
       139, 5, 252, 112, 189, 114, 40, 110, 83, 152, 243, 250, 165, 24,
       215, 87, 73, 59, 149, 212, 124, 122, 41, 103, 251, 34, 211, 219,
       101, 60, 224, 243, 70, 115, 120, 184, 255, 112, 169, 205, 81, 87,
