%YAML:1.0
---
descriptors: !!opencv-matrix
   rows: 125
   cols: 32
   dt: u
   data: [ 13, 54, 156, 115, 176, 63, 119, 156, 118, 187, 47, 112, 215,
       115, 201, 123, 23, 86, 124, 58, 169, 212, 121, 42, 207, 207, 117,
       84, 168, 243, 193, 33, 21, 108, 209, 131, 148, 107, 227, 194, 126,
       226, 42, 26, 151, 16, 209, 44, 59, 108, 66, 90, 1, 244, 109, 42,
       140, 150, 23, 52, 228, 123, 83, 164, 194, 151, 63, 179, 170, 224,
       189, 191, 188, 95, 18, 245, 252, 254, 40, 75, 167, 83, 253, 145,
       242, 205, 3, 231, 232, 178, 126, 195, 132, 80, 165, 123, 94, 119,
       218, 167, 243, 26, 62, 184, 57, 228, 111, 173, 207, 103, 11, 144,
       54, 221, 237, 230, 196, 208, 153, 110, 254, 229, 13, 135, 46, 247,
       15, 83, 109, 117, 49, 71, 85, 15, 103, 184, 97, 168, 107, 72, 82,
       113, 93, 180, 24, 204, 82, 106, 201, 178, 249, 14, 45, 188, 5, 36,
       75, 187, 82, 160, 108, 237, 149, 103, 185, 14, 71, 184, 123, 160,
       43, 72, 210, 115, 9, 118, 145, 84, 104, 106, 72, 240, 217, 58,
       237, 190, 69, 52, 66, 123, 194, 34, 252, 66, 212, 190, 44, 10, 68,
       168, 176, 178, 163, 249, 203, 224, 73, 219, 201, 197, 236, 98,
       108, 103, 203, 160, 144, 243, 231, 29, 96, 249, 90, 0, 68, 224,
       153, 97, 137, 47, 67, 136, 106, 180, 33, 8, 214, 19, 73, 26, 145,
       68, 104, 122, 2, 96, 217, 16, 205, 152, 69, 60, 208, 115, 66, 34,
       148, 102, 254, 119, 160, 10, 111, 184, 116, 162, 102, 64, 211, 99,
       153, 123, 51, 204, 44, 238, 232, 212, 141, 42, 230, 171, 103, 4,
       96, 243, 98, 32, 68, 97, 25, 101, 17, 78, 107, 40, 104, 160, 107,
       8, 223, 19, 25, 48, 16, 84, 72, 106, 65, 176, 217, 76, 229, 188,
       1, 4, 64, 179, 67, 32, 37, 230, 200, 162, 252, 45, 207, 216, 18,
       191, 185, 207, 83, 224, 95, 16, 93, 202, 70, 255, 222, 114, 206,
       50, 124, 12, 165, 252, 217, 251, 218, 128, 165, 116, 25, 111, 80,
       78, 67, 56, 112, 106, 229, 8, 83, 83, 9, 49, 88, 156, 84, 106,
       105, 182, 121, 31, 229, 233, 33, 4, 104, 179, 98, 176, 5, 47, 124,
       67, 182, 171, 111, 176, 236, 180, 175, 72, 215, 65, 201, 33, 51,
       70, 78, 122, 176, 241, 109, 124, 236, 136, 37, 84, 228, 251, 197,
       33, 221, 18, 222, 166, 130, 26, 94, 57, 113, 194, 231, 247, 79,
       99, 139, 223, 118, 197, 236, 174, 253, 213, 141, 138, 178, 239,
       103, 4, 47, 247, 234, 21, 33, 223, 121, 95, 186, 223, 87, 191, 95,
       65, 174, 168, 183, 118, 132, 116, 135, 122, 140, 16, 223, 168,
       119, 63, 171, 255, 20, 91, 240, 218, 196, 125, 248, 188, 190, 112,
       169, 237, 85, 215, 251, 27, 164, 24, 191, 177, 64, 59, 129, 182,
       236, 24, 59, 111, 210, 51, 219, 251, 116, 123, 202, 192, 206, 59,
       94, 117, 234, 38, 211, 86, 127, 248, 49, 228, 111, 141, 77, 231,
       11, 20, 54, 253, 241, 238, 76, 211, 185, 238, 243, 245, 141, 5,
       43, 247, 46, 210, 116, 117, 125, 102, 136, 76, 71, 184, 224, 242,
       173, 8, 83, 117, 73, 51, 8, 212, 108, 106, 73, 99, 250, 40, 243,
       233, 101, 60, 96, 243, 198, 34, 165, 245, 67, 71, 212, 111, 231,
       232, 117, 226, 107, 10, 82, 112, 29, 53, 121, 204, 18, 106, 105,
       242, 125, 62, 61, 14, 5, 4, 105, 251, 114, 164, 108, 230, 196, 55,
       168, 59, 78, 168, 51, 182, 163, 185, 207, 107, 75, 155, 147, 206,
       236, 126, 124, 98, 203, 50, 238, 211, 101, 53, 226, 247, 202, 0,
       101, 105, 17, 71, 21, 78, 102, 40, 96, 160, 235, 8, 211, 17, 1,
       52, 152, 204, 64, 106, 73, 176, 217, 12, 165, 188, 1, 4, 74, 51,
       66, 34, 125, 85, 125, 102, 180, 110, 71, 188, 224, 224, 175, 8,
       83, 113, 9, 114, 17, 214, 124, 106, 105, 161, 249, 46, 251, 239,
       37, 20, 104, 243, 194, 32, 61, 214, 78, 174, 16, 151, 78, 248, 84,
       66, 205, 199, 115, 66, 59, 209, 92, 224, 140, 239, 237, 134, 93,
       63, 242, 231, 165, 20, 63, 183, 56, 80, 204, 106, 133, 231, 160,
       74, 103, 188, 48, 186, 2, 240, 215, 103, 201, 127, 19, 84, 108,
       106, 105, 212, 233, 42, 229, 162, 101, 148, 32, 243, 5, 49, 170,
       124, 149, 210, 75, 237, 144, 206, 27, 187, 160, 24, 44, 150, 69,
       191, 137, 91, 226, 17, 35, 110, 251, 243, 29, 22, 84, 59, 211, 92,
       6, 191, 103, 237, 232, 26, 221, 153, 198, 238, 83, 54, 236, 9, 98,
       232, 94, 18, 217, 202, 98, 119, 110, 106, 222, 51, 63, 31, 133,
       127, 209, 127, 218, 206, 210, 207, 142, 182, 137, 188, 60, 231,
       190, 223, 202, 149, 164, 170, 50, 67, 229, 103, 233, 133, 244,
       201, 146, 107, 184, 119, 222, 11, 136, 84, 189, 94, 253, 70, 88,
       230, 164, 47, 94, 190, 113, 170, 190, 93, 219, 107, 27, 209, 255,
       198, 76, 46, 236, 167, 73, 46, 242, 239, 101, 20, 106, 241, 74, 1,
       101, 117, 156, 39, 36, 14, 86, 56, 106, 170, 167, 77, 215, 113,
       75, 19, 144, 68, 108, 110, 236, 240, 217, 8, 239, 251, 101, 52,
       72, 243, 74, 3, 197, 71, 28, 231, 48, 14, 103, 184, 124, 172, 127,
       76, 215, 115, 137, 80, 150, 68, 108, 110, 96, 144, 201, 14, 229,
       191, 39, 132, 0, 179, 3, 33, 165, 20, 61, 101, 64, 111, 101, 57,
       112, 234, 103, 24, 83, 19, 9, 57, 24, 156, 80, 42, 41, 246, 113,
       14, 71, 235, 97, 4, 104, 225, 66, 178, 197, 188, 181, 17, 172,
       111, 133, 154, 122, 251, 146, 124, 214, 112, 221, 47, 145, 70,
       124, 31, 179, 117, 251, 98, 141, 30, 117, 246, 200, 121, 211, 117,
       101, 113, 25, 103, 16, 79, 71, 184, 96, 232, 43, 72, 214, 81, 73,
       48, 144, 92, 64, 106, 73, 176, 249, 40, 229, 140, 37, 52, 72, 51,
       66, 33, 109, 113, 156, 103, 32, 14, 119, 184, 104, 168, 39, 12,
       215, 115, 11, 19, 144, 68, 108, 110, 72, 240, 217, 8, 231, 249,
       101, 20, 72, 243, 66, 35, 237, 113, 156, 39, 45, 14, 118, 56, 106,
       234, 39, 77, 215, 113, 75, 27, 144, 68, 108, 110, 236, 244, 217,
       8, 239, 219, 101, 52, 72, 243, 74, 3, 101, 100, 169, 163, 204,
       111, 79, 152, 82, 243, 13, 27, 209, 117, 89, 42, 89, 204, 123,
       255, 139, 84, 255, 50, 205, 15, 237, 124, 180, 251, 208, 240, 131,
       252, 149, 154, 169, 125, 148, 207, 223, 123, 160, 124, 172, 186,
       111, 175, 133, 27, 234, 17, 167, 111, 250, 243, 155, 86, 95, 63,
       218, 92, 139, 159, 216, 142, 159, 116, 170, 40, 5, 183, 178, 155,
       130, 120, 247, 163, 192, 91, 35, 118, 108, 8, 57, 77, 131, 35,
       216, 163, 126, 24, 168, 112, 131, 41, 45, 101, 16, 71, 93, 30, 70,
       44, 113, 160, 235, 8, 210, 16, 29, 180, 216, 76, 64, 106, 72, 178,
       217, 14, 37, 188, 5, 20, 74, 59, 90, 132, 69, 93, 157, 103, 160,
       110, 103, 188, 104, 226, 170, 72, 215, 115, 9, 123, 19, 213, 120,
       106, 81, 208, 249, 44, 237, 174, 101, 20, 200, 115, 131, 32, 209,
       188, 159, 117, 160, 110, 101, 183, 118, 251, 98, 80, 247, 51, 128,
       121, 17, 126, 124, 8, 121, 252, 177, 47, 237, 235, 117, 64, 232,
       240, 128, 57, 125, 85, 125, 102, 168, 110, 71, 188, 224, 226, 174,
       8, 83, 117, 9, 51, 0, 214, 108, 106, 121, 99, 249, 44, 243, 235,
       101, 20, 96, 243, 198, 32, 213, 81, 93, 100, 168, 14, 71, 176,
       224, 234, 162, 76, 87, 115, 137, 115, 0, 196, 124, 106, 233, 225,
       217, 12, 241, 170, 101, 16, 104, 179, 66, 49, 218, 172, 148, 186,
       137, 253, 20, 143, 187, 55, 160, 25, 174, 186, 66, 155, 129, 83,
       233, 17, 62, 79, 218, 179, 155, 211, 93, 123, 146, 84, 143, 14,
       114, 173, 146, 186, 137, 233, 20, 207, 159, 17, 168, 25, 166, 250,
       108, 148, 201, 235, 232, 17, 62, 107, 218, 241, 185, 150, 31, 123,
       208, 92, 174, 14, 175, 166, 225, 83, 240, 191, 173, 223, 123, 123,
       53, 220, 88, 100, 222, 189, 31, 74, 82, 28, 179, 124, 236, 243,
       15, 26, 85, 230, 199, 197, 195, 245, 165, 229, 45, 67, 152, 111,
       79, 184, 22, 240, 141, 220, 211, 103, 217, 33, 93, 90, 91, 254,
       251, 84, 121, 62, 237, 138, 165, 116, 152, 251, 212, 240, 246,
       118, 236, 182, 138, 115, 30, 204, 147, 246, 153, 187, 71, 236, 75,
       27, 247, 215, 253, 243, 44, 71, 239, 162, 186, 103, 237, 191, 165,
       119, 158, 87, 180, 85, 63, 71, 153, 79, 167, 232, 116, 226, 231,
