%YAML:1.0
---
descriptors: !!opencv-matrix
   rows: 310
   cols: 32
   dt: u
   data: [ 220, 181, 185, 240, 184, 108, 93, 29, 171, 253, 151, 57, 223,
       255, 72, 123, 135, 159, 253, 17, 187, 77, 243, 128, 219, 249, 127,
       254, 128, 192, 135, 115, 230, 188, 246, 223, 236, 43, 252, 207,
       63, 179, 242, 50, 204, 250, 20, 89, 255, 255, 255, 129, 178, 255,
       203, 255, 28, 58, 223, 214, 149, 120, 243, 137, 232, 177, 60, 123,
       141, 93, 85, 189, 67, 63, 165, 24, 255, 125, 72, 49, 217, 146,
       233, 32, 122, 106, 251, 149, 239, 219, 84, 127, 82, 10, 198, 106,
       214, 172, 254, 221, 238, 43, 254, 207, 63, 179, 250, 26, 221, 234,
       52, 73, 251, 239, 127, 145, 176, 255, 143, 246, 190, 191, 255,
       236, 149, 248, 243, 129, 44, 52, 189, 99, 189, 111, 83, 154, 127,
       191, 173, 24, 215, 93, 73, 56, 153, 92, 93, 56, 26, 116, 121, 18,
       207, 223, 1, 117, 210, 107, 70, 226, 92, 85, 93, 231, 176, 78, 95,
       184, 32, 234, 255, 72, 215, 119, 9, 114, 23, 212, 125, 106, 169,
       144, 249, 14, 225, 239, 37, 148, 160, 243, 70, 49, 197, 86, 157,
       119, 172, 14, 103, 184, 120, 250, 163, 88, 215, 113, 201, 123,
       145, 68, 108, 110, 225, 228, 249, 42, 165, 251, 101, 20, 200, 115,
       67, 33, 104, 180, 59, 112, 217, 237, 81, 71, 251, 21, 172, 24, 54,
       183, 64, 56, 129, 58, 64, 24, 26, 107, 242, 23, 219, 223, 16, 123,
       194, 0, 198, 234, 237, 116, 157, 103, 173, 111, 71, 152, 120, 186,
       47, 92, 214, 113, 73, 59, 145, 86, 120, 122, 57, 228, 249, 34,
       207, 251, 69, 52, 200, 115, 194, 48, 236, 173, 157, 122, 141, 109,
       87, 168, 211, 183, 173, 24, 210, 241, 74, 51, 153, 212, 105, 114,
       42, 98, 251, 51, 235, 223, 69, 125, 210, 123, 206, 98, 241, 188,
       247, 116, 171, 253, 80, 87, 243, 251, 180, 56, 59, 189, 198, 63,
       171, 242, 252, 16, 191, 111, 182, 163, 219, 219, 85, 59, 235, 192,
       198, 95, 249, 168, 190, 178, 170, 188, 88, 151, 163, 91, 180, 185,
       63, 247, 66, 59, 135, 183, 253, 20, 190, 79, 234, 49, 219, 203,
       113, 249, 162, 196, 138, 91, 221, 34, 152, 160, 168, 56, 88, 152,
       234, 187, 163, 89, 223, 226, 203, 219, 131, 197, 108, 62, 60, 71,
       203, 0, 218, 233, 103, 253, 160, 241, 139, 1, 70, 168, 157, 82,
       235, 240, 20, 135, 171, 191, 44, 56, 108, 247, 204, 62, 129, 115,
       236, 144, 18, 75, 170, 241, 139, 211, 85, 127, 130, 81, 143, 110,
       199, 46, 133, 23, 172, 41, 172, 135, 186, 179, 130, 248, 226, 224,
       220, 143, 1, 102, 108, 29, 179, 109, 207, 34, 140, 50, 255, 184,
       140, 228, 147, 12, 81, 69, 93, 103, 22, 78, 71, 48, 100, 160, 171,
       72, 87, 49, 9, 112, 50, 212, 104, 106, 73, 160, 89, 14, 229, 175,
       37, 16, 97, 243, 64, 32, 236, 69, 253, 103, 168, 74, 87, 184, 113,
       162, 167, 8, 215, 115, 9, 123, 22, 212, 108, 106, 104, 244, 201,
       46, 229, 235, 101, 20, 96, 243, 70, 32, 252, 107, 204, 100, 172,
       11, 70, 53, 161, 166, 182, 137, 107, 105, 195, 155, 24, 228, 236,
       110, 104, 119, 201, 40, 242, 217, 101, 49, 107, 250, 218, 10, 96,
       136, 157, 254, 140, 237, 85, 143, 139, 23, 160, 24, 182, 179, 64,
       91, 129, 83, 104, 0, 58, 107, 211, 113, 153, 178, 84, 123, 208,
       72, 199, 42, 197, 245, 157, 103, 161, 14, 103, 184, 122, 250, 43,
       76, 222, 115, 73, 59, 145, 68, 104, 122, 241, 240, 249, 42, 237,
       187, 69, 70, 200, 115, 195, 35, 116, 133, 93, 103, 146, 235, 71,
       175, 100, 160, 174, 8, 243, 113, 8, 112, 50, 214, 76, 40, 56, 169,
       89, 63, 233, 239, 37, 84, 112, 234, 196, 34, 240, 168, 191, 114,
       200, 228, 225, 198, 162, 183, 228, 24, 48, 247, 96, 59, 233, 247,
       115, 152, 50, 95, 186, 97, 93, 171, 223, 104, 193, 64, 103, 170,
       193, 168, 125, 113, 170, 234, 57, 7, 238, 113, 34, 144, 247, 158,
       128, 122, 135, 55, 120, 8, 150, 201, 231, 17, 204, 171, 51, 80,
       196, 192, 131, 8, 193, 136, 189, 95, 40, 141, 145, 143, 206, 51,
       160, 24, 246, 112, 77, 107, 129, 66, 104, 12, 6, 109, 251, 49,
       141, 186, 84, 58, 208, 72, 65, 46, 205, 121, 31, 103, 51, 75, 55,
       160, 120, 232, 38, 40, 254, 81, 1, 50, 178, 116, 104, 98, 65, 240,
       185, 46, 229, 219, 5, 2, 72, 51, 3, 59, 93, 99, 22, 39, 51, 14,
       102, 120, 105, 168, 123, 109, 206, 114, 139, 212, 182, 197, 108,
       103, 197, 144, 141, 76, 180, 254, 39, 134, 106, 55, 11, 5, 244,
       127, 158, 182, 137, 95, 22, 236, 147, 190, 184, 105, 70, 248, 99,
       155, 153, 247, 236, 98, 108, 99, 202, 42, 187, 211, 101, 63, 192,
       123, 142, 23, 109, 101, 49, 103, 117, 31, 118, 184, 121, 232, 63,
       73, 218, 124, 157, 180, 148, 68, 125, 110, 204, 240, 233, 174,
       231, 255, 37, 182, 66, 191, 82, 103, 76, 117, 124, 99, 178, 78,
       127, 184, 57, 236, 127, 173, 223, 119, 139, 80, 22, 93, 253, 110,
       96, 208, 249, 78, 230, 223, 37, 132, 66, 243, 7, 115, 124, 39,
       254, 114, 170, 169, 85, 89, 163, 191, 165, 185, 87, 231, 74, 27,
       7, 182, 109, 24, 58, 67, 234, 0, 219, 195, 101, 125, 224, 226,
       198, 35, 228, 253, 150, 30, 217, 99, 6, 232, 150, 130, 137, 57,
       228, 242, 43, 81, 209, 102, 234, 98, 96, 67, 138, 62, 185, 38, 79,
       63, 144, 123, 167, 166, 80, 184, 191, 112, 136, 205, 81, 151, 230,
       83, 162, 24, 183, 151, 64, 58, 129, 179, 108, 16, 27, 109, 147,
       49, 217, 161, 52, 88, 224, 0, 135, 42, 129, 174, 157, 153, 236,
       169, 232, 71, 238, 19, 34, 208, 181, 226, 240, 75, 99, 34, 74, 28,
       51, 73, 198, 113, 140, 0, 122, 104, 156, 192, 161, 128, 129, 134,
       207, 123, 164, 170, 97, 151, 118, 19, 98, 244, 243, 97, 152, 121,
       19, 46, 44, 28, 187, 252, 69, 55, 204, 170, 116, 64, 236, 192,
       208, 40, 248, 172, 156, 114, 136, 237, 85, 159, 178, 183, 172, 25,
       55, 247, 66, 27, 129, 247, 237, 16, 58, 79, 218, 35, 251, 195,
       117, 121, 224, 208, 142, 2, 253, 112, 157, 103, 40, 110, 83, 28,
       114, 250, 167, 56, 215, 117, 73, 59, 147, 212, 108, 122, 41, 100,
       251, 8, 193, 219, 101, 52, 232, 243, 67, 35, 232, 188, 180, 250,
       173, 237, 84, 159, 191, 187, 180, 24, 238, 249, 93, 59, 137, 115,
       255, 0, 58, 103, 218, 243, 207, 219, 85, 58, 210, 88, 211, 3, 166,
       172, 214, 255, 205, 175, 252, 207, 191, 187, 242, 18, 206, 234,
       60, 91, 219, 239, 127, 145, 58, 255, 219, 243, 191, 186, 223, 254,
       213, 120, 243, 138, 0, 172, 222, 191, 252, 35, 239, 223, 62, 179,
       250, 26, 245, 234, 48, 72, 123, 239, 127, 145, 50, 251, 203, 127,
       252, 175, 255, 204, 181, 248, 241, 136, 162, 172, 214, 255, 236,
       171, 252, 239, 191, 179, 242, 18, 236, 234, 52, 73, 251, 239, 127,
       129, 58, 255, 203, 255, 60, 190, 223, 160, 245, 104, 241, 137,
       178, 172, 246, 255, 254, 171, 252, 239, 191, 51, 250, 146, 108,
       238, 52, 91, 239, 239, 127, 145, 186, 255, 203, 243, 30, 254, 223,
       242, 213, 200, 243, 129, 108, 116, 189, 99, 189, 111, 83, 152,
       115, 255, 173, 8, 215, 85, 73, 56, 145, 220, 76, 58, 11, 116, 249,
       18, 207, 223, 37, 116, 192, 251, 70, 115, 236, 113, 189, 103, 232,
       78, 119, 184, 104, 250, 55, 8, 215, 87, 73, 59, 148, 92, 124, 106,
       105, 244, 249, 0, 231, 217, 101, 52, 64, 179, 70, 115, 204, 52,
       157, 119, 169, 111, 117, 159, 59, 251, 43, 24, 215, 55, 73, 123,
       145, 87, 124, 56, 57, 212, 249, 34, 205, 215, 85, 52, 200, 113,
       134, 50, 197, 124, 157, 119, 168, 46, 103, 184, 120, 250, 167, 88,
       215, 115, 73, 123, 145, 84, 108, 106, 97, 228, 251, 42, 229, 255,
       101, 20, 200, 115, 67, 33, 228, 228, 189, 115, 153, 109, 87, 168,
       83, 182, 173, 24, 214, 117, 73, 59, 153, 86, 104, 122, 58, 102,
       251, 51, 239, 155, 69, 127, 192, 123, 198, 34, 108, 237, 61, 103,
       189, 79, 71, 168, 125, 224, 238, 8, 246, 117, 9, 48, 152, 84, 104,
       106, 105, 240, 249, 46, 237, 255, 5, 52, 64, 123, 198, 34, 60,
       101, 184, 110, 141, 95, 87, 232, 83, 166, 173, 8, 83, 249, 73, 16,
       217, 220, 224, 106, 104, 99, 219, 30, 251, 207, 69, 61, 115, 123,
