%YAML:1.0
---
descriptors: !!opencv-matrix
   rows: 112
   cols: 32
   dt: u
   data: [ 240, 168, 127, 112, 12, 233, 81, 87, 242, 23, 164, 24, 55,
       151, 64, 59, 1, 178, 100, 16, 58, 111, 226, 1, 211, 139, 112, 121,
       224, 192, 198, 42, 240, 168, 238, 90, 136, 185, 80, 199, 163, 23,
       164, 153, 35, 201, 70, 27, 201, 162, 236, 16, 62, 111, 222, 49,
       219, 203, 84, 121, 225, 200, 206, 18, 212, 44, 188, 246, 172, 104,
       85, 150, 242, 179, 134, 25, 183, 241, 65, 59, 129, 246, 125, 26,
       42, 77, 219, 34, 217, 195, 117, 61, 160, 105, 214, 42, 20, 221,
       157, 247, 180, 14, 111, 191, 52, 170, 218, 64, 247, 119, 128, 64,
       119, 246, 125, 106, 105, 216, 121, 47, 237, 239, 55, 208, 160,
       240, 129, 41, 44, 116, 189, 99, 117, 111, 115, 152, 123, 238, 47,
       8, 215, 117, 73, 58, 145, 84, 116, 122, 33, 244, 249, 10, 207,
       223, 37, 52, 194, 251, 70, 243, 192, 172, 157, 123, 168, 237, 37,
       143, 190, 59, 40, 24, 182, 183, 64, 58, 129, 82, 104, 24, 51, 109,
       235, 51, 205, 151, 118, 120, 208, 64, 135, 170, 45, 116, 185, 103,
       101, 79, 103, 152, 123, 238, 55, 8, 214, 85, 77, 62, 145, 92, 124,
       122, 161, 244, 249, 10, 103, 223, 37, 52, 194, 123, 71, 115, 205,
       85, 61, 103, 32, 78, 103, 184, 105, 232, 127, 72, 215, 119, 137,
       55, 148, 84, 124, 106, 225, 240, 249, 8, 231, 249, 101, 4, 66,
       179, 71, 241, 77, 93, 125, 103, 176, 78, 111, 184, 45, 232, 127,
       96, 223, 119, 137, 112, 182, 84, 125, 106, 225, 144, 121, 110,
       231, 255, 37, 132, 74, 243, 68, 113, 69, 99, 16, 7, 116, 31, 102,
       184, 104, 172, 123, 76, 198, 0, 159, 148, 144, 76, 68, 110, 196,
       176, 201, 14, 36, 188, 37, 4, 66, 179, 75, 133, 124, 69, 220, 103,
       153, 14, 71, 168, 97, 166, 175, 8, 83, 115, 9, 86, 48, 212, 104,
       106, 72, 240, 217, 46, 255, 239, 69, 20, 99, 243, 70, 34, 35, 77,
       98, 222, 84, 145, 238, 230, 223, 64, 124, 2, 40, 232, 183, 100,
       122, 234, 23, 203, 199, 187, 46, 255, 50, 44, 134, 136, 119, 191,
       112, 236, 253, 180, 156, 58, 172, 109, 87, 216, 243, 255, 165, 29,
       119, 241, 74, 27, 153, 198, 108, 30, 59, 103, 218, 51, 219, 203,
       117, 124, 248, 251, 202, 82, 76, 221, 63, 103, 32, 78, 111, 184,
       33, 168, 239, 72, 215, 119, 137, 115, 22, 212, 125, 106, 73, 208,
       249, 44, 229, 251, 101, 20, 32, 243, 70, 49, 254, 176, 191, 248,
       169, 253, 85, 223, 155, 95, 180, 25, 31, 255, 110, 59, 205, 243,
       253, 16, 59, 79, 250, 177, 219, 219, 85, 127, 242, 76, 134, 123,
       112, 174, 204, 48, 138, 232, 93, 87, 178, 31, 164, 189, 55, 163,
       66, 27, 1, 162, 109, 148, 58, 79, 130, 49, 219, 131, 116, 249,
       160, 192, 134, 75, 244, 252, 191, 114, 168, 237, 85, 222, 178,
       223, 164, 24, 119, 247, 75, 59, 163, 246, 125, 90, 122, 103, 186,
       51, 249, 235, 117, 121, 224, 241, 198, 99, 204, 255, 189, 119,
       233, 109, 21, 191, 123, 191, 44, 56, 142, 55, 73, 59, 133, 87,
       232, 18, 113, 92, 251, 98, 111, 211, 85, 55, 194, 113, 135, 235,
       216, 188, 188, 242, 169, 188, 93, 158, 187, 123, 182, 28, 158,
       191, 72, 91, 167, 215, 253, 16, 186, 79, 250, 241, 219, 219, 126,
       254, 130, 80, 135, 123, 69, 113, 17, 69, 112, 78, 119, 56, 104,
       232, 123, 108, 222, 16, 137, 52, 148, 92, 68, 106, 193, 176, 249,
       76, 36, 188, 33, 6, 74, 51, 67, 37, 242, 174, 214, 114, 168, 168,
       76, 199, 187, 27, 176, 88, 171, 235, 68, 159, 169, 231, 109, 152,
       58, 79, 138, 243, 154, 218, 85, 251, 227, 208, 202, 12, 101, 21,
       149, 103, 157, 111, 71, 185, 127, 162, 43, 72, 210, 113, 9, 113,
       145, 68, 104, 62, 121, 240, 121, 30, 237, 254, 69, 20, 216, 123,
       192, 48, 240, 168, 206, 58, 168, 169, 208, 207, 186, 23, 176, 153,
       163, 202, 70, 27, 139, 163, 109, 20, 62, 111, 202, 49, 216, 147,
       116, 121, 193, 72, 207, 130, 5, 113, 57, 101, 17, 78, 119, 56,
       105, 224, 111, 12, 222, 87, 9, 48, 148, 93, 80, 106, 193, 240,
       249, 76, 101, 188, 1, 4, 72, 179, 71, 240, 212, 205, 14, 190, 12,
       130, 78, 240, 148, 146, 210, 18, 115, 234, 49, 67, 104, 226, 127,
       227, 104, 207, 10, 191, 240, 227, 239, 152, 52, 57, 48, 8, 179,
       205, 102, 222, 92, 147, 142, 230, 214, 64, 216, 2, 41, 232, 181,
       97, 104, 235, 23, 195, 238, 171, 38, 255, 50, 109, 174, 136, 85,
       29, 112, 140, 183, 77, 98, 222, 84, 147, 239, 240, 213, 64, 252,
       130, 104, 236, 181, 100, 120, 234, 23, 203, 232, 179, 46, 255, 50,
       44, 135, 136, 119, 191, 112, 236, 222, 188, 189, 254, 169, 253,
       93, 223, 187, 127, 181, 61, 63, 255, 67, 59, 135, 243, 253, 16,
       187, 79, 250, 177, 219, 211, 125, 187, 146, 84, 134, 123, 108,
       103, 64, 7, 116, 26, 102, 168, 113, 172, 123, 233, 195, 96, 159,
       148, 24, 204, 68, 110, 204, 176, 205, 14, 36, 52, 37, 133, 102,
       191, 94, 196, 45, 105, 120, 71, 116, 31, 231, 168, 105, 164, 127,
       8, 211, 81, 157, 52, 146, 92, 84, 106, 64, 176, 233, 44, 103, 221,
       37, 4, 66, 179, 66, 160, 124, 112, 223, 100, 168, 110, 69, 56,
       241, 170, 167, 120, 87, 247, 201, 123, 49, 212, 108, 42, 105, 71,
       187, 2, 211, 235, 117, 28, 98, 243, 70, 49, 65, 113, 17, 101, 16,
       14, 102, 56, 104, 136, 106, 76, 214, 17, 9, 48, 144, 76, 76, 106,
       193, 176, 209, 12, 229, 188, 32, 0, 72, 179, 67, 33, 40, 176, 57,
       112, 121, 237, 17, 83, 235, 61, 36, 56, 30, 149, 68, 56, 129, 26,
       68, 16, 19, 107, 178, 21, 219, 221, 48, 123, 194, 0, 199, 235, 77,
       117, 157, 103, 161, 78, 55, 152, 121, 234, 47, 8, 222, 119, 73,
       58, 150, 85, 108, 106, 97, 240, 249, 74, 231, 255, 101, 4, 192,
       115, 7, 35, 217, 157, 95, 100, 136, 14, 71, 183, 224, 168, 174,
       76, 87, 51, 128, 115, 36, 230, 108, 110, 249, 169, 177, 44, 243,
       235, 100, 16, 104, 178, 226, 41, 232, 180, 148, 58, 169, 109, 16,
       143, 187, 59, 161, 25, 206, 187, 72, 155, 145, 19, 232, 16, 54,
       109, 219, 19, 139, 211, 85, 127, 210, 68, 143, 10, 145, 142, 223,
       123, 160, 174, 69, 151, 118, 75, 98, 84, 243, 97, 144, 121, 53,
       110, 44, 28, 187, 252, 45, 63, 200, 171, 116, 64, 232, 192, 192,
       41, 218, 188, 189, 176, 171, 253, 89, 151, 187, 127, 148, 189,
       159, 191, 66, 59, 167, 215, 253, 145, 190, 79, 250, 177, 219, 219,
       253, 255, 166, 196, 135, 123, 248, 190, 188, 58, 171, 253, 89,
       215, 179, 127, 180, 189, 47, 255, 66, 27, 167, 179, 253, 21, 190,
       79, 250, 177, 219, 211, 125, 251, 178, 68, 142, 91, 222, 184, 188,
       250, 169, 253, 81, 223, 175, 219, 180, 24, 190, 255, 68, 59, 135,
       243, 253, 16, 186, 79, 250, 241, 219, 219, 127, 250, 146, 64, 135,
       115, 5, 97, 81, 69, 116, 30, 102, 56, 104, 224, 107, 76, 223, 64,
       153, 180, 18, 76, 64, 110, 197, 176, 253, 76, 36, 188, 1, 4, 72,
       179, 67, 132, 109, 119, 0, 7, 48, 31, 110, 184, 53, 228, 107, 205,
       195, 96, 159, 212, 20, 204, 104, 110, 237, 144, 221, 14, 166, 118,
       133, 20, 74, 183, 90, 84, 60, 119, 96, 7, 122, 91, 22, 248, 17,
       172, 251, 239, 67, 124, 143, 148, 30, 220, 196, 226, 204, 178, 77,
       46, 50, 36, 37, 183, 103, 255, 78, 199, 104, 245, 60, 99, 185,
       109, 21, 175, 59, 55, 44, 25, 166, 51, 74, 16, 135, 26, 225, 16,
       114, 104, 251, 23, 239, 215, 21, 127, 210, 88, 135, 171, 244, 228,
       156, 246, 168, 109, 71, 140, 178, 191, 165, 24, 247, 243, 73, 27,
       217, 214, 108, 26, 58, 71, 219, 51, 217, 211, 117, 124, 224, 123,
       198, 34, 77, 71, 181, 7, 180, 27, 39, 168, 111, 236, 43, 108, 207,
       96, 207, 246, 150, 69, 108, 111, 196, 240, 237, 60, 172, 254, 101,
       22, 66, 247, 65, 101, 241, 189, 95, 102, 168, 76, 71, 53, 224,
       216, 174, 72, 115, 113, 128, 51, 34, 246, 124, 106, 201, 99, 182,
       41, 241, 233, 100, 24, 105, 178, 226, 41, 244, 124, 255, 118, 40,
       104, 65, 220, 242, 190, 164, 56, 83, 215, 193, 59, 15, 244, 108,
       90, 42, 103, 234, 34, 209, 203, 117, 56, 225, 241, 70, 33, 244,
