%YAML:1.0
---
descriptors: !!opencv-matrix
   rows: 299
   cols: 32
   dt: u
   data: [ 182, 253, 246, 223, 254, 43, 254, 239, 191, 187, 250, 50, 108,
       254, 53, 91, 255, 255, 127, 19, 242, 255, 139, 255, 188, 62, 223,
       246, 149, 120, 243, 139, 212, 237, 255, 255, 252, 43, 239, 254,
       62, 179, 251, 90, 245, 235, 61, 83, 255, 239, 127, 235, 240, 251,
       203, 127, 252, 175, 255, 236, 149, 251, 227, 169, 213, 85, 29,
       231, 180, 15, 79, 184, 52, 170, 159, 104, 215, 115, 137, 112, 54,
       212, 125, 106, 233, 240, 105, 46, 233, 239, 37, 148, 160, 243, 1,
       33, 236, 113, 189, 103, 40, 78, 79, 184, 32, 232, 183, 8, 215,
       119, 201, 51, 20, 212, 125, 106, 73, 240, 249, 8, 229, 249, 101,
       20, 104, 243, 70, 51, 132, 158, 157, 247, 172, 46, 108, 158, 254,
       187, 114, 80, 213, 99, 137, 123, 167, 71, 108, 14, 177, 244, 75,
       106, 205, 171, 119, 132, 136, 241, 129, 49, 197, 150, 157, 119,
       164, 46, 103, 188, 60, 186, 171, 80, 215, 115, 9, 123, 149, 86,
       108, 46, 241, 229, 217, 42, 169, 170, 117, 20, 200, 243, 195, 49,
       100, 116, 189, 119, 169, 110, 87, 136, 122, 251, 47, 24, 215, 115,
       73, 59, 145, 84, 104, 58, 57, 100, 251, 34, 207, 251, 69, 116,
       192, 115, 198, 98, 236, 117, 185, 103, 137, 79, 71, 172, 50, 234,
       172, 8, 215, 119, 73, 51, 145, 212, 125, 106, 105, 118, 249, 62,
       237, 255, 69, 52, 192, 123, 198, 98, 120, 180, 189, 112, 153, 232,
       81, 111, 179, 53, 172, 56, 54, 183, 64, 50, 129, 146, 105, 24, 58,
       75, 242, 7, 219, 207, 84, 123, 226, 0, 198, 234, 124, 164, 157,
       122, 137, 77, 87, 168, 179, 183, 173, 24, 86, 119, 74, 59, 153,
       210, 105, 114, 122, 98, 251, 51, 251, 223, 69, 125, 210, 115, 206,
       98, 204, 16, 159, 116, 168, 108, 97, 16, 237, 218, 39, 88, 223,
       55, 1, 123, 163, 84, 124, 24, 1, 197, 179, 0, 201, 251, 117, 0,
       136, 240, 5, 51, 69, 113, 51, 69, 53, 78, 103, 56, 104, 168, 107,
       72, 214, 87, 1, 180, 144, 116, 80, 106, 65, 240, 241, 76, 165,
       188, 1, 2, 72, 51, 67, 34, 108, 101, 121, 111, 157, 94, 95, 184,
       85, 132, 239, 8, 211, 109, 29, 112, 88, 212, 249, 106, 72, 178,
       249, 46, 103, 255, 5, 21, 67, 251, 94, 98, 124, 160, 57, 104, 9,
       77, 81, 136, 98, 52, 165, 8, 83, 81, 72, 59, 145, 16, 64, 58, 10,
       98, 251, 21, 203, 201, 5, 125, 240, 42, 70, 34, 249, 184, 247, 84,
       169, 252, 81, 87, 243, 251, 180, 56, 59, 223, 198, 63, 161, 246,
       236, 16, 191, 111, 182, 35, 219, 219, 84, 123, 227, 192, 198, 127,
       249, 190, 222, 176, 170, 253, 88, 215, 179, 127, 180, 189, 63,
       151, 66, 155, 135, 179, 253, 20, 63, 79, 162, 49, 219, 195, 113,
       249, 162, 196, 142, 91, 248, 184, 255, 112, 42, 233, 81, 86, 162,
       53, 164, 28, 55, 135, 66, 27, 35, 182, 109, 24, 26, 79, 178, 17,
       219, 195, 112, 121, 224, 128, 6, 122, 78, 177, 145, 178, 153, 252,
       16, 129, 171, 157, 9, 25, 206, 246, 72, 218, 145, 27, 233, 16, 26,
       73, 250, 128, 137, 245, 15, 127, 128, 70, 135, 98, 252, 172, 252,
       118, 136, 105, 85, 191, 163, 183, 164, 25, 83, 247, 75, 27, 9,
       214, 109, 10, 56, 111, 250, 34, 219, 203, 117, 61, 227, 240, 198,
       106, 252, 77, 125, 102, 168, 74, 95, 184, 113, 162, 167, 40, 87,
       119, 9, 115, 23, 212, 109, 106, 104, 244, 233, 46, 245, 171, 101,
       20, 96, 243, 70, 32, 67, 59, 19, 165, 50, 138, 62, 53, 41, 224,
       74, 237, 174, 6, 130, 208, 166, 61, 236, 69, 197, 152, 148, 76,
       164, 52, 10, 130, 12, 6, 11, 93, 28, 205, 95, 231, 147, 106, 71,
       188, 53, 162, 238, 0, 215, 115, 9, 113, 49, 214, 73, 234, 120,
       208, 89, 46, 233, 231, 5, 4, 32, 243, 228, 34, 224, 144, 157, 220,
       169, 233, 65, 142, 186, 51, 160, 24, 182, 183, 72, 123, 129, 87,
       104, 16, 51, 109, 211, 113, 157, 178, 84, 126, 208, 8, 199, 42,
       192, 140, 149, 251, 200, 237, 37, 143, 158, 51, 32, 24, 182, 51,
       64, 123, 129, 82, 106, 24, 51, 76, 219, 51, 205, 146, 84, 120,
       144, 88, 135, 42, 117, 77, 125, 103, 158, 15, 71, 188, 100, 160,
       170, 8, 211, 49, 1, 112, 48, 214, 72, 106, 104, 184, 121, 62, 237,
       175, 37, 20, 112, 251, 192, 42, 124, 103, 16, 39, 48, 31, 118,
       248, 41, 140, 123, 109, 79, 99, 139, 144, 178, 77, 236, 110, 68,
       176, 137, 12, 182, 253, 37, 133, 98, 183, 74, 129, 45, 117, 49,
       103, 181, 31, 118, 184, 121, 232, 127, 77, 222, 57, 159, 180, 148,
       76, 92, 110, 228, 176, 233, 142, 231, 255, 37, 6, 66, 183, 67,
       103, 37, 112, 113, 67, 80, 95, 99, 56, 97, 232, 103, 72, 210, 82,
       141, 52, 16, 92, 64, 106, 65, 180, 121, 78, 37, 188, 1, 4, 75,
       179, 70, 180, 129, 138, 207, 121, 164, 170, 96, 151, 118, 19, 98,
       212, 243, 1, 144, 121, 83, 14, 44, 28, 59, 252, 69, 25, 140, 170,
       116, 64, 236, 192, 192, 40, 129, 142, 79, 121, 164, 170, 97, 151,
       118, 19, 98, 212, 243, 32, 144, 121, 83, 46, 42, 28, 59, 220, 69,
       51, 204, 170, 116, 64, 236, 192, 192, 168, 248, 169, 156, 112,
       136, 205, 81, 81, 226, 181, 164, 8, 55, 147, 64, 59, 0, 182, 236,
       80, 26, 75, 242, 17, 219, 193, 113, 121, 224, 128, 70, 42, 193,
       174, 155, 153, 236, 169, 173, 199, 254, 19, 0, 80, 181, 226, 224,
       75, 99, 98, 106, 28, 51, 109, 134, 115, 172, 130, 126, 104, 152,
       200, 161, 168, 244, 112, 221, 118, 40, 72, 69, 152, 240, 250, 165,
       88, 83, 213, 201, 59, 2, 212, 108, 74, 105, 103, 250, 2, 211, 235,
       117, 60, 104, 241, 70, 33, 36, 221, 150, 158, 249, 205, 134, 232,
       159, 134, 233, 9, 198, 240, 45, 144, 216, 121, 234, 67, 108, 99,
       90, 126, 185, 150, 69, 59, 208, 123, 46, 134, 129, 142, 207, 123,
       160, 170, 96, 159, 118, 19, 98, 244, 179, 97, 144, 121, 51, 46,
       38, 28, 51, 220, 47, 53, 204, 171, 118, 64, 252, 192, 192, 168,
       193, 174, 159, 155, 236, 169, 233, 199, 254, 19, 98, 212, 181,
       226, 240, 75, 99, 34, 106, 28, 51, 77, 142, 115, 204, 2, 118, 104,
       156, 200, 161, 168, 36, 85, 18, 158, 217, 197, 6, 232, 159, 132,
       233, 9, 70, 226, 45, 144, 216, 249, 202, 98, 104, 163, 90, 126,
       177, 182, 7, 31, 80, 123, 46, 134, 54, 85, 18, 188, 89, 195, 22,
       224, 143, 132, 232, 9, 70, 240, 45, 144, 216, 233, 194, 98, 72,
       35, 90, 94, 177, 180, 5, 63, 80, 59, 110, 134, 40, 181, 16, 59,
       217, 205, 20, 175, 31, 61, 40, 25, 174, 59, 72, 144, 129, 27, 194,
       0, 102, 104, 91, 55, 239, 215, 20, 127, 82, 92, 142, 138, 108,
       112, 189, 97, 45, 111, 81, 24, 107, 254, 39, 24, 222, 21, 73, 58,
       145, 84, 124, 58, 129, 100, 249, 2, 207, 223, 101, 52, 194, 123,
       70, 115, 205, 85, 61, 101, 36, 78, 103, 56, 104, 232, 63, 72, 215,
       55, 137, 51, 148, 84, 124, 106, 201, 240, 249, 12, 231, 249, 101,
       20, 64, 243, 71, 115, 205, 112, 189, 101, 37, 78, 85, 56, 121,
       250, 39, 24, 214, 21, 65, 59, 144, 84, 124, 106, 193, 116, 249, 0,
       199, 251, 101, 20, 72, 49, 71, 115, 197, 156, 157, 247, 168, 46,
       39, 190, 190, 186, 162, 84, 247, 115, 9, 123, 135, 87, 124, 26,
       177, 205, 219, 38, 237, 235, 127, 20, 136, 113, 129, 49, 204, 52,
       157, 119, 168, 110, 87, 186, 63, 251, 171, 24, 215, 119, 9, 123,
       145, 214, 124, 42, 57, 68, 251, 58, 237, 247, 101, 20, 192, 113,
       134, 51, 236, 116, 157, 103, 168, 110, 71, 152, 114, 250, 167, 24,
       215, 119, 73, 59, 145, 86, 108, 122, 33, 100, 251, 34, 239, 251,
       101, 52, 192, 243, 198, 34, 100, 245, 157, 103, 169, 79, 71, 188,
       58, 234, 170, 8, 214, 119, 73, 51, 145, 214, 124, 106, 105, 114,
       249, 46, 237, 255, 69, 52, 192, 115, 198, 34, 120, 180, 121, 112,
       155, 233, 81, 111, 179, 53, 172, 56, 22, 183, 64, 58, 131, 154,
       104, 16, 26, 107, 242, 21, 219, 207, 16, 123, 226, 64, 198, 106,
       108, 101, 189, 103, 157, 79, 71, 168, 112, 162, 175, 8, 210, 117,
       9, 51, 153, 84, 120, 106, 105, 240, 249, 46, 237, 255, 69, 52,
       192, 123, 70, 98, 124, 101, 188, 110, 157, 79, 87, 232, 83, 180,
