%YAML:1.0
---
descriptors: !!opencv-matrix
   rows: 104
   cols: 32
   dt: u
   data: [ 124, 77, 220, 103, 129, 14, 71, 168, 119, 166, 239, 8, 83,
       115, 9, 82, 48, 212, 104, 106, 104, 240, 249, 46, 249, 239, 69,
       21, 99, 115, 68, 34, 236, 116, 185, 99, 52, 111, 115, 152, 123,
       234, 47, 8, 215, 85, 73, 58, 145, 92, 124, 122, 41, 116, 249, 10,
       207, 223, 101, 52, 194, 251, 70, 51, 45, 112, 185, 101, 101, 111,
       119, 24, 121, 234, 39, 8, 214, 85, 77, 62, 144, 92, 120, 122, 161,
       244, 249, 10, 199, 223, 5, 52, 194, 123, 71, 243, 100, 87, 181,
       107, 176, 47, 71, 152, 87, 166, 171, 76, 211, 101, 9, 112, 213,
       84, 104, 126, 233, 176, 121, 62, 237, 158, 5, 52, 208, 251, 68,
       48, 77, 85, 61, 103, 32, 78, 103, 184, 105, 232, 127, 72, 222,
       119, 137, 115, 180, 84, 124, 106, 193, 240, 249, 108, 231, 249,
       101, 4, 74, 179, 71, 49, 244, 124, 188, 246, 172, 108, 85, 23,
       242, 187, 134, 24, 247, 241, 65, 123, 129, 246, 125, 24, 40, 69,
       219, 40, 217, 227, 245, 61, 168, 120, 214, 42, 208, 142, 189, 245,
       44, 47, 85, 63, 212, 190, 178, 88, 247, 49, 64, 11, 5, 118, 108,
       43, 248, 101, 203, 42, 201, 171, 117, 16, 96, 248, 133, 43, 45,
       103, 64, 7, 116, 27, 102, 184, 112, 168, 123, 232, 195, 64, 153,
       148, 24, 76, 68, 110, 200, 176, 205, 14, 36, 28, 33, 148, 70, 191,
       90, 132, 211, 190, 135, 176, 171, 169, 16, 7, 187, 83, 128, 253,
       174, 162, 64, 219, 167, 163, 236, 21, 63, 79, 130, 81, 152, 210,
       90, 122, 168, 68, 131, 31, 63, 77, 98, 222, 86, 145, 223, 240,
       213, 192, 253, 130, 105, 237, 183, 100, 126, 234, 151, 206, 200,
       187, 46, 255, 114, 108, 135, 136, 119, 191, 112, 253, 69, 121, 17,
       101, 21, 78, 102, 184, 104, 168, 98, 72, 214, 19, 1, 48, 144, 84,
       72, 106, 65, 240, 241, 12, 165, 184, 37, 4, 72, 51, 67, 33, 120,
       160, 156, 112, 137, 233, 81, 207, 226, 183, 164, 24, 23, 145, 64,
       27, 193, 146, 232, 16, 26, 111, 202, 17, 219, 195, 85, 125, 224,
       72, 198, 42, 112, 168, 123, 112, 8, 205, 81, 87, 226, 53, 172, 8,
       55, 147, 64, 59, 0, 178, 64, 8, 10, 107, 242, 33, 211, 137, 48,
       121, 224, 136, 70, 170, 216, 180, 190, 240, 173, 236, 93, 159,
       187, 251, 150, 61, 159, 191, 74, 91, 167, 215, 253, 17, 186, 79,
       146, 243, 219, 219, 126, 255, 130, 208, 167, 123, 236, 184, 180,
       250, 173, 253, 85, 223, 255, 27, 180, 24, 190, 255, 108, 59, 133,
       115, 255, 16, 178, 111, 250, 241, 219, 219, 85, 123, 210, 77, 199,
       59, 252, 172, 157, 242, 172, 109, 84, 166, 178, 187, 131, 24, 215,
       245, 73, 27, 129, 246, 109, 18, 59, 109, 219, 34, 217, 195, 117,
       125, 160, 121, 214, 42, 69, 113, 17, 71, 48, 14, 119, 56, 104, 72,
       107, 100, 222, 17, 137, 52, 150, 76, 76, 106, 193, 176, 241, 76,
       164, 188, 32, 2, 72, 179, 67, 33, 237, 112, 189, 103, 101, 78,
       103, 184, 121, 234, 55, 72, 215, 85, 201, 58, 148, 92, 124, 106,
       233, 244, 249, 42, 231, 251, 101, 52, 66, 243, 70, 51, 212, 92,
       157, 182, 168, 44, 85, 151, 178, 187, 162, 28, 247, 115, 65, 27,
       129, 246, 108, 2, 41, 69, 219, 34, 249, 227, 117, 48, 232, 120,
       128, 10, 213, 124, 158, 244, 10, 44, 84, 158, 176, 154, 162, 88,
       247, 243, 65, 91, 167, 245, 108, 2, 105, 71, 155, 34, 211, 235,
       117, 24, 104, 113, 3, 11, 45, 116, 177, 71, 101, 111, 115, 24,
       107, 234, 39, 72, 222, 85, 77, 62, 145, 92, 112, 122, 129, 244,
       249, 8, 71, 223, 5, 54, 194, 123, 71, 243, 212, 52, 157, 115, 168,
       110, 49, 11, 186, 187, 163, 56, 214, 247, 72, 59, 161, 23, 108,
       16, 49, 69, 155, 2, 153, 131, 117, 126, 136, 97, 131, 51, 13, 93,
       63, 231, 176, 78, 111, 180, 61, 232, 126, 100, 255, 119, 129, 112,
       246, 116, 61, 106, 225, 144, 121, 110, 231, 255, 39, 132, 2, 179,
       69, 49, 52, 101, 64, 7, 86, 91, 102, 168, 117, 164, 251, 169, 195,
       96, 159, 148, 24, 204, 196, 98, 76, 178, 77, 14, 36, 38, 37, 149,
       103, 191, 94, 132, 244, 253, 191, 126, 168, 237, 87, 252, 178,
       222, 164, 24, 119, 247, 75, 59, 163, 230, 124, 74, 122, 111, 186,
       51, 249, 235, 117, 57, 224, 241, 198, 107, 65, 113, 17, 69, 16,
       14, 102, 60, 104, 168, 106, 76, 214, 17, 1, 48, 144, 92, 72, 106,
       193, 176, 81, 12, 165, 188, 36, 0, 72, 50, 67, 41, 208, 168, 191,
       121, 8, 232, 233, 7, 254, 19, 162, 16, 183, 135, 64, 107, 35, 55,
       104, 152, 50, 205, 147, 17, 205, 170, 122, 80, 192, 64, 133, 42,
       200, 172, 157, 123, 169, 237, 21, 143, 190, 63, 32, 24, 182, 119,
       72, 27, 129, 82, 104, 16, 51, 76, 251, 51, 237, 211, 84, 123, 208,
       80, 135, 43, 204, 254, 189, 83, 169, 109, 21, 158, 59, 190, 36,
       56, 158, 55, 73, 59, 133, 87, 236, 82, 114, 92, 249, 98, 237, 147,
       117, 119, 194, 113, 135, 123, 124, 77, 248, 103, 145, 78, 71, 168,
       113, 164, 239, 8, 83, 115, 9, 86, 112, 212, 104, 106, 104, 240,
       249, 46, 255, 239, 5, 21, 99, 115, 198, 34, 77, 49, 61, 101, 49,
       78, 51, 57, 121, 232, 102, 40, 222, 119, 9, 48, 146, 93, 120, 96,
       33, 240, 241, 76, 239, 255, 1, 7, 74, 32, 7, 35, 104, 253, 24,
       123, 249, 237, 20, 174, 27, 61, 44, 25, 174, 51, 66, 16, 129, 91,
       197, 16, 114, 106, 219, 55, 239, 215, 20, 123, 80, 81, 143, 139,
       76, 221, 31, 231, 176, 78, 111, 188, 33, 168, 254, 104, 247, 119,
       129, 115, 150, 246, 125, 106, 105, 144, 249, 46, 237, 255, 37,
       148, 42, 179, 68, 57, 17, 157, 159, 191, 180, 170, 111, 183, 54,
       43, 218, 112, 247, 119, 128, 104, 119, 127, 125, 24, 185, 216, 73,
       47, 236, 175, 127, 192, 164, 208, 129, 57, 252, 188, 252, 58, 171,
       253, 85, 223, 151, 95, 180, 189, 63, 255, 66, 27, 143, 243, 237,
       20, 62, 111, 250, 179, 219, 195, 117, 123, 242, 92, 206, 83, 40,
       237, 24, 62, 25, 205, 22, 174, 159, 62, 168, 9, 174, 251, 67, 144,
       129, 123, 200, 66, 110, 74, 74, 55, 235, 215, 21, 59, 82, 93, 14,
       139, 216, 188, 188, 242, 169, 108, 93, 159, 187, 59, 182, 57, 159,
       191, 72, 91, 167, 215, 253, 16, 50, 79, 202, 243, 219, 219, 126,
       255, 130, 80, 135, 91, 250, 188, 172, 178, 171, 253, 93, 215, 179,
       127, 180, 189, 63, 191, 66, 59, 167, 211, 253, 145, 190, 79, 186,
       177, 219, 211, 125, 251, 178, 84, 134, 91, 218, 188, 188, 250,
       171, 237, 93, 215, 187, 127, 180, 61, 191, 255, 66, 27, 167, 243,
       253, 16, 186, 79, 250, 177, 219, 219, 125, 251, 178, 68, 134, 123,
       89, 157, 159, 247, 176, 174, 111, 191, 52, 139, 222, 80, 247, 119,
       128, 80, 55, 247, 125, 40, 121, 152, 121, 47, 237, 239, 55, 80,
       160, 240, 129, 41, 62, 119, 64, 7, 250, 27, 22, 248, 49, 172, 251,
       237, 67, 116, 143, 148, 30, 220, 196, 98, 236, 179, 205, 46, 50,
       102, 37, 183, 103, 191, 14, 215, 248, 160, 152, 112, 136, 169, 81,
       7, 162, 53, 164, 24, 23, 131, 64, 27, 129, 146, 236, 16, 26, 111,
       194, 17, 219, 193, 113, 121, 224, 200, 198, 34, 252, 124, 223,
       118, 10, 108, 87, 152, 179, 186, 167, 24, 91, 247, 201, 59, 55,
       244, 108, 74, 105, 71, 186, 34, 211, 235, 101, 60, 98, 243, 70,
       35, 189, 126, 239, 119, 34, 30, 95, 180, 112, 206, 118, 252, 123,
       117, 147, 59, 55, 244, 148, 110, 233, 246, 61, 42, 226, 239, 117,
       128, 239, 245, 70, 113, 124, 97, 184, 71, 213, 79, 199, 232, 67,
       164, 237, 8, 66, 113, 77, 20, 24, 220, 64, 122, 72, 178, 249, 44,
       123, 205, 5, 53, 99, 59, 214, 162, 220, 180, 157, 240, 168, 104,
       21, 143, 186, 187, 163, 120, 223, 247, 72, 59, 163, 87, 108, 16,
       59, 77, 219, 2, 217, 195, 119, 124, 136, 97, 135, 51, 220, 180,
       157, 246, 168, 105, 87, 152, 178, 187, 163, 56, 215, 247, 73, 27,
       129, 214, 108, 82, 59, 103, 203, 34, 217, 195, 117, 124, 160, 113,
       134, 35, 212, 124, 159, 244, 170, 108, 84, 150, 186, 155, 162,
       120, 247, 183, 65, 91, 167, 247, 125, 16, 41, 71, 146, 34, 209,
       227, 118, 24, 168, 113, 35, 27, 252, 164, 157, 246, 172, 109, 87,
