%YAML:1.0
---
descriptors: !!opencv-matrix
   rows: 278
   cols: 32
   dt: u
   data: [ 253, 117, 125, 103, 168, 78, 79, 184, 96, 232, 191, 72, 211,
       119, 153, 51, 22, 212, 124, 106, 201, 240, 249, 44, 225, 233, 101,
       148, 106, 243, 66, 113, 93, 93, 125, 103, 176, 78, 79, 188, 96,
       234, 255, 68, 87, 119, 137, 114, 86, 212, 124, 106, 233, 176, 121,
       46, 227, 237, 37, 148, 104, 243, 64, 49, 93, 221, 121, 239, 176,
       78, 79, 188, 52, 232, 255, 96, 247, 119, 137, 112, 86, 246, 29,
       106, 233, 144, 105, 63, 225, 239, 39, 132, 32, 243, 128, 121, 20,
       189, 185, 239, 180, 47, 111, 189, 54, 170, 223, 32, 247, 119, 153,
       96, 87, 222, 29, 58, 251, 144, 105, 63, 237, 239, 39, 212, 164,
       251, 133, 97, 236, 176, 189, 114, 237, 125, 81, 152, 251, 63, 165,
       24, 222, 255, 74, 59, 129, 146, 253, 16, 58, 102, 250, 17, 223,
       219, 81, 127, 210, 73, 198, 242, 150, 236, 246, 255, 253, 187,
       254, 238, 255, 179, 251, 26, 239, 234, 93, 219, 251, 239, 255,
       131, 126, 247, 203, 255, 190, 254, 223, 177, 164, 121, 233, 2,
       252, 173, 252, 118, 136, 105, 87, 255, 179, 182, 172, 25, 115,
       119, 79, 27, 9, 214, 109, 42, 120, 111, 218, 43, 251, 203, 117,
       61, 99, 240, 198, 122, 22, 111, 118, 239, 190, 11, 254, 248, 127,
       160, 255, 162, 207, 235, 157, 0, 126, 237, 95, 235, 232, 179, 77,
       254, 190, 255, 175, 148, 103, 187, 97, 161, 248, 56, 255, 112, 9,
       248, 81, 7, 227, 215, 164, 24, 51, 149, 66, 59, 1, 182, 248, 24,
       59, 111, 178, 0, 211, 235, 80, 121, 226, 128, 70, 122, 166, 237,
       246, 191, 252, 43, 254, 239, 127, 178, 251, 26, 237, 234, 93, 75,
       255, 239, 127, 163, 248, 255, 203, 239, 190, 254, 223, 212, 133,
       249, 225, 137, 69, 113, 16, 69, 85, 15, 98, 48, 104, 168, 107, 76,
       214, 17, 25, 180, 148, 76, 68, 110, 193, 176, 209, 12, 37, 156,
       33, 4, 72, 35, 67, 129, 204, 88, 157, 254, 169, 100, 85, 156, 187,
       186, 167, 24, 92, 247, 105, 123, 197, 87, 232, 2, 97, 71, 186, 32,
       211, 243, 87, 62, 16, 113, 134, 51, 220, 144, 188, 247, 172, 108,
       121, 152, 175, 255, 183, 57, 223, 247, 75, 91, 199, 85, 125, 26,
       184, 101, 251, 0, 203, 251, 119, 220, 160, 233, 5, 115, 205, 112,
       157, 103, 32, 78, 118, 152, 121, 250, 39, 24, 215, 80, 73, 59,
       144, 84, 124, 106, 101, 244, 249, 8, 199, 251, 101, 54, 72, 243,
       75, 51, 85, 78, 77, 101, 180, 14, 71, 188, 116, 170, 254, 68, 83,
       97, 145, 112, 49, 228, 76, 110, 249, 176, 13, 14, 232, 239, 37,
       148, 224, 242, 194, 33, 216, 176, 188, 240, 169, 237, 89, 159,
       187, 255, 182, 24, 191, 183, 74, 27, 133, 151, 125, 24, 186, 111,
       242, 81, 219, 219, 117, 249, 194, 192, 198, 123, 72, 165, 152, 99,
       137, 109, 21, 143, 59, 55, 44, 25, 174, 55, 74, 18, 145, 27, 233,
       16, 50, 120, 219, 19, 239, 151, 85, 119, 194, 72, 143, 42, 125,
       223, 93, 103, 36, 14, 71, 188, 96, 232, 174, 76, 83, 113, 153,
       115, 20, 196, 108, 110, 201, 224, 249, 44, 226, 233, 101, 20, 104,
       243, 66, 33, 248, 188, 188, 112, 169, 253, 89, 215, 251, 127, 180,
       24, 191, 191, 66, 123, 133, 183, 253, 24, 58, 111, 242, 177, 219,
       251, 117, 121, 194, 72, 198, 123, 238, 188, 188, 250, 253, 253,
       92, 255, 223, 251, 188, 24, 251, 253, 84, 123, 201, 247, 255, 16,
       186, 111, 251, 179, 251, 223, 215, 127, 210, 120, 214, 138, 232,
       188, 188, 248, 173, 253, 85, 223, 255, 191, 180, 24, 191, 253, 66,
       59, 201, 246, 253, 24, 186, 111, 242, 179, 219, 255, 85, 123, 210,
       200, 198, 123, 20, 189, 251, 175, 188, 175, 255, 255, 62, 235,
       250, 98, 247, 255, 216, 96, 255, 255, 127, 159, 219, 184, 233, 63,
       252, 239, 191, 196, 164, 250, 225, 249, 221, 84, 95, 231, 40, 78,
       127, 184, 52, 234, 247, 108, 215, 87, 137, 115, 214, 213, 125,
       106, 233, 213, 249, 46, 247, 235, 103, 148, 40, 179, 1, 49, 212,
       221, 29, 231, 180, 78, 127, 184, 52, 232, 214, 96, 247, 87, 137,
       113, 182, 245, 93, 106, 233, 145, 121, 46, 239, 233, 47, 148, 32,
       179, 1, 49, 205, 84, 189, 231, 32, 110, 123, 24, 57, 234, 247, 88,
       223, 119, 9, 123, 150, 85, 125, 106, 169, 244, 249, 42, 199, 251,
       97, 148, 128, 243, 71, 51, 204, 180, 189, 97, 161, 110, 113, 27,
       59, 255, 63, 24, 222, 119, 72, 59, 151, 23, 125, 56, 179, 84, 249,
       66, 207, 219, 117, 230, 194, 224, 135, 115, 244, 236, 253, 114,
       136, 237, 87, 222, 162, 191, 165, 24, 19, 247, 73, 59, 9, 214,
       108, 26, 58, 103, 250, 32, 217, 203, 117, 120, 224, 209, 198, 98,
       105, 253, 188, 83, 217, 221, 215, 190, 123, 115, 44, 24, 190, 48,
       70, 182, 129, 90, 192, 90, 103, 104, 250, 55, 111, 223, 21, 123,
       218, 85, 203, 254, 205, 52, 157, 65, 129, 110, 113, 27, 57, 251,
       47, 92, 158, 55, 64, 127, 133, 20, 120, 56, 49, 220, 241, 66, 207,
       255, 85, 70, 138, 96, 131, 51, 240, 186, 255, 120, 138, 233, 81,
       87, 178, 23, 164, 184, 55, 231, 64, 27, 35, 178, 237, 16, 58, 79,
       162, 51, 219, 131, 112, 121, 224, 192, 134, 106, 200, 188, 189,
       244, 169, 236, 21, 183, 187, 191, 6, 24, 188, 183, 64, 91, 133,
       119, 253, 16, 114, 76, 242, 99, 237, 243, 93, 123, 128, 112, 135,
       123, 116, 176, 252, 114, 136, 109, 85, 223, 178, 191, 165, 25, 87,
       247, 72, 26, 1, 214, 109, 24, 26, 67, 250, 16, 219, 195, 117, 125,
       224, 208, 198, 98, 45, 113, 16, 69, 17, 31, 102, 56, 105, 224,
       111, 76, 214, 16, 5, 180, 144, 76, 64, 106, 197, 176, 217, 12, 39,
       221, 1, 22, 74, 51, 75, 134, 212, 54, 127, 96, 162, 106, 65, 80,
       176, 182, 167, 56, 83, 87, 193, 59, 55, 244, 68, 58, 40, 229, 160,
       10, 217, 171, 101, 100, 225, 225, 102, 227, 5, 71, 16, 199, 112,
       14, 110, 56, 125, 40, 123, 96, 220, 83, 136, 244, 148, 76, 22,
       106, 193, 144, 73, 127, 164, 188, 35, 132, 10, 179, 73, 161, 244,
       42, 140, 182, 168, 40, 93, 159, 162, 183, 134, 189, 215, 227, 75,
       91, 3, 199, 109, 148, 56, 71, 203, 32, 218, 227, 245, 189, 160,
       240, 158, 74, 205, 117, 145, 71, 193, 127, 119, 184, 123, 234, 47,
       8, 222, 112, 73, 182, 145, 92, 120, 122, 97, 240, 249, 74, 175,
       223, 69, 38, 202, 115, 75, 182, 248, 188, 220, 114, 169, 173, 84,
       223, 179, 191, 164, 29, 63, 243, 74, 27, 129, 226, 237, 16, 58,
       111, 218, 51, 219, 195, 117, 121, 234, 192, 202, 10, 248, 188,
       245, 118, 169, 108, 85, 187, 179, 191, 172, 56, 63, 247, 64, 159,
       39, 246, 237, 8, 58, 79, 186, 34, 219, 211, 85, 58, 226, 225, 134,
       99, 150, 236, 222, 255, 236, 171, 254, 236, 191, 179, 243, 26,
       255, 234, 95, 75, 251, 239, 127, 195, 126, 119, 203, 251, 190,
       155, 239, 189, 245, 123, 233, 3, 252, 112, 188, 98, 41, 109, 83,
       152, 227, 186, 165, 24, 223, 87, 73, 59, 129, 212, 124, 122, 40,
       103, 251, 0, 223, 219, 101, 61, 226, 243, 70, 51, 134, 236, 214,
       191, 253, 171, 254, 236, 191, 178, 243, 27, 238, 234, 93, 203,
       251, 239, 255, 227, 126, 247, 203, 255, 190, 222, 223, 183, 149,
       123, 233, 131, 246, 237, 214, 191, 253, 171, 254, 237, 191, 178,
       251, 26, 239, 234, 93, 79, 255, 255, 127, 211, 114, 119, 203, 255,
       188, 254, 207, 174, 133, 255, 227, 141, 230, 237, 198, 159, 252,
       171, 238, 238, 191, 179, 250, 26, 238, 234, 124, 67, 123, 207,
       127, 211, 122, 255, 203, 255, 188, 54, 223, 148, 133, 123, 227,
       136, 55, 237, 118, 237, 221, 143, 238, 232, 127, 160, 250, 10,
       223, 235, 53, 64, 249, 237, 123, 235, 225, 243, 217, 254, 189,
       254, 143, 20, 89, 123, 115, 130, 92, 236, 190, 183, 172, 43, 126,
       190, 191, 179, 187, 144, 255, 239, 89, 91, 247, 231, 127, 163,
       248, 229, 203, 227, 236, 255, 255, 148, 164, 251, 129, 1, 69, 227,
       128, 3, 180, 30, 102, 184, 106, 185, 59, 76, 199, 96, 216, 146,
       145, 76, 108, 127, 214, 240, 201, 4, 172, 60, 37, 116, 192, 187,
       219, 5, 158, 172, 246, 255, 236, 43, 254, 238, 191, 179, 243, 18,
