%YAML:1.0
---
descriptors: !!opencv-matrix
   rows: 162
   cols: 32
   dt: u
   data: [ 228, 112, 185, 101, 32, 111, 119, 24, 122, 234, 39, 8, 215,
       23, 73, 59, 145, 84, 124, 122, 41, 244, 249, 10, 199, 219, 101,
       52, 192, 243, 70, 115, 194, 190, 188, 222, 170, 240, 29, 143, 171,
       159, 164, 185, 108, 231, 206, 27, 135, 243, 237, 144, 50, 79, 170,
       115, 219, 147, 253, 191, 128, 112, 135, 123, 224, 108, 189, 118,
       205, 109, 69, 166, 227, 247, 164, 24, 242, 245, 65, 59, 137, 246,
       104, 8, 41, 111, 251, 33, 95, 187, 85, 56, 192, 120, 198, 42, 36,
       195, 189, 75, 52, 79, 71, 152, 86, 172, 175, 64, 211, 69, 137,
       112, 85, 220, 44, 106, 235, 240, 121, 31, 237, 150, 37, 20, 80,
       187, 84, 48, 244, 101, 45, 103, 144, 78, 71, 168, 48, 166, 174, 8,
       211, 115, 9, 83, 16, 196, 121, 106, 104, 212, 249, 14, 225, 171,
       69, 20, 32, 243, 70, 34, 228, 100, 156, 231, 141, 46, 70, 136, 50,
       182, 163, 24, 195, 99, 73, 27, 145, 196, 104, 106, 104, 70, 219,
       2, 205, 211, 69, 53, 160, 123, 218, 2, 209, 160, 189, 59, 141,
       125, 80, 143, 79, 119, 164, 24, 183, 56, 74, 123, 129, 3, 104, 28,
       62, 109, 251, 49, 139, 219, 84, 125, 208, 72, 137, 110, 213, 74,
       31, 37, 42, 10, 35, 152, 228, 170, 162, 100, 215, 194, 161, 75,
       50, 68, 108, 106, 105, 229, 7, 10, 192, 163, 103, 20, 104, 57, 1,
       9, 145, 90, 95, 13, 50, 10, 47, 188, 52, 170, 82, 228, 213, 3,
       129, 113, 118, 108, 46, 238, 97, 212, 69, 14, 164, 162, 103, 132,
       44, 177, 33, 169, 84, 117, 159, 228, 26, 78, 87, 56, 182, 160,
       170, 8, 215, 247, 65, 115, 49, 244, 109, 106, 105, 193, 185, 14,
       249, 167, 101, 52, 32, 35, 7, 50, 120, 168, 44, 48, 141, 157, 80,
       207, 227, 181, 160, 25, 34, 152, 86, 27, 137, 162, 236, 17, 30,
       111, 202, 176, 219, 209, 149, 127, 192, 12, 222, 78, 120, 161,
       146, 112, 137, 217, 80, 69, 235, 17, 164, 8, 47, 146, 64, 190,
       160, 182, 204, 80, 30, 107, 130, 49, 155, 217, 16, 123, 226, 0,
       202, 14, 137, 174, 247, 255, 236, 191, 233, 223, 127, 251, 246,
       222, 255, 235, 148, 237, 127, 238, 126, 156, 179, 254, 239, 247,
       222, 251, 247, 200, 239, 232, 241, 169, 208, 54, 159, 247, 34,
       108, 57, 18, 184, 155, 179, 112, 247, 183, 64, 27, 167, 117, 125,
       128, 32, 205, 131, 64, 217, 163, 122, 128, 168, 97, 39, 51, 68,
       93, 31, 229, 48, 78, 103, 184, 44, 168, 126, 64, 247, 119, 129,
       114, 22, 244, 124, 106, 105, 144, 249, 46, 229, 255, 37, 148, 0,
       179, 4, 121, 84, 5, 93, 103, 176, 42, 71, 184, 100, 160, 175, 8,
       215, 115, 137, 113, 18, 212, 108, 106, 104, 161, 105, 28, 233,
       235, 37, 20, 96, 251, 197, 32, 220, 69, 220, 103, 136, 74, 71,
       168, 113, 178, 167, 8, 215, 115, 9, 123, 51, 212, 104, 106, 104,
       229, 219, 44, 239, 235, 69, 21, 96, 243, 194, 34, 85, 69, 127, 71,
       148, 78, 71, 184, 100, 160, 235, 8, 83, 113, 25, 112, 48, 196, 88,
       106, 105, 177, 121, 46, 241, 174, 37, 20, 105, 179, 224, 32, 229,
       164, 149, 115, 236, 47, 68, 141, 123, 187, 161, 88, 214, 112, 76,
       59, 153, 198, 110, 50, 59, 102, 219, 50, 173, 154, 85, 126, 208,
       120, 194, 4, 108, 48, 189, 103, 169, 111, 83, 152, 107, 250, 183,
       8, 223, 117, 73, 58, 149, 84, 124, 122, 185, 116, 249, 0, 207,
       219, 101, 116, 194, 227, 70, 35, 221, 52, 191, 116, 168, 126, 93,
       178, 232, 254, 167, 29, 223, 63, 67, 123, 167, 213, 253, 54, 185,
       197, 185, 2, 219, 235, 101, 212, 168, 241, 135, 115, 233, 168,
       151, 250, 236, 189, 232, 223, 255, 123, 244, 92, 251, 233, 244,
       239, 205, 238, 126, 28, 187, 111, 235, 241, 222, 251, 247, 248,
       218, 200, 242, 169, 116, 40, 184, 56, 73, 237, 81, 74, 162, 181,
       165, 9, 22, 223, 67, 24, 129, 185, 233, 17, 10, 67, 218, 17, 219,
       193, 17, 127, 192, 1, 14, 66, 100, 225, 185, 106, 136, 77, 87,
       136, 98, 180, 165, 8, 214, 117, 73, 58, 25, 212, 96, 122, 10, 98,
       251, 49, 203, 133, 69, 61, 208, 59, 70, 34, 100, 97, 57, 79, 29,
       79, 71, 184, 98, 160, 165, 8, 242, 85, 9, 48, 152, 212, 72, 106,
       73, 48, 249, 28, 229, 152, 5, 52, 80, 59, 70, 34, 124, 97, 114,
       97, 87, 91, 86, 200, 33, 160, 238, 11, 75, 25, 65, 144, 120, 220,
       197, 242, 76, 179, 81, 140, 251, 205, 5, 85, 99, 63, 106, 2, 246,
       60, 215, 158, 203, 96, 20, 207, 187, 211, 160, 189, 110, 246, 71,
       219, 199, 255, 232, 20, 63, 79, 222, 98, 152, 50, 85, 59, 169,
       117, 166, 94, 116, 101, 200, 38, 136, 106, 71, 136, 50, 166, 175,
       137, 83, 99, 75, 90, 51, 196, 105, 126, 8, 214, 217, 10, 241, 165,
       69, 53, 225, 243, 70, 98, 108, 113, 184, 103, 168, 78, 87, 152,
       107, 168, 191, 8, 223, 115, 73, 58, 144, 212, 124, 122, 8, 96,
       217, 0, 207, 255, 37, 52, 194, 179, 74, 35, 101, 160, 148, 99,
       173, 43, 68, 136, 107, 185, 169, 72, 199, 121, 77, 191, 145, 196,
       108, 58, 30, 98, 203, 16, 142, 218, 69, 126, 202, 251, 218, 6,
       192, 172, 191, 113, 138, 234, 173, 135, 254, 51, 162, 16, 245,
       238, 80, 107, 163, 55, 104, 25, 50, 77, 231, 51, 205, 171, 127,
       80, 192, 64, 133, 40, 3, 127, 251, 6, 242, 240, 182, 71, 168, 197,
       254, 231, 44, 172, 231, 160, 174, 123, 210, 149, 135, 171, 164,
       104, 58, 5, 62, 171, 205, 86, 175, 253, 192, 172, 157, 251, 136,
       237, 5, 143, 186, 55, 160, 24, 182, 183, 72, 27, 129, 83, 104, 16,
       50, 77, 219, 51, 205, 147, 86, 121, 208, 80, 135, 42, 208, 136,
       188, 126, 136, 173, 16, 143, 206, 19, 160, 24, 246, 248, 76, 123,
       129, 19, 104, 16, 50, 109, 219, 49, 201, 186, 85, 120, 208, 64,
       129, 10, 212, 195, 92, 102, 168, 10, 71, 188, 96, 186, 167, 56,
       215, 115, 137, 83, 22, 212, 108, 106, 104, 101, 201, 12, 242, 235,
       101, 20, 96, 179, 66, 33, 37, 241, 53, 103, 16, 15, 71, 184, 86,
       160, 43, 76, 211, 101, 73, 112, 21, 92, 104, 110, 201, 240, 121,
       28, 237, 158, 5, 52, 80, 187, 68, 48, 100, 103, 17, 103, 52, 79,
       230, 184, 105, 168, 123, 72, 214, 76, 29, 48, 156, 221, 68, 99,
       193, 240, 217, 110, 165, 180, 37, 20, 64, 51, 71, 49, 252, 180,
       189, 114, 136, 109, 81, 25, 179, 183, 165, 24, 87, 247, 72, 27, 1,
       150, 108, 16, 58, 71, 186, 2, 219, 195, 113, 125, 224, 192, 6, 98,
       201, 184, 149, 115, 137, 236, 113, 23, 250, 123, 38, 24, 190, 151,
       64, 251, 129, 54, 120, 24, 51, 77, 178, 33, 201, 251, 80, 120,
       194, 64, 135, 42, 224, 173, 189, 86, 205, 237, 69, 135, 234, 243,
       172, 24, 178, 245, 68, 63, 137, 246, 106, 8, 43, 111, 242, 49, 93,
       186, 85, 58, 192, 120, 198, 42, 197, 112, 145, 69, 32, 14, 98, 16,
       41, 234, 35, 76, 214, 23, 137, 191, 148, 68, 124, 110, 1, 212,
       209, 8, 135, 184, 101, 4, 74, 179, 2, 49, 216, 180, 159, 183, 170,
       108, 29, 19, 178, 223, 135, 21, 223, 183, 74, 27, 167, 23, 253,
       144, 59, 205, 179, 2, 201, 227, 122, 65, 168, 64, 175, 115, 80,
       57, 27, 254, 24, 197, 17, 121, 166, 72, 169, 9, 182, 215, 32, 80,
       208, 187, 121, 128, 75, 11, 218, 31, 209, 164, 171, 56, 16, 2, 39,
       122, 172, 249, 121, 250, 236, 205, 87, 253, 131, 252, 181, 29, 55,
       221, 74, 49, 140, 216, 85, 114, 235, 103, 250, 53, 251, 217, 37,
       125, 114, 155, 214, 251, 168, 168, 28, 250, 9, 205, 144, 195, 142,
       53, 164, 25, 166, 221, 96, 11, 137, 51, 235, 0, 18, 111, 218, 49,
       203, 209, 16, 123, 80, 8, 207, 138, 245, 89, 221, 100, 8, 14, 71,
       184, 96, 162, 166, 8, 211, 51, 65, 123, 16, 196, 108, 106, 105,
       98, 217, 8, 213, 171, 101, 20, 232, 243, 66, 32, 35, 160, 129,
       185, 92, 173, 234, 203, 95, 73, 193, 93, 176, 200, 92, 16, 217,
       139, 91, 157, 187, 38, 90, 83, 141, 28, 154, 124, 152, 8, 82, 144,
       245, 20, 127, 101, 160, 46, 109, 49, 112, 226, 39, 92, 211, 39, 0,
       115, 21, 196, 124, 46, 249, 212, 249, 14, 229, 171, 101, 20, 40,
       240, 194, 112, 101, 60, 189, 118, 169, 108, 85, 150, 234, 255, 47,
       28, 214, 245, 75, 58, 129, 118, 108, 26, 17, 96, 250, 32, 207,
