%YAML:1.0
---
descriptors: !!opencv-matrix
   rows: 261
   cols: 32
   dt: u
   data: [ 116, 164, 149, 178, 137, 237, 85, 201, 155, 183, 161, 25, 230,
       225, 73, 27, 137, 211, 105, 18, 58, 103, 218, 51, 217, 146, 85,
       127, 208, 121, 198, 98, 68, 113, 29, 101, 48, 78, 103, 48, 104,
       160, 102, 8, 214, 23, 1, 113, 144, 84, 120, 106, 65, 144, 241, 12,
       229, 185, 1, 0, 64, 51, 71, 51, 197, 188, 133, 19, 156, 45, 165,
       159, 250, 243, 138, 92, 214, 240, 220, 47, 33, 70, 120, 29, 177,
       109, 223, 34, 45, 26, 85, 116, 200, 120, 209, 52, 229, 104, 213,
       167, 236, 11, 238, 200, 26, 178, 51, 90, 214, 96, 89, 11, 59, 205,
       106, 111, 97, 116, 221, 106, 180, 138, 207, 52, 76, 123, 83, 128,
       1, 175, 152, 249, 188, 169, 177, 143, 94, 61, 88, 48, 183, 160,
       226, 104, 131, 11, 34, 24, 54, 120, 99, 55, 205, 143, 54, 97, 144,
       72, 133, 137, 253, 172, 237, 119, 148, 127, 71, 186, 81, 226, 166,
       24, 115, 125, 145, 55, 25, 230, 116, 46, 185, 252, 253, 46, 107,
       239, 245, 20, 231, 249, 210, 96, 54, 180, 154, 177, 221, 47, 180,
       79, 62, 187, 233, 90, 6, 184, 108, 24, 249, 143, 98, 16, 62, 255,
       218, 82, 157, 150, 95, 111, 201, 72, 235, 134, 180, 103, 69, 165,
       212, 11, 70, 111, 17, 162, 240, 251, 67, 96, 133, 17, 121, 236, 2,
       226, 108, 246, 77, 30, 188, 130, 197, 52, 125, 120, 210, 136, 116,
       109, 72, 175, 91, 75, 87, 232, 37, 164, 239, 139, 67, 97, 11, 16,
       88, 204, 233, 226, 76, 146, 217, 44, 243, 229, 5, 21, 97, 59, 94,
       66, 246, 36, 151, 242, 205, 98, 64, 73, 187, 183, 163, 27, 74,
       235, 76, 219, 249, 215, 233, 176, 56, 199, 219, 194, 155, 246,
       215, 127, 161, 99, 230, 38, 157, 221, 95, 239, 146, 14, 111, 188,
       52, 226, 102, 130, 247, 119, 137, 112, 118, 252, 60, 238, 233,
       148, 125, 46, 229, 239, 167, 4, 48, 243, 161, 56, 213, 79, 87,
       103, 52, 14, 79, 184, 116, 168, 243, 100, 211, 99, 153, 115, 54,
       228, 108, 110, 233, 240, 77, 44, 224, 170, 101, 148, 104, 179, 64,
       33, 248, 188, 149, 56, 137, 237, 80, 199, 219, 115, 160, 24, 174,
       184, 64, 187, 137, 179, 232, 16, 63, 111, 210, 51, 155, 210, 80,
       123, 210, 76, 194, 14, 56, 173, 104, 106, 209, 205, 87, 255, 22,
       41, 108, 9, 51, 181, 98, 16, 25, 170, 7, 8, 90, 58, 24, 55, 251,
       205, 52, 121, 115, 138, 206, 138, 222, 244, 158, 178, 169, 236,
       21, 133, 187, 255, 135, 61, 238, 255, 74, 91, 133, 87, 237, 19,
       126, 77, 154, 35, 251, 243, 127, 255, 138, 87, 143, 91, 248, 188,
       156, 178, 168, 237, 81, 159, 178, 63, 164, 57, 183, 183, 74, 27,
       135, 211, 109, 16, 58, 79, 154, 51, 217, 195, 117, 125, 160, 64,
       134, 123, 252, 118, 164, 101, 173, 126, 79, 152, 35, 254, 167, 13,
       203, 103, 219, 159, 21, 196, 237, 110, 232, 68, 249, 136, 195,
       251, 101, 181, 138, 255, 86, 113, 18, 165, 144, 179, 149, 141,
       228, 239, 95, 49, 232, 27, 163, 185, 92, 0, 185, 139, 2, 1, 26,
       120, 91, 247, 189, 150, 22, 118, 249, 88, 193, 138, 252, 124, 158,
       254, 205, 36, 84, 72, 147, 154, 161, 57, 74, 249, 109, 219, 201,
       246, 237, 18, 44, 103, 218, 162, 211, 243, 213, 59, 194, 121, 122,
       3, 221, 48, 140, 176, 141, 60, 80, 155, 234, 243, 130, 93, 223,
       184, 83, 155, 129, 199, 108, 21, 189, 77, 219, 0, 218, 193, 125,
       124, 168, 116, 218, 2, 246, 52, 150, 240, 205, 100, 96, 74, 163,
       179, 225, 26, 66, 250, 77, 219, 233, 215, 234, 144, 60, 119, 154,
       192, 157, 226, 215, 127, 169, 105, 250, 2, 97, 141, 92, 191, 156,
       169, 102, 167, 206, 0, 168, 76, 247, 99, 48, 64, 67, 227, 74, 12,
       50, 41, 95, 127, 236, 166, 142, 88, 28, 74, 201, 8, 253, 121, 249,
       102, 172, 79, 71, 213, 224, 234, 190, 8, 115, 213, 193, 50, 24,
       244, 124, 106, 73, 99, 248, 40, 241, 201, 101, 56, 97, 251, 214,
       40, 121, 184, 252, 112, 45, 253, 81, 87, 227, 127, 180, 29, 59,
       153, 86, 58, 161, 166, 124, 28, 159, 111, 178, 49, 219, 219, 113,
       123, 235, 128, 206, 91, 236, 117, 181, 111, 173, 79, 71, 184, 123,
       234, 45, 8, 210, 113, 77, 55, 144, 84, 124, 106, 105, 112, 249,
       58, 239, 251, 69, 54, 66, 123, 86, 98, 65, 184, 151, 24, 137, 237,
       33, 135, 238, 83, 162, 88, 182, 176, 196, 127, 129, 50, 122, 24,
       51, 109, 246, 113, 153, 58, 86, 122, 200, 64, 131, 44, 222, 244,
       156, 178, 139, 81, 22, 236, 179, 247, 133, 191, 111, 255, 75, 155,
       183, 215, 237, 243, 126, 71, 154, 179, 250, 195, 111, 255, 166,
       119, 175, 83, 65, 184, 149, 81, 137, 237, 33, 135, 238, 115, 162,
       88, 182, 178, 196, 255, 129, 55, 120, 24, 51, 109, 243, 81, 137,
       186, 86, 122, 200, 64, 131, 60, 222, 244, 158, 178, 171, 112, 22,
       236, 187, 223, 133, 189, 110, 255, 74, 223, 183, 211, 253, 19,
       118, 71, 186, 243, 251, 211, 95, 255, 162, 119, 175, 83, 233, 188,
       245, 85, 141, 127, 229, 191, 250, 243, 38, 24, 242, 113, 84, 175,
       1, 70, 120, 24, 177, 252, 251, 32, 79, 58, 85, 84, 203, 232, 208,
       168, 109, 112, 153, 103, 73, 110, 83, 152, 123, 242, 37, 24, 214,
       117, 73, 58, 145, 84, 104, 122, 41, 100, 249, 34, 199, 223, 69,
       52, 202, 115, 66, 50, 40, 207, 28, 127, 184, 143, 86, 182, 86, 8,
       108, 69, 247, 227, 35, 80, 213, 106, 12, 76, 106, 168, 75, 63,
       234, 239, 52, 89, 26, 155, 72, 11, 33, 239, 16, 30, 253, 157, 198,
       182, 207, 8, 124, 76, 170, 232, 54, 164, 140, 106, 66, 79, 199,
       42, 90, 63, 46, 93, 5, 58, 90, 31, 219, 141, 229, 236, 253, 87,
       206, 107, 167, 191, 82, 242, 34, 90, 211, 113, 200, 43, 51, 86,
       120, 58, 113, 124, 255, 50, 109, 139, 117, 116, 229, 248, 208,
       168, 221, 94, 221, 103, 178, 46, 103, 184, 116, 234, 111, 116,
       223, 115, 137, 121, 55, 68, 44, 106, 233, 244, 125, 46, 234, 239,
       101, 4, 234, 243, 64, 49, 246, 52, 172, 182, 139, 116, 20, 239,
       147, 247, 137, 155, 71, 238, 75, 27, 149, 215, 233, 147, 60, 71,
       251, 34, 219, 231, 221, 63, 160, 117, 190, 86, 86, 253, 190, 190,
       187, 224, 23, 204, 154, 254, 137, 41, 204, 254, 107, 18, 151, 119,
       237, 115, 38, 67, 138, 123, 249, 87, 111, 191, 128, 119, 15, 83,
       86, 245, 184, 170, 155, 69, 23, 232, 130, 188, 141, 9, 84, 247,
       75, 18, 145, 85, 233, 242, 74, 67, 154, 61, 249, 135, 13, 63, 16,
       115, 38, 115, 222, 122, 222, 182, 42, 26, 62, 212, 169, 130, 130,
       237, 111, 202, 67, 219, 166, 245, 237, 227, 76, 197, 142, 104,
       242, 227, 111, 147, 44, 183, 47, 27, 72, 50, 189, 117, 168, 106,
       81, 23, 169, 191, 39, 61, 158, 55, 193, 91, 135, 119, 237, 16, 24,
       76, 225, 0, 207, 243, 116, 246, 130, 112, 135, 123, 124, 97, 120,
       110, 27, 67, 87, 232, 2, 164, 173, 9, 83, 215, 105, 16, 58, 213,
       73, 98, 72, 35, 219, 28, 243, 197, 5, 61, 113, 59, 38, 98, 40,
       189, 241, 88, 217, 253, 87, 199, 83, 13, 124, 40, 42, 253, 198,
       180, 137, 250, 226, 16, 22, 42, 226, 183, 111, 223, 21, 123, 211,
       204, 206, 239, 133, 100, 157, 167, 228, 43, 47, 152, 126, 178, 91,
       64, 213, 98, 201, 43, 51, 76, 106, 126, 33, 244, 237, 10, 204,
       138, 103, 36, 164, 251, 1, 160, 248, 48, 120, 96, 40, 77, 81, 19,
       226, 168, 180, 40, 23, 151, 192, 50, 134, 148, 76, 8, 11, 39, 242,
       0, 211, 233, 32, 57, 106, 128, 70, 59, 104, 177, 149, 208, 185,
       249, 17, 231, 223, 61, 168, 56, 142, 180, 68, 188, 137, 155, 238,
       16, 26, 107, 234, 21, 153, 150, 21, 127, 210, 8, 135, 39, 216,
       188, 156, 178, 168, 237, 85, 159, 179, 63, 164, 25, 191, 247, 74,
       27, 133, 243, 237, 16, 62, 79, 218, 49, 219, 195, 117, 125, 176,
       80, 142, 91, 65, 181, 149, 241, 254, 173, 165, 191, 254, 59, 59,
       120, 212, 117, 200, 35, 135, 23, 122, 25, 243, 120, 251, 83, 13,
       6, 127, 116, 204, 72, 129, 177, 255, 122, 244, 54, 45, 29, 84,
       214, 251, 186, 176, 93, 11, 136, 87, 159, 141, 228, 236, 70, 236,
       111, 222, 160, 146, 219, 85, 63, 107, 253, 90, 7, 208, 76, 199,
