%YAML:1.0
---
descriptors: !!opencv-matrix
   rows: 310
   cols: 32
   dt: u
   data: [ 60, 233, 98, 238, 246, 147, 94, 252, 69, 0, 253, 138, 107,
       205, 189, 20, 126, 250, 151, 238, 202, 179, 44, 189, 122, 237,
       165, 168, 119, 191, 242, 153, 254, 224, 166, 254, 205, 79, 254,
       232, 63, 178, 225, 27, 238, 255, 93, 67, 249, 221, 251, 227, 106,
       119, 219, 255, 255, 255, 207, 31, 211, 127, 119, 194, 201, 188,
       188, 243, 169, 189, 125, 159, 251, 63, 182, 28, 190, 183, 66, 59,
       133, 87, 253, 26, 178, 77, 251, 241, 207, 219, 119, 122, 130, 81,
       131, 91, 162, 172, 246, 223, 236, 187, 252, 207, 191, 179, 242,
       147, 236, 238, 188, 107, 127, 255, 127, 149, 178, 255, 239, 255,
       156, 62, 223, 228, 149, 92, 241, 157, 128, 189, 254, 255, 236, 43,
       253, 223, 126, 179, 250, 58, 245, 251, 128, 89, 127, 255, 127,
       144, 178, 255, 235, 119, 252, 175, 255, 236, 149, 248, 225, 169,
       21, 205, 189, 247, 180, 46, 79, 190, 118, 233, 218, 64, 247, 99,
       153, 96, 119, 239, 124, 106, 233, 208, 105, 47, 233, 175, 103,
       208, 164, 243, 129, 105, 138, 190, 246, 251, 237, 189, 252, 223,
       191, 95, 180, 55, 172, 254, 246, 239, 239, 243, 255, 149, 183,
       111, 234, 243, 222, 219, 255, 250, 215, 204, 255, 223, 205, 85,
       57, 103, 48, 78, 103, 56, 124, 232, 127, 68, 223, 87, 137, 112,
       150, 68, 28, 106, 225, 144, 121, 78, 231, 255, 35, 132, 8, 179,
       65, 49, 101, 103, 64, 5, 52, 11, 102, 56, 113, 170, 123, 200, 195,
       97, 153, 148, 24, 204, 76, 110, 104, 240, 205, 14, 164, 190, 37,
       20, 74, 251, 82, 0, 100, 165, 157, 114, 136, 109, 85, 159, 242,
       183, 172, 24, 215, 117, 73, 59, 129, 214, 104, 56, 58, 99, 251,
       50, 235, 131, 117, 125, 192, 241, 198, 34, 124, 237, 188, 106,
       137, 77, 87, 204, 195, 182, 172, 8, 87, 241, 73, 26, 137, 210,
       232, 82, 74, 99, 218, 49, 251, 199, 69, 63, 242, 122, 70, 42, 65,
       120, 157, 101, 32, 76, 113, 18, 232, 216, 38, 72, 223, 23, 65,
       123, 130, 116, 124, 72, 65, 216, 243, 0, 199, 251, 112, 0, 8, 160,
       67, 51, 249, 188, 247, 120, 169, 248, 80, 215, 251, 91, 180, 56,
       59, 191, 198, 63, 175, 178, 236, 16, 191, 111, 242, 179, 219, 251,
       116, 251, 235, 192, 198, 127, 253, 222, 88, 99, 176, 31, 70, 188,
       118, 43, 63, 124, 215, 113, 138, 240, 23, 198, 76, 122, 255, 52,
       73, 63, 238, 207, 37, 116, 250, 219, 200, 1, 69, 117, 25, 71, 17,
       14, 119, 184, 104, 224, 107, 12, 222, 50, 13, 48, 144, 84, 104,
       106, 193, 176, 249, 12, 37, 188, 1, 6, 72, 51, 67, 34, 124, 69,
       124, 103, 168, 106, 71, 184, 112, 162, 47, 8, 215, 115, 9, 115,
       19, 212, 104, 106, 104, 240, 249, 46, 237, 175, 69, 20, 96, 243,
       198, 32, 148, 125, 159, 103, 145, 110, 71, 248, 116, 174, 235, 0,
       83, 115, 9, 121, 113, 244, 104, 122, 56, 245, 57, 46, 249, 239,
       69, 84, 224, 115, 100, 34, 224, 140, 157, 254, 136, 233, 21, 143,
       170, 55, 160, 24, 182, 183, 64, 91, 129, 83, 104, 16, 50, 109,
       202, 49, 221, 178, 84, 123, 144, 72, 135, 42, 240, 141, 92, 111,
       184, 74, 71, 189, 224, 160, 174, 8, 247, 115, 8, 115, 18, 214,
       108, 106, 120, 41, 73, 61, 241, 171, 101, 20, 112, 186, 192, 32,
       209, 136, 181, 91, 41, 189, 17, 142, 207, 115, 164, 24, 166, 48,
       70, 111, 133, 66, 104, 28, 135, 109, 251, 49, 129, 250, 80, 58,
       208, 72, 193, 108, 242, 174, 254, 214, 139, 112, 93, 239, 179,
       191, 164, 185, 102, 231, 70, 31, 133, 247, 237, 128, 56, 79, 170,
       225, 155, 242, 213, 255, 34, 224, 166, 127, 71, 119, 144, 7, 50,
       10, 38, 184, 125, 224, 107, 236, 222, 114, 137, 246, 54, 93, 120,
       107, 197, 208, 221, 74, 164, 54, 15, 6, 8, 51, 11, 21, 100, 101,
       117, 101, 52, 90, 118, 184, 113, 168, 126, 104, 203, 125, 29, 54,
       152, 212, 108, 106, 72, 240, 201, 14, 231, 254, 5, 21, 98, 243,
       70, 38, 204, 117, 124, 103, 178, 42, 63, 184, 57, 238, 127, 173,
       223, 119, 139, 80, 22, 85, 253, 110, 96, 208, 233, 78, 230, 255,
       101, 132, 66, 243, 7, 113, 120, 168, 223, 112, 168, 205, 81, 87,
       162, 17, 172, 8, 55, 147, 64, 58, 129, 166, 93, 16, 26, 75, 194,
       33, 219, 201, 116, 121, 160, 130, 222, 138, 213, 48, 149, 55, 136,
       46, 69, 187, 226, 187, 131, 84, 215, 113, 73, 90, 1, 70, 108, 14,
       153, 229, 219, 0, 201, 170, 117, 20, 224, 113, 131, 97, 193, 174,
       147, 153, 236, 168, 232, 199, 238, 19, 48, 240, 181, 226, 240, 75,
       99, 34, 106, 28, 51, 109, 134, 113, 140, 130, 118, 104, 152, 192,
       225, 136, 232, 188, 148, 59, 137, 237, 20, 143, 27, 63, 40, 25,
       174, 59, 68, 155, 129, 19, 232, 16, 54, 104, 211, 179, 143, 210,
       84, 123, 210, 76, 143, 26, 129, 174, 207, 153, 236, 169, 104, 199,
       238, 19, 98, 244, 181, 195, 240, 75, 99, 42, 106, 28, 51, 92, 143,
       51, 76, 130, 118, 72, 152, 192, 193, 168, 241, 142, 15, 103, 180,
       46, 79, 182, 112, 138, 250, 92, 243, 97, 152, 112, 17, 230, 108,
       44, 185, 188, 69, 47, 232, 175, 37, 80, 232, 226, 210, 41, 129,
       174, 207, 27, 164, 168, 101, 151, 246, 19, 98, 240, 183, 227, 208,
       107, 67, 46, 106, 28, 51, 252, 207, 51, 204, 162, 118, 64, 184,
       208, 193, 168, 236, 180, 189, 99, 171, 111, 49, 137, 123, 191, 45,
       24, 222, 117, 72, 59, 147, 20, 232, 50, 50, 116, 249, 18, 207,
       215, 69, 119, 192, 74, 135, 35, 68, 113, 25, 231, 145, 78, 103,
       24, 40, 168, 107, 72, 214, 23, 9, 50, 144, 92, 92, 106, 1, 208,
       217, 12, 229, 185, 37, 20, 8, 179, 67, 51, 97, 37, 57, 101, 25,
       79, 67, 40, 96, 160, 47, 8, 210, 85, 8, 48, 152, 92, 72, 106, 73,
       240, 249, 28, 229, 188, 1, 48, 64, 34, 70, 34, 30, 180, 182, 239,
       221, 47, 250, 234, 63, 162, 235, 10, 202, 251, 61, 80, 249, 223,
       123, 179, 56, 243, 219, 254, 191, 255, 143, 54, 195, 123, 113,
       130, 189, 205, 126, 239, 52, 11, 239, 248, 116, 144, 247, 2, 247,
       75, 185, 99, 126, 229, 95, 235, 232, 247, 109, 175, 250, 235, 231,
       148, 53, 187, 97, 161, 126, 228, 182, 223, 221, 79, 254, 232, 31,
       162, 227, 10, 238, 255, 29, 64, 249, 221, 251, 179, 42, 119, 219,
       255, 255, 255, 207, 63, 211, 123, 115, 130, 157, 76, 126, 255, 44,
       10, 127, 184, 188, 242, 183, 18, 255, 75, 155, 107, 127, 197, 124,
       106, 232, 197, 107, 190, 210, 235, 235, 148, 101, 251, 33, 33,
       254, 225, 182, 254, 205, 79, 86, 233, 255, 178, 165, 26, 78, 253,
       109, 89, 249, 253, 251, 227, 104, 99, 219, 251, 251, 219, 199, 63,
       83, 127, 246, 130, 124, 237, 182, 252, 141, 237, 86, 226, 207,
       144, 172, 9, 174, 253, 101, 19, 201, 242, 251, 82, 74, 107, 218,
       185, 251, 219, 69, 123, 210, 125, 118, 2, 217, 248, 188, 242, 169,
       189, 85, 159, 251, 127, 180, 28, 190, 191, 66, 59, 135, 83, 253,
       26, 186, 77, 250, 241, 219, 219, 119, 122, 130, 80, 131, 123, 236,
       188, 180, 250, 173, 189, 208, 159, 255, 187, 181, 24, 254, 253,
       84, 27, 133, 114, 255, 24, 178, 111, 250, 243, 207, 219, 85, 122,
       210, 73, 211, 27, 218, 252, 188, 242, 169, 205, 81, 159, 171, 123,
       180, 25, 191, 191, 67, 59, 133, 211, 253, 16, 59, 79, 250, 177,
       219, 219, 116, 251, 154, 1, 7, 123, 232, 240, 188, 251, 189, 93,
       85, 189, 83, 127, 165, 24, 251, 125, 74, 51, 217, 154, 233, 56,
       122, 110, 251, 147, 239, 219, 84, 127, 82, 26, 214, 106, 134, 172,
       246, 223, 253, 175, 236, 207, 255, 187, 242, 18, 236, 234, 52, 91,
       251, 239, 127, 145, 178, 255, 203, 255, 159, 62, 223, 228, 213,
       112, 243, 136, 162, 172, 246, 159, 254, 171, 236, 207, 191, 179,
       242, 146, 237, 238, 60, 75, 127, 239, 127, 145, 178, 223, 203,
       255, 156, 126, 223, 228, 149, 104, 209, 136, 130, 172, 222, 191,
       238, 171, 253, 223, 62, 179, 250, 146, 245, 239, 32, 75, 127, 239,
       127, 145, 50, 255, 203, 255, 252, 175, 255, 232, 133, 232, 243,
       137, 108, 52, 185, 97, 189, 111, 83, 152, 107, 252, 47, 8, 215,
       125, 73, 58, 145, 84, 124, 122, 25, 112, 249, 16, 207, 223, 33,
