%YAML:1.0
---
descriptors: !!opencv-matrix
   rows: 210
   cols: 32
   dt: u
   data: [ 133, 223, 159, 103, 176, 14, 111, 188, 116, 234, 95, 100, 245,
       115, 152, 112, 54, 78, 60, 110, 225, 144, 125, 47, 228, 239, 39,
       128, 42, 242, 129, 49, 253, 112, 253, 86, 40, 76, 87, 152, 115,
       250, 165, 8, 91, 215, 205, 59, 22, 212, 124, 106, 233, 103, 251,
       0, 211, 201, 101, 60, 99, 179, 70, 115, 40, 180, 188, 122, 157,
       221, 85, 111, 255, 59, 173, 24, 190, 189, 72, 48, 137, 27, 249,
       16, 122, 105, 250, 151, 203, 223, 20, 127, 210, 72, 198, 170, 118,
       165, 182, 199, 221, 47, 254, 232, 63, 162, 235, 10, 204, 234, 93,
       67, 249, 207, 123, 179, 56, 115, 217, 254, 191, 254, 207, 84, 209,
       127, 227, 130, 252, 180, 253, 114, 168, 236, 85, 159, 243, 255,
       164, 24, 19, 247, 74, 59, 1, 214, 124, 24, 59, 111, 250, 34, 219,
       235, 117, 125, 224, 192, 198, 115, 221, 38, 148, 50, 169, 60, 72,
       139, 251, 187, 163, 92, 207, 226, 200, 219, 135, 199, 108, 29,
       188, 69, 203, 2, 152, 251, 119, 252, 138, 245, 139, 5, 69, 247,
       149, 71, 176, 14, 102, 152, 122, 184, 43, 68, 222, 114, 201, 254,
       149, 69, 108, 126, 145, 208, 217, 64, 172, 190, 103, 68, 136, 243,
       131, 37, 224, 180, 156, 218, 248, 237, 69, 143, 250, 59, 161, 24,
       150, 179, 72, 59, 129, 218, 106, 16, 51, 111, 219, 115, 253, 150,
       85, 126, 216, 88, 199, 42, 69, 245, 149, 71, 153, 78, 55, 184,
       122, 248, 43, 72, 254, 115, 73, 50, 145, 84, 104, 106, 65, 96,
       251, 125, 45, 190, 69, 22, 72, 51, 67, 50, 93, 69, 93, 103, 144,
       78, 71, 184, 100, 160, 235, 72, 215, 115, 9, 115, 50, 212, 108,
       106, 73, 176, 89, 44, 245, 235, 37, 20, 96, 243, 64, 32, 226, 170,
       252, 92, 171, 240, 25, 207, 171, 191, 164, 185, 100, 231, 70, 27,
       131, 119, 237, 16, 54, 79, 170, 113, 155, 146, 93, 255, 128, 96,
       135, 127, 220, 76, 93, 116, 168, 74, 85, 184, 160, 178, 166, 56,
       215, 119, 1, 91, 135, 245, 108, 106, 104, 71, 203, 44, 209, 235,
       117, 29, 96, 241, 6, 42, 144, 141, 30, 247, 144, 106, 71, 175, 52,
       162, 234, 16, 115, 115, 0, 81, 49, 246, 77, 160, 56, 217, 25, 47,
       249, 167, 37, 21, 160, 112, 228, 42, 69, 245, 189, 99, 148, 79,
       103, 136, 122, 243, 43, 8, 215, 113, 73, 42, 17, 84, 120, 122,
       113, 240, 249, 2, 237, 158, 101, 116, 200, 123, 195, 32, 77, 245,
       180, 103, 177, 31, 118, 184, 121, 234, 111, 12, 222, 112, 13, 183,
       145, 84, 120, 106, 229, 240, 249, 46, 239, 255, 69, 54, 74, 115,
       203, 23, 120, 32, 251, 100, 10, 106, 65, 83, 160, 182, 164, 24,
       19, 151, 193, 26, 38, 244, 68, 24, 8, 71, 162, 0, 217, 137, 117,
       60, 224, 224, 102, 226, 240, 172, 220, 114, 168, 173, 81, 223,
       178, 191, 164, 25, 23, 243, 66, 27, 1, 178, 109, 24, 58, 111, 218,
       49, 219, 203, 117, 125, 225, 192, 198, 3, 248, 181, 252, 120, 188,
       237, 81, 215, 211, 63, 188, 56, 51, 177, 68, 27, 73, 178, 108, 24,
       58, 107, 226, 55, 219, 223, 116, 121, 243, 200, 198, 43, 248, 174,
       246, 114, 171, 233, 85, 215, 179, 191, 164, 56, 46, 231, 66, 31,
       39, 246, 237, 24, 58, 79, 170, 51, 219, 211, 85, 123, 226, 212,
       134, 107, 120, 184, 252, 120, 170, 232, 81, 79, 163, 21, 172, 56,
       55, 183, 64, 26, 3, 146, 108, 16, 26, 107, 226, 49, 219, 199, 112,
       123, 224, 64, 134, 107, 93, 93, 25, 103, 176, 14, 111, 184, 116,
       234, 126, 68, 211, 115, 137, 112, 54, 68, 28, 110, 233, 144, 125,
       46, 226, 239, 37, 132, 42, 243, 0, 49, 36, 177, 49, 65, 221, 79,
       195, 169, 74, 48, 41, 8, 210, 85, 76, 52, 153, 24, 64, 122, 83,
       48, 121, 21, 45, 156, 1, 118, 83, 43, 198, 160, 125, 85, 125, 102,
       164, 78, 71, 184, 97, 232, 191, 72, 87, 119, 137, 115, 22, 212,
       124, 106, 201, 161, 249, 44, 243, 233, 101, 148, 104, 243, 70, 49,
       232, 185, 188, 254, 141, 221, 85, 39, 223, 57, 164, 24, 190, 189,
       0, 51, 201, 178, 249, 0, 122, 107, 242, 181, 251, 251, 84, 59, 82,
       24, 214, 42, 248, 180, 253, 118, 168, 109, 85, 191, 179, 191, 165,
       24, 83, 55, 64, 59, 1, 214, 108, 8, 56, 111, 251, 2, 219, 207,
       117, 61, 226, 224, 198, 107, 221, 102, 156, 182, 168, 56, 92, 143,
       251, 187, 163, 125, 207, 226, 203, 219, 163, 199, 108, 31, 188,
       71, 207, 32, 154, 243, 119, 61, 160, 241, 139, 1, 228, 188, 157,
       90, 232, 173, 5, 143, 250, 59, 160, 88, 150, 243, 72, 59, 129, 90,
       106, 16, 51, 111, 218, 115, 157, 150, 85, 126, 216, 72, 131, 34,
       69, 245, 149, 71, 57, 14, 118, 184, 106, 232, 43, 76, 214, 112,
       73, 50, 145, 68, 120, 106, 193, 112, 217, 77, 173, 158, 5, 54, 72,
       51, 67, 35, 125, 69, 93, 103, 146, 78, 103, 184, 101, 160, 171, 0,
       83, 115, 25, 115, 48, 212, 108, 106, 105, 176, 121, 44, 245, 239,
       37, 20, 97, 243, 64, 32, 6, 237, 246, 223, 254, 11, 254, 236, 63,
       178, 250, 2, 236, 234, 93, 64, 255, 239, 127, 227, 224, 243, 203,
       254, 190, 190, 207, 156, 149, 251, 113, 137, 237, 117, 252, 69,
       180, 31, 118, 184, 121, 232, 62, 108, 215, 121, 159, 49, 150, 68,
       116, 111, 229, 240, 93, 14, 110, 63, 37, 22, 78, 251, 90, 17, 96,
       245, 17, 99, 153, 77, 84, 143, 123, 57, 41, 88, 150, 51, 76, 180,
       145, 31, 104, 16, 19, 120, 219, 23, 173, 220, 21, 118, 216, 72,
       194, 34, 144, 172, 159, 255, 136, 236, 21, 167, 182, 23, 96, 16,
       247, 243, 96, 89, 129, 122, 104, 24, 58, 204, 218, 51, 201, 167,
       116, 88, 176, 64, 135, 170, 21, 69, 27, 103, 21, 79, 103, 104,
       118, 160, 235, 0, 83, 113, 41, 112, 120, 220, 40, 106, 105, 176,
       57, 30, 241, 142, 5, 4, 96, 59, 64, 32, 102, 228, 214, 223, 254,
       11, 254, 232, 63, 162, 251, 130, 236, 238, 29, 64, 255, 207, 127,
       227, 48, 243, 201, 255, 188, 190, 207, 148, 149, 123, 243, 129,
       92, 93, 7, 30, 25, 214, 39, 160, 180, 196, 207, 5, 112, 102, 35,
       85, 64, 102, 234, 98, 109, 139, 123, 47, 177, 38, 71, 19, 24, 51,
       36, 118, 118, 127, 148, 62, 137, 189, 22, 204, 187, 191, 169, 77,
       46, 250, 79, 154, 133, 115, 233, 82, 38, 67, 154, 35, 155, 214,
       85, 59, 202, 119, 10, 31, 116, 101, 72, 103, 84, 26, 102, 40, 105,
       160, 111, 9, 211, 105, 29, 16, 50, 204, 64, 106, 76, 176, 205, 14,
       103, 237, 1, 21, 101, 179, 90, 130, 77, 116, 149, 103, 161, 110,
       119, 152, 121, 234, 47, 8, 222, 113, 73, 62, 177, 84, 120, 106,
       33, 244, 249, 42, 231, 255, 69, 6, 202, 115, 67, 35, 69, 245, 153,
       103, 240, 14, 118, 184, 105, 232, 107, 76, 214, 115, 73, 48, 145,
       205, 108, 122, 65, 240, 217, 108, 237, 190, 5, 6, 200, 115, 203,
       18, 109, 113, 17, 101, 49, 94, 82, 24, 105, 232, 111, 76, 218, 17,
       13, 180, 144, 156, 68, 106, 73, 176, 209, 12, 231, 253, 1, 6, 74,
       51, 74, 22, 252, 162, 152, 48, 170, 169, 80, 223, 162, 177, 164,
       189, 23, 131, 74, 26, 163, 151, 237, 16, 30, 79, 138, 17, 218,
       193, 53, 125, 234, 128, 138, 3, 252, 188, 220, 114, 168, 173, 84,
       223, 178, 191, 165, 61, 55, 243, 74, 27, 35, 226, 109, 16, 58, 79,
       218, 51, 219, 195, 117, 121, 232, 192, 138, 3, 77, 113, 145, 71,
       97, 92, 118, 56, 105, 200, 47, 8, 222, 17, 77, 182, 144, 76, 112,
       106, 193, 112, 249, 64, 39, 184, 5, 6, 74, 51, 67, 179, 100, 103,
       49, 71, 48, 15, 71, 184, 96, 172, 63, 72, 211, 97, 201, 20, 16,
       76, 68, 110, 72, 240, 233, 14, 101, 156, 37, 52, 66, 179, 70, 97,
       242, 184, 255, 82, 171, 249, 81, 199, 163, 31, 164, 56, 42, 247,
       196, 191, 47, 178, 236, 16, 58, 111, 162, 113, 155, 219, 84, 123,
       227, 192, 206, 111, 37, 113, 145, 67, 213, 31, 226, 152, 107, 224,
       43, 76, 214, 88, 93, 180, 145, 76, 82, 122, 133, 240, 217, 28, 45,
       28, 5, 54, 202, 123, 90, 132, 85, 85, 125, 103, 176, 78, 71, 188,
       97, 234, 191, 64, 87, 119, 137, 114, 22, 212, 92, 106, 233, 161,
       121, 46, 227, 239, 37, 20, 104, 243, 194, 49, 108, 112, 185, 99,
       44, 111, 83, 152, 67, 250, 181, 8, 211, 85, 73, 58, 153, 220, 116,
