%YAML:1.0
---
descriptors: !!opencv-matrix
   rows: 219
   cols: 32
   dt: u
   data: [ 120, 184, 255, 112, 138, 233, 81, 67, 163, 21, 165, 56, 23,
       151, 64, 26, 3, 178, 109, 16, 26, 107, 178, 17, 219, 203, 20, 123,
       226, 0, 198, 98, 108, 229, 184, 122, 137, 77, 87, 140, 115, 63,
       173, 24, 214, 247, 74, 58, 145, 210, 105, 90, 122, 98, 251, 51,
       235, 223, 85, 125, 210, 91, 198, 226, 89, 85, 125, 101, 176, 78,
       71, 189, 96, 200, 254, 68, 115, 119, 137, 114, 22, 214, 124, 106,
       233, 160, 113, 15, 227, 239, 37, 16, 42, 242, 224, 57, 253, 112,
       253, 100, 40, 78, 87, 152, 113, 250, 166, 24, 91, 85, 193, 59, 22,
       212, 124, 106, 233, 101, 249, 0, 211, 203, 101, 52, 99, 241, 70,
       115, 217, 164, 156, 48, 170, 188, 89, 223, 179, 251, 180, 185, 63,
       247, 66, 27, 167, 247, 253, 20, 190, 79, 138, 51, 219, 203, 117,
       253, 162, 196, 138, 83, 124, 112, 189, 114, 40, 109, 81, 216, 243,
       251, 165, 24, 87, 215, 73, 59, 129, 212, 124, 122, 43, 103, 250,
       32, 211, 219, 101, 60, 224, 243, 70, 115, 40, 180, 188, 123, 189,
       253, 81, 15, 127, 63, 173, 24, 191, 189, 72, 56, 129, 146, 255,
       16, 26, 106, 251, 147, 207, 223, 16, 127, 210, 72, 198, 98, 104,
       189, 188, 252, 157, 253, 85, 167, 223, 49, 172, 24, 190, 189, 0,
       50, 201, 178, 249, 0, 90, 106, 242, 181, 235, 223, 20, 123, 82,
       88, 214, 42, 237, 209, 85, 78, 73, 92, 70, 188, 233, 120, 172, 76,
       122, 113, 141, 247, 148, 214, 236, 106, 73, 35, 251, 61, 51, 248,
       69, 62, 90, 63, 74, 53, 96, 188, 153, 250, 220, 237, 65, 143, 218,
       59, 168, 24, 182, 243, 72, 114, 129, 90, 106, 16, 27, 107, 218,
       115, 189, 148, 21, 126, 216, 72, 199, 42, 69, 245, 157, 71, 177,
       14, 118, 184, 122, 248, 43, 76, 214, 113, 73, 50, 149, 68, 104,
       110, 225, 240, 217, 9, 173, 158, 69, 20, 72, 51, 67, 35, 144, 173,
       94, 247, 146, 234, 79, 175, 52, 131, 238, 16, 247, 115, 8, 81, 49,
       246, 77, 168, 58, 216, 25, 63, 235, 231, 37, 81, 160, 224, 164,
       42, 96, 213, 149, 123, 157, 77, 68, 175, 91, 57, 40, 24, 182, 51,
       76, 118, 129, 147, 104, 0, 91, 104, 219, 55, 173, 190, 20, 126,
       88, 88, 196, 42, 192, 136, 157, 254, 200, 173, 17, 135, 150, 23,
       96, 24, 182, 243, 96, 91, 129, 122, 106, 24, 50, 78, 218, 49, 205,
       163, 116, 120, 144, 72, 135, 170, 116, 69, 93, 101, 30, 79, 71,
       56, 100, 160, 171, 8, 83, 49, 9, 114, 50, 212, 104, 106, 72, 176,
       121, 29, 229, 174, 1, 20, 113, 187, 64, 32, 100, 97, 59, 100, 89,
       198, 231, 232, 248, 128, 235, 8, 80, 247, 57, 48, 248, 253, 82,
       235, 65, 243, 184, 78, 117, 172, 131, 4, 65, 51, 103, 162, 252,
       188, 221, 118, 137, 244, 85, 159, 179, 255, 165, 24, 127, 247,
       203, 59, 129, 246, 236, 16, 63, 71, 186, 49, 219, 251, 85, 123,
       162, 241, 206, 114, 76, 117, 120, 103, 226, 11, 63, 184, 40, 230,
       127, 168, 223, 103, 139, 16, 22, 93, 253, 110, 0, 208, 233, 74,
       231, 221, 37, 132, 66, 243, 7, 113, 232, 172, 156, 121, 137, 253,
       20, 142, 155, 55, 36, 25, 174, 49, 74, 155, 129, 83, 233, 16, 34,
       108, 219, 51, 239, 211, 84, 127, 210, 88, 142, 10, 108, 229, 57,
       127, 153, 77, 71, 168, 19, 117, 173, 8, 246, 115, 72, 16, 217, 82,
       121, 106, 10, 66, 251, 55, 239, 223, 5, 126, 82, 27, 198, 98, 77,
       116, 153, 103, 225, 110, 119, 136, 121, 234, 47, 24, 222, 113, 73,
       58, 145, 92, 104, 42, 97, 244, 249, 74, 231, 255, 69, 6, 202, 115,
       195, 163, 77, 244, 185, 103, 209, 78, 55, 136, 123, 234, 47, 8,
       222, 119, 73, 52, 145, 93, 112, 122, 17, 240, 249, 106, 111, 255,
       5, 102, 202, 115, 67, 179, 69, 245, 153, 99, 132, 111, 103, 153,
       122, 250, 11, 8, 215, 112, 73, 58, 145, 70, 120, 123, 81, 112,
       249, 34, 237, 159, 101, 116, 200, 123, 211, 50, 69, 113, 184, 103,
       161, 15, 119, 156, 107, 168, 47, 12, 214, 241, 73, 16, 145, 78,
       104, 126, 192, 112, 217, 34, 239, 221, 5, 6, 200, 115, 67, 34,
       248, 160, 254, 114, 138, 233, 81, 87, 162, 183, 164, 56, 55, 231,
       64, 27, 39, 182, 109, 152, 58, 79, 162, 0, 219, 195, 117, 120,
       226, 192, 134, 106, 109, 103, 192, 7, 244, 27, 102, 184, 97, 168,
       127, 204, 195, 96, 223, 148, 16, 76, 100, 110, 204, 240, 205, 44,
       38, 220, 37, 180, 70, 255, 90, 4, 244, 42, 251, 100, 10, 104, 65,
       83, 160, 166, 160, 8, 19, 151, 193, 59, 36, 244, 68, 24, 8, 71,
       160, 8, 217, 193, 37, 56, 225, 224, 102, 160, 248, 190, 252, 120,
       172, 237, 85, 247, 211, 63, 180, 56, 51, 241, 98, 27, 73, 178,
       236, 24, 58, 111, 194, 51, 219, 203, 116, 121, 243, 200, 198, 42,
       36, 165, 49, 65, 253, 95, 215, 171, 94, 61, 45, 8, 214, 53, 72,
       48, 145, 30, 66, 56, 82, 120, 121, 23, 109, 156, 5, 119, 208, 74,
       198, 226, 77, 113, 145, 70, 105, 92, 54, 8, 233, 200, 37, 8, 222,
       208, 77, 62, 128, 85, 96, 106, 65, 96, 250, 64, 7, 248, 69, 14,
       74, 51, 67, 39, 100, 99, 57, 103, 112, 15, 103, 56, 105, 172, 111,
       8, 214, 81, 9, 48, 144, 92, 68, 106, 64, 176, 249, 12, 103, 252,
       37, 20, 66, 179, 70, 161, 236, 116, 253, 118, 169, 79, 87, 156,
       243, 250, 165, 24, 215, 85, 201, 63, 17, 212, 108, 106, 105, 101,
       251, 42, 227, 219, 101, 54, 98, 251, 70, 99, 252, 120, 249, 100,
       40, 78, 85, 144, 97, 234, 166, 8, 91, 21, 65, 59, 32, 212, 124,
       106, 201, 103, 249, 0, 211, 203, 101, 52, 99, 243, 70, 115, 124,
       184, 253, 114, 168, 237, 85, 145, 227, 255, 165, 24, 59, 247, 72,
       59, 35, 214, 125, 24, 58, 107, 186, 32, 219, 203, 117, 125, 226,
       192, 198, 115, 221, 135, 92, 99, 176, 63, 87, 189, 118, 63, 63,
       124, 211, 96, 138, 113, 23, 198, 76, 126, 254, 176, 109, 63, 238,
       207, 37, 116, 248, 250, 200, 5, 248, 78, 159, 118, 168, 44, 84,
       182, 177, 154, 182, 120, 127, 119, 1, 91, 167, 247, 109, 10, 104,
       71, 203, 32, 211, 235, 117, 25, 96, 240, 6, 43, 249, 60, 245, 116,
       177, 126, 67, 63, 113, 227, 170, 88, 91, 53, 132, 182, 23, 214,
       100, 40, 185, 252, 249, 14, 187, 254, 85, 86, 227, 232, 198, 52,
       100, 101, 120, 103, 116, 10, 110, 168, 121, 160, 107, 8, 215, 105,
       29, 16, 146, 204, 81, 111, 100, 240, 221, 14, 103, 253, 5, 5, 101,
       243, 90, 128, 92, 101, 112, 101, 241, 27, 126, 184, 41, 160, 127,
       136, 219, 51, 201, 176, 50, 221, 213, 234, 72, 208, 201, 74, 231,
       205, 37, 133, 99, 179, 70, 162, 208, 168, 157, 112, 168, 232, 81,
       19, 162, 183, 166, 24, 183, 183, 64, 90, 1, 183, 108, 16, 58, 77,
       163, 34, 217, 163, 117, 121, 160, 192, 134, 35, 244, 237, 189,
       114, 136, 237, 71, 150, 178, 183, 165, 24, 211, 55, 72, 27, 1,
       214, 108, 26, 58, 111, 251, 35, 249, 203, 116, 120, 224, 209, 198,
       42, 109, 245, 49, 75, 217, 79, 71, 136, 107, 112, 45, 8, 210, 87,
       73, 52, 145, 92, 112, 122, 75, 96, 251, 55, 111, 221, 5, 126, 210,
       59, 70, 98, 77, 116, 153, 103, 225, 110, 119, 136, 121, 234, 111,
       8, 222, 113, 73, 58, 145, 92, 120, 122, 33, 244, 249, 42, 231,
       255, 69, 38, 202, 115, 67, 35, 237, 245, 189, 99, 157, 79, 87,
       172, 98, 240, 167, 24, 214, 117, 73, 51, 145, 84, 104, 114, 123,
       116, 249, 48, 237, 219, 69, 116, 192, 123, 198, 34, 69, 117, 152,
       103, 240, 15, 119, 152, 106, 168, 107, 76, 214, 113, 73, 16, 144,
       76, 96, 126, 192, 176, 217, 42, 237, 156, 37, 36, 72, 115, 195,
       34, 240, 162, 222, 112, 10, 233, 81, 87, 178, 55, 164, 185, 51,
       199, 66, 27, 39, 182, 109, 152, 58, 79, 162, 1, 219, 227, 112,
       121, 224, 128, 166, 106, 124, 101, 192, 7, 213, 91, 70, 172, 113,
       164, 239, 139, 195, 104, 95, 144, 24, 204, 192, 98, 76, 178, 221,
       46, 110, 71, 133, 53, 103, 255, 222, 198, 240, 188, 156, 50, 170,
       169, 84, 223, 179, 187, 160, 125, 23, 243, 74, 27, 167, 195, 109,
       20, 62, 79, 138, 51, 218, 195, 117, 125, 232, 208, 138, 11, 248,
       162, 250, 112, 138, 169, 81, 87, 163, 183, 164, 185, 55, 135, 66,
