%YAML:1.0
---
descriptors: !!opencv-matrix
   rows: 218
   cols: 32
   dt: u
   data: [ 108, 229, 185, 122, 137, 77, 87, 168, 35, 183, 173, 24, 214,
       119, 73, 58, 153, 90, 105, 122, 90, 98, 251, 51, 239, 223, 69,
       127, 210, 83, 198, 98, 248, 184, 249, 120, 219, 233, 81, 71, 163,
       21, 164, 56, 54, 151, 64, 58, 9, 178, 77, 16, 26, 107, 226, 17,
       219, 201, 16, 123, 226, 64, 198, 106, 81, 142, 95, 101, 176, 42,
       79, 183, 116, 8, 122, 100, 243, 97, 144, 112, 19, 230, 76, 44,
       185, 188, 69, 47, 236, 174, 36, 80, 232, 226, 192, 9, 37, 117, 17,
       67, 213, 95, 102, 184, 110, 224, 43, 8, 214, 81, 77, 180, 145, 92,
       82, 122, 65, 240, 121, 62, 45, 156, 5, 54, 202, 123, 67, 162, 36,
       225, 49, 67, 221, 79, 71, 168, 74, 113, 41, 8, 214, 85, 76, 52,
       145, 84, 64, 122, 83, 48, 249, 21, 45, 156, 5, 118, 82, 59, 198,
       162, 249, 186, 158, 58, 168, 157, 93, 223, 163, 95, 180, 189, 63,
       247, 194, 27, 135, 179, 253, 4, 190, 79, 234, 49, 219, 203, 117,
       251, 162, 212, 142, 91, 252, 180, 253, 114, 168, 253, 85, 159,
       227, 255, 164, 24, 115, 247, 74, 59, 5, 214, 108, 24, 59, 107,
       250, 49, 219, 235, 117, 125, 226, 192, 198, 115, 237, 209, 21, 78,
       137, 92, 70, 184, 201, 88, 165, 72, 250, 113, 141, 247, 208, 246,
       236, 106, 73, 34, 251, 189, 163, 248, 69, 58, 90, 187, 202, 61,
       221, 38, 156, 182, 168, 60, 92, 137, 251, 191, 179, 125, 207, 226,
       203, 219, 151, 199, 108, 30, 188, 69, 207, 34, 154, 251, 119, 252,
       128, 225, 139, 5, 252, 52, 189, 118, 169, 108, 85, 219, 243, 187,
       165, 24, 95, 247, 73, 59, 129, 215, 237, 26, 56, 103, 250, 32,
       219, 203, 117, 61, 226, 241, 198, 35, 224, 180, 156, 218, 204,
       237, 69, 143, 218, 27, 169, 24, 182, 243, 72, 123, 129, 90, 106,
       8, 51, 111, 218, 115, 253, 182, 84, 124, 216, 88, 199, 42, 93, 69,
       125, 103, 22, 78, 71, 184, 101, 224, 235, 64, 211, 115, 25, 112,
       50, 212, 92, 106, 233, 176, 125, 46, 231, 239, 37, 20, 96, 243,
       64, 32, 80, 185, 157, 248, 168, 237, 81, 23, 230, 57, 166, 24,
       183, 151, 64, 122, 1, 183, 108, 16, 26, 105, 211, 49, 217, 161,
       49, 121, 224, 128, 134, 42, 133, 239, 159, 155, 236, 169, 110,
       174, 238, 19, 74, 80, 181, 226, 248, 75, 99, 106, 106, 158, 51,
       252, 207, 115, 172, 134, 119, 104, 152, 209, 161, 168, 77, 116,
       157, 103, 161, 110, 119, 136, 121, 234, 47, 8, 222, 113, 73, 59,
       177, 84, 104, 58, 97, 244, 185, 10, 229, 223, 69, 22, 200, 115,
       67, 35, 77, 116, 153, 103, 241, 110, 55, 140, 123, 235, 111, 24,
       222, 119, 73, 58, 147, 95, 120, 26, 33, 244, 249, 98, 239, 255,
       85, 6, 200, 115, 3, 51, 69, 117, 157, 39, 164, 46, 103, 152, 122,
       250, 11, 76, 214, 113, 89, 58, 145, 68, 120, 126, 241, 240, 217,
       42, 237, 159, 101, 52, 200, 115, 211, 34, 69, 117, 153, 103, 177,
       14, 119, 152, 123, 168, 111, 76, 214, 115, 73, 48, 149, 76, 108,
       106, 193, 240, 217, 42, 239, 255, 5, 4, 72, 115, 67, 35, 104, 176,
       49, 65, 105, 205, 65, 8, 107, 57, 161, 8, 146, 23, 76, 190, 136,
       16, 72, 24, 27, 96, 243, 16, 13, 152, 17, 126, 66, 0, 70, 162,
       244, 170, 255, 112, 138, 233, 81, 83, 178, 151, 164, 56, 19, 199,
       64, 31, 39, 178, 109, 24, 58, 79, 162, 0, 219, 203, 113, 121, 226,
       192, 198, 98, 240, 190, 252, 120, 172, 169, 85, 215, 211, 63, 188,
       56, 51, 225, 98, 27, 73, 178, 237, 16, 58, 111, 194, 51, 91, 195,
       116, 121, 241, 200, 206, 43, 248, 188, 247, 112, 139, 232, 81,
       215, 179, 23, 164, 56, 47, 247, 64, 159, 39, 247, 237, 16, 58, 79,
       170, 35, 219, 243, 84, 123, 226, 192, 166, 107, 37, 117, 16, 71,
       213, 31, 230, 184, 123, 232, 107, 76, 214, 112, 93, 180, 152, 76,
       82, 110, 197, 176, 89, 46, 45, 158, 5, 52, 74, 59, 91, 149, 216,
       170, 150, 178, 169, 172, 88, 223, 163, 59, 160, 89, 191, 255, 64,
       27, 135, 247, 125, 4, 190, 79, 202, 177, 219, 251, 125, 185, 162,
       196, 131, 11, 124, 44, 252, 114, 136, 109, 85, 219, 179, 183, 165,
       25, 83, 247, 75, 27, 9, 214, 109, 26, 58, 103, 250, 32, 219, 203,
       117, 61, 226, 241, 198, 98, 245, 78, 234, 87, 180, 58, 70, 138,
       115, 174, 230, 20, 67, 96, 159, 122, 113, 204, 108, 174, 172, 244,
       237, 42, 242, 239, 245, 5, 227, 241, 122, 68, 173, 134, 220, 99,
       176, 59, 87, 190, 119, 47, 62, 124, 211, 96, 154, 113, 23, 198,
       76, 60, 190, 244, 109, 63, 238, 207, 37, 116, 250, 216, 200, 1,
       135, 180, 155, 18, 170, 239, 133, 207, 186, 127, 1, 188, 148, 246,
       74, 45, 149, 11, 96, 21, 179, 79, 186, 18, 137, 22, 95, 126, 136,
       64, 135, 245, 226, 170, 204, 82, 201, 185, 224, 207, 171, 55, 164,
       157, 35, 225, 70, 27, 73, 162, 235, 20, 62, 111, 222, 49, 94, 131,
       85, 127, 193, 204, 222, 154, 100, 180, 149, 242, 232, 173, 69,
       143, 251, 59, 161, 88, 150, 240, 76, 63, 129, 211, 110, 16, 59,
       107, 218, 115, 153, 150, 85, 126, 208, 89, 195, 34, 252, 76, 157,
       118, 168, 104, 92, 190, 176, 178, 166, 56, 223, 115, 65, 219, 163,
       215, 108, 42, 104, 71, 203, 34, 211, 235, 117, 29, 226, 241, 142,
       3, 220, 76, 92, 118, 138, 106, 84, 175, 180, 178, 166, 24, 247,
       99, 9, 91, 35, 247, 108, 170, 104, 71, 91, 46, 241, 227, 101, 21,
       32, 241, 142, 10, 69, 103, 157, 71, 164, 46, 103, 184, 122, 186,
       43, 76, 214, 97, 217, 50, 145, 68, 108, 126, 241, 240, 217, 44,
       172, 190, 101, 4, 200, 243, 67, 33, 84, 197, 89, 103, 20, 79, 67,
       168, 116, 160, 171, 8, 83, 113, 9, 112, 48, 212, 72, 106, 105,
       176, 121, 30, 249, 175, 5, 20, 113, 171, 68, 34, 253, 245, 241,
       68, 181, 127, 199, 191, 113, 226, 170, 88, 91, 53, 157, 181, 21,
       214, 76, 106, 249, 237, 249, 174, 185, 254, 69, 22, 227, 248, 198,
       124, 124, 69, 150, 62, 139, 8, 22, 136, 179, 130, 233, 9, 110,
       227, 105, 218, 208, 245, 232, 98, 108, 67, 202, 42, 178, 247, 69,
       59, 242, 118, 10, 2, 208, 170, 191, 116, 138, 232, 81, 7, 162, 23,
       164, 24, 55, 167, 64, 27, 1, 182, 108, 16, 58, 79, 162, 1, 219,
       227, 112, 121, 224, 64, 134, 106, 69, 97, 120, 103, 116, 10, 126,
       40, 121, 160, 111, 9, 211, 105, 29, 48, 146, 76, 121, 110, 68,
       176, 201, 12, 102, 253, 5, 5, 100, 179, 74, 2, 92, 101, 120, 103,
       18, 26, 127, 40, 61, 132, 111, 136, 219, 119, 137, 112, 54, 221,
       125, 234, 64, 144, 233, 76, 231, 237, 35, 5, 99, 179, 71, 32, 248,
       160, 255, 114, 44, 237, 81, 82, 242, 31, 165, 24, 23, 243, 64, 59,
       129, 180, 236, 0, 58, 107, 242, 1, 219, 195, 113, 121, 224, 192,
       70, 34, 244, 252, 188, 114, 136, 109, 87, 158, 178, 183, 173, 24,
       87, 247, 73, 27, 1, 214, 108, 26, 58, 103, 250, 35, 249, 195, 117,
       124, 224, 211, 198, 34, 108, 241, 185, 107, 185, 77, 71, 168, 114,
       49, 173, 8, 210, 119, 73, 48, 153, 82, 104, 106, 75, 98, 251, 55,
       239, 223, 5, 60, 80, 115, 70, 34, 77, 52, 185, 103, 241, 110, 119,
       140, 123, 235, 111, 24, 222, 115, 73, 56, 145, 95, 120, 58, 35,
       244, 249, 106, 239, 255, 5, 6, 202, 115, 195, 163, 69, 117, 153,
       103, 240, 14, 103, 184, 106, 170, 107, 76, 214, 115, 73, 16, 149,
       76, 108, 110, 193, 176, 217, 46, 237, 190, 37, 4, 72, 115, 67, 35,
       252, 162, 156, 48, 138, 169, 80, 223, 162, 183, 164, 189, 23, 131,
       74, 27, 163, 151, 237, 16, 26, 79, 138, 17, 218, 193, 117, 125,
       232, 128, 138, 3, 77, 113, 145, 71, 97, 92, 119, 16, 105, 232, 47,
       8, 222, 18, 77, 182, 146, 84, 112, 106, 193, 112, 241, 64, 39,
       248, 1, 6, 74, 51, 67, 167, 240, 188, 255, 90, 171, 248, 81, 215,
       179, 23, 164, 56, 46, 247, 64, 191, 167, 178, 236, 16, 58, 79,
       162, 115, 155, 211, 84, 123, 226, 192, 206, 47, 69, 127, 20, 71,
       116, 30, 230, 184, 121, 170, 123, 76, 222, 120, 157, 180, 148, 76,
       70, 110, 229, 240, 217, 110, 38, 62, 101, 4, 74, 251, 75, 133,
       247, 190, 223, 146, 202, 104, 5, 207, 186, 247, 160, 189, 6, 230,
