%YAML:1.0
---
descriptors: !!opencv-matrix
   rows: 304
   cols: 32
   dt: u
   data: [ 236, 96, 189, 99, 45, 127, 67, 152, 115, 254, 165, 24, 210,
       85, 95, 59, 153, 212, 120, 122, 41, 102, 249, 2, 207, 219, 69, 53,
       194, 123, 86, 98, 93, 93, 121, 239, 180, 14, 79, 188, 116, 234,
       254, 96, 215, 119, 137, 112, 54, 246, 28, 106, 233, 176, 121, 47,
       227, 239, 37, 148, 104, 243, 192, 49, 253, 113, 253, 103, 168, 78,
       71, 152, 97, 250, 183, 72, 211, 87, 73, 59, 148, 212, 124, 106,
       201, 226, 249, 40, 247, 233, 101, 20, 96, 243, 70, 51, 236, 52,
       189, 99, 173, 109, 81, 152, 91, 251, 37, 24, 223, 93, 73, 59, 145,
       17, 253, 58, 51, 100, 251, 18, 207, 219, 65, 125, 210, 107, 70,
       114, 252, 172, 253, 118, 168, 108, 69, 191, 179, 190, 172, 24, 83,
       119, 73, 59, 5, 214, 108, 42, 120, 103, 234, 42, 251, 203, 117,
       124, 224, 241, 198, 99, 252, 124, 252, 114, 137, 109, 85, 218,
       211, 182, 164, 24, 83, 241, 79, 27, 9, 214, 236, 26, 42, 103, 250,
       50, 219, 203, 85, 61, 243, 121, 198, 34, 104, 180, 189, 250, 173,
       253, 81, 47, 223, 59, 173, 24, 158, 253, 72, 59, 129, 19, 249, 16,
       58, 110, 250, 151, 207, 219, 80, 127, 210, 72, 198, 98, 174, 236,
       246, 255, 253, 59, 238, 252, 63, 186, 251, 26, 239, 235, 93, 207,
       255, 239, 255, 227, 242, 247, 207, 251, 190, 255, 223, 166, 151,
       255, 227, 132, 81, 13, 93, 101, 176, 14, 79, 188, 100, 160, 170,
       0, 215, 49, 1, 112, 50, 212, 124, 106, 105, 161, 121, 47, 233,
       239, 37, 20, 96, 242, 64, 32, 96, 228, 149, 123, 141, 109, 85,
       143, 123, 59, 41, 24, 150, 51, 76, 122, 129, 23, 104, 16, 115,
       108, 219, 83, 173, 158, 85, 126, 208, 72, 198, 42, 120, 168, 254,
       80, 11, 249, 81, 83, 227, 23, 164, 24, 59, 151, 194, 191, 1, 178,
       236, 24, 26, 111, 162, 1, 219, 203, 113, 121, 227, 128, 206, 106,
       254, 172, 254, 255, 252, 47, 254, 254, 255, 187, 255, 18, 253,
       255, 93, 91, 255, 255, 127, 179, 186, 247, 203, 255, 255, 255,
       255, 245, 197, 251, 233, 131, 31, 253, 246, 239, 188, 27, 254,
       252, 63, 234, 255, 162, 207, 254, 159, 100, 127, 205, 255, 231,
       236, 243, 233, 238, 190, 255, 143, 150, 103, 255, 227, 245, 69,
       113, 17, 69, 1, 79, 98, 24, 104, 232, 99, 72, 214, 17, 9, 48, 144,
       84, 72, 106, 65, 176, 241, 8, 133, 184, 1, 4, 72, 35, 67, 34, 150,
       173, 246, 255, 252, 43, 238, 248, 127, 178, 251, 26, 207, 235, 89,
       73, 123, 207, 127, 243, 186, 247, 219, 254, 190, 255, 207, 116,
       231, 251, 241, 128, 216, 176, 189, 240, 169, 253, 89, 95, 187, 91,
       180, 28, 159, 183, 72, 59, 133, 151, 125, 24, 58, 79, 242, 19,
       219, 219, 116, 251, 226, 192, 134, 123, 248, 188, 188, 120, 169,
       253, 81, 215, 251, 59, 180, 24, 191, 191, 68, 123, 133, 183, 253,
       16, 187, 111, 242, 179, 219, 251, 116, 123, 194, 72, 199, 59, 232,
       252, 188, 123, 173, 253, 85, 182, 255, 59, 164, 24, 191, 61, 64,
       59, 137, 90, 253, 24, 58, 108, 250, 51, 239, 219, 84, 123, 210,
       89, 198, 171, 220, 94, 125, 247, 36, 78, 95, 188, 53, 170, 246,
       56, 215, 87, 129, 115, 214, 244, 125, 106, 105, 212, 249, 46, 247,
       235, 101, 148, 32, 179, 4, 49, 220, 157, 62, 239, 180, 15, 95,
       189, 36, 168, 222, 32, 247, 87, 153, 81, 118, 247, 93, 234, 248,
       184, 73, 61, 233, 233, 39, 144, 36, 179, 129, 113, 28, 189, 248,
       175, 180, 175, 127, 189, 46, 233, 254, 37, 247, 127, 24, 64, 126,
       127, 95, 125, 154, 184, 73, 61, 237, 237, 175, 212, 164, 250, 129,
       219, 204, 92, 189, 231, 32, 110, 127, 152, 57, 174, 246, 24, 255,
       119, 137, 123, 183, 212, 125, 106, 169, 212, 249, 42, 199, 251,
       97, 132, 32, 241, 70, 123, 204, 52, 191, 115, 161, 110, 61, 19,
       59, 255, 47, 24, 220, 119, 72, 59, 151, 85, 125, 56, 177, 212,
       249, 66, 207, 255, 119, 230, 130, 224, 135, 115, 17, 142, 217,
       107, 176, 171, 111, 159, 118, 3, 106, 196, 243, 99, 152, 112, 51,
       110, 12, 60, 59, 156, 77, 63, 232, 175, 39, 0, 184, 210, 192, 40,
       77, 52, 157, 97, 129, 110, 53, 19, 57, 243, 47, 20, 158, 55, 64,
       255, 133, 22, 120, 56, 49, 220, 241, 66, 143, 251, 87, 70, 138,
       96, 131, 51, 252, 188, 251, 114, 136, 236, 81, 87, 178, 183, 172,
       24, 55, 247, 64, 27, 35, 246, 109, 24, 58, 79, 186, 34, 219, 195,
       117, 120, 224, 192, 134, 107, 248, 168, 254, 120, 138, 233, 81,
       87, 179, 23, 164, 185, 55, 247, 64, 27, 35, 178, 109, 24, 58, 79,
       162, 51, 219, 195, 112, 121, 224, 192, 166, 106, 200, 188, 189,
       244, 169, 236, 21, 175, 187, 191, 4, 25, 190, 247, 65, 91, 133,
       119, 233, 16, 50, 76, 242, 115, 205, 243, 93, 123, 128, 112, 135,
       107, 69, 112, 145, 69, 1, 14, 102, 56, 104, 232, 107, 76, 222, 49,
       9, 50, 144, 68, 104, 106, 193, 240, 209, 8, 37, 190, 65, 4, 72,
       51, 67, 34, 244, 42, 140, 180, 168, 40, 93, 159, 179, 183, 134,
       185, 151, 163, 67, 91, 67, 198, 237, 148, 56, 71, 203, 0, 218,
       163, 253, 189, 160, 240, 158, 10, 112, 48, 24, 96, 8, 13, 81, 24,
       226, 177, 165, 12, 23, 19, 74, 18, 128, 148, 72, 88, 10, 99, 218,
       0, 219, 137, 5, 124, 72, 2, 74, 34, 248, 186, 222, 114, 168, 173,
       80, 215, 178, 63, 164, 29, 55, 243, 66, 27, 133, 162, 109, 20, 58,
       111, 218, 51, 219, 195, 117, 121, 232, 192, 202, 11, 205, 117,
       149, 111, 241, 126, 119, 184, 123, 234, 111, 8, 222, 115, 9, 53,
       145, 92, 104, 106, 97, 240, 249, 110, 231, 251, 69, 6, 74, 115,
       67, 50, 220, 60, 157, 118, 168, 104, 81, 154, 179, 190, 167, 57,
       87, 247, 73, 91, 3, 212, 109, 18, 40, 71, 235, 32, 219, 227, 117,
       29, 160, 241, 6, 99, 29, 157, 89, 231, 176, 79, 79, 191, 52, 234,
       254, 96, 247, 115, 137, 112, 87, 246, 29, 106, 249, 184, 121, 62,
       233, 239, 37, 128, 40, 243, 192, 57, 149, 189, 217, 239, 180, 111,
       111, 191, 54, 235, 127, 112, 247, 119, 136, 96, 119, 222, 29, 42,
       59, 152, 121, 63, 237, 239, 39, 132, 164, 250, 129, 57, 132, 172,
       217, 255, 180, 106, 111, 191, 54, 171, 255, 16, 215, 247, 72, 96,
       127, 95, 63, 138, 59, 212, 233, 51, 237, 239, 191, 196, 164, 241,
       229, 177, 150, 236, 254, 255, 236, 171, 255, 239, 190, 183, 243,
       27, 255, 238, 89, 91, 255, 255, 127, 147, 186, 247, 203, 243, 253,
       131, 255, 184, 132, 121, 165, 99, 120, 184, 251, 114, 136, 205,
       81, 215, 227, 181, 172, 8, 19, 151, 64, 58, 1, 182, 100, 24, 26,
       107, 178, 48, 219, 201, 117, 121, 224, 130, 198, 106, 236, 180,
       189, 107, 173, 125, 81, 153, 127, 63, 165, 24, 222, 125, 72, 59,
       153, 18, 253, 16, 58, 100, 251, 147, 207, 219, 81, 127, 210, 75,
       198, 114, 230, 237, 246, 255, 252, 171, 254, 252, 191, 186, 251,
       186, 239, 239, 221, 67, 255, 255, 255, 243, 240, 231, 203, 255,
       190, 254, 239, 158, 151, 251, 227, 129, 238, 237, 214, 255, 237,
       171, 254, 236, 191, 178, 251, 58, 239, 235, 252, 71, 255, 255,
       127, 227, 104, 231, 203, 255, 190, 254, 207, 158, 151, 255, 226,
       129, 121, 141, 93, 101, 24, 10, 71, 176, 228, 164, 170, 8, 247,
       51, 0, 115, 34, 230, 108, 106, 105, 169, 49, 44, 225, 239, 37, 16,
       96, 242, 64, 32, 104, 188, 183, 252, 157, 253, 85, 199, 223, 95,
       172, 24, 190, 191, 100, 58, 201, 242, 251, 16, 58, 111, 242, 187,
       251, 255, 214, 123, 210, 88, 214, 106, 237, 236, 180, 255, 173,
       63, 94, 188, 255, 187, 189, 88, 223, 249, 93, 59, 221, 199, 127,
       62, 186, 103, 235, 179, 191, 223, 117, 252, 202, 255, 210, 17,
       228, 180, 149, 115, 141, 109, 84, 143, 123, 59, 41, 88, 214, 121,
       76, 186, 129, 23, 104, 16, 59, 108, 219, 83, 141, 222, 85, 126,
       216, 72, 194, 35, 221, 125, 253, 247, 172, 62, 95, 184, 251, 250,
       191, 56, 223, 127, 201, 123, 215, 215, 125, 110, 248, 229, 251,
       170, 255, 251, 103, 148, 194, 243, 195, 35, 69, 103, 144, 39, 176,
       10, 110, 136, 120, 162, 107, 68, 207, 98, 203, 218, 147, 76, 108,
