%YAML:1.0
---
descriptors: !!opencv-matrix
   rows: 284
   cols: 32
   dt: u
   data: [ 93, 221, 123, 231, 180, 78, 79, 188, 96, 234, 255, 100, 87,
       119, 137, 112, 118, 214, 28, 106, 233, 144, 121, 46, 227, 239, 37,
       148, 104, 243, 192, 49, 157, 221, 59, 239, 176, 47, 79, 189, 52,
       202, 127, 100, 247, 119, 137, 112, 86, 214, 29, 106, 233, 176,
       121, 63, 225, 239, 39, 132, 40, 243, 160, 57, 149, 188, 57, 235,
       180, 175, 111, 191, 54, 43, 223, 112, 247, 119, 153, 96, 87, 222,
       29, 58, 251, 144, 105, 63, 237, 239, 39, 196, 160, 251, 129, 33,
       108, 52, 189, 98, 173, 125, 81, 152, 91, 255, 165, 24, 222, 127,
       75, 59, 153, 209, 253, 58, 59, 102, 251, 18, 207, 219, 81, 127,
       194, 107, 70, 115, 212, 128, 221, 246, 168, 102, 77, 187, 178,
       191, 167, 120, 87, 119, 200, 123, 7, 214, 109, 24, 57, 69, 235, 0,
       219, 227, 117, 20, 160, 240, 134, 49, 118, 237, 246, 223, 252,
       155, 254, 252, 191, 179, 255, 26, 238, 234, 188, 102, 127, 255,
       127, 251, 248, 243, 239, 255, 190, 190, 207, 222, 183, 251, 227,
       133, 104, 253, 183, 252, 157, 237, 87, 231, 223, 130, 236, 24,
       190, 191, 36, 112, 201, 250, 251, 64, 107, 111, 242, 191, 187,
       255, 214, 59, 210, 89, 246, 170, 110, 236, 228, 255, 237, 61, 110,
       252, 127, 187, 191, 26, 255, 235, 93, 27, 217, 207, 127, 90, 250,
       99, 251, 251, 255, 255, 215, 188, 214, 255, 210, 131, 96, 169,
       156, 250, 200, 205, 80, 175, 154, 17, 164, 24, 182, 243, 72, 82,
       129, 82, 106, 0, 50, 107, 218, 49, 221, 163, 84, 121, 208, 8, 143,
       42, 117, 69, 93, 101, 180, 14, 71, 56, 108, 160, 170, 72, 215, 51,
       1, 115, 146, 212, 124, 106, 233, 161, 113, 12, 225, 238, 37, 20,
       96, 242, 64, 32, 252, 253, 156, 247, 172, 46, 95, 191, 187, 187,
       191, 56, 255, 255, 73, 123, 151, 215, 253, 90, 122, 103, 251, 179,
       255, 255, 119, 222, 194, 243, 195, 51, 96, 165, 149, 122, 157, 77,
       84, 175, 107, 49, 169, 24, 214, 51, 76, 114, 129, 151, 104, 0, 91,
       104, 219, 17, 169, 254, 85, 126, 80, 72, 198, 42, 220, 220, 156,
       183, 172, 47, 126, 191, 191, 186, 183, 24, 255, 255, 89, 91, 247,
       215, 255, 179, 58, 229, 219, 251, 239, 255, 255, 148, 164, 249,
       161, 3, 64, 136, 157, 250, 232, 237, 17, 151, 142, 17, 32, 24,
       182, 243, 64, 123, 129, 50, 106, 24, 50, 74, 218, 53, 205, 162,
       118, 120, 144, 72, 133, 170, 69, 39, 144, 39, 176, 58, 110, 136,
       120, 166, 43, 64, 207, 98, 219, 250, 179, 69, 108, 126, 20, 240,
       205, 10, 172, 255, 103, 68, 192, 243, 75, 4, 248, 56, 189, 112,
       11, 248, 81, 7, 226, 87, 164, 24, 59, 151, 66, 59, 1, 178, 232,
       24, 11, 111, 178, 33, 217, 235, 80, 121, 224, 64, 198, 106, 247,
       237, 230, 159, 220, 59, 238, 239, 127, 243, 251, 18, 237, 234,
       252, 97, 123, 239, 127, 239, 246, 255, 239, 255, 190, 254, 215,
       164, 165, 255, 243, 140, 69, 113, 16, 69, 112, 14, 98, 56, 104,
       168, 106, 76, 214, 16, 9, 48, 144, 76, 68, 110, 193, 176, 209, 76,
       37, 188, 33, 4, 72, 179, 67, 33, 134, 236, 246, 159, 252, 43, 254,
       236, 127, 162, 251, 26, 238, 106, 29, 67, 255, 207, 127, 227, 248,
       247, 201, 238, 188, 254, 207, 134, 133, 251, 225, 133, 135, 86,
       239, 197, 38, 118, 191, 24, 93, 206, 87, 230, 217, 127, 183, 107,
       118, 84, 63, 238, 161, 148, 45, 202, 71, 123, 235, 132, 22, 255,
       53, 241, 182, 237, 182, 191, 221, 47, 254, 236, 63, 162, 251, 26,
       206, 250, 61, 81, 249, 239, 127, 227, 120, 247, 217, 254, 189,
       254, 207, 54, 193, 123, 225, 130, 180, 104, 123, 69, 66, 74, 163,
       80, 96, 128, 102, 72, 19, 23, 129, 57, 58, 124, 64, 106, 1, 180,
       32, 40, 69, 137, 32, 0, 97, 179, 70, 160, 232, 252, 188, 255, 173,
       253, 86, 182, 219, 187, 173, 24, 190, 253, 65, 59, 201, 242, 253,
       26, 122, 110, 250, 179, 239, 219, 85, 59, 210, 89, 214, 58, 20,
       189, 187, 114, 155, 237, 19, 207, 250, 17, 169, 24, 30, 247, 72,
       56, 161, 155, 192, 16, 19, 107, 186, 119, 249, 197, 21, 111, 193,
       65, 167, 162, 216, 180, 189, 240, 169, 237, 89, 31, 187, 155, 180,
       56, 191, 247, 72, 59, 133, 151, 125, 24, 59, 111, 242, 83, 219,
       219, 117, 255, 194, 192, 134, 123, 248, 188, 191, 120, 169, 253,
       81, 215, 251, 59, 180, 24, 191, 191, 64, 123, 133, 183, 253, 16,
       187, 111, 242, 179, 219, 219, 117, 121, 194, 72, 198, 59, 239,
       188, 181, 250, 237, 253, 92, 255, 223, 123, 176, 24, 234, 249, 84,
       251, 201, 231, 127, 16, 187, 111, 251, 243, 159, 219, 215, 126,
       154, 93, 210, 138, 248, 188, 189, 248, 173, 253, 85, 255, 255, 59,
       180, 24, 191, 253, 64, 187, 201, 242, 253, 24, 187, 111, 242, 179,
       219, 251, 85, 123, 210, 216, 198, 59, 206, 236, 246, 255, 238,
       169, 255, 254, 191, 183, 246, 186, 239, 235, 117, 91, 239, 247,
       127, 147, 186, 239, 203, 251, 254, 255, 255, 232, 135, 248, 165,
       139, 204, 180, 189, 97, 161, 111, 113, 27, 123, 251, 39, 24, 223,
       119, 72, 59, 149, 20, 125, 56, 184, 244, 241, 2, 207, 219, 117,
       84, 194, 192, 199, 115, 84, 221, 57, 239, 180, 143, 127, 189, 38,
       169, 222, 32, 247, 119, 9, 64, 246, 223, 125, 235, 219, 184, 73,
       63, 237, 237, 47, 212, 172, 243, 161, 113, 229, 113, 29, 103, 160,
       78, 71, 184, 96, 234, 175, 76, 215, 113, 193, 51, 144, 68, 124,
       106, 201, 224, 249, 40, 225, 248, 101, 20, 72, 243, 66, 49, 204,
       181, 189, 113, 169, 108, 53, 31, 59, 255, 63, 56, 222, 63, 72, 59,
       151, 23, 253, 56, 51, 92, 249, 66, 207, 219, 117, 118, 194, 64,
       135, 115, 101, 85, 21, 71, 164, 14, 103, 184, 96, 232, 43, 76,
       211, 113, 153, 51, 144, 68, 124, 110, 201, 240, 249, 44, 165, 184,
       101, 20, 72, 243, 66, 49, 60, 93, 18, 174, 89, 199, 22, 232, 133,
       132, 233, 9, 106, 217, 41, 144, 216, 248, 194, 98, 76, 35, 90,
       188, 179, 213, 5, 59, 82, 63, 110, 130, 105, 253, 184, 83, 217,
       253, 87, 190, 123, 121, 44, 8, 190, 113, 71, 180, 129, 90, 224,
       90, 119, 104, 250, 55, 111, 223, 21, 123, 218, 87, 203, 254, 205,
       52, 157, 97, 161, 110, 53, 19, 57, 251, 39, 84, 158, 55, 64, 123,
       133, 23, 120, 56, 49, 220, 241, 66, 207, 251, 87, 70, 138, 96,
       131, 51, 184, 174, 222, 122, 170, 169, 81, 215, 178, 23, 164, 185,
       55, 231, 66, 27, 43, 178, 109, 16, 58, 79, 138, 51, 219, 195, 117,
       121, 224, 192, 230, 107, 252, 164, 188, 114, 136, 109, 85, 159,
       178, 191, 165, 25, 87, 247, 72, 27, 1, 214, 109, 24, 58, 71, 250,
       34, 219, 195, 117, 124, 224, 240, 134, 98, 65, 113, 149, 69, 65,
       78, 119, 48, 104, 192, 106, 8, 222, 48, 5, 50, 144, 84, 96, 106,
       65, 240, 241, 72, 37, 184, 68, 2, 72, 51, 67, 34, 244, 2, 204,
       244, 138, 32, 93, 191, 178, 183, 134, 185, 87, 231, 67, 91, 67,
       246, 109, 128, 56, 71, 203, 32, 218, 227, 245, 189, 160, 240, 134,
       66, 240, 190, 220, 114, 168, 173, 81, 215, 179, 191, 164, 29, 55,
       227, 66, 27, 1, 230, 109, 28, 58, 79, 218, 35, 219, 203, 117, 121,
       232, 192, 206, 139, 252, 188, 252, 118, 169, 109, 85, 254, 179,
       191, 165, 25, 123, 247, 72, 27, 9, 246, 237, 26, 56, 103, 250, 35,
       219, 203, 117, 61, 227, 241, 198, 114, 248, 184, 253, 116, 168,
       110, 77, 159, 162, 191, 166, 56, 87, 55, 64, 91, 5, 214, 109, 24,
       56, 79, 251, 32, 219, 227, 117, 180, 160, 240, 134, 123, 104, 181,
       189, 250, 173, 253, 85, 63, 223, 59, 173, 24, 190, 253, 72, 58,
       137, 19, 251, 16, 58, 106, 250, 147, 207, 223, 80, 127, 210, 72,
       198, 34, 246, 236, 246, 255, 252, 171, 254, 232, 191, 178, 251,
       26, 239, 234, 125, 66, 255, 239, 127, 163, 232, 231, 207, 255,
       190, 254, 207, 158, 21, 123, 99, 133, 104, 253, 181, 252, 157,
       237, 84, 175, 223, 91, 172, 24, 190, 189, 68, 50, 201, 178, 251,
       0, 123, 107, 242, 179, 171, 223, 84, 123, 210, 88, 214, 42, 254,
       229, 180, 255, 173, 15, 94, 252, 191, 187, 189, 24, 207, 251, 93,
