%YAML:1.0
---
descriptors: !!opencv-matrix
   rows: 181
   cols: 32
   dt: u
   data: [ 108, 229, 188, 115, 137, 77, 87, 172, 50, 191, 165, 24, 214,
       119, 75, 58, 153, 82, 105, 122, 122, 98, 251, 51, 239, 219, 85,
       127, 194, 83, 198, 106, 120, 188, 249, 112, 219, 233, 81, 199,
       227, 53, 172, 56, 54, 183, 64, 58, 129, 154, 104, 16, 26, 107,
       242, 49, 219, 205, 16, 123, 226, 64, 198, 107, 81, 142, 91, 101,
       180, 42, 111, 183, 116, 2, 106, 64, 243, 35, 144, 112, 19, 230,
       44, 44, 185, 184, 69, 47, 172, 174, 36, 64, 232, 226, 192, 40, 37,
       125, 17, 65, 149, 79, 102, 184, 106, 232, 43, 72, 214, 80, 73,
       180, 145, 76, 82, 122, 193, 240, 249, 30, 45, 156, 5, 52, 72, 59,
       66, 180, 100, 241, 49, 67, 141, 79, 71, 168, 74, 112, 33, 8, 214,
       85, 72, 48, 145, 84, 96, 106, 67, 48, 249, 21, 109, 152, 5, 116,
       80, 59, 198, 34, 249, 250, 156, 62, 232, 157, 93, 222, 163, 123,
       180, 185, 63, 247, 194, 27, 135, 247, 253, 20, 62, 79, 234, 49,
       218, 219, 117, 249, 162, 148, 142, 91, 124, 181, 253, 114, 168,
       125, 85, 223, 226, 255, 173, 24, 83, 247, 74, 59, 5, 214, 108, 56,
       59, 99, 250, 16, 251, 235, 117, 125, 225, 241, 198, 115, 236, 145,
       85, 78, 137, 92, 70, 185, 73, 88, 165, 72, 122, 117, 140, 247, 16,
       214, 236, 106, 89, 34, 251, 61, 51, 250, 65, 62, 90, 171, 198, 53,
       224, 176, 157, 218, 204, 237, 65, 143, 202, 59, 161, 24, 182, 243,
       72, 122, 129, 18, 106, 8, 27, 111, 218, 113, 157, 146, 81, 124,
       88, 72, 199, 42, 252, 68, 29, 118, 168, 104, 84, 184, 160, 186,
       167, 56, 215, 115, 73, 91, 135, 213, 108, 42, 104, 71, 203, 32,
       211, 235, 117, 29, 96, 241, 139, 35, 20, 197, 121, 101, 20, 79,
       67, 184, 118, 160, 175, 10, 83, 51, 17, 112, 49, 212, 72, 106,
       104, 176, 121, 30, 237, 143, 5, 20, 112, 187, 64, 34, 120, 77,
       156, 126, 139, 72, 22, 166, 186, 150, 172, 9, 238, 227, 1, 91,
       129, 118, 233, 66, 104, 71, 202, 43, 227, 247, 85, 59, 82, 114,
       142, 10, 77, 101, 53, 101, 53, 30, 118, 56, 105, 232, 127, 73,
       223, 25, 159, 176, 182, 68, 252, 110, 196, 176, 233, 12, 231, 255,
       33, 6, 66, 183, 66, 103, 76, 117, 121, 103, 50, 74, 127, 56, 41,
       132, 111, 137, 223, 87, 137, 80, 54, 93, 93, 110, 64, 208, 185,
       78, 231, 253, 35, 4, 98, 179, 7, 113, 244, 236, 189, 114, 136,
       109, 87, 158, 178, 191, 175, 24, 215, 247, 73, 27, 129, 214, 108,
       26, 58, 111, 251, 35, 249, 203, 117, 124, 224, 81, 198, 106, 77,
       92, 29, 111, 176, 46, 119, 184, 124, 202, 111, 68, 223, 115, 9,
       113, 147, 84, 124, 106, 161, 208, 121, 110, 237, 255, 101, 0, 200,
       115, 99, 35, 205, 116, 157, 103, 161, 110, 119, 152, 121, 234,
       111, 24, 222, 113, 73, 59, 177, 84, 104, 106, 97, 244, 185, 10,
       231, 255, 69, 22, 200, 115, 67, 35, 205, 84, 157, 119, 161, 110,
       55, 184, 121, 250, 103, 16, 222, 115, 9, 123, 147, 85, 124, 106,
       113, 244, 249, 74, 237, 251, 71, 6, 74, 115, 193, 51, 77, 117,
       157, 99, 164, 111, 103, 152, 122, 250, 47, 76, 215, 113, 89, 58,
       145, 68, 120, 126, 49, 112, 249, 2, 237, 159, 101, 116, 200, 123,
       195, 51, 244, 42, 255, 112, 138, 233, 65, 82, 162, 151, 164, 56,
       23, 151, 64, 27, 35, 178, 109, 24, 58, 79, 162, 0, 217, 195, 113,
       120, 224, 129, 70, 98, 44, 165, 49, 65, 253, 127, 211, 139, 79,
       185, 45, 24, 150, 61, 76, 48, 145, 30, 66, 56, 19, 120, 121, 22,
       111, 221, 5, 119, 210, 74, 214, 227, 216, 188, 183, 112, 171, 232,
       81, 215, 179, 23, 164, 56, 47, 247, 64, 159, 39, 247, 237, 16, 58,
       79, 162, 51, 219, 211, 84, 123, 226, 192, 134, 99, 250, 234, 148,
       114, 233, 173, 92, 222, 187, 59, 160, 217, 191, 255, 64, 27, 135,
       247, 125, 28, 174, 79, 202, 49, 219, 251, 125, 249, 130, 212, 130,
       139, 248, 176, 253, 116, 8, 236, 81, 23, 179, 127, 164, 29, 55,
       183, 66, 27, 1, 182, 109, 8, 43, 79, 242, 17, 219, 203, 112, 121,
       226, 128, 70, 123, 245, 66, 202, 87, 164, 50, 70, 152, 115, 174,
       230, 22, 67, 96, 159, 91, 113, 204, 44, 206, 172, 244, 173, 42,
       210, 239, 229, 5, 227, 245, 120, 68, 237, 198, 220, 83, 176, 63,
       86, 154, 119, 63, 62, 124, 211, 96, 139, 112, 23, 206, 76, 62,
       174, 244, 109, 63, 238, 143, 37, 116, 250, 217, 200, 5, 135, 180,
       155, 18, 170, 237, 133, 207, 186, 255, 1, 188, 132, 230, 78, 31,
       149, 75, 96, 21, 179, 78, 250, 18, 136, 18, 95, 126, 200, 64, 135,
       245, 252, 60, 149, 114, 169, 45, 84, 218, 179, 187, 177, 88, 159,
       243, 73, 155, 133, 215, 108, 18, 58, 103, 218, 32, 155, 219, 117,
       62, 226, 241, 194, 35, 121, 5, 93, 103, 20, 78, 103, 56, 100, 160,
       235, 72, 115, 113, 25, 112, 48, 230, 104, 106, 105, 177, 121, 46,
       245, 239, 5, 16, 97, 243, 64, 32, 252, 68, 221, 246, 168, 44, 92,
       190, 176, 186, 167, 56, 223, 115, 9, 91, 135, 215, 237, 42, 104,
       71, 203, 34, 211, 235, 117, 29, 224, 241, 142, 35, 212, 38, 149,
       114, 168, 45, 68, 138, 187, 187, 161, 120, 135, 226, 73, 159, 135,
       215, 108, 18, 42, 69, 202, 34, 153, 210, 117, 62, 192, 113, 131,
       37, 220, 76, 94, 246, 168, 106, 94, 170, 180, 178, 166, 24, 247,
       99, 1, 91, 35, 247, 109, 42, 120, 197, 75, 46, 251, 227, 117, 17,
       32, 241, 142, 2, 248, 172, 191, 116, 168, 232, 81, 55, 162, 151,
       174, 24, 55, 167, 64, 27, 33, 182, 108, 24, 58, 111, 162, 3, 217,
       231, 112, 89, 224, 192, 134, 42, 101, 97, 104, 101, 52, 26, 126,
       40, 105, 160, 111, 9, 211, 9, 29, 16, 146, 204, 121, 110, 76, 176,
       205, 12, 230, 253, 1, 21, 100, 179, 74, 2, 92, 101, 120, 103, 83,
       26, 127, 40, 33, 164, 111, 136, 219, 55, 137, 48, 50, 221, 221,
       234, 72, 208, 201, 78, 231, 237, 37, 133, 99, 179, 7, 32, 80, 160,
       157, 112, 136, 237, 81, 23, 166, 181, 166, 25, 183, 151, 64, 90,
       129, 182, 108, 16, 26, 73, 243, 49, 217, 227, 49, 89, 224, 128,
       134, 42, 197, 116, 157, 103, 161, 110, 119, 152, 121, 234, 47, 24,
       222, 113, 73, 59, 145, 84, 120, 42, 97, 244, 249, 42, 229, 255,
       69, 54, 200, 115, 195, 35, 109, 181, 57, 103, 245, 79, 103, 184,
       125, 232, 110, 8, 222, 117, 8, 48, 148, 94, 80, 106, 129, 176,
       121, 46, 239, 223, 5, 6, 66, 115, 199, 243, 205, 52, 189, 119,
       241, 110, 119, 152, 123, 234, 103, 24, 222, 119, 9, 58, 147, 95,
       120, 58, 33, 208, 249, 106, 207, 255, 69, 6, 202, 115, 67, 179,
       69, 53, 25, 103, 176, 46, 103, 184, 121, 170, 107, 76, 214, 115,
       9, 16, 148, 76, 108, 110, 192, 176, 217, 110, 229, 190, 37, 4, 72,
       243, 67, 35, 240, 188, 255, 82, 139, 249, 81, 199, 243, 83, 164,
       56, 42, 247, 68, 63, 163, 178, 236, 16, 59, 111, 162, 115, 155,
       219, 85, 123, 227, 192, 206, 47, 226, 170, 212, 114, 232, 173, 72,
       222, 187, 59, 160, 89, 175, 235, 68, 159, 131, 231, 109, 24, 34,
       79, 202, 241, 158, 250, 85, 251, 194, 208, 194, 137, 229, 180,
       145, 242, 232, 173, 69, 207, 251, 59, 161, 88, 150, 240, 76, 63,
       137, 211, 110, 16, 59, 107, 218, 115, 153, 150, 85, 126, 216, 89,
       195, 43, 124, 190, 157, 118, 168, 44, 84, 158, 179, 187, 182, 120,
       95, 247, 73, 219, 135, 215, 237, 18, 40, 103, 202, 32, 219, 235,
       117, 189, 226, 241, 206, 43, 74, 253, 148, 54, 139, 60, 22, 156,
       187, 255, 40, 29, 238, 239, 75, 154, 133, 87, 233, 70, 103, 73,
       154, 35, 187, 215, 85, 59, 202, 118, 139, 31, 102, 63, 152, 50,
       185, 173, 22, 142, 155, 183, 40, 237, 174, 170, 71, 154, 135, 123,
       233, 86, 22, 104, 218, 114, 142, 151, 85, 123, 216, 89, 11, 27,
       116, 119, 138, 166, 184, 15, 23, 120, 2, 172, 153, 45, 102, 240,
       75, 18, 156, 229, 236, 115, 76, 227, 201, 8, 248, 135, 101, 191,
       72, 123, 14, 83, 124, 221, 212, 126, 27, 88, 22, 172, 179, 134,
       172, 13, 111, 227, 11, 210, 147, 214, 233, 98, 74, 67, 218, 59,
       243, 231, 69, 59, 122, 119, 14, 26, 116, 97, 106, 103, 85, 11,
       102, 40, 97, 164, 111, 9, 83, 73, 27, 16, 56, 204, 65, 106, 76,
