%YAML:1.0
---
descriptors: !!opencv-matrix
   rows: 363
   cols: 32
   dt: u
   data: [ 120, 184, 254, 112, 138, 201, 81, 215, 163, 21, 164, 56, 55,
       151, 64, 26, 9, 179, 237, 16, 26, 75, 226, 49, 219, 195, 52, 121,
       224, 128, 134, 107, 216, 24, 159, 116, 168, 108, 81, 19, 164, 219,
       166, 24, 215, 55, 0, 123, 1, 214, 108, 8, 57, 77, 179, 0, 217,
       227, 116, 80, 160, 224, 132, 51, 240, 56, 255, 112, 40, 204, 81,
       83, 162, 189, 164, 60, 55, 151, 64, 27, 4, 148, 109, 24, 11, 79,
       178, 0, 219, 193, 112, 120, 224, 128, 6, 123, 240, 168, 110, 113,
       72, 233, 241, 67, 162, 23, 164, 153, 131, 141, 70, 27, 9, 178, 73,
       16, 42, 111, 226, 17, 87, 131, 112, 121, 225, 8, 70, 226, 5, 117,
       49, 71, 117, 94, 118, 184, 125, 224, 107, 76, 222, 113, 13, 180,
       144, 84, 80, 106, 225, 176, 121, 110, 39, 190, 5, 6, 74, 51, 67,
       177, 37, 117, 17, 71, 117, 95, 103, 168, 78, 224, 43, 8, 214, 81,
       77, 180, 145, 92, 82, 106, 65, 240, 121, 30, 45, 156, 5, 54, 72,
       59, 66, 162, 101, 116, 153, 67, 209, 110, 99, 152, 106, 232, 43,
       8, 214, 117, 73, 58, 145, 92, 104, 122, 1, 240, 249, 10, 77, 156,
       5, 54, 200, 115, 66, 50, 36, 161, 57, 75, 217, 77, 67, 168, 74,
       53, 45, 8, 214, 85, 73, 48, 145, 88, 64, 106, 67, 48, 249, 21,
       109, 157, 1, 118, 80, 43, 70, 162, 120, 184, 255, 112, 168, 253,
       81, 215, 227, 255, 164, 24, 51, 183, 66, 59, 33, 246, 236, 24, 27,
       107, 178, 33, 219, 203, 117, 121, 225, 192, 198, 123, 129, 159,
       31, 111, 176, 14, 111, 191, 124, 234, 90, 100, 245, 115, 152, 112,
       55, 110, 54, 110, 225, 216, 125, 63, 228, 174, 39, 128, 8, 242,
       129, 185, 252, 188, 253, 114, 137, 109, 85, 223, 227, 183, 164,
       24, 31, 255, 65, 59, 129, 247, 237, 24, 58, 111, 250, 32, 219,
       203, 117, 125, 226, 112, 198, 106, 237, 112, 189, 103, 44, 95, 71,
       152, 99, 250, 167, 8, 211, 85, 201, 59, 145, 84, 124, 122, 233,
       116, 249, 0, 199, 219, 101, 52, 202, 251, 70, 112, 210, 188, 159,
       242, 168, 236, 16, 150, 186, 251, 128, 88, 183, 247, 64, 27, 161,
       247, 253, 16, 59, 79, 154, 35, 217, 243, 93, 122, 128, 64, 135,
       59, 224, 172, 156, 250, 204, 237, 65, 143, 222, 51, 172, 24, 246,
       243, 72, 90, 129, 82, 106, 24, 51, 111, 218, 51, 221, 163, 113,
       120, 216, 72, 199, 42, 93, 69, 93, 103, 180, 74, 79, 184, 96, 160,
       43, 72, 215, 113, 9, 115, 18, 212, 124, 106, 105, 176, 121, 44,
       229, 235, 101, 20, 96, 179, 192, 32, 253, 113, 253, 102, 40, 78,
       71, 184, 96, 250, 183, 8, 83, 85, 201, 59, 22, 212, 124, 106, 233,
       103, 249, 40, 243, 201, 101, 52, 107, 179, 70, 113, 252, 12, 221,
       116, 168, 110, 93, 191, 176, 186, 166, 56, 119, 119, 9, 91, 135,
       247, 109, 42, 120, 103, 203, 10, 209, 235, 117, 20, 96, 240, 134,
       43, 149, 149, 121, 231, 180, 46, 79, 188, 52, 232, 255, 100, 215,
       115, 137, 112, 55, 214, 93, 106, 249, 144, 121, 62, 233, 239, 37,
       148, 40, 243, 192, 33, 149, 212, 25, 231, 180, 46, 111, 188, 52,
       170, 223, 116, 215, 115, 137, 112, 87, 94, 93, 58, 249, 148, 121,
       62, 232, 239, 39, 148, 168, 243, 129, 33, 252, 112, 189, 114, 40,
       108, 83, 152, 227, 250, 165, 24, 215, 213, 73, 59, 145, 212, 124,
       122, 41, 103, 251, 32, 211, 201, 101, 60, 232, 243, 70, 51, 212,
       140, 92, 245, 146, 106, 71, 166, 52, 162, 166, 16, 87, 115, 0, 83,
       49, 247, 77, 170, 120, 205, 89, 46, 249, 231, 101, 21, 160, 240,
       132, 34, 96, 181, 149, 99, 157, 109, 68, 143, 127, 59, 168, 24,
       246, 57, 76, 126, 129, 150, 104, 16, 59, 104, 219, 23, 173, 222,
       21, 126, 208, 72, 198, 46, 236, 176, 189, 115, 173, 125, 81, 153,
       255, 123, 165, 24, 223, 127, 72, 59, 145, 18, 253, 56, 58, 103,
       251, 19, 207, 219, 81, 127, 210, 73, 198, 114, 224, 172, 157, 255,
       200, 237, 21, 151, 158, 23, 96, 24, 182, 243, 32, 91, 193, 122,
       106, 24, 50, 76, 218, 49, 205, 163, 118, 120, 144, 72, 133, 170,
       212, 184, 189, 118, 168, 224, 20, 138, 187, 187, 161, 56, 246,
       255, 77, 123, 131, 119, 125, 16, 59, 77, 154, 51, 219, 242, 85,
       127, 128, 113, 135, 51, 104, 180, 181, 250, 141, 253, 84, 175,
       223, 31, 172, 24, 190, 189, 108, 26, 201, 19, 249, 16, 58, 107,
       242, 179, 203, 223, 84, 123, 210, 72, 198, 106, 21, 197, 25, 103,
       20, 79, 71, 184, 86, 160, 107, 2, 211, 113, 25, 112, 49, 204, 8,
       106, 105, 176, 121, 30, 233, 142, 5, 20, 48, 187, 80, 32, 228,
       127, 158, 182, 169, 61, 22, 239, 154, 186, 184, 237, 230, 224, 67,
       155, 141, 103, 236, 71, 109, 71, 202, 42, 184, 211, 109, 63, 200,
       125, 139, 31, 77, 117, 189, 103, 48, 78, 55, 184, 57, 232, 127,
       108, 222, 119, 9, 50, 148, 85, 125, 106, 225, 208, 249, 78, 239,
       255, 37, 134, 74, 243, 7, 115, 102, 229, 246, 239, 252, 11, 254,
       232, 127, 162, 251, 10, 237, 122, 29, 80, 255, 207, 127, 227, 224,
       243, 201, 255, 190, 254, 143, 188, 149, 251, 243, 128, 229, 142,
       197, 119, 180, 42, 103, 190, 116, 163, 107, 244, 211, 97, 152,
       120, 19, 206, 36, 62, 185, 244, 77, 46, 236, 174, 229, 68, 237,
       243, 208, 32, 84, 20, 157, 254, 139, 96, 21, 139, 178, 151, 167,
       48, 20, 247, 73, 91, 193, 214, 233, 18, 42, 71, 186, 34, 211, 163,
       214, 63, 176, 113, 166, 99, 5, 124, 19, 69, 64, 78, 167, 48, 96,
       194, 98, 72, 242, 16, 129, 181, 56, 116, 64, 106, 65, 180, 177,
       108, 37, 168, 68, 0, 75, 179, 67, 172, 28, 96, 156, 231, 172, 74,
       125, 184, 174, 250, 183, 0, 223, 111, 89, 75, 239, 85, 125, 235,
       72, 193, 203, 168, 206, 251, 239, 148, 164, 243, 1, 3, 92, 161,
       254, 114, 155, 233, 85, 207, 178, 53, 173, 56, 15, 231, 72, 26,
       35, 147, 237, 144, 26, 75, 170, 113, 249, 199, 53, 125, 224, 64,
       166, 34, 248, 176, 188, 240, 41, 221, 89, 24, 187, 59, 180, 24,
       159, 159, 64, 59, 133, 149, 253, 16, 186, 111, 242, 145, 219, 219,
       113, 255, 194, 0, 6, 59, 248, 188, 190, 248, 173, 253, 81, 87,
       255, 91, 180, 24, 190, 191, 68, 187, 205, 179, 253, 16, 187, 111,
       242, 147, 219, 219, 84, 122, 210, 76, 198, 43, 235, 172, 182, 248,
       173, 189, 92, 215, 255, 251, 180, 24, 174, 249, 118, 123, 205,
       247, 127, 25, 190, 107, 242, 243, 255, 223, 215, 122, 210, 204,
       242, 138, 29, 207, 91, 111, 176, 10, 79, 188, 116, 162, 238, 196,
       243, 99, 145, 112, 51, 238, 12, 110, 233, 188, 45, 62, 234, 239,
       37, 20, 62, 242, 232, 40, 197, 213, 149, 103, 33, 14, 103, 184,
       104, 234, 107, 76, 214, 113, 8, 115, 144, 68, 124, 106, 225, 240,
       249, 40, 229, 250, 69, 4, 72, 115, 67, 49, 205, 116, 149, 103,
       161, 110, 119, 136, 120, 234, 39, 8, 222, 112, 73, 59, 146, 84,
       104, 106, 97, 244, 249, 10, 229, 255, 69, 6, 200, 115, 67, 51, 84,
       166, 156, 114, 170, 233, 21, 175, 186, 63, 164, 57, 142, 183, 74,
       27, 163, 83, 237, 16, 50, 73, 138, 51, 251, 199, 117, 127, 224,
       64, 143, 11, 105, 249, 184, 83, 157, 221, 119, 190, 123, 117, 44,
       28, 190, 61, 66, 182, 133, 78, 248, 92, 215, 104, 251, 177, 239,
       221, 21, 127, 202, 84, 207, 254, 77, 245, 157, 99, 180, 111, 231,
       184, 126, 251, 11, 8, 215, 113, 89, 42, 17, 68, 120, 122, 115,
       112, 249, 50, 237, 143, 101, 116, 200, 123, 209, 35, 77, 53, 157,
       101, 129, 110, 113, 19, 121, 243, 47, 28, 158, 55, 66, 122, 133,
       87, 120, 24, 177, 216, 241, 66, 207, 255, 86, 66, 138, 96, 131,
       112, 248, 170, 254, 248, 170, 169, 81, 87, 179, 31, 164, 185, 55,
       135, 66, 27, 15, 178, 109, 16, 58, 79, 130, 51, 219, 195, 112,
       121, 178, 192, 230, 43, 69, 113, 145, 69, 65, 94, 48, 8, 105, 232,
       35, 8, 222, 19, 77, 62, 144, 92, 96, 90, 1, 240, 185, 64, 13, 156,
       69, 6, 194, 51, 67, 162, 45, 113, 17, 97, 113, 95, 82, 24, 105,
       232, 109, 8, 222, 16, 65, 180, 144, 28, 84, 106, 73, 176, 209, 12,
       231, 221, 1, 38, 74, 179, 74, 182, 248, 186, 252, 114, 168, 169,
