%YAML:1.0
---
descriptors: !!opencv-matrix
   rows: 292
   cols: 32
   dt: u
   data: [ 109, 85, 61, 101, 44, 78, 71, 184, 104, 232, 191, 72, 215,
       119, 137, 51, 148, 84, 124, 106, 201, 240, 249, 12, 231, 249, 101,
       20, 64, 243, 70, 113, 197, 222, 157, 119, 164, 46, 100, 190, 188,
       250, 162, 80, 214, 115, 137, 123, 149, 86, 108, 110, 225, 244,
       217, 42, 137, 186, 117, 20, 72, 241, 195, 57, 120, 173, 250, 112,
       152, 201, 81, 231, 179, 21, 172, 24, 51, 247, 66, 16, 9, 186, 69,
       16, 26, 107, 226, 51, 219, 207, 52, 121, 227, 192, 198, 106, 108,
       116, 189, 99, 137, 111, 71, 153, 122, 254, 47, 24, 214, 115, 73,
       122, 145, 84, 120, 58, 49, 68, 249, 34, 207, 255, 69, 116, 192,
       115, 198, 98, 5, 85, 49, 69, 81, 78, 103, 48, 108, 200, 106, 72,
       222, 17, 1, 180, 148, 92, 80, 106, 65, 176, 113, 78, 101, 188, 0,
       0, 72, 51, 67, 163, 172, 109, 61, 103, 189, 79, 71, 168, 48, 206,
       235, 8, 211, 119, 9, 48, 216, 84, 80, 106, 105, 182, 249, 46, 229,
       255, 69, 20, 64, 123, 86, 242, 220, 16, 159, 244, 168, 110, 65,
       16, 165, 155, 167, 88, 215, 55, 9, 123, 35, 212, 124, 24, 57, 197,
       179, 0, 201, 251, 117, 20, 130, 225, 5, 51, 124, 229, 157, 122,
       137, 77, 87, 232, 179, 151, 173, 24, 210, 243, 74, 18, 153, 210,
       105, 114, 106, 99, 250, 51, 235, 215, 69, 125, 208, 115, 206, 66,
       252, 101, 208, 234, 221, 79, 86, 232, 19, 166, 169, 11, 91, 125,
       75, 146, 217, 213, 226, 114, 108, 99, 219, 154, 251, 207, 5, 125,
       243, 191, 102, 194, 249, 186, 158, 184, 170, 189, 88, 87, 179, 95,
       180, 189, 63, 247, 66, 155, 167, 179, 253, 20, 191, 79, 162, 49,
       219, 195, 116, 251, 162, 196, 142, 91, 240, 176, 255, 112, 8, 233,
       81, 87, 162, 183, 164, 28, 55, 135, 64, 27, 35, 182, 109, 24, 58,
       79, 178, 1, 209, 193, 112, 120, 224, 128, 6, 123, 252, 44, 220,
       118, 136, 45, 85, 223, 162, 183, 164, 25, 83, 231, 75, 27, 9, 214,
       109, 10, 104, 103, 218, 32, 219, 195, 117, 61, 226, 240, 198, 98,
       78, 161, 147, 162, 137, 212, 21, 141, 171, 21, 9, 9, 204, 246, 72,
       214, 145, 27, 233, 16, 18, 67, 186, 209, 169, 212, 15, 127, 128,
       6, 135, 98, 117, 5, 93, 102, 152, 110, 71, 188, 228, 176, 171, 8,
       215, 115, 9, 115, 34, 215, 108, 106, 121, 169, 89, 44, 249, 169,
       101, 84, 96, 227, 194, 32, 228, 77, 125, 103, 32, 74, 71, 184, 96,
       162, 110, 8, 215, 119, 9, 115, 18, 212, 124, 106, 105, 240, 121,
       46, 229, 235, 101, 20, 96, 242, 68, 32, 252, 116, 189, 102, 141,
       111, 23, 232, 67, 182, 165, 8, 82, 117, 73, 59, 153, 212, 232, 98,
       104, 103, 251, 0, 251, 195, 69, 63, 227, 123, 70, 98, 69, 245,
       149, 69, 162, 46, 39, 152, 126, 187, 43, 84, 220, 114, 73, 122,
       151, 85, 124, 122, 177, 208, 249, 98, 173, 190, 103, 68, 136, 115,
       131, 37, 192, 136, 157, 249, 200, 237, 37, 143, 158, 51, 32, 24,
       182, 51, 72, 123, 129, 82, 106, 24, 51, 108, 219, 113, 205, 146,
       86, 124, 208, 72, 135, 42, 116, 133, 93, 103, 152, 107, 67, 185,
       100, 160, 175, 8, 211, 113, 8, 112, 50, 214, 76, 106, 24, 160,
       121, 30, 233, 175, 37, 84, 112, 234, 196, 34, 69, 53, 153, 103,
       145, 110, 119, 168, 121, 226, 111, 8, 222, 115, 9, 48, 145, 92,
       104, 106, 65, 240, 249, 78, 101, 190, 5, 6, 200, 115, 67, 50, 124,
       99, 78, 37, 96, 27, 118, 104, 41, 168, 115, 233, 79, 67, 139, 144,
       178, 69, 196, 102, 76, 241, 137, 12, 246, 243, 37, 21, 98, 183,
       74, 0, 109, 101, 112, 103, 117, 30, 118, 184, 105, 168, 123, 73,
       203, 89, 157, 180, 150, 76, 93, 110, 196, 240, 201, 142, 103, 253,
       1, 6, 66, 183, 66, 135, 76, 117, 121, 103, 96, 15, 63, 184, 57,
       236, 63, 173, 223, 55, 195, 16, 150, 93, 237, 110, 96, 208, 233,
       110, 231, 221, 37, 132, 66, 243, 7, 113, 145, 142, 203, 125, 180,
       170, 111, 151, 118, 3, 98, 212, 243, 97, 144, 120, 19, 46, 12, 60,
       187, 252, 77, 63, 204, 174, 52, 64, 236, 192, 192, 40, 230, 188,
       149, 186, 137, 237, 22, 174, 155, 147, 168, 25, 166, 246, 64, 159,
       129, 115, 232, 19, 126, 79, 218, 51, 169, 146, 93, 59, 208, 92,
       143, 14, 129, 174, 155, 155, 236, 169, 105, 151, 254, 19, 66, 80,
       181, 226, 240, 75, 99, 106, 106, 28, 51, 220, 135, 115, 76, 162,
       118, 104, 152, 192, 161, 168, 113, 79, 95, 102, 180, 46, 71, 191,
       96, 138, 186, 76, 115, 97, 145, 114, 52, 230, 108, 110, 233, 169,
       173, 47, 240, 175, 37, 16, 104, 242, 194, 41, 52, 205, 22, 142,
       157, 71, 134, 236, 30, 166, 234, 11, 66, 226, 41, 192, 249, 238,
       106, 227, 104, 243, 25, 110, 185, 166, 135, 23, 65, 123, 252, 134,
       248, 169, 29, 114, 136, 205, 81, 81, 226, 181, 164, 24, 23, 147,
       64, 59, 128, 180, 108, 88, 58, 107, 250, 48, 219, 195, 117, 125,
       98, 128, 198, 34, 129, 174, 157, 185, 236, 168, 105, 151, 230,
       147, 98, 208, 181, 227, 240, 75, 99, 110, 106, 28, 51, 220, 143,
       51, 76, 167, 119, 64, 152, 192, 225, 168, 36, 85, 18, 158, 89,
       199, 134, 232, 156, 132, 233, 8, 198, 240, 41, 208, 216, 104, 202,
       98, 104, 163, 90, 94, 177, 54, 7, 31, 80, 59, 46, 130, 129, 174,
       159, 155, 236, 169, 225, 199, 254, 19, 32, 208, 181, 226, 224, 75,
       99, 34, 106, 28, 51, 109, 134, 115, 204, 130, 118, 104, 152, 192,
       161, 168, 52, 85, 18, 174, 217, 199, 6, 232, 159, 132, 233, 9, 70,
       208, 45, 208, 216, 233, 194, 99, 76, 163, 90, 30, 177, 180, 7, 63,
       80, 59, 110, 134, 40, 253, 16, 57, 89, 205, 20, 174, 31, 61, 40,
       25, 174, 59, 66, 144, 129, 27, 227, 0, 70, 40, 83, 183, 239, 215,
       20, 59, 82, 28, 142, 154, 240, 180, 189, 114, 136, 233, 85, 151,
       178, 55, 172, 24, 23, 183, 64, 59, 1, 214, 108, 24, 58, 111, 250,
       51, 217, 227, 117, 120, 224, 80, 134, 106, 204, 116, 149, 71, 163,
       126, 54, 136, 121, 234, 103, 56, 222, 119, 73, 190, 147, 84, 96,
       34, 97, 244, 185, 106, 103, 254, 69, 38, 202, 115, 71, 163, 204,
       52, 189, 243, 184, 110, 119, 186, 59, 251, 171, 24, 215, 119, 9,
       57, 145, 222, 124, 34, 57, 212, 249, 58, 237, 255, 101, 52, 192,
       115, 135, 51, 197, 28, 157, 119, 168, 110, 103, 188, 248, 250, 39,
       92, 247, 115, 9, 123, 147, 86, 124, 106, 97, 196, 249, 42, 229,
       255, 101, 20, 136, 115, 67, 49, 236, 117, 189, 103, 137, 110, 71,
       153, 122, 250, 175, 24, 214, 119, 73, 59, 145, 86, 108, 122, 49,
       96, 249, 34, 239, 255, 69, 54, 200, 115, 199, 51, 236, 117, 29,
       103, 185, 79, 71, 173, 58, 170, 43, 8, 214, 119, 73, 51, 145, 94,
       120, 106, 105, 112, 249, 63, 229, 255, 69, 52, 192, 115, 198, 34,
       248, 160, 185, 248, 200, 233, 81, 91, 179, 23, 164, 56, 23, 151,
       96, 90, 1, 154, 109, 16, 26, 79, 226, 19, 219, 193, 112, 121, 178,
       128, 6, 98, 236, 245, 189, 99, 137, 77, 87, 136, 123, 183, 173,
       24, 214, 117, 73, 59, 145, 86, 104, 122, 122, 98, 251, 50, 239,
       223, 69, 127, 194, 123, 198, 98, 44, 109, 57, 103, 149, 79, 71,
       172, 125, 234, 111, 8, 214, 117, 9, 48, 153, 92, 120, 106, 105,
       176, 249, 46, 229, 255, 5, 52, 64, 123, 70, 98, 124, 101, 188,
       110, 157, 95, 87, 232, 83, 182, 173, 8, 115, 121, 75, 19, 89, 208,
       232, 122, 106, 99, 251, 25, 251, 203, 5, 61, 243, 123, 78, 34,
       124, 101, 188, 111, 221, 79, 87, 168, 83, 164, 173, 8, 83, 117,
       31, 50, 88, 212, 120, 106, 104, 114, 249, 62, 247, 239, 197, 53,
       115, 123, 86, 34, 250, 170, 183, 184, 235, 173, 88, 215, 179, 27,
       160, 217, 63, 255, 64, 27, 167, 179, 253, 21, 190, 79, 146, 177,
       219, 211, 92, 251, 162, 196, 138, 11, 248, 168, 254, 114, 141,
       173, 81, 223, 226, 55, 164, 24, 59, 251, 72, 27, 9, 242, 237, 24,
       58, 111, 218, 49, 219, 203, 117, 121, 227, 200, 206, 42, 240, 184,
       255, 112, 42, 232, 81, 87, 162, 87, 164, 61, 55, 151, 66, 27, 35,
       179, 237, 16, 26, 79, 178, 17, 219, 129, 112, 121, 224, 128, 6,
       123, 252, 44, 220, 118, 137, 109, 85, 223, 163, 183, 164, 25, 51,
