%YAML:1.0
---
descriptors: !!opencv-matrix
   rows: 177
   cols: 32
   dt: u
   data: [ 120, 189, 255, 112, 138, 233, 81, 119, 162, 53, 172, 56, 55,
       183, 64, 50, 35, 178, 108, 16, 26, 107, 178, 21, 219, 199, 116,
       123, 224, 64, 198, 107, 208, 24, 159, 116, 40, 108, 81, 55, 176,
       219, 166, 56, 247, 55, 0, 123, 3, 118, 108, 8, 57, 77, 179, 0,
       193, 163, 112, 0, 160, 224, 135, 59, 29, 221, 25, 103, 176, 30,
       111, 188, 116, 232, 126, 68, 243, 115, 137, 112, 54, 78, 60, 110,
       249, 144, 125, 46, 238, 239, 37, 132, 42, 243, 137, 57, 252, 112,
       189, 114, 40, 76, 85, 152, 243, 250, 165, 24, 151, 215, 73, 59,
       129, 220, 124, 90, 9, 103, 250, 32, 211, 219, 117, 60, 224, 241,
       70, 242, 221, 39, 152, 180, 168, 60, 88, 139, 123, 187, 171, 125,
       207, 163, 203, 219, 131, 199, 108, 28, 188, 71, 203, 2, 154, 243,
       117, 125, 136, 225, 139, 1, 124, 48, 149, 114, 169, 44, 84, 155,
       179, 187, 177, 88, 159, 241, 73, 155, 129, 214, 236, 16, 58, 99,
       218, 32, 219, 211, 117, 62, 194, 113, 198, 35, 252, 76, 93, 118,
       168, 104, 85, 191, 176, 178, 166, 56, 247, 119, 1, 91, 135, 247,
       108, 42, 104, 71, 203, 40, 209, 235, 117, 29, 96, 240, 134, 43,
       192, 168, 157, 249, 200, 237, 37, 175, 190, 51, 32, 24, 182, 179,
       64, 91, 129, 82, 106, 24, 51, 108, 219, 49, 205, 163, 118, 120,
       144, 64, 135, 42, 236, 96, 156, 101, 44, 46, 80, 24, 96, 186, 183,
       88, 215, 51, 73, 59, 216, 212, 108, 122, 40, 102, 203, 8, 195,
       251, 101, 61, 202, 241, 74, 3, 21, 197, 89, 101, 20, 79, 71, 184,
       118, 160, 171, 10, 83, 81, 9, 112, 49, 212, 72, 106, 105, 176,
       121, 30, 249, 143, 5, 20, 113, 187, 64, 34, 100, 109, 59, 102, 85,
       70, 231, 96, 240, 160, 235, 8, 80, 247, 33, 48, 248, 252, 82, 234,
       97, 243, 184, 78, 117, 174, 135, 12, 65, 51, 103, 162, 76, 101,
       120, 103, 34, 10, 63, 188, 56, 164, 111, 168, 223, 103, 203, 16,
       22, 93, 221, 110, 64, 208, 233, 74, 231, 223, 37, 132, 98, 179, 7,
       97, 77, 116, 159, 103, 129, 110, 119, 136, 121, 234, 39, 24, 222,
       113, 73, 58, 177, 86, 104, 122, 33, 244, 185, 34, 229, 223, 69,
       54, 202, 115, 195, 35, 105, 173, 180, 115, 189, 157, 92, 175, 123,
       179, 173, 24, 155, 57, 92, 63, 137, 70, 121, 28, 190, 104, 219,
       179, 239, 219, 85, 116, 194, 204, 210, 14, 69, 117, 156, 103, 169,
       14, 119, 184, 105, 170, 47, 12, 222, 115, 9, 19, 149, 68, 108,
       106, 64, 240, 217, 40, 231, 255, 69, 6, 202, 115, 195, 35, 248,
       244, 92, 114, 168, 173, 81, 255, 178, 191, 164, 29, 23, 211, 74,
       27, 39, 150, 109, 24, 122, 79, 154, 55, 219, 195, 117, 125, 224,
       128, 198, 11, 240, 34, 251, 112, 170, 233, 81, 87, 178, 151, 164,
       56, 23, 183, 64, 26, 39, 150, 109, 24, 26, 79, 162, 0, 219, 195,
       113, 120, 224, 192, 198, 107, 248, 34, 255, 100, 138, 104, 65, 83,
       160, 180, 164, 24, 19, 135, 64, 27, 46, 180, 69, 24, 24, 79, 160,
       0, 89, 137, 53, 120, 225, 128, 198, 226, 77, 112, 145, 70, 233,
       92, 117, 136, 235, 216, 41, 8, 222, 247, 77, 190, 128, 85, 96, 66,
       1, 98, 250, 96, 5, 184, 69, 46, 194, 115, 71, 163, 68, 253, 151,
       254, 153, 207, 23, 184, 182, 186, 137, 72, 246, 247, 105, 50, 149,
       119, 121, 99, 105, 65, 218, 63, 233, 178, 79, 62, 152, 115, 135,
       51, 248, 188, 247, 120, 169, 236, 81, 215, 179, 31, 164, 24, 47,
       247, 64, 159, 39, 246, 237, 24, 58, 79, 178, 51, 219, 243, 84,
       123, 226, 192, 134, 106, 252, 100, 189, 103, 173, 111, 87, 152,
       123, 186, 165, 24, 215, 117, 73, 59, 145, 212, 108, 106, 105, 100,
       249, 10, 243, 219, 69, 53, 192, 123, 70, 35, 45, 117, 17, 71, 21,
       31, 102, 184, 105, 232, 43, 76, 214, 81, 89, 180, 144, 68, 88,
       106, 193, 240, 217, 46, 175, 156, 5, 52, 74, 59, 74, 52, 93, 213,
       29, 103, 176, 30, 111, 188, 116, 232, 126, 68, 215, 119, 137, 116,
       22, 86, 60, 110, 233, 144, 125, 47, 235, 239, 37, 132, 42, 243, 0,
       49, 101, 241, 17, 67, 205, 79, 71, 168, 107, 240, 33, 72, 210, 81,
       77, 180, 145, 92, 96, 122, 65, 112, 249, 16, 45, 152, 69, 118, 90,
       59, 70, 32, 253, 113, 253, 102, 104, 78, 71, 184, 225, 250, 183,
       8, 83, 119, 205, 59, 20, 212, 124, 106, 233, 103, 251, 40, 115,
       249, 101, 60, 105, 243, 70, 113, 125, 85, 125, 102, 168, 78, 71,
       184, 225, 232, 191, 72, 87, 119, 137, 115, 20, 212, 124, 106, 201,
       163, 249, 44, 243, 233, 101, 20, 104, 243, 198, 49, 44, 48, 185,
       99, 173, 109, 83, 216, 75, 255, 189, 24, 219, 223, 73, 58, 153,
       216, 85, 26, 11, 102, 251, 16, 207, 221, 37, 125, 194, 251, 70,
       114, 252, 244, 253, 118, 169, 109, 85, 254, 163, 190, 165, 24, 51,
       247, 73, 27, 129, 214, 237, 26, 120, 71, 250, 32, 219, 219, 117,
       61, 226, 241, 198, 235, 100, 184, 157, 250, 200, 205, 65, 136,
       250, 59, 161, 24, 214, 243, 72, 123, 129, 90, 106, 24, 51, 107,
       218, 49, 221, 146, 85, 124, 216, 72, 131, 170, 69, 245, 149, 71,
       29, 15, 102, 184, 110, 184, 43, 76, 214, 113, 73, 50, 145, 68,
       104, 126, 193, 112, 217, 61, 173, 156, 5, 52, 72, 51, 67, 35, 96,
       245, 17, 123, 221, 205, 68, 175, 91, 49, 40, 24, 182, 51, 76, 116,
       129, 27, 104, 16, 91, 104, 219, 23, 173, 220, 20, 126, 88, 24,
       194, 42, 192, 168, 157, 250, 136, 237, 21, 135, 150, 23, 96, 24,
       183, 243, 96, 91, 193, 122, 104, 16, 50, 78, 218, 49, 205, 163,
       117, 120, 144, 72, 135, 170, 249, 188, 241, 68, 245, 127, 71, 63,
       113, 226, 170, 88, 91, 53, 132, 180, 21, 214, 68, 40, 249, 235,
       249, 142, 185, 254, 69, 22, 227, 234, 198, 116, 5, 113, 17, 69,
       81, 14, 102, 56, 104, 224, 107, 76, 214, 16, 25, 176, 144, 76, 64,
       110, 193, 240, 209, 14, 37, 188, 1, 6, 72, 35, 67, 131, 116, 176,
       253, 126, 232, 240, 85, 143, 179, 255, 165, 56, 119, 247, 76, 122,
       131, 247, 237, 16, 30, 67, 170, 49, 219, 251, 117, 191, 160, 241,
       134, 115, 216, 168, 189, 112, 8, 236, 81, 7, 162, 23, 164, 24, 55,
       151, 64, 27, 129, 182, 104, 16, 26, 79, 178, 1, 217, 225, 80, 121,
       224, 0, 134, 106, 69, 101, 120, 103, 116, 10, 126, 168, 121, 160,
       107, 8, 215, 41, 29, 48, 18, 77, 81, 110, 68, 176, 221, 14, 103,
       253, 5, 5, 100, 179, 75, 2, 92, 100, 120, 103, 113, 27, 126, 184,
       57, 160, 127, 136, 219, 115, 137, 176, 50, 221, 221, 234, 72, 208,
       201, 74, 231, 223, 37, 133, 99, 179, 71, 34, 232, 229, 156, 121,
       153, 77, 21, 175, 30, 55, 36, 25, 166, 57, 74, 19, 129, 18, 233,
       0, 114, 104, 219, 23, 239, 211, 84, 127, 208, 88, 207, 42, 109,
       241, 49, 75, 221, 77, 71, 168, 83, 112, 173, 8, 210, 85, 73, 52,
       153, 88, 80, 106, 75, 98, 251, 55, 109, 220, 5, 124, 82, 59, 70,
       34, 205, 113, 153, 103, 225, 78, 119, 184, 121, 234, 103, 8, 222,
       113, 73, 59, 145, 84, 104, 106, 97, 244, 249, 98, 231, 255, 69, 6,
       202, 115, 195, 35, 108, 172, 172, 115, 141, 61, 68, 135, 115, 179,
       175, 24, 139, 57, 92, 186, 9, 198, 249, 24, 62, 104, 251, 34, 239,
       223, 213, 117, 195, 221, 222, 10, 205, 213, 157, 103, 169, 78,
       119, 184, 107, 248, 47, 8, 222, 115, 73, 115, 144, 85, 124, 122,
       65, 112, 249, 104, 239, 251, 71, 6, 74, 115, 3, 51, 109, 116, 49,
       101, 117, 78, 115, 184, 123, 232, 110, 72, 222, 85, 1, 48, 144,
       84, 112, 106, 65, 240, 249, 14, 237, 223, 5, 4, 74, 51, 67, 50,
       197, 245, 157, 99, 180, 79, 71, 168, 106, 240, 43, 8, 215, 117,
       73, 50, 145, 84, 120, 122, 121, 112, 249, 26, 237, 159, 5, 116,
       192, 123, 210, 34, 205, 112, 25, 103, 65, 78, 55, 168, 123, 226,
       101, 8, 222, 83, 73, 48, 146, 93, 112, 106, 65, 244, 249, 74, 231,
       251, 69, 38, 74, 51, 3, 162, 69, 117, 152, 103, 224, 14, 118, 184,
       104, 168, 107, 76, 214, 115, 73, 16, 144, 76, 104, 110, 193, 176,
       217, 42, 229, 156, 5, 4, 72, 115, 67, 3, 125, 49, 17, 97, 49, 95,
       82, 8, 105, 232, 45, 8, 222, 18, 5, 180, 144, 20, 84, 106, 73,
