%YAML:1.0
---
descriptors: !!opencv-matrix
   rows: 217
   cols: 32
   dt: u
   data: [ 108, 229, 156, 122, 137, 77, 87, 168, 178, 151, 172, 24, 246,
       247, 74, 58, 153, 210, 105, 90, 90, 99, 250, 49, 235, 215, 69,
       127, 208, 114, 206, 98, 120, 97, 121, 103, 29, 95, 87, 48, 69,
       164, 236, 10, 91, 29, 9, 48, 88, 220, 249, 234, 72, 242, 241, 12,
       247, 237, 133, 21, 99, 170, 126, 2, 252, 52, 157, 114, 136, 104,
       81, 26, 178, 191, 175, 56, 215, 183, 73, 59, 129, 84, 109, 16, 58,
       69, 235, 2, 201, 195, 117, 125, 192, 97, 6, 34, 216, 164, 156, 48,
       137, 105, 16, 143, 186, 55, 172, 25, 143, 179, 74, 27, 129, 151,
       237, 16, 58, 79, 203, 18, 219, 199, 85, 127, 128, 64, 143, 10,
       104, 176, 59, 112, 49, 237, 81, 19, 235, 45, 37, 56, 182, 149, 64,
       56, 129, 62, 76, 24, 18, 105, 242, 21, 207, 221, 48, 123, 194, 0,
       70, 99, 124, 116, 223, 100, 168, 110, 69, 154, 115, 250, 174, 8,
       87, 55, 65, 59, 51, 212, 108, 58, 41, 103, 251, 2, 219, 207, 117,
       60, 224, 241, 70, 35, 90, 115, 90, 165, 114, 154, 62, 119, 41, 8,
       122, 237, 173, 15, 130, 144, 182, 173, 205, 100, 68, 152, 128, 93,
       246, 229, 40, 131, 44, 134, 11, 155, 193, 168, 250, 81, 170, 248,
       184, 135, 250, 83, 166, 24, 183, 178, 86, 123, 35, 119, 120, 24,
       55, 77, 247, 115, 206, 171, 119, 121, 204, 64, 139, 12, 29, 229,
       59, 103, 20, 199, 103, 248, 118, 128, 239, 0, 211, 211, 40, 96,
       120, 252, 32, 234, 72, 208, 57, 63, 235, 207, 167, 4, 96, 178,
       224, 162, 209, 172, 189, 55, 180, 107, 217, 175, 126, 247, 162,
       24, 247, 120, 82, 42, 147, 103, 124, 25, 180, 252, 237, 47, 232,
       235, 117, 85, 68, 168, 213, 74, 245, 108, 172, 183, 140, 111, 79,
       156, 178, 242, 134, 25, 215, 125, 91, 59, 137, 198, 125, 95, 45,
       71, 251, 42, 205, 195, 237, 53, 160, 121, 214, 82, 112, 227, 88,
       32, 114, 137, 81, 119, 34, 45, 124, 169, 55, 131, 194, 16, 54,
       187, 197, 16, 26, 26, 192, 21, 250, 133, 33, 249, 32, 130, 142,
       147, 244, 76, 124, 119, 168, 74, 87, 172, 240, 178, 166, 8, 215,
       119, 9, 123, 19, 213, 108, 106, 104, 229, 73, 46, 241, 235, 101,
       20, 96, 243, 196, 42, 193, 152, 157, 95, 137, 253, 145, 175, 206,
       91, 164, 24, 246, 246, 6, 111, 133, 114, 106, 24, 55, 109, 123,
       53, 143, 186, 84, 122, 216, 72, 133, 127, 246, 164, 173, 190, 136,
       101, 76, 173, 19, 179, 129, 25, 247, 127, 88, 123, 193, 215, 121,
       179, 62, 70, 219, 51, 235, 243, 221, 125, 176, 240, 150, 2, 120,
       176, 121, 112, 136, 237, 65, 223, 178, 63, 164, 24, 19, 151, 72,
       56, 1, 150, 196, 24, 58, 111, 250, 51, 219, 201, 53, 124, 224,
       192, 198, 106, 244, 71, 12, 110, 152, 15, 71, 184, 132, 4, 173,
       13, 243, 99, 11, 83, 220, 198, 104, 110, 104, 35, 91, 63, 251,
       171, 165, 28, 120, 251, 198, 82, 192, 172, 157, 249, 200, 237, 5,
       143, 190, 51, 32, 24, 182, 179, 72, 91, 129, 83, 106, 24, 50, 76,
       211, 113, 205, 146, 84, 124, 144, 72, 135, 42, 236, 103, 245, 101,
       37, 91, 102, 184, 121, 234, 127, 8, 203, 109, 157, 54, 24, 212,
       108, 106, 236, 240, 237, 142, 231, 255, 69, 5, 66, 247, 70, 100,
       204, 116, 121, 103, 50, 74, 59, 56, 61, 228, 111, 173, 223, 71,
       137, 80, 150, 93, 77, 110, 97, 148, 249, 78, 231, 245, 35, 132, 0,
       163, 7, 113, 208, 184, 190, 176, 8, 205, 17, 71, 230, 81, 164, 24,
       183, 209, 64, 58, 161, 51, 108, 17, 27, 109, 210, 49, 217, 129,
       115, 120, 232, 0, 131, 58, 248, 172, 143, 48, 168, 236, 84, 23,
       178, 91, 164, 25, 55, 179, 66, 59, 129, 230, 125, 24, 58, 79, 210,
       3, 219, 235, 117, 121, 224, 64, 206, 74, 85, 71, 93, 102, 176, 14,
       70, 185, 96, 168, 187, 76, 83, 98, 137, 115, 54, 196, 108, 110,
       233, 161, 205, 44, 240, 169, 101, 148, 104, 243, 194, 33, 245, 81,
       93, 102, 40, 14, 71, 184, 96, 186, 163, 76, 83, 115, 137, 115, 20,
       196, 108, 106, 233, 103, 251, 8, 240, 170, 101, 20, 104, 179, 66,
       33, 193, 142, 159, 147, 236, 169, 237, 167, 254, 19, 114, 80, 181,
       162, 240, 75, 99, 98, 106, 28, 115, 124, 143, 115, 140, 130, 119,
       104, 144, 208, 129, 168, 77, 253, 59, 103, 53, 15, 119, 188, 120,
       238, 47, 12, 246, 57, 3, 48, 144, 76, 120, 106, 224, 240, 185, 47,
       111, 255, 5, 4, 74, 115, 70, 99, 197, 125, 191, 103, 129, 110,
       119, 141, 121, 234, 106, 8, 222, 115, 73, 59, 178, 84, 104, 106,
       97, 240, 185, 42, 231, 255, 69, 6, 200, 115, 195, 34, 77, 125,
       157, 103, 179, 110, 55, 170, 121, 234, 110, 40, 254, 117, 1, 48,
       179, 119, 124, 98, 97, 240, 249, 110, 231, 191, 69, 2, 72, 115,
       131, 51, 240, 234, 255, 112, 10, 201, 81, 215, 162, 183, 164, 56,
       51, 215, 64, 27, 35, 178, 108, 24, 58, 79, 162, 49, 219, 195, 117,
       120, 224, 128, 198, 106, 76, 120, 181, 116, 105, 76, 49, 0, 235,
       218, 36, 8, 190, 151, 69, 59, 128, 93, 96, 66, 67, 102, 178, 64,
       69, 217, 85, 42, 66, 49, 71, 171, 100, 225, 185, 98, 153, 77, 87,
       168, 98, 181, 173, 8, 242, 117, 73, 50, 153, 82, 104, 122, 90, 98,
       251, 51, 237, 159, 69, 127, 208, 123, 70, 98, 100, 101, 57, 103,
       93, 79, 71, 168, 71, 160, 237, 8, 211, 85, 9, 48, 216, 220, 88,
       106, 73, 50, 249, 30, 229, 221, 1, 60, 80, 59, 70, 34, 124, 225,
       184, 108, 157, 77, 87, 232, 194, 180, 173, 8, 114, 249, 75, 18,
       217, 216, 232, 114, 74, 99, 250, 29, 251, 205, 5, 61, 83, 58, 70,
       34, 216, 165, 156, 48, 169, 41, 20, 143, 186, 63, 172, 25, 142,
       163, 74, 27, 129, 19, 237, 16, 58, 79, 202, 19, 203, 211, 85, 127,
       192, 64, 143, 10, 254, 172, 144, 58, 185, 253, 22, 206, 155, 31,
       169, 25, 174, 250, 64, 154, 129, 243, 236, 18, 62, 75, 202, 179,
       187, 215, 21, 123, 210, 87, 143, 14, 252, 164, 156, 114, 168, 104,
       81, 27, 179, 191, 165, 57, 23, 183, 74, 27, 131, 151, 237, 16, 58,
       79, 202, 2, 219, 199, 117, 125, 224, 64, 134, 67, 253, 188, 247,
       86, 169, 253, 84, 254, 251, 250, 188, 124, 122, 253, 198, 55, 175,
       246, 252, 18, 255, 111, 186, 243, 251, 251, 117, 251, 235, 244,
       198, 127, 234, 253, 148, 58, 169, 237, 22, 142, 155, 31, 160, 25,
       174, 251, 67, 155, 129, 115, 236, 82, 46, 79, 218, 51, 187, 211,
       85, 123, 210, 93, 143, 11, 81, 15, 29, 101, 176, 46, 79, 182, 100,
       136, 170, 68, 243, 35, 145, 115, 20, 230, 108, 110, 249, 169, 69,
       46, 224, 239, 36, 144, 104, 226, 64, 41, 69, 135, 88, 99, 176, 63,
       71, 189, 118, 43, 63, 124, 215, 97, 138, 112, 23, 78, 12, 62, 247,
       176, 109, 55, 238, 143, 37, 84, 248, 202, 200, 33, 244, 164, 158,
       146, 202, 32, 36, 203, 186, 179, 161, 121, 70, 226, 77, 27, 233,
       206, 104, 18, 62, 71, 202, 98, 156, 2, 85, 127, 128, 113, 162, 6,
       108, 240, 189, 103, 168, 79, 87, 152, 99, 248, 175, 8, 215, 119,
       72, 50, 17, 84, 124, 122, 9, 112, 249, 8, 239, 255, 101, 52, 194,
       243, 198, 115, 83, 123, 3, 165, 50, 142, 43, 52, 40, 200, 74, 237,
       189, 6, 130, 16, 38, 45, 92, 229, 197, 152, 149, 78, 180, 36, 42,
       128, 44, 150, 3, 93, 192, 172, 255, 121, 170, 232, 57, 135, 254,
       55, 162, 16, 181, 254, 80, 123, 163, 55, 120, 25, 54, 205, 167,
       51, 205, 235, 126, 81, 160, 192, 135, 104, 85, 69, 127, 103, 20,
       78, 71, 56, 100, 160, 239, 0, 115, 115, 25, 112, 112, 212, 92,
       106, 105, 176, 89, 14, 243, 239, 1, 20, 97, 243, 64, 32, 220, 76,
       220, 119, 168, 74, 94, 172, 176, 178, 166, 8, 247, 99, 1, 83, 19,
       245, 108, 106, 104, 229, 203, 42, 251, 235, 101, 21, 96, 243, 78,
       42, 193, 136, 189, 94, 136, 173, 145, 143, 222, 19, 160, 24, 246,
       242, 12, 123, 129, 115, 120, 16, 50, 109, 219, 49, 205, 186, 84,
       122, 208, 64, 129, 42, 228, 164, 141, 191, 141, 77, 68, 168, 146,
       179, 129, 24, 215, 119, 72, 59, 209, 215, 125, 51, 59, 70, 219,
       51, 169, 211, 221, 125, 144, 114, 150, 2, 212, 141, 30, 247, 144,
       78, 87, 175, 52, 178, 174, 16, 119, 115, 0, 83, 113, 246, 109,
