%YAML:1.0
---
descriptors: !!opencv-matrix
   rows: 294
   cols: 32
   dt: u
   data: [ 100, 229, 189, 122, 141, 77, 87, 168, 99, 183, 173, 24, 210,
       119, 72, 50, 153, 210, 104, 122, 90, 98, 251, 49, 235, 219, 69,
       127, 210, 122, 198, 98, 13, 117, 17, 71, 117, 78, 102, 184, 121,
       232, 107, 72, 222, 83, 13, 180, 144, 92, 80, 106, 225, 176, 121,
       110, 37, 252, 1, 6, 74, 51, 67, 176, 44, 224, 121, 105, 89, 77,
       83, 152, 66, 52, 45, 8, 83, 85, 73, 48, 25, 216, 64, 106, 10, 34,
       251, 21, 77, 141, 1, 125, 82, 171, 70, 226, 253, 113, 253, 103,
       40, 78, 69, 184, 96, 250, 165, 8, 211, 85, 201, 59, 22, 212, 124,
       106, 201, 103, 251, 8, 227, 201, 101, 60, 105, 179, 70, 115, 252,
       180, 189, 114, 173, 125, 81, 154, 91, 255, 173, 24, 222, 125, 73,
       59, 153, 144, 253, 56, 58, 103, 251, 18, 203, 219, 81, 127, 210,
       73, 70, 115, 104, 180, 188, 122, 173, 221, 81, 47, 239, 127, 165,
       24, 190, 253, 78, 59, 137, 18, 253, 16, 90, 109, 250, 145, 203,
       219, 84, 127, 210, 72, 198, 106, 252, 172, 253, 118, 136, 109, 85,
       191, 178, 190, 164, 24, 83, 119, 72, 31, 9, 246, 109, 42, 120,
       111, 250, 34, 251, 203, 117, 60, 227, 240, 198, 106, 104, 60, 180,
       252, 141, 253, 85, 230, 223, 83, 164, 24, 190, 189, 101, 59, 201,
       242, 251, 16, 42, 111, 242, 187, 219, 255, 84, 59, 210, 92, 86,
       106, 120, 176, 253, 114, 168, 253, 81, 223, 242, 255, 164, 24, 59,
       247, 66, 59, 7, 182, 252, 24, 27, 111, 250, 49, 219, 203, 117,
       121, 224, 192, 198, 123, 226, 170, 236, 82, 200, 185, 225, 207,
       170, 55, 164, 153, 35, 195, 70, 31, 9, 178, 235, 16, 58, 111, 202,
       49, 95, 131, 84, 121, 225, 192, 206, 234, 224, 252, 156, 250, 204,
       237, 69, 143, 218, 27, 168, 24, 182, 243, 72, 123, 129, 90, 106,
       8, 35, 111, 218, 115, 253, 178, 85, 124, 216, 88, 199, 42, 125,
       69, 125, 103, 178, 78, 79, 188, 100, 160, 171, 0, 211, 115, 9,
       115, 50, 212, 124, 106, 105, 160, 121, 44, 231, 239, 37, 20, 96,
       243, 192, 32, 69, 71, 149, 71, 176, 46, 110, 152, 124, 170, 107,
       68, 214, 98, 201, 254, 147, 68, 108, 126, 133, 208, 201, 106, 172,
       190, 103, 4, 136, 243, 97, 5, 252, 12, 157, 118, 168, 104, 84,
       190, 176, 186, 166, 56, 255, 51, 1, 91, 135, 247, 108, 42, 104,
       71, 203, 32, 211, 235, 117, 25, 96, 241, 11, 43, 96, 245, 149,
       107, 157, 77, 84, 175, 127, 49, 40, 88, 214, 51, 76, 118, 145,
       150, 104, 16, 123, 104, 219, 19, 173, 214, 21, 126, 80, 88, 198,
       42, 228, 96, 220, 101, 44, 10, 71, 24, 96, 162, 167, 8, 215, 17,
       137, 27, 88, 212, 108, 106, 104, 230, 201, 8, 228, 187, 101, 52,
       64, 179, 66, 32, 20, 101, 27, 99, 21, 79, 103, 232, 118, 160, 235,
       0, 83, 81, 9, 112, 56, 220, 8, 122, 105, 176, 57, 30, 249, 142, 5,
       4, 96, 187, 64, 34, 100, 101, 27, 126, 93, 198, 199, 224, 248,
       128, 233, 8, 82, 243, 41, 48, 216, 252, 82, 234, 73, 227, 186, 78,
       49, 188, 135, 12, 65, 51, 102, 162, 69, 117, 17, 69, 21, 15, 102,
       56, 104, 224, 107, 76, 214, 17, 9, 48, 144, 76, 80, 106, 193, 176,
       217, 12, 37, 156, 1, 6, 72, 51, 67, 162, 124, 69, 220, 126, 139,
       8, 22, 232, 146, 134, 173, 41, 111, 227, 43, 211, 209, 246, 233,
       98, 104, 67, 202, 43, 243, 231, 69, 59, 242, 123, 78, 2, 77, 101,
       112, 103, 52, 30, 118, 168, 121, 160, 107, 8, 223, 121, 157, 176,
       178, 76, 125, 110, 196, 240, 201, 14, 230, 255, 5, 6, 70, 183, 67,
       4, 92, 112, 188, 228, 44, 76, 89, 24, 175, 248, 183, 41, 223, 87,
       203, 91, 134, 149, 125, 120, 10, 65, 203, 0, 211, 249, 99, 156,
       130, 163, 5, 115, 120, 173, 254, 114, 154, 233, 85, 207, 162, 21,
       173, 184, 39, 247, 72, 26, 33, 146, 237, 144, 26, 75, 170, 49,
       251, 199, 53, 125, 224, 64, 134, 106, 1, 121, 19, 77, 67, 94, 39,
       52, 104, 200, 106, 104, 250, 16, 133, 180, 50, 124, 80, 106, 65,
       176, 177, 108, 37, 184, 0, 0, 75, 179, 67, 189, 133, 142, 205, 63,
       164, 170, 103, 191, 118, 179, 107, 212, 243, 97, 152, 88, 83, 110,
       42, 28, 51, 252, 207, 50, 236, 174, 119, 64, 252, 240, 208, 136,
       205, 120, 157, 101, 33, 46, 115, 144, 121, 234, 38, 28, 222, 51,
       65, 187, 176, 84, 124, 106, 33, 244, 249, 42, 199, 251, 69, 6,
       202, 113, 3, 59, 236, 180, 188, 99, 137, 111, 21, 9, 123, 63, 37,
       24, 206, 117, 72, 27, 145, 22, 232, 48, 50, 116, 249, 18, 207,
       215, 85, 119, 208, 74, 199, 34, 236, 48, 189, 99, 169, 111, 115,
       136, 123, 186, 37, 24, 222, 85, 73, 59, 145, 84, 104, 114, 49,
       116, 249, 32, 207, 219, 65, 119, 194, 107, 71, 35, 77, 84, 29,
       111, 177, 46, 119, 184, 124, 234, 99, 68, 222, 115, 9, 113, 147,
       84, 104, 106, 225, 244, 121, 78, 229, 255, 69, 6, 200, 115, 99,
       51, 112, 170, 222, 112, 170, 169, 81, 199, 163, 181, 172, 185, 39,
       231, 66, 26, 167, 179, 237, 16, 26, 75, 138, 49, 219, 199, 117,
       121, 224, 192, 134, 106, 105, 181, 188, 115, 237, 61, 117, 159,
       123, 243, 44, 24, 158, 61, 94, 190, 133, 70, 248, 28, 182, 120,
       249, 162, 239, 223, 85, 116, 194, 212, 202, 110, 69, 253, 157, 67,
       164, 15, 39, 152, 122, 250, 10, 76, 214, 112, 89, 43, 145, 68,
       120, 127, 209, 112, 249, 32, 237, 158, 101, 116, 200, 123, 83, 32,
       45, 113, 17, 97, 49, 95, 82, 24, 97, 232, 45, 8, 219, 19, 69, 48,
       144, 156, 68, 122, 73, 176, 241, 8, 231, 221, 1, 54, 74, 179, 74,
       38, 248, 56, 255, 116, 42, 232, 65, 82, 162, 159, 164, 56, 55,
       247, 65, 91, 39, 246, 109, 24, 40, 71, 162, 0, 217, 195, 117, 56,
       224, 240, 102, 99, 77, 117, 156, 71, 225, 126, 119, 184, 121, 234,
       47, 12, 222, 112, 77, 191, 145, 68, 120, 106, 229, 240, 249, 74,
       111, 255, 69, 6, 202, 115, 203, 7, 240, 34, 251, 96, 2, 107, 65,
       83, 224, 182, 160, 56, 19, 151, 192, 59, 46, 180, 68, 24, 40, 71,
       160, 0, 89, 137, 113, 36, 225, 160, 70, 224, 244, 174, 220, 114,
       168, 172, 85, 215, 178, 191, 164, 29, 23, 227, 66, 27, 1, 246,
       109, 24, 58, 79, 202, 34, 219, 195, 117, 121, 224, 208, 198, 35,
       248, 188, 252, 122, 172, 237, 85, 223, 147, 63, 180, 56, 51, 241,
       66, 27, 73, 242, 236, 16, 58, 111, 202, 51, 251, 195, 117, 121,
       243, 200, 198, 43, 36, 165, 57, 97, 157, 79, 21, 169, 74, 181, 45,
       24, 214, 53, 72, 48, 145, 30, 64, 48, 82, 120, 249, 21, 237, 157,
       5, 119, 192, 10, 198, 98, 248, 190, 246, 114, 235, 233, 81, 223,
       179, 31, 164, 56, 47, 247, 64, 31, 39, 247, 237, 16, 58, 79, 170,
       51, 219, 247, 85, 123, 226, 196, 134, 107, 205, 92, 157, 87, 161,
       78, 119, 188, 120, 250, 39, 88, 222, 115, 1, 123, 145, 86, 124,
       106, 97, 212, 251, 42, 231, 251, 101, 4, 200, 113, 195, 51, 120,
       184, 254, 112, 138, 233, 81, 71, 163, 53, 164, 56, 55, 183, 64,
       26, 35, 178, 108, 16, 26, 107, 162, 17, 219, 195, 116, 121, 226,
       128, 198, 106, 108, 229, 189, 67, 201, 77, 71, 136, 107, 189, 45,
       8, 214, 117, 76, 54, 153, 86, 104, 122, 123, 96, 251, 50, 111,
       222, 69, 127, 210, 123, 198, 34, 5, 221, 25, 103, 176, 14, 111,
       188, 116, 232, 126, 68, 215, 115, 137, 112, 54, 92, 60, 110, 225,
       144, 125, 46, 229, 239, 39, 132, 40, 243, 129, 49, 36, 241, 49,
       67, 217, 79, 67, 152, 98, 176, 33, 8, 210, 85, 77, 52, 17, 92, 64,
       122, 67, 112, 249, 20, 109, 156, 5, 116, 80, 59, 70, 160, 125, 87,
       101, 71, 180, 14, 71, 184, 97, 232, 191, 76, 83, 97, 157, 183, 20,
       196, 76, 110, 233, 176, 237, 46, 38, 174, 37, 148, 106, 243, 82,
       49, 124, 52, 189, 99, 45, 111, 81, 152, 107, 255, 189, 24, 223,
       95, 73, 58, 153, 212, 125, 58, 11, 102, 251, 16, 203, 223, 101,
       125, 210, 123, 70, 114, 124, 112, 189, 115, 41, 111, 83, 152, 114,
       251, 165, 24, 215, 85, 73, 59, 145, 212, 124, 122, 43, 103, 251,
       2, 219, 219, 101, 125, 194, 243, 70, 115, 120, 180, 188, 122, 173,
       253, 81, 31, 239, 123, 173, 24, 223, 253, 74, 58, 129, 146, 237,
