%YAML:1.0
---
descriptors: !!opencv-matrix
   rows: 304
   cols: 32
   dt: u
   data: [ 248, 188, 247, 114, 171, 253, 85, 215, 179, 191, 164, 56, 47,
       247, 64, 191, 39, 247, 236, 16, 58, 111, 186, 35, 219, 243, 85,
       123, 226, 212, 134, 107, 240, 174, 220, 114, 168, 173, 81, 215,
       178, 191, 164, 29, 55, 243, 66, 27, 9, 242, 109, 24, 58, 111, 218,
       51, 219, 195, 117, 121, 224, 192, 198, 43, 77, 85, 20, 71, 49, 30,
       119, 56, 109, 232, 111, 68, 222, 51, 9, 116, 144, 84, 120, 106,
       193, 176, 89, 78, 231, 255, 3, 6, 74, 51, 11, 35, 69, 112, 145,
       101, 65, 93, 112, 0, 105, 224, 35, 8, 222, 20, 69, 190, 144, 92,
       96, 82, 1, 112, 177, 64, 5, 216, 69, 38, 194, 51, 67, 166, 248,
       162, 255, 112, 162, 233, 81, 87, 178, 183, 166, 56, 19, 135, 64,
       27, 47, 150, 100, 24, 56, 109, 160, 0, 89, 203, 112, 112, 225,
       192, 198, 107, 205, 117, 28, 103, 169, 14, 118, 184, 121, 138,
       175, 76, 254, 115, 11, 18, 147, 228, 108, 106, 105, 240, 217, 42,
       231, 251, 69, 6, 74, 115, 75, 3, 240, 170, 254, 248, 250, 225, 81,
       215, 162, 21, 164, 57, 55, 135, 98, 91, 231, 187, 205, 16, 58, 75,
       130, 49, 219, 129, 48, 121, 176, 192, 166, 107, 69, 244, 189, 67,
       164, 111, 103, 152, 122, 251, 15, 8, 215, 113, 217, 42, 17, 68,
       120, 122, 241, 112, 249, 34, 237, 159, 101, 116, 200, 123, 211,
       35, 208, 24, 183, 116, 168, 108, 81, 55, 176, 159, 162, 56, 247,
       183, 64, 127, 5, 246, 109, 24, 57, 79, 179, 0, 217, 162, 116, 88,
       162, 224, 38, 107, 233, 189, 184, 115, 217, 221, 117, 151, 123,
       241, 44, 28, 158, 61, 78, 190, 133, 78, 240, 28, 151, 120, 249,
       179, 111, 223, 21, 118, 202, 84, 203, 254, 248, 188, 188, 248, 45,
       253, 81, 83, 255, 59, 180, 28, 191, 155, 64, 59, 141, 187, 253,
       24, 58, 111, 242, 147, 219, 219, 80, 122, 218, 72, 66, 27, 112,
       188, 252, 114, 170, 233, 81, 215, 163, 183, 164, 185, 39, 231, 66,
       27, 7, 183, 237, 16, 26, 79, 138, 51, 219, 195, 117, 121, 224,
       192, 134, 123, 205, 116, 157, 103, 33, 78, 119, 184, 120, 234,
       107, 8, 222, 113, 9, 123, 144, 84, 104, 106, 97, 244, 249, 10,
       229, 251, 69, 6, 74, 115, 67, 35, 36, 224, 57, 105, 12, 77, 83,
       136, 66, 52, 37, 8, 242, 85, 9, 48, 153, 80, 64, 106, 74, 32, 251,
       17, 197, 152, 1, 63, 80, 59, 70, 98, 5, 223, 31, 111, 176, 14, 47,
       189, 116, 202, 126, 100, 245, 115, 137, 112, 54, 126, 60, 110,
       241, 216, 121, 46, 236, 175, 103, 128, 40, 242, 129, 57, 125, 93,
       125, 102, 176, 78, 71, 188, 225, 232, 191, 72, 115, 119, 137, 115,
       22, 244, 124, 106, 233, 161, 249, 44, 243, 233, 101, 16, 104, 243,
       100, 49, 253, 113, 253, 102, 40, 78, 87, 152, 225, 250, 181, 8,
       91, 87, 201, 59, 22, 212, 124, 106, 233, 103, 249, 0, 211, 201,
       101, 60, 99, 179, 70, 115, 221, 38, 156, 180, 168, 60, 92, 26,
       251, 187, 163, 120, 207, 226, 203, 219, 167, 199, 108, 30, 188,
       69, 203, 2, 218, 231, 127, 189, 136, 241, 11, 1, 44, 176, 185,
       115, 173, 125, 81, 152, 123, 191, 181, 24, 223, 127, 73, 58, 153,
       216, 255, 24, 26, 102, 251, 18, 207, 223, 49, 127, 210, 75, 70,
       242, 252, 112, 189, 115, 41, 109, 81, 216, 243, 187, 165, 24, 215,
       215, 73, 59, 145, 212, 124, 58, 43, 103, 251, 0, 219, 219, 117,
       125, 226, 243, 70, 51, 252, 173, 253, 118, 168, 109, 69, 190, 178,
       190, 164, 24, 115, 119, 73, 27, 1, 214, 109, 42, 120, 71, 250, 42,
       251, 203, 117, 60, 226, 240, 198, 107, 252, 104, 220, 114, 137,
       105, 85, 216, 147, 182, 181, 24, 67, 225, 75, 27, 9, 214, 236, 18,
       58, 103, 218, 32, 219, 203, 85, 61, 227, 249, 206, 34, 192, 180,
       156, 218, 204, 237, 65, 143, 254, 59, 161, 24, 246, 243, 72, 123,
       129, 18, 106, 24, 51, 109, 219, 51, 221, 146, 81, 124, 216, 72,
       199, 42, 96, 181, 149, 121, 153, 109, 84, 143, 127, 59, 168, 24,
       150, 57, 76, 122, 129, 18, 104, 16, 59, 104, 219, 19, 175, 222,
       85, 126, 208, 88, 196, 42, 22, 237, 118, 175, 254, 11, 254, 232,
       125, 162, 251, 10, 238, 234, 61, 65, 255, 255, 127, 227, 232, 243,
       73, 238, 188, 254, 207, 134, 101, 251, 161, 133, 252, 181, 253,
       113, 166, 123, 85, 59, 114, 254, 183, 56, 151, 53, 202, 59, 3,
       212, 108, 50, 121, 100, 233, 2, 203, 203, 101, 117, 224, 233, 198,
       99, 252, 197, 156, 126, 139, 41, 23, 172, 178, 55, 172, 25, 110,
       227, 74, 83, 177, 214, 232, 98, 106, 67, 138, 51, 251, 227, 85,
       63, 242, 115, 143, 42, 76, 101, 252, 103, 32, 74, 127, 184, 57,
       166, 111, 8, 219, 119, 137, 50, 50, 212, 125, 234, 104, 208, 233,
       74, 231, 235, 101, 5, 98, 243, 70, 96, 77, 113, 157, 103, 129,
       110, 55, 136, 122, 242, 111, 8, 222, 119, 73, 58, 145, 93, 120,
       122, 33, 208, 249, 106, 237, 187, 69, 6, 200, 115, 131, 50, 112,
       176, 255, 112, 40, 200, 81, 19, 162, 157, 164, 57, 55, 151, 64,
       27, 39, 180, 109, 24, 10, 79, 178, 1, 217, 171, 112, 120, 96, 128,
       70, 123, 248, 190, 254, 120, 168, 169, 81, 87, 179, 31, 164, 189,
       55, 167, 98, 27, 141, 179, 237, 16, 58, 79, 130, 19, 219, 195,
       116, 121, 178, 192, 166, 27, 44, 161, 184, 122, 221, 253, 209,
       143, 91, 61, 173, 25, 138, 221, 78, 24, 137, 26, 195, 16, 26, 106,
       250, 145, 79, 221, 21, 127, 210, 12, 222, 226, 197, 174, 141, 153,
       236, 169, 229, 138, 254, 179, 160, 208, 149, 226, 248, 75, 99, 66,
       106, 30, 51, 109, 207, 115, 140, 130, 119, 108, 156, 209, 131,
       160, 69, 48, 153, 101, 129, 78, 119, 24, 104, 234, 39, 72, 214,
       49, 73, 58, 144, 84, 108, 106, 65, 244, 241, 8, 197, 186, 101, 6,
       200, 115, 67, 35, 217, 143, 85, 103, 176, 14, 71, 183, 100, 168,
       170, 68, 243, 33, 144, 112, 52, 230, 108, 110, 249, 184, 13, 47,
       224, 175, 37, 16, 104, 242, 194, 41, 80, 152, 191, 244, 138, 96,
       81, 23, 162, 151, 166, 56, 119, 183, 64, 90, 39, 247, 109, 136,
       24, 79, 178, 0, 217, 231, 112, 88, 160, 224, 166, 107, 13, 125,
       17, 69, 117, 30, 230, 188, 120, 232, 106, 76, 222, 48, 21, 180,
       148, 76, 84, 106, 225, 176, 89, 78, 37, 188, 37, 4, 74, 178, 75,
       133, 37, 117, 17, 69, 117, 15, 102, 184, 106, 232, 43, 76, 214,
       80, 77, 180, 144, 76, 82, 106, 193, 240, 121, 28, 45, 156, 5, 52,
       72, 59, 66, 180, 216, 184, 191, 176, 41, 236, 80, 7, 178, 127,
       164, 57, 191, 183, 66, 27, 167, 183, 237, 16, 62, 79, 146, 1, 219,
       227, 112, 251, 162, 68, 6, 91, 101, 112, 145, 71, 193, 126, 99,
       152, 99, 226, 43, 72, 210, 113, 73, 190, 17, 92, 112, 122, 1, 240,
       249, 40, 13, 156, 69, 52, 202, 243, 66, 32, 141, 79, 68, 7, 176,
       26, 102, 184, 116, 170, 126, 228, 211, 96, 145, 245, 83, 108, 44,
       110, 233, 244, 109, 46, 164, 166, 101, 132, 110, 243, 88, 5, 36,
       224, 49, 65, 77, 79, 71, 168, 106, 48, 41, 8, 214, 85, 73, 52,
       145, 84, 64, 106, 67, 48, 249, 21, 45, 156, 5, 118, 82, 59, 70,
       32, 29, 213, 27, 103, 176, 14, 111, 188, 116, 234, 95, 100, 245,
       115, 136, 112, 54, 92, 60, 110, 225, 144, 121, 47, 231, 239, 39,
       128, 42, 242, 161, 57, 125, 85, 125, 102, 184, 78, 79, 188, 225,
       232, 190, 72, 83, 119, 137, 115, 20, 212, 124, 106, 201, 163, 249,
       44, 243, 233, 101, 20, 104, 243, 66, 49, 221, 46, 156, 176, 168,
       60, 80, 155, 250, 187, 162, 92, 223, 242, 65, 219, 135, 199, 108,
       20, 188, 71, 195, 2, 154, 251, 127, 254, 168, 113, 139, 1, 213,
       213, 25, 231, 176, 111, 79, 184, 52, 232, 255, 96, 215, 119, 137,
       112, 22, 214, 92, 106, 121, 144, 105, 62, 233, 239, 39, 212, 32,
       243, 129, 33, 44, 48, 185, 99, 173, 125, 81, 152, 91, 255, 189,
       24, 223, 125, 73, 58, 153, 216, 253, 56, 27, 102, 251, 18, 207,
       221, 33, 127, 194, 235, 70, 115, 252, 112, 185, 114, 40, 108, 83,
       152, 243, 250, 165, 24, 215, 215, 73, 59, 145, 212, 124, 122, 9,
       103, 251, 34, 211, 201, 101, 60, 232, 243, 70, 51, 252, 188, 252,
       118, 169, 109, 85, 190, 179, 191, 165, 24, 119, 247, 72, 27, 9,
