%YAML:1.0
---
descriptors: !!opencv-matrix
   rows: 180
   cols: 32
   dt: u
   data: [ 116, 77, 45, 101, 20, 78, 103, 168, 52, 166, 226, 0, 211, 119,
       1, 112, 80, 196, 121, 106, 104, 208, 249, 14, 229, 170, 133, 4, 0,
       115, 86, 96, 229, 36, 156, 179, 172, 47, 70, 136, 58, 178, 131,
       24, 215, 113, 73, 27, 145, 68, 104, 126, 56, 68, 219, 32, 173,
       210, 69, 60, 128, 123, 219, 0, 253, 101, 189, 117, 168, 15, 85,
       184, 56, 250, 167, 25, 215, 55, 75, 27, 148, 68, 109, 110, 96,
       100, 249, 10, 227, 235, 101, 20, 192, 241, 66, 98, 129, 132, 109,
       203, 180, 255, 235, 155, 94, 97, 95, 84, 209, 5, 156, 96, 93, 14,
       26, 60, 179, 184, 125, 31, 109, 175, 163, 68, 220, 138, 209, 240,
       193, 52, 31, 240, 32, 236, 113, 23, 168, 27, 34, 88, 150, 23, 0,
       123, 165, 23, 124, 8, 49, 109, 146, 0, 193, 187, 112, 0, 200, 64,
       3, 59, 228, 215, 61, 111, 152, 15, 71, 184, 86, 166, 175, 28, 211,
       33, 9, 81, 21, 196, 72, 110, 104, 52, 121, 31, 239, 174, 5, 20,
       80, 251, 68, 50, 253, 252, 156, 50, 136, 237, 85, 159, 178, 211,
       165, 29, 119, 243, 74, 27, 129, 230, 108, 30, 59, 103, 154, 35,
       217, 235, 117, 124, 232, 209, 194, 82, 212, 76, 189, 183, 44, 107,
       71, 184, 254, 242, 131, 88, 215, 113, 17, 35, 3, 85, 124, 107, 41,
       229, 201, 44, 233, 163, 101, 20, 100, 249, 5, 32, 209, 140, 188,
       94, 169, 189, 16, 143, 223, 23, 160, 24, 182, 240, 79, 123, 129,
       34, 104, 24, 190, 109, 123, 51, 155, 250, 86, 123, 208, 72, 129,
       110, 244, 60, 172, 246, 140, 108, 69, 159, 242, 255, 135, 24, 215,
       241, 73, 59, 129, 214, 125, 24, 56, 77, 251, 34, 217, 163, 245,
       61, 160, 121, 214, 98, 221, 60, 255, 101, 168, 126, 95, 144, 233,
       254, 159, 28, 223, 61, 211, 123, 167, 245, 125, 127, 189, 197,
       249, 10, 235, 251, 101, 212, 236, 243, 87, 113, 70, 189, 189, 186,
       185, 229, 25, 143, 158, 125, 137, 25, 182, 255, 74, 10, 197, 19,
       253, 17, 30, 75, 250, 179, 203, 215, 159, 127, 144, 64, 133, 115,
       192, 191, 159, 119, 160, 14, 53, 55, 184, 158, 114, 116, 247, 51,
       128, 27, 167, 119, 109, 0, 112, 205, 131, 106, 236, 162, 118, 128,
       200, 240, 135, 43, 82, 221, 63, 190, 26, 197, 29, 239, 150, 84,
       136, 9, 247, 255, 32, 83, 237, 243, 121, 193, 106, 75, 186, 127,
       249, 167, 223, 59, 16, 16, 37, 122, 126, 176, 168, 186, 157, 253,
       209, 203, 146, 253, 141, 25, 2, 220, 126, 26, 201, 154, 249, 17,
       30, 107, 250, 179, 219, 213, 157, 127, 208, 77, 222, 210, 92, 77,
       94, 231, 176, 10, 79, 176, 164, 164, 175, 136, 215, 99, 1, 83, 50,
       244, 108, 234, 104, 129, 9, 44, 224, 227, 101, 16, 32, 243, 6, 32,
       220, 81, 61, 101, 168, 14, 87, 184, 32, 186, 183, 104, 215, 119,
       137, 115, 22, 212, 124, 106, 105, 101, 233, 12, 241, 171, 101,
       148, 96, 179, 134, 33, 214, 60, 151, 246, 139, 96, 20, 135, 171,
       147, 162, 57, 108, 183, 65, 91, 167, 247, 237, 128, 120, 79, 138,
       98, 153, 162, 95, 59, 160, 112, 167, 43, 244, 96, 189, 117, 136,
       14, 69, 168, 48, 178, 166, 24, 215, 51, 9, 91, 128, 68, 121, 106,
       104, 229, 217, 8, 195, 235, 69, 20, 64, 241, 66, 34, 112, 105,
       184, 100, 40, 78, 85, 55, 98, 160, 166, 8, 183, 51, 64, 18, 2,
       244, 109, 104, 72, 74, 209, 8, 251, 233, 101, 52, 96, 176, 66, 42,
       213, 158, 159, 118, 170, 40, 69, 158, 179, 219, 167, 124, 247,
       247, 137, 123, 39, 230, 108, 12, 57, 77, 171, 51, 218, 231, 117,
       80, 170, 241, 130, 49, 245, 236, 189, 114, 136, 237, 87, 222, 179,
       255, 173, 24, 119, 247, 75, 27, 129, 230, 125, 26, 42, 103, 250,
       51, 217, 235, 117, 124, 224, 211, 198, 98, 208, 140, 189, 126,
       136, 173, 80, 142, 254, 19, 161, 24, 246, 248, 76, 123, 129, 83,
       104, 17, 58, 109, 219, 49, 217, 186, 85, 122, 208, 72, 131, 10,
       204, 224, 156, 126, 137, 65, 87, 168, 178, 182, 165, 25, 242, 243,
       75, 91, 209, 68, 104, 122, 106, 71, 203, 49, 251, 211, 197, 125,
       144, 115, 74, 2, 100, 111, 21, 103, 52, 79, 230, 184, 121, 136,
       122, 72, 246, 109, 29, 48, 152, 245, 108, 106, 233, 240, 217, 110,
       165, 190, 37, 0, 64, 243, 70, 32, 216, 176, 159, 240, 137, 236,
       113, 23, 170, 19, 34, 88, 190, 183, 64, 123, 165, 23, 120, 16, 51,
       109, 146, 1, 209, 233, 80, 74, 200, 64, 131, 59, 227, 184, 187,
       90, 203, 229, 184, 199, 251, 83, 48, 24, 188, 222, 108, 63, 175,
       59, 115, 145, 55, 111, 186, 241, 29, 24, 90, 106, 193, 65, 167,
       239, 184, 133, 45, 111, 156, 111, 71, 171, 84, 160, 239, 24, 211,
       113, 24, 97, 89, 214, 120, 106, 121, 248, 121, 31, 237, 235, 229,
       84, 113, 234, 212, 34, 213, 124, 191, 100, 168, 110, 95, 146, 225,
       238, 174, 28, 215, 127, 83, 123, 181, 245, 125, 127, 169, 197,
       185, 42, 251, 251, 101, 84, 232, 243, 70, 114, 221, 124, 191, 119,
       160, 110, 125, 183, 48, 202, 70, 84, 247, 119, 3, 123, 55, 119,
       124, 46, 233, 212, 177, 42, 227, 235, 119, 0, 168, 240, 167, 121,
       68, 180, 189, 243, 184, 237, 17, 143, 158, 241, 137, 25, 151, 255,
       72, 42, 133, 83, 121, 17, 27, 72, 219, 51, 201, 215, 31, 124, 144,
       73, 135, 50, 208, 221, 189, 190, 8, 197, 21, 110, 150, 222, 136,
       9, 247, 247, 33, 83, 201, 243, 121, 129, 106, 75, 211, 63, 241,
       163, 255, 56, 16, 16, 37, 122, 197, 174, 135, 30, 168, 173, 101,
       130, 254, 27, 162, 92, 230, 226, 208, 127, 161, 102, 104, 29, 179,
       109, 143, 115, 156, 58, 87, 120, 200, 64, 195, 36, 77, 245, 61,
       103, 177, 79, 119, 168, 121, 234, 47, 8, 222, 119, 9, 51, 145, 85,
       104, 98, 97, 240, 249, 110, 231, 255, 69, 39, 72, 115, 71, 35,
       240, 168, 252, 82, 136, 249, 80, 199, 243, 183, 164, 56, 35, 251,
       70, 27, 105, 246, 236, 144, 62, 111, 218, 51, 218, 219, 213, 123,
       225, 192, 238, 10, 193, 113, 17, 101, 0, 78, 103, 48, 96, 224, 98,
       72, 214, 19, 1, 49, 16, 84, 72, 106, 65, 176, 241, 12, 165, 168,
       1, 0, 72, 51, 66, 48, 242, 176, 220, 124, 139, 100, 16, 207, 187,
       251, 160, 157, 126, 255, 78, 91, 133, 215, 237, 4, 63, 79, 218,
       19, 219, 163, 85, 127, 248, 112, 138, 27, 196, 54, 221, 101, 160,
       110, 77, 27, 48, 251, 43, 240, 215, 119, 200, 123, 23, 87, 109,
       56, 177, 212, 233, 2, 205, 174, 117, 212, 160, 224, 135, 49, 208,
       172, 29, 117, 136, 106, 101, 167, 244, 50, 162, 80, 183, 51, 0,
       123, 33, 182, 108, 136, 121, 237, 211, 15, 233, 163, 118, 16, 224,
       96, 167, 42, 244, 237, 189, 114, 168, 237, 71, 223, 179, 191, 173,
       24, 119, 247, 73, 59, 1, 214, 125, 90, 58, 103, 250, 51, 249, 171,
       117, 124, 224, 113, 198, 98, 84, 160, 157, 126, 136, 173, 16, 139,
       222, 19, 161, 24, 247, 241, 72, 91, 193, 115, 104, 17, 58, 99,
       202, 49, 217, 162, 85, 120, 208, 72, 3, 34, 252, 60, 157, 246,
       168, 108, 85, 158, 178, 179, 163, 24, 215, 243, 73, 27, 129, 214,
       108, 18, 59, 101, 219, 34, 217, 131, 117, 124, 168, 123, 194, 34,
       252, 229, 157, 242, 153, 77, 71, 172, 178, 191, 169, 24, 215, 247,
       73, 51, 145, 214, 108, 114, 122, 67, 251, 51, 249, 211, 69, 125,
       144, 114, 134, 42, 197, 85, 21, 103, 5, 79, 71, 184, 116, 162, 35,
       72, 211, 113, 9, 123, 144, 84, 104, 106, 105, 244, 121, 14, 237,
       154, 69, 20, 72, 123, 64, 48, 96, 161, 157, 96, 137, 109, 21, 143,
       171, 177, 172, 8, 150, 183, 64, 58, 129, 86, 232, 16, 18, 105,
       242, 16, 203, 213, 21, 127, 192, 64, 198, 34, 248, 173, 156, 112,
       137, 105, 85, 239, 179, 183, 168, 24, 39, 163, 64, 27, 129, 210,
       233, 16, 122, 107, 210, 51, 251, 195, 85, 125, 224, 112, 134, 42,
       216, 184, 159, 112, 137, 252, 80, 23, 242, 19, 166, 24, 191, 179,
       64, 251, 161, 54, 104, 24, 51, 109, 178, 33, 219, 251, 80, 106,
       234, 64, 139, 42, 227, 168, 155, 154, 204, 229, 184, 199, 235, 83,
       112, 24, 52, 250, 124, 59, 169, 187, 114, 145, 23, 111, 154, 113,
       29, 24, 94, 107, 209, 64, 227, 142, 213, 124, 187, 102, 160, 110,
