%YAML:1.0
---
descriptors: !!opencv-matrix
   rows: 208
   cols: 32
   dt: u
   data: [ 100, 181, 185, 103, 153, 79, 71, 168, 106, 168, 170, 8, 214,
       119, 73, 50, 145, 86, 120, 106, 73, 112, 249, 62, 237, 221, 5, 52,
       64, 115, 71, 114, 108, 229, 189, 122, 137, 77, 87, 168, 178, 191,
       173, 24, 210, 119, 72, 59, 153, 82, 104, 122, 122, 98, 251, 51,
       239, 219, 69, 127, 210, 115, 198, 98, 120, 180, 249, 112, 155,
       237, 81, 223, 227, 53, 172, 24, 55, 183, 72, 58, 1, 146, 108, 16,
       26, 75, 242, 17, 219, 207, 16, 123, 226, 64, 198, 106, 209, 142,
       79, 101, 176, 42, 111, 183, 116, 162, 106, 116, 243, 35, 144, 112,
       23, 110, 44, 44, 249, 156, 77, 47, 236, 174, 37, 0, 232, 242, 192,
       40, 69, 117, 17, 71, 97, 78, 230, 184, 121, 234, 99, 76, 218, 113,
       13, 52, 144, 92, 112, 106, 225, 240, 249, 110, 39, 186, 69, 6, 74,
       51, 67, 177, 45, 117, 17, 71, 117, 79, 102, 152, 126, 232, 43, 72,
       214, 113, 77, 180, 153, 92, 82, 106, 65, 176, 121, 30, 45, 156, 5,
       52, 72, 123, 67, 160, 32, 225, 57, 75, 76, 77, 67, 184, 66, 52,
       37, 8, 210, 85, 76, 48, 153, 80, 64, 106, 74, 32, 251, 21, 101,
       152, 1, 124, 80, 27, 70, 98, 253, 186, 156, 56, 168, 173, 89, 218,
       163, 127, 180, 189, 63, 247, 194, 27, 135, 179, 253, 20, 62, 79,
       202, 49, 218, 201, 113, 249, 162, 196, 142, 83, 252, 44, 252, 118,
       137, 109, 85, 223, 179, 183, 172, 25, 83, 247, 67, 27, 1, 214,
       109, 24, 56, 71, 218, 34, 219, 203, 85, 61, 226, 240, 198, 106,
       168, 174, 196, 50, 248, 169, 104, 223, 179, 187, 112, 253, 46,
       225, 210, 153, 11, 170, 198, 28, 54, 126, 202, 119, 94, 19, 117,
       105, 234, 196, 202, 136, 221, 38, 156, 182, 168, 60, 88, 26, 250,
       187, 187, 93, 207, 226, 203, 219, 131, 199, 108, 30, 60, 69, 203,
       34, 218, 251, 119, 253, 136, 225, 139, 1, 224, 244, 156, 218, 200,
       237, 69, 143, 218, 19, 161, 24, 182, 243, 72, 123, 129, 82, 106,
       24, 51, 111, 218, 51, 221, 162, 116, 124, 216, 88, 199, 170, 85,
       69, 93, 103, 20, 78, 71, 184, 101, 160, 171, 72, 115, 113, 9, 112,
       50, 228, 124, 106, 105, 161, 89, 47, 231, 239, 37, 20, 96, 179,
       64, 32, 252, 68, 220, 118, 168, 110, 85, 184, 176, 178, 167, 56,
       215, 119, 9, 91, 135, 215, 108, 106, 104, 71, 203, 42, 211, 235,
       117, 29, 96, 241, 134, 35, 117, 245, 181, 70, 21, 79, 71, 168, 82,
       226, 163, 8, 82, 112, 25, 181, 145, 244, 112, 106, 105, 243, 121,
       62, 57, 174, 69, 54, 97, 59, 82, 38, 212, 205, 94, 119, 146, 106,
       71, 170, 52, 162, 166, 16, 119, 115, 9, 81, 49, 246, 77, 234, 104,
       213, 89, 46, 249, 231, 37, 21, 32, 241, 228, 34, 69, 247, 157,
       103, 149, 14, 103, 184, 122, 250, 43, 76, 214, 113, 73, 50, 149,
       68, 108, 126, 225, 112, 217, 46, 237, 190, 101, 36, 72, 115, 67,
       33, 192, 140, 157, 254, 136, 236, 21, 167, 190, 23, 104, 24, 183,
       243, 64, 91, 129, 114, 106, 8, 50, 76, 218, 51, 205, 163, 116,
       120, 144, 72, 135, 170, 83, 59, 2, 129, 50, 142, 58, 48, 45, 192,
       74, 237, 175, 2, 135, 212, 166, 61, 204, 69, 133, 152, 148, 76,
       164, 52, 10, 130, 12, 6, 11, 29, 116, 197, 125, 103, 22, 79, 71,
       184, 100, 160, 171, 8, 83, 49, 9, 112, 49, 212, 72, 106, 104, 176,
       121, 31, 237, 175, 5, 20, 113, 186, 64, 34, 109, 101, 117, 103,
       52, 31, 118, 184, 121, 232, 127, 73, 219, 125, 157, 176, 150, 68,
       125, 110, 196, 240, 233, 46, 231, 255, 37, 20, 66, 247, 82, 103,
       76, 229, 249, 103, 178, 74, 127, 184, 57, 164, 111, 137, 223, 119,
       137, 80, 23, 93, 125, 126, 64, 208, 249, 110, 239, 239, 37, 4,
       226, 243, 7, 112, 208, 184, 156, 112, 136, 236, 81, 159, 230, 115,
       166, 24, 183, 183, 64, 58, 129, 247, 108, 16, 27, 73, 219, 49,
       217, 163, 117, 121, 224, 64, 135, 58, 69, 119, 24, 103, 112, 46,
       119, 184, 121, 170, 107, 76, 246, 115, 73, 17, 148, 76, 108, 110,
       192, 240, 217, 46, 231, 255, 37, 6, 72, 243, 67, 35, 252, 40, 255,
       112, 138, 232, 65, 83, 162, 151, 164, 56, 23, 151, 64, 27, 35,
       182, 109, 152, 26, 79, 162, 0, 219, 227, 113, 120, 224, 128, 38,
       98, 109, 111, 192, 71, 244, 26, 102, 184, 121, 168, 127, 200, 195,
       96, 157, 148, 16, 76, 108, 110, 228, 240, 205, 46, 46, 255, 37, 4,
       66, 251, 218, 4, 248, 130, 248, 120, 170, 169, 81, 159, 195, 55,
       180, 56, 3, 137, 98, 27, 9, 146, 236, 16, 26, 111, 194, 17, 219,
       193, 116, 125, 241, 136, 206, 43, 44, 161, 56, 65, 217, 77, 21,
       173, 91, 53, 45, 24, 214, 53, 72, 52, 145, 26, 192, 48, 82, 112,
       249, 23, 111, 149, 21, 119, 210, 10, 198, 162, 248, 188, 247, 114,
       171, 249, 81, 215, 179, 183, 164, 56, 46, 247, 64, 159, 39, 183,
       237, 16, 58, 79, 170, 243, 219, 211, 85, 123, 226, 192, 134, 107,
       216, 88, 159, 116, 40, 108, 65, 18, 163, 219, 166, 56, 215, 183,
       65, 123, 3, 244, 108, 24, 9, 69, 179, 0, 211, 235, 112, 24, 160,
       241, 6, 59, 36, 225, 57, 67, 217, 95, 71, 168, 98, 177, 37, 24,
       210, 85, 76, 54, 145, 92, 64, 122, 83, 112, 249, 20, 111, 156, 5,
       117, 82, 43, 198, 160, 120, 48, 125, 112, 40, 237, 81, 87, 163,
       125, 164, 61, 55, 151, 66, 27, 0, 182, 109, 24, 11, 79, 242, 1,
       211, 201, 112, 121, 226, 128, 70, 123, 252, 188, 252, 118, 137,
       109, 85, 223, 179, 191, 172, 24, 83, 247, 64, 27, 1, 214, 109, 24,
       56, 111, 250, 34, 219, 203, 117, 125, 226, 240, 198, 106, 213, 78,
       202, 87, 132, 62, 70, 154, 119, 174, 230, 22, 67, 96, 151, 254,
       113, 204, 44, 174, 172, 212, 237, 42, 210, 239, 245, 5, 171, 241,
       120, 4, 120, 185, 253, 114, 168, 205, 85, 159, 226, 125, 172, 8,
       51, 247, 72, 58, 1, 214, 125, 24, 26, 107, 251, 49, 219, 203, 117,
       125, 224, 192, 198, 123, 100, 180, 157, 218, 200, 173, 5, 143,
       250, 59, 160, 88, 214, 241, 72, 59, 129, 82, 106, 18, 59, 111,
       218, 115, 157, 146, 85, 126, 208, 89, 195, 34, 93, 69, 95, 103,
       20, 78, 71, 184, 101, 32, 235, 72, 115, 113, 25, 112, 48, 196, 76,
       106, 105, 177, 89, 47, 241, 239, 37, 20, 97, 243, 64, 32, 252,
       204, 30, 246, 154, 106, 86, 170, 176, 178, 166, 24, 87, 115, 9,
       91, 33, 246, 108, 226, 104, 197, 73, 46, 249, 227, 229, 21, 32,
       113, 142, 2, 96, 245, 17, 99, 185, 77, 84, 175, 111, 57, 41, 88,
       214, 51, 76, 52, 145, 22, 104, 48, 91, 120, 219, 21, 173, 220, 21,
       118, 216, 72, 194, 35, 36, 97, 27, 100, 85, 199, 227, 232, 244,
       128, 226, 0, 84, 211, 41, 32, 216, 124, 66, 234, 73, 243, 152, 12,
       117, 172, 131, 12, 64, 51, 103, 162, 220, 112, 189, 116, 8, 110,
       89, 16, 224, 250, 166, 24, 215, 23, 65, 59, 129, 212, 125, 122,
       41, 101, 243, 0, 211, 235, 117, 52, 224, 241, 70, 98, 220, 32,
       189, 112, 136, 105, 85, 7, 162, 183, 166, 24, 23, 183, 65, 27,
       129, 246, 236, 16, 58, 79, 186, 0, 219, 195, 117, 125, 224, 96,
       134, 106, 65, 113, 17, 101, 1, 78, 119, 40, 104, 224, 106, 8, 222,
       17, 0, 48, 144, 28, 64, 106, 65, 176, 241, 14, 229, 188, 1, 6, 72,
       34, 67, 34, 2, 223, 22, 186, 185, 141, 20, 167, 191, 79, 74, 101,
       174, 246, 32, 212, 197, 123, 236, 1, 127, 137, 66, 191, 168, 246,
       28, 218, 26, 84, 133, 31, 232, 118, 252, 113, 171, 121, 17, 158,
       91, 191, 52, 56, 143, 57, 203, 27, 135, 82, 237, 16, 34, 100, 203,
       178, 206, 211, 117, 191, 194, 221, 207, 43, 252, 220, 156, 126,
       11, 88, 22, 168, 187, 22, 173, 9, 110, 243, 43, 211, 145, 119,
       233, 66, 110, 71, 154, 59, 243, 231, 69, 59, 50, 119, 14, 10, 96,
       127, 156, 126, 168, 233, 23, 166, 147, 166, 172, 45, 230, 245, 67,
       18, 131, 118, 237, 66, 110, 107, 202, 59, 234, 247, 101, 59, 64,
       121, 198, 75, 120, 40, 255, 112, 44, 205, 81, 210, 226, 29, 164,
       8, 23, 211, 64, 59, 129, 176, 108, 80, 10, 99, 242, 48, 219, 195,
       113, 121, 224, 129, 70, 98, 109, 245, 185, 107, 153, 77, 71, 168,
       114, 51, 173, 8, 210, 119, 73, 48, 153, 94, 104, 122, 123, 98,
