%YAML:1.0
---
descriptors: !!opencv-matrix
   rows: 290
   cols: 32
   dt: u
   data: [ 120, 184, 251, 112, 138, 232, 81, 87, 178, 151, 164, 56, 55,
       183, 64, 58, 35, 178, 108, 16, 26, 107, 162, 1, 219, 195, 116,
       123, 224, 192, 198, 99, 248, 56, 191, 248, 138, 224, 81, 83, 162,
       23, 164, 56, 55, 151, 96, 123, 103, 178, 125, 144, 26, 79, 162,
       16, 219, 227, 112, 121, 176, 192, 166, 98, 100, 228, 189, 123,
       137, 77, 87, 172, 99, 55, 173, 24, 210, 119, 72, 58, 153, 82, 104,
       90, 90, 98, 251, 49, 235, 155, 69, 127, 210, 91, 198, 98, 208, 24,
       159, 116, 40, 204, 65, 51, 164, 25, 162, 56, 215, 55, 0, 123, 2,
       246, 124, 24, 57, 77, 179, 69, 209, 227, 112, 64, 32, 128, 39, 59,
       13, 117, 49, 79, 113, 78, 103, 184, 120, 232, 107, 72, 222, 85,
       141, 180, 144, 92, 80, 106, 65, 176, 121, 14, 37, 188, 1, 4, 74,
       51, 67, 177, 5, 223, 29, 103, 176, 14, 111, 188, 116, 232, 95,
       100, 213, 115, 137, 112, 54, 78, 60, 110, 225, 144, 125, 47, 236,
       239, 39, 128, 40, 243, 129, 49, 108, 180, 189, 114, 173, 125, 81,
       154, 255, 63, 173, 24, 158, 253, 73, 58, 153, 24, 255, 16, 26, 99,
       251, 18, 203, 223, 81, 127, 210, 73, 70, 98, 252, 236, 252, 118,
       136, 109, 85, 191, 178, 190, 164, 24, 115, 247, 73, 27, 9, 246,
       109, 42, 120, 79, 251, 34, 249, 203, 117, 61, 99, 240, 198, 106,
       232, 253, 180, 252, 141, 221, 84, 231, 223, 218, 160, 25, 174,
       189, 1, 59, 201, 242, 251, 64, 104, 111, 242, 187, 251, 251, 84,
       59, 210, 92, 214, 74, 13, 183, 144, 65, 176, 63, 110, 155, 119,
       170, 46, 84, 223, 115, 201, 180, 23, 94, 92, 62, 255, 208, 89, 14,
       174, 223, 37, 84, 138, 243, 138, 37, 120, 184, 253, 114, 136, 237,
       81, 223, 243, 255, 164, 24, 59, 247, 66, 59, 131, 242, 236, 24,
       27, 111, 250, 49, 219, 203, 117, 121, 224, 192, 198, 122, 69, 199,
       92, 107, 176, 31, 86, 188, 119, 41, 190, 124, 211, 112, 142, 112,
       151, 198, 76, 110, 255, 32, 77, 63, 174, 223, 37, 84, 90, 219,
       200, 5, 252, 184, 189, 118, 169, 108, 81, 159, 243, 191, 164, 24,
       31, 247, 73, 59, 129, 215, 253, 24, 58, 111, 250, 34, 219, 203,
       117, 125, 226, 64, 198, 107, 224, 188, 156, 250, 220, 237, 69,
       143, 218, 59, 168, 24, 182, 243, 72, 123, 129, 90, 106, 24, 51,
       111, 218, 51, 253, 182, 85, 124, 216, 88, 199, 42, 125, 69, 125,
       103, 178, 78, 79, 184, 100, 160, 171, 0, 211, 115, 9, 115, 50,
       212, 92, 106, 105, 161, 121, 44, 227, 239, 37, 20, 96, 243, 192,
       32, 70, 253, 246, 223, 255, 14, 254, 236, 63, 138, 250, 2, 236,
       250, 29, 64, 255, 255, 127, 227, 224, 211, 203, 255, 191, 190,
       207, 134, 117, 251, 243, 137, 252, 14, 221, 118, 40, 104, 84, 186,
       176, 186, 166, 56, 255, 115, 1, 91, 135, 215, 108, 42, 104, 71,
       203, 32, 211, 235, 117, 25, 96, 241, 11, 35, 69, 241, 157, 103,
       57, 14, 119, 184, 106, 248, 43, 76, 254, 113, 73, 50, 147, 84,
       104, 122, 195, 96, 251, 125, 237, 158, 5, 54, 72, 51, 67, 51, 96,
       181, 145, 115, 153, 77, 84, 143, 123, 57, 40, 88, 150, 51, 76,
       118, 145, 151, 104, 16, 27, 104, 219, 19, 173, 214, 21, 126, 208,
       72, 196, 42, 192, 168, 157, 217, 200, 237, 33, 143, 190, 51, 32,
       24, 182, 51, 72, 123, 129, 18, 106, 24, 51, 76, 211, 49, 205, 146,
       84, 120, 144, 64, 135, 42, 236, 240, 253, 113, 170, 89, 85, 11,
       242, 191, 181, 56, 150, 53, 200, 59, 131, 20, 236, 34, 120, 101,
       235, 2, 235, 211, 117, 117, 96, 120, 198, 99, 65, 48, 21, 101, 33,
       78, 51, 8, 104, 224, 99, 8, 214, 19, 0, 48, 146, 20, 104, 106, 1,
       240, 241, 12, 197, 184, 0, 2, 72, 34, 3, 34, 77, 101, 118, 103,
       52, 10, 126, 168, 121, 160, 107, 8, 207, 121, 29, 176, 178, 76,
       125, 111, 196, 240, 141, 12, 38, 254, 5, 6, 70, 183, 66, 4, 76,
       101, 120, 101, 50, 90, 127, 24, 57, 164, 111, 136, 223, 55, 139,
       112, 22, 221, 253, 238, 96, 144, 233, 78, 231, 253, 33, 132, 98,
       179, 7, 97, 92, 17, 188, 228, 44, 76, 89, 24, 175, 184, 183, 41,
       223, 87, 73, 91, 166, 149, 125, 98, 8, 65, 219, 0, 211, 249, 99,
       157, 34, 163, 5, 19, 120, 173, 253, 114, 154, 233, 85, 239, 178,
       53, 173, 56, 23, 247, 72, 27, 35, 146, 237, 16, 58, 75, 170, 55,
       251, 199, 117, 125, 224, 64, 198, 98, 129, 121, 83, 77, 66, 78,
       39, 52, 96, 200, 98, 104, 242, 16, 133, 53, 50, 124, 64, 106, 65,
       176, 177, 76, 37, 184, 0, 0, 75, 179, 67, 189, 133, 142, 205, 63,
       164, 171, 101, 191, 118, 179, 99, 212, 243, 97, 152, 89, 83, 110,
       42, 30, 59, 252, 79, 50, 172, 170, 119, 68, 252, 209, 208, 160,
       145, 206, 207, 127, 128, 170, 101, 191, 118, 147, 98, 212, 243,
       97, 152, 89, 115, 238, 32, 30, 59, 252, 207, 63, 236, 162, 117, 0,
       236, 208, 208, 168, 201, 120, 157, 101, 33, 14, 87, 148, 121, 170,
       38, 76, 254, 17, 65, 59, 132, 116, 124, 106, 225, 244, 241, 40,
       231, 251, 101, 16, 74, 113, 67, 41, 129, 142, 207, 123, 164, 170,
       101, 159, 118, 19, 98, 208, 243, 225, 208, 121, 35, 110, 106, 28,
       59, 252, 207, 51, 76, 170, 117, 68, 236, 208, 208, 168, 236, 48,
       189, 99, 137, 111, 115, 136, 123, 187, 39, 24, 214, 117, 73, 59,
       145, 84, 104, 114, 49, 116, 249, 48, 207, 219, 65, 119, 192, 107,
       71, 34, 237, 48, 189, 99, 165, 111, 115, 136, 123, 250, 39, 8,
       214, 117, 73, 59, 145, 84, 104, 122, 33, 116, 249, 0, 207, 219,
       69, 119, 194, 123, 71, 34, 197, 116, 157, 103, 161, 110, 119, 136,
       120, 234, 111, 24, 214, 113, 73, 59, 145, 76, 104, 42, 97, 244,
       249, 10, 229, 191, 69, 6, 200, 115, 195, 35, 77, 84, 29, 103, 161,
       46, 119, 184, 120, 234, 99, 68, 222, 115, 9, 123, 147, 68, 104,
       106, 225, 244, 121, 78, 229, 251, 69, 6, 72, 115, 67, 35, 240, 56,
       255, 118, 42, 232, 65, 82, 163, 159, 164, 56, 55, 247, 65, 95, 39,
       246, 109, 152, 42, 71, 178, 0, 217, 203, 117, 56, 226, 192, 102,
       115, 77, 117, 156, 71, 241, 126, 119, 184, 121, 234, 111, 76, 222,
       113, 13, 183, 145, 84, 120, 106, 229, 240, 249, 78, 103, 255, 69,
       6, 202, 115, 75, 2, 184, 34, 251, 96, 34, 107, 65, 87, 162, 183,
       164, 56, 19, 7, 192, 59, 47, 148, 68, 24, 24, 111, 160, 0, 89,
       201, 113, 112, 225, 128, 70, 99, 248, 188, 252, 90, 172, 237, 85,
       223, 211, 63, 180, 56, 51, 177, 70, 27, 9, 146, 108, 24, 58, 107,
       218, 51, 91, 203, 117, 121, 243, 200, 198, 43, 252, 188, 220, 122,
       137, 173, 84, 223, 147, 63, 165, 29, 51, 241, 74, 27, 137, 210,
       237, 16, 58, 111, 218, 51, 219, 203, 117, 121, 250, 216, 206, 2,
       248, 190, 240, 114, 171, 237, 81, 223, 179, 191, 164, 56, 47, 247,
       64, 30, 39, 190, 237, 16, 58, 79, 186, 115, 219, 215, 85, 123,
       226, 196, 134, 123, 120, 188, 254, 112, 138, 232, 81, 87, 162, 21,
       164, 56, 23, 183, 64, 26, 35, 178, 108, 16, 26, 107, 162, 17, 219,
       195, 116, 121, 226, 192, 134, 107, 100, 245, 181, 67, 137, 77, 87,
       136, 107, 183, 45, 8, 214, 117, 77, 62, 145, 84, 104, 122, 90, 96,
       249, 18, 111, 222, 69, 118, 194, 123, 198, 34, 44, 53, 49, 103,
       181, 79, 103, 168, 121, 232, 42, 8, 214, 53, 1, 176, 144, 92, 88,
       106, 97, 240, 249, 14, 237, 223, 5, 52, 66, 58, 70, 34, 216, 184,
       191, 116, 40, 76, 81, 55, 160, 27, 166, 56, 119, 183, 64, 123, 35,
       246, 108, 8, 41, 79, 179, 1, 209, 227, 112, 24, 160, 224, 6, 43,
       13, 117, 17, 71, 117, 94, 230, 184, 121, 232, 107, 72, 222, 81,
       141, 180, 144, 92, 80, 106, 97, 176, 121, 78, 39, 188, 5, 4, 74,
       51, 75, 176, 77, 85, 145, 71, 129, 62, 102, 184, 105, 170, 43, 76,
       214, 114, 201, 247, 16, 84, 104, 106, 193, 208, 217, 10, 165, 190,
       69, 20, 74, 115, 74, 37, 100, 49, 145, 67, 193, 110, 71, 152, 99,
       176, 45, 8, 210, 119, 77, 62, 17, 92, 96, 122, 17, 112, 249, 32,
       45, 156, 5, 116, 194, 179, 70, 160, 93, 93, 25, 103, 176, 14, 111,
       184, 116, 232, 127, 68, 215, 119, 137, 112, 22, 92, 60, 110, 233,
