%YAML:1.0
---
descriptors: !!opencv-matrix
   rows: 136
   cols: 32
   dt: u
   data: [ 129, 121, 30, 97, 17, 143, 115, 112, 124, 72, 98, 76, 222, 19,
       0, 49, 180, 40, 88, 106, 225, 184, 17, 29, 229, 217, 0, 66, 72, 0,
       67, 163, 116, 160, 248, 98, 200, 45, 81, 24, 34, 61, 165, 25, 19,
       83, 74, 24, 21, 152, 69, 56, 26, 114, 218, 16, 207, 141, 49, 125,
       232, 131, 198, 178, 240, 168, 223, 112, 136, 233, 81, 215, 162,
       151, 160, 25, 55, 247, 64, 27, 33, 182, 109, 16, 42, 79, 146, 49,
       217, 131, 112, 120, 224, 192, 134, 42, 100, 176, 189, 115, 137,
       205, 81, 143, 235, 121, 164, 24, 150, 151, 72, 62, 129, 86, 120,
       24, 27, 77, 251, 49, 207, 216, 85, 126, 194, 0, 198, 34, 205, 88,
       149, 117, 13, 14, 101, 52, 236, 178, 166, 72, 247, 51, 1, 251,
       128, 100, 104, 106, 105, 229, 211, 8, 229, 251, 69, 16, 74, 240,
       64, 40, 120, 160, 249, 248, 138, 233, 81, 87, 162, 23, 164, 56,
       55, 183, 96, 90, 67, 146, 237, 16, 26, 79, 162, 17, 217, 193, 112,
       121, 178, 192, 134, 107, 236, 125, 61, 103, 133, 79, 71, 168, 121,
       234, 107, 8, 214, 117, 9, 48, 144, 84, 120, 106, 105, 244, 249,
       42, 229, 255, 5, 52, 64, 123, 70, 114, 100, 229, 184, 122, 153,
       109, 87, 136, 115, 183, 173, 24, 210, 117, 72, 58, 153, 82, 96,
       122, 58, 98, 251, 51, 239, 223, 69, 127, 210, 115, 198, 98, 197,
       112, 17, 103, 33, 78, 114, 24, 104, 226, 99, 8, 214, 81, 73, 51,
       144, 84, 96, 106, 65, 244, 217, 8, 133, 152, 65, 6, 72, 51, 67,
       34, 93, 213, 125, 103, 176, 78, 95, 188, 32, 232, 191, 64, 87,
       119, 137, 115, 86, 212, 92, 106, 233, 161, 121, 46, 243, 239, 101,
       148, 106, 243, 66, 49, 253, 113, 253, 102, 40, 94, 87, 152, 225,
       250, 167, 8, 91, 85, 201, 63, 20, 212, 124, 106, 233, 103, 251, 8,
       243, 217, 101, 60, 107, 179, 70, 115, 108, 48, 189, 114, 173, 109,
       81, 152, 235, 255, 165, 24, 222, 223, 73, 59, 137, 208, 252, 26,
       59, 103, 251, 16, 219, 219, 81, 125, 194, 233, 70, 115, 228, 112,
       189, 114, 40, 109, 81, 152, 251, 255, 165, 24, 214, 213, 73, 59,
       129, 212, 124, 26, 43, 103, 251, 0, 219, 219, 113, 124, 192, 241,
       70, 115, 248, 185, 60, 252, 141, 205, 85, 231, 199, 146, 164, 24,
       190, 189, 1, 27, 201, 242, 237, 64, 122, 111, 210, 189, 251, 251,
       84, 123, 82, 24, 214, 10, 88, 186, 191, 56, 170, 228, 17, 23, 170,
       95, 150, 61, 190, 183, 194, 90, 167, 55, 253, 16, 146, 77, 162,
       17, 219, 227, 120, 219, 128, 192, 167, 123, 77, 120, 149, 117,
       169, 108, 85, 18, 235, 250, 166, 24, 158, 183, 65, 126, 129, 116,
       120, 26, 9, 69, 243, 0, 193, 249, 85, 52, 130, 113, 3, 34, 216,
       56, 123, 112, 10, 237, 81, 83, 226, 85, 164, 24, 55, 151, 66, 59,
       35, 178, 93, 16, 26, 79, 178, 1, 211, 201, 112, 121, 224, 128, 70,
       122, 248, 184, 185, 240, 13, 237, 81, 87, 163, 181, 164, 24, 63,
       159, 64, 26, 137, 179, 93, 16, 26, 111, 242, 17, 219, 217, 17,
       123, 227, 8, 70, 122, 69, 117, 157, 37, 164, 47, 102, 152, 122,
       250, 11, 76, 214, 112, 89, 58, 145, 68, 120, 127, 145, 240, 217,
       8, 237, 158, 101, 52, 200, 123, 83, 2, 248, 171, 250, 120, 170,
       233, 81, 87, 163, 29, 164, 56, 55, 183, 64, 26, 15, 178, 237, 16,
       26, 107, 226, 49, 219, 193, 116, 121, 226, 128, 198, 43, 13, 117,
       17, 69, 113, 30, 102, 56, 124, 232, 106, 76, 222, 17, 1, 180, 144,
       92, 80, 106, 193, 240, 89, 14, 37, 190, 5, 2, 74, 51, 75, 161, 93,
       93, 25, 103, 176, 78, 111, 184, 116, 232, 126, 68, 215, 119, 137,
       112, 22, 116, 60, 106, 233, 144, 121, 46, 231, 239, 37, 132, 40,
       243, 1, 49, 100, 48, 185, 98, 236, 109, 81, 152, 106, 255, 181,
       24, 215, 221, 73, 58, 153, 212, 124, 26, 27, 102, 251, 16, 223,
       217, 101, 125, 192, 123, 70, 243, 224, 188, 157, 218, 232, 237, 1,
       143, 218, 59, 160, 24, 182, 243, 72, 27, 129, 82, 106, 16, 51,
       110, 218, 115, 221, 146, 85, 126, 216, 88, 131, 42, 92, 77, 93,
       102, 152, 78, 71, 184, 100, 160, 171, 8, 83, 113, 9, 112, 48, 212,
       108, 106, 105, 161, 121, 62, 241, 239, 37, 20, 97, 179, 68, 32,
       21, 77, 19, 103, 148, 79, 71, 184, 118, 162, 235, 0, 83, 49, 33,
       112, 112, 220, 40, 106, 105, 177, 57, 62, 241, 174, 5, 20, 96,
       123, 64, 32, 69, 112, 185, 103, 192, 110, 55, 152, 104, 226, 39,
       72, 214, 117, 73, 58, 149, 84, 96, 122, 161, 244, 249, 10, 77,
       159, 69, 52, 200, 115, 71, 113, 69, 113, 20, 69, 65, 14, 102, 184,
       120, 232, 115, 76, 222, 80, 25, 177, 148, 68, 68, 110, 193, 240,
       217, 12, 37, 184, 37, 4, 72, 51, 75, 1, 76, 101, 88, 103, 149, 26,
       102, 168, 121, 160, 107, 8, 203, 105, 29, 144, 178, 204, 64, 106,
       68, 240, 205, 14, 38, 253, 5, 5, 101, 179, 74, 130, 112, 184, 189,
       248, 136, 237, 81, 222, 162, 63, 164, 24, 55, 247, 64, 27, 1, 146,
       109, 24, 26, 75, 250, 49, 219, 195, 117, 125, 240, 192, 134, 106,
       112, 163, 220, 114, 186, 137, 85, 127, 162, 53, 165, 185, 55, 231,
       74, 19, 35, 146, 109, 144, 122, 75, 138, 21, 249, 129, 117, 125,
       224, 128, 134, 43, 248, 172, 252, 122, 137, 237, 81, 223, 179, 23,
       164, 24, 51, 247, 72, 27, 137, 178, 237, 16, 58, 111, 250, 51,
       219, 203, 117, 125, 243, 192, 198, 34, 1, 124, 83, 77, 114, 90,
       39, 52, 104, 200, 122, 104, 242, 86, 133, 52, 50, 124, 68, 106,
       65, 180, 161, 78, 37, 168, 32, 0, 75, 179, 67, 189, 224, 237, 29,
       123, 153, 205, 87, 174, 122, 57, 172, 24, 246, 53, 72, 48, 129,
       90, 104, 64, 107, 104, 251, 55, 237, 150, 20, 127, 80, 83, 198,
       42, 221, 120, 149, 117, 41, 28, 68, 22, 235, 186, 162, 8, 215, 49,
       65, 255, 129, 116, 108, 10, 73, 101, 211, 0, 131, 251, 85, 18, 74,
       112, 74, 8, 248, 184, 123, 112, 10, 232, 81, 87, 162, 87, 164, 57,
       63, 151, 64, 26, 163, 179, 253, 16, 27, 79, 178, 17, 219, 201, 48,
       121, 224, 128, 166, 123, 229, 184, 17, 80, 233, 237, 81, 143, 235,
       57, 160, 24, 150, 151, 76, 62, 129, 30, 120, 24, 19, 111, 250, 81,
       159, 152, 85, 126, 192, 0, 198, 34, 52, 101, 106, 164, 18, 66,
       191, 104, 52, 164, 235, 131, 83, 206, 43, 64, 120, 221, 9, 227,
       108, 147, 221, 14, 241, 165, 171, 5, 37, 51, 39, 194, 66, 180,
       189, 177, 185, 237, 25, 143, 155, 125, 136, 25, 134, 190, 78, 10,
       133, 27, 121, 17, 22, 72, 250, 211, 207, 213, 31, 127, 144, 64,
       135, 94, 108, 233, 152, 122, 137, 93, 86, 136, 131, 185, 173, 8,
       198, 243, 73, 158, 209, 208, 232, 114, 90, 99, 218, 49, 251, 213,
       5, 127, 210, 123, 206, 2, 9, 117, 16, 69, 117, 30, 102, 56, 125,
       168, 122, 76, 222, 16, 157, 180, 148, 76, 68, 110, 197, 176, 89,
       14, 39, 254, 37, 4, 74, 178, 75, 133, 77, 71, 68, 71, 48, 30, 110,
       184, 113, 170, 111, 76, 195, 96, 153, 247, 16, 196, 108, 110, 236,
       240, 77, 14, 166, 254, 101, 20, 106, 243, 74, 5, 120, 184, 255,
       116, 138, 232, 81, 19, 163, 151, 166, 56, 87, 247, 64, 90, 39,
       247, 237, 144, 26, 79, 178, 1, 219, 227, 116, 121, 226, 224, 166,
       99, 108, 245, 177, 67, 233, 95, 87, 136, 123, 250, 41, 8, 222,
       117, 77, 190, 145, 92, 104, 122, 65, 116, 249, 34, 47, 223, 69,
       118, 194, 115, 70, 34, 237, 117, 177, 71, 209, 95, 103, 168, 123,
       234, 47, 8, 214, 117, 9, 180, 145, 84, 120, 106, 97, 244, 249, 62,
       231, 222, 5, 54, 66, 123, 70, 34, 252, 160, 253, 118, 168, 105,
       85, 187, 179, 183, 165, 24, 83, 231, 72, 27, 1, 214, 109, 26, 56,
       71, 235, 34, 219, 203, 117, 61, 224, 241, 198, 98, 96, 188, 149,
       90, 232, 237, 129, 143, 202, 59, 40, 72, 182, 243, 64, 58, 129,
       82, 106, 24, 19, 106, 218, 113, 205, 150, 117, 124, 216, 72, 131,
       170, 116, 205, 93, 101, 148, 79, 71, 184, 116, 160, 174, 0, 115,
       115, 9, 112, 120, 230, 76, 106, 105, 161, 121, 46, 241, 175, 37,
       20, 97, 251, 96, 40, 52, 77, 23, 71, 149, 79, 71, 236, 118, 162,
       234, 0, 82, 177, 33, 116, 208, 222, 40, 106, 105, 177, 57, 62,
