%YAML:1.0
---
descriptors: !!opencv-matrix
   rows: 129
   cols: 32
   dt: u
   data: [ 252, 112, 252, 250, 9, 125, 82, 220, 243, 254, 181, 25, 95,
       223, 75, 155, 207, 209, 253, 210, 42, 103, 251, 176, 219, 219, 69,
       127, 243, 55, 78, 83, 124, 180, 180, 250, 141, 253, 83, 218, 191,
       31, 181, 25, 78, 253, 110, 158, 173, 147, 255, 18, 62, 103, 250,
       179, 219, 223, 81, 127, 210, 207, 239, 83, 122, 181, 182, 254,
       253, 253, 213, 103, 191, 93, 189, 25, 238, 255, 110, 214, 201,
       187, 255, 17, 30, 107, 242, 241, 155, 223, 214, 123, 210, 76, 222,
       223, 159, 190, 253, 255, 172, 47, 255, 251, 191, 254, 247, 247,
       223, 255, 219, 107, 127, 215, 127, 143, 249, 231, 251, 242, 255,
       255, 255, 212, 237, 249, 231, 241, 30, 245, 246, 239, 191, 118,
       254, 236, 63, 142, 255, 3, 207, 254, 31, 132, 255, 255, 255, 227,
       108, 227, 251, 238, 191, 255, 143, 151, 199, 119, 239, 215, 92,
       125, 188, 230, 172, 127, 95, 252, 171, 238, 189, 45, 255, 127, 75,
       211, 167, 247, 253, 102, 252, 67, 251, 170, 251, 217, 103, 189,
       50, 243, 141, 83, 159, 223, 255, 151, 183, 222, 191, 248, 63, 222,
       255, 231, 254, 126, 159, 167, 255, 255, 183, 215, 237, 247, 123,
       239, 250, 91, 239, 199, 207, 127, 47, 247, 62, 253, 246, 254, 157,
       95, 222, 236, 63, 142, 253, 27, 238, 254, 14, 148, 249, 223, 255,
       227, 108, 227, 219, 255, 187, 255, 143, 31, 195, 127, 239, 198,
       126, 221, 246, 191, 253, 127, 254, 232, 191, 174, 255, 11, 78,
       254, 47, 214, 251, 255, 255, 227, 124, 243, 219, 254, 191, 246,
       207, 55, 151, 127, 253, 214, 205, 220, 189, 115, 172, 108, 255,
       150, 250, 255, 182, 84, 254, 255, 78, 107, 133, 86, 127, 26, 243,
       109, 251, 97, 111, 187, 119, 212, 202, 249, 193, 123, 252, 120,
       252, 250, 137, 119, 83, 156, 183, 254, 165, 25, 95, 95, 67, 27,
       217, 213, 253, 242, 42, 103, 251, 50, 219, 203, 101, 63, 242, 115,
       14, 83, 141, 22, 125, 245, 100, 46, 125, 58, 124, 250, 119, 244,
       223, 103, 153, 123, 119, 149, 95, 46, 161, 244, 97, 78, 198, 235,
       99, 132, 108, 249, 1, 241, 70, 237, 246, 239, 252, 11, 254, 236,
       63, 160, 250, 2, 237, 234, 29, 64, 255, 239, 127, 227, 200, 251,
       203, 255, 190, 254, 143, 128, 101, 251, 225, 136, 252, 188, 180,
       250, 45, 125, 83, 216, 255, 127, 181, 25, 207, 255, 79, 154, 221,
       209, 253, 18, 62, 103, 251, 178, 219, 223, 81, 127, 242, 47, 78,
       83, 250, 180, 182, 250, 189, 253, 80, 105, 187, 95, 181, 25, 238,
       253, 110, 214, 201, 147, 255, 17, 62, 111, 250, 243, 155, 219, 80,
       127, 210, 76, 206, 215, 141, 158, 247, 251, 252, 175, 237, 223,
       127, 251, 118, 246, 255, 251, 145, 108, 127, 239, 126, 156, 179,
       252, 239, 251, 254, 255, 247, 192, 239, 248, 225, 177, 126, 237,
       246, 206, 253, 87, 222, 236, 63, 140, 253, 11, 106, 254, 47, 212,
       253, 223, 255, 227, 108, 99, 219, 255, 191, 126, 143, 31, 215,
       127, 238, 198, 126, 253, 118, 174, 253, 87, 222, 236, 63, 134,
       253, 11, 110, 254, 47, 212, 249, 223, 255, 227, 108, 99, 219, 255,
       191, 247, 207, 31, 87, 127, 238, 214, 246, 237, 246, 239, 254, 11,
       254, 232, 63, 162, 251, 10, 239, 234, 61, 81, 255, 237, 127, 227,
       232, 247, 205, 255, 190, 254, 207, 180, 37, 251, 115, 129, 205,
       158, 159, 247, 168, 46, 125, 190, 190, 251, 178, 116, 255, 119,
       129, 123, 231, 119, 125, 62, 185, 205, 107, 39, 206, 251, 119,
       144, 136, 241, 161, 57, 175, 190, 254, 191, 254, 187, 253, 255,
       63, 255, 246, 247, 253, 239, 158, 65, 127, 239, 255, 141, 183,
       248, 111, 251, 254, 251, 255, 128, 191, 252, 249, 217, 220, 181,
       188, 230, 168, 111, 95, 184, 166, 254, 159, 45, 223, 127, 75, 115,
       215, 215, 125, 103, 249, 65, 249, 42, 251, 203, 239, 181, 160,
       243, 173, 83, 252, 181, 188, 230, 168, 77, 95, 184, 163, 254, 189,
       13, 255, 119, 75, 19, 148, 215, 253, 106, 72, 67, 251, 40, 251,
       201, 101, 189, 34, 243, 142, 115, 126, 252, 182, 158, 221, 95,
       254, 236, 191, 174, 249, 11, 110, 254, 47, 212, 249, 255, 255,
       227, 108, 99, 218, 255, 191, 254, 207, 63, 147, 127, 247, 198,
       126, 253, 242, 158, 253, 31, 254, 232, 191, 174, 255, 11, 110,
       250, 47, 212, 251, 255, 255, 227, 108, 227, 155, 254, 187, 246,
       207, 63, 147, 127, 239, 150, 205, 188, 189, 115, 173, 252, 245,
       154, 255, 255, 182, 92, 254, 255, 74, 107, 133, 118, 125, 26, 163,
       109, 251, 115, 207, 251, 119, 252, 202, 248, 199, 123, 141, 22,
       125, 229, 36, 46, 105, 58, 124, 234, 119, 244, 215, 27, 145, 121,
       119, 141, 95, 46, 233, 212, 109, 14, 198, 235, 235, 132, 44, 249,
       64, 113, 205, 158, 189, 247, 172, 44, 125, 151, 254, 251, 182, 84,
       223, 63, 66, 123, 135, 86, 125, 28, 177, 236, 243, 98, 239, 251,
       118, 212, 202, 240, 195, 123, 252, 112, 252, 114, 169, 95, 87,
       152, 179, 254, 165, 25, 223, 223, 75, 59, 221, 213, 253, 250, 104,
       103, 251, 50, 251, 219, 101, 61, 242, 243, 78, 83, 191, 255, 255,
       255, 253, 223, 255, 248, 191, 254, 255, 231, 254, 254, 191, 119,
       255, 253, 255, 231, 237, 247, 187, 255, 255, 255, 239, 134, 15,
       127, 117, 247, 50, 237, 114, 238, 214, 139, 238, 252, 127, 160,
       248, 10, 107, 235, 53, 80, 122, 239, 23, 226, 200, 186, 140, 255,
       62, 236, 143, 168, 119, 250, 242, 136, 54, 237, 98, 206, 212, 131,
       238, 252, 87, 128, 248, 2, 104, 233, 53, 0, 121, 235, 23, 243,
       202, 186, 8, 255, 62, 12, 135, 168, 119, 250, 242, 136, 16, 205,
       75, 254, 148, 131, 111, 246, 148, 0, 222, 2, 113, 235, 176, 96,
       121, 234, 31, 203, 122, 155, 40, 255, 248, 175, 174, 128, 53, 250,
       240, 168, 124, 181, 189, 230, 185, 127, 95, 188, 161, 238, 191, 9,
       223, 127, 75, 19, 148, 215, 253, 98, 248, 67, 249, 174, 251, 249,
       101, 189, 34, 242, 198, 115, 198, 253, 118, 191, 253, 79, 254,
       232, 63, 234, 251, 3, 206, 254, 21, 65, 255, 255, 255, 227, 224,
       247, 219, 255, 191, 254, 207, 135, 5, 127, 231, 211, 246, 172,
       246, 255, 236, 43, 254, 238, 191, 179, 251, 26, 239, 234, 124, 91,
       255, 239, 127, 147, 186, 247, 203, 255, 190, 250, 223, 188, 229,
       249, 243, 129, 246, 172, 246, 255, 254, 171, 254, 207, 191, 179,
       250, 26, 239, 234, 124, 91, 255, 239, 127, 147, 186, 255, 203,
       243, 190, 254, 223, 188, 181, 249, 243, 129, 172, 236, 254, 255,
       236, 43, 252, 254, 255, 179, 246, 18, 255, 235, 92, 91, 255, 207,
       127, 11, 186, 255, 203, 243, 254, 251, 255, 180, 213, 248, 211,
       137, 252, 121, 252, 114, 173, 93, 87, 220, 187, 254, 180, 25, 223,
       223, 75, 155, 141, 213, 253, 82, 238, 103, 250, 176, 219, 219,
       101, 63, 226, 253, 70, 115, 125, 119, 233, 238, 190, 3, 79, 248,
       66, 232, 157, 238, 83, 109, 217, 34, 94, 196, 29, 255, 201, 99,
       237, 184, 250, 201, 165, 180, 61, 251, 112, 113, 126, 245, 210,
       206, 221, 95, 254, 232, 63, 172, 253, 11, 78, 250, 47, 212, 249,
       221, 255, 227, 76, 99, 219, 254, 191, 254, 143, 63, 155, 127, 126,
       150, 126, 245, 242, 142, 221, 95, 254, 232, 31, 172, 253, 11, 78,
       254, 47, 212, 248, 221, 255, 227, 76, 99, 219, 254, 191, 126, 143,
       63, 87, 127, 254, 198, 252, 121, 252, 246, 173, 93, 95, 248, 161,
       254, 181, 8, 91, 253, 75, 51, 204, 213, 253, 106, 200, 99, 250,
       168, 243, 217, 101, 61, 98, 251, 78, 115, 252, 180, 180, 250, 189,
       253, 81, 218, 191, 127, 181, 25, 207, 253, 78, 155, 221, 211, 255,
       18, 62, 103, 251, 179, 219, 219, 81, 127, 210, 205, 78, 115, 250,
       252, 246, 189, 253, 255, 253, 199, 191, 255, 252, 27, 174, 190,
       103, 218, 233, 255, 255, 129, 62, 107, 242, 251, 191, 255, 159,
       59, 211, 124, 247, 222, 141, 180, 255, 247, 238, 111, 237, 249,
       127, 251, 247, 118, 223, 255, 216, 107, 127, 255, 127, 142, 179,
       244, 251, 243, 223, 255, 119, 196, 237, 233, 193, 241, 124, 180,
       188, 234, 173, 125, 82, 216, 3, 127, 189, 25, 95, 253, 74, 154,
