%YAML:1.0
---
descriptors: !!opencv-matrix
   rows: 329
   cols: 32
   dt: u
   data: [ 120, 168, 254, 120, 138, 201, 81, 215, 163, 21, 164, 56, 55,
       151, 64, 59, 41, 178, 237, 16, 26, 107, 162, 49, 219, 193, 116,
       121, 225, 128, 230, 106, 208, 16, 157, 116, 168, 108, 81, 51, 161,
       219, 166, 24, 215, 55, 0, 123, 1, 246, 108, 8, 57, 77, 179, 0,
       217, 227, 116, 16, 160, 224, 134, 51, 112, 56, 255, 112, 40, 205,
       81, 83, 163, 29, 164, 61, 55, 151, 66, 27, 39, 180, 109, 16, 26,
       75, 178, 1, 219, 193, 112, 121, 226, 128, 70, 123, 141, 158, 220,
       111, 176, 63, 86, 187, 127, 43, 126, 124, 255, 114, 139, 244, 151,
       78, 76, 60, 167, 240, 73, 63, 174, 223, 37, 116, 218, 240, 136, 5,
       69, 117, 49, 71, 81, 78, 102, 184, 105, 224, 107, 72, 222, 85, 13,
       180, 144, 92, 80, 106, 65, 240, 249, 46, 39, 188, 5, 6, 74, 51,
       67, 178, 37, 113, 177, 67, 85, 79, 103, 184, 106, 160, 43, 8, 214,
       85, 77, 182, 145, 92, 64, 122, 65, 240, 121, 56, 45, 156, 5, 54,
       64, 59, 70, 162, 221, 14, 206, 180, 168, 56, 84, 138, 242, 146,
       130, 153, 199, 162, 83, 91, 35, 197, 108, 23, 44, 69, 199, 32,
       210, 227, 117, 29, 172, 241, 10, 2, 101, 48, 153, 67, 192, 110,
       99, 152, 106, 242, 47, 24, 214, 117, 73, 58, 145, 84, 112, 122,
       17, 240, 249, 32, 79, 156, 69, 116, 192, 115, 71, 34, 120, 184,
       255, 116, 168, 220, 85, 215, 227, 247, 164, 24, 51, 247, 66, 59,
       7, 246, 236, 16, 27, 107, 242, 1, 219, 235, 117, 121, 227, 208,
       198, 123, 129, 223, 31, 103, 176, 14, 111, 188, 116, 74, 90, 100,
       245, 115, 144, 112, 54, 110, 52, 110, 225, 208, 61, 47, 228, 174,
       39, 128, 8, 242, 129, 57, 252, 172, 253, 118, 136, 110, 69, 187,
       178, 190, 164, 24, 83, 119, 73, 59, 1, 246, 108, 42, 120, 103,
       251, 42, 217, 203, 117, 60, 224, 241, 198, 98, 104, 180, 149, 99,
       157, 109, 84, 157, 127, 59, 169, 24, 222, 51, 72, 248, 145, 22,
       104, 48, 59, 124, 219, 147, 207, 223, 85, 119, 210, 74, 196, 2,
       252, 112, 189, 115, 41, 111, 83, 152, 243, 250, 167, 24, 215, 87,
       73, 59, 145, 212, 124, 122, 43, 103, 251, 32, 211, 219, 101, 60,
       226, 243, 70, 51, 148, 140, 95, 245, 146, 106, 71, 171, 52, 162,
       162, 16, 87, 119, 9, 81, 49, 215, 77, 170, 56, 205, 25, 62, 233,
       231, 165, 85, 160, 113, 228, 34, 212, 188, 189, 118, 168, 232, 21,
       138, 186, 187, 161, 56, 246, 247, 77, 123, 129, 119, 125, 18, 59,
       77, 154, 35, 201, 243, 93, 127, 128, 113, 135, 51, 104, 181, 181,
       250, 173, 253, 85, 15, 223, 59, 172, 24, 190, 189, 72, 58, 129,
       147, 249, 16, 58, 106, 242, 147, 207, 223, 84, 123, 210, 72, 198,
       42, 53, 197, 57, 99, 148, 79, 103, 232, 118, 160, 107, 0, 83, 113,
       89, 96, 49, 204, 8, 122, 73, 240, 57, 62, 233, 143, 5, 36, 120,
       251, 80, 32, 104, 237, 183, 252, 157, 221, 84, 231, 223, 145, 172,
       24, 190, 189, 36, 48, 201, 250, 251, 24, 122, 107, 242, 183, 251,
       223, 212, 123, 210, 88, 214, 42, 252, 197, 220, 126, 139, 40, 22,
       168, 179, 54, 173, 57, 111, 243, 10, 211, 19, 214, 232, 98, 122,
       67, 203, 51, 251, 227, 69, 63, 243, 119, 142, 2, 119, 237, 182,
       238, 221, 95, 254, 232, 255, 226, 238, 11, 234, 250, 63, 112, 249,
       239, 123, 227, 109, 235, 250, 255, 187, 254, 207, 63, 83, 127,
       115, 198, 69, 103, 148, 39, 160, 46, 110, 152, 122, 186, 59, 100,
       215, 98, 201, 250, 147, 69, 108, 126, 164, 240, 201, 66, 172, 254,
       103, 68, 136, 243, 75, 5, 252, 96, 252, 68, 141, 75, 85, 136, 66,
       182, 164, 24, 83, 33, 73, 63, 25, 212, 232, 98, 104, 103, 233, 0,
       217, 195, 69, 53, 99, 249, 70, 34, 38, 245, 246, 207, 252, 11,
       254, 232, 127, 170, 251, 34, 206, 126, 29, 64, 255, 221, 255, 227,
       224, 243, 73, 254, 188, 190, 175, 182, 213, 123, 227, 131, 28, 96,
       156, 183, 44, 78, 125, 184, 174, 248, 151, 1, 255, 239, 89, 75,
       239, 85, 125, 111, 73, 193, 203, 184, 206, 251, 239, 148, 36, 179,
       1, 3, 88, 173, 252, 114, 154, 201, 85, 207, 179, 53, 173, 56, 43,
       247, 72, 26, 33, 147, 109, 144, 58, 75, 170, 119, 251, 199, 53,
       125, 224, 64, 166, 106, 108, 164, 188, 99, 137, 109, 17, 13, 59,
       55, 45, 25, 206, 117, 74, 26, 145, 22, 233, 48, 50, 100, 217, 18,
       207, 215, 85, 127, 192, 74, 207, 34, 248, 188, 188, 248, 173, 253,
       81, 87, 255, 91, 180, 24, 191, 187, 64, 187, 205, 179, 253, 16,
       187, 111, 242, 147, 219, 219, 84, 123, 210, 76, 198, 43, 235, 172,
       182, 252, 237, 189, 92, 215, 255, 251, 188, 24, 190, 249, 118,
       123, 205, 247, 127, 25, 190, 111, 242, 243, 251, 223, 215, 122,
       211, 220, 242, 206, 93, 207, 86, 111, 180, 26, 79, 188, 117, 162,
       238, 196, 219, 99, 153, 240, 51, 230, 76, 110, 105, 144, 45, 46,
       234, 239, 37, 20, 238, 243, 200, 32, 197, 149, 149, 103, 33, 14,
       103, 56, 104, 234, 107, 76, 214, 113, 8, 115, 146, 68, 124, 106,
       225, 240, 249, 40, 229, 251, 101, 20, 72, 115, 67, 33, 205, 116,
       149, 103, 163, 110, 119, 8, 120, 234, 99, 8, 222, 112, 73, 58,
       146, 84, 104, 106, 97, 244, 185, 74, 229, 255, 69, 6, 200, 115,
       67, 35, 69, 52, 153, 103, 195, 110, 55, 168, 121, 226, 111, 56,
       222, 55, 8, 50, 145, 95, 112, 34, 33, 244, 249, 106, 197, 255, 69,
       38, 200, 115, 3, 179, 105, 189, 184, 83, 217, 253, 119, 158, 123,
       117, 44, 28, 190, 60, 70, 182, 129, 74, 208, 88, 183, 120, 250,
       179, 111, 221, 21, 127, 202, 84, 203, 254, 77, 245, 189, 67, 188,
       111, 231, 152, 122, 251, 15, 8, 215, 113, 217, 42, 17, 76, 120,
       122, 243, 112, 249, 50, 237, 207, 101, 116, 202, 123, 209, 35,
       120, 170, 220, 112, 138, 169, 81, 215, 163, 191, 164, 185, 39,
       227, 66, 26, 15, 178, 237, 16, 26, 111, 202, 49, 219, 195, 117,
       121, 224, 192, 134, 43, 248, 174, 222, 120, 138, 169, 81, 87, 179,
       23, 164, 185, 39, 167, 64, 27, 33, 178, 237, 16, 58, 79, 130, 51,
       219, 195, 112, 121, 224, 192, 198, 106, 109, 113, 81, 101, 49, 94,
       83, 24, 97, 232, 109, 8, 219, 18, 1, 180, 144, 220, 68, 106, 73,
       176, 249, 12, 231, 221, 1, 54, 106, 179, 74, 182, 248, 186, 220,
       120, 168, 169, 81, 151, 131, 63, 164, 57, 43, 139, 98, 27, 9, 178,
       237, 16, 58, 111, 194, 49, 219, 203, 116, 121, 243, 200, 206, 11,
       252, 190, 247, 118, 171, 232, 85, 215, 179, 191, 164, 56, 47, 247,
       64, 159, 39, 246, 237, 24, 58, 79, 170, 35, 219, 243, 85, 59, 226,
       240, 134, 107, 205, 117, 156, 103, 177, 94, 119, 184, 121, 234,
       47, 76, 222, 112, 9, 49, 145, 92, 120, 106, 229, 240, 249, 46,
       239, 255, 5, 6, 74, 115, 75, 18, 193, 156, 159, 87, 160, 174, 37,
       151, 254, 91, 98, 84, 245, 243, 128, 123, 39, 110, 106, 12, 179,
       220, 187, 119, 109, 175, 118, 64, 200, 192, 131, 169, 216, 184,
       191, 176, 41, 236, 80, 71, 163, 127, 160, 57, 175, 159, 66, 154,
       165, 183, 237, 16, 30, 79, 146, 1, 219, 209, 80, 123, 162, 4, 6,
       91, 37, 113, 145, 71, 213, 79, 102, 184, 106, 224, 43, 72, 214,
       80, 77, 180, 144, 92, 66, 122, 65, 240, 249, 44, 45, 156, 5, 54,
       72, 59, 66, 182, 36, 241, 57, 67, 217, 79, 67, 168, 106, 249, 45,
       8, 214, 85, 72, 48, 145, 92, 64, 122, 67, 112, 249, 20, 109, 157,
       5, 116, 208, 59, 198, 162, 120, 184, 255, 118, 168, 204, 81, 87,
       226, 157, 164, 8, 59, 183, 64, 59, 161, 247, 237, 24, 26, 107,
       178, 1, 219, 235, 117, 57, 225, 192, 198, 107, 29, 93, 27, 111,
       176, 14, 111, 188, 116, 74, 126, 100, 247, 115, 137, 112, 54, 94,
       60, 238, 233, 144, 121, 47, 228, 239, 39, 128, 40, 243, 161, 57,
       212, 180, 159, 242, 168, 237, 5, 143, 190, 187, 128, 120, 247,
       247, 72, 91, 163, 119, 125, 16, 51, 79, 234, 48, 217, 131, 127,
       124, 128, 96, 135, 49, 228, 176, 157, 250, 200, 237, 21, 143, 218,
       59, 161, 24, 182, 241, 72, 123, 129, 18, 106, 24, 51, 111, 218,
       49, 221, 130, 117, 124, 216, 88, 199, 50, 188, 172, 159, 127, 156,
