%YAML:1.0
---
descriptors: !!opencv-matrix
   rows: 265
   cols: 32
   dt: u
   data: [ 125, 85, 127, 102, 176, 78, 79, 188, 97, 234, 190, 64, 87,
       119, 137, 114, 54, 212, 92, 106, 233, 161, 121, 46, 243, 239, 101,
       148, 104, 243, 64, 49, 253, 113, 253, 103, 44, 78, 71, 184, 97,
       250, 183, 72, 211, 85, 201, 59, 148, 212, 124, 106, 201, 118, 249,
       40, 231, 249, 101, 52, 104, 243, 70, 113, 172, 52, 189, 99, 173,
       109, 81, 152, 91, 255, 165, 24, 222, 95, 73, 59, 153, 80, 253, 58,
       59, 102, 251, 18, 207, 219, 65, 127, 210, 75, 70, 98, 236, 180,
       188, 250, 173, 253, 81, 9, 127, 63, 173, 24, 222, 253, 72, 57,
       145, 18, 253, 16, 58, 110, 251, 151, 207, 223, 80, 127, 210, 74,
       198, 34, 252, 180, 253, 118, 168, 108, 85, 191, 178, 190, 165, 24,
       115, 103, 72, 27, 5, 214, 109, 42, 120, 79, 251, 42, 251, 203,
       117, 60, 224, 240, 198, 123, 104, 180, 189, 122, 157, 221, 85, 47,
       219, 63, 172, 24, 190, 189, 76, 50, 129, 26, 251, 0, 122, 106,
       242, 147, 207, 223, 84, 123, 210, 72, 198, 106, 120, 184, 253,
       112, 136, 205, 81, 223, 163, 183, 164, 24, 55, 247, 64, 58, 35,
       246, 124, 24, 26, 79, 186, 16, 219, 203, 117, 121, 226, 192, 198,
       122, 238, 228, 236, 255, 236, 47, 110, 188, 127, 187, 187, 26,
       255, 235, 93, 27, 217, 199, 127, 50, 250, 103, 219, 250, 255, 255,
       199, 188, 214, 251, 210, 130, 113, 5, 125, 101, 48, 14, 79, 56,
       108, 160, 171, 8, 215, 51, 9, 115, 50, 212, 124, 106, 105, 161,
       121, 12, 225, 174, 37, 20, 96, 242, 64, 32, 208, 20, 189, 116, 40,
       110, 85, 55, 176, 186, 182, 56, 119, 55, 129, 123, 135, 212, 109,
       34, 104, 101, 227, 40, 211, 235, 112, 144, 32, 240, 198, 43, 252,
       253, 188, 247, 168, 127, 95, 188, 187, 186, 191, 56, 255, 255,
       201, 91, 151, 215, 253, 122, 248, 103, 251, 179, 255, 255, 103,
       191, 194, 243, 198, 19, 220, 253, 222, 247, 172, 46, 126, 188,
       191, 186, 191, 24, 255, 255, 73, 91, 183, 215, 253, 122, 56, 69,
       219, 242, 255, 251, 119, 252, 130, 243, 131, 27, 220, 156, 156,
       183, 172, 107, 126, 191, 191, 187, 179, 57, 255, 255, 73, 91, 247,
       215, 253, 179, 58, 229, 203, 179, 255, 247, 255, 149, 134, 243,
       161, 83, 64, 136, 157, 249, 232, 237, 1, 143, 142, 49, 40, 24,
       182, 51, 64, 123, 129, 50, 106, 24, 19, 72, 211, 53, 205, 146, 84,
       120, 144, 72, 129, 40, 69, 7, 208, 39, 160, 58, 110, 136, 120,
       174, 107, 64, 199, 98, 219, 250, 179, 68, 108, 126, 20, 240, 205,
       66, 172, 254, 103, 68, 192, 243, 75, 4, 117, 101, 189, 69, 15, 75,
       71, 40, 112, 226, 171, 8, 82, 52, 9, 51, 24, 212, 104, 98, 105,
       242, 233, 14, 121, 170, 69, 55, 97, 123, 70, 34, 54, 245, 118,
       231, 254, 11, 254, 232, 31, 162, 251, 42, 204, 250, 61, 64, 255,
       205, 127, 99, 224, 179, 137, 254, 190, 254, 143, 246, 21, 255,
       241, 129, 236, 236, 230, 255, 252, 35, 238, 236, 127, 178, 251,
       26, 237, 234, 93, 73, 251, 239, 110, 163, 248, 247, 207, 255, 190,
       255, 223, 84, 133, 251, 225, 136, 22, 237, 116, 239, 190, 11, 254,
       232, 63, 168, 251, 2, 206, 238, 29, 64, 254, 207, 127, 227, 232,
       179, 201, 254, 182, 254, 143, 150, 117, 255, 99, 129, 182, 236,
       214, 215, 252, 43, 238, 236, 63, 186, 251, 26, 236, 235, 125, 81,
       251, 239, 127, 227, 120, 247, 203, 238, 190, 254, 207, 220, 135,
       251, 225, 129, 246, 229, 214, 143, 252, 43, 254, 236, 63, 162,
       251, 26, 206, 234, 9, 81, 255, 223, 127, 226, 120, 243, 203, 255,
       188, 246, 207, 222, 149, 123, 225, 129, 220, 216, 157, 247, 44,
       109, 121, 184, 183, 186, 151, 56, 255, 119, 73, 91, 199, 215, 125,
       106, 40, 101, 203, 35, 203, 251, 119, 212, 160, 249, 5, 35, 197,
       112, 157, 103, 9, 78, 87, 152, 107, 250, 165, 24, 218, 80, 73, 58,
       144, 84, 120, 106, 201, 100, 251, 0, 165, 251, 69, 54, 200, 115,
       75, 54, 156, 40, 123, 97, 2, 75, 99, 80, 96, 164, 39, 8, 19, 21,
       129, 57, 62, 180, 68, 106, 9, 181, 32, 12, 67, 137, 33, 4, 97,
       163, 70, 160, 216, 180, 191, 240, 169, 109, 89, 31, 187, 59, 182,
       24, 159, 247, 72, 59, 165, 151, 125, 24, 187, 79, 242, 83, 219,
       251, 117, 252, 194, 192, 134, 51, 248, 188, 188, 112, 173, 253,
       85, 151, 251, 123, 180, 24, 159, 189, 64, 59, 133, 183, 253, 24,
       187, 111, 242, 179, 219, 219, 117, 122, 194, 200, 199, 59, 239,
       188, 180, 250, 173, 253, 84, 223, 223, 123, 180, 24, 250, 249, 84,
       123, 201, 227, 127, 25, 187, 111, 250, 179, 219, 219, 221, 122,
       154, 221, 210, 138, 233, 188, 188, 248, 173, 253, 85, 223, 255,
       123, 180, 24, 191, 249, 68, 59, 205, 242, 255, 24, 187, 111, 250,
       179, 219, 219, 85, 122, 218, 220, 210, 43, 253, 95, 95, 101, 180,
       14, 71, 176, 96, 232, 170, 76, 83, 49, 17, 51, 48, 100, 108, 110,
       201, 241, 185, 44, 241, 169, 101, 16, 104, 243, 82, 33, 236, 180,
       189, 97, 169, 111, 85, 31, 123, 255, 167, 24, 223, 55, 72, 59,
       149, 151, 125, 56, 59, 116, 243, 2, 207, 219, 117, 117, 194, 64,
       198, 115, 198, 252, 254, 223, 238, 233, 255, 255, 190, 179, 246,
       186, 253, 255, 221, 123, 127, 255, 127, 131, 250, 255, 207, 251,
       254, 175, 255, 136, 133, 248, 161, 137, 198, 174, 254, 255, 236,
       169, 238, 255, 191, 191, 246, 211, 237, 239, 253, 91, 255, 255,
       127, 143, 242, 127, 239, 251, 190, 191, 255, 168, 149, 248, 229,
       249, 84, 221, 57, 175, 180, 15, 127, 189, 36, 232, 222, 100, 215,
       119, 9, 64, 246, 215, 125, 235, 217, 185, 121, 63, 237, 229, 47,
       212, 172, 242, 161, 113, 204, 180, 189, 115, 176, 110, 113, 27,
       58, 255, 63, 24, 223, 119, 72, 59, 151, 23, 125, 56, 179, 208,
       249, 2, 207, 223, 117, 244, 192, 224, 135, 115, 252, 182, 223,
       116, 138, 232, 17, 87, 178, 183, 164, 184, 55, 231, 64, 27, 39,
       246, 109, 24, 58, 79, 178, 2, 217, 131, 117, 120, 224, 192, 166,
       107, 240, 170, 255, 122, 138, 233, 81, 215, 178, 23, 164, 184, 55,
       167, 64, 27, 35, 146, 109, 24, 58, 79, 162, 49, 217, 131, 116,
       120, 224, 192, 166, 106, 45, 117, 25, 97, 17, 95, 86, 8, 105, 232,
       41, 8, 222, 16, 13, 176, 144, 28, 80, 106, 65, 176, 241, 14, 167,
       221, 1, 54, 72, 51, 74, 183, 220, 50, 255, 96, 162, 107, 65, 83,
       48, 166, 166, 56, 19, 23, 193, 59, 54, 148, 68, 56, 40, 213, 161,
       2, 91, 139, 97, 100, 225, 224, 102, 225, 69, 113, 145, 69, 1, 78,
       102, 32, 104, 224, 107, 8, 214, 50, 65, 50, 144, 84, 104, 106, 65,
       240, 241, 8, 37, 184, 69, 2, 72, 51, 67, 34, 244, 10, 204, 180,
       138, 40, 85, 191, 178, 183, 134, 185, 87, 227, 67, 91, 3, 214,
       109, 128, 56, 79, 203, 34, 217, 227, 245, 189, 160, 240, 134, 98,
       45, 117, 177, 71, 221, 95, 199, 136, 95, 224, 45, 8, 214, 124, 77,
       164, 152, 92, 66, 106, 73, 48, 121, 62, 39, 223, 5, 55, 82, 123,
       86, 166, 248, 188, 156, 50, 168, 173, 80, 255, 179, 191, 164, 29,
       55, 243, 66, 27, 129, 226, 237, 28, 58, 79, 218, 51, 219, 203,
       117, 121, 232, 192, 202, 10, 13, 245, 29, 103, 145, 95, 118, 184,
       121, 232, 111, 8, 222, 112, 13, 53, 145, 92, 104, 122, 97, 240,
       249, 14, 239, 223, 5, 6, 74, 115, 195, 183, 228, 112, 24, 96, 8,
       13, 81, 24, 98, 188, 37, 12, 22, 19, 74, 26, 0, 20, 72, 106, 10,
       100, 209, 0, 195, 153, 1, 60, 72, 131, 66, 34, 134, 236, 222, 255,
       236, 43, 254, 239, 190, 178, 243, 26, 247, 251, 93, 75, 255, 255,
       127, 163, 120, 247, 203, 251, 253, 171, 255, 168, 149, 121, 225,
       169, 252, 188, 220, 118, 169, 109, 85, 191, 179, 191, 164, 185,
       95, 247, 74, 31, 1, 214, 237, 8, 120, 79, 218, 34, 219, 195, 117,
       61, 226, 240, 134, 123, 246, 237, 246, 191, 252, 171, 254, 239,
       191, 178, 251, 155, 239, 238, 93, 75, 255, 255, 127, 247, 112,
       247, 203, 255, 188, 222, 207, 188, 149, 123, 227, 154, 232, 180,
       189, 122, 189, 253, 85, 47, 219, 123, 173, 24, 190, 253, 72, 51,
       137, 146, 253, 16, 58, 110, 250, 151, 207, 223, 80, 127, 210, 72,
