%YAML:1.0
---
descriptors: !!opencv-matrix
   rows: 119
   cols: 32
   dt: u
   data: [ 100, 69, 45, 103, 16, 78, 103, 168, 52, 160, 227, 0, 211, 119,
       9, 113, 80, 196, 120, 110, 105, 208, 249, 44, 237, 171, 69, 20,
       32, 179, 86, 98, 229, 244, 141, 119, 180, 46, 71, 187, 114, 235,
       99, 92, 211, 113, 153, 57, 17, 70, 116, 44, 185, 244, 217, 46,
       236, 174, 117, 84, 200, 249, 210, 32, 253, 97, 152, 118, 205, 93,
       85, 204, 227, 188, 165, 8, 90, 209, 75, 191, 200, 212, 232, 90,
       78, 103, 250, 32, 219, 217, 69, 63, 66, 63, 202, 2, 126, 176, 168,
       122, 157, 253, 209, 203, 147, 253, 133, 25, 130, 220, 126, 58,
       201, 219, 221, 17, 30, 107, 250, 179, 219, 213, 157, 127, 208, 77,
       222, 210, 221, 246, 157, 103, 168, 111, 87, 186, 99, 254, 175,
       124, 215, 55, 203, 59, 149, 214, 236, 122, 189, 116, 249, 50, 239,
       223, 101, 116, 234, 243, 198, 115, 212, 48, 189, 229, 170, 107,
       23, 24, 54, 166, 163, 56, 215, 55, 73, 90, 51, 213, 109, 50, 40,
       69, 249, 2, 217, 231, 101, 53, 160, 243, 7, 114, 225, 248, 189,
       85, 77, 205, 65, 134, 235, 243, 164, 24, 178, 181, 81, 63, 201,
       246, 120, 24, 11, 111, 242, 33, 69, 184, 84, 56, 66, 24, 86, 42,
       192, 48, 31, 248, 32, 204, 113, 23, 168, 27, 34, 88, 182, 151, 0,
       123, 164, 55, 124, 8, 17, 77, 146, 64, 193, 185, 114, 8, 72, 0,
       131, 59, 100, 109, 127, 103, 180, 75, 102, 184, 121, 168, 122, 72,
       211, 109, 21, 49, 152, 244, 108, 106, 105, 240, 201, 111, 167,
       254, 101, 5, 64, 243, 70, 37, 244, 36, 172, 246, 140, 108, 85,
       154, 178, 187, 135, 24, 215, 241, 73, 59, 129, 214, 125, 26, 56,
       71, 219, 34, 217, 163, 245, 61, 160, 121, 86, 34, 209, 140, 188,
       90, 169, 189, 20, 143, 223, 19, 164, 24, 166, 240, 78, 123, 129,
       98, 104, 24, 182, 109, 251, 51, 139, 218, 84, 123, 208, 72, 129,
       110, 212, 76, 181, 183, 188, 107, 199, 168, 116, 178, 131, 88,
       215, 97, 25, 35, 19, 84, 108, 107, 41, 229, 73, 46, 233, 162, 101,
       20, 100, 251, 133, 32, 253, 180, 156, 114, 136, 45, 87, 152, 242,
       247, 173, 29, 215, 243, 75, 27, 149, 198, 108, 94, 59, 103, 219,
       34, 219, 139, 117, 124, 232, 115, 202, 82, 212, 79, 78, 167, 144,
       10, 70, 164, 36, 160, 202, 129, 231, 99, 1, 83, 112, 230, 104, 98,
       104, 209, 205, 44, 232, 227, 229, 17, 32, 179, 8, 2, 242, 89, 126,
       190, 26, 193, 93, 102, 151, 68, 204, 139, 55, 223, 35, 81, 236,
       179, 253, 193, 110, 11, 178, 61, 243, 225, 154, 27, 49, 24, 36,
       90, 219, 184, 17, 48, 137, 237, 80, 71, 171, 241, 160, 88, 190,
       154, 64, 191, 129, 183, 252, 17, 31, 75, 210, 49, 153, 208, 89,
       122, 200, 4, 139, 30, 82, 249, 63, 190, 26, 197, 29, 239, 158, 93,
       136, 25, 182, 255, 104, 82, 205, 243, 121, 129, 74, 75, 186, 117,
       249, 167, 158, 123, 16, 16, 165, 122, 102, 188, 189, 186, 185,
       229, 153, 159, 158, 125, 137, 29, 150, 255, 74, 10, 197, 91, 253,
       17, 30, 75, 250, 179, 203, 215, 31, 127, 144, 65, 133, 83, 212,
       120, 191, 182, 10, 70, 23, 104, 166, 134, 131, 9, 247, 247, 97,
       67, 178, 117, 121, 99, 104, 71, 187, 40, 249, 163, 79, 25, 32,
       115, 37, 114, 220, 188, 222, 182, 139, 120, 85, 175, 179, 246,
       134, 185, 255, 247, 67, 155, 35, 247, 253, 130, 104, 79, 187, 40,
       251, 227, 93, 63, 166, 116, 142, 122, 212, 36, 187, 229, 34, 106,
       95, 16, 48, 166, 195, 185, 215, 55, 65, 91, 119, 213, 109, 162,
       56, 213, 161, 10, 209, 227, 107, 21, 160, 241, 7, 114, 68, 176,
       185, 243, 168, 109, 89, 158, 26, 243, 129, 25, 183, 127, 73, 42,
       133, 91, 121, 17, 19, 76, 219, 50, 205, 221, 31, 124, 136, 89,
       135, 50, 213, 116, 191, 101, 128, 110, 95, 176, 241, 238, 175, 28,
       215, 127, 83, 123, 183, 245, 125, 126, 169, 197, 177, 10, 235,
       239, 101, 16, 168, 243, 6, 115, 225, 185, 181, 84, 205, 221, 69,
       135, 235, 243, 160, 24, 178, 177, 68, 191, 137, 118, 120, 8, 123,
       111, 242, 49, 159, 184, 85, 122, 72, 72, 198, 46, 216, 56, 159,
       248, 9, 236, 81, 23, 168, 19, 34, 24, 190, 151, 64, 123, 160, 23,
       120, 0, 19, 77, 146, 1, 193, 233, 114, 72, 200, 0, 131, 59, 252,
       164, 157, 114, 153, 237, 85, 143, 178, 55, 172, 24, 215, 247, 72,
       58, 129, 214, 104, 16, 58, 105, 251, 51, 217, 199, 85, 125, 224,
       80, 134, 34, 100, 111, 29, 103, 180, 78, 102, 188, 121, 168, 122,
       72, 246, 105, 21, 48, 144, 247, 108, 106, 233, 240, 217, 110, 165,
       190, 101, 0, 72, 243, 66, 33, 116, 161, 189, 116, 137, 237, 85,
       143, 162, 55, 172, 8, 50, 247, 64, 26, 129, 210, 104, 24, 26, 107,
       250, 17, 219, 159, 85, 61, 192, 64, 198, 42, 244, 52, 189, 246,
       172, 108, 87, 154, 114, 187, 135, 24, 215, 113, 73, 27, 145, 214,
       125, 26, 58, 69, 219, 34, 217, 163, 117, 60, 168, 121, 214, 50,
       208, 164, 189, 122, 137, 237, 80, 143, 222, 51, 161, 24, 247, 248,
       72, 123, 129, 195, 104, 16, 62, 111, 219, 49, 219, 219, 85, 125,
       208, 89, 135, 10, 229, 236, 189, 119, 168, 109, 87, 156, 178, 255,
       173, 24, 215, 247, 73, 27, 129, 198, 125, 94, 59, 103, 251, 34,
       233, 239, 101, 124, 192, 243, 198, 98, 100, 240, 185, 122, 188,
       205, 83, 156, 146, 253, 165, 29, 150, 221, 74, 26, 141, 217, 221,
       81, 154, 103, 250, 51, 203, 213, 61, 125, 208, 27, 214, 243, 236,
       245, 56, 110, 253, 93, 87, 248, 209, 254, 165, 28, 114, 113, 75,
       51, 216, 198, 68, 106, 120, 103, 250, 62, 251, 217, 101, 61, 74,
       251, 222, 98, 205, 116, 53, 71, 225, 94, 39, 184, 121, 234, 103,
       72, 218, 118, 141, 183, 55, 84, 124, 106, 225, 212, 185, 74, 47,
       186, 101, 6, 74, 243, 71, 117, 213, 70, 159, 37, 32, 46, 103, 184,
       104, 170, 163, 100, 215, 98, 137, 123, 55, 68, 108, 110, 225, 213,
       205, 10, 164, 170, 103, 132, 8, 243, 3, 33, 240, 69, 47, 188, 8,
       197, 93, 111, 150, 68, 192, 11, 55, 223, 35, 81, 232, 179, 121,
       129, 104, 15, 114, 31, 241, 163, 218, 57, 49, 24, 36, 122, 120,
       168, 156, 112, 137, 237, 81, 87, 162, 55, 164, 24, 39, 179, 64,
       27, 137, 146, 236, 16, 26, 111, 210, 17, 219, 195, 113, 121, 224,
       72, 206, 10, 193, 56, 191, 248, 104, 236, 57, 23, 170, 89, 180,
       120, 190, 159, 226, 122, 166, 51, 127, 29, 147, 79, 162, 81, 213,
       185, 122, 250, 136, 128, 35, 123, 114, 173, 254, 80, 137, 249, 84,
       199, 243, 183, 164, 56, 35, 251, 196, 27, 105, 242, 237, 144, 62,
       107, 202, 113, 218, 219, 213, 123, 225, 208, 238, 14, 69, 113, 25,
       101, 48, 78, 102, 56, 96, 168, 98, 72, 215, 19, 1, 112, 16, 84,
       104, 106, 65, 176, 209, 12, 165, 169, 33, 20, 72, 179, 66, 48, 69,
       103, 213, 67, 160, 59, 103, 168, 126, 238, 59, 108, 207, 96, 205,
       230, 151, 68, 108, 126, 245, 240, 237, 58, 172, 222, 101, 22, 194,
       247, 193, 37, 113, 189, 57, 102, 144, 205, 87, 191, 114, 97, 172,
       8, 51, 247, 64, 48, 21, 222, 112, 8, 27, 58, 249, 55, 251, 239,
       53, 120, 96, 128, 198, 122, 252, 228, 157, 242, 137, 109, 71, 173,
       178, 191, 161, 24, 215, 119, 72, 59, 145, 86, 108, 18, 122, 71,
       251, 50, 233, 211, 85, 125, 128, 123, 134, 34, 242, 166, 212, 112,
       168, 168, 72, 71, 187, 59, 176, 89, 35, 171, 68, 159, 169, 135,
       108, 144, 58, 79, 194, 227, 154, 250, 212, 123, 225, 192, 194, 12,
       229, 84, 157, 103, 128, 111, 71, 56, 126, 162, 35, 8, 211, 113, 9,
       123, 145, 84, 104, 110, 105, 244, 121, 28, 237, 170, 69, 20, 72,
       123, 64, 48, 244, 100, 156, 254, 141, 111, 71, 168, 179, 182, 165,
       24, 215, 115, 73, 27, 217, 212, 121, 122, 40, 103, 219, 58, 249,
       211, 197, 60, 192, 123, 214, 34, 101, 109, 29, 103, 176, 14, 231,
       188, 120, 168, 107, 72, 246, 114, 9, 48, 144, 86, 104, 106, 105,
       240, 217, 46, 165, 190, 69, 0, 72, 51, 67, 56, 217, 184, 157, 120,
       9, 236, 80, 23, 226, 19, 38, 24, 191, 147, 64, 251, 161, 22, 120,
       24, 51, 77, 146, 1, 211, 233, 112, 72, 234, 64, 139, 42, 225, 188,
