%YAML:1.0
---
descriptors: !!opencv-matrix
   rows: 247
   cols: 32
   dt: u
   data: [ 236, 112, 189, 99, 45, 127, 67, 152, 115, 254, 165, 24, 210,
       93, 93, 58, 153, 212, 120, 122, 169, 116, 249, 2, 199, 219, 69,
       53, 194, 123, 86, 98, 125, 93, 125, 102, 176, 78, 79, 188, 97,
       232, 190, 72, 119, 119, 137, 114, 22, 244, 124, 106, 201, 129,
       121, 46, 243, 237, 101, 148, 104, 243, 66, 49, 172, 52, 189, 99,
       173, 109, 83, 152, 91, 255, 165, 24, 222, 95, 73, 59, 145, 80,
       255, 50, 51, 100, 251, 18, 207, 219, 1, 127, 210, 75, 70, 114,
       236, 112, 189, 99, 40, 78, 83, 152, 123, 250, 183, 24, 215, 87,
       73, 59, 148, 220, 124, 122, 169, 102, 251, 32, 199, 217, 101, 52,
       194, 179, 70, 51, 252, 188, 252, 118, 168, 109, 85, 190, 178, 190,
       164, 24, 115, 119, 64, 27, 1, 214, 109, 42, 120, 79, 250, 58, 249,
       203, 117, 60, 224, 240, 198, 107, 104, 180, 189, 250, 13, 253, 85,
       47, 223, 31, 172, 24, 190, 189, 76, 51, 137, 51, 251, 0, 58, 107,
       242, 151, 227, 223, 84, 123, 82, 72, 198, 106, 120, 184, 253, 112,
       136, 253, 81, 215, 162, 255, 164, 24, 51, 247, 66, 58, 1, 246,
       237, 24, 26, 107, 186, 49, 219, 203, 117, 121, 226, 192, 198, 123,
       236, 236, 246, 255, 252, 43, 222, 255, 255, 187, 255, 24, 235,
       235, 92, 91, 219, 207, 127, 155, 248, 111, 203, 251, 254, 255,
       247, 252, 199, 250, 242, 128, 252, 236, 252, 255, 173, 45, 94,
       190, 255, 187, 181, 24, 255, 249, 89, 27, 223, 199, 127, 106, 250,
       103, 203, 179, 255, 255, 117, 190, 194, 249, 194, 3, 113, 5, 93,
       101, 176, 14, 71, 55, 108, 160, 170, 0, 215, 51, 0, 112, 18, 246,
       124, 106, 121, 161, 121, 12, 225, 239, 37, 16, 96, 242, 192, 32,
       220, 28, 61, 116, 168, 110, 85, 50, 176, 190, 166, 56, 215, 119,
       1, 123, 167, 212, 109, 42, 104, 69, 227, 12, 209, 235, 117, 16,
       96, 241, 6, 35, 112, 245, 181, 120, 157, 77, 85, 143, 107, 57,
       168, 24, 150, 49, 76, 114, 129, 147, 104, 16, 27, 105, 219, 23,
       185, 222, 84, 126, 208, 72, 198, 42, 64, 172, 157, 255, 168, 236,
       65, 151, 182, 19, 96, 24, 182, 243, 64, 90, 129, 122, 104, 24, 19,
       72, 218, 49, 205, 178, 85, 120, 144, 64, 135, 170, 100, 105, 59,
       126, 93, 198, 199, 224, 232, 128, 232, 8, 82, 221, 45, 48, 216,
       253, 83, 226, 73, 227, 186, 72, 113, 188, 135, 44, 65, 51, 102,
       162, 13, 117, 177, 71, 240, 78, 55, 184, 57, 232, 127, 100, 222,
       119, 141, 52, 148, 93, 212, 98, 225, 176, 249, 110, 103, 255, 37,
       134, 74, 115, 135, 243, 248, 184, 255, 116, 11, 252, 81, 7, 227,
       87, 164, 24, 59, 181, 66, 59, 1, 246, 232, 8, 59, 111, 178, 33,
       219, 235, 84, 121, 226, 192, 198, 106, 198, 237, 214, 159, 254,
       43, 254, 238, 191, 179, 251, 18, 237, 234, 93, 75, 251, 239, 127,
       227, 50, 215, 203, 251, 188, 254, 95, 212, 149, 123, 227, 129,
       230, 236, 246, 159, 252, 171, 238, 238, 255, 179, 250, 18, 236,
       234, 61, 75, 255, 239, 127, 195, 242, 255, 203, 255, 190, 254,
       223, 160, 181, 121, 225, 137, 237, 116, 157, 103, 41, 110, 84,
       152, 123, 250, 165, 24, 214, 85, 73, 59, 145, 84, 108, 58, 41,
       100, 249, 2, 197, 251, 69, 52, 200, 115, 66, 50, 117, 70, 77, 111,
       180, 46, 79, 184, 116, 170, 250, 76, 83, 97, 153, 112, 17, 196,
       76, 110, 169, 176, 109, 30, 224, 239, 37, 148, 232, 243, 66, 33,
       246, 172, 150, 158, 137, 233, 4, 239, 191, 183, 160, 27, 102, 242,
       96, 159, 233, 226, 106, 1, 62, 111, 218, 115, 153, 18, 95, 127,
       208, 120, 174, 142, 84, 165, 185, 114, 153, 237, 81, 207, 178, 21,
       173, 24, 26, 247, 72, 56, 129, 155, 192, 144, 26, 107, 250, 119,
       219, 197, 21, 125, 225, 65, 166, 226, 216, 176, 189, 240, 169,
       253, 81, 159, 191, 223, 180, 24, 191, 255, 64, 59, 133, 179, 253,
       24, 59, 79, 242, 17, 219, 219, 116, 248, 130, 192, 135, 123, 232,
       180, 189, 113, 173, 109, 85, 191, 123, 63, 180, 24, 159, 57, 72,
       59, 129, 22, 108, 24, 251, 124, 241, 51, 239, 223, 116, 116, 194,
       216, 198, 43, 248, 188, 191, 248, 169, 253, 81, 215, 251, 127,
       180, 24, 191, 191, 66, 123, 133, 179, 253, 24, 58, 111, 242, 147,
       219, 219, 116, 123, 194, 72, 199, 123, 248, 188, 189, 248, 173,
       253, 84, 215, 255, 127, 180, 24, 190, 253, 68, 59, 205, 242, 253,
       16, 186, 111, 242, 179, 219, 219, 85, 123, 210, 76, 198, 107, 245,
       113, 221, 100, 40, 78, 71, 184, 97, 250, 166, 72, 83, 113, 201,
       59, 16, 212, 124, 106, 105, 101, 249, 8, 227, 169, 101, 52, 104,
       243, 66, 49, 245, 117, 29, 103, 160, 14, 71, 184, 96, 224, 171,
       76, 211, 113, 137, 51, 16, 196, 124, 110, 201, 240, 249, 40, 161,
       169, 101, 20, 104, 243, 66, 48, 252, 96, 253, 114, 136, 109, 85,
       222, 162, 183, 165, 24, 19, 247, 73, 27, 1, 214, 108, 26, 58, 71,
       250, 32, 217, 203, 117, 60, 224, 241, 198, 98, 109, 253, 48, 90,
       217, 221, 87, 174, 251, 113, 44, 8, 190, 249, 71, 180, 129, 122,
       208, 90, 71, 106, 250, 183, 47, 223, 21, 59, 90, 95, 202, 190,
       240, 170, 191, 116, 138, 104, 81, 151, 178, 151, 164, 56, 55, 167,
       64, 27, 39, 247, 109, 24, 58, 79, 162, 33, 217, 225, 116, 121,
       160, 224, 166, 106, 205, 52, 157, 101, 129, 126, 113, 26, 121,
       234, 39, 84, 158, 51, 65, 123, 149, 84, 120, 56, 177, 212, 241,
       74, 199, 255, 83, 6, 138, 225, 3, 49, 240, 170, 254, 120, 138,
       233, 81, 215, 178, 23, 164, 185, 55, 231, 64, 27, 35, 178, 101,
       16, 58, 79, 162, 51, 219, 195, 116, 121, 224, 192, 134, 235, 124,
       176, 255, 112, 168, 109, 81, 210, 178, 191, 164, 24, 23, 183, 64,
       27, 35, 214, 108, 24, 40, 71, 186, 0, 217, 203, 117, 124, 224,
       192, 70, 99, 13, 113, 16, 101, 85, 14, 102, 56, 104, 224, 107, 76,
       222, 16, 17, 48, 144, 76, 64, 110, 197, 176, 217, 14, 101, 253, 1,
       4, 72, 51, 67, 131, 77, 113, 145, 101, 33, 78, 119, 56, 104, 224,
       99, 12, 222, 49, 9, 50, 144, 68, 104, 106, 65, 240, 249, 0, 229,
       184, 69, 6, 72, 51, 67, 34, 244, 14, 204, 180, 138, 32, 85, 191,
       162, 182, 134, 185, 87, 231, 67, 91, 67, 246, 109, 130, 120, 79,
       203, 32, 217, 227, 245, 189, 160, 240, 134, 106, 248, 188, 158,
       114, 168, 173, 85, 223, 179, 191, 164, 29, 55, 243, 66, 27, 129,
       246, 237, 16, 58, 111, 218, 35, 219, 203, 117, 121, 232, 208, 202,
       11, 205, 116, 149, 71, 225, 126, 119, 168, 121, 234, 47, 8, 222,
       112, 77, 183, 145, 84, 96, 106, 97, 244, 249, 10, 111, 254, 69, 6,
       74, 115, 67, 54, 236, 180, 189, 99, 173, 125, 83, 152, 127, 127,
       165, 24, 223, 127, 72, 59, 145, 16, 253, 58, 59, 100, 251, 18,
       207, 219, 81, 127, 210, 75, 70, 50, 252, 188, 252, 118, 169, 109,
       85, 255, 179, 191, 165, 25, 123, 247, 75, 27, 9, 246, 237, 10, 56,
       71, 250, 34, 219, 203, 117, 61, 227, 241, 198, 99, 246, 236, 230,
       223, 252, 59, 238, 236, 63, 178, 251, 18, 239, 234, 93, 107, 123,
       239, 127, 243, 224, 247, 239, 255, 188, 254, 207, 156, 149, 127,
       227, 140, 104, 189, 180, 252, 141, 253, 84, 47, 223, 27, 172, 24,
       190, 189, 68, 50, 201, 178, 249, 0, 106, 107, 242, 179, 235, 255,
       84, 59, 82, 88, 214, 10, 236, 228, 188, 254, 173, 61, 94, 252,
       255, 187, 183, 24, 255, 249, 77, 27, 223, 199, 127, 122, 250, 103,
       251, 179, 255, 255, 117, 254, 194, 251, 194, 3, 89, 133, 93, 100,
       184, 10, 71, 53, 228, 160, 170, 8, 215, 51, 8, 115, 34, 214, 108,
       106, 120, 169, 113, 12, 241, 235, 101, 16, 96, 178, 194, 32, 252,
       245, 188, 247, 169, 63, 95, 188, 191, 187, 191, 56, 223, 255, 73,
       91, 151, 215, 125, 122, 186, 103, 235, 242, 251, 251, 101, 254,
       194, 243, 194, 3, 216, 20, 156, 244, 168, 44, 85, 55, 178, 191,
       182, 56, 87, 183, 65, 91, 167, 247, 237, 2, 56, 79, 130, 2, 211,
       227, 117, 156, 224, 240, 134, 35, 220, 124, 156, 247, 172, 46,
       126, 184, 191, 186, 191, 56, 223, 251, 73, 91, 247, 215, 125, 122,
       56, 69, 203, 178, 251, 255, 127, 214, 162, 243, 195, 1, 100, 180,
