%YAML:1.0
---
descriptors: !!opencv-matrix
   rows: 77
   cols: 32
   dt: u
   data: [ 6, 225, 244, 239, 252, 11, 254, 232, 111, 160, 251, 2, 205,
       106, 29, 64, 254, 205, 127, 227, 200, 243, 201, 252, 190, 254,
       207, 132, 101, 251, 227, 129, 237, 125, 189, 247, 164, 110, 119,
       156, 123, 250, 46, 92, 215, 117, 73, 59, 145, 86, 124, 122, 233,
       244, 249, 42, 239, 219, 101, 52, 200, 243, 194, 123, 21, 83, 95,
       231, 52, 15, 79, 184, 100, 168, 251, 198, 211, 67, 153, 112, 118,
       196, 12, 110, 201, 176, 77, 44, 224, 169, 37, 148, 44, 187, 64,
       49, 118, 225, 246, 239, 254, 11, 254, 236, 63, 160, 243, 10, 207,
       234, 61, 80, 254, 205, 127, 227, 192, 243, 201, 253, 190, 250,
       207, 148, 37, 187, 113, 129, 216, 184, 190, 248, 139, 233, 17, 71,
       191, 23, 164, 57, 174, 191, 98, 27, 163, 179, 233, 16, 58, 79,
       178, 243, 219, 211, 90, 123, 144, 64, 167, 106, 220, 50, 189, 118,
       168, 108, 85, 184, 178, 255, 167, 93, 215, 247, 75, 91, 133, 212,
       109, 10, 184, 101, 251, 0, 219, 251, 117, 61, 224, 241, 70, 115,
       252, 116, 188, 114, 169, 109, 83, 152, 179, 191, 181, 25, 223,
       223, 73, 27, 157, 213, 253, 50, 42, 71, 251, 178, 219, 219, 117,
       127, 226, 243, 6, 83, 236, 236, 180, 254, 141, 237, 86, 238, 215,
       147, 173, 24, 234, 249, 125, 91, 201, 226, 251, 19, 58, 103, 218,
       179, 251, 219, 213, 63, 210, 123, 246, 130, 54, 225, 86, 143, 252,
       11, 238, 232, 47, 160, 251, 2, 204, 234, 29, 64, 122, 205, 127,
       227, 72, 243, 201, 252, 188, 184, 143, 132, 101, 59, 97, 128, 5,
       85, 27, 231, 52, 15, 111, 184, 36, 232, 91, 68, 215, 115, 137, 96,
       126, 92, 30, 106, 201, 176, 89, 46, 229, 172, 167, 132, 40, 187,
       1, 177, 125, 199, 77, 103, 180, 10, 79, 188, 96, 168, 254, 236,
       211, 97, 153, 114, 16, 198, 108, 110, 233, 176, 109, 46, 224, 239,
       37, 148, 104, 243, 210, 33, 125, 71, 77, 103, 180, 42, 71, 188,
       112, 226, 239, 236, 211, 97, 153, 112, 19, 196, 108, 110, 169,
       176, 109, 46, 236, 239, 37, 20, 237, 243, 210, 32, 253, 79, 197,
       103, 150, 10, 71, 184, 116, 160, 235, 136, 83, 97, 153, 112, 120,
       196, 108, 110, 104, 176, 77, 46, 228, 175, 165, 20, 101, 243, 82,
       32, 221, 189, 189, 119, 173, 78, 119, 191, 251, 250, 166, 24, 247,
       117, 73, 59, 129, 86, 124, 122, 121, 229, 251, 42, 235, 219, 101,
       52, 192, 112, 198, 123, 213, 188, 189, 119, 168, 110, 87, 191,
       248, 251, 174, 88, 247, 119, 65, 123, 133, 118, 124, 42, 249, 237,
       251, 42, 235, 255, 117, 16, 200, 241, 131, 59, 252, 48, 188, 114,
       137, 109, 81, 152, 163, 191, 165, 24, 83, 247, 73, 27, 129, 214,
       109, 26, 58, 71, 250, 32, 219, 203, 117, 61, 226, 225, 70, 34,
       237, 252, 189, 115, 173, 111, 87, 152, 251, 251, 165, 24, 215,
       117, 73, 59, 145, 86, 124, 58, 59, 103, 251, 50, 239, 219, 85,
       116, 194, 121, 198, 114, 236, 188, 188, 250, 141, 253, 87, 143,
       219, 51, 165, 24, 242, 249, 72, 59, 201, 82, 249, 26, 58, 111,
       251, 179, 235, 219, 85, 127, 210, 89, 214, 42, 220, 221, 156, 167,
       188, 46, 95, 184, 52, 170, 159, 56, 215, 119, 9, 82, 247, 215,
       125, 107, 104, 197, 201, 46, 251, 239, 239, 148, 160, 251, 128, 3,
       252, 112, 188, 243, 169, 109, 87, 156, 59, 187, 181, 24, 223, 223,
       73, 27, 157, 213, 253, 114, 42, 71, 251, 34, 219, 219, 101, 61,
       226, 243, 70, 51, 246, 96, 222, 239, 108, 11, 235, 216, 63, 162,
       243, 10, 215, 202, 29, 88, 122, 205, 127, 227, 40, 247, 203, 250,
       212, 186, 235, 148, 101, 187, 99, 128, 86, 105, 86, 174, 158, 3,
       238, 232, 173, 160, 251, 10, 79, 234, 61, 64, 122, 237, 127, 227,
       72, 163, 139, 236, 186, 248, 135, 156, 101, 187, 112, 0, 54, 109,
       86, 175, 158, 11, 238, 232, 45, 160, 251, 2, 79, 234, 61, 64, 122,
       237, 127, 227, 72, 179, 201, 236, 188, 252, 143, 148, 101, 123,
       97, 128, 102, 125, 150, 252, 253, 143, 126, 230, 191, 170, 232, 8,
       170, 186, 53, 80, 201, 237, 127, 194, 104, 251, 218, 255, 191,
       254, 135, 58, 80, 121, 98, 130, 98, 253, 182, 254, 253, 205, 84,
       230, 255, 138, 248, 8, 174, 251, 37, 80, 201, 250, 255, 64, 106,
       107, 210, 255, 187, 254, 214, 59, 82, 88, 246, 138, 252, 112, 253,
       103, 44, 95, 87, 156, 107, 254, 181, 8, 219, 93, 73, 59, 156, 212,
       253, 122, 201, 102, 251, 40, 247, 219, 101, 61, 66, 251, 70, 115,
       106, 169, 176, 248, 157, 221, 16, 71, 207, 21, 168, 25, 174, 187,
       102, 18, 201, 51, 235, 16, 30, 43, 210, 177, 139, 213, 16, 123,
       210, 8, 206, 14, 234, 248, 164, 94, 73, 213, 148, 204, 139, 222,
       180, 61, 106, 252, 127, 159, 141, 243, 253, 67, 238, 103, 186,
       241, 91, 91, 93, 187, 83, 124, 222, 95, 245, 121, 221, 102, 172,
       78, 71, 184, 224, 250, 167, 72, 83, 113, 201, 51, 16, 212, 124,
       106, 201, 225, 249, 40, 241, 169, 101, 20, 104, 179, 66, 49, 253,
       121, 221, 102, 136, 76, 71, 184, 225, 250, 165, 72, 83, 117, 201,
       59, 0, 244, 108, 106, 73, 99, 250, 40, 243, 233, 101, 60, 99, 243,
       70, 32, 246, 236, 134, 255, 205, 111, 238, 238, 191, 179, 233, 18,
       232, 250, 125, 91, 249, 239, 123, 163, 122, 247, 219, 255, 191,
       254, 223, 45, 145, 123, 226, 138, 252, 113, 252, 231, 168, 78, 95,
       184, 33, 186, 191, 8, 223, 119, 73, 51, 148, 213, 125, 106, 72,
       99, 251, 40, 247, 249, 101, 61, 96, 243, 198, 115, 124, 112, 188,
       99, 169, 79, 87, 156, 43, 186, 181, 8, 223, 95, 73, 27, 157, 212,
       253, 122, 10, 102, 251, 32, 223, 223, 101, 61, 226, 251, 70, 51,
       202, 190, 180, 178, 171, 240, 20, 135, 187, 31, 128, 185, 172,
       190, 66, 91, 135, 115, 237, 17, 54, 77, 138, 243, 139, 83, 94,
       251, 128, 68, 141, 95, 108, 177, 180, 234, 189, 93, 82, 249, 111,
       57, 181, 24, 222, 253, 72, 18, 221, 154, 255, 50, 26, 99, 251,
       181, 223, 223, 65, 127, 210, 11, 198, 19, 236, 113, 184, 103, 44,
       79, 87, 152, 107, 238, 181, 8, 219, 93, 73, 58, 156, 212, 125,
       122, 201, 102, 249, 42, 231, 221, 101, 53, 66, 251, 70, 243, 248,
       233, 48, 248, 29, 205, 84, 103, 199, 5, 236, 9, 174, 157, 32, 16,
       200, 186, 201, 0, 122, 43, 82, 191, 251, 221, 16, 123, 82, 12,
       246, 10, 91, 92, 151, 245, 51, 118, 62, 182, 61, 202, 90, 244,
       253, 63, 129, 238, 167, 119, 253, 167, 161, 212, 49, 234, 165,
       255, 95, 130, 174, 245, 41, 121, 254, 80, 226, 166, 79, 82, 94,
       104, 169, 230, 183, 11, 78, 223, 47, 223, 250, 213, 253, 227, 76,
       231, 249, 192, 179, 243, 207, 31, 103, 63, 126, 86, 247, 188, 156,
       178, 173, 125, 145, 218, 218, 255, 181, 29, 150, 248, 79, 27, 141,
       195, 124, 21, 191, 103, 250, 51, 219, 211, 127, 127, 216, 105,
       139, 215, 88, 153, 27, 229, 180, 142, 95, 55, 44, 137, 254, 96,
       191, 183, 128, 80, 230, 191, 93, 72, 89, 153, 97, 45, 235, 237,
       38, 208, 32, 130, 129, 41, 216, 188, 191, 118, 168, 108, 85, 191,
       250, 251, 166, 24, 247, 247, 64, 123, 165, 246, 124, 8, 57, 77,
       187, 43, 251, 235, 117, 16, 224, 112, 199, 59, 252, 104, 253, 118,
       40, 76, 69, 152, 227, 182, 165, 24, 83, 215, 73, 59, 129, 212,
       108, 90, 40, 103, 250, 32, 211, 219, 117, 60, 226, 241, 70, 98,
       212, 172, 222, 191, 156, 47, 238, 239, 62, 179, 235, 18, 247, 234,
       25, 81, 123, 239, 123, 163, 120, 253, 219, 63, 253, 239, 223, 20,
       164, 121, 225, 128, 220, 221, 28, 231, 188, 46, 95, 188, 32, 170,
       191, 8, 215, 119, 9, 82, 151, 214, 125, 106, 104, 193, 233, 46,
       251, 239, 101, 148, 160, 243, 130, 51, 124, 112, 184, 99, 169, 79,
       83, 152, 107, 184, 181, 8, 223, 95, 73, 58, 157, 212, 125, 122,
       10, 102, 249, 50, 239, 221, 37, 125, 194, 187, 70, 51, 223, 23,
       231, 69, 114, 58, 111, 56, 105, 232, 95, 230, 89, 110, 159, 247,
       54, 196, 253, 239, 173, 208, 165, 204, 54, 126, 225, 132, 47, 247,
       122, 117, 95, 127, 230, 6, 115, 58, 190, 248, 169, 228, 159, 175,
