%YAML:1.0
---
descriptors: !!opencv-matrix
   rows: 322
   cols: 32
   dt: u
   data: [ 246, 108, 150, 222, 221, 79, 254, 232, 63, 162, 241, 10, 204,
       255, 29, 65, 249, 221, 123, 227, 104, 247, 217, 254, 191, 254,
       207, 31, 211, 127, 119, 130, 254, 237, 182, 254, 221, 79, 214,
       232, 255, 134, 227, 10, 106, 255, 45, 81, 249, 253, 251, 227, 104,
       227, 219, 255, 187, 255, 199, 63, 211, 127, 118, 130, 92, 48, 189,
       242, 168, 108, 89, 29, 171, 251, 151, 124, 223, 127, 72, 123, 167,
       151, 253, 49, 185, 65, 251, 128, 219, 251, 127, 254, 160, 194,
       135, 115, 120, 253, 182, 252, 157, 221, 86, 230, 223, 148, 172, 8,
       174, 253, 100, 19, 201, 242, 235, 66, 94, 107, 242, 191, 251, 223,
       213, 123, 82, 124, 246, 74, 246, 172, 246, 159, 236, 43, 252, 206,
       63, 187, 242, 19, 236, 238, 28, 90, 255, 223, 127, 149, 178, 223,
       203, 255, 156, 190, 223, 214, 149, 124, 243, 145, 104, 181, 188,
       250, 157, 109, 84, 15, 83, 63, 173, 24, 255, 253, 72, 18, 217,
       154, 233, 16, 58, 106, 251, 147, 235, 223, 84, 123, 210, 72, 198,
       106, 134, 173, 254, 223, 238, 43, 238, 223, 127, 179, 254, 154,
       253, 235, 189, 72, 123, 239, 127, 155, 176, 251, 207, 255, 190,
       191, 255, 236, 149, 249, 241, 128, 108, 180, 189, 99, 141, 127,
       83, 152, 123, 63, 173, 24, 223, 61, 72, 58, 153, 20, 232, 58, 58,
       102, 249, 18, 207, 223, 65, 125, 210, 107, 198, 114, 148, 237,
       255, 255, 190, 43, 239, 255, 126, 179, 250, 210, 245, 239, 152,
       64, 127, 239, 127, 235, 241, 249, 207, 63, 252, 175, 239, 228,
       165, 251, 227, 233, 236, 112, 189, 99, 5, 111, 83, 152, 123, 254,
       39, 24, 214, 85, 73, 59, 153, 84, 124, 122, 169, 116, 249, 8, 207,
       219, 69, 52, 194, 123, 70, 115, 68, 85, 29, 231, 180, 78, 111,
       184, 52, 232, 255, 72, 215, 119, 137, 112, 86, 212, 125, 106, 105,
       144, 121, 14, 229, 239, 37, 148, 32, 243, 68, 113, 108, 85, 61,
       103, 48, 78, 103, 184, 104, 232, 127, 72, 215, 119, 137, 115, 148,
       84, 124, 106, 201, 240, 249, 44, 231, 249, 101, 20, 64, 243, 70,
       113, 213, 79, 157, 119, 160, 14, 102, 188, 124, 186, 178, 64, 215,
       115, 137, 123, 145, 68, 108, 110, 233, 244, 201, 42, 169, 170,
       101, 20, 72, 243, 3, 49, 196, 52, 189, 119, 168, 111, 87, 152,
       123, 251, 163, 24, 215, 119, 73, 59, 145, 214, 124, 58, 57, 116,
       249, 2, 205, 219, 117, 52, 200, 115, 134, 114, 104, 188, 191, 112,
       185, 237, 81, 71, 251, 159, 44, 24, 150, 183, 68, 58, 129, 50,
       104, 24, 59, 105, 242, 7, 203, 223, 80, 122, 194, 64, 198, 98,
       108, 101, 249, 103, 29, 94, 95, 184, 113, 160, 239, 8, 219, 125,
       25, 176, 88, 220, 249, 106, 104, 242, 249, 47, 111, 239, 5, 21,
       99, 187, 94, 98, 249, 188, 119, 112, 169, 253, 85, 215, 243, 123,
       180, 24, 59, 189, 198, 63, 171, 178, 236, 8, 191, 111, 182, 177,
       219, 219, 80, 123, 235, 192, 206, 95, 249, 58, 222, 176, 170, 188,
       88, 23, 162, 91, 180, 249, 63, 151, 66, 27, 135, 183, 253, 20,
       190, 79, 226, 49, 211, 203, 112, 249, 162, 196, 138, 91, 252, 168,
       156, 118, 136, 109, 85, 223, 162, 183, 164, 25, 23, 243, 75, 27,
       1, 214, 237, 16, 56, 71, 218, 32, 219, 195, 117, 61, 226, 240,
       206, 10, 209, 174, 134, 50, 169, 173, 68, 207, 187, 159, 176, 93,
       175, 226, 80, 159, 161, 231, 108, 13, 62, 111, 138, 35, 152, 242,
       116, 218, 194, 84, 203, 13, 221, 34, 152, 164, 168, 40, 72, 8,
       226, 183, 163, 25, 199, 227, 203, 91, 3, 197, 108, 62, 60, 69,
       143, 0, 218, 227, 101, 61, 160, 241, 10, 0, 228, 245, 21, 251,
       153, 141, 71, 172, 127, 59, 169, 88, 214, 113, 72, 53, 145, 218,
       104, 18, 123, 106, 219, 55, 173, 150, 21, 126, 208, 27, 198, 34,
       148, 101, 31, 111, 20, 198, 103, 248, 116, 128, 111, 0, 211, 243,
       41, 113, 88, 124, 32, 106, 104, 242, 25, 44, 225, 171, 197, 4, 96,
       243, 96, 162, 85, 69, 93, 103, 16, 110, 71, 184, 100, 160, 171, 8,
       83, 113, 9, 112, 50, 212, 124, 106, 73, 161, 89, 14, 247, 175, 37,
       20, 96, 243, 64, 32, 252, 68, 125, 103, 136, 74, 71, 168, 113,
       178, 167, 8, 215, 115, 9, 123, 19, 212, 104, 106, 104, 244, 89,
       46, 229, 235, 69, 20, 96, 243, 68, 34, 156, 77, 31, 103, 147, 79,
       103, 184, 52, 162, 239, 2, 83, 115, 9, 113, 49, 252, 104, 234,
       104, 244, 57, 46, 233, 235, 69, 4, 32, 243, 164, 34, 96, 140, 157,
       222, 204, 233, 21, 143, 138, 19, 160, 24, 182, 179, 64, 91, 129,
       83, 104, 0, 50, 111, 211, 49, 221, 178, 84, 123, 208, 72, 199, 42,
       69, 245, 157, 99, 161, 14, 119, 184, 122, 248, 43, 76, 222, 113,
       73, 50, 145, 68, 104, 122, 225, 112, 249, 42, 237, 223, 69, 86,
       200, 115, 195, 35, 69, 55, 157, 101, 176, 46, 119, 184, 122, 168,
       42, 68, 222, 114, 73, 114, 151, 71, 108, 122, 241, 208, 217, 74,
       173, 190, 103, 6, 136, 115, 131, 33, 192, 164, 157, 217, 232, 237,
       69, 175, 190, 51, 40, 24, 182, 51, 72, 123, 129, 19, 106, 24, 51,
       108, 219, 119, 205, 146, 84, 124, 208, 72, 135, 42, 176, 168, 191,
       115, 200, 196, 229, 199, 50, 179, 100, 24, 49, 247, 64, 59, 169,
       255, 115, 152, 58, 95, 186, 115, 93, 171, 223, 105, 193, 0, 231,
       170, 209, 190, 189, 245, 44, 14, 85, 62, 248, 174, 146, 120, 247,
       57, 64, 35, 133, 119, 125, 33, 168, 237, 235, 42, 201, 171, 117,
       176, 64, 232, 7, 43, 193, 136, 189, 95, 136, 173, 144, 138, 206,
       19, 160, 24, 246, 240, 4, 107, 129, 114, 106, 24, 18, 109, 123,
       49, 205, 186, 85, 58, 208, 72, 65, 42, 45, 119, 213, 5, 182, 27,
       102, 184, 123, 226, 123, 108, 215, 120, 157, 162, 23, 76, 52, 111,
       229, 240, 221, 14, 46, 127, 101, 4, 110, 251, 88, 21, 73, 125, 31,
       101, 51, 78, 55, 164, 120, 200, 110, 40, 254, 113, 1, 49, 178,
       125, 104, 106, 97, 240, 177, 47, 229, 255, 69, 2, 72, 51, 67, 43,
       76, 117, 121, 103, 178, 74, 127, 184, 57, 228, 111, 169, 223, 119,
       139, 80, 22, 93, 253, 110, 96, 208, 249, 78, 230, 223, 37, 132,
       34, 243, 7, 113, 129, 170, 149, 155, 236, 169, 104, 143, 254, 19,
       66, 208, 181, 226, 248, 203, 67, 42, 106, 28, 51, 92, 207, 113,
       12, 162, 119, 108, 152, 192, 129, 136, 208, 176, 29, 112, 8, 236,
       81, 23, 230, 121, 166, 24, 183, 151, 64, 58, 1, 183, 108, 16, 27,
       109, 211, 17, 217, 161, 49, 121, 224, 128, 7, 42, 145, 142, 207,
       123, 160, 170, 109, 151, 118, 11, 98, 212, 243, 97, 144, 121, 49,
       46, 44, 28, 179, 252, 5, 55, 204, 174, 116, 0, 248, 208, 192, 40,
       252, 237, 156, 114, 136, 237, 85, 142, 178, 183, 172, 25, 119,
       247, 75, 27, 129, 246, 237, 18, 58, 79, 218, 51, 251, 195, 117,
       121, 224, 209, 142, 10, 108, 228, 189, 111, 137, 77, 71, 168, 19,
       54, 173, 8, 210, 119, 73, 18, 217, 68, 121, 122, 59, 66, 251, 51,
       239, 219, 69, 124, 208, 123, 214, 98, 120, 237, 54, 252, 157, 221,
       84, 230, 215, 150, 172, 9, 190, 189, 96, 50, 201, 242, 251, 64,
       106, 111, 242, 191, 251, 223, 20, 59, 82, 28, 246, 42, 236, 188,
       180, 251, 173, 189, 92, 159, 255, 187, 180, 24, 254, 249, 92, 31,
       141, 114, 255, 24, 186, 109, 250, 179, 207, 219, 85, 122, 210, 88,
       211, 11, 226, 172, 182, 222, 237, 175, 252, 239, 255, 187, 242,
       16, 238, 250, 60, 91, 217, 239, 127, 145, 186, 127, 203, 247, 159,
       58, 223, 182, 209, 120, 243, 139, 236, 184, 188, 250, 173, 253,
       85, 155, 255, 27, 180, 24, 254, 255, 64, 59, 133, 115, 253, 24,
       178, 111, 250, 241, 219, 219, 85, 123, 210, 72, 199, 115, 230,
       172, 214, 191, 236, 43, 252, 207, 63, 179, 242, 146, 204, 238, 20,
       75, 255, 239, 127, 145, 50, 255, 203, 247, 156, 190, 223, 244,
       149, 124, 243, 129, 242, 172, 214, 191, 254, 171, 252, 239, 191,
       179, 250, 18, 238, 234, 44, 91, 255, 239, 127, 129, 58, 255, 203,
       255, 188, 254, 223, 246, 213, 104, 227, 137, 242, 172, 246, 223,
       236, 175, 252, 207, 63, 251, 242, 147, 237, 238, 84, 121, 255,
