%YAML:1.0
---
descriptors: !!opencv-matrix
   rows: 344
   cols: 32
   dt: u
   data: [ 221, 68, 253, 247, 44, 42, 127, 152, 244, 250, 183, 84, 223,
       103, 153, 123, 103, 197, 125, 110, 169, 229, 107, 168, 208, 235,
       235, 148, 36, 251, 1, 113, 246, 236, 182, 254, 221, 95, 254, 236,
       191, 226, 226, 11, 236, 254, 31, 97, 249, 253, 251, 227, 108, 247,
       251, 255, 191, 254, 207, 23, 83, 127, 119, 222, 120, 180, 180,
       250, 141, 253, 85, 143, 219, 23, 172, 24, 174, 255, 74, 186, 201,
       146, 233, 16, 58, 107, 243, 179, 203, 223, 84, 123, 210, 88, 198,
       106, 166, 188, 214, 223, 254, 171, 248, 206, 191, 179, 242, 50,
       238, 250, 60, 90, 255, 255, 255, 129, 50, 255, 203, 255, 158, 254,
       223, 246, 149, 120, 241, 137, 108, 180, 188, 105, 173, 127, 81,
       153, 91, 63, 165, 24, 223, 61, 72, 59, 153, 150, 249, 50, 58, 102,
       251, 17, 207, 219, 65, 125, 210, 74, 198, 34, 130, 172, 254, 255,
       254, 43, 255, 255, 63, 179, 250, 154, 255, 239, 21, 89, 127, 239,
       127, 129, 176, 255, 207, 255, 254, 190, 255, 188, 149, 248, 241,
       137, 20, 173, 255, 255, 188, 43, 239, 255, 54, 178, 250, 210, 215,
       239, 153, 96, 127, 255, 127, 171, 249, 249, 207, 63, 252, 175,
       239, 228, 165, 248, 241, 185, 85, 221, 29, 231, 184, 78, 79, 184,
       36, 234, 190, 104, 215, 119, 137, 114, 22, 212, 125, 106, 233,
       144, 233, 46, 237, 239, 37, 148, 32, 243, 0, 49, 236, 113, 253,
       103, 32, 78, 71, 184, 48, 234, 55, 8, 215, 87, 201, 59, 148, 84,
       124, 106, 105, 240, 249, 8, 231, 249, 101, 52, 64, 243, 70, 51,
       205, 113, 189, 101, 36, 78, 103, 56, 104, 234, 103, 72, 222, 53,
       25, 51, 148, 84, 124, 106, 225, 244, 249, 8, 231, 251, 101, 4, 72,
       179, 67, 113, 221, 92, 189, 246, 168, 110, 85, 184, 252, 250, 163,
       92, 215, 119, 9, 123, 133, 87, 125, 42, 233, 69, 219, 42, 209,
       235, 119, 60, 128, 113, 3, 35, 213, 210, 157, 119, 168, 46, 70,
       188, 120, 186, 163, 80, 215, 115, 137, 123, 149, 68, 108, 110,
       225, 229, 219, 42, 205, 171, 101, 20, 200, 113, 67, 33, 236, 116,
       157, 115, 137, 110, 87, 152, 122, 251, 167, 24, 214, 115, 73, 63,
       145, 84, 120, 58, 49, 100, 251, 34, 205, 251, 69, 118, 202, 115,
       198, 34, 108, 245, 181, 119, 137, 79, 71, 175, 114, 251, 173, 24,
       215, 119, 72, 51, 145, 94, 120, 106, 121, 96, 251, 55, 237, 255,
       85, 116, 192, 122, 198, 98, 108, 236, 157, 122, 137, 77, 87, 168,
       243, 183, 173, 24, 86, 117, 72, 58, 153, 210, 105, 122, 122, 99,
       251, 51, 239, 159, 69, 125, 210, 115, 198, 34, 60, 101, 184, 234,
       221, 79, 87, 232, 19, 180, 173, 10, 75, 121, 75, 50, 217, 216,
       224, 114, 108, 99, 219, 190, 251, 207, 5, 125, 243, 59, 70, 162,
       100, 69, 187, 103, 149, 79, 71, 184, 101, 228, 239, 8, 211, 117,
       27, 48, 88, 212, 122, 106, 72, 178, 249, 14, 239, 189, 5, 53, 194,
       123, 86, 98, 108, 101, 121, 111, 93, 94, 95, 184, 81, 164, 237, 8,
       219, 93, 25, 48, 88, 220, 113, 106, 72, 242, 249, 14, 103, 255, 5,
       21, 99, 187, 94, 226, 249, 188, 255, 112, 233, 253, 81, 87, 243,
       91, 180, 24, 59, 189, 198, 63, 171, 178, 252, 24, 191, 111, 178,
       177, 219, 219, 84, 123, 235, 192, 206, 95, 248, 158, 247, 120,
       169, 252, 81, 23, 163, 91, 182, 120, 127, 247, 192, 127, 167, 182,
       252, 24, 63, 79, 163, 161, 219, 251, 112, 219, 162, 192, 230, 123,
       249, 186, 158, 176, 168, 188, 89, 87, 179, 95, 180, 189, 63, 183,
       66, 27, 135, 179, 253, 20, 190, 79, 226, 49, 219, 195, 116, 249,
       162, 196, 142, 91, 226, 168, 213, 90, 236, 169, 220, 207, 219, 19,
       112, 152, 34, 233, 124, 61, 203, 186, 35, 24, 50, 110, 202, 241,
       30, 154, 85, 122, 215, 200, 194, 140, 252, 160, 252, 118, 136,
       109, 85, 223, 162, 183, 164, 25, 119, 243, 75, 27, 1, 214, 109, 0,
       56, 111, 218, 32, 219, 195, 117, 61, 226, 240, 198, 106, 226, 168,
       238, 80, 73, 249, 193, 79, 171, 55, 164, 153, 35, 193, 70, 159,
       73, 178, 234, 24, 26, 111, 198, 81, 31, 208, 85, 123, 227, 136,
       70, 174, 221, 34, 156, 164, 168, 42, 72, 8, 224, 183, 163, 25,
       199, 99, 75, 219, 51, 197, 108, 126, 60, 69, 139, 0, 218, 227,
       101, 29, 160, 241, 42, 0, 69, 117, 21, 101, 1, 78, 54, 32, 104,
       192, 106, 8, 214, 53, 1, 51, 144, 84, 104, 106, 65, 240, 177, 12,
       165, 186, 65, 2, 72, 51, 67, 34, 148, 101, 31, 103, 4, 198, 102,
       240, 116, 160, 234, 0, 211, 243, 41, 33, 120, 124, 32, 234, 104,
       240, 25, 46, 227, 169, 197, 4, 96, 179, 96, 162, 85, 69, 93, 103,
       16, 78, 71, 56, 100, 160, 171, 72, 87, 113, 9, 112, 50, 212, 124,
       106, 73, 160, 89, 14, 231, 175, 37, 20, 96, 243, 64, 32, 253, 106,
       132, 55, 45, 15, 70, 148, 147, 170, 176, 77, 207, 73, 65, 155,
       153, 228, 108, 118, 108, 103, 201, 168, 162, 210, 69, 48, 202,
       255, 90, 8, 252, 69, 125, 103, 168, 74, 71, 168, 112, 178, 167, 8,
       215, 115, 9, 115, 18, 212, 109, 106, 104, 228, 217, 46, 245, 235,
       101, 20, 96, 243, 196, 32, 148, 197, 95, 231, 146, 111, 71, 184,
       52, 162, 239, 0, 215, 115, 9, 113, 49, 214, 121, 234, 121, 208,
       121, 46, 233, 175, 5, 68, 32, 243, 228, 34, 224, 136, 157, 254,
       136, 237, 5, 143, 154, 19, 160, 24, 182, 179, 68, 91, 129, 83,
       104, 16, 50, 111, 211, 113, 157, 178, 84, 59, 208, 88, 199, 42,
       197, 245, 157, 103, 185, 15, 103, 184, 122, 248, 43, 72, 214, 113,
       73, 51, 145, 68, 120, 122, 225, 112, 249, 42, 237, 219, 69, 54,
       200, 115, 67, 35, 116, 13, 125, 111, 188, 47, 71, 189, 100, 160,
       170, 8, 243, 113, 1, 113, 18, 246, 108, 106, 104, 161, 121, 61,
       235, 239, 37, 16, 112, 251, 196, 32, 193, 168, 63, 121, 40, 232,
       57, 7, 254, 83, 70, 144, 183, 158, 210, 115, 135, 63, 124, 13,
       182, 205, 231, 51, 196, 169, 58, 64, 196, 128, 131, 104, 193, 136,
       189, 95, 136, 173, 145, 143, 206, 19, 160, 24, 246, 112, 12, 106,
       129, 115, 106, 24, 18, 109, 123, 49, 205, 186, 84, 122, 208, 72,
       65, 46, 73, 253, 27, 101, 51, 203, 55, 164, 120, 200, 110, 40,
       254, 85, 0, 48, 178, 125, 76, 98, 97, 240, 185, 46, 231, 223, 37,
       3, 72, 51, 135, 179, 85, 115, 20, 39, 50, 14, 102, 184, 105, 136,
       123, 108, 206, 98, 139, 212, 182, 69, 108, 111, 197, 240, 201, 76,
       164, 254, 101, 134, 72, 55, 3, 5, 220, 52, 189, 116, 168, 108, 85,
       146, 242, 187, 166, 24, 223, 183, 65, 59, 161, 215, 108, 0, 41,
       101, 187, 0, 217, 195, 117, 57, 224, 96, 7, 35, 77, 117, 49, 103,
       181, 30, 118, 184, 121, 234, 127, 108, 223, 121, 159, 176, 150,
       76, 124, 110, 228, 240, 233, 14, 231, 255, 37, 6, 66, 247, 67,
       103, 204, 117, 125, 103, 50, 74, 63, 184, 57, 164, 111, 173, 223,
       119, 137, 80, 22, 93, 237, 110, 96, 208, 249, 110, 231, 223, 37,
       132, 98, 179, 7, 113, 252, 172, 254, 114, 138, 233, 85, 215, 178,
       183, 165, 57, 19, 231, 75, 27, 35, 214, 237, 16, 58, 79, 138, 34,
       219, 195, 117, 125, 225, 193, 134, 114, 244, 230, 252, 114, 168,
       169, 85, 93, 178, 183, 165, 185, 119, 231, 74, 27, 43, 146, 109,
       24, 58, 79, 138, 3, 251, 195, 117, 125, 224, 194, 198, 35, 101,
       112, 121, 69, 80, 74, 99, 56, 96, 192, 103, 8, 83, 19, 141, 48,
       16, 92, 64, 106, 65, 244, 249, 12, 103, 168, 33, 4, 105, 179, 66,
       160, 193, 172, 155, 155, 236, 169, 168, 199, 254, 19, 160, 208,
       181, 226, 224, 75, 99, 34, 106, 156, 50, 109, 198, 115, 140, 6,
       95, 120, 148, 192, 161, 136, 80, 48, 189, 248, 136, 237, 81, 19,
       230, 115, 162, 24, 151, 151, 64, 59, 129, 147, 108, 16, 27, 109,
       211, 17, 217, 129, 112, 120, 224, 64, 135, 34, 120, 169, 31, 112,
       172, 204, 81, 87, 226, 25, 172, 8, 55, 147, 64, 59, 128, 246, 125,
       24, 26, 75, 242, 1, 219, 233, 116, 121, 160, 128, 198, 106, 129,
       142, 207, 123, 164, 170, 97, 151, 118, 19, 98, 240, 243, 97, 144,
       121, 19, 46, 44, 28, 59, 252, 71, 49, 204, 171, 112, 64, 236, 192,
