%YAML:1.0
---
descriptors: !!opencv-matrix
   rows: 108
   cols: 32
   dt: u
   data: [ 77, 117, 57, 101, 112, 95, 55, 184, 104, 232, 127, 40, 222,
       117, 203, 48, 150, 92, 68, 98, 193, 240, 249, 14, 231, 221, 37,
       54, 72, 179, 79, 241, 124, 115, 121, 100, 48, 95, 83, 56, 97, 76,
       189, 108, 91, 87, 139, 52, 20, 212, 204, 106, 201, 35, 249, 12,
       243, 237, 33, 157, 106, 179, 70, 115, 193, 212, 189, 241, 168,
       110, 237, 159, 123, 251, 182, 112, 159, 55, 200, 127, 133, 86,
       125, 24, 177, 237, 243, 66, 239, 251, 118, 212, 194, 208, 133,
       123, 234, 188, 190, 248, 237, 253, 92, 215, 223, 127, 180, 29, 42,
       189, 118, 219, 205, 251, 255, 17, 190, 111, 242, 243, 159, 219,
       223, 123, 154, 76, 254, 223, 250, 180, 182, 250, 175, 253, 209,
       71, 251, 95, 180, 57, 174, 253, 110, 190, 233, 179, 253, 17, 63,
       111, 242, 243, 155, 219, 94, 123, 211, 76, 239, 223, 112, 221,
       157, 126, 136, 78, 86, 175, 133, 162, 170, 72, 119, 119, 0, 82,
       193, 246, 108, 32, 73, 107, 91, 61, 243, 231, 101, 19, 248, 122,
       200, 26, 109, 111, 168, 167, 173, 62, 95, 156, 59, 254, 158, 13,
       223, 101, 83, 26, 149, 70, 253, 126, 140, 80, 201, 170, 238, 255,
       229, 181, 130, 255, 94, 91, 204, 188, 189, 243, 169, 236, 93, 151,
       187, 255, 148, 24, 190, 255, 72, 59, 135, 115, 253, 17, 187, 77,
       250, 243, 201, 219, 127, 250, 128, 81, 135, 123, 197, 20, 253,
       245, 172, 46, 125, 27, 188, 250, 183, 112, 223, 55, 137, 123, 39,
       150, 127, 40, 177, 212, 99, 138, 199, 251, 115, 148, 136, 249,
       193, 49, 244, 233, 123, 238, 86, 139, 111, 248, 118, 160, 246, 74,
       119, 203, 177, 80, 122, 237, 23, 235, 233, 183, 237, 63, 248, 173,
       175, 168, 117, 187, 114, 160, 205, 156, 188, 243, 168, 108, 125,
       151, 187, 251, 182, 16, 159, 55, 194, 123, 135, 86, 125, 24, 179,
       109, 251, 98, 207, 251, 118, 212, 128, 208, 199, 59, 13, 254, 239,
       247, 188, 43, 111, 255, 247, 194, 188, 246, 251, 227, 145, 35,
       127, 230, 94, 174, 185, 239, 111, 255, 238, 207, 231, 140, 237,
       240, 226, 249, 252, 180, 188, 250, 173, 125, 80, 201, 251, 95,
       181, 25, 207, 255, 74, 187, 203, 147, 253, 16, 63, 103, 251, 147,
       219, 219, 80, 127, 210, 76, 206, 83, 252, 113, 253, 102, 172, 95,
       95, 184, 33, 238, 183, 8, 219, 95, 75, 59, 28, 212, 253, 106, 105,
       103, 249, 40, 243, 217, 101, 181, 98, 251, 198, 115, 208, 168,
       151, 112, 136, 173, 137, 71, 170, 151, 160, 24, 182, 147, 64, 27,
       133, 55, 104, 24, 18, 79, 178, 1, 217, 136, 94, 120, 192, 64, 135,
       40, 120, 169, 19, 98, 209, 205, 67, 71, 99, 1, 105, 8, 62, 147,
       64, 176, 144, 186, 64, 72, 90, 186, 176, 61, 249, 213, 0, 105, 66,
       2, 198, 170, 105, 169, 17, 96, 213, 221, 66, 101, 99, 160, 172, 8,
       42, 145, 64, 180, 136, 186, 192, 88, 79, 42, 208, 28, 187, 221, 5,
       123, 66, 14, 202, 46, 236, 188, 188, 255, 173, 237, 84, 159, 255,
       187, 189, 24, 254, 249, 89, 59, 201, 114, 125, 24, 186, 111, 218,
       179, 239, 223, 85, 126, 210, 217, 210, 67, 85, 81, 22, 190, 9, 6,
       94, 168, 165, 192, 163, 13, 247, 242, 43, 83, 212, 229, 108, 231,
       77, 195, 91, 60, 249, 242, 69, 26, 24, 51, 40, 22, 118, 237, 182,
       174, 221, 95, 246, 232, 191, 164, 251, 11, 238, 254, 47, 80, 249,
       253, 239, 227, 108, 227, 219, 254, 191, 246, 143, 63, 83, 127,
       111, 134, 114, 229, 246, 188, 223, 219, 254, 237, 191, 164, 250,
       11, 238, 250, 38, 212, 251, 255, 239, 225, 108, 227, 203, 255,
       191, 246, 143, 59, 87, 126, 254, 134, 248, 184, 156, 116, 169,
       236, 81, 151, 163, 251, 180, 56, 63, 183, 66, 59, 135, 246, 236,
       16, 27, 107, 210, 33, 219, 227, 116, 185, 234, 192, 142, 27, 237,
       190, 177, 91, 189, 189, 87, 191, 95, 123, 60, 84, 242, 113, 204,
       116, 213, 74, 124, 24, 183, 108, 251, 183, 111, 222, 53, 126, 146,
       220, 196, 109, 118, 164, 214, 223, 252, 43, 254, 237, 63, 179,
       251, 146, 205, 238, 28, 83, 255, 207, 127, 163, 48, 243, 203, 255,
       190, 254, 223, 180, 213, 123, 243, 129, 102, 236, 214, 223, 236,
       43, 238, 238, 63, 179, 242, 18, 236, 234, 93, 91, 251, 207, 127,
       131, 98, 247, 203, 251, 190, 190, 223, 156, 149, 249, 243, 136,
       204, 188, 188, 114, 169, 237, 85, 191, 251, 251, 165, 24, 254,
       255, 75, 59, 133, 115, 125, 24, 179, 109, 250, 115, 219, 219, 119,
       122, 194, 112, 135, 123, 205, 188, 188, 115, 168, 44, 125, 151,
       255, 187, 182, 24, 223, 55, 64, 123, 135, 86, 125, 24, 184, 109,
       251, 98, 207, 251, 118, 212, 194, 209, 195, 59, 176, 233, 122,
       238, 118, 139, 235, 248, 118, 160, 246, 10, 119, 203, 48, 80, 122,
       237, 31, 235, 234, 191, 205, 63, 248, 237, 175, 168, 117, 187,
       114, 137, 201, 20, 188, 245, 168, 46, 125, 31, 188, 187, 182, 48,
       223, 55, 128, 123, 135, 87, 125, 24, 184, 205, 227, 66, 199, 251,
       118, 212, 128, 240, 193, 51, 100, 225, 25, 107, 24, 75, 67, 168,
       102, 52, 41, 8, 211, 65, 73, 112, 17, 212, 104, 106, 74, 32, 233,
       29, 237, 156, 5, 61, 80, 187, 68, 32, 77, 101, 121, 71, 81, 78,
       111, 184, 105, 224, 111, 8, 219, 119, 25, 52, 50, 220, 80, 234,
       65, 176, 253, 78, 103, 189, 5, 4, 99, 179, 71, 224, 141, 190, 239,
       255, 252, 43, 111, 255, 127, 235, 246, 246, 251, 227, 146, 97,
       127, 238, 126, 172, 185, 253, 109, 255, 254, 239, 247, 132, 239,
       248, 241, 249, 223, 190, 255, 253, 164, 175, 253, 183, 63, 123,
       246, 246, 255, 255, 148, 121, 255, 255, 127, 141, 171, 252, 227,
       247, 254, 251, 255, 128, 205, 240, 225, 121, 253, 121, 189, 231,
       169, 94, 95, 188, 163, 254, 183, 76, 223, 127, 75, 115, 214, 213,
       253, 106, 201, 67, 251, 40, 251, 249, 101, 180, 40, 243, 6, 115,
       252, 112, 188, 114, 169, 93, 87, 152, 163, 254, 165, 12, 223, 223,
       75, 59, 143, 213, 253, 114, 233, 103, 251, 48, 219, 219, 101, 63,
       234, 243, 78, 115, 252, 176, 188, 250, 173, 125, 81, 216, 219,
       127, 181, 25, 223, 255, 74, 59, 201, 209, 253, 18, 63, 103, 251,
       177, 219, 219, 81, 127, 210, 77, 206, 83, 252, 112, 253, 98, 41,
       93, 87, 156, 195, 254, 181, 24, 219, 95, 75, 59, 157, 212, 253,
       122, 41, 103, 251, 176, 219, 219, 101, 61, 194, 251, 78, 115, 250,
       180, 190, 250, 237, 253, 81, 79, 159, 95, 181, 25, 175, 253, 110,
       123, 201, 147, 255, 16, 62, 111, 250, 179, 219, 219, 86, 123, 210,
       76, 238, 95, 118, 229, 182, 174, 221, 79, 246, 232, 63, 164, 251,
       11, 206, 254, 45, 80, 248, 253, 235, 227, 104, 227, 219, 254, 183,
       246, 143, 63, 81, 59, 119, 130, 54, 101, 118, 238, 93, 79, 254,
       232, 127, 160, 251, 2, 206, 251, 61, 80, 248, 221, 255, 227, 104,
       243, 217, 254, 183, 254, 143, 55, 83, 59, 119, 130, 54, 101, 118,
       239, 95, 15, 254, 232, 61, 160, 251, 2, 207, 234, 61, 80, 254,
       205, 127, 227, 232, 179, 217, 254, 183, 254, 143, 180, 117, 251,
       115, 130, 246, 165, 214, 159, 252, 43, 238, 237, 191, 179, 251,
       18, 205, 234, 28, 91, 251, 207, 127, 163, 50, 243, 203, 255, 188,
       254, 223, 148, 149, 122, 243, 128, 118, 164, 214, 239, 252, 43,
       254, 232, 63, 179, 251, 18, 204, 234, 28, 91, 251, 207, 127, 227,
       48, 243, 203, 254, 188, 254, 207, 180, 213, 123, 243, 129, 240,
       233, 90, 239, 124, 139, 238, 252, 62, 160, 249, 2, 255, 202, 124,
       80, 122, 237, 127, 227, 74, 179, 201, 255, 254, 237, 175, 252,
       117, 154, 115, 136, 220, 188, 189, 243, 168, 236, 93, 151, 187,
       251, 182, 56, 191, 247, 72, 123, 135, 87, 125, 24, 187, 77, 251,
       243, 203, 219, 119, 250, 128, 209, 135, 123, 252, 188, 189, 254,
       169, 237, 85, 219, 187, 223, 165, 24, 255, 255, 107, 59, 133, 115,
       253, 16, 59, 79, 186, 179, 219, 219, 117, 59, 144, 112, 135, 123,
       148, 68, 126, 255, 36, 11, 123, 120, 60, 162, 247, 18, 247, 75,
       145, 65, 126, 237, 95, 235, 232, 244, 73, 30, 196, 235, 235, 128,
