%YAML:1.0
---
descriptors: !!opencv-matrix
   rows: 269
   cols: 32
   dt: u
   data: [ 5, 93, 93, 239, 180, 46, 111, 188, 116, 234, 127, 100, 245,
       119, 153, 96, 118, 126, 60, 110, 225, 144, 109, 46, 228, 239, 167,
       128, 44, 243, 193, 49, 93, 213, 125, 231, 180, 14, 79, 188, 116,
       234, 126, 64, 247, 119, 137, 112, 54, 212, 28, 106, 233, 176, 121,
       47, 227, 239, 37, 132, 40, 243, 192, 57, 236, 176, 188, 99, 237,
       125, 81, 152, 91, 255, 165, 24, 222, 93, 74, 59, 153, 89, 253, 50,
       58, 102, 251, 146, 207, 219, 17, 127, 210, 75, 70, 243, 252, 108,
       220, 122, 139, 105, 84, 222, 147, 183, 180, 25, 67, 225, 75, 27,
       9, 214, 236, 18, 42, 103, 218, 50, 91, 195, 85, 125, 243, 249,
       206, 2, 248, 92, 189, 116, 40, 110, 85, 50, 160, 186, 166, 56,
       119, 55, 129, 123, 135, 116, 108, 42, 104, 229, 227, 40, 241, 235,
       117, 16, 96, 240, 68, 35, 220, 125, 253, 247, 188, 110, 127, 185,
       255, 186, 191, 56, 223, 127, 201, 123, 215, 215, 253, 122, 249,
       225, 251, 174, 255, 255, 103, 148, 194, 243, 198, 51, 220, 222,
       221, 255, 172, 111, 127, 188, 63, 186, 191, 120, 255, 127, 9, 91,
       215, 215, 125, 106, 105, 229, 203, 187, 239, 255, 103, 180, 162,
       251, 134, 115, 69, 247, 148, 3, 145, 12, 38, 188, 106, 185, 43,
       76, 246, 112, 76, 178, 149, 70, 104, 126, 215, 112, 219, 117, 173,
       188, 5, 102, 72, 19, 195, 5, 77, 113, 17, 69, 81, 14, 98, 56, 105,
       232, 98, 76, 222, 17, 13, 180, 144, 76, 64, 106, 193, 240, 209,
       12, 39, 252, 1, 4, 74, 51, 66, 161, 221, 112, 157, 102, 40, 78,
       71, 184, 97, 250, 167, 24, 215, 81, 73, 59, 16, 212, 124, 106,
       105, 100, 251, 0, 227, 235, 101, 52, 106, 179, 66, 51, 253, 87,
       85, 102, 168, 14, 71, 184, 96, 168, 171, 76, 83, 115, 137, 115,
       20, 198, 108, 110, 233, 97, 249, 12, 177, 233, 101, 20, 104, 243,
       66, 33, 213, 7, 29, 103, 176, 46, 71, 184, 116, 168, 123, 84, 215,
       99, 153, 112, 23, 198, 44, 46, 185, 176, 105, 62, 232, 175, 37,
       132, 168, 243, 192, 33, 245, 121, 221, 103, 160, 78, 71, 189, 96,
       234, 166, 72, 83, 49, 129, 51, 16, 212, 124, 106, 201, 225, 249,
       40, 225, 233, 101, 20, 104, 243, 194, 49, 129, 117, 17, 77, 17,
       14, 230, 53, 104, 64, 106, 76, 254, 48, 20, 180, 144, 68, 64, 110,
       229, 176, 17, 79, 36, 184, 4, 2, 72, 50, 195, 141, 24, 165, 249,
       82, 155, 233, 17, 207, 179, 21, 173, 24, 30, 247, 72, 56, 163,
       155, 200, 144, 26, 107, 186, 119, 219, 199, 21, 111, 227, 65, 167,
       226, 220, 144, 156, 247, 172, 44, 89, 155, 175, 187, 151, 56, 223,
       255, 72, 91, 199, 87, 253, 16, 56, 69, 203, 128, 203, 251, 119,
       252, 128, 224, 131, 35, 216, 184, 188, 248, 169, 237, 89, 223,
       187, 155, 180, 24, 191, 247, 64, 59, 133, 151, 253, 24, 59, 79,
       250, 51, 219, 219, 117, 251, 226, 192, 135, 123, 236, 252, 180,
       254, 141, 237, 86, 166, 223, 186, 173, 24, 174, 249, 65, 91, 201,
       242, 110, 90, 42, 110, 218, 187, 239, 219, 85, 59, 210, 123, 82,
       10, 248, 188, 190, 120, 169, 253, 81, 223, 251, 59, 164, 24, 191,
       255, 64, 123, 133, 183, 253, 16, 58, 111, 250, 179, 219, 219, 85,
       123, 194, 72, 198, 43, 233, 188, 180, 120, 173, 253, 85, 223, 255,
       59, 180, 24, 190, 249, 70, 59, 201, 179, 127, 24, 186, 111, 250,
       179, 219, 251, 87, 122, 210, 76, 194, 42, 230, 236, 246, 223, 236,
       169, 252, 239, 191, 243, 248, 183, 237, 238, 247, 91, 239, 239,
       127, 135, 178, 127, 203, 243, 190, 254, 223, 174, 149, 253, 243,
       217, 220, 220, 127, 231, 36, 14, 127, 188, 52, 170, 247, 32, 215,
       87, 137, 83, 54, 244, 93, 106, 233, 213, 121, 46, 247, 235, 103,
       148, 32, 178, 1, 49, 204, 84, 189, 231, 32, 110, 127, 152, 57,
       234, 127, 96, 247, 119, 137, 123, 182, 212, 125, 106, 169, 212,
       249, 42, 199, 251, 97, 132, 0, 243, 71, 115, 78, 52, 189, 97, 161,
       110, 57, 27, 59, 255, 47, 24, 220, 119, 72, 59, 151, 87, 125, 56,
       177, 84, 249, 66, 207, 223, 117, 230, 130, 96, 135, 115, 69, 245,
       133, 147, 172, 47, 231, 156, 122, 251, 11, 92, 214, 112, 89, 43,
       145, 70, 120, 127, 177, 112, 217, 34, 173, 26, 77, 116, 136, 123,
       211, 36, 205, 20, 157, 229, 161, 110, 113, 19, 105, 234, 46, 84,
       158, 51, 65, 255, 132, 85, 124, 56, 49, 212, 241, 66, 199, 251,
       83, 6, 138, 97, 11, 51, 248, 172, 156, 58, 137, 233, 16, 206, 187,
       23, 160, 25, 174, 235, 66, 155, 129, 51, 233, 16, 62, 111, 202,
       51, 219, 211, 84, 123, 210, 76, 142, 10, 240, 170, 254, 112, 138,
       233, 81, 215, 179, 23, 164, 185, 55, 231, 64, 27, 35, 178, 109,
       24, 58, 79, 162, 51, 219, 195, 112, 121, 226, 192, 198, 106, 69,
       21, 29, 69, 48, 14, 103, 56, 104, 168, 107, 76, 215, 51, 137, 115,
       20, 68, 108, 110, 225, 176, 89, 12, 228, 170, 96, 4, 72, 243, 67,
       33, 78, 156, 157, 245, 169, 108, 21, 151, 187, 191, 46, 120, 220,
       55, 72, 91, 135, 87, 237, 16, 115, 76, 251, 99, 233, 247, 127,
       255, 128, 80, 135, 123, 220, 14, 204, 182, 138, 104, 93, 191, 162,
       183, 134, 185, 119, 231, 67, 91, 3, 246, 109, 128, 56, 79, 203,
       32, 216, 227, 253, 185, 160, 240, 134, 74, 248, 190, 156, 114,
       168, 173, 80, 223, 179, 191, 165, 29, 63, 243, 66, 27, 129, 226,
       237, 16, 62, 111, 218, 49, 219, 195, 117, 121, 232, 192, 202, 11,
       205, 117, 149, 103, 177, 110, 119, 184, 121, 234, 111, 12, 222,
       115, 9, 180, 145, 92, 120, 106, 97, 240, 249, 110, 239, 255, 5, 6,
       202, 115, 67, 51, 133, 223, 31, 199, 176, 14, 111, 189, 124, 234,
       90, 116, 245, 115, 152, 96, 55, 110, 62, 238, 225, 216, 109, 111,
       236, 175, 47, 128, 12, 243, 161, 185, 93, 93, 125, 103, 180, 14,
       79, 188, 97, 170, 255, 72, 83, 119, 137, 112, 118, 212, 92, 106,
       233, 145, 121, 46, 243, 239, 37, 148, 96, 243, 192, 33, 220, 188,
       221, 119, 168, 108, 73, 158, 162, 187, 166, 48, 215, 247, 200,
       123, 7, 86, 109, 24, 57, 77, 235, 32, 201, 227, 117, 84, 160, 224,
       134, 57, 252, 112, 188, 103, 44, 78, 87, 152, 97, 186, 183, 8,
       215, 83, 73, 59, 148, 212, 108, 122, 200, 103, 249, 32, 211, 217,
       101, 52, 98, 179, 66, 35, 100, 184, 157, 250, 136, 205, 17, 143,
       138, 49, 160, 24, 182, 243, 72, 26, 129, 82, 104, 16, 19, 107,
       218, 113, 221, 146, 85, 127, 216, 8, 199, 58, 80, 26, 191, 118,
       40, 44, 85, 51, 160, 154, 191, 104, 119, 55, 1, 91, 135, 247, 109,
       10, 72, 97, 163, 0, 211, 235, 116, 152, 224, 240, 70, 35, 230,
       253, 246, 255, 252, 43, 254, 238, 191, 179, 251, 58, 207, 250,
       188, 75, 255, 239, 127, 243, 248, 255, 207, 255, 190, 254, 255,
       158, 149, 251, 227, 129, 253, 244, 252, 119, 173, 63, 94, 188,
       123, 250, 183, 88, 223, 123, 73, 59, 221, 215, 124, 122, 237, 119,
       251, 178, 255, 251, 101, 182, 202, 251, 194, 3, 220, 117, 253,
       247, 188, 126, 95, 185, 123, 186, 191, 24, 223, 127, 201, 123,
       215, 215, 253, 122, 249, 227, 251, 174, 251, 251, 101, 148, 194,
       243, 198, 51, 220, 253, 220, 247, 188, 47, 95, 188, 63, 186, 191,
       24, 223, 127, 137, 91, 151, 215, 125, 106, 105, 228, 219, 171,
       239, 255, 103, 148, 162, 243, 195, 49, 220, 236, 221, 247, 172,
       47, 127, 188, 191, 186, 191, 24, 223, 127, 25, 91, 247, 215, 253,
       106, 105, 197, 203, 191, 255, 255, 103, 148, 166, 243, 129, 49,
       248, 56, 191, 116, 9, 220, 81, 23, 224, 87, 164, 24, 59, 149, 66,
       59, 0, 182, 248, 8, 11, 111, 178, 33, 211, 233, 80, 57, 96, 0,
       198, 106, 220, 237, 254, 191, 172, 43, 254, 238, 255, 179, 250,
       18, 253, 250, 25, 75, 255, 255, 127, 163, 248, 247, 203, 239, 255,
       255, 255, 149, 164, 123, 229, 139, 198, 236, 246, 223, 236, 171,
       254, 239, 255, 179, 250, 26, 238, 234, 29, 75, 255, 255, 127, 131,
       240, 255, 203, 255, 191, 190, 223, 207, 132, 121, 225, 135, 45,
       99, 16, 71, 116, 30, 98, 56, 105, 168, 115, 76, 210, 64, 157, 180,
