%YAML:1.0
---
descriptors: !!opencv-matrix
   rows: 264
   cols: 32
   dt: u
   data: [ 122, 173, 148, 186, 137, 217, 20, 239, 143, 21, 168, 9, 46,
       250, 102, 148, 137, 179, 232, 1, 30, 75, 218, 181, 187, 214, 93,
       123, 210, 92, 142, 14, 120, 176, 250, 112, 138, 233, 81, 87, 179,
       23, 164, 56, 55, 183, 66, 27, 9, 178, 237, 16, 58, 79, 226, 19,
       219, 195, 116, 121, 226, 192, 198, 107, 252, 60, 189, 118, 137,
       108, 85, 151, 243, 191, 166, 24, 23, 183, 73, 27, 161, 214, 108,
       24, 56, 103, 186, 34, 219, 195, 117, 61, 226, 241, 198, 34, 120,
       184, 255, 112, 40, 236, 81, 19, 163, 29, 164, 61, 55, 151, 66, 27,
       39, 182, 109, 16, 26, 79, 178, 1, 219, 225, 112, 121, 226, 128, 6,
       123, 5, 117, 49, 71, 113, 78, 246, 184, 121, 232, 107, 72, 254,
       113, 13, 180, 144, 92, 80, 106, 193, 240, 249, 47, 37, 188, 5, 2,
       74, 51, 67, 162, 100, 48, 185, 71, 224, 110, 99, 152, 98, 250, 47,
       24, 86, 119, 73, 58, 145, 92, 96, 122, 17, 112, 249, 32, 79, 140,
       101, 52, 192, 115, 70, 33, 44, 225, 56, 122, 9, 77, 83, 152, 66,
       20, 173, 8, 243, 81, 9, 48, 24, 16, 64, 106, 74, 34, 123, 21, 99,
       201, 1, 61, 82, 59, 70, 98, 120, 184, 255, 116, 168, 253, 85, 215,
       227, 223, 164, 24, 51, 247, 66, 59, 5, 246, 236, 8, 11, 107, 242,
       33, 219, 235, 117, 57, 226, 208, 198, 123, 141, 221, 27, 111, 176,
       142, 111, 189, 116, 104, 94, 100, 213, 115, 152, 112, 54, 78, 60,
       110, 225, 144, 125, 47, 236, 175, 39, 196, 40, 178, 129, 57, 93,
       93, 125, 103, 48, 14, 71, 184, 96, 232, 191, 76, 243, 113, 153,
       112, 22, 228, 92, 110, 233, 176, 253, 46, 226, 239, 37, 144, 106,
       243, 66, 49, 252, 172, 253, 86, 136, 111, 85, 191, 179, 190, 166,
       24, 83, 119, 72, 31, 9, 214, 108, 42, 56, 79, 251, 42, 217, 235,
       117, 60, 226, 240, 198, 98, 252, 44, 252, 114, 137, 105, 213, 222,
       211, 183, 188, 24, 83, 225, 79, 27, 9, 214, 236, 24, 58, 103, 218,
       50, 91, 207, 85, 61, 227, 249, 206, 34, 192, 188, 156, 122, 200,
       237, 69, 175, 254, 51, 36, 24, 246, 243, 72, 91, 129, 82, 106, 24,
       51, 109, 219, 51, 205, 163, 117, 124, 216, 72, 199, 42, 93, 157,
       61, 102, 176, 78, 79, 184, 225, 232, 191, 76, 247, 119, 137, 115,
       54, 214, 124, 106, 201, 129, 121, 44, 241, 233, 37, 148, 32, 243,
       198, 49, 236, 48, 189, 99, 173, 111, 81, 152, 91, 255, 165, 24,
       223, 221, 73, 59, 145, 80, 252, 58, 59, 102, 251, 18, 207, 219,
       65, 127, 194, 107, 70, 114, 149, 150, 185, 239, 180, 46, 111, 184,
       54, 235, 95, 116, 215, 119, 137, 64, 119, 95, 29, 62, 187, 148,
       121, 62, 233, 237, 39, 196, 160, 243, 129, 113, 84, 151, 29, 231,
       176, 46, 79, 188, 36, 232, 191, 96, 247, 119, 137, 112, 22, 214,
       125, 106, 233, 129, 105, 63, 241, 237, 37, 212, 32, 243, 196, 113,
       108, 180, 149, 99, 137, 109, 84, 157, 127, 59, 171, 88, 222, 115,
       72, 250, 145, 22, 108, 48, 59, 96, 219, 147, 143, 222, 85, 118,
       210, 74, 192, 2, 232, 180, 180, 250, 173, 253, 85, 47, 223, 63,
       165, 24, 190, 253, 78, 59, 129, 147, 235, 0, 58, 106, 250, 147,
       207, 219, 84, 123, 210, 72, 198, 106, 234, 188, 180, 248, 173,
       253, 92, 255, 255, 59, 180, 24, 174, 253, 84, 127, 205, 243, 255,
       17, 250, 111, 242, 243, 255, 219, 215, 123, 210, 72, 214, 170,
       248, 180, 188, 248, 173, 253, 81, 87, 255, 95, 180, 24, 190, 191,
       70, 59, 141, 179, 253, 16, 186, 111, 242, 147, 219, 219, 84, 123,
       210, 72, 198, 251, 250, 188, 182, 252, 253, 253, 252, 247, 255,
       187, 182, 26, 234, 255, 84, 127, 237, 247, 127, 136, 170, 111,
       251, 255, 191, 255, 223, 186, 211, 252, 242, 139, 133, 14, 207,
       127, 164, 170, 101, 151, 118, 3, 98, 244, 243, 97, 145, 121, 19,
       110, 44, 30, 185, 252, 77, 46, 204, 170, 117, 0, 236, 241, 208,
       40, 212, 167, 156, 50, 170, 233, 21, 143, 186, 55, 173, 185, 143,
       183, 74, 27, 163, 215, 237, 16, 58, 77, 138, 51, 217, 195, 117,
       127, 224, 81, 135, 67, 105, 253, 180, 115, 217, 221, 85, 191, 251,
       119, 44, 28, 190, 60, 78, 183, 129, 74, 240, 24, 247, 104, 250,
       179, 111, 223, 85, 127, 202, 84, 206, 254, 216, 168, 252, 114,
       170, 233, 81, 215, 162, 183, 164, 185, 55, 183, 64, 27, 39, 214,
       237, 16, 26, 79, 170, 33, 219, 195, 117, 121, 226, 128, 134, 107,
       248, 42, 252, 112, 170, 169, 81, 83, 162, 183, 164, 184, 19, 167,
       66, 27, 47, 182, 109, 24, 26, 79, 130, 0, 217, 201, 112, 113, 225,
       192, 134, 58, 69, 112, 145, 69, 65, 92, 114, 0, 106, 232, 41, 8,
       158, 23, 69, 58, 144, 92, 96, 114, 1, 240, 240, 64, 13, 156, 5,
       38, 192, 51, 67, 162, 240, 10, 204, 182, 168, 40, 93, 158, 162,
       183, 134, 157, 119, 227, 67, 91, 1, 230, 109, 4, 40, 79, 203, 32,
       219, 227, 245, 185, 160, 240, 6, 106, 244, 176, 222, 50, 168, 173,
       81, 223, 178, 191, 165, 29, 23, 243, 74, 27, 129, 198, 109, 28,
       58, 79, 218, 35, 219, 195, 117, 125, 232, 192, 202, 2, 77, 116,
       156, 71, 225, 30, 118, 184, 120, 234, 47, 76, 222, 112, 77, 51,
       145, 84, 120, 106, 229, 244, 249, 42, 111, 255, 69, 6, 200, 115,
       75, 18, 252, 190, 247, 114, 171, 236, 81, 223, 179, 191, 165, 56,
       15, 247, 64, 159, 39, 247, 237, 16, 58, 79, 170, 99, 219, 211, 85,
       127, 162, 192, 134, 115, 216, 152, 159, 116, 138, 108, 81, 23,
       162, 151, 166, 24, 87, 183, 64, 91, 33, 246, 109, 24, 56, 79, 178,
       1, 219, 227, 116, 88, 162, 224, 166, 107, 13, 117, 49, 79, 81, 30,
       102, 188, 125, 200, 107, 68, 222, 80, 13, 180, 148, 92, 80, 106,
       193, 176, 89, 111, 39, 252, 5, 6, 74, 51, 203, 165, 101, 112, 145,
       71, 65, 110, 99, 152, 104, 226, 43, 72, 210, 113, 77, 62, 17, 84,
       112, 122, 1, 240, 249, 10, 69, 188, 69, 52, 202, 115, 66, 32, 221,
       38, 132, 180, 168, 56, 76, 130, 251, 187, 130, 249, 207, 170, 209,
       219, 131, 199, 236, 21, 188, 69, 199, 2, 154, 247, 119, 61, 136,
       245, 139, 4, 120, 177, 255, 124, 168, 205, 81, 95, 227, 93, 164,
       8, 59, 247, 64, 58, 129, 182, 237, 24, 26, 107, 178, 17, 219, 233,
       116, 57, 226, 128, 198, 107, 212, 188, 157, 242, 138, 236, 5, 143,
       170, 251, 130, 120, 151, 247, 72, 91, 163, 119, 125, 16, 59, 77,
       154, 51, 153, 162, 127, 252, 128, 80, 135, 59, 228, 180, 157, 250,
       232, 237, 5, 143, 218, 59, 160, 24, 246, 241, 72, 123, 129, 82,
       106, 24, 51, 111, 218, 51, 221, 146, 85, 124, 216, 72, 135, 42,
       93, 213, 125, 103, 176, 78, 79, 188, 96, 232, 190, 64, 115, 119,
       136, 114, 86, 212, 92, 106, 249, 129, 121, 46, 227, 239, 37, 148,
       104, 243, 192, 49, 92, 197, 85, 101, 148, 74, 71, 189, 100, 164,
       170, 8, 215, 115, 9, 115, 50, 214, 108, 106, 105, 177, 249, 44,
       245, 235, 101, 20, 97, 242, 194, 32, 3, 178, 234, 30, 226, 240,
       188, 71, 186, 79, 125, 183, 44, 236, 238, 10, 183, 107, 162, 133,
       151, 219, 166, 99, 22, 52, 94, 171, 205, 68, 175, 223, 252, 172,
       253, 118, 169, 109, 85, 191, 179, 190, 164, 24, 91, 247, 73, 31,
       1, 214, 236, 10, 56, 79, 235, 34, 219, 203, 117, 61, 226, 240,
       198, 99, 212, 156, 221, 119, 168, 110, 69, 158, 178, 187, 166,
       112, 87, 119, 200, 123, 37, 214, 108, 26, 57, 205, 251, 32, 203,
       227, 117, 20, 160, 241, 134, 49, 212, 221, 25, 231, 180, 46, 79,
       184, 52, 234, 255, 96, 215, 119, 137, 112, 55, 214, 93, 106, 185,
       144, 121, 62, 233, 239, 37, 212, 32, 243, 193, 113, 252, 112, 189,
       114, 41, 111, 83, 152, 251, 255, 167, 24, 223, 215, 73, 59, 145,
       212, 124, 122, 43, 103, 251, 32, 219, 219, 101, 124, 192, 243, 70,
       115, 216, 140, 95, 180, 168, 106, 76, 166, 164, 182, 162, 153,
       239, 35, 1, 219, 35, 247, 109, 170, 104, 77, 67, 44, 241, 227,
       119, 17, 32, 240, 7, 40, 109, 180, 145, 99, 249, 61, 84, 153, 123,
       59, 41, 88, 222, 115, 72, 248, 145, 30, 236, 48, 31, 114, 217,
       147, 143, 223, 21, 118, 218, 74, 202, 3, 108, 180, 189, 115, 237,
