%YAML:1.0
---
descriptors: !!opencv-matrix
   rows: 276
   cols: 32
   dt: u
   data: [ 120, 186, 253, 112, 40, 204, 81, 19, 162, 223, 164, 24, 55,
       183, 64, 26, 7, 182, 109, 24, 26, 107, 178, 1, 219, 225, 113, 121,
       224, 128, 6, 123, 108, 225, 189, 99, 137, 109, 87, 141, 114, 183,
       165, 24, 210, 119, 73, 59, 145, 86, 104, 122, 58, 98, 251, 48,
       237, 159, 69, 127, 192, 115, 198, 98, 248, 174, 254, 248, 170,
       169, 85, 215, 178, 31, 164, 185, 23, 167, 66, 27, 3, 147, 205, 16,
       58, 79, 130, 51, 219, 199, 116, 121, 178, 208, 198, 43, 77, 52,
       189, 101, 129, 126, 113, 27, 121, 243, 47, 16, 222, 55, 66, 126,
       133, 86, 120, 24, 49, 220, 241, 66, 199, 255, 80, 4, 130, 224,
       195, 96, 69, 245, 189, 67, 188, 111, 103, 152, 122, 251, 15, 72,
       215, 113, 73, 42, 17, 84, 120, 122, 19, 112, 249, 50, 237, 143,
       101, 116, 200, 251, 81, 33, 73, 189, 176, 115, 209, 253, 117, 151,
       123, 243, 44, 28, 158, 61, 86, 62, 133, 78, 240, 28, 183, 120,
       251, 163, 111, 219, 85, 118, 202, 84, 195, 254, 120, 185, 254,
       120, 234, 201, 81, 247, 178, 21, 164, 56, 55, 247, 66, 27, 9, 178,
       101, 16, 26, 75, 226, 49, 219, 131, 116, 121, 224, 128, 198, 107,
       77, 116, 157, 103, 129, 110, 55, 168, 121, 226, 103, 8, 222, 119,
       9, 51, 145, 93, 120, 106, 33, 240, 249, 74, 239, 251, 69, 6, 74,
       115, 3, 51, 112, 170, 188, 248, 154, 233, 81, 87, 163, 21, 164,
       57, 55, 151, 98, 90, 65, 187, 109, 16, 26, 79, 226, 49, 219, 133,
       48, 121, 176, 192, 134, 106, 205, 116, 157, 103, 161, 78, 119,
       152, 121, 234, 107, 8, 222, 113, 73, 59, 144, 84, 104, 106, 97,
       244, 249, 74, 229, 255, 69, 6, 200, 115, 67, 35, 44, 225, 57, 109,
       29, 77, 87, 184, 66, 52, 173, 8, 242, 85, 9, 48, 25, 80, 64, 106,
       74, 34, 123, 25, 101, 141, 1, 61, 80, 59, 70, 98, 248, 188, 188,
       248, 173, 253, 80, 83, 255, 59, 180, 28, 191, 187, 64, 59, 141,
       179, 253, 24, 58, 111, 242, 147, 219, 219, 80, 122, 218, 72, 194,
       27, 133, 95, 31, 111, 176, 14, 47, 180, 116, 202, 127, 100, 245,
       115, 129, 112, 54, 110, 52, 110, 225, 144, 125, 46, 228, 175, 38,
       128, 40, 243, 129, 57, 1, 149, 18, 75, 83, 150, 114, 49, 108, 8,
       106, 68, 252, 18, 36, 244, 246, 57, 18, 232, 213, 184, 17, 93, 37,
       188, 2, 66, 88, 2, 233, 141, 125, 93, 125, 102, 48, 78, 71, 184,
       97, 232, 191, 72, 115, 119, 137, 115, 22, 244, 124, 106, 233, 161,
       249, 44, 243, 233, 37, 16, 104, 243, 66, 49, 221, 38, 156, 176,
       168, 60, 80, 155, 250, 187, 163, 92, 207, 162, 203, 219, 135, 199,
       236, 28, 188, 71, 203, 2, 152, 251, 119, 253, 136, 229, 139, 5,
       125, 93, 61, 110, 168, 78, 79, 188, 225, 168, 190, 76, 87, 119,
       137, 115, 20, 212, 124, 106, 201, 131, 249, 44, 243, 233, 101, 20,
       104, 242, 194, 57, 149, 180, 25, 231, 180, 111, 79, 186, 54, 234,
       251, 96, 215, 115, 137, 112, 87, 94, 93, 58, 57, 144, 105, 62,
       233, 237, 39, 148, 168, 243, 128, 49, 93, 149, 29, 102, 184, 14,
       79, 189, 164, 232, 191, 76, 215, 119, 136, 115, 22, 212, 124, 106,
       89, 129, 249, 60, 241, 233, 37, 148, 40, 242, 192, 49, 252, 112,
       189, 98, 40, 111, 81, 152, 115, 187, 165, 24, 215, 87, 73, 59,
       145, 212, 124, 122, 43, 103, 251, 0, 219, 219, 101, 117, 194, 243,
       70, 50, 252, 188, 253, 118, 136, 110, 69, 191, 178, 182, 165, 24,
       83, 119, 201, 27, 5, 214, 109, 42, 120, 71, 251, 42, 251, 203,
       117, 60, 225, 241, 198, 98, 108, 180, 189, 251, 173, 125, 81, 153,
       127, 63, 173, 24, 222, 125, 72, 58, 153, 18, 255, 16, 26, 104,
       123, 151, 207, 223, 17, 127, 210, 74, 198, 34, 252, 36, 252, 114,
       137, 109, 87, 223, 147, 183, 173, 25, 67, 225, 75, 27, 9, 214,
       236, 18, 58, 103, 218, 50, 219, 223, 85, 125, 243, 249, 206, 2,
       232, 245, 188, 250, 189, 221, 85, 175, 223, 31, 164, 24, 190, 185,
       12, 51, 137, 19, 233, 0, 58, 106, 242, 179, 231, 223, 84, 123,
       210, 72, 198, 106, 224, 180, 156, 218, 204, 237, 69, 143, 222, 51,
       168, 24, 182, 243, 72, 123, 129, 82, 106, 24, 51, 111, 219, 51,
       221, 146, 85, 124, 216, 88, 199, 42, 85, 69, 93, 103, 178, 78,
       103, 184, 100, 160, 235, 64, 215, 115, 9, 113, 50, 212, 124, 106,
       105, 176, 121, 44, 227, 239, 37, 20, 96, 243, 192, 32, 252, 78,
       157, 116, 168, 108, 93, 191, 176, 186, 166, 56, 95, 119, 1, 91,
       135, 247, 109, 42, 120, 71, 203, 42, 211, 235, 117, 16, 96, 240,
       134, 43, 192, 140, 157, 255, 200, 237, 17, 135, 158, 23, 96, 24,
       182, 243, 96, 91, 193, 122, 107, 24, 50, 78, 218, 49, 205, 163,
       85, 120, 144, 72, 135, 170, 109, 101, 245, 103, 244, 10, 246, 40,
       121, 160, 107, 72, 207, 121, 29, 178, 178, 76, 124, 111, 192, 240,
       201, 76, 166, 254, 5, 2, 70, 183, 67, 134, 240, 178, 92, 112, 168,
       173, 85, 223, 178, 63, 164, 29, 23, 195, 74, 27, 5, 146, 109, 16,
       58, 111, 218, 19, 219, 195, 117, 125, 232, 208, 206, 107, 214,
       252, 157, 242, 168, 236, 12, 142, 186, 251, 130, 88, 182, 247, 72,
       123, 135, 215, 125, 16, 59, 79, 218, 115, 153, 178, 127, 254, 128,
       80, 135, 59, 100, 181, 49, 67, 208, 111, 103, 152, 106, 240, 43,
       8, 214, 117, 73, 58, 145, 92, 96, 122, 17, 112, 249, 32, 109, 156,
       5, 116, 192, 115, 198, 160, 92, 162, 156, 114, 170, 233, 17, 143,
       178, 191, 164, 185, 31, 183, 74, 26, 163, 215, 237, 16, 26, 75,
       138, 48, 219, 199, 117, 125, 224, 64, 135, 99, 69, 245, 145, 71,
       225, 78, 102, 184, 121, 234, 107, 76, 214, 115, 9, 182, 144, 92,
       96, 106, 65, 240, 249, 40, 167, 190, 69, 4, 74, 115, 67, 177, 108,
       160, 184, 123, 205, 253, 209, 143, 95, 61, 173, 24, 138, 61, 78,
       58, 137, 26, 195, 16, 26, 106, 123, 145, 79, 221, 21, 127, 210,
       12, 222, 226, 120, 171, 254, 120, 170, 201, 81, 119, 163, 21, 164,
       57, 51, 151, 66, 18, 11, 179, 237, 16, 26, 107, 194, 53, 219, 195,
       112, 121, 225, 128, 230, 43, 13, 117, 17, 71, 117, 30, 230, 184,
       121, 232, 107, 76, 222, 80, 13, 180, 144, 92, 80, 106, 193, 176,
       249, 110, 37, 188, 5, 4, 74, 51, 75, 165, 37, 117, 17, 67, 85, 79,
       230, 184, 110, 232, 43, 72, 214, 80, 77, 180, 144, 92, 82, 106,
       65, 176, 121, 28, 45, 156, 5, 52, 72, 59, 66, 182, 101, 116, 145,
       71, 193, 126, 98, 152, 99, 226, 43, 8, 210, 112, 77, 190, 145, 92,
       120, 122, 1, 240, 249, 42, 13, 158, 69, 52, 202, 243, 66, 36, 37,
       241, 17, 67, 217, 79, 71, 168, 106, 248, 41, 72, 210, 85, 73, 180,
       145, 92, 80, 122, 65, 112, 249, 20, 45, 156, 5, 116, 82, 59, 66,
       160, 13, 93, 27, 111, 176, 14, 111, 188, 116, 200, 126, 100, 247,
       115, 137, 112, 54, 108, 28, 110, 225, 144, 121, 46, 228, 239, 39,
       128, 40, 243, 161, 49, 20, 124, 185, 247, 180, 111, 111, 184, 54,
       234, 95, 96, 215, 119, 137, 104, 119, 127, 29, 106, 169, 208, 105,
       46, 237, 239, 47, 132, 160, 243, 1, 177, 85, 149, 25, 231, 176,
       111, 79, 184, 52, 232, 255, 96, 215, 119, 137, 112, 22, 214, 92,
       106, 121, 144, 105, 46, 233, 239, 37, 212, 32, 243, 128, 33, 44,
       52, 185, 99, 173, 127, 81, 152, 75, 255, 189, 24, 223, 29, 73, 58,
       153, 84, 253, 58, 27, 100, 249, 18, 207, 223, 1, 125, 194, 235,
       70, 115, 252, 112, 189, 99, 40, 78, 87, 152, 115, 250, 165, 24,
       215, 87, 73, 59, 149, 212, 124, 122, 233, 103, 251, 2, 211, 219,
       101, 60, 202, 243, 70, 51, 212, 190, 157, 119, 168, 110, 69, 186,
       178, 191, 167, 112, 87, 119, 73, 123, 1, 214, 108, 26, 57, 197,
       251, 34, 201, 227, 117, 84, 160, 241, 134, 49, 108, 181, 189, 115,
       173, 125, 81, 57, 111, 121, 173, 24, 223, 125, 72, 58, 153, 18,
       236, 16, 27, 106, 251, 17, 207, 219, 81, 127, 210, 74, 198, 114,
       100, 188, 157, 242, 232, 237, 1, 143, 250, 59, 160, 24, 150, 241,
       72, 59, 129, 82, 106, 16, 51, 111, 218, 115, 221, 146, 117, 124,
       216, 89, 135, 42, 124, 69, 95, 101, 148, 78, 71, 184, 97, 160,
