%YAML:1.0
---
descriptors: !!opencv-matrix
   rows: 369
   cols: 32
   dt: u
   data: [ 220, 52, 189, 245, 172, 44, 93, 25, 251, 251, 183, 120, 223,
       119, 200, 123, 135, 214, 124, 24, 185, 69, 243, 2, 207, 251, 119,
       212, 128, 224, 195, 49, 201, 188, 189, 113, 169, 124, 117, 190,
       251, 123, 182, 24, 158, 191, 72, 59, 135, 87, 253, 24, 187, 109,
       251, 99, 203, 219, 119, 126, 128, 80, 135, 123, 126, 253, 182,
       252, 221, 221, 87, 230, 159, 134, 236, 9, 174, 255, 39, 84, 201,
       251, 251, 66, 104, 107, 242, 255, 251, 255, 215, 59, 210, 124,
       246, 202, 150, 172, 246, 191, 254, 171, 254, 239, 127, 179, 250,
       26, 109, 234, 60, 80, 123, 239, 127, 177, 178, 255, 203, 255, 190,
       254, 223, 204, 149, 248, 225, 137, 120, 181, 188, 254, 157, 253,
       85, 175, 223, 23, 172, 25, 190, 253, 74, 26, 201, 146, 233, 16,
       122, 107, 243, 179, 235, 223, 84, 123, 210, 76, 198, 106, 84, 85,
       61, 231, 184, 78, 79, 184, 36, 234, 191, 96, 215, 119, 137, 114,
       22, 212, 125, 106, 233, 145, 233, 46, 233, 239, 37, 148, 32, 243,
       4, 115, 236, 113, 189, 101, 40, 78, 71, 184, 33, 236, 183, 8, 215,
       119, 73, 51, 148, 212, 125, 106, 73, 240, 249, 8, 231, 249, 101,
       52, 96, 243, 70, 115, 84, 180, 189, 247, 168, 110, 85, 153, 54,
       251, 227, 24, 215, 119, 72, 59, 145, 214, 125, 58, 57, 112, 251,
       34, 237, 239, 117, 20, 224, 115, 134, 114, 213, 70, 157, 119, 160,
       46, 102, 184, 60, 186, 51, 80, 215, 115, 137, 123, 149, 86, 124,
       110, 241, 244, 217, 46, 173, 170, 101, 20, 200, 243, 195, 49, 236,
       101, 185, 103, 141, 79, 71, 168, 116, 230, 173, 8, 211, 119, 73,
       59, 153, 212, 121, 106, 73, 100, 251, 42, 229, 219, 69, 52, 192,
       123, 86, 98, 252, 165, 156, 122, 137, 109, 87, 200, 179, 183, 173,
       25, 87, 243, 72, 27, 153, 210, 233, 114, 58, 99, 218, 51, 251,
       195, 85, 125, 240, 123, 198, 162, 104, 229, 125, 103, 29, 94, 95,
       184, 81, 162, 239, 8, 251, 125, 26, 48, 88, 214, 233, 106, 104,
       242, 249, 47, 239, 235, 69, 17, 99, 187, 94, 10, 120, 180, 191,
       112, 153, 237, 81, 103, 187, 21, 172, 24, 54, 183, 64, 50, 129,
       18, 104, 24, 59, 107, 242, 19, 219, 223, 84, 123, 194, 64, 198,
       107, 244, 52, 157, 118, 40, 108, 83, 152, 242, 186, 167, 56, 215,
       119, 73, 59, 19, 212, 108, 58, 41, 103, 251, 2, 209, 203, 113, 60,
       224, 243, 70, 35, 249, 184, 255, 112, 171, 253, 81, 214, 227, 123,
       180, 56, 58, 191, 198, 63, 163, 247, 236, 24, 191, 111, 178, 113,
       219, 218, 80, 123, 235, 192, 198, 127, 64, 117, 49, 101, 16, 79,
       103, 56, 104, 160, 107, 8, 246, 87, 9, 52, 16, 84, 72, 106, 65,
       240, 249, 12, 229, 188, 1, 4, 72, 51, 71, 50, 217, 170, 174, 176,
       170, 188, 88, 23, 163, 91, 132, 249, 191, 183, 66, 251, 167, 183,
       253, 21, 190, 79, 130, 49, 219, 195, 125, 249, 162, 196, 139, 91,
       120, 58, 127, 112, 42, 201, 81, 83, 162, 221, 164, 185, 55, 135,
       66, 27, 38, 182, 101, 24, 10, 79, 178, 17, 219, 193, 113, 121, 96,
       128, 70, 251, 209, 174, 151, 48, 168, 172, 68, 231, 251, 31, 176,
       93, 174, 226, 130, 159, 167, 103, 108, 12, 190, 111, 130, 99, 152,
       242, 116, 154, 192, 68, 163, 5, 221, 34, 150, 178, 185, 60, 64,
       131, 234, 155, 163, 92, 207, 226, 201, 219, 167, 199, 108, 21,
       190, 69, 139, 32, 152, 251, 127, 254, 128, 117, 171, 5, 109, 113,
       57, 71, 113, 95, 119, 24, 105, 232, 47, 8, 218, 119, 205, 52, 148,
       92, 68, 106, 129, 240, 249, 8, 103, 221, 5, 52, 74, 179, 70, 114,
       124, 168, 220, 114, 137, 189, 80, 207, 131, 179, 164, 25, 15, 233,
       72, 155, 137, 146, 236, 16, 62, 111, 202, 49, 219, 195, 117, 125,
       242, 200, 202, 10, 252, 97, 220, 101, 138, 75, 87, 56, 0, 166,
       165, 169, 83, 97, 75, 19, 24, 212, 237, 98, 72, 114, 217, 8, 242,
       129, 101, 53, 99, 251, 78, 2, 112, 177, 17, 251, 157, 205, 67,
       172, 95, 49, 169, 24, 214, 81, 76, 48, 145, 154, 72, 80, 91, 42,
       91, 55, 173, 148, 21, 126, 208, 10, 198, 42, 85, 5, 93, 101, 22,
       78, 71, 48, 228, 160, 171, 72, 215, 51, 1, 115, 50, 212, 108, 106,
       41, 161, 113, 12, 233, 171, 33, 20, 97, 163, 64, 32, 224, 141,
       157, 222, 136, 237, 5, 143, 154, 55, 168, 24, 182, 183, 68, 122,
       129, 83, 104, 0, 51, 107, 219, 115, 253, 182, 84, 59, 208, 89,
       197, 42, 192, 140, 157, 255, 200, 237, 5, 175, 62, 51, 40, 24,
       182, 51, 64, 123, 129, 82, 106, 24, 51, 76, 219, 55, 237, 182, 84,
       120, 144, 88, 135, 42, 242, 190, 184, 222, 139, 112, 85, 239, 179,
       191, 141, 185, 78, 231, 74, 159, 133, 214, 237, 0, 56, 79, 170,
       163, 155, 243, 93, 255, 162, 228, 134, 119, 232, 180, 181, 123,
       137, 109, 145, 159, 95, 55, 36, 25, 190, 61, 72, 59, 133, 19, 235,
       17, 50, 108, 251, 147, 207, 211, 84, 127, 210, 72, 199, 123, 116,
       117, 150, 134, 201, 98, 6, 200, 57, 166, 171, 41, 70, 242, 73,
       223, 241, 197, 232, 114, 60, 195, 137, 2, 184, 182, 71, 31, 128,
       115, 46, 6, 76, 117, 120, 103, 48, 74, 63, 184, 61, 238, 127, 173,
       223, 119, 139, 80, 22, 93, 205, 110, 96, 208, 233, 78, 230, 255,
       37, 132, 66, 243, 135, 113, 77, 101, 48, 103, 245, 30, 118, 184,
       121, 232, 127, 77, 223, 121, 159, 180, 150, 76, 212, 110, 196,
       240, 249, 14, 103, 255, 37, 4, 66, 183, 66, 229, 120, 169, 95, 96,
       136, 201, 81, 87, 226, 21, 172, 8, 23, 151, 64, 50, 0, 182, 108,
       8, 26, 107, 226, 1, 211, 233, 96, 121, 96, 130, 198, 34, 208, 176,
       155, 240, 168, 201, 81, 19, 166, 83, 166, 24, 151, 151, 64, 123,
       1, 183, 108, 16, 27, 109, 147, 17, 217, 129, 113, 88, 160, 128,
       135, 34, 252, 189, 253, 114, 138, 232, 85, 223, 178, 183, 172, 56,
       55, 231, 72, 27, 1, 214, 109, 24, 58, 75, 234, 51, 219, 195, 117,
       125, 224, 208, 134, 123, 165, 112, 91, 69, 80, 95, 227, 16, 97,
       224, 103, 8, 82, 16, 133, 52, 24, 60, 64, 106, 65, 180, 245, 12,
       7, 184, 1, 0, 73, 179, 66, 164, 133, 175, 207, 63, 164, 171, 111,
       191, 118, 179, 78, 212, 245, 227, 248, 105, 115, 110, 34, 14, 51,
       248, 111, 51, 236, 167, 119, 4, 188, 241, 225, 160, 129, 174, 159,
       153, 236, 169, 105, 215, 238, 19, 98, 240, 181, 163, 240, 107, 3,
       42, 106, 28, 51, 92, 199, 113, 76, 136, 118, 96, 152, 208, 225,
       168, 145, 138, 207, 123, 180, 170, 105, 151, 118, 27, 118, 212,
       243, 65, 144, 121, 51, 46, 36, 28, 187, 252, 45, 61, 204, 171,
       116, 192, 232, 192, 192, 41, 38, 93, 18, 190, 121, 205, 22, 228,
       159, 142, 233, 41, 230, 240, 37, 148, 200, 251, 202, 66, 110, 35,
       90, 63, 177, 182, 5, 59, 80, 59, 110, 134, 129, 174, 143, 155,
       236, 169, 97, 135, 254, 19, 96, 212, 181, 162, 224, 75, 99, 34,
       106, 28, 51, 92, 135, 115, 76, 131, 118, 104, 156, 192, 163, 168,
       108, 160, 185, 107, 169, 77, 67, 136, 35, 120, 165, 8, 210, 83,
       73, 58, 217, 208, 121, 122, 10, 98, 251, 17, 203, 217, 5, 127,
       210, 43, 70, 98, 129, 174, 199, 27, 204, 168, 101, 151, 230, 147,
       106, 212, 177, 162, 208, 123, 99, 110, 106, 28, 51, 252, 103, 51,
       12, 162, 118, 64, 252, 192, 193, 168, 198, 172, 246, 223, 236, 47,
       252, 239, 127, 187, 242, 26, 238, 238, 60, 75, 255, 255, 127, 145,
       178, 255, 203, 247, 191, 62, 223, 236, 149, 120, 243, 153, 230,
       172, 166, 254, 173, 189, 252, 255, 223, 219, 180, 25, 238, 251,
       124, 79, 205, 235, 127, 29, 186, 111, 250, 243, 159, 218, 223,
       126, 210, 220, 226, 202, 166, 172, 214, 159, 236, 43, 248, 207,
       63, 179, 242, 26, 238, 234, 12, 89, 251, 239, 127, 145, 50, 255,
       203, 247, 156, 190, 223, 238, 213, 104, 243, 137, 130, 172, 214,
       159, 252, 171, 238, 239, 63, 179, 250, 26, 237, 234, 44, 69, 123,
       239, 127, 144, 50, 251, 203, 255, 190, 254, 223, 204, 149, 232,
       225, 136, 104, 180, 188, 123, 141, 125, 81, 31, 95, 63, 165, 24,
       223, 125, 72, 58, 153, 146, 233, 16, 58, 106, 251, 147, 207, 223,
