%YAML:1.0
---
descriptors: !!opencv-matrix
   rows: 125
   cols: 32
   dt: u
   data: [ 77, 69, 149, 167, 48, 14, 111, 56, 124, 226, 75, 4, 223, 99,
       139, 82, 150, 68, 108, 110, 41, 208, 233, 14, 228, 255, 103, 4, 8,
       163, 1, 112, 76, 115, 21, 229, 48, 14, 123, 56, 60, 168, 123, 100,
       223, 51, 137, 80, 150, 85, 125, 106, 1, 144, 217, 78, 228, 191,
       35, 132, 8, 179, 3, 33, 246, 36, 151, 182, 205, 102, 64, 75, 187,
       179, 163, 27, 74, 243, 77, 223, 249, 215, 106, 147, 56, 71, 219,
       226, 157, 242, 223, 95, 161, 113, 246, 38, 101, 85, 188, 239, 184,
       15, 87, 184, 86, 174, 175, 8, 215, 115, 9, 114, 208, 84, 108, 106,
       104, 96, 251, 62, 229, 191, 101, 60, 16, 251, 64, 35, 200, 188,
       188, 114, 169, 237, 85, 151, 251, 123, 164, 24, 191, 55, 66, 59,
       133, 87, 124, 24, 187, 111, 250, 51, 235, 219, 117, 123, 192, 81,
       199, 123, 249, 184, 156, 120, 141, 237, 84, 223, 243, 115, 164,
       24, 63, 243, 64, 59, 137, 146, 236, 16, 63, 111, 218, 51, 219,
       203, 117, 125, 250, 200, 202, 10, 108, 103, 61, 103, 52, 15, 103,
       184, 120, 172, 127, 72, 211, 97, 9, 16, 148, 68, 108, 110, 224,
       240, 233, 46, 231, 255, 37, 20, 64, 179, 70, 33, 201, 180, 189,
       241, 168, 108, 93, 159, 123, 251, 182, 24, 159, 55, 72, 123, 133,
       215, 125, 24, 185, 109, 243, 2, 207, 251, 116, 116, 128, 192, 131,
       115, 197, 180, 149, 19, 141, 125, 132, 143, 219, 251, 128, 88,
       214, 240, 92, 175, 129, 70, 120, 25, 183, 109, 251, 50, 141, 26,
       85, 126, 200, 108, 211, 36, 252, 180, 156, 112, 136, 109, 81, 159,
       162, 251, 164, 24, 23, 243, 74, 91, 129, 151, 124, 16, 59, 111,
       218, 18, 219, 171, 117, 125, 232, 64, 202, 19, 141, 20, 141, 83,
       172, 127, 229, 152, 86, 243, 55, 84, 211, 113, 219, 175, 19, 70,
       106, 62, 177, 244, 125, 18, 76, 139, 117, 84, 218, 249, 208, 240,
       252, 118, 172, 182, 173, 124, 92, 158, 179, 254, 150, 221, 199,
       109, 91, 27, 133, 198, 253, 55, 172, 71, 235, 162, 235, 243, 245,
       189, 166, 253, 30, 83, 77, 113, 121, 101, 112, 78, 63, 184, 104,
       224, 127, 104, 223, 87, 137, 48, 150, 93, 84, 106, 193, 176, 249,
       12, 231, 189, 37, 4, 72, 179, 71, 241, 240, 184, 191, 116, 40,
       252, 80, 23, 235, 123, 176, 120, 191, 191, 68, 59, 135, 183, 125,
       16, 187, 111, 242, 1, 219, 251, 112, 123, 194, 192, 71, 63, 109,
       245, 24, 103, 177, 15, 119, 184, 57, 232, 47, 12, 214, 115, 10,
       16, 144, 76, 125, 110, 72, 240, 217, 30, 231, 253, 5, 52, 72, 51,
       74, 18, 112, 168, 251, 112, 40, 204, 89, 71, 171, 17, 168, 8, 63,
       191, 68, 50, 167, 183, 125, 24, 26, 75, 178, 81, 219, 253, 16,
       120, 192, 0, 198, 42, 246, 60, 150, 242, 205, 36, 80, 202, 179,
       155, 161, 89, 70, 250, 109, 219, 233, 246, 232, 18, 60, 103, 154,
       226, 155, 242, 215, 127, 137, 121, 250, 134, 77, 69, 149, 37, 49,
       90, 111, 56, 105, 224, 111, 0, 223, 99, 155, 246, 18, 68, 108,
       110, 105, 208, 233, 12, 228, 255, 67, 4, 2, 183, 3, 100, 77, 113,
       21, 101, 49, 14, 103, 56, 41, 232, 111, 68, 222, 19, 137, 244,
       148, 85, 108, 106, 65, 144, 249, 76, 165, 254, 33, 134, 10, 179,
       3, 49, 199, 180, 149, 179, 172, 47, 68, 136, 123, 251, 147, 92,
       222, 112, 221, 143, 131, 71, 124, 63, 179, 68, 219, 224, 140, 154,
       93, 254, 140, 121, 147, 21, 248, 168, 220, 50, 137, 233, 81, 215,
       178, 55, 164, 25, 63, 227, 66, 27, 33, 182, 237, 16, 58, 79, 138,
       51, 219, 195, 117, 121, 226, 192, 142, 74, 205, 4, 237, 19, 236,
       63, 229, 152, 94, 243, 7, 28, 219, 112, 223, 239, 19, 70, 122, 62,
       177, 116, 255, 34, 78, 27, 85, 116, 206, 253, 209, 116, 92, 117,
       185, 101, 48, 78, 87, 184, 105, 232, 190, 104, 223, 119, 137, 50,
       150, 212, 108, 106, 73, 240, 249, 44, 239, 249, 37, 52, 104, 179,
       70, 51, 240, 152, 157, 124, 8, 236, 80, 7, 166, 19, 162, 24, 55,
       183, 64, 91, 129, 182, 108, 16, 43, 109, 211, 1, 219, 227, 112,
       89, 224, 0, 132, 10, 108, 188, 156, 113, 173, 127, 86, 186, 251,
       186, 164, 29, 222, 249, 65, 155, 153, 70, 236, 18, 63, 109, 219,
       50, 239, 223, 85, 119, 202, 121, 202, 2, 13, 242, 157, 243, 188,
       47, 103, 152, 126, 187, 23, 112, 215, 115, 201, 43, 23, 78, 126,
       122, 177, 240, 105, 50, 236, 143, 101, 244, 136, 251, 129, 161,
       93, 213, 189, 231, 184, 14, 95, 188, 36, 234, 190, 104, 215, 119,
       9, 115, 150, 215, 125, 106, 233, 193, 249, 46, 235, 239, 101, 148,
       32, 243, 130, 115, 198, 180, 151, 242, 137, 252, 16, 7, 187, 27,
       139, 24, 238, 246, 72, 254, 129, 115, 232, 16, 55, 77, 154, 226,
       155, 246, 94, 91, 128, 67, 143, 55, 109, 53, 156, 167, 180, 14,
       87, 184, 123, 168, 47, 13, 215, 113, 75, 18, 145, 68, 125, 126,
       204, 240, 217, 10, 239, 255, 101, 52, 200, 243, 74, 3, 109, 245,
       133, 163, 173, 61, 70, 136, 91, 251, 137, 93, 214, 120, 89, 154,
       145, 68, 120, 127, 159, 66, 219, 48, 173, 223, 77, 126, 136, 127,
       218, 4, 226, 248, 191, 114, 106, 173, 177, 214, 170, 27, 176, 121,
       52, 223, 100, 27, 167, 179, 127, 16, 34, 79, 146, 113, 93, 128,
       126, 250, 192, 1, 7, 187, 220, 172, 158, 118, 168, 44, 85, 190,
       243, 183, 166, 24, 255, 227, 67, 91, 129, 230, 108, 30, 58, 79,
       219, 34, 219, 235, 117, 61, 162, 241, 202, 2, 248, 184, 156, 112,
       168, 237, 80, 31, 243, 251, 164, 24, 151, 179, 64, 59, 129, 151,
       108, 16, 63, 79, 210, 16, 219, 195, 117, 125, 232, 192, 138, 27,
       221, 188, 61, 245, 168, 46, 77, 191, 178, 246, 134, 29, 255, 119,
       9, 27, 5, 198, 125, 46, 121, 69, 251, 63, 235, 235, 117, 20, 34,
       240, 130, 120, 221, 180, 149, 176, 173, 125, 64, 143, 251, 251,
       130, 92, 222, 248, 73, 187, 129, 71, 124, 17, 63, 109, 251, 162,
       153, 218, 85, 126, 202, 124, 155, 22, 86, 181, 159, 178, 155, 228,
       22, 139, 187, 19, 137, 25, 204, 254, 108, 122, 177, 83, 232, 17,
       55, 67, 154, 99, 153, 182, 95, 127, 128, 67, 175, 22, 69, 213,
       156, 99, 184, 15, 86, 152, 127, 186, 43, 76, 215, 115, 201, 122,
       151, 84, 124, 122, 249, 208, 89, 54, 239, 223, 101, 116, 136, 251,
       193, 33, 252, 108, 156, 124, 173, 52, 84, 206, 211, 151, 164, 25,
       102, 249, 77, 91, 201, 214, 233, 18, 46, 103, 218, 34, 211, 251,
       85, 59, 208, 121, 234, 2, 252, 40, 156, 126, 169, 60, 84, 136,
       131, 182, 165, 24, 99, 241, 73, 91, 193, 214, 237, 2, 104, 103,
       202, 33, 211, 251, 85, 63, 210, 249, 78, 2, 77, 97, 89, 101, 48,
       94, 110, 56, 105, 224, 111, 8, 223, 35, 139, 244, 18, 196, 108,
       110, 77, 176, 253, 76, 166, 253, 5, 5, 74, 179, 74, 68, 207, 164,
       164, 19, 237, 60, 109, 136, 123, 247, 5, 156, 203, 96, 222, 255,
       81, 78, 120, 30, 183, 84, 255, 178, 143, 95, 215, 116, 142, 253,
       219, 244, 248, 172, 254, 122, 139, 249, 81, 223, 178, 55, 164,
       153, 43, 231, 66, 155, 41, 178, 237, 24, 58, 111, 186, 51, 219,
       195, 117, 121, 227, 196, 206, 122, 124, 113, 57, 101, 32, 95, 87,
       184, 105, 232, 54, 40, 223, 119, 193, 178, 150, 212, 236, 106,
       201, 240, 249, 12, 231, 249, 37, 150, 66, 178, 71, 115, 246, 110,
       204, 244, 172, 40, 93, 143, 179, 183, 180, 185, 195, 235, 215, 31,
       131, 198, 125, 26, 104, 71, 203, 130, 218, 250, 213, 189, 164,
       240, 214, 2, 2, 191, 31, 186, 176, 196, 54, 183, 190, 13, 202,
       225, 172, 247, 32, 80, 133, 115, 205, 17, 50, 201, 2, 127, 233,
       247, 62, 195, 0, 64, 165, 123, 240, 186, 220, 112, 170, 237, 81,
       87, 162, 255, 164, 61, 23, 151, 66, 27, 39, 146, 109, 16, 26, 79,
       178, 16, 219, 193, 117, 249, 232, 192, 134, 91, 109, 103, 152, 39,
       188, 15, 71, 184, 59, 172, 47, 13, 215, 97, 91, 18, 145, 68, 109,
       126, 232, 112, 217, 10, 239, 223, 37, 52, 72, 251, 82, 2, 108,
       103, 172, 39, 172, 10, 71, 184, 112, 174, 159, 141, 215, 97, 91,
       27, 17, 196, 109, 111, 104, 240, 201, 42, 228, 247, 101, 148, 224,
