%YAML:1.0
---
descriptors: !!opencv-matrix
   rows: 112
   cols: 32
   dt: u
   data: [ 240, 12, 23, 252, 137, 98, 84, 111, 177, 146, 162, 24, 70,
       119, 32, 223, 193, 246, 236, 34, 104, 71, 147, 140, 177, 242, 85,
       31, 32, 120, 164, 46, 112, 16, 156, 124, 8, 76, 80, 26, 134, 51,
       166, 24, 215, 147, 64, 91, 193, 148, 104, 24, 26, 79, 211, 16,
       219, 235, 112, 121, 184, 8, 72, 2, 68, 101, 29, 103, 112, 79, 127,
       168, 120, 160, 107, 8, 215, 127, 9, 49, 148, 85, 120, 106, 97,
       240, 217, 46, 231, 255, 69, 20, 64, 243, 67, 34, 240, 172, 191,
       112, 168, 236, 89, 71, 251, 19, 160, 24, 55, 191, 0, 59, 161, 183,
       125, 24, 58, 111, 146, 49, 219, 251, 80, 120, 224, 64, 198, 42,
       209, 190, 150, 50, 169, 173, 80, 151, 251, 187, 168, 92, 174, 242,
       64, 155, 165, 231, 108, 28, 191, 111, 154, 51, 153, 250, 85, 122,
       200, 64, 203, 15, 246, 52, 151, 182, 205, 102, 70, 200, 243, 187,
       227, 90, 66, 250, 77, 223, 249, 223, 232, 146, 57, 103, 219, 226,
       153, 178, 215, 31, 137, 121, 250, 6, 199, 180, 133, 147, 141, 61,
       196, 143, 251, 251, 139, 92, 198, 120, 93, 239, 129, 70, 120, 29,
       191, 100, 219, 162, 141, 90, 93, 118, 136, 125, 217, 20, 104, 48,
       181, 81, 45, 93, 81, 19, 251, 189, 182, 56, 138, 21, 196, 191,
       136, 20, 236, 24, 41, 108, 227, 16, 15, 218, 80, 119, 194, 136,
       70, 111, 109, 117, 24, 103, 181, 15, 86, 184, 61, 232, 111, 13,
       214, 49, 11, 16, 152, 76, 121, 110, 73, 176, 217, 14, 231, 223, 5,
       52, 72, 59, 74, 18, 68, 97, 121, 101, 16, 79, 111, 56, 104, 160,
       107, 8, 211, 81, 9, 48, 144, 220, 65, 106, 64, 176, 217, 12, 103,
       173, 37, 52, 64, 179, 66, 34, 165, 101, 83, 71, 84, 91, 111, 184,
       116, 224, 107, 72, 83, 113, 157, 180, 58, 204, 2, 106, 105, 176,
       125, 46, 37, 172, 5, 4, 101, 187, 66, 160, 45, 113, 81, 101, 116,
       15, 111, 56, 96, 224, 111, 76, 211, 81, 153, 176, 30, 76, 20, 110,
       201, 176, 125, 30, 102, 237, 33, 4, 111, 179, 66, 240, 92, 69,
       142, 167, 148, 74, 71, 168, 36, 164, 239, 11, 83, 99, 11, 82, 112,
       196, 104, 226, 72, 147, 217, 46, 249, 167, 133, 21, 32, 59, 108,
       2, 133, 100, 157, 243, 164, 43, 101, 156, 126, 186, 19, 112, 215,
       115, 201, 43, 23, 78, 110, 62, 33, 244, 203, 32, 204, 138, 119,
       36, 136, 249, 145, 161, 240, 140, 159, 188, 137, 238, 21, 39, 180,
       55, 162, 25, 38, 167, 32, 91, 225, 182, 105, 0, 56, 79, 83, 15,
       217, 162, 86, 19, 144, 104, 164, 106, 212, 164, 157, 115, 136,
       109, 69, 159, 182, 179, 163, 24, 215, 243, 72, 91, 1, 86, 108, 26,
       58, 69, 219, 34, 201, 130, 117, 116, 224, 241, 134, 34, 248, 186,
       176, 112, 169, 189, 81, 23, 251, 191, 164, 28, 47, 179, 66, 159,
       129, 174, 236, 28, 58, 111, 242, 17, 219, 219, 81, 123, 194, 132,
       198, 107, 109, 253, 176, 111, 253, 31, 86, 188, 75, 168, 168, 76,
       222, 121, 77, 144, 153, 222, 80, 106, 76, 34, 219, 189, 239, 221,
       5, 62, 90, 127, 202, 130, 253, 255, 61, 246, 168, 6, 95, 188, 178,
       254, 164, 93, 247, 119, 9, 19, 7, 198, 125, 110, 233, 69, 251, 63,
       235, 235, 101, 180, 40, 241, 130, 113, 124, 229, 172, 166, 139,
       67, 87, 168, 19, 182, 141, 139, 71, 255, 75, 19, 217, 213, 233,
       243, 124, 67, 219, 10, 251, 195, 205, 63, 160, 119, 158, 66, 252,
       108, 150, 254, 205, 36, 84, 206, 147, 155, 160, 25, 66, 251, 109,
       219, 201, 246, 236, 18, 44, 103, 202, 162, 187, 243, 85, 63, 130,
       121, 122, 2, 216, 112, 89, 101, 25, 94, 75, 24, 33, 224, 167, 8,
       251, 23, 1, 246, 52, 148, 204, 232, 73, 133, 241, 13, 195, 249, 0,
       16, 34, 162, 38, 48, 109, 117, 156, 167, 188, 15, 86, 56, 122,
       234, 47, 77, 215, 113, 91, 18, 145, 68, 108, 127, 237, 240, 217,
       10, 239, 255, 101, 52, 200, 123, 90, 2, 229, 245, 149, 3, 141, 14,
       198, 168, 91, 243, 137, 92, 214, 112, 93, 111, 209, 68, 120, 127,
       255, 96, 251, 18, 173, 30, 197, 126, 200, 127, 210, 52, 29, 118,
       156, 99, 176, 63, 118, 152, 118, 187, 47, 84, 223, 115, 201, 106,
       23, 86, 108, 58, 176, 208, 89, 46, 239, 223, 101, 84, 170, 251,
       129, 33, 13, 118, 156, 243, 180, 63, 119, 158, 118, 187, 62, 96,
       215, 115, 201, 123, 23, 86, 124, 58, 177, 208, 121, 44, 239, 207,
       117, 84, 170, 251, 129, 33, 252, 74, 148, 182, 44, 10, 68, 136,
       185, 186, 179, 249, 199, 98, 193, 219, 201, 229, 236, 98, 108,
       103, 203, 162, 144, 242, 243, 29, 8, 253, 74, 0, 201, 156, 149,
       95, 233, 188, 36, 183, 254, 27, 108, 84, 252, 243, 0, 239, 133,
       106, 106, 28, 179, 76, 219, 55, 45, 255, 86, 104, 154, 80, 137,
       168, 124, 77, 138, 165, 145, 74, 71, 168, 48, 164, 238, 9, 67, 99,
       11, 80, 112, 196, 105, 98, 72, 147, 217, 46, 249, 165, 133, 5, 33,
       59, 102, 98, 236, 253, 156, 99, 173, 47, 86, 184, 91, 186, 173,
       13, 214, 121, 65, 147, 153, 68, 108, 126, 120, 116, 217, 58, 239,
       223, 69, 117, 202, 123, 218, 2, 182, 174, 237, 55, 222, 227, 151,
       174, 18, 247, 90, 187, 113, 108, 215, 11, 91, 255, 37, 151, 124,
       222, 239, 62, 108, 6, 253, 229, 229, 121, 212, 219, 69, 119, 24,
       167, 48, 14, 119, 184, 120, 168, 111, 76, 215, 115, 11, 80, 148,
       76, 108, 110, 224, 240, 217, 46, 229, 255, 37, 4, 8, 179, 3, 3,
       102, 237, 160, 26, 221, 221, 214, 237, 211, 63, 173, 25, 66, 232,
       94, 150, 217, 202, 226, 87, 126, 107, 250, 183, 59, 30, 149, 127,
       211, 95, 222, 198, 69, 213, 157, 99, 184, 15, 86, 185, 127, 176,
       171, 76, 215, 115, 201, 122, 151, 86, 124, 122, 249, 208, 217, 54,
       239, 223, 101, 84, 136, 243, 128, 51, 238, 246, 188, 113, 169,
       125, 21, 155, 187, 255, 23, 61, 206, 125, 203, 191, 135, 86, 253,
       54, 229, 68, 251, 130, 207, 211, 117, 183, 202, 116, 158, 119, 84,
       102, 133, 231, 160, 106, 103, 152, 54, 190, 11, 228, 215, 103,
       201, 90, 19, 76, 109, 110, 41, 212, 233, 42, 197, 166, 101, 148,
       160, 243, 5, 113, 238, 249, 56, 14, 153, 221, 23, 232, 131, 204,
       173, 13, 234, 221, 111, 148, 152, 122, 192, 98, 78, 35, 250, 191,
       243, 213, 5, 59, 82, 63, 142, 118, 126, 117, 213, 231, 139, 66,
       23, 168, 50, 166, 131, 139, 71, 119, 73, 83, 113, 212, 233, 226,
       104, 67, 249, 40, 249, 227, 205, 63, 33, 115, 22, 98, 220, 126,
       252, 52, 170, 58, 93, 158, 179, 254, 182, 189, 207, 47, 195, 27,
       7, 215, 237, 20, 172, 69, 207, 34, 218, 211, 117, 183, 230, 245,
       14, 83, 109, 117, 24, 103, 113, 15, 119, 184, 120, 168, 111, 12,
       214, 113, 11, 16, 148, 76, 120, 110, 193, 176, 217, 14, 231, 253,
       5, 20, 72, 51, 74, 34, 111, 48, 229, 3, 237, 60, 206, 152, 107,
       250, 57, 77, 202, 108, 223, 190, 149, 196, 252, 254, 157, 96, 255,
       224, 15, 90, 197, 246, 202, 247, 90, 85, 112, 178, 252, 112, 136,
       237, 81, 87, 162, 255, 180, 61, 23, 183, 66, 27, 5, 146, 109, 24,
       26, 79, 210, 17, 219, 195, 117, 249, 232, 192, 198, 115, 85, 153,
       157, 103, 168, 15, 86, 188, 111, 184, 170, 104, 215, 115, 129,
       114, 151, 86, 124, 114, 153, 200, 89, 60, 235, 255, 101, 86, 168,
       179, 1, 51, 248, 188, 253, 114, 169, 253, 81, 223, 179, 191, 164,
       56, 59, 247, 66, 27, 1, 246, 236, 24, 59, 111, 250, 51, 219, 235,
       117, 121, 226, 192, 198, 123, 221, 172, 245, 245, 137, 126, 77,
       191, 179, 182, 166, 24, 255, 55, 0, 255, 1, 198, 125, 44, 120, 77,
       243, 191, 203, 251, 85, 20, 162, 244, 198, 104, 69, 209, 157, 103,
       168, 79, 70, 188, 110, 240, 43, 72, 215, 115, 73, 115, 151, 85,
       124, 122, 65, 80, 217, 60, 173, 186, 101, 84, 72, 179, 3, 49, 240,
       140, 188, 124, 141, 109, 81, 175, 211, 55, 164, 25, 35, 49, 64,
       91, 137, 214, 108, 0, 58, 111, 251, 19, 219, 243, 85, 63, 242,
       104, 198, 42, 213, 217, 29, 101, 56, 79, 82, 184, 106, 168, 162,
       104, 215, 119, 64, 114, 150, 245, 124, 98, 73, 33, 217, 62, 233,
       172, 37, 20, 72, 162, 3, 51, 87, 117, 225, 71, 211, 62, 238, 136,
