%YAML:1.0
---
descriptors: !!opencv-matrix
   rows: 153
   cols: 32
   dt: u
   data: [ 205, 84, 149, 119, 161, 14, 102, 184, 120, 250, 167, 80, 214,
       115, 9, 255, 145, 84, 124, 106, 113, 228, 249, 42, 165, 255, 101,
       20, 202, 115, 3, 33, 120, 185, 251, 112, 154, 233, 81, 87, 162,
       21, 172, 56, 55, 247, 64, 50, 11, 146, 108, 24, 26, 107, 226, 17,
       219, 207, 48, 123, 226, 128, 198, 107, 73, 117, 17, 69, 81, 78,
       102, 56, 121, 192, 107, 72, 222, 81, 13, 180, 148, 92, 80, 106,
       65, 240, 249, 78, 37, 188, 1, 6, 74, 50, 67, 176, 36, 101, 57, 71,
       213, 79, 71, 168, 85, 228, 239, 8, 210, 117, 9, 52, 216, 220, 91,
       106, 73, 178, 121, 14, 229, 156, 133, 52, 64, 251, 86, 98, 248,
       188, 252, 122, 169, 237, 81, 223, 179, 31, 164, 56, 51, 247, 72,
       27, 129, 242, 236, 0, 58, 111, 250, 51, 219, 251, 117, 61, 242,
       192, 198, 43, 252, 188, 253, 118, 136, 109, 69, 255, 178, 190,
       165, 24, 83, 247, 77, 27, 9, 214, 108, 26, 56, 103, 251, 34, 217,
       139, 117, 60, 225, 240, 198, 98, 248, 176, 255, 114, 168, 252, 85,
       223, 162, 159, 164, 56, 19, 247, 202, 59, 1, 246, 252, 24, 58,
       111, 250, 49, 219, 235, 117, 121, 226, 192, 198, 115, 224, 188,
       156, 218, 204, 237, 5, 207, 218, 27, 160, 24, 182, 243, 72, 123,
       129, 26, 106, 24, 51, 111, 218, 51, 221, 178, 84, 124, 216, 72,
       199, 170, 85, 69, 125, 103, 18, 78, 79, 184, 101, 160, 171, 64,
       83, 115, 25, 115, 18, 212, 124, 106, 73, 161, 121, 44, 231, 235,
       37, 20, 96, 179, 64, 32, 21, 69, 89, 103, 20, 79, 71, 184, 118,
       160, 235, 10, 83, 81, 9, 112, 49, 220, 72, 106, 104, 176, 121, 30,
       249, 174, 5, 20, 113, 187, 68, 32, 229, 36, 189, 85, 236, 110,
       101, 155, 122, 179, 35, 24, 214, 113, 73, 59, 145, 86, 104, 58,
       49, 116, 251, 2, 77, 158, 117, 52, 192, 96, 198, 162, 100, 176,
       21, 115, 169, 237, 81, 141, 235, 121, 39, 24, 150, 151, 72, 62,
       129, 30, 120, 24, 27, 120, 251, 81, 207, 216, 85, 126, 194, 0,
       198, 50, 200, 251, 159, 119, 185, 204, 21, 180, 186, 93, 39, 92,
       246, 215, 72, 19, 133, 115, 108, 90, 115, 77, 250, 51, 237, 243,
       116, 88, 72, 18, 135, 123, 116, 96, 249, 102, 200, 109, 69, 152,
       35, 190, 165, 8, 83, 87, 73, 26, 25, 220, 101, 122, 8, 70, 248, 0,
       211, 137, 101, 60, 226, 243, 70, 98, 101, 109, 132, 39, 149, 15,
       102, 172, 112, 162, 106, 8, 211, 96, 25, 16, 25, 78, 104, 110,
       104, 240, 221, 46, 229, 190, 69, 4, 64, 251, 82, 32, 72, 48, 123,
       64, 83, 204, 121, 18, 41, 72, 118, 0, 28, 23, 0, 116, 54, 61, 85,
       200, 3, 152, 176, 69, 71, 173, 32, 128, 98, 128, 39, 123, 8, 49,
       115, 64, 115, 207, 49, 80, 105, 68, 108, 40, 62, 21, 4, 52, 54,
       56, 209, 72, 129, 184, 48, 76, 71, 157, 0, 2, 74, 130, 71, 251,
       193, 164, 157, 240, 173, 108, 101, 143, 234, 115, 166, 24, 158,
       183, 72, 123, 161, 70, 122, 24, 51, 77, 179, 96, 221, 187, 86,
       124, 128, 80, 195, 42, 217, 104, 151, 116, 9, 92, 68, 39, 233,
       178, 162, 8, 255, 51, 0, 255, 128, 100, 108, 10, 73, 229, 211, 9,
       147, 250, 85, 26, 74, 176, 74, 46, 116, 97, 120, 103, 212, 27,
       118, 168, 97, 160, 107, 8, 195, 73, 29, 16, 50, 204, 65, 107, 68,
       176, 205, 46, 103, 237, 5, 37, 101, 179, 90, 130, 120, 185, 121,
       112, 154, 233, 81, 83, 162, 21, 164, 56, 55, 151, 64, 56, 11, 178,
       108, 16, 26, 107, 226, 17, 219, 197, 48, 121, 226, 128, 198, 107,
       5, 64, 15, 165, 66, 2, 43, 112, 52, 128, 67, 194, 213, 130, 177,
       96, 114, 44, 58, 239, 65, 144, 5, 76, 100, 32, 170, 132, 44, 179,
       33, 160, 120, 176, 255, 114, 169, 237, 81, 223, 163, 159, 164, 8,
       59, 247, 72, 59, 1, 246, 237, 16, 26, 107, 250, 49, 219, 203, 117,
       125, 227, 192, 198, 115, 20, 69, 19, 103, 21, 79, 103, 232, 118,
       160, 235, 0, 83, 209, 41, 112, 112, 220, 8, 106, 105, 176, 57, 30,
       225, 142, 5, 4, 96, 187, 112, 34, 93, 77, 95, 103, 148, 78, 71,
       184, 100, 160, 171, 8, 83, 113, 25, 112, 48, 212, 108, 106, 105,
       161, 121, 44, 241, 239, 37, 20, 97, 179, 64, 32, 197, 245, 157,
       103, 153, 78, 87, 184, 123, 250, 43, 8, 222, 115, 9, 51, 145, 84,
       120, 106, 97, 240, 217, 46, 173, 250, 69, 54, 72, 115, 67, 50,
       224, 245, 21, 99, 249, 77, 84, 175, 127, 59, 41, 88, 214, 50, 76,
       53, 145, 22, 104, 16, 123, 104, 219, 23, 173, 222, 21, 126, 216,
       88, 194, 46, 36, 101, 57, 78, 93, 79, 215, 232, 82, 164, 173, 8,
       82, 113, 73, 48, 89, 216, 66, 106, 74, 99, 123, 29, 115, 143, 5,
       61, 81, 59, 70, 162, 8, 57, 115, 73, 83, 222, 249, 16, 105, 72,
       116, 8, 62, 23, 4, 180, 38, 25, 215, 72, 129, 184, 48, 77, 71,
       221, 32, 2, 99, 2, 71, 243, 37, 241, 17, 65, 81, 79, 67, 168, 106,
       240, 41, 8, 210, 85, 73, 48, 145, 92, 64, 122, 67, 112, 249, 28,
       45, 156, 5, 118, 80, 59, 71, 160, 244, 32, 253, 96, 40, 75, 65,
       88, 98, 188, 165, 40, 83, 85, 73, 51, 16, 148, 76, 106, 8, 101,
       233, 24, 217, 137, 97, 53, 96, 170, 70, 35, 252, 112, 249, 230,
       106, 72, 87, 152, 35, 182, 165, 40, 87, 119, 73, 91, 19, 212, 109,
       106, 72, 70, 251, 0, 221, 160, 101, 60, 34, 243, 6, 115, 69, 53,
       145, 69, 225, 14, 102, 184, 105, 170, 106, 76, 214, 51, 128, 246,
       148, 84, 104, 106, 193, 240, 217, 10, 165, 190, 69, 4, 74, 115,
       75, 37, 92, 185, 145, 114, 136, 109, 69, 151, 226, 179, 170, 88,
       183, 179, 64, 250, 1, 214, 108, 24, 27, 73, 219, 34, 217, 231,
       117, 120, 162, 240, 131, 32, 108, 245, 145, 67, 189, 79, 71, 172,
       123, 184, 41, 8, 222, 117, 77, 182, 145, 84, 96, 122, 99, 112,
       249, 50, 45, 222, 5, 118, 194, 123, 198, 162, 216, 56, 155, 116,
       10, 108, 65, 23, 162, 159, 166, 24, 119, 183, 64, 122, 39, 246,
       108, 136, 25, 79, 178, 0, 219, 227, 116, 120, 160, 224, 38, 43,
       44, 101, 49, 79, 157, 79, 199, 168, 83, 224, 169, 8, 210, 117, 77,
       52, 152, 92, 66, 106, 73, 114, 249, 30, 109, 220, 5, 54, 82, 59,
       70, 226, 37, 241, 17, 65, 85, 79, 102, 168, 106, 224, 43, 8, 214,
       16, 69, 180, 144, 92, 64, 122, 65, 240, 249, 28, 45, 156, 5, 54,
       74, 59, 66, 166, 120, 177, 247, 122, 169, 205, 85, 221, 163, 157,
       165, 40, 31, 255, 72, 59, 136, 211, 237, 80, 26, 107, 250, 49,
       219, 203, 117, 127, 227, 130, 198, 115, 68, 188, 157, 90, 232,
       237, 33, 207, 234, 59, 168, 72, 150, 243, 72, 26, 129, 19, 106,
       16, 19, 107, 218, 113, 221, 150, 85, 124, 216, 72, 131, 187, 40,
       189, 157, 127, 152, 207, 71, 191, 86, 11, 108, 80, 243, 241, 0,
       112, 81, 126, 32, 24, 123, 248, 91, 63, 237, 239, 53, 64, 248,
       216, 192, 168, 216, 162, 149, 246, 169, 44, 92, 158, 163, 187,
       162, 120, 223, 179, 72, 219, 167, 215, 109, 0, 56, 79, 202, 32,
       155, 251, 117, 190, 162, 241, 130, 11, 69, 245, 157, 103, 144, 14,
       103, 184, 122, 234, 43, 76, 214, 113, 73, 51, 145, 68, 104, 122,
       225, 240, 217, 46, 173, 250, 69, 6, 72, 115, 67, 35, 229, 184,
       147, 80, 224, 205, 97, 195, 122, 185, 34, 120, 150, 144, 196, 56,
       179, 60, 68, 24, 19, 123, 186, 80, 157, 152, 53, 126, 192, 0, 199,
       163, 217, 88, 23, 117, 11, 95, 84, 52, 245, 82, 166, 28, 255, 19,
       1, 251, 160, 53, 108, 106, 105, 229, 19, 61, 131, 251, 80, 18,
       106, 48, 11, 43, 227, 188, 215, 86, 232, 236, 172, 23, 251, 123,
       48, 88, 180, 182, 196, 191, 167, 247, 126, 8, 179, 111, 186, 99,
       29, 58, 119, 234, 200, 64, 195, 189, 32, 97, 81, 75, 81, 75, 71,
       72, 99, 160, 105, 8, 82, 81, 9, 52, 24, 92, 64, 106, 72, 178, 201,
       28, 37, 188, 1, 48, 66, 147, 70, 162, 77, 245, 157, 67, 241, 111,
       118, 168, 123, 232, 111, 8, 222, 115, 73, 240, 145, 94, 120, 122,
       49, 240, 249, 14, 239, 223, 5, 70, 202, 115, 195, 35, 120, 170,
       122, 120, 170, 233, 81, 87, 163, 61, 164, 57, 51, 151, 64, 24, 47,
       178, 205, 16, 26, 107, 162, 21, 219, 193, 48, 121, 227, 128, 198,
       107, 227, 174, 158, 178, 205, 173, 105, 199, 187, 23, 160, 93, 34,
