%YAML:1.0
---
descriptors: !!opencv-matrix
   rows: 150
   cols: 32
   dt: u
   data: [ 137, 19, 189, 117, 228, 46, 125, 31, 125, 251, 118, 116, 159,
       51, 144, 59, 135, 70, 126, 12, 177, 252, 97, 66, 207, 251, 116,
       132, 202, 240, 194, 177, 220, 172, 148, 186, 137, 185, 80, 143,
       183, 23, 164, 25, 174, 243, 106, 91, 129, 163, 236, 16, 62, 77,
       138, 177, 218, 211, 85, 127, 178, 68, 143, 2, 63, 223, 107, 206,
       246, 147, 239, 248, 85, 72, 252, 230, 121, 237, 191, 100, 126,
       235, 23, 239, 203, 179, 44, 255, 122, 239, 175, 196, 127, 191,
       112, 241, 190, 253, 182, 190, 157, 253, 223, 236, 63, 223, 252,
       27, 238, 254, 15, 135, 249, 251, 255, 211, 126, 239, 123, 255,
       251, 215, 223, 95, 195, 127, 238, 94, 252, 112, 188, 242, 169, 85,
       84, 216, 167, 190, 181, 29, 95, 223, 75, 155, 205, 213, 253, 210,
       106, 71, 219, 48, 219, 219, 117, 63, 242, 49, 78, 83, 120, 176,
       148, 250, 143, 253, 80, 75, 191, 23, 161, 25, 142, 253, 104, 154,
       171, 147, 239, 16, 30, 107, 219, 209, 219, 251, 80, 127, 210, 76,
       143, 18, 252, 113, 252, 226, 139, 87, 95, 216, 35, 254, 181, 9,
       95, 95, 75, 187, 221, 213, 253, 242, 106, 71, 251, 176, 219, 217,
       101, 63, 242, 115, 14, 115, 254, 254, 182, 182, 169, 253, 86, 236,
       191, 191, 189, 57, 238, 255, 79, 159, 253, 255, 239, 83, 62, 99,
       251, 243, 187, 215, 79, 255, 194, 127, 174, 87, 254, 253, 182,
       222, 205, 253, 255, 236, 191, 222, 254, 31, 110, 255, 47, 223,
       253, 255, 255, 211, 126, 103, 251, 255, 187, 127, 223, 127, 211,
       127, 254, 223, 126, 253, 246, 255, 253, 254, 254, 236, 187, 255,
       255, 31, 238, 254, 110, 214, 255, 255, 255, 195, 62, 243, 251,
       251, 187, 255, 207, 183, 131, 127, 255, 215, 220, 247, 189, 166,
       172, 110, 94, 184, 172, 254, 159, 9, 223, 127, 75, 211, 215, 215,
       253, 99, 124, 65, 251, 42, 251, 199, 111, 189, 0, 243, 173, 83,
       124, 113, 188, 230, 169, 77, 95, 184, 163, 188, 189, 9, 223, 255,
       75, 91, 134, 213, 253, 98, 72, 67, 251, 32, 251, 217, 101, 189,
       32, 243, 15, 67, 252, 112, 188, 242, 169, 93, 85, 216, 163, 190,
       165, 25, 223, 223, 75, 27, 205, 213, 253, 82, 74, 71, 251, 176,
       219, 217, 69, 63, 226, 179, 78, 83, 106, 253, 182, 188, 125, 221,
       252, 231, 255, 172, 254, 9, 174, 191, 38, 20, 201, 251, 255, 1,
       44, 107, 242, 255, 255, 255, 158, 59, 82, 28, 254, 78, 122, 177,
       178, 254, 157, 221, 80, 111, 219, 29, 189, 25, 174, 253, 110, 208,
       201, 187, 239, 17, 30, 107, 210, 213, 155, 223, 22, 123, 210, 12,
       207, 206, 237, 188, 189, 247, 173, 172, 125, 183, 251, 251, 55,
       92, 255, 125, 88, 59, 205, 102, 125, 30, 187, 124, 251, 163, 207,
       251, 117, 212, 202, 248, 194, 123, 129, 174, 255, 249, 230, 171,
       233, 247, 127, 251, 118, 246, 255, 235, 144, 105, 127, 174, 127,
       28, 179, 252, 239, 247, 222, 251, 119, 224, 173, 200, 209, 185,
       129, 83, 251, 229, 52, 11, 107, 24, 124, 232, 254, 230, 255, 67,
       145, 96, 118, 236, 126, 108, 193, 176, 101, 206, 228, 237, 35,
       128, 44, 170, 97, 185, 148, 168, 255, 251, 236, 173, 233, 223,
       191, 59, 242, 82, 255, 251, 88, 107, 111, 247, 127, 153, 187, 127,
       219, 243, 221, 203, 255, 216, 229, 216, 227, 168, 129, 142, 255,
       247, 230, 171, 233, 247, 126, 115, 114, 246, 255, 233, 176, 105,
       127, 175, 126, 28, 179, 252, 231, 247, 220, 235, 119, 224, 237,
       200, 193, 169, 205, 222, 189, 115, 168, 46, 125, 150, 255, 251,
       54, 84, 158, 55, 64, 123, 133, 87, 127, 28, 179, 252, 251, 98,
       207, 251, 116, 196, 202, 208, 195, 123, 15, 255, 110, 223, 254,
       159, 255, 252, 63, 236, 254, 231, 253, 238, 190, 228, 127, 239,
       255, 239, 245, 251, 239, 255, 254, 127, 175, 228, 63, 190, 249,
       213, 190, 253, 182, 254, 253, 221, 215, 237, 191, 255, 253, 25,
       110, 253, 111, 151, 221, 251, 255, 19, 126, 107, 250, 251, 251,
       87, 223, 127, 210, 127, 174, 95, 137, 22, 189, 245, 228, 46, 125,
       19, 124, 250, 119, 116, 223, 55, 153, 123, 231, 23, 127, 44, 177,
       244, 97, 74, 198, 251, 114, 128, 138, 224, 1, 177, 137, 86, 77,
       229, 52, 42, 107, 48, 124, 234, 119, 244, 223, 67, 145, 113, 214,
       141, 94, 110, 233, 212, 109, 14, 196, 251, 227, 132, 44, 161, 64,
       49, 221, 253, 189, 230, 168, 127, 95, 188, 174, 254, 159, 37, 223,
       127, 74, 243, 215, 215, 253, 111, 233, 65, 251, 170, 251, 223,
       239, 181, 8, 243, 173, 115, 92, 117, 188, 230, 168, 111, 95, 184,
       161, 238, 190, 41, 223, 119, 75, 19, 150, 213, 253, 106, 72, 67,
       249, 40, 251, 233, 101, 189, 32, 243, 14, 115, 124, 93, 121, 231,
       180, 110, 95, 184, 49, 238, 254, 40, 87, 119, 11, 112, 23, 212,
       125, 106, 232, 176, 121, 46, 235, 239, 37, 148, 98, 243, 70, 115,
       252, 112, 184, 114, 169, 93, 85, 216, 179, 190, 181, 25, 223, 223,
       75, 27, 141, 213, 253, 90, 78, 103, 251, 48, 219, 217, 101, 61,
       98, 187, 78, 115, 250, 180, 54, 254, 93, 221, 212, 103, 191, 77,
       188, 25, 174, 253, 46, 80, 201, 179, 255, 1, 110, 107, 242, 215,
       251, 223, 150, 59, 82, 12, 222, 206, 252, 181, 56, 250, 189, 253,
       80, 91, 191, 29, 189, 25, 142, 253, 110, 16, 201, 155, 255, 16,
       30, 107, 250, 151, 219, 221, 16, 127, 210, 13, 206, 67, 86, 237,
       214, 174, 254, 11, 238, 232, 191, 162, 251, 10, 207, 234, 61, 64,
       123, 239, 127, 227, 96, 243, 203, 254, 188, 254, 143, 140, 165,
       251, 97, 128, 86, 109, 246, 175, 254, 11, 254, 232, 63, 162, 251,
       2, 207, 234, 61, 64, 255, 237, 127, 227, 232, 243, 201, 238, 188,
       254, 207, 148, 37, 123, 97, 129, 229, 50, 220, 180, 236, 40, 92,
       159, 171, 179, 166, 93, 134, 163, 67, 27, 135, 199, 109, 29, 20,
       71, 218, 64, 220, 155, 93, 61, 140, 241, 139, 3, 134, 172, 254,
       255, 252, 43, 254, 207, 63, 179, 242, 18, 205, 234, 93, 75, 255,
       207, 127, 147, 176, 246, 203, 242, 188, 190, 223, 132, 133, 249,
       227, 129, 198, 228, 222, 255, 236, 41, 253, 238, 191, 183, 242,
       147, 253, 239, 93, 75, 235, 223, 127, 147, 50, 247, 203, 241, 221,
       186, 255, 140, 133, 120, 229, 130, 129, 174, 223, 251, 228, 171,
       233, 215, 126, 115, 114, 214, 255, 233, 144, 105, 127, 174, 126,
       156, 179, 252, 103, 247, 220, 187, 119, 192, 237, 200, 225, 169,
       77, 113, 120, 101, 51, 30, 115, 56, 105, 164, 111, 8, 223, 19,
       137, 176, 50, 212, 204, 106, 64, 176, 249, 12, 231, 233, 33, 4,
       98, 179, 70, 33, 193, 142, 255, 249, 236, 169, 233, 87, 127, 123,
       114, 246, 253, 235, 208, 105, 111, 171, 63, 157, 179, 252, 103,
       243, 220, 251, 250, 192, 236, 200, 225, 169, 129, 142, 223, 249,
       238, 171, 233, 23, 127, 51, 114, 246, 189, 171, 144, 105, 111,
       175, 63, 156, 179, 252, 231, 243, 204, 251, 254, 192, 172, 200,
       161, 185, 129, 174, 223, 241, 238, 171, 233, 87, 127, 115, 114,
       246, 253, 171, 208, 105, 127, 175, 126, 156, 179, 252, 231, 243,
       220, 235, 255, 192, 237, 200, 161, 169, 1, 174, 255, 249, 238,
       171, 233, 215, 255, 115, 242, 246, 255, 235, 144, 107, 111, 175,
       126, 28, 179, 252, 231, 241, 204, 251, 119, 192, 236, 200, 193,
       169, 65, 138, 255, 249, 228, 171, 105, 151, 126, 121, 242, 230,
       255, 235, 208, 104, 127, 239, 126, 156, 147, 248, 231, 241, 204,
       251, 247, 192, 140, 136, 225, 185, 201, 22, 127, 245, 36, 46, 109,
       51, 124, 250, 119, 116, 223, 51, 145, 123, 247, 5, 126, 46, 161,
       212, 97, 78, 198, 251, 115, 128, 44, 225, 65, 49, 201, 22, 189,
       245, 160, 46, 125, 23, 253, 251, 118, 116, 159, 55, 128, 123, 135,
       71, 126, 28, 177, 252, 99, 66, 199, 251, 118, 196, 138, 240, 195,
       121, 222, 252, 190, 190, 189, 255, 127, 232, 191, 254, 247, 59,
       238, 255, 47, 223, 255, 247, 255, 227, 108, 247, 251, 255, 255,
       247, 207, 151, 130, 127, 173, 115, 238, 253, 182, 158, 253, 221,
       254, 237, 191, 255, 255, 63, 110, 254, 110, 215, 255, 255, 255,
