%YAML:1.0
---
descriptors: !!opencv-matrix
   rows: 204
   cols: 32
   dt: u
   data: [ 224, 180, 157, 218, 236, 237, 65, 143, 218, 59, 160, 24, 182,
       243, 72, 123, 129, 82, 106, 8, 51, 111, 218, 51, 221, 178, 84,
       120, 216, 72, 199, 42, 69, 119, 149, 71, 176, 14, 102, 184, 122,
       170, 43, 68, 222, 114, 201, 246, 151, 69, 108, 126, 225, 208, 217,
       106, 172, 190, 103, 100, 136, 115, 67, 5, 69, 241, 149, 71, 153,
       79, 23, 184, 122, 248, 43, 12, 214, 113, 9, 50, 145, 84, 104, 106,
       65, 112, 249, 61, 45, 190, 69, 22, 72, 51, 67, 51, 100, 101, 59,
       116, 89, 198, 231, 228, 248, 128, 232, 8, 80, 247, 41, 48, 248,
       253, 90, 234, 73, 227, 186, 78, 113, 172, 135, 12, 65, 115, 102,
       162, 129, 142, 205, 25, 144, 171, 101, 191, 118, 19, 66, 212, 243,
       224, 136, 73, 121, 110, 106, 24, 59, 216, 79, 55, 172, 166, 247,
       68, 248, 208, 240, 168, 120, 169, 30, 112, 136, 237, 81, 219, 226,
       53, 172, 8, 23, 243, 64, 27, 1, 178, 76, 16, 26, 107, 194, 49,
       219, 193, 52, 121, 224, 192, 198, 42, 77, 60, 157, 119, 161, 110,
       119, 136, 120, 250, 111, 8, 222, 113, 73, 58, 145, 86, 112, 42,
       33, 244, 249, 42, 231, 255, 69, 6, 202, 115, 67, 35, 69, 241, 153,
       67, 148, 111, 103, 137, 122, 249, 43, 8, 214, 113, 73, 42, 17, 84,
       120, 122, 17, 112, 249, 32, 237, 142, 101, 116, 200, 123, 211, 32,
       240, 170, 220, 114, 168, 172, 81, 222, 178, 191, 164, 29, 51, 227,
       66, 27, 1, 246, 109, 24, 58, 79, 218, 49, 219, 203, 117, 125, 224,
       193, 198, 43, 120, 58, 246, 116, 171, 232, 81, 83, 179, 159, 164,
       185, 47, 231, 66, 31, 39, 247, 237, 16, 58, 79, 162, 32, 219, 243,
       85, 123, 226, 196, 134, 115, 36, 241, 49, 67, 221, 79, 67, 184,
       106, 248, 41, 72, 210, 85, 76, 52, 145, 28, 64, 122, 67, 48, 121,
       21, 45, 156, 5, 118, 80, 43, 70, 160, 104, 177, 188, 123, 157,
       253, 81, 15, 207, 61, 173, 24, 190, 189, 72, 58, 137, 18, 253, 16,
       26, 104, 251, 145, 207, 219, 20, 127, 210, 72, 198, 42, 219, 238,
       148, 178, 169, 173, 92, 214, 179, 187, 160, 89, 175, 251, 64, 155,
       135, 247, 125, 21, 174, 79, 218, 243, 219, 219, 93, 250, 162, 212,
       138, 11, 22, 229, 230, 207, 221, 15, 238, 236, 127, 162, 250, 10,
       233, 235, 61, 64, 251, 207, 123, 227, 104, 243, 219, 255, 191,
       254, 207, 28, 87, 123, 241, 130, 228, 180, 157, 91, 232, 173, 1,
       159, 250, 59, 160, 92, 150, 243, 72, 123, 129, 90, 106, 24, 51,
       111, 218, 51, 205, 146, 117, 124, 216, 72, 195, 162, 69, 245, 149,
       71, 57, 15, 86, 184, 106, 232, 43, 76, 222, 113, 9, 50, 145, 68,
       104, 106, 193, 112, 249, 12, 173, 190, 5, 54, 72, 51, 67, 35, 216,
       140, 94, 246, 154, 106, 76, 175, 180, 178, 166, 24, 247, 99, 0,
       91, 35, 247, 109, 170, 120, 205, 75, 47, 251, 227, 117, 17, 32,
       240, 174, 10, 109, 117, 248, 69, 244, 31, 246, 176, 121, 226, 62,
       108, 215, 121, 159, 49, 151, 68, 84, 110, 229, 240, 221, 14, 110,
       95, 37, 20, 78, 251, 90, 17, 128, 172, 159, 254, 136, 237, 21,
       199, 150, 23, 96, 16, 183, 243, 96, 89, 193, 122, 40, 16, 58, 204,
       202, 51, 201, 163, 116, 120, 144, 72, 135, 170, 21, 69, 19, 103,
       21, 79, 71, 232, 118, 160, 235, 8, 83, 81, 41, 112, 120, 220, 104,
       106, 105, 177, 57, 30, 249, 142, 5, 20, 96, 59, 64, 32, 36, 109,
       27, 124, 93, 196, 231, 224, 228, 128, 232, 8, 212, 243, 41, 32,
       216, 124, 74, 74, 65, 227, 186, 12, 117, 150, 7, 8, 64, 59, 103,
       162, 197, 112, 189, 101, 128, 110, 85, 16, 104, 226, 39, 24, 215,
       55, 65, 59, 132, 85, 104, 58, 129, 244, 241, 8, 193, 139, 85, 16,
       192, 241, 7, 122, 92, 93, 7, 30, 89, 198, 39, 160, 180, 196, 203,
       5, 96, 230, 35, 85, 112, 100, 234, 98, 109, 195, 59, 46, 57, 38,
       71, 17, 8, 51, 36, 114, 108, 36, 185, 99, 225, 127, 115, 8, 123,
       191, 45, 24, 222, 117, 77, 62, 153, 92, 96, 50, 49, 116, 249, 2,
       207, 223, 69, 119, 194, 99, 70, 162, 208, 160, 157, 112, 136, 232,
       81, 23, 162, 183, 166, 24, 23, 183, 64, 91, 1, 150, 109, 16, 26,
       79, 235, 0, 217, 163, 117, 124, 160, 192, 134, 98, 196, 52, 189,
       115, 136, 110, 71, 159, 242, 179, 171, 24, 215, 55, 73, 59, 129,
       86, 104, 42, 57, 101, 249, 34, 233, 175, 117, 52, 192, 113, 198,
       34, 248, 162, 222, 112, 168, 233, 81, 87, 178, 63, 164, 56, 23,
       167, 72, 27, 39, 150, 109, 24, 58, 79, 162, 18, 219, 195, 113,
       121, 224, 192, 134, 35, 248, 32, 255, 116, 10, 104, 65, 87, 160,
       135, 164, 24, 19, 135, 192, 27, 34, 180, 69, 24, 8, 207, 162, 0,
       81, 137, 112, 56, 224, 192, 70, 234, 252, 188, 220, 114, 168, 173,
       80, 219, 178, 191, 165, 29, 55, 243, 74, 27, 33, 194, 109, 16, 58,
       79, 218, 51, 219, 203, 117, 121, 232, 193, 142, 3, 100, 99, 185,
       71, 176, 15, 71, 184, 96, 172, 47, 12, 211, 65, 73, 22, 16, 68,
       68, 110, 72, 240, 233, 12, 237, 156, 37, 52, 64, 179, 70, 33, 169,
       188, 157, 127, 156, 237, 69, 159, 86, 27, 100, 88, 247, 241, 72,
       105, 81, 122, 106, 24, 51, 236, 219, 55, 237, 235, 117, 104, 216,
       88, 192, 160, 53, 97, 23, 101, 21, 79, 70, 232, 118, 160, 235, 0,
       82, 209, 41, 112, 216, 108, 42, 106, 73, 176, 25, 30, 169, 140, 5,
       4, 72, 59, 112, 34, 3, 55, 234, 6, 178, 116, 191, 79, 170, 197,
       221, 167, 60, 188, 166, 32, 174, 27, 210, 149, 135, 171, 180, 107,
       120, 36, 30, 139, 205, 86, 175, 221, 136, 172, 156, 59, 137, 253,
       16, 143, 150, 31, 68, 24, 174, 244, 98, 223, 129, 122, 234, 16,
       54, 76, 250, 51, 207, 243, 85, 123, 146, 68, 143, 206, 229, 206,
       205, 55, 138, 42, 101, 190, 118, 178, 66, 244, 211, 97, 153, 75,
       73, 198, 104, 174, 121, 244, 207, 46, 108, 163, 245, 4, 229, 249,
       208, 40, 133, 166, 205, 119, 160, 42, 101, 159, 118, 187, 103,
       244, 211, 225, 216, 123, 3, 78, 108, 28, 179, 252, 239, 51, 76,
       171, 117, 68, 232, 241, 192, 32, 101, 245, 147, 103, 240, 14, 118,
       188, 105, 168, 107, 76, 214, 115, 9, 16, 177, 78, 64, 122, 209,
       176, 217, 46, 237, 188, 5, 6, 200, 115, 194, 131, 45, 113, 112,
       69, 117, 31, 102, 56, 97, 232, 111, 76, 90, 89, 31, 180, 152, 108,
       68, 110, 197, 176, 113, 12, 39, 253, 1, 0, 75, 179, 74, 133, 240,
       162, 222, 48, 40, 168, 81, 214, 178, 159, 164, 185, 23, 231, 66,
       27, 39, 183, 109, 144, 58, 79, 130, 3, 217, 227, 113, 125, 160,
       192, 38, 99, 109, 117, 16, 71, 113, 30, 118, 180, 105, 232, 107,
       76, 222, 48, 15, 182, 144, 76, 96, 110, 197, 240, 249, 14, 39,
       252, 4, 6, 74, 115, 75, 134, 228, 103, 113, 71, 240, 91, 102, 168,
       113, 160, 107, 8, 211, 101, 141, 180, 24, 220, 68, 106, 105, 176,
       237, 14, 45, 156, 37, 53, 99, 243, 70, 160, 224, 188, 255, 82,
       202, 249, 81, 71, 251, 95, 161, 56, 50, 190, 68, 59, 171, 179,
       110, 16, 62, 111, 170, 99, 91, 154, 80, 123, 193, 64, 198, 111,
       205, 180, 157, 83, 232, 45, 37, 159, 242, 187, 38, 92, 214, 243,
       200, 27, 5, 78, 104, 28, 179, 92, 219, 34, 76, 139, 117, 108, 200,
       240, 131, 161, 77, 189, 132, 19, 189, 189, 230, 185, 126, 251, 15,
       76, 246, 96, 91, 134, 145, 70, 120, 95, 247, 96, 219, 51, 45, 30,
       21, 116, 138, 95, 217, 76, 37, 35, 0, 5, 116, 31, 230, 57, 104,
       168, 123, 76, 195, 96, 157, 148, 148, 12, 100, 46, 133, 176, 201,
       10, 36, 60, 33, 132, 72, 250, 90, 133, 245, 123, 107, 102, 42, 72,
       79, 184, 225, 228, 183, 236, 115, 109, 155, 51, 54, 228, 124, 110,
       201, 35, 253, 44, 242, 233, 101, 156, 111, 179, 194, 113, 220, 52,
       189, 118, 40, 110, 81, 154, 243, 186, 167, 56, 223, 119, 73, 59,
       167, 213, 236, 50, 41, 101, 251, 34, 219, 243, 117, 21, 224, 241,
       6, 35, 253, 142, 205, 119, 164, 42, 109, 159, 118, 187, 119, 244,
       211, 97, 153, 121, 17, 78, 44, 30, 185, 244, 239, 42, 204, 235,
       117, 196, 232, 241, 210, 32, 205, 142, 141, 115, 160, 46, 101,
       159, 118, 187, 110, 84, 211, 97, 216, 121, 17, 78, 44, 28, 187,
