%YAML:1.0
---
descriptors: !!opencv-matrix
   rows: 272
   cols: 32
   dt: u
   data: [ 108, 180, 188, 123, 173, 127, 81, 153, 83, 63, 173, 24, 223,
       61, 72, 59, 153, 22, 237, 58, 58, 102, 251, 18, 207, 223, 81, 127,
       210, 107, 198, 114, 84, 93, 189, 231, 180, 15, 79, 184, 52, 170,
       159, 96, 215, 119, 137, 80, 118, 212, 125, 106, 232, 240, 105, 46,
       232, 239, 37, 148, 36, 243, 0, 33, 236, 116, 189, 103, 44, 111,
       85, 152, 123, 254, 55, 24, 215, 85, 73, 59, 145, 84, 124, 122,
       169, 116, 249, 10, 207, 219, 101, 52, 194, 251, 70, 114, 84, 85,
       125, 231, 180, 78, 79, 184, 52, 232, 255, 96, 215, 119, 137, 112,
       118, 220, 125, 106, 233, 144, 105, 14, 229, 239, 39, 148, 36, 243,
       0, 113, 205, 112, 189, 101, 41, 94, 85, 184, 105, 242, 165, 12,
       222, 53, 73, 59, 144, 84, 120, 106, 201, 100, 249, 0, 199, 251,
       69, 54, 74, 115, 67, 115, 221, 156, 189, 246, 168, 108, 21, 191,
       190, 251, 162, 92, 247, 247, 64, 123, 135, 215, 125, 2, 185, 71,
       251, 32, 217, 235, 127, 24, 128, 112, 135, 123, 196, 156, 157,
       247, 172, 46, 108, 191, 254, 186, 115, 80, 213, 99, 136, 123, 167,
       87, 124, 14, 177, 252, 27, 111, 236, 171, 119, 196, 136, 241, 161,
       49, 68, 180, 189, 115, 168, 111, 87, 191, 55, 251, 170, 24, 215,
       119, 73, 58, 145, 94, 124, 26, 57, 112, 249, 42, 237, 255, 117,
       52, 192, 113, 135, 114, 196, 188, 157, 119, 184, 110, 71, 186,
       122, 170, 171, 24, 215, 119, 73, 59, 145, 214, 124, 58, 57, 112,
       249, 42, 237, 175, 101, 84, 192, 115, 135, 114, 221, 116, 157,
       103, 136, 111, 71, 152, 48, 186, 175, 24, 215, 115, 73, 59, 17,
       86, 124, 122, 121, 68, 249, 34, 235, 251, 101, 52, 194, 243, 198,
       98, 236, 245, 177, 103, 184, 79, 71, 189, 58, 190, 169, 8, 215,
       117, 73, 50, 145, 94, 124, 106, 105, 118, 249, 63, 237, 255, 101,
       52, 192, 115, 198, 98, 120, 172, 125, 112, 153, 233, 81, 231, 179,
       53, 172, 24, 55, 183, 64, 49, 9, 146, 93, 24, 58, 107, 226, 21,
       219, 203, 84, 121, 226, 0, 198, 106, 124, 228, 152, 122, 201, 109,
       87, 200, 179, 23, 173, 25, 86, 247, 72, 26, 153, 210, 233, 114,
       58, 67, 218, 51, 251, 215, 85, 125, 208, 115, 206, 194, 249, 186,
       158, 48, 168, 253, 88, 87, 163, 95, 180, 189, 63, 151, 66, 155,
       135, 179, 253, 20, 191, 79, 226, 49, 219, 195, 112, 249, 162, 196,
       142, 91, 232, 217, 85, 94, 73, 76, 71, 189, 129, 26, 164, 72, 122,
       247, 168, 247, 16, 244, 236, 106, 73, 7, 251, 61, 51, 186, 65, 58,
       82, 187, 198, 60, 252, 133, 125, 103, 168, 106, 79, 168, 112, 178,
       47, 24, 215, 115, 9, 123, 19, 214, 108, 42, 104, 228, 217, 14,
       229, 235, 101, 20, 96, 243, 68, 32, 224, 136, 157, 222, 200, 237,
       17, 143, 154, 23, 160, 24, 182, 247, 64, 91, 129, 115, 104, 16,
       50, 111, 250, 49, 221, 178, 84, 123, 208, 72, 135, 42, 69, 117,
       25, 103, 81, 79, 119, 168, 105, 224, 43, 8, 214, 113, 73, 48, 144,
       92, 104, 106, 65, 240, 249, 14, 229, 221, 5, 22, 72, 51, 67, 34,
       196, 32, 189, 117, 137, 108, 81, 10, 250, 251, 166, 24, 222, 55,
       73, 59, 129, 84, 104, 0, 49, 100, 243, 0, 203, 219, 85, 55, 192,
       112, 71, 34, 76, 101, 120, 99, 162, 10, 127, 184, 41, 228, 47,
       169, 223, 87, 139, 80, 22, 93, 253, 110, 64, 208, 233, 78, 231,
       221, 37, 132, 34, 243, 7, 113, 77, 101, 113, 103, 241, 30, 126,
       184, 121, 232, 127, 9, 223, 121, 157, 180, 182, 76, 124, 110, 196,
       240, 169, 110, 231, 255, 37, 6, 66, 247, 67, 101, 248, 168, 252,
       114, 138, 233, 85, 207, 179, 55, 165, 185, 39, 231, 72, 27, 33,
       242, 237, 16, 58, 79, 170, 49, 219, 195, 117, 121, 224, 192, 134,
       106, 129, 142, 207, 121, 180, 170, 97, 151, 118, 3, 98, 212, 211,
       1, 144, 121, 19, 46, 44, 28, 59, 252, 69, 63, 204, 174, 52, 64,
       236, 192, 192, 40, 102, 189, 158, 158, 185, 237, 22, 239, 158,
       143, 169, 9, 230, 242, 104, 20, 209, 123, 234, 83, 62, 75, 218,
       127, 185, 22, 93, 123, 208, 123, 167, 31, 208, 184, 157, 240, 8,
       204, 81, 150, 166, 49, 162, 24, 183, 151, 64, 90, 1, 246, 108, 16,
       10, 77, 179, 33, 217, 160, 117, 56, 32, 128, 7, 42, 248, 169, 156,
       112, 137, 205, 81, 85, 242, 189, 164, 24, 55, 147, 64, 27, 128,
       182, 236, 80, 58, 111, 210, 49, 219, 195, 112, 121, 224, 128, 198,
       42, 129, 174, 159, 217, 236, 169, 105, 151, 238, 19, 66, 240, 181,
       227, 208, 107, 35, 106, 106, 28, 51, 124, 135, 49, 204, 130, 119,
       64, 152, 192, 161, 168, 193, 170, 159, 153, 236, 169, 104, 71,
       254, 147, 64, 208, 181, 226, 224, 75, 3, 34, 106, 12, 51, 92, 134,
       113, 76, 130, 119, 104, 152, 192, 163, 168, 34, 221, 18, 158, 253,
       197, 22, 228, 159, 134, 233, 9, 230, 240, 45, 144, 216, 107, 234,
       67, 104, 35, 90, 63, 177, 54, 5, 59, 80, 123, 46, 142, 129, 174,
       207, 51, 128, 171, 97, 151, 118, 19, 98, 208, 243, 225, 144, 121,
       83, 46, 42, 28, 51, 252, 79, 51, 204, 162, 116, 64, 236, 192, 208,
       168, 108, 241, 185, 111, 153, 77, 71, 168, 99, 48, 173, 8, 242,
       113, 72, 50, 153, 86, 104, 106, 75, 98, 251, 49, 239, 223, 5, 61,
       82, 123, 198, 34, 240, 172, 252, 112, 136, 237, 85, 215, 178, 183,
       164, 24, 19, 183, 64, 27, 1, 214, 108, 24, 58, 79, 250, 34, 217,
       203, 117, 121, 224, 192, 198, 98, 76, 116, 191, 103, 129, 110,
       119, 136, 121, 234, 47, 8, 222, 115, 9, 59, 179, 84, 104, 34, 97,
       244, 185, 106, 231, 255, 69, 38, 202, 115, 71, 35, 237, 113, 61,
       103, 44, 78, 103, 56, 104, 232, 55, 72, 215, 119, 137, 51, 148,
       84, 124, 106, 233, 240, 249, 8, 231, 249, 101, 20, 64, 243, 70,
       115, 133, 158, 157, 247, 180, 46, 108, 190, 62, 186, 114, 116,
       245, 115, 136, 107, 199, 87, 124, 8, 177, 220, 73, 46, 172, 170,
       119, 132, 136, 241, 161, 41, 213, 148, 157, 247, 168, 110, 53,
       190, 190, 187, 163, 80, 247, 247, 73, 123, 135, 87, 125, 10, 57,
       69, 219, 35, 201, 170, 119, 20, 136, 113, 129, 51, 204, 188, 157,
       119, 176, 110, 119, 188, 122, 251, 43, 24, 215, 119, 73, 122, 145,
       222, 124, 90, 57, 216, 249, 42, 237, 183, 101, 84, 192, 115, 134,
       51, 205, 92, 157, 119, 168, 110, 71, 186, 112, 186, 175, 88, 215,
       115, 9, 123, 17, 86, 124, 106, 97, 196, 249, 42, 225, 239, 101,
       20, 168, 243, 195, 48, 253, 85, 221, 102, 32, 14, 71, 184, 112,
       234, 167, 76, 83, 113, 201, 59, 20, 196, 108, 110, 233, 229, 249,
       40, 241, 235, 101, 20, 104, 243, 66, 33, 236, 228, 185, 115, 137,
       109, 87, 136, 115, 183, 173, 24, 214, 117, 73, 58, 153, 218, 96,
       122, 122, 102, 251, 51, 239, 223, 69, 127, 210, 123, 198, 98, 236,
       101, 61, 103, 173, 79, 71, 184, 113, 234, 175, 8, 210, 117, 9, 51,
       152, 84, 120, 106, 105, 240, 249, 14, 229, 255, 69, 20, 66, 123,
       70, 98, 69, 113, 17, 69, 113, 78, 102, 56, 104, 224, 107, 72, 214,
       83, 9, 180, 144, 92, 80, 106, 65, 240, 249, 76, 165, 188, 1, 6,
       72, 51, 67, 48, 240, 184, 247, 80, 168, 237, 80, 87, 235, 123,
       176, 120, 50, 188, 196, 59, 143, 179, 108, 16, 191, 111, 226, 97,
       155, 154, 116, 187, 193, 64, 198, 63, 219, 186, 182, 176, 169,
       173, 88, 215, 187, 59, 160, 89, 191, 191, 64, 27, 135, 183, 125,
       21, 190, 79, 146, 49, 219, 251, 125, 250, 130, 196, 131, 11, 248,
       184, 254, 112, 170, 233, 81, 87, 163, 95, 164, 189, 23, 151, 66,
       26, 35, 147, 237, 16, 58, 79, 178, 17, 219, 195, 112, 121, 224,
       192, 6, 123, 213, 78, 200, 71, 20, 62, 70, 154, 115, 174, 230, 86,
       67, 96, 151, 254, 113, 196, 44, 174, 172, 244, 237, 42, 146, 239,
       181, 21, 235, 243, 120, 4, 229, 151, 92, 74, 184, 191, 86, 191,
       119, 57, 62, 124, 115, 112, 142, 113, 149, 134, 76, 44, 191, 56,
       121, 63, 110, 255, 37, 116, 250, 218, 200, 5, 252, 36, 252, 116,
       136, 109, 85, 251, 178, 191, 164, 24, 19, 247, 65, 27, 9, 214,
       109, 8, 56, 71, 250, 0, 219, 203, 117, 61, 227, 240, 198, 98, 197,
