%YAML:1.0
---
descriptors: !!opencv-matrix
   rows: 197
   cols: 32
   dt: u
   data: [ 108, 225, 188, 114, 137, 77, 87, 172, 98, 191, 165, 24, 214,
       113, 74, 26, 153, 82, 105, 90, 90, 98, 251, 51, 235, 223, 69, 127,
       194, 83, 198, 98, 213, 207, 29, 103, 176, 46, 79, 191, 112, 168,
       254, 68, 247, 115, 129, 115, 20, 102, 108, 110, 233, 152, 201, 47,
       224, 175, 37, 144, 104, 243, 194, 41, 249, 188, 220, 178, 234,
       173, 93, 215, 179, 127, 180, 189, 63, 183, 194, 27, 135, 179, 253,
       20, 62, 79, 202, 51, 218, 203, 117, 249, 226, 196, 142, 91, 82,
       233, 152, 136, 139, 133, 23, 238, 170, 21, 140, 9, 164, 179, 106,
       82, 161, 91, 233, 208, 2, 75, 154, 117, 249, 20, 159, 127, 144,
       18, 175, 74, 124, 253, 241, 114, 136, 109, 71, 156, 114, 190, 172,
       24, 83, 247, 201, 59, 17, 214, 108, 122, 40, 98, 251, 34, 251,
       207, 101, 52, 226, 243, 198, 34, 252, 32, 220, 118, 137, 109, 85,
       223, 179, 183, 164, 25, 119, 247, 75, 27, 1, 214, 237, 16, 58, 71,
       218, 32, 219, 195, 117, 61, 226, 240, 198, 34, 221, 38, 156, 182,
       168, 56, 90, 136, 250, 191, 171, 121, 207, 226, 203, 219, 131,
       199, 108, 30, 60, 69, 203, 34, 218, 227, 119, 125, 128, 243, 11,
       1, 93, 69, 125, 103, 148, 46, 79, 184, 100, 224, 239, 64, 211,
       115, 25, 112, 118, 212, 92, 106, 233, 144, 125, 46, 231, 239, 37,
       20, 170, 243, 64, 32, 93, 69, 93, 103, 148, 14, 71, 184, 101, 160,
       171, 64, 83, 113, 25, 112, 48, 196, 76, 106, 73, 177, 89, 62, 255,
       239, 37, 20, 97, 243, 64, 34, 212, 69, 124, 118, 170, 110, 87,
       184, 176, 178, 167, 56, 87, 119, 137, 123, 135, 215, 108, 106,
       104, 101, 75, 46, 241, 235, 101, 20, 96, 241, 198, 35, 148, 204,
       94, 247, 146, 106, 79, 190, 52, 166, 238, 16, 119, 115, 1, 81, 49,
       254, 77, 234, 104, 221, 25, 46, 233, 231, 37, 21, 160, 241, 164,
       42, 83, 59, 82, 161, 114, 10, 62, 52, 41, 204, 90, 237, 143, 38,
       131, 144, 182, 61, 205, 101, 197, 152, 197, 76, 164, 244, 42, 130,
       40, 182, 11, 221, 192, 140, 157, 255, 232, 237, 21, 175, 158, 23,
       104, 24, 183, 247, 64, 91, 129, 122, 106, 8, 50, 76, 218, 55, 205,
       163, 116, 120, 144, 72, 135, 170, 193, 156, 189, 127, 136, 109,
       149, 171, 206, 51, 161, 24, 246, 112, 9, 107, 129, 83, 104, 0,
       179, 109, 251, 49, 201, 186, 84, 62, 208, 72, 1, 42, 120, 205,
       156, 126, 139, 108, 22, 166, 186, 22, 172, 9, 238, 243, 3, 91,
       129, 118, 232, 66, 104, 75, 218, 59, 227, 247, 84, 59, 82, 115,
       14, 10, 109, 101, 49, 101, 53, 30, 118, 56, 121, 232, 127, 73,
       219, 121, 157, 176, 148, 68, 124, 110, 228, 240, 233, 12, 231,
       255, 33, 6, 66, 183, 82, 103, 77, 85, 24, 231, 48, 30, 119, 56,
       124, 232, 111, 32, 223, 87, 139, 244, 150, 92, 28, 106, 193, 144,
       105, 76, 231, 253, 39, 4, 2, 179, 9, 97, 92, 189, 191, 114, 154,
       236, 23, 207, 178, 181, 172, 24, 23, 247, 64, 58, 167, 247, 236,
       16, 26, 107, 186, 48, 219, 199, 117, 125, 224, 65, 134, 107, 69,
       245, 57, 103, 149, 79, 119, 184, 121, 236, 47, 12, 222, 113, 9,
       48, 144, 76, 120, 110, 193, 240, 249, 46, 239, 221, 5, 22, 72, 51,
       199, 98, 96, 48, 49, 97, 105, 205, 65, 17, 107, 57, 36, 8, 150,
       151, 64, 184, 128, 28, 72, 24, 11, 120, 243, 16, 133, 248, 17,
       114, 66, 0, 70, 160, 240, 170, 253, 112, 138, 233, 81, 87, 178,
       183, 164, 24, 23, 183, 64, 27, 35, 178, 108, 24, 58, 111, 162, 16,
       219, 195, 117, 125, 225, 192, 198, 106, 77, 112, 145, 112, 105,
       92, 49, 0, 235, 251, 37, 8, 158, 149, 77, 62, 129, 93, 96, 82, 3,
       114, 242, 64, 71, 152, 85, 46, 194, 113, 71, 163, 100, 113, 57,
       103, 0, 15, 87, 184, 96, 172, 175, 12, 215, 81, 9, 16, 144, 212,
       68, 106, 72, 242, 249, 8, 231, 189, 37, 52, 64, 179, 66, 34, 89,
       143, 85, 101, 176, 14, 71, 183, 96, 168, 186, 68, 115, 49, 129,
       115, 20, 230, 108, 110, 233, 169, 69, 46, 224, 175, 37, 16, 104,
       242, 194, 41, 189, 207, 78, 94, 172, 26, 69, 188, 212, 214, 102,
       148, 195, 97, 179, 231, 80, 100, 168, 110, 124, 245, 111, 62, 226,
       235, 69, 5, 118, 188, 252, 76, 221, 110, 200, 71, 148, 62, 78,
       152, 113, 174, 239, 84, 195, 98, 159, 254, 49, 198, 108, 190, 172,
       208, 237, 42, 174, 239, 181, 5, 171, 243, 74, 4, 114, 168, 204,
       80, 200, 185, 240, 207, 171, 183, 164, 157, 35, 161, 70, 26, 105,
       162, 235, 16, 62, 111, 206, 17, 94, 195, 213, 123, 229, 204, 222,
       142, 246, 186, 190, 158, 234, 165, 29, 207, 138, 191, 164, 189,
       36, 239, 70, 27, 135, 119, 233, 16, 54, 79, 154, 113, 91, 3, 125,
       255, 128, 96, 143, 75, 212, 12, 94, 246, 138, 106, 79, 170, 180,
       178, 166, 24, 119, 99, 1, 91, 35, 246, 109, 170, 104, 197, 89, 46,
       249, 227, 101, 21, 32, 241, 132, 34, 96, 149, 21, 123, 137, 77,
       68, 175, 75, 51, 40, 24, 182, 51, 76, 118, 129, 19, 104, 0, 91,
       104, 219, 55, 173, 150, 84, 126, 88, 24, 199, 42, 24, 59, 74, 100,
       82, 130, 59, 119, 49, 4, 110, 207, 9, 131, 34, 16, 62, 189, 131,
       196, 0, 154, 148, 78, 114, 165, 32, 128, 111, 130, 39, 153, 128,
       172, 157, 254, 152, 236, 85, 183, 182, 23, 97, 16, 247, 243, 32,
       89, 193, 122, 104, 0, 58, 204, 218, 55, 233, 163, 117, 120, 176,
       96, 134, 42, 36, 97, 27, 96, 85, 70, 231, 72, 224, 160, 226, 8,
       80, 147, 33, 48, 248, 252, 66, 250, 72, 243, 176, 72, 125, 172,
       143, 76, 65, 51, 103, 162, 124, 180, 253, 118, 249, 244, 81, 138,
       179, 159, 173, 56, 107, 247, 206, 58, 129, 247, 236, 18, 62, 67,
       170, 51, 219, 255, 117, 251, 162, 97, 198, 99, 249, 252, 241, 69,
       181, 111, 71, 190, 113, 226, 186, 88, 123, 53, 129, 183, 23, 214,
       108, 40, 233, 244, 253, 46, 169, 254, 69, 52, 227, 248, 198, 124,
       65, 49, 25, 65, 83, 79, 51, 0, 104, 224, 107, 8, 222, 17, 0, 48,
       176, 28, 64, 104, 1, 176, 177, 12, 101, 157, 1, 6, 72, 2, 67, 162,
       124, 69, 150, 190, 139, 72, 22, 40, 179, 134, 169, 9, 110, 243,
       41, 218, 144, 247, 232, 98, 108, 67, 138, 43, 179, 247, 69, 59,
       50, 119, 142, 2, 42, 159, 22, 60, 185, 137, 22, 166, 191, 12, 234,
       101, 174, 242, 33, 212, 196, 123, 236, 64, 111, 137, 66, 191, 160,
       246, 28, 146, 26, 84, 13, 31, 112, 170, 255, 116, 136, 232, 81, 7,
       163, 151, 164, 24, 55, 167, 64, 27, 33, 182, 109, 16, 58, 79, 162,
       1, 219, 227, 116, 57, 224, 192, 134, 106, 100, 97, 104, 103, 52,
       26, 110, 168, 105, 160, 111, 9, 211, 73, 29, 48, 146, 76, 121,
       110, 68, 176, 201, 12, 230, 253, 1, 21, 100, 179, 90, 2, 76, 101,
       120, 101, 114, 26, 127, 56, 57, 164, 111, 136, 223, 87, 137, 240,
       54, 221, 213, 238, 64, 144, 233, 78, 231, 237, 33, 133, 98, 179,
       7, 160, 120, 40, 191, 112, 172, 237, 81, 82, 226, 29, 164, 8, 55,
       243, 64, 59, 129, 242, 108, 24, 26, 107, 242, 49, 219, 203, 112,
       121, 224, 192, 70, 42, 197, 84, 29, 119, 168, 110, 87, 184, 248,
       250, 163, 72, 215, 115, 137, 123, 147, 84, 124, 106, 97, 229, 121,
       108, 237, 251, 103, 20, 72, 243, 3, 51, 68, 53, 189, 103, 137,
       110, 119, 152, 122, 251, 47, 24, 214, 117, 73, 58, 145, 86, 104,
       58, 49, 240, 249, 34, 237, 223, 69, 54, 192, 115, 199, 34, 240,
       170, 255, 112, 10, 233, 81, 87, 178, 23, 164, 24, 55, 167, 64, 27,
       35, 178, 109, 24, 58, 79, 162, 0, 217, 195, 112, 120, 224, 128,
       198, 106, 109, 103, 96, 7, 180, 27, 102, 168, 113, 228, 111, 168,
       195, 104, 159, 148, 24, 204, 76, 110, 204, 176, 237, 46, 174, 221,
       37, 53, 102, 255, 90, 68, 112, 34, 255, 112, 10, 233, 81, 83, 160,
       183, 164, 184, 23, 135, 64, 27, 38, 180, 76, 24, 24, 79, 162, 0,
       217, 193, 112, 121, 224, 128, 134, 114, 77, 112, 145, 71, 105, 76,
       52, 0, 235, 216, 37, 8, 158, 147, 77, 190, 128, 92, 96, 90, 1,
       112, 242, 64, 7, 152, 69, 46, 202, 51, 67, 162, 100, 103, 49, 103,
       120, 15, 71, 184, 96, 172, 45, 72, 211, 67, 9, 48, 144, 68, 68,
