%YAML:1.0
---
descriptors: !!opencv-matrix
   rows: 155
   cols: 32
   dt: u
   data: [ 116, 69, 13, 231, 148, 78, 103, 184, 52, 224, 235, 0, 211,
       119, 9, 80, 80, 204, 120, 238, 105, 144, 121, 46, 229, 174, 133,
       4, 32, 243, 86, 96, 252, 108, 191, 118, 169, 108, 93, 148, 249,
       190, 166, 25, 211, 255, 81, 91, 129, 244, 125, 122, 104, 101, 250,
       34, 195, 251, 85, 16, 194, 241, 198, 98, 84, 113, 61, 100, 160,
       78, 87, 48, 96, 248, 167, 104, 215, 23, 192, 114, 22, 212, 108,
       106, 217, 97, 185, 0, 233, 161, 101, 84, 96, 163, 6, 115, 212, 96,
       156, 182, 172, 44, 70, 136, 234, 178, 131, 88, 215, 241, 89, 27,
       145, 196, 109, 123, 40, 69, 203, 32, 216, 131, 101, 60, 160, 115,
       83, 2, 124, 161, 121, 98, 28, 79, 83, 248, 98, 172, 173, 8, 83,
       85, 72, 48, 24, 220, 68, 122, 90, 98, 249, 60, 251, 205, 37, 125,
       96, 139, 70, 162, 96, 32, 145, 80, 73, 76, 1, 0, 106, 177, 32, 8,
       146, 23, 69, 186, 128, 92, 64, 16, 3, 98, 242, 0, 13, 168, 17,
       106, 192, 0, 70, 160, 117, 125, 252, 100, 168, 78, 87, 158, 97,
       238, 166, 13, 215, 51, 67, 19, 177, 196, 108, 110, 105, 99, 241,
       8, 251, 235, 101, 52, 232, 240, 66, 115, 244, 213, 61, 111, 188,
       15, 71, 185, 196, 188, 175, 28, 211, 97, 9, 83, 208, 196, 108,
       110, 104, 97, 121, 31, 235, 171, 101, 84, 216, 251, 208, 34, 65,
       113, 49, 101, 21, 78, 103, 48, 104, 200, 106, 76, 214, 17, 8, 48,
       148, 12, 72, 110, 193, 176, 49, 13, 229, 188, 0, 0, 64, 2, 67, 35,
       84, 188, 221, 114, 171, 248, 21, 135, 187, 183, 164, 56, 63, 247,
       198, 59, 131, 115, 236, 16, 58, 75, 234, 49, 219, 211, 117, 123,
       162, 80, 143, 123, 196, 205, 157, 167, 156, 74, 71, 184, 116, 242,
       139, 72, 247, 113, 17, 35, 19, 196, 120, 107, 105, 244, 93, 46,
       237, 166, 101, 20, 108, 251, 85, 32, 216, 188, 156, 246, 139, 106,
       21, 183, 176, 183, 134, 152, 255, 119, 2, 27, 35, 247, 233, 32,
       57, 73, 155, 43, 251, 227, 93, 17, 162, 112, 143, 122, 104, 168,
       152, 184, 141, 249, 80, 75, 223, 53, 132, 25, 166, 185, 66, 26,
       129, 170, 234, 17, 26, 107, 210, 17, 219, 213, 81, 123, 210, 8,
       222, 10, 220, 188, 158, 246, 139, 126, 85, 191, 176, 255, 134, 24,
       127, 119, 2, 91, 161, 246, 253, 42, 121, 205, 187, 46, 251, 227,
       85, 19, 162, 112, 175, 122, 228, 252, 188, 114, 201, 109, 85, 142,
       235, 247, 164, 25, 94, 253, 79, 27, 129, 215, 233, 18, 58, 103,
       250, 112, 91, 219, 85, 127, 192, 113, 198, 82, 248, 160, 157, 120,
       141, 233, 81, 75, 226, 183, 164, 25, 23, 145, 64, 59, 201, 150,
       237, 16, 30, 79, 202, 17, 219, 193, 117, 125, 224, 8, 222, 74, 69,
       121, 17, 71, 48, 14, 102, 184, 104, 232, 115, 108, 214, 81, 137,
       48, 150, 124, 84, 106, 193, 176, 249, 44, 36, 188, 37, 132, 72,
       179, 67, 49, 194, 184, 173, 26, 203, 253, 152, 207, 186, 127, 128,
       185, 188, 252, 78, 59, 135, 19, 249, 145, 182, 79, 186, 241, 219,
       19, 95, 255, 213, 68, 135, 95, 220, 188, 190, 118, 139, 116, 85,
       175, 177, 254, 166, 25, 127, 247, 74, 123, 161, 247, 253, 130,
       124, 79, 187, 34, 219, 235, 85, 27, 162, 112, 166, 91, 244, 100,
       189, 119, 8, 110, 65, 152, 242, 178, 167, 24, 215, 115, 73, 27,
       129, 84, 121, 46, 40, 101, 219, 0, 195, 235, 101, 20, 192, 241,
       67, 34, 228, 108, 159, 118, 233, 44, 84, 134, 186, 187, 162, 25,
       214, 251, 73, 27, 129, 87, 105, 18, 32, 103, 154, 34, 217, 242,
       85, 127, 192, 113, 195, 2, 69, 49, 29, 101, 32, 78, 51, 24, 104,
       72, 122, 104, 214, 19, 137, 50, 144, 84, 76, 106, 129, 176, 177,
       72, 229, 184, 32, 6, 72, 35, 67, 35, 244, 110, 157, 164, 140, 8,
       70, 168, 162, 178, 162, 72, 215, 225, 73, 27, 17, 196, 108, 106,
       104, 103, 203, 32, 248, 162, 101, 60, 160, 121, 146, 2, 10, 181,
       50, 65, 241, 223, 181, 111, 59, 125, 44, 9, 174, 189, 78, 148,
       191, 27, 213, 48, 214, 122, 241, 87, 63, 93, 21, 231, 67, 4, 143,
       223, 248, 160, 188, 120, 8, 105, 81, 95, 162, 183, 164, 56, 23,
       145, 64, 27, 137, 150, 236, 16, 26, 111, 202, 17, 219, 193, 117,
       125, 240, 136, 198, 42, 236, 116, 157, 119, 169, 111, 87, 154,
       115, 186, 165, 24, 215, 115, 73, 27, 145, 214, 108, 58, 40, 101,
       219, 42, 207, 219, 117, 53, 194, 241, 198, 35, 124, 176, 249, 114,
       184, 253, 81, 223, 227, 53, 173, 24, 27, 247, 72, 58, 13, 146,
       236, 24, 27, 107, 250, 17, 219, 207, 53, 125, 224, 192, 198, 114,
       228, 230, 189, 103, 188, 79, 230, 184, 121, 170, 115, 72, 214,
       105, 29, 51, 145, 213, 108, 107, 225, 244, 201, 78, 165, 190, 101,
       20, 64, 243, 70, 33, 35, 184, 243, 88, 234, 237, 177, 71, 234, 91,
       124, 56, 56, 156, 228, 60, 167, 59, 114, 17, 147, 126, 182, 113,
       29, 28, 80, 106, 193, 64, 231, 255, 252, 121, 217, 102, 168, 76,
       71, 148, 226, 232, 164, 104, 19, 247, 193, 58, 0, 244, 108, 90, 9,
       99, 186, 32, 241, 233, 101, 56, 224, 243, 70, 33, 216, 184, 159,
       55, 170, 78, 53, 183, 176, 255, 38, 117, 247, 119, 2, 91, 167,
       119, 108, 0, 49, 205, 179, 0, 201, 227, 119, 0, 168, 96, 135, 123,
       92, 48, 189, 100, 11, 108, 17, 144, 171, 241, 175, 8, 223, 183,
       73, 58, 164, 213, 253, 66, 9, 65, 187, 0, 219, 241, 69, 62, 160,
       115, 7, 114, 65, 53, 17, 69, 49, 110, 48, 57, 104, 232, 107, 72,
       222, 21, 4, 48, 144, 28, 64, 40, 65, 176, 241, 76, 5, 188, 1, 6,
       72, 34, 7, 163, 182, 240, 168, 122, 253, 229, 81, 220, 147, 253,
       181, 29, 22, 221, 74, 24, 205, 155, 213, 17, 190, 111, 250, 51,
       219, 213, 29, 127, 208, 9, 214, 211, 210, 172, 254, 118, 139, 104,
       92, 174, 179, 183, 166, 153, 111, 231, 66, 91, 35, 247, 237, 128,
       60, 79, 235, 35, 219, 243, 213, 123, 166, 225, 134, 74, 100, 69,
       29, 101, 152, 79, 71, 168, 118, 162, 234, 8, 215, 115, 9, 112,
       209, 92, 104, 106, 105, 176, 89, 30, 237, 174, 37, 52, 64, 123,
       66, 34, 69, 113, 49, 69, 48, 78, 51, 56, 104, 200, 107, 104, 214,
       17, 129, 48, 148, 12, 68, 106, 193, 176, 241, 76, 229, 184, 32, 6,
       72, 163, 67, 33, 240, 233, 155, 102, 120, 204, 71, 245, 227, 128,
       164, 8, 55, 151, 64, 50, 128, 254, 108, 74, 75, 11, 178, 43, 249,
       173, 36, 56, 64, 50, 134, 42, 108, 97, 49, 102, 13, 79, 71, 168,
       96, 160, 169, 8, 215, 85, 9, 50, 144, 212, 72, 106, 73, 34, 233,
       44, 225, 136, 5, 48, 64, 59, 70, 34, 193, 113, 17, 69, 17, 78,
       102, 52, 104, 168, 98, 76, 214, 19, 1, 48, 148, 28, 64, 106, 193,
       176, 17, 12, 165, 184, 0, 0, 72, 50, 67, 33, 212, 244, 157, 118,
       168, 108, 87, 188, 178, 186, 167, 24, 215, 247, 73, 123, 17, 214,
       108, 106, 121, 71, 251, 34, 251, 171, 101, 60, 224, 243, 134, 51,
       197, 116, 157, 103, 228, 14, 231, 184, 120, 162, 99, 76, 214, 113,
       9, 51, 145, 84, 104, 106, 97, 244, 217, 10, 229, 186, 103, 4, 72,
       115, 67, 176, 77, 113, 20, 103, 52, 15, 102, 184, 104, 232, 119,
       108, 222, 113, 137, 176, 146, 76, 76, 106, 193, 176, 217, 44, 164,
       249, 37, 4, 74, 51, 75, 33, 1, 48, 17, 65, 65, 77, 32, 8, 107,
       224, 33, 8, 150, 22, 65, 60, 128, 28, 64, 80, 3, 112, 241, 64, 5,
       152, 1, 38, 66, 2, 71, 166, 44, 101, 121, 99, 252, 75, 87, 184,
       115, 172, 189, 40, 211, 85, 201, 48, 16, 92, 68, 106, 72, 114,
       233, 62, 111, 157, 37, 53, 66, 187, 70, 163, 129, 156, 223, 117,
       128, 110, 97, 51, 118, 251, 98, 84, 243, 113, 128, 123, 33, 118,
       112, 8, 177, 252, 51, 6, 77, 171, 117, 0, 232, 224, 195, 57, 64,
       49, 17, 69, 145, 78, 53, 57, 104, 232, 107, 88, 214, 23, 8, 48,
       144, 21, 64, 32, 81, 176, 241, 76, 5, 176, 32, 2, 72, 0, 135, 51,
       77, 117, 189, 103, 145, 111, 55, 136, 121, 232, 47, 8, 222, 119,
       9, 50, 145, 85, 104, 98, 33, 240, 249, 106, 239, 255, 5, 39, 74,
       115, 71, 51, 192, 40, 155, 116, 32, 140, 65, 23, 160, 169, 34, 72,
       183, 147, 64, 19, 128, 119, 108, 8, 73, 201, 144, 8, 193, 128,
