%YAML:1.0
---
descriptors: !!opencv-matrix
   rows: 223
   cols: 32
   dt: u
   data: [ 196, 116, 149, 99, 137, 111, 71, 152, 122, 250, 47, 24, 214,
       115, 73, 59, 145, 86, 120, 122, 57, 68, 249, 34, 207, 159, 69, 52,
       202, 243, 198, 50, 108, 121, 57, 103, 29, 79, 71, 168, 115, 224,
       172, 8, 211, 117, 9, 48, 152, 252, 89, 106, 73, 240, 249, 62, 229,
       222, 5, 52, 64, 59, 86, 114, 108, 229, 152, 122, 201, 77, 87, 172,
       179, 151, 173, 24, 114, 243, 74, 26, 153, 210, 233, 82, 90, 99,
       250, 51, 251, 221, 69, 125, 192, 115, 198, 226, 108, 69, 41, 103,
       93, 79, 71, 184, 85, 228, 239, 8, 211, 85, 25, 48, 88, 220, 91,
       234, 73, 178, 121, 14, 231, 157, 133, 52, 83, 187, 86, 98, 118,
       125, 150, 190, 137, 237, 22, 236, 159, 158, 137, 25, 230, 240,
       105, 158, 217, 115, 234, 67, 126, 67, 218, 59, 185, 22, 77, 59,
       216, 127, 143, 6, 244, 52, 189, 114, 168, 108, 81, 24, 178, 191,
       165, 56, 87, 247, 73, 27, 3, 212, 109, 18, 58, 71, 234, 2, 219,
       195, 117, 125, 224, 227, 6, 99, 145, 134, 201, 53, 180, 42, 99,
       63, 116, 35, 106, 208, 211, 35, 144, 112, 51, 206, 44, 60, 56,
       188, 69, 15, 236, 174, 48, 68, 236, 224, 208, 40, 120, 176, 57,
       112, 153, 237, 81, 87, 187, 21, 44, 24, 54, 151, 64, 56, 129, 26,
       104, 24, 18, 107, 178, 23, 219, 221, 16, 123, 194, 0, 198, 107,
       213, 149, 157, 101, 32, 78, 71, 185, 240, 250, 166, 76, 215, 115,
       128, 115, 20, 212, 124, 106, 105, 197, 241, 12, 225, 171, 101, 20,
       104, 240, 2, 49, 249, 186, 220, 50, 168, 253, 93, 159, 179, 127,
       180, 189, 63, 247, 194, 27, 135, 215, 253, 20, 191, 79, 234, 49,
       218, 203, 117, 249, 234, 196, 142, 91, 252, 244, 253, 82, 136,
       109, 71, 220, 243, 191, 173, 24, 83, 247, 201, 58, 17, 214, 108,
       26, 59, 103, 250, 50, 251, 207, 117, 124, 226, 243, 198, 96, 93,
       69, 125, 103, 150, 78, 71, 184, 100, 160, 171, 64, 211, 113, 25,
       112, 50, 212, 92, 106, 233, 160, 93, 46, 231, 239, 37, 20, 104,
       243, 64, 32, 244, 76, 124, 119, 40, 106, 87, 184, 240, 178, 167,
       56, 215, 115, 9, 123, 135, 212, 108, 106, 104, 101, 203, 46, 241,
       235, 101, 20, 96, 241, 70, 34, 224, 172, 157, 254, 200, 237, 21,
       151, 154, 23, 100, 24, 182, 247, 96, 91, 193, 122, 106, 24, 50,
       78, 218, 51, 205, 167, 118, 120, 144, 72, 135, 170, 116, 69, 93,
       109, 30, 15, 71, 184, 100, 160, 170, 8, 215, 49, 9, 112, 18, 212,
       72, 106, 72, 160, 121, 31, 237, 175, 37, 20, 112, 170, 64, 34,
       228, 164, 141, 254, 140, 101, 79, 136, 154, 179, 129, 24, 215,
       247, 89, 123, 209, 213, 121, 19, 59, 71, 219, 51, 153, 182, 223,
       60, 144, 115, 150, 34, 17, 151, 27, 79, 176, 142, 65, 55, 116, 9,
       107, 80, 247, 23, 136, 112, 118, 62, 12, 24, 251, 152, 113, 31,
       235, 175, 48, 0, 32, 194, 160, 41, 124, 228, 220, 119, 137, 46,
       94, 184, 50, 178, 171, 137, 91, 115, 73, 211, 21, 215, 249, 230,
       104, 67, 217, 63, 251, 239, 197, 117, 42, 243, 10, 18, 76, 117,
       121, 103, 48, 78, 63, 184, 41, 228, 111, 173, 223, 71, 139, 80,
       22, 85, 205, 110, 192, 144, 249, 78, 231, 189, 33, 4, 64, 179, 7,
       113, 77, 97, 56, 101, 52, 30, 122, 56, 105, 232, 119, 76, 219, 9,
       159, 176, 148, 76, 252, 110, 196, 240, 233, 12, 231, 253, 33, 4,
       66, 183, 74, 117, 208, 188, 190, 48, 136, 237, 17, 199, 226, 219,
       164, 24, 183, 211, 66, 59, 129, 179, 108, 17, 59, 109, 218, 49,
       217, 131, 119, 120, 232, 64, 135, 26, 211, 174, 150, 178, 171,
       168, 16, 135, 187, 19, 128, 253, 174, 226, 64, 159, 167, 231, 236,
       21, 62, 79, 130, 243, 152, 242, 94, 123, 136, 68, 139, 13, 125,
       101, 10, 46, 25, 68, 94, 232, 161, 200, 237, 9, 82, 247, 43, 16,
       216, 232, 89, 238, 72, 195, 218, 46, 243, 249, 133, 29, 2, 51,
       122, 194, 101, 117, 57, 103, 53, 15, 119, 184, 121, 230, 47, 12,
       214, 121, 11, 48, 144, 76, 120, 106, 224, 240, 249, 46, 229, 222,
       5, 54, 72, 59, 71, 115, 248, 40, 127, 112, 8, 200, 65, 80, 160,
       149, 164, 24, 23, 151, 64, 59, 38, 180, 109, 24, 10, 79, 162, 0,
       209, 225, 112, 56, 96, 128, 38, 98, 60, 101, 56, 106, 29, 79, 87,
       232, 194, 164, 173, 8, 115, 217, 107, 16, 217, 208, 195, 106, 74,
       99, 122, 29, 251, 201, 5, 61, 115, 59, 86, 34, 218, 174, 148, 176,
       169, 169, 20, 143, 187, 63, 160, 61, 174, 179, 74, 155, 133, 19,
       237, 16, 62, 79, 202, 51, 155, 215, 93, 127, 146, 68, 143, 11,
       232, 188, 156, 58, 137, 253, 20, 174, 155, 63, 160, 25, 174, 251,
       74, 155, 129, 83, 233, 16, 62, 111, 218, 55, 235, 211, 85, 123,
       210, 93, 142, 10, 252, 180, 156, 114, 168, 109, 81, 157, 178, 191,
       173, 57, 215, 183, 74, 27, 135, 151, 237, 16, 58, 79, 203, 18,
       219, 195, 117, 125, 224, 192, 134, 99, 81, 14, 95, 101, 176, 42,
       79, 55, 116, 136, 122, 68, 211, 35, 144, 112, 19, 102, 108, 44,
       185, 184, 69, 14, 232, 175, 36, 80, 104, 226, 192, 41, 213, 221,
       31, 102, 168, 14, 71, 180, 224, 218, 170, 76, 119, 115, 129, 115,
       38, 246, 124, 106, 233, 225, 153, 46, 241, 235, 101, 16, 104, 243,
       226, 41, 216, 60, 221, 117, 40, 78, 69, 50, 48, 250, 166, 120, 87,
       55, 129, 123, 2, 244, 108, 42, 105, 69, 241, 8, 209, 235, 117, 16,
       96, 240, 6, 57, 241, 184, 245, 116, 168, 77, 84, 255, 251, 251,
       176, 120, 26, 253, 196, 55, 143, 215, 124, 0, 191, 111, 234, 83,
       155, 218, 117, 255, 201, 96, 198, 63, 252, 170, 244, 242, 233,
       173, 92, 159, 179, 59, 180, 185, 63, 239, 66, 26, 167, 247, 253,
       20, 62, 79, 202, 179, 219, 219, 117, 249, 162, 212, 138, 11, 230,
       186, 190, 94, 234, 229, 17, 207, 171, 191, 164, 185, 36, 231, 70,
       27, 135, 247, 237, 16, 18, 79, 170, 113, 219, 147, 125, 255, 128,
       96, 135, 99, 192, 172, 157, 251, 200, 237, 49, 135, 158, 23, 96,
       24, 182, 243, 96, 90, 129, 122, 106, 24, 50, 78, 218, 51, 205,
       167, 116, 120, 144, 72, 135, 170, 208, 128, 189, 123, 136, 237,
       21, 175, 254, 51, 160, 24, 246, 112, 72, 123, 129, 83, 104, 16,
       50, 109, 219, 51, 201, 138, 85, 126, 208, 72, 129, 42, 69, 103,
       17, 103, 180, 14, 110, 184, 120, 168, 107, 76, 215, 97, 153, 50,
       144, 76, 108, 110, 225, 240, 201, 46, 172, 190, 37, 4, 72, 179,
       67, 33, 5, 229, 29, 99, 152, 79, 71, 184, 86, 176, 171, 72, 211,
       119, 73, 96, 25, 92, 104, 122, 75, 80, 123, 23, 237, 140, 5, 116,
       216, 251, 0, 48, 118, 101, 150, 174, 139, 2, 86, 200, 169, 134,
       235, 169, 70, 226, 105, 222, 210, 213, 236, 98, 108, 195, 138,
       136, 176, 246, 69, 31, 160, 123, 42, 6, 76, 97, 120, 103, 51, 26,
       127, 184, 41, 160, 111, 136, 223, 87, 137, 48, 54, 221, 221, 234,
       64, 208, 201, 78, 231, 237, 33, 5, 99, 179, 67, 32, 100, 97, 104,
       101, 52, 27, 126, 40, 105, 160, 111, 9, 211, 9, 29, 48, 146, 76,
       121, 111, 68, 240, 201, 14, 230, 253, 1, 53, 100, 187, 90, 130,
       120, 172, 255, 116, 136, 233, 81, 23, 162, 183, 172, 56, 55, 183,
       64, 26, 35, 182, 108, 8, 58, 111, 162, 3, 217, 195, 116, 121, 224,
       192, 134, 106, 208, 184, 191, 112, 136, 237, 81, 151, 230, 243,
       166, 24, 183, 215, 64, 59, 1, 183, 108, 16, 58, 109, 147, 49, 217,
       227, 117, 120, 224, 192, 135, 42, 77, 117, 49, 103, 241, 78, 119,
       184, 121, 238, 42, 12, 222, 113, 9, 48, 146, 92, 120, 106, 225,
       240, 249, 14, 237, 255, 5, 6, 66, 51, 71, 99, 92, 52, 189, 114,
       136, 108, 85, 155, 242, 183, 175, 24, 223, 245, 73, 58, 145, 214,
       108, 24, 59, 99, 251, 34, 217, 207, 117, 124, 224, 113, 198, 34,
       252, 180, 185, 114, 168, 236, 81, 159, 179, 187, 173, 24, 215,
       247, 72, 58, 133, 214, 108, 16, 59, 111, 250, 2, 219, 247, 117,
       125, 224, 192, 198, 34, 240, 32, 255, 112, 42, 233, 81, 83, 162,
       159, 164, 57, 23, 151, 64, 27, 35, 176, 109, 24, 26, 79, 162, 1,
       217, 193, 113, 120, 224, 128, 6, 107, 120, 32, 251, 100, 2, 104,
       81, 83, 32, 164, 172, 8, 19, 135, 64, 26, 34, 180, 68, 24, 8, 75,
