%YAML:1.0
---
descriptors: !!opencv-matrix
   rows: 263
   cols: 32
   dt: u
   data: [ 120, 184, 253, 114, 169, 253, 85, 215, 163, 255, 172, 8, 59,
       247, 66, 59, 5, 246, 237, 16, 26, 107, 242, 49, 219, 203, 117,
       123, 226, 192, 198, 123, 253, 113, 253, 103, 168, 78, 71, 184, 97,
       250, 183, 72, 211, 119, 201, 59, 20, 212, 124, 106, 201, 96, 249,
       8, 243, 233, 101, 20, 106, 179, 70, 113, 93, 213, 61, 231, 176,
       78, 79, 188, 36, 232, 255, 100, 247, 119, 137, 112, 22, 214, 93,
       106, 233, 144, 121, 63, 225, 239, 37, 148, 40, 243, 128, 49, 252,
       100, 252, 114, 137, 105, 213, 222, 211, 182, 180, 24, 83, 241, 79,
       27, 9, 214, 236, 82, 58, 103, 219, 50, 91, 203, 85, 125, 243, 249,
       206, 34, 21, 181, 185, 239, 180, 46, 79, 189, 54, 235, 223, 64,
       247, 119, 137, 112, 87, 222, 29, 122, 187, 144, 121, 63, 233, 239,
       39, 212, 168, 243, 129, 49, 149, 220, 155, 247, 180, 46, 111, 190,
       62, 170, 91, 112, 247, 119, 137, 96, 119, 127, 61, 122, 185, 148,
       105, 63, 237, 175, 63, 132, 164, 243, 161, 33, 252, 112, 189, 99,
       40, 111, 83, 152, 115, 251, 165, 24, 215, 87, 73, 59, 149, 212,
       124, 122, 41, 103, 251, 0, 219, 219, 101, 60, 224, 243, 70, 115,
       196, 156, 157, 254, 170, 224, 21, 168, 170, 154, 35, 56, 244, 247,
       73, 123, 135, 119, 125, 82, 33, 69, 154, 49, 201, 162, 127, 191,
       128, 113, 7, 51, 149, 252, 255, 255, 238, 107, 239, 254, 62, 179,
       242, 114, 247, 251, 217, 123, 127, 87, 127, 155, 187, 244, 235,
       51, 252, 175, 255, 196, 164, 249, 129, 161, 244, 92, 189, 116,
       168, 44, 85, 58, 160, 186, 166, 56, 87, 119, 1, 91, 135, 247, 109,
       34, 104, 69, 203, 0, 211, 235, 117, 24, 96, 241, 70, 35, 104, 253,
       182, 252, 157, 253, 84, 231, 223, 194, 172, 25, 170, 255, 38, 151,
       201, 242, 251, 65, 110, 107, 242, 191, 243, 255, 214, 59, 210, 92,
       222, 78, 96, 188, 153, 255, 200, 237, 17, 151, 150, 23, 96, 24,
       182, 243, 64, 90, 133, 122, 104, 24, 50, 76, 218, 51, 205, 167,
       117, 120, 144, 72, 135, 170, 118, 101, 59, 86, 221, 198, 231, 224,
       233, 192, 235, 8, 82, 223, 45, 48, 248, 253, 83, 226, 73, 227,
       186, 110, 49, 188, 135, 14, 65, 51, 102, 162, 69, 241, 149, 71,
       153, 13, 103, 184, 110, 240, 35, 76, 254, 113, 73, 50, 145, 70,
       120, 106, 195, 96, 219, 49, 173, 186, 5, 46, 72, 51, 67, 34, 13,
       119, 49, 71, 240, 79, 55, 184, 57, 234, 127, 108, 222, 119, 137,
       52, 148, 93, 244, 98, 225, 176, 249, 110, 111, 255, 37, 134, 74,
       243, 7, 241, 69, 113, 21, 69, 1, 15, 102, 56, 104, 224, 43, 76,
       214, 49, 9, 50, 144, 68, 104, 106, 193, 240, 209, 12, 165, 186, 1,
       20, 72, 51, 67, 34, 84, 173, 187, 114, 155, 236, 49, 195, 162,
       149, 173, 24, 30, 183, 72, 56, 35, 159, 232, 16, 18, 107, 186,
       112, 217, 197, 21, 111, 224, 65, 167, 98, 248, 180, 190, 112, 173,
       253, 85, 83, 235, 123, 182, 24, 159, 191, 64, 123, 133, 183, 253,
       24, 186, 111, 242, 147, 219, 251, 117, 120, 194, 200, 199, 115,
       232, 184, 188, 248, 173, 189, 85, 159, 255, 59, 180, 24, 190, 189,
       84, 58, 141, 214, 253, 24, 186, 111, 243, 179, 223, 219, 84, 122,
       194, 88, 194, 43, 242, 172, 182, 255, 252, 175, 252, 239, 127,
       187, 242, 26, 236, 250, 20, 67, 249, 239, 127, 145, 186, 239, 203,
       255, 191, 254, 223, 250, 193, 248, 243, 137, 226, 172, 180, 254,
       253, 157, 92, 255, 223, 59, 240, 24, 235, 249, 84, 91, 205, 239,
       127, 145, 186, 111, 251, 243, 191, 255, 223, 250, 210, 200, 242,
       139, 101, 7, 85, 71, 180, 46, 103, 184, 104, 168, 63, 76, 211, 97,
       153, 54, 20, 68, 108, 110, 249, 176, 249, 14, 228, 190, 37, 4,
       106, 243, 210, 33, 233, 253, 185, 115, 217, 253, 87, 191, 123,
       115, 44, 24, 190, 49, 70, 182, 129, 94, 240, 24, 55, 104, 251, 55,
       111, 223, 21, 127, 202, 84, 207, 254, 205, 52, 157, 97, 129, 110,
       117, 23, 59, 243, 47, 24, 158, 55, 64, 251, 133, 22, 248, 24, 49,
       216, 241, 66, 207, 255, 85, 70, 138, 96, 131, 50, 240, 162, 255,
       112, 138, 233, 81, 71, 178, 23, 164, 185, 39, 135, 64, 27, 35,
       178, 237, 16, 58, 79, 162, 51, 217, 195, 112, 121, 224, 192, 134,
       106, 124, 181, 248, 114, 136, 109, 85, 223, 178, 191, 173, 24, 23,
       247, 72, 26, 1, 222, 101, 24, 58, 75, 250, 18, 251, 199, 117, 125,
       224, 208, 198, 226, 240, 181, 220, 114, 152, 173, 85, 223, 179,
       63, 165, 25, 23, 179, 74, 26, 1, 146, 205, 16, 58, 75, 218, 51,
       251, 195, 117, 125, 224, 192, 142, 138, 250, 252, 148, 58, 137,
       221, 20, 174, 187, 55, 160, 25, 175, 250, 66, 155, 129, 227, 237,
       3, 110, 79, 218, 51, 155, 211, 93, 123, 16, 85, 139, 10, 212, 50,
       255, 101, 34, 106, 97, 80, 112, 166, 163, 56, 83, 55, 193, 59, 54,
       212, 108, 58, 40, 245, 161, 8, 209, 171, 97, 4, 225, 241, 70, 97,
       69, 113, 17, 69, 65, 78, 54, 168, 105, 232, 35, 8, 222, 23, 9, 51,
       144, 85, 120, 106, 65, 112, 249, 72, 103, 184, 69, 6, 72, 51, 67,
       50, 69, 85, 17, 101, 49, 14, 119, 56, 109, 160, 111, 68, 222, 51,
       9, 112, 212, 85, 56, 106, 65, 144, 89, 78, 229, 252, 7, 6, 74, 51,
       3, 35, 240, 134, 204, 182, 168, 40, 85, 159, 162, 183, 134, 189,
       87, 163, 66, 91, 3, 198, 109, 12, 56, 79, 203, 32, 217, 227, 245,
       249, 160, 224, 134, 98, 116, 65, 193, 71, 48, 74, 71, 40, 32, 160,
       163, 136, 211, 103, 137, 246, 16, 212, 104, 106, 73, 208, 233, 8,
       165, 160, 101, 21, 96, 179, 70, 32, 125, 85, 125, 103, 48, 78, 79,
       184, 97, 232, 190, 76, 87, 119, 137, 114, 54, 212, 124, 106, 201,
       161, 249, 46, 243, 233, 101, 20, 104, 243, 66, 49, 252, 188, 252,
       118, 137, 109, 85, 191, 179, 190, 164, 24, 115, 247, 69, 27, 9,
       214, 237, 42, 56, 111, 251, 34, 219, 203, 117, 61, 227, 240, 198,
       42, 85, 213, 61, 231, 176, 78, 79, 188, 36, 232, 255, 68, 215,
       119, 137, 112, 22, 214, 92, 106, 233, 144, 121, 62, 227, 239, 37,
       148, 40, 243, 192, 49, 85, 213, 57, 231, 176, 110, 79, 184, 52,
       232, 255, 96, 215, 119, 137, 112, 22, 214, 92, 106, 249, 144, 105,
       62, 233, 239, 37, 212, 32, 243, 128, 113, 237, 112, 189, 97, 173,
       127, 81, 152, 123, 255, 181, 24, 219, 85, 73, 59, 153, 84, 124,
       58, 43, 100, 249, 18, 207, 219, 97, 125, 194, 251, 70, 115, 132,
       236, 255, 255, 238, 43, 239, 255, 62, 178, 242, 210, 247, 239,
       217, 91, 255, 87, 127, 203, 243, 252, 235, 59, 252, 171, 255, 164,
       164, 249, 129, 249, 232, 180, 188, 123, 173, 253, 81, 25, 127, 63,
       165, 24, 222, 125, 74, 59, 153, 146, 253, 16, 58, 106, 251, 147,
       207, 223, 81, 127, 210, 72, 206, 114, 216, 76, 93, 244, 168, 106,
       92, 166, 160, 182, 162, 25, 255, 99, 1, 219, 163, 231, 109, 42,
       104, 69, 203, 44, 210, 227, 117, 17, 32, 240, 7, 8, 236, 172, 228,
       255, 236, 47, 238, 236, 191, 187, 185, 26, 239, 234, 93, 59, 219,
       207, 127, 147, 58, 103, 203, 251, 189, 255, 247, 252, 213, 251,
       242, 160, 106, 253, 182, 252, 157, 229, 214, 230, 159, 162, 232,
       9, 174, 255, 39, 18, 201, 251, 251, 64, 106, 107, 210, 187, 187,
       255, 151, 59, 210, 125, 254, 158, 5, 101, 23, 115, 21, 207, 103,
       232, 214, 160, 107, 0, 211, 209, 105, 32, 217, 120, 34, 122, 73,
       242, 122, 62, 237, 140, 5, 36, 72, 59, 80, 160, 69, 103, 216, 39,
       176, 10, 110, 136, 120, 162, 107, 64, 207, 98, 217, 218, 146, 76,
       108, 110, 68, 208, 205, 106, 172, 255, 103, 4, 128, 243, 75, 0,
       118, 237, 182, 238, 221, 207, 254, 232, 191, 160, 235, 11, 74,
       254, 61, 80, 249, 253, 251, 227, 104, 227, 219, 254, 187, 254,
       143, 63, 209, 127, 246, 130, 244, 96, 189, 100, 143, 79, 85, 104,
       66, 182, 165, 8, 82, 53, 73, 59, 25, 212, 104, 98, 104, 103, 249,
       8, 219, 195, 69, 63, 97, 122, 70, 98, 133, 119, 56, 71, 112, 14,
       127, 184, 61, 168, 127, 96, 222, 119, 141, 48, 150, 93, 85, 110,
       225, 144, 105, 110, 103, 191, 37, 134, 66, 243, 3, 161, 77, 99,
