%YAML:1.0
---
descriptors: !!opencv-matrix
   rows: 218
   cols: 32
   dt: u
   data: [ 221, 116, 189, 54, 168, 44, 85, 152, 176, 186, 161, 89, 215,
       115, 73, 91, 135, 215, 125, 46, 105, 71, 219, 34, 209, 235, 117,
       60, 232, 113, 131, 35, 76, 101, 120, 231, 50, 10, 127, 184, 57,
       132, 111, 137, 223, 119, 139, 80, 22, 221, 221, 110, 96, 144, 201,
       78, 231, 239, 33, 133, 34, 179, 7, 97, 236, 112, 189, 101, 32,
       111, 83, 152, 123, 190, 167, 8, 215, 23, 73, 59, 145, 84, 124,
       122, 41, 116, 249, 8, 207, 219, 101, 52, 192, 251, 70, 115, 204,
       81, 61, 101, 32, 78, 71, 56, 32, 232, 47, 72, 215, 55, 137, 115,
       20, 212, 125, 106, 73, 240, 249, 8, 229, 249, 101, 20, 0, 243, 70,
       113, 84, 85, 29, 229, 52, 78, 79, 184, 36, 234, 255, 96, 215, 119,
       137, 114, 22, 212, 125, 106, 105, 144, 249, 14, 229, 239, 37, 148,
       32, 243, 4, 113, 236, 112, 189, 101, 5, 111, 83, 16, 107, 238, 39,
       8, 214, 21, 73, 59, 144, 84, 120, 122, 137, 244, 249, 8, 199, 219,
       69, 48, 192, 251, 70, 115, 77, 85, 61, 101, 32, 78, 103, 56, 104,
       232, 127, 72, 215, 119, 137, 115, 148, 84, 124, 106, 225, 240,
       249, 12, 231, 249, 97, 4, 72, 243, 70, 49, 236, 109, 173, 103,
       189, 111, 71, 180, 113, 174, 174, 8, 211, 53, 89, 50, 153, 214,
       124, 106, 40, 240, 249, 46, 239, 255, 37, 20, 194, 251, 214, 98,
       97, 176, 185, 83, 217, 205, 97, 143, 122, 121, 33, 24, 182, 151,
       76, 56, 129, 30, 122, 24, 19, 104, 251, 115, 13, 156, 20, 126,
       192, 0, 194, 170, 81, 172, 152, 45, 24, 143, 65, 39, 126, 161,
       234, 8, 183, 35, 0, 80, 129, 102, 104, 8, 56, 185, 209, 31, 233,
       167, 48, 80, 192, 40, 67, 40, 100, 229, 185, 106, 217, 77, 87,
       168, 114, 180, 173, 8, 214, 117, 73, 58, 25, 208, 96, 122, 122,
       98, 251, 51, 239, 159, 5, 127, 210, 123, 198, 226, 221, 34, 216,
       167, 168, 42, 78, 136, 114, 182, 167, 153, 199, 99, 75, 91, 147,
       197, 108, 126, 60, 69, 207, 0, 218, 227, 103, 29, 160, 243, 202,
       0, 57, 173, 105, 99, 213, 207, 111, 239, 114, 225, 236, 8, 115,
       119, 24, 48, 25, 206, 18, 204, 95, 186, 125, 63, 239, 207, 133,
       100, 225, 218, 210, 232, 1, 81, 51, 65, 114, 78, 59, 48, 108, 72,
       114, 100, 158, 21, 132, 180, 182, 57, 86, 110, 193, 176, 49, 76,
       37, 184, 32, 130, 74, 130, 7, 241, 213, 36, 157, 246, 168, 44, 69,
       152, 178, 178, 161, 88, 215, 243, 73, 27, 129, 213, 124, 26, 40,
       71, 219, 2, 217, 234, 117, 60, 224, 113, 131, 34, 109, 117, 49,
       71, 253, 79, 71, 168, 123, 232, 41, 8, 210, 117, 73, 176, 144, 92,
       88, 106, 73, 112, 249, 62, 175, 223, 5, 52, 66, 123, 70, 162, 100,
       229, 177, 67, 153, 77, 87, 168, 114, 180, 173, 8, 210, 117, 77,
       54, 153, 88, 96, 122, 122, 98, 251, 54, 109, 158, 5, 126, 208,
       123, 70, 162, 1, 41, 3, 158, 88, 132, 171, 104, 174, 0, 192, 64,
       180, 194, 33, 80, 72, 40, 106, 207, 75, 11, 210, 125, 144, 32,
       138, 56, 24, 35, 35, 128, 37, 117, 17, 69, 85, 79, 102, 56, 120,
       224, 107, 72, 214, 81, 9, 180, 144, 92, 80, 106, 65, 240, 121, 14,
       37, 188, 1, 4, 72, 51, 67, 176, 37, 117, 17, 69, 85, 79, 102, 56,
       104, 224, 43, 72, 210, 17, 69, 180, 144, 92, 64, 106, 65, 176,
       249, 14, 45, 156, 5, 52, 74, 59, 66, 160, 218, 170, 148, 176, 169,
       172, 88, 223, 171, 59, 160, 89, 47, 235, 64, 27, 167, 179, 125,
       149, 190, 75, 154, 241, 155, 218, 85, 250, 162, 196, 131, 11, 85,
       77, 93, 103, 148, 78, 71, 184, 116, 160, 235, 64, 83, 115, 25,
       112, 48, 196, 76, 106, 105, 176, 25, 46, 245, 239, 37, 20, 97,
       243, 224, 32, 220, 108, 221, 118, 168, 40, 84, 190, 161, 178, 166,
       24, 223, 99, 9, 91, 3, 215, 108, 74, 104, 71, 203, 32, 211, 235,
       117, 29, 226, 241, 142, 42, 120, 184, 123, 120, 11, 224, 81, 87,
       163, 87, 164, 57, 59, 159, 98, 90, 167, 178, 221, 128, 10, 15,
       178, 17, 211, 233, 48, 121, 99, 128, 166, 123, 100, 117, 249, 103,
       232, 79, 71, 152, 34, 174, 189, 8, 211, 119, 201, 26, 24, 212,
       101, 106, 72, 114, 249, 8, 237, 139, 101, 52, 226, 243, 70, 98,
       33, 173, 169, 113, 212, 231, 227, 239, 82, 233, 236, 24, 147, 177,
       80, 48, 217, 206, 18, 156, 59, 250, 249, 54, 109, 143, 181, 108,
       193, 72, 242, 234, 106, 180, 184, 58, 153, 253, 144, 207, 155,
       125, 173, 25, 174, 253, 78, 190, 133, 19, 249, 17, 62, 107, 250,
       179, 155, 215, 28, 123, 210, 78, 143, 94, 221, 87, 237, 101, 36,
       14, 79, 24, 112, 238, 151, 124, 211, 7, 155, 123, 52, 196, 125,
       238, 233, 213, 253, 10, 243, 233, 229, 148, 44, 243, 82, 113, 108,
       245, 177, 67, 153, 79, 71, 168, 123, 184, 41, 8, 222, 117, 77,
       182, 145, 92, 96, 122, 115, 112, 249, 50, 45, 222, 5, 118, 194,
       123, 198, 34, 45, 117, 49, 71, 125, 95, 71, 168, 123, 232, 45, 8,
       210, 117, 13, 176, 144, 92, 80, 106, 65, 240, 249, 62, 39, 223, 5,
       54, 66, 123, 70, 162, 36, 229, 57, 75, 93, 77, 199, 168, 83, 188,
       173, 8, 210, 113, 77, 52, 153, 88, 66, 106, 74, 98, 123, 63, 109,
       158, 5, 63, 80, 59, 70, 162, 54, 193, 16, 168, 95, 11, 82, 232, 7,
       49, 168, 75, 70, 89, 44, 144, 216, 137, 71, 98, 78, 35, 91, 149,
       176, 212, 1, 127, 115, 31, 90, 134, 253, 78, 234, 55, 180, 38, 71,
       159, 113, 206, 226, 117, 115, 104, 151, 90, 241, 238, 44, 46, 236,
       244, 237, 42, 242, 239, 117, 129, 225, 241, 246, 73, 252, 98, 204,
       39, 168, 10, 79, 152, 49, 166, 167, 137, 87, 99, 75, 91, 51, 196,
       108, 126, 104, 214, 201, 10, 254, 227, 101, 53, 224, 243, 74, 2,
       247, 253, 149, 54, 139, 125, 22, 204, 187, 251, 41, 45, 110, 254,
       79, 155, 181, 67, 229, 86, 39, 67, 154, 99, 187, 214, 85, 187,
       200, 119, 139, 95, 124, 213, 212, 110, 155, 90, 22, 168, 51, 50,
       173, 173, 111, 247, 11, 215, 19, 213, 236, 98, 126, 67, 219, 187,
       250, 231, 69, 63, 123, 247, 14, 18, 250, 184, 115, 248, 106, 224,
       81, 87, 163, 31, 180, 185, 47, 159, 226, 27, 175, 179, 197, 144,
       58, 79, 162, 145, 211, 193, 112, 251, 247, 196, 166, 123, 69, 168,
       153, 113, 180, 201, 161, 135, 122, 57, 50, 120, 150, 147, 192, 48,
       147, 30, 76, 24, 19, 252, 200, 22, 141, 156, 53, 116, 192, 0, 195,
       163, 217, 124, 31, 117, 43, 206, 21, 52, 244, 26, 166, 24, 255,
       19, 0, 251, 162, 117, 236, 98, 105, 237, 147, 45, 225, 235, 112,
       18, 106, 48, 3, 43, 161, 168, 169, 83, 220, 237, 225, 198, 250,
       123, 32, 24, 178, 152, 84, 56, 201, 10, 82, 28, 19, 126, 250, 113,
       13, 24, 150, 104, 200, 72, 210, 170, 108, 180, 185, 242, 169, 253,
       87, 141, 155, 127, 165, 25, 222, 255, 74, 58, 133, 27, 125, 19,
       62, 103, 250, 51, 203, 223, 21, 127, 208, 75, 135, 83, 221, 116,
       189, 101, 132, 110, 95, 156, 112, 254, 167, 28, 215, 55, 91, 123,
       181, 212, 125, 238, 233, 85, 249, 10, 247, 235, 229, 20, 40, 243,
       86, 114, 205, 116, 189, 119, 168, 110, 87, 158, 59, 254, 38, 28,
       215, 119, 75, 59, 151, 86, 124, 126, 241, 68, 251, 42, 239, 219,
       101, 52, 200, 241, 134, 115, 216, 158, 159, 245, 162, 46, 45, 183,
       190, 251, 6, 244, 223, 39, 128, 91, 39, 119, 108, 12, 49, 220,
       147, 42, 205, 163, 119, 196, 168, 240, 129, 57, 108, 97, 17, 73,
       89, 79, 71, 40, 97, 160, 237, 8, 82, 81, 73, 52, 16, 220, 64, 106,
       72, 242, 216, 28, 101, 172, 1, 60, 66, 51, 70, 162, 205, 125, 156,
       103, 169, 62, 103, 188, 123, 170, 47, 72, 254, 115, 201, 242, 145,
       86, 108, 106, 97, 240, 217, 42, 239, 255, 101, 22, 202, 115, 203,
       35, 120, 176, 121, 120, 26, 233, 17, 87, 227, 21, 164, 56, 31,
       151, 64, 56, 35, 146, 204, 16, 26, 107, 178, 21, 219, 193, 48,
       123, 226, 128, 70, 106, 109, 245, 148, 99, 253, 95, 70, 184, 123,
       250, 45, 8, 218, 112, 73, 182, 145, 68, 224, 122, 117, 112, 217,
       34, 47, 223, 5, 119, 202, 127, 202, 38, 60, 105, 88, 104, 221,
       143, 82, 234, 6, 164, 172, 9, 19, 201, 99, 16, 152, 184, 195, 114,
