%YAML:1.0
---
descriptors: !!opencv-matrix
   rows: 236
   cols: 32
   dt: u
   data: [ 109, 116, 157, 103, 169, 111, 71, 152, 58, 186, 43, 24, 214,
       119, 73, 123, 145, 84, 120, 106, 33, 212, 249, 32, 197, 219, 69,
       52, 136, 115, 70, 50, 100, 96, 57, 111, 9, 79, 71, 8, 66, 164,
       173, 8, 211, 85, 65, 48, 216, 220, 121, 106, 73, 98, 251, 24, 237,
       221, 5, 60, 80, 59, 70, 98, 120, 109, 80, 108, 31, 79, 87, 232, 3,
       164, 172, 11, 75, 25, 67, 146, 248, 213, 232, 98, 76, 99, 217,
       156, 251, 205, 5, 63, 99, 191, 70, 74, 220, 164, 156, 240, 169,
       109, 17, 143, 186, 183, 165, 25, 143, 183, 74, 27, 129, 23, 237,
       16, 58, 77, 203, 16, 203, 195, 117, 127, 128, 64, 143, 2, 200,
       164, 156, 48, 137, 253, 20, 143, 187, 63, 168, 25, 142, 179, 74,
       155, 129, 19, 233, 16, 62, 75, 203, 51, 203, 215, 85, 127, 128,
       68, 143, 10, 125, 252, 252, 118, 169, 125, 85, 255, 243, 251, 180,
       24, 123, 241, 207, 190, 35, 246, 252, 24, 189, 105, 250, 34, 251,
       255, 85, 123, 235, 244, 202, 127, 252, 160, 156, 112, 137, 109,
       81, 143, 178, 191, 165, 25, 143, 183, 74, 27, 129, 151, 237, 16,
       58, 79, 202, 18, 219, 195, 117, 125, 224, 64, 143, 66, 248, 182,
       222, 48, 168, 236, 81, 95, 179, 95, 180, 189, 191, 247, 194, 90,
       167, 183, 237, 20, 59, 79, 202, 19, 218, 227, 117, 249, 234, 192,
       142, 83, 213, 89, 29, 102, 40, 14, 71, 184, 224, 250, 163, 76, 87,
       115, 129, 115, 32, 244, 124, 106, 233, 225, 153, 40, 241, 171,
       101, 16, 104, 179, 66, 33, 81, 207, 29, 101, 176, 14, 71, 191,
       100, 136, 186, 68, 247, 51, 128, 114, 20, 198, 108, 110, 233, 169,
       65, 47, 224, 174, 37, 16, 104, 242, 194, 41, 213, 89, 157, 102,
       40, 78, 71, 188, 225, 250, 167, 88, 119, 115, 137, 123, 0, 212,
       124, 106, 105, 101, 251, 40, 243, 235, 101, 20, 104, 179, 194, 57,
       13, 214, 17, 99, 176, 31, 71, 189, 126, 43, 59, 124, 215, 115,
       136, 240, 151, 30, 76, 58, 251, 180, 73, 23, 236, 223, 53, 116,
       218, 203, 129, 33, 250, 190, 132, 182, 139, 48, 20, 143, 179, 183,
       130, 187, 238, 248, 74, 159, 201, 215, 233, 145, 60, 95, 207, 162,
       156, 99, 221, 191, 167, 116, 158, 14, 83, 123, 1, 165, 114, 26,
       62, 51, 41, 64, 74, 237, 173, 6, 129, 208, 182, 173, 205, 229,
       196, 144, 133, 220, 180, 228, 42, 131, 44, 166, 11, 93, 193, 168,
       218, 82, 170, 248, 56, 7, 254, 83, 164, 152, 183, 210, 214, 122,
       135, 55, 120, 24, 55, 77, 246, 115, 158, 171, 94, 120, 204, 128,
       139, 12, 100, 180, 145, 250, 141, 237, 69, 143, 95, 51, 169, 88,
       214, 241, 76, 58, 129, 219, 104, 18, 59, 107, 219, 51, 185, 158,
       85, 126, 208, 91, 198, 34, 209, 172, 253, 53, 180, 107, 249, 175,
       126, 247, 162, 24, 247, 40, 16, 43, 147, 103, 108, 57, 180, 252,
       237, 46, 200, 235, 117, 84, 196, 168, 213, 72, 245, 45, 172, 183,
       140, 111, 69, 22, 178, 234, 134, 25, 247, 61, 83, 59, 137, 198,
       125, 31, 109, 71, 251, 34, 237, 195, 253, 49, 168, 120, 214, 90,
       85, 69, 125, 103, 18, 78, 71, 184, 100, 160, 235, 72, 83, 115, 25,
       112, 48, 212, 92, 106, 104, 176, 89, 14, 247, 239, 37, 20, 96,
       179, 64, 34, 252, 102, 149, 118, 169, 104, 86, 136, 179, 186, 161,
       88, 207, 243, 73, 155, 145, 212, 108, 122, 40, 103, 203, 34, 211,
       219, 101, 61, 226, 241, 10, 3, 252, 76, 124, 118, 168, 74, 87,
       168, 176, 178, 166, 24, 215, 119, 9, 123, 19, 215, 108, 106, 104,
       229, 201, 46, 241, 235, 101, 21, 96, 243, 68, 34, 148, 189, 159,
       247, 144, 110, 103, 255, 54, 162, 238, 16, 83, 115, 0, 113, 121,
       222, 105, 170, 120, 217, 25, 46, 235, 231, 229, 68, 160, 112, 228,
       34, 120, 184, 253, 112, 137, 237, 81, 218, 162, 183, 164, 24, 27,
       151, 64, 58, 1, 150, 204, 24, 26, 111, 250, 49, 91, 201, 53, 125,
       227, 128, 70, 106, 192, 172, 157, 255, 232, 237, 21, 143, 158, 23,
       32, 24, 182, 243, 64, 91, 129, 115, 106, 8, 50, 78, 218, 51, 205,
       162, 86, 120, 144, 88, 135, 170, 116, 133, 93, 103, 158, 43, 71,
       184, 100, 160, 171, 8, 215, 49, 9, 112, 18, 214, 104, 106, 24,
       160, 121, 60, 233, 175, 5, 20, 112, 251, 192, 32, 108, 103, 117,
       103, 37, 90, 118, 56, 121, 168, 127, 8, 219, 109, 145, 55, 16,
       212, 236, 106, 236, 240, 237, 14, 231, 251, 101, 21, 99, 247, 70,
       36, 72, 221, 29, 123, 153, 239, 85, 175, 94, 63, 46, 24, 182, 55,
       0, 115, 129, 22, 104, 0, 50, 72, 123, 55, 237, 247, 84, 87, 208,
       88, 132, 42, 109, 113, 61, 101, 37, 31, 114, 56, 105, 232, 119,
       77, 219, 61, 159, 178, 148, 68, 124, 110, 197, 240, 241, 12, 231,
       251, 97, 150, 74, 183, 66, 119, 249, 172, 143, 54, 168, 236, 85,
       150, 179, 91, 164, 25, 55, 247, 66, 59, 193, 230, 125, 24, 46, 79,
       218, 33, 219, 235, 245, 57, 160, 241, 218, 10, 217, 188, 190, 48,
       168, 237, 81, 23, 246, 219, 166, 24, 183, 177, 66, 11, 129, 51,
       108, 17, 59, 109, 211, 35, 217, 195, 119, 120, 232, 64, 131, 10,
       224, 253, 148, 62, 153, 205, 22, 175, 159, 23, 168, 25, 174, 251,
       64, 147, 129, 123, 232, 16, 126, 106, 218, 179, 169, 210, 84, 123,
       210, 92, 142, 14, 108, 229, 14, 62, 25, 196, 79, 232, 177, 72,
       237, 9, 114, 247, 43, 16, 216, 224, 121, 238, 74, 67, 218, 47,
       243, 255, 197, 29, 10, 51, 106, 66, 204, 125, 159, 99, 129, 110,
       119, 140, 120, 234, 46, 8, 222, 117, 73, 58, 177, 84, 104, 122,
       97, 244, 185, 42, 239, 219, 69, 6, 200, 115, 199, 34, 218, 172,
       148, 178, 137, 233, 16, 143, 187, 63, 128, 57, 174, 178, 64, 155,
       129, 19, 233, 17, 54, 79, 202, 51, 155, 211, 92, 127, 146, 68,
       143, 10, 216, 164, 156, 48, 169, 105, 20, 143, 187, 63, 164, 57,
       143, 179, 74, 27, 131, 151, 237, 16, 62, 77, 203, 19, 203, 211,
       85, 127, 130, 68, 143, 11, 241, 184, 247, 86, 169, 221, 85, 214,
       243, 251, 180, 120, 122, 252, 198, 62, 167, 246, 252, 16, 191,
       111, 186, 227, 219, 218, 117, 251, 235, 212, 198, 95, 254, 253,
       148, 58, 137, 237, 22, 202, 155, 30, 168, 9, 174, 250, 65, 154,
       129, 243, 236, 66, 110, 107, 218, 179, 187, 215, 85, 59, 210, 95,
       142, 14, 249, 174, 252, 112, 168, 173, 93, 159, 187, 123, 180,
       185, 159, 247, 66, 27, 135, 183, 253, 20, 58, 79, 194, 51, 219,
       219, 117, 249, 226, 196, 142, 75, 104, 176, 59, 112, 57, 237, 81,
       83, 235, 29, 36, 24, 62, 151, 64, 56, 161, 58, 76, 24, 18, 41,
       178, 17, 219, 221, 48, 122, 194, 0, 71, 99, 93, 38, 216, 103, 144,
       62, 106, 152, 113, 170, 175, 84, 203, 99, 155, 254, 51, 196, 76,
       254, 173, 208, 205, 42, 174, 239, 37, 4, 170, 243, 74, 36, 244,
       172, 150, 146, 202, 40, 36, 207, 58, 179, 163, 249, 70, 226, 72,
       27, 97, 206, 106, 18, 58, 87, 203, 98, 60, 2, 119, 126, 128, 113,
       162, 6, 189, 203, 78, 62, 164, 27, 70, 188, 85, 132, 231, 144,
       227, 225, 187, 245, 82, 228, 168, 110, 108, 228, 111, 61, 162,
       235, 101, 21, 126, 190, 216, 4, 210, 170, 188, 94, 170, 240, 17,
       143, 171, 191, 132, 185, 110, 247, 206, 31, 135, 247, 237, 16, 58,
       79, 170, 241, 155, 243, 117, 255, 144, 96, 135, 111, 220, 102,
       204, 54, 168, 42, 68, 136, 50, 182, 167, 153, 199, 99, 75, 91, 3,
       196, 108, 62, 60, 68, 207, 34, 214, 227, 101, 21, 160, 243, 74, 2,
       108, 177, 189, 103, 168, 79, 87, 184, 99, 252, 173, 8, 223, 119,
       72, 50, 145, 212, 124, 122, 89, 96, 251, 0, 239, 251, 101, 53,
       194, 242, 198, 115, 85, 69, 127, 103, 22, 78, 103, 184, 100, 160,
       239, 0, 83, 115, 25, 112, 112, 196, 88, 106, 105, 176, 89, 14,
       231, 175, 5, 20, 96, 243, 64, 32, 208, 142, 189, 119, 172, 46, 85,
       62, 242, 190, 178, 120, 247, 121, 64, 11, 135, 119, 109, 41, 168,
       237, 235, 46, 233, 171, 117, 16, 64, 232, 133, 41, 244, 60, 172,
       182, 172, 109, 69, 182, 178, 251, 134, 24, 215, 177, 89, 59, 129,
       214, 125, 27, 56, 79, 219, 34, 249, 163, 245, 48, 160, 120, 214,
       42, 252, 68, 220, 118, 168, 106, 95, 172, 176, 178, 167, 24, 215,
