%YAML:1.0
---
descriptors: !!opencv-matrix
   rows: 305
   cols: 32
   dt: u
   data: [ 116, 60, 188, 112, 136, 109, 81, 154, 178, 191, 164, 24, 23,
       183, 65, 27, 129, 214, 108, 16, 58, 103, 250, 34, 217, 131, 117,
       125, 224, 241, 198, 98, 88, 168, 191, 252, 138, 232, 81, 23, 163,
       23, 164, 25, 55, 183, 64, 91, 35, 246, 109, 16, 58, 75, 178, 33,
       219, 227, 112, 121, 160, 192, 166, 106, 216, 152, 159, 116, 168,
       108, 65, 51, 160, 155, 166, 24, 247, 55, 0, 123, 1, 246, 108, 8,
       57, 77, 179, 1, 217, 227, 112, 88, 160, 224, 134, 58, 120, 56,
       255, 112, 40, 204, 81, 19, 162, 253, 180, 60, 23, 151, 64, 26, 38,
       148, 109, 8, 11, 79, 178, 0, 219, 193, 48, 248, 98, 128, 6, 123,
       69, 117, 49, 71, 81, 78, 103, 184, 105, 224, 110, 72, 222, 113, 9,
       180, 176, 92, 80, 106, 65, 240, 185, 46, 37, 188, 5, 6, 74, 51,
       67, 50, 96, 176, 189, 124, 232, 68, 17, 206, 170, 189, 160, 57,
       116, 247, 76, 26, 129, 119, 109, 16, 18, 67, 170, 65, 217, 162,
       127, 255, 128, 96, 135, 99, 221, 34, 152, 176, 168, 56, 88, 138,
       242, 187, 163, 125, 143, 226, 195, 219, 163, 207, 236, 20, 60, 69,
       203, 0, 218, 243, 119, 125, 168, 241, 139, 0, 36, 225, 57, 106,
       29, 77, 83, 136, 66, 20, 173, 8, 242, 85, 73, 48, 153, 16, 64,
       122, 74, 34, 107, 17, 239, 157, 5, 125, 80, 11, 70, 34, 252, 56,
       253, 116, 169, 109, 85, 215, 242, 183, 164, 24, 59, 191, 64, 59,
       129, 247, 125, 24, 58, 111, 250, 32, 219, 203, 117, 57, 225, 240,
       198, 106, 224, 172, 156, 250, 76, 237, 65, 143, 222, 27, 164, 24,
       246, 243, 72, 123, 193, 82, 106, 8, 51, 111, 218, 51, 221, 163,
       117, 121, 216, 72, 199, 42, 85, 77, 93, 103, 178, 74, 71, 188,
       100, 160, 43, 72, 215, 115, 9, 115, 22, 214, 124, 106, 105, 176,
       121, 44, 225, 235, 37, 20, 96, 243, 192, 32, 252, 190, 253, 118,
       136, 110, 69, 187, 178, 190, 167, 24, 83, 119, 73, 27, 1, 214,
       108, 42, 56, 103, 251, 46, 251, 235, 117, 60, 224, 241, 198, 98,
       240, 14, 191, 116, 168, 44, 85, 183, 160, 186, 182, 56, 119, 55,
       128, 123, 135, 247, 109, 42, 120, 111, 203, 40, 211, 235, 117, 24,
       96, 240, 198, 43, 252, 112, 189, 115, 41, 109, 83, 152, 123, 250,
       167, 24, 215, 87, 73, 59, 145, 212, 124, 122, 43, 103, 251, 32,
       219, 219, 101, 60, 194, 243, 70, 115, 104, 172, 180, 252, 205,
       237, 84, 231, 223, 131, 164, 24, 190, 185, 96, 24, 201, 250, 123,
       16, 122, 111, 210, 179, 251, 223, 212, 123, 210, 88, 214, 10, 21,
       84, 89, 231, 48, 6, 107, 184, 116, 224, 235, 68, 211, 67, 153,
       112, 84, 204, 28, 238, 233, 144, 125, 14, 224, 174, 167, 4, 40,
       163, 96, 48, 236, 166, 188, 99, 169, 105, 17, 9, 59, 63, 37, 56,
       206, 115, 74, 27, 145, 22, 232, 48, 50, 116, 233, 18, 207, 211,
       85, 119, 210, 74, 199, 35, 92, 181, 253, 114, 155, 232, 81, 207,
       178, 53, 173, 24, 31, 247, 72, 58, 33, 151, 232, 144, 58, 107,
       186, 115, 219, 199, 21, 127, 225, 64, 166, 98, 92, 16, 156, 245,
       172, 108, 89, 24, 191, 251, 183, 45, 223, 247, 75, 91, 135, 215,
       125, 24, 56, 65, 219, 128, 203, 251, 119, 212, 162, 225, 7, 115,
       232, 188, 180, 248, 173, 253, 92, 223, 223, 187, 188, 24, 190,
       249, 84, 59, 201, 226, 127, 17, 186, 111, 242, 179, 219, 219, 85,
       123, 210, 92, 214, 11, 248, 180, 188, 248, 173, 253, 81, 87, 255,
       63, 180, 24, 191, 187, 64, 59, 205, 179, 253, 17, 186, 111, 242,
       147, 219, 219, 84, 123, 210, 72, 198, 43, 248, 180, 190, 120, 45,
       253, 81, 83, 251, 27, 180, 24, 190, 191, 100, 59, 133, 179, 253,
       16, 186, 111, 242, 211, 219, 219, 80, 123, 210, 72, 71, 59, 234,
       173, 182, 252, 237, 253, 92, 223, 255, 251, 188, 24, 190, 251, 84,
       123, 201, 231, 127, 24, 186, 111, 242, 243, 255, 255, 215, 123,
       211, 92, 242, 10, 245, 143, 77, 119, 180, 42, 79, 184, 112, 226,
       115, 252, 211, 97, 153, 113, 19, 198, 108, 110, 233, 244, 109, 46,
       236, 239, 37, 148, 236, 241, 210, 32, 157, 205, 211, 111, 148, 26,
       79, 189, 116, 162, 110, 192, 243, 99, 144, 240, 51, 238, 12, 238,
       105, 184, 109, 63, 234, 239, 39, 0, 38, 242, 192, 40, 221, 75, 85,
       101, 168, 30, 71, 189, 224, 152, 182, 76, 83, 50, 129, 247, 6,
       196, 108, 110, 233, 193, 229, 44, 242, 235, 101, 144, 106, 178,
       194, 41, 197, 116, 157, 103, 129, 110, 119, 0, 120, 202, 39, 24,
       222, 112, 73, 59, 146, 84, 104, 98, 97, 244, 249, 42, 229, 251,
       69, 2, 200, 115, 67, 35, 196, 100, 189, 119, 136, 111, 87, 159,
       114, 179, 175, 24, 210, 119, 73, 59, 145, 86, 104, 50, 57, 100,
       251, 34, 233, 171, 85, 53, 192, 115, 198, 34, 77, 53, 157, 241,
       129, 126, 117, 23, 43, 243, 47, 16, 158, 55, 66, 250, 133, 23,
       248, 24, 17, 216, 241, 64, 207, 255, 86, 70, 138, 64, 131, 114,
       197, 188, 159, 23, 168, 174, 37, 151, 254, 219, 98, 84, 244, 243,
       192, 123, 165, 110, 122, 12, 179, 220, 187, 99, 205, 171, 119, 0,
       136, 80, 131, 169, 77, 117, 17, 71, 81, 14, 102, 188, 121, 232,
       106, 76, 222, 113, 5, 180, 144, 92, 80, 106, 193, 176, 217, 110,
       37, 188, 5, 4, 74, 51, 67, 163, 37, 113, 145, 71, 213, 79, 102,
       184, 107, 232, 43, 72, 214, 80, 77, 54, 145, 92, 64, 122, 65, 240,
       249, 40, 45, 156, 5, 52, 72, 59, 66, 162, 120, 184, 255, 112, 168,
       205, 85, 215, 226, 157, 164, 8, 59, 183, 64, 58, 163, 246, 237,
       16, 90, 107, 178, 33, 219, 235, 116, 121, 227, 128, 198, 107, 228,
       188, 157, 250, 232, 237, 17, 143, 218, 59, 161, 24, 182, 241, 72,
       123, 129, 18, 106, 24, 51, 111, 218, 49, 221, 130, 113, 124, 216,
       72, 135, 42, 92, 77, 93, 101, 182, 74, 79, 189, 101, 160, 170, 8,
       215, 115, 9, 115, 50, 247, 124, 106, 105, 160, 121, 44, 225, 235,
       37, 20, 96, 242, 192, 32, 3, 191, 234, 30, 242, 240, 182, 71, 122,
       79, 125, 183, 40, 238, 238, 48, 191, 123, 130, 145, 151, 219, 174,
       99, 62, 39, 62, 139, 205, 70, 175, 223, 212, 60, 159, 242, 168,
       232, 5, 207, 186, 251, 130, 248, 246, 247, 73, 91, 167, 119, 125,
       16, 51, 79, 154, 50, 153, 162, 127, 248, 128, 112, 135, 51, 237,
       113, 253, 103, 172, 78, 71, 184, 97, 234, 167, 8, 211, 85, 201,
       59, 20, 212, 124, 106, 233, 116, 249, 8, 231, 217, 101, 52, 72,
       179, 66, 113, 253, 121, 253, 103, 40, 78, 71, 184, 96, 234, 183,
       72, 83, 119, 201, 51, 20, 212, 124, 106, 201, 96, 249, 40, 243,
       233, 101, 20, 104, 243, 70, 49, 252, 44, 252, 82, 141, 45, 85,
       202, 211, 191, 180, 24, 67, 225, 79, 31, 9, 214, 236, 26, 58, 103,
       250, 50, 219, 219, 85, 127, 243, 249, 198, 34, 93, 85, 61, 102,
       184, 78, 71, 184, 96, 232, 191, 72, 247, 119, 137, 115, 20, 212,
       124, 106, 201, 129, 249, 44, 241, 233, 101, 148, 96, 243, 70, 49,
       236, 112, 189, 99, 45, 111, 83, 152, 123, 255, 165, 24, 223, 93,
       73, 59, 153, 212, 124, 122, 43, 102, 251, 2, 203, 219, 101, 60,
       194, 251, 70, 115, 252, 112, 189, 102, 40, 78, 87, 152, 97, 250,
       167, 8, 215, 87, 73, 59, 144, 212, 124, 106, 233, 103, 251, 32,
       243, 233, 101, 60, 96, 179, 70, 51, 108, 176, 188, 115, 173, 253,
       81, 25, 255, 127, 165, 24, 222, 125, 72, 59, 145, 146, 253, 24,
       58, 99, 251, 17, 207, 219, 81, 127, 210, 75, 198, 34, 104, 188,
       184, 254, 141, 253, 84, 143, 219, 19, 172, 24, 190, 249, 64, 48,
       201, 186, 251, 16, 26, 110, 242, 179, 203, 223, 20, 123, 210, 72,
       214, 138, 38, 100, 242, 207, 93, 111, 238, 204, 127, 162, 235, 10,
       234, 234, 29, 80, 249, 205, 123, 227, 8, 243, 219, 234, 183, 190,
       207, 60, 85, 123, 114, 128, 92, 97, 252, 167, 44, 11, 126, 184,
       174, 176, 251, 2, 223, 107, 25, 67, 246, 197, 127, 227, 200, 241,
       79, 136, 250, 227, 239, 148, 36, 187, 33, 1, 116, 181, 252, 114,
       154, 201, 21, 239, 178, 53, 173, 56, 19, 247, 72, 19, 1, 147, 233,
       16, 122, 75, 170, 55, 251, 199, 21, 127, 224, 0, 134, 98, 92, 81,
