%YAML:1.0
---
descriptors: !!opencv-matrix
   rows: 326
   cols: 32
   dt: u
   data: [ 248, 180, 255, 112, 138, 232, 81, 215, 178, 183, 164, 56, 23,
       183, 72, 27, 35, 151, 109, 16, 58, 79, 178, 2, 219, 195, 117, 125,
       224, 192, 134, 107, 100, 113, 29, 111, 9, 79, 71, 56, 96, 36, 237,
       8, 210, 55, 8, 48, 152, 84, 104, 106, 73, 242, 249, 28, 229, 187,
       65, 52, 64, 34, 70, 34, 68, 117, 25, 231, 116, 78, 103, 184, 41,
       8, 107, 72, 222, 87, 9, 48, 144, 84, 93, 106, 65, 176, 217, 12,
       229, 241, 37, 4, 64, 179, 7, 49, 200, 184, 188, 243, 169, 253,
       117, 183, 251, 59, 182, 24, 190, 191, 64, 59, 133, 87, 253, 24,
       162, 77, 251, 241, 203, 219, 119, 126, 130, 64, 135, 59, 250, 188,
       191, 250, 205, 245, 81, 223, 255, 223, 180, 24, 62, 189, 102, 255,
       205, 243, 255, 16, 59, 111, 186, 161, 219, 219, 87, 123, 210, 76,
       238, 123, 148, 237, 189, 255, 180, 46, 111, 190, 118, 168, 250,
       64, 247, 115, 153, 64, 118, 239, 125, 106, 248, 248, 73, 47, 233,
       175, 111, 208, 36, 251, 129, 41, 84, 85, 125, 231, 184, 14, 79,
       184, 32, 234, 191, 72, 215, 119, 137, 115, 22, 212, 125, 106, 233,
       144, 249, 46, 229, 239, 101, 148, 32, 243, 66, 49, 3, 189, 250,
       255, 252, 237, 253, 247, 255, 91, 252, 187, 181, 255, 246, 96,
       239, 251, 127, 157, 183, 123, 126, 243, 255, 159, 255, 232, 149,
       216, 225, 251, 5, 85, 57, 231, 48, 78, 111, 184, 60, 234, 127,
       100, 215, 119, 137, 112, 86, 92, 63, 106, 193, 144, 121, 46, 229,
       255, 39, 132, 8, 243, 100, 113, 205, 85, 25, 103, 48, 14, 103,
       184, 124, 234, 119, 68, 215, 115, 137, 112, 214, 68, 28, 110, 225,
       148, 121, 78, 229, 255, 39, 132, 8, 179, 65, 49, 213, 221, 157,
       103, 168, 78, 71, 188, 234, 186, 163, 72, 215, 115, 9, 115, 17,
       84, 108, 106, 97, 229, 251, 42, 225, 235, 101, 20, 200, 115, 195,
       33, 120, 180, 189, 112, 155, 237, 81, 71, 251, 53, 44, 24, 54,
       151, 64, 62, 129, 18, 104, 24, 18, 105, 178, 23, 219, 223, 16,
       123, 194, 64, 198, 106, 244, 180, 156, 114, 137, 109, 85, 158,
       242, 191, 173, 24, 215, 117, 73, 27, 129, 214, 108, 50, 58, 103,
       251, 34, 219, 195, 85, 125, 192, 113, 198, 34, 72, 16, 157, 117,
       40, 76, 113, 16, 172, 88, 39, 72, 223, 23, 64, 123, 130, 84, 124,
       8, 1, 64, 243, 0, 197, 249, 112, 0, 2, 128, 7, 49, 248, 188, 247,
       118, 169, 252, 80, 87, 243, 91, 180, 56, 59, 255, 198, 63, 167,
       246, 236, 16, 191, 111, 178, 177, 219, 251, 112, 251, 227, 192,
       198, 127, 249, 170, 252, 178, 169, 172, 88, 159, 163, 91, 164, 57,
       191, 247, 74, 27, 135, 151, 253, 20, 190, 79, 202, 49, 219, 219,
       113, 249, 162, 196, 142, 75, 244, 181, 253, 114, 168, 237, 69,
       223, 178, 191, 164, 24, 19, 247, 200, 59, 7, 214, 108, 24, 58,
       111, 250, 51, 251, 203, 117, 124, 224, 209, 198, 107, 252, 44,
       156, 50, 137, 109, 84, 207, 163, 183, 164, 25, 15, 243, 67, 155,
       129, 247, 237, 16, 62, 79, 218, 32, 219, 195, 117, 61, 226, 116,
       142, 10, 53, 150, 24, 107, 176, 63, 70, 191, 86, 43, 127, 124,
       215, 113, 138, 112, 23, 206, 12, 62, 187, 52, 105, 63, 238, 143,
       37, 116, 248, 219, 200, 33, 69, 85, 17, 101, 48, 14, 102, 56, 124,
       168, 107, 68, 222, 19, 9, 112, 148, 77, 44, 110, 193, 144, 217,
       78, 165, 188, 35, 4, 8, 179, 1, 33, 85, 69, 125, 101, 18, 78, 71,
       184, 100, 160, 42, 0, 83, 51, 9, 115, 50, 212, 124, 106, 73, 160,
       89, 12, 247, 171, 33, 20, 96, 179, 64, 32, 124, 69, 124, 103, 168,
       74, 71, 168, 113, 162, 175, 8, 211, 115, 9, 115, 19, 212, 104,
       106, 104, 240, 217, 46, 245, 235, 69, 21, 96, 243, 68, 34, 28,
       253, 159, 103, 145, 70, 71, 248, 54, 166, 234, 0, 83, 243, 9, 81,
       121, 252, 104, 106, 104, 209, 57, 46, 233, 235, 69, 4, 32, 115,
       228, 34, 197, 253, 157, 103, 177, 14, 103, 188, 122, 186, 43, 76,
       214, 113, 89, 50, 149, 70, 108, 126, 241, 240, 249, 42, 237, 255,
       101, 68, 200, 115, 195, 33, 192, 164, 149, 243, 136, 109, 69, 175,
       126, 59, 160, 24, 182, 51, 72, 59, 129, 151, 104, 24, 51, 92, 219,
       83, 141, 150, 85, 116, 216, 72, 199, 42, 144, 172, 187, 243, 128,
       236, 237, 199, 50, 23, 100, 18, 181, 243, 64, 57, 121, 255, 115,
       152, 50, 254, 187, 35, 221, 235, 255, 97, 225, 64, 167, 170, 112,
       141, 125, 111, 188, 43, 71, 190, 100, 160, 170, 8, 247, 115, 8,
       113, 18, 246, 124, 106, 120, 185, 89, 61, 233, 239, 37, 16, 112,
       250, 196, 40, 193, 168, 252, 81, 138, 248, 169, 134, 238, 243,
       134, 24, 151, 146, 86, 123, 35, 55, 122, 28, 55, 77, 247, 113,
       204, 139, 91, 120, 204, 64, 139, 140, 209, 140, 189, 119, 52, 107,
       205, 47, 122, 183, 146, 24, 247, 41, 16, 35, 131, 103, 124, 41,
       56, 237, 237, 46, 232, 171, 117, 84, 196, 232, 215, 104, 193, 136,
       189, 95, 169, 189, 149, 143, 207, 115, 160, 24, 166, 112, 71, 111,
       129, 66, 104, 12, 134, 109, 255, 49, 137, 122, 86, 58, 208, 72,
       65, 108, 242, 174, 254, 86, 139, 112, 93, 239, 179, 183, 164, 185,
       102, 231, 70, 31, 129, 246, 237, 144, 56, 79, 170, 98, 219, 243,
       85, 63, 162, 224, 166, 126, 69, 113, 153, 101, 32, 78, 55, 184,
       104, 232, 38, 72, 222, 55, 73, 50, 144, 84, 68, 98, 65, 240, 249,
       72, 101, 185, 37, 4, 64, 179, 71, 33, 244, 103, 142, 134, 138, 42,
       7, 136, 48, 166, 195, 230, 198, 34, 201, 219, 113, 196, 108, 242,
       57, 211, 205, 106, 184, 38, 239, 21, 168, 123, 170, 1, 76, 101,
       124, 103, 178, 10, 127, 184, 57, 174, 127, 169, 223, 119, 139, 16,
       22, 85, 253, 110, 96, 208, 233, 78, 230, 255, 33, 132, 38, 247, 7,
       97, 80, 184, 186, 48, 8, 237, 17, 11, 226, 209, 164, 24, 183, 211,
       64, 122, 1, 179, 108, 17, 27, 105, 210, 49, 217, 129, 114, 120,
       232, 64, 135, 58, 113, 159, 95, 100, 180, 46, 71, 182, 224, 234,
       174, 76, 83, 97, 144, 115, 52, 230, 108, 110, 249, 169, 189, 47,
       240, 175, 101, 16, 104, 227, 194, 33, 232, 181, 156, 121, 169,
       237, 20, 143, 31, 63, 40, 25, 174, 59, 74, 154, 133, 27, 235, 16,
       54, 108, 211, 51, 207, 215, 84, 127, 210, 76, 143, 10, 145, 142,
       79, 125, 180, 170, 109, 159, 118, 67, 98, 244, 243, 97, 144, 120,
       17, 238, 44, 60, 249, 252, 77, 63, 236, 174, 117, 64, 236, 208,
       208, 40, 220, 84, 252, 247, 44, 46, 127, 184, 188, 186, 183, 50,
       223, 127, 153, 75, 247, 213, 125, 106, 232, 197, 107, 169, 211,
       235, 235, 148, 36, 251, 33, 33, 252, 233, 182, 254, 205, 207, 214,
       232, 255, 178, 165, 26, 254, 249, 109, 95, 249, 253, 251, 195,
       104, 103, 219, 251, 251, 251, 199, 63, 210, 123, 118, 2, 220, 52,
       188, 247, 168, 108, 93, 25, 171, 187, 183, 48, 223, 127, 201, 123,
       167, 213, 125, 56, 184, 69, 251, 128, 203, 251, 119, 212, 128,
       224, 135, 115, 236, 237, 182, 252, 141, 205, 87, 230, 223, 146,
       172, 8, 174, 253, 101, 19, 201, 243, 251, 82, 106, 107, 210, 177,
       251, 251, 69, 123, 210, 121, 246, 10, 232, 188, 180, 250, 173,
       189, 80, 159, 255, 187, 180, 24, 238, 249, 76, 27, 137, 114, 255,
       16, 186, 109, 250, 243, 207, 219, 85, 122, 210, 72, 211, 3, 248,
       184, 189, 242, 169, 237, 93, 158, 171, 127, 180, 57, 191, 191, 64,
       59, 133, 211, 253, 80, 59, 79, 250, 49, 219, 219, 125, 255, 242,
       85, 135, 123, 232, 245, 188, 123, 157, 93, 85, 189, 83, 59, 165,
       24, 255, 125, 72, 51, 217, 146, 249, 48, 122, 110, 251, 147, 239,
       223, 84, 125, 210, 10, 214, 42, 226, 172, 182, 254, 237, 167, 236,
       223, 191, 187, 242, 24, 238, 234, 52, 91, 201, 239, 127, 145, 186,
       111, 219, 243, 157, 250, 223, 248, 144, 248, 242, 138, 166, 172,
       246, 159, 236, 171, 236, 207, 255, 179, 242, 18, 236, 234, 52, 75,
       251, 239, 127, 17, 178, 255, 203, 255, 156, 58, 223, 244, 213,
       120, 211, 136, 108, 52, 189, 99, 173, 111, 83, 152, 107, 250, 47,
       8, 215, 117, 73, 58, 145, 84, 125, 122, 25, 112, 249, 16, 207,
