%YAML:1.0
---
descriptors: !!opencv-matrix
   rows: 229
   cols: 32
   dt: u
   data: [ 220, 48, 189, 242, 40, 237, 81, 24, 183, 63, 165, 24, 151,
       151, 72, 27, 1, 149, 109, 16, 26, 71, 250, 16, 217, 195, 112, 125,
       162, 129, 7, 99, 228, 248, 157, 115, 232, 76, 87, 152, 114, 187,
       164, 24, 214, 113, 73, 58, 145, 86, 104, 122, 122, 118, 219, 34,
       237, 151, 101, 116, 192, 114, 198, 34, 112, 168, 250, 112, 136,
       233, 81, 215, 178, 23, 164, 56, 55, 183, 64, 26, 9, 178, 237, 16,
       26, 107, 226, 49, 219, 195, 116, 121, 224, 192, 198, 42, 100, 48,
       241, 65, 224, 111, 107, 152, 42, 189, 53, 8, 147, 23, 77, 62, 149,
       92, 68, 122, 19, 112, 249, 0, 77, 156, 33, 116, 194, 243, 70, 225,
       100, 184, 181, 80, 169, 237, 81, 139, 235, 249, 166, 24, 158, 151,
       64, 63, 129, 214, 124, 24, 27, 107, 251, 80, 223, 216, 85, 126,
       194, 64, 70, 42, 221, 92, 149, 117, 169, 110, 68, 182, 233, 242,
       162, 24, 254, 115, 65, 255, 129, 118, 108, 42, 105, 229, 219, 32,
       131, 250, 85, 18, 74, 241, 66, 42, 137, 140, 159, 117, 144, 174,
       97, 183, 124, 163, 226, 80, 183, 51, 0, 113, 129, 102, 104, 8, 57,
       252, 81, 47, 233, 235, 114, 80, 200, 192, 193, 40, 125, 93, 125,
       103, 176, 78, 79, 184, 96, 232, 191, 72, 87, 119, 137, 115, 52,
       212, 124, 106, 201, 161, 121, 46, 227, 237, 101, 148, 98, 243,
       102, 49, 197, 176, 157, 97, 98, 109, 49, 136, 106, 249, 35, 56,
       158, 16, 72, 59, 179, 29, 108, 120, 19, 116, 249, 64, 205, 217,
       97, 102, 200, 3, 3, 163, 248, 168, 252, 122, 137, 237, 81, 219,
       162, 23, 164, 24, 51, 247, 72, 27, 129, 178, 237, 24, 58, 111,
       250, 49, 219, 227, 113, 121, 226, 192, 198, 98, 108, 53, 188, 110,
       205, 93, 87, 184, 83, 254, 173, 12, 242, 117, 79, 186, 217, 214,
       224, 122, 233, 98, 250, 50, 107, 223, 69, 63, 210, 123, 78, 242,
       100, 51, 57, 101, 240, 14, 71, 56, 97, 172, 47, 8, 215, 51, 73,
       16, 16, 92, 100, 106, 72, 240, 249, 14, 239, 189, 37, 52, 64, 179,
       70, 35, 37, 180, 249, 75, 240, 111, 199, 158, 82, 75, 125, 92, 83,
       117, 204, 48, 29, 90, 6, 56, 179, 58, 121, 55, 111, 142, 53, 108,
       217, 218, 198, 241, 108, 229, 189, 106, 137, 77, 87, 168, 50, 191,
       173, 24, 214, 119, 73, 59, 25, 210, 96, 122, 90, 98, 251, 49, 239,
       219, 69, 125, 210, 115, 198, 98, 121, 160, 188, 240, 169, 189, 88,
       87, 163, 57, 164, 25, 63, 187, 64, 58, 135, 179, 253, 28, 158, 75,
       146, 145, 219, 219, 85, 121, 162, 196, 138, 10, 120, 56, 186, 112,
       137, 205, 81, 87, 235, 153, 164, 12, 190, 147, 64, 26, 161, 179,
       237, 16, 26, 107, 146, 0, 219, 217, 20, 123, 202, 0, 199, 59, 92,
       184, 149, 114, 136, 232, 69, 159, 163, 179, 170, 120, 215, 247,
       72, 126, 1, 214, 108, 24, 27, 73, 139, 33, 217, 226, 117, 124,
       162, 208, 134, 33, 120, 170, 250, 112, 138, 233, 81, 215, 179, 23,
       164, 56, 55, 183, 66, 26, 3, 178, 237, 16, 26, 111, 130, 49, 219,
       195, 116, 121, 224, 128, 198, 42, 221, 94, 111, 103, 32, 10, 79,
       56, 112, 238, 214, 228, 115, 71, 145, 115, 54, 228, 124, 238, 233,
       213, 237, 46, 240, 171, 229, 144, 44, 179, 98, 113, 5, 117, 17,
       71, 81, 78, 102, 184, 120, 224, 107, 72, 214, 81, 9, 176, 144, 92,
       80, 106, 65, 176, 249, 46, 37, 188, 5, 6, 72, 51, 67, 178, 116,
       42, 220, 52, 170, 41, 80, 66, 162, 191, 180, 185, 23, 169, 67, 27,
       139, 247, 236, 16, 30, 111, 202, 32, 218, 195, 117, 61, 225, 249,
       138, 3, 240, 160, 221, 122, 136, 237, 85, 223, 162, 63, 164, 24,
       55, 247, 72, 27, 1, 210, 109, 24, 10, 79, 234, 49, 219, 131, 117,
       60, 176, 208, 198, 98, 69, 113, 16, 71, 21, 15, 102, 184, 120,
       168, 99, 76, 214, 81, 25, 52, 144, 76, 68, 110, 193, 240, 217, 12,
       37, 188, 37, 36, 72, 51, 75, 131, 29, 93, 25, 103, 176, 78, 111,
       184, 116, 232, 123, 68, 215, 115, 153, 112, 54, 92, 60, 110, 233,
       144, 121, 46, 229, 175, 37, 132, 40, 243, 0, 49, 93, 77, 95, 103,
       20, 78, 103, 184, 101, 128, 235, 72, 87, 115, 9, 115, 50, 212,
       108, 106, 105, 161, 57, 45, 241, 235, 37, 20, 97, 243, 66, 32,
       220, 93, 19, 254, 25, 196, 23, 232, 132, 0, 193, 0, 247, 215, 41,
       64, 208, 243, 121, 226, 74, 3, 219, 61, 241, 224, 138, 24, 48, 59,
       37, 58, 97, 184, 177, 80, 233, 205, 81, 139, 235, 249, 160, 24,
       182, 147, 68, 63, 161, 182, 124, 24, 3, 107, 250, 64, 31, 152, 85,
       126, 192, 0, 66, 46, 120, 185, 119, 120, 171, 233, 81, 87, 171,
       93, 164, 56, 63, 151, 64, 63, 171, 179, 221, 16, 27, 107, 178,
       177, 211, 209, 16, 123, 226, 128, 134, 123, 161, 188, 57, 89, 92,
       237, 225, 79, 94, 105, 224, 24, 182, 152, 84, 32, 201, 58, 82, 25,
       179, 46, 250, 23, 13, 156, 19, 122, 216, 8, 211, 170, 77, 245,
       189, 103, 160, 78, 127, 189, 59, 255, 39, 24, 223, 55, 203, 59,
       149, 86, 125, 126, 177, 208, 249, 42, 239, 223, 117, 180, 202,
       243, 198, 121, 77, 49, 191, 101, 160, 110, 111, 176, 40, 243, 79,
       4, 223, 55, 154, 122, 55, 84, 125, 110, 145, 208, 185, 96, 239,
       255, 103, 196, 138, 243, 131, 113, 100, 112, 241, 69, 224, 111,
       103, 24, 104, 174, 59, 72, 211, 23, 205, 62, 16, 92, 68, 122, 1,
       244, 249, 8, 69, 156, 37, 36, 192, 243, 70, 161, 100, 161, 249,
       97, 248, 107, 67, 153, 34, 189, 165, 56, 147, 23, 72, 26, 25, 156,
       69, 56, 26, 82, 233, 16, 207, 136, 37, 116, 224, 131, 70, 227, 98,
       184, 186, 154, 93, 245, 146, 198, 143, 29, 141, 25, 166, 220, 110,
       12, 201, 59, 235, 19, 14, 107, 250, 243, 155, 20, 24, 123, 208,
       15, 30, 94, 32, 160, 177, 80, 89, 233, 49, 66, 123, 21, 97, 24,
       26, 151, 76, 188, 145, 24, 192, 16, 18, 126, 162, 83, 15, 156, 16,
       107, 195, 0, 70, 162, 77, 245, 189, 67, 164, 127, 167, 136, 122,
       251, 46, 8, 214, 112, 73, 42, 145, 86, 120, 122, 17, 112, 249, 34,
       237, 159, 101, 116, 200, 123, 195, 35, 84, 93, 55, 167, 18, 74,
       71, 48, 36, 164, 203, 3, 215, 55, 1, 80, 50, 244, 109, 107, 104,
       145, 49, 14, 241, 166, 34, 16, 32, 179, 37, 98, 116, 160, 253,
       112, 136, 105, 81, 211, 162, 183, 164, 24, 19, 151, 65, 27, 1,
       212, 108, 24, 26, 79, 226, 0, 217, 203, 117, 124, 224, 192, 198,
       98, 248, 184, 253, 114, 170, 233, 81, 23, 162, 63, 164, 56, 51,
       151, 64, 27, 7, 178, 109, 24, 26, 79, 178, 33, 219, 203, 112, 121,
       224, 192, 134, 107, 252, 112, 145, 114, 73, 108, 81, 152, 163,
       179, 165, 24, 31, 215, 73, 63, 1, 220, 108, 90, 11, 71, 250, 0,
       211, 209, 81, 61, 162, 177, 6, 34, 208, 176, 159, 118, 138, 108,
       65, 23, 162, 159, 166, 24, 87, 183, 72, 91, 37, 214, 109, 8, 24,
       79, 162, 0, 217, 227, 116, 56, 160, 224, 38, 107, 21, 87, 25, 7,
       48, 14, 111, 56, 116, 232, 123, 100, 211, 97, 153, 112, 22, 76,
       44, 110, 233, 176, 77, 14, 228, 174, 37, 132, 104, 243, 64, 49,
       93, 85, 121, 103, 48, 78, 79, 184, 116, 232, 127, 68, 215, 119,
       137, 112, 54, 84, 28, 106, 233, 144, 121, 46, 225, 239, 37, 132,
       42, 179, 64, 49, 84, 149, 57, 231, 176, 14, 95, 184, 52, 170, 255,
       96, 215, 119, 137, 112, 22, 86, 93, 106, 233, 144, 121, 62, 235,
       239, 39, 148, 32, 243, 1, 49, 220, 188, 221, 119, 168, 110, 69,
       150, 178, 187, 167, 48, 83, 119, 201, 123, 37, 214, 109, 24, 57,
       197, 251, 34, 203, 235, 117, 84, 160, 241, 134, 49, 96, 188, 157,
       250, 232, 233, 37, 207, 218, 59, 40, 24, 182, 179, 64, 123, 1, 26,
       106, 24, 51, 111, 218, 51, 221, 135, 117, 124, 216, 72, 135, 170,
       125, 77, 95, 102, 148, 78, 103, 184, 96, 128, 239, 64, 83, 115, 9,
       115, 48, 196, 108, 106, 105, 161, 121, 46, 241, 239, 37, 20, 97,
       179, 66, 32, 118, 102, 244, 236, 236, 11, 238, 232, 111, 160, 251,
       74, 207, 106, 93, 90, 251, 205, 127, 243, 136, 243, 201, 248, 190,
       254, 207, 20, 197, 251, 115, 128, 85, 97, 19, 165, 23, 90, 102,
       104, 104, 164, 234, 14, 207, 2, 1, 144, 58, 205, 72, 106, 77, 241,
