%YAML:1.0
---
descriptors: !!opencv-matrix
   rows: 241
   cols: 32
   dt: u
   data: [ 149, 95, 29, 103, 48, 14, 111, 188, 116, 234, 123, 100, 215,
       115, 153, 112, 54, 68, 124, 110, 233, 176, 61, 46, 228, 174, 37,
       132, 104, 243, 67, 49, 253, 113, 61, 103, 40, 78, 71, 184, 96,
       248, 55, 76, 215, 117, 201, 51, 22, 84, 124, 106, 201, 96, 249,
       40, 225, 233, 101, 52, 104, 179, 66, 113, 252, 112, 189, 99, 173,
       111, 81, 152, 227, 251, 167, 24, 223, 95, 73, 59, 145, 212, 124,
       122, 43, 101, 249, 0, 219, 219, 101, 116, 194, 243, 70, 51, 236,
       48, 189, 114, 173, 109, 81, 152, 219, 255, 165, 24, 223, 93, 73,
       59, 129, 17, 253, 50, 58, 103, 251, 144, 203, 219, 81, 127, 194,
       73, 70, 115, 236, 176, 189, 250, 173, 253, 81, 155, 219, 123, 165,
       24, 222, 253, 72, 59, 137, 146, 253, 16, 58, 111, 250, 145, 207,
       219, 81, 127, 210, 72, 198, 98, 232, 180, 180, 250, 173, 253, 81,
       15, 219, 63, 165, 24, 190, 189, 74, 59, 129, 146, 249, 16, 58,
       110, 242, 147, 207, 219, 84, 123, 210, 72, 198, 106, 120, 173,
       221, 114, 216, 201, 85, 247, 163, 21, 172, 56, 55, 215, 66, 16, 9,
       186, 69, 16, 90, 75, 226, 53, 251, 207, 53, 121, 226, 128, 198,
       234, 240, 172, 253, 86, 136, 111, 69, 191, 226, 182, 164, 24, 83,
       119, 72, 59, 9, 214, 108, 42, 120, 107, 251, 46, 249, 203, 117,
       60, 225, 240, 198, 106, 108, 124, 149, 115, 141, 111, 71, 152, 59,
       186, 39, 24, 214, 115, 73, 95, 145, 84, 121, 122, 121, 68, 251,
       34, 207, 255, 69, 118, 202, 123, 198, 115, 108, 229, 153, 122,
       137, 77, 87, 136, 179, 211, 173, 24, 210, 247, 74, 18, 153, 210,
       113, 122, 122, 98, 218, 51, 235, 159, 69, 125, 210, 115, 198, 98,
       204, 245, 157, 118, 153, 75, 23, 168, 242, 250, 175, 8, 214, 117,
       73, 51, 145, 116, 104, 106, 105, 97, 251, 47, 233, 159, 69, 55,
       200, 115, 71, 34, 248, 184, 253, 80, 136, 237, 81, 87, 162, 247,
       164, 24, 51, 247, 64, 63, 1, 182, 236, 24, 59, 75, 242, 17, 219,
       203, 117, 121, 226, 192, 198, 122, 240, 184, 255, 112, 168, 236,
       81, 87, 162, 63, 164, 25, 51, 151, 64, 27, 1, 182, 108, 8, 58, 79,
       242, 33, 219, 171, 112, 121, 96, 192, 198, 122, 224, 180, 28, 250,
       140, 237, 65, 143, 223, 59, 161, 24, 182, 211, 72, 57, 129, 146,
       106, 16, 59, 111, 218, 119, 217, 146, 85, 126, 216, 72, 199, 42,
       144, 44, 155, 119, 148, 230, 102, 71, 116, 131, 226, 16, 115, 211,
       32, 120, 249, 254, 40, 152, 58, 220, 17, 46, 251, 239, 181, 0,
       224, 80, 224, 42, 100, 101, 59, 102, 217, 70, 239, 224, 232, 168,
       235, 8, 80, 255, 45, 48, 248, 213, 123, 235, 73, 227, 184, 108,
       113, 174, 143, 12, 65, 115, 102, 162, 120, 172, 255, 114, 138,
       233, 93, 199, 162, 183, 172, 24, 55, 231, 64, 26, 35, 243, 237,
       144, 26, 75, 170, 33, 219, 199, 117, 121, 224, 208, 134, 106, 54,
       69, 18, 142, 217, 67, 22, 232, 157, 132, 233, 9, 70, 226, 45, 148,
       216, 233, 202, 99, 76, 163, 90, 46, 185, 22, 5, 63, 80, 123, 46,
       6, 129, 174, 159, 187, 236, 169, 109, 135, 126, 19, 80, 208, 181,
       226, 240, 75, 99, 106, 106, 28, 51, 252, 135, 115, 204, 131, 119,
       96, 152, 192, 161, 168, 102, 237, 148, 190, 137, 205, 22, 134,
       155, 30, 169, 9, 174, 242, 96, 150, 129, 115, 232, 67, 126, 107,
       218, 51, 169, 214, 85, 59, 208, 95, 143, 14, 129, 142, 223, 123,
       160, 170, 101, 159, 118, 19, 98, 212, 243, 99, 144, 105, 19, 110,
       34, 28, 51, 252, 79, 49, 204, 170, 119, 68, 188, 192, 192, 168,
       36, 221, 22, 190, 217, 205, 22, 228, 159, 4, 232, 9, 230, 249, 36,
       144, 201, 123, 234, 66, 78, 43, 90, 191, 185, 246, 5, 59, 80, 123,
       174, 134, 216, 176, 155, 240, 138, 233, 81, 151, 167, 55, 134, 56,
       151, 151, 64, 90, 39, 151, 109, 16, 26, 79, 178, 48, 217, 193,
       116, 121, 162, 192, 134, 106, 108, 52, 188, 112, 168, 109, 81,
       154, 178, 191, 165, 24, 151, 183, 75, 27, 129, 215, 109, 16, 58,
       99, 250, 2, 203, 211, 117, 125, 224, 225, 134, 99, 76, 165, 156,
       50, 169, 109, 84, 143, 162, 63, 173, 25, 143, 179, 74, 27, 133,
       151, 237, 16, 58, 75, 219, 16, 203, 211, 117, 127, 192, 64, 143,
       3, 66, 172, 148, 26, 137, 173, 20, 174, 187, 59, 129, 25, 174,
       242, 68, 159, 129, 99, 232, 19, 54, 75, 218, 113, 137, 18, 93,
       123, 144, 85, 139, 14, 248, 164, 253, 118, 136, 109, 69, 191, 178,
       183, 167, 24, 83, 119, 72, 59, 9, 214, 108, 40, 120, 111, 251, 35,
       217, 235, 117, 124, 224, 240, 198, 98, 237, 113, 157, 103, 36, 14,
       71, 188, 96, 170, 167, 76, 211, 81, 217, 59, 144, 100, 124, 106,
       233, 244, 249, 40, 231, 251, 101, 16, 74, 179, 66, 33, 237, 120,
       157, 103, 40, 14, 71, 152, 121, 250, 39, 76, 211, 113, 201, 59,
       148, 68, 108, 106, 233, 116, 251, 40, 197, 250, 101, 20, 72, 179,
       66, 49, 205, 29, 157, 119, 168, 110, 103, 191, 56, 186, 46, 88,
       215, 115, 9, 123, 145, 86, 124, 42, 97, 240, 249, 42, 229, 251,
       101, 20, 200, 113, 131, 33, 236, 124, 181, 103, 169, 111, 71, 152,
       123, 186, 47, 24, 214, 115, 73, 59, 145, 84, 120, 122, 49, 116,
       249, 34, 239, 255, 69, 54, 194, 115, 198, 34, 108, 229, 189, 67,
       137, 109, 71, 136, 123, 187, 45, 24, 214, 117, 73, 62, 145, 86,
       104, 122, 58, 98, 251, 50, 239, 222, 69, 127, 194, 115, 198, 34,
       108, 117, 53, 103, 157, 79, 71, 168, 121, 234, 111, 8, 214, 117,
       9, 48, 152, 84, 120, 106, 105, 240, 249, 14, 229, 223, 5, 52, 66,
       123, 70, 114, 252, 96, 253, 116, 141, 107, 85, 168, 83, 182, 165,
       24, 83, 49, 73, 59, 9, 212, 104, 34, 104, 103, 251, 0, 211, 195,
       85, 61, 227, 121, 70, 34, 197, 245, 157, 119, 153, 78, 23, 184,
       122, 250, 43, 8, 246, 113, 73, 51, 145, 84, 104, 122, 99, 100,
       251, 63, 237, 187, 69, 54, 200, 115, 67, 50, 120, 184, 253, 114,
       136, 237, 81, 215, 226, 253, 164, 24, 51, 247, 66, 59, 1, 182,
       108, 24, 26, 107, 242, 49, 219, 139, 117, 121, 224, 192, 198, 106,
       240, 184, 255, 112, 168, 233, 81, 87, 178, 31, 164, 57, 55, 183,
       66, 27, 33, 178, 109, 24, 58, 111, 178, 17, 219, 195, 116, 121,
       224, 192, 198, 123, 213, 180, 148, 82, 169, 60, 0, 159, 251, 187,
       163, 92, 222, 242, 72, 255, 135, 71, 108, 28, 183, 77, 219, 98,
       152, 218, 95, 126, 136, 65, 139, 5, 106, 170, 244, 112, 233, 173,
       88, 87, 187, 187, 160, 89, 63, 255, 64, 59, 135, 183, 125, 20,
       190, 79, 210, 241, 219, 219, 81, 248, 226, 132, 130, 11, 96, 168,
       21, 217, 216, 205, 33, 143, 110, 49, 32, 24, 182, 19, 64, 114,
       129, 18, 106, 24, 19, 72, 211, 53, 205, 144, 20, 120, 216, 8, 131,
       42, 96, 245, 21, 113, 153, 77, 68, 175, 123, 59, 40, 88, 214, 51,
       76, 114, 145, 23, 104, 16, 115, 104, 219, 23, 173, 150, 85, 126,
       88, 88, 195, 42, 124, 69, 93, 103, 149, 79, 71, 168, 100, 160,
       175, 8, 83, 113, 9, 112, 48, 196, 72, 106, 105, 177, 121, 30, 249,
       175, 5, 20, 113, 187, 68, 32, 129, 112, 17, 71, 81, 94, 166, 56,
       105, 200, 98, 72, 242, 80, 133, 180, 144, 124, 80, 106, 197, 180,
       241, 110, 37, 188, 0, 2, 74, 51, 75, 172, 13, 117, 17, 71, 241,
       14, 103, 184, 121, 232, 107, 76, 222, 113, 9, 52, 144, 76, 80,
       106, 193, 176, 249, 46, 39, 188, 5, 6, 74, 51, 67, 163, 116, 127,
       158, 182, 168, 15, 22, 226, 154, 174, 184, 109, 230, 240, 99, 19,
       141, 119, 236, 67, 108, 107, 202, 42, 184, 247, 109, 187, 200,
       123, 14, 27, 52, 205, 18, 142, 221, 71, 134, 232, 157, 132, 233,
       8, 102, 240, 45, 144, 216, 237, 234, 98, 76, 163, 26, 110, 185,
       182, 7, 31, 80, 59, 46, 134, 40, 237, 16, 190, 89, 205, 22, 174,
       159, 20, 168, 9, 174, 249, 101, 144, 201, 123, 194, 66, 78, 42,
       90, 183, 171, 214, 20, 59, 82, 29, 14, 138, 137, 142, 207, 127,
       164, 170, 97, 158, 118, 19, 102, 244, 243, 65, 144, 121, 19, 110,
       44, 28, 187, 252, 111, 51, 204, 171, 117, 64, 236, 192, 208, 40,
       69, 117, 152, 103, 241, 79, 118, 184, 105, 232, 111, 76, 214, 113,
