%YAML:1.0
---
descriptors: !!opencv-matrix
   rows: 212
   cols: 32
   dt: u
   data: [ 240, 168, 250, 112, 136, 233, 81, 87, 163, 21, 164, 56, 55,
       151, 64, 26, 1, 178, 69, 16, 26, 79, 162, 17, 219, 193, 48, 121,
       224, 128, 134, 106, 12, 117, 49, 71, 113, 78, 103, 184, 121, 232,
       106, 8, 254, 87, 1, 180, 146, 124, 88, 106, 97, 240, 249, 110,
       165, 188, 5, 6, 66, 51, 71, 243, 208, 176, 157, 240, 10, 200, 81,
       23, 167, 23, 134, 24, 151, 151, 64, 123, 1, 150, 125, 16, 27, 79,
       179, 17, 209, 224, 112, 88, 160, 128, 132, 98, 209, 16, 157, 117,
       40, 110, 69, 50, 228, 210, 162, 80, 215, 55, 1, 123, 2, 84, 124,
       42, 41, 197, 49, 12, 193, 170, 112, 16, 168, 240, 1, 56, 36, 225,
       25, 104, 217, 77, 87, 136, 67, 132, 173, 8, 210, 85, 73, 48, 217,
       216, 65, 122, 74, 34, 250, 25, 235, 221, 5, 63, 82, 187, 70, 162,
       93, 87, 125, 103, 180, 30, 79, 184, 113, 234, 127, 100, 211, 112,
       153, 48, 22, 68, 124, 110, 249, 176, 125, 46, 232, 239, 37, 148,
       104, 243, 66, 49, 125, 93, 121, 103, 176, 14, 79, 184, 96, 232,
       255, 100, 83, 119, 137, 113, 54, 212, 92, 106, 233, 176, 121, 46,
       227, 239, 37, 148, 106, 243, 66, 49, 253, 117, 125, 102, 172, 94,
       71, 184, 97, 234, 183, 76, 211, 117, 221, 55, 20, 84, 124, 106,
       201, 98, 249, 40, 247, 217, 101, 52, 75, 243, 66, 113, 157, 221,
       91, 239, 180, 79, 79, 188, 52, 138, 254, 64, 247, 119, 137, 112,
       87, 254, 29, 234, 233, 176, 121, 63, 235, 239, 39, 128, 36, 243,
       164, 33, 221, 93, 123, 103, 180, 14, 79, 184, 101, 234, 254, 104,
       211, 119, 137, 112, 118, 246, 92, 106, 249, 144, 105, 46, 227,
       239, 37, 148, 40, 243, 64, 33, 252, 180, 188, 255, 173, 47, 95,
       248, 159, 186, 189, 24, 219, 255, 92, 27, 217, 214, 255, 107, 120,
       103, 219, 178, 255, 223, 101, 255, 210, 251, 218, 3, 252, 172,
       245, 86, 168, 104, 69, 191, 178, 183, 164, 24, 115, 103, 72, 27,
       1, 246, 109, 40, 56, 111, 251, 46, 249, 235, 117, 124, 225, 224,
       198, 106, 85, 69, 125, 102, 184, 10, 71, 188, 224, 160, 170, 8,
       247, 51, 9, 115, 34, 214, 108, 106, 105, 161, 121, 44, 241, 235,
       101, 16, 96, 242, 195, 40, 69, 71, 144, 39, 160, 62, 110, 136,
       120, 170, 123, 64, 207, 98, 201, 250, 179, 69, 108, 126, 148, 240,
       137, 74, 172, 254, 103, 4, 192, 243, 107, 5, 69, 245, 149, 67,
       149, 12, 38, 188, 106, 249, 43, 76, 246, 112, 88, 54, 145, 70,
       104, 126, 195, 112, 217, 99, 173, 190, 5, 102, 200, 19, 195, 15,
       77, 117, 189, 71, 240, 78, 55, 184, 57, 234, 127, 108, 222, 119,
       137, 52, 148, 93, 117, 106, 225, 208, 249, 78, 111, 223, 101, 134,
       202, 243, 7, 243, 150, 173, 246, 191, 238, 43, 254, 233, 191, 178,
       243, 26, 207, 234, 61, 75, 127, 231, 127, 227, 248, 247, 203, 238,
       188, 250, 207, 244, 229, 123, 225, 129, 69, 113, 17, 69, 37, 15,
       103, 56, 104, 232, 99, 76, 214, 17, 25, 176, 144, 68, 108, 110,
       193, 176, 217, 12, 37, 184, 33, 4, 72, 179, 67, 33, 150, 237, 246,
       255, 254, 43, 254, 236, 127, 170, 251, 26, 207, 106, 29, 97, 251,
       207, 127, 227, 224, 247, 201, 254, 190, 254, 111, 150, 245, 251,
       243, 129, 216, 180, 188, 248, 168, 237, 89, 91, 187, 91, 180, 24,
       191, 215, 64, 59, 133, 147, 125, 24, 58, 79, 242, 19, 219, 219,
       112, 248, 226, 192, 70, 115, 236, 52, 189, 97, 168, 111, 117, 31,
       123, 251, 55, 24, 223, 55, 72, 59, 149, 20, 125, 56, 185, 116,
       241, 2, 207, 223, 117, 116, 200, 192, 198, 51, 213, 212, 29, 231,
       36, 14, 127, 184, 52, 234, 247, 108, 215, 87, 137, 115, 246, 212,
       125, 110, 233, 212, 249, 14, 247, 235, 103, 148, 40, 178, 0, 49,
       221, 221, 29, 231, 180, 14, 95, 184, 36, 232, 214, 100, 215, 87,
       137, 113, 22, 213, 93, 110, 233, 144, 121, 46, 239, 233, 39, 148,
       44, 179, 1, 49, 204, 84, 189, 231, 32, 110, 127, 24, 57, 234, 247,
       108, 223, 119, 137, 123, 150, 85, 125, 106, 169, 244, 249, 10,
       199, 251, 97, 148, 136, 243, 6, 51, 204, 52, 189, 99, 161, 110,
       121, 27, 59, 255, 63, 24, 222, 119, 72, 59, 151, 23, 125, 56, 177,
       212, 249, 66, 207, 255, 119, 230, 130, 224, 135, 115, 248, 48,
       255, 112, 138, 232, 81, 87, 162, 151, 164, 184, 23, 247, 64, 26,
       39, 182, 236, 16, 26, 79, 162, 2, 219, 227, 116, 121, 224, 192,
       134, 98, 41, 189, 49, 83, 221, 221, 119, 191, 123, 117, 44, 28,
       190, 53, 86, 180, 133, 74, 208, 28, 215, 120, 251, 183, 111, 223,
       21, 118, 202, 4, 203, 254, 240, 174, 220, 112, 168, 173, 85, 223,
       178, 191, 164, 61, 55, 231, 66, 27, 5, 214, 109, 24, 58, 79, 202,
       33, 219, 195, 117, 125, 224, 192, 198, 43, 13, 125, 49, 71, 113,
       78, 39, 184, 125, 232, 107, 72, 222, 119, 9, 180, 144, 124, 88,
       106, 97, 176, 249, 110, 165, 254, 5, 6, 74, 51, 3, 177, 100, 229,
       177, 67, 137, 79, 71, 136, 123, 186, 40, 8, 210, 117, 77, 62, 145,
       84, 96, 122, 83, 96, 249, 50, 109, 158, 69, 118, 194, 123, 198,
       34, 44, 229, 49, 75, 217, 79, 71, 168, 91, 48, 45, 8, 210, 85, 73,
       52, 145, 92, 64, 122, 75, 48, 249, 31, 111, 156, 5, 118, 82, 123,
       70, 162, 125, 87, 125, 103, 52, 30, 79, 184, 97, 234, 191, 76,
       211, 113, 153, 112, 22, 68, 124, 110, 233, 176, 125, 14, 238, 239,
       37, 148, 106, 243, 82, 113, 125, 93, 125, 103, 180, 78, 79, 184,
       97, 234, 191, 76, 83, 119, 137, 114, 54, 212, 92, 106, 233, 161,
       249, 46, 227, 239, 37, 148, 106, 243, 66, 49, 221, 213, 121, 231,
       180, 78, 79, 189, 52, 170, 254, 96, 247, 119, 137, 112, 55, 214,
       93, 106, 233, 144, 121, 63, 235, 239, 37, 148, 40, 242, 192, 49,
       237, 113, 253, 103, 44, 78, 87, 152, 96, 248, 183, 8, 215, 87,
       201, 59, 148, 212, 124, 106, 201, 119, 249, 32, 247, 249, 101, 52,
       96, 179, 66, 99, 172, 112, 189, 99, 109, 111, 83, 152, 91, 251,
       53, 24, 222, 93, 73, 59, 153, 80, 124, 122, 171, 102, 251, 50,
       207, 223, 101, 124, 202, 251, 70, 243, 190, 236, 246, 255, 255,
       63, 254, 238, 191, 178, 255, 155, 255, 239, 125, 115, 127, 239,
       255, 243, 252, 247, 255, 255, 255, 223, 207, 157, 135, 255, 229,
       210, 220, 245, 188, 247, 184, 46, 127, 188, 187, 186, 191, 57,
       223, 127, 75, 91, 151, 215, 253, 122, 248, 69, 203, 182, 255, 251,
       103, 213, 162, 243, 203, 19, 69, 103, 152, 39, 180, 42, 110, 136,
       121, 166, 107, 68, 207, 98, 219, 218, 179, 77, 108, 126, 228, 240,
       141, 10, 172, 255, 39, 4, 192, 243, 75, 0, 207, 117, 189, 71, 240,
       46, 63, 184, 57, 170, 127, 112, 220, 119, 137, 48, 150, 93, 119,
       106, 225, 212, 233, 78, 103, 255, 47, 134, 66, 243, 3, 177, 198,
       172, 246, 191, 236, 41, 254, 254, 255, 179, 251, 26, 239, 235, 93,
       75, 255, 207, 127, 147, 178, 127, 203, 243, 190, 254, 223, 236,
       134, 251, 225, 129, 150, 237, 246, 183, 254, 43, 254, 232, 127,
       178, 251, 26, 207, 234, 29, 75, 251, 239, 127, 243, 240, 247, 201,
       254, 188, 250, 207, 148, 229, 123, 241, 129, 101, 99, 16, 69, 36,
       14, 102, 56, 104, 168, 115, 76, 211, 0, 157, 180, 148, 68, 68,
       110, 193, 240, 201, 12, 36, 188, 37, 132, 74, 179, 75, 5, 253,
       252, 181, 254, 141, 239, 86, 252, 223, 250, 189, 28, 250, 253, 93,
       59, 201, 234, 127, 74, 249, 103, 250, 187, 251, 223, 197, 62, 218,
       127, 210, 82, 233, 252, 189, 255, 173, 253, 86, 182, 255, 251,
       165, 24, 191, 125, 64, 59, 201, 226, 253, 78, 235, 110, 251, 179,
       239, 223, 85, 58, 218, 89, 210, 90, 92, 240, 188, 246, 40, 140,
       89, 154, 191, 59, 183, 8, 223, 215, 72, 91, 135, 213, 125, 24, 42,
       69, 251, 16, 219, 251, 119, 252, 130, 128, 7, 51, 232, 188, 180,
       248, 141, 253, 84, 255, 223, 187, 176, 24, 174, 249, 84, 223, 201,
       230, 255, 17, 58, 111, 219, 179, 155, 219, 85, 127, 210, 92, 210,
       142, 248, 188, 188, 248, 173, 253, 84, 223, 251, 59, 180, 24, 191,
       189, 64, 187, 137, 182, 253, 24, 58, 111, 242, 179, 219, 251, 84,
