%YAML:1.0
---
descriptors: !!opencv-matrix
   rows: 278
   cols: 32
   dt: u
   data: [ 109, 112, 189, 101, 9, 78, 85, 24, 115, 250, 167, 28, 215, 23,
       75, 58, 145, 212, 124, 106, 105, 100, 249, 0, 195, 253, 69, 52,
       74, 113, 70, 114, 213, 78, 157, 119, 164, 46, 102, 188, 124, 186,
       187, 80, 215, 115, 137, 123, 181, 70, 108, 110, 225, 244, 9, 46,
       173, 170, 101, 20, 72, 243, 131, 49, 196, 52, 189, 119, 168, 110,
       87, 152, 55, 251, 171, 92, 215, 119, 9, 59, 145, 94, 124, 42, 57,
       116, 249, 42, 229, 255, 101, 54, 200, 115, 134, 114, 197, 116,
       157, 103, 172, 111, 71, 152, 122, 186, 47, 24, 215, 115, 73, 59,
       145, 86, 124, 122, 57, 84, 249, 34, 237, 187, 101, 116, 200, 115,
       199, 115, 228, 117, 189, 103, 153, 111, 71, 173, 122, 254, 169, 8,
       214, 117, 73, 50, 145, 94, 120, 106, 105, 82, 249, 62, 237, 255,
       5, 52, 192, 115, 198, 114, 240, 160, 189, 248, 152, 233, 81, 223,
       179, 21, 164, 56, 55, 215, 104, 90, 65, 154, 109, 16, 26, 79, 234,
       19, 219, 193, 48, 121, 176, 128, 134, 106, 124, 228, 157, 122,
       137, 77, 87, 168, 179, 151, 173, 25, 86, 247, 74, 26, 153, 210,
       105, 82, 122, 99, 250, 51, 235, 215, 69, 125, 208, 115, 206, 98,
       228, 109, 61, 103, 9, 79, 71, 168, 50, 246, 173, 8, 211, 119, 73,
       50, 217, 212, 121, 106, 105, 102, 251, 62, 237, 223, 69, 53, 64,
       123, 70, 98, 124, 101, 180, 234, 205, 79, 87, 232, 147, 166, 173,
       11, 75, 253, 75, 26, 217, 208, 241, 242, 108, 99, 218, 154, 251,
       207, 5, 127, 243, 127, 230, 98, 100, 96, 57, 105, 12, 79, 81, 24,
       66, 180, 165, 8, 211, 17, 73, 58, 153, 16, 64, 106, 74, 102, 251,
       25, 205, 201, 65, 61, 80, 43, 70, 34, 124, 101, 253, 111, 157, 94,
       87, 248, 81, 164, 237, 9, 83, 125, 91, 147, 88, 212, 249, 106,
       104, 98, 249, 14, 251, 239, 5, 61, 99, 187, 94, 66, 249, 186, 158,
       48, 168, 189, 88, 87, 163, 127, 180, 253, 191, 151, 194, 27, 135,
       183, 253, 20, 190, 79, 226, 49, 218, 251, 117, 251, 162, 196, 138,
       91, 240, 184, 255, 112, 8, 232, 81, 87, 162, 23, 164, 24, 55, 151,
       64, 27, 33, 182, 109, 24, 58, 79, 178, 17, 211, 227, 112, 121,
       224, 192, 134, 122, 221, 46, 156, 180, 168, 56, 72, 138, 250, 183,
       163, 93, 207, 162, 195, 219, 131, 199, 108, 28, 44, 69, 143, 32,
       154, 243, 119, 29, 128, 241, 11, 0, 224, 180, 149, 242, 141, 109,
       69, 175, 251, 51, 161, 24, 246, 113, 76, 127, 129, 210, 104, 16,
       59, 101, 251, 115, 137, 146, 85, 126, 208, 88, 198, 42, 244, 69,
       125, 101, 168, 74, 71, 168, 96, 162, 174, 8, 215, 115, 9, 115, 18,
       212, 104, 106, 105, 240, 89, 44, 229, 171, 69, 20, 96, 243, 68,
       32, 96, 140, 157, 249, 200, 237, 5, 143, 158, 51, 32, 24, 182, 51,
       64, 123, 129, 83, 106, 8, 51, 108, 219, 115, 205, 146, 84, 120,
       208, 72, 135, 42, 228, 164, 159, 114, 204, 230, 229, 232, 178,
       190, 229, 24, 80, 247, 105, 59, 233, 254, 115, 186, 32, 119, 186,
       97, 93, 171, 223, 44, 193, 115, 103, 162, 197, 117, 17, 103, 145,
       78, 119, 184, 120, 226, 43, 8, 222, 113, 9, 48, 144, 92, 104, 106,
       97, 240, 249, 14, 229, 190, 5, 6, 72, 115, 67, 50, 124, 99, 134,
       39, 48, 27, 126, 40, 41, 172, 123, 237, 79, 99, 139, 146, 178, 68,
       236, 110, 68, 240, 137, 12, 182, 241, 33, 133, 98, 183, 74, 1, 76,
       117, 120, 103, 48, 78, 63, 184, 57, 236, 119, 173, 223, 87, 139,
       16, 150, 93, 253, 110, 97, 208, 249, 78, 231, 253, 37, 132, 66,
       243, 7, 113, 124, 175, 222, 114, 138, 233, 85, 223, 162, 183, 172,
       185, 55, 231, 65, 27, 33, 242, 109, 16, 58, 75, 138, 49, 219, 195,
       117, 121, 160, 209, 134, 106, 37, 113, 113, 69, 80, 94, 103, 48,
       105, 232, 111, 72, 242, 18, 133, 180, 16, 124, 64, 106, 65, 176,
       241, 76, 37, 188, 0, 0, 75, 179, 66, 180, 17, 142, 203, 127, 180,
       170, 99, 183, 116, 3, 106, 208, 243, 99, 144, 120, 19, 238, 44,
       28, 185, 188, 77, 63, 236, 174, 52, 64, 236, 192, 192, 40, 145,
       142, 207, 125, 176, 170, 97, 151, 118, 3, 106, 212, 243, 97, 144,
       121, 51, 46, 44, 28, 187, 252, 69, 63, 204, 170, 116, 64, 236,
       192, 208, 40, 193, 142, 143, 154, 204, 168, 160, 207, 254, 19,
       160, 208, 181, 226, 224, 75, 107, 98, 106, 136, 51, 109, 142, 115,
       156, 2, 119, 104, 156, 64, 161, 168, 129, 142, 207, 59, 164, 170,
       109, 151, 118, 19, 98, 212, 243, 227, 208, 105, 67, 46, 42, 28,
       51, 252, 79, 51, 204, 170, 118, 64, 184, 192, 193, 168, 34, 253,
       16, 186, 217, 205, 22, 230, 159, 28, 168, 9, 166, 249, 32, 148,
       201, 123, 234, 64, 78, 43, 90, 191, 171, 214, 21, 59, 80, 29, 206,
       142, 240, 180, 189, 114, 136, 236, 81, 159, 178, 183, 164, 24, 51,
       247, 64, 27, 1, 214, 108, 24, 58, 111, 250, 51, 217, 139, 117,
       120, 224, 64, 198, 98, 197, 84, 157, 119, 160, 46, 103, 184, 120,
       250, 163, 84, 215, 115, 9, 123, 177, 86, 124, 106, 97, 197, 217,
       42, 229, 175, 101, 20, 200, 115, 3, 33, 236, 109, 189, 103, 189,
       79, 71, 172, 116, 234, 175, 8, 210, 117, 9, 48, 153, 84, 120, 106,
       105, 240, 249, 46, 229, 223, 69, 52, 64, 123, 70, 98, 108, 101,
       189, 103, 157, 79, 71, 168, 85, 174, 175, 8, 210, 117, 9, 48, 216,
       220, 120, 106, 105, 242, 121, 42, 237, 223, 5, 52, 82, 123, 86,
       98, 124, 101, 189, 110, 157, 79, 87, 232, 83, 164, 173, 8, 83,
       125, 9, 48, 216, 212, 121, 106, 104, 98, 249, 30, 255, 239, 133,
       61, 83, 123, 86, 98, 219, 186, 183, 176, 171, 173, 88, 215, 171,
       59, 160, 89, 191, 159, 64, 59, 167, 179, 125, 21, 190, 79, 130,
       177, 219, 218, 92, 250, 160, 68, 131, 11, 240, 184, 190, 112, 138,
       232, 81, 87, 162, 87, 164, 61, 55, 151, 66, 27, 35, 179, 237, 16,
       58, 79, 178, 17, 219, 195, 112, 121, 160, 192, 6, 122, 212, 176,
       157, 119, 136, 110, 65, 152, 162, 187, 163, 88, 211, 55, 201, 123,
       1, 84, 108, 56, 41, 197, 251, 0, 201, 171, 117, 20, 160, 241, 6,
       48, 69, 112, 189, 103, 32, 78, 119, 56, 104, 234, 47, 8, 215, 55,
       9, 50, 144, 84, 124, 106, 65, 240, 249, 8, 229, 187, 97, 20, 64,
       243, 71, 115, 221, 46, 150, 180, 169, 60, 92, 151, 251, 187, 130,
       124, 207, 162, 195, 219, 167, 71, 108, 28, 188, 69, 131, 32, 152,
       251, 119, 254, 136, 241, 139, 5, 228, 77, 220, 101, 40, 74, 79,
       168, 32, 162, 166, 8, 215, 115, 1, 115, 18, 84, 108, 106, 104,
       240, 201, 40, 229, 171, 101, 20, 96, 243, 70, 32, 80, 5, 31, 101,
       145, 78, 71, 45, 52, 164, 234, 0, 83, 115, 0, 80, 112, 214, 104,
       170, 104, 209, 25, 14, 249, 166, 69, 20, 97, 114, 228, 42, 192,
       160, 157, 249, 201, 109, 37, 143, 62, 51, 32, 24, 182, 51, 72,
       123, 129, 18, 106, 24, 51, 76, 219, 113, 205, 146, 84, 124, 216,
       72, 135, 42, 84, 132, 93, 103, 148, 111, 71, 187, 116, 167, 171,
       8, 83, 115, 9, 112, 49, 214, 72, 56, 56, 177, 121, 62, 249, 175,
       37, 20, 225, 251, 196, 34, 109, 116, 221, 69, 182, 62, 230, 184,
       120, 226, 103, 76, 211, 56, 157, 183, 23, 92, 112, 106, 229, 244,
       221, 14, 47, 239, 69, 4, 239, 251, 74, 53, 71, 115, 148, 5, 34,
       14, 38, 56, 109, 224, 99, 236, 214, 18, 137, 118, 54, 69, 108,
       102, 197, 208, 221, 76, 164, 48, 75, 6, 8, 179, 11, 5, 101, 101,
       120, 103, 116, 26, 126, 168, 121, 160, 107, 8, 223, 105, 29, 144,
       146, 204, 121, 110, 68, 240, 205, 46, 166, 255, 5, 5, 100, 179,
       74, 0, 252, 171, 222, 114, 138, 137, 85, 91, 163, 183, 165, 185,
       55, 227, 74, 27, 39, 183, 237, 144, 58, 79, 138, 17, 219, 195,
       117, 121, 224, 192, 134, 10, 129, 174, 223, 121, 160, 170, 105,
       23, 118, 27, 98, 240, 247, 99, 144, 105, 51, 46, 38, 28, 179, 220,
       5, 51, 204, 170, 118, 64, 184, 192, 225, 169, 209, 142, 219, 125,
       180, 174, 79, 183, 116, 11, 114, 84, 243, 97, 144, 112, 51, 102,
       44, 60, 249, 188, 5, 63, 232, 175, 52, 64, 232, 192, 224, 41, 129,
       174, 207, 153, 236, 169, 109, 159, 254, 19, 66, 208, 181, 226,
