%YAML:1.0
---
descriptors: !!opencv-matrix
   rows: 304
   cols: 32
   dt: u
   data: [ 221, 113, 221, 103, 36, 78, 119, 188, 105, 186, 167, 72, 215,
       113, 137, 51, 50, 212, 108, 106, 105, 240, 249, 40, 229, 235, 101,
       20, 106, 243, 195, 33, 100, 109, 49, 71, 189, 79, 71, 136, 66,
       172, 173, 8, 210, 85, 9, 48, 152, 92, 88, 106, 73, 112, 249, 60,
       229, 156, 5, 48, 80, 123, 70, 98, 220, 52, 189, 117, 168, 111, 93,
       25, 250, 254, 167, 29, 215, 127, 75, 59, 135, 213, 125, 61, 185,
       69, 249, 8, 203, 203, 101, 180, 192, 224, 7, 115, 124, 32, 248,
       112, 172, 105, 81, 154, 99, 191, 180, 56, 147, 53, 73, 58, 137,
       222, 108, 24, 26, 98, 235, 16, 223, 207, 117, 125, 224, 201, 198,
       35, 197, 118, 29, 39, 32, 110, 43, 56, 56, 202, 87, 244, 247, 119,
       139, 123, 54, 85, 124, 238, 161, 212, 249, 47, 197, 235, 107, 128,
       8, 179, 3, 113, 100, 65, 57, 71, 61, 79, 71, 168, 100, 44, 231, 8,
       210, 85, 9, 52, 216, 212, 120, 106, 73, 178, 121, 12, 229, 185, 1,
       20, 80, 59, 86, 98, 244, 176, 189, 116, 203, 109, 81, 143, 226,
       247, 164, 24, 87, 183, 74, 123, 161, 214, 104, 16, 56, 79, 250,
       16, 217, 163, 85, 125, 224, 96, 134, 98, 93, 69, 125, 103, 144,
       78, 79, 184, 100, 160, 175, 0, 83, 113, 25, 114, 50, 212, 120,
       106, 73, 176, 93, 46, 247, 175, 37, 20, 96, 179, 192, 32, 108,
       103, 113, 99, 241, 90, 102, 184, 113, 44, 127, 232, 203, 103, 137,
       116, 144, 220, 236, 106, 104, 208, 233, 14, 231, 255, 37, 133, 98,
       243, 198, 33, 192, 164, 157, 248, 200, 237, 1, 143, 190, 55, 160,
       24, 182, 179, 72, 26, 129, 27, 106, 24, 50, 111, 210, 115, 221,
       150, 84, 120, 144, 64, 135, 170, 209, 168, 250, 81, 138, 248, 185,
       135, 234, 211, 166, 24, 183, 218, 86, 123, 35, 167, 122, 152, 23,
       77, 183, 113, 221, 169, 94, 121, 200, 64, 131, 14, 33, 169, 59,
       90, 212, 204, 233, 247, 124, 65, 100, 0, 48, 159, 52, 112, 168,
       42, 19, 12, 147, 187, 50, 117, 127, 61, 18, 72, 72, 128, 227, 248,
       72, 113, 120, 225, 52, 78, 123, 16, 37, 76, 119, 40, 159, 31, 146,
       112, 18, 152, 93, 234, 72, 176, 48, 24, 199, 237, 32, 129, 98,
       131, 70, 115, 3, 83, 83, 69, 114, 30, 43, 48, 44, 72, 123, 228,
       221, 22, 148, 180, 54, 61, 22, 110, 193, 144, 53, 76, 36, 60, 34,
       128, 110, 162, 3, 245, 4, 81, 121, 101, 116, 75, 251, 56, 44, 104,
       127, 236, 211, 29, 157, 48, 54, 157, 87, 235, 193, 176, 113, 12,
       100, 188, 32, 132, 109, 163, 71, 179, 244, 36, 157, 119, 136, 46,
       69, 141, 178, 178, 163, 24, 215, 115, 73, 27, 129, 215, 125, 58,
       104, 69, 219, 2, 201, 203, 117, 20, 224, 241, 194, 34, 112, 33,
       184, 101, 40, 14, 81, 49, 96, 164, 174, 8, 215, 51, 65, 18, 16,
       228, 108, 40, 8, 248, 209, 8, 219, 237, 101, 16, 96, 162, 70, 42,
       212, 177, 185, 226, 136, 76, 85, 141, 163, 53, 133, 9, 150, 215,
       72, 19, 129, 215, 125, 80, 90, 75, 218, 17, 249, 145, 13, 125,
       160, 2, 134, 98, 232, 253, 24, 122, 249, 205, 84, 238, 155, 63,
       172, 25, 174, 187, 66, 16, 129, 91, 229, 80, 114, 106, 218, 55,
       235, 215, 20, 123, 82, 88, 142, 139, 98, 225, 5, 154, 9, 137, 0,
       237, 175, 49, 168, 73, 230, 194, 108, 20, 217, 129, 74, 49, 78,
       67, 202, 85, 152, 144, 31, 126, 24, 2, 131, 14, 252, 120, 223,
       118, 8, 76, 69, 144, 241, 210, 167, 120, 119, 247, 193, 123, 32,
       244, 108, 106, 105, 71, 187, 34, 211, 235, 117, 24, 98, 241, 70,
       48, 246, 60, 215, 190, 203, 96, 20, 207, 187, 211, 160, 253, 78,
       246, 69, 219, 195, 247, 232, 16, 55, 79, 218, 96, 152, 114, 85,
       59, 169, 117, 174, 87, 85, 13, 123, 103, 148, 78, 71, 185, 116,
       162, 238, 64, 83, 113, 25, 112, 112, 206, 8, 234, 121, 176, 25,
       46, 233, 174, 5, 20, 105, 243, 240, 32, 224, 188, 29, 217, 201,
       237, 17, 142, 186, 51, 32, 24, 182, 183, 64, 91, 129, 83, 106, 16,
       35, 108, 210, 119, 141, 178, 84, 122, 144, 72, 135, 42, 124, 197,
       92, 103, 146, 74, 71, 188, 96, 164, 175, 8, 87, 99, 9, 83, 50,
       214, 108, 106, 104, 161, 105, 44, 241, 235, 101, 21, 96, 243, 196,
       32, 116, 60, 188, 246, 172, 108, 85, 151, 227, 186, 142, 24, 247,
       241, 65, 59, 129, 246, 125, 26, 120, 73, 219, 42, 249, 227, 117,
       56, 168, 120, 214, 42, 4, 241, 53, 67, 16, 15, 79, 184, 86, 160,
       107, 76, 211, 69, 73, 116, 21, 92, 104, 110, 203, 240, 121, 31,
       237, 156, 5, 52, 88, 187, 68, 48, 100, 103, 17, 103, 244, 79, 102,
       184, 121, 168, 123, 72, 215, 109, 29, 48, 152, 221, 68, 98, 201,
       240, 201, 110, 165, 252, 5, 6, 73, 179, 70, 145, 108, 71, 81, 103,
       241, 94, 102, 184, 57, 168, 107, 77, 203, 111, 13, 80, 148, 220,
       108, 106, 232, 144, 249, 174, 231, 255, 5, 5, 66, 243, 70, 50, 72,
       49, 61, 97, 33, 111, 113, 16, 104, 248, 34, 8, 159, 23, 64, 59,
       128, 20, 121, 40, 1, 240, 241, 8, 197, 217, 65, 52, 66, 32, 71,
       50, 201, 176, 157, 113, 137, 253, 112, 23, 250, 123, 38, 24, 158,
       151, 64, 251, 129, 22, 248, 24, 51, 76, 179, 0, 207, 251, 80, 114,
       202, 64, 139, 58, 112, 168, 122, 112, 138, 201, 81, 223, 162, 53,
       164, 24, 51, 199, 64, 18, 45, 178, 108, 24, 26, 75, 162, 49, 217,
       136, 48, 121, 97, 128, 198, 106, 117, 71, 13, 39, 180, 14, 71,
       184, 116, 170, 235, 68, 211, 99, 137, 113, 81, 196, 108, 110, 109,
       208, 73, 46, 236, 167, 37, 20, 168, 251, 80, 32, 192, 48, 157,
       113, 137, 236, 65, 23, 162, 179, 164, 24, 151, 151, 64, 59, 1,
       182, 104, 24, 59, 79, 242, 0, 201, 128, 80, 120, 192, 64, 134, 58,
       120, 172, 154, 112, 156, 237, 83, 215, 114, 39, 172, 24, 55, 241,
       66, 24, 217, 186, 76, 16, 58, 47, 242, 51, 219, 199, 52, 121, 224,
       200, 206, 10, 248, 172, 254, 126, 137, 233, 85, 223, 179, 23, 172,
       24, 51, 247, 64, 27, 201, 242, 237, 16, 42, 111, 234, 51, 219,
       203, 117, 57, 226, 240, 230, 106, 212, 176, 185, 116, 137, 108,
       85, 155, 178, 179, 164, 24, 214, 183, 73, 59, 129, 86, 121, 16,
       56, 71, 250, 0, 217, 130, 85, 124, 192, 112, 134, 50, 216, 116,
       189, 100, 136, 109, 85, 31, 186, 243, 167, 25, 215, 63, 72, 58,
       149, 151, 125, 25, 184, 69, 243, 2, 219, 239, 85, 116, 192, 112,
       135, 114, 112, 249, 125, 96, 8, 204, 65, 85, 226, 84, 164, 8, 19,
       151, 192, 50, 0, 180, 108, 88, 91, 43, 178, 1, 219, 201, 32, 120,
       96, 130, 198, 120, 120, 56, 115, 112, 235, 249, 81, 87, 161, 93,
       180, 185, 43, 159, 70, 62, 38, 179, 197, 16, 26, 11, 162, 81, 83,
       209, 48, 251, 227, 132, 198, 123, 36, 101, 120, 71, 116, 79, 103,
       184, 112, 164, 111, 8, 211, 81, 25, 52, 24, 220, 68, 106, 200,
       176, 121, 14, 103, 141, 37, 20, 64, 187, 86, 162, 89, 49, 147,
       100, 43, 76, 23, 51, 232, 74, 174, 8, 255, 51, 0, 243, 162, 119,
       252, 98, 73, 97, 177, 9, 241, 243, 66, 26, 74, 114, 131, 59, 252,
       48, 191, 240, 203, 105, 81, 67, 163, 179, 181, 56, 31, 189, 65,
       59, 171, 183, 245, 17, 56, 103, 162, 128, 211, 211, 80, 123, 227,
       104, 134, 99, 36, 113, 56, 234, 60, 79, 87, 184, 10, 76, 253, 8,
       215, 87, 11, 48, 220, 88, 93, 106, 74, 34, 123, 31, 229, 157, 33,
       60, 80, 187, 86, 243, 116, 241, 57, 227, 240, 79, 95, 184, 106,
       244, 45, 8, 215, 85, 73, 48, 183, 221, 125, 122, 74, 114, 249, 60,
       255, 157, 37, 116, 112, 187, 7, 98, 84, 101, 187, 227, 144, 79,
       95, 184, 99, 228, 175, 8, 215, 95, 73, 50, 181, 221, 125, 250, 72,
       242, 249, 42, 251, 221, 5, 116, 224, 243, 6, 98, 161, 133, 43, 88,
       221, 237, 233, 111, 126, 89, 104, 24, 176, 209, 52, 48, 200, 42,
       82, 28, 19, 58, 114, 119, 109, 56, 146, 72, 217, 8, 242, 250, 197,
       126, 189, 119, 168, 46, 79, 180, 121, 250, 38, 220, 223, 55, 201,
       59, 7, 86, 124, 110, 225, 196, 249, 42, 231, 251, 117, 144, 200,
       241, 195, 121, 242, 174, 238, 82, 168, 185, 92, 231, 243, 159,
       180, 56, 35, 235, 196, 155, 105, 246, 237, 152, 58, 111, 194, 115,
