%YAML:1.0
---
descriptors: !!opencv-matrix
   rows: 145
   cols: 32
   dt: u
   data: [ 109, 189, 224, 111, 253, 63, 86, 186, 83, 232, 125, 76, 211,
       121, 93, 180, 217, 206, 87, 62, 221, 50, 217, 186, 111, 221, 5,
       60, 251, 255, 210, 148, 240, 188, 157, 114, 168, 236, 69, 151,
       178, 183, 166, 24, 55, 183, 64, 123, 1, 246, 109, 24, 59, 79, 250,
       51, 219, 227, 117, 120, 224, 192, 134, 42, 210, 223, 191, 181,
       170, 68, 189, 191, 190, 222, 18, 247, 253, 126, 98, 75, 167, 87,
       61, 133, 242, 205, 131, 127, 232, 162, 126, 194, 4, 80, 165, 91,
       210, 207, 142, 181, 143, 184, 180, 167, 191, 158, 202, 147, 173,
       170, 35, 203, 227, 103, 233, 129, 100, 205, 130, 226, 188, 247,
       222, 3, 128, 116, 173, 78, 124, 69, 206, 167, 153, 74, 87, 172,
       32, 166, 239, 11, 67, 99, 11, 82, 112, 196, 104, 226, 72, 146,
       217, 40, 251, 167, 197, 21, 32, 115, 110, 2, 108, 229, 252, 231,
       188, 31, 86, 184, 49, 160, 239, 8, 215, 123, 25, 16, 216, 204,
       109, 106, 104, 242, 217, 46, 239, 255, 133, 53, 66, 251, 202, 2,
       252, 103, 190, 231, 172, 79, 87, 248, 52, 174, 247, 8, 215, 115,
       9, 83, 217, 212, 109, 106, 104, 247, 201, 46, 251, 235, 101, 53,
       64, 115, 102, 35, 69, 81, 28, 237, 32, 14, 119, 56, 44, 168, 103,
       76, 215, 115, 9, 80, 148, 84, 124, 106, 65, 144, 217, 12, 229,
       187, 97, 4, 8, 179, 3, 33, 69, 103, 28, 167, 48, 14, 111, 184,
       124, 172, 123, 68, 215, 83, 137, 80, 150, 76, 108, 110, 192, 144,
       201, 28, 228, 189, 39, 132, 8, 179, 3, 33, 248, 188, 188, 112,
       168, 237, 85, 159, 242, 59, 164, 24, 191, 247, 64, 59, 129, 214,
       124, 24, 59, 111, 242, 51, 251, 255, 117, 121, 192, 208, 198, 43,
       237, 116, 156, 37, 172, 14, 86, 56, 98, 250, 167, 77, 215, 113,
       75, 51, 145, 68, 108, 126, 237, 116, 217, 8, 239, 251, 101, 52,
       200, 115, 74, 2, 208, 143, 159, 181, 186, 170, 60, 167, 188, 191,
       202, 241, 239, 167, 0, 91, 167, 119, 109, 0, 112, 205, 3, 111,
       248, 166, 127, 131, 160, 112, 165, 43, 68, 101, 57, 101, 48, 79,
       111, 48, 104, 160, 107, 72, 215, 55, 9, 48, 150, 84, 80, 106, 65,
       240, 217, 12, 229, 156, 5, 0, 64, 179, 67, 32, 85, 79, 141, 181,
       162, 10, 46, 178, 44, 162, 74, 229, 213, 34, 145, 67, 38, 101,
       124, 207, 197, 216, 197, 40, 228, 162, 111, 128, 172, 241, 1, 9,
       252, 104, 189, 114, 13, 109, 67, 152, 227, 190, 165, 24, 211, 213,
       73, 58, 137, 212, 108, 90, 42, 103, 250, 34, 219, 219, 69, 61,
       192, 251, 70, 98, 109, 48, 137, 231, 168, 110, 87, 25, 34, 250,
       143, 29, 215, 119, 75, 26, 149, 196, 125, 46, 217, 84, 249, 0,
       199, 237, 101, 53, 136, 243, 222, 114, 93, 95, 135, 167, 130, 14,
       47, 188, 52, 226, 74, 197, 221, 103, 129, 82, 54, 101, 125, 238,
       65, 208, 157, 106, 244, 166, 111, 132, 40, 243, 1, 17, 193, 188,
       151, 24, 136, 236, 32, 135, 250, 91, 162, 92, 182, 178, 68, 127,
       161, 39, 104, 24, 55, 77, 146, 115, 153, 50, 94, 122, 136, 64,
       131, 44, 217, 156, 158, 251, 168, 174, 53, 191, 190, 187, 166, 84,
       255, 243, 64, 123, 165, 119, 124, 24, 179, 205, 219, 51, 201, 235,
       119, 80, 136, 192, 137, 43, 167, 174, 224, 87, 244, 63, 238, 255,
       83, 175, 252, 222, 99, 233, 223, 52, 29, 206, 87, 28, 190, 126,
       237, 187, 110, 94, 149, 252, 223, 252, 210, 172, 37, 239, 200,
       163, 252, 39, 207, 222, 18, 189, 185, 207, 209, 232, 91, 16, 93,
       202, 6, 255, 158, 50, 204, 51, 108, 12, 165, 252, 217, 251, 218,
       144, 116, 97, 204, 167, 138, 74, 87, 168, 2, 182, 135, 171, 67,
       103, 75, 27, 89, 212, 233, 226, 104, 66, 201, 40, 249, 163, 205,
       53, 164, 251, 22, 98, 184, 174, 216, 59, 148, 171, 86, 239, 54,
       167, 252, 145, 163, 233, 0, 0, 25, 234, 197, 16, 126, 188, 73, 63,
       238, 199, 53, 49, 225, 218, 206, 138, 210, 94, 173, 191, 168, 102,
       29, 182, 182, 222, 154, 245, 245, 127, 3, 75, 135, 119, 125, 133,
       233, 205, 211, 46, 233, 163, 255, 144, 132, 112, 165, 123, 246,
       188, 236, 80, 173, 125, 84, 159, 155, 255, 188, 61, 6, 188, 71,
       59, 133, 215, 253, 21, 190, 111, 251, 178, 219, 94, 85, 255, 192,
       124, 214, 95, 208, 172, 159, 113, 136, 169, 65, 135, 166, 23, 162,
       24, 183, 179, 64, 27, 33, 38, 104, 24, 58, 73, 131, 49, 201, 162,
       116, 88, 224, 64, 135, 42, 68, 101, 17, 101, 21, 78, 103, 40, 96,
       160, 107, 8, 211, 51, 25, 48, 16, 84, 64, 106, 65, 176, 209, 14,
       165, 188, 1, 4, 64, 51, 66, 32, 141, 172, 213, 91, 253, 249, 96,
       143, 95, 51, 32, 88, 219, 225, 200, 173, 19, 90, 106, 24, 51, 124,
       239, 179, 12, 150, 85, 116, 210, 200, 193, 164, 229, 164, 189, 83,
       141, 109, 133, 143, 86, 243, 165, 24, 210, 113, 76, 43, 129, 86,
       120, 24, 51, 108, 251, 19, 77, 154, 85, 124, 208, 121, 214, 34,
       248, 172, 156, 178, 137, 249, 20, 143, 187, 55, 164, 25, 174, 187,
       74, 27, 129, 83, 233, 16, 62, 79, 202, 51, 219, 211, 85, 127, 146,
       68, 143, 10, 81, 207, 93, 101, 52, 10, 111, 181, 100, 168, 122,
       228, 243, 33, 144, 112, 18, 102, 124, 110, 233, 184, 77, 46, 224,
       175, 37, 128, 108, 242, 210, 40, 85, 79, 77, 101, 180, 10, 79, 48,
       112, 168, 122, 228, 211, 33, 145, 112, 50, 196, 76, 110, 233, 176,
       77, 14, 224, 175, 37, 148, 108, 242, 66, 33, 252, 180, 188, 112,
       137, 109, 85, 143, 178, 183, 165, 25, 159, 183, 74, 27, 129, 151,
       237, 16, 58, 77, 219, 18, 219, 195, 85, 127, 224, 64, 143, 34,
       230, 237, 148, 186, 153, 205, 22, 236, 155, 22, 168, 9, 174, 242,
       97, 148, 129, 123, 232, 83, 110, 75, 218, 191, 185, 214, 77, 59,
       208, 127, 143, 14, 84, 109, 30, 182, 155, 132, 62, 224, 188, 132,
       202, 135, 239, 234, 35, 80, 182, 227, 105, 199, 108, 195, 154,
       111, 248, 231, 15, 9, 40, 51, 41, 2, 208, 188, 159, 244, 170, 232,
       69, 183, 178, 155, 162, 120, 183, 179, 64, 123, 35, 247, 108, 0,
       57, 79, 131, 34, 217, 227, 116, 88, 160, 96, 134, 41, 108, 229,
       144, 99, 153, 79, 70, 168, 127, 160, 169, 8, 194, 96, 73, 180,
       145, 76, 104, 106, 72, 112, 217, 60, 173, 214, 5, 53, 66, 123, 78,
       6, 37, 101, 17, 71, 85, 14, 102, 40, 112, 160, 107, 8, 210, 113,
       9, 180, 216, 204, 64, 106, 73, 176, 89, 14, 37, 188, 1, 4, 72, 51,
       66, 160, 197, 176, 149, 81, 141, 111, 129, 139, 90, 243, 129, 24,
       214, 48, 76, 63, 129, 86, 120, 25, 51, 100, 251, 16, 141, 154, 85,
       126, 200, 121, 211, 38, 254, 236, 150, 186, 137, 253, 22, 238,
       155, 31, 168, 25, 110, 250, 105, 155, 201, 243, 232, 19, 126, 111,
       218, 179, 187, 214, 85, 123, 210, 125, 142, 14, 209, 87, 29, 101,
       160, 14, 71, 181, 224, 168, 170, 76, 215, 51, 129, 115, 20, 196,
       108, 110, 233, 225, 217, 44, 225, 171, 101, 16, 104, 178, 194, 41,
       213, 89, 29, 100, 40, 14, 71, 52, 224, 234, 162, 76, 119, 115,
       129, 115, 0, 228, 124, 110, 233, 225, 209, 44, 241, 235, 101, 16,
       104, 179, 66, 41, 252, 70, 204, 245, 164, 46, 79, 186, 48, 166,
       230, 29, 211, 99, 19, 89, 89, 204, 4, 110, 104, 246, 73, 46, 242,
       235, 101, 21, 105, 249, 234, 0, 108, 227, 124, 103, 29, 79, 71,
       184, 101, 172, 191, 8, 211, 97, 9, 20, 88, 204, 108, 106, 72, 178,
       233, 12, 255, 249, 5, 52, 99, 187, 86, 34, 85, 95, 93, 103, 164,
       14, 71, 184, 96, 168, 186, 76, 211, 113, 145, 115, 20, 196, 108,
       110, 233, 161, 201, 44, 224, 170, 101, 148, 104, 243, 66, 33, 217,
       156, 159, 255, 171, 236, 116, 191, 190, 59, 166, 80, 255, 243, 72,
       251, 167, 119, 252, 24, 59, 77, 155, 51, 219, 243, 119, 80, 170,
       80, 137, 27, 93, 79, 93, 103, 176, 14, 79, 188, 224, 168, 174, 76,
       115, 99, 153, 115, 20, 230, 108, 110, 233, 161, 237, 44, 224, 175,
       37, 20, 104, 243, 194, 41, 104, 237, 148, 58, 137, 221, 20, 239,
       155, 23, 168, 25, 174, 251, 66, 146, 129, 123, 233, 16, 126, 75,
       218, 51, 171, 215, 85, 123, 210, 92, 142, 10, 106, 173, 148, 58,
