%YAML:1.0
---
descriptors: !!opencv-matrix
   rows: 191
   cols: 32
   dt: u
   data: [ 109, 52, 149, 103, 137, 111, 71, 152, 58, 186, 39, 24, 214,
       115, 73, 59, 145, 84, 120, 122, 57, 84, 249, 0, 207, 223, 69, 52,
       138, 115, 70, 114, 108, 96, 57, 107, 29, 79, 67, 8, 22, 224, 173,
       8, 242, 85, 73, 48, 216, 220, 89, 106, 9, 98, 251, 56, 205, 221,
       5, 56, 80, 59, 70, 98, 252, 180, 156, 114, 169, 109, 81, 11, 179,
       191, 165, 25, 215, 247, 74, 27, 129, 151, 237, 16, 58, 71, 218, 2,
       219, 195, 117, 125, 224, 65, 134, 98, 248, 190, 222, 50, 168, 236,
       81, 214, 179, 255, 182, 189, 63, 247, 66, 91, 167, 247, 237, 20,
       191, 79, 202, 33, 218, 195, 117, 185, 168, 193, 142, 91, 124, 52,
       189, 112, 168, 109, 81, 152, 179, 191, 165, 24, 87, 247, 72, 27,
       17, 212, 109, 50, 58, 71, 251, 0, 219, 195, 117, 125, 226, 225,
       134, 99, 124, 60, 253, 100, 168, 110, 85, 147, 114, 190, 174, 24,
       87, 55, 65, 59, 35, 214, 108, 24, 41, 103, 249, 2, 219, 203, 117,
       52, 224, 241, 70, 35, 105, 149, 21, 79, 153, 93, 71, 188, 97, 120,
       168, 76, 254, 113, 136, 247, 144, 86, 236, 106, 203, 40, 123, 61,
       175, 248, 100, 62, 90, 27, 192, 59, 254, 174, 132, 182, 219, 49,
       20, 143, 19, 179, 129, 187, 108, 250, 74, 159, 145, 223, 249, 145,
       62, 78, 207, 162, 154, 66, 221, 191, 162, 117, 158, 6, 85, 197,
       125, 103, 148, 15, 79, 184, 100, 32, 111, 64, 83, 115, 24, 112,
       50, 212, 92, 106, 105, 176, 125, 46, 231, 239, 37, 20, 96, 179,
       64, 32, 193, 152, 189, 95, 168, 253, 145, 143, 206, 115, 164, 24,
       246, 118, 14, 127, 133, 115, 120, 24, 151, 105, 123, 113, 143,
       186, 84, 122, 208, 72, 129, 110, 246, 164, 141, 190, 136, 101, 76,
       143, 146, 179, 137, 25, 247, 239, 88, 123, 193, 215, 125, 147, 58,
       71, 219, 51, 153, 242, 223, 60, 144, 113, 150, 42, 252, 68, 92,
       118, 168, 106, 87, 168, 176, 178, 167, 24, 215, 115, 9, 91, 3,
       215, 108, 106, 104, 101, 217, 44, 241, 235, 101, 21, 96, 241, 198,
       34, 120, 176, 249, 114, 137, 237, 81, 223, 162, 183, 164, 24, 27,
       151, 200, 59, 1, 150, 228, 24, 26, 111, 250, 49, 219, 201, 117,
       125, 227, 192, 198, 98, 52, 199, 125, 107, 152, 79, 71, 152, 86,
       37, 173, 140, 211, 71, 8, 80, 85, 214, 12, 122, 58, 160, 121, 63,
       233, 142, 37, 84, 240, 251, 196, 112, 92, 68, 174, 231, 5, 70,
       111, 40, 48, 166, 207, 2, 95, 115, 9, 83, 112, 212, 121, 234, 104,
       211, 137, 10, 243, 231, 199, 5, 34, 115, 124, 34, 249, 173, 143,
       116, 184, 236, 84, 159, 179, 219, 164, 25, 55, 247, 66, 59, 129,
       230, 125, 24, 59, 75, 210, 35, 219, 235, 117, 121, 160, 192, 202,
       74, 216, 184, 190, 49, 168, 237, 17, 135, 230, 211, 164, 24, 183,
       249, 66, 43, 129, 51, 108, 17, 59, 109, 211, 49, 217, 195, 119,
       121, 232, 64, 135, 26, 129, 142, 203, 191, 164, 170, 105, 183,
       118, 19, 98, 208, 179, 163, 240, 105, 115, 106, 34, 12, 51, 220,
       15, 51, 204, 138, 118, 64, 176, 128, 225, 168, 21, 207, 75, 111,
       180, 10, 111, 189, 116, 130, 106, 192, 211, 99, 145, 80, 51, 238,
       12, 110, 121, 176, 77, 47, 232, 174, 37, 4, 100, 243, 224, 32,
       109, 245, 57, 103, 117, 15, 119, 184, 121, 228, 47, 12, 222, 121,
       27, 48, 144, 76, 120, 110, 192, 240, 249, 46, 231, 223, 5, 52, 74,
       123, 67, 98, 220, 178, 156, 50, 171, 169, 80, 223, 178, 55, 165,
       189, 15, 227, 74, 155, 167, 135, 237, 16, 62, 79, 138, 19, 218,
       195, 117, 125, 170, 192, 142, 3, 232, 253, 20, 58, 137, 221, 22,
       174, 155, 31, 168, 25, 174, 251, 66, 145, 129, 123, 236, 82, 110,
       75, 218, 55, 187, 215, 21, 123, 210, 93, 143, 10, 253, 174, 190,
       50, 169, 188, 93, 150, 179, 219, 180, 185, 191, 247, 66, 27, 135,
       247, 253, 28, 62, 79, 202, 32, 219, 219, 117, 249, 162, 212, 142,
       75, 81, 159, 31, 101, 176, 14, 71, 53, 224, 168, 170, 76, 211, 51,
       128, 115, 20, 230, 108, 110, 249, 169, 81, 12, 224, 235, 101, 16,
       104, 226, 194, 41, 93, 102, 216, 71, 150, 62, 106, 152, 113, 170,
       175, 68, 203, 99, 159, 254, 49, 196, 76, 254, 173, 212, 205, 42,
       174, 239, 37, 4, 234, 243, 74, 4, 242, 168, 236, 82, 203, 249, 81,
       207, 163, 55, 164, 155, 34, 229, 70, 31, 41, 210, 233, 16, 58,
       111, 202, 49, 27, 131, 85, 127, 241, 72, 206, 202, 214, 170, 188,
       222, 170, 240, 21, 143, 171, 159, 164, 185, 108, 247, 207, 31,
       135, 243, 237, 144, 50, 79, 170, 113, 155, 211, 117, 255, 128,
       112, 135, 111, 208, 174, 189, 245, 44, 43, 71, 63, 250, 182, 186,
       24, 247, 97, 80, 3, 131, 119, 109, 43, 104, 237, 201, 46, 233,
       163, 117, 20, 64, 232, 135, 41, 244, 124, 188, 247, 140, 111, 71,
       150, 242, 186, 134, 24, 215, 113, 73, 59, 129, 214, 125, 123, 104,
       69, 219, 34, 233, 195, 245, 48, 168, 121, 210, 42, 85, 69, 93,
       103, 148, 78, 71, 188, 116, 160, 235, 64, 83, 115, 25, 112, 112,
       196, 76, 106, 105, 176, 89, 46, 243, 238, 37, 20, 97, 179, 192,
       32, 193, 152, 189, 94, 136, 237, 17, 15, 206, 19, 160, 24, 246,
       242, 68, 122, 129, 115, 104, 16, 18, 109, 251, 49, 201, 186, 85,
       122, 208, 8, 129, 42, 252, 100, 213, 118, 169, 104, 86, 136, 179,
       178, 163, 24, 207, 227, 73, 155, 147, 214, 236, 2, 108, 103, 203,
       34, 210, 247, 85, 61, 226, 241, 202, 0, 116, 176, 249, 112, 136,
       253, 81, 218, 226, 183, 164, 24, 19, 215, 72, 59, 13, 146, 236,
       24, 27, 111, 250, 49, 219, 201, 117, 125, 225, 192, 198, 114, 148,
       172, 158, 119, 144, 110, 71, 239, 52, 178, 166, 16, 83, 115, 1,
       91, 113, 246, 108, 162, 104, 197, 25, 46, 249, 227, 117, 21, 160,
       112, 228, 42, 64, 172, 157, 251, 200, 237, 53, 175, 190, 31, 32,
       24, 182, 179, 64, 91, 129, 51, 107, 24, 50, 78, 218, 49, 205, 130,
       116, 120, 144, 72, 135, 170, 100, 115, 117, 101, 49, 79, 102, 184,
       113, 168, 251, 72, 195, 93, 29, 50, 152, 212, 236, 98, 201, 240,
       201, 12, 167, 254, 5, 21, 74, 179, 86, 18, 116, 125, 125, 70, 172,
       79, 215, 188, 192, 230, 188, 44, 82, 117, 201, 55, 12, 214, 108,
       106, 201, 99, 249, 40, 121, 136, 101, 60, 97, 251, 198, 113, 76,
       97, 124, 103, 178, 90, 127, 184, 45, 164, 111, 168, 223, 55, 137,
       52, 22, 93, 253, 110, 64, 144, 249, 76, 239, 255, 37, 4, 98, 179,
       7, 96, 120, 172, 223, 116, 172, 236, 81, 223, 242, 219, 172, 24,
       55, 179, 64, 59, 137, 230, 125, 24, 58, 107, 242, 1, 219, 235,
       117, 121, 224, 192, 198, 106, 80, 184, 159, 120, 168, 237, 81,
       151, 230, 51, 166, 24, 183, 247, 64, 59, 161, 183, 108, 16, 58,
       109, 211, 49, 217, 227, 117, 89, 224, 64, 135, 42, 108, 229, 57,
       110, 25, 77, 71, 168, 19, 20, 237, 8, 242, 119, 9, 16, 216, 200,
       121, 106, 75, 66, 251, 63, 227, 255, 133, 60, 82, 51, 70, 98, 77,
       117, 57, 103, 117, 79, 119, 184, 121, 236, 111, 12, 222, 113, 13,
       48, 144, 76, 96, 110, 193, 240, 249, 14, 231, 255, 5, 6, 66, 51,
       71, 226, 240, 106, 94, 112, 10, 168, 81, 86, 160, 183, 164, 185,
       55, 135, 66, 27, 38, 180, 77, 8, 42, 79, 130, 33, 211, 193, 112,
       57, 96, 128, 6, 42, 209, 88, 223, 116, 8, 76, 69, 52, 240, 242,
       166, 88, 119, 51, 129, 123, 32, 244, 124, 106, 105, 71, 179, 40,
       209, 235, 101, 24, 104, 176, 66, 57, 250, 174, 214, 114, 233, 173,
       92, 215, 187, 187, 176, 89, 47, 251, 64, 31, 167, 247, 125, 28,
       58, 79, 202, 243, 219, 219, 85, 250, 226, 213, 202, 11, 244, 88,
       223, 118, 8, 76, 69, 180, 240, 218, 162, 88, 119, 119, 193, 123,
       34, 244, 108, 106, 105, 103, 187, 32, 209, 171, 117, 24, 104, 241,
       70, 56, 120, 176, 59, 112, 27, 237, 81, 87, 235, 29, 172, 24, 62,
       149, 64, 24, 163, 186, 196, 16, 18, 107, 178, 17, 219, 205, 48,
       123, 226, 0, 71, 107, 252, 116, 255, 116, 170, 104, 69, 26, 177,
       178, 166, 56, 87, 247, 65, 123, 35, 212, 108, 42, 105, 71, 243,
       10, 211, 227, 117, 28, 226, 241, 6, 105, 197, 143, 12, 31, 154,
