%YAML:1.0
---
descriptors: !!opencv-matrix
   rows: 135
   cols: 32
   dt: u
   data: [ 220, 157, 191, 239, 188, 110, 127, 190, 189, 202, 255, 88,
       255, 127, 9, 112, 183, 247, 125, 106, 121, 171, 57, 239, 255, 255,
       39, 144, 170, 243, 167, 113, 248, 188, 255, 114, 169, 252, 85,
       223, 179, 95, 164, 152, 59, 247, 192, 191, 37, 246, 236, 24, 59,
       79, 186, 49, 219, 203, 117, 121, 227, 192, 198, 123, 252, 125,
       248, 100, 168, 15, 87, 61, 0, 234, 188, 109, 115, 117, 201, 19,
       158, 246, 245, 98, 201, 115, 232, 42, 243, 201, 101, 184, 107,
       250, 198, 123, 214, 56, 151, 86, 139, 96, 1, 74, 248, 210, 131,
       112, 212, 246, 229, 127, 231, 119, 120, 144, 41, 71, 179, 98, 145,
       178, 91, 26, 136, 113, 39, 53, 252, 115, 144, 166, 137, 31, 86,
       120, 1, 172, 161, 77, 98, 249, 67, 147, 220, 252, 224, 98, 76, 99,
       218, 168, 179, 193, 69, 59, 107, 127, 74, 146, 109, 98, 56, 37,
       100, 31, 114, 24, 105, 172, 119, 77, 211, 9, 27, 16, 144, 68, 68,
       110, 196, 244, 201, 8, 70, 153, 33, 53, 64, 187, 90, 131, 240,
       184, 156, 250, 136, 173, 145, 95, 154, 59, 164, 24, 183, 241, 64,
       11, 141, 51, 121, 24, 58, 111, 218, 51, 217, 131, 121, 120, 208,
       72, 131, 171, 100, 103, 104, 103, 112, 11, 103, 40, 49, 164, 111,
       169, 195, 97, 139, 16, 24, 204, 68, 106, 72, 176, 201, 14, 230,
       173, 33, 5, 99, 187, 70, 162, 124, 101, 105, 71, 80, 75, 103, 168,
       113, 164, 239, 168, 67, 101, 141, 20, 24, 220, 196, 98, 72, 178,
       233, 14, 103, 166, 37, 21, 99, 187, 70, 226, 215, 228, 165, 7,
       141, 127, 231, 168, 122, 242, 131, 30, 210, 112, 95, 167, 49, 196,
       120, 127, 225, 116, 253, 234, 189, 10, 77, 116, 204, 127, 91, 68,
       94, 247, 216, 166, 250, 66, 31, 168, 51, 188, 173, 169, 77, 247,
       203, 18, 55, 213, 237, 242, 106, 67, 203, 59, 250, 231, 237, 191,
       34, 179, 46, 115, 242, 176, 245, 122, 169, 253, 80, 207, 219, 59,
       176, 57, 42, 253, 76, 187, 143, 147, 237, 16, 62, 111, 202, 179,
       155, 222, 85, 127, 211, 76, 198, 63, 240, 168, 140, 250, 140, 237,
       65, 207, 182, 19, 164, 24, 183, 243, 64, 27, 73, 226, 125, 24, 58,
       79, 202, 49, 217, 131, 119, 121, 168, 72, 218, 10, 248, 184, 255,
       112, 169, 249, 85, 215, 179, 31, 164, 56, 59, 247, 192, 63, 167,
       246, 237, 24, 58, 111, 178, 51, 219, 219, 117, 123, 227, 196, 198,
       123, 240, 168, 253, 112, 136, 237, 89, 71, 163, 183, 160, 24, 23,
       147, 64, 27, 129, 183, 125, 16, 58, 79, 210, 48, 219, 233, 116,
       121, 224, 192, 198, 42, 24, 188, 142, 177, 168, 233, 80, 87, 182,
       91, 182, 189, 183, 227, 66, 27, 3, 162, 237, 20, 62, 77, 195, 49,
       202, 195, 116, 217, 234, 192, 138, 27, 108, 99, 104, 101, 100, 11,
       103, 40, 105, 164, 119, 137, 195, 9, 159, 16, 18, 68, 69, 110,
       200, 176, 237, 12, 102, 248, 33, 5, 70, 187, 86, 224, 221, 36,
       172, 183, 140, 125, 220, 142, 242, 247, 134, 157, 243, 236, 91,
       43, 133, 198, 125, 63, 175, 69, 255, 34, 203, 235, 253, 49, 172,
       121, 218, 82, 249, 166, 238, 116, 171, 56, 80, 59, 243, 215, 164,
       189, 43, 169, 214, 190, 47, 230, 236, 12, 188, 111, 166, 131, 218,
       251, 85, 59, 235, 228, 78, 95, 93, 221, 127, 239, 180, 78, 127,
       191, 61, 234, 254, 72, 127, 127, 9, 112, 183, 247, 127, 106, 249,
       187, 121, 239, 255, 255, 39, 132, 234, 243, 226, 51, 205, 93, 127,
       103, 244, 30, 255, 188, 125, 234, 126, 100, 251, 125, 157, 244,
       183, 247, 127, 110, 225, 176, 121, 238, 239, 255, 39, 132, 78,
       243, 195, 113, 10, 158, 114, 139, 114, 243, 186, 35, 61, 69, 95,
       163, 237, 46, 162, 196, 119, 187, 151, 145, 22, 152, 37, 223, 78,
       103, 186, 193, 183, 134, 173, 220, 253, 228, 172, 181, 141, 61,
       92, 175, 242, 179, 130, 25, 211, 249, 89, 139, 129, 198, 125, 61,
       62, 101, 219, 162, 219, 235, 253, 61, 166, 124, 218, 2, 129, 188,
       143, 113, 164, 174, 101, 151, 118, 91, 66, 84, 179, 177, 208, 107,
       1, 46, 120, 28, 179, 220, 215, 51, 76, 171, 244, 64, 168, 208,
       208, 184, 118, 119, 156, 166, 250, 3, 22, 248, 51, 236, 137, 109,
       78, 254, 75, 147, 148, 85, 253, 98, 108, 67, 219, 58, 250, 199,
       109, 191, 8, 247, 10, 83, 240, 156, 215, 124, 171, 104, 84, 151,
       163, 147, 162, 120, 47, 191, 64, 251, 163, 247, 236, 0, 56, 111,
       130, 33, 155, 243, 84, 91, 226, 224, 230, 11, 204, 222, 53, 95,
       232, 236, 183, 190, 184, 90, 60, 116, 252, 119, 141, 191, 151,
       115, 228, 106, 225, 64, 58, 127, 111, 58, 101, 158, 90, 243, 199,
       185, 12, 190, 184, 115, 169, 173, 53, 223, 230, 63, 44, 40, 159,
       241, 202, 14, 1, 90, 106, 24, 18, 41, 234, 49, 205, 215, 85, 125,
       210, 74, 199, 162, 240, 178, 253, 122, 168, 233, 208, 207, 219,
       59, 176, 121, 47, 252, 76, 155, 143, 147, 237, 17, 63, 111, 202,
       17, 155, 211, 117, 255, 209, 72, 206, 27, 230, 182, 213, 146, 234,
       104, 57, 155, 187, 247, 161, 253, 204, 231, 76, 159, 167, 223,
       253, 21, 179, 71, 218, 194, 156, 18, 95, 254, 140, 101, 135, 113,
       200, 174, 140, 83, 232, 173, 45, 159, 186, 63, 4, 29, 180, 163,
       200, 27, 39, 66, 111, 28, 50, 76, 235, 115, 109, 143, 127, 252,
       128, 208, 135, 233, 100, 52, 157, 247, 169, 100, 21, 11, 186, 191,
       169, 57, 212, 247, 72, 27, 133, 87, 121, 2, 48, 67, 251, 48, 205,
       178, 93, 62, 128, 97, 134, 115, 252, 71, 28, 110, 248, 15, 86,
       248, 129, 174, 189, 77, 67, 97, 11, 19, 157, 84, 197, 110, 232,
       99, 200, 47, 123, 255, 101, 61, 82, 251, 74, 19, 85, 113, 25, 67,
       146, 78, 71, 184, 96, 224, 107, 72, 215, 83, 137, 48, 18, 92, 88,
       106, 73, 144, 249, 44, 229, 173, 5, 4, 104, 179, 66, 48, 229, 168,
       151, 82, 236, 237, 97, 199, 251, 51, 96, 88, 54, 243, 64, 62, 41,
       246, 98, 24, 51, 126, 154, 115, 29, 190, 85, 104, 200, 192, 194,
       168, 37, 172, 193, 83, 212, 173, 225, 207, 82, 227, 104, 88, 178,
       240, 196, 61, 25, 234, 98, 28, 51, 122, 254, 50, 12, 14, 85, 104,
       201, 72, 210, 168, 226, 188, 156, 154, 232, 173, 21, 223, 186, 63,
       168, 29, 182, 243, 66, 26, 135, 123, 111, 20, 50, 75, 218, 115,
       217, 146, 93, 122, 216, 80, 131, 251, 101, 49, 17, 69, 81, 78, 99,
       24, 104, 224, 107, 72, 210, 83, 9, 116, 144, 84, 72, 106, 65, 176,
       249, 8, 5, 188, 1, 4, 74, 35, 66, 50, 60, 119, 121, 71, 250, 75,
       23, 232, 49, 172, 255, 168, 67, 117, 141, 52, 26, 220, 196, 98,
       104, 178, 233, 30, 119, 231, 37, 55, 99, 187, 70, 227, 248, 188,
       247, 112, 171, 249, 80, 199, 243, 27, 160, 56, 43, 191, 68, 59,
       175, 242, 237, 16, 58, 111, 162, 51, 219, 219, 85, 123, 227, 192,
       198, 47, 126, 231, 248, 230, 90, 2, 31, 184, 51, 180, 173, 171,
       77, 103, 203, 82, 55, 213, 237, 226, 104, 67, 235, 58, 250, 231,
       237, 189, 39, 179, 38, 115, 126, 71, 236, 14, 73, 22, 222, 184,
       17, 166, 173, 141, 75, 109, 31, 151, 92, 196, 233, 239, 236, 102,
       239, 174, 115, 127, 197, 185, 103, 247, 94, 68, 139, 154, 63, 251,
       48, 172, 121, 23, 190, 89, 118, 112, 189, 159, 176, 104, 198, 59,
       31, 28, 147, 156, 34, 241, 198, 217, 186, 192, 152, 128, 161, 249,
       116, 119, 76, 103, 50, 11, 86, 248, 33, 172, 255, 237, 83, 119,
       137, 16, 124, 212, 237, 98, 72, 146, 201, 12, 246, 231, 37, 151,
       105, 187, 78, 19, 247, 116, 174, 150, 141, 127, 150, 232, 251,
       250, 151, 94, 82, 248, 95, 175, 185, 196, 252, 115, 237, 103, 185,
       170, 187, 31, 207, 255, 136, 127, 219, 23, 122, 95, 149, 92, 185,
       118, 23, 191, 223, 250, 186, 108, 238, 246, 165, 246, 213, 119,
       236, 34, 201, 75, 251, 189, 185, 246, 103, 158, 218, 126, 165, 61,
       231, 40, 141, 16, 205, 125, 84, 207, 171, 247, 164, 29, 6, 240,
       71, 159, 137, 194, 126, 28, 46, 71, 250, 32, 159, 91, 85, 63, 240,
       124, 222, 78, 170, 190, 149, 57, 168, 237, 144, 223, 154, 255,
       176, 253, 174, 164, 192, 143, 143, 19, 237, 17, 51, 111, 227, 19,
