%YAML:1.0
---
descriptors: !!opencv-matrix
   rows: 298
   cols: 32
   dt: u
   data: [ 120, 173, 122, 112, 152, 201, 81, 119, 163, 21, 172, 56, 51,
       247, 66, 18, 1, 178, 101, 8, 90, 75, 162, 53, 219, 141, 52, 121,
       96, 128, 198, 234, 5, 117, 49, 101, 85, 78, 103, 184, 124, 224,
       106, 72, 222, 87, 1, 52, 144, 92, 64, 106, 193, 176, 121, 78, 229,
       188, 1, 6, 72, 51, 67, 163, 240, 160, 187, 248, 202, 233, 81, 87,
       179, 21, 164, 56, 55, 151, 96, 90, 1, 155, 125, 16, 26, 79, 162,
       17, 217, 197, 112, 121, 176, 128, 134, 106, 100, 81, 57, 69, 21,
       79, 71, 56, 72, 160, 111, 8, 214, 17, 9, 48, 144, 92, 80, 106, 65,
       176, 121, 12, 229, 188, 1, 54, 64, 59, 86, 34, 69, 95, 29, 103,
       176, 14, 111, 184, 116, 234, 122, 100, 215, 97, 145, 112, 22, 108,
       60, 110, 233, 176, 125, 46, 236, 175, 37, 132, 104, 243, 64, 49,
       236, 116, 189, 103, 172, 111, 71, 152, 58, 186, 47, 28, 214, 113,
       73, 59, 145, 68, 124, 122, 49, 196, 251, 34, 207, 251, 101, 52,
       128, 123, 198, 114, 125, 93, 121, 103, 180, 78, 111, 188, 96, 232,
       126, 64, 243, 119, 129, 112, 54, 244, 28, 106, 233, 176, 121, 46,
       229, 239, 37, 128, 104, 243, 64, 57, 93, 125, 125, 103, 180, 78,
       71, 184, 96, 232, 191, 76, 211, 117, 153, 51, 22, 212, 124, 106,
       233, 176, 249, 44, 231, 233, 101, 148, 104, 243, 66, 113, 236,
       245, 185, 103, 157, 111, 71, 168, 114, 244, 173, 8, 214, 113, 73,
       50, 145, 94, 121, 122, 105, 114, 249, 58, 237, 253, 5, 52, 72,
       123, 198, 98, 108, 229, 157, 122, 137, 77, 87, 168, 179, 151, 173,
       24, 210, 247, 74, 51, 153, 210, 121, 114, 122, 66, 250, 51, 235,
       223, 69, 125, 208, 115, 222, 66, 108, 117, 61, 103, 25, 79, 71,
       168, 50, 224, 173, 8, 215, 85, 73, 54, 216, 92, 121, 106, 73, 114,
       249, 62, 237, 221, 5, 52, 66, 59, 86, 98, 44, 101, 57, 103, 181,
       79, 71, 168, 112, 102, 235, 8, 210, 117, 9, 48, 152, 92, 80, 106,
       105, 178, 249, 46, 229, 223, 5, 20, 64, 123, 214, 242, 253, 121,
       189, 103, 40, 78, 87, 152, 97, 186, 183, 76, 215, 87, 65, 59, 148,
       212, 124, 106, 201, 228, 249, 32, 195, 249, 101, 52, 106, 179, 66,
       51, 236, 112, 189, 99, 45, 109, 83, 152, 107, 255, 165, 24, 222,
       93, 73, 59, 145, 84, 252, 58, 43, 102, 251, 16, 207, 219, 69, 125,
       194, 123, 70, 115, 60, 101, 210, 236, 223, 79, 87, 232, 147, 166,
       169, 11, 79, 255, 107, 50, 217, 249, 242, 114, 108, 99, 218, 154,
       187, 223, 5, 63, 243, 127, 102, 226, 108, 69, 44, 103, 29, 79, 71,
       184, 21, 104, 239, 8, 211, 117, 27, 48, 24, 220, 121, 106, 72,
       178, 121, 62, 231, 239, 133, 53, 83, 187, 86, 98, 108, 101, 121,
       103, 77, 94, 94, 48, 113, 224, 239, 137, 219, 109, 25, 144, 88,
       220, 249, 106, 104, 242, 249, 142, 103, 255, 133, 21, 103, 251,
       126, 210, 232, 180, 189, 250, 173, 237, 81, 15, 223, 123, 164, 24,
       190, 189, 76, 59, 201, 146, 251, 16, 59, 111, 242, 147, 207, 219,
       84, 123, 210, 72, 214, 42, 252, 172, 253, 118, 136, 105, 85, 191,
       162, 182, 164, 24, 115, 119, 73, 27, 9, 246, 109, 42, 120, 111,
       251, 32, 217, 203, 117, 56, 225, 240, 198, 106, 252, 170, 220,
       114, 141, 57, 84, 223, 147, 183, 164, 25, 11, 233, 73, 155, 201,
       214, 236, 16, 62, 111, 202, 48, 219, 195, 117, 125, 243, 249, 206,
       2, 240, 50, 255, 112, 40, 232, 65, 19, 162, 29, 164, 56, 55, 151,
       64, 27, 5, 180, 109, 24, 10, 79, 178, 16, 211, 225, 112, 121, 224,
       128, 102, 123, 217, 182, 158, 176, 168, 188, 89, 83, 163, 127,
       180, 253, 191, 215, 194, 27, 135, 183, 253, 20, 191, 79, 130, 49,
       218, 227, 112, 249, 160, 196, 138, 91, 121, 184, 243, 112, 171,
       253, 81, 214, 243, 249, 180, 56, 59, 157, 198, 63, 43, 246, 236,
       24, 191, 111, 178, 49, 219, 219, 112, 251, 235, 132, 206, 127, 82,
       161, 152, 128, 155, 196, 17, 239, 171, 53, 140, 9, 140, 183, 74,
       86, 161, 95, 233, 144, 82, 75, 154, 113, 249, 20, 31, 127, 128, 4,
       167, 106, 233, 170, 150, 56, 233, 189, 112, 87, 247, 27, 112, 93,
       46, 131, 66, 155, 165, 170, 102, 28, 182, 126, 2, 81, 94, 219,
       112, 104, 226, 132, 202, 137, 197, 244, 148, 67, 168, 46, 38, 152,
       122, 187, 35, 84, 220, 114, 201, 127, 151, 85, 108, 58, 177, 84,
       217, 66, 141, 186, 103, 86, 136, 115, 139, 5, 244, 68, 92, 100,
       168, 106, 95, 184, 160, 178, 167, 24, 87, 115, 9, 123, 3, 213,
       109, 106, 104, 101, 201, 12, 241, 171, 101, 20, 96, 243, 66, 32,
       124, 37, 124, 103, 143, 75, 87, 40, 64, 166, 173, 42, 115, 97, 73,
       19, 24, 244, 200, 98, 72, 114, 249, 40, 251, 193, 69, 53, 99, 251,
       70, 34, 100, 109, 59, 102, 81, 198, 231, 232, 248, 128, 235, 8,
       80, 247, 41, 48, 248, 253, 91, 235, 105, 227, 184, 78, 113, 172,
       143, 12, 65, 51, 103, 162, 69, 117, 17, 71, 117, 79, 118, 168,
       121, 232, 107, 8, 222, 112, 9, 52, 144, 84, 96, 106, 65, 240, 249,
       14, 37, 158, 5, 22, 74, 51, 67, 55, 220, 252, 221, 118, 137, 216,
       87, 188, 163, 212, 164, 24, 127, 247, 202, 119, 5, 246, 252, 210,
       107, 77, 250, 49, 251, 251, 69, 127, 162, 177, 142, 50, 118, 112,
       150, 142, 139, 34, 6, 200, 169, 130, 235, 169, 70, 226, 105, 222,
       209, 197, 232, 114, 12, 195, 202, 8, 144, 178, 69, 31, 128, 115,
       46, 22, 204, 117, 120, 101, 98, 14, 63, 184, 57, 230, 55, 169,
       223, 23, 139, 16, 22, 85, 213, 110, 96, 212, 233, 78, 231, 251,
       37, 164, 66, 243, 7, 241, 54, 221, 18, 174, 153, 199, 6, 232, 159,
       140, 233, 41, 70, 240, 45, 148, 217, 239, 202, 98, 108, 163, 26,
       62, 185, 182, 5, 63, 80, 123, 174, 6, 52, 197, 18, 142, 221, 194,
       134, 232, 148, 132, 233, 9, 70, 224, 45, 208, 216, 237, 106, 98,
       104, 163, 26, 110, 184, 182, 135, 31, 64, 59, 42, 134, 38, 77, 22,
       158, 249, 141, 22, 224, 159, 128, 233, 9, 230, 240, 45, 144, 216,
       123, 226, 67, 72, 35, 74, 62, 185, 150, 5, 58, 80, 59, 10, 134,
       52, 69, 18, 174, 221, 199, 134, 232, 157, 132, 233, 11, 70, 240,
       45, 84, 216, 253, 98, 98, 76, 163, 26, 110, 177, 182, 5, 31, 81,
       123, 100, 134, 54, 85, 18, 190, 93, 199, 22, 224, 156, 140, 233,
       9, 70, 240, 41, 144, 216, 233, 202, 99, 108, 163, 26, 46, 177,
       180, 5, 31, 80, 59, 46, 134, 193, 174, 159, 153, 236, 169, 225,
       199, 254, 19, 32, 208, 181, 226, 224, 75, 99, 98, 106, 28, 51,
       109, 142, 115, 204, 2, 118, 104, 152, 192, 131, 168, 129, 174,
       207, 59, 164, 170, 109, 159, 118, 19, 102, 212, 243, 227, 208,
       105, 67, 110, 42, 28, 51, 252, 111, 51, 76, 171, 118, 64, 184,
       192, 193, 168, 40, 253, 16, 63, 89, 205, 22, 174, 159, 61, 40, 9,
       174, 59, 65, 144, 129, 91, 194, 64, 70, 40, 82, 183, 175, 213, 20,
       59, 82, 28, 14, 154, 120, 169, 122, 120, 152, 233, 81, 119, 163,
       21, 172, 56, 55, 183, 66, 16, 1, 178, 237, 16, 26, 107, 226, 53,
       219, 197, 48, 121, 98, 128, 198, 43, 5, 85, 17, 69, 85, 78, 102,
       184, 124, 224, 107, 72, 222, 81, 9, 180, 144, 92, 80, 106, 65,
       176, 121, 78, 37, 188, 1, 4, 72, 51, 67, 177, 37, 113, 17, 69, 85,
       79, 103, 56, 104, 224, 107, 8, 210, 17, 13, 52, 144, 92, 80, 106,
       65, 176, 121, 12, 37, 188, 1, 54, 72, 59, 83, 162, 216, 176, 185,
       248, 138, 233, 81, 31, 166, 55, 166, 24, 23, 151, 64, 90, 3, 147,
       109, 16, 26, 79, 178, 17, 217, 193, 80, 121, 176, 128, 132, 98,
       205, 93, 157, 103, 168, 110, 103, 184, 120, 250, 166, 92, 215,
       115, 9, 123, 145, 86, 124, 106, 97, 228, 249, 42, 229, 251, 101,
       20, 200, 241, 67, 49, 204, 188, 157, 119, 177, 111, 119, 186, 59,
       250, 43, 24, 214, 119, 72, 123, 145, 222, 124, 42, 57, 212, 249,
       42, 237, 255, 117, 20, 200, 113, 134, 50, 236, 117, 25, 103, 185,
       111, 71, 188, 122, 234, 171, 24, 214, 119, 73, 51, 145, 94, 120,
       106, 105, 116, 249, 46, 237, 255, 69, 52, 200, 115, 198, 50, 108,
       229, 189, 115, 137, 77, 87, 168, 115, 191, 173, 24, 214, 117, 73,
