%YAML:1.0
---
descriptors: !!opencv-matrix
   rows: 298
   cols: 32
   dt: u
   data: [ 93, 221, 121, 103, 180, 78, 79, 188, 97, 232, 254, 68, 247,
       119, 137, 112, 86, 212, 92, 106, 233, 144, 121, 46, 227, 239, 37,
       148, 104, 243, 192, 121, 253, 113, 253, 103, 172, 78, 87, 152, 97,
       250, 183, 12, 211, 85, 73, 59, 20, 212, 124, 106, 233, 103, 249,
       8, 243, 217, 101, 52, 107, 179, 70, 115, 93, 221, 57, 231, 176,
       110, 79, 189, 100, 234, 255, 96, 247, 119, 137, 112, 86, 214, 93,
       106, 249, 144, 121, 63, 225, 239, 37, 148, 32, 243, 196, 113, 148,
       181, 57, 239, 180, 110, 79, 191, 54, 170, 255, 112, 215, 119, 153,
       96, 87, 222, 29, 106, 249, 144, 105, 63, 233, 237, 39, 196, 160,
       251, 132, 97, 236, 48, 189, 99, 237, 109, 81, 152, 91, 255, 181,
       24, 222, 93, 75, 59, 153, 16, 253, 26, 58, 102, 251, 18, 207, 219,
       81, 127, 210, 75, 70, 99, 252, 252, 252, 118, 168, 109, 85, 254,
       179, 190, 164, 56, 115, 119, 65, 27, 13, 214, 108, 42, 120, 79,
       250, 42, 219, 203, 117, 61, 224, 241, 198, 122, 252, 38, 252, 118,
       136, 105, 85, 219, 211, 183, 181, 24, 83, 225, 75, 27, 9, 214,
       236, 24, 58, 103, 202, 34, 219, 203, 117, 61, 227, 249, 206, 34,
       236, 176, 189, 115, 173, 109, 81, 152, 123, 255, 165, 24, 223, 93,
       73, 59, 153, 144, 252, 58, 59, 102, 251, 18, 207, 219, 81, 127,
       194, 73, 70, 115, 120, 180, 255, 112, 168, 236, 81, 87, 162, 95,
       164, 24, 23, 183, 64, 59, 35, 150, 236, 24, 59, 79, 178, 1, 219,
       235, 116, 121, 226, 192, 198, 123, 232, 189, 181, 254, 157, 237,
       84, 47, 223, 31, 172, 24, 190, 189, 64, 83, 201, 51, 249, 0, 122,
       107, 210, 183, 235, 223, 84, 123, 210, 72, 214, 106, 85, 5, 125,
       101, 52, 14, 71, 56, 108, 160, 171, 72, 215, 51, 8, 115, 130, 212,
       124, 106, 233, 161, 121, 12, 225, 233, 97, 20, 96, 226, 66, 32,
       236, 237, 180, 251, 188, 175, 94, 188, 255, 187, 189, 24, 223,
       237, 93, 27, 221, 214, 127, 122, 186, 103, 203, 254, 255, 255,
       101, 252, 194, 251, 210, 17, 64, 152, 157, 254, 136, 237, 17, 135,
       150, 19, 64, 24, 182, 247, 32, 89, 193, 122, 43, 24, 50, 74, 218,
       49, 205, 163, 116, 120, 144, 72, 133, 42, 69, 39, 144, 39, 180,
       58, 110, 136, 120, 170, 107, 64, 207, 98, 203, 250, 179, 77, 108,
       126, 20, 240, 205, 10, 172, 255, 103, 68, 192, 243, 203, 4, 140,
       119, 49, 71, 240, 79, 55, 184, 57, 232, 127, 108, 222, 119, 141,
       52, 148, 93, 214, 98, 225, 240, 249, 78, 111, 247, 37, 134, 74,
       51, 71, 243, 150, 109, 246, 175, 254, 11, 254, 232, 127, 162, 251,
       162, 207, 234, 149, 0, 127, 237, 127, 227, 232, 243, 205, 254,
       190, 254, 207, 132, 101, 251, 33, 1, 246, 237, 214, 159, 252, 171,
       190, 239, 191, 179, 250, 18, 236, 234, 125, 89, 255, 239, 127,
       179, 122, 255, 203, 255, 188, 54, 223, 212, 133, 121, 225, 137,
       134, 173, 230, 159, 252, 43, 254, 239, 191, 187, 251, 18, 236,
       238, 93, 75, 255, 239, 127, 179, 250, 255, 203, 255, 188, 62, 223,
       212, 133, 121, 225, 137, 69, 113, 17, 69, 17, 14, 103, 184, 104,
       232, 107, 76, 214, 17, 9, 48, 148, 68, 64, 110, 193, 176, 249, 12,
       37, 188, 5, 4, 72, 51, 67, 35, 198, 252, 246, 255, 252, 43, 254,
       252, 63, 162, 251, 186, 238, 238, 29, 65, 255, 255, 255, 227, 232,
       247, 207, 238, 190, 118, 207, 142, 21, 255, 225, 145, 196, 92,
       157, 246, 169, 100, 21, 178, 169, 218, 167, 24, 212, 247, 97, 123,
       197, 87, 120, 34, 97, 71, 186, 96, 211, 179, 87, 62, 144, 113, 38,
       51, 248, 154, 252, 120, 170, 41, 81, 159, 131, 31, 180, 56, 51, 9,
       66, 27, 15, 146, 205, 24, 26, 110, 66, 49, 203, 201, 112, 125,
       243, 201, 196, 43, 221, 80, 188, 247, 172, 12, 93, 152, 191, 250,
       183, 56, 223, 247, 73, 123, 199, 213, 125, 10, 120, 197, 219, 32,
       203, 251, 117, 212, 160, 249, 3, 51, 188, 106, 123, 96, 66, 106,
       67, 80, 224, 134, 100, 40, 19, 151, 129, 56, 46, 252, 68, 122, 8,
       247, 160, 40, 83, 137, 33, 0, 225, 179, 102, 224, 28, 165, 185,
       114, 155, 237, 19, 207, 242, 21, 173, 24, 158, 245, 72, 56, 163,
       27, 200, 16, 19, 107, 186, 117, 249, 197, 21, 111, 224, 65, 135,
       34, 129, 153, 83, 77, 82, 86, 38, 53, 120, 64, 98, 96, 240, 50,
       164, 245, 114, 55, 18, 234, 113, 184, 49, 77, 37, 168, 2, 2, 72,
       32, 225, 188, 236, 252, 188, 255, 141, 253, 87, 182, 223, 187,
       173, 24, 254, 253, 65, 59, 201, 242, 255, 26, 59, 110, 250, 187,
       239, 219, 85, 59, 210, 89, 214, 42, 220, 48, 188, 240, 168, 236,
       89, 31, 187, 251, 180, 24, 159, 247, 74, 59, 135, 151, 125, 24,
       58, 77, 251, 19, 219, 251, 117, 252, 194, 192, 198, 115, 202, 172,
       148, 186, 137, 253, 20, 143, 155, 151, 160, 25, 174, 242, 98, 159,
       129, 115, 232, 17, 62, 79, 218, 179, 153, 210, 93, 123, 144, 84,
       143, 14, 248, 180, 190, 112, 169, 253, 81, 159, 251, 123, 182, 24,
       159, 191, 66, 59, 133, 151, 253, 24, 186, 111, 242, 147, 219, 219,
       117, 125, 194, 72, 199, 123, 232, 188, 188, 248, 173, 253, 85,
       223, 255, 187, 180, 24, 191, 253, 64, 59, 205, 246, 127, 24, 186,
       111, 250, 179, 219, 251, 85, 122, 210, 200, 198, 91, 250, 188,
       180, 255, 237, 189, 252, 255, 255, 187, 246, 26, 238, 255, 92,
       159, 237, 255, 255, 145, 186, 111, 219, 247, 255, 255, 223, 120,
       211, 220, 242, 138, 229, 113, 157, 101, 164, 14, 71, 184, 96, 234,
       166, 76, 211, 113, 25, 51, 144, 68, 124, 106, 201, 240, 249, 8,
       229, 185, 101, 20, 72, 243, 66, 34, 230, 172, 254, 223, 236, 169,
       252, 255, 190, 187, 250, 178, 253, 239, 252, 91, 255, 255, 127,
       128, 178, 127, 203, 243, 254, 191, 255, 168, 148, 248, 227, 137,
       230, 174, 254, 223, 236, 189, 252, 255, 191, 187, 245, 114, 236,
       239, 252, 91, 255, 255, 255, 143, 242, 127, 235, 243, 190, 254,
       255, 238, 149, 248, 227, 153, 236, 52, 189, 97, 168, 110, 117, 31,
       123, 191, 175, 24, 223, 55, 72, 59, 149, 22, 125, 56, 49, 244,
       249, 2, 207, 219, 117, 116, 192, 224, 198, 115, 74, 184, 156, 187,
       169, 253, 16, 135, 186, 63, 8, 57, 174, 246, 66, 154, 129, 115,
       233, 17, 22, 72, 218, 115, 207, 215, 93, 123, 144, 68, 143, 91,
       81, 143, 71, 109, 180, 138, 74, 55, 100, 0, 234, 192, 115, 35,
       144, 112, 82, 230, 76, 124, 25, 169, 5, 63, 168, 174, 36, 16, 236,
       194, 224, 40, 60, 65, 112, 225, 21, 95, 82, 112, 69, 164, 247, 11,
       75, 29, 51, 64, 248, 156, 151, 227, 204, 178, 81, 140, 179, 221,
       129, 23, 119, 175, 124, 66, 197, 87, 156, 101, 32, 14, 102, 184,
       104, 170, 106, 76, 215, 33, 24, 51, 144, 68, 108, 110, 225, 240,
       217, 10, 229, 186, 97, 20, 72, 243, 67, 1, 197, 116, 157, 103,
       193, 110, 119, 168, 121, 226, 103, 24, 222, 113, 73, 59, 147, 84,
       112, 42, 97, 244, 217, 10, 103, 255, 85, 6, 200, 115, 67, 35, 240,
       186, 255, 116, 138, 104, 17, 23, 178, 151, 164, 184, 55, 135, 64,
       27, 39, 247, 237, 144, 58, 79, 162, 33, 219, 163, 116, 120, 160,
       224, 134, 123, 248, 174, 254, 120, 170, 233, 81, 215, 178, 23,
       164, 185, 35, 167, 64, 27, 3, 178, 237, 16, 58, 79, 162, 51, 219,
       195, 116, 121, 224, 192, 134, 107, 45, 113, 17, 97, 1, 95, 82, 8,
       105, 232, 45, 8, 222, 16, 73, 48, 144, 28, 64, 122, 1, 176, 241,
       8, 199, 221, 1, 54, 74, 51, 74, 182, 69, 113, 145, 69, 65, 78,
       119, 56, 104, 192, 98, 8, 222, 48, 77, 50, 144, 84, 96, 106, 65,
       240, 241, 72, 37, 184, 68, 2, 72, 115, 67, 38, 100, 113, 56, 101,
       0, 14, 83, 24, 96, 172, 39, 12, 215, 19, 9, 18, 20, 68, 76, 106,
       72, 240, 249, 8, 225, 169, 33, 20, 64, 178, 66, 35, 252, 180, 245,
       118, 171, 104, 85, 223, 179, 183, 173, 56, 127, 247, 72, 31, 39,
       214, 237, 24, 58, 79, 186, 35, 219, 243, 85, 60, 226, 208, 134,
       99, 148, 236, 254, 191, 238, 175, 255, 252, 190, 186, 242, 27,
       247, 234, 89, 91, 255, 231, 127, 195, 234, 247, 203, 123, 252,
