%YAML:1.0
---
descriptors: !!opencv-matrix
   rows: 243
   cols: 32
   dt: u
   data: [ 108, 100, 189, 103, 165, 75, 103, 168, 113, 174, 111, 8, 210,
       113, 25, 59, 153, 68, 108, 106, 104, 240, 233, 46, 239, 255, 69,
       21, 194, 123, 86, 98, 85, 2, 158, 164, 170, 42, 64, 8, 110, 186,
       131, 112, 215, 242, 73, 74, 243, 69, 108, 51, 12, 69, 139, 0, 144,
       227, 107, 20, 168, 99, 1, 1, 253, 109, 29, 103, 168, 14, 71, 184,
       97, 168, 175, 72, 87, 113, 137, 51, 50, 212, 108, 106, 105, 225,
       249, 44, 241, 235, 101, 20, 104, 243, 194, 33, 213, 75, 205, 101,
       36, 10, 79, 56, 96, 160, 135, 64, 211, 35, 145, 123, 16, 196, 124,
       106, 233, 208, 237, 8, 228, 171, 229, 20, 40, 179, 82, 32, 124,
       178, 248, 112, 168, 109, 81, 154, 227, 191, 181, 57, 151, 147, 72,
       26, 137, 214, 236, 16, 26, 99, 202, 16, 219, 193, 117, 125, 224,
       193, 198, 35, 112, 168, 184, 116, 136, 105, 81, 143, 178, 181,
       166, 25, 119, 181, 66, 91, 1, 246, 104, 16, 26, 79, 251, 49, 219,
       163, 85, 125, 224, 40, 134, 106, 76, 101, 120, 103, 242, 26, 127,
       56, 57, 160, 127, 137, 223, 39, 137, 49, 54, 221, 213, 238, 96,
       208, 233, 78, 231, 239, 33, 133, 98, 247, 7, 33, 236, 112, 185,
       103, 37, 111, 115, 152, 107, 238, 39, 8, 214, 85, 73, 58, 145, 84,
       120, 122, 1, 116, 249, 8, 207, 217, 69, 52, 194, 123, 70, 114,
       100, 113, 40, 110, 104, 197, 87, 248, 130, 204, 173, 9, 242, 215,
       75, 16, 216, 208, 93, 234, 74, 3, 250, 25, 243, 157, 165, 61, 80,
       51, 126, 243, 88, 221, 159, 238, 170, 106, 87, 183, 161, 202, 238,
       40, 255, 119, 0, 114, 35, 247, 125, 40, 73, 137, 179, 45, 241,
       231, 100, 0, 96, 242, 167, 123, 212, 111, 156, 164, 10, 74, 95,
       168, 166, 182, 134, 137, 87, 103, 67, 83, 38, 245, 109, 226, 104,
       69, 203, 8, 249, 227, 101, 21, 32, 177, 38, 66, 253, 173, 58, 98,
       157, 253, 87, 205, 227, 188, 172, 8, 51, 217, 75, 50, 136, 194,
       204, 90, 94, 99, 250, 48, 251, 217, 5, 125, 66, 123, 206, 66, 200,
       184, 157, 113, 161, 236, 113, 151, 58, 123, 38, 88, 158, 23, 64,
       122, 133, 23, 120, 24, 51, 92, 243, 35, 205, 251, 80, 66, 200, 64,
       131, 59, 124, 97, 56, 109, 28, 79, 71, 184, 66, 164, 237, 8, 211,
       85, 27, 48, 88, 212, 121, 234, 72, 242, 249, 28, 103, 175, 129,
       53, 99, 187, 86, 98, 1, 113, 113, 69, 114, 31, 235, 48, 104, 232,
       122, 236, 221, 23, 148, 180, 54, 29, 84, 108, 193, 176, 53, 76,
       36, 156, 32, 128, 78, 162, 3, 241, 3, 83, 115, 65, 112, 158, 43,
       48, 45, 72, 123, 228, 157, 22, 133, 244, 54, 61, 23, 236, 129,
       144, 52, 76, 36, 188, 42, 128, 14, 130, 35, 245, 20, 81, 99, 69,
       114, 74, 111, 120, 36, 228, 127, 160, 89, 23, 153, 112, 54, 156,
       87, 234, 192, 144, 37, 76, 119, 168, 162, 132, 101, 179, 102, 241,
       120, 56, 123, 112, 11, 249, 81, 83, 163, 85, 164, 57, 59, 151, 66,
       26, 34, 178, 205, 16, 10, 79, 162, 1, 211, 193, 48, 123, 226, 128,
       70, 123, 88, 217, 151, 110, 186, 72, 87, 181, 161, 128, 238, 40,
       127, 247, 0, 114, 34, 246, 109, 64, 73, 11, 162, 105, 241, 164,
       36, 8, 34, 178, 166, 59, 221, 120, 223, 118, 10, 76, 69, 188, 240,
       210, 167, 56, 119, 247, 201, 123, 34, 244, 124, 106, 105, 71, 187,
       40, 241, 235, 117, 24, 106, 177, 66, 57, 11, 19, 59, 65, 114, 70,
       57, 81, 45, 72, 126, 96, 156, 23, 148, 116, 182, 29, 23, 236, 193,
       144, 33, 76, 102, 189, 42, 128, 6, 130, 39, 241, 246, 60, 213,
       158, 203, 96, 20, 207, 187, 211, 160, 253, 78, 230, 79, 219, 199,
       231, 232, 20, 55, 79, 218, 98, 152, 50, 85, 59, 169, 117, 166, 86,
       165, 188, 149, 95, 220, 173, 103, 159, 214, 27, 97, 92, 246, 241,
       8, 57, 89, 106, 106, 26, 51, 100, 219, 55, 109, 142, 117, 120,
       216, 88, 194, 168, 85, 77, 91, 103, 148, 78, 71, 185, 116, 162,
       234, 64, 83, 113, 57, 112, 112, 198, 72, 106, 121, 176, 89, 46,
       241, 174, 37, 20, 105, 251, 224, 32, 224, 188, 157, 216, 201, 237,
       17, 143, 154, 51, 168, 24, 182, 179, 72, 91, 129, 19, 106, 0, 51,
       111, 210, 115, 141, 150, 84, 123, 208, 72, 135, 42, 19, 63, 234,
       1, 210, 242, 186, 70, 232, 205, 126, 231, 33, 172, 247, 32, 46,
       107, 194, 213, 151, 153, 36, 110, 62, 5, 46, 129, 237, 81, 47,
       223, 192, 172, 157, 251, 168, 237, 53, 143, 190, 63, 32, 24, 182,
       183, 64, 91, 129, 82, 106, 24, 50, 76, 219, 51, 205, 130, 118,
       120, 208, 64, 135, 170, 3, 127, 251, 6, 242, 240, 190, 71, 168,
       197, 124, 231, 40, 174, 231, 180, 46, 123, 130, 145, 135, 155,
       164, 106, 58, 5, 62, 171, 205, 86, 47, 253, 208, 142, 157, 245,
       172, 47, 69, 63, 176, 190, 178, 88, 247, 99, 192, 11, 7, 102, 108,
       42, 120, 109, 203, 10, 200, 163, 117, 16, 96, 248, 133, 41, 80,
       136, 188, 122, 136, 173, 16, 143, 206, 19, 160, 24, 182, 248, 76,
       122, 129, 51, 104, 16, 30, 105, 219, 49, 153, 250, 85, 122, 208,
       64, 133, 46, 201, 184, 152, 113, 161, 252, 113, 151, 250, 123, 38,
       24, 158, 51, 64, 122, 133, 30, 120, 24, 51, 92, 242, 34, 207, 251,
       80, 96, 200, 64, 139, 43, 225, 189, 188, 119, 141, 221, 84, 167,
       251, 249, 38, 24, 178, 185, 68, 51, 129, 102, 120, 16, 255, 108,
       219, 49, 207, 219, 85, 114, 200, 72, 202, 10, 208, 184, 153, 112,
       9, 236, 65, 23, 162, 85, 164, 24, 182, 151, 64, 26, 1, 150, 104,
       24, 27, 79, 242, 17, 201, 161, 80, 120, 192, 0, 134, 122, 112,
       168, 184, 116, 136, 233, 81, 7, 162, 183, 164, 25, 55, 133, 66,
       27, 129, 246, 104, 16, 26, 75, 234, 49, 219, 161, 117, 121, 224,
       64, 198, 106, 100, 178, 152, 112, 168, 173, 81, 155, 163, 189,
       172, 61, 151, 163, 65, 26, 133, 158, 109, 16, 26, 106, 218, 16,
       219, 213, 53, 124, 232, 192, 198, 19, 248, 172, 188, 122, 137,
       237, 85, 239, 178, 23, 172, 24, 119, 247, 72, 27, 129, 242, 237,
       0, 58, 111, 234, 51, 219, 227, 117, 121, 240, 64, 198, 42, 216,
       109, 14, 180, 8, 14, 93, 34, 160, 166, 166, 9, 119, 39, 67, 83,
       32, 245, 109, 206, 104, 79, 195, 8, 241, 227, 229, 25, 32, 176, 6,
       106, 100, 245, 57, 238, 56, 79, 87, 184, 10, 172, 173, 8, 215, 87,
       11, 16, 216, 88, 93, 106, 74, 34, 251, 31, 229, 157, 37, 60, 80,
       187, 70, 243, 84, 125, 187, 103, 144, 79, 95, 184, 49, 228, 175,
       8, 215, 119, 73, 50, 56, 244, 125, 250, 104, 242, 249, 42, 251,
       207, 37, 52, 96, 243, 6, 114, 33, 165, 41, 72, 221, 237, 233, 207,
       255, 89, 232, 24, 146, 147, 116, 48, 201, 10, 82, 28, 19, 43, 114,
       119, 61, 28, 22, 108, 217, 8, 242, 186, 76, 117, 123, 103, 112,
       78, 119, 184, 96, 204, 127, 8, 223, 127, 3, 48, 54, 253, 76, 234,
       193, 176, 249, 76, 231, 173, 37, 4, 96, 243, 7, 243, 228, 180,
       188, 251, 141, 253, 145, 141, 154, 127, 165, 25, 214, 125, 74, 59,
       141, 19, 249, 19, 62, 110, 250, 51, 207, 219, 92, 127, 208, 75,
       143, 82, 221, 86, 109, 101, 160, 46, 111, 57, 112, 234, 255, 244,
       211, 35, 152, 115, 86, 196, 125, 238, 233, 212, 253, 14, 230, 235,
       229, 132, 44, 242, 210, 113, 108, 233, 189, 103, 165, 75, 103,
       168, 97, 162, 103, 8, 210, 113, 9, 182, 145, 84, 104, 106, 72,
       240, 249, 40, 239, 255, 69, 53, 66, 59, 86, 34, 96, 33, 153, 101,
       24, 78, 67, 40, 96, 160, 170, 8, 215, 51, 64, 18, 16, 204, 104,
       104, 8, 122, 209, 8, 237, 173, 33, 48, 96, 162, 66, 42, 108, 229,
       177, 65, 153, 75, 71, 172, 107, 176, 40, 8, 214, 53, 77, 182, 145,
       84, 96, 122, 67, 112, 233, 16, 109, 220, 5, 118, 194, 123, 198,
       35, 242, 174, 222, 80, 168, 185, 88, 199, 243, 191, 180, 56, 3,
       235, 196, 155, 41, 246, 237, 152, 58, 111, 194, 115, 218, 219,
       245, 249, 227, 192, 238, 10, 254, 60, 213, 60, 203, 96, 16, 207,
       147, 247, 160, 189, 110, 246, 71, 219, 199, 247, 236, 16, 63, 79,
       218, 34, 154, 227, 85, 59, 249, 116, 142, 90, 124, 73, 220, 103,
       40, 10, 94, 184, 35, 162, 167, 8, 255, 99, 1, 91, 50, 212, 108,
