%YAML:1.0
---
descriptors: !!opencv-matrix
   rows: 261
   cols: 32
   dt: u
   data: [ 125, 93, 125, 103, 160, 78, 79, 184, 96, 232, 191, 72, 83,
       119, 137, 115, 22, 212, 124, 106, 201, 161, 249, 44, 243, 233,
       101, 148, 104, 243, 66, 49, 253, 113, 253, 103, 44, 78, 71, 184,
       97, 250, 183, 76, 211, 85, 201, 59, 20, 212, 124, 106, 233, 103,
       249, 40, 243, 201, 101, 52, 107, 243, 66, 113, 93, 85, 125, 103,
       176, 78, 79, 184, 96, 232, 191, 76, 215, 119, 137, 114, 54, 212,
       124, 106, 233, 129, 121, 46, 227, 237, 101, 148, 96, 243, 196, 49,
       92, 223, 125, 231, 176, 14, 79, 184, 36, 232, 255, 100, 215, 119,
       137, 112, 22, 214, 93, 106, 233, 144, 121, 46, 227, 239, 37, 148,
       40, 243, 192, 113, 149, 236, 249, 255, 164, 47, 111, 190, 62, 163,
       127, 144, 247, 231, 89, 104, 127, 95, 63, 175, 250, 212, 219, 59,
       237, 175, 191, 132, 164, 243, 161, 161, 236, 52, 189, 99, 173,
       125, 81, 152, 91, 255, 165, 24, 222, 93, 75, 59, 145, 209, 253,
       58, 59, 100, 251, 18, 207, 219, 81, 125, 194, 107, 70, 114, 132,
       172, 255, 251, 236, 173, 255, 254, 254, 187, 251, 26, 247, 251,
       89, 123, 251, 239, 127, 186, 186, 231, 235, 123, 253, 175, 255,
       252, 133, 249, 227, 128, 236, 180, 189, 115, 173, 125, 81, 27,
       123, 63, 165, 24, 222, 125, 72, 59, 153, 18, 249, 16, 58, 102,
       251, 19, 207, 219, 81, 127, 210, 73, 198, 242, 252, 188, 252, 118,
       136, 109, 85, 254, 178, 190, 164, 24, 119, 103, 73, 27, 9, 246,
       109, 42, 120, 71, 250, 42, 251, 195, 117, 61, 226, 241, 198, 114,
       246, 236, 246, 255, 253, 43, 254, 239, 191, 178, 243, 155, 239,
       239, 92, 75, 255, 223, 255, 179, 102, 119, 203, 251, 255, 223,
       207, 175, 215, 249, 226, 155, 246, 237, 214, 191, 253, 171, 254,
       238, 191, 186, 250, 155, 239, 238, 93, 75, 255, 239, 255, 183,
       116, 119, 203, 250, 190, 254, 207, 191, 149, 127, 235, 223, 120,
       184, 249, 112, 170, 237, 81, 215, 163, 183, 164, 56, 23, 183, 64,
       58, 3, 150, 236, 24, 27, 75, 178, 16, 219, 201, 117, 121, 224,
       192, 198, 123, 232, 181, 189, 250, 173, 237, 85, 47, 223, 31, 172,
       24, 190, 189, 76, 27, 137, 27, 251, 0, 122, 106, 242, 147, 239,
       223, 84, 123, 210, 72, 198, 106, 197, 176, 149, 83, 168, 44, 36,
       159, 234, 187, 34, 84, 212, 243, 200, 255, 7, 70, 120, 24, 179,
       77, 155, 96, 140, 186, 119, 68, 136, 96, 129, 37, 238, 236, 228,
       255, 253, 47, 206, 238, 255, 187, 251, 24, 235, 234, 93, 91, 219,
       207, 127, 211, 184, 103, 219, 243, 191, 255, 223, 252, 213, 251,
       242, 128, 117, 69, 93, 100, 56, 10, 71, 56, 224, 160, 170, 8, 247,
       115, 1, 115, 2, 213, 108, 106, 105, 161, 113, 12, 241, 169, 101,
       16, 96, 179, 67, 32, 252, 252, 252, 247, 173, 111, 95, 184, 187,
       186, 191, 56, 255, 255, 73, 91, 151, 215, 253, 106, 104, 101, 219,
       163, 255, 251, 103, 189, 226, 243, 199, 51, 208, 133, 95, 101, 18,
       74, 79, 39, 180, 160, 174, 0, 247, 35, 0, 83, 50, 246, 105, 232,
       120, 201, 81, 15, 233, 163, 4, 81, 32, 160, 164, 42, 77, 71, 144,
       39, 176, 58, 110, 136, 121, 166, 107, 64, 207, 98, 219, 218, 147,
       196, 108, 126, 4, 240, 205, 42, 172, 255, 103, 5, 128, 243, 75, 4,
       13, 117, 49, 71, 112, 78, 55, 56, 121, 232, 127, 108, 222, 119,
       141, 52, 148, 93, 214, 98, 225, 176, 249, 78, 103, 253, 37, 134,
       74, 115, 7, 243, 220, 16, 220, 247, 172, 108, 89, 152, 190, 187,
       183, 56, 223, 119, 73, 91, 199, 213, 125, 42, 57, 69, 219, 0, 203,
       251, 117, 212, 160, 249, 3, 51, 4, 181, 185, 114, 155, 237, 49,
       206, 250, 177, 173, 24, 158, 247, 73, 56, 177, 91, 72, 16, 19,
       107, 186, 114, 217, 157, 21, 111, 192, 67, 167, 162, 236, 252,
       188, 255, 141, 253, 87, 182, 219, 251, 165, 24, 191, 253, 65, 59,
       201, 242, 253, 90, 58, 110, 250, 179, 239, 219, 85, 123, 210, 89,
       214, 106, 216, 176, 189, 240, 168, 108, 89, 31, 187, 187, 180, 24,
       159, 247, 72, 59, 133, 151, 125, 24, 187, 111, 250, 3, 219, 251,
       117, 252, 194, 192, 194, 59, 129, 145, 83, 77, 82, 70, 38, 37,
       124, 64, 98, 64, 112, 55, 164, 113, 112, 54, 18, 234, 113, 152,
       49, 79, 37, 168, 2, 0, 88, 162, 230, 184, 248, 188, 188, 112, 173,
       237, 85, 151, 251, 123, 180, 24, 191, 253, 64, 59, 133, 247, 253,
       24, 187, 111, 250, 179, 219, 219, 117, 122, 202, 72, 195, 59, 232,
       188, 188, 248, 173, 253, 85, 223, 223, 251, 180, 24, 191, 249, 68,
       59, 205, 242, 127, 24, 187, 111, 250, 179, 223, 219, 85, 122, 218,
       216, 210, 43, 125, 117, 61, 103, 160, 14, 71, 184, 96, 224, 175,
       76, 211, 113, 145, 51, 16, 68, 108, 110, 201, 240, 253, 44, 224,
       233, 101, 20, 104, 243, 194, 32, 236, 181, 189, 113, 169, 111,
       113, 31, 123, 255, 167, 24, 223, 55, 74, 59, 149, 23, 125, 56, 59,
       116, 241, 2, 207, 219, 117, 116, 194, 192, 198, 115, 198, 188,
       254, 191, 236, 233, 253, 255, 190, 251, 246, 178, 253, 255, 217,
       123, 239, 255, 127, 129, 178, 251, 235, 243, 254, 175, 255, 232,
       132, 248, 161, 201, 102, 190, 254, 255, 236, 185, 252, 255, 191,
       159, 244, 242, 253, 254, 253, 123, 239, 255, 255, 133, 178, 127,
       235, 251, 254, 255, 255, 232, 149, 248, 231, 217, 221, 84, 61,
       231, 40, 78, 127, 188, 60, 254, 247, 92, 215, 87, 9, 123, 182,
       212, 125, 106, 233, 212, 249, 42, 231, 235, 97, 148, 32, 179, 7,
       115, 109, 85, 21, 103, 180, 14, 71, 188, 96, 232, 171, 76, 211,
       113, 25, 115, 16, 68, 124, 110, 201, 160, 249, 44, 229, 170, 101,
       20, 74, 243, 194, 32, 73, 189, 157, 115, 217, 253, 117, 150, 123,
       115, 44, 24, 190, 51, 68, 190, 129, 86, 232, 24, 51, 120, 251, 51,
       79, 223, 85, 119, 202, 80, 203, 58, 205, 52, 157, 101, 129, 126,
       117, 27, 121, 251, 39, 28, 222, 55, 67, 123, 149, 68, 120, 56,
       177, 212, 241, 66, 207, 251, 85, 6, 138, 96, 195, 113, 240, 174,
       255, 116, 138, 96, 81, 151, 178, 151, 164, 24, 55, 167, 64, 91,
       35, 246, 109, 24, 58, 79, 178, 35, 217, 163, 116, 120, 160, 224,
       166, 106, 240, 174, 254, 122, 138, 233, 81, 215, 178, 23, 164,
       185, 55, 231, 66, 27, 43, 178, 109, 16, 58, 79, 138, 49, 219, 195,
       117, 121, 224, 192, 198, 107, 252, 164, 188, 114, 136, 109, 85,
       159, 178, 183, 165, 24, 87, 247, 74, 27, 1, 214, 109, 24, 58, 79,
       250, 18, 217, 195, 117, 125, 224, 192, 134, 98, 13, 113, 17, 69,
       49, 79, 115, 24, 105, 232, 111, 8, 214, 16, 1, 52, 144, 28, 80,
       106, 65, 176, 209, 14, 165, 220, 1, 22, 74, 51, 67, 167, 65, 113,
       149, 71, 33, 78, 118, 56, 104, 200, 107, 8, 222, 48, 13, 50, 144,
       84, 104, 106, 65, 240, 209, 12, 165, 184, 4, 2, 72, 50, 67, 6,
       244, 10, 204, 180, 138, 104, 85, 191, 162, 183, 134, 185, 87, 167,
       67, 91, 1, 246, 109, 128, 56, 79, 203, 32, 217, 227, 245, 61, 160,
       240, 134, 98, 248, 184, 158, 114, 168, 173, 80, 223, 179, 191,
       164, 29, 55, 243, 66, 27, 129, 226, 237, 28, 58, 79, 218, 51, 219,
       203, 117, 121, 232, 192, 202, 10, 77, 117, 157, 71, 177, 126, 119,
       184, 123, 234, 47, 8, 222, 112, 77, 51, 145, 92, 104, 122, 33,
       240, 249, 46, 111, 223, 5, 6, 202, 115, 67, 55, 134, 236, 222,
       255, 236, 43, 254, 239, 191, 178, 243, 26, 247, 235, 92, 75, 255,
       223, 127, 163, 122, 247, 203, 251, 255, 159, 255, 172, 149, 123,
       229, 11, 236, 180, 189, 99, 173, 109, 81, 152, 123, 251, 165, 24,
       223, 125, 73, 59, 145, 144, 125, 58, 59, 100, 251, 18, 207, 219,
       81, 125, 194, 75, 70, 114, 246, 237, 246, 191, 253, 171, 254, 238,
       191, 242, 250, 27, 239, 234, 93, 195, 255, 239, 255, 243, 244,
       239, 203, 251, 188, 254, 207, 159, 133, 127, 227, 141, 246, 236,
       198, 191, 252, 171, 254, 239, 191, 178, 251, 27, 238, 234, 93, 75,
       251, 239, 127, 179, 116, 247, 203, 250, 188, 246, 207, 175, 149,
       123, 227, 138, 104, 180, 189, 250, 173, 253, 81, 63, 255, 123,
