%YAML:1.0
---
descriptors: !!opencv-matrix
   rows: 247
   cols: 32
   dt: u
   data: [ 44, 225, 57, 107, 93, 77, 83, 168, 66, 52, 45, 8, 242, 85, 9,
       48, 153, 80, 64, 106, 74, 34, 251, 21, 231, 157, 1, 61, 80, 59,
       70, 162, 13, 87, 159, 39, 176, 14, 47, 188, 124, 234, 126, 100,
       213, 115, 153, 112, 54, 78, 54, 110, 225, 208, 93, 46, 228, 175,
       39, 128, 8, 243, 129, 177, 120, 176, 255, 112, 168, 220, 81, 159,
       163, 253, 164, 24, 59, 247, 66, 59, 5, 246, 253, 24, 26, 75, 250,
       49, 219, 233, 117, 121, 226, 192, 198, 122, 93, 213, 123, 103, 48,
       78, 111, 188, 116, 234, 127, 100, 247, 119, 136, 112, 118, 84, 28,
       106, 233, 176, 121, 47, 231, 239, 39, 132, 40, 243, 225, 49, 85,
       85, 127, 103, 48, 78, 79, 184, 97, 232, 191, 64, 119, 119, 137,
       114, 118, 212, 92, 106, 233, 129, 121, 46, 227, 239, 101, 148, 98,
       243, 64, 49, 172, 48, 189, 99, 173, 125, 83, 152, 91, 255, 53, 24,
       222, 93, 75, 58, 145, 16, 253, 58, 51, 100, 251, 16, 207, 219,
       113, 125, 194, 107, 71, 115, 84, 159, 121, 239, 180, 110, 79, 188,
       52, 232, 255, 96, 215, 119, 136, 80, 54, 246, 93, 106, 249, 144,
       105, 63, 233, 237, 37, 212, 32, 243, 196, 97, 252, 28, 189, 116,
       168, 44, 85, 191, 160, 186, 182, 56, 119, 119, 1, 123, 133, 215,
       109, 2, 120, 71, 203, 32, 211, 235, 117, 152, 96, 240, 198, 43,
       108, 180, 189, 115, 173, 109, 81, 152, 127, 63, 37, 24, 222, 125,
       72, 59, 153, 18, 252, 56, 59, 100, 251, 18, 207, 223, 81, 127,
       194, 75, 70, 243, 52, 104, 123, 68, 66, 106, 99, 80, 96, 134, 102,
       40, 83, 23, 193, 59, 50, 252, 68, 122, 9, 245, 160, 8, 81, 137,
       33, 0, 225, 179, 102, 160, 101, 142, 205, 103, 180, 10, 111, 190,
       112, 170, 122, 204, 243, 97, 144, 112, 17, 102, 108, 46, 185, 176,
       77, 47, 236, 175, 37, 128, 232, 243, 210, 33, 232, 188, 188, 248,
       173, 253, 81, 159, 255, 127, 180, 24, 190, 189, 84, 187, 205, 151,
       255, 24, 187, 111, 243, 147, 219, 219, 84, 123, 210, 200, 198, 43,
       229, 79, 205, 103, 180, 46, 111, 184, 112, 170, 123, 76, 211, 97,
       153, 112, 20, 68, 108, 110, 169, 176, 237, 46, 228, 191, 37, 148,
       200, 243, 82, 33, 229, 134, 5, 103, 180, 46, 111, 184, 112, 170,
       123, 92, 211, 97, 153, 112, 17, 198, 108, 46, 249, 180, 77, 14,
       172, 190, 37, 212, 200, 243, 210, 33, 197, 71, 13, 39, 48, 14,
       102, 56, 124, 168, 107, 68, 211, 97, 152, 114, 16, 68, 108, 110,
       233, 240, 77, 46, 236, 255, 101, 132, 72, 179, 66, 33, 69, 116,
       157, 103, 129, 110, 119, 184, 121, 234, 35, 8, 222, 115, 9, 59,
       145, 68, 104, 106, 97, 240, 217, 74, 231, 255, 69, 6, 200, 115,
       67, 34, 105, 188, 189, 83, 217, 253, 117, 159, 123, 115, 44, 24,
       190, 53, 70, 191, 129, 94, 248, 24, 183, 104, 251, 51, 111, 223,
       85, 127, 202, 84, 207, 254, 216, 174, 159, 114, 139, 232, 81, 167,
       179, 183, 164, 56, 47, 167, 64, 27, 167, 247, 237, 16, 58, 79,
       170, 34, 217, 195, 117, 125, 224, 64, 134, 106, 248, 181, 156,
       114, 152, 237, 85, 223, 178, 191, 165, 25, 23, 179, 74, 27, 1,
       146, 205, 16, 58, 75, 218, 50, 219, 131, 53, 125, 224, 192, 142,
       138, 248, 170, 255, 112, 138, 233, 81, 87, 178, 23, 164, 185, 55,
       167, 64, 27, 3, 178, 237, 16, 58, 79, 162, 51, 219, 195, 112, 121,
       224, 192, 134, 122, 69, 7, 29, 69, 48, 14, 98, 56, 125, 168, 107,
       68, 214, 99, 137, 112, 148, 68, 108, 126, 161, 176, 89, 14, 237,
       190, 97, 68, 72, 163, 66, 1, 45, 113, 25, 101, 113, 95, 114, 24,
       105, 232, 111, 8, 218, 16, 69, 48, 144, 92, 80, 122, 65, 176, 241,
       14, 103, 221, 1, 38, 75, 179, 74, 182, 248, 184, 220, 114, 168,
       173, 85, 223, 179, 191, 164, 29, 55, 243, 66, 27, 9, 242, 109, 24,
       58, 111, 218, 49, 219, 203, 117, 121, 226, 192, 206, 11, 205, 117,
       149, 67, 241, 94, 54, 184, 121, 234, 47, 8, 222, 112, 77, 183,
       145, 92, 80, 122, 229, 240, 249, 10, 47, 222, 69, 38, 202, 115,
       203, 150, 133, 85, 27, 103, 176, 14, 111, 188, 116, 200, 126, 100,
       215, 119, 137, 112, 54, 92, 60, 110, 225, 144, 121, 46, 229, 239,
       39, 132, 40, 243, 1, 49, 237, 113, 253, 103, 168, 78, 71, 184, 97,
       232, 183, 72, 215, 117, 201, 51, 150, 212, 124, 106, 201, 240,
       249, 40, 231, 249, 101, 20, 104, 243, 66, 113, 252, 164, 253, 118,
       137, 109, 85, 191, 179, 190, 164, 24, 83, 247, 73, 31, 9, 214,
       236, 42, 120, 71, 251, 34, 219, 203, 117, 60, 226, 240, 198, 106,
       224, 188, 157, 218, 200, 237, 17, 207, 218, 51, 160, 24, 182, 243,
       72, 91, 129, 18, 106, 24, 51, 111, 218, 49, 221, 162, 117, 125,
       216, 72, 199, 170, 117, 213, 61, 231, 176, 78, 79, 184, 36, 168,
       255, 64, 247, 119, 137, 112, 22, 212, 92, 106, 233, 129, 121, 47,
       227, 239, 37, 148, 32, 243, 196, 113, 84, 221, 61, 239, 176, 15,
       79, 184, 36, 172, 255, 96, 247, 119, 137, 112, 22, 214, 93, 106,
       249, 144, 121, 63, 233, 239, 37, 212, 32, 243, 132, 33, 236, 48,
       189, 99, 173, 111, 83, 152, 91, 255, 37, 24, 223, 85, 73, 59, 145,
       84, 124, 58, 51, 100, 249, 18, 207, 219, 97, 117, 194, 251, 70,
       115, 253, 112, 189, 103, 40, 78, 87, 152, 112, 186, 167, 8, 215,
       87, 73, 59, 148, 212, 124, 122, 105, 118, 249, 32, 211, 203, 101,
       52, 224, 243, 70, 51, 232, 180, 189, 123, 173, 253, 81, 63, 127,
       59, 165, 24, 222, 125, 72, 59, 153, 18, 253, 16, 58, 108, 251,
       147, 207, 219, 81, 127, 210, 72, 198, 50, 192, 140, 157, 254, 136,
       237, 21, 167, 182, 151, 96, 24, 247, 243, 32, 91, 129, 122, 104,
       0, 58, 204, 218, 59, 201, 163, 117, 24, 176, 112, 132, 42, 232,
       252, 188, 254, 141, 253, 84, 167, 219, 27, 164, 24, 174, 185, 68,
       59, 201, 178, 249, 0, 42, 111, 210, 179, 235, 223, 84, 59, 210,
       88, 222, 42, 197, 67, 153, 39, 176, 10, 110, 136, 121, 162, 107,
       64, 199, 98, 201, 218, 146, 68, 108, 126, 229, 240, 205, 42, 172,
       254, 103, 4, 136, 243, 75, 4, 135, 85, 127, 231, 100, 38, 255, 48,
       93, 170, 87, 227, 209, 63, 189, 97, 246, 117, 23, 239, 224, 148,
       41, 206, 103, 187, 239, 132, 4, 251, 113, 179, 229, 134, 205, 87,
       180, 42, 103, 186, 116, 163, 99, 212, 243, 96, 152, 121, 19, 206,
       36, 46, 169, 244, 77, 46, 204, 174, 117, 4, 236, 241, 208, 32, 84,
       53, 185, 114, 155, 232, 17, 202, 226, 149, 172, 56, 30, 247, 73,
       58, 161, 95, 200, 16, 19, 107, 186, 96, 219, 197, 21, 111, 192,
       65, 39, 34, 92, 80, 188, 245, 40, 76, 89, 24, 175, 184, 183, 8,
       223, 119, 73, 91, 134, 213, 125, 106, 136, 97, 251, 0, 195, 251,
       115, 148, 160, 163, 7, 115, 229, 78, 13, 103, 52, 14, 103, 184,
       112, 170, 126, 76, 211, 97, 153, 112, 21, 68, 108, 110, 233, 180,
       201, 46, 228, 175, 37, 20, 104, 243, 82, 33, 234, 188, 180, 252,
       237, 253, 92, 223, 255, 251, 188, 24, 191, 249, 84, 123, 201, 230,
       127, 16, 186, 111, 243, 179, 223, 219, 215, 122, 210, 76, 242, 11,
       232, 188, 188, 248, 173, 253, 80, 159, 255, 59, 180, 24, 190, 185,
       68, 59, 201, 178, 255, 24, 186, 111, 242, 147, 219, 219, 87, 123,
       210, 200, 214, 43, 194, 172, 246, 223, 237, 167, 252, 255, 191,
       187, 242, 26, 236, 239, 20, 75, 255, 239, 127, 145, 178, 127, 219,
       255, 191, 250, 223, 248, 215, 252, 243, 153, 72, 189, 152, 59,
       249, 205, 23, 135, 43, 61, 44, 25, 174, 55, 66, 18, 129, 91, 225,
       16, 82, 72, 219, 51, 239, 213, 21, 123, 210, 0, 143, 155, 197, 71,
       149, 103, 48, 14, 102, 56, 120, 170, 107, 76, 214, 97, 25, 115,
       180, 68, 108, 110, 225, 240, 217, 14, 229, 251, 97, 0, 72, 243,
       67, 33, 228, 116, 157, 119, 136, 110, 71, 191, 114, 186, 171, 24,
       214, 119, 73, 59, 145, 86, 104, 42, 121, 100, 249, 34, 237, 186,
       85, 52, 192, 113, 198, 34, 222, 174, 156, 58, 187, 185, 16, 175,
       186, 59, 168, 185, 239, 227, 74, 155, 167, 67, 237, 16, 54, 77,
       138, 51, 250, 215, 125, 127, 176, 68, 139, 11, 69, 245, 189, 99,
