%YAML:1.0
---
descriptors: !!opencv-matrix
   rows: 203
   cols: 32
   dt: u
   data: [ 236, 112, 189, 101, 32, 111, 103, 152, 106, 174, 39, 8, 211,
       23, 73, 59, 144, 84, 108, 122, 9, 244, 249, 8, 207, 219, 101, 52,
       192, 243, 70, 51, 116, 69, 13, 103, 16, 78, 71, 168, 52, 160, 235,
       0, 211, 119, 9, 113, 80, 204, 120, 106, 105, 146, 249, 12, 229,
       170, 197, 4, 32, 51, 86, 98, 84, 100, 156, 182, 140, 40, 70, 136,
       226, 178, 131, 88, 215, 97, 73, 27, 129, 196, 108, 115, 56, 101,
       203, 32, 248, 195, 101, 60, 168, 123, 210, 2, 192, 190, 159, 119,
       178, 46, 113, 51, 184, 158, 114, 116, 247, 115, 128, 91, 167, 119,
       109, 32, 48, 205, 131, 110, 204, 162, 118, 128, 200, 224, 39, 43,
       92, 113, 157, 229, 58, 75, 83, 56, 38, 164, 171, 40, 215, 55, 73,
       82, 51, 85, 109, 98, 72, 193, 249, 12, 249, 163, 101, 52, 32, 163,
       6, 98, 209, 104, 23, 117, 9, 76, 101, 36, 233, 178, 162, 8, 190,
       147, 65, 63, 160, 100, 104, 74, 65, 101, 147, 97, 129, 184, 81,
       58, 72, 112, 67, 42, 225, 232, 189, 86, 77, 205, 101, 134, 235,
       242, 166, 24, 178, 241, 84, 59, 201, 246, 122, 8, 107, 111, 242,
       33, 93, 186, 85, 56, 64, 88, 86, 42, 120, 174, 20, 114, 141, 249,
       80, 175, 235, 183, 160, 24, 162, 248, 70, 159, 137, 162, 236, 17,
       62, 111, 202, 181, 155, 211, 85, 127, 194, 76, 222, 14, 200, 176,
       157, 241, 128, 237, 113, 23, 168, 59, 34, 88, 190, 151, 64, 123,
       165, 23, 124, 24, 51, 109, 178, 0, 197, 187, 112, 112, 200, 64,
       131, 59, 244, 78, 206, 15, 4, 82, 103, 40, 116, 230, 199, 128, 67,
       160, 187, 123, 80, 204, 40, 238, 108, 215, 173, 42, 226, 163, 197,
       1, 34, 243, 124, 68, 244, 69, 14, 103, 20, 10, 102, 232, 116, 166,
       235, 2, 83, 97, 9, 80, 120, 196, 104, 234, 104, 179, 73, 46, 177,
       166, 199, 5, 97, 123, 112, 2, 112, 93, 122, 252, 26, 193, 85, 102,
       149, 68, 236, 171, 55, 223, 35, 80, 126, 185, 223, 192, 104, 139,
       50, 15, 243, 229, 138, 27, 53, 184, 38, 122, 52, 85, 123, 229, 54,
       74, 119, 112, 52, 164, 254, 35, 87, 31, 1, 16, 186, 221, 85, 98,
       104, 147, 49, 14, 241, 173, 35, 5, 97, 49, 102, 243, 252, 176,
       168, 50, 237, 221, 81, 205, 131, 253, 165, 29, 22, 221, 74, 26,
       137, 250, 253, 17, 30, 111, 250, 49, 219, 213, 21, 127, 208, 13,
       222, 210, 168, 168, 24, 187, 77, 137, 81, 71, 222, 53, 193, 25,
       166, 209, 96, 24, 201, 42, 235, 17, 26, 111, 218, 49, 197, 209,
       17, 123, 80, 8, 214, 138, 192, 172, 157, 250, 137, 237, 5, 143,
       186, 55, 160, 24, 182, 183, 64, 27, 129, 83, 104, 16, 50, 77, 218,
       51, 205, 146, 84, 122, 208, 64, 135, 42, 1, 132, 233, 73, 180,
       255, 235, 159, 94, 97, 110, 16, 209, 21, 156, 96, 93, 14, 19, 60,
       179, 184, 125, 31, 111, 189, 163, 68, 220, 202, 208, 240, 165, 32,
       187, 83, 196, 237, 233, 82, 122, 227, 101, 24, 146, 213, 85, 45,
       25, 40, 50, 28, 147, 116, 250, 80, 79, 153, 87, 104, 192, 217, 83,
       224, 216, 156, 190, 246, 139, 68, 21, 247, 177, 222, 166, 25, 127,
       247, 66, 91, 165, 247, 253, 130, 120, 79, 187, 33, 219, 227, 93,
       27, 162, 112, 174, 122, 200, 60, 190, 246, 169, 108, 85, 183, 169,
       158, 38, 24, 255, 247, 65, 123, 129, 119, 125, 10, 112, 77, 178,
       34, 251, 251, 117, 25, 2, 240, 135, 107, 100, 101, 29, 111, 16,
       78, 71, 168, 100, 160, 235, 8, 210, 115, 9, 115, 208, 212, 104,
       106, 105, 144, 249, 12, 229, 170, 69, 20, 64, 59, 86, 34, 69, 113,
       113, 71, 48, 14, 103, 56, 104, 224, 111, 72, 215, 81, 137, 48, 22,
       68, 64, 106, 193, 176, 253, 12, 229, 188, 33, 4, 72, 179, 67, 33,
       112, 169, 152, 101, 40, 15, 85, 55, 96, 160, 162, 8, 183, 51, 64,
       18, 130, 246, 108, 8, 72, 122, 209, 8, 251, 201, 53, 48, 96, 160,
       66, 42, 77, 105, 81, 101, 48, 30, 107, 176, 96, 224, 119, 104,
       211, 83, 153, 48, 22, 124, 84, 110, 193, 176, 237, 44, 70, 233,
       33, 4, 106, 163, 66, 161, 112, 32, 189, 116, 12, 105, 81, 2, 226,
       183, 166, 24, 23, 55, 65, 59, 1, 148, 104, 24, 24, 101, 227, 0,
       209, 201, 81, 53, 224, 73, 70, 34, 65, 241, 17, 101, 17, 78, 103,
       188, 104, 40, 106, 72, 214, 19, 8, 112, 144, 92, 88, 106, 65, 176,
       209, 13, 229, 172, 0, 4, 72, 50, 67, 35, 252, 236, 189, 50, 168,
       237, 87, 220, 179, 255, 173, 25, 119, 247, 75, 59, 161, 198, 125,
       90, 58, 111, 186, 34, 217, 235, 117, 124, 224, 115, 198, 106, 212,
       92, 156, 247, 168, 46, 85, 190, 146, 186, 162, 92, 247, 113, 73,
       27, 133, 118, 108, 10, 104, 101, 219, 34, 201, 226, 117, 52, 232,
       121, 128, 43, 244, 52, 156, 246, 140, 108, 85, 158, 178, 179, 135,
       24, 215, 241, 73, 27, 129, 214, 125, 18, 56, 101, 219, 34, 217,
       131, 117, 125, 168, 121, 214, 50, 100, 197, 61, 103, 152, 79, 71,
       184, 118, 160, 171, 12, 211, 117, 9, 113, 145, 68, 104, 110, 105,
       240, 121, 60, 237, 186, 69, 20, 88, 187, 64, 48, 248, 163, 28,
       112, 137, 217, 80, 65, 226, 21, 164, 56, 47, 147, 66, 51, 128,
       146, 236, 80, 94, 107, 130, 17, 219, 193, 100, 121, 98, 128, 206,
       10, 112, 170, 148, 48, 13, 249, 80, 194, 235, 55, 160, 25, 46,
       152, 70, 154, 137, 162, 236, 17, 14, 111, 194, 49, 155, 211, 81,
       123, 224, 72, 78, 14, 161, 40, 187, 83, 205, 237, 229, 194, 122,
       242, 100, 24, 178, 208, 85, 59, 201, 106, 114, 24, 27, 126, 250,
       48, 13, 152, 87, 40, 192, 89, 82, 232, 185, 133, 45, 109, 148,
       111, 67, 175, 84, 160, 238, 16, 211, 113, 24, 97, 89, 198, 120,
       42, 120, 184, 121, 31, 237, 239, 225, 84, 113, 170, 212, 34, 221,
       52, 88, 118, 160, 42, 71, 56, 113, 170, 231, 56, 83, 113, 137,
       187, 51, 196, 108, 42, 105, 244, 137, 14, 242, 235, 101, 20, 98,
       241, 74, 33, 245, 65, 213, 69, 52, 14, 71, 48, 97, 160, 174, 72,
       83, 17, 129, 118, 50, 196, 108, 106, 73, 176, 241, 8, 241, 168,
       37, 20, 106, 179, 66, 32, 221, 92, 191, 119, 160, 110, 93, 55,
       240, 206, 134, 20, 247, 119, 3, 123, 181, 119, 125, 46, 233, 197,
       177, 42, 227, 235, 103, 0, 40, 240, 165, 123, 220, 97, 157, 229,
       10, 74, 83, 56, 38, 164, 167, 8, 87, 55, 73, 82, 50, 213, 109, 98,
       72, 209, 249, 12, 249, 227, 101, 21, 32, 163, 6, 98, 221, 124,
       191, 100, 168, 110, 95, 150, 225, 238, 174, 28, 223, 127, 83, 122,
       181, 245, 125, 126, 169, 197, 185, 42, 251, 239, 101, 84, 232,
       243, 6, 115, 100, 188, 185, 186, 184, 237, 81, 143, 158, 113, 137,
       25, 183, 223, 72, 26, 197, 91, 121, 17, 27, 75, 218, 51, 201, 213,
       31, 126, 144, 8, 135, 114, 208, 253, 63, 252, 24, 197, 21, 111,
       182, 4, 136, 9, 247, 215, 33, 80, 200, 179, 121, 129, 74, 11, 242,
       31, 241, 165, 171, 57, 16, 16, 39, 122, 84, 93, 123, 229, 18, 74,
       127, 112, 52, 164, 234, 171, 151, 23, 1, 80, 102, 253, 77, 226,
       104, 145, 49, 14, 241, 165, 42, 5, 32, 243, 7, 114, 236, 240, 185,
       114, 237, 205, 85, 220, 131, 252, 165, 29, 183, 221, 74, 58, 137,
       216, 213, 83, 222, 103, 250, 48, 219, 217, 37, 127, 80, 27, 214,
       243, 253, 164, 205, 119, 180, 47, 71, 191, 114, 235, 103, 92, 83,
       113, 152, 57, 17, 78, 116, 44, 185, 244, 253, 14, 236, 239, 117,
       84, 232, 248, 210, 32, 76, 32, 156, 116, 136, 44, 69, 8, 48, 178,
       35, 24, 215, 51, 73, 27, 129, 196, 104, 58, 56, 100, 219, 0, 201,
       163, 85, 52, 224, 113, 66, 34, 100, 177, 185, 98, 220, 109, 81,
       155, 98, 177, 45, 24, 23, 189, 72, 58, 129, 222, 113, 16, 26, 106,
       250, 0, 219, 141, 53, 124, 224, 66, 198, 50, 205, 189, 148, 87,
       129, 127, 118, 167, 123, 187, 43, 24, 254, 112, 76, 191, 145, 86,
       104, 26, 117, 248, 217, 106, 47, 222, 85, 22, 202, 112, 203, 14,
       244, 237, 191, 114, 168, 237, 87, 222, 243, 251, 172, 24, 247,
       247, 73, 59, 17, 214, 125, 90, 122, 103, 250, 34, 249, 203, 101,
       124, 224, 241, 198, 98, 244, 188, 157, 242, 136, 109, 87, 156,
       178, 179, 171, 24, 215, 247, 73, 27, 129, 214, 108, 18, 59, 103,
