%YAML:1.0
---
descriptors: !!opencv-matrix
   rows: 224
   cols: 32
   dt: u
   data: [ 133, 223, 31, 55, 176, 14, 47, 180, 124, 106, 122, 116, 245,
       115, 153, 96, 55, 78, 62, 110, 241, 152, 77, 46, 172, 175, 38,
       128, 136, 243, 129, 185, 237, 113, 253, 103, 32, 76, 87, 176, 225,
       250, 167, 72, 251, 119, 201, 59, 148, 244, 124, 106, 201, 112,
       249, 40, 231, 249, 101, 16, 104, 179, 66, 113, 89, 29, 125, 103,
       48, 78, 79, 52, 97, 232, 255, 64, 215, 55, 128, 112, 86, 244, 92,
       106, 233, 144, 121, 46, 227, 239, 100, 144, 106, 243, 64, 57, 237,
       120, 189, 103, 40, 78, 85, 152, 121, 254, 167, 24, 215, 21, 65,
       59, 132, 212, 124, 122, 105, 103, 249, 0, 211, 249, 101, 52, 192,
       243, 70, 115, 212, 132, 92, 247, 146, 106, 95, 175, 180, 166, 166,
       16, 247, 99, 0, 83, 51, 215, 77, 170, 120, 205, 73, 46, 249, 235,
       101, 21, 160, 240, 132, 42, 230, 173, 214, 255, 252, 175, 254,
       239, 191, 179, 251, 18, 238, 235, 125, 77, 251, 239, 127, 179,
       122, 103, 203, 255, 190, 190, 223, 254, 215, 251, 243, 133, 69,
       71, 149, 7, 160, 46, 110, 136, 120, 170, 107, 64, 215, 98, 201,
       254, 146, 68, 108, 126, 149, 208, 201, 98, 172, 254, 103, 4, 136,
       243, 67, 5, 69, 245, 145, 67, 145, 13, 103, 188, 110, 185, 43, 76,
       246, 114, 72, 114, 149, 79, 108, 126, 211, 112, 217, 117, 173,
       156, 39, 118, 200, 19, 195, 37, 253, 56, 189, 116, 141, 108, 81,
       18, 250, 251, 166, 24, 30, 181, 67, 59, 129, 244, 120, 24, 169,
       111, 178, 2, 219, 251, 85, 56, 194, 97, 70, 115, 101, 134, 205,
       103, 180, 42, 111, 186, 116, 171, 123, 252, 211, 97, 153, 112, 17,
       70, 108, 46, 185, 244, 77, 46, 172, 175, 37, 132, 236, 241, 210,
       32, 232, 188, 180, 248, 173, 253, 85, 223, 255, 123, 180, 24, 191,
       191, 68, 59, 205, 179, 255, 24, 186, 111, 242, 179, 219, 219, 84,
       122, 210, 204, 198, 59, 229, 78, 77, 103, 180, 14, 111, 188, 112,
       170, 122, 204, 211, 97, 153, 112, 17, 228, 108, 110, 233, 180,
       109, 46, 228, 175, 37, 128, 72, 243, 210, 33, 250, 188, 180, 254,
       173, 191, 220, 255, 223, 59, 244, 24, 235, 249, 84, 75, 201, 239,
       127, 145, 186, 111, 251, 243, 191, 251, 223, 122, 210, 216, 242,
       138, 69, 116, 149, 103, 131, 110, 119, 168, 121, 234, 111, 8, 222,
       113, 9, 59, 179, 68, 104, 106, 97, 240, 153, 10, 229, 255, 69, 6,
       200, 115, 67, 35, 208, 162, 159, 112, 138, 224, 17, 7, 178, 151,
       164, 56, 55, 151, 64, 27, 39, 247, 236, 144, 58, 79, 162, 1, 217,
       227, 112, 121, 160, 64, 166, 106, 208, 170, 191, 120, 138, 224,
       81, 71, 178, 23, 164, 184, 39, 167, 64, 27, 7, 179, 237, 144, 58,
       79, 162, 49, 219, 227, 112, 121, 160, 64, 166, 106, 248, 236, 156,
       50, 169, 233, 84, 142, 178, 63, 164, 25, 175, 247, 74, 155, 129,
       83, 237, 16, 62, 79, 202, 51, 203, 195, 117, 127, 144, 81, 142,
       11, 45, 117, 25, 101, 49, 95, 99, 56, 105, 232, 111, 76, 214, 17,
       1, 52, 144, 92, 84, 106, 201, 176, 241, 12, 231, 221, 1, 22, 74,
       179, 66, 179, 69, 71, 21, 101, 48, 14, 98, 56, 125, 168, 107, 68,
       214, 32, 145, 116, 148, 68, 108, 126, 225, 176, 201, 14, 164, 190,
       97, 4, 72, 179, 65, 33, 69, 81, 17, 69, 65, 78, 119, 32, 105, 200,
       107, 8, 222, 51, 13, 114, 144, 85, 120, 106, 65, 176, 241, 72, 37,
       184, 69, 6, 72, 51, 67, 51, 237, 116, 149, 67, 225, 95, 118, 184,
       123, 234, 39, 24, 222, 112, 77, 191, 145, 92, 112, 122, 97, 244,
       249, 10, 47, 222, 69, 38, 202, 115, 67, 183, 77, 181, 149, 101,
       181, 14, 103, 184, 121, 232, 47, 76, 222, 49, 8, 50, 145, 68, 120,
       106, 225, 240, 249, 14, 239, 255, 5, 22, 74, 98, 67, 50, 252, 96,
       253, 118, 137, 109, 85, 188, 162, 191, 165, 24, 83, 55, 72, 27, 9,
       246, 237, 74, 56, 71, 251, 32, 219, 203, 117, 57, 226, 241, 198,
       98, 172, 52, 189, 115, 173, 109, 81, 152, 219, 255, 37, 24, 223,
       221, 73, 59, 145, 80, 124, 58, 51, 100, 250, 18, 207, 219, 81,
       127, 194, 123, 70, 114, 232, 180, 189, 123, 173, 253, 81, 27, 127,
       63, 165, 24, 223, 125, 72, 59, 137, 18, 253, 16, 58, 110, 251,
       151, 207, 219, 81, 127, 210, 72, 198, 34, 232, 188, 188, 254, 141,
       237, 84, 167, 219, 27, 172, 24, 190, 189, 100, 50, 201, 186, 251,
       0, 106, 111, 210, 179, 235, 223, 84, 59, 82, 88, 222, 42, 104,
       253, 150, 252, 157, 237, 214, 230, 223, 178, 168, 8, 190, 250,
       101, 50, 201, 251, 123, 64, 60, 107, 210, 186, 251, 255, 215, 59,
       216, 120, 246, 10, 118, 229, 134, 174, 221, 79, 238, 236, 255,
       160, 235, 10, 90, 250, 125, 112, 249, 207, 123, 243, 104, 99, 219,
       254, 251, 254, 143, 60, 217, 123, 242, 130, 69, 241, 21, 71, 29,
       79, 103, 184, 110, 168, 35, 76, 246, 81, 73, 50, 144, 68, 120,
       106, 195, 96, 219, 29, 237, 152, 5, 54, 72, 51, 67, 34, 205, 117,
       57, 71, 240, 14, 55, 184, 61, 234, 127, 96, 222, 119, 137, 116,
       148, 93, 85, 106, 225, 144, 121, 110, 231, 255, 39, 134, 74, 243,
       3, 179, 69, 49, 19, 69, 17, 14, 103, 56, 104, 224, 106, 76, 222,
       17, 9, 48, 176, 68, 72, 106, 193, 176, 177, 78, 165, 188, 1, 4,
       72, 51, 67, 33, 92, 121, 126, 167, 188, 11, 126, 184, 44, 160,
       251, 34, 223, 127, 25, 64, 126, 253, 127, 227, 200, 243, 201, 236,
       254, 227, 175, 148, 36, 59, 33, 147, 101, 199, 205, 103, 180, 46,
       111, 184, 112, 170, 123, 92, 211, 97, 152, 113, 17, 70, 108, 110,
       185, 240, 205, 46, 236, 175, 37, 20, 200, 243, 210, 33, 92, 81,
       188, 245, 44, 76, 89, 24, 171, 184, 183, 40, 223, 119, 73, 91,
       198, 213, 125, 106, 8, 65, 251, 0, 203, 251, 99, 148, 162, 163, 7,
       51, 85, 207, 85, 103, 180, 10, 78, 184, 100, 160, 235, 64, 211,
       98, 153, 112, 82, 198, 108, 110, 153, 176, 77, 46, 232, 172, 37,
       20, 104, 243, 192, 32, 232, 188, 180, 248, 173, 253, 84, 151, 255,
       59, 180, 24, 191, 185, 68, 27, 201, 178, 127, 24, 186, 111, 242,
       147, 219, 219, 85, 122, 210, 76, 210, 11, 242, 172, 246, 255, 253,
       167, 252, 255, 191, 187, 242, 26, 236, 235, 20, 91, 239, 239, 127,
       145, 186, 255, 219, 251, 191, 254, 223, 248, 195, 248, 243, 136,
       166, 172, 246, 223, 252, 171, 252, 239, 191, 179, 242, 18, 236,
       234, 124, 75, 235, 239, 127, 147, 178, 255, 207, 255, 188, 58,
       223, 244, 245, 120, 211, 137, 197, 71, 21, 103, 176, 14, 102, 184,
       120, 42, 107, 76, 211, 97, 152, 115, 144, 68, 108, 110, 225, 240,
       205, 14, 228, 255, 97, 68, 72, 179, 194, 33, 196, 124, 157, 115,
       136, 110, 71, 159, 112, 178, 163, 24, 210, 55, 9, 59, 145, 86,
       104, 42, 121, 100, 249, 34, 225, 186, 85, 20, 192, 113, 198, 34,
       69, 116, 157, 103, 164, 111, 231, 152, 122, 250, 47, 72, 215, 113,
       201, 42, 17, 76, 120, 122, 241, 112, 249, 34, 237, 143, 101, 116,
       200, 123, 211, 33, 240, 48, 255, 112, 42, 233, 81, 82, 178, 191,
       164, 56, 51, 215, 64, 27, 39, 178, 108, 24, 58, 79, 170, 17, 217,
       137, 113, 120, 224, 128, 70, 99, 216, 174, 156, 114, 170, 169, 21,
       199, 178, 191, 172, 185, 39, 167, 66, 27, 39, 247, 237, 16, 58,
       79, 138, 50, 217, 195, 117, 125, 224, 64, 134, 107, 201, 52, 157,
       229, 1, 126, 97, 26, 121, 227, 39, 24, 222, 55, 67, 123, 129, 70,
       120, 12, 33, 212, 241, 2, 199, 251, 80, 20, 138, 241, 67, 96, 244,
       180, 188, 114, 168, 233, 85, 223, 178, 191, 165, 57, 23, 247, 72,
       27, 3, 214, 109, 16, 58, 79, 202, 18, 249, 195, 117, 125, 224,
       208, 134, 99, 248, 170, 222, 186, 138, 169, 81, 215, 182, 23, 164,
       189, 39, 231, 66, 91, 35, 179, 237, 148, 58, 79, 130, 49, 218,
       195, 116, 121, 240, 192, 166, 90, 69, 113, 145, 69, 97, 78, 119,
       48, 104, 192, 107, 12, 222, 49, 1, 178, 144, 68, 112, 106, 65,
       240, 209, 8, 37, 184, 68, 6, 72, 51, 67, 34, 100, 112, 24, 69, 64,
       15, 67, 24, 96, 44, 37, 12, 86, 19, 1, 16, 16, 4, 64, 106, 64,
       116, 241, 8, 69, 136, 33, 48, 72, 163, 66, 162, 252, 182, 158,
