%YAML:1.0
---
descriptors: !!opencv-matrix
   rows: 228
   cols: 32
   dt: u
   data: [ 69, 103, 148, 103, 160, 62, 102, 152, 106, 186, 59, 68, 222,
       114, 201, 250, 151, 69, 108, 126, 149, 208, 201, 96, 172, 254,
       103, 198, 136, 243, 139, 5, 248, 168, 252, 122, 137, 237, 81, 207,
       178, 23, 164, 25, 35, 247, 74, 27, 137, 178, 237, 16, 58, 111,
       234, 49, 219, 235, 117, 121, 226, 64, 198, 106, 112, 168, 254,
       120, 136, 233, 81, 87, 163, 23, 164, 56, 55, 183, 64, 27, 9, 178,
       237, 16, 58, 79, 226, 49, 219, 195, 112, 121, 224, 192, 198, 42,
       248, 176, 191, 240, 138, 232, 81, 23, 162, 23, 164, 56, 23, 151,
       64, 91, 1, 150, 109, 16, 58, 79, 178, 16, 219, 227, 112, 121, 160,
       192, 134, 106, 208, 16, 159, 116, 8, 110, 65, 50, 160, 219, 163,
       24, 215, 55, 0, 123, 1, 212, 108, 8, 41, 69, 179, 0, 217, 235,
       116, 24, 160, 224, 4, 51, 253, 113, 253, 101, 168, 78, 71, 56, 97,
       250, 183, 8, 211, 21, 205, 59, 18, 212, 124, 106, 201, 96, 249, 8,
       227, 201, 101, 52, 105, 179, 70, 113, 116, 160, 120, 98, 248, 205,
       81, 31, 34, 189, 173, 25, 23, 87, 74, 24, 9, 154, 69, 24, 26, 106,
       218, 20, 203, 137, 53, 125, 224, 128, 198, 170, 21, 244, 185, 231,
       180, 47, 111, 188, 54, 234, 91, 112, 215, 119, 201, 96, 119, 95,
       61, 58, 169, 148, 233, 42, 237, 239, 47, 132, 164, 243, 129, 225,
       9, 156, 159, 125, 145, 174, 101, 183, 252, 3, 98, 16, 183, 51, 0,
       113, 129, 126, 104, 8, 57, 248, 81, 47, 237, 239, 82, 64, 200, 96,
       193, 40, 252, 108, 252, 86, 141, 105, 213, 222, 211, 182, 180, 24,
       115, 225, 71, 27, 9, 246, 108, 26, 40, 103, 218, 34, 123, 203, 85,
       61, 227, 248, 198, 42, 37, 181, 249, 107, 240, 109, 71, 254, 82,
       73, 125, 8, 115, 117, 8, 48, 29, 90, 6, 56, 155, 50, 121, 55, 111,
       141, 37, 108, 209, 219, 198, 251, 228, 112, 241, 69, 96, 78, 111,
       152, 41, 174, 39, 72, 211, 23, 201, 63, 22, 84, 93, 106, 65, 244,
       249, 8, 101, 184, 101, 52, 66, 243, 70, 97, 21, 229, 25, 103, 4,
       79, 103, 232, 86, 160, 107, 0, 211, 241, 121, 96, 113, 204, 34,
       106, 73, 240, 57, 31, 233, 142, 5, 36, 48, 251, 64, 160, 118, 45,
       59, 126, 221, 231, 199, 224, 248, 2, 232, 8, 82, 255, 53, 48, 200,
       255, 91, 227, 105, 227, 186, 110, 177, 190, 135, 26, 65, 115, 230,
       162, 205, 117, 189, 101, 168, 126, 95, 190, 57, 254, 62, 188, 223,
       55, 219, 123, 23, 212, 125, 126, 249, 80, 249, 10, 239, 251, 101,
       244, 138, 243, 198, 113, 204, 116, 149, 71, 169, 111, 55, 152, 59,
       250, 163, 120, 222, 87, 73, 63, 149, 85, 252, 114, 97, 212, 249,
       106, 229, 218, 69, 54, 202, 115, 7, 51, 224, 184, 185, 88, 73,
       237, 81, 71, 203, 127, 164, 24, 190, 149, 68, 63, 137, 186, 106,
       24, 27, 111, 242, 177, 95, 216, 80, 122, 210, 8, 198, 250, 252,
       94, 157, 116, 168, 44, 85, 182, 160, 186, 182, 120, 95, 55, 1, 91,
       135, 247, 109, 2, 104, 71, 203, 32, 211, 235, 117, 152, 224, 240,
       134, 35, 248, 184, 253, 112, 168, 253, 81, 87, 179, 127, 164, 24,
       59, 183, 66, 59, 5, 182, 252, 24, 58, 79, 242, 17, 219, 203, 117,
       121, 226, 192, 198, 123, 105, 253, 184, 115, 189, 221, 87, 191,
       123, 125, 44, 28, 190, 53, 70, 180, 129, 74, 208, 88, 247, 104,
       251, 183, 111, 223, 21, 127, 202, 68, 202, 255, 109, 244, 189, 99,
       164, 111, 183, 136, 122, 251, 47, 24, 214, 117, 73, 42, 145, 92,
       120, 122, 51, 116, 249, 50, 109, 159, 101, 118, 192, 123, 215, 35,
       240, 58, 251, 112, 42, 233, 65, 82, 162, 191, 164, 56, 23, 151,
       192, 58, 39, 244, 108, 24, 10, 103, 162, 0, 209, 225, 113, 56,
       224, 192, 70, 99, 100, 119, 121, 103, 240, 15, 71, 184, 96, 172,
       111, 8, 215, 51, 9, 16, 16, 76, 68, 106, 72, 176, 249, 12, 231,
       189, 37, 52, 64, 179, 70, 33, 85, 213, 89, 231, 180, 78, 79, 185,
       37, 232, 255, 96, 215, 119, 136, 112, 86, 212, 93, 106, 233, 144,
       121, 46, 227, 239, 37, 148, 32, 242, 196, 113, 109, 49, 145, 69,
       81, 79, 66, 8, 105, 224, 43, 8, 210, 17, 77, 178, 144, 84, 64,
       122, 9, 240, 217, 8, 167, 221, 1, 52, 74, 35, 74, 2, 220, 48, 189,
       114, 41, 237, 81, 24, 179, 63, 167, 24, 159, 151, 73, 123, 129,
       157, 109, 16, 26, 71, 250, 16, 217, 211, 113, 125, 160, 65, 6, 99,
       44, 97, 189, 103, 93, 79, 67, 40, 114, 160, 239, 8, 211, 113, 8,
       48, 216, 92, 96, 106, 72, 242, 249, 60, 71, 207, 5, 48, 66, 43,
       86, 162, 221, 121, 31, 117, 19, 78, 55, 180, 252, 208, 166, 20,
       255, 83, 1, 115, 166, 116, 124, 106, 97, 229, 49, 46, 225, 235,
       103, 2, 72, 49, 3, 51, 120, 170, 252, 112, 138, 233, 81, 87, 162,
       55, 164, 56, 55, 183, 66, 27, 1, 178, 237, 16, 26, 75, 162, 49,
       219, 195, 112, 121, 224, 192, 134, 42, 100, 160, 120, 97, 184,
       109, 81, 153, 34, 189, 165, 24, 147, 19, 74, 24, 25, 156, 69, 56,
       26, 98, 203, 20, 207, 153, 53, 125, 192, 130, 198, 227, 240, 56,
       159, 112, 170, 236, 81, 23, 178, 191, 164, 56, 55, 183, 64, 27,
       39, 246, 108, 8, 58, 79, 154, 35, 217, 163, 117, 56, 224, 192,
       134, 35, 248, 180, 179, 248, 171, 233, 81, 87, 163, 31, 172, 56,
       31, 151, 64, 63, 163, 179, 221, 16, 58, 75, 178, 145, 219, 209,
       80, 123, 226, 64, 166, 123, 225, 184, 177, 80, 233, 205, 113, 3,
       235, 249, 160, 24, 190, 151, 68, 63, 129, 182, 124, 24, 19, 111,
       242, 64, 31, 152, 85, 126, 202, 0, 66, 46, 5, 85, 31, 103, 48, 14,
       111, 184, 116, 200, 91, 100, 213, 115, 137, 96, 54, 76, 54, 110,
       225, 144, 121, 46, 228, 175, 38, 128, 8, 179, 1, 49, 113, 85, 125,
       103, 48, 78, 79, 56, 96, 232, 191, 64, 87, 119, 137, 114, 20, 212,
       124, 106, 233, 161, 121, 46, 227, 239, 37, 144, 104, 243, 98, 57,
       84, 21, 57, 231, 176, 47, 79, 188, 52, 170, 255, 96, 215, 119,
       137, 112, 23, 223, 29, 106, 185, 144, 121, 46, 233, 239, 39, 196,
       168, 243, 1, 49, 124, 180, 60, 115, 141, 109, 81, 27, 111, 59,
       165, 24, 223, 125, 72, 58, 137, 146, 109, 16, 58, 107, 251, 17,
       203, 219, 81, 125, 208, 72, 198, 34, 252, 180, 253, 86, 169, 109,
       85, 191, 179, 191, 164, 24, 115, 247, 76, 31, 9, 214, 236, 8, 56,
       111, 251, 32, 91, 203, 117, 61, 227, 224, 198, 106, 69, 48, 153,
       99, 224, 110, 113, 24, 104, 250, 35, 72, 222, 19, 73, 58, 178, 85,
       124, 122, 1, 240, 153, 64, 205, 153, 101, 36, 200, 99, 67, 179,
       129, 112, 19, 69, 69, 30, 230, 48, 121, 202, 98, 76, 254, 16, 133,
       180, 144, 108, 80, 110, 197, 180, 117, 14, 36, 188, 4, 2, 74, 51,
       75, 140, 69, 117, 144, 69, 181, 14, 102, 184, 104, 232, 122, 76,
       222, 112, 157, 54, 144, 76, 100, 110, 193, 240, 217, 12, 37, 188,
       37, 6, 72, 115, 75, 5, 88, 168, 149, 118, 136, 232, 65, 159, 162,
       177, 162, 88, 247, 247, 64, 91, 1, 214, 108, 16, 26, 73, 203, 48,
       217, 162, 117, 92, 160, 192, 134, 40, 43, 115, 49, 69, 113, 31,
       255, 48, 105, 236, 127, 76, 218, 28, 159, 180, 148, 92, 213, 110,
       197, 176, 121, 204, 39, 93, 1, 150, 74, 183, 66, 245, 236, 180,
       149, 99, 141, 109, 80, 25, 123, 59, 33, 88, 222, 123, 72, 187,
       145, 30, 236, 48, 59, 116, 217, 147, 207, 219, 85, 119, 210, 74,
       194, 3, 93, 77, 93, 103, 150, 78, 71, 184, 100, 160, 171, 72, 215,
       115, 9, 115, 50, 212, 124, 106, 105, 176, 121, 44, 225, 239, 37,
       20, 97, 243, 64, 32, 213, 94, 87, 119, 162, 58, 68, 186, 245, 250,
       186, 244, 115, 99, 129, 255, 39, 230, 108, 46, 233, 213, 13, 44,
       160, 234, 117, 144, 106, 241, 64, 53, 20, 205, 155, 127, 148, 230,
       71, 254, 118, 130, 234, 64, 243, 115, 1, 112, 89, 254, 12, 122,
       123, 184, 89, 47, 233, 239, 37, 0, 224, 251, 228, 42, 224, 188,
       157, 123, 232, 237, 37, 175, 154, 59, 40, 24, 182, 243, 72, 123,
       129, 82, 106, 24, 51, 110, 218, 51, 237, 166, 117, 124, 216, 88,
       131, 170, 248, 184, 255, 112, 169, 237, 81, 87, 227, 63, 164, 24,
       63, 191, 64, 59, 171, 179, 253, 16, 58, 111, 178, 49, 219, 203,
