%YAML:1.0
---
descriptors: !!opencv-matrix
   rows: 318
   cols: 32
   dt: u
   data: [ 72, 233, 152, 50, 9, 217, 22, 174, 171, 53, 41, 9, 174, 235,
       67, 144, 129, 91, 233, 66, 6, 72, 202, 49, 239, 215, 29, 123, 80,
       87, 15, 10, 220, 180, 188, 240, 169, 108, 89, 159, 171, 255, 151,
       56, 159, 191, 74, 123, 135, 151, 253, 17, 186, 77, 251, 128, 219,
       219, 127, 254, 130, 192, 135, 115, 232, 181, 188, 123, 157, 93,
       85, 189, 83, 61, 165, 24, 255, 125, 72, 51, 217, 146, 233, 48,
       122, 106, 251, 151, 239, 223, 84, 125, 210, 10, 198, 42, 84, 93,
       93, 231, 176, 78, 79, 184, 32, 170, 255, 104, 215, 119, 137, 114,
       22, 212, 125, 106, 105, 144, 249, 46, 229, 239, 37, 148, 32, 243,
       70, 49, 237, 112, 189, 103, 100, 78, 103, 24, 121, 234, 55, 8,
       215, 85, 89, 59, 144, 84, 124, 106, 233, 244, 249, 8, 231, 217,
       101, 52, 64, 251, 70, 113, 109, 85, 125, 103, 176, 78, 111, 184,
       96, 232, 127, 72, 215, 119, 137, 114, 22, 212, 124, 106, 233, 176,
       121, 46, 239, 255, 37, 132, 72, 179, 70, 113, 77, 85, 61, 103, 48,
       14, 111, 184, 124, 234, 127, 68, 215, 115, 153, 112, 150, 68, 28,
       110, 225, 176, 125, 78, 231, 255, 39, 132, 74, 243, 65, 49, 104,
       176, 189, 112, 185, 237, 81, 3, 251, 121, 38, 24, 150, 183, 64,
       58, 129, 54, 104, 24, 19, 236, 242, 1, 207, 255, 80, 114, 194, 0,
       198, 99, 244, 180, 157, 115, 136, 79, 85, 159, 226, 179, 167, 24,
       215, 117, 73, 59, 1, 214, 108, 24, 120, 101, 251, 0, 233, 195,
       117, 117, 224, 240, 134, 34, 240, 184, 247, 112, 169, 253, 80,
       215, 251, 251, 180, 120, 58, 189, 196, 63, 175, 247, 124, 16, 191,
       111, 226, 243, 219, 218, 117, 251, 235, 192, 198, 63, 252, 188,
       255, 114, 168, 237, 85, 223, 178, 183, 165, 24, 115, 247, 72, 27,
       41, 214, 108, 26, 58, 111, 186, 35, 219, 203, 117, 124, 224, 209,
       198, 34, 53, 142, 92, 67, 176, 63, 70, 190, 118, 43, 62, 124, 215,
       113, 138, 241, 23, 206, 12, 62, 191, 180, 73, 63, 238, 143, 37,
       116, 248, 219, 200, 1, 92, 38, 200, 166, 168, 40, 70, 136, 98,
       183, 167, 153, 199, 99, 75, 90, 19, 196, 108, 62, 60, 64, 205, 2,
       202, 227, 101, 61, 160, 243, 74, 0, 229, 246, 220, 119, 180, 62,
       102, 184, 122, 234, 55, 124, 215, 113, 154, 187, 23, 70, 116, 46,
       177, 244, 221, 46, 238, 175, 101, 20, 236, 249, 216, 17, 69, 117,
       17, 101, 17, 78, 55, 56, 104, 224, 107, 8, 222, 51, 9, 50, 144,
       84, 120, 106, 65, 240, 249, 76, 229, 188, 1, 6, 72, 51, 67, 34,
       85, 69, 125, 101, 22, 78, 79, 56, 100, 160, 171, 64, 83, 49, 9,
       112, 50, 212, 92, 106, 73, 160, 125, 14, 231, 175, 37, 20, 96,
       179, 64, 32, 252, 69, 124, 103, 160, 74, 71, 168, 113, 162, 167,
       8, 87, 115, 9, 115, 18, 212, 104, 106, 104, 244, 217, 46, 241,
       235, 69, 20, 96, 243, 68, 34, 224, 136, 157, 254, 200, 233, 17,
       167, 154, 23, 32, 24, 182, 243, 96, 91, 129, 114, 104, 0, 50, 79,
       202, 49, 205, 162, 84, 121, 144, 8, 135, 42, 81, 168, 158, 80,
       138, 253, 57, 7, 238, 211, 164, 24, 183, 178, 86, 122, 35, 163,
       120, 152, 23, 75, 182, 113, 153, 139, 94, 120, 200, 64, 139, 12,
       253, 44, 172, 182, 140, 108, 69, 23, 242, 243, 134, 25, 247, 189,
       83, 59, 129, 230, 125, 29, 40, 79, 251, 34, 217, 203, 253, 57,
       160, 120, 214, 106, 242, 172, 254, 86, 139, 112, 81, 239, 187,
       191, 164, 25, 102, 231, 70, 27, 129, 247, 237, 16, 58, 79, 170,
       113, 219, 242, 85, 255, 128, 96, 134, 103, 69, 113, 25, 101, 32,
       78, 55, 56, 104, 232, 111, 8, 214, 18, 9, 50, 144, 84, 108, 98,
       65, 240, 241, 76, 101, 184, 33, 6, 72, 51, 67, 35, 119, 69, 213,
       231, 10, 38, 14, 168, 59, 178, 171, 200, 215, 118, 201, 119, 87,
       213, 121, 238, 105, 66, 223, 106, 185, 182, 205, 60, 0, 243, 2,
       32, 69, 117, 21, 7, 50, 14, 47, 56, 124, 224, 107, 228, 220, 114,
       137, 240, 54, 85, 122, 106, 193, 208, 253, 78, 164, 54, 15, 4, 8,
       243, 11, 52, 244, 102, 141, 135, 138, 42, 39, 136, 112, 178, 131,
       252, 214, 98, 201, 91, 113, 196, 108, 242, 57, 215, 205, 98, 188,
       34, 239, 20, 168, 115, 163, 1, 216, 188, 191, 116, 170, 237, 17,
       23, 242, 183, 166, 56, 183, 183, 64, 59, 163, 215, 236, 16, 58,
       109, 178, 3, 217, 195, 117, 121, 224, 64, 199, 107, 108, 101, 117,
       101, 52, 91, 118, 184, 113, 168, 123, 72, 203, 109, 157, 52, 146,
       212, 108, 106, 72, 240, 233, 14, 231, 255, 37, 5, 98, 179, 70, 35,
       120, 168, 223, 112, 140, 232, 81, 87, 226, 17, 172, 8, 55, 147,
       64, 58, 129, 182, 108, 16, 30, 75, 194, 33, 219, 225, 112, 121,
       160, 194, 206, 74, 240, 152, 156, 180, 12, 233, 81, 31, 227, 243,
       166, 24, 119, 213, 64, 123, 1, 246, 108, 16, 26, 111, 219, 17,
       217, 163, 113, 121, 224, 136, 134, 42, 180, 205, 106, 239, 214,
       139, 255, 252, 116, 32, 251, 10, 123, 201, 59, 17, 122, 237, 23,
       227, 232, 179, 13, 189, 246, 233, 167, 176, 117, 187, 242, 128,
       76, 52, 177, 65, 225, 108, 49, 11, 123, 187, 47, 24, 222, 119, 76,
       190, 145, 31, 232, 16, 19, 112, 251, 66, 143, 215, 21, 103, 194,
       97, 135, 35, 64, 237, 24, 51, 217, 201, 22, 174, 43, 53, 44, 25,
       174, 55, 66, 16, 129, 91, 233, 64, 66, 72, 202, 49, 239, 213, 21,
       127, 82, 81, 143, 138, 220, 52, 188, 245, 172, 44, 89, 27, 171,
       187, 183, 48, 223, 191, 200, 123, 135, 215, 125, 24, 184, 69, 235,
       192, 203, 251, 127, 220, 130, 224, 135, 51, 226, 188, 180, 250,
       173, 237, 80, 143, 255, 187, 176, 24, 238, 249, 68, 27, 129, 114,
       127, 16, 182, 109, 218, 179, 143, 219, 85, 122, 210, 72, 211, 11,
       130, 172, 254, 223, 238, 171, 236, 223, 127, 179, 250, 18, 237,
       235, 52, 73, 123, 239, 127, 152, 178, 255, 203, 243, 158, 250,
       223, 232, 149, 200, 241, 137, 128, 172, 254, 255, 238, 171, 237,
       207, 126, 51, 250, 154, 245, 234, 52, 105, 123, 239, 127, 157,
       178, 255, 239, 119, 252, 175, 255, 200, 133, 200, 225, 137, 236,
       113, 189, 103, 32, 78, 103, 184, 120, 170, 55, 8, 215, 87, 201,
       59, 148, 84, 124, 106, 105, 244, 249, 40, 231, 249, 101, 52, 64,
       179, 70, 51, 101, 85, 125, 103, 32, 78, 103, 184, 32, 168, 191,
       72, 215, 119, 137, 115, 22, 212, 125, 106, 201, 208, 249, 44, 229,
       233, 101, 20, 32, 243, 70, 113, 4, 93, 123, 231, 180, 78, 111,
       184, 60, 200, 122, 96, 215, 119, 137, 96, 54, 125, 63, 106, 225,
       144, 57, 46, 237, 239, 39, 132, 32, 243, 133, 113, 73, 172, 150,
       26, 169, 189, 68, 239, 255, 159, 162, 92, 238, 224, 30, 223, 161,
       102, 110, 29, 183, 107, 154, 117, 184, 126, 87, 122, 202, 68, 203,
       12, 44, 103, 64, 71, 244, 27, 102, 184, 113, 168, 123, 232, 195,
       96, 153, 148, 24, 204, 68, 110, 232, 240, 205, 46, 38, 62, 37,
       133, 71, 251, 90, 132, 213, 48, 157, 119, 136, 110, 69, 184, 240,
       250, 163, 88, 215, 115, 9, 123, 1, 84, 108, 42, 41, 197, 251, 42,
       193, 171, 117, 20, 232, 241, 3, 48, 253, 123, 221, 103, 36, 14,
       71, 189, 96, 234, 166, 76, 211, 113, 145, 51, 4, 196, 108, 110,
       233, 224, 253, 40, 226, 233, 101, 20, 104, 243, 194, 33, 124, 168,
       188, 114, 136, 109, 85, 158, 226, 183, 164, 24, 87, 241, 72, 26,
       129, 214, 236, 16, 26, 111, 250, 49, 219, 195, 117, 125, 240, 249,
       198, 42, 73, 48, 29, 101, 32, 78, 113, 16, 105, 200, 102, 72, 223,
       23, 0, 123, 166, 84, 124, 74, 65, 208, 241, 64, 199, 249, 96, 0,
       8, 131, 67, 51, 226, 190, 245, 80, 232, 173, 144, 87, 251, 59,
       176, 120, 190, 188, 196, 63, 143, 183, 110, 16, 179, 111, 194, 83,
       29, 154, 84, 250, 201, 64, 199, 63, 252, 237, 255, 114, 168, 232,
       71, 216, 178, 159, 173, 24, 83, 247, 73, 27, 35, 246, 108, 90, 58,
       71, 170, 51, 217, 235, 117, 124, 224, 243, 198, 99, 96, 48, 57,
       97, 0, 79, 81, 23, 40, 108, 36, 12, 150, 23, 0, 24, 132, 20, 69,
       8, 1, 216, 241, 16, 197, 153, 48, 48, 64, 0, 70, 123, 165, 142,
       92, 83, 240, 47, 103, 191, 118, 63, 126, 92, 211, 96, 154, 113,
