%YAML:1.0
---
descriptors: !!opencv-matrix
   rows: 139
   cols: 32
   dt: u
   data: [ 112, 168, 253, 112, 136, 205, 81, 87, 162, 55, 164, 24, 51,
       183, 64, 27, 1, 182, 108, 24, 26, 111, 242, 49, 217, 139, 117,
       120, 224, 128, 198, 106, 199, 180, 149, 21, 173, 109, 196, 139,
       251, 251, 129, 92, 214, 112, 92, 175, 129, 70, 120, 29, 191, 101,
       251, 50, 137, 26, 85, 126, 200, 125, 211, 52, 44, 60, 184, 250,
       205, 237, 147, 210, 202, 169, 45, 12, 182, 249, 81, 8, 137, 122,
       3, 25, 18, 34, 218, 48, 77, 157, 17, 120, 208, 75, 87, 162, 254,
       96, 236, 230, 42, 2, 95, 184, 1, 182, 143, 139, 91, 87, 203, 87,
       86, 212, 253, 238, 72, 71, 235, 136, 243, 233, 205, 189, 38, 183,
       54, 112, 77, 71, 157, 167, 48, 14, 111, 184, 120, 232, 75, 68,
       215, 98, 203, 114, 150, 69, 108, 110, 225, 208, 233, 46, 236, 247,
       103, 4, 8, 179, 1, 113, 46, 243, 225, 90, 237, 89, 223, 216, 83,
       254, 117, 237, 235, 237, 223, 60, 29, 200, 247, 110, 207, 98, 238,
       179, 110, 94, 229, 191, 223, 255, 86, 245, 205, 188, 189, 114,
       173, 253, 85, 151, 251, 123, 180, 24, 254, 255, 76, 123, 133, 115,
       125, 24, 179, 109, 250, 115, 219, 219, 119, 122, 194, 209, 199,
       123, 200, 180, 189, 241, 172, 44, 125, 159, 255, 187, 182, 92,
       158, 55, 64, 123, 133, 86, 125, 24, 184, 109, 243, 98, 207, 251,
       118, 84, 202, 208, 195, 59, 221, 22, 189, 245, 172, 46, 125, 27,
       252, 251, 183, 116, 223, 55, 137, 123, 167, 151, 125, 40, 185,
       229, 115, 194, 197, 251, 115, 148, 138, 224, 129, 113, 206, 188,
       189, 242, 169, 236, 29, 151, 187, 127, 148, 25, 190, 191, 66, 123,
       135, 83, 253, 17, 51, 77, 251, 243, 201, 219, 127, 251, 128, 64,
       135, 123, 254, 36, 140, 182, 139, 121, 84, 138, 147, 183, 131,
       187, 207, 232, 75, 155, 201, 199, 237, 147, 60, 71, 207, 162, 218,
       195, 221, 63, 164, 125, 158, 70, 216, 184, 159, 242, 170, 236, 89,
       223, 178, 123, 160, 121, 183, 247, 64, 27, 167, 247, 125, 17, 59,
       79, 218, 51, 217, 227, 125, 252, 160, 64, 135, 123, 221, 188, 156,
       118, 168, 46, 85, 159, 178, 187, 166, 92, 223, 243, 73, 123, 37,
       214, 125, 24, 58, 77, 219, 34, 219, 235, 117, 116, 170, 240, 139,
       11, 250, 188, 191, 250, 169, 237, 21, 207, 155, 95, 164, 25, 190,
       255, 98, 59, 133, 243, 253, 17, 59, 79, 186, 177, 219, 211, 93,
       123, 146, 68, 135, 123, 254, 36, 236, 182, 139, 112, 84, 138, 147,
       183, 131, 155, 71, 238, 75, 27, 193, 215, 237, 147, 60, 71, 223,
       34, 219, 227, 221, 63, 164, 125, 158, 66, 237, 52, 172, 179, 173,
       63, 86, 152, 59, 255, 135, 125, 223, 125, 91, 187, 149, 197, 253,
       63, 188, 68, 251, 130, 207, 219, 101, 244, 138, 255, 218, 83, 92,
       113, 255, 103, 34, 74, 55, 56, 40, 164, 39, 168, 223, 119, 201,
       18, 54, 212, 237, 98, 64, 240, 185, 8, 227, 225, 101, 1, 98, 179,
       7, 115, 112, 168, 190, 112, 136, 233, 81, 87, 162, 55, 164, 24,
       55, 183, 64, 27, 1, 182, 109, 24, 26, 79, 178, 49, 217, 227, 112,
       121, 224, 192, 134, 42, 180, 101, 121, 71, 82, 75, 71, 232, 81,
       164, 245, 42, 83, 85, 141, 53, 120, 220, 70, 106, 105, 182, 109,
       30, 119, 137, 33, 36, 99, 187, 70, 224, 216, 188, 159, 242, 168,
       236, 81, 159, 178, 59, 132, 24, 183, 247, 64, 123, 39, 247, 125,
       24, 59, 79, 250, 51, 217, 227, 127, 124, 168, 64, 135, 59, 248,
       188, 255, 118, 168, 237, 85, 223, 178, 191, 164, 24, 55, 247, 64,
       27, 1, 246, 108, 24, 58, 111, 250, 51, 217, 235, 117, 56, 224,
       208, 198, 107, 128, 174, 184, 251, 236, 169, 165, 135, 94, 23, 96,
       17, 181, 224, 226, 73, 195, 106, 34, 24, 50, 124, 106, 51, 76,
       143, 118, 105, 144, 72, 197, 170, 245, 100, 220, 231, 172, 42, 95,
       152, 59, 182, 163, 29, 199, 105, 89, 27, 147, 196, 125, 126, 40,
       85, 217, 34, 216, 218, 69, 54, 172, 243, 82, 2, 216, 188, 189,
       242, 169, 236, 93, 151, 187, 127, 182, 24, 191, 183, 64, 123, 135,
       87, 253, 24, 187, 77, 251, 243, 203, 219, 126, 250, 138, 64, 135,
       123, 205, 252, 189, 115, 173, 173, 85, 159, 255, 187, 181, 92,
       254, 249, 89, 59, 137, 118, 124, 24, 187, 109, 219, 179, 207, 219,
       85, 122, 202, 121, 195, 59, 254, 102, 228, 246, 173, 62, 95, 152,
       51, 254, 151, 153, 219, 103, 219, 159, 21, 212, 253, 110, 232, 69,
       235, 162, 211, 251, 229, 189, 162, 255, 86, 114, 120, 188, 191,
       250, 169, 253, 85, 255, 251, 223, 164, 24, 190, 255, 100, 59, 129,
       243, 253, 16, 59, 107, 186, 177, 251, 219, 85, 123, 210, 80, 199,
       123, 157, 20, 127, 245, 44, 46, 121, 24, 60, 250, 183, 116, 223,
       127, 137, 107, 119, 85, 127, 42, 169, 213, 105, 200, 196, 235,
       123, 148, 44, 241, 1, 113, 77, 101, 81, 103, 49, 30, 111, 184, 57,
       224, 111, 8, 207, 99, 139, 180, 22, 76, 236, 110, 65, 240, 249,
       78, 166, 253, 5, 4, 74, 183, 75, 100, 84, 113, 252, 101, 34, 74,
       94, 56, 33, 164, 183, 169, 223, 7, 201, 18, 54, 213, 237, 226, 72,
       192, 193, 8, 243, 225, 101, 149, 101, 179, 7, 51, 201, 188, 181,
       21, 173, 62, 229, 191, 250, 251, 150, 92, 222, 48, 214, 175, 129,
       70, 120, 13, 177, 109, 243, 130, 139, 123, 85, 54, 202, 124, 217,
       125, 201, 188, 149, 21, 169, 252, 160, 7, 254, 251, 162, 84, 190,
       176, 68, 255, 129, 39, 124, 17, 181, 109, 243, 66, 137, 250, 90,
       82, 200, 64, 131, 61, 96, 97, 17, 97, 52, 79, 98, 24, 96, 160,
       106, 72, 151, 17, 0, 48, 16, 156, 64, 104, 73, 176, 209, 12, 229,
       156, 33, 36, 72, 130, 66, 160, 124, 227, 248, 78, 250, 64, 95,
       172, 51, 165, 173, 168, 97, 231, 201, 84, 23, 222, 237, 242, 90,
       66, 235, 59, 250, 165, 165, 253, 183, 243, 166, 35, 211, 184, 151,
       176, 171, 172, 24, 199, 187, 91, 128, 93, 182, 182, 64, 27, 167,
       167, 124, 21, 191, 79, 146, 115, 152, 242, 94, 250, 136, 68, 131,
       29, 76, 113, 61, 101, 32, 78, 119, 184, 104, 172, 54, 40, 223, 87,
       193, 50, 146, 84, 108, 106, 65, 240, 249, 8, 231, 249, 37, 52, 74,
       179, 71, 51, 255, 60, 165, 178, 173, 61, 84, 159, 187, 251, 146,
       93, 223, 253, 89, 187, 133, 198, 253, 21, 190, 71, 219, 162, 219,
       219, 117, 254, 138, 125, 218, 87, 183, 119, 70, 165, 142, 27, 134,
       232, 144, 246, 178, 255, 67, 64, 143, 135, 124, 196, 204, 231,
       237, 247, 93, 174, 176, 195, 205, 21, 109, 253, 90, 212, 221, 116,
       180, 167, 172, 62, 94, 152, 123, 186, 147, 125, 207, 121, 89, 155,
       151, 196, 125, 127, 188, 116, 223, 162, 206, 219, 101, 183, 174,
       247, 27, 3, 198, 248, 151, 88, 137, 236, 17, 130, 187, 23, 160,
       24, 142, 214, 101, 63, 129, 113, 232, 16, 34, 79, 186, 113, 153,
       146, 91, 123, 144, 17, 39, 38, 112, 168, 222, 112, 138, 233, 81,
       87, 162, 23, 164, 25, 55, 151, 66, 27, 1, 182, 109, 16, 26, 79,
       130, 49, 219, 225, 112, 121, 224, 192, 134, 42, 85, 85, 31, 174,
       9, 22, 22, 168, 165, 194, 131, 194, 71, 102, 41, 227, 244, 245,
       232, 226, 109, 195, 27, 140, 177, 243, 79, 22, 56, 59, 40, 20, 13,
       255, 220, 225, 178, 47, 118, 156, 110, 186, 46, 68, 215, 115, 201,
       122, 23, 84, 124, 122, 209, 208, 89, 60, 238, 207, 101, 84, 170,
       251, 129, 33, 216, 188, 158, 250, 168, 236, 81, 223, 178, 27, 164,
       24, 183, 247, 64, 59, 39, 243, 253, 24, 59, 79, 154, 51, 219, 195,
       117, 121, 168, 192, 135, 59, 248, 188, 255, 118, 168, 237, 85,
       215, 178, 191, 164, 57, 55, 247, 64, 27, 35, 246, 109, 24, 58, 79,
       186, 51, 219, 227, 117, 120, 224, 208, 198, 107, 221, 172, 222,
       118, 136, 44, 80, 159, 242, 179, 166, 24, 255, 243, 64, 91, 129,
       230, 108, 28, 56, 77, 219, 34, 219, 235, 117, 29, 162, 224, 202,
       10, 117, 233, 144, 34, 173, 61, 71, 207, 235, 181, 172, 13, 230,
       224, 79, 150, 153, 194, 108, 94, 30, 107, 218, 177, 185, 220, 5,
       126, 210, 127, 203, 76, 116, 53, 237, 103, 138, 106, 71, 184, 50,
       230, 175, 168, 211, 119, 73, 27, 19, 212, 237, 226, 121, 82, 249,
