%YAML:1.0
---
descriptors: !!opencv-matrix
   rows: 173
   cols: 32
   dt: u
   data: [ 108, 116, 157, 99, 169, 111, 71, 152, 58, 186, 47, 24, 214,
       119, 73, 63, 145, 84, 120, 122, 49, 68, 249, 34, 207, 255, 69,
       118, 194, 115, 198, 114, 120, 184, 189, 112, 139, 233, 81, 71,
       227, 23, 164, 56, 55, 183, 64, 58, 1, 178, 108, 16, 26, 111, 242,
       49, 219, 203, 80, 123, 224, 64, 198, 107, 209, 143, 95, 101, 176,
       46, 79, 183, 116, 138, 122, 100, 243, 35, 144, 112, 19, 230, 108,
       46, 249, 188, 69, 47, 232, 175, 36, 208, 232, 242, 192, 41, 5,
       117, 17, 71, 117, 14, 118, 188, 121, 232, 107, 76, 254, 81, 13,
       180, 144, 76, 80, 106, 225, 176, 217, 110, 37, 190, 5, 2, 74, 51,
       75, 184, 36, 225, 57, 75, 93, 77, 71, 136, 74, 53, 37, 8, 210, 85,
       77, 48, 153, 88, 64, 106, 67, 112, 251, 17, 109, 156, 5, 116, 80,
       27, 70, 226, 249, 184, 220, 178, 234, 172, 88, 159, 179, 127, 180,
       185, 63, 247, 194, 26, 135, 247, 253, 20, 62, 79, 202, 51, 218,
       203, 117, 249, 162, 196, 142, 91, 252, 217, 85, 78, 201, 92, 70,
       188, 225, 90, 164, 72, 122, 119, 140, 247, 16, 214, 232, 106, 73,
       35, 251, 61, 49, 250, 69, 62, 90, 187, 198, 60, 224, 188, 157,
       250, 220, 237, 69, 143, 218, 59, 161, 24, 182, 243, 76, 123, 129,
       218, 106, 18, 59, 111, 218, 119, 185, 146, 85, 124, 216, 89, 199,
       42, 252, 54, 149, 118, 169, 44, 84, 216, 179, 187, 177, 88, 223,
       243, 73, 155, 133, 214, 236, 18, 58, 103, 202, 2, 219, 211, 117,
       62, 226, 113, 2, 3, 85, 69, 93, 103, 148, 78, 71, 184, 100, 160,
       171, 72, 83, 113, 25, 112, 48, 212, 76, 106, 105, 176, 89, 46,
       237, 239, 37, 20, 97, 243, 64, 32, 244, 68, 92, 118, 168, 74, 95,
       172, 176, 178, 166, 24, 215, 115, 9, 91, 3, 213, 108, 106, 104,
       101, 203, 46, 241, 235, 101, 21, 96, 241, 75, 34, 65, 113, 29,
       101, 17, 78, 119, 48, 104, 64, 98, 8, 214, 51, 0, 50, 144, 116,
       104, 106, 65, 240, 177, 12, 165, 249, 0, 2, 72, 50, 67, 34, 148,
       173, 94, 247, 146, 106, 79, 191, 52, 162, 238, 16, 119, 115, 9,
       81, 49, 246, 77, 234, 120, 209, 89, 47, 233, 231, 37, 21, 160,
       241, 164, 34, 96, 129, 145, 249, 29, 205, 65, 174, 91, 49, 40, 24,
       182, 55, 76, 114, 129, 19, 104, 0, 11, 106, 211, 53, 173, 182, 20,
       122, 80, 8, 196, 42, 192, 140, 157, 254, 200, 172, 21, 167, 146,
       23, 96, 24, 246, 243, 96, 91, 193, 122, 104, 24, 50, 78, 250, 51,
       237, 167, 116, 120, 144, 88, 135, 170, 197, 119, 157, 103, 144,
       14, 103, 184, 126, 184, 35, 76, 214, 115, 73, 51, 145, 68, 108,
       126, 225, 244, 217, 14, 173, 186, 37, 4, 72, 179, 67, 33, 83, 123,
       82, 164, 50, 138, 62, 52, 41, 76, 120, 237, 175, 2, 131, 208, 182,
       189, 205, 69, 197, 154, 132, 77, 180, 244, 42, 130, 44, 6, 11,
       221, 20, 196, 121, 101, 20, 79, 71, 184, 116, 162, 175, 10, 83,
       51, 1, 112, 49, 212, 72, 106, 104, 176, 121, 30, 241, 175, 5, 20,
       113, 251, 68, 34, 96, 100, 59, 102, 89, 70, 227, 96, 240, 128,
       235, 8, 112, 215, 61, 49, 248, 253, 83, 235, 104, 243, 184, 77,
       113, 170, 131, 0, 65, 35, 102, 162, 96, 249, 188, 119, 185, 205,
       23, 175, 138, 189, 44, 8, 230, 49, 66, 18, 129, 118, 232, 80, 106,
       104, 219, 55, 239, 183, 85, 123, 208, 24, 204, 10, 197, 116, 189,
       103, 161, 110, 119, 152, 121, 234, 47, 24, 222, 113, 73, 58, 145,
       86, 108, 42, 33, 244, 249, 10, 231, 255, 69, 54, 200, 115, 195,
       35, 248, 162, 255, 112, 138, 233, 65, 83, 162, 151, 165, 24, 23,
       183, 64, 27, 35, 148, 109, 24, 26, 79, 162, 0, 219, 195, 117, 124,
       224, 128, 198, 98, 100, 113, 56, 99, 88, 15, 87, 184, 98, 164,
       173, 12, 215, 83, 73, 48, 144, 220, 64, 106, 72, 114, 217, 12,
       231, 141, 5, 52, 72, 179, 66, 162, 120, 188, 183, 114, 171, 233,
       81, 215, 179, 23, 164, 56, 47, 247, 64, 159, 39, 183, 237, 16, 58,
       79, 178, 51, 219, 243, 84, 123, 162, 192, 134, 107, 209, 142, 75,
       101, 180, 42, 111, 55, 116, 35, 106, 84, 243, 33, 144, 112, 19,
       78, 44, 44, 185, 188, 69, 15, 232, 174, 32, 64, 232, 226, 192, 40,
       37, 117, 16, 71, 85, 31, 102, 184, 123, 232, 107, 76, 210, 80, 93,
       180, 144, 76, 80, 110, 197, 240, 217, 46, 47, 156, 5, 36, 74, 59,
       90, 132, 248, 174, 180, 56, 233, 173, 88, 223, 179, 59, 160, 217,
       191, 255, 64, 27, 135, 247, 253, 20, 62, 79, 202, 179, 219, 251,
       125, 249, 162, 196, 130, 139, 221, 102, 200, 87, 148, 58, 70, 136,
       115, 174, 230, 20, 67, 96, 159, 90, 113, 204, 44, 174, 172, 212,
       237, 42, 210, 239, 245, 5, 227, 241, 122, 68, 205, 142, 220, 67,
       176, 191, 82, 190, 118, 47, 62, 124, 211, 96, 138, 112, 23, 206,
       76, 60, 190, 184, 105, 63, 238, 207, 37, 116, 250, 201, 200, 5,
       252, 36, 220, 114, 136, 109, 85, 223, 179, 183, 164, 25, 19, 247,
       75, 27, 1, 214, 109, 24, 58, 71, 218, 34, 219, 203, 117, 125, 226,
       241, 198, 34, 231, 180, 149, 18, 235, 237, 165, 203, 186, 215, 1,
       253, 132, 230, 74, 31, 135, 107, 98, 21, 55, 78, 218, 50, 140, 82,
       95, 126, 200, 69, 131, 213, 221, 46, 156, 182, 168, 56, 92, 138,
       250, 187, 171, 89, 207, 226, 219, 219, 131, 199, 108, 30, 60, 69,
       203, 34, 218, 251, 119, 61, 160, 241, 139, 0, 93, 69, 93, 103,
       148, 78, 71, 184, 101, 160, 235, 72, 83, 113, 25, 112, 48, 212,
       76, 106, 105, 177, 121, 46, 249, 239, 37, 20, 97, 243, 64, 32, 97,
       101, 16, 101, 21, 14, 102, 32, 104, 160, 106, 8, 214, 17, 16, 50,
       144, 68, 104, 108, 64, 240, 209, 12, 229, 188, 0, 0, 64, 34, 66,
       32, 212, 205, 30, 246, 154, 106, 70, 175, 180, 178, 166, 24, 119,
       115, 9, 83, 33, 246, 108, 226, 120, 197, 9, 46, 249, 227, 229, 21,
       32, 112, 204, 2, 96, 241, 17, 99, 153, 77, 80, 143, 127, 57, 41,
       88, 214, 51, 76, 52, 145, 30, 104, 48, 27, 120, 219, 21, 173, 220,
       21, 126, 208, 8, 194, 38, 144, 43, 90, 64, 82, 131, 59, 119, 49,
       4, 126, 239, 41, 135, 164, 20, 62, 185, 135, 200, 0, 154, 4, 79,
       118, 132, 32, 200, 103, 130, 39, 169, 244, 244, 253, 118, 233,
       244, 85, 142, 187, 191, 165, 56, 123, 255, 79, 59, 129, 247, 236,
       18, 46, 71, 234, 51, 219, 251, 117, 191, 160, 113, 198, 99, 253,
       188, 245, 69, 177, 127, 71, 191, 113, 226, 186, 88, 91, 53, 129,
       181, 23, 214, 100, 42, 249, 244, 249, 14, 41, 254, 69, 22, 227,
       248, 198, 52, 108, 245, 57, 107, 153, 77, 71, 168, 107, 53, 173,
       8, 210, 119, 72, 48, 145, 84, 104, 106, 75, 96, 251, 55, 239, 223,
       5, 126, 210, 51, 198, 34, 205, 80, 157, 103, 161, 110, 119, 152,
       123, 250, 103, 16, 222, 115, 9, 123, 145, 85, 124, 106, 49, 240,
       249, 64, 207, 251, 103, 6, 202, 115, 195, 51, 69, 245, 153, 103,
       240, 14, 103, 184, 104, 168, 107, 76, 215, 115, 9, 16, 144, 76,
       108, 110, 193, 176, 217, 14, 237, 190, 37, 4, 72, 243, 195, 33,
       248, 34, 218, 112, 10, 169, 81, 83, 161, 183, 164, 184, 19, 135,
       64, 27, 47, 176, 77, 24, 24, 79, 130, 0, 219, 193, 113, 121, 225,
       128, 134, 50, 77, 113, 145, 71, 97, 92, 54, 56, 105, 232, 35, 8,
       222, 18, 77, 190, 146, 84, 112, 106, 69, 112, 217, 64, 7, 184, 64,
       6, 74, 51, 75, 135, 100, 103, 57, 103, 112, 14, 71, 184, 96, 172,
       109, 72, 211, 83, 9, 16, 144, 76, 68, 106, 72, 242, 249, 14, 237,
       188, 37, 52, 64, 179, 70, 161, 244, 101, 149, 102, 139, 98, 7,
       168, 34, 178, 163, 8, 82, 119, 73, 251, 17, 212, 232, 226, 105,
       71, 251, 42, 185, 162, 69, 63, 160, 115, 6, 34, 112, 184, 255, 82,
       203, 253, 81, 215, 235, 27, 172, 24, 42, 247, 68, 190, 163, 178,
       236, 24, 27, 107, 178, 113, 155, 223, 84, 123, 227, 192, 206, 47,
       194, 170, 148, 186, 233, 172, 72, 215, 187, 59, 160, 89, 174, 235,
       80, 159, 165, 167, 125, 156, 58, 79, 202, 243, 154, 250, 85, 122,
       170, 192, 138, 11, 245, 78, 234, 55, 164, 42, 71, 138, 119, 238,
       231, 53, 67, 96, 159, 91, 113, 204, 44, 14, 236, 244, 237, 42,
