%YAML:1.0
---
descriptors: !!opencv-matrix
   rows: 368
   cols: 32
   dt: u
   data: [ 6, 149, 246, 239, 253, 63, 254, 233, 63, 163, 251, 2, 238,
       251, 60, 84, 255, 223, 127, 163, 184, 242, 249, 207, 191, 254,
       143, 150, 199, 234, 225, 131, 6, 164, 214, 239, 221, 111, 254,
       232, 63, 162, 251, 18, 206, 255, 60, 80, 127, 223, 238, 163, 56,
       247, 219, 223, 191, 190, 207, 63, 199, 107, 97, 130, 156, 212,
       126, 255, 44, 15, 127, 248, 164, 186, 247, 18, 247, 83, 25, 67,
       122, 228, 127, 234, 232, 245, 121, 188, 247, 235, 231, 148, 117,
       187, 113, 35, 8, 181, 152, 97, 193, 205, 53, 175, 59, 63, 44, 25,
       142, 55, 74, 18, 129, 31, 193, 16, 82, 88, 209, 23, 239, 215, 21,
       119, 192, 80, 135, 154, 158, 228, 150, 255, 221, 111, 250, 232,
       63, 162, 227, 19, 202, 255, 61, 89, 249, 221, 251, 243, 40, 247,
       219, 254, 191, 255, 207, 55, 195, 127, 117, 130, 220, 20, 190,
       247, 172, 46, 121, 24, 253, 250, 183, 16, 223, 119, 153, 123, 231,
       213, 125, 174, 168, 229, 251, 128, 215, 251, 227, 148, 164, 233,
       97, 113, 254, 228, 182, 190, 221, 79, 254, 232, 191, 166, 224, 11,
       206, 254, 31, 65, 249, 205, 251, 227, 104, 247, 219, 254, 191,
       254, 207, 31, 81, 127, 119, 194, 200, 188, 188, 243, 169, 189,
       117, 151, 251, 123, 180, 24, 190, 255, 64, 59, 135, 83, 253, 24,
       178, 77, 250, 243, 207, 219, 119, 250, 130, 80, 135, 91, 248, 237,
       182, 252, 157, 221, 86, 230, 159, 148, 168, 8, 174, 253, 103, 18,
       201, 243, 233, 64, 108, 107, 210, 191, 187, 215, 85, 59, 210, 124,
       102, 10, 198, 172, 246, 223, 237, 47, 252, 223, 127, 187, 247, 26,
       239, 235, 29, 91, 251, 239, 127, 152, 178, 255, 203, 247, 159,
       250, 223, 238, 151, 248, 241, 137, 130, 172, 246, 223, 236, 43,
       236, 207, 127, 179, 242, 154, 237, 238, 28, 105, 123, 239, 127,
       145, 178, 255, 207, 247, 30, 122, 223, 236, 197, 252, 243, 140,
       138, 188, 246, 255, 236, 171, 252, 223, 63, 179, 246, 187, 237,
       255, 20, 89, 255, 255, 255, 149, 186, 254, 207, 247, 222, 255,
       255, 202, 151, 220, 241, 217, 131, 188, 254, 255, 238, 171, 253,
       255, 191, 187, 246, 58, 254, 254, 244, 123, 255, 255, 127, 153,
       186, 255, 171, 243, 222, 186, 255, 202, 133, 232, 225, 137, 1,
       172, 255, 191, 252, 43, 237, 223, 190, 251, 250, 210, 247, 239,
       240, 106, 127, 239, 127, 156, 187, 251, 235, 63, 252, 175, 255,
       196, 165, 248, 241, 249, 84, 223, 29, 231, 180, 14, 79, 188, 52,
       234, 154, 96, 247, 119, 137, 112, 55, 246, 125, 106, 249, 144,
       105, 47, 233, 175, 101, 144, 32, 243, 128, 49, 131, 188, 255, 251,
       238, 175, 253, 255, 255, 123, 250, 58, 119, 252, 244, 123, 239,
       255, 127, 149, 178, 255, 235, 243, 159, 191, 255, 200, 133, 200,
       225, 217, 101, 103, 16, 71, 116, 31, 102, 184, 121, 168, 107, 76,
       211, 96, 29, 180, 148, 76, 64, 110, 197, 240, 217, 14, 38, 188, 5,
       4, 74, 179, 74, 4, 104, 180, 191, 112, 153, 237, 81, 71, 251, 53,
       44, 24, 182, 183, 64, 58, 129, 50, 104, 24, 26, 105, 242, 19, 219,
       223, 16, 123, 194, 64, 198, 106, 244, 101, 189, 118, 136, 110, 85,
       137, 178, 183, 167, 24, 215, 119, 73, 63, 17, 86, 104, 58, 57, 65,
       251, 32, 233, 170, 85, 116, 192, 113, 198, 98, 81, 48, 157, 101,
       32, 78, 101, 48, 96, 250, 166, 72, 215, 55, 0, 123, 34, 212, 124,
       40, 9, 208, 241, 8, 199, 235, 117, 16, 104, 224, 66, 57, 133, 166,
       220, 19, 164, 43, 103, 158, 118, 183, 111, 152, 215, 97, 218, 25,
       19, 78, 34, 30, 50, 252, 109, 50, 108, 142, 117, 100, 228, 249,
       192, 160, 246, 160, 236, 82, 75, 121, 81, 202, 163, 55, 164, 154,
       2, 229, 78, 27, 41, 214, 233, 16, 42, 103, 234, 49, 27, 131, 85,
       127, 225, 72, 206, 122, 86, 168, 221, 82, 168, 240, 85, 138, 171,
       191, 165, 184, 238, 247, 199, 59, 131, 115, 237, 146, 30, 73, 170,
       113, 155, 211, 117, 255, 130, 241, 134, 111, 69, 113, 17, 69, 17,
       78, 55, 32, 104, 232, 107, 8, 222, 17, 1, 48, 144, 84, 72, 106,
       65, 240, 241, 12, 165, 188, 1, 6, 72, 51, 67, 50, 85, 69, 127,
       103, 22, 78, 71, 56, 100, 32, 235, 64, 83, 113, 25, 112, 48, 212,
       72, 106, 73, 176, 89, 14, 247, 175, 1, 16, 96, 179, 64, 32, 252,
       69, 92, 103, 128, 74, 103, 168, 113, 162, 39, 8, 215, 115, 9, 115,
       50, 212, 104, 106, 104, 244, 217, 14, 229, 235, 69, 20, 104, 243,
       70, 34, 156, 213, 31, 103, 145, 15, 71, 184, 53, 166, 238, 0, 83,
       115, 9, 81, 49, 214, 104, 234, 104, 241, 89, 46, 249, 175, 69, 20,
       97, 115, 100, 34, 224, 136, 157, 254, 200, 201, 21, 135, 138, 23,
       224, 24, 182, 243, 96, 91, 193, 114, 106, 0, 114, 78, 202, 49,
       205, 163, 119, 121, 144, 72, 135, 42, 64, 172, 157, 251, 200, 237,
       69, 143, 158, 51, 40, 24, 182, 51, 64, 122, 129, 83, 106, 24, 51,
       104, 211, 115, 237, 150, 84, 120, 144, 88, 135, 42, 240, 205, 92,
       110, 168, 10, 87, 189, 224, 32, 166, 8, 247, 115, 0, 115, 2, 244,
       108, 106, 120, 233, 201, 45, 241, 233, 101, 16, 96, 186, 192, 40,
       209, 168, 158, 16, 138, 253, 57, 71, 234, 83, 164, 24, 183, 154,
       86, 123, 163, 163, 122, 153, 23, 79, 246, 113, 157, 139, 90, 121,
       200, 64, 139, 14, 209, 252, 158, 50, 232, 173, 85, 222, 178, 251,
       164, 29, 247, 243, 67, 27, 161, 231, 108, 28, 47, 111, 154, 51,
       217, 239, 117, 124, 232, 81, 138, 219, 145, 172, 189, 53, 180,
       107, 225, 175, 126, 243, 2, 16, 247, 40, 16, 43, 19, 103, 120, 57,
       49, 252, 109, 45, 201, 170, 117, 84, 228, 40, 215, 104, 253, 44,
       172, 182, 172, 109, 89, 158, 178, 243, 134, 25, 215, 245, 83, 59,
       129, 238, 125, 29, 58, 77, 251, 34, 217, 203, 253, 125, 160, 105,
       150, 106, 220, 52, 189, 118, 168, 124, 81, 18, 242, 254, 167, 56,
       223, 247, 65, 59, 167, 213, 236, 18, 41, 103, 187, 32, 219, 203,
       117, 60, 224, 241, 6, 115, 242, 174, 252, 94, 137, 96, 85, 239,
       187, 191, 164, 185, 102, 231, 70, 27, 131, 247, 237, 16, 58, 79,
       170, 115, 219, 210, 85, 191, 128, 96, 134, 107, 244, 174, 238, 82,
       172, 185, 69, 207, 187, 23, 165, 153, 99, 225, 206, 31, 11, 242,
       238, 24, 58, 111, 234, 51, 26, 219, 84, 121, 231, 200, 206, 38,
       69, 113, 148, 7, 34, 14, 47, 184, 108, 224, 99, 236, 222, 50, 137,
       244, 54, 77, 126, 99, 197, 208, 221, 76, 164, 50, 79, 6, 72, 51,
       11, 21, 108, 7, 241, 103, 177, 90, 102, 184, 49, 174, 255, 232,
       203, 103, 137, 82, 211, 212, 236, 106, 104, 208, 233, 14, 239,
       255, 37, 133, 98, 243, 70, 33, 80, 176, 185, 176, 138, 237, 81,
       19, 226, 81, 164, 24, 151, 147, 64, 90, 1, 147, 108, 16, 27, 105,
       210, 16, 217, 128, 112, 120, 232, 0, 7, 114, 120, 168, 95, 120,
       136, 233, 81, 87, 162, 17, 172, 9, 55, 147, 64, 58, 161, 166, 125,
       16, 26, 107, 130, 17, 219, 233, 112, 121, 224, 194, 206, 10, 240,
       168, 156, 180, 136, 105, 81, 31, 226, 243, 166, 56, 119, 177, 66,
       123, 1, 246, 108, 0, 56, 111, 203, 33, 217, 161, 117, 121, 160,
       168, 198, 42, 162, 253, 148, 62, 217, 237, 22, 175, 159, 27, 168,
       25, 174, 251, 69, 151, 129, 123, 234, 0, 118, 106, 90, 179, 175,
       214, 84, 59, 210, 93, 138, 143, 40, 189, 148, 61, 185, 237, 20,
       175, 27, 59, 40, 25, 174, 59, 66, 155, 129, 91, 235, 0, 54, 104,
       211, 179, 239, 215, 84, 123, 210, 92, 142, 26, 69, 116, 157, 103,
       33, 78, 119, 56, 120, 138, 99, 8, 222, 115, 9, 123, 178, 84, 120,
       106, 33, 208, 185, 44, 229, 251, 69, 6, 72, 115, 67, 35, 77, 112,
       157, 101, 1, 78, 114, 24, 120, 224, 38, 8, 214, 81, 65, 50, 144,
       124, 104, 106, 1, 240, 249, 10, 239, 255, 5, 20, 72, 50, 67, 34,
       129, 142, 159, 59, 164, 170, 109, 151, 118, 27, 114, 84, 243, 227,
       240, 121, 115, 110, 36, 28, 179, 220, 15, 49, 204, 170, 119, 192,
       248, 192, 225, 169, 108, 97, 8, 126, 105, 69, 87, 168, 163, 200,
       173, 8, 242, 215, 75, 16, 216, 200, 89, 106, 72, 67, 218, 61, 243,
