%YAML:1.0
---
descriptors: !!opencv-matrix
   rows: 139
   cols: 32
   dt: u
   data: [ 252, 120, 249, 235, 236, 15, 95, 216, 115, 186, 181, 8, 223,
       221, 89, 120, 223, 221, 127, 122, 171, 102, 251, 176, 255, 219,
       39, 124, 243, 187, 98, 163, 108, 103, 76, 39, 49, 27, 118, 168,
       33, 164, 239, 137, 203, 97, 11, 144, 24, 196, 236, 102, 76, 240,
       205, 14, 230, 247, 5, 53, 98, 255, 94, 2, 242, 174, 206, 82, 200,
       169, 80, 199, 171, 55, 164, 153, 35, 233, 70, 27, 201, 162, 235,
       20, 62, 111, 202, 51, 90, 131, 84, 123, 225, 72, 206, 10, 244,
       112, 188, 246, 140, 108, 65, 16, 227, 178, 135, 24, 215, 113, 73,
       59, 1, 212, 125, 122, 40, 71, 219, 0, 217, 131, 101, 112, 160,
       241, 86, 34, 216, 188, 189, 242, 169, 236, 93, 191, 187, 63, 150,
       56, 191, 191, 64, 123, 167, 87, 253, 16, 162, 77, 187, 241, 219,
       219, 126, 254, 130, 192, 135, 123, 240, 164, 252, 80, 136, 233,
       85, 215, 178, 63, 164, 153, 51, 167, 66, 27, 7, 178, 101, 24, 58,
       79, 130, 19, 219, 203, 116, 120, 224, 192, 198, 123, 191, 239,
       234, 30, 213, 255, 238, 238, 95, 230, 124, 159, 104, 236, 55, 36,
       249, 234, 179, 199, 230, 251, 190, 255, 63, 63, 135, 169, 215,
       127, 254, 212, 130, 159, 182, 154, 251, 247, 190, 231, 191, 79,
       218, 55, 236, 254, 38, 68, 247, 115, 255, 145, 182, 205, 42, 255,
       63, 118, 31, 195, 144, 84, 165, 223, 69, 113, 16, 69, 85, 14, 102,
       56, 104, 232, 107, 76, 222, 16, 9, 48, 144, 68, 64, 110, 193, 176,
       209, 12, 37, 188, 0, 6, 72, 51, 67, 130, 120, 168, 253, 112, 136,
       205, 89, 87, 162, 23, 164, 24, 51, 151, 64, 59, 1, 146, 93, 24,
       26, 79, 178, 49, 219, 201, 116, 121, 224, 128, 198, 42, 241, 140,
       149, 60, 152, 237, 0, 135, 246, 51, 162, 88, 247, 114, 0, 123,
       193, 183, 108, 16, 57, 79, 211, 55, 153, 162, 117, 80, 216, 72,
       130, 8, 69, 101, 145, 101, 32, 78, 238, 40, 104, 162, 107, 72,
       215, 49, 9, 50, 146, 85, 104, 106, 65, 240, 217, 8, 229, 190, 69,
       4, 72, 243, 3, 32, 124, 101, 104, 103, 17, 91, 86, 168, 49, 164,
       239, 137, 67, 97, 11, 18, 24, 212, 233, 98, 72, 242, 201, 14, 247,
       199, 5, 53, 99, 251, 78, 18, 237, 85, 53, 103, 185, 111, 71, 184,
       127, 234, 171, 8, 210, 113, 9, 115, 145, 68, 104, 106, 105, 240,
       121, 30, 237, 250, 69, 20, 88, 123, 192, 50, 240, 172, 142, 186,
       140, 237, 69, 207, 178, 19, 164, 24, 183, 243, 64, 27, 201, 242,
       125, 24, 58, 79, 218, 51, 217, 195, 117, 121, 136, 72, 218, 42, 5,
       117, 185, 71, 209, 95, 119, 184, 121, 232, 111, 8, 222, 119, 13,
       48, 149, 85, 112, 106, 193, 240, 249, 110, 111, 190, 5, 36, 200,
       115, 67, 240, 218, 188, 251, 184, 235, 248, 188, 215, 191, 95,
       222, 191, 44, 191, 118, 220, 167, 251, 255, 145, 182, 79, 178,
       243, 251, 119, 94, 235, 166, 84, 167, 95, 202, 190, 252, 241, 252,
       175, 125, 215, 187, 191, 186, 56, 189, 191, 196, 59, 167, 255,
       127, 16, 178, 95, 203, 255, 254, 223, 255, 246, 132, 224, 195,
       139, 154, 188, 254, 249, 251, 253, 253, 215, 191, 127, 252, 189,
       190, 191, 134, 57, 167, 187, 255, 16, 183, 79, 178, 243, 255, 255,
       125, 251, 206, 196, 135, 251, 124, 253, 127, 230, 253, 110, 127,
       248, 41, 170, 191, 8, 95, 127, 9, 50, 191, 247, 93, 106, 233, 183,
       249, 175, 247, 255, 37, 148, 102, 251, 198, 243, 253, 213, 125,
       231, 244, 126, 255, 188, 105, 234, 191, 40, 219, 125, 159, 54,
       159, 214, 253, 106, 249, 178, 249, 174, 247, 255, 229, 148, 103,
       251, 214, 241, 240, 168, 247, 112, 171, 233, 81, 71, 227, 55, 160,
       56, 43, 159, 68, 59, 171, 179, 125, 16, 58, 111, 162, 17, 155,
       216, 84, 123, 227, 192, 198, 43, 240, 140, 159, 124, 168, 104, 5,
       183, 178, 27, 162, 88, 247, 242, 0, 123, 1, 246, 108, 8, 57, 77,
       211, 39, 217, 162, 116, 88, 64, 96, 131, 40, 69, 97, 16, 101, 21,
       14, 102, 40, 112, 160, 107, 8, 215, 51, 9, 180, 24, 196, 104, 106,
       73, 176, 217, 14, 165, 174, 5, 4, 72, 51, 66, 32, 31, 117, 228, 7,
       146, 62, 111, 152, 113, 226, 111, 198, 93, 102, 159, 190, 55, 223,
       96, 254, 181, 208, 61, 106, 14, 111, 69, 4, 239, 247, 11, 84, 124,
       119, 104, 103, 17, 75, 87, 248, 49, 172, 239, 41, 67, 101, 11, 16,
       56, 220, 205, 98, 72, 178, 201, 14, 243, 229, 37, 53, 99, 59, 78,
       50, 69, 115, 16, 71, 116, 30, 102, 56, 104, 232, 123, 108, 222,
       16, 157, 180, 146, 76, 68, 110, 197, 176, 217, 76, 36, 188, 33, 4,
       74, 179, 75, 149, 252, 174, 140, 54, 136, 173, 87, 175, 178, 191,
       164, 25, 247, 227, 83, 27, 129, 230, 109, 22, 62, 77, 219, 35,
       249, 199, 117, 125, 224, 112, 202, 74, 233, 188, 149, 114, 169,
       253, 112, 135, 251, 123, 172, 24, 190, 245, 64, 190, 129, 54, 232,
       24, 55, 109, 186, 51, 139, 223, 85, 123, 202, 64, 207, 47, 252,
       253, 126, 231, 253, 110, 127, 250, 169, 170, 190, 8, 127, 255, 9,
       51, 191, 247, 127, 106, 104, 183, 249, 239, 251, 255, 103, 189,
       98, 251, 198, 179, 220, 92, 126, 238, 247, 110, 127, 254, 61, 202,
       254, 58, 127, 127, 1, 112, 247, 247, 253, 226, 232, 183, 57, 239,
       251, 255, 39, 135, 231, 243, 231, 115, 253, 93, 127, 103, 244,
       126, 127, 190, 125, 235, 254, 56, 95, 127, 157, 112, 191, 246,
       125, 106, 249, 180, 121, 238, 255, 255, 39, 132, 231, 243, 198,
       115, 240, 168, 190, 112, 234, 233, 81, 71, 251, 191, 164, 56, 38,
       147, 68, 27, 171, 179, 100, 16, 58, 111, 130, 83, 217, 146, 85,
       123, 193, 64, 199, 43, 204, 184, 149, 114, 169, 252, 16, 150, 187,
       91, 166, 24, 190, 215, 72, 251, 129, 87, 236, 16, 59, 77, 243, 97,
       203, 251, 84, 91, 130, 64, 135, 59, 242, 138, 158, 116, 170, 232,
       81, 7, 171, 151, 162, 56, 38, 167, 64, 91, 167, 247, 109, 0, 58,
       79, 130, 97, 153, 178, 84, 123, 192, 96, 166, 43, 101, 109, 177,
       71, 245, 78, 103, 176, 121, 224, 107, 8, 210, 113, 85, 182, 152,
       76, 114, 110, 193, 240, 249, 106, 109, 30, 69, 4, 200, 243, 66,
       160, 112, 168, 158, 242, 8, 169, 81, 71, 170, 21, 160, 25, 55,
       147, 64, 27, 129, 179, 125, 16, 26, 75, 130, 49, 217, 129, 122,
       121, 192, 0, 135, 10, 236, 252, 61, 99, 185, 79, 87, 184, 122,
       250, 39, 8, 215, 117, 73, 51, 145, 84, 108, 122, 97, 112, 249, 62,
       239, 219, 101, 118, 192, 51, 70, 35, 61, 81, 122, 110, 108, 87,
       95, 120, 197, 204, 245, 174, 91, 221, 187, 48, 94, 240, 215, 234,
       200, 35, 126, 141, 115, 233, 161, 153, 119, 187, 124, 243, 239,
       221, 233, 119, 180, 126, 127, 190, 125, 234, 126, 236, 251, 125,
       159, 116, 151, 198, 253, 111, 229, 176, 125, 238, 239, 127, 37,
       132, 206, 247, 218, 117, 239, 105, 229, 202, 236, 23, 254, 220,
       79, 252, 189, 198, 73, 206, 255, 254, 127, 203, 191, 255, 207, 99,
       239, 248, 62, 88, 199, 174, 255, 255, 250, 213, 201, 184, 157,
       112, 169, 252, 16, 158, 251, 91, 164, 24, 190, 215, 64, 251, 129,
       51, 236, 16, 51, 79, 250, 115, 219, 219, 116, 123, 138, 64, 15,
       59, 251, 190, 238, 58, 171, 241, 93, 223, 187, 255, 148, 189, 47,
       238, 246, 191, 135, 243, 253, 149, 190, 79, 174, 177, 218, 211,
       125, 251, 190, 212, 143, 95, 20, 229, 113, 106, 219, 67, 87, 232,
       35, 52, 173, 9, 76, 83, 73, 16, 51, 221, 65, 250, 66, 3, 171, 87,
       123, 140, 5, 109, 115, 51, 103, 226, 248, 172, 140, 55, 168, 172,
       85, 159, 178, 191, 164, 25, 247, 227, 66, 27, 129, 198, 109, 28,
       58, 79, 219, 51, 201, 227, 117, 121, 224, 64, 198, 74, 229, 117,
       1, 7, 84, 14, 103, 56, 124, 232, 107, 76, 211, 96, 29, 112, 156,
       76, 64, 110, 237, 176, 121, 14, 37, 62, 1, 4, 72, 187, 82, 244,
       192, 134, 159, 189, 186, 170, 41, 55, 180, 27, 66, 244, 245, 35,
       128, 75, 39, 54, 108, 28, 49, 205, 3, 31, 204, 163, 126, 192, 168,
       192, 129, 41, 192, 168, 151, 92, 104, 168, 65, 135, 251, 27, 162,
       120, 182, 179, 192, 127, 1, 246, 108, 24, 59, 79, 194, 113, 152,
