%YAML:1.0
---
descriptors: !!opencv-matrix
   rows: 399
   cols: 32
   dt: u
   data: [ 220, 84, 253, 247, 44, 46, 109, 152, 188, 186, 183, 112, 223,
       119, 153, 107, 183, 213, 125, 234, 169, 197, 235, 42, 192, 235,
       251, 148, 36, 251, 65, 33, 220, 20, 188, 247, 172, 44, 93, 25,
       250, 191, 183, 24, 223, 115, 203, 123, 135, 215, 124, 24, 185,
       101, 235, 0, 203, 251, 119, 212, 160, 225, 195, 33, 200, 188, 188,
       114, 169, 253, 85, 159, 251, 59, 180, 24, 190, 191, 66, 59, 133,
       87, 253, 16, 186, 109, 251, 243, 223, 219, 119, 126, 130, 81, 131,
       43, 230, 236, 148, 250, 237, 173, 220, 143, 159, 187, 177, 24,
       234, 249, 92, 27, 193, 115, 127, 18, 50, 110, 219, 243, 143, 218,
       213, 126, 146, 121, 210, 131, 226, 172, 246, 255, 254, 43, 236,
       207, 127, 179, 242, 154, 239, 234, 20, 88, 123, 239, 127, 144,
       176, 255, 207, 255, 158, 254, 93, 188, 213, 248, 211, 136, 126,
       237, 182, 252, 157, 221, 87, 231, 223, 148, 236, 9, 174, 255, 39,
       17, 201, 243, 251, 67, 104, 107, 122, 253, 251, 251, 199, 59, 82,
       124, 246, 98, 178, 172, 246, 223, 238, 43, 252, 255, 63, 179, 254,
       154, 77, 239, 52, 88, 127, 239, 127, 141, 176, 255, 207, 255, 190,
       255, 223, 236, 151, 252, 243, 137, 104, 180, 188, 250, 157, 253,
       85, 47, 83, 23, 172, 24, 191, 253, 74, 50, 201, 146, 233, 16, 26,
       106, 243, 147, 251, 223, 84, 123, 210, 88, 198, 106, 139, 188,
       254, 219, 236, 189, 249, 223, 255, 95, 246, 191, 189, 255, 246,
       125, 239, 243, 255, 157, 183, 127, 110, 243, 223, 223, 255, 234,
       159, 204, 245, 221, 108, 176, 188, 249, 237, 127, 81, 155, 83, 63,
       165, 24, 223, 61, 74, 58, 153, 22, 233, 24, 58, 106, 251, 17, 207,
       219, 81, 127, 210, 72, 198, 98, 84, 85, 61, 231, 184, 78, 79, 184,
       36, 170, 191, 64, 215, 119, 137, 114, 23, 212, 125, 106, 169, 145,
       249, 46, 233, 239, 37, 148, 160, 243, 4, 99, 232, 113, 189, 103,
       32, 78, 87, 56, 33, 234, 183, 8, 211, 55, 73, 59, 148, 212, 124,
       106, 105, 244, 249, 8, 231, 249, 101, 52, 64, 243, 70, 115, 205,
       94, 189, 247, 168, 44, 55, 190, 254, 250, 130, 84, 215, 119, 9,
       123, 151, 119, 125, 26, 161, 69, 219, 46, 233, 235, 127, 20, 136,
       113, 129, 35, 221, 60, 189, 247, 168, 110, 53, 158, 178, 251, 167,
       92, 215, 119, 9, 123, 133, 87, 125, 10, 57, 197, 251, 50, 221,
       235, 119, 48, 160, 113, 135, 51, 129, 140, 199, 249, 228, 171,
       100, 239, 126, 19, 98, 242, 183, 243, 32, 75, 107, 251, 106, 148,
       50, 252, 79, 115, 140, 138, 215, 64, 176, 216, 225, 136, 196, 180,
       189, 119, 168, 111, 85, 159, 183, 251, 171, 24, 215, 119, 73, 59,
       145, 214, 125, 26, 57, 228, 251, 34, 205, 247, 117, 20, 224, 113,
       134, 114, 213, 94, 157, 119, 160, 14, 103, 188, 124, 250, 162, 80,
       215, 115, 137, 123, 181, 70, 108, 110, 225, 229, 153, 46, 161,
       175, 103, 20, 72, 241, 3, 49, 100, 116, 149, 119, 168, 110, 71,
       152, 122, 250, 167, 24, 215, 115, 73, 59, 145, 84, 124, 122, 57,
       100, 249, 34, 203, 251, 117, 52, 192, 115, 198, 99, 108, 117, 185,
       103, 169, 111, 71, 140, 50, 250, 173, 8, 215, 119, 73, 54, 145,
       94, 125, 106, 105, 80, 249, 50, 237, 255, 69, 52, 192, 123, 198,
       98, 108, 237, 177, 103, 157, 79, 71, 172, 120, 234, 172, 8, 215,
       117, 73, 50, 153, 86, 125, 106, 105, 112, 249, 42, 237, 255, 69,
       52, 192, 123, 214, 242, 108, 97, 123, 103, 29, 94, 95, 56, 65,
       132, 239, 8, 251, 77, 28, 176, 216, 212, 233, 106, 72, 242, 249,
       13, 103, 253, 1, 17, 99, 187, 94, 226, 120, 189, 187, 112, 217,
       233, 85, 103, 243, 181, 172, 24, 54, 183, 64, 50, 129, 58, 104,
       24, 26, 107, 242, 37, 219, 207, 20, 123, 194, 64, 198, 106, 116,
       1, 66, 198, 84, 3, 226, 104, 109, 160, 235, 139, 194, 75, 41, 80,
       248, 212, 75, 226, 8, 179, 77, 204, 150, 36, 139, 23, 69, 43, 114,
       134, 253, 120, 221, 101, 160, 110, 71, 184, 112, 226, 166, 72, 87,
       55, 193, 59, 16, 212, 124, 106, 233, 245, 241, 10, 215, 235, 101,
       20, 104, 241, 66, 56, 249, 184, 255, 114, 171, 253, 81, 215, 243,
       123, 180, 56, 58, 252, 198, 63, 171, 242, 236, 24, 191, 111, 182,
       49, 219, 219, 84, 123, 235, 212, 206, 127, 193, 80, 157, 117, 32,
       78, 97, 16, 236, 216, 38, 68, 223, 23, 1, 123, 130, 116, 124, 72,
       1, 196, 243, 0, 197, 251, 112, 0, 8, 161, 1, 49, 65, 117, 53, 69,
       81, 78, 103, 56, 120, 168, 106, 72, 214, 49, 1, 180, 144, 84, 64,
       106, 97, 240, 249, 76, 37, 190, 5, 2, 72, 51, 67, 35, 248, 187,
       255, 112, 168, 233, 81, 87, 163, 21, 164, 24, 55, 135, 66, 27, 33,
       182, 109, 24, 10, 111, 178, 17, 91, 225, 112, 121, 227, 128, 198,
       122, 68, 49, 21, 101, 1, 74, 50, 32, 104, 224, 99, 8, 214, 55, 1,
       178, 144, 84, 96, 98, 65, 240, 241, 12, 5, 185, 65, 6, 72, 34, 70,
       34, 197, 46, 140, 23, 172, 42, 236, 158, 250, 254, 150, 253, 243,
       224, 215, 15, 1, 102, 108, 31, 181, 237, 239, 34, 44, 58, 245,
       144, 204, 252, 209, 93, 252, 36, 252, 118, 136, 109, 85, 187, 178,
       182, 164, 24, 83, 247, 75, 27, 1, 214, 109, 10, 56, 71, 250, 32,
       219, 195, 117, 61, 226, 240, 198, 34, 212, 48, 221, 119, 136, 106,
       101, 185, 34, 251, 163, 80, 215, 119, 201, 123, 1, 86, 108, 56,
       57, 208, 251, 0, 205, 162, 117, 20, 168, 241, 134, 48, 116, 180,
       149, 251, 141, 109, 69, 141, 95, 59, 169, 24, 214, 243, 76, 58,
       129, 211, 104, 16, 59, 106, 219, 51, 169, 158, 85, 126, 208, 90,
       198, 34, 85, 69, 93, 101, 22, 78, 71, 184, 100, 160, 171, 72, 87,
       115, 9, 113, 50, 212, 108, 106, 105, 161, 89, 12, 249, 175, 37,
       20, 97, 179, 64, 32, 236, 69, 124, 103, 168, 74, 95, 184, 112,
       178, 167, 8, 215, 119, 9, 123, 23, 212, 108, 106, 104, 228, 201,
       44, 229, 235, 101, 20, 96, 243, 68, 32, 156, 101, 221, 103, 146,
       110, 103, 184, 52, 162, 239, 0, 211, 115, 9, 112, 49, 220, 72,
       234, 105, 212, 121, 46, 233, 175, 5, 4, 160, 243, 228, 34, 224,
       141, 157, 254, 200, 205, 69, 175, 155, 55, 160, 24, 182, 179, 64,
       123, 129, 83, 104, 0, 114, 111, 219, 115, 189, 178, 84, 122, 208,
       72, 199, 42, 192, 140, 157, 255, 232, 237, 37, 175, 158, 51, 32,
       24, 182, 51, 64, 123, 129, 114, 106, 8, 51, 76, 219, 55, 237, 182,
       84, 120, 144, 88, 135, 42, 84, 132, 93, 99, 148, 111, 71, 189,
       118, 165, 171, 10, 83, 115, 8, 112, 49, 214, 76, 56, 56, 177, 121,
       31, 233, 207, 37, 20, 241, 218, 192, 34, 197, 116, 157, 87, 168,
       46, 38, 152, 122, 186, 43, 84, 220, 114, 201, 123, 151, 71, 124,
       58, 181, 212, 217, 66, 141, 186, 103, 22, 136, 115, 131, 5, 232,
       180, 188, 115, 169, 125, 21, 143, 91, 63, 173, 24, 174, 61, 78,
       59, 129, 18, 232, 16, 50, 109, 251, 19, 207, 211, 85, 127, 210,
       72, 206, 107, 77, 101, 48, 103, 49, 30, 118, 184, 121, 234, 127,
       40, 223, 123, 159, 176, 150, 76, 124, 110, 196, 240, 233, 14, 231,
       255, 37, 6, 66, 247, 67, 231, 208, 176, 185, 112, 136, 237, 81,
       19, 230, 81, 166, 24, 215, 179, 64, 123, 1, 151, 108, 8, 59, 109,
       179, 1, 217, 131, 113, 88, 224, 192, 135, 34, 129, 138, 79, 59,
       36, 170, 97, 151, 118, 19, 98, 208, 243, 65, 144, 121, 83, 46, 32,
       12, 27, 220, 109, 57, 204, 171, 118, 64, 252, 128, 208, 168, 5,
       112, 123, 65, 82, 90, 99, 48, 97, 64, 111, 40, 82, 22, 133, 52,
       48, 60, 64, 106, 65, 176, 177, 76, 103, 168, 0, 0, 97, 163, 70,
       164, 129, 138, 159, 155, 236, 169, 169, 199, 254, 19, 32, 208,
       149, 226, 240, 75, 99, 2, 106, 28, 51, 109, 14, 113, 204, 2, 126,
       104, 152, 200, 161, 160, 38, 93, 18, 190, 249, 205, 22, 224, 159,
       136, 233, 9, 230, 250, 37, 144, 200, 251, 202, 66, 110, 43, 90,
       191, 177, 246, 5, 59, 80, 123, 106, 134, 129, 170, 143, 153, 236,
       169, 233, 199, 254, 19, 98, 212, 181, 226, 240, 75, 67, 42, 106,
       28, 51, 92, 135, 115, 76, 130, 118, 104, 156, 192, 225, 168, 54,
