%YAML:1.0
---
descriptors: !!opencv-matrix
   rows: 65
   cols: 32
   dt: u
   data: [ 255, 180, 214, 80, 221, 255, 86, 203, 243, 255, 173, 26, 74,
       248, 78, 191, 217, 198, 238, 18, 62, 231, 255, 226, 63, 94, 213,
       127, 235, 125, 218, 198, 124, 101, 104, 103, 144, 75, 103, 168,
       53, 164, 239, 137, 195, 97, 11, 16, 88, 220, 73, 106, 104, 176,
       233, 14, 231, 231, 5, 21, 99, 187, 70, 98, 202, 188, 182, 244,
       243, 236, 61, 247, 187, 187, 54, 57, 188, 191, 68, 59, 167, 127,
       253, 145, 34, 221, 178, 239, 255, 223, 126, 226, 130, 80, 135,
       251, 68, 245, 149, 124, 89, 196, 23, 168, 186, 180, 45, 9, 236,
       247, 64, 18, 145, 117, 233, 98, 98, 67, 186, 31, 233, 183, 77, 63,
       0, 51, 135, 114, 208, 144, 255, 113, 162, 174, 121, 23, 54, 87,
       103, 181, 247, 7, 130, 89, 23, 62, 61, 28, 187, 220, 225, 9, 206,
       171, 112, 192, 162, 192, 132, 121, 218, 221, 191, 254, 147, 198,
       63, 246, 191, 238, 222, 3, 253, 255, 32, 80, 247, 247, 255, 227,
       105, 155, 57, 255, 249, 231, 47, 131, 50, 114, 165, 123, 237, 125,
       244, 103, 237, 31, 111, 184, 127, 238, 191, 76, 251, 105, 223,
       181, 92, 236, 126, 110, 201, 242, 253, 248, 246, 217, 229, 180,
       79, 255, 218, 245, 248, 188, 255, 116, 169, 252, 85, 215, 243, 83,
       164, 24, 59, 247, 192, 63, 47, 246, 252, 8, 43, 111, 178, 35, 219,
       203, 117, 59, 227, 208, 198, 122, 248, 156, 220, 126, 168, 110,
       84, 55, 240, 59, 166, 24, 115, 115, 2, 123, 1, 246, 108, 40, 56,
       109, 147, 15, 219, 235, 116, 81, 234, 224, 202, 10, 162, 188, 156,
       186, 232, 173, 21, 207, 154, 31, 168, 29, 182, 243, 70, 27, 133,
       123, 111, 16, 50, 75, 218, 115, 249, 150, 85, 122, 216, 80, 135,
       91, 60, 101, 121, 103, 209, 75, 71, 168, 53, 164, 239, 136, 195,
       101, 9, 16, 88, 220, 228, 98, 104, 178, 105, 14, 247, 231, 5, 21,
       99, 59, 70, 98, 65, 186, 179, 25, 140, 173, 160, 23, 238, 27, 162,
       92, 182, 144, 212, 47, 33, 42, 106, 29, 179, 109, 151, 81, 140,
       24, 82, 122, 200, 64, 131, 45, 92, 221, 190, 254, 185, 222, 119,
       247, 191, 202, 222, 32, 254, 247, 33, 114, 167, 119, 255, 106,
       113, 201, 187, 255, 251, 247, 103, 195, 130, 114, 173, 123, 193,
       172, 207, 113, 164, 238, 97, 23, 118, 91, 70, 84, 179, 241, 144,
       121, 33, 110, 60, 28, 187, 252, 183, 51, 204, 171, 116, 64, 232,
       192, 208, 40, 217, 172, 190, 54, 169, 253, 84, 151, 246, 211, 132,
       25, 191, 248, 82, 123, 163, 231, 124, 29, 190, 79, 254, 51, 219,
       235, 117, 121, 224, 84, 139, 74, 117, 96, 209, 103, 84, 74, 98,
       136, 122, 162, 105, 8, 215, 115, 73, 180, 49, 220, 64, 122, 9,
       176, 217, 10, 189, 172, 5, 36, 232, 115, 66, 34, 9, 217, 17, 75,
       81, 223, 103, 189, 100, 64, 110, 68, 255, 19, 128, 180, 16, 56,
       82, 106, 209, 184, 121, 61, 103, 253, 4, 64, 122, 146, 195, 186,
       165, 112, 57, 103, 77, 79, 193, 72, 104, 226, 37, 8, 210, 85, 73,
       59, 152, 124, 96, 106, 65, 246, 248, 8, 71, 153, 65, 54, 64, 59,
       70, 162, 248, 172, 255, 112, 139, 253, 84, 199, 243, 51, 164, 24,
       59, 255, 68, 59, 171, 243, 124, 16, 62, 111, 178, 35, 219, 219,
       84, 123, 227, 208, 198, 43, 248, 148, 223, 124, 168, 108, 80, 55,
       242, 19, 166, 24, 115, 179, 64, 123, 129, 214, 108, 0, 57, 111,
       147, 3, 219, 235, 116, 89, 224, 224, 206, 11, 60, 117, 121, 103,
       250, 75, 23, 232, 49, 172, 255, 40, 82, 117, 137, 52, 24, 220,
       228, 98, 104, 243, 233, 46, 115, 199, 37, 55, 99, 123, 70, 227,
       172, 53, 152, 97, 241, 111, 48, 23, 123, 251, 59, 121, 158, 57,
       64, 154, 135, 31, 228, 16, 53, 120, 217, 18, 206, 223, 53, 119,
       202, 201, 203, 147, 56, 217, 56, 216, 157, 213, 213, 229, 199, 29,
       164, 10, 58, 157, 102, 32, 200, 146, 147, 72, 90, 43, 50, 149,
       123, 201, 20, 123, 83, 8, 212, 106, 109, 71, 44, 7, 49, 30, 79,
       184, 101, 172, 239, 141, 195, 97, 159, 212, 84, 196, 236, 110,
       204, 176, 109, 12, 230, 255, 133, 21, 66, 191, 92, 68, 100, 177,
       157, 119, 137, 109, 20, 139, 170, 179, 169, 24, 214, 247, 72, 58,
       129, 87, 249, 16, 25, 67, 219, 48, 205, 215, 85, 126, 128, 113,
       134, 50, 245, 117, 153, 39, 203, 15, 87, 232, 17, 238, 163, 15,
       86, 125, 75, 27, 216, 204, 96, 102, 105, 246, 249, 42, 241, 194,
       69, 54, 105, 123, 82, 210, 77, 119, 57, 7, 244, 30, 103, 184, 121,
       236, 127, 108, 222, 112, 159, 180, 148, 76, 102, 110, 213, 240,
       249, 78, 38, 191, 37, 132, 74, 243, 195, 245, 62, 113, 97, 7, 87,
       91, 215, 232, 97, 228, 255, 171, 75, 92, 159, 52, 58, 204, 197,
       99, 76, 178, 237, 140, 54, 116, 133, 183, 103, 191, 86, 215, 254,
       247, 252, 230, 154, 66, 31, 248, 51, 182, 173, 168, 73, 231, 203,
       18, 55, 221, 237, 226, 104, 67, 235, 127, 251, 231, 173, 189, 39,
       243, 166, 115, 188, 103, 121, 71, 250, 91, 23, 232, 83, 164, 255,
       168, 67, 117, 141, 52, 30, 220, 196, 98, 104, 242, 233, 62, 119,
       199, 37, 183, 115, 251, 134, 225, 84, 32, 156, 102, 137, 108, 85,
       136, 170, 179, 171, 24, 215, 243, 73, 58, 145, 215, 108, 26, 24,
       65, 219, 0, 217, 247, 69, 62, 128, 115, 3, 34, 88, 175, 156, 126,
       170, 184, 85, 151, 226, 31, 174, 60, 247, 227, 194, 91, 35, 230,
       108, 24, 30, 73, 227, 51, 250, 227, 116, 89, 168, 192, 139, 9,
       109, 37, 225, 71, 244, 123, 239, 184, 121, 224, 127, 204, 219,
       108, 159, 180, 23, 76, 114, 110, 245, 240, 253, 238, 46, 62, 5,
       68, 198, 255, 82, 244, 74, 249, 51, 94, 81, 204, 51, 38, 173, 68,
       78, 8, 60, 183, 36, 116, 160, 127, 121, 65, 67, 153, 178, 111,
       115, 60, 24, 11, 2, 20, 7, 122, 43, 253, 49, 5, 113, 159, 190,
       182, 59, 224, 104, 204, 190, 28, 148, 180, 134, 110, 83, 77, 197,
       184, 240, 254, 39, 124, 0, 34, 74, 156, 11, 221, 92, 116, 157,
       230, 136, 78, 87, 184, 162, 178, 131, 8, 215, 119, 73, 123, 145,
       213, 125, 106, 105, 71, 219, 12, 249, 227, 109, 60, 32, 243, 3,
       34, 199, 180, 156, 178, 234, 173, 28, 255, 186, 123, 136, 253,
       220, 247, 74, 59, 167, 83, 253, 17, 183, 79, 218, 83, 253, 23,
       127, 252, 152, 80, 139, 27, 243, 52, 191, 176, 41, 237, 88, 67,
       187, 223, 161, 29, 142, 190, 70, 27, 167, 179, 253, 21, 63, 79,
       178, 210, 155, 215, 88, 251, 128, 68, 6, 87, 84, 96, 153, 230,
       168, 78, 71, 184, 32, 162, 175, 8, 87, 115, 73, 50, 16, 212, 124,
       106, 73, 7, 217, 8, 243, 231, 101, 60, 32, 243, 2, 34, 92, 96,
       157, 102, 136, 110, 71, 136, 98, 179, 171, 8, 215, 243, 73, 26,
       145, 212, 108, 50, 8, 67, 219, 0, 217, 231, 101, 60, 160, 115, 6,
       2, 100, 233, 156, 103, 152, 13, 67, 172, 226, 177, 168, 8, 247,
       115, 72, 50, 128, 86, 104, 80, 74, 107, 219, 49, 237, 129, 37,
       124, 208, 2, 66, 10, 101, 119, 149, 70, 237, 47, 198, 248, 27,
       170, 121, 76, 82, 245, 205, 182, 157, 92, 114, 110, 225, 242, 219,
       42, 63, 30, 101, 52, 75, 251, 194, 177, 108, 225, 165, 103, 188,
       66, 79, 168, 98, 224, 141, 40, 211, 119, 217, 54, 88, 220, 120,
       235, 89, 82, 237, 40, 237, 213, 141, 53, 6, 179, 214, 32, 53, 229,
       193, 66, 213, 63, 70, 200, 99, 160, 105, 72, 67, 232, 221, 180,
       25, 232, 68, 126, 143, 50, 252, 187, 59, 220, 5, 62, 235, 255, 82,
       132, 209, 176, 158, 242, 169, 252, 24, 7, 190, 27, 133, 24, 158,
       183, 72, 59, 131, 19, 125, 17, 51, 77, 210, 83, 155, 219, 90, 122,
       136, 64, 139, 51, 93, 221, 31, 238, 187, 206, 127, 246, 189, 234,
       254, 0, 255, 247, 33, 112, 183, 247, 127, 106, 97, 147, 185, 255,
       251, 255, 39, 130, 42, 115, 39, 123, 229, 120, 29, 70, 77, 79, 83,
       104, 105, 224, 35, 8, 82, 85, 69, 59, 144, 244, 64, 106, 65, 114,
       248, 8, 87, 153, 65, 58, 65, 59, 70, 163, 9, 217, 25, 105, 115,
       206, 103, 189, 100, 64, 110, 64, 255, 87, 0, 176, 22, 56, 82, 106,
       83, 184, 113, 61, 239, 237, 36, 64, 106, 130, 227, 185, 240, 156,
       151, 62, 137, 236, 68, 135, 163, 51, 162, 88, 110, 243, 64, 223,
