%YAML:1.0
---
descriptors: !!opencv-matrix
   rows: 150
   cols: 32
   dt: u
   data: [ 77, 68, 149, 165, 160, 14, 103, 184, 120, 234, 46, 68, 223,
       115, 202, 118, 149, 69, 108, 110, 225, 208, 249, 74, 236, 255,
       103, 4, 8, 243, 3, 113, 103, 231, 132, 7, 168, 27, 174, 184, 86,
       250, 159, 236, 193, 96, 223, 167, 93, 70, 124, 255, 229, 80, 207,
       122, 44, 54, 237, 180, 143, 247, 152, 21, 98, 205, 92, 254, 156,
       171, 78, 167, 207, 0, 138, 2, 247, 99, 52, 64, 67, 227, 75, 79,
       122, 137, 93, 255, 232, 190, 142, 24, 20, 219, 216, 8, 222, 180,
       151, 242, 137, 252, 20, 139, 187, 91, 129, 24, 206, 246, 72, 255,
       161, 83, 232, 16, 63, 77, 186, 227, 153, 211, 95, 127, 130, 69,
       175, 54, 229, 123, 149, 103, 164, 14, 102, 188, 112, 170, 178, 76,
       211, 113, 217, 59, 148, 68, 108, 110, 233, 244, 217, 40, 164, 249,
       101, 20, 72, 179, 66, 33, 180, 100, 121, 71, 86, 75, 67, 248, 84,
       164, 231, 10, 83, 85, 137, 49, 88, 220, 2, 106, 105, 182, 125, 28,
       117, 136, 1, 52, 117, 187, 86, 160, 86, 253, 156, 190, 139, 65,
       23, 232, 178, 190, 141, 41, 100, 247, 75, 19, 177, 213, 233, 243,
       78, 67, 138, 27, 249, 199, 77, 63, 176, 119, 47, 67, 117, 71, 69,
       103, 180, 10, 70, 184, 96, 160, 187, 232, 211, 97, 153, 114, 16,
       196, 108, 110, 233, 176, 77, 46, 168, 174, 37, 20, 108, 243, 82,
       32, 205, 112, 157, 101, 32, 14, 71, 152, 96, 250, 167, 76, 215,
       17, 73, 59, 144, 68, 108, 106, 233, 116, 249, 0, 229, 251, 101,
       52, 72, 243, 66, 49, 197, 172, 253, 87, 206, 107, 165, 175, 118,
       243, 34, 26, 211, 117, 200, 43, 51, 86, 104, 26, 49, 252, 239, 34,
       77, 138, 117, 100, 229, 249, 197, 168, 122, 173, 148, 186, 153,
       253, 86, 239, 187, 53, 168, 25, 46, 242, 64, 150, 129, 243, 233,
       17, 30, 75, 218, 179, 185, 215, 29, 123, 146, 68, 142, 14, 127,
       225, 224, 165, 191, 19, 30, 168, 7, 224, 155, 171, 207, 126, 219,
       226, 223, 213, 253, 247, 204, 2, 237, 156, 186, 119, 143, 247,
       183, 255, 25, 70, 197, 52, 188, 51, 141, 60, 85, 139, 250, 255,
       135, 28, 214, 112, 91, 59, 129, 70, 120, 31, 189, 101, 251, 32,
       201, 155, 85, 124, 200, 121, 219, 70, 252, 117, 157, 231, 136, 70,
       79, 184, 48, 250, 175, 8, 83, 119, 73, 123, 85, 212, 125, 234,
       105, 71, 249, 42, 241, 171, 229, 60, 32, 243, 6, 112, 254, 246,
       204, 178, 138, 115, 30, 136, 178, 246, 133, 191, 207, 110, 75, 27,
       23, 213, 237, 243, 110, 71, 207, 50, 250, 195, 237, 253, 164, 247,
       14, 83, 193, 188, 149, 16, 137, 236, 129, 143, 254, 115, 130, 92,
       190, 176, 196, 127, 129, 103, 120, 24, 179, 109, 247, 81, 157, 58,
       87, 122, 200, 64, 195, 60, 205, 188, 149, 85, 141, 126, 165, 159,
       250, 251, 38, 92, 210, 113, 212, 175, 1, 70, 120, 28, 177, 236,
       247, 99, 77, 58, 85, 84, 202, 232, 209, 60, 193, 184, 149, 21,
       169, 188, 32, 7, 255, 251, 162, 92, 190, 178, 196, 255, 129, 39,
       120, 25, 179, 109, 243, 81, 137, 250, 95, 126, 200, 68, 131, 44,
       196, 166, 185, 83, 176, 105, 101, 159, 126, 63, 39, 120, 211, 33,
       200, 110, 19, 94, 108, 24, 50, 124, 235, 51, 76, 158, 117, 116,
       208, 216, 197, 41, 76, 115, 81, 101, 50, 74, 115, 56, 45, 160,
       107, 232, 223, 87, 137, 246, 54, 21, 236, 98, 65, 144, 225, 76,
       197, 241, 35, 4, 34, 163, 7, 49, 5, 102, 157, 163, 228, 43, 175,
       152, 126, 178, 27, 72, 213, 99, 201, 43, 51, 76, 106, 126, 33,
       244, 237, 34, 204, 142, 103, 36, 132, 251, 1, 161, 253, 113, 157,
       103, 1, 78, 71, 184, 96, 234, 167, 72, 210, 49, 73, 59, 144, 84,
       124, 106, 201, 112, 249, 8, 225, 233, 101, 52, 72, 243, 66, 50,
       124, 175, 156, 50, 172, 63, 70, 156, 187, 191, 187, 93, 239, 235,
       75, 155, 145, 198, 236, 30, 62, 107, 203, 48, 186, 223, 117, 125,
       192, 243, 202, 1, 214, 244, 190, 182, 139, 100, 21, 238, 146, 246,
       133, 29, 102, 254, 75, 91, 129, 247, 249, 163, 124, 71, 186, 34,
       219, 227, 95, 63, 128, 117, 143, 82, 225, 180, 253, 80, 172, 253,
       80, 215, 251, 251, 180, 56, 50, 184, 214, 59, 137, 230, 124, 24,
       191, 111, 242, 34, 27, 219, 117, 122, 203, 72, 202, 15, 133, 87,
       221, 103, 176, 46, 103, 184, 124, 234, 107, 100, 215, 115, 137,
       113, 55, 78, 44, 110, 225, 208, 125, 46, 236, 174, 103, 4, 168,
       243, 193, 49, 246, 237, 188, 86, 141, 112, 86, 168, 211, 182, 133,
       24, 66, 248, 95, 191, 217, 214, 248, 106, 108, 67, 251, 170, 179,
       255, 197, 63, 162, 123, 222, 102, 92, 113, 120, 103, 19, 74, 55,
       184, 33, 164, 111, 173, 95, 87, 11, 16, 54, 213, 237, 226, 64,
       208, 217, 12, 247, 229, 37, 5, 99, 179, 7, 115, 249, 184, 252,
       112, 173, 253, 80, 87, 227, 255, 180, 28, 59, 184, 86, 187, 137,
       166, 252, 24, 159, 111, 246, 17, 219, 219, 117, 123, 235, 196,
       202, 95, 221, 188, 156, 118, 169, 44, 84, 151, 179, 179, 166, 24,
       95, 243, 64, 123, 133, 246, 124, 24, 58, 79, 219, 34, 219, 239,
       117, 124, 170, 240, 138, 26, 240, 168, 252, 112, 136, 233, 81,
       223, 178, 55, 164, 24, 55, 183, 64, 27, 1, 150, 109, 24, 58, 79,
       234, 49, 217, 195, 117, 121, 224, 192, 198, 42, 86, 243, 136, 166,
       155, 67, 23, 236, 34, 180, 141, 169, 68, 247, 75, 18, 183, 213,
       237, 243, 78, 67, 203, 56, 249, 135, 173, 191, 160, 115, 46, 83,
       248, 188, 156, 186, 137, 237, 84, 207, 179, 63, 164, 25, 183, 243,
       75, 27, 129, 243, 237, 16, 46, 79, 218, 51, 219, 211, 85, 61, 144,
       80, 142, 10, 249, 184, 156, 50, 139, 232, 80, 71, 226, 243, 164,
       25, 63, 179, 66, 59, 163, 247, 236, 16, 63, 79, 154, 49, 219, 195,
       116, 121, 232, 192, 138, 26, 221, 184, 149, 178, 141, 125, 64,
       143, 235, 243, 130, 88, 158, 176, 65, 191, 161, 199, 124, 17, 63,
       111, 155, 160, 152, 210, 93, 126, 136, 100, 147, 12, 252, 103,
       204, 167, 168, 75, 95, 188, 51, 174, 182, 173, 215, 103, 75, 19,
       21, 196, 237, 102, 108, 194, 201, 42, 238, 211, 229, 181, 32, 243,
       222, 83, 254, 127, 172, 167, 188, 122, 94, 184, 18, 246, 159, 237,
       211, 108, 91, 67, 213, 199, 253, 231, 237, 66, 237, 42, 236, 227,
       237, 181, 172, 255, 158, 82, 225, 160, 149, 112, 104, 237, 16, 11,
       171, 185, 176, 120, 158, 159, 68, 187, 135, 149, 124, 16, 19, 111,
       194, 80, 157, 152, 113, 254, 192, 0, 3, 11, 193, 188, 181, 85,
       141, 252, 165, 151, 251, 251, 134, 28, 154, 48, 214, 175, 129,
       102, 120, 29, 183, 109, 247, 193, 15, 123, 85, 118, 202, 108, 217,
       124, 200, 188, 183, 85, 137, 254, 181, 183, 254, 183, 102, 16,
       184, 183, 0, 255, 1, 54, 232, 24, 51, 253, 179, 101, 79, 187, 86,
       65, 194, 192, 199, 42, 93, 113, 89, 103, 17, 94, 123, 56, 97, 224,
       239, 8, 91, 87, 9, 244, 52, 148, 88, 234, 73, 146, 249, 12, 247,
       237, 1, 4, 107, 163, 106, 48, 108, 98, 236, 101, 168, 58, 94, 152,
       35, 182, 166, 136, 211, 39, 217, 63, 23, 212, 253, 110, 72, 70,
       233, 136, 231, 251, 229, 181, 166, 247, 94, 96, 100, 175, 204, 54,
       184, 169, 86, 140, 179, 189, 188, 169, 231, 235, 203, 26, 147,
       198, 108, 94, 30, 99, 203, 50, 250, 215, 101, 125, 224, 243, 202,
       66, 224, 190, 191, 80, 232, 233, 181, 215, 250, 191, 176, 56, 182,
       188, 196, 59, 131, 119, 110, 16, 183, 111, 226, 49, 93, 155, 117,
       123, 192, 88, 199, 171, 84, 113, 88, 101, 18, 74, 126, 56, 33,
       160, 247, 233, 91, 23, 9, 16, 54, 213, 221, 226, 72, 208, 201, 12,
       247, 229, 33, 133, 105, 179, 14, 19, 44, 165, 200, 98, 221, 121,
       70, 207, 3, 181, 44, 137, 3, 225, 90, 20, 25, 202, 194, 92, 94,
       58, 200, 50, 127, 221, 5, 125, 227, 218, 222, 194, 216, 184, 154,
       116, 137, 44, 80, 151, 179, 179, 166, 24, 63, 243, 64, 26, 161,
       246, 124, 24, 58, 79, 147, 34, 219, 239, 117, 121, 170, 224, 138,
       10, 103, 32, 236, 80, 236, 253, 240, 194, 235, 243, 165, 29, 18,
       140, 214, 59, 137, 132, 122, 28, 151, 103, 254, 80, 31, 24, 81,
