%YAML:1.0
---
descriptors: !!opencv-matrix
   rows: 244
   cols: 32
   dt: u
   data: [ 100, 117, 57, 111, 93, 79, 71, 184, 116, 228, 107, 8, 210,
       117, 9, 48, 216, 84, 80, 106, 73, 176, 121, 14, 229, 191, 5, 52,
       64, 59, 86, 242, 108, 101, 57, 111, 29, 79, 71, 168, 82, 164, 173,
       8, 211, 119, 73, 48, 152, 220, 121, 106, 73, 98, 251, 60, 237,
       221, 5, 60, 80, 59, 70, 98, 108, 229, 153, 122, 137, 77, 87, 168,
       162, 151, 173, 24, 114, 247, 74, 18, 153, 210, 233, 114, 90, 99,
       250, 49, 251, 219, 69, 125, 208, 115, 206, 98, 124, 97, 120, 103,
       13, 79, 91, 56, 65, 164, 229, 8, 211, 61, 29, 48, 88, 212, 217,
       106, 72, 178, 121, 12, 231, 233, 129, 21, 99, 187, 94, 34, 253,
       188, 253, 118, 169, 125, 85, 222, 243, 251, 180, 24, 155, 185,
       198, 63, 137, 214, 236, 8, 175, 111, 254, 35, 219, 219, 85, 63,
       235, 212, 206, 127, 100, 180, 188, 115, 184, 109, 85, 159, 59,
       191, 172, 24, 151, 53, 72, 26, 129, 82, 109, 16, 58, 106, 251, 49,
       239, 215, 117, 125, 208, 201, 198, 35, 252, 52, 189, 114, 168,
       108, 81, 24, 178, 191, 167, 56, 87, 247, 73, 59, 19, 212, 108, 26,
       58, 71, 234, 2, 217, 195, 117, 61, 226, 227, 6, 99, 120, 184, 185,
       112, 153, 237, 81, 87, 251, 61, 172, 24, 54, 183, 64, 56, 129,
       178, 104, 24, 26, 107, 178, 17, 219, 223, 16, 123, 194, 64, 198,
       107, 209, 159, 29, 103, 176, 14, 71, 189, 224, 170, 190, 68, 247,
       115, 128, 115, 20, 198, 124, 110, 249, 137, 153, 47, 226, 171,
       101, 16, 104, 243, 194, 41, 249, 186, 220, 50, 168, 141, 93, 191,
       163, 127, 180, 189, 63, 247, 194, 27, 135, 247, 253, 20, 190, 79,
       202, 49, 218, 195, 117, 249, 170, 196, 142, 91, 233, 174, 148, 58,
       233, 189, 100, 223, 115, 27, 112, 93, 47, 227, 64, 153, 129, 170,
       102, 12, 118, 126, 202, 51, 222, 219, 117, 104, 234, 212, 202,
       137, 221, 39, 144, 178, 168, 60, 88, 27, 251, 191, 171, 93, 207,
       226, 203, 219, 131, 199, 108, 28, 190, 65, 203, 2, 154, 243, 119,
       125, 128, 229, 139, 5, 83, 123, 83, 161, 50, 154, 58, 55, 41, 76,
       90, 229, 173, 6, 130, 212, 166, 189, 204, 101, 197, 154, 132, 204,
       180, 244, 42, 130, 44, 6, 11, 93, 244, 101, 117, 70, 158, 75, 199,
       232, 80, 166, 169, 10, 83, 117, 0, 178, 25, 212, 64, 106, 105,
       163, 233, 46, 57, 174, 5, 52, 97, 123, 86, 96, 224, 188, 156, 218,
       204, 237, 71, 142, 218, 51, 173, 24, 246, 243, 72, 122, 193, 82,
       106, 90, 51, 111, 250, 51, 253, 178, 21, 120, 216, 91, 199, 42,
       252, 52, 149, 114, 169, 44, 84, 154, 178, 187, 177, 120, 223, 251,
       73, 187, 141, 214, 236, 18, 58, 103, 202, 34, 219, 219, 117, 62,
       226, 113, 194, 35, 5, 5, 4, 135, 212, 14, 238, 184, 124, 128, 75,
       70, 213, 98, 25, 65, 112, 76, 106, 238, 225, 144, 93, 110, 36, 46,
       135, 4, 40, 59, 97, 144, 120, 187, 216, 32, 162, 168, 80, 23, 34,
       173, 188, 237, 55, 131, 194, 16, 182, 167, 229, 16, 30, 11, 194,
       1, 218, 133, 37, 249, 168, 130, 138, 155, 252, 44, 156, 114, 168,
       237, 85, 223, 179, 191, 172, 25, 55, 243, 67, 27, 129, 246, 237,
       16, 58, 79, 218, 50, 219, 195, 117, 121, 226, 240, 206, 10, 193,
       152, 189, 95, 136, 237, 149, 175, 222, 83, 160, 24, 246, 244, 4,
       107, 129, 114, 104, 0, 51, 109, 123, 49, 205, 186, 84, 58, 216,
       88, 197, 62, 192, 172, 157, 255, 200, 237, 5, 175, 158, 23, 32,
       24, 182, 243, 64, 91, 129, 114, 106, 8, 50, 108, 250, 51, 205,
       163, 86, 56, 144, 88, 135, 170, 126, 165, 128, 166, 219, 82, 86,
       204, 19, 183, 141, 11, 78, 171, 74, 150, 209, 207, 233, 243, 60,
       67, 203, 162, 250, 69, 205, 63, 162, 119, 158, 2, 117, 69, 125,
       109, 30, 79, 71, 184, 100, 160, 170, 8, 211, 51, 1, 112, 18, 212,
       88, 106, 40, 176, 121, 30, 237, 175, 5, 20, 48, 186, 64, 32, 76,
       113, 121, 103, 50, 78, 63, 184, 56, 100, 111, 173, 223, 7, 139,
       16, 150, 93, 205, 110, 193, 144, 249, 78, 231, 253, 33, 4, 64,
       179, 7, 113, 109, 119, 57, 101, 53, 31, 118, 56, 121, 232, 127,
       77, 222, 61, 159, 176, 148, 68, 220, 110, 197, 240, 249, 12, 231,
       255, 33, 150, 74, 183, 66, 119, 80, 184, 188, 58, 168, 236, 17,
       199, 226, 123, 160, 24, 183, 243, 66, 123, 129, 51, 108, 17, 59,
       111, 218, 49, 217, 131, 118, 120, 232, 64, 135, 11, 248, 168, 157,
       54, 173, 236, 84, 155, 179, 211, 164, 25, 119, 243, 66, 59, 201,
       230, 125, 24, 62, 79, 218, 33, 219, 235, 117, 121, 160, 192, 222,
       66, 220, 188, 188, 54, 168, 111, 81, 191, 246, 251, 134, 24, 247,
       113, 66, 59, 129, 246, 124, 17, 57, 237, 219, 36, 217, 195, 117,
       84, 232, 96, 129, 43, 210, 170, 148, 176, 139, 168, 16, 135, 171,
       179, 128, 121, 174, 162, 64, 155, 163, 247, 236, 17, 62, 79, 130,
       225, 152, 242, 93, 123, 128, 68, 139, 15, 124, 97, 10, 110, 25,
       68, 95, 104, 161, 192, 237, 9, 82, 243, 43, 18, 216, 228, 121,
       238, 72, 195, 218, 14, 243, 255, 129, 29, 8, 51, 106, 2, 124, 52,
       185, 114, 202, 108, 85, 159, 243, 191, 173, 24, 95, 247, 73, 58,
       3, 214, 108, 16, 26, 99, 250, 34, 219, 215, 117, 125, 226, 241,
       198, 34, 240, 40, 252, 112, 170, 233, 81, 83, 179, 191, 164, 57,
       23, 183, 64, 27, 35, 182, 109, 16, 58, 111, 130, 49, 219, 195,
       113, 125, 224, 192, 70, 99, 76, 112, 157, 113, 105, 109, 49, 0,
       235, 219, 37, 8, 158, 149, 73, 58, 128, 93, 96, 16, 3, 112, 242,
       0, 71, 217, 80, 47, 192, 51, 71, 163, 248, 60, 243, 86, 171, 248,
       81, 87, 179, 183, 164, 56, 46, 247, 64, 190, 39, 246, 236, 16, 58,
       79, 162, 99, 155, 243, 85, 59, 226, 192, 134, 107, 194, 190, 148,
       178, 137, 233, 20, 143, 187, 63, 136, 61, 174, 178, 66, 159, 129,
       83, 232, 17, 54, 73, 202, 51, 168, 210, 93, 123, 144, 84, 143, 15,
       216, 182, 156, 48, 169, 45, 20, 143, 186, 63, 164, 57, 143, 163,
       74, 27, 135, 147, 237, 16, 58, 79, 202, 19, 219, 211, 117, 127,
       160, 64, 143, 11, 145, 14, 201, 37, 48, 42, 107, 51, 116, 35, 106,
       208, 211, 35, 145, 112, 51, 238, 44, 60, 185, 188, 69, 30, 228,
       174, 48, 0, 236, 224, 64, 32, 241, 252, 245, 114, 169, 253, 84,
       247, 251, 123, 180, 120, 58, 254, 196, 63, 135, 246, 108, 16, 191,
       111, 234, 178, 219, 218, 117, 187, 235, 208, 198, 127, 213, 221,
       31, 102, 170, 78, 71, 188, 224, 242, 163, 72, 119, 115, 137, 115,
       34, 244, 124, 106, 105, 69, 187, 44, 241, 235, 101, 20, 104, 242,
       194, 49, 252, 125, 253, 118, 168, 108, 71, 221, 178, 158, 173, 24,
       119, 247, 73, 59, 17, 246, 108, 122, 105, 99, 250, 42, 251, 239,
       101, 56, 224, 243, 198, 34, 248, 176, 253, 116, 40, 205, 81, 59,
       178, 255, 164, 24, 55, 183, 64, 31, 5, 150, 109, 8, 122, 107, 242,
       1, 219, 235, 117, 56, 224, 192, 70, 251, 221, 102, 200, 71, 148,
       62, 74, 152, 113, 174, 175, 84, 75, 98, 159, 254, 49, 196, 76,
       254, 172, 212, 205, 42, 174, 239, 37, 21, 234, 247, 74, 4, 65, 49,
       17, 101, 1, 79, 119, 32, 104, 192, 106, 8, 214, 49, 0, 50, 144,
       84, 104, 106, 65, 240, 209, 8, 229, 184, 4, 18, 72, 50, 67, 34,
       226, 174, 204, 90, 233, 185, 224, 207, 187, 55, 164, 185, 35, 225,
       198, 159, 73, 162, 235, 24, 58, 111, 206, 49, 30, 211, 85, 121,
       227, 200, 206, 142, 221, 39, 156, 50, 168, 60, 80, 137, 251, 187,
       171, 89, 207, 226, 203, 219, 131, 207, 108, 30, 190, 71, 203, 34,
       154, 251, 119, 125, 128, 247, 139, 1, 83, 123, 3, 165, 114, 142,
       42, 117, 41, 200, 74, 237, 61, 6, 130, 144, 166, 173, 92, 229,
       197, 153, 133, 79, 180, 228, 42, 128, 44, 134, 11, 93, 252, 68,
       220, 118, 168, 106, 93, 186, 176, 178, 166, 24, 215, 115, 9, 91,
       3, 215, 109, 42, 104, 101, 203, 42, 209, 235, 117, 21, 224, 241,
       202, 34, 208, 172, 253, 117, 168, 170, 93, 15, 254, 183, 162, 16,
       247, 43, 16, 123, 135, 87, 108, 8, 56, 237, 227, 3, 201, 171, 117,
       80, 192, 192, 135, 40, 220, 140, 30, 247, 144, 102, 87, 168, 52,
