%YAML:1.0
---
descriptors: !!opencv-matrix
   rows: 285
   cols: 32
   dt: u
   data: [ 125, 71, 77, 103, 180, 10, 79, 184, 96, 168, 171, 204, 83, 97,
       153, 51, 16, 196, 108, 110, 233, 224, 205, 44, 224, 235, 101, 20,
       104, 243, 82, 32, 5, 95, 91, 103, 176, 46, 111, 188, 116, 234,
       127, 100, 213, 115, 153, 112, 119, 126, 60, 110, 225, 144, 121,
       46, 236, 175, 39, 132, 44, 243, 225, 49, 236, 112, 189, 99, 45,
       127, 83, 152, 83, 250, 165, 24, 211, 85, 79, 59, 153, 212, 124,
       122, 41, 102, 249, 0, 207, 219, 101, 61, 194, 251, 86, 115, 29,
       253, 89, 239, 180, 47, 79, 188, 52, 234, 126, 100, 247, 115, 137,
       112, 95, 222, 29, 122, 249, 176, 121, 63, 233, 239, 167, 132, 168,
       243, 192, 57, 252, 189, 253, 118, 168, 109, 87, 189, 162, 190,
       173, 24, 83, 231, 72, 27, 5, 214, 109, 42, 120, 71, 250, 58, 251,
       203, 101, 60, 225, 243, 198, 99, 232, 189, 188, 254, 221, 237, 85,
       231, 223, 87, 172, 24, 190, 255, 38, 81, 201, 59, 251, 0, 122,
       107, 242, 183, 235, 223, 84, 123, 210, 76, 198, 202, 69, 39, 144,
       39, 176, 62, 110, 152, 120, 170, 123, 64, 207, 98, 203, 250, 151,
       69, 108, 126, 180, 240, 201, 74, 172, 254, 103, 68, 128, 243, 203,
       5, 120, 40, 254, 112, 139, 249, 81, 87, 226, 247, 164, 24, 59,
       149, 194, 187, 33, 178, 236, 24, 26, 107, 162, 16, 219, 201, 113,
       121, 227, 192, 206, 106, 198, 236, 246, 159, 253, 45, 254, 239,
       255, 187, 250, 27, 238, 254, 93, 203, 255, 255, 255, 131, 252,
       255, 203, 239, 190, 254, 223, 203, 198, 253, 225, 159, 69, 113,
       17, 69, 65, 14, 98, 16, 104, 232, 107, 76, 214, 16, 9, 48, 148,
       68, 96, 110, 193, 176, 217, 8, 37, 184, 1, 4, 72, 51, 67, 33, 22,
       245, 246, 239, 190, 15, 254, 248, 125, 170, 251, 35, 207, 127, 29,
       0, 255, 221, 255, 227, 232, 243, 201, 238, 190, 254, 143, 134,
       103, 255, 231, 211, 125, 71, 93, 101, 176, 14, 71, 184, 96, 168,
       175, 76, 83, 97, 145, 114, 20, 68, 108, 110, 233, 161, 89, 14,
       232, 239, 37, 20, 104, 242, 66, 33, 205, 116, 157, 103, 9, 126,
       97, 24, 123, 250, 165, 24, 218, 85, 73, 59, 145, 84, 104, 122, 33,
       100, 251, 0, 71, 219, 69, 52, 194, 115, 70, 34, 156, 224, 252,
       247, 168, 11, 223, 184, 238, 178, 183, 144, 223, 111, 25, 75, 239,
       213, 127, 235, 232, 229, 75, 121, 206, 235, 239, 148, 196, 243,
       35, 1, 28, 189, 185, 114, 155, 237, 17, 207, 179, 21, 173, 24, 30,
       247, 76, 60, 161, 155, 200, 16, 18, 107, 186, 119, 91, 197, 21,
       127, 227, 65, 167, 226, 253, 113, 157, 103, 40, 78, 71, 152, 96,
       242, 167, 8, 215, 81, 73, 59, 144, 212, 124, 106, 105, 100, 249,
       0, 227, 249, 101, 52, 106, 179, 194, 33, 237, 113, 157, 103, 32,
       78, 71, 188, 97, 250, 166, 76, 211, 113, 73, 51, 16, 212, 124,
       106, 201, 96, 249, 40, 227, 249, 101, 20, 104, 179, 66, 49, 216,
       180, 189, 248, 169, 237, 89, 95, 179, 95, 180, 24, 191, 183, 64,
       59, 133, 179, 253, 24, 59, 111, 242, 19, 219, 219, 116, 248, 226,
       192, 134, 123, 248, 188, 252, 120, 169, 253, 81, 151, 251, 123,
       180, 24, 191, 191, 68, 123, 133, 247, 253, 16, 187, 111, 242, 179,
       219, 251, 116, 123, 210, 72, 199, 123, 232, 253, 188, 251, 173,
       253, 85, 191, 127, 59, 180, 24, 191, 59, 72, 59, 137, 82, 253, 88,
       122, 108, 243, 179, 239, 219, 84, 123, 210, 88, 198, 43, 178, 236,
       182, 255, 253, 166, 220, 255, 191, 187, 240, 18, 235, 255, 20, 27,
       237, 231, 127, 129, 186, 239, 219, 255, 191, 254, 223, 154, 195,
       124, 242, 10, 250, 188, 180, 250, 189, 189, 84, 255, 223, 123,
       180, 24, 250, 249, 116, 123, 201, 255, 255, 16, 186, 111, 251,
       247, 251, 223, 213, 126, 146, 220, 210, 138, 248, 188, 180, 250,
       173, 253, 213, 215, 255, 251, 180, 24, 190, 253, 64, 59, 205, 250,
       253, 17, 186, 111, 250, 179, 219, 219, 87, 123, 210, 76, 198, 123,
       236, 181, 188, 97, 160, 111, 117, 31, 123, 59, 47, 24, 223, 63,
       72, 59, 149, 22, 125, 56, 186, 244, 249, 2, 207, 223, 117, 116,
       192, 192, 198, 51, 28, 189, 24, 175, 180, 175, 127, 191, 46, 169,
       254, 1, 247, 127, 24, 64, 118, 127, 95, 127, 26, 184, 73, 63, 239,
       237, 175, 212, 164, 250, 129, 219, 220, 216, 127, 231, 36, 78,
       127, 188, 52, 170, 246, 112, 247, 87, 136, 115, 118, 244, 125,
       106, 233, 212, 121, 46, 247, 235, 103, 144, 32, 179, 4, 51, 20,
       159, 123, 239, 180, 143, 127, 189, 44, 168, 222, 32, 247, 119,
       128, 80, 118, 255, 93, 107, 248, 185, 73, 61, 233, 237, 47, 208,
       36, 186, 133, 115, 60, 77, 18, 174, 93, 87, 86, 232, 133, 128,
       233, 9, 110, 217, 41, 144, 216, 248, 194, 98, 76, 163, 26, 174,
       179, 245, 5, 27, 83, 63, 126, 138, 242, 172, 150, 186, 137, 173,
       20, 207, 155, 19, 160, 25, 166, 226, 96, 159, 137, 243, 232, 17,
       62, 79, 218, 51, 152, 210, 93, 123, 208, 92, 139, 14, 197, 38,
       133, 147, 172, 45, 230, 156, 122, 250, 3, 92, 214, 224, 93, 171,
       145, 70, 120, 127, 181, 116, 223, 34, 172, 26, 125, 116, 136, 123,
       211, 20, 244, 188, 253, 114, 138, 233, 85, 223, 179, 183, 172, 57,
       23, 247, 64, 27, 35, 214, 109, 16, 58, 79, 186, 50, 219, 195, 117,
       125, 224, 192, 134, 106, 253, 253, 220, 127, 169, 15, 87, 188,
       243, 186, 173, 28, 223, 115, 75, 19, 147, 198, 108, 106, 120, 103,
       219, 63, 251, 251, 101, 28, 106, 243, 202, 3, 248, 174, 222, 122,
       138, 233, 81, 215, 179, 23, 164, 185, 55, 231, 66, 27, 35, 178,
       109, 16, 58, 79, 162, 51, 219, 199, 116, 121, 162, 192, 134, 106,
       69, 117, 145, 69, 17, 14, 102, 56, 104, 200, 107, 76, 214, 113, 9,
       50, 144, 68, 104, 106, 193, 240, 241, 12, 165, 188, 1, 4, 72, 51,
       67, 32, 45, 103, 16, 5, 116, 31, 230, 56, 104, 168, 123, 76, 214,
       64, 157, 180, 144, 76, 68, 110, 192, 176, 73, 14, 36, 60, 33, 4,
       72, 187, 91, 133, 252, 50, 255, 96, 34, 75, 65, 89, 32, 190, 167,
       56, 83, 87, 200, 59, 54, 212, 68, 58, 56, 231, 160, 0, 91, 201,
       37, 100, 97, 162, 70, 97, 116, 49, 24, 96, 8, 13, 81, 16, 98, 168,
       165, 12, 23, 19, 74, 18, 128, 148, 72, 74, 10, 99, 216, 0, 195,
       137, 1, 60, 72, 2, 66, 34, 248, 188, 158, 50, 168, 173, 80, 215,
       179, 191, 164, 29, 63, 243, 66, 27, 129, 243, 237, 20, 58, 79,
       218, 51, 219, 203, 117, 121, 232, 192, 202, 10, 205, 117, 149,
       103, 241, 127, 119, 184, 121, 234, 111, 8, 222, 113, 9, 181, 145,
       92, 104, 106, 225, 240, 249, 46, 231, 255, 69, 6, 202, 115, 67,
       51, 125, 93, 125, 103, 180, 78, 79, 184, 97, 234, 191, 108, 87,
       119, 137, 112, 86, 212, 92, 106, 233, 145, 121, 46, 227, 239, 37,
       148, 104, 243, 64, 49, 93, 221, 125, 231, 176, 78, 79, 188, 116,
       234, 255, 96, 215, 119, 137, 112, 22, 214, 93, 106, 233, 144, 121,
       62, 225, 239, 37, 148, 32, 243, 192, 49, 236, 48, 189, 99, 173,
       109, 83, 152, 91, 251, 165, 24, 223, 93, 75, 59, 145, 208, 253,
       58, 43, 102, 251, 18, 207, 219, 69, 125, 194, 123, 70, 243, 148,
       236, 255, 255, 254, 235, 255, 254, 190, 183, 251, 154, 247, 239,
       89, 91, 255, 247, 127, 147, 186, 255, 235, 123, 253, 163, 255,
       212, 164, 249, 165, 233, 172, 180, 189, 123, 173, 125, 81, 153,
       127, 127, 165, 24, 222, 125, 72, 58, 153, 27, 255, 16, 58, 102,
       251, 147, 207, 223, 81, 127, 210, 75, 198, 242, 246, 237, 246,
       223, 237, 59, 238, 239, 191, 178, 251, 26, 239, 234, 29, 205, 255,
       239, 255, 163, 240, 231, 203, 250, 190, 254, 223, 159, 151, 253,
       235, 132, 104, 180, 188, 250, 189, 253, 81, 47, 255, 63, 173, 24,
       190, 253, 74, 59, 129, 147, 249, 16, 58, 106, 251, 151, 207, 223,
       80, 127, 210, 72, 199, 106, 238, 228, 246, 255, 253, 171, 254,
       254, 191, 178, 251, 58, 207, 235, 189, 67, 255, 239, 127, 163,
       232, 247, 203, 255, 190, 254, 207, 158, 151, 255, 227, 129, 232,
       253, 182, 252, 157, 205, 85, 231, 223, 87, 172, 24, 174, 191, 36,
       18, 201, 179, 251, 0, 122, 107, 242, 255, 251, 255, 214, 59, 82,
