%YAML:1.0
---
descriptors: !!opencv-matrix
   rows: 310
   cols: 32
   dt: u
   data: [ 54, 172, 246, 159, 254, 171, 126, 239, 191, 179, 218, 147, 76,
       238, 36, 91, 255, 255, 127, 17, 50, 219, 203, 255, 188, 190, 223,
       246, 181, 120, 211, 137, 237, 112, 189, 99, 13, 111, 83, 152, 107,
       254, 39, 8, 214, 85, 73, 59, 145, 84, 124, 122, 169, 100, 251, 0,
       199, 219, 101, 52, 194, 123, 70, 115, 84, 87, 125, 231, 180, 78,
       79, 184, 36, 170, 255, 104, 215, 119, 137, 112, 86, 212, 125, 106,
       233, 144, 249, 46, 229, 239, 37, 148, 32, 179, 68, 49, 205, 113,
       61, 103, 32, 78, 71, 184, 120, 234, 167, 76, 214, 117, 25, 51,
       148, 84, 124, 106, 225, 240, 249, 8, 231, 251, 101, 20, 72, 179,
       66, 113, 205, 112, 189, 103, 9, 78, 87, 152, 113, 250, 167, 24,
       223, 19, 73, 58, 145, 212, 124, 106, 105, 116, 249, 0, 195, 255,
       69, 22, 74, 115, 66, 114, 221, 156, 189, 186, 168, 108, 21, 154,
       250, 251, 163, 92, 247, 247, 73, 123, 165, 87, 125, 18, 171, 69,
       251, 50, 221, 235, 119, 60, 152, 113, 131, 115, 236, 124, 189, 99,
       136, 111, 71, 152, 122, 186, 39, 24, 215, 119, 73, 59, 145, 84,
       124, 122, 49, 100, 249, 34, 239, 251, 101, 116, 192, 243, 198,
       114, 236, 253, 181, 103, 169, 79, 71, 172, 58, 234, 170, 8, 214,
       117, 73, 51, 145, 86, 120, 106, 105, 80, 249, 59, 237, 191, 69,
       52, 64, 115, 198, 114, 120, 173, 255, 112, 153, 233, 81, 231, 179,
       53, 172, 56, 55, 183, 64, 50, 1, 178, 109, 24, 26, 107, 226, 55,
       219, 207, 116, 123, 226, 64, 198, 106, 108, 101, 185, 103, 189,
       79, 71, 168, 112, 234, 175, 8, 243, 117, 9, 50, 152, 84, 88, 106,
       105, 242, 249, 46, 229, 255, 69, 52, 64, 123, 86, 114, 124, 165,
       152, 122, 137, 109, 87, 200, 179, 191, 173, 25, 82, 243, 74, 18,
       153, 210, 233, 114, 74, 99, 250, 51, 251, 223, 69, 125, 210, 115,
       206, 66, 124, 229, 121, 111, 93, 94, 95, 184, 81, 160, 237, 9,
       211, 125, 25, 176, 88, 220, 241, 106, 104, 242, 249, 46, 111, 237,
       133, 21, 99, 187, 94, 66, 108, 160, 57, 105, 9, 77, 83, 136, 66,
       180, 165, 8, 215, 85, 73, 50, 217, 16, 64, 122, 10, 98, 251, 17,
       203, 201, 1, 125, 82, 43, 70, 226, 249, 190, 158, 56, 168, 253,
       88, 215, 163, 127, 180, 253, 63, 191, 66, 155, 135, 179, 253, 20,
       190, 79, 226, 49, 219, 195, 117, 251, 162, 196, 142, 91, 210, 172,
       213, 176, 232, 169, 88, 143, 187, 187, 144, 249, 175, 251, 80, 27,
       135, 247, 125, 21, 62, 79, 202, 51, 154, 210, 125, 254, 164, 192,
       131, 9, 240, 186, 249, 112, 42, 200, 81, 215, 162, 63, 164, 56,
       55, 151, 64, 27, 1, 182, 109, 24, 27, 79, 178, 17, 219, 225, 113,
       121, 224, 128, 198, 123, 252, 32, 220, 118, 136, 109, 85, 250,
       162, 182, 165, 24, 83, 247, 75, 27, 9, 214, 109, 10, 56, 103, 218,
       32, 219, 203, 117, 61, 227, 241, 198, 34, 82, 225, 146, 160, 137,
       64, 21, 239, 171, 53, 136, 9, 142, 151, 106, 86, 161, 91, 233,
       209, 90, 75, 154, 245, 185, 212, 31, 127, 128, 22, 167, 106, 221,
       38, 158, 176, 184, 60, 88, 146, 242, 187, 163, 121, 159, 162, 203,
       219, 167, 199, 108, 20, 62, 69, 139, 34, 218, 243, 127, 253, 168,
       241, 139, 1, 236, 69, 125, 103, 168, 106, 95, 184, 113, 178, 175,
       8, 215, 119, 9, 123, 19, 212, 104, 106, 104, 240, 89, 46, 229,
       235, 69, 20, 96, 243, 196, 32, 224, 140, 157, 252, 137, 237, 65,
       142, 155, 55, 160, 24, 182, 179, 68, 123, 129, 211, 104, 16, 51,
       111, 211, 113, 153, 178, 84, 123, 208, 88, 197, 42, 197, 253, 157,
       119, 145, 110, 87, 168, 122, 250, 47, 8, 254, 115, 73, 59, 145,
       86, 104, 122, 99, 224, 251, 47, 239, 191, 69, 22, 200, 115, 67,
       50, 120, 197, 93, 111, 154, 75, 71, 189, 100, 160, 170, 8, 243,
       113, 8, 112, 18, 246, 108, 106, 104, 168, 121, 61, 233, 237, 37,
       20, 112, 186, 192, 40, 76, 96, 120, 99, 34, 26, 127, 152, 57, 228,
       39, 169, 223, 87, 203, 18, 22, 93, 253, 110, 0, 208, 249, 42, 231,
       221, 37, 180, 98, 179, 7, 115, 77, 101, 113, 103, 177, 30, 118,
       184, 121, 232, 127, 105, 223, 121, 157, 180, 182, 76, 252, 110,
       196, 240, 233, 14, 231, 253, 1, 6, 66, 247, 67, 231, 124, 172,
       255, 114, 138, 233, 85, 206, 178, 183, 172, 184, 55, 247, 65, 27,
       33, 247, 237, 16, 58, 75, 170, 33, 219, 195, 117, 121, 224, 81,
       134, 106, 52, 205, 150, 158, 217, 199, 134, 232, 158, 134, 233, 9,
       102, 240, 41, 208, 217, 235, 106, 98, 104, 99, 26, 126, 185, 182,
       71, 31, 80, 123, 172, 130, 36, 85, 18, 190, 221, 199, 134, 232,
       159, 140, 233, 9, 70, 240, 45, 144, 216, 248, 98, 98, 76, 163, 26,
       46, 185, 180, 7, 63, 81, 123, 110, 130, 129, 174, 159, 153, 236,
       169, 97, 135, 254, 19, 96, 208, 181, 226, 224, 107, 99, 42, 106,
       28, 51, 92, 135, 115, 204, 130, 118, 104, 152, 192, 131, 168, 129,
       174, 155, 153, 236, 169, 108, 135, 254, 19, 96, 208, 181, 226,
       240, 75, 99, 106, 106, 28, 51, 92, 134, 115, 204, 130, 254, 104,
       152, 192, 161, 136, 129, 142, 207, 121, 180, 170, 101, 151, 118,
       3, 106, 244, 243, 96, 144, 113, 19, 46, 44, 28, 187, 252, 13, 63,
       204, 170, 53, 64, 236, 192, 208, 40, 240, 44, 190, 116, 136, 236,
       85, 151, 178, 183, 166, 24, 55, 183, 64, 27, 1, 246, 109, 24, 58,
       111, 178, 34, 217, 131, 117, 57, 224, 208, 198, 106, 205, 92, 157,
       119, 160, 110, 103, 184, 120, 250, 163, 80, 215, 115, 9, 123, 145,
       86, 124, 42, 113, 196, 217, 42, 229, 175, 101, 20, 200, 241, 131,
       49, 205, 189, 189, 115, 168, 110, 119, 188, 127, 251, 171, 24,
       215, 119, 73, 123, 145, 87, 124, 122, 49, 216, 251, 38, 237, 251,
       101, 84, 200, 115, 135, 51, 108, 229, 185, 115, 201, 109, 87, 168,
       115, 183, 173, 24, 214, 117, 73, 58, 153, 80, 96, 122, 58, 98,
       251, 51, 239, 223, 69, 127, 210, 123, 198, 98, 69, 113, 17, 69,
       49, 78, 102, 56, 120, 136, 107, 76, 222, 81, 9, 180, 148, 92, 80,
       106, 193, 240, 217, 14, 37, 188, 5, 6, 72, 51, 67, 177, 108, 101,
       57, 71, 149, 79, 71, 168, 85, 168, 175, 8, 210, 117, 73, 52, 216,
       220, 120, 106, 105, 242, 249, 46, 239, 221, 5, 52, 82, 251, 86,
       98, 60, 229, 56, 106, 221, 93, 87, 232, 87, 164, 173, 10, 91, 249,
       107, 16, 217, 208, 203, 122, 106, 99, 91, 191, 251, 207, 5, 125,
       115, 59, 126, 130, 60, 101, 57, 111, 221, 79, 71, 168, 81, 164,
       237, 8, 211, 117, 29, 48, 88, 220, 80, 106, 104, 242, 249, 14,
       111, 255, 133, 53, 115, 187, 86, 226, 242, 62, 255, 84, 168, 232,
       80, 87, 235, 123, 176, 120, 50, 254, 196, 59, 135, 247, 108, 16,
       187, 111, 226, 97, 155, 186, 116, 187, 193, 64, 198, 63, 219, 170,
       182, 176, 169, 172, 88, 215, 187, 59, 128, 89, 191, 255, 64, 59,
       167, 183, 125, 21, 190, 79, 130, 177, 219, 251, 124, 250, 162,
       196, 131, 11, 240, 184, 254, 112, 170, 233, 81, 87, 162, 127, 164,
       185, 55, 151, 66, 27, 7, 179, 205, 16, 58, 79, 178, 19, 219, 131,
       112, 121, 224, 192, 70, 123, 213, 78, 200, 71, 20, 62, 70, 154,
       115, 174, 230, 86, 67, 96, 151, 254, 113, 196, 44, 174, 172, 244,
       237, 42, 146, 239, 181, 21, 235, 243, 104, 4, 241, 151, 92, 76,
       184, 31, 86, 191, 87, 41, 190, 124, 115, 112, 142, 241, 151, 198,
       76, 104, 255, 40, 121, 63, 122, 255, 37, 118, 122, 234, 200, 5,
       101, 49, 57, 103, 33, 79, 119, 56, 104, 232, 47, 8, 214, 87, 9,
       48, 144, 84, 124, 106, 201, 240, 249, 8, 231, 253, 33, 20, 64, 51,
       70, 115, 228, 180, 149, 243, 173, 45, 71, 136, 127, 59, 161, 88,
       214, 113, 76, 27, 145, 210, 108, 50, 59, 102, 219, 49, 137, 218,
       69, 126, 208, 89, 194, 35, 85, 141, 93, 103, 152, 106, 71, 188,
       228, 160, 170, 8, 87, 115, 9, 115, 34, 214, 108, 106, 121, 169,
       89, 44, 233, 168, 101, 84, 96, 243, 192, 32, 116, 69, 220, 103,
       160, 74, 79, 168, 112, 162, 174, 8, 215, 99, 9, 115, 51, 212, 104,
       106, 104, 240, 201, 10, 229, 239, 69, 21, 96, 243, 198, 32, 246,
