%YAML:1.0
---
descriptors: !!opencv-matrix
   rows: 264
   cols: 32
   dt: u
   data: [ 192, 172, 157, 249, 168, 237, 37, 143, 158, 51, 32, 24, 182,
       183, 72, 59, 129, 19, 106, 24, 50, 108, 211, 51, 205, 146, 84,
       120, 144, 72, 135, 42, 224, 140, 157, 254, 137, 237, 21, 143, 154,
       23, 168, 24, 182, 247, 96, 91, 129, 115, 105, 0, 50, 111, 218,
       115, 217, 178, 80, 59, 144, 72, 199, 42, 236, 112, 189, 97, 32,
       111, 83, 152, 98, 190, 39, 8, 215, 87, 73, 59, 145, 84, 124, 122,
       9, 116, 249, 8, 207, 219, 101, 52, 192, 251, 70, 115, 108, 100,
       189, 103, 165, 111, 71, 168, 113, 174, 174, 8, 211, 113, 25, 49,
       153, 196, 108, 106, 104, 240, 249, 46, 239, 223, 69, 53, 194, 123,
       86, 34, 236, 101, 189, 103, 173, 107, 87, 168, 83, 174, 173, 56,
       210, 113, 73, 27, 153, 84, 108, 114, 104, 118, 233, 42, 239, 211,
       69, 55, 194, 123, 214, 34, 89, 125, 159, 100, 169, 76, 23, 55,
       236, 202, 174, 8, 255, 51, 1, 114, 162, 247, 124, 106, 73, 43,
       176, 12, 241, 239, 102, 26, 72, 114, 3, 59, 85, 125, 29, 103, 176,
       78, 71, 188, 96, 170, 171, 72, 247, 113, 137, 51, 50, 246, 108,
       106, 105, 225, 185, 44, 225, 235, 101, 20, 104, 243, 195, 33, 124,
       224, 185, 99, 184, 75, 67, 136, 122, 243, 37, 8, 211, 119, 73, 58,
       145, 92, 108, 122, 59, 116, 249, 50, 239, 223, 37, 116, 240, 59,
       70, 35, 36, 96, 49, 103, 28, 79, 71, 184, 116, 36, 231, 8, 211,
       85, 9, 48, 152, 220, 88, 106, 73, 178, 249, 46, 229, 156, 1, 52,
       64, 59, 70, 98, 193, 56, 157, 113, 161, 236, 113, 23, 58, 123, 38,
       24, 158, 55, 64, 122, 129, 23, 120, 24, 51, 220, 179, 2, 205, 187,
       80, 80, 200, 64, 131, 58, 204, 100, 124, 103, 98, 26, 127, 56, 57,
       160, 127, 169, 223, 55, 137, 53, 54, 213, 245, 110, 96, 212, 233,
       78, 231, 251, 97, 133, 98, 179, 15, 35, 209, 128, 189, 59, 169,
       253, 80, 143, 207, 119, 164, 24, 183, 146, 74, 123, 131, 3, 104,
       28, 63, 109, 251, 49, 139, 219, 84, 125, 208, 72, 129, 110, 84,
       205, 89, 103, 150, 207, 71, 188, 118, 165, 235, 8, 211, 115, 8,
       112, 49, 214, 76, 122, 120, 184, 121, 63, 233, 175, 37, 84, 112,
       155, 196, 42, 77, 85, 61, 101, 52, 78, 103, 56, 104, 232, 127, 64,
       214, 119, 137, 115, 148, 84, 124, 106, 225, 176, 121, 76, 229,
       249, 37, 4, 72, 179, 71, 49, 56, 113, 114, 104, 53, 77, 91, 80,
       41, 12, 253, 9, 31, 29, 18, 48, 158, 177, 213, 106, 200, 163, 112,
       140, 243, 249, 32, 177, 66, 142, 70, 35, 84, 93, 61, 231, 48, 78,
       79, 184, 36, 232, 255, 64, 247, 119, 137, 114, 22, 212, 125, 106,
       105, 144, 249, 46, 229, 175, 101, 148, 32, 243, 4, 115, 108, 112,
       185, 101, 37, 111, 115, 24, 107, 238, 39, 8, 214, 21, 73, 58, 145,
       84, 120, 122, 129, 244, 249, 8, 207, 217, 69, 52, 192, 123, 70,
       115, 201, 184, 156, 113, 161, 236, 113, 23, 250, 123, 38, 24, 190,
       51, 64, 58, 129, 22, 120, 24, 51, 124, 179, 2, 207, 251, 80, 112,
       200, 64, 203, 43, 36, 103, 21, 103, 116, 79, 230, 188, 121, 168,
       123, 72, 214, 109, 29, 176, 152, 221, 100, 106, 201, 240, 217,
       110, 165, 182, 5, 20, 64, 51, 70, 176, 116, 100, 200, 38, 200,
       106, 71, 136, 51, 166, 167, 137, 83, 99, 75, 91, 112, 196, 105,
       234, 104, 71, 217, 40, 241, 163, 69, 29, 162, 243, 70, 98, 117,
       77, 95, 103, 148, 78, 71, 184, 100, 160, 234, 64, 83, 113, 25,
       112, 48, 196, 72, 106, 105, 176, 89, 46, 241, 174, 37, 20, 105,
       179, 192, 32, 252, 77, 220, 119, 168, 74, 87, 168, 241, 178, 167,
       8, 223, 115, 1, 91, 3, 212, 108, 106, 104, 193, 201, 44, 227, 235,
       101, 21, 96, 243, 206, 34, 4, 117, 53, 71, 16, 15, 71, 184, 22,
       160, 107, 76, 211, 101, 73, 48, 21, 92, 106, 106, 201, 240, 121,
       30, 237, 156, 5, 52, 72, 187, 68, 176, 192, 172, 157, 251, 168,
       237, 21, 143, 158, 19, 32, 24, 182, 247, 64, 91, 129, 115, 106,
       24, 50, 78, 218, 51, 205, 146, 86, 120, 208, 72, 135, 170, 209,
       168, 189, 122, 136, 173, 80, 143, 238, 51, 160, 24, 246, 216, 72,
       123, 129, 19, 104, 16, 30, 109, 219, 49, 217, 250, 85, 122, 208,
       64, 131, 42, 116, 69, 92, 111, 24, 11, 71, 184, 100, 36, 175, 8,
       211, 115, 9, 83, 50, 244, 108, 106, 104, 161, 121, 61, 241, 171,
       101, 20, 112, 187, 68, 32, 76, 113, 185, 103, 112, 78, 127, 184,
       112, 236, 127, 9, 223, 95, 11, 48, 54, 221, 100, 234, 200, 240,
       249, 108, 239, 237, 37, 4, 98, 179, 7, 243, 108, 224, 189, 103,
       101, 75, 87, 168, 115, 178, 167, 8, 210, 113, 77, 182, 153, 84,
       104, 106, 72, 240, 233, 8, 239, 223, 69, 55, 194, 250, 86, 34, 84,
       109, 187, 102, 152, 78, 87, 152, 49, 228, 175, 9, 215, 119, 73,
       26, 49, 212, 125, 122, 8, 210, 249, 42, 251, 239, 5, 52, 224, 243,
       38, 114, 100, 113, 56, 111, 60, 79, 87, 184, 10, 188, 173, 8, 215,
       87, 11, 16, 216, 80, 93, 106, 74, 34, 251, 31, 225, 157, 37, 60,
       80, 187, 70, 227, 208, 140, 175, 255, 149, 98, 109, 167, 117, 147,
       230, 18, 243, 111, 48, 107, 121, 230, 56, 136, 56, 255, 105, 174,
       233, 235, 215, 1, 161, 120, 244, 42, 116, 245, 57, 227, 184, 79,
       87, 184, 42, 180, 173, 8, 215, 85, 75, 16, 151, 220, 125, 122, 74,
       114, 249, 31, 239, 141, 37, 116, 80, 187, 6, 98, 252, 48, 191,
       240, 171, 104, 81, 67, 171, 155, 181, 56, 31, 189, 64, 59, 171,
       183, 253, 17, 24, 103, 178, 128, 211, 243, 88, 59, 226, 104, 134,
       99, 80, 217, 155, 110, 152, 72, 23, 165, 160, 141, 238, 40, 119,
       247, 0, 114, 160, 247, 108, 96, 89, 11, 186, 41, 249, 229, 36, 9,
       160, 114, 167, 107, 248, 80, 127, 116, 34, 202, 81, 48, 224, 90,
       166, 48, 127, 31, 1, 123, 162, 181, 125, 226, 105, 197, 49, 12,
       211, 235, 112, 17, 97, 145, 102, 59, 196, 108, 156, 117, 137, 46,
       69, 134, 226, 178, 162, 24, 215, 51, 65, 27, 129, 116, 104, 10,
       40, 101, 209, 42, 237, 235, 85, 20, 192, 112, 66, 34, 116, 36,
       157, 246, 136, 44, 69, 139, 178, 179, 169, 24, 215, 243, 73, 26,
       129, 215, 108, 26, 24, 71, 219, 2, 217, 199, 117, 60, 224, 113,
       130, 34, 96, 33, 89, 101, 16, 78, 67, 48, 96, 160, 239, 8, 215,
       51, 0, 16, 16, 212, 108, 104, 8, 240, 209, 12, 199, 237, 33, 16,
       96, 162, 66, 34, 109, 181, 217, 67, 240, 78, 99, 152, 114, 232,
       111, 72, 83, 87, 201, 52, 21, 92, 80, 122, 147, 208, 249, 10, 111,
       141, 37, 100, 235, 163, 66, 177, 244, 248, 255, 96, 8, 79, 67,
       216, 226, 184, 164, 8, 87, 213, 73, 50, 48, 244, 108, 122, 73,
       103, 184, 40, 209, 137, 37, 52, 96, 179, 70, 35, 232, 167, 152,
       113, 185, 169, 20, 143, 59, 63, 44, 57, 142, 163, 74, 26, 135, 27,
       237, 16, 114, 104, 203, 51, 239, 215, 53, 127, 208, 80, 143, 11,
       100, 229, 177, 67, 217, 79, 71, 168, 115, 180, 173, 8, 210, 117,
       77, 54, 153, 84, 96, 122, 74, 98, 251, 50, 109, 156, 5, 126, 194,
       123, 70, 34, 44, 125, 49, 71, 85, 79, 71, 184, 112, 232, 42, 8,
       210, 85, 1, 180, 144, 92, 72, 106, 73, 240, 249, 62, 165, 156, 5,
       52, 66, 59, 70, 32, 120, 176, 187, 112, 43, 237, 17, 82, 171, 61,
       164, 56, 30, 151, 64, 58, 165, 148, 236, 16, 18, 107, 178, 17,
       219, 221, 48, 123, 194, 0, 71, 99, 253, 120, 223, 118, 10, 76, 69,
       181, 241, 146, 166, 88, 119, 115, 1, 123, 34, 244, 108, 106, 105,
       71, 187, 32, 209, 235, 117, 24, 104, 176, 194, 58, 100, 97, 56,
       110, 76, 79, 87, 232, 66, 164, 173, 8, 210, 81, 73, 48, 88, 208,
       66, 106, 72, 98, 251, 29, 103, 137, 5, 61, 81, 59, 70, 34, 252,
       116, 255, 116, 42, 104, 69, 156, 177, 186, 166, 56, 87, 247, 193,
       59, 55, 244, 108, 106, 105, 71, 171, 8, 211, 235, 101, 28, 96,
       241, 70, 33, 205, 207, 117, 71, 188, 11, 111, 184, 126, 246, 63,
       192, 219, 97, 159, 87, 23, 68, 110, 126, 224, 244, 109, 126, 110,
       30, 101, 84, 86, 247, 197, 97, 124, 113, 185, 102, 41, 93, 87,
       152, 107, 168, 191, 72, 223, 117, 73, 50, 148, 212, 236, 122, 136,
       35, 251, 32, 219, 221, 37, 63, 194, 179, 70, 35, 124, 105, 203,
