%YAML:1.0
---
descriptors: !!opencv-matrix
   rows: 312
   cols: 32
   dt: u
   data: [ 108, 165, 189, 115, 137, 109, 87, 136, 51, 55, 173, 24, 214,
       119, 72, 58, 153, 82, 104, 90, 58, 98, 251, 51, 239, 223, 69, 127,
       192, 115, 198, 98, 120, 168, 255, 112, 138, 232, 81, 87, 163, 21,
       164, 56, 55, 183, 64, 27, 35, 178, 109, 16, 58, 75, 162, 17, 219,
       195, 112, 121, 224, 128, 134, 43, 5, 125, 17, 71, 117, 79, 246,
       184, 121, 232, 107, 72, 222, 85, 13, 180, 144, 92, 80, 106, 193,
       240, 121, 110, 39, 188, 5, 2, 74, 51, 67, 176, 69, 213, 145, 71,
       161, 14, 102, 184, 121, 234, 107, 76, 214, 115, 200, 247, 144, 84,
       120, 106, 193, 212, 217, 8, 167, 186, 69, 4, 74, 243, 194, 49, 37,
       113, 17, 67, 209, 95, 102, 56, 107, 232, 43, 72, 214, 81, 205,
       182, 144, 92, 64, 122, 65, 240, 249, 44, 45, 156, 5, 54, 74, 59,
       67, 176, 141, 95, 29, 103, 176, 14, 111, 188, 116, 234, 126, 100,
       247, 115, 145, 112, 54, 108, 60, 110, 225, 144, 125, 46, 228, 239,
       37, 128, 40, 243, 129, 57, 93, 221, 125, 103, 176, 78, 79, 188,
       117, 234, 126, 100, 243, 119, 137, 112, 118, 212, 28, 106, 233,
       144, 121, 46, 235, 239, 37, 132, 40, 243, 64, 49, 125, 93, 125,
       102, 168, 78, 79, 188, 225, 232, 191, 72, 87, 119, 137, 115, 22,
       212, 124, 106, 201, 163, 249, 44, 243, 233, 101, 20, 106, 243, 66,
       113, 253, 112, 253, 118, 40, 78, 85, 152, 241, 250, 181, 8, 83,
       87, 73, 59, 28, 212, 124, 106, 233, 103, 251, 0, 211, 217, 101,
       60, 98, 243, 70, 115, 92, 213, 57, 231, 176, 110, 79, 184, 52,
       168, 255, 96, 215, 119, 137, 112, 55, 214, 93, 106, 249, 144, 121,
       63, 233, 239, 37, 148, 32, 243, 192, 49, 108, 52, 189, 115, 173,
       109, 81, 154, 75, 255, 189, 24, 222, 93, 73, 58, 153, 208, 253,
       24, 27, 103, 251, 18, 219, 223, 81, 125, 210, 73, 70, 115, 104,
       181, 188, 250, 173, 253, 84, 175, 223, 59, 165, 24, 190, 189, 72,
       59, 137, 147, 253, 0, 62, 107, 250, 147, 235, 223, 84, 123, 210,
       72, 198, 10, 96, 168, 204, 88, 200, 233, 65, 207, 171, 55, 164,
       153, 35, 195, 70, 26, 11, 178, 235, 24, 26, 111, 202, 49, 94, 147,
       80, 121, 193, 64, 198, 234, 221, 38, 144, 176, 169, 60, 84, 155,
       250, 187, 163, 92, 207, 242, 75, 251, 133, 199, 108, 20, 190, 79,
       203, 2, 154, 251, 119, 254, 138, 113, 139, 5, 120, 184, 255, 114,
       168, 253, 81, 87, 226, 255, 164, 24, 51, 247, 66, 58, 129, 182,
       124, 24, 26, 111, 242, 49, 219, 203, 117, 121, 226, 192, 198, 123,
       230, 184, 191, 86, 200, 228, 17, 207, 170, 191, 164, 25, 36, 247,
       76, 27, 129, 119, 233, 16, 18, 79, 170, 113, 91, 178, 93, 255,
       128, 32, 135, 107, 224, 188, 156, 218, 200, 237, 69, 143, 218, 51,
       164, 24, 182, 243, 72, 123, 129, 82, 106, 24, 51, 111, 218, 51,
       221, 178, 85, 124, 216, 88, 199, 170, 93, 5, 93, 103, 146, 78, 71,
       184, 96, 160, 170, 8, 243, 115, 9, 115, 50, 214, 124, 106, 105,
       160, 249, 44, 253, 235, 101, 16, 96, 179, 64, 32, 252, 14, 157,
       116, 168, 44, 85, 191, 176, 190, 182, 120, 223, 119, 1, 91, 135,
       247, 109, 2, 120, 71, 203, 32, 211, 235, 117, 24, 224, 240, 199,
       35, 149, 69, 217, 103, 20, 79, 71, 184, 118, 160, 227, 2, 83, 113,
       9, 112, 48, 220, 40, 106, 105, 176, 121, 30, 233, 142, 5, 20, 112,
       251, 64, 32, 212, 252, 189, 118, 137, 252, 85, 142, 179, 243, 166,
       24, 119, 247, 73, 123, 129, 247, 252, 18, 47, 71, 250, 51, 219,
       251, 85, 123, 160, 113, 134, 58, 69, 117, 25, 103, 21, 15, 103,
       176, 121, 232, 107, 76, 246, 113, 1, 48, 144, 108, 104, 106, 193,
       240, 217, 14, 229, 188, 5, 0, 72, 51, 67, 34, 116, 164, 253, 114,
       139, 121, 85, 239, 243, 183, 165, 24, 83, 254, 76, 59, 169, 215,
       236, 16, 62, 107, 250, 51, 251, 203, 21, 127, 225, 64, 198, 98,
       69, 112, 157, 101, 129, 78, 53, 16, 104, 234, 34, 72, 214, 49, 65,
       59, 128, 84, 108, 106, 65, 244, 241, 8, 197, 186, 101, 2, 200,
       113, 3, 51, 1, 121, 19, 77, 83, 94, 231, 52, 104, 200, 98, 108,
       250, 16, 133, 180, 18, 124, 80, 106, 65, 180, 53, 108, 37, 188, 0,
       2, 75, 50, 99, 189, 129, 142, 207, 63, 164, 170, 100, 151, 118,
       19, 99, 208, 243, 225, 144, 121, 115, 110, 42, 140, 51, 252, 79,
       51, 204, 162, 118, 64, 236, 192, 208, 168, 237, 203, 70, 71, 164,
       26, 102, 172, 97, 160, 227, 200, 227, 96, 153, 215, 18, 198, 108,
       110, 104, 240, 205, 44, 164, 184, 101, 0, 110, 179, 218, 12, 129,
       142, 195, 27, 216, 171, 32, 143, 118, 19, 98, 208, 177, 224, 192,
       72, 97, 46, 106, 28, 51, 220, 207, 51, 12, 38, 54, 64, 184, 201,
       209, 136, 98, 237, 150, 158, 153, 205, 22, 230, 159, 21, 168, 9,
       230, 242, 100, 150, 201, 107, 234, 83, 94, 107, 218, 55, 185, 150,
       85, 123, 80, 88, 174, 14, 205, 112, 149, 101, 33, 30, 118, 24,
       105, 250, 102, 76, 222, 49, 73, 191, 180, 68, 108, 110, 225, 244,
       241, 8, 231, 251, 101, 6, 74, 241, 67, 33, 205, 120, 157, 117, 41,
       110, 87, 148, 233, 250, 166, 76, 222, 115, 65, 59, 130, 85, 124,
       106, 161, 100, 249, 104, 199, 251, 69, 22, 202, 113, 67, 51, 197,
       174, 135, 155, 236, 169, 228, 142, 254, 147, 160, 216, 183, 226,
       232, 75, 99, 98, 106, 28, 51, 111, 206, 115, 140, 2, 95, 56, 152,
       88, 227, 160, 193, 174, 143, 155, 236, 169, 108, 143, 254, 19,
       106, 244, 181, 226, 248, 107, 67, 74, 106, 28, 51, 92, 207, 115,
       204, 134, 119, 108, 156, 208, 161, 168, 236, 180, 188, 99, 169,
       111, 17, 9, 123, 63, 45, 24, 214, 117, 72, 59, 145, 20, 232, 48,
       50, 116, 249, 19, 207, 211, 85, 119, 194, 74, 199, 34, 84, 166,
       156, 114, 170, 105, 53, 143, 178, 183, 174, 185, 199, 231, 72, 27,
       167, 87, 233, 16, 50, 75, 171, 34, 217, 135, 117, 125, 224, 80,
       135, 115, 69, 117, 189, 39, 164, 47, 231, 152, 122, 242, 15, 92,
       214, 113, 89, 43, 145, 68, 120, 127, 177, 240, 249, 34, 237, 159,
       69, 116, 200, 123, 211, 34, 77, 116, 148, 71, 161, 126, 55, 184,
       121, 234, 111, 8, 222, 112, 73, 190, 145, 84, 120, 106, 165, 240,
       249, 74, 175, 255, 69, 6, 202, 115, 75, 55, 240, 174, 252, 114,
       168, 173, 85, 223, 178, 63, 164, 25, 55, 231, 66, 27, 1, 242, 109,
       24, 58, 111, 218, 49, 219, 203, 117, 121, 224, 208, 198, 43, 69,
       112, 145, 103, 65, 76, 54, 8, 104, 224, 33, 8, 222, 20, 73, 58,
       144, 92, 96, 114, 65, 112, 248, 0, 5, 152, 69, 38, 200, 51, 67,
       166, 252, 164, 156, 122, 137, 173, 84, 223, 146, 191, 165, 29,
       111, 233, 104, 155, 137, 242, 237, 16, 62, 111, 218, 51, 219, 195,
       117, 121, 250, 200, 202, 2, 77, 85, 16, 71, 49, 30, 119, 184, 109,
       224, 111, 68, 222, 51, 9, 116, 146, 84, 120, 106, 193, 176, 89,
       78, 231, 254, 7, 6, 74, 51, 11, 35, 100, 113, 57, 103, 80, 15, 71,
       56, 97, 172, 101, 12, 210, 81, 8, 48, 16, 92, 68, 106, 72, 176,
       249, 12, 103, 185, 33, 20, 66, 178, 70, 163, 248, 170, 247, 118,
       171, 232, 85, 222, 179, 23, 164, 56, 47, 231, 65, 31, 39, 247,
       237, 16, 58, 79, 170, 99, 219, 243, 85, 123, 226, 212, 134, 107,
       108, 181, 181, 99, 137, 79, 87, 136, 123, 187, 44, 8, 214, 117,
       73, 58, 145, 84, 104, 122, 123, 112, 251, 50, 239, 223, 69, 118,
       194, 115, 198, 34, 208, 152, 159, 116, 42, 108, 81, 23, 162, 31,
       166, 24, 119, 183, 64, 91, 39, 246, 108, 24, 57, 79, 163, 1, 217,
       227, 112, 88, 160, 224, 166, 43, 13, 117, 17, 71, 113, 30, 230,
       188, 121, 200, 107, 76, 254, 112, 13, 180, 148, 92, 80, 106, 193,
       176, 89, 110, 39, 188, 5, 4, 74, 51, 75, 165, 69, 117, 145, 71,
       113, 94, 102, 188, 121, 232, 107, 76, 222, 115, 13, 182, 144, 76,
       112, 106, 65, 240, 217, 10, 39, 188, 5, 6, 74, 115, 203, 176, 101,
       48, 153, 71, 192, 126, 98, 152, 99, 226, 47, 8, 210, 113, 77, 190,
       17, 92, 96, 122, 1, 240, 249, 0, 15, 156, 69, 52, 202, 243, 66,
       32, 224, 160, 16, 184, 73, 237, 16, 200, 139, 21, 160, 25, 166,
