%YAML:1.0
---
descriptors: !!opencv-matrix
   rows: 206
   cols: 32
   dt: u
   data: [ 100, 116, 157, 99, 169, 111, 71, 152, 58, 242, 47, 24, 214,
       115, 73, 59, 145, 84, 120, 122, 57, 68, 251, 34, 207, 255, 69,
       118, 192, 115, 198, 98, 228, 229, 157, 122, 137, 77, 87, 168, 51,
       179, 173, 24, 214, 119, 75, 26, 153, 210, 105, 90, 122, 98, 251,
       51, 235, 215, 69, 127, 208, 83, 198, 98, 220, 52, 189, 114, 170,
       104, 81, 26, 178, 183, 167, 56, 87, 247, 73, 27, 35, 212, 109, 18,
       56, 71, 234, 2, 217, 195, 117, 125, 224, 225, 6, 99, 108, 181,
       189, 113, 169, 237, 85, 159, 235, 191, 44, 24, 150, 181, 73, 58,
       129, 86, 108, 24, 26, 120, 250, 16, 207, 223, 117, 119, 194, 192,
       198, 107, 81, 142, 91, 101, 180, 42, 111, 183, 116, 171, 106, 68,
       243, 33, 144, 112, 19, 230, 44, 44, 169, 188, 69, 47, 236, 174,
       36, 0, 168, 242, 192, 40, 120, 188, 185, 112, 153, 237, 81, 87,
       234, 63, 172, 24, 54, 151, 64, 58, 129, 58, 104, 16, 18, 111, 242,
       19, 219, 223, 16, 123, 192, 0, 198, 107, 81, 142, 95, 103, 176,
       46, 111, 183, 116, 170, 122, 100, 211, 35, 144, 112, 23, 102, 108,
       44, 185, 184, 77, 46, 232, 174, 37, 192, 104, 242, 192, 41, 204,
       48, 189, 117, 160, 108, 117, 19, 114, 187, 167, 24, 215, 55, 65,
       58, 3, 214, 108, 24, 57, 228, 243, 2, 207, 251, 117, 52, 192, 240,
       70, 35, 121, 188, 220, 178, 170, 173, 88, 223, 179, 127, 180, 189,
       63, 247, 202, 27, 167, 215, 253, 20, 191, 79, 202, 49, 218, 203,
       113, 249, 162, 196, 142, 91, 78, 40, 152, 242, 201, 236, 19, 136,
       187, 191, 13, 9, 252, 247, 73, 90, 129, 123, 233, 82, 2, 66, 218,
       98, 207, 149, 29, 63, 128, 115, 6, 122, 69, 112, 29, 101, 1, 78,
       51, 32, 104, 64, 99, 8, 222, 19, 9, 50, 144, 84, 72, 106, 65, 240,
       185, 12, 197, 184, 64, 6, 72, 51, 67, 34, 96, 180, 153, 218, 220,
       237, 69, 143, 218, 59, 169, 24, 182, 240, 76, 118, 129, 218, 106,
       24, 59, 107, 250, 115, 189, 150, 21, 124, 208, 88, 198, 42, 117,
       69, 95, 103, 20, 78, 70, 184, 101, 160, 235, 72, 83, 115, 25, 112,
       48, 196, 76, 106, 105, 177, 25, 14, 243, 239, 5, 20, 97, 179, 64,
       34, 83, 251, 16, 161, 34, 138, 30, 48, 41, 200, 90, 237, 173, 2,
       130, 144, 182, 53, 221, 103, 197, 144, 197, 77, 164, 116, 42, 130,
       12, 22, 11, 93, 192, 140, 157, 255, 200, 237, 33, 143, 190, 23,
       32, 24, 182, 243, 64, 90, 129, 122, 106, 24, 50, 76, 218, 51, 205,
       166, 118, 120, 144, 64, 135, 170, 193, 148, 189, 123, 136, 237,
       21, 143, 222, 59, 160, 24, 246, 112, 76, 107, 133, 83, 104, 16,
       183, 109, 251, 49, 137, 218, 85, 126, 208, 72, 129, 110, 65, 117,
       27, 101, 19, 79, 115, 32, 105, 224, 106, 8, 214, 17, 1, 48, 146,
       28, 64, 106, 65, 240, 177, 14, 229, 156, 1, 6, 72, 34, 67, 43,
       109, 103, 53, 103, 53, 31, 118, 56, 121, 232, 63, 77, 219, 125,
       157, 176, 148, 68, 125, 110, 228, 240, 233, 14, 231, 255, 101,
       150, 66, 183, 82, 103, 80, 184, 190, 48, 136, 237, 17, 135, 226,
       251, 164, 24, 183, 243, 64, 59, 129, 51, 108, 17, 27, 109, 218,
       49, 217, 193, 119, 120, 232, 64, 135, 26, 210, 190, 151, 184, 171,
       168, 16, 199, 187, 27, 128, 125, 174, 162, 64, 223, 167, 163, 236,
       21, 62, 79, 130, 115, 152, 242, 90, 122, 136, 68, 163, 15, 124,
       97, 10, 46, 89, 69, 87, 104, 161, 192, 173, 9, 82, 215, 43, 16,
       216, 192, 89, 238, 72, 67, 218, 12, 243, 221, 129, 25, 64, 51,
       122, 66, 248, 168, 252, 112, 138, 233, 81, 95, 163, 183, 164, 56,
       55, 151, 64, 27, 7, 178, 109, 16, 58, 111, 202, 17, 219, 195, 113,
       125, 226, 192, 134, 42, 96, 176, 25, 65, 105, 221, 112, 1, 106,
       121, 37, 8, 146, 21, 68, 57, 128, 28, 64, 24, 3, 112, 241, 17, 69,
       152, 16, 118, 64, 0, 70, 162, 109, 113, 57, 103, 176, 14, 103,
       184, 104, 172, 111, 72, 210, 83, 9, 48, 148, 84, 68, 106, 193,
       240, 249, 8, 231, 189, 37, 4, 64, 179, 70, 33, 102, 239, 150, 158,
       137, 141, 6, 232, 158, 150, 169, 13, 230, 226, 105, 150, 217, 123,
       106, 67, 126, 67, 202, 59, 184, 22, 13, 59, 208, 123, 171, 6, 194,
       191, 148, 178, 171, 169, 20, 142, 187, 59, 168, 61, 174, 178, 66,
       159, 135, 115, 233, 17, 54, 73, 202, 51, 168, 214, 93, 123, 144,
       84, 139, 31, 145, 6, 75, 101, 176, 42, 99, 51, 116, 163, 106, 208,
       211, 33, 144, 112, 83, 238, 44, 44, 185, 188, 69, 14, 228, 175,
       32, 64, 236, 226, 192, 40, 213, 221, 29, 102, 168, 14, 71, 188,
       224, 218, 167, 76, 119, 115, 137, 115, 36, 244, 108, 106, 233, 69,
       185, 44, 241, 235, 101, 20, 104, 242, 194, 49, 249, 170, 188, 58,
       171, 173, 88, 222, 179, 123, 180, 249, 191, 247, 66, 27, 167, 247,
       253, 20, 190, 79, 202, 49, 219, 251, 117, 251, 162, 197, 138, 83,
       246, 174, 213, 82, 203, 233, 96, 207, 187, 179, 160, 91, 2, 227,
       76, 31, 169, 203, 98, 144, 58, 111, 202, 113, 30, 146, 213, 127,
       233, 64, 194, 142, 248, 176, 253, 112, 40, 205, 81, 51, 179, 253,
       164, 60, 23, 151, 64, 27, 5, 150, 101, 8, 59, 111, 242, 21, 219,
       195, 113, 120, 98, 128, 6, 115, 221, 102, 204, 103, 52, 58, 78,
       154, 113, 238, 239, 20, 67, 96, 155, 122, 113, 196, 108, 190, 172,
       212, 173, 42, 210, 239, 229, 5, 227, 241, 122, 68, 226, 168, 206,
       80, 200, 185, 224, 199, 187, 183, 164, 157, 35, 225, 70, 27, 75,
       162, 235, 16, 58, 111, 198, 49, 30, 195, 85, 123, 197, 200, 206,
       142, 69, 97, 25, 101, 1, 14, 103, 160, 104, 32, 106, 8, 214, 17,
       1, 48, 144, 68, 72, 106, 65, 176, 145, 12, 229, 184, 0, 6, 72, 51,
       67, 34, 226, 170, 188, 222, 168, 224, 25, 143, 171, 191, 165, 185,
       100, 231, 78, 27, 133, 247, 237, 16, 58, 79, 170, 113, 219, 146,
       125, 255, 128, 96, 134, 107, 125, 69, 95, 103, 148, 78, 103, 184,
       101, 160, 235, 64, 83, 115, 25, 112, 48, 196, 72, 106, 105, 177,
       25, 46, 227, 239, 5, 20, 97, 243, 64, 32, 252, 68, 220, 118, 168,
       106, 85, 184, 176, 178, 167, 24, 87, 115, 9, 91, 3, 213, 109, 42,
       104, 101, 203, 10, 209, 235, 117, 21, 224, 241, 74, 34, 208, 172,
       189, 119, 136, 104, 77, 167, 246, 183, 162, 16, 247, 227, 80, 123,
       35, 119, 104, 136, 122, 205, 239, 35, 201, 171, 119, 17, 224, 224,
       199, 42, 69, 115, 157, 103, 180, 14, 103, 188, 106, 232, 107, 76,
       214, 112, 217, 50, 148, 68, 108, 110, 193, 240, 249, 8, 172, 190,
       37, 4, 72, 179, 67, 33, 246, 101, 150, 190, 139, 2, 22, 72, 187,
       134, 233, 169, 70, 226, 105, 222, 208, 245, 232, 99, 108, 67, 138,
       10, 176, 246, 77, 31, 160, 115, 38, 6, 96, 237, 189, 117, 187,
       201, 21, 174, 26, 55, 44, 9, 166, 55, 67, 19, 131, 86, 233, 80,
       98, 104, 227, 55, 239, 215, 85, 123, 82, 89, 71, 122, 76, 97, 248,
       103, 242, 74, 127, 184, 57, 164, 111, 136, 223, 55, 137, 80, 54,
       213, 245, 238, 64, 144, 233, 110, 239, 239, 37, 133, 98, 179, 7,
       224, 161, 116, 83, 77, 64, 78, 99, 16, 113, 66, 102, 72, 114, 17,
       133, 52, 16, 60, 64, 106, 97, 180, 49, 78, 5, 172, 0, 0, 73, 179,
       66, 164, 208, 184, 159, 112, 136, 236, 81, 23, 230, 243, 166, 24,
       183, 183, 64, 59, 1, 183, 108, 16, 27, 77, 211, 49, 217, 227, 113,
       120, 224, 128, 135, 42, 109, 117, 49, 103, 117, 79, 119, 184, 121,
       236, 111, 12, 222, 113, 9, 48, 144, 92, 80, 106, 65, 240, 249, 46,
       103, 221, 5, 38, 74, 51, 71, 243, 221, 84, 157, 119, 168, 110, 85,
       184, 240, 250, 163, 88, 215, 119, 9, 123, 133, 213, 108, 106, 105,
       69, 251, 44, 225, 235, 117, 20, 104, 241, 66, 51, 220, 52, 189,
       118, 136, 108, 85, 154, 242, 187, 167, 24, 223, 119, 73, 59, 129,
       215, 108, 18, 41, 101, 251, 34, 217, 251, 117, 60, 192, 113, 134,
       34, 124, 180, 189, 114, 169, 236, 81, 154, 243, 187, 173, 24, 215,
       247, 72, 58, 133, 215, 252, 16, 59, 107, 251, 34, 219, 215, 117,
       125, 192, 193, 134, 99, 240, 32, 255, 112, 10, 232, 81, 82, 162,
       151, 164, 184, 55, 151, 64, 27, 35, 180, 109, 24, 58, 79, 162, 0,
