%YAML:1.0
---
descriptors: !!opencv-matrix
   rows: 267
   cols: 32
   dt: u
   data: [ 125, 93, 125, 102, 176, 78, 79, 184, 96, 234, 191, 64, 87,
       119, 137, 114, 22, 212, 124, 106, 201, 161, 121, 46, 243, 237,
       101, 148, 96, 243, 64, 49, 28, 213, 121, 239, 176, 79, 79, 189,
       52, 234, 255, 96, 247, 119, 137, 112, 87, 222, 29, 106, 249, 144,
       121, 47, 233, 239, 37, 132, 32, 243, 228, 113, 236, 48, 189, 115,
       45, 109, 83, 152, 123, 255, 165, 24, 222, 93, 73, 59, 145, 80,
       253, 58, 171, 103, 251, 18, 203, 219, 65, 125, 194, 123, 70, 115,
       252, 112, 189, 99, 40, 111, 83, 152, 235, 187, 165, 24, 215, 87,
       73, 59, 149, 212, 125, 122, 41, 103, 251, 0, 219, 219, 97, 60,
       192, 243, 70, 115, 232, 180, 188, 250, 173, 253, 81, 11, 223, 63,
       165, 24, 158, 253, 74, 58, 137, 19, 251, 16, 58, 111, 250, 147,
       207, 223, 80, 127, 210, 72, 198, 114, 104, 189, 180, 254, 157,
       237, 85, 47, 223, 31, 172, 24, 190, 189, 68, 82, 201, 50, 249, 16,
       58, 107, 242, 179, 235, 223, 84, 123, 210, 72, 214, 106, 120, 189,
       253, 112, 136, 237, 81, 223, 179, 255, 172, 24, 51, 247, 66, 59,
       1, 242, 236, 24, 26, 107, 250, 49, 219, 203, 117, 121, 226, 192,
       198, 122, 230, 237, 246, 255, 236, 171, 254, 239, 191, 187, 251,
       26, 238, 234, 60, 107, 255, 239, 127, 243, 248, 255, 203, 255,
       190, 254, 223, 158, 149, 251, 227, 133, 104, 253, 183, 252, 141,
       197, 84, 231, 255, 130, 236, 8, 174, 191, 33, 114, 201, 243, 251,
       0, 120, 107, 242, 255, 187, 255, 214, 27, 82, 88, 230, 42, 224,
       168, 157, 250, 204, 237, 65, 206, 158, 25, 161, 24, 182, 211, 104,
       90, 193, 18, 106, 16, 50, 107, 218, 51, 217, 145, 20, 125, 144, 8,
       199, 42, 81, 69, 93, 101, 184, 14, 71, 52, 236, 160, 170, 8, 215,
       51, 0, 115, 2, 212, 108, 106, 105, 161, 121, 44, 225, 170, 101,
       20, 96, 243, 195, 32, 212, 20, 189, 116, 168, 44, 85, 50, 176,
       186, 167, 56, 87, 119, 1, 91, 167, 245, 109, 34, 104, 69, 203, 2,
       211, 235, 117, 16, 96, 241, 70, 35, 96, 180, 149, 114, 141, 77,
       84, 175, 127, 59, 161, 24, 214, 57, 76, 123, 129, 150, 104, 16,
       123, 108, 219, 19, 175, 222, 85, 126, 208, 72, 196, 34, 64, 136,
       157, 251, 200, 237, 33, 143, 190, 51, 32, 24, 182, 51, 64, 123,
       129, 82, 106, 24, 51, 76, 211, 49, 205, 178, 84, 120, 144, 72,
       133, 42, 205, 117, 49, 71, 112, 78, 55, 184, 57, 232, 127, 108,
       222, 119, 137, 52, 148, 93, 245, 106, 225, 240, 249, 110, 103,
       254, 37, 134, 74, 179, 7, 243, 23, 117, 116, 239, 188, 27, 254,
       248, 127, 224, 251, 162, 207, 126, 157, 32, 254, 221, 255, 227,
       236, 179, 237, 254, 182, 254, 143, 150, 119, 255, 99, 133, 244,
       236, 198, 159, 220, 43, 238, 238, 191, 178, 251, 18, 237, 234, 41,
       91, 123, 239, 110, 226, 120, 247, 203, 255, 188, 246, 223, 20,
       165, 123, 225, 136, 69, 113, 17, 71, 85, 15, 98, 56, 104, 168,
       107, 76, 214, 17, 17, 48, 144, 76, 96, 110, 193, 176, 217, 12, 37,
       188, 33, 0, 72, 35, 67, 33, 205, 112, 157, 103, 41, 110, 83, 136,
       97, 250, 167, 24, 223, 85, 73, 59, 145, 212, 108, 114, 41, 100,
       251, 10, 197, 219, 101, 52, 200, 115, 75, 34, 44, 104, 123, 69,
       64, 78, 99, 80, 96, 160, 100, 8, 19, 23, 129, 56, 24, 124, 64,
       122, 9, 244, 176, 40, 69, 137, 33, 0, 97, 179, 70, 160, 236, 252,
       188, 255, 173, 253, 87, 150, 219, 255, 164, 25, 190, 253, 67, 59,
       201, 242, 125, 90, 58, 110, 250, 179, 207, 219, 85, 59, 210, 89,
       214, 106, 20, 189, 187, 114, 155, 237, 17, 203, 251, 17, 173, 24,
       30, 247, 72, 56, 161, 155, 200, 16, 19, 107, 186, 119, 219, 199,
       21, 111, 192, 65, 135, 34, 248, 184, 188, 112, 169, 237, 81, 151,
       251, 127, 180, 24, 191, 191, 66, 59, 133, 151, 253, 24, 186, 111,
       242, 179, 219, 219, 116, 123, 194, 72, 199, 123, 232, 188, 188,
       248, 173, 253, 81, 223, 255, 191, 180, 24, 190, 253, 70, 59, 201,
       242, 253, 24, 186, 111, 250, 179, 219, 219, 85, 123, 210, 72, 198,
       107, 117, 85, 85, 103, 36, 14, 71, 184, 96, 234, 174, 76, 211,
       113, 153, 51, 20, 196, 108, 110, 233, 160, 249, 44, 225, 168, 101,
       20, 104, 243, 66, 33, 236, 52, 189, 97, 176, 111, 113, 31, 127,
       191, 47, 24, 223, 55, 72, 59, 149, 22, 125, 56, 185, 244, 249, 2,
       207, 223, 117, 84, 192, 192, 198, 51, 203, 172, 246, 191, 238,
       169, 252, 239, 191, 147, 246, 58, 253, 250, 176, 75, 239, 239,
       127, 141, 178, 239, 203, 247, 252, 251, 255, 136, 133, 248, 161,
       137, 21, 172, 250, 175, 172, 171, 255, 255, 62, 227, 250, 34, 247,
       235, 218, 96, 255, 239, 127, 153, 155, 185, 235, 115, 252, 239,
       191, 196, 164, 250, 225, 233, 204, 94, 63, 231, 32, 14, 127, 184,
       52, 234, 247, 104, 215, 87, 137, 115, 22, 212, 125, 106, 233, 212,
       249, 46, 231, 235, 99, 132, 40, 179, 65, 51, 21, 189, 59, 239,
       180, 175, 127, 253, 46, 233, 222, 100, 247, 127, 144, 64, 118,
       255, 95, 125, 153, 184, 73, 63, 236, 237, 47, 212, 164, 250, 129,
       41, 229, 113, 149, 103, 168, 78, 71, 188, 96, 234, 162, 72, 211,
       113, 201, 51, 16, 212, 124, 106, 233, 96, 249, 40, 229, 184, 101,
       20, 72, 243, 194, 32, 101, 213, 21, 71, 128, 14, 71, 188, 96, 232,
       170, 76, 211, 113, 137, 51, 16, 68, 124, 106, 201, 240, 249, 44,
       229, 184, 101, 20, 72, 178, 194, 56, 204, 52, 189, 115, 161, 110,
       57, 19, 59, 251, 55, 28, 220, 55, 73, 59, 135, 85, 125, 48, 177,
       84, 251, 66, 207, 251, 119, 230, 128, 97, 135, 115, 205, 52, 157,
       101, 129, 126, 49, 19, 57, 251, 38, 92, 158, 51, 65, 122, 133, 87,
       120, 24, 177, 220, 241, 66, 207, 255, 87, 70, 138, 96, 139, 51,
       237, 116, 145, 71, 193, 127, 119, 184, 121, 234, 47, 8, 222, 113,
       77, 183, 145, 92, 96, 122, 97, 244, 249, 74, 47, 223, 69, 54, 202,
       115, 75, 182, 248, 188, 220, 114, 168, 173, 80, 223, 178, 191,
       164, 29, 63, 243, 74, 27, 129, 226, 237, 16, 58, 111, 218, 51,
       219, 195, 117, 121, 234, 192, 202, 10, 252, 188, 252, 118, 137,
       109, 85, 255, 179, 191, 164, 25, 83, 247, 74, 27, 9, 214, 237, 2,
       56, 79, 218, 34, 219, 203, 117, 61, 227, 240, 198, 98, 230, 237,
       214, 159, 253, 171, 238, 239, 191, 178, 251, 26, 239, 234, 92, 79,
       255, 239, 127, 227, 122, 247, 203, 255, 188, 254, 207, 166, 215,
       127, 227, 132, 120, 184, 253, 114, 168, 205, 81, 223, 179, 189,
       164, 8, 59, 247, 64, 58, 129, 246, 237, 24, 26, 107, 186, 49, 219,
       207, 117, 121, 226, 128, 198, 107, 104, 189, 180, 252, 157, 205,
       84, 231, 223, 27, 168, 24, 190, 191, 36, 50, 201, 178, 251, 0,
       122, 107, 210, 191, 251, 255, 212, 123, 82, 88, 214, 10, 224, 184,
       157, 250, 200, 237, 17, 143, 250, 57, 160, 24, 182, 211, 72, 123,
       129, 82, 106, 16, 51, 107, 218, 49, 221, 130, 117, 124, 216, 9,
       131, 162, 252, 253, 188, 247, 189, 63, 95, 188, 255, 186, 191, 56,
       255, 255, 73, 59, 151, 215, 253, 122, 186, 103, 235, 250, 251,
       255, 101, 254, 194, 243, 194, 51, 110, 253, 182, 252, 221, 207,
       246, 230, 255, 224, 232, 8, 186, 187, 53, 112, 201, 255, 123, 195,
       105, 235, 210, 238, 187, 255, 135, 59, 82, 121, 114, 138, 252, 28,
       159, 244, 168, 44, 85, 151, 178, 191, 182, 57, 95, 183, 64, 91,
       135, 215, 237, 0, 56, 79, 146, 2, 211, 227, 117, 152, 224, 240,
       134, 51, 220, 253, 188, 247, 172, 46, 126, 189, 191, 186, 191, 25,
       223, 255, 73, 91, 247, 215, 253, 126, 248, 69, 203, 178, 251, 255,
       127, 150, 162, 243, 131, 17, 55, 237, 102, 239, 221, 15, 238, 232,
       127, 160, 255, 10, 223, 251, 61, 64, 248, 205, 123, 239, 225, 243,
       89, 254, 191, 222, 143, 52, 95, 123, 115, 130, 220, 205, 156, 247,
       172, 43, 126, 191, 191, 186, 191, 16, 255, 239, 89, 91, 247, 247,
       125, 171, 120, 229, 203, 235, 254, 251, 239, 180, 134, 249, 163,
       9, 101, 113, 149, 68, 29, 79, 71, 40, 74, 224, 43, 8, 214, 113,
