%YAML:1.0
---
descriptors: !!opencv-matrix
   rows: 197
   cols: 32
   dt: u
   data: [ 116, 117, 253, 103, 168, 79, 71, 184, 48, 166, 175, 8, 83,
       119, 9, 51, 16, 212, 108, 106, 104, 98, 249, 14, 229, 170, 101,
       20, 96, 243, 70, 98, 97, 176, 153, 83, 249, 237, 97, 143, 122, 57,
       43, 24, 214, 19, 76, 58, 145, 30, 120, 24, 19, 124, 251, 51, 77,
       190, 84, 126, 192, 0, 194, 42, 108, 101, 120, 103, 114, 10, 127,
       56, 57, 166, 111, 169, 223, 119, 139, 81, 22, 85, 213, 110, 96,
       208, 233, 78, 231, 239, 97, 132, 98, 243, 7, 224, 241, 188, 245,
       114, 169, 205, 212, 223, 235, 251, 176, 120, 58, 252, 196, 63,
       175, 242, 124, 0, 239, 111, 238, 113, 219, 218, 117, 186, 235, 80,
       198, 127, 84, 4, 93, 103, 148, 111, 67, 184, 116, 165, 171, 8, 83,
       51, 9, 80, 49, 214, 72, 42, 40, 177, 121, 30, 249, 175, 5, 20,
       241, 251, 68, 34, 212, 62, 156, 245, 168, 45, 21, 191, 210, 186,
       178, 88, 215, 49, 65, 11, 133, 87, 109, 11, 184, 101, 203, 34,
       201, 171, 117, 52, 200, 120, 129, 11, 192, 172, 157, 251, 200,
       237, 37, 143, 158, 19, 32, 24, 182, 179, 64, 123, 129, 114, 106,
       24, 51, 108, 250, 51, 205, 163, 118, 120, 144, 89, 135, 170, 252,
       68, 252, 118, 168, 74, 85, 184, 176, 178, 166, 24, 215, 115, 9,
       123, 7, 213, 109, 106, 104, 101, 203, 40, 241, 235, 101, 21, 96,
       241, 198, 32, 252, 164, 252, 118, 136, 109, 85, 223, 179, 183,
       164, 25, 51, 247, 74, 27, 1, 214, 109, 24, 58, 71, 218, 50, 219,
       203, 117, 61, 226, 240, 198, 106, 5, 53, 17, 69, 85, 79, 102, 56,
       120, 232, 106, 72, 214, 19, 1, 180, 144, 92, 80, 106, 65, 240,
       241, 14, 37, 188, 1, 6, 74, 51, 67, 176, 229, 104, 149, 117, 41,
       14, 64, 144, 235, 178, 162, 72, 215, 49, 65, 255, 129, 100, 108,
       90, 73, 229, 219, 0, 141, 250, 85, 20, 74, 177, 66, 44, 124, 241,
       153, 102, 40, 77, 87, 152, 162, 173, 173, 8, 215, 247, 73, 50,
       128, 212, 108, 80, 26, 35, 251, 48, 249, 193, 37, 125, 224, 51,
       198, 35, 84, 36, 157, 246, 168, 45, 68, 152, 178, 179, 163, 88,
       215, 243, 73, 27, 145, 215, 124, 10, 40, 71, 219, 34, 217, 202,
       117, 60, 192, 115, 131, 34, 116, 245, 185, 98, 184, 76, 87, 152,
       35, 185, 169, 8, 215, 247, 72, 50, 149, 223, 93, 114, 90, 3, 216,
       49, 249, 212, 5, 124, 224, 115, 134, 34, 36, 101, 57, 69, 93, 79,
       199, 40, 80, 164, 237, 8, 211, 85, 29, 52, 216, 220, 82, 106, 72,
       178, 249, 14, 103, 157, 1, 52, 81, 59, 86, 226, 37, 117, 17, 69,
       53, 79, 102, 56, 104, 224, 43, 72, 210, 49, 5, 180, 144, 92, 64,
       106, 65, 176, 121, 12, 37, 156, 5, 52, 72, 59, 66, 32, 218, 174,
       150, 178, 169, 172, 92, 215, 179, 155, 160, 89, 47, 235, 64, 27,
       167, 231, 125, 157, 58, 79, 138, 225, 155, 218, 85, 250, 162, 212,
       130, 11, 116, 197, 93, 103, 152, 11, 71, 172, 224, 164, 175, 8,
       83, 113, 8, 115, 48, 214, 104, 106, 120, 160, 121, 44, 249, 171,
       37, 84, 97, 243, 198, 32, 85, 77, 93, 103, 150, 78, 103, 184, 100,
       160, 235, 64, 83, 113, 25, 112, 50, 196, 72, 106, 105, 176, 93,
       46, 247, 239, 5, 20, 97, 243, 192, 32, 220, 76, 220, 118, 168,
       106, 92, 172, 176, 178, 167, 24, 223, 99, 9, 91, 3, 214, 108, 106,
       104, 69, 203, 32, 211, 235, 117, 21, 96, 240, 142, 34, 197, 245,
       157, 71, 181, 14, 103, 184, 122, 168, 43, 76, 214, 113, 73, 50,
       145, 68, 104, 126, 225, 240, 217, 46, 237, 190, 5, 22, 72, 51, 67,
       33, 96, 180, 21, 113, 153, 109, 84, 175, 123, 51, 40, 24, 150, 51,
       76, 113, 129, 19, 104, 16, 51, 108, 219, 23, 141, 146, 85, 126,
       216, 72, 199, 58, 101, 176, 25, 65, 249, 205, 99, 143, 122, 121,
       40, 24, 150, 147, 72, 48, 145, 26, 90, 24, 19, 56, 249, 55, 77,
       156, 21, 124, 192, 0, 195, 170, 221, 86, 237, 101, 36, 78, 79, 24,
       97, 254, 151, 108, 83, 7, 155, 123, 52, 196, 125, 238, 233, 213,
       249, 10, 242, 233, 229, 148, 44, 243, 66, 113, 33, 168, 169, 91,
       220, 237, 233, 199, 122, 81, 108, 24, 176, 145, 84, 56, 201, 170,
       114, 156, 19, 122, 250, 115, 79, 28, 148, 104, 216, 72, 210, 234,
       44, 105, 115, 97, 245, 91, 114, 0, 97, 160, 182, 40, 155, 25, 193,
       176, 26, 252, 212, 120, 76, 240, 97, 140, 239, 217, 37, 117, 231,
       174, 78, 170, 77, 176, 189, 122, 169, 236, 21, 159, 187, 95, 45,
       28, 254, 247, 74, 58, 133, 83, 124, 26, 147, 65, 251, 113, 203,
       255, 117, 122, 202, 80, 135, 115, 33, 173, 169, 121, 212, 231,
       195, 239, 82, 233, 236, 24, 50, 177, 80, 48, 217, 74, 18, 156, 59,
       250, 251, 55, 109, 143, 181, 100, 193, 72, 210, 234, 69, 117, 49,
       71, 116, 78, 111, 184, 120, 232, 111, 8, 214, 87, 157, 52, 148,
       92, 84, 106, 193, 176, 249, 110, 101, 190, 37, 4, 64, 179, 71,
       225, 120, 56, 115, 112, 107, 233, 81, 71, 163, 125, 164, 57, 62,
       157, 64, 26, 138, 179, 213, 16, 26, 107, 178, 145, 211, 217, 80,
       123, 99, 0, 70, 123, 248, 56, 123, 120, 11, 232, 81, 87, 161, 87,
       164, 57, 59, 159, 66, 56, 34, 179, 221, 16, 10, 15, 178, 1, 211,
       201, 48, 123, 226, 128, 166, 123, 252, 116, 253, 118, 136, 108,
       85, 154, 242, 246, 165, 24, 83, 55, 73, 59, 5, 212, 124, 26, 41,
       103, 251, 2, 211, 203, 117, 60, 224, 241, 70, 114, 60, 193, 80,
       169, 93, 11, 82, 232, 7, 33, 168, 11, 75, 25, 8, 144, 216, 140,
       71, 98, 76, 34, 89, 149, 179, 205, 1, 127, 119, 47, 90, 130, 124,
       177, 189, 98, 169, 76, 83, 153, 227, 185, 173, 8, 95, 247, 72, 50,
       132, 214, 237, 82, 26, 35, 250, 0, 219, 221, 37, 125, 226, 146,
       198, 35, 101, 176, 145, 99, 168, 173, 64, 143, 239, 185, 168, 72,
       214, 240, 76, 30, 129, 83, 108, 16, 19, 107, 219, 49, 141, 158,
       85, 126, 216, 74, 195, 35, 165, 185, 157, 95, 220, 141, 103, 189,
       86, 19, 96, 92, 246, 241, 8, 121, 81, 106, 106, 72, 51, 108, 219,
       63, 109, 190, 85, 120, 216, 56, 194, 168, 124, 32, 220, 118, 168,
       40, 92, 152, 163, 178, 167, 8, 223, 227, 73, 219, 3, 215, 108, 10,
       8, 71, 203, 32, 211, 251, 117, 29, 226, 243, 74, 34, 252, 132, 28,
       118, 137, 110, 84, 168, 160, 178, 167, 24, 87, 115, 9, 91, 97,
       214, 236, 226, 120, 199, 219, 44, 251, 227, 85, 21, 32, 113, 206,
       2, 252, 116, 188, 118, 136, 108, 85, 154, 242, 187, 165, 24, 87,
       247, 73, 59, 1, 212, 125, 26, 40, 103, 219, 2, 211, 203, 117, 61,
       224, 113, 70, 35, 69, 188, 25, 113, 176, 237, 35, 139, 122, 57,
       48, 120, 150, 147, 200, 48, 147, 30, 76, 24, 51, 124, 233, 23,
       205, 157, 53, 116, 192, 0, 195, 163, 5, 85, 49, 71, 116, 94, 103,
       184, 120, 232, 123, 64, 215, 116, 157, 180, 144, 92, 84, 106, 193,
       176, 249, 110, 37, 188, 37, 4, 64, 179, 67, 229, 217, 248, 23,
       116, 43, 94, 85, 52, 225, 218, 166, 56, 255, 19, 0, 255, 162, 245,
       236, 98, 105, 109, 179, 45, 243, 251, 84, 19, 106, 48, 3, 59, 225,
       160, 185, 80, 236, 237, 225, 207, 250, 123, 160, 24, 150, 144, 76,
       58, 201, 10, 122, 24, 19, 111, 242, 80, 29, 24, 84, 126, 192, 72,
       214, 174, 236, 180, 184, 114, 233, 109, 83, 152, 155, 127, 181,
       25, 214, 253, 74, 58, 157, 83, 253, 82, 58, 103, 250, 50, 207,
       219, 117, 127, 208, 91, 198, 243, 221, 117, 253, 103, 160, 110,
       95, 156, 57, 254, 38, 28, 223, 55, 75, 59, 151, 215, 125, 126,
       225, 84, 249, 34, 231, 251, 101, 180, 232, 241, 198, 115, 45, 245,
       17, 71, 113, 95, 118, 172, 105, 232, 111, 8, 254, 117, 12, 180,
       144, 92, 80, 106, 65, 176, 249, 61, 39, 223, 5, 54, 74, 59, 194,
       162, 210, 190, 164, 213, 172, 46, 137, 55, 175, 247, 134, 213,
       227, 36, 150, 15, 5, 246, 121, 61, 184, 205, 247, 236, 137, 50,
       223, 208, 140, 236, 149, 124, 101, 163, 145, 34, 184, 141, 66,
       141, 235, 185, 185, 72, 198, 226, 76, 150, 145, 197, 108, 88, 31,
       43, 203, 48, 184, 156, 5, 126, 192, 10, 194, 37, 124, 99, 216,
       102, 168, 40, 94, 152, 163, 176, 171, 8, 207, 227, 73, 210, 130,
       215, 236, 74, 8, 3, 203, 32, 218, 253, 37, 61, 226, 243, 74, 2,
