%YAML:1.0
---
descriptors: !!opencv-matrix
   rows: 248
   cols: 32
   dt: u
   data: [ 93, 93, 121, 103, 180, 78, 79, 188, 112, 234, 126, 100, 211,
       119, 153, 112, 54, 84, 28, 106, 233, 144, 121, 46, 235, 239, 37,
       132, 104, 243, 192, 49, 253, 113, 253, 103, 44, 94, 71, 184, 97,
       250, 183, 76, 211, 117, 201, 59, 20, 212, 124, 106, 201, 99, 249,
       8, 227, 201, 101, 52, 105, 243, 66, 113, 93, 93, 125, 103, 180,
       78, 79, 188, 101, 232, 191, 68, 115, 119, 137, 112, 22, 212, 92,
       106, 233, 144, 121, 46, 227, 239, 37, 148, 106, 243, 192, 49, 93,
       213, 125, 230, 176, 14, 79, 188, 37, 232, 191, 96, 215, 119, 137,
       112, 22, 214, 93, 106, 233, 129, 121, 46, 241, 237, 37, 148, 32,
       243, 192, 33, 236, 48, 189, 115, 173, 109, 81, 152, 91, 255, 181,
       24, 222, 93, 75, 59, 153, 80, 253, 50, 58, 102, 251, 18, 207, 219,
       81, 127, 210, 73, 70, 227, 252, 172, 252, 118, 136, 109, 85, 255,
       179, 190, 164, 24, 83, 247, 73, 27, 9, 214, 109, 42, 120, 103,
       251, 34, 251, 203, 117, 61, 227, 240, 198, 106, 120, 184, 255,
       112, 169, 253, 81, 223, 163, 189, 164, 24, 59, 183, 66, 59, 1,
       178, 237, 24, 26, 111, 242, 49, 219, 201, 117, 121, 226, 192, 198,
       122, 246, 236, 246, 223, 252, 187, 254, 239, 191, 187, 251, 58,
       206, 234, 252, 99, 255, 239, 127, 243, 240, 255, 239, 255, 190,
       190, 223, 158, 133, 251, 227, 133, 101, 85, 125, 101, 176, 14, 79,
       184, 108, 160, 170, 64, 215, 51, 9, 115, 150, 212, 124, 106, 233,
       176, 121, 12, 229, 235, 37, 20, 96, 243, 64, 33, 230, 175, 246,
       223, 252, 175, 254, 254, 191, 186, 255, 90, 238, 235, 253, 87,
       255, 255, 127, 155, 178, 255, 203, 255, 190, 254, 255, 156, 183,
       251, 227, 129, 116, 101, 117, 69, 138, 75, 71, 184, 64, 166, 173,
       10, 83, 117, 201, 51, 24, 212, 104, 106, 72, 99, 249, 8, 249, 136,
       101, 52, 97, 250, 70, 32, 96, 180, 149, 123, 157, 109, 84, 143,
       255, 57, 169, 24, 214, 55, 76, 126, 129, 150, 104, 16, 59, 104,
       219, 147, 143, 254, 85, 127, 208, 72, 198, 42, 96, 109, 59, 94,
       93, 196, 231, 100, 249, 0, 232, 8, 114, 223, 36, 48, 200, 249, 83,
       194, 73, 227, 186, 110, 49, 188, 143, 26, 65, 50, 102, 162, 69,
       71, 144, 39, 160, 58, 110, 136, 121, 162, 107, 64, 207, 98, 217,
       218, 147, 68, 108, 126, 20, 240, 205, 10, 172, 255, 103, 4, 192,
       243, 75, 4, 69, 241, 149, 71, 157, 13, 103, 184, 110, 184, 43, 76,
       246, 113, 89, 50, 145, 70, 104, 94, 195, 96, 219, 49, 237, 188, 5,
       124, 72, 51, 67, 33, 248, 154, 216, 122, 169, 185, 80, 215, 131,
       31, 181, 57, 47, 219, 104, 155, 139, 179, 237, 16, 26, 111, 202,
       49, 219, 209, 112, 123, 243, 136, 206, 11, 216, 184, 189, 240, 41,
       253, 89, 30, 187, 123, 180, 24, 191, 183, 64, 59, 133, 151, 253,
       24, 187, 111, 242, 81, 219, 219, 113, 249, 194, 64, 70, 59, 233,
       188, 180, 248, 173, 253, 84, 223, 255, 251, 188, 28, 191, 189, 66,
       59, 201, 242, 255, 24, 186, 111, 242, 179, 219, 219, 85, 123, 210,
       204, 210, 107, 197, 116, 157, 101, 161, 110, 119, 56, 120, 234,
       35, 8, 222, 49, 1, 59, 147, 68, 104, 106, 97, 244, 185, 10, 229,
       186, 69, 6, 72, 115, 67, 35, 252, 164, 188, 118, 140, 109, 87,
       136, 210, 55, 165, 24, 83, 241, 72, 59, 9, 214, 104, 122, 58, 103,
       251, 50, 219, 203, 85, 61, 241, 123, 198, 34, 73, 245, 188, 97,
       137, 93, 117, 191, 123, 115, 44, 28, 158, 51, 78, 190, 129, 94,
       248, 24, 247, 124, 249, 51, 239, 223, 85, 118, 202, 80, 203, 122,
       216, 176, 159, 116, 138, 96, 81, 23, 178, 147, 163, 56, 87, 183,
       64, 123, 35, 247, 108, 128, 57, 79, 178, 0, 217, 225, 116, 24,
       160, 96, 166, 50, 205, 20, 157, 101, 32, 62, 113, 26, 121, 234,
       46, 20, 222, 51, 3, 123, 148, 68, 124, 44, 161, 212, 241, 10, 199,
       255, 65, 4, 138, 241, 67, 113, 248, 170, 253, 122, 138, 233, 81,
       215, 178, 23, 164, 185, 55, 199, 64, 27, 7, 179, 109, 16, 58, 79,
       226, 49, 209, 227, 112, 121, 160, 192, 134, 106, 220, 50, 255, 97,
       162, 106, 97, 83, 50, 191, 38, 56, 19, 55, 192, 59, 55, 148, 68,
       56, 56, 245, 161, 0, 89, 139, 101, 100, 225, 225, 70, 225, 197,
       113, 145, 101, 33, 78, 119, 160, 104, 234, 34, 8, 222, 49, 73, 51,
       144, 84, 104, 106, 65, 240, 249, 8, 229, 186, 69, 6, 72, 115, 67,
       35, 248, 158, 252, 122, 172, 233, 81, 159, 215, 63, 180, 56, 179,
       53, 192, 59, 9, 146, 108, 24, 58, 110, 106, 51, 203, 203, 116,
       121, 242, 200, 198, 43, 69, 113, 17, 101, 65, 78, 119, 56, 105,
       232, 106, 8, 222, 51, 1, 50, 144, 84, 120, 106, 65, 176, 241, 76,
       231, 184, 64, 6, 72, 51, 67, 35, 244, 138, 204, 180, 138, 40, 85,
       191, 162, 183, 134, 185, 87, 167, 67, 91, 3, 246, 109, 128, 56,
       79, 203, 32, 217, 227, 245, 61, 160, 240, 134, 106, 100, 112, 24,
       100, 0, 15, 83, 24, 96, 172, 37, 8, 87, 19, 73, 50, 16, 84, 64,
       106, 72, 112, 241, 8, 193, 137, 33, 52, 72, 179, 70, 162, 248,
       188, 222, 114, 168, 173, 80, 215, 179, 63, 164, 29, 63, 243, 66,
       27, 129, 227, 237, 20, 58, 79, 218, 51, 219, 203, 117, 121, 232,
       192, 202, 10, 205, 117, 145, 71, 241, 126, 119, 184, 121, 234,
       111, 8, 222, 112, 13, 183, 145, 92, 64, 106, 101, 240, 249, 46,
       47, 223, 5, 6, 74, 115, 75, 55, 148, 189, 185, 239, 180, 47, 111,
       184, 54, 170, 95, 112, 215, 119, 137, 64, 119, 95, 29, 106, 185,
       148, 105, 63, 237, 239, 39, 132, 164, 243, 129, 33, 84, 157, 25,
       231, 176, 47, 79, 184, 52, 170, 255, 96, 215, 115, 137, 112, 55,
       222, 93, 106, 249, 144, 105, 46, 233, 239, 37, 148, 32, 243, 128,
       33, 237, 112, 189, 99, 173, 111, 83, 152, 91, 251, 181, 24, 223,
       85, 73, 59, 153, 84, 124, 122, 43, 102, 251, 18, 207, 219, 101,
       125, 194, 251, 70, 115, 252, 180, 252, 118, 169, 109, 85, 255,
       179, 190, 165, 24, 91, 247, 73, 31, 9, 214, 237, 26, 120, 79, 250,
       50, 219, 203, 117, 61, 226, 240, 198, 106, 252, 172, 252, 114,
       137, 109, 85, 222, 211, 183, 181, 24, 67, 241, 71, 31, 9, 214,
       236, 26, 58, 103, 218, 50, 219, 219, 85, 125, 243, 249, 206, 34,
       148, 236, 223, 255, 238, 171, 255, 255, 190, 179, 243, 146, 247,
       239, 89, 91, 255, 247, 127, 131, 122, 247, 203, 123, 252, 143,
       255, 172, 164, 249, 161, 161, 104, 180, 188, 251, 173, 253, 81,
       27, 127, 123, 173, 24, 222, 253, 72, 58, 153, 18, 253, 16, 58,
       106, 251, 147, 207, 223, 17, 127, 210, 72, 198, 34, 221, 69, 93,
       101, 32, 10, 71, 176, 96, 160, 170, 8, 215, 51, 1, 115, 2, 212,
       108, 106, 105, 225, 249, 12, 241, 235, 101, 20, 96, 179, 67, 32,
       105, 237, 182, 252, 221, 205, 86, 230, 159, 130, 172, 8, 170, 187,
       101, 82, 201, 234, 123, 64, 104, 107, 210, 187, 251, 255, 151, 59,
       210, 125, 242, 138, 69, 103, 216, 39, 176, 10, 110, 136, 120, 160,
       107, 64, 223, 99, 217, 82, 146, 76, 108, 126, 68, 240, 205, 10,
       236, 253, 39, 5, 128, 243, 75, 0, 69, 231, 145, 35, 180, 14, 102,
       184, 106, 185, 43, 76, 214, 64, 216, 50, 149, 76, 108, 126, 195,
       112, 201, 37, 173, 156, 37, 116, 72, 51, 67, 33, 77, 117, 57, 71,
       112, 14, 127, 184, 57, 168, 127, 96, 222, 119, 137, 52, 150, 93,
       85, 106, 225, 208, 233, 78, 103, 191, 39, 134, 66, 243, 3, 161,
       22, 229, 118, 239, 254, 11, 254, 232, 127, 160, 251, 10, 207, 234,
       61, 64, 123, 205, 127, 227, 224, 243, 205, 255, 190, 254, 143,
       150, 101, 251, 113, 129, 101, 99, 16, 71, 116, 15, 102, 184, 104,
       168, 123, 76, 215, 1, 153, 176, 144, 76, 68, 110, 193, 176, 201,
       12, 36, 188, 37, 4, 72, 179, 74, 1, 20, 97, 94, 167, 44, 11, 127,
       248, 44, 176, 247, 130, 223, 111, 25, 67, 118, 205, 127, 235, 72,
       241, 73, 172, 246, 235, 239, 148, 36, 187, 33, 129, 109, 149, 29,
       101, 172, 14, 71, 184, 96, 232, 170, 76, 211, 113, 153, 51, 16,
       102, 108, 110, 201, 224, 249, 12, 225, 233, 101, 20, 72, 243, 66,
