%YAML:1.0
---
descriptors: !!opencv-matrix
   rows: 187
   cols: 32
   dt: u
   data: [ 108, 116, 157, 71, 169, 110, 71, 152, 123, 186, 47, 24, 214,
       119, 73, 62, 145, 86, 120, 122, 49, 208, 249, 34, 239, 255, 69,
       52, 202, 115, 199, 50, 108, 245, 177, 103, 153, 79, 71, 184, 122,
       232, 43, 8, 214, 119, 73, 50, 144, 94, 121, 106, 105, 112, 249,
       63, 237, 223, 5, 52, 64, 115, 199, 114, 100, 229, 185, 122, 217,
       77, 87, 168, 114, 151, 173, 24, 242, 119, 74, 50, 153, 90, 113,
       122, 90, 98, 250, 51, 239, 159, 69, 127, 192, 115, 198, 226, 108,
       117, 49, 111, 93, 79, 71, 168, 83, 228, 173, 8, 210, 117, 73, 52,
       152, 220, 89, 106, 73, 114, 249, 62, 231, 221, 5, 52, 82, 59, 70,
       98, 120, 184, 251, 120, 155, 233, 81, 71, 163, 21, 172, 56, 55,
       183, 64, 58, 3, 186, 77, 16, 26, 107, 178, 49, 219, 197, 16, 123,
       226, 64, 198, 106, 244, 180, 156, 114, 168, 105, 81, 27, 179, 191,
       165, 57, 215, 183, 74, 27, 131, 151, 237, 16, 58, 79, 203, 18,
       219, 195, 117, 125, 224, 64, 134, 35, 244, 52, 189, 114, 168, 104,
       81, 27, 178, 191, 167, 56, 87, 247, 73, 27, 3, 214, 109, 16, 58,
       71, 235, 2, 219, 195, 117, 125, 224, 225, 6, 99, 252, 124, 221,
       116, 168, 108, 69, 154, 242, 186, 167, 56, 87, 55, 65, 59, 3, 212,
       108, 58, 41, 71, 251, 2, 209, 203, 117, 60, 224, 241, 70, 35, 177,
       130, 205, 53, 144, 42, 98, 39, 116, 35, 98, 208, 243, 33, 144, 88,
       51, 206, 32, 60, 56, 252, 69, 15, 236, 166, 48, 64, 228, 200, 208,
       40, 81, 143, 95, 103, 176, 46, 103, 183, 116, 136, 122, 100, 243,
       35, 128, 112, 22, 102, 108, 46, 185, 184, 77, 47, 232, 175, 36,
       208, 104, 242, 192, 41, 129, 142, 95, 117, 176, 170, 107, 55, 116,
       35, 98, 208, 243, 35, 144, 112, 83, 110, 44, 44, 57, 156, 69, 47,
       236, 174, 176, 64, 172, 192, 192, 40, 216, 16, 157, 116, 40, 236,
       81, 19, 160, 91, 162, 56, 247, 55, 0, 123, 2, 244, 125, 24, 9, 77,
       179, 0, 193, 227, 112, 80, 160, 128, 7, 43, 13, 117, 17, 71, 85,
       78, 230, 184, 120, 232, 107, 76, 222, 49, 9, 180, 144, 92, 80,
       106, 225, 176, 217, 14, 37, 190, 5, 6, 74, 50, 75, 185, 37, 125,
       17, 67, 213, 95, 102, 184, 111, 232, 43, 72, 214, 80, 77, 180,
       144, 84, 80, 106, 193, 176, 121, 62, 45, 156, 5, 54, 74, 59, 66,
       54, 253, 188, 156, 50, 168, 189, 93, 223, 178, 127, 188, 189, 191,
       247, 66, 27, 135, 243, 253, 20, 190, 79, 234, 51, 219, 203, 117,
       249, 162, 196, 142, 91, 89, 69, 93, 101, 22, 78, 71, 61, 100, 160,
       234, 64, 211, 49, 1, 112, 50, 212, 92, 106, 233, 176, 85, 14, 231,
       239, 37, 20, 97, 242, 64, 32, 212, 76, 92, 118, 168, 106, 85, 168,
       160, 178, 167, 24, 87, 119, 9, 91, 35, 213, 108, 106, 104, 69,
       203, 44, 243, 235, 101, 21, 96, 241, 14, 34, 148, 236, 94, 119,
       146, 74, 79, 174, 52, 166, 166, 16, 247, 115, 1, 81, 51, 246, 77,
       234, 104, 197, 89, 46, 249, 239, 101, 21, 32, 241, 164, 42, 96,
       149, 149, 123, 157, 77, 65, 143, 95, 49, 40, 24, 182, 51, 76, 118,
       129, 19, 104, 16, 27, 104, 219, 55, 173, 222, 84, 126, 208, 72,
       196, 42, 69, 245, 157, 103, 149, 47, 103, 184, 122, 250, 43, 76,
       214, 113, 89, 59, 145, 70, 104, 126, 225, 240, 217, 46, 237, 158,
       69, 20, 200, 115, 195, 35, 84, 69, 93, 101, 22, 79, 71, 184, 102,
       160, 171, 8, 83, 49, 9, 112, 49, 212, 72, 106, 40, 176, 121, 30,
       237, 175, 5, 20, 241, 187, 68, 34, 109, 97, 37, 101, 53, 31, 114,
       56, 121, 232, 123, 73, 219, 28, 149, 180, 148, 76, 125, 110, 196,
       240, 201, 140, 39, 253, 33, 182, 66, 191, 82, 39, 76, 117, 121,
       103, 50, 74, 59, 56, 41, 196, 111, 173, 223, 87, 137, 80, 22, 125,
       221, 110, 64, 144, 249, 92, 229, 253, 35, 132, 96, 179, 7, 113,
       96, 237, 150, 186, 201, 237, 22, 231, 159, 23, 168, 25, 230, 240,
       100, 18, 201, 123, 234, 83, 122, 107, 218, 51, 169, 150, 93, 123,
       208, 88, 134, 142, 205, 16, 157, 117, 161, 110, 117, 184, 122,
       250, 103, 16, 222, 51, 9, 123, 145, 85, 124, 106, 33, 244, 249,
       74, 197, 255, 119, 6, 200, 113, 67, 51, 240, 32, 255, 116, 138,
       200, 81, 83, 162, 151, 164, 24, 23, 183, 64, 27, 35, 244, 108, 24,
       56, 79, 178, 0, 217, 139, 117, 24, 224, 192, 166, 98, 109, 103,
       64, 7, 244, 27, 110, 184, 105, 172, 127, 200, 195, 96, 159, 148,
       24, 68, 100, 110, 204, 240, 205, 46, 38, 126, 37, 148, 66, 255,
       90, 4, 248, 172, 220, 250, 173, 173, 84, 222, 146, 63, 164, 25,
       35, 249, 98, 155, 201, 242, 237, 16, 58, 111, 202, 51, 219, 195,
       117, 121, 242, 216, 206, 10, 44, 181, 49, 65, 253, 79, 213, 171,
       79, 61, 45, 24, 214, 61, 72, 32, 145, 26, 66, 48, 83, 120, 121,
       21, 111, 223, 5, 119, 210, 10, 214, 163, 100, 241, 56, 99, 88, 15,
       87, 184, 98, 172, 173, 12, 215, 83, 72, 16, 16, 204, 76, 106, 72,
       114, 249, 13, 231, 157, 37, 52, 72, 163, 66, 34, 13, 245, 16, 71,
       245, 30, 230, 184, 121, 232, 123, 68, 222, 113, 28, 180, 148, 76,
       86, 106, 225, 176, 217, 78, 37, 190, 37, 4, 74, 179, 203, 133,
       217, 174, 188, 62, 169, 173, 88, 215, 179, 59, 180, 217, 191, 247,
       64, 59, 135, 247, 253, 28, 190, 79, 202, 179, 219, 251, 117, 249,
       162, 196, 138, 75, 252, 176, 188, 118, 137, 109, 85, 222, 179,
       191, 165, 25, 87, 247, 73, 27, 129, 214, 237, 26, 58, 103, 250,
       32, 219, 203, 117, 61, 226, 241, 198, 98, 221, 74, 202, 87, 132,
       62, 70, 158, 119, 174, 230, 22, 67, 98, 159, 254, 113, 204, 44,
       142, 172, 212, 237, 42, 130, 239, 117, 5, 171, 245, 248, 4, 242,
       170, 206, 90, 200, 185, 240, 199, 170, 55, 164, 157, 35, 193, 70,
       27, 105, 178, 235, 16, 58, 111, 202, 49, 94, 131, 85, 123, 193, 8,
       206, 174, 205, 42, 156, 178, 184, 60, 88, 154, 251, 187, 163, 125,
       207, 227, 203, 219, 135, 199, 108, 28, 62, 69, 203, 32, 222, 251,
       119, 253, 128, 241, 139, 1, 220, 204, 94, 246, 154, 106, 71, 174,
       180, 178, 174, 16, 119, 115, 1, 91, 33, 247, 109, 170, 104, 205,
       89, 46, 249, 227, 245, 21, 32, 240, 12, 10, 69, 103, 157, 103,
       164, 46, 102, 184, 122, 186, 43, 76, 214, 97, 217, 50, 145, 68,
       108, 126, 161, 240, 217, 42, 173, 190, 101, 4, 200, 243, 195, 32,
       192, 140, 157, 251, 136, 237, 21, 135, 182, 23, 104, 24, 183, 243,
       64, 91, 129, 122, 104, 16, 50, 76, 218, 51, 205, 167, 117, 120,
       144, 64, 133, 42, 52, 69, 27, 103, 21, 79, 103, 40, 118, 160, 171,
       10, 83, 51, 1, 112, 48, 220, 72, 234, 104, 177, 57, 30, 249, 143,
       5, 20, 97, 59, 68, 34, 116, 184, 253, 118, 233, 240, 85, 143, 179,
       191, 165, 56, 115, 247, 202, 58, 129, 246, 237, 16, 30, 67, 170,
       51, 219, 239, 117, 251, 162, 113, 198, 99, 248, 168, 252, 112,
       138, 201, 85, 199, 178, 183, 164, 56, 55, 183, 64, 27, 1, 182,
       108, 16, 122, 111, 226, 0, 217, 193, 117, 121, 224, 208, 134, 106,
       92, 101, 120, 103, 50, 26, 127, 40, 40, 164, 111, 136, 223, 87,
       137, 112, 54, 253, 221, 238, 64, 144, 233, 92, 231, 205, 33, 133,
       98, 179, 7, 34, 80, 184, 157, 112, 136, 236, 81, 159, 166, 191,
       166, 24, 183, 247, 64, 122, 129, 247, 108, 16, 26, 73, 243, 49,
       217, 163, 117, 121, 160, 64, 134, 42, 205, 116, 157, 103, 161,
       110, 119, 184, 121, 234, 47, 24, 214, 113, 73, 59, 145, 84, 108,
       42, 97, 244, 249, 10, 231, 255, 69, 22, 200, 115, 67, 35, 69, 117,
       25, 103, 112, 14, 103, 184, 104, 168, 107, 76, 215, 115, 9, 16,
       148, 76, 108, 110, 193, 176, 217, 46, 229, 188, 37, 4, 72, 179,
       67, 33, 45, 165, 49, 65, 245, 127, 243, 139, 95, 241, 45, 24, 214,
       61, 68, 180, 145, 30, 66, 56, 17, 120, 121, 22, 79, 223, 5, 119,
       210, 11, 199, 162, 100, 99, 57, 103, 116, 15, 71, 184, 96, 172,
       111, 8, 210, 81, 9, 48, 152, 76, 68, 106, 72, 176, 233, 30, 101,
       156, 37, 52, 64, 179, 70, 160, 29, 110, 252, 115, 178, 63, 79,
       158, 118, 167, 102, 20, 211, 98, 211, 56, 51, 206, 76, 62, 174,
