%YAML:1.0
---
descriptors: !!opencv-matrix
   rows: 28
   cols: 32
   dt: u
   data: [ 205, 117, 16, 71, 241, 126, 54, 184, 121, 232, 107, 12, 222,
       114, 13, 180, 145, 76, 80, 106, 229, 240, 217, 110, 39, 254, 5, 6,
       74, 115, 75, 135, 252, 174, 252, 82, 168, 173, 69, 222, 178, 191,
       164, 24, 51, 231, 64, 27, 13, 242, 109, 24, 58, 111, 234, 50, 219,
       203, 117, 125, 224, 241, 198, 43, 237, 113, 189, 103, 44, 78, 87,
       184, 105, 250, 183, 72, 215, 117, 217, 51, 150, 212, 124, 106,
       201, 112, 249, 40, 231, 249, 101, 52, 66, 243, 198, 113, 248, 188,
       220, 118, 168, 105, 85, 255, 179, 191, 164, 189, 103, 247, 66, 27,
       1, 246, 237, 0, 56, 79, 202, 34, 219, 195, 117, 121, 226, 224,
       206, 27, 190, 237, 246, 239, 254, 27, 254, 248, 127, 162, 255,
       130, 207, 110, 157, 113, 127, 207, 127, 234, 248, 243, 237, 254,
       190, 255, 207, 180, 247, 251, 243, 133, 150, 237, 246, 255, 254,
       43, 254, 236, 191, 178, 251, 18, 239, 234, 61, 65, 255, 231, 127,
       227, 248, 243, 201, 254, 190, 254, 207, 148, 165, 123, 225, 129,
       144, 175, 206, 255, 190, 171, 111, 255, 118, 179, 218, 242, 243,
       227, 152, 65, 123, 238, 110, 168, 186, 250, 207, 255, 252, 174,
       247, 196, 165, 232, 240, 168, 236, 180, 188, 251, 173, 125, 81,
       152, 91, 59, 181, 24, 223, 125, 72, 59, 153, 146, 253, 58, 58,
       102, 251, 147, 207, 223, 81, 127, 210, 73, 214, 18, 92, 240, 188,
       226, 40, 205, 89, 152, 171, 248, 183, 8, 223, 215, 73, 114, 134,
       213, 125, 90, 202, 3, 251, 49, 219, 217, 97, 252, 32, 131, 6, 115,
       252, 180, 244, 254, 173, 63, 87, 188, 255, 187, 189, 24, 223, 249,
       93, 59, 217, 214, 125, 122, 186, 103, 251, 187, 251, 223, 101,
       126, 194, 251, 210, 35, 252, 254, 222, 118, 168, 173, 85, 222,
       178, 191, 164, 61, 55, 243, 66, 27, 7, 246, 109, 24, 58, 79, 218,
       51, 219, 195, 117, 57, 232, 209, 206, 59, 236, 253, 188, 126, 185,
       221, 23, 238, 215, 94, 173, 25, 190, 253, 99, 27, 137, 114, 249,
       82, 122, 111, 250, 191, 235, 215, 85, 123, 210, 95, 198, 123, 220,
       92, 125, 247, 44, 14, 125, 188, 180, 186, 182, 48, 247, 119, 137,
       123, 39, 245, 125, 106, 233, 197, 233, 46, 199, 235, 99, 148, 32,
       241, 64, 57, 204, 28, 188, 247, 40, 110, 123, 26, 56, 186, 183,
       56, 223, 119, 73, 123, 151, 244, 125, 42, 169, 212, 251, 2, 199,
       251, 113, 148, 160, 241, 70, 115, 16, 173, 122, 239, 180, 171,
       127, 255, 52, 160, 254, 130, 247, 111, 16, 64, 126, 255, 31, 233,
       154, 184, 73, 63, 236, 237, 175, 192, 36, 250, 161, 41, 220, 221,
       188, 247, 172, 46, 95, 189, 191, 186, 191, 56, 223, 247, 73, 91,
       247, 215, 125, 122, 248, 69, 251, 162, 251, 251, 103, 180, 130,
       243, 131, 51, 149, 142, 207, 247, 246, 43, 111, 191, 118, 226,
       122, 246, 243, 97, 144, 113, 127, 238, 126, 190, 249, 252, 109,
       127, 236, 239, 247, 196, 237, 248, 208, 169, 252, 253, 188, 118,
       172, 127, 95, 188, 187, 186, 183, 24, 223, 127, 73, 59, 151, 215,
       125, 122, 233, 103, 251, 58, 251, 251, 101, 60, 194, 243, 199, 51,
       84, 81, 188, 231, 172, 11, 127, 184, 174, 168, 159, 32, 215, 127,
       73, 66, 246, 213, 125, 107, 200, 161, 203, 40, 232, 237, 47, 148,
       164, 187, 1, 1, 220, 241, 188, 231, 44, 14, 127, 184, 166, 168,
       151, 32, 223, 87, 201, 82, 182, 213, 125, 122, 200, 1, 203, 32,
       235, 249, 47, 148, 32, 179, 1, 51, 182, 236, 214, 191, 236, 47,
       236, 202, 191, 179, 243, 18, 206, 234, 93, 91, 235, 207, 127, 147,
       58, 247, 203, 242, 157, 250, 223, 180, 229, 121, 115, 128, 96,
       172, 218, 255, 236, 169, 236, 207, 62, 35, 248, 2, 181, 234, 84,
       88, 123, 239, 127, 145, 18, 190, 203, 243, 220, 239, 255, 232,
       149, 74, 227, 136, 226, 164, 214, 223, 236, 169, 236, 207, 191,
       179, 243, 18, 236, 234, 92, 91, 111, 207, 127, 145, 50, 127, 203,
       243, 158, 186, 223, 252, 149, 200, 227, 136, 232, 252, 188, 122,
       169, 253, 87, 190, 223, 127, 172, 24, 190, 255, 64, 59, 133, 115,
       253, 82, 114, 108, 250, 183, 239, 219, 85, 123, 210, 89, 199, 123,
       220, 28, 189, 247, 168, 110, 121, 26, 185, 186, 183, 56, 223, 119,
       73, 123, 167, 245, 125, 58, 161, 197, 251, 2, 199, 251, 115, 144,
       128, 225, 7, 115, 248, 113, 60, 112, 41, 237, 81, 29, 235, 57,
       181, 24, 159, 159, 64, 59, 132, 149, 253, 88, 138, 103, 242, 16,
       211, 217, 112, 125, 194, 1, 198, 51, 220, 52, 191, 247, 168, 110,
       121, 27, 186, 187, 191, 28, 223, 247, 73, 123, 167, 87, 125, 24,
       57, 197, 251, 2, 203, 255, 117, 212, 128, 225, 7, 115, 88, 245,
       188, 96, 168, 109, 85, 191, 235, 185, 174, 8, 159, 191, 72, 58,
       133, 215, 125, 24, 26, 105, 243, 0, 251, 223, 117, 125, 192, 208,
       135, 59 ]
keypoints: !!opencv-matrix
   rows: 28
   cols: 2
   dt: d
   data: [ 242., 218., 271., 214., 186., 4.6800003051757813e+01,
       2.6880001831054688e+02, 4.6800003051757813e+01,
       1.8840000915527344e+02, 9.2400001525878906e+01,
       1.1520000457763672e+02, 1.0680000305175781e+02,
       5.4000003814697266e+01, 2.0640000915527344e+02,
       1.8432000732421875e+02, 5.4720001220703125e+01,
       1.9152000427246094e+02, 1.1376000213623047e+02,
       1.2240000152587891e+02, 5.9040000915527344e+01,
       2.7072000122070313e+02, 2.1312001037597656e+02,
       1.1232000732421875e+02, 1.3391999816894531e+02,
       1.2528000640869141e+02, 1.2960000610351563e+02,
       1.2240000152587891e+02, 1.2960000610351563e+02,
       1.3248001098632813e+02, 1.2816000366210938e+02,
       1.1376000213623047e+02, 6.7680000305175781e+01,
       5.7600002288818359e+01, 2.5056001281738281e+02,
       1.1404801177978516e+02, 6.2208007812500000e+01,
       1.9008001708984375e+02, 1.0368000793457031e+02,
       1.9008001708984375e+02, 1.0713600921630859e+02,
       1.6243202209472656e+02, 1.2441601562500000e+02,
       1.4342401123046875e+02, 1.2614401245117188e+02,
       1.5033601379394531e+02, 1.2614401245117188e+02,
       1.1404801177978516e+02, 1.2960000610351563e+02,
       1.2268801116943359e+02, 1.3132801818847656e+02,
       1.8662402343750000e+02, 1.1819521331787109e+02,
       1.2234241485595703e+02, 1.3271041870117188e+02,
       1.2182818603515625e+02, 1.2182818603515625e+02 ]
