%YAML:1.0
---
descriptors: !!opencv-matrix
   rows: 213
   cols: 32
   dt: u
   data: [ 150, 236, 254, 255, 254, 171, 254, 254, 191, 178, 250, 26,
       255, 235, 125, 91, 255, 247, 127, 195, 234, 247, 203, 251, 254,
       223, 255, 156, 165, 251, 225, 138, 228, 112, 241, 101, 96, 78,
       111, 24, 33, 174, 39, 8, 211, 23, 201, 63, 20, 212, 109, 106, 73,
       212, 249, 8, 231, 184, 101, 36, 66, 243, 70, 96, 240, 170, 254,
       120, 136, 233, 81, 215, 179, 21, 164, 57, 55, 183, 64, 26, 1, 178,
       229, 16, 58, 75, 226, 51, 219, 131, 116, 121, 240, 192, 198, 106,
       77, 54, 189, 167, 160, 46, 109, 57, 56, 251, 15, 244, 223, 55,
       138, 123, 23, 86, 124, 46, 177, 208, 249, 10, 204, 255, 119, 132,
       136, 226, 131, 113, 56, 173, 58, 124, 217, 201, 85, 231, 163, 5,
       236, 9, 62, 187, 34, 16, 160, 186, 193, 0, 78, 43, 146, 55, 243,
       229, 20, 11, 98, 16, 238, 202, 1, 117, 49, 71, 81, 78, 38, 184,
       125, 200, 107, 72, 254, 87, 5, 180, 144, 124, 80, 106, 193, 176,
       121, 108, 37, 188, 1, 2, 74, 51, 67, 176, 216, 16, 151, 116, 8,
       110, 65, 19, 165, 155, 162, 24, 215, 55, 0, 127, 1, 244, 108, 8,
       41, 69, 179, 0, 209, 163, 116, 16, 162, 240, 36, 51, 120, 184,
       191, 240, 43, 237, 81, 71, 163, 61, 164, 24, 63, 151, 64, 59, 163,
       179, 253, 16, 27, 111, 178, 17, 211, 209, 80, 123, 226, 0, 70,
       123, 36, 113, 17, 67, 85, 79, 103, 160, 107, 168, 43, 8, 214, 85,
       69, 180, 145, 92, 66, 106, 65, 240, 249, 12, 45, 156, 5, 54, 66,
       59, 70, 161, 232, 184, 181, 112, 169, 237, 81, 15, 171, 243, 164,
       24, 190, 151, 64, 63, 129, 54, 124, 24, 27, 111, 250, 80, 219,
       216, 85, 126, 194, 64, 70, 58, 92, 56, 151, 244, 137, 76, 85, 55,
       235, 179, 162, 24, 254, 183, 65, 255, 161, 119, 124, 8, 25, 77,
       179, 32, 217, 251, 85, 26, 130, 112, 135, 43, 217, 92, 149, 119,
       169, 126, 68, 55, 233, 242, 166, 24, 255, 51, 65, 255, 129, 102,
       104, 42, 105, 101, 211, 40, 131, 251, 85, 16, 74, 112, 195, 40,
       17, 140, 159, 245, 144, 174, 97, 23, 124, 3, 98, 80, 151, 51, 0,
       89, 129, 38, 104, 24, 57, 252, 81, 47, 205, 175, 114, 64, 200,
       128, 129, 40, 85, 85, 125, 103, 176, 78, 79, 184, 113, 234, 127,
       68, 211, 119, 137, 112, 54, 84, 28, 106, 233, 176, 121, 46, 227,
       239, 37, 132, 104, 243, 64, 49, 117, 85, 125, 103, 176, 78, 71,
       184, 97, 232, 191, 68, 215, 119, 137, 113, 54, 212, 124, 106, 201,
       129, 121, 44, 227, 237, 37, 148, 40, 243, 64, 49, 85, 85, 125,
       231, 176, 78, 79, 188, 36, 232, 191, 72, 215, 119, 137, 113, 86,
       214, 125, 106, 233, 129, 121, 46, 227, 237, 37, 148, 40, 243, 196,
       113, 149, 189, 123, 231, 180, 47, 111, 184, 54, 170, 91, 112, 215,
       119, 137, 96, 55, 95, 29, 106, 249, 144, 73, 62, 237, 237, 39,
       132, 160, 243, 129, 33, 85, 215, 61, 239, 176, 14, 79, 188, 36,
       168, 255, 96, 215, 119, 137, 112, 22, 214, 93, 106, 233, 144, 121,
       63, 233, 239, 39, 148, 32, 243, 128, 49, 148, 172, 254, 255, 238,
       169, 254, 254, 254, 179, 242, 90, 247, 233, 121, 91, 107, 247,
       127, 211, 186, 247, 203, 251, 254, 175, 255, 220, 165, 249, 225,
       128, 224, 188, 156, 218, 232, 237, 5, 143, 250, 59, 168, 24, 182,
       243, 72, 91, 129, 82, 106, 16, 51, 111, 218, 51, 253, 150, 85,
       124, 216, 88, 199, 42, 240, 32, 252, 116, 10, 105, 85, 82, 226,
       183, 180, 24, 51, 177, 67, 27, 11, 244, 108, 24, 56, 103, 202, 0,
       219, 137, 117, 57, 225, 249, 78, 2, 248, 184, 253, 114, 170, 253,
       81, 151, 163, 127, 164, 56, 55, 183, 66, 59, 39, 150, 252, 24, 58,
       79, 178, 49, 219, 235, 116, 121, 224, 192, 198, 123, 37, 180, 249,
       107, 240, 111, 103, 159, 114, 107, 125, 92, 83, 117, 200, 48, 29,
       90, 6, 56, 179, 54, 249, 55, 111, 142, 53, 108, 217, 219, 198,
       249, 97, 167, 1, 227, 212, 15, 106, 189, 53, 33, 107, 80, 243, 35,
       24, 244, 93, 206, 2, 188, 187, 184, 89, 127, 173, 188, 132, 68,
       203, 130, 194, 32, 80, 93, 63, 190, 25, 197, 151, 236, 134, 68,
       204, 3, 247, 255, 43, 65, 236, 243, 123, 195, 106, 11, 58, 61,
       241, 163, 222, 25, 16, 27, 37, 122, 33, 188, 49, 88, 221, 253,
       227, 79, 95, 65, 232, 16, 178, 156, 116, 180, 217, 170, 82, 24,
       147, 42, 114, 243, 29, 28, 16, 122, 217, 8, 242, 188, 88, 56, 186,
       112, 137, 205, 81, 87, 171, 189, 164, 12, 190, 147, 64, 26, 161,
       183, 237, 16, 26, 107, 146, 0, 219, 217, 20, 123, 202, 0, 71, 58,
       205, 116, 189, 101, 168, 126, 93, 191, 49, 254, 30, 28, 223, 63,
       219, 123, 151, 214, 125, 62, 249, 84, 249, 10, 239, 251, 117, 148,
       138, 241, 194, 113, 64, 140, 30, 186, 185, 172, 48, 167, 236, 25,
       138, 80, 188, 251, 32, 67, 163, 35, 109, 17, 54, 201, 27, 245,
       233, 243, 90, 67, 136, 0, 169, 11, 108, 228, 189, 122, 137, 77,
       87, 172, 98, 191, 165, 24, 214, 119, 72, 59, 153, 80, 104, 122,
       122, 98, 251, 49, 233, 219, 69, 127, 208, 115, 198, 98, 92, 184,
       149, 118, 138, 104, 69, 151, 162, 179, 162, 120, 215, 247, 72,
       122, 39, 214, 108, 24, 27, 73, 139, 32, 217, 226, 117, 84, 162,
       240, 134, 33, 229, 36, 253, 103, 160, 110, 125, 189, 121, 243, 39,
       24, 215, 63, 219, 123, 151, 214, 125, 62, 249, 208, 249, 10, 239,
       251, 117, 20, 192, 242, 198, 120, 97, 184, 177, 80, 201, 253, 80,
       207, 235, 249, 160, 24, 190, 149, 68, 62, 129, 178, 120, 24, 19,
       111, 250, 81, 159, 152, 85, 126, 202, 0, 66, 46, 120, 176, 119,
       248, 43, 232, 81, 71, 163, 93, 164, 57, 63, 151, 64, 26, 163, 179,
       253, 16, 27, 79, 178, 145, 211, 209, 112, 123, 162, 128, 166, 123,
       220, 112, 189, 114, 41, 108, 81, 152, 163, 183, 167, 24, 159, 215,
       73, 63, 37, 149, 108, 82, 11, 71, 250, 0, 211, 209, 81, 124, 162,
       177, 6, 35, 248, 170, 254, 112, 138, 233, 81, 87, 178, 23, 164,
       57, 55, 183, 64, 27, 3, 179, 229, 16, 58, 79, 194, 51, 219, 131,
       116, 121, 224, 192, 134, 43, 253, 231, 212, 100, 136, 27, 71, 188,
       115, 162, 174, 8, 83, 97, 137, 179, 17, 196, 108, 106, 105, 99,
       237, 42, 242, 235, 101, 52, 98, 243, 82, 32, 213, 86, 87, 87, 34,
       42, 79, 48, 48, 234, 187, 228, 83, 103, 129, 127, 55, 228, 108,
       238, 233, 213, 45, 46, 176, 170, 101, 144, 40, 243, 66, 49, 96,
       245, 25, 123, 153, 109, 71, 173, 126, 113, 41, 24, 246, 119, 72,
       48, 145, 90, 72, 16, 59, 104, 123, 55, 237, 158, 21, 127, 208, 82,
       198, 170, 216, 170, 191, 240, 138, 224, 81, 23, 163, 23, 164, 25,
       55, 167, 64, 91, 7, 182, 109, 144, 26, 79, 162, 17, 219, 227, 112,
       121, 162, 192, 166, 106, 244, 171, 124, 114, 154, 201, 85, 239,
       162, 53, 165, 184, 23, 231, 64, 27, 43, 146, 109, 16, 58, 75, 170,
       17, 251, 193, 117, 121, 224, 128, 198, 58, 1, 124, 19, 69, 81, 95,
       230, 52, 121, 200, 98, 76, 250, 16, 133, 180, 144, 124, 64, 106,
       197, 180, 245, 12, 37, 184, 4, 2, 74, 51, 75, 188, 248, 160, 253,
       122, 137, 237, 81, 223, 179, 23, 164, 24, 51, 247, 72, 27, 129,
       178, 236, 16, 58, 111, 250, 49, 219, 203, 113, 121, 226, 192, 198,
       34, 116, 34, 220, 112, 174, 41, 80, 86, 226, 191, 180, 57, 23,
       169, 66, 26, 139, 214, 236, 16, 30, 111, 194, 0, 218, 195, 117,
       121, 225, 232, 206, 3, 5, 87, 29, 103, 48, 14, 111, 184, 116, 234,
       127, 100, 215, 115, 137, 112, 54, 76, 60, 110, 225, 144, 125, 46,
       228, 239, 39, 132, 8, 243, 1, 49, 197, 113, 253, 103, 36, 78, 103,
       184, 104, 232, 191, 72, 211, 119, 201, 51, 22, 212, 124, 106, 201,
       240, 249, 8, 229, 169, 101, 20, 72, 243, 70, 49, 148, 236, 185,
       255, 180, 47, 111, 188, 62, 170, 95, 80, 215, 243, 217, 64, 119,
       95, 63, 106, 185, 144, 201, 62, 236, 239, 47, 132, 164, 243, 129,
       161, 248, 176, 188, 250, 173, 237, 85, 15, 219, 63, 165, 24, 191,
       253, 72, 59, 201, 18, 237, 0, 58, 111, 250, 145, 195, 219, 84,
       123, 210, 72, 198, 42, 252, 172, 253, 118, 136, 110, 69, 191, 178,
