%YAML:1.0
---
descriptors: !!opencv-matrix
   rows: 277
   cols: 32
   dt: u
   data: [ 120, 48, 253, 112, 40, 204, 81, 83, 163, 61, 164, 60, 55, 151,
       64, 27, 39, 180, 109, 24, 26, 75, 178, 16, 211, 225, 112, 120,
       226, 128, 6, 123, 247, 78, 78, 78, 108, 59, 78, 184, 249, 170,
       186, 204, 67, 104, 149, 182, 144, 196, 108, 110, 237, 167, 141,
       46, 50, 62, 65, 20, 77, 251, 90, 4, 245, 231, 76, 3, 180, 30, 78,
       172, 121, 175, 191, 221, 195, 104, 158, 49, 51, 198, 108, 126,
       252, 240, 205, 62, 170, 175, 37, 213, 237, 243, 218, 4, 205, 116,
       157, 119, 161, 110, 53, 128, 120, 234, 39, 24, 222, 49, 65, 58,
       145, 84, 104, 10, 97, 244, 185, 66, 197, 255, 85, 6, 202, 113, 71,
       35, 238, 172, 182, 252, 173, 253, 92, 255, 255, 219, 180, 24, 190,
       253, 124, 107, 205, 255, 255, 153, 186, 111, 242, 243, 255, 251,
       215, 123, 211, 220, 242, 130, 248, 188, 188, 248, 173, 253, 84,
       95, 255, 59, 180, 24, 191, 191, 68, 59, 205, 179, 255, 24, 186,
       111, 242, 147, 219, 219, 85, 123, 210, 72, 198, 43, 248, 176, 188,
       240, 41, 205, 89, 26, 187, 255, 180, 24, 159, 191, 72, 27, 133,
       149, 253, 16, 186, 79, 242, 209, 219, 251, 113, 127, 194, 0, 6,
       123, 92, 16, 188, 244, 168, 76, 89, 24, 191, 251, 183, 45, 223,
       255, 74, 91, 135, 213, 125, 16, 24, 65, 251, 128, 219, 251, 119,
       253, 130, 161, 7, 115, 252, 181, 253, 118, 136, 111, 69, 191, 242,
       191, 165, 24, 83, 55, 200, 59, 1, 214, 108, 42, 56, 111, 251, 46,
       251, 235, 117, 52, 224, 241, 198, 98, 92, 240, 188, 183, 172, 10,
       126, 184, 174, 250, 183, 33, 223, 127, 27, 75, 255, 213, 125, 227,
       232, 193, 203, 168, 206, 251, 239, 148, 164, 179, 33, 83, 253,
       113, 253, 103, 164, 78, 87, 48, 96, 232, 183, 76, 215, 119, 129,
       51, 22, 244, 124, 106, 233, 112, 249, 40, 231, 233, 101, 20, 104,
       243, 66, 113, 72, 181, 149, 99, 157, 109, 80, 159, 127, 59, 41,
       24, 222, 51, 72, 248, 145, 22, 104, 48, 59, 120, 219, 151, 207,
       223, 21, 119, 146, 72, 196, 2, 104, 189, 180, 252, 157, 237, 84,
       167, 219, 27, 172, 24, 174, 185, 68, 18, 201, 226, 249, 17, 58,
       107, 210, 179, 251, 223, 84, 123, 210, 88, 214, 10, 220, 212, 188,
       126, 139, 109, 23, 168, 179, 54, 165, 24, 78, 115, 8, 95, 49, 214,
       232, 98, 122, 103, 187, 55, 251, 227, 69, 127, 114, 115, 134, 34,
       105, 253, 184, 115, 217, 253, 87, 159, 123, 119, 44, 28, 190, 52,
       70, 182, 129, 74, 240, 24, 183, 104, 251, 55, 111, 223, 21, 127,
       202, 84, 207, 254, 248, 169, 250, 112, 138, 201, 81, 247, 163,
       181, 164, 184, 55, 215, 64, 18, 35, 247, 237, 16, 26, 75, 170, 32,
       219, 193, 53, 125, 226, 128, 134, 106, 205, 20, 157, 245, 129,
       126, 113, 19, 121, 251, 47, 20, 158, 55, 67, 251, 133, 87, 120,
       24, 177, 220, 241, 66, 207, 251, 86, 6, 138, 96, 139, 113, 237,
       116, 189, 103, 173, 79, 71, 184, 89, 250, 167, 24, 214, 113, 73,
       59, 145, 84, 124, 106, 105, 100, 249, 42, 231, 219, 69, 54, 64,
       123, 86, 34, 117, 95, 89, 103, 176, 14, 79, 184, 112, 232, 127,
       108, 211, 97, 153, 112, 22, 68, 92, 110, 233, 176, 125, 46, 228,
       239, 37, 144, 104, 243, 66, 49, 236, 112, 189, 99, 45, 111, 81,
       152, 123, 254, 37, 24, 223, 85, 73, 59, 145, 212, 124, 122, 43,
       116, 249, 0, 207, 219, 101, 52, 194, 251, 70, 114, 216, 141, 93,
       244, 168, 74, 76, 167, 176, 182, 162, 153, 255, 35, 0, 211, 35,
       231, 109, 42, 120, 79, 195, 47, 248, 227, 101, 17, 32, 224, 135,
       40, 108, 181, 145, 99, 185, 63, 80, 25, 123, 187, 41, 88, 222,
       115, 72, 248, 145, 30, 108, 48, 62, 112, 217, 146, 207, 223, 21,
       118, 218, 74, 202, 3, 253, 121, 189, 103, 40, 78, 87, 144, 97,
       250, 167, 8, 215, 23, 65, 59, 132, 244, 124, 106, 201, 229, 249,
       40, 243, 249, 101, 52, 96, 243, 70, 51, 104, 176, 188, 123, 173,
       253, 81, 31, 127, 59, 165, 24, 223, 125, 72, 59, 153, 154, 253,
       24, 58, 106, 251, 145, 207, 219, 80, 127, 210, 72, 198, 34, 37,
       125, 7, 87, 29, 143, 102, 248, 86, 160, 107, 0, 211, 241, 113, 33,
       89, 108, 34, 106, 105, 240, 88, 62, 173, 158, 5, 36, 88, 59, 80,
       160, 115, 221, 151, 30, 137, 212, 6, 166, 185, 86, 234, 77, 238,
       246, 34, 215, 197, 102, 232, 70, 125, 75, 219, 111, 185, 54, 94,
       26, 152, 117, 167, 124, 44, 190, 156, 50, 201, 173, 144, 202, 154,
       191, 33, 29, 174, 251, 75, 155, 133, 115, 235, 19, 54, 107, 218,
       50, 223, 215, 93, 123, 216, 75, 139, 147, 69, 70, 148, 39, 160,
       62, 110, 152, 120, 170, 43, 68, 207, 98, 201, 218, 151, 69, 108,
       126, 228, 208, 205, 74, 172, 255, 103, 4, 128, 243, 11, 5, 69,
       245, 149, 71, 185, 15, 102, 184, 106, 248, 43, 76, 246, 113, 73,
       182, 145, 84, 104, 122, 195, 96, 219, 61, 173, 158, 5, 118, 72,
       51, 67, 19, 84, 97, 80, 101, 34, 10, 238, 168, 105, 160, 107, 72,
       79, 104, 29, 144, 178, 213, 104, 99, 64, 240, 137, 78, 180, 254,
       5, 22, 101, 51, 75, 0, 38, 101, 214, 207, 221, 111, 238, 232, 63,
       162, 233, 2, 206, 234, 93, 81, 249, 205, 123, 243, 40, 243, 219,
       254, 191, 190, 207, 52, 213, 123, 243, 128, 69, 112, 17, 69, 65,
       78, 97, 16, 104, 224, 99, 8, 214, 17, 9, 50, 144, 20, 64, 106, 65,
       240, 241, 8, 5, 184, 1, 4, 72, 35, 67, 34, 38, 229, 198, 159, 252,
       11, 238, 236, 63, 163, 251, 2, 232, 234, 60, 80, 123, 239, 127,
       227, 104, 243, 203, 255, 190, 190, 207, 164, 213, 123, 243, 128,
       60, 101, 238, 239, 124, 11, 238, 248, 46, 160, 251, 2, 255, 235,
       29, 82, 250, 205, 127, 227, 200, 243, 207, 253, 254, 239, 239,
       148, 117, 187, 114, 128, 104, 173, 16, 58, 153, 205, 22, 175, 143,
       21, 168, 9, 174, 185, 64, 144, 129, 123, 202, 80, 86, 106, 210,
       183, 175, 212, 20, 123, 210, 92, 142, 10, 84, 189, 253, 114, 155,
       232, 17, 203, 162, 181, 173, 56, 19, 247, 72, 26, 35, 151, 232,
       144, 26, 107, 186, 48, 219, 197, 21, 127, 224, 65, 166, 98, 120,
       176, 188, 240, 41, 204, 89, 24, 187, 185, 180, 24, 159, 159, 72,
       27, 132, 149, 253, 16, 42, 79, 242, 209, 219, 251, 113, 127, 194,
       0, 71, 115, 248, 180, 188, 248, 45, 253, 80, 83, 255, 59, 180, 24,
       190, 191, 68, 59, 133, 179, 253, 16, 58, 111, 242, 211, 219, 223,
       80, 123, 210, 72, 71, 27, 234, 252, 180, 252, 173, 173, 124, 255,
       191, 155, 180, 24, 174, 251, 84, 75, 201, 239, 127, 25, 58, 111,
       211, 243, 191, 219, 223, 126, 210, 216, 242, 138, 248, 188, 188,
       248, 173, 253, 80, 87, 255, 59, 188, 24, 190, 189, 68, 27, 201,
       179, 255, 16, 186, 111, 242, 147, 219, 219, 86, 123, 210, 72, 214,
       27, 125, 207, 93, 103, 180, 14, 103, 184, 112, 234, 111, 76, 211,
       97, 153, 115, 21, 196, 108, 110, 233, 176, 105, 46, 238, 239, 101,
       20, 104, 243, 194, 33, 205, 113, 149, 101, 33, 78, 119, 56, 121,
       234, 103, 12, 222, 49, 73, 51, 144, 68, 124, 106, 225, 244, 249,
       10, 231, 251, 69, 6, 74, 115, 67, 51, 205, 116, 157, 103, 161, 78,
       117, 168, 120, 218, 103, 24, 222, 51, 9, 59, 145, 84, 104, 34, 97,
       244, 249, 66, 197, 187, 85, 6, 74, 113, 67, 35, 77, 181, 185, 99,
       180, 79, 71, 184, 114, 248, 47, 72, 215, 113, 217, 34, 17, 76,
       120, 122, 193, 112, 249, 18, 237, 207, 37, 116, 200, 251, 83, 33,
       73, 36, 189, 119, 129, 124, 113, 23, 121, 243, 47, 24, 158, 55,
       67, 123, 129, 70, 120, 24, 49, 220, 179, 66, 207, 255, 82, 0, 130,
       225, 195, 104, 100, 227, 57, 97, 112, 15, 103, 56, 104, 172, 111,
       72, 210, 3, 12, 16, 144, 4, 68, 110, 64, 176, 233, 12, 101, 152,
       37, 100, 64, 178, 198, 161, 221, 174, 140, 182, 168, 60, 84, 135,
       179, 243, 130, 221, 167, 235, 67, 219, 129, 231, 253, 21, 62, 79,
       202, 34, 218, 227, 253, 57, 168, 116, 154, 10, 248, 188, 142, 50,
       169, 189, 80, 215, 178, 187, 160, 29, 63, 243, 66, 155, 129, 231,
       237, 20, 62, 79, 154, 51, 218, 195, 117, 121, 168, 192, 138, 11,
