%YAML:1.0
---
descriptors: !!opencv-matrix
   rows: 132
   cols: 32
   dt: u
   data: [ 254, 180, 190, 250, 173, 253, 89, 200, 191, 95, 181, 25, 238,
       253, 110, 95, 221, 147, 255, 19, 58, 103, 234, 243, 219, 219, 82,
       255, 210, 77, 206, 247, 46, 148, 120, 251, 253, 253, 219, 217, 95,
       125, 253, 26, 219, 221, 62, 36, 223, 155, 151, 185, 187, 34, 123,
       247, 79, 223, 179, 255, 215, 207, 212, 243, 252, 188, 188, 246,
       173, 253, 93, 159, 255, 251, 182, 24, 127, 255, 66, 59, 133, 247,
       125, 24, 59, 111, 251, 51, 219, 219, 117, 125, 210, 248, 198, 123,
       205, 158, 253, 247, 172, 44, 127, 150, 254, 251, 182, 116, 223,
       63, 72, 123, 135, 86, 253, 30, 179, 109, 251, 98, 207, 251, 119,
       212, 202, 241, 195, 123, 252, 112, 252, 107, 11, 103, 83, 156, 55,
       182, 165, 9, 95, 95, 67, 219, 221, 213, 237, 242, 42, 102, 251,
       50, 219, 203, 101, 63, 242, 115, 78, 83, 237, 156, 247, 255, 244,
       191, 239, 159, 127, 251, 126, 86, 253, 243, 220, 109, 51, 238,
       126, 28, 179, 252, 255, 243, 254, 255, 119, 196, 191, 249, 241,
       241, 216, 184, 191, 254, 169, 237, 93, 223, 183, 95, 180, 24, 255,
       247, 64, 59, 165, 243, 125, 24, 59, 111, 250, 49, 219, 251, 117,
       249, 226, 80, 135, 123, 137, 22, 253, 245, 164, 46, 125, 31, 125,
       251, 118, 116, 223, 63, 145, 123, 199, 215, 127, 44, 177, 252,
       113, 66, 199, 251, 116, 132, 174, 249, 130, 241, 13, 87, 149, 231,
       180, 14, 111, 184, 124, 232, 127, 68, 223, 119, 137, 96, 54, 84,
       62, 110, 225, 144, 121, 110, 237, 175, 39, 132, 8, 243, 129, 49,
       205, 86, 21, 231, 48, 78, 111, 184, 124, 232, 114, 116, 223, 87,
       137, 241, 182, 93, 124, 106, 225, 212, 121, 110, 165, 187, 39,
       132, 8, 177, 1, 49, 175, 114, 233, 83, 237, 125, 255, 216, 91,
       255, 181, 30, 219, 124, 223, 46, 221, 200, 247, 127, 191, 118,
       255, 178, 79, 95, 229, 252, 215, 255, 214, 245, 204, 180, 189,
       254, 172, 237, 121, 152, 255, 251, 181, 92, 254, 255, 74, 123,
       133, 119, 125, 26, 179, 101, 186, 243, 203, 251, 119, 254, 202,
       225, 79, 115, 157, 22, 127, 245, 36, 46, 105, 59, 125, 234, 247,
       116, 223, 63, 145, 121, 127, 157, 126, 47, 169, 244, 117, 142,
       199, 251, 227, 132, 108, 233, 65, 113, 62, 191, 190, 223, 253, 94,
       255, 252, 191, 252, 254, 39, 238, 254, 78, 246, 255, 255, 255,
       211, 175, 243, 251, 255, 191, 255, 207, 215, 195, 126, 239, 247,
       252, 180, 252, 234, 173, 125, 82, 216, 19, 63, 181, 25, 79, 127,
       78, 155, 153, 209, 237, 50, 62, 103, 219, 179, 219, 219, 65, 127,
       243, 79, 206, 82, 124, 117, 56, 230, 168, 79, 95, 184, 33, 238,
       189, 9, 87, 119, 75, 19, 150, 213, 125, 106, 72, 67, 249, 40, 251,
       201, 101, 189, 32, 243, 78, 115, 126, 101, 118, 239, 125, 11, 254,
       232, 125, 160, 251, 10, 207, 234, 61, 81, 254, 205, 127, 227, 232,
       243, 201, 254, 182, 254, 143, 150, 119, 191, 98, 129, 252, 112,
       252, 99, 169, 95, 87, 152, 115, 190, 165, 8, 223, 95, 75, 27, 221,
       213, 253, 122, 104, 102, 249, 56, 247, 203, 101, 61, 242, 243, 78,
       115, 118, 101, 246, 239, 221, 79, 254, 232, 127, 162, 255, 10,
       204, 255, 29, 80, 249, 221, 255, 227, 104, 243, 219, 250, 191,
       254, 207, 23, 87, 123, 103, 130, 126, 101, 246, 239, 205, 79, 254,
       232, 63, 166, 251, 11, 206, 255, 45, 81, 251, 221, 255, 227, 104,
       243, 219, 254, 191, 255, 207, 55, 3, 127, 119, 130, 221, 188, 189,
       246, 168, 108, 93, 159, 187, 59, 182, 56, 255, 247, 72, 123, 135,
       215, 125, 24, 58, 77, 251, 33, 219, 251, 119, 220, 128, 224, 131,
       43, 141, 174, 237, 255, 252, 190, 237, 254, 127, 251, 118, 214,
       253, 235, 218, 105, 127, 110, 126, 157, 183, 252, 255, 255, 238,
       255, 255, 128, 252, 248, 209, 249, 141, 188, 255, 247, 252, 191,
       237, 191, 127, 251, 246, 86, 255, 243, 220, 235, 59, 238, 126,
       156, 179, 252, 255, 243, 238, 255, 119, 196, 223, 248, 225, 241,
       141, 188, 255, 255, 236, 111, 237, 251, 127, 251, 118, 114, 221,
       247, 217, 105, 127, 255, 126, 152, 179, 244, 255, 243, 255, 255,
       247, 196, 238, 240, 227, 177, 204, 188, 255, 255, 236, 111, 111,
       250, 191, 250, 247, 254, 255, 247, 201, 123, 127, 255, 127, 154,
       51, 247, 251, 243, 255, 255, 119, 236, 182, 249, 165, 241, 252,
       184, 191, 118, 173, 221, 81, 222, 251, 251, 180, 24, 63, 255, 64,
       59, 133, 247, 253, 24, 59, 111, 250, 177, 219, 219, 117, 121, 210,
       72, 198, 123, 26, 223, 254, 190, 187, 208, 191, 254, 191, 95, 126,
       247, 236, 254, 174, 194, 167, 115, 255, 193, 247, 203, 186, 227,
       186, 247, 126, 203, 190, 85, 173, 223, 201, 217, 253, 247, 160,
       110, 125, 151, 191, 251, 182, 116, 223, 63, 144, 123, 167, 87,
       127, 28, 177, 248, 115, 96, 239, 251, 118, 212, 136, 209, 193,
       123, 201, 23, 125, 245, 164, 110, 125, 59, 125, 251, 255, 116,
       223, 63, 144, 123, 119, 135, 127, 44, 185, 212, 113, 136, 198,
       251, 114, 132, 172, 224, 193, 113, 13, 223, 253, 229, 180, 78,
       111, 190, 116, 238, 126, 100, 255, 119, 145, 112, 87, 126, 62,
       110, 225, 184, 105, 47, 238, 239, 37, 132, 42, 242, 197, 121, 205,
       95, 53, 101, 180, 94, 111, 184, 124, 232, 118, 84, 223, 119, 129,
       245, 22, 84, 124, 106, 225, 212, 121, 46, 239, 251, 103, 132, 10,
       177, 65, 113, 205, 20, 149, 117, 161, 126, 101, 59, 125, 250, 103,
       84, 222, 119, 137, 255, 149, 86, 252, 42, 177, 212, 249, 202, 135,
       251, 81, 6, 138, 97, 3, 117, 143, 244, 255, 247, 252, 62, 127,
       248, 127, 250, 247, 246, 253, 255, 221, 107, 255, 255, 127, 255,
       241, 215, 251, 255, 255, 255, 239, 212, 142, 251, 225, 241, 84,
       83, 147, 101, 18, 14, 38, 56, 40, 168, 107, 76, 214, 51, 9, 208,
       180, 85, 108, 98, 65, 145, 153, 12, 181, 164, 33, 4, 40, 51, 3,
       49, 119, 125, 146, 142, 221, 95, 246, 236, 191, 130, 251, 11, 110,
       250, 39, 244, 249, 255, 254, 227, 109, 227, 219, 254, 187, 246,
       143, 27, 75, 127, 106, 134, 190, 255, 254, 255, 253, 255, 255,
       255, 223, 255, 252, 63, 238, 255, 126, 96, 255, 255, 255, 227,
       254, 251, 123, 255, 255, 255, 231, 255, 215, 126, 247, 251, 212,
       221, 188, 165, 188, 110, 95, 190, 54, 238, 158, 21, 215, 127, 27,
       67, 247, 215, 125, 103, 236, 193, 249, 46, 235, 239, 111, 149,
       160, 240, 141, 91, 220, 89, 188, 166, 168, 94, 95, 184, 174, 254,
       143, 13, 215, 127, 75, 91, 151, 213, 253, 99, 76, 65, 251, 32,
       251, 227, 111, 149, 32, 115, 141, 83, 38, 205, 98, 143, 212, 131,
       174, 228, 86, 64, 121, 2, 104, 232, 53, 0, 120, 107, 19, 195, 194,
       186, 12, 255, 60, 12, 143, 136, 85, 63, 240, 200, 124, 117, 188,
       230, 168, 78, 95, 184, 35, 254, 191, 13, 223, 127, 75, 83, 150,
       213, 125, 106, 72, 67, 251, 40, 251, 233, 101, 189, 32, 243, 78,
       83, 124, 125, 124, 231, 168, 79, 95, 184, 33, 236, 191, 9, 215,
       119, 75, 19, 22, 212, 125, 106, 104, 114, 249, 44, 243, 201, 101,
       181, 32, 243, 70, 115, 108, 85, 125, 103, 180, 78, 95, 184, 48,
       238, 254, 8, 215, 119, 11, 50, 30, 212, 125, 106, 233, 176, 121,
       46, 239, 239, 37, 148, 96, 243, 70, 115, 118, 109, 119, 239, 126,
       11, 254, 232, 61, 160, 251, 10, 207, 234, 61, 81, 254, 205, 127,
       227, 104, 179, 93, 238, 182, 254, 143, 148, 101, 187, 115, 128,
       54, 109, 119, 239, 254, 11, 254, 232, 61, 160, 251, 10, 207, 234,
       61, 80, 254, 237, 127, 227, 104, 179, 93, 254, 182, 254, 143, 20,
       53, 187, 113, 128, 54, 229, 114, 239, 254, 11, 254, 236, 63, 160,
       251, 10, 239, 235, 61, 80, 250, 207, 127, 227, 72, 179, 201, 254,
       191, 252, 143, 21, 119, 187, 241, 128, 54, 229, 114, 239, 221, 15,
       238, 236, 63, 160, 251, 10, 207, 235, 61, 80, 250, 207, 127, 227,
       72, 179, 201, 255, 191, 254, 143, 53, 119, 123, 243, 128, 118,
       229, 114, 239, 221, 15, 254, 232, 63, 160, 251, 10, 206, 234, 61,
       80, 251, 205, 127, 227, 72, 243, 217, 254, 191, 254, 143, 63, 69,
