%YAML:1.0
---
descriptors: !!opencv-matrix
   rows: 207
   cols: 32
   dt: u
   data: [ 108, 116, 181, 67, 169, 111, 71, 137, 122, 251, 39, 24, 214,
       115, 73, 63, 145, 84, 120, 58, 49, 68, 249, 34, 205, 190, 69, 116,
       194, 115, 198, 98, 44, 117, 57, 103, 29, 79, 71, 168, 64, 228,
       111, 8, 211, 117, 9, 48, 216, 92, 81, 106, 73, 176, 249, 46, 229,
       253, 5, 52, 80, 59, 86, 242, 100, 229, 156, 122, 141, 77, 87, 168,
       34, 187, 173, 24, 214, 119, 75, 26, 153, 210, 105, 122, 122, 98,
       219, 51, 235, 159, 69, 125, 210, 123, 198, 34, 246, 253, 150, 154,
       153, 205, 22, 232, 159, 152, 169, 25, 230, 242, 105, 148, 217,
       123, 234, 66, 46, 67, 218, 127, 185, 22, 13, 123, 208, 123, 175,
       6, 145, 134, 77, 101, 176, 42, 98, 59, 116, 163, 98, 212, 211, 35,
       144, 112, 19, 206, 44, 60, 57, 188, 69, 14, 172, 174, 49, 68, 232,
       224, 64, 32, 249, 190, 156, 50, 168, 173, 89, 223, 179, 255, 180,
       189, 191, 247, 66, 27, 135, 243, 253, 20, 191, 79, 202, 51, 218,
       195, 117, 249, 170, 212, 142, 91, 120, 188, 187, 112, 153, 237,
       81, 87, 171, 21, 172, 24, 55, 183, 64, 58, 161, 50, 108, 16, 26,
       107, 178, 17, 219, 197, 16, 123, 226, 64, 198, 107, 93, 149, 159,
       101, 42, 78, 69, 57, 224, 218, 166, 64, 215, 115, 136, 115, 50,
       212, 124, 106, 121, 193, 249, 12, 241, 235, 101, 20, 104, 240, 98,
       49, 209, 166, 189, 117, 172, 46, 221, 187, 250, 190, 178, 56, 247,
       104, 208, 43, 135, 87, 108, 41, 248, 237, 235, 14, 201, 171, 117,
       20, 192, 232, 3, 41, 101, 152, 189, 94, 136, 236, 149, 175, 206,
       211, 160, 16, 242, 244, 36, 123, 193, 114, 104, 0, 23, 105, 251,
       49, 75, 186, 85, 90, 208, 120, 197, 34, 92, 69, 174, 230, 133, 70,
       126, 168, 48, 166, 207, 3, 95, 115, 25, 82, 112, 212, 249, 234,
       72, 211, 137, 138, 243, 231, 207, 5, 34, 115, 124, 34, 76, 117,
       121, 103, 114, 78, 63, 184, 57, 228, 111, 173, 223, 71, 139, 16,
       150, 93, 205, 110, 65, 208, 249, 78, 239, 191, 37, 4, 66, 179, 7,
       113, 77, 113, 56, 101, 49, 30, 119, 56, 105, 236, 127, 76, 223,
       81, 155, 180, 148, 76, 236, 110, 197, 176, 249, 12, 231, 253, 33,
       4, 74, 183, 67, 117, 208, 184, 156, 48, 136, 236, 17, 143, 230,
       123, 166, 24, 183, 243, 64, 59, 129, 119, 108, 17, 59, 109, 219,
       49, 201, 131, 119, 120, 232, 64, 135, 10, 129, 170, 151, 155, 236,
       169, 236, 135, 254, 19, 34, 208, 181, 226, 240, 74, 99, 106, 106,
       28, 51, 109, 207, 113, 140, 2, 119, 104, 152, 192, 129, 168, 210,
       174, 150, 176, 169, 169, 16, 199, 187, 19, 160, 89, 174, 162, 64,
       223, 163, 167, 236, 17, 62, 79, 130, 115, 152, 242, 94, 123, 136,
       68, 139, 14, 248, 56, 255, 112, 42, 201, 65, 82, 162, 157, 164,
       56, 55, 151, 64, 27, 38, 176, 108, 24, 10, 111, 162, 0, 217, 193,
       113, 120, 96, 128, 70, 107, 208, 156, 31, 220, 136, 110, 69, 55,
       160, 90, 166, 80, 119, 55, 128, 123, 37, 246, 124, 42, 121, 73,
       179, 45, 209, 235, 112, 16, 40, 224, 132, 56, 104, 176, 49, 81,
       105, 221, 113, 19, 235, 57, 32, 8, 150, 149, 68, 188, 128, 24, 64,
       16, 3, 120, 242, 17, 15, 216, 16, 126, 66, 0, 71, 171, 240, 34,
       255, 100, 10, 107, 81, 80, 160, 166, 165, 24, 19, 151, 65, 59, 36,
       180, 76, 40, 40, 199, 160, 8, 211, 201, 112, 57, 96, 160, 70, 98,
       76, 112, 185, 82, 105, 124, 49, 8, 235, 218, 37, 8, 158, 215, 77,
       59, 128, 93, 96, 82, 3, 102, 250, 64, 71, 217, 81, 46, 194, 115,
       71, 163, 88, 176, 156, 48, 169, 105, 20, 143, 170, 63, 164, 57,
       143, 179, 74, 155, 135, 23, 237, 16, 62, 77, 195, 17, 219, 211,
       85, 127, 128, 68, 143, 27, 74, 190, 148, 178, 169, 185, 20, 143,
       187, 63, 168, 57, 174, 162, 66, 155, 133, 83, 236, 17, 54, 75,
       202, 49, 187, 211, 92, 127, 144, 84, 143, 11, 216, 166, 156, 48,
       171, 41, 20, 143, 186, 63, 164, 57, 143, 163, 74, 27, 135, 151,
       237, 16, 58, 79, 203, 19, 219, 211, 117, 127, 160, 64, 143, 11,
       241, 188, 245, 118, 169, 253, 84, 254, 251, 123, 176, 120, 58,
       252, 196, 55, 137, 247, 124, 0, 191, 111, 254, 243, 219, 218, 117,
       187, 235, 196, 198, 255, 221, 89, 31, 102, 8, 78, 71, 180, 224,
       210, 167, 72, 119, 115, 137, 115, 32, 244, 124, 106, 105, 101,
       187, 40, 241, 235, 101, 16, 104, 243, 194, 57, 249, 174, 252, 178,
       232, 189, 92, 223, 179, 123, 180, 185, 191, 255, 66, 27, 135, 243,
       253, 20, 190, 79, 202, 51, 219, 219, 117, 249, 162, 196, 138, 75,
       246, 174, 213, 82, 203, 169, 100, 207, 187, 179, 160, 91, 2, 235,
       76, 155, 169, 203, 98, 144, 62, 111, 138, 115, 28, 150, 213, 127,
       225, 80, 202, 134, 221, 102, 220, 71, 144, 62, 78, 152, 113, 171,
       175, 84, 203, 98, 159, 254, 51, 196, 108, 254, 173, 212, 237, 42,
       162, 239, 37, 21, 235, 243, 74, 4, 205, 230, 136, 147, 218, 40,
       39, 143, 114, 191, 15, 252, 209, 226, 202, 218, 113, 206, 234,
       146, 51, 94, 207, 34, 124, 7, 183, 236, 168, 113, 170, 193, 65,
       53, 25, 101, 17, 78, 103, 48, 104, 224, 106, 8, 214, 49, 1, 48,
       144, 84, 72, 106, 65, 176, 209, 12, 229, 190, 5, 6, 72, 34, 67,
       34, 85, 5, 95, 103, 20, 78, 103, 48, 100, 32, 235, 72, 83, 115,
       24, 112, 48, 196, 76, 106, 57, 177, 25, 47, 245, 174, 33, 16, 97,
       163, 64, 32, 116, 69, 150, 190, 139, 106, 22, 200, 185, 134, 235,
       9, 70, 242, 105, 223, 208, 245, 232, 98, 108, 67, 138, 10, 177,
       246, 69, 27, 176, 127, 46, 6, 69, 113, 157, 101, 1, 79, 53, 44,
       104, 224, 34, 8, 214, 49, 1, 50, 144, 84, 104, 104, 65, 240, 241,
       8, 229, 153, 69, 22, 72, 114, 67, 34, 76, 101, 120, 103, 114, 90,
       127, 184, 57, 160, 111, 136, 223, 87, 137, 48, 54, 221, 221, 110,
       64, 144, 233, 78, 231, 205, 37, 5, 98, 179, 7, 224, 69, 97, 120,
       101, 52, 31, 118, 56, 105, 160, 111, 9, 223, 89, 157, 48, 146, 76,
       125, 110, 196, 176, 237, 12, 230, 253, 33, 5, 68, 179, 90, 0, 248,
       168, 255, 116, 172, 236, 81, 87, 242, 27, 166, 24, 55, 247, 64,
       59, 129, 246, 124, 24, 58, 75, 242, 49, 219, 235, 116, 121, 224,
       192, 206, 106, 208, 184, 159, 122, 136, 237, 81, 151, 166, 19,
       166, 24, 183, 247, 64, 123, 1, 183, 108, 16, 58, 77, 211, 49, 217,
       163, 117, 121, 224, 64, 135, 42, 248, 190, 252, 120, 184, 233, 81,
       95, 147, 63, 164, 57, 51, 177, 66, 27, 9, 178, 236, 24, 58, 111,
       194, 19, 219, 195, 117, 121, 243, 200, 198, 11, 97, 48, 25, 65,
       97, 93, 48, 17, 105, 225, 36, 8, 158, 22, 68, 182, 128, 28, 72,
       24, 3, 112, 241, 0, 7, 217, 0, 118, 74, 2, 71, 166, 240, 34, 250,
       112, 10, 169, 81, 83, 160, 183, 164, 56, 23, 135, 64, 27, 35, 180,
       109, 16, 56, 79, 162, 0, 211, 195, 112, 121, 225, 192, 6, 114, 77,
       112, 177, 69, 105, 92, 117, 8, 233, 250, 37, 8, 158, 19, 77, 62,
       128, 92, 96, 74, 65, 100, 250, 64, 71, 249, 65, 46, 74, 115, 67,
       179, 101, 103, 49, 103, 52, 79, 103, 184, 104, 168, 123, 72, 211,
       97, 137, 176, 144, 84, 68, 106, 193, 176, 233, 14, 37, 156, 37,
       52, 64, 179, 70, 33, 209, 221, 95, 102, 168, 14, 71, 53, 224, 216,
       167, 76, 119, 115, 128, 115, 36, 228, 124, 110, 233, 233, 145, 44,
       241, 171, 100, 16, 104, 178, 194, 41, 244, 120, 223, 118, 42, 76,
       69, 148, 240, 210, 167, 120, 119, 247, 73, 123, 35, 244, 108, 106,
       105, 71, 187, 34, 209, 235, 117, 24, 96, 241, 70, 56, 250, 174,
       214, 178, 233, 173, 92, 223, 187, 59, 160, 89, 47, 235, 64, 31,
       167, 243, 125, 28, 186, 79, 202, 243, 219, 218, 85, 250, 130, 196,
       130, 11, 213, 89, 223, 118, 10, 78, 71, 184, 224, 210, 166, 88,
       119, 119, 137, 123, 34, 244, 108, 106, 105, 71, 187, 40, 243, 235,
       101, 28, 104, 177, 226, 48, 252, 112, 221, 116, 170, 74, 69, 58,
       176, 242, 166, 120, 87, 55, 193, 123, 35, 212, 108, 42, 105, 71,
       243, 10, 209, 235, 117, 28, 96, 240, 6, 49, 246, 170, 213, 82,
       203, 233, 100, 207, 187, 179, 160, 123, 2, 226, 76, 27, 169, 203,
