%YAML:1.0
---
descriptors: !!opencv-matrix
   rows: 145
   cols: 32
   dt: u
   data: [ 240, 188, 188, 112, 168, 237, 81, 23, 251, 59, 166, 24, 151,
       183, 64, 59, 129, 182, 108, 24, 59, 111, 242, 19, 219, 255, 117,
       121, 232, 192, 198, 59, 212, 221, 159, 246, 138, 110, 87, 184,
       160, 182, 175, 24, 87, 119, 9, 91, 33, 246, 109, 106, 120, 65,
       187, 44, 241, 227, 101, 20, 32, 243, 166, 34, 217, 184, 150, 184,
       169, 189, 80, 87, 235, 27, 160, 93, 175, 186, 64, 155, 165, 163,
       108, 20, 62, 111, 146, 49, 155, 251, 84, 122, 202, 68, 139, 11,
       193, 188, 158, 251, 168, 175, 37, 159, 190, 187, 182, 84, 247,
       243, 64, 123, 165, 119, 124, 24, 51, 237, 219, 51, 233, 171, 119,
       84, 136, 208, 129, 41, 109, 113, 185, 101, 188, 79, 71, 152, 74,
       232, 63, 104, 215, 49, 201, 50, 144, 84, 108, 122, 65, 112, 233,
       8, 239, 221, 37, 52, 192, 251, 70, 35, 37, 225, 129, 139, 220, 29,
       206, 220, 86, 97, 137, 76, 243, 224, 89, 164, 89, 202, 2, 126,
       159, 50, 222, 51, 188, 221, 135, 124, 216, 91, 218, 148, 21, 108,
       131, 161, 151, 107, 99, 198, 127, 226, 10, 2, 135, 48, 193, 172,
       59, 236, 76, 90, 13, 244, 109, 170, 172, 198, 7, 52, 228, 123, 81,
       164, 231, 50, 228, 21, 111, 62, 184, 24, 91, 242, 23, 223, 72,
       236, 223, 175, 63, 68, 251, 189, 165, 116, 255, 194, 30, 90, 203,
       182, 239, 237, 88, 212, 188, 167, 10, 163, 180, 171, 103, 255, 22,
       45, 125, 153, 199, 225, 106, 0, 217, 10, 135, 60, 122, 58, 73, 23,
       232, 197, 53, 101, 242, 202, 220, 130, 244, 20, 205, 166, 138, 98,
       87, 168, 16, 182, 139, 187, 87, 103, 73, 91, 81, 212, 105, 162,
       104, 71, 249, 10, 249, 163, 237, 53, 160, 115, 134, 98, 69, 101,
       57, 101, 48, 78, 111, 56, 104, 160, 107, 8, 223, 55, 17, 48, 16,
       84, 88, 106, 65, 240, 249, 78, 229, 188, 1, 4, 64, 179, 67, 32,
       252, 113, 253, 118, 136, 76, 69, 216, 227, 182, 165, 24, 83, 213,
       73, 59, 0, 212, 108, 74, 105, 103, 250, 32, 211, 201, 101, 60, 98,
       241, 198, 98, 120, 188, 188, 112, 169, 237, 81, 23, 242, 59, 172,
       24, 191, 177, 64, 59, 129, 182, 108, 24, 59, 111, 210, 19, 219,
       207, 117, 121, 234, 64, 202, 43, 192, 42, 140, 181, 168, 10, 109,
       23, 178, 187, 6, 253, 183, 167, 195, 27, 7, 110, 109, 28, 48, 220,
       195, 0, 204, 163, 247, 160, 128, 240, 151, 249, 66, 94, 173, 191,
       168, 230, 29, 183, 150, 222, 154, 245, 245, 110, 19, 75, 199, 119,
       125, 133, 232, 204, 211, 43, 225, 163, 255, 144, 140, 112, 181,
       91, 197, 190, 133, 21, 172, 44, 228, 151, 250, 251, 130, 92, 242,
       160, 213, 43, 1, 102, 104, 29, 177, 237, 223, 32, 12, 10, 117, 52,
       200, 232, 211, 41, 217, 188, 157, 247, 169, 252, 84, 191, 247,
       186, 166, 88, 255, 243, 64, 251, 133, 246, 124, 8, 57, 77, 219,
       35, 219, 251, 117, 24, 170, 240, 139, 59, 217, 156, 158, 255, 168,
       172, 116, 159, 190, 187, 134, 84, 255, 243, 64, 123, 167, 119,
       124, 24, 51, 77, 219, 51, 201, 235, 119, 16, 138, 64, 137, 59,
       248, 184, 253, 114, 168, 237, 81, 23, 178, 63, 165, 24, 55, 183,
       64, 27, 1, 182, 108, 24, 58, 111, 250, 49, 219, 235, 116, 120,
       224, 192, 134, 107, 37, 175, 200, 163, 220, 47, 207, 221, 18, 253,
       185, 207, 211, 225, 91, 16, 93, 202, 66, 255, 190, 114, 204, 63,
       108, 13, 165, 124, 217, 251, 218, 128, 252, 98, 140, 167, 168, 42,
       94, 136, 34, 182, 135, 185, 199, 97, 91, 27, 17, 196, 237, 119,
       108, 70, 207, 32, 202, 227, 237, 181, 164, 251, 30, 2, 222, 180,
       140, 182, 139, 116, 20, 207, 179, 255, 133, 61, 78, 254, 75, 155,
       133, 215, 253, 151, 60, 71, 154, 178, 219, 227, 221, 191, 170,
       117, 142, 83, 102, 189, 169, 26, 221, 205, 215, 239, 211, 253,
       168, 9, 2, 252, 86, 18, 137, 206, 227, 21, 30, 107, 250, 51, 123,
       20, 21, 127, 209, 92, 214, 222, 33, 169, 146, 32, 205, 141, 196,
       207, 138, 161, 104, 77, 38, 168, 100, 144, 153, 42, 98, 28, 22,
       123, 210, 16, 25, 220, 21, 126, 200, 8, 218, 140, 244, 103, 237,
       167, 136, 106, 95, 168, 50, 246, 135, 185, 211, 39, 75, 91, 19,
       212, 109, 166, 104, 70, 233, 42, 236, 163, 237, 181, 164, 243,
       150, 114, 101, 101, 17, 101, 21, 78, 103, 40, 104, 160, 107, 8,
       211, 49, 1, 48, 16, 212, 72, 106, 73, 176, 217, 14, 229, 190, 1,
       4, 72, 51, 66, 32, 253, 189, 148, 176, 173, 109, 84, 175, 219,
       251, 168, 29, 254, 249, 64, 155, 137, 198, 108, 16, 127, 111, 219,
       179, 187, 219, 85, 63, 218, 124, 202, 10, 188, 70, 108, 231, 164,
       42, 79, 248, 112, 166, 255, 136, 83, 99, 155, 17, 123, 204, 4,
       238, 104, 246, 77, 46, 242, 235, 229, 5, 101, 251, 86, 32, 252,
       164, 156, 50, 137, 237, 20, 143, 187, 63, 165, 25, 174, 251, 74,
       27, 129, 211, 237, 16, 58, 111, 218, 51, 219, 211, 85, 123, 194,
       68, 143, 10, 252, 164, 156, 250, 137, 253, 84, 206, 147, 31, 164,
       25, 110, 243, 73, 27, 137, 242, 237, 16, 58, 111, 218, 179, 219,
       215, 85, 127, 210, 88, 142, 10, 212, 124, 157, 118, 168, 110, 69,
       158, 224, 250, 166, 24, 215, 119, 73, 59, 1, 244, 124, 42, 41, 69,
       251, 40, 209, 227, 117, 20, 224, 241, 6, 35, 252, 176, 189, 114,
       136, 109, 85, 158, 178, 191, 165, 24, 87, 247, 73, 27, 129, 214,
       108, 16, 58, 103, 250, 48, 219, 195, 117, 125, 224, 241, 134, 98,
       69, 115, 61, 5, 56, 78, 47, 184, 108, 232, 155, 108, 214, 22, 137,
       114, 150, 85, 124, 111, 193, 144, 233, 76, 164, 184, 47, 148, 8,
       179, 3, 113, 181, 245, 63, 71, 149, 79, 167, 232, 116, 234, 239,
       0, 82, 116, 45, 53, 249, 220, 66, 106, 233, 243, 57, 62, 61, 10,
       69, 22, 73, 123, 98, 182, 68, 237, 187, 118, 225, 236, 119, 174,
       186, 171, 47, 24, 124, 247, 73, 112, 181, 119, 113, 74, 82, 88,
       186, 115, 127, 191, 117, 105, 128, 115, 135, 43, 105, 184, 246,
       86, 237, 189, 101, 223, 251, 187, 116, 92, 58, 241, 214, 190, 137,
       238, 102, 28, 178, 126, 250, 243, 95, 255, 85, 126, 202, 216, 194,
       173, 248, 176, 190, 114, 168, 236, 81, 214, 179, 31, 165, 56, 63,
       247, 72, 27, 35, 246, 109, 16, 58, 79, 154, 49, 219, 227, 116,
       121, 224, 192, 134, 43, 165, 175, 13, 139, 252, 47, 207, 255, 22,
       252, 185, 77, 211, 97, 91, 5, 93, 78, 66, 126, 251, 250, 89, 63,
       108, 154, 165, 116, 217, 250, 210, 240, 116, 97, 204, 167, 138,
       74, 87, 168, 34, 182, 135, 137, 83, 103, 75, 27, 17, 212, 233,
       226, 104, 66, 217, 8, 249, 163, 197, 53, 164, 251, 22, 98, 208,
       142, 159, 52, 168, 168, 69, 55, 182, 147, 162, 88, 247, 179, 0,
       91, 35, 247, 108, 0, 57, 77, 131, 35, 216, 163, 117, 88, 168, 96,
       131, 40, 245, 67, 78, 111, 128, 6, 79, 56, 33, 196, 239, 133, 83,
       99, 155, 91, 124, 196, 44, 238, 220, 246, 253, 8, 242, 233, 229,
       4, 41, 179, 232, 80, 108, 101, 152, 103, 137, 110, 71, 168, 115,
       170, 171, 8, 215, 113, 73, 18, 153, 212, 108, 98, 104, 114, 217,
       46, 239, 215, 69, 53, 66, 123, 70, 34, 233, 48, 156, 37, 9, 47,
       80, 31, 122, 187, 166, 93, 151, 51, 66, 155, 129, 5, 104, 28, 60,
       124, 209, 2, 207, 219, 80, 117, 200, 64, 74, 10, 197, 244, 181,
       81, 173, 109, 165, 159, 250, 251, 2, 124, 214, 116, 204, 175, 133,
       86, 120, 27, 179, 101, 251, 114, 141, 26, 85, 118, 202, 121, 211,
       117, 249, 188, 149, 52, 173, 237, 84, 175, 251, 251, 168, 93, 191,
       185, 64, 154, 129, 231, 108, 16, 63, 111, 219, 51, 187, 215, 85,
       63, 202, 76, 202, 10, 201, 188, 150, 118, 233, 188, 116, 191, 255,
       187, 166, 92, 254, 243, 64, 127, 163, 246, 108, 24, 51, 109, 219,
       243, 223, 251, 85, 90, 234, 224, 202, 11, 217, 156, 151, 255, 171,
       254, 84, 183, 191, 187, 162, 112, 255, 243, 0, 251, 167, 119, 252,
       16, 63, 205, 155, 183, 155, 251, 87, 82, 170, 80, 169, 27, 197,
       176, 181, 81, 141, 109, 129, 139, 218, 243, 131, 24, 214, 48, 92,
       63, 129, 86, 120, 25, 51, 100, 251, 16, 141, 154, 85, 118, 200,
