%YAML:1.0
---
descriptors: !!opencv-matrix
   rows: 210
   cols: 32
   dt: u
   data: [ 108, 229, 61, 111, 13, 79, 87, 168, 66, 228, 173, 8, 211, 117,
       72, 52, 216, 212, 121, 106, 73, 98, 251, 61, 229, 217, 5, 60, 82,
       123, 214, 98, 252, 125, 253, 118, 168, 111, 71, 156, 243, 190,
       164, 24, 83, 119, 65, 59, 1, 214, 108, 90, 41, 103, 250, 34, 249,
       203, 101, 60, 224, 243, 198, 34, 253, 190, 220, 178, 168, 188, 93,
       223, 179, 255, 180, 189, 159, 247, 195, 91, 135, 247, 253, 20,
       191, 79, 202, 50, 218, 243, 125, 253, 162, 213, 143, 91, 81, 159,
       29, 103, 176, 46, 71, 181, 96, 136, 190, 76, 243, 115, 128, 115,
       52, 230, 108, 110, 249, 169, 233, 47, 224, 175, 96, 16, 104, 226,
       194, 41, 197, 121, 29, 101, 1, 78, 55, 32, 104, 194, 98, 8, 214,
       55, 1, 51, 144, 84, 104, 98, 65, 240, 241, 40, 229, 186, 65, 2,
       72, 51, 67, 34, 252, 176, 189, 114, 169, 109, 85, 218, 243, 187,
       165, 24, 91, 255, 73, 59, 137, 215, 125, 26, 58, 103, 250, 34,
       219, 203, 117, 125, 227, 113, 198, 162, 96, 181, 152, 218, 220,
       237, 71, 175, 222, 51, 172, 24, 246, 243, 72, 114, 129, 82, 106,
       8, 115, 107, 219, 51, 237, 150, 21, 124, 88, 88, 199, 170, 244,
       76, 92, 118, 168, 106, 87, 184, 176, 178, 167, 24, 215, 119, 9,
       91, 135, 212, 109, 106, 104, 101, 203, 46, 241, 235, 101, 21, 96,
       241, 198, 34, 4, 245, 189, 107, 136, 79, 71, 152, 86, 119, 105,
       76, 211, 103, 201, 104, 21, 88, 42, 122, 251, 80, 255, 51, 237,
       134, 101, 116, 240, 251, 132, 240, 125, 228, 212, 103, 139, 38,
       94, 188, 51, 178, 171, 141, 95, 123, 73, 219, 23, 215, 233, 230,
       109, 67, 219, 61, 251, 235, 69, 52, 170, 243, 10, 18, 192, 172,
       157, 251, 232, 237, 5, 175, 190, 51, 32, 24, 182, 35, 72, 91, 129,
       82, 106, 24, 51, 76, 219, 115, 205, 178, 84, 120, 144, 72, 133,
       42, 197, 116, 157, 101, 133, 110, 119, 128, 104, 226, 35, 8, 214,
       49, 73, 59, 145, 84, 120, 122, 33, 244, 241, 8, 205, 155, 69, 54,
       200, 115, 67, 34, 236, 48, 156, 99, 169, 111, 80, 8, 123, 187, 37,
       24, 214, 81, 72, 59, 145, 20, 236, 50, 48, 116, 217, 16, 207, 219,
       65, 119, 194, 43, 78, 3, 92, 69, 174, 231, 23, 70, 111, 40, 48,
       164, 207, 2, 93, 115, 25, 82, 112, 212, 121, 234, 8, 209, 137, 42,
       243, 231, 207, 5, 34, 115, 36, 34, 109, 117, 61, 103, 53, 31, 118,
       184, 121, 236, 127, 77, 222, 125, 159, 180, 148, 68, 252, 110,
       197, 240, 249, 12, 231, 255, 37, 22, 74, 183, 66, 119, 121, 172,
       159, 60, 169, 236, 84, 151, 179, 91, 164, 24, 55, 183, 2, 187,
       161, 230, 125, 8, 63, 75, 178, 35, 211, 235, 116, 89, 160, 192,
       202, 74, 208, 184, 154, 120, 168, 237, 17, 151, 246, 123, 166, 24,
       183, 255, 66, 59, 129, 51, 108, 17, 59, 109, 211, 49, 217, 129,
       119, 121, 224, 64, 135, 10, 211, 186, 151, 184, 171, 168, 0, 71,
       187, 27, 128, 125, 174, 162, 64, 223, 167, 167, 236, 21, 63, 79,
       130, 97, 152, 242, 90, 122, 136, 68, 131, 31, 108, 229, 136, 126,
       153, 196, 71, 232, 163, 196, 237, 9, 243, 243, 11, 82, 216, 226,
       121, 238, 74, 67, 218, 63, 235, 253, 133, 61, 26, 51, 98, 114,
       248, 182, 252, 112, 168, 233, 81, 95, 179, 63, 164, 56, 23, 179,
       64, 27, 3, 146, 108, 24, 58, 111, 234, 19, 219, 203, 117, 121,
       240, 200, 198, 43, 77, 112, 157, 116, 105, 92, 53, 0, 233, 218,
       37, 8, 158, 151, 69, 63, 128, 84, 96, 66, 65, 100, 242, 64, 71,
       249, 84, 42, 66, 49, 71, 163, 244, 166, 156, 112, 168, 105, 17,
       27, 178, 191, 165, 57, 87, 55, 72, 27, 131, 150, 237, 16, 58, 69,
       235, 2, 219, 195, 117, 117, 192, 64, 135, 99, 89, 15, 95, 101, 48,
       46, 79, 54, 100, 168, 234, 68, 243, 33, 145, 112, 16, 230, 108,
       46, 233, 184, 69, 14, 232, 175, 36, 16, 104, 226, 74, 41, 104,
       188, 156, 122, 185, 237, 20, 143, 155, 63, 172, 25, 174, 243, 74,
       154, 129, 83, 237, 16, 62, 106, 218, 51, 235, 215, 85, 127, 210,
       88, 142, 11, 125, 174, 188, 178, 168, 172, 92, 159, 187, 187, 180,
       153, 191, 247, 74, 27, 135, 247, 253, 20, 190, 79, 202, 49, 219,
       219, 117, 249, 162, 212, 138, 75, 120, 184, 187, 112, 155, 237,
       81, 87, 235, 61, 44, 24, 62, 151, 64, 56, 163, 58, 76, 16, 18,
       105, 178, 17, 219, 205, 16, 123, 226, 0, 199, 107, 246, 166, 213,
       18, 201, 169, 100, 207, 187, 179, 160, 89, 2, 226, 76, 159, 169,
       203, 98, 144, 62, 127, 138, 115, 28, 150, 85, 127, 201, 64, 194,
       134, 93, 102, 216, 71, 147, 62, 78, 152, 113, 170, 175, 84, 203,
       99, 155, 254, 51, 196, 76, 254, 173, 212, 237, 42, 166, 239, 37,
       20, 170, 243, 74, 4, 101, 199, 88, 67, 176, 63, 71, 184, 119, 57,
       63, 124, 211, 96, 142, 112, 23, 198, 76, 126, 254, 48, 109, 63,
       238, 159, 37, 116, 248, 219, 200, 5, 189, 79, 78, 126, 164, 26,
       70, 188, 85, 166, 230, 148, 99, 97, 179, 213, 80, 228, 172, 110,
       108, 245, 109, 46, 162, 251, 69, 5, 122, 191, 120, 76, 72, 56,
       159, 124, 40, 204, 65, 22, 160, 25, 166, 56, 183, 151, 64, 123, 6,
       244, 108, 8, 11, 77, 179, 1, 209, 225, 112, 8, 32, 128, 38, 59,
       211, 123, 81, 165, 50, 142, 42, 53, 40, 200, 82, 237, 191, 6, 130,
       144, 54, 173, 204, 229, 197, 152, 196, 79, 180, 228, 42, 128, 44,
       134, 11, 29, 193, 172, 253, 121, 168, 232, 121, 143, 254, 23, 134,
       144, 181, 231, 80, 123, 3, 63, 120, 8, 50, 77, 239, 51, 205, 171,
       127, 121, 132, 192, 135, 96, 208, 239, 188, 245, 172, 46, 85, 191,
       248, 190, 178, 88, 215, 97, 65, 11, 135, 71, 109, 47, 104, 229,
       203, 42, 232, 171, 117, 52, 64, 240, 131, 41, 244, 124, 188, 247,
       140, 111, 87, 188, 242, 186, 143, 24, 215, 121, 73, 59, 129, 214,
       125, 123, 56, 101, 219, 42, 233, 195, 229, 61, 168, 123, 214, 50,
       125, 69, 93, 103, 20, 78, 71, 184, 100, 160, 171, 72, 83, 115, 25,
       112, 48, 196, 108, 106, 105, 177, 25, 14, 241, 239, 37, 20, 97,
       243, 64, 32, 192, 152, 189, 94, 136, 237, 149, 143, 206, 19, 160,
       24, 246, 240, 76, 107, 129, 115, 104, 16, 50, 109, 251, 49, 201,
       186, 85, 122, 208, 72, 133, 42, 117, 96, 156, 52, 136, 108, 69,
       136, 226, 246, 161, 25, 215, 123, 91, 27, 137, 196, 104, 30, 40,
       103, 219, 0, 193, 171, 85, 60, 224, 113, 66, 2, 212, 204, 28, 247,
       152, 106, 71, 174, 180, 178, 166, 16, 87, 115, 9, 83, 33, 246,
       108, 226, 104, 197, 89, 46, 249, 227, 101, 21, 32, 113, 236, 42,
       212, 229, 156, 118, 137, 6, 79, 172, 178, 182, 175, 24, 211, 227,
       75, 91, 81, 198, 105, 254, 120, 67, 219, 34, 233, 239, 197, 125,
       160, 115, 198, 34, 36, 229, 181, 107, 152, 79, 71, 184, 86, 178,
       171, 72, 211, 101, 9, 112, 81, 220, 104, 122, 75, 240, 121, 31,
       237, 174, 5, 52, 240, 251, 68, 48, 192, 172, 157, 127, 152, 236,
       85, 167, 182, 23, 96, 16, 183, 243, 64, 91, 129, 122, 104, 24, 58,
       76, 250, 51, 233, 231, 117, 56, 176, 80, 135, 42, 84, 5, 93, 101,
       22, 111, 67, 40, 116, 160, 171, 10, 211, 51, 1, 112, 49, 212, 72,
       106, 40, 176, 121, 30, 229, 175, 1, 20, 241, 251, 64, 34, 244,
       125, 125, 70, 188, 111, 71, 190, 192, 230, 172, 8, 83, 117, 73,
       50, 13, 214, 76, 106, 249, 99, 248, 46, 121, 140, 101, 60, 97,
       251, 198, 114, 124, 69, 150, 190, 139, 74, 22, 232, 177, 134, 233,
       41, 78, 227, 41, 223, 208, 245, 232, 98, 108, 195, 138, 138, 176,
       246, 69, 31, 162, 119, 44, 2, 12, 97, 121, 103, 114, 74, 127, 184,
       45, 164, 111, 168, 223, 23, 137, 48, 22, 93, 93, 110, 64, 144,
       121, 76, 231, 253, 37, 4, 98, 179, 7, 224, 101, 101, 108, 103, 52,
       30, 126, 56, 105, 168, 127, 9, 215, 89, 157, 48, 146, 68, 124,
       110, 196, 240, 201, 12, 231, 253, 37, 21, 64, 179, 74, 2, 208,
       184, 159, 120, 168, 237, 81, 151, 246, 51, 166, 24, 183, 215, 64,
       123, 129, 183, 108, 16, 58, 77, 251, 49, 217, 163, 117, 121, 224,
       64, 135, 42, 65, 170, 159, 153, 236, 169, 41, 7, 238, 19, 66, 244,
