%YAML:1.0
---
descriptors: !!opencv-matrix
   rows: 303
   cols: 32
   dt: u
   data: [ 124, 173, 252, 114, 154, 233, 85, 207, 178, 53, 173, 184, 11,
       231, 72, 26, 35, 147, 237, 144, 26, 75, 170, 113, 251, 199, 117,
       125, 224, 192, 166, 114, 69, 241, 157, 71, 25, 77, 23, 168, 106,
       240, 43, 8, 246, 112, 73, 50, 145, 84, 104, 106, 67, 96, 219, 57,
       109, 158, 69, 62, 72, 51, 67, 54, 120, 169, 250, 120, 154, 232,
       81, 87, 163, 21, 164, 56, 55, 183, 64, 26, 33, 178, 237, 16, 26,
       75, 162, 17, 219, 197, 48, 121, 224, 128, 198, 107, 84, 52, 157,
       246, 138, 96, 21, 139, 178, 23, 133, 184, 20, 247, 73, 91, 71,
       214, 233, 146, 42, 71, 186, 34, 219, 227, 212, 63, 160, 113, 166,
       115, 54, 229, 214, 175, 252, 43, 254, 232, 63, 170, 251, 11, 202,
       234, 61, 80, 251, 205, 127, 227, 104, 243, 201, 254, 188, 254,
       143, 180, 85, 123, 243, 129, 5, 117, 49, 71, 113, 78, 102, 184,
       124, 200, 107, 72, 254, 113, 13, 180, 144, 92, 80, 106, 193, 176,
       121, 46, 37, 188, 5, 2, 72, 51, 67, 176, 37, 117, 145, 71, 85, 79,
       103, 184, 106, 224, 43, 72, 210, 113, 69, 182, 145, 92, 64, 122,
       65, 240, 249, 60, 47, 156, 5, 54, 72, 59, 66, 160, 64, 48, 153,
       101, 1, 78, 49, 0, 104, 224, 35, 8, 214, 55, 65, 58, 144, 84, 104,
       40, 1, 240, 241, 8, 197, 156, 65, 38, 200, 34, 71, 34, 98, 184,
       189, 94, 232, 96, 21, 143, 170, 191, 160, 57, 100, 247, 76, 27,
       129, 119, 109, 0, 50, 75, 170, 113, 217, 178, 125, 255, 128, 96,
       135, 107, 248, 186, 222, 114, 168, 173, 80, 215, 179, 191, 164,
       29, 55, 243, 66, 27, 129, 230, 109, 20, 58, 79, 218, 51, 219, 195,
       117, 121, 232, 192, 202, 11, 77, 245, 148, 71, 209, 127, 119, 184,
       121, 234, 47, 12, 222, 112, 73, 183, 145, 68, 120, 106, 229, 240,
       249, 14, 111, 223, 69, 6, 74, 115, 75, 22, 44, 225, 56, 75, 13,
       77, 83, 152, 66, 52, 165, 8, 210, 85, 9, 48, 25, 16, 64, 106, 74,
       34, 123, 21, 103, 217, 1, 61, 82, 187, 70, 226, 120, 56, 253, 114,
       168, 237, 81, 83, 227, 255, 164, 24, 59, 247, 66, 59, 7, 246, 108,
       16, 27, 111, 242, 33, 219, 203, 117, 121, 226, 192, 198, 123, 253,
       117, 125, 102, 172, 78, 71, 184, 225, 232, 191, 76, 83, 119, 137,
       51, 22, 212, 124, 106, 201, 99, 249, 44, 243, 233, 101, 20, 105,
       243, 66, 113, 45, 113, 49, 97, 1, 95, 82, 8, 105, 232, 45, 8, 222,
       20, 77, 52, 144, 148, 68, 122, 9, 48, 241, 12, 199, 221, 1, 118,
       74, 35, 70, 38, 248, 170, 222, 120, 170, 169, 81, 87, 179, 31,
       164, 189, 39, 227, 66, 27, 47, 178, 237, 16, 58, 79, 130, 49, 219,
       195, 116, 121, 226, 192, 134, 123, 252, 172, 253, 86, 136, 109,
       85, 191, 179, 190, 164, 24, 83, 119, 77, 31, 9, 214, 108, 42, 120,
       71, 251, 42, 219, 203, 117, 60, 227, 241, 198, 98, 228, 164, 157,
       250, 204, 237, 69, 175, 222, 59, 164, 24, 182, 241, 72, 91, 129,
       18, 106, 24, 51, 111, 218, 49, 221, 146, 85, 125, 216, 72, 199,
       42, 252, 168, 222, 112, 170, 232, 89, 215, 179, 183, 164, 185, 31,
       135, 66, 27, 39, 247, 237, 144, 58, 79, 170, 34, 219, 195, 117,
       121, 224, 192, 134, 123, 105, 189, 180, 115, 157, 125, 85, 159,
       123, 243, 44, 28, 190, 61, 86, 190, 133, 70, 240, 28, 183, 104,
       251, 179, 239, 223, 21, 118, 202, 84, 203, 254, 172, 48, 189, 115,
       173, 125, 81, 152, 91, 255, 181, 24, 222, 127, 73, 59, 153, 16,
       253, 56, 27, 102, 251, 16, 207, 219, 65, 127, 210, 105, 70, 115,
       21, 212, 185, 239, 180, 46, 111, 184, 54, 234, 223, 116, 215, 119,
       137, 112, 119, 222, 29, 46, 169, 144, 105, 62, 232, 237, 39, 132,
       160, 243, 129, 113, 93, 151, 29, 231, 176, 46, 79, 185, 36, 232,
       191, 100, 247, 119, 137, 112, 22, 214, 92, 106, 249, 129, 105, 46,
       233, 237, 37, 148, 32, 243, 132, 113, 252, 12, 221, 116, 168, 106,
       93, 186, 168, 178, 166, 56, 247, 103, 1, 91, 135, 215, 109, 42,
       104, 103, 203, 12, 211, 235, 101, 20, 96, 240, 6, 41, 108, 180,
       149, 99, 141, 109, 84, 157, 127, 59, 171, 88, 222, 115, 72, 250,
       145, 22, 108, 48, 59, 100, 219, 147, 143, 223, 21, 119, 210, 74,
       196, 2, 232, 181, 188, 250, 173, 237, 85, 47, 255, 63, 165, 24,
       190, 253, 74, 27, 129, 19, 234, 0, 58, 106, 250, 147, 207, 219,
       84, 123, 210, 72, 198, 106, 212, 140, 28, 247, 146, 106, 71, 175,
       52, 162, 162, 16, 115, 115, 9, 81, 49, 246, 77, 162, 120, 205, 89,
       47, 249, 231, 165, 81, 161, 112, 228, 42, 224, 188, 157, 254, 200,
       237, 21, 135, 158, 19, 96, 24, 182, 243, 96, 91, 197, 114, 107,
       16, 50, 78, 218, 49, 205, 163, 119, 120, 144, 72, 135, 170, 53,
       197, 25, 99, 148, 79, 71, 232, 118, 160, 171, 0, 83, 113, 25, 112,
       49, 204, 8, 106, 105, 176, 121, 63, 233, 142, 5, 20, 112, 187, 80,
       32, 248, 188, 190, 248, 237, 253, 81, 87, 255, 27, 180, 24, 191,
       191, 96, 59, 141, 179, 255, 24, 187, 111, 242, 147, 219, 219, 80,
       122, 210, 72, 198, 123, 216, 176, 188, 240, 41, 237, 89, 27, 187,
       59, 180, 28, 191, 191, 64, 27, 135, 149, 125, 16, 186, 111, 243,
       17, 219, 251, 112, 254, 194, 128, 2, 123, 248, 190, 247, 114, 171,
       232, 85, 215, 179, 31, 164, 56, 47, 247, 64, 159, 167, 247, 237,
       16, 58, 79, 170, 51, 219, 243, 84, 123, 226, 192, 166, 107, 221,
       38, 156, 182, 168, 56, 88, 138, 242, 179, 163, 93, 207, 226, 211,
       219, 131, 199, 236, 28, 60, 69, 207, 34, 218, 243, 119, 61, 168,
       241, 11, 0, 210, 188, 149, 242, 168, 236, 5, 159, 186, 251, 128,
       88, 150, 247, 72, 251, 129, 87, 125, 16, 59, 77, 155, 99, 153,
       178, 95, 126, 128, 64, 135, 51, 252, 44, 252, 118, 137, 41, 213,
       222, 211, 183, 181, 24, 83, 225, 79, 27, 9, 214, 236, 24, 58, 103,
       218, 34, 91, 207, 85, 61, 227, 249, 206, 34, 120, 48, 251, 112,
       40, 236, 81, 83, 162, 29, 164, 56, 51, 151, 64, 26, 38, 180, 109,
       8, 26, 107, 178, 1, 211, 233, 112, 121, 224, 128, 70, 123, 69,
       113, 17, 101, 17, 14, 102, 56, 120, 232, 107, 76, 222, 19, 9, 180,
       148, 68, 104, 106, 193, 176, 217, 76, 165, 190, 5, 4, 74, 51, 67,
       1, 104, 160, 184, 107, 201, 109, 17, 143, 27, 53, 37, 25, 206, 49,
       74, 26, 145, 26, 233, 48, 18, 104, 219, 17, 207, 215, 21, 127,
       210, 72, 143, 42, 77, 245, 149, 71, 225, 14, 102, 184, 121, 234,
       107, 76, 222, 115, 8, 182, 144, 84, 104, 106, 97, 240, 217, 10,
       167, 190, 69, 6, 74, 114, 195, 176, 240, 170, 140, 182, 168, 40,
       93, 159, 178, 183, 166, 189, 55, 227, 67, 91, 3, 230, 109, 12, 56,
       79, 202, 32, 218, 227, 245, 185, 160, 240, 134, 74, 93, 221, 125,
       103, 48, 14, 71, 184, 96, 234, 191, 108, 83, 113, 153, 114, 22,
       196, 124, 110, 233, 176, 253, 46, 232, 239, 37, 148, 106, 243, 66,
       49, 120, 170, 250, 120, 154, 233, 81, 87, 163, 21, 164, 57, 55,
       151, 66, 26, 47, 187, 229, 16, 26, 75, 130, 17, 219, 193, 48, 121,
       240, 128, 166, 43, 108, 60, 189, 112, 232, 108, 81, 151, 179, 191,
       172, 24, 23, 183, 65, 26, 129, 214, 108, 16, 58, 103, 250, 2, 219,
       215, 117, 125, 194, 241, 198, 99, 216, 144, 191, 116, 170, 108,
       81, 19, 163, 31, 166, 24, 247, 183, 64, 123, 7, 246, 109, 24, 56,
       79, 179, 0, 217, 227, 112, 88, 162, 192, 166, 107, 5, 117, 17, 69,
       117, 30, 102, 184, 125, 200, 107, 76, 222, 112, 13, 180, 144, 92,
       80, 106, 193, 176, 249, 46, 37, 188, 5, 6, 74, 51, 75, 181, 101,
       112, 209, 71, 65, 110, 103, 152, 105, 226, 47, 72, 210, 115, 77,
       62, 17, 84, 120, 122, 1, 244, 249, 8, 5, 184, 69, 52, 202, 243,
       66, 48, 221, 46, 156, 180, 168, 60, 92, 158, 251, 187, 162, 88,
       207, 162, 195, 219, 135, 231, 108, 28, 188, 69, 195, 2, 154, 251,
       119, 189, 136, 241, 139, 1, 36, 225, 57, 75, 221, 79, 71, 136, 74,
       48, 45, 8, 210, 85, 77, 48, 153, 92, 64, 106, 67, 112, 249, 21,
       111, 156, 5, 116, 80, 59, 70, 226, 120, 184, 251, 112, 168, 205,
       81, 87, 227, 253, 164, 8, 59, 183, 64, 58, 131, 182, 253, 16, 26,
