%YAML:1.0
---
descriptors: !!opencv-matrix
   rows: 205
   cols: 32
   dt: u
   data: [ 245, 113, 253, 103, 40, 78, 71, 184, 97, 250, 183, 8, 215, 87,
       73, 59, 22, 212, 124, 106, 233, 101, 249, 8, 215, 217, 101, 52,
       104, 179, 70, 115, 217, 174, 180, 48, 169, 189, 88, 223, 179, 59,
       160, 217, 159, 255, 64, 59, 135, 183, 253, 20, 190, 79, 202, 177,
       219, 251, 117, 253, 162, 196, 130, 11, 20, 229, 27, 99, 149, 79,
       103, 248, 118, 160, 235, 2, 83, 113, 40, 112, 48, 220, 8, 106,
       104, 177, 57, 62, 249, 142, 5, 20, 96, 187, 64, 34, 117, 167, 108,
       67, 180, 26, 78, 173, 105, 189, 191, 157, 67, 104, 222, 50, 51,
       198, 108, 126, 252, 176, 173, 6, 170, 239, 101, 213, 229, 227,
       218, 68, 221, 34, 156, 178, 168, 60, 88, 152, 123, 187, 163, 92,
       223, 226, 201, 218, 135, 199, 108, 28, 190, 69, 203, 34, 154, 243,
       119, 252, 168, 241, 139, 1, 248, 184, 253, 112, 168, 237, 81, 215,
       163, 191, 164, 24, 51, 247, 64, 59, 1, 246, 108, 8, 43, 111, 242,
       49, 219, 235, 117, 57, 224, 192, 198, 123, 228, 180, 156, 218,
       200, 237, 1, 143, 250, 59, 160, 24, 182, 243, 72, 91, 129, 82,
       106, 16, 51, 111, 219, 115, 221, 146, 85, 126, 216, 72, 199, 42,
       69, 244, 157, 119, 177, 78, 55, 184, 122, 250, 47, 8, 254, 115,
       73, 50, 145, 86, 104, 122, 99, 240, 251, 43, 109, 191, 69, 6, 200,
       115, 67, 51, 224, 173, 189, 122, 153, 205, 71, 175, 114, 27, 168,
       24, 178, 247, 64, 48, 129, 114, 104, 0, 123, 106, 251, 55, 173,
       159, 84, 123, 208, 80, 198, 42, 112, 160, 24, 104, 24, 205, 80,
       11, 162, 176, 160, 9, 179, 211, 64, 16, 201, 136, 104, 16, 10,
       107, 211, 17, 217, 129, 17, 125, 96, 8, 70, 10, 217, 85, 159, 101,
       172, 14, 68, 53, 228, 162, 166, 76, 247, 49, 1, 243, 128, 100,
       108, 106, 105, 229, 209, 8, 225, 251, 101, 16, 72, 240, 192, 40,
       93, 56, 149, 116, 169, 108, 69, 19, 235, 250, 166, 8, 222, 179,
       65, 250, 129, 116, 124, 10, 1, 69, 243, 0, 193, 251, 85, 56, 138,
       113, 67, 42, 101, 184, 181, 113, 169, 205, 81, 143, 235, 121, 166,
       24, 150, 151, 72, 63, 129, 22, 120, 24, 27, 109, 251, 48, 205,
       216, 85, 126, 194, 0, 194, 34, 120, 56, 121, 240, 9, 237, 81, 67,
       163, 61, 164, 24, 63, 159, 64, 26, 136, 179, 93, 16, 26, 107, 178,
       17, 211, 217, 16, 123, 227, 8, 198, 122, 248, 170, 223, 112, 138,
       233, 81, 215, 178, 151, 164, 24, 55, 167, 64, 27, 39, 182, 109,
       16, 58, 111, 130, 33, 219, 195, 116, 120, 224, 192, 198, 34, 237,
       188, 188, 126, 205, 93, 87, 184, 211, 254, 165, 12, 210, 125, 79,
       187, 153, 212, 232, 122, 237, 103, 250, 50, 235, 219, 69, 63, 218,
       127, 78, 115, 216, 186, 190, 112, 170, 228, 17, 23, 178, 95, 182,
       61, 63, 183, 194, 91, 167, 55, 253, 16, 186, 77, 162, 3, 219, 227,
       120, 219, 160, 192, 167, 123, 120, 188, 190, 112, 139, 253, 81,
       87, 243, 95, 164, 57, 54, 181, 66, 59, 129, 178, 237, 16, 58, 111,
       178, 49, 219, 195, 116, 123, 226, 64, 198, 123, 197, 20, 157, 101,
       169, 110, 103, 184, 120, 186, 46, 88, 214, 115, 9, 123, 145, 84,
       120, 106, 97, 228, 249, 42, 165, 255, 69, 4, 200, 113, 67, 49,
       120, 187, 122, 120, 186, 233, 81, 87, 163, 21, 164, 56, 55, 151,
       64, 16, 43, 186, 229, 16, 26, 107, 162, 53, 219, 193, 48, 121,
       227, 128, 198, 43, 1, 249, 19, 73, 80, 206, 103, 181, 96, 64, 96,
       72, 55, 215, 128, 48, 16, 60, 16, 106, 83, 184, 176, 61, 165, 168,
       36, 96, 104, 130, 194, 184, 29, 85, 27, 103, 48, 14, 111, 188,
       116, 232, 126, 68, 215, 119, 137, 112, 54, 84, 28, 106, 233, 144,
       125, 46, 231, 239, 37, 128, 40, 179, 1, 49, 117, 85, 125, 103, 48,
       78, 71, 188, 96, 232, 191, 64, 215, 119, 137, 114, 20, 212, 124,
       106, 201, 161, 121, 46, 227, 237, 37, 20, 104, 243, 70, 49, 108,
       112, 189, 99, 44, 111, 83, 152, 106, 255, 181, 24, 215, 93, 73,
       58, 145, 84, 124, 122, 11, 100, 249, 16, 207, 203, 97, 61, 192,
       251, 70, 114, 244, 112, 189, 99, 40, 111, 83, 152, 114, 187, 167,
       24, 215, 87, 73, 59, 145, 212, 124, 122, 41, 102, 251, 32, 203,
       203, 101, 116, 192, 243, 70, 51, 120, 181, 188, 250, 173, 205, 85,
       47, 207, 51, 165, 24, 191, 253, 72, 51, 137, 147, 237, 16, 58,
       107, 251, 17, 203, 219, 80, 127, 208, 72, 198, 42, 248, 248, 188,
       254, 141, 205, 85, 175, 203, 59, 164, 24, 191, 189, 64, 59, 201,
       146, 237, 0, 106, 111, 242, 177, 219, 251, 84, 59, 210, 88, 198,
       42, 124, 168, 182, 252, 141, 237, 80, 194, 247, 179, 164, 24, 191,
       249, 97, 27, 201, 242, 249, 16, 58, 111, 210, 176, 219, 219, 213,
       123, 210, 121, 86, 2, 120, 184, 253, 112, 169, 237, 81, 87, 179,
       31, 164, 8, 59, 247, 64, 59, 129, 179, 253, 24, 26, 107, 242, 49,
       219, 203, 116, 121, 226, 192, 198, 107, 176, 237, 155, 127, 148,
       230, 71, 255, 118, 130, 234, 80, 243, 243, 33, 112, 89, 106, 8,
       106, 121, 250, 91, 63, 233, 175, 53, 8, 248, 248, 224, 42, 85, 77,
       93, 103, 150, 78, 71, 184, 100, 160, 171, 64, 83, 115, 9, 112, 50,
       212, 108, 234, 105, 177, 125, 46, 225, 239, 37, 20, 97, 243, 64,
       32, 52, 69, 19, 103, 149, 79, 71, 236, 118, 160, 235, 0, 82, 113,
       41, 112, 112, 220, 8, 106, 105, 177, 57, 62, 249, 174, 5, 20, 96,
       123, 228, 34, 69, 113, 17, 71, 37, 14, 102, 184, 104, 168, 115,
       76, 214, 80, 153, 180, 144, 68, 68, 110, 193, 176, 217, 44, 36,
       184, 37, 36, 72, 51, 67, 133, 100, 101, 88, 103, 116, 10, 102, 40,
       121, 160, 107, 9, 203, 105, 29, 144, 178, 205, 64, 99, 68, 240,
       201, 78, 38, 253, 1, 1, 101, 243, 74, 130, 248, 164, 252, 122,
       137, 233, 85, 223, 179, 23, 164, 25, 35, 227, 64, 27, 137, 242,
       237, 16, 58, 111, 218, 49, 219, 203, 117, 121, 243, 192, 198, 42,
       224, 245, 153, 91, 185, 77, 23, 175, 122, 123, 44, 24, 246, 117,
       72, 50, 129, 90, 104, 16, 115, 108, 251, 51, 237, 159, 20, 127,
       192, 82, 199, 42, 37, 165, 209, 67, 213, 31, 230, 216, 115, 161,
       45, 76, 66, 96, 220, 180, 25, 78, 66, 126, 147, 114, 252, 60, 46,
       28, 5, 100, 203, 139, 218, 164, 101, 184, 145, 80, 137, 205, 65,
       139, 235, 249, 160, 24, 150, 151, 76, 62, 129, 22, 120, 24, 19,
       111, 250, 80, 157, 152, 21, 126, 192, 0, 195, 34, 248, 56, 115,
       240, 11, 233, 81, 67, 163, 117, 164, 56, 63, 151, 64, 26, 162,
       179, 213, 16, 27, 75, 178, 17, 211, 209, 16, 123, 226, 0, 70, 123,
       229, 37, 253, 103, 164, 110, 125, 53, 121, 243, 47, 24, 215, 63,
       91, 123, 145, 214, 125, 44, 249, 240, 249, 10, 239, 251, 245, 20,
       192, 242, 214, 106, 101, 189, 189, 118, 205, 253, 87, 184, 219,
       254, 173, 13, 210, 253, 79, 50, 157, 116, 117, 126, 237, 99, 250,
       58, 235, 223, 101, 61, 216, 123, 70, 115, 240, 168, 158, 112, 138,
       169, 81, 214, 178, 151, 164, 185, 55, 231, 64, 27, 35, 242, 109,
       16, 58, 79, 138, 51, 217, 195, 117, 121, 224, 192, 134, 59, 205,
       253, 29, 127, 185, 76, 55, 188, 190, 93, 38, 84, 254, 119, 74,
       115, 149, 95, 124, 90, 243, 76, 187, 55, 237, 243, 101, 126, 10,
       81, 135, 123, 36, 33, 120, 97, 216, 111, 83, 216, 34, 189, 189,
       24, 83, 19, 75, 24, 25, 152, 69, 122, 26, 114, 249, 16, 79, 141,
       37, 116, 224, 195, 198, 163, 69, 117, 149, 39, 180, 14, 39, 152,
       120, 234, 11, 76, 214, 112, 73, 58, 145, 68, 120, 127, 209, 240,
       217, 10, 173, 158, 101, 52, 200, 115, 83, 49, 109, 245, 145, 67,
       169, 95, 119, 136, 123, 186, 47, 8, 222, 117, 77, 190, 145, 84,
       104, 122, 113, 112, 249, 2, 47, 223, 69, 54, 194, 115, 195, 35,
       66, 145, 150, 188, 9, 132, 16, 111, 174, 17, 130, 1, 252, 242, 32,
       90, 224, 51, 120, 129, 21, 11, 146, 81, 145, 50, 90, 26, 24, 32,
       169, 10, 120, 176, 251, 116, 138, 108, 81, 23, 163, 151, 166, 24,
       55, 183, 64, 90, 39, 246, 109, 8, 24, 79, 178, 32, 219, 231, 116,
       120, 162, 224, 166, 107, 226, 170, 214, 112, 233, 173, 72, 87,
