%YAML:1.0
---
descriptors: !!opencv-matrix
   rows: 236
   cols: 32
   dt: u
   data: [ 80, 217, 63, 190, 24, 197, 29, 239, 174, 93, 136, 9, 246, 255,
       104, 80, 197, 243, 121, 193, 74, 75, 154, 117, 249, 167, 62, 121,
       16, 0, 165, 122, 100, 100, 45, 103, 16, 78, 103, 40, 52, 162, 239,
       0, 211, 119, 9, 113, 80, 196, 120, 110, 104, 208, 249, 14, 229,
       174, 69, 20, 32, 179, 86, 98, 92, 113, 157, 229, 138, 74, 87, 56,
       38, 164, 131, 40, 215, 55, 73, 82, 51, 213, 109, 98, 104, 193,
       249, 8, 249, 163, 101, 84, 160, 51, 7, 98, 84, 36, 157, 180, 172,
       40, 70, 136, 234, 179, 131, 88, 215, 225, 73, 27, 145, 197, 108,
       115, 56, 97, 203, 32, 152, 130, 101, 124, 168, 115, 146, 0, 168,
       168, 24, 187, 13, 137, 80, 79, 207, 53, 129, 25, 166, 209, 66, 16,
       137, 42, 235, 17, 26, 111, 218, 49, 205, 209, 17, 123, 82, 12,
       214, 138, 113, 121, 216, 101, 168, 79, 85, 191, 98, 188, 174, 9,
       23, 51, 67, 18, 35, 196, 124, 120, 72, 107, 209, 8, 251, 201, 37,
       52, 104, 176, 66, 107, 120, 161, 120, 96, 120, 205, 83, 88, 99,
       173, 172, 8, 19, 145, 64, 48, 24, 152, 68, 88, 26, 122, 248, 21,
       251, 205, 33, 125, 98, 130, 70, 162, 165, 40, 187, 83, 196, 237,
       233, 82, 126, 243, 101, 24, 146, 213, 85, 44, 25, 104, 50, 30,
       131, 244, 250, 112, 77, 28, 87, 104, 200, 249, 83, 224, 225, 249,
       189, 87, 205, 205, 69, 7, 235, 243, 166, 24, 178, 241, 64, 63,
       200, 246, 120, 8, 107, 111, 242, 48, 237, 184, 85, 56, 66, 88,
       214, 42, 201, 48, 159, 113, 160, 236, 117, 23, 232, 27, 34, 88,
       150, 55, 0, 123, 165, 55, 124, 24, 49, 252, 176, 0, 197, 249, 112,
       0, 200, 64, 195, 51, 209, 174, 159, 48, 170, 168, 65, 151, 182,
       123, 134, 252, 183, 227, 192, 123, 35, 38, 108, 28, 59, 77, 139,
       51, 216, 227, 115, 80, 170, 192, 131, 41, 252, 116, 172, 246, 140,
       108, 69, 159, 242, 255, 134, 24, 247, 245, 91, 59, 129, 214, 125,
       25, 104, 69, 251, 34, 217, 227, 245, 61, 160, 120, 214, 106, 93,
       244, 189, 34, 168, 127, 87, 184, 227, 255, 175, 13, 223, 119, 75,
       58, 133, 214, 236, 114, 157, 101, 251, 50, 219, 239, 101, 117,
       234, 243, 206, 115, 84, 117, 123, 228, 50, 74, 115, 112, 36, 164,
       235, 171, 87, 151, 1, 16, 242, 221, 125, 99, 72, 147, 177, 14,
       241, 229, 43, 21, 32, 51, 39, 115, 110, 184, 168, 50, 221, 221,
       81, 205, 139, 253, 165, 25, 150, 221, 78, 26, 137, 251, 253, 17,
       30, 111, 250, 51, 219, 213, 29, 127, 210, 13, 222, 210, 208, 180,
       191, 126, 42, 237, 17, 50, 254, 91, 183, 56, 182, 183, 0, 123,
       167, 55, 108, 0, 51, 109, 179, 19, 209, 171, 112, 90, 192, 64, 7,
       115, 64, 53, 25, 69, 33, 78, 48, 33, 104, 232, 107, 8, 214, 23, 0,
       48, 144, 20, 104, 40, 65, 176, 241, 12, 133, 184, 1, 6, 64, 34, 7,
       34, 240, 12, 14, 124, 25, 67, 71, 111, 116, 166, 226, 24, 99, 227,
       32, 17, 89, 244, 104, 160, 104, 255, 193, 31, 241, 162, 193, 17,
       97, 96, 102, 10, 253, 225, 152, 98, 221, 93, 87, 205, 227, 188,
       165, 8, 11, 217, 75, 179, 200, 204, 236, 122, 94, 99, 250, 49,
       251, 217, 5, 127, 98, 59, 206, 2, 112, 89, 59, 254, 26, 197, 93,
       111, 133, 68, 236, 139, 55, 223, 35, 80, 236, 187, 125, 129, 74,
       11, 50, 31, 243, 229, 138, 25, 49, 8, 36, 122, 252, 80, 156, 103,
       40, 14, 87, 184, 32, 186, 183, 120, 87, 87, 73, 91, 22, 212, 108,
       106, 104, 71, 203, 0, 209, 235, 101, 148, 96, 179, 2, 35, 129,
       149, 45, 203, 180, 175, 235, 191, 124, 97, 95, 84, 209, 117, 156,
       96, 95, 14, 26, 60, 177, 184, 125, 31, 109, 175, 170, 68, 220,
       138, 209, 240, 84, 77, 94, 231, 184, 10, 79, 184, 164, 160, 175,
       0, 215, 99, 137, 83, 50, 244, 109, 234, 104, 129, 9, 44, 224, 169,
       37, 20, 32, 243, 0, 32, 252, 48, 157, 114, 169, 108, 80, 25, 179,
       187, 161, 24, 215, 247, 73, 27, 129, 150, 108, 16, 59, 103, 219,
       2, 219, 211, 117, 127, 232, 97, 70, 50, 69, 112, 29, 103, 32, 79,
       103, 184, 104, 232, 51, 104, 215, 85, 201, 50, 150, 84, 92, 106,
       193, 240, 249, 12, 165, 249, 37, 164, 72, 179, 67, 177, 70, 185,
       185, 251, 184, 229, 153, 143, 142, 125, 137, 25, 150, 255, 72, 42,
       197, 83, 125, 17, 26, 75, 250, 177, 203, 213, 31, 127, 144, 64,
       133, 115, 65, 113, 25, 101, 17, 78, 103, 56, 104, 128, 106, 72,
       214, 85, 0, 48, 144, 84, 72, 106, 65, 176, 177, 13, 165, 188, 1,
       0, 72, 51, 67, 35, 126, 104, 184, 56, 9, 245, 80, 202, 227, 182,
       164, 9, 142, 216, 71, 154, 201, 161, 236, 81, 14, 103, 210, 16,
       211, 209, 17, 59, 208, 125, 46, 70, 125, 117, 113, 111, 125, 95,
       223, 120, 65, 172, 255, 8, 75, 93, 157, 180, 220, 220, 213, 106,
       200, 178, 121, 142, 243, 253, 129, 21, 99, 175, 86, 102, 100, 69,
       29, 111, 28, 79, 71, 168, 116, 168, 235, 8, 214, 115, 9, 113, 216,
       92, 104, 106, 105, 146, 249, 44, 165, 170, 5, 52, 16, 59, 86, 34,
       76, 96, 184, 54, 9, 124, 85, 142, 171, 183, 173, 9, 142, 245, 75,
       158, 129, 95, 232, 2, 72, 99, 251, 32, 195, 245, 85, 63, 194, 119,
       15, 66, 200, 184, 159, 112, 137, 236, 113, 23, 170, 83, 38, 24,
       190, 151, 64, 251, 161, 54, 120, 24, 51, 77, 178, 0, 201, 251, 86,
       106, 200, 64, 135, 59, 244, 96, 157, 117, 168, 14, 69, 40, 184,
       178, 163, 24, 215, 51, 65, 27, 129, 68, 105, 106, 104, 229, 219,
       8, 193, 235, 101, 20, 192, 113, 66, 34, 69, 113, 57, 69, 48, 78,
       115, 56, 104, 232, 111, 72, 214, 17, 129, 50, 148, 84, 76, 106,
       193, 176, 241, 12, 231, 185, 33, 4, 72, 163, 67, 33, 112, 169,
       248, 101, 56, 14, 85, 55, 98, 160, 174, 8, 183, 19, 64, 50, 2,
       244, 109, 8, 72, 218, 209, 8, 235, 233, 52, 48, 96, 128, 194, 43,
       180, 248, 185, 99, 152, 207, 83, 216, 114, 176, 165, 8, 83, 213,
       73, 56, 145, 220, 76, 122, 27, 117, 249, 52, 221, 141, 37, 116,
       240, 59, 70, 162, 100, 228, 189, 114, 137, 109, 85, 143, 242, 183,
       164, 24, 178, 119, 72, 59, 129, 86, 104, 16, 58, 100, 251, 49,
       203, 155, 85, 127, 192, 80, 198, 42, 100, 69, 61, 111, 25, 79, 71,
       184, 102, 164, 175, 12, 211, 117, 9, 81, 144, 68, 104, 110, 105,
       240, 121, 28, 229, 251, 69, 20, 88, 187, 68, 48, 100, 224, 184,
       106, 136, 77, 87, 136, 98, 182, 165, 8, 214, 113, 73, 18, 17, 212,
       104, 114, 74, 98, 219, 49, 235, 129, 69, 125, 208, 123, 70, 34,
       109, 97, 184, 103, 52, 30, 87, 152, 105, 168, 63, 8, 211, 113,
       201, 48, 146, 212, 108, 122, 8, 176, 233, 40, 239, 253, 37, 5, 66,
       179, 74, 34, 116, 109, 205, 103, 128, 74, 71, 136, 48, 166, 166,
       137, 83, 35, 65, 91, 112, 196, 104, 106, 104, 208, 233, 40, 245,
       163, 69, 21, 225, 243, 70, 96, 244, 116, 156, 246, 140, 109, 85,
       159, 178, 179, 134, 24, 215, 241, 73, 27, 129, 214, 125, 16, 56,
       101, 219, 34, 217, 131, 117, 61, 168, 121, 214, 58, 133, 103, 197,
       3, 150, 91, 103, 168, 127, 246, 43, 140, 195, 96, 223, 14, 51, 76,
       106, 126, 101, 240, 109, 114, 44, 30, 5, 116, 230, 251, 69, 228,
       213, 66, 148, 55, 40, 10, 78, 168, 232, 186, 131, 240, 215, 98,
       153, 91, 50, 100, 108, 110, 108, 197, 143, 8, 160, 170, 103, 20,
       8, 179, 97, 0, 212, 67, 30, 228, 168, 10, 78, 184, 160, 160, 163,
       40, 215, 99, 137, 83, 50, 197, 108, 110, 104, 197, 201, 12, 240,
       227, 101, 20, 32, 179, 9, 1, 212, 124, 156, 246, 168, 44, 85, 159,
       178, 179, 167, 92, 247, 241, 73, 91, 129, 214, 108, 26, 40, 101,
       219, 34, 217, 163, 117, 60, 232, 121, 128, 35, 189, 133, 45, 111,
       148, 239, 67, 171, 84, 161, 239, 24, 211, 113, 24, 97, 89, 198,
       88, 56, 57, 184, 121, 31, 237, 143, 165, 84, 241, 42, 212, 34, 40,
       97, 121, 99, 124, 207, 83, 124, 97, 172, 253, 8, 19, 21, 8, 48,
       24, 152, 68, 106, 74, 178, 120, 29, 231, 221, 33, 113, 66, 139,
       198, 163, 221, 93, 191, 119, 160, 110, 93, 55, 240, 202, 134, 20,
       247, 119, 3, 123, 181, 119, 125, 46, 233, 197, 177, 42, 227, 235,
