%YAML:1.0
---
descriptors: !!opencv-matrix
   rows: 151
   cols: 32
   dt: u
   data: [ 236, 244, 189, 67, 169, 79, 87, 136, 123, 190, 165, 24, 214,
       117, 73, 63, 145, 84, 104, 122, 122, 98, 251, 50, 237, 222, 69,
       127, 194, 115, 198, 98, 234, 188, 180, 248, 173, 189, 88, 215,
       255, 59, 180, 24, 174, 187, 84, 27, 201, 179, 127, 17, 186, 111,
       242, 211, 159, 219, 213, 122, 210, 72, 194, 11, 232, 188, 182,
       248, 173, 253, 81, 87, 255, 59, 180, 24, 191, 189, 68, 27, 133,
       179, 255, 24, 186, 111, 242, 147, 219, 219, 80, 123, 194, 76, 66,
       27, 92, 240, 188, 248, 44, 204, 89, 24, 175, 57, 183, 40, 159,
       223, 72, 91, 230, 149, 253, 80, 26, 75, 251, 145, 219, 249, 115,
       253, 130, 130, 7, 19, 205, 84, 157, 103, 161, 110, 119, 184, 121,
       234, 103, 24, 222, 115, 9, 59, 145, 84, 108, 42, 97, 244, 249, 10,
       231, 255, 85, 6, 202, 115, 67, 35, 7, 91, 67, 133, 118, 18, 186,
       48, 76, 200, 91, 231, 252, 74, 183, 228, 246, 109, 150, 231, 197,
       144, 37, 236, 36, 52, 170, 130, 12, 183, 57, 213, 5, 85, 31, 103,
       48, 14, 111, 184, 116, 232, 126, 100, 245, 115, 137, 112, 54, 124,
       60, 110, 225, 208, 125, 46, 228, 175, 39, 132, 40, 179, 1, 49,
       252, 100, 189, 101, 143, 91, 87, 40, 66, 182, 165, 8, 83, 49, 73,
       59, 25, 212, 232, 34, 104, 102, 249, 10, 251, 195, 69, 61, 227,
       123, 86, 34, 93, 213, 89, 239, 180, 46, 79, 184, 52, 170, 255, 96,
       215, 115, 137, 112, 87, 214, 93, 106, 249, 144, 105, 62, 233, 239,
       37, 148, 32, 243, 128, 33, 69, 113, 153, 103, 97, 78, 119, 0, 104,
       200, 99, 8, 222, 81, 9, 50, 144, 84, 112, 106, 65, 240, 185, 8,
       229, 184, 4, 6, 72, 51, 67, 34, 109, 113, 24, 101, 81, 30, 118,
       56, 105, 224, 111, 76, 222, 80, 9, 176, 144, 76, 64, 106, 197,
       240, 249, 14, 103, 253, 5, 6, 74, 51, 75, 130, 248, 174, 190, 112,
       138, 233, 81, 215, 178, 23, 164, 185, 39, 167, 64, 27, 39, 179,
       237, 16, 58, 79, 130, 51, 217, 195, 116, 121, 224, 192, 134, 107,
       240, 174, 220, 114, 168, 173, 85, 223, 178, 191, 164, 29, 55, 227,
       74, 27, 1, 199, 109, 20, 58, 79, 202, 49, 219, 195, 117, 121, 232,
       192, 202, 11, 69, 241, 29, 103, 56, 79, 87, 184, 110, 248, 43, 72,
       214, 115, 73, 50, 149, 84, 120, 106, 195, 112, 249, 29, 237, 186,
       37, 54, 72, 51, 67, 35, 253, 112, 189, 103, 40, 79, 87, 152, 115,
       250, 183, 8, 215, 87, 73, 59, 148, 212, 124, 122, 233, 103, 249,
       0, 199, 217, 101, 52, 192, 179, 70, 51, 21, 85, 89, 103, 48, 14,
       111, 184, 116, 232, 127, 100, 211, 119, 137, 112, 54, 92, 60, 106,
       233, 144, 121, 46, 229, 175, 37, 132, 40, 243, 65, 49, 108, 112,
       189, 99, 45, 111, 81, 152, 75, 250, 165, 24, 223, 29, 73, 59, 153,
       84, 124, 122, 11, 102, 251, 0, 207, 219, 117, 52, 194, 251, 70,
       114, 125, 85, 125, 103, 48, 78, 79, 184, 96, 232, 191, 64, 211,
       119, 137, 114, 22, 212, 92, 106, 233, 144, 249, 46, 227, 239, 37,
       148, 104, 243, 66, 49, 248, 188, 156, 50, 169, 173, 84, 223, 178,
       187, 160, 93, 47, 243, 66, 155, 131, 227, 237, 20, 62, 79, 218,
       51, 218, 195, 117, 121, 234, 212, 138, 11, 240, 174, 218, 112,
       170, 169, 81, 199, 179, 183, 172, 185, 39, 231, 66, 27, 39, 243,
       237, 16, 58, 79, 130, 51, 219, 195, 117, 121, 224, 192, 134, 123,
       248, 162, 222, 112, 138, 169, 81, 87, 162, 183, 164, 185, 19, 163,
       66, 27, 39, 146, 109, 24, 58, 79, 130, 0, 219, 203, 116, 125, 224,
       192, 230, 43, 69, 113, 17, 103, 81, 14, 118, 56, 104, 200, 107,
       12, 222, 49, 9, 48, 144, 76, 96, 106, 193, 176, 217, 8, 37, 188,
       0, 6, 72, 51, 67, 34, 228, 109, 157, 119, 136, 111, 71, 169, 114,
       178, 171, 24, 215, 119, 73, 59, 145, 86, 104, 122, 105, 100, 251,
       34, 233, 171, 69, 52, 192, 115, 198, 34, 248, 48, 255, 112, 40,
       237, 81, 87, 178, 159, 164, 56, 55, 247, 64, 27, 35, 182, 109, 24,
       58, 79, 178, 2, 217, 203, 113, 56, 224, 192, 70, 107, 234, 188,
       180, 248, 173, 173, 88, 119, 255, 59, 176, 24, 190, 187, 84, 27,
       201, 163, 127, 17, 186, 111, 210, 211, 155, 219, 214, 122, 210,
       72, 210, 10, 234, 172, 180, 248, 237, 173, 220, 247, 255, 59, 176,
       24, 170, 171, 84, 91, 201, 167, 127, 145, 186, 111, 210, 211, 223,
       251, 214, 120, 210, 200, 242, 136, 248, 176, 182, 250, 45, 237,
       80, 86, 255, 27, 165, 24, 190, 191, 68, 59, 129, 179, 255, 16, 58,
       111, 210, 243, 219, 219, 80, 123, 194, 12, 71, 27, 88, 48, 188,
       248, 41, 220, 81, 16, 171, 25, 180, 8, 159, 159, 64, 27, 132, 145,
       253, 16, 26, 67, 242, 145, 211, 217, 114, 123, 66, 0, 7, 19, 77,
       116, 149, 103, 161, 110, 119, 152, 121, 234, 47, 24, 222, 113, 73,
       58, 145, 84, 104, 42, 33, 244, 249, 74, 229, 255, 69, 6, 202, 115,
       67, 51, 241, 188, 255, 82, 235, 249, 84, 199, 251, 91, 164, 56,
       58, 254, 198, 63, 171, 242, 236, 16, 63, 111, 186, 115, 27, 218,
       85, 123, 227, 192, 206, 15, 100, 99, 49, 69, 116, 79, 103, 56,
       104, 172, 123, 72, 211, 1, 141, 180, 16, 92, 68, 106, 193, 176,
       233, 14, 37, 156, 33, 4, 64, 179, 70, 161, 84, 244, 221, 119, 168,
       110, 85, 190, 178, 187, 167, 0, 215, 119, 201, 123, 5, 86, 108,
       58, 105, 197, 251, 40, 201, 235, 117, 84, 160, 241, 198, 49, 244,
       36, 189, 101, 141, 111, 85, 40, 82, 182, 165, 24, 83, 53, 73, 59,
       9, 212, 104, 34, 104, 102, 251, 10, 219, 195, 69, 63, 193, 120,
       70, 34, 104, 180, 188, 251, 173, 253, 81, 27, 223, 59, 173, 24,
       222, 253, 76, 58, 153, 18, 255, 16, 26, 106, 251, 145, 207, 223,
       81, 127, 210, 72, 198, 162, 7, 89, 99, 135, 118, 86, 175, 48, 108,
       196, 95, 230, 221, 94, 151, 228, 118, 109, 22, 239, 197, 144, 61,
       204, 36, 56, 171, 128, 46, 183, 49, 245, 37, 113, 145, 65, 84, 79,
       230, 168, 106, 224, 35, 72, 210, 16, 69, 182, 144, 76, 80, 122,
       65, 112, 249, 24, 45, 152, 5, 52, 72, 59, 66, 164, 220, 46, 140,
       180, 136, 56, 88, 143, 178, 243, 130, 221, 151, 234, 67, 219, 131,
       199, 237, 149, 62, 79, 202, 34, 218, 227, 253, 61, 168, 244, 154,
       2, 6, 165, 214, 159, 252, 139, 238, 233, 175, 176, 251, 2, 236,
       234, 28, 66, 123, 239, 127, 227, 80, 243, 203, 253, 188, 62, 207,
       132, 5, 123, 225, 128, 6, 165, 214, 159, 252, 11, 238, 232, 63,
       176, 251, 2, 236, 234, 28, 67, 123, 239, 127, 227, 114, 243, 203,
       253, 188, 62, 207, 132, 149, 123, 225, 128, 143, 81, 229, 7, 66,
       30, 239, 184, 56, 226, 103, 198, 89, 102, 159, 247, 54, 197, 112,
       239, 229, 212, 61, 72, 36, 42, 69, 132, 111, 183, 3, 244, 6, 228,
       214, 159, 221, 47, 238, 232, 63, 178, 251, 2, 204, 234, 93, 64,
       123, 205, 123, 243, 96, 243, 219, 255, 189, 190, 207, 4, 133, 123,
       97, 128, 220, 126, 204, 181, 170, 98, 93, 158, 178, 255, 134, 189,
       215, 119, 195, 91, 7, 214, 253, 156, 56, 69, 203, 34, 218, 227,
       253, 181, 170, 241, 138, 83, 197, 229, 29, 103, 56, 15, 71, 184,
       122, 224, 35, 72, 215, 113, 73, 51, 145, 68, 104, 106, 225, 112,
       249, 62, 237, 152, 5, 52, 72, 179, 67, 32, 253, 113, 189, 103, 40,
       78, 87, 152, 97, 186, 183, 8, 215, 87, 73, 59, 148, 212, 124, 106,
       201, 100, 249, 0, 195, 217, 101, 52, 64, 179, 70, 35, 73, 117, 17,
       69, 241, 30, 118, 188, 105, 232, 110, 76, 222, 16, 13, 180, 182,
       76, 64, 108, 193, 176, 241, 76, 39, 188, 5, 6, 74, 50, 75, 151,
       237, 112, 185, 103, 45, 79, 87, 152, 107, 250, 181, 8, 215, 85,
       73, 58, 145, 212, 124, 122, 137, 116, 249, 0, 199, 217, 101, 52,
       194, 251, 70, 115, 6, 225, 246, 239, 252, 11, 254, 236, 175, 160,
       251, 2, 237, 234, 28, 66, 254, 239, 127, 227, 192, 179, 203, 253,
       188, 255, 175, 128, 5, 58, 225, 129, 220, 116, 24, 224, 60, 12,
       91, 24, 173, 168, 191, 40, 223, 215, 201, 82, 198, 149, 125, 122,
       74, 5, 203, 146, 211, 249, 35, 188, 32, 163, 1, 3, 248, 113, 188,
       250, 41, 237, 80, 87, 171, 25, 180, 24, 159, 159, 64, 27, 164,
