%YAML:1.0
---
descriptors: !!opencv-matrix
   rows: 69
   cols: 32
   dt: u
   data: [ 212, 175, 189, 123, 186, 232, 21, 143, 182, 55, 174, 184, 183,
       247, 200, 90, 3, 119, 109, 16, 58, 73, 235, 51, 233, 167, 117, 89,
       160, 208, 135, 106, 222, 124, 190, 118, 139, 118, 29, 153, 177,
       254, 134, 57, 79, 87, 75, 127, 165, 213, 253, 178, 108, 199, 187,
       42, 211, 227, 93, 23, 162, 117, 175, 119, 109, 71, 108, 7, 36, 27,
       102, 184, 97, 174, 63, 137, 195, 104, 159, 19, 24, 196, 108, 110,
       236, 240, 77, 12, 102, 251, 97, 21, 66, 179, 90, 4, 120, 176, 255,
       114, 185, 253, 81, 223, 179, 253, 164, 24, 59, 247, 74, 191, 1,
       246, 236, 24, 59, 75, 250, 49, 219, 223, 85, 121, 226, 192, 198,
       122, 117, 188, 156, 54, 168, 141, 84, 191, 179, 187, 160, 93, 119,
       251, 73, 27, 133, 247, 125, 16, 63, 75, 219, 51, 251, 203, 117,
       254, 232, 240, 138, 27, 224, 60, 189, 117, 40, 78, 85, 55, 112,
       170, 166, 8, 183, 51, 65, 51, 0, 244, 108, 8, 104, 248, 209, 8,
       205, 251, 117, 48, 64, 224, 70, 43, 100, 160, 185, 91, 221, 237,
       65, 143, 202, 49, 45, 24, 150, 245, 72, 58, 137, 94, 106, 24, 27,
       122, 251, 49, 77, 158, 21, 126, 192, 10, 214, 34, 214, 124, 252,
       114, 139, 112, 29, 143, 163, 246, 175, 187, 75, 127, 79, 91, 39,
       215, 253, 146, 44, 71, 251, 98, 251, 195, 221, 63, 163, 117, 174,
       82, 252, 177, 245, 114, 169, 221, 81, 223, 243, 61, 164, 24, 27,
       255, 76, 63, 129, 210, 252, 16, 58, 107, 250, 49, 219, 223, 85,
       127, 227, 128, 198, 111, 33, 169, 57, 91, 84, 205, 227, 232, 126,
       65, 100, 8, 242, 209, 56, 112, 216, 42, 18, 72, 19, 58, 122, 61,
       109, 189, 0, 104, 80, 10, 86, 234, 251, 188, 134, 50, 139, 252,
       84, 223, 179, 223, 165, 189, 15, 247, 66, 159, 167, 231, 236, 20,
       63, 79, 186, 179, 154, 211, 85, 251, 170, 212, 138, 87, 124, 127,
       109, 71, 20, 74, 71, 184, 33, 164, 239, 173, 67, 101, 159, 16, 24,
       212, 233, 98, 72, 176, 253, 46, 247, 231, 5, 21, 103, 187, 86,
       114, 240, 169, 245, 112, 169, 201, 81, 207, 243, 181, 160, 24, 11,
       255, 68, 59, 139, 223, 108, 16, 26, 107, 226, 17, 155, 216, 85,
       127, 227, 192, 198, 34, 40, 173, 184, 115, 140, 201, 117, 207,
       198, 181, 172, 8, 151, 241, 72, 0, 1, 90, 106, 88, 82, 104, 203,
       49, 239, 135, 53, 125, 208, 90, 204, 170, 116, 184, 215, 118, 139,
       104, 85, 142, 171, 191, 170, 24, 111, 247, 73, 91, 161, 247, 236,
       0, 26, 111, 186, 33, 155, 242, 85, 123, 226, 113, 134, 34, 181,
       86, 110, 55, 38, 58, 182, 48, 116, 226, 119, 247, 243, 76, 159,
       41, 127, 101, 150, 103, 237, 244, 125, 46, 198, 235, 235, 1, 109,
       251, 91, 212, 119, 188, 254, 50, 170, 252, 92, 199, 179, 219, 172,
       61, 23, 254, 78, 59, 167, 247, 253, 148, 63, 79, 186, 33, 219,
       219, 117, 251, 168, 80, 142, 95, 93, 165, 140, 163, 152, 175, 11,
       152, 38, 189, 139, 13, 215, 67, 73, 2, 145, 71, 109, 125, 58, 64,
       219, 55, 233, 199, 45, 116, 184, 83, 131, 34, 116, 67, 78, 37, 52,
       74, 127, 168, 41, 228, 126, 141, 87, 105, 27, 16, 50, 196, 109,
       111, 68, 176, 141, 12, 246, 167, 37, 133, 109, 183, 94, 82, 216,
       168, 158, 176, 40, 169, 80, 210, 162, 59, 164, 24, 183, 243, 64,
       27, 3, 51, 109, 16, 26, 77, 138, 49, 216, 195, 123, 121, 136, 64,
       3, 11, 108, 233, 24, 98, 221, 77, 71, 172, 99, 49, 169, 8, 215,
       209, 72, 16, 152, 220, 72, 106, 90, 34, 218, 53, 237, 213, 5, 125,
       80, 27, 214, 2, 164, 168, 152, 80, 237, 221, 80, 207, 91, 249, 36,
       24, 38, 208, 78, 61, 153, 186, 98, 24, 23, 126, 234, 177, 31, 218,
       85, 127, 210, 8, 222, 173, 221, 12, 174, 53, 132, 46, 238, 10,
       116, 178, 195, 18, 211, 104, 17, 107, 57, 196, 61, 239, 188, 240,
       29, 42, 209, 235, 239, 5, 229, 249, 248, 0, 220, 252, 188, 179,
       136, 173, 21, 158, 182, 183, 135, 16, 247, 247, 73, 11, 7, 119,
       125, 83, 106, 69, 219, 51, 233, 195, 127, 52, 160, 121, 133, 42,
       220, 225, 152, 163, 152, 15, 79, 156, 54, 188, 131, 9, 215, 195,
       73, 18, 17, 76, 109, 126, 106, 80, 217, 26, 233, 199, 45, 116,
       162, 50, 131, 32, 252, 117, 153, 166, 201, 79, 86, 252, 17, 238,
       168, 13, 118, 119, 73, 27, 156, 196, 96, 110, 105, 103, 217, 42,
       243, 203, 69, 62, 65, 123, 66, 90, 95, 181, 125, 79, 27, 87, 23,
       184, 38, 244, 141, 168, 91, 118, 202, 246, 23, 213, 253, 226, 207,
       66, 255, 29, 235, 111, 173, 191, 55, 183, 6, 117, 116, 119, 72,
       103, 82, 11, 22, 184, 33, 172, 251, 237, 67, 127, 11, 16, 60, 213,
       229, 98, 72, 146, 201, 44, 246, 231, 37, 151, 105, 243, 74, 19,
       124, 109, 241, 110, 240, 111, 71, 154, 51, 136, 232, 73, 115, 231,
       65, 16, 25, 254, 69, 42, 72, 34, 217, 62, 249, 190, 37, 60, 224,
       242, 70, 42, 108, 41, 145, 230, 184, 109, 71, 184, 35, 168, 173,
       72, 215, 227, 73, 150, 16, 204, 76, 122, 91, 66, 218, 40, 173,
       209, 37, 60, 98, 243, 2, 32, 92, 244, 145, 167, 168, 44, 7, 156,
       34, 187, 143, 72, 215, 247, 201, 222, 17, 86, 108, 106, 89, 67,
       251, 34, 233, 231, 125, 60, 162, 243, 130, 32, 95, 229, 57, 3,
       154, 83, 79, 168, 50, 248, 141, 136, 93, 118, 203, 52, 23, 221,
       125, 254, 107, 66, 239, 94, 249, 15, 37, 252, 178, 183, 3, 101,
       165, 224, 85, 77, 72, 95, 71, 252, 86, 178, 160, 88, 211, 64, 141,
       57, 25, 204, 98, 106, 109, 118, 121, 26, 103, 155, 101, 52, 88,
       184, 66, 164, 109, 37, 8, 39, 188, 15, 198, 45, 98, 168, 235, 72,
       211, 120, 88, 16, 152, 236, 68, 111, 204, 178, 221, 12, 228, 205,
       37, 52, 72, 122, 210, 130, 238, 163, 180, 26, 233, 121, 20, 137,
       171, 63, 165, 185, 206, 230, 206, 159, 135, 87, 236, 82, 54, 71,
       235, 49, 30, 83, 117, 255, 210, 245, 142, 87, 244, 124, 189, 101,
       168, 79, 85, 158, 98, 254, 166, 8, 215, 55, 65, 27, 129, 244, 108,
       104, 105, 118, 241, 8, 239, 203, 101, 52, 104, 240, 70, 123, 100,
       164, 189, 123, 221, 237, 81, 143, 246, 63, 173, 24, 246, 245, 72,
       58, 137, 218, 104, 24, 26, 106, 251, 51, 237, 191, 20, 125, 192,
       72, 198, 34, 65, 174, 15, 85, 160, 174, 109, 151, 38, 187, 66,
       212, 209, 162, 208, 107, 5, 110, 104, 156, 178, 220, 231, 33, 12,
       42, 255, 192, 140, 208, 208, 56, 56, 169, 56, 96, 89, 205, 81, 85,
       163, 173, 172, 8, 51, 159, 64, 16, 136, 184, 69, 24, 26, 43, 82,
       21, 219, 205, 17, 121, 96, 10, 70, 234, 205, 127, 189, 101, 160,
       126, 95, 158, 122, 254, 54, 124, 223, 55, 211, 59, 135, 84, 253,
       126, 249, 84, 249, 34, 239, 219, 101, 244, 138, 241, 135, 113,
       222, 173, 204, 183, 139, 122, 93, 175, 177, 246, 134, 145, 207,
       103, 74, 91, 99, 246, 253, 162, 124, 205, 255, 42, 219, 227, 221,
       149, 166, 117, 158, 90, 220, 240, 157, 118, 138, 78, 87, 184, 178,
       183, 167, 24, 215, 119, 73, 123, 51, 212, 125, 122, 41, 69, 187,
       34, 217, 227, 101, 52, 160, 243, 135, 98, 120, 57, 123, 112, 105,
       205, 81, 71, 227, 229, 164, 8, 59, 157, 68, 50, 136, 178, 213, 16,
       75, 107, 178, 17, 211, 217, 16, 59, 99, 136, 198, 122, 236, 180,
       189, 122, 172, 109, 89, 155, 219, 255, 181, 29, 247, 253, 90, 59,
       141, 211, 253, 23, 187, 103, 250, 51, 203, 219, 117, 255, 216,
       105, 214, 243, 214, 173, 236, 118, 137, 120, 93, 175, 179, 247,
       134, 153, 67, 247, 74, 91, 97, 246, 253, 128, 124, 79, 255, 34,
       251, 227, 221, 29, 160, 240, 134, 90, 80, 188, 157, 244, 58, 239,
       1, 39, 186, 171, 138, 120, 183, 183, 64, 50, 135, 55, 124, 0, 57,
       79, 209, 10, 217, 199, 126, 56, 136, 64, 7, 59, 119, 113, 105,
       100, 91, 95, 22, 120, 97, 224, 188, 233, 83, 93, 141, 176, 30,
       220, 213, 102, 205, 163, 245, 8, 115, 77, 5, 191, 103, 63, 126,
       247, 236, 113, 173, 165, 140, 110, 71, 152, 34, 226, 134, 8, 215,
       117, 83, 59, 145, 196, 121, 123, 41, 82, 249, 8, 237, 170, 229,
       52, 160, 123, 86, 114, 65, 103, 241, 197, 100, 14, 111, 49, 120,
