%YAML:1.0
---
descriptors: !!opencv-matrix
   rows: 294
   cols: 32
   dt: u
   data: [ 5, 117, 49, 71, 117, 78, 247, 176, 105, 200, 106, 72, 222,
       113, 13, 180, 144, 92, 80, 106, 193, 176, 113, 46, 37, 188, 5, 2,
       74, 51, 67, 178, 37, 113, 17, 67, 117, 79, 103, 184, 110, 224, 43,
       8, 214, 21, 69, 180, 145, 92, 82, 122, 65, 240, 121, 30, 45, 156,
       5, 54, 74, 59, 67, 162, 103, 166, 149, 178, 201, 40, 4, 207, 147,
       187, 160, 253, 70, 226, 73, 223, 205, 199, 236, 20, 63, 71, 207,
       32, 156, 146, 85, 126, 136, 125, 162, 20, 245, 102, 202, 87, 164,
       58, 102, 136, 119, 174, 246, 180, 67, 96, 223, 222, 113, 204, 44,
       126, 172, 244, 237, 42, 186, 255, 101, 5, 226, 245, 120, 4, 100,
       49, 153, 99, 209, 111, 99, 152, 106, 249, 43, 24, 214, 117, 73,
       58, 145, 92, 96, 122, 17, 112, 249, 32, 77, 156, 69, 118, 192, 99,
       70, 34, 221, 34, 148, 178, 169, 60, 76, 154, 235, 187, 179, 92,
       207, 226, 201, 250, 135, 71, 108, 28, 190, 65, 203, 226, 152, 250,
       127, 254, 136, 245, 139, 5, 120, 184, 255, 112, 168, 253, 81, 95,
       226, 255, 164, 24, 59, 183, 66, 59, 129, 246, 252, 24, 27, 107,
       242, 17, 219, 203, 117, 121, 226, 192, 198, 123, 1, 223, 31, 23,
       176, 142, 47, 183, 124, 170, 90, 228, 245, 115, 129, 96, 55, 110,
       62, 110, 225, 216, 13, 110, 236, 174, 103, 128, 8, 243, 129, 169,
       220, 184, 157, 247, 168, 110, 69, 159, 182, 187, 39, 88, 215, 119,
       72, 123, 1, 86, 108, 24, 59, 92, 251, 34, 205, 227, 117, 84, 160,
       225, 134, 33, 252, 172, 245, 86, 136, 110, 85, 191, 178, 182, 172,
       24, 115, 119, 73, 31, 1, 214, 108, 42, 120, 111, 251, 46, 251,
       202, 117, 60, 226, 240, 198, 106, 81, 13, 93, 103, 180, 78, 71,
       188, 100, 160, 170, 72, 247, 115, 1, 113, 50, 246, 124, 106, 105,
       169, 121, 44, 233, 239, 37, 16, 96, 242, 192, 40, 93, 221, 61,
       239, 176, 14, 79, 189, 37, 232, 191, 68, 247, 119, 136, 112, 22,
       246, 93, 106, 233, 129, 121, 47, 241, 239, 37, 148, 40, 242, 192,
       49, 236, 48, 189, 99, 173, 109, 81, 152, 91, 255, 181, 24, 222,
       93, 73, 59, 153, 80, 252, 58, 59, 102, 251, 16, 207, 219, 97, 125,
       194, 107, 70, 115, 208, 12, 94, 245, 146, 106, 79, 166, 180, 162,
       174, 16, 247, 99, 1, 83, 51, 246, 109, 170, 104, 205, 81, 46, 249,
       227, 101, 17, 32, 240, 36, 42, 96, 181, 149, 97, 157, 109, 84,
       191, 119, 59, 169, 24, 214, 57, 72, 252, 145, 150, 120, 48, 27,
       112, 219, 147, 239, 222, 85, 119, 210, 72, 192, 2, 196, 236, 222,
       191, 236, 169, 239, 254, 190, 187, 243, 26, 247, 235, 89, 75, 111,
       239, 127, 155, 48, 247, 203, 115, 252, 171, 127, 156, 133, 249,
       163, 161, 224, 156, 159, 254, 200, 173, 17, 135, 150, 23, 96, 24,
       182, 247, 96, 91, 193, 122, 43, 16, 50, 75, 218, 55, 205, 163,
       116, 120, 144, 72, 135, 170, 232, 149, 180, 254, 141, 253, 84,
       175, 223, 91, 172, 24, 190, 189, 2, 51, 201, 58, 251, 0, 58, 106,
       114, 183, 235, 223, 84, 59, 210, 76, 198, 74, 100, 109, 27, 94,
       93, 198, 199, 224, 249, 128, 233, 8, 80, 255, 53, 48, 216, 253,
       82, 195, 73, 227, 186, 108, 49, 188, 135, 24, 65, 51, 102, 162,
       21, 101, 27, 99, 148, 79, 103, 232, 118, 160, 107, 0, 211, 209,
       121, 32, 57, 76, 50, 122, 73, 240, 57, 62, 237, 140, 5, 36, 80,
       187, 80, 160, 69, 112, 17, 101, 1, 78, 98, 48, 104, 224, 35, 76,
       214, 17, 9, 50, 176, 68, 104, 106, 1, 240, 145, 12, 133, 184, 1,
       6, 72, 35, 67, 34, 245, 198, 207, 119, 180, 42, 111, 191, 116,
       163, 98, 244, 211, 97, 153, 121, 19, 206, 36, 46, 185, 244, 77,
       47, 108, 175, 245, 68, 237, 240, 210, 32, 188, 40, 123, 97, 0,
       111, 99, 80, 96, 162, 103, 8, 83, 23, 193, 57, 56, 244, 68, 122,
       9, 244, 33, 8, 65, 137, 97, 0, 225, 179, 70, 160, 92, 144, 156,
       247, 172, 44, 89, 153, 175, 187, 183, 56, 223, 243, 202, 91, 231,
       213, 125, 24, 56, 65, 203, 128, 203, 251, 119, 245, 128, 225, 139,
       3, 232, 188, 188, 248, 173, 173, 81, 223, 255, 127, 180, 25, 191,
       251, 70, 27, 205, 179, 255, 16, 186, 111, 242, 147, 219, 219, 85,
       122, 210, 200, 198, 43, 232, 188, 180, 252, 173, 189, 221, 215,
       223, 59, 180, 24, 190, 249, 84, 27, 201, 226, 127, 24, 186, 111,
       242, 179, 219, 219, 215, 122, 210, 76, 214, 107, 32, 253, 57, 91,
       93, 205, 151, 174, 95, 53, 44, 8, 166, 53, 68, 52, 129, 90, 130,
       64, 66, 40, 123, 55, 111, 148, 20, 59, 82, 89, 199, 234, 197, 85,
       149, 101, 161, 78, 119, 184, 121, 202, 99, 12, 222, 115, 9, 59,
       178, 68, 104, 106, 97, 244, 185, 76, 229, 186, 68, 6, 72, 115, 67,
       35, 105, 253, 184, 81, 217, 221, 117, 158, 123, 255, 44, 28, 158,
       52, 70, 190, 129, 94, 240, 24, 183, 120, 251, 51, 111, 223, 85,
       119, 202, 84, 203, 254, 69, 113, 145, 69, 97, 78, 118, 8, 105,
       232, 99, 8, 222, 18, 77, 178, 144, 84, 112, 106, 65, 112, 249, 72,
       39, 184, 69, 6, 72, 51, 67, 39, 252, 34, 255, 96, 162, 107, 65,
       83, 162, 183, 166, 56, 19, 135, 65, 27, 39, 148, 69, 24, 56, 95,
       160, 0, 219, 201, 117, 100, 224, 192, 70, 227, 248, 158, 252, 120,
       170, 169, 81, 223, 147, 31, 180, 57, 51, 161, 98, 27, 11, 178,
       236, 16, 58, 111, 74, 51, 219, 203, 112, 121, 243, 200, 206, 11,
       248, 190, 252, 122, 168, 169, 81, 215, 147, 63, 180, 56, 51, 161,
       98, 27, 11, 178, 237, 24, 58, 111, 202, 51, 219, 203, 112, 121,
       243, 200, 206, 43, 237, 108, 189, 103, 173, 79, 87, 136, 83, 242,
       165, 24, 211, 121, 89, 59, 153, 84, 124, 106, 105, 116, 249, 42,
       231, 219, 69, 52, 66, 123, 86, 34, 77, 125, 29, 71, 181, 79, 103,
       184, 121, 232, 111, 76, 222, 113, 9, 48, 144, 84, 120, 106, 225,
       240, 249, 46, 237, 191, 5, 22, 74, 115, 67, 50, 88, 170, 140, 49,
       168, 137, 81, 135, 166, 181, 166, 189, 183, 163, 66, 26, 1, 102,
       109, 20, 26, 73, 203, 49, 200, 195, 117, 113, 224, 192, 198, 74,
       36, 225, 57, 73, 93, 79, 71, 168, 74, 52, 45, 8, 210, 85, 73, 48,
       153, 88, 64, 106, 67, 48, 249, 21, 109, 156, 1, 118, 80, 59, 70,
       162, 92, 188, 140, 181, 139, 34, 21, 159, 162, 183, 134, 157, 199,
       99, 66, 27, 1, 199, 253, 148, 26, 201, 219, 32, 201, 227, 253,
       181, 170, 100, 158, 90, 120, 184, 255, 112, 169, 237, 81, 87, 226,
       61, 164, 8, 59, 183, 64, 59, 129, 182, 253, 16, 26, 107, 178, 17,
       219, 203, 117, 121, 226, 192, 198, 107, 221, 93, 27, 103, 176, 14,
       111, 188, 116, 202, 126, 68, 247, 115, 137, 112, 54, 110, 60, 110,
       225, 144, 121, 46, 228, 175, 39, 128, 104, 243, 1, 57, 228, 188,
       157, 250, 204, 237, 5, 207, 222, 59, 160, 24, 182, 243, 72, 91,
       129, 82, 106, 16, 51, 111, 218, 115, 217, 146, 85, 124, 216, 88,
       199, 34, 16, 172, 155, 127, 148, 230, 71, 255, 118, 3, 234, 16,
       243, 243, 40, 112, 121, 254, 40, 152, 59, 248, 89, 63, 233, 239,
       181, 68, 224, 192, 224, 42, 252, 164, 253, 118, 137, 109, 85, 191,
       179, 190, 165, 24, 115, 247, 76, 31, 9, 214, 236, 10, 120, 79,
       251, 34, 219, 203, 117, 61, 226, 240, 198, 106, 253, 113, 253,
       103, 44, 78, 71, 184, 97, 234, 183, 72, 211, 117, 201, 59, 22,
       212, 124, 106, 201, 244, 249, 8, 227, 249, 101, 52, 106, 243, 70,
       113, 148, 220, 185, 231, 180, 46, 79, 190, 54, 171, 223, 112, 215,
       115, 137, 112, 119, 222, 29, 58, 187, 148, 105, 63, 233, 239, 39,
       212, 160, 243, 129, 33, 216, 12, 95, 180, 168, 42, 92, 167, 176,
       182, 162, 153, 255, 35, 1, 219, 35, 231, 109, 170, 120, 77, 195,
       46, 208, 227, 127, 17, 32, 240, 135, 8, 148, 196, 153, 255, 180,
       46, 111, 188, 54, 171, 223, 80, 215, 115, 137, 64, 87, 95, 61,
       186, 121, 148, 233, 43, 237, 175, 191, 132, 164, 243, 129, 33,
       208, 140, 158, 188, 152, 226, 21, 103, 182, 131, 194, 17, 247,
       243, 32, 89, 209, 126, 105, 32, 56, 207, 19, 47, 233, 167, 116,
       25, 144, 104, 164, 10, 230, 237, 222, 191, 236, 171, 254, 239,
