%YAML:1.0
---
descriptors: !!opencv-matrix
   rows: 201
   cols: 32
   dt: u
   data: [ 108, 116, 181, 99, 137, 111, 71, 152, 59, 243, 43, 24, 214,
       115, 73, 62, 145, 84, 120, 122, 49, 64, 249, 34, 239, 222, 69,
       116, 194, 115, 198, 114, 108, 229, 57, 107, 157, 79, 71, 168, 66,
       236, 173, 8, 210, 85, 73, 48, 152, 92, 89, 106, 89, 98, 249, 30,
       237, 156, 5, 124, 64, 59, 214, 98, 108, 229, 152, 122, 201, 77,
       87, 172, 162, 31, 172, 24, 114, 247, 74, 18, 153, 210, 233, 82,
       74, 99, 250, 49, 251, 215, 69, 125, 208, 123, 198, 98, 153, 142,
       95, 101, 176, 10, 107, 55, 116, 162, 110, 212, 243, 35, 144, 116,
       83, 70, 108, 44, 185, 188, 69, 15, 236, 239, 36, 64, 234, 162,
       192, 40, 120, 176, 189, 112, 137, 237, 81, 87, 227, 63, 164, 24,
       54, 151, 64, 58, 129, 150, 108, 16, 26, 111, 178, 19, 219, 215,
       80, 123, 224, 0, 198, 107, 121, 187, 156, 50, 232, 205, 93, 159,
       179, 255, 180, 189, 159, 247, 194, 27, 135, 211, 253, 20, 255, 75,
       234, 49, 218, 195, 117, 253, 170, 212, 142, 91, 217, 92, 159, 100,
       42, 78, 69, 58, 224, 242, 162, 72, 215, 55, 1, 123, 34, 244, 124,
       106, 105, 197, 177, 12, 241, 235, 101, 16, 40, 240, 2, 56, 216,
       120, 159, 116, 40, 76, 81, 22, 160, 218, 162, 56, 215, 55, 65,
       123, 34, 244, 108, 8, 9, 69, 243, 0, 209, 227, 112, 16, 160, 160,
       7, 59, 124, 244, 245, 114, 232, 109, 71, 152, 242, 191, 173, 24,
       83, 247, 201, 58, 17, 222, 108, 106, 43, 99, 250, 51, 123, 207,
       101, 124, 226, 243, 198, 226, 65, 112, 29, 101, 1, 78, 55, 32,
       104, 66, 98, 8, 214, 113, 1, 49, 144, 84, 104, 98, 65, 240, 177,
       12, 229, 186, 64, 2, 72, 51, 67, 34, 252, 184, 253, 118, 168, 108,
       85, 222, 179, 255, 164, 24, 83, 247, 73, 59, 5, 214, 108, 24, 43,
       79, 250, 51, 219, 235, 117, 125, 226, 241, 198, 122, 83, 123, 16,
       161, 50, 138, 62, 55, 41, 204, 90, 237, 172, 2, 131, 212, 166, 61,
       205, 69, 197, 152, 196, 204, 180, 116, 42, 162, 12, 6, 11, 29,
       244, 68, 220, 118, 168, 106, 85, 184, 160, 178, 167, 56, 215, 115,
       9, 123, 135, 215, 109, 106, 104, 103, 203, 40, 211, 235, 117, 20,
       96, 241, 70, 35, 96, 153, 149, 249, 29, 205, 65, 142, 139, 49,
       168, 24, 182, 55, 64, 114, 129, 211, 104, 0, 11, 40, 211, 53, 173,
       182, 80, 59, 80, 24, 196, 42, 252, 60, 172, 246, 140, 109, 87,
       154, 210, 242, 135, 25, 215, 125, 89, 59, 137, 214, 125, 115, 59,
       103, 219, 34, 251, 195, 229, 125, 160, 121, 222, 18, 192, 140,
       157, 251, 200, 237, 33, 143, 190, 51, 32, 24, 183, 35, 64, 91,
       129, 18, 106, 24, 50, 76, 211, 55, 205, 162, 118, 120, 144, 72,
       135, 42, 193, 156, 189, 95, 136, 237, 21, 175, 222, 83, 160, 24,
       246, 112, 12, 107, 133, 115, 104, 0, 183, 108, 251, 49, 141, 186,
       85, 58, 208, 72, 129, 46, 113, 197, 125, 109, 22, 79, 71, 184,
       100, 160, 46, 8, 211, 49, 0, 112, 50, 212, 72, 106, 104, 176, 121,
       31, 231, 175, 1, 20, 112, 170, 64, 32, 76, 117, 121, 103, 112, 78,
       63, 56, 41, 164, 111, 172, 223, 119, 139, 16, 22, 93, 205, 110,
       65, 208, 249, 78, 231, 253, 37, 4, 66, 243, 7, 113, 108, 229, 8,
       126, 153, 196, 87, 168, 163, 208, 173, 9, 242, 247, 75, 18, 217,
       192, 121, 110, 74, 67, 218, 63, 235, 255, 133, 61, 24, 51, 118,
       98, 220, 212, 29, 126, 168, 110, 69, 186, 240, 90, 167, 88, 215,
       119, 9, 123, 1, 215, 108, 42, 105, 69, 251, 42, 193, 235, 117, 20,
       96, 241, 230, 48, 248, 32, 251, 100, 2, 105, 65, 83, 160, 164,
       164, 24, 19, 151, 65, 58, 34, 180, 68, 24, 8, 199, 160, 8, 209,
       201, 112, 56, 224, 160, 70, 34, 77, 112, 185, 86, 105, 124, 49, 0,
       233, 219, 37, 24, 158, 215, 77, 191, 130, 85, 96, 2, 3, 102, 178,
       64, 71, 217, 80, 10, 194, 113, 71, 163, 220, 180, 156, 48, 139,
       105, 21, 143, 186, 55, 165, 57, 142, 183, 74, 27, 131, 23, 237,
       16, 50, 77, 203, 19, 219, 211, 85, 127, 192, 64, 143, 3, 220, 167,
       156, 112, 185, 105, 21, 143, 187, 191, 165, 57, 135, 167, 74, 27,
       131, 23, 237, 16, 58, 79, 202, 0, 219, 211, 117, 127, 192, 64,
       143, 3, 120, 176, 185, 112, 203, 237, 81, 87, 227, 61, 172, 24,
       30, 151, 64, 58, 163, 186, 100, 16, 18, 111, 178, 17, 219, 213,
       16, 123, 226, 0, 199, 107, 216, 92, 215, 116, 42, 74, 69, 58, 241,
       250, 162, 120, 119, 55, 129, 255, 34, 212, 124, 42, 105, 71, 243,
       8, 209, 235, 117, 24, 98, 240, 6, 57, 121, 234, 252, 178, 234,
       141, 92, 254, 163, 59, 180, 249, 63, 255, 74, 27, 135, 211, 253,
       84, 206, 79, 202, 177, 219, 219, 117, 253, 162, 148, 134, 75, 248,
       177, 253, 112, 40, 236, 81, 27, 163, 255, 164, 28, 23, 183, 64,
       27, 5, 150, 125, 24, 27, 75, 242, 17, 219, 193, 117, 121, 226,
       192, 70, 123, 221, 70, 206, 87, 36, 26, 70, 188, 117, 174, 231,
       20, 67, 96, 155, 253, 113, 204, 44, 238, 236, 244, 173, 42, 210,
       235, 229, 5, 43, 243, 120, 4, 221, 102, 200, 103, 16, 62, 78, 152,
       113, 175, 239, 84, 67, 98, 159, 254, 49, 204, 44, 254, 172, 212,
       237, 42, 134, 239, 229, 5, 235, 243, 106, 4, 226, 170, 204, 26,
       232, 185, 224, 207, 187, 55, 164, 189, 35, 225, 214, 159, 11, 162,
       227, 28, 50, 111, 206, 115, 94, 19, 85, 121, 195, 204, 202, 138,
       230, 170, 188, 222, 232, 224, 29, 143, 171, 191, 132, 185, 36,
       231, 78, 27, 135, 247, 237, 16, 50, 79, 170, 113, 219, 146, 253,
       255, 128, 96, 135, 107, 100, 181, 149, 250, 252, 173, 69, 207,
       219, 59, 169, 88, 214, 241, 76, 51, 129, 211, 110, 16, 59, 107,
       218, 55, 185, 150, 85, 126, 208, 72, 198, 34, 211, 123, 3, 165,
       114, 142, 42, 100, 40, 200, 66, 237, 61, 6, 130, 208, 166, 173,
       93, 197, 197, 152, 132, 78, 176, 100, 42, 128, 40, 134, 43, 93,
       93, 69, 125, 103, 22, 78, 103, 184, 101, 160, 235, 64, 83, 113,
       25, 112, 50, 212, 108, 106, 73, 176, 93, 14, 247, 238, 37, 20, 97,
       243, 64, 32, 37, 229, 145, 86, 149, 79, 70, 168, 82, 226, 41, 8,
       118, 112, 9, 180, 145, 118, 80, 106, 101, 225, 57, 63, 41, 158,
       69, 54, 216, 123, 66, 38, 252, 172, 220, 118, 136, 105, 85, 222,
       163, 183, 164, 25, 55, 243, 75, 27, 1, 214, 237, 16, 42, 79, 202,
       32, 219, 195, 117, 61, 227, 241, 206, 10, 208, 164, 189, 117, 168,
       168, 121, 143, 254, 183, 162, 16, 215, 227, 80, 123, 131, 119,
       120, 24, 50, 77, 239, 19, 201, 235, 127, 81, 128, 192, 135, 40,
       220, 204, 30, 247, 152, 106, 87, 168, 180, 178, 166, 16, 119, 115,
       9, 83, 33, 246, 108, 234, 104, 197, 73, 46, 251, 227, 229, 21, 32,
       241, 236, 34, 193, 128, 189, 123, 136, 237, 21, 175, 206, 51, 160,
       24, 246, 114, 72, 123, 129, 83, 104, 16, 58, 109, 219, 49, 201,
       170, 85, 124, 208, 72, 129, 42, 69, 99, 157, 103, 180, 14, 102,
       184, 122, 168, 43, 76, 215, 97, 217, 50, 148, 68, 108, 110, 193,
       240, 217, 42, 172, 190, 37, 4, 200, 243, 67, 1, 76, 101, 120, 103,
       114, 27, 127, 184, 57, 164, 111, 168, 223, 87, 137, 48, 22, 93,
       213, 110, 64, 144, 249, 78, 231, 221, 37, 5, 98, 179, 7, 161, 101,
       97, 104, 103, 52, 27, 126, 56, 105, 160, 111, 9, 211, 9, 29, 48,
       146, 76, 93, 111, 196, 176, 205, 12, 230, 255, 1, 21, 68, 179, 90,
       2, 208, 168, 159, 112, 136, 233, 81, 23, 166, 51, 166, 24, 183,
       151, 64, 123, 33, 183, 108, 16, 58, 77, 211, 49, 217, 227, 113,
       121, 224, 64, 135, 42, 100, 229, 57, 110, 89, 77, 71, 168, 3, 92,
       173, 8, 242, 119, 73, 50, 217, 208, 121, 106, 75, 66, 251, 31,
       235, 221, 133, 60, 80, 51, 70, 98, 205, 117, 57, 103, 113, 78,
       119, 184, 121, 236, 111, 76, 254, 83, 9, 48, 144, 92, 68, 106,
       225, 240, 249, 79, 103, 253, 5, 2, 66, 50, 71, 243, 252, 52, 189,
       114, 137, 108, 87, 159, 243, 183, 173, 24, 87, 247, 73, 58, 129,
       214, 108, 26, 56, 99, 251, 34, 219, 207, 85, 124, 224, 241, 198,
       34, 248, 48, 255, 112, 42, 200, 81, 80, 163, 151, 164, 56, 55,
       151, 64, 27, 38, 176, 109, 24, 10, 79, 162, 0, 209, 193, 112, 57,
