%YAML:1.0
---
descriptors: !!opencv-matrix
   rows: 351
   cols: 32
   dt: u
   data: [ 76, 116, 157, 103, 169, 110, 71, 152, 122, 250, 39, 24, 214,
       119, 73, 59, 145, 84, 104, 58, 33, 244, 249, 34, 237, 255, 69, 54,
       192, 115, 199, 51, 112, 164, 253, 112, 154, 249, 81, 206, 243,
       181, 164, 24, 83, 252, 68, 58, 169, 214, 236, 16, 62, 99, 234, 16,
       251, 203, 85, 63, 225, 80, 198, 98, 100, 99, 57, 71, 96, 14, 103,
       184, 105, 172, 111, 72, 211, 99, 137, 54, 144, 84, 68, 106, 64,
       240, 233, 12, 103, 184, 37, 20, 66, 179, 70, 33, 120, 188, 254,
       112, 138, 232, 81, 87, 163, 23, 164, 56, 55, 183, 64, 26, 3, 178,
       109, 16, 26, 75, 226, 17, 219, 199, 116, 121, 224, 192, 198, 43,
       77, 85, 16, 69, 49, 30, 118, 56, 109, 224, 107, 68, 222, 50, 9,
       244, 148, 84, 120, 106, 193, 176, 121, 78, 167, 254, 3, 6, 74, 51,
       11, 5, 240, 188, 254, 114, 168, 173, 85, 223, 178, 191, 164, 25,
       55, 247, 66, 27, 1, 246, 109, 24, 58, 111, 218, 51, 219, 203, 117,
       121, 224, 208, 198, 43, 69, 112, 145, 71, 65, 92, 52, 0, 104, 226,
       35, 8, 222, 20, 77, 62, 144, 92, 96, 82, 65, 240, 241, 0, 7, 152,
       69, 6, 202, 115, 67, 166, 77, 116, 156, 71, 161, 127, 55, 184,
       121, 234, 47, 8, 222, 112, 73, 182, 145, 68, 120, 106, 229, 240,
       249, 106, 175, 255, 69, 6, 202, 115, 75, 54, 216, 24, 159, 244,
       40, 78, 65, 19, 164, 25, 162, 16, 247, 55, 0, 123, 2, 246, 108, 8,
       41, 205, 179, 0, 193, 235, 112, 0, 160, 128, 37, 59, 37, 113, 49,
       71, 85, 95, 103, 40, 79, 224, 43, 72, 210, 85, 77, 180, 144, 92,
       82, 106, 65, 240, 121, 28, 45, 156, 5, 54, 72, 59, 66, 160, 109,
       113, 17, 97, 17, 79, 82, 72, 105, 224, 169, 8, 158, 22, 65, 48,
       144, 148, 64, 122, 9, 240, 241, 12, 207, 217, 1, 54, 74, 35, 66,
       166, 77, 117, 152, 103, 185, 47, 86, 216, 121, 162, 175, 12, 222,
       115, 11, 16, 179, 196, 76, 106, 40, 113, 217, 42, 255, 223, 69, 6,
       202, 115, 75, 2, 120, 174, 156, 114, 170, 169, 81, 215, 163, 63,
       172, 185, 47, 167, 66, 27, 39, 179, 237, 16, 26, 75, 130, 49, 219,
       195, 117, 121, 224, 192, 134, 43, 244, 100, 253, 82, 136, 109, 69,
       159, 178, 182, 169, 24, 211, 247, 201, 59, 1, 214, 108, 26, 58,
       103, 251, 34, 225, 139, 117, 60, 224, 243, 198, 96, 248, 176, 190,
       248, 45, 253, 81, 87, 255, 31, 180, 24, 190, 159, 102, 59, 137,
       179, 253, 16, 58, 111, 242, 147, 219, 219, 80, 123, 210, 76, 199,
       123, 117, 93, 125, 102, 160, 78, 79, 184, 96, 232, 190, 72, 119,
       119, 129, 115, 52, 244, 124, 106, 201, 161, 249, 44, 243, 233,
       101, 16, 104, 243, 102, 49, 88, 176, 188, 248, 41, 221, 81, 26,
       171, 93, 181, 56, 159, 159, 66, 91, 133, 149, 253, 16, 10, 111,
       242, 145, 219, 249, 112, 255, 194, 128, 71, 115, 1, 124, 19, 69,
       82, 94, 167, 48, 104, 192, 106, 72, 242, 16, 133, 180, 50, 124,
       64, 106, 193, 180, 181, 110, 37, 188, 0, 0, 75, 179, 67, 173, 252,
       172, 252, 118, 136, 109, 85, 191, 178, 182, 164, 24, 83, 119, 73,
       31, 9, 214, 108, 42, 56, 79, 250, 34, 217, 203, 117, 61, 227, 240,
       198, 98, 117, 167, 76, 65, 180, 59, 78, 168, 105, 173, 191, 157,
       67, 104, 222, 48, 51, 198, 108, 62, 252, 48, 109, 30, 174, 207,
       37, 213, 237, 227, 218, 68, 120, 184, 253, 112, 168, 237, 81, 151,
       226, 247, 164, 24, 63, 183, 66, 59, 135, 246, 124, 24, 27, 107,
       242, 49, 219, 203, 117, 121, 224, 192, 198, 123, 77, 108, 119,
       103, 54, 26, 118, 168, 121, 162, 107, 8, 207, 121, 29, 176, 179,
       69, 121, 111, 224, 240, 141, 46, 39, 254, 5, 6, 100, 243, 67, 2,
       116, 109, 198, 143, 252, 11, 238, 232, 61, 162, 251, 10, 239, 234,
       25, 64, 251, 239, 127, 227, 104, 243, 201, 238, 188, 247, 207, 12,
       5, 123, 241, 128, 224, 188, 157, 218, 204, 237, 69, 143, 218, 19,
       160, 24, 182, 243, 72, 123, 193, 82, 106, 24, 51, 111, 218, 115,
       221, 146, 85, 124, 216, 88, 199, 42, 124, 173, 254, 114, 154, 233,
       85, 207, 162, 53, 173, 185, 23, 231, 74, 18, 43, 186, 197, 144,
       26, 75, 170, 51, 251, 197, 53, 125, 224, 192, 134, 242, 100, 109,
       59, 94, 93, 198, 199, 224, 232, 128, 233, 8, 80, 255, 37, 48, 216,
       253, 82, 234, 73, 227, 186, 108, 113, 188, 143, 12, 64, 51, 102,
       162, 200, 190, 156, 123, 170, 169, 17, 159, 62, 63, 36, 57, 174,
       35, 194, 27, 135, 27, 236, 16, 50, 76, 203, 51, 206, 151, 116,
       123, 208, 64, 143, 27, 248, 190, 247, 118, 171, 248, 81, 151, 179,
       23, 166, 56, 47, 247, 64, 159, 39, 246, 237, 8, 58, 79, 170, 35,
       219, 243, 85, 123, 162, 208, 134, 107, 108, 165, 189, 99, 137,
       109, 87, 137, 123, 191, 165, 24, 210, 119, 73, 58, 145, 86, 104,
       122, 58, 96, 251, 51, 239, 223, 69, 127, 194, 115, 198, 98, 240,
       188, 253, 126, 137, 208, 85, 142, 179, 243, 164, 24, 119, 247, 72,
       123, 129, 247, 253, 16, 63, 79, 186, 49, 219, 243, 85, 127, 160,
       112, 134, 58, 69, 71, 17, 69, 48, 14, 110, 56, 108, 168, 123, 68,
       222, 19, 137, 240, 150, 76, 44, 110, 193, 144, 73, 76, 164, 188,
       35, 132, 8, 179, 65, 33, 76, 101, 252, 103, 176, 90, 127, 56, 57,
       164, 111, 136, 219, 119, 137, 112, 54, 213, 125, 238, 64, 208,
       233, 108, 239, 239, 37, 4, 98, 243, 71, 32, 205, 36, 189, 101,
       161, 126, 105, 19, 121, 247, 39, 24, 158, 55, 67, 127, 133, 70,
       120, 60, 177, 220, 241, 2, 199, 251, 80, 4, 130, 225, 195, 96,
       232, 188, 180, 248, 173, 237, 80, 159, 223, 123, 180, 24, 190,
       253, 84, 91, 205, 179, 255, 17, 186, 111, 210, 243, 223, 219, 213,
       123, 210, 76, 214, 155, 120, 48, 253, 116, 40, 108, 81, 19, 163,
       191, 164, 60, 23, 151, 64, 27, 39, 148, 109, 24, 26, 79, 178, 0,
       219, 227, 113, 57, 226, 128, 6, 123, 232, 188, 188, 248, 173, 237,
       81, 87, 255, 95, 180, 25, 175, 189, 70, 123, 205, 179, 255, 24,
       186, 111, 242, 145, 219, 219, 80, 123, 210, 72, 214, 91, 205, 120,
       149, 119, 41, 108, 81, 144, 233, 250, 39, 120, 222, 115, 65, 59,
       128, 85, 124, 106, 33, 100, 251, 32, 199, 251, 69, 2, 202, 113, 3,
       51, 104, 180, 156, 113, 137, 109, 16, 143, 27, 55, 44, 25, 174,
       49, 74, 26, 129, 19, 233, 16, 50, 104, 219, 19, 207, 215, 84, 127,
       210, 72, 143, 26, 54, 77, 18, 174, 153, 71, 6, 236, 157, 132, 233,
       9, 102, 240, 45, 212, 216, 231, 234, 98, 76, 163, 154, 111, 185,
       182, 5, 27, 80, 59, 46, 6, 236, 180, 189, 99, 169, 111, 51, 137,
       123, 191, 37, 24, 222, 117, 72, 59, 145, 20, 232, 50, 48, 116,
       249, 18, 207, 211, 65, 119, 194, 107, 71, 99, 240, 142, 221, 244,
       138, 104, 69, 183, 178, 183, 166, 153, 87, 167, 64, 91, 97, 246,
       109, 8, 56, 79, 235, 34, 217, 163, 245, 28, 160, 240, 134, 106,
       129, 174, 207, 27, 168, 170, 101, 159, 246, 19, 98, 208, 177, 227,
       216, 123, 67, 110, 106, 28, 51, 252, 207, 51, 12, 162, 247, 64,
       172, 208, 208, 168, 124, 188, 248, 112, 136, 233, 85, 223, 243,
       183, 164, 24, 23, 183, 64, 27, 129, 26, 236, 16, 58, 107, 218, 48,
       251, 195, 117, 127, 224, 88, 198, 42, 129, 142, 207, 59, 160, 170,
       101, 159, 118, 19, 98, 244, 243, 225, 216, 121, 83, 110, 42, 28,
       51, 252, 79, 51, 76, 170, 117, 64, 236, 208, 208, 168, 125, 87,
       125, 39, 52, 14, 71, 184, 96, 232, 191, 76, 83, 97, 153, 50, 20,
       196, 108, 110, 233, 161, 253, 14, 228, 239, 101, 148, 104, 243,
       82, 49, 120, 186, 254, 112, 138, 233, 81, 87, 179, 21, 164, 56,
       55, 179, 66, 27, 11, 178, 237, 16, 58, 107, 130, 49, 219, 195,
       116, 121, 224, 128, 198, 43, 208, 24, 159, 116, 40, 108, 65, 55,
       176, 155, 166, 24, 247, 55, 0, 123, 7, 246, 108, 8, 57, 77, 179,
       0, 209, 227, 116, 24, 160, 224, 38, 43, 253, 113, 253, 103, 168,
       78, 71, 56, 96, 250, 183, 8, 215, 117, 201, 59, 18, 212, 124, 106,
       201, 116, 249, 8, 231, 233, 101, 52, 104, 179, 70, 113, 124, 112,
       189, 99, 44, 111, 83, 152, 115, 191, 167, 24, 215, 87, 73, 59,
