%YAML:1.0
---
descriptors: !!opencv-matrix
   rows: 179
   cols: 32
   dt: u
   data: [ 20, 125, 123, 231, 180, 15, 111, 184, 36, 232, 251, 100, 215,
       119, 153, 32, 126, 221, 63, 234, 201, 176, 105, 44, 229, 173, 39,
       132, 100, 179, 37, 241, 236, 244, 188, 122, 141, 125, 87, 156, 91,
       55, 165, 24, 210, 125, 78, 123, 217, 86, 104, 26, 250, 102, 251,
       51, 235, 251, 85, 125, 210, 90, 214, 98, 250, 172, 182, 248, 141,
       229, 208, 199, 191, 23, 160, 17, 174, 187, 102, 27, 201, 179, 235,
       145, 62, 111, 146, 243, 155, 243, 222, 123, 210, 68, 239, 138, 37,
       81, 121, 79, 116, 15, 111, 184, 100, 232, 123, 102, 83, 65, 153,
       112, 126, 204, 22, 110, 201, 176, 109, 44, 100, 172, 165, 132, 60,
       187, 80, 177, 245, 113, 189, 103, 36, 79, 71, 152, 96, 232, 183,
       72, 211, 85, 89, 59, 28, 212, 124, 106, 201, 116, 249, 8, 197,
       201, 101, 52, 72, 187, 82, 48, 202, 172, 150, 178, 137, 252, 16,
       135, 187, 23, 128, 25, 174, 190, 66, 219, 129, 115, 233, 17, 54,
       77, 146, 243, 155, 211, 94, 123, 130, 68, 143, 78, 21, 79, 91,
       239, 182, 10, 111, 188, 100, 160, 91, 194, 211, 67, 185, 96, 126,
       236, 14, 238, 201, 176, 77, 62, 228, 172, 167, 132, 61, 187, 240,
       32, 53, 109, 75, 239, 246, 3, 239, 252, 116, 128, 122, 194, 113,
       99, 185, 32, 122, 238, 22, 238, 193, 178, 77, 62, 100, 172, 175,
       132, 125, 251, 241, 160, 21, 83, 25, 231, 52, 14, 111, 184, 52,
       168, 91, 230, 215, 115, 153, 96, 54, 92, 28, 106, 193, 144, 73,
       46, 228, 172, 39, 132, 44, 187, 1, 49, 237, 60, 189, 119, 188,
       110, 119, 188, 123, 250, 47, 24, 215, 117, 73, 59, 145, 118, 124,
       58, 233, 244, 249, 42, 239, 219, 101, 52, 192, 115, 198, 123, 98,
       184, 182, 248, 205, 253, 240, 71, 175, 19, 224, 24, 174, 190, 100,
       91, 201, 59, 251, 17, 58, 107, 242, 241, 143, 250, 222, 123, 144,
       72, 247, 138, 213, 83, 93, 103, 32, 14, 79, 184, 100, 232, 179,
       108, 215, 83, 137, 115, 22, 212, 124, 106, 233, 133, 121, 12, 224,
       170, 97, 148, 40, 179, 64, 49, 237, 125, 189, 119, 173, 111, 87,
       156, 123, 254, 166, 24, 215, 117, 73, 59, 149, 214, 124, 122, 185,
       116, 249, 34, 239, 219, 101, 52, 192, 123, 198, 115, 206, 172,
       150, 154, 139, 241, 148, 231, 191, 23, 128, 25, 172, 250, 102,
       207, 129, 115, 235, 145, 54, 79, 154, 243, 153, 82, 95, 123, 146,
       84, 173, 14, 5, 81, 25, 231, 180, 14, 111, 184, 36, 232, 91, 100,
       215, 115, 153, 96, 86, 92, 30, 110, 201, 144, 89, 44, 228, 172,
       167, 132, 44, 243, 1, 49, 236, 244, 189, 115, 141, 109, 87, 153,
       91, 63, 165, 24, 214, 117, 72, 59, 145, 214, 124, 122, 187, 102,
       251, 51, 239, 223, 85, 124, 210, 123, 198, 114, 252, 112, 252, 99,
       41, 79, 87, 152, 51, 250, 165, 8, 223, 95, 73, 59, 157, 213, 253,
       114, 104, 118, 249, 58, 247, 219, 101, 53, 226, 179, 70, 115, 236,
       48, 188, 240, 173, 125, 81, 11, 251, 251, 165, 24, 158, 157, 72,
       59, 137, 148, 253, 16, 58, 103, 242, 128, 219, 219, 81, 127, 194,
       72, 70, 114, 21, 79, 75, 237, 180, 3, 111, 249, 52, 160, 122, 70,
       243, 99, 177, 96, 122, 236, 22, 236, 201, 176, 69, 14, 228, 172,
       167, 132, 45, 186, 96, 168, 0, 165, 91, 237, 244, 11, 233, 127,
       60, 160, 122, 66, 245, 171, 176, 64, 126, 175, 23, 169, 209, 186,
       65, 95, 252, 172, 186, 128, 125, 202, 225, 169, 254, 116, 244,
       231, 108, 58, 126, 216, 57, 250, 183, 187, 207, 127, 223, 95, 255,
       213, 253, 227, 232, 247, 233, 202, 214, 251, 199, 182, 39, 255,
       115, 83, 37, 85, 83, 79, 246, 11, 111, 248, 100, 224, 123, 230,
       83, 81, 185, 112, 126, 204, 22, 238, 193, 176, 109, 46, 100, 172,
       37, 132, 109, 187, 112, 177, 21, 117, 123, 231, 180, 15, 111, 184,
       36, 232, 127, 96, 215, 119, 153, 96, 126, 220, 23, 238, 201, 176,
       105, 14, 228, 173, 167, 132, 100, 179, 64, 241, 232, 168, 180,
       248, 141, 237, 80, 199, 155, 23, 160, 25, 174, 189, 102, 27, 201,
       179, 233, 17, 58, 111, 210, 177, 219, 211, 84, 123, 210, 76, 206,
       74, 226, 172, 150, 248, 205, 237, 116, 199, 159, 23, 224, 25, 42,
       187, 100, 91, 233, 187, 235, 144, 58, 111, 146, 243, 155, 242,
       214, 123, 146, 72, 254, 138, 84, 229, 250, 239, 254, 3, 255, 248,
       62, 130, 255, 130, 247, 239, 25, 80, 127, 213, 127, 235, 232, 227,
       207, 126, 252, 175, 175, 140, 101, 243, 97, 1, 252, 121, 253, 118,
       141, 77, 85, 189, 227, 182, 165, 8, 83, 245, 73, 59, 136, 214,
       108, 106, 104, 99, 250, 32, 251, 201, 69, 61, 98, 122, 198, 98,
       36, 32, 219, 235, 124, 43, 235, 88, 62, 160, 243, 74, 213, 203,
       25, 88, 127, 141, 127, 187, 1, 183, 201, 94, 212, 174, 171, 228,
       213, 171, 99, 161, 21, 81, 89, 229, 52, 14, 79, 184, 100, 232,
       251, 100, 215, 115, 137, 112, 86, 212, 92, 110, 201, 144, 121, 12,
       228, 173, 37, 148, 40, 179, 64, 49, 213, 80, 29, 103, 40, 14, 79,
       184, 96, 250, 179, 72, 215, 87, 137, 115, 20, 212, 124, 106, 233,
       196, 249, 12, 225, 171, 97, 148, 40, 179, 66, 49, 98, 180, 180,
       249, 237, 237, 240, 7, 255, 59, 160, 24, 174, 191, 68, 27, 193,
       19, 251, 17, 50, 109, 210, 209, 143, 218, 90, 127, 210, 72, 199,
       154, 130, 184, 180, 153, 205, 237, 240, 135, 191, 27, 224, 16,
       172, 186, 68, 75, 201, 59, 251, 17, 50, 110, 210, 243, 141, 58,
       222, 107, 144, 72, 193, 138, 130, 172, 150, 184, 205, 173, 248,
       199, 191, 27, 226, 16, 172, 186, 116, 75, 237, 235, 123, 145, 50,
       255, 210, 243, 157, 254, 222, 74, 144, 72, 225, 138, 246, 228,
       246, 255, 205, 111, 238, 236, 63, 178, 235, 18, 200, 234, 93, 82,
       249, 239, 123, 163, 106, 247, 219, 255, 191, 254, 207, 13, 181,
       123, 242, 130, 17, 77, 91, 229, 52, 11, 111, 53, 100, 168, 122,
       70, 183, 3, 144, 96, 118, 174, 30, 232, 201, 184, 65, 12, 228,
       173, 166, 128, 44, 130, 161, 169, 228, 96, 156, 103, 140, 46, 71,
       152, 114, 178, 163, 24, 215, 115, 73, 27, 145, 196, 104, 122, 40,
       116, 217, 34, 205, 219, 69, 52, 192, 243, 66, 34, 229, 117, 189,
       101, 105, 78, 103, 184, 104, 234, 39, 8, 214, 55, 65, 51, 144, 84,
       108, 106, 97, 244, 249, 10, 237, 155, 101, 52, 72, 115, 70, 51,
       250, 105, 50, 236, 29, 197, 90, 224, 173, 128, 224, 10, 46, 159,
       53, 80, 232, 241, 219, 227, 72, 39, 144, 255, 179, 249, 138, 59,
       83, 63, 118, 10, 130, 160, 214, 153, 100, 169, 184, 6, 62, 27,
       114, 18, 140, 142, 80, 73, 239, 15, 127, 145, 50, 252, 195, 211,
       140, 50, 218, 194, 132, 8, 161, 137, 5, 85, 25, 231, 180, 14, 111,
       184, 100, 168, 91, 64, 215, 115, 153, 96, 118, 92, 62, 106, 193,
       144, 73, 46, 228, 172, 39, 132, 44, 243, 1, 177, 104, 176, 180,
       249, 141, 237, 80, 7, 239, 59, 172, 25, 142, 191, 68, 26, 137, 19,
       251, 16, 26, 107, 211, 209, 143, 211, 80, 127, 210, 72, 199, 10,
       98, 185, 180, 248, 205, 237, 80, 7, 143, 17, 160, 24, 174, 191,
       68, 90, 201, 19, 251, 16, 18, 107, 210, 209, 143, 248, 86, 123,
       210, 72, 199, 138, 162, 168, 182, 216, 205, 205, 240, 199, 255,
       19, 224, 24, 172, 154, 116, 91, 201, 59, 251, 17, 50, 111, 210,
       241, 143, 186, 222, 123, 208, 8, 242, 138, 194, 248, 182, 153, 77,
       141, 248, 198, 191, 51, 226, 18, 174, 154, 116, 75, 237, 171, 123,
       145, 34, 255, 147, 241, 157, 58, 218, 74, 192, 8, 33, 138, 232,
       160, 180, 250, 141, 253, 80, 15, 203, 23, 164, 25, 174, 189, 78,
       27, 201, 18, 233, 16, 26, 111, 242, 147, 219, 211, 80, 123, 210,
       76, 206, 10, 20, 37, 121, 239, 180, 11, 111, 184, 36, 160, 127,
       66, 215, 99, 153, 64, 126, 204, 63, 106, 201, 176, 105, 30, 236,
       237, 167, 132, 36, 187, 64, 161, 104, 168, 182, 248, 141, 237,
       208, 71, 203, 21, 160, 25, 174, 189, 102, 27, 201, 179, 235, 16,
       26, 107, 210, 177, 155, 211, 212, 123, 210, 72, 254, 10, 118, 101,
       214, 239, 124, 11, 238, 232, 63, 160, 251, 10, 203, 234, 29, 80,
