%YAML:1.0
---
descriptors: !!opencv-matrix
   rows: 226
   cols: 32
   dt: u
   data: [ 236, 237, 153, 122, 217, 205, 87, 168, 178, 151, 173, 24, 118,
       243, 74, 18, 153, 218, 233, 82, 90, 99, 250, 51, 251, 221, 69,
       125, 192, 115, 206, 226, 216, 191, 220, 178, 168, 237, 93, 159,
       179, 255, 180, 189, 255, 247, 66, 91, 135, 215, 253, 20, 191, 79,
       202, 51, 250, 195, 117, 253, 170, 208, 142, 91, 104, 176, 185,
       112, 57, 237, 81, 23, 251, 63, 36, 24, 150, 151, 64, 58, 129, 18,
       108, 24, 18, 109, 178, 19, 203, 223, 16, 123, 192, 0, 199, 107,
       100, 172, 153, 218, 220, 237, 71, 175, 218, 51, 169, 24, 246, 241,
       72, 112, 193, 90, 106, 26, 59, 107, 250, 115, 253, 150, 21, 120,
       208, 75, 199, 42, 85, 69, 125, 103, 144, 15, 79, 184, 100, 160,
       239, 64, 211, 115, 153, 112, 50, 212, 92, 110, 233, 176, 125, 14,
       231, 239, 37, 20, 96, 179, 64, 32, 252, 34, 149, 114, 169, 108,
       84, 152, 243, 187, 177, 88, 223, 243, 73, 187, 129, 214, 108, 18,
       58, 103, 203, 2, 219, 211, 117, 62, 226, 249, 66, 35, 148, 253,
       159, 247, 144, 78, 103, 255, 52, 162, 238, 0, 247, 115, 1, 113,
       113, 254, 73, 234, 120, 216, 25, 46, 235, 231, 231, 1, 32, 112,
       164, 42, 52, 247, 253, 107, 152, 79, 71, 152, 86, 53, 237, 4, 211,
       103, 73, 80, 85, 218, 12, 122, 91, 240, 123, 55, 237, 134, 37,
       116, 240, 251, 132, 112, 192, 164, 157, 249, 200, 237, 1, 143,
       190, 51, 32, 24, 182, 179, 72, 123, 129, 19, 106, 24, 50, 77, 211,
       115, 205, 146, 84, 124, 144, 72, 135, 42, 108, 101, 117, 103, 53,
       95, 118, 184, 121, 236, 127, 8, 219, 109, 153, 52, 16, 212, 236,
       106, 232, 240, 237, 46, 231, 255, 37, 53, 98, 191, 70, 34, 76,
       113, 121, 101, 50, 78, 63, 56, 41, 196, 111, 173, 223, 71, 137,
       16, 150, 93, 77, 110, 64, 144, 249, 78, 228, 245, 33, 4, 64, 179,
       7, 113, 216, 184, 190, 122, 136, 237, 17, 151, 230, 123, 166, 24,
       183, 249, 66, 59, 161, 55, 108, 17, 59, 109, 219, 49, 217, 227,
       117, 121, 232, 64, 135, 10, 104, 164, 156, 113, 169, 109, 20, 143,
       31, 63, 36, 25, 174, 49, 74, 27, 129, 19, 233, 16, 50, 104, 219,
       19, 207, 215, 84, 127, 210, 72, 206, 11, 217, 156, 31, 126, 171,
       108, 21, 167, 249, 90, 226, 56, 254, 115, 0, 123, 163, 119, 108,
       34, 113, 77, 179, 111, 241, 251, 86, 10, 72, 112, 163, 59, 252,
       172, 252, 112, 168, 233, 81, 91, 179, 183, 164, 56, 23, 179, 64,
       27, 3, 146, 108, 24, 58, 111, 250, 18, 219, 195, 117, 125, 240,
       192, 198, 34, 105, 48, 177, 65, 105, 92, 113, 0, 233, 248, 38, 8,
       158, 22, 68, 63, 128, 52, 104, 24, 1, 120, 241, 0, 135, 249, 16,
       114, 66, 0, 70, 166, 77, 112, 181, 116, 105, 108, 53, 0, 235, 154,
       37, 8, 158, 151, 77, 63, 128, 85, 96, 66, 1, 103, 178, 64, 71,
       249, 80, 14, 194, 113, 71, 163, 93, 85, 23, 109, 49, 14, 67, 56,
       109, 232, 175, 68, 215, 115, 9, 114, 148, 228, 108, 110, 169, 161,
       121, 14, 227, 255, 97, 20, 74, 179, 64, 33, 100, 103, 57, 71, 112,
       79, 103, 24, 104, 172, 43, 72, 210, 83, 201, 48, 144, 92, 68, 106,
       65, 240, 249, 12, 229, 156, 37, 52, 64, 179, 70, 161, 60, 97, 56,
       110, 13, 79, 87, 104, 82, 164, 173, 8, 83, 249, 107, 48, 216, 216,
       66, 106, 72, 99, 123, 29, 251, 205, 5, 61, 115, 123, 102, 162,
       244, 48, 189, 112, 168, 104, 81, 27, 179, 183, 167, 56, 87, 247,
       72, 27, 131, 215, 109, 16, 58, 71, 235, 0, 219, 195, 117, 125,
       224, 225, 134, 99, 252, 164, 188, 114, 168, 104, 81, 11, 178, 191,
       165, 57, 215, 183, 72, 27, 129, 150, 237, 16, 58, 101, 235, 2,
       219, 195, 117, 117, 224, 64, 134, 99, 232, 253, 148, 58, 169, 253,
       22, 143, 155, 63, 168, 25, 174, 251, 66, 154, 129, 115, 237, 80,
       126, 75, 218, 51, 235, 215, 85, 123, 210, 84, 142, 11, 253, 174,
       252, 50, 170, 189, 92, 159, 187, 251, 180, 185, 191, 247, 66, 27,
       135, 247, 253, 28, 190, 79, 202, 51, 219, 219, 117, 253, 162, 212,
       138, 75, 209, 221, 29, 102, 136, 14, 71, 181, 224, 136, 170, 68,
       119, 51, 128, 115, 4, 246, 124, 106, 233, 193, 241, 45, 241, 171,
       100, 16, 104, 178, 194, 57, 88, 176, 187, 112, 43, 237, 81, 83,
       235, 61, 36, 24, 62, 151, 64, 56, 163, 50, 108, 16, 18, 109, 178,
       17, 219, 221, 48, 123, 194, 0, 199, 107, 220, 93, 159, 118, 170,
       78, 71, 185, 240, 242, 162, 72, 119, 119, 137, 123, 50, 244, 124,
       106, 105, 69, 187, 42, 241, 235, 101, 20, 104, 240, 134, 49, 133,
       199, 216, 67, 176, 63, 71, 184, 119, 59, 63, 124, 211, 97, 202,
       112, 23, 78, 12, 126, 255, 176, 109, 55, 238, 159, 37, 116, 248,
       219, 200, 1, 157, 79, 86, 111, 168, 27, 70, 184, 85, 148, 230,
       128, 227, 97, 187, 229, 82, 100, 172, 110, 109, 241, 111, 60, 162,
       251, 101, 21, 122, 191, 232, 4, 93, 38, 220, 71, 148, 62, 74, 152,
       97, 163, 175, 68, 75, 98, 159, 254, 51, 196, 108, 254, 173, 148,
       205, 42, 174, 255, 37, 20, 235, 243, 74, 4, 244, 116, 188, 247,
       140, 111, 87, 159, 242, 187, 135, 24, 215, 121, 73, 59, 129, 214,
       125, 59, 40, 101, 219, 34, 233, 131, 245, 53, 168, 121, 214, 50,
       164, 229, 29, 127, 220, 205, 103, 252, 246, 130, 109, 0, 243, 241,
       40, 112, 89, 106, 98, 106, 99, 102, 218, 63, 229, 174, 39, 40, 88,
       123, 226, 168, 125, 69, 125, 103, 150, 78, 103, 184, 100, 160,
       235, 72, 83, 115, 25, 113, 50, 212, 92, 106, 105, 176, 93, 14,
       247, 239, 37, 20, 96, 243, 64, 32, 122, 178, 236, 116, 47, 87, 88,
       59, 195, 255, 180, 255, 75, 125, 214, 191, 143, 245, 253, 36, 189,
       79, 247, 136, 219, 219, 245, 191, 239, 172, 94, 127, 209, 152,
       189, 127, 136, 237, 17, 143, 206, 19, 160, 24, 246, 240, 76, 123,
       129, 115, 104, 16, 50, 109, 251, 49, 201, 186, 85, 122, 208, 72,
       129, 42, 220, 4, 220, 119, 168, 106, 95, 184, 177, 178, 167, 24,
       215, 115, 1, 91, 51, 212, 109, 42, 40, 101, 203, 42, 211, 235,
       117, 21, 224, 241, 6, 34, 148, 205, 30, 119, 144, 78, 71, 172,
       180, 178, 166, 16, 115, 115, 1, 83, 113, 246, 108, 226, 104, 205,
       25, 46, 249, 227, 101, 17, 32, 112, 228, 42, 96, 153, 157, 221,
       217, 205, 5, 143, 154, 49, 32, 24, 182, 179, 64, 114, 129, 83,
       104, 64, 83, 106, 211, 53, 237, 178, 84, 122, 216, 8, 199, 42,
       100, 197, 61, 107, 152, 79, 71, 184, 86, 96, 171, 12, 211, 69, 9,
       80, 81, 212, 104, 126, 105, 160, 121, 31, 237, 174, 5, 20, 80,
       251, 68, 112, 100, 119, 213, 103, 177, 78, 86, 184, 113, 168, 235,
       72, 195, 109, 77, 18, 156, 212, 108, 98, 201, 240, 217, 44, 175,
       254, 5, 22, 72, 179, 198, 18, 84, 4, 125, 101, 150, 107, 71, 56,
       100, 161, 42, 10, 211, 51, 9, 112, 51, 212, 72, 40, 8, 176, 121,
       30, 237, 175, 37, 20, 240, 250, 68, 32, 100, 255, 158, 60, 168,
       75, 23, 174, 147, 190, 184, 41, 102, 249, 67, 18, 137, 246, 236,
       98, 76, 107, 202, 40, 251, 247, 101, 63, 64, 123, 134, 75, 76, 97,
       120, 103, 50, 74, 127, 56, 41, 164, 111, 136, 223, 71, 137, 48,
       22, 93, 93, 238, 64, 144, 249, 78, 231, 237, 35, 5, 34, 179, 7,
       96, 101, 97, 120, 101, 52, 31, 126, 40, 105, 160, 123, 9, 211, 9,
       157, 48, 146, 68, 125, 110, 204, 240, 201, 12, 230, 253, 33, 21,
       64, 179, 74, 0, 208, 162, 191, 112, 138, 232, 81, 7, 162, 23, 164,
       24, 23, 183, 64, 27, 167, 151, 236, 16, 58, 79, 162, 17, 219, 227,
       112, 125, 224, 64, 134, 106, 120, 168, 159, 242, 172, 236, 81,
       223, 226, 31, 165, 24, 55, 243, 72, 59, 129, 246, 108, 16, 26,
       107, 250, 33, 219, 227, 113, 125, 224, 192, 198, 98, 208, 184,
       159, 118, 136, 237, 85, 151, 246, 115, 166, 24, 183, 247, 64, 123,
       129, 247, 108, 16, 58, 109, 219, 49, 217, 227, 117, 121, 224, 192,
       135, 42, 108, 49, 191, 114, 169, 236, 81, 3, 163, 189, 165, 24,
       14, 183, 65, 26, 129, 151, 237, 16, 24, 107, 250, 64, 219, 215,
       85, 127, 194, 97, 134, 99, 76, 61, 187, 119, 163, 110, 55, 199,
