%YAML:1.0
---
descriptors: !!opencv-matrix
   rows: 92
   cols: 32
   dt: u
   data: [ 205, 188, 189, 119, 173, 236, 255, 150, 250, 251, 183, 84,
       255, 255, 74, 107, 133, 87, 125, 30, 243, 109, 251, 99, 111, 251,
       117, 212, 202, 249, 193, 123, 252, 120, 252, 98, 169, 71, 87, 216,
       51, 254, 165, 8, 91, 95, 67, 59, 223, 212, 253, 250, 106, 71, 251,
       50, 219, 203, 101, 61, 240, 179, 14, 115, 191, 223, 255, 215, 245,
       255, 255, 252, 27, 254, 255, 47, 126, 254, 191, 244, 255, 255,
       183, 247, 231, 242, 59, 255, 255, 127, 239, 199, 159, 255, 117,
       247, 64, 176, 191, 112, 136, 173, 17, 87, 170, 19, 160, 24, 182,
       183, 68, 26, 165, 51, 121, 16, 19, 111, 146, 113, 217, 130, 90,
       122, 200, 64, 135, 186, 205, 158, 253, 119, 172, 46, 125, 151,
       126, 123, 182, 116, 222, 63, 194, 123, 135, 87, 127, 28, 177, 252,
       235, 98, 239, 251, 116, 212, 202, 241, 194, 123, 191, 253, 188,
       255, 181, 94, 255, 252, 63, 223, 253, 39, 254, 127, 143, 181, 255,
       255, 191, 243, 239, 242, 123, 255, 255, 255, 239, 215, 207, 127,
       239, 247, 254, 180, 181, 250, 189, 253, 81, 217, 191, 95, 181, 25,
       207, 253, 110, 223, 221, 147, 255, 18, 62, 103, 250, 179, 155,
       219, 82, 127, 210, 77, 238, 119, 250, 181, 190, 190, 253, 253,
       213, 103, 191, 95, 189, 25, 174, 252, 110, 247, 201, 179, 255, 1,
       126, 107, 250, 243, 187, 211, 214, 123, 210, 76, 206, 223, 62,
       245, 218, 190, 221, 95, 222, 232, 191, 174, 253, 11, 78, 254, 47,
       208, 249, 255, 239, 99, 124, 99, 154, 255, 251, 247, 143, 63, 211,
       127, 239, 198, 141, 191, 238, 255, 254, 155, 238, 255, 127, 251,
       254, 246, 253, 238, 150, 225, 127, 239, 127, 143, 247, 252, 239,
       247, 254, 255, 255, 128, 191, 253, 249, 213, 252, 113, 253, 246,
       169, 93, 93, 216, 179, 254, 181, 9, 223, 223, 75, 155, 222, 213,
       253, 114, 76, 103, 251, 176, 211, 217, 101, 63, 98, 247, 134, 115,
       254, 254, 254, 254, 253, 253, 247, 252, 191, 223, 253, 63, 110,
       255, 110, 255, 255, 255, 255, 19, 254, 103, 250, 255, 251, 255,
       87, 255, 211, 127, 239, 247, 63, 255, 255, 223, 245, 223, 255,
       248, 63, 254, 255, 39, 254, 254, 191, 244, 255, 255, 183, 247,
       239, 242, 251, 255, 255, 255, 239, 135, 135, 255, 125, 247, 237,
       254, 189, 119, 173, 188, 125, 150, 255, 251, 62, 92, 254, 253, 89,
       187, 141, 118, 127, 30, 243, 108, 251, 163, 239, 251, 117, 116,
       202, 249, 194, 115, 157, 94, 123, 239, 52, 139, 107, 56, 124, 232,
       247, 246, 223, 95, 145, 97, 118, 237, 30, 238, 233, 180, 109, 159,
       246, 233, 163, 128, 44, 169, 97, 241, 124, 117, 60, 231, 168, 79,
       95, 188, 32, 236, 191, 13, 255, 119, 75, 83, 150, 215, 125, 106,
       216, 67, 249, 40, 243, 201, 101, 181, 32, 243, 142, 115, 126, 253,
       50, 238, 221, 95, 214, 232, 191, 172, 249, 11, 110, 254, 45, 208,
       248, 253, 239, 227, 108, 163, 218, 255, 179, 246, 143, 63, 83,
       127, 111, 134, 118, 109, 114, 238, 93, 95, 246, 232, 63, 160, 249,
       11, 110, 250, 47, 80, 248, 221, 255, 227, 108, 179, 217, 254, 183,
       254, 143, 31, 19, 63, 110, 134, 118, 101, 114, 174, 93, 79, 254,
       232, 61, 160, 251, 11, 78, 255, 47, 80, 248, 253, 255, 227, 104,
       163, 219, 238, 183, 254, 143, 31, 3, 63, 108, 130, 250, 180, 190,
       250, 237, 253, 85, 107, 159, 95, 181, 25, 238, 253, 110, 251, 205,
       147, 255, 17, 62, 111, 250, 211, 219, 219, 214, 123, 210, 76, 238,
       223, 186, 252, 190, 189, 253, 253, 221, 199, 191, 254, 252, 27,
       174, 190, 103, 91, 233, 255, 255, 1, 46, 111, 242, 243, 255, 255,
       222, 59, 211, 124, 255, 222, 139, 175, 254, 255, 238, 187, 236,
       255, 255, 251, 254, 246, 253, 234, 150, 229, 127, 239, 255, 141,
       247, 253, 239, 247, 254, 255, 255, 192, 239, 220, 233, 221, 252,
       180, 188, 250, 45, 125, 83, 218, 63, 127, 181, 25, 207, 255, 79,
       59, 221, 209, 253, 18, 62, 103, 251, 179, 219, 219, 81, 127, 210,
       77, 78, 115, 141, 180, 255, 247, 236, 111, 239, 250, 127, 251,
       247, 246, 223, 255, 153, 105, 127, 222, 127, 174, 177, 244, 255,
       254, 254, 255, 247, 132, 239, 249, 209, 241, 205, 188, 189, 119,
       168, 236, 125, 182, 251, 251, 183, 84, 255, 127, 72, 123, 135, 86,
       125, 30, 243, 109, 251, 99, 207, 251, 119, 220, 202, 241, 195,
       123, 34, 237, 98, 206, 212, 131, 238, 252, 87, 128, 248, 2, 104,
       233, 53, 0, 127, 235, 23, 227, 202, 186, 12, 255, 62, 12, 135,
       168, 119, 250, 242, 136, 34, 205, 98, 206, 212, 131, 238, 231, 87,
       0, 120, 2, 104, 232, 52, 0, 123, 235, 19, 227, 194, 187, 8, 255,
       62, 14, 143, 136, 85, 90, 240, 136, 126, 254, 254, 255, 237, 255,
       255, 252, 191, 255, 253, 63, 238, 255, 79, 254, 255, 255, 255,
       243, 190, 99, 251, 255, 255, 255, 207, 255, 215, 127, 239, 247,
       62, 189, 182, 254, 253, 255, 255, 252, 191, 255, 255, 59, 238,
       255, 111, 246, 255, 255, 255, 83, 254, 107, 251, 255, 255, 255,
       223, 255, 215, 127, 239, 255, 126, 245, 178, 174, 253, 95, 214,
       232, 191, 172, 185, 11, 238, 255, 47, 212, 249, 253, 239, 99, 76,
       99, 218, 255, 187, 246, 143, 63, 83, 127, 110, 199, 126, 253, 146,
       190, 253, 95, 214, 232, 191, 174, 185, 11, 110, 254, 47, 148, 249,
       251, 239, 99, 76, 99, 218, 254, 187, 247, 143, 63, 83, 127, 46,
       215, 253, 103, 237, 238, 142, 3, 79, 248, 82, 242, 157, 238, 83,
       105, 249, 35, 95, 196, 61, 239, 233, 99, 239, 186, 248, 137, 229,
       188, 189, 251, 240, 48, 133, 142, 207, 221, 228, 170, 237, 159,
       126, 115, 114, 214, 249, 99, 144, 105, 127, 238, 62, 28, 179, 252,
       239, 255, 76, 186, 247, 192, 205, 200, 225, 169, 54, 237, 98, 206,
       214, 131, 238, 253, 87, 0, 248, 10, 106, 233, 188, 80, 123, 235,
       23, 227, 202, 186, 12, 255, 62, 28, 135, 232, 119, 158, 242, 136,
       34, 205, 98, 158, 212, 131, 174, 231, 86, 0, 120, 2, 104, 232, 52,
       64, 121, 235, 19, 195, 210, 186, 8, 255, 56, 14, 143, 136, 85, 90,
       240, 136, 129, 140, 207, 253, 228, 234, 109, 159, 126, 51, 118,
       176, 247, 227, 144, 121, 123, 238, 126, 28, 51, 252, 111, 127,
       204, 251, 247, 192, 236, 200, 193, 168, 155, 190, 238, 191, 254,
       187, 252, 255, 127, 243, 254, 247, 255, 238, 150, 236, 127, 239,
       255, 157, 183, 251, 239, 247, 254, 111, 255, 193, 239, 204, 233,
       221, 129, 140, 223, 253, 228, 170, 237, 159, 126, 243, 118, 214,
       253, 227, 144, 105, 123, 238, 62, 12, 179, 252, 119, 255, 204,
       191, 247, 0, 236, 200, 225, 168, 140, 142, 207, 247, 228, 170,
       109, 159, 126, 191, 118, 244, 243, 227, 208, 89, 127, 238, 110,
       28, 186, 252, 207, 55, 204, 235, 247, 196, 228, 200, 197, 169,
       245, 71, 237, 234, 140, 3, 79, 248, 87, 242, 181, 206, 83, 97,
       249, 123, 93, 196, 60, 254, 233, 103, 111, 56, 250, 203, 229, 188,
       253, 251, 112, 112, 136, 156, 159, 253, 230, 170, 237, 247, 190,
       187, 86, 114, 253, 183, 176, 73, 103, 127, 63, 9, 51, 220, 35,
       255, 236, 175, 255, 192, 164, 216, 161, 169, 152, 156, 159, 189,
       246, 170, 191, 247, 62, 131, 90, 178, 253, 255, 32, 65, 119, 123,
       55, 129, 48, 221, 2, 255, 252, 231, 190, 128, 164, 208, 161, 185,
       2, 205, 2, 158, 212, 131, 174, 231, 22, 0, 90, 2, 104, 234, 48,
       64, 121, 107, 19, 193, 114, 186, 10, 255, 60, 38, 142, 128, 21,
       94, 177, 136, 118, 101, 22, 238, 93, 79, 246, 232, 63, 174, 249,
       11, 238, 250, 47, 80, 248, 253, 255, 227, 108, 163, 219, 254, 183,
       254, 143, 31, 17, 63, 110, 130, 252, 113, 188, 118, 169, 93, 93,
       216, 179, 254, 181, 9, 223, 223, 75, 59, 156, 213, 253, 98, 72,
       99, 251, 176, 243, 217, 101, 61, 98, 249, 78, 115, 134, 101, 118,
       207, 253, 79, 238, 232, 125, 160, 251, 2, 206, 107, 29, 64, 250,
       205, 127, 227, 104, 243, 217, 254, 183, 254, 143, 5, 7, 123, 97,
       130, 246, 101, 246, 239, 108, 11, 238, 232, 63, 162, 243, 10, 206,
