%YAML:1.0
---
descriptors: !!opencv-matrix
   rows: 147
   cols: 32
   dt: u
   data: [ 90, 172, 149, 182, 139, 224, 20, 143, 171, 151, 8, 169, 172,
       239, 64, 91, 163, 115, 233, 145, 18, 73, 138, 113, 219, 215, 93,
       123, 130, 68, 135, 74, 253, 188, 156, 50, 168, 173, 84, 190, 179,
       251, 164, 125, 127, 247, 74, 27, 135, 247, 253, 18, 63, 79, 218,
       51, 251, 195, 117, 253, 168, 209, 138, 19, 242, 172, 172, 186,
       136, 237, 89, 79, 187, 87, 160, 157, 35, 236, 86, 27, 237, 163,
       105, 149, 62, 111, 254, 51, 217, 210, 213, 124, 225, 72, 198, 90,
       246, 172, 172, 190, 137, 165, 73, 143, 154, 191, 129, 24, 246,
       251, 88, 27, 201, 243, 121, 145, 58, 79, 218, 51, 217, 146, 223,
       126, 144, 96, 178, 34, 220, 188, 204, 182, 139, 106, 29, 191, 176,
       182, 134, 185, 239, 103, 2, 219, 39, 215, 237, 162, 121, 205, 155,
       42, 251, 227, 127, 21, 162, 240, 175, 122, 252, 186, 156, 112,
       137, 61, 84, 159, 139, 191, 164, 56, 142, 227, 65, 159, 129, 214,
       236, 16, 26, 111, 202, 16, 155, 209, 85, 127, 210, 121, 206, 35,
       205, 213, 92, 71, 224, 63, 102, 184, 126, 186, 47, 124, 218, 114,
       137, 247, 23, 84, 108, 106, 229, 116, 89, 30, 46, 171, 101, 84,
       218, 243, 202, 21, 114, 166, 185, 124, 57, 225, 81, 143, 171, 189,
       164, 57, 110, 231, 70, 27, 129, 247, 237, 16, 42, 75, 170, 53,
       219, 243, 117, 255, 50, 32, 134, 107, 244, 32, 156, 104, 12, 79,
       81, 24, 2, 241, 165, 24, 87, 19, 74, 27, 72, 132, 121, 56, 8, 71,
       217, 16, 219, 137, 97, 125, 240, 168, 86, 98, 124, 229, 185, 98,
       156, 79, 87, 248, 99, 188, 173, 8, 83, 247, 73, 50, 25, 212, 108,
       122, 74, 99, 251, 58, 251, 205, 37, 61, 224, 251, 70, 98, 212,
       116, 157, 247, 136, 110, 71, 184, 182, 250, 163, 24, 215, 119, 73,
       123, 49, 87, 124, 122, 105, 197, 187, 42, 249, 227, 101, 20, 160,
       243, 135, 50, 56, 160, 59, 104, 89, 205, 81, 64, 163, 21, 165, 9,
       31, 159, 106, 16, 136, 152, 213, 16, 26, 43, 114, 17, 211, 201, 0,
       121, 114, 10, 70, 226, 222, 172, 204, 182, 171, 120, 93, 175, 161,
       246, 135, 185, 239, 103, 75, 95, 35, 247, 237, 166, 124, 77, 255,
       98, 219, 243, 221, 157, 166, 245, 142, 90, 214, 124, 254, 118,
       139, 116, 29, 143, 163, 246, 166, 185, 72, 255, 79, 91, 37, 215,
       253, 146, 108, 71, 251, 96, 219, 227, 223, 191, 161, 113, 166, 83,
       36, 178, 184, 58, 252, 233, 147, 206, 214, 125, 188, 41, 162, 221,
       110, 16, 217, 26, 199, 17, 30, 107, 106, 51, 251, 149, 53, 127,
       208, 11, 214, 195, 252, 96, 156, 118, 136, 78, 85, 152, 240, 178,
       163, 24, 215, 115, 73, 27, 129, 212, 104, 42, 104, 101, 219, 2,
       193, 235, 117, 52, 64, 113, 66, 34, 240, 32, 189, 96, 12, 109, 81,
       27, 194, 183, 164, 24, 19, 21, 64, 59, 73, 148, 105, 24, 40, 103,
       241, 0, 211, 137, 81, 125, 224, 136, 70, 98, 112, 160, 253, 112,
       136, 205, 73, 71, 227, 181, 160, 24, 23, 155, 64, 58, 129, 151,
       125, 24, 26, 107, 210, 17, 219, 201, 85, 125, 224, 128, 198, 34,
       244, 48, 188, 231, 140, 110, 85, 152, 98, 187, 135, 24, 215, 49,
       73, 59, 129, 212, 125, 58, 56, 69, 249, 0, 201, 203, 101, 53, 160,
       123, 214, 34, 229, 197, 92, 101, 194, 62, 110, 184, 113, 178, 39,
       92, 83, 106, 223, 51, 55, 196, 96, 110, 244, 244, 221, 14, 46,
       235, 69, 68, 233, 243, 202, 132, 197, 149, 220, 69, 168, 63, 54,
       184, 126, 186, 47, 124, 210, 114, 141, 115, 23, 84, 108, 106, 229,
       112, 221, 30, 110, 187, 101, 20, 216, 243, 201, 5, 213, 78, 206,
       71, 180, 54, 111, 152, 113, 174, 254, 68, 83, 96, 151, 123, 113,
       196, 108, 238, 172, 213, 173, 42, 114, 175, 229, 133, 233, 243,
       106, 5, 244, 160, 157, 186, 141, 109, 65, 143, 138, 183, 129, 24,
       182, 243, 72, 27, 193, 199, 105, 17, 58, 79, 219, 49, 153, 210,
       221, 125, 144, 96, 150, 34, 228, 213, 61, 111, 156, 15, 71, 188,
       84, 190, 167, 28, 211, 113, 9, 83, 209, 196, 104, 110, 120, 100,
       121, 62, 239, 187, 101, 84, 88, 251, 208, 114, 204, 55, 149, 231,
       34, 14, 174, 176, 56, 170, 123, 228, 220, 119, 136, 183, 182, 93,
       253, 99, 225, 208, 217, 106, 165, 242, 111, 130, 72, 243, 3, 177,
       112, 168, 217, 112, 218, 233, 81, 87, 162, 53, 172, 8, 51, 151,
       64, 26, 1, 186, 69, 24, 26, 75, 162, 49, 89, 140, 49, 121, 224,
       128, 198, 234, 120, 185, 123, 120, 89, 205, 81, 71, 163, 21, 164,
       24, 63, 157, 64, 48, 136, 179, 213, 16, 26, 107, 178, 17, 219,
       217, 16, 123, 99, 8, 198, 106, 216, 24, 151, 116, 41, 78, 85, 50,
       168, 186, 162, 24, 255, 55, 0, 123, 129, 117, 108, 40, 41, 77,
       179, 12, 209, 251, 80, 16, 74, 96, 7, 58, 100, 168, 185, 81, 253,
       205, 65, 143, 203, 49, 44, 24, 150, 181, 72, 58, 137, 94, 106, 24,
       27, 122, 251, 49, 77, 158, 21, 126, 192, 10, 214, 162, 33, 169,
       57, 73, 93, 205, 227, 232, 126, 64, 108, 8, 178, 209, 52, 112,
       216, 42, 18, 88, 27, 58, 122, 61, 109, 185, 0, 104, 80, 10, 86,
       234, 100, 113, 185, 103, 184, 79, 87, 184, 114, 168, 175, 40, 215,
       119, 73, 50, 17, 212, 108, 106, 73, 240, 249, 62, 239, 175, 37,
       52, 96, 187, 70, 35, 68, 176, 153, 243, 136, 237, 17, 143, 154,
       183, 137, 24, 150, 247, 72, 26, 129, 95, 105, 16, 18, 72, 219, 51,
       205, 150, 93, 127, 144, 64, 135, 42, 244, 48, 157, 230, 140, 111,
       85, 152, 162, 179, 163, 24, 215, 113, 73, 27, 129, 212, 109, 50,
       56, 101, 217, 0, 217, 131, 101, 116, 168, 123, 198, 50, 100, 224,
       188, 58, 141, 77, 70, 140, 102, 49, 161, 9, 247, 113, 72, 26, 129,
       194, 104, 83, 74, 104, 219, 49, 249, 211, 85, 125, 208, 27, 198,
       10, 92, 101, 253, 103, 186, 74, 87, 184, 50, 166, 175, 8, 87, 119,
       73, 114, 51, 212, 108, 122, 41, 80, 249, 42, 253, 231, 101, 52,
       160, 243, 6, 98, 100, 169, 185, 80, 217, 205, 97, 199, 122, 241,
       32, 24, 150, 149, 68, 56, 145, 30, 74, 24, 19, 122, 250, 18, 29,
       156, 21, 126, 192, 8, 198, 170, 88, 48, 151, 116, 9, 76, 85, 35,
       233, 187, 162, 8, 190, 183, 64, 254, 128, 244, 108, 8, 25, 75,
       178, 0, 147, 242, 80, 58, 202, 96, 7, 58, 197, 117, 157, 103, 232,
       110, 231, 152, 122, 186, 107, 76, 214, 113, 73, 50, 149, 85, 104,
       106, 113, 240, 217, 106, 237, 190, 103, 52, 192, 115, 131, 160,
       69, 37, 145, 101, 16, 78, 98, 8, 104, 160, 107, 8, 215, 51, 72,
       50, 16, 84, 104, 104, 1, 176, 209, 12, 165, 188, 0, 4, 192, 34,
       67, 32, 255, 172, 199, 26, 137, 249, 84, 199, 179, 255, 172, 184,
       46, 246, 194, 191, 33, 226, 236, 28, 63, 79, 170, 243, 187, 215,
       85, 123, 162, 213, 142, 124, 241, 140, 111, 119, 148, 106, 71,
       191, 112, 6, 238, 24, 115, 113, 144, 113, 17, 246, 124, 40, 249,
       237, 109, 47, 233, 175, 165, 80, 225, 224, 214, 104, 1, 113, 17,
       69, 112, 14, 102, 53, 104, 168, 114, 76, 214, 17, 129, 48, 148,
       76, 84, 106, 193, 176, 81, 12, 37, 184, 37, 4, 72, 178, 203, 161,
       236, 32, 191, 71, 65, 110, 99, 8, 113, 162, 231, 8, 211, 83, 29,
       63, 152, 148, 80, 106, 41, 246, 249, 72, 199, 249, 65, 4, 194,
       115, 70, 162, 240, 168, 153, 112, 8, 233, 65, 199, 186, 181, 160,
       24, 55, 147, 64, 26, 129, 147, 109, 24, 58, 111, 194, 49, 217,
       128, 113, 120, 224, 0, 199, 42, 240, 164, 140, 186, 136, 237, 65,
       207, 178, 55, 160, 24, 183, 241, 72, 27, 201, 146, 121, 17, 58,
       79, 218, 51, 217, 147, 93, 120, 192, 72, 214, 34, 120, 185, 115,
       120, 95, 201, 81, 71, 235, 21, 228, 24, 62, 159, 64, 52, 170, 187,
       85, 16, 27, 43, 178, 149, 211, 216, 16, 123, 99, 8, 198, 234, 44,
       115, 113, 106, 117, 79, 83, 88, 97, 44, 125, 76, 90, 85, 9, 52,
       156, 24, 71, 106, 200, 178, 120, 28, 99, 221, 33, 62, 83, 139, 70,
       179, 57, 81, 202, 77, 69, 31, 70, 112, 100, 166, 238, 14, 83, 32,
       19, 55, 88, 236, 66, 238, 205, 178, 117, 8, 118, 233, 192, 17,
       107, 251, 122, 148, 69, 65, 209, 69, 48, 14, 111, 184, 52, 160,
