%YAML:1.0
---
descriptors: !!opencv-matrix
   rows: 113
   cols: 32
   dt: u
   data: [ 248, 174, 220, 114, 170, 169, 85, 215, 179, 191, 164, 185, 55,
       231, 66, 27, 39, 247, 237, 16, 58, 79, 138, 51, 219, 195, 117,
       125, 224, 192, 134, 107, 108, 245, 189, 99, 137, 77, 87, 168, 122,
       191, 173, 8, 214, 117, 73, 58, 145, 86, 104, 122, 122, 98, 251,
       51, 239, 223, 69, 127, 194, 123, 198, 98, 112, 171, 126, 120, 186,
       201, 81, 119, 163, 29, 172, 56, 51, 183, 64, 18, 15, 178, 205, 0,
       90, 75, 226, 53, 219, 195, 52, 121, 98, 128, 198, 107, 216, 184,
       191, 176, 41, 204, 80, 7, 178, 95, 164, 57, 47, 151, 66, 27, 167,
       179, 237, 16, 58, 79, 146, 17, 219, 195, 120, 121, 160, 0, 135,
       91, 69, 117, 16, 69, 81, 30, 102, 184, 104, 168, 107, 76, 214, 80,
       13, 180, 144, 76, 68, 106, 197, 176, 217, 14, 37, 188, 37, 4, 74,
       51, 75, 133, 5, 87, 31, 103, 176, 14, 111, 188, 116, 232, 127,
       100, 213, 115, 153, 112, 54, 76, 60, 110, 225, 208, 125, 46, 236,
       175, 39, 132, 40, 178, 161, 49, 253, 113, 253, 103, 44, 78, 103,
       184, 96, 232, 183, 76, 211, 117, 217, 51, 22, 212, 124, 106, 233,
       114, 249, 40, 231, 233, 101, 52, 105, 243, 66, 113, 248, 154, 220,
       120, 171, 169, 80, 87, 131, 31, 180, 57, 63, 161, 96, 27, 11, 178,
       237, 16, 58, 111, 194, 49, 219, 195, 116, 121, 243, 200, 206, 11,
       240, 174, 220, 114, 168, 172, 81, 215, 178, 63, 164, 29, 55, 227,
       66, 27, 1, 246, 109, 16, 58, 79, 202, 33, 219, 195, 117, 121, 224,
       192, 206, 11, 248, 188, 158, 50, 169, 173, 84, 223, 178, 27, 164,
       29, 63, 243, 66, 155, 163, 227, 237, 20, 62, 79, 154, 51, 218,
       195, 117, 121, 232, 192, 202, 11, 36, 103, 49, 71, 112, 79, 103,
       184, 104, 172, 123, 72, 211, 65, 141, 52, 152, 92, 68, 106, 192,
       176, 233, 14, 37, 156, 37, 52, 64, 179, 70, 161, 248, 186, 214,
       184, 171, 169, 80, 199, 147, 27, 160, 125, 47, 171, 96, 155, 143,
       179, 236, 16, 62, 111, 130, 179, 154, 211, 84, 123, 251, 76, 138,
       11, 120, 174, 156, 48, 170, 169, 85, 215, 163, 191, 172, 189, 55,
       227, 66, 27, 39, 247, 237, 16, 58, 79, 138, 51, 219, 227, 117,
       121, 224, 192, 134, 75, 248, 170, 222, 48, 170, 169, 88, 87, 163,
       23, 164, 189, 63, 131, 66, 27, 39, 163, 205, 148, 62, 79, 130, 49,
       218, 195, 112, 249, 232, 192, 138, 27, 205, 52, 149, 103, 165,
       110, 119, 184, 120, 234, 107, 28, 222, 113, 73, 50, 145, 68, 104,
       106, 33, 244, 249, 10, 229, 190, 69, 6, 202, 115, 195, 35, 13,
       103, 16, 69, 116, 30, 102, 56, 125, 168, 123, 76, 214, 80, 157,
       180, 148, 76, 70, 110, 229, 176, 73, 78, 36, 254, 37, 4, 74, 179,
       75, 133, 37, 117, 16, 71, 85, 31, 230, 56, 108, 232, 107, 76, 210,
       16, 31, 180, 144, 76, 66, 110, 197, 176, 89, 12, 37, 156, 5, 52,
       72, 187, 90, 132, 125, 93, 7, 30, 25, 214, 39, 224, 181, 204, 235,
       101, 108, 246, 43, 246, 240, 230, 234, 226, 109, 131, 186, 110,
       177, 54, 71, 10, 10, 55, 38, 118, 85, 85, 25, 103, 48, 14, 111,
       184, 116, 232, 127, 100, 215, 119, 153, 112, 54, 92, 28, 238, 233,
       144, 121, 46, 229, 175, 37, 132, 104, 179, 33, 49, 85, 85, 121,
       103, 176, 78, 79, 184, 116, 234, 127, 68, 211, 119, 137, 112, 86,
       212, 28, 106, 233, 176, 121, 14, 227, 239, 37, 132, 104, 179, 192,
       49, 232, 188, 180, 252, 141, 237, 84, 167, 219, 19, 164, 24, 174,
       189, 100, 27, 201, 242, 251, 16, 58, 111, 210, 179, 219, 223, 84,
       123, 210, 88, 214, 10, 125, 85, 125, 103, 168, 78, 71, 184, 96,
       232, 191, 72, 215, 119, 137, 115, 84, 212, 124, 106, 201, 163,
       249, 44, 243, 233, 101, 20, 96, 243, 70, 49, 108, 112, 189, 99,
       45, 111, 83, 152, 75, 255, 165, 24, 223, 93, 73, 58, 145, 212,
       124, 122, 11, 100, 249, 0, 207, 221, 37, 53, 194, 251, 70, 115,
       135, 81, 103, 7, 66, 30, 175, 184, 96, 224, 111, 198, 89, 102,
       159, 231, 54, 69, 114, 238, 197, 208, 61, 108, 36, 42, 71, 132,
       111, 183, 33, 244, 193, 188, 148, 16, 169, 173, 4, 175, 250, 251,
       160, 92, 182, 176, 68, 187, 129, 39, 104, 29, 183, 111, 210, 115,
       157, 26, 85, 126, 216, 64, 131, 13, 45, 103, 64, 5, 116, 26, 110,
       184, 121, 172, 127, 76, 195, 96, 159, 148, 16, 76, 70, 110, 196,
       176, 205, 14, 38, 190, 37, 4, 66, 179, 74, 132, 101, 103, 0, 5,
       116, 31, 238, 184, 105, 168, 59, 77, 195, 72, 223, 148, 156, 76,
       68, 111, 204, 240, 205, 14, 44, 28, 37, 180, 72, 191, 90, 133, 93,
       117, 8, 39, 23, 95, 102, 168, 100, 224, 139, 205, 215, 124, 75,
       176, 176, 204, 200, 99, 205, 240, 221, 12, 189, 197, 5, 53, 104,
       63, 27, 86, 69, 85, 125, 103, 48, 78, 111, 184, 116, 232, 127, 68,
       211, 119, 137, 112, 54, 84, 60, 106, 233, 144, 121, 14, 229, 175,
       37, 132, 104, 179, 64, 49, 237, 112, 185, 103, 44, 79, 87, 152,
       107, 234, 181, 8, 219, 85, 73, 58, 145, 220, 124, 122, 201, 116,
       249, 0, 199, 217, 101, 52, 194, 251, 70, 115, 253, 143, 77, 119,
       180, 46, 71, 191, 112, 234, 238, 92, 83, 97, 152, 113, 17, 198,
       76, 46, 249, 252, 125, 47, 232, 239, 117, 84, 235, 241, 210, 33,
       220, 20, 24, 228, 44, 44, 91, 24, 173, 170, 191, 56, 223, 215, 73,
       82, 230, 149, 125, 106, 72, 5, 201, 138, 211, 249, 35, 188, 2,
       163, 3, 3, 216, 113, 148, 114, 169, 237, 80, 22, 171, 57, 181, 24,
       158, 159, 64, 91, 132, 151, 253, 82, 26, 111, 210, 240, 211, 217,
       112, 122, 66, 17, 131, 43, 196, 252, 189, 119, 152, 111, 71, 184,
       114, 178, 163, 88, 247, 119, 73, 59, 145, 86, 104, 106, 105, 100,
       249, 42, 233, 166, 69, 52, 192, 115, 134, 34, 109, 103, 32, 7,
       116, 30, 102, 184, 121, 172, 127, 76, 195, 40, 159, 148, 152, 76,
       68, 110, 196, 176, 237, 14, 38, 127, 33, 4, 66, 183, 90, 133, 236,
       245, 189, 103, 188, 79, 71, 184, 115, 248, 167, 8, 215, 117, 73,
       51, 145, 212, 108, 122, 105, 112, 249, 56, 235, 219, 101, 116, 64,
       187, 70, 34, 236, 173, 168, 97, 213, 127, 71, 135, 115, 183, 174,
       24, 147, 57, 82, 58, 137, 206, 112, 24, 56, 250, 241, 34, 239,
       223, 21, 117, 194, 72, 214, 162, 120, 191, 158, 48, 170, 169, 84,
       215, 163, 191, 172, 189, 55, 227, 66, 26, 167, 227, 237, 20, 30,
       75, 130, 49, 250, 195, 117, 121, 232, 208, 138, 27, 37, 111, 56,
       71, 116, 14, 231, 184, 120, 232, 127, 68, 242, 65, 159, 52, 16,
       76, 68, 110, 193, 176, 237, 46, 102, 60, 33, 132, 75, 179, 66,
       165, 37, 100, 81, 71, 84, 91, 230, 168, 113, 226, 235, 8, 211,
       112, 13, 181, 24, 220, 64, 106, 109, 240, 253, 14, 37, 190, 5, 20,
       97, 251, 74, 134, 224, 172, 255, 122, 234, 233, 177, 199, 250, 95,
       177, 56, 50, 254, 68, 59, 175, 179, 106, 16, 54, 111, 170, 115,
       95, 170, 119, 123, 193, 64, 231, 235, 211, 188, 159, 178, 170,
       233, 4, 207, 186, 251, 128, 252, 166, 242, 72, 123, 167, 247, 108,
       17, 63, 79, 202, 113, 152, 146, 127, 250, 136, 80, 131, 29, 204,
       164, 189, 99, 160, 47, 125, 25, 59, 179, 39, 24, 223, 119, 72, 59,
       151, 21, 125, 60, 48, 84, 249, 82, 207, 219, 69, 116, 194, 226,
       135, 32, 211, 186, 182, 48, 169, 189, 65, 7, 239, 87, 130, 29,
       238, 168, 82, 95, 165, 167, 108, 29, 191, 109, 183, 49, 153, 242,
       80, 90, 136, 68, 131, 92, 215, 69, 103, 7, 146, 22, 174, 184, 236,
       224, 203, 198, 88, 108, 159, 231, 54, 229, 120, 239, 229, 209,
       189, 108, 48, 40, 207, 4, 109, 183, 33, 116, 60, 101, 96, 7, 87,
       91, 230, 168, 117, 164, 239, 139, 66, 104, 31, 148, 120, 204, 194,
       227, 108, 178, 77, 14, 55, 38, 133, 21, 103, 127, 94, 198, 245,
       241, 233, 175, 27, 71, 23, 168, 66, 244, 129, 15, 215, 92, 91, 18,
       216, 197, 121, 103, 78, 66, 255, 25, 253, 1, 141, 60, 36, 51, 22,
       66, 117, 117, 26, 38, 83, 14, 118, 248, 32, 200, 239, 13, 87, 241,
       43, 16, 120, 204, 72, 102, 76, 179, 153, 44, 241, 165, 5, 5, 105,
       51, 42, 146, 253, 79, 93, 117, 180, 14, 71, 190, 112, 234, 102,
