%YAML:1.0
---
descriptors: !!opencv-matrix
   rows: 107
   cols: 32
   dt: u
   data: [ 85, 70, 202, 71, 20, 62, 70, 154, 119, 174, 231, 22, 67, 96,
       159, 252, 113, 204, 44, 174, 172, 244, 237, 42, 146, 239, 245, 21,
       235, 245, 120, 4, 248, 176, 255, 112, 170, 252, 81, 87, 162, 95,
       164, 24, 51, 183, 66, 59, 39, 182, 108, 24, 58, 111, 178, 1, 219,
       235, 116, 121, 224, 192, 198, 123, 224, 180, 156, 218, 236, 237,
       69, 143, 222, 59, 160, 24, 182, 243, 72, 59, 129, 146, 106, 16,
       51, 111, 218, 115, 221, 146, 85, 126, 216, 72, 199, 42, 248, 72,
       159, 116, 168, 44, 84, 55, 160, 154, 182, 120, 127, 55, 1, 91,
       135, 247, 109, 10, 104, 71, 194, 32, 211, 235, 116, 24, 96, 240,
       198, 43, 69, 245, 157, 119, 25, 78, 23, 168, 122, 248, 43, 8, 222,
       113, 9, 51, 145, 84, 104, 98, 33, 224, 251, 13, 237, 187, 69, 54,
       72, 34, 67, 50, 0, 136, 157, 255, 136, 237, 17, 7, 150, 23, 96,
       24, 183, 243, 64, 91, 129, 122, 40, 24, 18, 76, 218, 49, 205, 163,
       113, 120, 144, 72, 133, 170, 52, 69, 19, 101, 149, 79, 71, 232,
       118, 162, 171, 8, 83, 113, 9, 112, 49, 220, 72, 106, 104, 181, 57,
       30, 249, 142, 5, 20, 112, 123, 68, 32, 112, 32, 24, 96, 25, 205,
       80, 74, 163, 180, 160, 9, 163, 211, 73, 16, 201, 136, 104, 16, 10,
       99, 210, 17, 219, 193, 1, 125, 96, 8, 70, 2, 201, 89, 149, 101,
       45, 14, 101, 53, 228, 162, 162, 76, 247, 49, 1, 243, 128, 100,
       108, 106, 105, 229, 209, 8, 225, 251, 101, 16, 10, 176, 64, 40,
       229, 36, 149, 85, 236, 110, 69, 138, 122, 251, 35, 24, 214, 49,
       73, 59, 145, 86, 104, 58, 49, 116, 251, 0, 13, 186, 85, 52, 200,
       121, 66, 32, 100, 176, 149, 113, 169, 237, 81, 143, 235, 121, 167,
       24, 150, 151, 72, 63, 129, 86, 120, 24, 27, 108, 251, 17, 205,
       152, 85, 126, 194, 0, 198, 34, 120, 56, 125, 112, 13, 237, 81, 67,
       131, 181, 164, 8, 62, 159, 64, 26, 137, 179, 93, 16, 26, 107, 242,
       17, 219, 217, 81, 123, 242, 8, 70, 122, 120, 176, 255, 114, 171,
       237, 81, 87, 162, 31, 164, 40, 59, 183, 66, 59, 167, 146, 253, 16,
       26, 107, 178, 49, 219, 203, 116, 121, 227, 192, 198, 123, 221, 98,
       220, 166, 168, 42, 78, 136, 115, 182, 163, 153, 199, 99, 75, 219,
       147, 197, 108, 118, 60, 71, 207, 32, 218, 227, 101, 61, 160, 243,
       74, 2, 36, 173, 155, 127, 148, 238, 71, 255, 118, 11, 106, 80,
       247, 243, 32, 112, 81, 106, 40, 10, 123, 248, 91, 63, 233, 239,
       53, 8, 248, 251, 224, 42, 85, 77, 95, 103, 148, 78, 103, 184, 100,
       160, 235, 64, 83, 115, 25, 112, 48, 212, 76, 234, 105, 176, 89,
       46, 241, 239, 37, 20, 97, 243, 192, 32, 216, 10, 159, 116, 171,
       44, 84, 51, 163, 159, 178, 120, 255, 179, 65, 219, 167, 247, 237,
       8, 40, 79, 130, 32, 211, 235, 116, 152, 226, 240, 135, 43, 116,
       101, 120, 103, 85, 11, 102, 168, 121, 160, 107, 8, 195, 73, 29,
       144, 50, 204, 65, 106, 68, 176, 205, 14, 103, 237, 1, 5, 97, 179,
       90, 130, 116, 171, 222, 114, 170, 136, 85, 223, 162, 183, 165,
       185, 55, 227, 74, 27, 39, 182, 109, 144, 58, 75, 138, 1, 249, 131,
       117, 253, 224, 192, 134, 75, 120, 160, 252, 120, 137, 237, 81,
       219, 179, 23, 164, 25, 51, 247, 72, 27, 137, 242, 237, 16, 26,
       111, 218, 49, 219, 203, 117, 125, 226, 192, 198, 34, 224, 245, 29,
       123, 169, 77, 87, 172, 122, 59, 37, 24, 246, 119, 72, 49, 145, 82,
       104, 66, 115, 108, 251, 51, 237, 215, 84, 127, 192, 83, 198, 42,
       88, 24, 151, 244, 43, 76, 85, 55, 169, 211, 166, 8, 255, 183, 65,
       251, 162, 247, 125, 8, 9, 79, 178, 32, 209, 251, 84, 26, 34, 112,
       7, 43, 120, 56, 123, 112, 10, 232, 81, 86, 160, 87, 164, 57, 63,
       151, 64, 27, 35, 176, 221, 8, 10, 79, 178, 17, 211, 233, 112, 57,
       99, 128, 38, 123, 120, 56, 251, 112, 43, 233, 81, 67, 163, 53,
       172, 40, 63, 159, 64, 26, 170, 179, 213, 16, 27, 43, 178, 17, 211,
       221, 16, 123, 227, 0, 70, 123, 4, 38, 123, 71, 114, 106, 163, 16,
       104, 136, 127, 232, 243, 87, 133, 52, 54, 124, 68, 106, 1, 176,
       165, 76, 68, 172, 33, 128, 97, 179, 71, 161, 47, 249, 145, 178,
       219, 205, 146, 200, 154, 249, 41, 157, 206, 252, 106, 152, 133,
       123, 234, 87, 23, 67, 154, 182, 185, 84, 15, 126, 216, 63, 131,
       215, 120, 177, 255, 114, 171, 201, 81, 213, 163, 29, 164, 41, 63,
       255, 72, 27, 174, 147, 237, 16, 26, 107, 186, 49, 219, 195, 116,
       123, 226, 128, 198, 59, 96, 188, 157, 218, 232, 237, 129, 207,
       202, 59, 168, 72, 182, 179, 64, 58, 129, 19, 106, 16, 19, 107,
       218, 113, 221, 150, 85, 126, 216, 72, 131, 171, 208, 10, 151, 182,
       168, 40, 76, 39, 185, 147, 162, 88, 239, 227, 193, 223, 163, 231,
       108, 14, 104, 69, 139, 96, 144, 242, 94, 24, 128, 240, 163, 8,
       229, 244, 157, 115, 137, 111, 23, 172, 122, 51, 37, 24, 214, 117,
       72, 59, 145, 86, 104, 58, 115, 116, 249, 55, 237, 219, 85, 118,
       192, 80, 195, 34, 217, 120, 31, 116, 11, 92, 85, 180, 228, 18,
       166, 24, 255, 19, 0, 251, 162, 117, 236, 106, 105, 109, 51, 45,
       243, 235, 86, 18, 106, 48, 139, 43, 221, 112, 253, 100, 160, 110,
       95, 144, 113, 254, 167, 28, 215, 119, 91, 59, 181, 212, 125, 122,
       169, 84, 249, 2, 215, 235, 101, 52, 168, 243, 70, 114, 120, 163,
       250, 112, 154, 233, 81, 83, 163, 29, 165, 184, 15, 135, 66, 26,
       39, 179, 205, 16, 26, 107, 162, 81, 219, 197, 48, 121, 227, 128,
       230, 99, 120, 184, 255, 124, 10, 96, 81, 23, 162, 23, 164, 184,
       55, 183, 64, 91, 39, 247, 237, 136, 10, 79, 178, 1, 211, 227, 116,
       57, 224, 160, 38, 123, 33, 252, 157, 121, 56, 207, 65, 191, 118,
       235, 104, 64, 243, 241, 0, 112, 17, 62, 40, 24, 123, 188, 83, 31,
       237, 174, 53, 80, 248, 216, 192, 169, 197, 165, 157, 103, 180, 46,
       103, 189, 122, 242, 43, 24, 215, 49, 89, 59, 17, 68, 104, 62, 177,
       240, 217, 14, 237, 158, 69, 52, 200, 243, 195, 32, 197, 96, 181,
       69, 164, 14, 103, 152, 120, 170, 55, 72, 210, 113, 217, 59, 144,
       92, 116, 106, 225, 244, 233, 10, 101, 186, 101, 4, 192, 243, 66,
       33, 112, 169, 186, 176, 10, 233, 81, 87, 162, 5, 172, 9, 55, 151,
       98, 26, 160, 179, 109, 16, 26, 11, 130, 19, 217, 133, 48, 121,
       160, 0, 39, 106, 77, 225, 149, 99, 137, 79, 117, 172, 106, 185,
       47, 8, 222, 115, 72, 58, 145, 84, 104, 122, 83, 112, 249, 48, 205,
       219, 69, 118, 194, 115, 195, 34, 237, 124, 255, 102, 224, 110,
       111, 144, 113, 242, 175, 8, 83, 119, 81, 59, 21, 244, 125, 110,
       105, 214, 249, 42, 247, 235, 101, 52, 226, 243, 70, 112, 120, 171,
       218, 114, 186, 232, 81, 83, 163, 21, 173, 185, 47, 135, 66, 26,
       46, 179, 237, 16, 26, 107, 130, 33, 219, 197, 48, 121, 226, 128,
       174, 50, 120, 184, 218, 124, 10, 100, 89, 30, 163, 157, 172, 153,
       55, 183, 66, 26, 37, 247, 109, 144, 10, 75, 146, 1, 219, 229, 112,
       57, 162, 192, 38, 123, 253, 120, 189, 118, 13, 79, 87, 168, 211,
       250, 167, 24, 86, 117, 9, 59, 129, 84, 120, 106, 105, 103, 251,
       44, 203, 251, 69, 63, 66, 123, 86, 98, 164, 103, 72, 47, 88, 15,
       87, 56, 16, 164, 237, 141, 211, 71, 11, 17, 92, 204, 65, 238, 104,
       146, 89, 14, 231, 169, 129, 52, 113, 187, 66, 210, 217, 86, 29,
       60, 42, 110, 21, 55, 176, 110, 174, 189, 247, 119, 130, 19, 135,
       119, 236, 38, 97, 197, 225, 31, 240, 163, 113, 144, 40, 240, 131,
       121, 246, 116, 233, 68, 199, 86, 87, 239, 83, 230, 140, 155, 66,
       124, 95, 54, 125, 222, 241, 167, 236, 119, 253, 138, 123, 110,
       213, 191, 103, 252, 246, 126, 193, 176, 191, 24, 170, 200, 49, 7,
       238, 81, 130, 56, 188, 182, 66, 123, 163, 55, 122, 17, 23, 77,
       182, 81, 221, 50, 94, 122, 128, 0, 161, 78, 188, 100, 141, 251,
       140, 103, 79, 152, 22, 186, 129, 80, 213, 83, 73, 11, 89, 92, 93,
       250, 107, 70, 75, 58, 233, 195, 229, 52, 176, 243, 146, 162, 52,
       85, 109, 111, 91, 79, 71, 56, 20, 228, 237, 13, 83, 103, 9, 17,
