%YAML:1.0
---
descriptors: !!opencv-matrix
   rows: 78
   cols: 32
   dt: u
   data: [ 248, 172, 156, 122, 137, 233, 81, 207, 179, 183, 164, 25, 47,
       251, 74, 27, 137, 179, 237, 16, 58, 111, 202, 51, 219, 211, 85,
       127, 240, 64, 142, 10, 122, 180, 182, 254, 141, 253, 84, 79, 255,
       31, 173, 25, 174, 249, 110, 159, 201, 179, 239, 16, 62, 111, 218,
       211, 155, 223, 84, 123, 210, 76, 222, 142, 252, 176, 244, 250,
       141, 253, 80, 218, 223, 55, 181, 25, 207, 255, 78, 155, 203, 147,
       253, 16, 62, 111, 218, 147, 219, 219, 81, 127, 243, 77, 78, 3,
       252, 113, 252, 118, 173, 93, 93, 248, 129, 190, 181, 8, 91, 223,
       75, 59, 140, 212, 253, 106, 72, 99, 250, 128, 211, 217, 101, 61,
       98, 251, 70, 114, 242, 173, 182, 248, 253, 253, 92, 231, 223, 159,
       240, 25, 174, 185, 118, 223, 201, 251, 255, 17, 62, 111, 210, 242,
       191, 222, 222, 123, 210, 76, 254, 206, 205, 222, 253, 115, 236,
       60, 127, 182, 254, 123, 55, 84, 255, 61, 92, 123, 133, 86, 127,
       30, 179, 124, 251, 99, 111, 251, 116, 84, 202, 217, 193, 249, 199,
       188, 189, 215, 169, 236, 189, 151, 187, 251, 182, 84, 188, 255,
       76, 111, 135, 87, 125, 17, 179, 109, 251, 243, 205, 154, 95, 250,
       138, 64, 133, 123, 252, 112, 253, 226, 137, 95, 95, 216, 179, 250,
       181, 8, 223, 95, 75, 59, 159, 213, 253, 250, 105, 71, 249, 176,
       251, 219, 101, 61, 250, 243, 6, 115, 114, 180, 150, 250, 173, 253,
       80, 79, 191, 31, 177, 25, 174, 253, 110, 155, 201, 179, 239, 17,
       62, 107, 218, 177, 155, 219, 84, 123, 210, 76, 222, 78, 120, 180,
       180, 250, 141, 253, 80, 75, 255, 31, 181, 25, 110, 253, 78, 155,
       201, 147, 239, 16, 62, 111, 218, 145, 219, 219, 81, 127, 210, 76,
       206, 71, 252, 112, 252, 122, 173, 253, 80, 216, 211, 191, 181, 24,
       95, 253, 75, 187, 201, 145, 253, 16, 174, 103, 250, 144, 219, 219,
       81, 127, 242, 77, 78, 67, 246, 106, 142, 182, 168, 75, 84, 200,
       133, 190, 147, 189, 67, 68, 203, 11, 201, 196, 108, 103, 108, 103,
       207, 42, 240, 210, 229, 191, 64, 253, 60, 85, 244, 193, 110, 78,
       141, 86, 71, 236, 83, 160, 165, 8, 98, 247, 37, 117, 88, 244, 176,
       234, 72, 67, 187, 189, 251, 251, 197, 31, 51, 51, 126, 38, 237,
       252, 189, 119, 173, 172, 127, 190, 255, 219, 55, 92, 255, 253, 89,
       59, 141, 98, 125, 30, 187, 108, 251, 163, 239, 251, 117, 84, 202,
       249, 210, 115, 205, 188, 189, 115, 169, 172, 253, 183, 254, 123,
       54, 84, 255, 253, 72, 123, 133, 119, 125, 30, 243, 108, 251, 115,
       239, 251, 119, 84, 202, 113, 193, 123, 109, 113, 57, 101, 53, 95,
       71, 48, 105, 172, 127, 12, 222, 49, 1, 180, 144, 84, 108, 106,
       193, 240, 241, 12, 231, 221, 33, 16, 66, 59, 70, 115, 205, 22,
       125, 245, 36, 46, 109, 51, 116, 250, 119, 244, 215, 35, 145, 123,
       55, 164, 126, 46, 161, 244, 101, 14, 198, 235, 115, 132, 108, 233,
       64, 177, 220, 125, 189, 166, 172, 126, 95, 184, 174, 238, 159, 9,
       223, 127, 75, 83, 211, 215, 253, 99, 124, 65, 249, 46, 251, 231,
       103, 53, 160, 243, 141, 83, 231, 180, 168, 130, 253, 54, 78, 175,
       91, 243, 141, 159, 70, 124, 222, 254, 213, 198, 120, 61, 191, 71,
       253, 150, 190, 127, 221, 126, 140, 78, 218, 84, 126, 111, 199, 54,
       169, 122, 86, 168, 177, 238, 171, 169, 75, 231, 203, 159, 147,
       245, 236, 98, 109, 71, 234, 170, 178, 243, 101, 191, 98, 255, 78,
       117, 205, 252, 189, 247, 173, 236, 117, 190, 255, 251, 54, 92,
       254, 253, 88, 59, 133, 118, 124, 30, 179, 101, 251, 51, 239, 251,
       117, 124, 202, 121, 195, 115, 141, 22, 127, 245, 36, 47, 109, 51,
       124, 90, 119, 244, 223, 3, 145, 123, 127, 173, 31, 174, 161, 244,
       101, 78, 196, 251, 114, 128, 44, 225, 1, 49, 201, 22, 189, 245,
       160, 46, 125, 151, 252, 251, 54, 116, 159, 55, 128, 123, 167, 87,
       127, 28, 177, 220, 243, 98, 207, 251, 118, 196, 136, 240, 129, 57,
       205, 190, 189, 243, 168, 44, 125, 151, 254, 251, 54, 84, 255, 55,
       72, 123, 135, 87, 124, 28, 179, 220, 251, 98, 207, 251, 118, 212,
       200, 208, 195, 123, 254, 188, 182, 158, 237, 125, 254, 239, 191,
       255, 255, 59, 238, 254, 111, 223, 255, 255, 255, 147, 62, 111,
       251, 255, 191, 119, 223, 255, 211, 125, 239, 223, 252, 112, 252,
       99, 169, 93, 87, 152, 99, 254, 181, 13, 223, 95, 67, 59, 159, 213,
       253, 114, 172, 103, 251, 176, 251, 219, 101, 63, 234, 243, 78, 83,
       124, 176, 252, 122, 173, 125, 82, 216, 75, 127, 181, 25, 95, 221,
       74, 187, 217, 145, 253, 50, 190, 103, 251, 145, 219, 219, 65, 127,
       243, 207, 78, 83, 201, 188, 191, 126, 169, 253, 85, 255, 255, 251,
       164, 28, 254, 255, 65, 59, 133, 119, 253, 24, 179, 109, 186, 115,
       219, 219, 85, 62, 218, 112, 131, 123, 214, 116, 150, 143, 205,
       111, 254, 232, 63, 170, 243, 26, 206, 250, 13, 91, 249, 205, 127,
       226, 104, 231, 219, 254, 191, 250, 207, 62, 81, 123, 115, 130,
       182, 172, 246, 255, 252, 43, 236, 207, 191, 179, 242, 18, 204,
       234, 124, 91, 123, 207, 127, 145, 186, 255, 203, 243, 190, 190,
       223, 244, 229, 120, 243, 128, 18, 172, 214, 159, 254, 171, 238,
       239, 191, 51, 250, 18, 236, 234, 52, 83, 107, 239, 127, 145, 50,
       251, 203, 255, 188, 190, 223, 240, 245, 120, 243, 136, 118, 119,
       171, 38, 168, 78, 86, 232, 169, 238, 171, 205, 71, 230, 77, 26,
       148, 213, 109, 102, 76, 67, 234, 8, 177, 246, 69, 191, 224, 115,
       70, 117, 150, 172, 246, 255, 254, 171, 252, 223, 191, 179, 242,
       18, 237, 234, 124, 91, 239, 207, 127, 145, 178, 255, 207, 243,
       158, 254, 223, 244, 245, 216, 243, 137, 77, 97, 120, 101, 113, 30,
       115, 56, 105, 160, 127, 8, 223, 21, 137, 180, 22, 92, 196, 106,
       192, 176, 245, 12, 103, 253, 33, 5, 98, 179, 78, 33, 248, 188,
       191, 250, 169, 229, 21, 223, 187, 251, 164, 24, 190, 255, 96, 59,
       133, 55, 253, 16, 59, 79, 186, 51, 219, 219, 93, 123, 154, 64,
       135, 123, 137, 22, 191, 245, 164, 46, 125, 23, 252, 91, 118, 116,
       223, 55, 144, 107, 167, 7, 127, 44, 177, 212, 99, 74, 198, 251,
       114, 128, 140, 240, 193, 33, 205, 188, 189, 119, 169, 236, 117,
       183, 251, 219, 182, 84, 254, 247, 73, 123, 135, 119, 124, 24, 179,
       109, 251, 99, 207, 251, 119, 214, 202, 240, 131, 59, 125, 125,
       252, 230, 169, 94, 95, 188, 161, 238, 190, 13, 223, 127, 67, 115,
       214, 215, 253, 98, 205, 67, 249, 40, 251, 249, 101, 177, 42, 243,
       142, 115, 137, 150, 255, 255, 246, 126, 127, 255, 127, 235, 126,
       246, 253, 127, 186, 97, 127, 255, 63, 172, 177, 252, 61, 207, 254,
       255, 247, 132, 175, 232, 225, 249, 122, 185, 189, 186, 171, 221,
       17, 220, 155, 93, 132, 61, 190, 223, 98, 59, 135, 179, 253, 17,
       27, 75, 186, 49, 219, 211, 93, 251, 144, 4, 135, 123, 69, 40, 172,
       49, 204, 109, 97, 135, 226, 247, 166, 25, 147, 176, 83, 59, 41,
       198, 104, 29, 30, 79, 222, 0, 221, 11, 85, 125, 192, 113, 218, 66,
       116, 13, 149, 231, 156, 107, 70, 168, 69, 178, 139, 90, 83, 117,
       9, 43, 25, 212, 104, 242, 57, 227, 89, 46, 185, 134, 197, 86, 225,
       123, 84, 34, 244, 99, 120, 101, 20, 95, 114, 56, 97, 172, 127, 8,
       83, 9, 155, 48, 58, 220, 68, 106, 204, 176, 237, 12, 119, 205, 33,
       5, 97, 179, 70, 35, 90, 188, 169, 58, 169, 253, 23, 159, 171, 93,
       156, 173, 175, 254, 66, 50, 135, 243, 253, 17, 158, 11, 250, 51,
       219, 213, 61, 251, 146, 70, 135, 127, 221, 188, 189, 246, 169,
       236, 25, 159, 186, 219, 180, 92, 254, 255, 72, 123, 167, 115, 125,
       16, 179, 77, 186, 243, 203, 219, 127, 254, 136, 64, 131, 123, 205,
       158, 191, 243, 168, 46, 125, 151, 254, 91, 54, 116, 159, 51, 128,
       123, 167, 87, 125, 28, 177, 205, 179, 98, 207, 251, 118, 196, 136,
       208, 129, 57, 205, 188, 189, 247, 169, 172, 117, 159, 251, 219,
       182, 92, 254, 255, 72, 123, 133, 119, 124, 24, 179, 109, 186, 115,
       203, 251, 119, 126, 202, 112, 131, 123, 237, 188, 189, 254, 173,
