%YAML:1.0
---
descriptors: !!opencv-matrix
   rows: 213
   cols: 32
   dt: u
   data: [ 44, 97, 57, 111, 253, 79, 71, 136, 99, 108, 173, 8, 211, 85,
       9, 48, 216, 92, 80, 106, 73, 50, 249, 26, 229, 253, 5, 52, 80,
       123, 86, 226, 252, 180, 156, 114, 153, 108, 81, 11, 179, 191, 167,
       25, 215, 183, 74, 27, 129, 23, 237, 16, 58, 71, 219, 2, 203, 211,
       85, 125, 192, 65, 134, 98, 232, 253, 16, 58, 153, 253, 20, 175,
       187, 63, 168, 25, 174, 235, 66, 144, 129, 115, 237, 16, 126, 75,
       218, 55, 187, 215, 21, 123, 210, 84, 142, 10, 244, 54, 189, 114,
       168, 108, 81, 25, 178, 191, 165, 56, 87, 247, 73, 27, 131, 214,
       109, 16, 58, 71, 234, 0, 219, 195, 117, 125, 224, 227, 134, 99,
       193, 168, 222, 113, 170, 217, 57, 7, 250, 83, 166, 152, 183, 178,
       198, 123, 135, 55, 120, 28, 55, 77, 247, 115, 204, 139, 94, 120,
       132, 128, 139, 8, 229, 116, 172, 183, 140, 111, 87, 152, 50, 250,
       135, 25, 211, 125, 91, 59, 153, 214, 125, 59, 41, 71, 249, 42,
       205, 195, 237, 53, 168, 121, 86, 114, 96, 164, 153, 218, 220, 237,
       71, 175, 218, 59, 168, 24, 246, 241, 72, 112, 129, 90, 106, 8,
       123, 107, 250, 119, 253, 150, 21, 124, 80, 88, 199, 42, 93, 85,
       125, 103, 148, 14, 79, 184, 100, 160, 111, 64, 211, 115, 25, 112,
       50, 212, 92, 106, 233, 176, 125, 14, 231, 239, 37, 20, 96, 243,
       64, 32, 220, 69, 92, 118, 168, 106, 87, 172, 160, 178, 175, 24,
       87, 115, 9, 115, 35, 215, 108, 106, 120, 229, 73, 46, 241, 235,
       101, 20, 96, 243, 196, 34, 96, 141, 29, 254, 157, 205, 85, 174,
       139, 17, 168, 24, 182, 183, 64, 115, 129, 115, 104, 16, 123, 104,
       211, 53, 233, 178, 84, 123, 208, 24, 196, 42, 125, 205, 213, 231,
       139, 46, 94, 172, 51, 178, 171, 201, 127, 119, 73, 211, 151, 215,
       248, 226, 45, 66, 217, 191, 187, 247, 197, 54, 170, 247, 2, 18,
       192, 172, 157, 255, 200, 237, 37, 143, 190, 23, 32, 24, 182, 179,
       64, 123, 129, 82, 106, 24, 50, 76, 218, 51, 205, 162, 118, 120,
       144, 64, 135, 170, 124, 103, 245, 101, 49, 91, 86, 184, 113, 168,
       254, 8, 203, 125, 25, 54, 24, 212, 236, 106, 76, 240, 237, 15,
       239, 255, 37, 21, 99, 179, 70, 34, 72, 221, 29, 251, 153, 237, 85,
       174, 158, 55, 46, 24, 182, 55, 0, 115, 129, 82, 104, 0, 58, 72,
       123, 63, 237, 247, 84, 87, 16, 88, 132, 42, 92, 69, 174, 231, 23,
       70, 111, 168, 49, 164, 207, 2, 93, 115, 25, 82, 112, 212, 121,
       234, 72, 209, 137, 10, 243, 231, 207, 5, 34, 115, 52, 34, 76, 113,
       121, 101, 50, 74, 63, 56, 41, 228, 111, 173, 223, 55, 137, 80, 22,
       93, 125, 110, 65, 144, 249, 78, 229, 253, 37, 132, 0, 179, 7, 113,
       109, 113, 177, 101, 53, 31, 118, 56, 105, 232, 63, 77, 222, 125,
       159, 182, 180, 68, 124, 110, 196, 240, 249, 136, 231, 255, 97, 22,
       74, 183, 66, 119, 208, 160, 191, 118, 8, 232, 81, 23, 242, 183,
       167, 24, 183, 183, 64, 59, 129, 183, 108, 16, 58, 111, 162, 1,
       217, 227, 112, 121, 224, 64, 134, 42, 1, 143, 215, 255, 148, 170,
       102, 175, 118, 3, 74, 208, 243, 227, 168, 64, 115, 110, 34, 138,
       123, 216, 77, 59, 172, 166, 119, 0, 184, 208, 161, 136, 77, 245,
       189, 103, 177, 15, 119, 189, 123, 236, 111, 12, 214, 113, 75, 50,
       145, 78, 104, 110, 208, 240, 249, 46, 239, 255, 5, 4, 74, 115,
       199, 99, 205, 112, 149, 84, 105, 108, 49, 0, 233, 218, 37, 56,
       158, 151, 77, 63, 128, 92, 96, 66, 1, 102, 242, 64, 71, 216, 85,
       43, 194, 113, 71, 163, 252, 36, 188, 114, 136, 104, 81, 27, 179,
       191, 175, 24, 87, 247, 73, 27, 33, 150, 237, 16, 58, 71, 170, 2,
       219, 199, 117, 125, 226, 225, 134, 35, 253, 174, 252, 178, 168,
       172, 92, 223, 187, 251, 180, 185, 159, 247, 74, 91, 135, 247, 253,
       28, 190, 79, 202, 51, 219, 219, 117, 249, 162, 196, 142, 67, 81,
       159, 93, 101, 176, 14, 71, 181, 224, 168, 170, 68, 243, 51, 128,
       115, 4, 230, 108, 110, 249, 169, 81, 45, 224, 234, 100, 16, 104,
       242, 194, 41, 213, 93, 95, 102, 136, 14, 71, 180, 224, 202, 166,
       76, 119, 115, 129, 115, 34, 244, 124, 106, 233, 229, 153, 44, 243,
       235, 101, 16, 104, 243, 226, 57, 141, 215, 88, 67, 176, 31, 70,
       184, 119, 171, 63, 124, 211, 113, 202, 112, 23, 198, 12, 126, 255,
       240, 109, 54, 238, 143, 37, 116, 248, 243, 200, 1, 93, 38, 220,
       71, 144, 62, 74, 152, 97, 162, 175, 84, 203, 99, 159, 254, 51,
       196, 108, 254, 189, 208, 237, 46, 174, 239, 37, 20, 235, 243, 74,
       4, 242, 172, 204, 82, 201, 249, 193, 207, 179, 55, 164, 153, 34,
       229, 70, 31, 73, 162, 235, 16, 58, 111, 202, 49, 31, 195, 85, 127,
       225, 200, 222, 174, 102, 170, 156, 222, 235, 241, 21, 207, 187,
       191, 132, 185, 46, 231, 79, 31, 135, 247, 237, 16, 50, 79, 170,
       113, 155, 147, 93, 255, 144, 112, 142, 107, 204, 36, 220, 181,
       168, 40, 84, 138, 51, 182, 166, 153, 199, 99, 75, 91, 19, 198,
       108, 62, 44, 68, 207, 34, 206, 227, 101, 29, 160, 241, 74, 2, 193,
       172, 191, 115, 170, 232, 57, 7, 254, 23, 162, 144, 247, 190, 80,
       123, 131, 55, 120, 24, 54, 205, 231, 51, 205, 171, 126, 80, 196,
       192, 135, 104, 213, 237, 189, 54, 172, 108, 71, 190, 250, 255,
       174, 25, 215, 245, 67, 27, 129, 102, 124, 78, 105, 105, 251, 34,
       235, 235, 117, 20, 200, 241, 198, 122, 244, 124, 188, 247, 140,
       111, 87, 158, 242, 186, 135, 24, 215, 113, 65, 59, 129, 214, 125,
       91, 40, 68, 219, 34, 233, 195, 245, 52, 168, 121, 210, 34, 100,
       181, 157, 218, 220, 173, 71, 175, 122, 59, 169, 88, 214, 240, 72,
       57, 145, 90, 106, 24, 59, 98, 219, 55, 189, 150, 85, 124, 208, 90,
       195, 32, 93, 69, 125, 103, 150, 78, 71, 184, 100, 160, 239, 64,
       83, 115, 25, 112, 48, 196, 92, 106, 105, 176, 89, 14, 243, 239,
       37, 20, 97, 243, 64, 32, 193, 152, 189, 123, 136, 237, 17, 143,
       206, 19, 160, 24, 246, 240, 76, 107, 129, 115, 104, 16, 50, 109,
       251, 49, 201, 186, 85, 122, 208, 8, 133, 42, 252, 68, 220, 118,
       168, 106, 85, 172, 176, 178, 167, 24, 215, 115, 9, 91, 3, 215,
       108, 42, 104, 103, 203, 34, 243, 235, 117, 21, 96, 241, 207, 34,
       120, 184, 249, 112, 136, 253, 81, 218, 226, 183, 164, 24, 19, 215,
       64, 58, 13, 146, 204, 24, 27, 111, 250, 49, 219, 201, 117, 121,
       225, 192, 70, 114, 220, 12, 30, 247, 144, 110, 71, 170, 52, 162,
       174, 16, 119, 115, 1, 83, 113, 246, 109, 162, 120, 205, 89, 47,
       249, 231, 117, 17, 160, 113, 228, 34, 100, 197, 45, 105, 152, 79,
       71, 184, 86, 224, 171, 12, 211, 101, 9, 81, 81, 212, 104, 126,
       105, 160, 121, 31, 237, 174, 5, 84, 240, 187, 68, 112, 100, 119,
       209, 103, 49, 78, 70, 184, 113, 168, 235, 76, 195, 109, 13, 18,
       156, 220, 108, 98, 201, 240, 217, 14, 175, 254, 5, 22, 72, 179,
       70, 18, 244, 125, 125, 70, 188, 111, 199, 191, 193, 238, 190, 12,
       82, 117, 141, 54, 21, 214, 76, 106, 249, 35, 249, 46, 121, 190,
       69, 52, 65, 250, 198, 113, 237, 52, 157, 103, 180, 110, 67, 152,
       120, 250, 39, 92, 215, 113, 25, 59, 145, 68, 124, 58, 161, 244,
       249, 14, 205, 219, 101, 84, 200, 121, 82, 50, 197, 186, 157, 81,
       168, 46, 40, 147, 254, 243, 34, 92, 148, 182, 192, 123, 7, 87,
       106, 24, 177, 77, 255, 64, 141, 162, 119, 68, 200, 224, 131, 177,
       96, 255, 156, 60, 168, 201, 23, 174, 147, 190, 188, 45, 102, 249,
       66, 19, 129, 119, 236, 66, 108, 107, 202, 43, 250, 247, 101, 59,
       64, 121, 206, 11, 76, 97, 120, 101, 18, 90, 127, 56, 57, 164, 111,
       136, 223, 23, 137, 48, 50, 221, 125, 238, 64, 144, 249, 78, 231,
       237, 37, 5, 99, 179, 7, 32, 208, 184, 157, 112, 168, 237, 81, 151,
       230, 123, 166, 24, 183, 247, 64, 59, 129, 183, 108, 16, 58, 109,
       219, 49, 217, 227, 117, 121, 224, 192, 135, 42, 248, 168, 159,
       114, 173, 237, 84, 95, 226, 27, 164, 24, 63, 243, 64, 59, 129,
       230, 125, 8, 58, 79, 250, 49, 219, 203, 117, 121, 224, 192, 206,
       106, 108, 225, 57, 110, 185, 77, 71, 168, 3, 20, 237, 8, 242, 119,
