%YAML:1.0
---
descriptors: !!opencv-matrix
   rows: 145
   cols: 32
   dt: u
   data: [ 236, 52, 189, 115, 168, 110, 113, 25, 59, 251, 55, 24, 223,
       119, 73, 59, 149, 86, 125, 58, 185, 244, 249, 2, 207, 255, 117,
       84, 192, 225, 71, 115, 213, 174, 148, 176, 169, 60, 64, 159, 251,
       187, 162, 88, 142, 178, 193, 255, 133, 71, 108, 28, 190, 77, 203,
       64, 152, 250, 127, 254, 136, 96, 139, 5, 77, 116, 157, 103, 161,
       110, 119, 184, 121, 234, 111, 8, 222, 113, 9, 59, 145, 84, 104,
       106, 97, 244, 185, 42, 231, 255, 69, 6, 200, 115, 67, 35, 209,
       205, 95, 102, 184, 10, 71, 181, 225, 176, 170, 8, 247, 115, 0,
       115, 34, 247, 108, 106, 105, 201, 241, 45, 241, 233, 101, 16, 96,
       178, 130, 40, 228, 184, 157, 250, 200, 237, 1, 143, 174, 51, 160,
       24, 182, 243, 72, 91, 129, 82, 106, 24, 51, 109, 218, 49, 221,
       131, 117, 124, 216, 72, 131, 186, 244, 184, 149, 114, 169, 45, 81,
       223, 171, 187, 160, 88, 151, 243, 73, 27, 133, 215, 108, 16, 58,
       111, 218, 32, 153, 210, 85, 126, 232, 113, 130, 35, 252, 172, 252,
       118, 137, 111, 85, 187, 179, 183, 166, 24, 115, 119, 73, 27, 1,
       214, 237, 42, 56, 111, 251, 46, 251, 239, 117, 61, 226, 240, 198,
       98, 252, 108, 252, 118, 141, 109, 85, 223, 211, 182, 172, 25, 67,
       233, 79, 31, 9, 214, 236, 58, 104, 103, 218, 34, 251, 219, 85, 61,
       227, 248, 206, 42, 196, 180, 157, 87, 168, 110, 37, 155, 162, 187,
       167, 80, 215, 247, 201, 123, 5, 86, 108, 26, 51, 69, 251, 32, 205,
       163, 117, 116, 160, 241, 135, 49, 253, 113, 253, 103, 172, 78, 71,
       56, 97, 234, 183, 76, 211, 117, 217, 51, 22, 212, 124, 106, 201,
       114, 249, 8, 231, 217, 101, 52, 105, 243, 66, 113, 237, 112, 189,
       103, 165, 111, 103, 136, 123, 234, 39, 8, 214, 81, 73, 59, 145,
       68, 120, 122, 33, 244, 249, 10, 207, 219, 69, 54, 202, 123, 83,
       51, 125, 215, 121, 103, 176, 14, 79, 188, 96, 234, 255, 68, 83,
       119, 137, 112, 54, 212, 92, 106, 233, 176, 249, 46, 243, 239, 37,
       148, 104, 243, 64, 57, 104, 180, 188, 250, 173, 253, 81, 47, 223,
       95, 173, 24, 254, 253, 72, 50, 137, 27, 251, 0, 58, 106, 250, 147,
       203, 223, 80, 123, 210, 72, 198, 234, 204, 52, 189, 114, 169, 108,
       113, 27, 187, 255, 175, 24, 222, 119, 72, 59, 135, 23, 125, 56,
       177, 69, 251, 66, 207, 223, 117, 126, 130, 96, 135, 115, 248, 186,
       252, 120, 170, 169, 81, 151, 195, 63, 180, 56, 51, 181, 64, 27,
       15, 178, 109, 24, 58, 111, 226, 49, 219, 201, 112, 121, 243, 200,
       198, 43, 248, 188, 245, 82, 169, 249, 85, 223, 179, 191, 164, 56,
       42, 247, 196, 191, 7, 214, 236, 24, 58, 111, 234, 243, 187, 251,
       85, 123, 227, 208, 198, 47, 240, 170, 222, 122, 138, 169, 81, 215,
       178, 23, 164, 189, 55, 231, 66, 27, 39, 179, 237, 144, 58, 79,
       130, 51, 219, 195, 116, 121, 224, 192, 166, 122, 248, 190, 156,
       50, 169, 173, 84, 215, 179, 187, 164, 93, 63, 227, 66, 155, 161,
       231, 237, 20, 62, 79, 218, 51, 218, 195, 117, 121, 232, 64, 138,
       11, 205, 116, 149, 71, 161, 126, 119, 184, 121, 234, 47, 8, 222,
       112, 77, 191, 145, 84, 120, 106, 101, 244, 249, 106, 175, 255, 69,
       6, 202, 115, 75, 54, 197, 174, 141, 19, 136, 169, 37, 175, 190,
       179, 130, 220, 244, 226, 200, 91, 1, 70, 106, 28, 51, 77, 207,
       115, 12, 34, 127, 124, 136, 80, 131, 40, 149, 142, 73, 103, 180,
       42, 111, 191, 116, 162, 110, 212, 243, 99, 152, 112, 19, 238, 12,
       46, 249, 188, 109, 63, 236, 175, 37, 0, 232, 242, 192, 40, 193,
       190, 148, 20, 169, 44, 0, 151, 251, 187, 162, 92, 158, 178, 69,
       255, 133, 103, 108, 24, 183, 77, 147, 64, 152, 154, 95, 126, 136,
       96, 139, 13, 248, 32, 185, 112, 10, 232, 81, 2, 162, 55, 164, 24,
       23, 151, 64, 90, 1, 146, 105, 24, 26, 79, 226, 16, 219, 193, 80,
       121, 160, 192, 6, 106, 88, 141, 95, 100, 152, 74, 71, 181, 225, 0,
       170, 8, 119, 51, 0, 115, 32, 246, 108, 106, 105, 137, 177, 45,
       249, 235, 100, 16, 96, 162, 198, 40, 192, 184, 157, 248, 232, 237,
       33, 143, 174, 187, 160, 88, 182, 211, 72, 27, 1, 18, 106, 24, 19,
       111, 218, 49, 221, 130, 117, 124, 216, 72, 131, 58, 68, 103, 197,
       7, 52, 91, 103, 168, 110, 228, 43, 137, 199, 96, 223, 116, 50, 76,
       106, 110, 69, 240, 109, 30, 172, 214, 5, 53, 102, 255, 69, 100,
       65, 117, 16, 69, 112, 30, 102, 188, 121, 168, 106, 76, 254, 16,
       141, 180, 148, 76, 68, 106, 229, 176, 217, 46, 38, 188, 36, 4, 74,
       51, 75, 13, 37, 113, 17, 71, 85, 15, 230, 56, 106, 232, 43, 76,
       214, 80, 29, 180, 144, 76, 64, 106, 193, 176, 121, 28, 37, 156, 1,
       52, 72, 59, 74, 132, 13, 87, 25, 111, 176, 14, 111, 184, 116, 234,
       127, 100, 215, 115, 153, 112, 54, 76, 60, 110, 225, 144, 125, 46,
       228, 175, 39, 128, 40, 243, 65, 49, 236, 112, 189, 99, 45, 127,
       83, 152, 91, 250, 181, 24, 223, 29, 73, 59, 153, 84, 124, 122,
       169, 102, 249, 0, 207, 219, 101, 60, 194, 251, 70, 115, 125, 213,
       61, 231, 176, 14, 79, 188, 100, 234, 191, 72, 215, 119, 137, 112,
       22, 212, 92, 106, 249, 160, 121, 46, 227, 239, 37, 148, 96, 243,
       194, 49, 20, 244, 185, 231, 180, 47, 111, 184, 54, 170, 127, 96,
       215, 115, 137, 105, 119, 204, 29, 122, 233, 240, 105, 46, 236,
       239, 167, 132, 164, 251, 1, 33, 253, 121, 253, 103, 172, 78, 95,
       152, 97, 250, 183, 8, 215, 87, 73, 59, 148, 212, 124, 106, 201,
       103, 249, 40, 227, 201, 101, 52, 96, 243, 66, 115, 244, 237, 222,
       255, 236, 11, 255, 252, 190, 162, 255, 2, 247, 235, 61, 67, 127,
       215, 127, 235, 104, 99, 203, 255, 252, 175, 239, 156, 197, 251,
       227, 129, 214, 237, 254, 255, 254, 11, 254, 252, 63, 178, 251, 2,
       255, 235, 29, 67, 127, 231, 127, 227, 232, 227, 203, 254, 254,
       255, 239, 180, 245, 251, 243, 128, 69, 241, 25, 103, 56, 15, 71,
       184, 106, 248, 41, 76, 214, 113, 201, 50, 145, 68, 108, 106, 195,
       112, 217, 29, 173, 156, 37, 52, 72, 51, 67, 33, 234, 253, 182,
       252, 221, 205, 84, 231, 159, 130, 236, 8, 170, 185, 117, 80, 201,
       251, 251, 65, 104, 107, 210, 251, 187, 222, 150, 59, 82, 88, 246,
       10, 229, 206, 207, 119, 180, 42, 111, 190, 116, 171, 122, 244,
       211, 97, 145, 121, 19, 238, 36, 46, 169, 252, 77, 46, 108, 175,
       117, 192, 236, 241, 210, 32, 35, 175, 106, 154, 222, 177, 217,
       231, 223, 85, 152, 191, 32, 236, 118, 0, 239, 171, 19, 149, 150,
       43, 38, 247, 27, 28, 146, 251, 213, 12, 244, 222, 205, 79, 157,
       101, 180, 14, 103, 184, 120, 234, 127, 76, 211, 97, 145, 115, 20,
       68, 108, 110, 233, 180, 237, 46, 236, 255, 101, 20, 72, 243, 66,
       33, 205, 117, 21, 103, 177, 46, 103, 184, 121, 170, 111, 76, 222,
       113, 9, 115, 148, 68, 108, 110, 225, 240, 249, 46, 231, 251, 69,
       4, 74, 115, 67, 33, 232, 180, 180, 248, 173, 253, 80, 87, 255, 59,
       180, 24, 190, 189, 64, 27, 133, 179, 255, 16, 58, 111, 242, 147,
       219, 219, 80, 123, 194, 72, 71, 59, 233, 188, 180, 248, 173, 253,
       80, 87, 255, 59, 180, 24, 174, 185, 68, 59, 205, 179, 255, 17, 62,
       111, 242, 147, 155, 219, 84, 122, 210, 72, 194, 11, 134, 172, 214,
       159, 236, 171, 252, 239, 191, 179, 242, 26, 238, 234, 84, 75, 111,
       255, 127, 145, 50, 255, 203, 243, 188, 26, 223, 224, 149, 121,
       225, 137, 236, 180, 189, 113, 189, 109, 117, 159, 123, 251, 62,
       24, 222, 55, 72, 59, 149, 22, 125, 24, 59, 124, 249, 18, 239, 219,
       117, 116, 194, 192, 199, 115, 240, 56, 255, 112, 42, 232, 81, 82,
       178, 159, 164, 56, 55, 215, 64, 27, 35, 246, 109, 152, 42, 79,
       162, 33, 209, 227, 116, 56, 224, 192, 70, 107, 77, 113, 145, 71,
       65, 78, 118, 56, 104, 232, 107, 12, 214, 49, 9, 50, 144, 76, 96,
       106, 193, 240, 217, 8, 37, 184, 1, 6, 72, 51, 67, 50, 105, 165,
       184, 115, 213, 63, 117, 151, 123, 243, 45, 24, 154, 57, 94, 58,
       129, 14, 88, 28, 182, 120, 249, 18, 239, 223, 85, 116, 194, 212,
