%YAML:1.0
---
descriptors: !!opencv-matrix
   rows: 146
   cols: 32
   dt: u
   data: [ 56, 41, 123, 108, 64, 110, 67, 80, 96, 6, 108, 8, 115, 23,
       129, 48, 28, 252, 68, 106, 9, 178, 160, 8, 83, 233, 32, 0, 99,
       227, 102, 170, 100, 184, 157, 218, 140, 237, 65, 143, 250, 59,
       160, 24, 150, 243, 72, 59, 129, 82, 106, 24, 51, 111, 218, 49,
       157, 146, 85, 126, 216, 72, 199, 42, 37, 81, 17, 69, 85, 79, 103,
       40, 104, 224, 99, 72, 210, 16, 13, 180, 144, 92, 80, 106, 65, 176,
       121, 12, 37, 152, 1, 20, 72, 59, 82, 36, 124, 168, 252, 86, 141,
       61, 85, 203, 211, 183, 165, 24, 67, 233, 77, 30, 9, 214, 236, 26,
       58, 99, 250, 32, 219, 219, 85, 61, 227, 248, 198, 34, 116, 69, 93,
       111, 21, 79, 71, 168, 116, 160, 171, 10, 83, 113, 9, 112, 48, 212,
       72, 106, 105, 176, 121, 30, 237, 174, 5, 20, 113, 251, 64, 32, 5,
       87, 93, 103, 176, 14, 111, 184, 116, 234, 127, 100, 215, 115, 153,
       112, 54, 76, 60, 110, 225, 144, 125, 46, 228, 175, 39, 132, 40,
       243, 65, 49, 69, 245, 29, 103, 25, 79, 23, 184, 126, 248, 43, 72,
       246, 113, 73, 50, 145, 84, 104, 106, 67, 96, 251, 63, 237, 191,
       37, 54, 72, 51, 67, 51, 172, 48, 189, 115, 173, 109, 81, 152, 91,
       255, 165, 24, 223, 93, 75, 59, 137, 208, 252, 24, 27, 102, 251,
       16, 207, 219, 81, 125, 194, 233, 70, 114, 125, 85, 61, 102, 184,
       78, 79, 184, 224, 232, 191, 72, 215, 119, 137, 115, 20, 212, 124,
       106, 201, 163, 249, 44, 243, 233, 101, 20, 96, 243, 70, 113, 85,
       85, 125, 103, 176, 78, 79, 184, 96, 234, 255, 68, 211, 119, 153,
       112, 22, 212, 28, 106, 233, 176, 121, 14, 227, 239, 37, 148, 104,
       243, 66, 49, 248, 154, 248, 120, 170, 169, 81, 23, 194, 63, 180,
       57, 51, 153, 98, 27, 11, 178, 237, 16, 58, 111, 194, 49, 219, 201,
       112, 121, 243, 200, 206, 43, 100, 99, 49, 71, 112, 14, 103, 184,
       104, 172, 111, 72, 215, 3, 9, 20, 144, 76, 68, 106, 64, 176, 233,
       12, 101, 188, 33, 4, 64, 179, 70, 33, 248, 188, 255, 82, 171, 249,
       81, 215, 243, 31, 164, 56, 42, 247, 196, 191, 39, 242, 236, 24,
       58, 79, 170, 243, 155, 219, 85, 123, 226, 192, 198, 109, 248, 174,
       222, 112, 138, 233, 81, 87, 179, 23, 164, 185, 55, 167, 64, 27,
       35, 178, 109, 16, 58, 79, 162, 51, 219, 195, 112, 121, 162, 192,
       198, 107, 248, 190, 220, 114, 168, 173, 85, 223, 178, 63, 164, 29,
       55, 227, 66, 27, 129, 226, 237, 16, 58, 79, 218, 51, 219, 195,
       117, 121, 224, 192, 206, 11, 204, 180, 252, 97, 160, 47, 61, 159,
       59, 247, 47, 185, 223, 55, 74, 26, 151, 31, 125, 52, 50, 84, 249,
       82, 207, 223, 117, 244, 128, 192, 135, 115, 108, 245, 189, 98,
       169, 77, 87, 136, 123, 191, 173, 24, 210, 117, 73, 59, 145, 86,
       104, 122, 123, 98, 251, 50, 237, 219, 69, 126, 192, 123, 198, 99,
       120, 171, 250, 120, 234, 201, 85, 119, 163, 21, 164, 56, 55, 151,
       66, 18, 15, 186, 237, 16, 26, 75, 162, 53, 219, 199, 52, 121, 98,
       128, 134, 42, 120, 185, 123, 98, 41, 204, 81, 85, 227, 25, 172, 8,
       63, 151, 64, 58, 128, 182, 253, 16, 26, 107, 178, 33, 219, 201,
       112, 121, 226, 130, 198, 59, 64, 184, 157, 208, 232, 173, 1, 207,
       234, 187, 160, 88, 150, 179, 64, 59, 129, 147, 106, 16, 19, 107,
       218, 113, 153, 144, 85, 126, 216, 72, 131, 43, 160, 188, 153, 121,
       168, 237, 65, 191, 118, 155, 96, 80, 247, 243, 64, 121, 81, 58,
       40, 24, 59, 252, 219, 19, 205, 175, 117, 72, 248, 200, 192, 170,
       84, 101, 88, 39, 86, 27, 102, 40, 105, 160, 107, 8, 199, 104, 25,
       144, 186, 205, 96, 99, 76, 176, 153, 14, 183, 231, 5, 5, 105, 51,
       75, 130, 65, 117, 16, 71, 112, 30, 102, 60, 121, 168, 107, 76,
       222, 114, 140, 180, 144, 76, 68, 110, 193, 176, 217, 14, 37, 188,
       37, 4, 74, 50, 203, 133, 96, 245, 145, 99, 185, 77, 84, 175, 127,
       59, 41, 88, 222, 51, 72, 180, 145, 31, 104, 16, 115, 120, 219, 23,
       175, 214, 21, 118, 216, 72, 194, 34, 252, 180, 189, 118, 136, 109,
       85, 152, 162, 191, 167, 24, 83, 119, 73, 59, 1, 214, 236, 26, 56,
       103, 251, 32, 219, 235, 117, 125, 224, 243, 198, 114, 116, 160,
       252, 114, 140, 77, 213, 204, 211, 183, 165, 24, 67, 249, 76, 26,
       137, 214, 108, 16, 26, 99, 250, 32, 219, 219, 85, 61, 225, 123,
       198, 34, 212, 244, 157, 117, 168, 110, 69, 158, 178, 187, 166, 80,
       215, 119, 201, 123, 5, 86, 124, 58, 57, 197, 251, 34, 201, 163,
       117, 84, 160, 241, 134, 49, 21, 85, 89, 103, 176, 14, 111, 184,
       116, 232, 127, 100, 211, 115, 153, 112, 54, 92, 60, 110, 233, 144,
       125, 46, 230, 239, 37, 132, 40, 243, 64, 49, 237, 112, 189, 103,
       165, 111, 103, 152, 123, 234, 39, 8, 214, 113, 73, 59, 145, 84,
       120, 122, 33, 244, 249, 10, 231, 219, 69, 52, 202, 123, 83, 34,
       77, 117, 149, 103, 161, 110, 119, 184, 121, 234, 107, 8, 222, 113,
       73, 58, 145, 84, 104, 106, 33, 240, 249, 106, 229, 255, 69, 6,
       202, 115, 195, 35, 109, 113, 144, 71, 101, 30, 230, 56, 105, 192,
       107, 76, 214, 112, 29, 182, 144, 68, 64, 110, 193, 176, 217, 8,
       39, 188, 4, 6, 74, 51, 75, 134, 248, 186, 222, 112, 170, 169, 81,
       87, 162, 55, 164, 189, 55, 135, 66, 27, 39, 179, 205, 16, 58, 79,
       130, 48, 218, 193, 112, 121, 224, 192, 206, 27, 228, 103, 49, 71,
       112, 78, 103, 168, 120, 172, 123, 72, 211, 69, 141, 180, 16, 92,
       68, 106, 105, 176, 233, 14, 37, 156, 37, 4, 64, 179, 70, 160, 248,
       174, 218, 112, 170, 169, 81, 215, 178, 191, 172, 185, 39, 167, 66,
       27, 35, 179, 237, 16, 58, 79, 130, 51, 219, 199, 117, 121, 224,
       192, 134, 75, 248, 190, 156, 50, 168, 173, 84, 223, 178, 187, 160,
       93, 63, 243, 74, 27, 129, 231, 237, 20, 62, 79, 218, 51, 218, 195,
       117, 121, 168, 192, 138, 11, 77, 117, 156, 101, 161, 30, 119, 184,
       121, 234, 111, 76, 222, 113, 9, 178, 145, 68, 120, 106, 225, 240,
       249, 14, 239, 255, 69, 6, 74, 115, 75, 34, 217, 170, 135, 177, 41,
       189, 88, 19, 174, 95, 130, 85, 175, 136, 82, 155, 133, 39, 236,
       21, 158, 205, 131, 17, 136, 243, 120, 81, 226, 68, 139, 73, 120,
       241, 123, 98, 57, 205, 82, 80, 227, 9, 189, 72, 59, 215, 72, 48,
       172, 176, 205, 80, 26, 43, 146, 49, 251, 205, 32, 121, 98, 130,
       70, 43, 120, 141, 95, 100, 156, 110, 71, 55, 229, 0, 174, 8, 115,
       51, 0, 115, 96, 246, 108, 232, 89, 169, 113, 13, 251, 235, 36, 16,
       99, 224, 198, 40, 64, 185, 157, 80, 104, 141, 33, 205, 170, 185,
       160, 76, 182, 147, 64, 27, 129, 48, 106, 16, 19, 107, 218, 113,
       221, 128, 117, 124, 216, 0, 3, 187, 97, 253, 17, 95, 221, 141,
       134, 174, 218, 25, 168, 72, 182, 48, 1, 176, 137, 74, 106, 64, 67,
       42, 210, 63, 173, 182, 20, 58, 88, 24, 67, 170, 77, 117, 17, 69,
       85, 30, 102, 188, 105, 232, 110, 76, 222, 80, 29, 180, 148, 76,
       64, 108, 193, 240, 209, 78, 37, 188, 5, 6, 74, 50, 75, 181, 108,
       112, 185, 98, 13, 109, 83, 152, 67, 254, 165, 24, 223, 93, 75, 58,
       153, 212, 124, 122, 11, 100, 251, 0, 203, 221, 5, 61, 194, 251,
       70, 114, 252, 112, 189, 103, 40, 79, 87, 152, 99, 186, 165, 8,
       215, 87, 73, 59, 149, 212, 124, 122, 201, 103, 251, 0, 195, 217,
       101, 60, 224, 179, 70, 51, 197, 245, 25, 103, 56, 15, 71, 184,
       126, 232, 43, 72, 214, 113, 73, 48, 145, 76, 104, 106, 225, 112,
       249, 63, 237, 190, 5, 52, 72, 179, 67, 33, 229, 206, 205, 119,
       164, 42, 111, 191, 118, 250, 114, 244, 211, 97, 153, 121, 17, 206,
       36, 46, 249, 244, 109, 46, 236, 171, 101, 132, 236, 241, 210, 32,
       253, 207, 205, 119, 180, 14, 71, 184, 116, 234, 111, 92, 243, 97,
       153, 112, 17, 70, 108, 110, 233, 244, 109, 46, 236, 239, 101, 20,
       232, 243, 210, 33, 220, 96, 120, 229, 60, 10, 91, 184, 228, 168,
       183, 16, 223, 67, 73, 82, 246, 197, 125, 106, 232, 133, 201, 10,
       242, 233, 35, 148, 36, 179, 1, 1, 77, 117, 149, 103, 161, 78, 119,
       184, 123, 234, 111, 8, 222, 113, 73, 58, 145, 68, 124, 106, 113,
