%YAML:1.0
---
descriptors: !!opencv-matrix
   rows: 76
   cols: 32
   dt: u
   data: [ 92, 245, 189, 167, 172, 127, 94, 184, 174, 254, 159, 1, 223,
       127, 75, 67, 215, 87, 253, 227, 124, 65, 251, 42, 235, 215, 239,
       189, 160, 115, 173, 83, 124, 117, 188, 230, 175, 93, 94, 188, 171,
       254, 191, 9, 223, 255, 75, 83, 199, 213, 253, 98, 76, 67, 219,
       160, 251, 217, 101, 189, 32, 123, 143, 83, 124, 85, 124, 230, 180,
       78, 95, 184, 33, 238, 191, 45, 83, 127, 11, 50, 30, 212, 125, 106,
       104, 163, 249, 46, 251, 239, 37, 149, 98, 251, 86, 115, 253, 52,
       188, 176, 173, 124, 80, 154, 251, 255, 135, 29, 223, 252, 75, 59,
       129, 199, 253, 21, 191, 71, 251, 128, 219, 211, 117, 127, 170,
       117, 154, 83, 252, 112, 252, 122, 169, 253, 89, 216, 131, 191,
       181, 25, 155, 223, 75, 155, 207, 145, 253, 146, 10, 103, 250, 176,
       219, 217, 117, 127, 243, 153, 78, 83, 252, 98, 228, 230, 141, 46,
       70, 152, 161, 190, 167, 9, 75, 99, 89, 91, 49, 196, 109, 106, 104,
       71, 201, 136, 243, 235, 229, 181, 162, 255, 86, 66, 92, 117, 189,
       166, 168, 127, 95, 184, 166, 254, 159, 9, 223, 127, 75, 83, 199,
       215, 253, 99, 124, 65, 251, 42, 251, 231, 111, 181, 32, 243, 141,
       83, 124, 125, 188, 230, 168, 77, 95, 184, 160, 254, 191, 9, 223,
       127, 75, 83, 132, 215, 253, 98, 76, 67, 251, 40, 251, 201, 101,
       189, 32, 251, 142, 83, 252, 112, 188, 114, 169, 93, 84, 216, 163,
       254, 165, 25, 159, 223, 75, 155, 141, 213, 253, 82, 78, 103, 250,
       176, 219, 217, 117, 63, 242, 181, 78, 83, 124, 85, 124, 230, 188,
       78, 95, 184, 33, 236, 191, 9, 87, 127, 11, 50, 150, 212, 253, 106,
       104, 35, 249, 46, 251, 239, 37, 149, 96, 251, 70, 115, 252, 113,
       252, 102, 173, 93, 93, 248, 129, 254, 181, 8, 91, 223, 91, 59,
       204, 212, 253, 106, 72, 99, 250, 0, 211, 217, 101, 61, 99, 251,
       70, 115, 137, 118, 73, 237, 52, 10, 107, 48, 124, 202, 119, 244,
       215, 11, 145, 113, 94, 141, 30, 238, 233, 244, 101, 14, 230, 233,
       162, 128, 108, 177, 98, 177, 205, 156, 189, 115, 173, 188, 117,
       183, 254, 123, 54, 84, 255, 127, 89, 123, 133, 71, 124, 30, 179,
       108, 251, 35, 239, 251, 117, 212, 202, 249, 195, 123, 173, 156,
       189, 119, 173, 172, 127, 191, 255, 91, 54, 92, 255, 253, 89, 59,
       141, 98, 125, 30, 187, 124, 251, 163, 239, 251, 117, 84, 202, 121,
       211, 123, 252, 112, 252, 242, 169, 93, 87, 156, 163, 254, 181, 13,
       223, 223, 75, 59, 143, 213, 253, 242, 105, 71, 251, 48, 251, 217,
       101, 63, 226, 115, 78, 115, 124, 180, 188, 250, 173, 125, 81, 217,
       155, 127, 181, 25, 95, 253, 74, 155, 203, 147, 253, 18, 62, 103,
       250, 145, 219, 219, 81, 127, 242, 79, 239, 82, 220, 253, 189, 231,
       188, 110, 95, 184, 182, 238, 159, 1, 223, 127, 11, 83, 215, 215,
       253, 99, 108, 193, 249, 46, 251, 231, 111, 21, 160, 243, 133, 115,
       77, 178, 149, 178, 236, 45, 48, 159, 250, 187, 18, 124, 158, 176,
       201, 187, 135, 87, 124, 17, 179, 109, 203, 96, 140, 210, 125, 254,
       136, 113, 139, 1, 254, 111, 199, 118, 169, 90, 70, 168, 161, 174,
       179, 169, 75, 231, 75, 159, 144, 244, 237, 98, 104, 71, 234, 168,
       179, 243, 69, 191, 226, 255, 94, 117, 137, 22, 127, 245, 36, 46,
       109, 51, 124, 218, 119, 116, 223, 51, 145, 123, 23, 5, 94, 46,
       161, 244, 101, 78, 198, 251, 114, 128, 12, 225, 65, 49, 201, 22,
       189, 245, 160, 46, 125, 23, 252, 251, 118, 116, 159, 55, 128, 123,
       135, 71, 127, 12, 177, 220, 113, 66, 198, 251, 118, 196, 136, 240,
       129, 49, 129, 123, 123, 233, 116, 139, 235, 112, 108, 96, 246,
       230, 223, 147, 144, 96, 126, 172, 126, 236, 193, 184, 101, 223,
       244, 237, 162, 128, 109, 138, 97, 169, 205, 188, 189, 115, 172,
       172, 117, 151, 254, 251, 55, 84, 255, 119, 73, 123, 133, 87, 124,
       30, 179, 109, 251, 98, 239, 251, 118, 64, 202, 209, 195, 123, 228,
       108, 255, 255, 236, 41, 237, 222, 175, 178, 242, 82, 253, 235, 93,
       91, 111, 207, 127, 139, 169, 119, 203, 241, 220, 251, 255, 172,
       148, 249, 227, 129, 212, 252, 190, 255, 188, 127, 255, 252, 62,
       254, 191, 19, 215, 127, 11, 75, 255, 247, 253, 227, 124, 229, 251,
       63, 251, 231, 239, 149, 160, 123, 165, 115, 254, 252, 246, 159,
       253, 127, 254, 238, 191, 254, 255, 191, 238, 254, 15, 223, 255,
       255, 255, 243, 254, 247, 251, 255, 255, 119, 223, 255, 215, 127,
       255, 223, 252, 176, 252, 250, 173, 125, 83, 216, 219, 127, 181,
       25, 223, 253, 74, 58, 201, 209, 253, 114, 62, 103, 250, 179, 219,
       219, 65, 127, 242, 111, 78, 115, 182, 172, 214, 255, 254, 171,
       238, 239, 191, 179, 250, 18, 237, 234, 116, 83, 235, 239, 127,
       145, 58, 251, 203, 247, 188, 254, 223, 240, 197, 120, 243, 136,
       237, 188, 189, 254, 173, 173, 85, 158, 251, 251, 172, 92, 254,
       253, 88, 59, 141, 118, 124, 30, 187, 109, 250, 179, 239, 255, 85,
       124, 218, 121, 210, 115, 214, 117, 54, 237, 93, 79, 246, 232, 125,
       170, 250, 10, 206, 251, 5, 80, 250, 221, 255, 227, 96, 243, 217,
       206, 183, 254, 143, 31, 67, 123, 119, 130, 206, 188, 189, 246,
       169, 236, 25, 158, 186, 91, 180, 28, 252, 255, 72, 59, 135, 115,
       253, 16, 51, 77, 186, 243, 219, 219, 127, 250, 152, 64, 135, 123,
       137, 22, 191, 245, 164, 46, 109, 23, 252, 91, 118, 116, 223, 51,
       145, 123, 199, 23, 127, 44, 177, 212, 97, 74, 198, 251, 114, 128,
       136, 240, 129, 49, 205, 156, 189, 247, 168, 44, 125, 151, 191,
       251, 54, 84, 254, 55, 72, 123, 135, 87, 125, 28, 179, 236, 251,
       98, 207, 251, 118, 208, 136, 208, 131, 123, 137, 110, 91, 233, 52,
       139, 107, 48, 124, 8, 246, 244, 247, 3, 144, 97, 126, 172, 30,
       238, 233, 180, 101, 31, 228, 233, 162, 128, 108, 137, 97, 169,
       205, 188, 189, 243, 173, 236, 117, 151, 251, 251, 182, 84, 254,
       247, 72, 123, 133, 119, 124, 28, 179, 109, 251, 99, 207, 251, 119,
       92, 202, 81, 195, 123, 200, 188, 189, 254, 173, 253, 85, 255, 255,
       251, 164, 28, 254, 255, 72, 59, 133, 119, 253, 16, 51, 111, 186,
       243, 219, 219, 85, 62, 218, 112, 199, 123, 205, 182, 237, 255,
       252, 127, 255, 249, 127, 239, 247, 246, 249, 255, 154, 105, 127,
       255, 255, 173, 185, 246, 239, 223, 254, 255, 255, 132, 191, 236,
       101, 241, 253, 188, 191, 252, 141, 253, 85, 223, 255, 251, 166,
       28, 126, 255, 64, 59, 201, 247, 127, 24, 187, 111, 251, 179, 219,
       251, 85, 62, 218, 120, 226, 115, 250, 184, 191, 250, 139, 229, 17,
       218, 187, 95, 132, 25, 190, 255, 96, 59, 133, 179, 253, 16, 59,
       79, 186, 51, 219, 211, 93, 127, 144, 64, 7, 123, 141, 190, 239,
       255, 252, 127, 255, 248, 127, 238, 247, 246, 253, 239, 159, 253,
       127, 255, 255, 238, 161, 242, 239, 255, 222, 255, 239, 132, 175,
       255, 101, 241, 205, 254, 255, 255, 254, 95, 127, 252, 127, 238,
       247, 230, 249, 239, 187, 117, 127, 255, 255, 238, 233, 247, 239,
       254, 254, 255, 231, 140, 175, 255, 229, 241, 248, 184, 191, 250,
       11, 229, 17, 218, 187, 255, 164, 25, 190, 255, 96, 59, 133, 179,
       253, 16, 43, 79, 186, 179, 219, 219, 89, 127, 146, 65, 7, 123,
       137, 6, 95, 253, 36, 43, 105, 51, 124, 90, 119, 244, 223, 3, 145,
       105, 119, 45, 94, 46, 161, 244, 97, 78, 196, 251, 114, 128, 12,
       225, 33, 33, 137, 22, 31, 245, 164, 46, 109, 19, 124, 90, 118,
       116, 223, 51, 153, 123, 231, 55, 126, 44, 177, 212, 97, 78, 196,
       251, 114, 128, 136, 240, 129, 33, 5, 169, 223, 235, 236, 139, 235,
       216, 110, 113, 250, 70, 215, 195, 216, 96, 126, 142, 126, 220,
       147, 184, 239, 241, 204, 173, 167, 196, 188, 139, 97, 177, 205,
       188, 189, 118, 169, 172, 117, 159, 251, 219, 182, 92, 254, 255,
       73, 59, 133, 119, 124, 24, 179, 109, 251, 99, 207, 251, 117, 126,
       202, 112, 195, 123, 98, 172, 222, 255, 252, 171, 253, 255, 191,
       51, 250, 18, 253, 234, 20, 83, 235, 239, 127, 129, 50, 251, 203,
