%YAML:1.0
---
descriptors: !!opencv-matrix
   rows: 67
   cols: 32
   dt: u
   data: [ 252, 113, 188, 230, 168, 79, 95, 152, 178, 254, 167, 9, 223,
       87, 75, 91, 149, 213, 253, 114, 72, 71, 251, 32, 219, 233, 101,
       61, 160, 243, 14, 83, 124, 117, 124, 230, 168, 79, 87, 184, 33,
       252, 191, 12, 215, 119, 75, 19, 148, 212, 125, 106, 72, 67, 249,
       40, 243, 201, 101, 60, 32, 251, 70, 115, 201, 252, 191, 246, 173,
       252, 119, 246, 251, 223, 182, 60, 190, 253, 231, 251, 135, 115,
       253, 82, 227, 109, 186, 231, 251, 223, 119, 187, 202, 213, 199,
       123, 202, 223, 191, 254, 171, 220, 125, 183, 191, 95, 118, 117,
       254, 255, 166, 127, 167, 115, 255, 0, 243, 77, 34, 243, 239, 255,
       126, 131, 146, 212, 167, 123, 47, 191, 228, 26, 221, 181, 158,
       223, 223, 223, 252, 223, 104, 236, 126, 134, 205, 203, 231, 215,
       190, 107, 254, 243, 62, 95, 223, 255, 223, 223, 254, 220, 239,
       244, 237, 82, 237, 127, 221, 152, 91, 255, 181, 29, 218, 124, 95,
       191, 221, 196, 247, 63, 189, 102, 255, 210, 95, 91, 197, 254, 223,
       253, 218, 119, 175, 100, 236, 243, 236, 61, 222, 216, 95, 250,
       181, 26, 219, 105, 93, 43, 217, 200, 119, 123, 184, 102, 235, 178,
       223, 219, 231, 252, 215, 249, 82, 129, 2, 205, 34, 159, 150, 131,
       174, 230, 30, 0, 90, 131, 236, 238, 49, 64, 127, 123, 147, 199,
       226, 152, 14, 255, 44, 38, 142, 128, 21, 95, 177, 216, 221, 124,
       189, 117, 173, 111, 85, 158, 250, 250, 166, 24, 215, 117, 65, 59,
       129, 86, 124, 26, 185, 101, 251, 34, 235, 251, 117, 52, 192, 121,
       199, 34, 252, 184, 188, 250, 173, 253, 81, 219, 235, 191, 165, 24,
       255, 253, 72, 59, 137, 242, 253, 16, 58, 111, 250, 177, 219, 219,
       85, 127, 210, 72, 198, 106, 201, 221, 61, 85, 48, 94, 111, 180,
       124, 232, 118, 84, 255, 55, 128, 245, 22, 116, 124, 106, 225, 220,
       249, 46, 231, 251, 103, 128, 74, 176, 65, 121, 200, 188, 181, 250,
       169, 237, 17, 206, 187, 91, 160, 24, 190, 247, 64, 186, 129, 51,
       249, 16, 51, 79, 250, 243, 217, 215, 95, 122, 146, 65, 7, 58, 124,
       85, 125, 103, 180, 78, 95, 184, 33, 238, 191, 8, 211, 119, 9, 112,
       20, 212, 125, 106, 105, 176, 121, 46, 255, 239, 37, 20, 96, 243,
       198, 115, 236, 113, 185, 103, 44, 79, 87, 152, 67, 238, 53, 8,
       211, 93, 75, 59, 156, 212, 93, 106, 201, 116, 249, 40, 231, 217,
       101, 53, 66, 187, 70, 115, 38, 237, 98, 159, 212, 147, 174, 232,
       86, 64, 89, 2, 104, 232, 53, 96, 122, 107, 19, 227, 226, 186, 46,
       255, 60, 14, 143, 168, 85, 63, 112, 140, 38, 237, 98, 206, 84,
       147, 238, 232, 87, 128, 253, 2, 104, 232, 189, 32, 122, 232, 19,
       235, 192, 178, 44, 255, 54, 12, 135, 168, 87, 191, 114, 132, 86,
       101, 118, 207, 124, 11, 254, 232, 61, 162, 251, 130, 206, 111, 29,
       81, 254, 221, 127, 227, 232, 243, 201, 238, 182, 254, 207, 150, 7,
       191, 97, 129, 150, 237, 118, 239, 188, 11, 254, 252, 61, 160, 250,
       130, 207, 111, 29, 65, 254, 221, 127, 227, 224, 179, 73, 254, 190,
       254, 143, 150, 7, 191, 97, 129, 6, 165, 246, 207, 221, 111, 254,
       232, 63, 162, 251, 2, 204, 251, 29, 64, 251, 205, 127, 227, 112,
       243, 217, 254, 191, 254, 143, 6, 7, 127, 241, 130, 2, 205, 2, 159,
       148, 131, 174, 230, 22, 0, 88, 130, 104, 238, 49, 64, 121, 107,
       19, 195, 98, 186, 8, 255, 44, 38, 142, 136, 21, 95, 49, 136, 201,
       92, 191, 117, 41, 126, 125, 50, 253, 250, 183, 84, 255, 119, 131,
       255, 135, 116, 252, 42, 229, 229, 243, 104, 199, 251, 115, 18, 74,
       241, 75, 117, 201, 188, 156, 114, 169, 253, 81, 159, 251, 123,
       164, 24, 190, 179, 66, 190, 129, 82, 252, 24, 55, 109, 250, 243,
       159, 219, 85, 123, 202, 68, 139, 63, 134, 205, 134, 158, 148, 163,
       142, 239, 22, 147, 89, 18, 96, 106, 57, 65, 89, 99, 51, 243, 114,
       68, 10, 255, 40, 6, 207, 196, 149, 123, 176, 0, 236, 168, 222,
       191, 236, 169, 236, 207, 191, 179, 242, 26, 255, 234, 116, 91,
       107, 239, 127, 145, 58, 127, 203, 241, 222, 235, 255, 236, 245,
       232, 227, 128, 107, 189, 172, 187, 189, 253, 223, 255, 155, 253,
       156, 31, 174, 173, 94, 162, 205, 211, 255, 149, 191, 107, 251,
       179, 239, 95, 159, 255, 159, 92, 158, 222, 236, 180, 189, 123,
       141, 109, 85, 143, 211, 123, 165, 24, 214, 253, 72, 59, 129, 86,
       104, 24, 59, 111, 251, 51, 207, 219, 85, 127, 210, 88, 198, 106,
       126, 126, 254, 252, 43, 245, 31, 220, 159, 206, 252, 175, 109,
       255, 39, 251, 255, 249, 255, 226, 201, 67, 250, 249, 243, 251,
       207, 191, 55, 247, 38, 247, 235, 189, 172, 243, 189, 253, 223,
       191, 155, 253, 156, 29, 187, 189, 82, 34, 205, 211, 253, 29, 251,
       75, 251, 183, 255, 223, 157, 252, 146, 204, 214, 123, 248, 248,
       188, 250, 169, 205, 85, 222, 163, 127, 164, 24, 63, 223, 72, 123,
       133, 243, 253, 82, 106, 79, 250, 49, 219, 219, 117, 123, 226, 17,
       198, 123, 24, 140, 254, 245, 180, 174, 121, 159, 55, 171, 126, 0,
       255, 227, 144, 88, 119, 254, 63, 24, 154, 216, 235, 191, 206, 239,
       247, 192, 166, 202, 128, 41, 152, 172, 222, 255, 164, 171, 121,
       159, 55, 187, 118, 16, 255, 227, 24, 73, 87, 238, 63, 24, 58, 252,
       75, 183, 206, 251, 119, 192, 166, 200, 161, 169, 216, 168, 222,
       187, 172, 171, 121, 159, 54, 179, 118, 18, 255, 235, 88, 73, 127,
       239, 127, 153, 58, 252, 203, 177, 206, 235, 127, 192, 166, 200,
       161, 137, 248, 176, 180, 250, 173, 237, 80, 219, 255, 187, 165,
       24, 190, 253, 72, 27, 201, 243, 253, 16, 58, 111, 218, 177, 219,
       219, 85, 127, 210, 72, 198, 3, 216, 184, 191, 112, 168, 236, 81,
       87, 226, 91, 164, 24, 55, 247, 64, 59, 163, 182, 124, 16, 59, 111,
       178, 49, 219, 235, 112, 121, 224, 192, 134, 123, 248, 188, 189,
       118, 173, 109, 85, 23, 242, 251, 166, 24, 183, 247, 64, 59, 129,
       247, 124, 16, 59, 111, 250, 34, 219, 203, 117, 120, 224, 96, 198,
       122, 248, 188, 189, 112, 173, 237, 85, 159, 243, 255, 164, 24,
       183, 245, 64, 59, 129, 246, 124, 24, 59, 111, 250, 51, 219, 219,
       85, 127, 226, 120, 198, 106, 236, 188, 189, 122, 141, 237, 85,
       143, 211, 91, 165, 24, 246, 253, 72, 59, 201, 210, 248, 16, 59,
       111, 250, 51, 203, 219, 85, 123, 210, 89, 214, 106, 134, 173, 132,
       158, 156, 163, 142, 239, 22, 179, 88, 18, 96, 234, 57, 65, 89,
       110, 59, 243, 50, 217, 11, 255, 40, 38, 207, 196, 148, 121, 176,
       0, 207, 48, 252, 101, 42, 46, 123, 24, 59, 254, 55, 184, 221, 63,
       219, 59, 183, 85, 125, 62, 160, 84, 233, 66, 207, 219, 97, 180,
       198, 241, 7, 113, 236, 60, 188, 247, 173, 47, 85, 27, 219, 187,
       183, 24, 223, 249, 81, 58, 141, 103, 125, 27, 184, 101, 251, 130,
       207, 223, 117, 52, 194, 249, 82, 99, 252, 248, 188, 122, 169, 237,
       81, 216, 235, 59, 180, 24, 191, 223, 65, 59, 133, 243, 253, 18,
       42, 111, 250, 179, 219, 219, 117, 123, 194, 17, 70, 59, 216, 188,
       191, 116, 168, 108, 85, 151, 242, 251, 166, 24, 247, 183, 64, 123,
       161, 247, 124, 8, 57, 77, 179, 32, 217, 235, 117, 24, 232, 112,
       135, 59, 252, 188, 189, 114, 173, 237, 85, 143, 251, 251, 164, 24,
       151, 245, 64, 59, 129, 214, 108, 24, 59, 111, 250, 50, 219, 219,
       85, 127, 224, 120, 198, 34, 252, 172, 175, 254, 141, 253, 77, 207,
       255, 247, 165, 26, 123, 255, 126, 123, 233, 206, 123, 152, 58,
       111, 251, 243, 219, 251, 215, 125, 243, 121, 246, 226, 248, 184,
       191, 112, 168, 237, 81, 215, 242, 95, 164, 56, 55, 247, 64, 59,
       163, 178, 109, 16, 59, 111, 178, 49, 219, 203, 116, 121, 224, 192,
       198, 107, 252, 248, 188, 122, 169, 237, 85, 222, 171, 187, 164,
       24, 63, 255, 65, 27, 133, 247, 253, 26, 42, 79, 250, 49, 219, 219,
       117, 63, 226, 81, 71, 59, 248, 248, 188, 120, 169, 237, 85, 222,
       171, 191, 180, 24, 63, 255, 65, 27, 133, 247, 125, 2, 42, 79, 250,
       49, 219, 251, 117, 57, 224, 113, 71, 59, 239, 180, 228, 16, 205,
