%YAML:1.0
---
descriptors: !!opencv-matrix
   rows: 252
   cols: 32
   dt: u
   data: [ 93, 221, 125, 109, 180, 14, 79, 188, 116, 234, 254, 100, 215,
       119, 137, 112, 86, 212, 28, 106, 233, 176, 121, 46, 227, 239, 37,
       148, 40, 243, 192, 49, 157, 189, 121, 239, 180, 47, 79, 190, 52,
       234, 127, 100, 215, 119, 137, 112, 87, 222, 29, 106, 249, 144,
       121, 63, 237, 239, 167, 132, 168, 243, 192, 49, 149, 252, 155,
       255, 180, 47, 111, 190, 54, 234, 218, 116, 247, 247, 137, 112,
       119, 255, 61, 174, 251, 156, 249, 63, 236, 175, 63, 132, 172, 251,
       161, 249, 236, 48, 185, 98, 237, 109, 81, 152, 91, 255, 165, 24,
       222, 127, 75, 59, 145, 81, 253, 50, 50, 102, 251, 16, 207, 219,
       81, 127, 194, 105, 70, 115, 134, 236, 254, 255, 252, 171, 255,
       255, 191, 183, 247, 18, 255, 239, 223, 75, 255, 239, 127, 139,
       250, 127, 239, 251, 254, 223, 255, 169, 245, 249, 229, 105, 150,
       236, 255, 255, 254, 235, 255, 255, 190, 247, 254, 26, 255, 239,
       253, 123, 255, 247, 127, 155, 186, 255, 239, 251, 255, 255, 255,
       148, 165, 249, 229, 224, 252, 191, 253, 118, 168, 110, 71, 191,
       179, 190, 173, 56, 83, 119, 77, 27, 21, 214, 108, 58, 120, 111,
       251, 46, 251, 235, 117, 60, 225, 241, 198, 99, 252, 108, 252, 118,
       200, 105, 87, 216, 195, 182, 164, 25, 67, 225, 79, 27, 9, 214,
       236, 122, 104, 103, 218, 34, 251, 203, 69, 61, 227, 251, 198, 34,
       142, 236, 254, 255, 252, 187, 254, 255, 191, 183, 247, 26, 239,
       235, 94, 75, 127, 239, 255, 147, 254, 255, 207, 243, 254, 255,
       255, 225, 151, 249, 249, 138, 224, 172, 157, 250, 200, 237, 20,
       142, 154, 19, 164, 24, 182, 243, 72, 123, 129, 82, 106, 16, 51,
       111, 218, 51, 221, 167, 116, 121, 208, 72, 199, 42, 52, 197, 179,
       99, 148, 207, 71, 188, 118, 168, 235, 0, 83, 241, 41, 112, 81,
       252, 40, 122, 107, 177, 121, 62, 233, 142, 5, 84, 240, 251, 224,
       32, 12, 119, 177, 103, 241, 110, 55, 184, 121, 232, 127, 108, 222,
       119, 137, 52, 150, 93, 230, 98, 161, 240, 249, 78, 111, 247, 37,
       134, 202, 115, 7, 243, 125, 93, 93, 101, 56, 14, 71, 184, 96, 168,
       170, 76, 83, 49, 145, 115, 20, 196, 108, 110, 233, 160, 125, 44,
       232, 239, 37, 20, 104, 179, 66, 33, 85, 71, 93, 103, 180, 46, 70,
       184, 100, 200, 191, 68, 83, 97, 153, 112, 20, 196, 108, 110, 169,
       176, 109, 46, 232, 239, 37, 148, 104, 243, 66, 33, 204, 116, 189,
       71, 9, 110, 83, 152, 123, 242, 37, 24, 222, 119, 73, 59, 145, 84,
       104, 122, 41, 100, 249, 34, 71, 155, 69, 52, 194, 115, 70, 34,
       237, 113, 157, 103, 40, 14, 71, 184, 96, 250, 167, 76, 211, 115,
       137, 187, 16, 68, 124, 106, 233, 100, 249, 40, 161, 235, 101, 20,
       104, 179, 66, 49, 182, 229, 212, 143, 221, 47, 238, 236, 63, 162,
       249, 26, 206, 106, 29, 69, 251, 207, 127, 115, 112, 243, 217, 255,
       189, 190, 207, 116, 213, 123, 211, 128, 129, 117, 19, 69, 85, 14,
       230, 53, 104, 192, 106, 76, 246, 16, 20, 180, 144, 108, 64, 110,
       197, 176, 17, 79, 37, 184, 4, 2, 73, 50, 195, 140, 245, 113, 93,
       101, 160, 78, 71, 184, 96, 250, 167, 72, 211, 113, 9, 51, 16, 196,
       124, 106, 201, 96, 249, 8, 225, 235, 101, 20, 104, 243, 194, 49,
       246, 236, 134, 254, 157, 239, 206, 236, 191, 186, 169, 24, 203,
       250, 93, 91, 217, 239, 127, 226, 104, 103, 218, 186, 187, 255,
       199, 62, 208, 123, 242, 130, 232, 252, 180, 255, 173, 237, 86,
       182, 223, 187, 172, 24, 191, 249, 65, 91, 201, 242, 125, 18, 122,
       110, 218, 179, 239, 219, 84, 59, 210, 89, 210, 10, 216, 176, 188,
       248, 169, 253, 89, 223, 179, 127, 180, 24, 191, 215, 66, 59, 133,
       147, 253, 24, 58, 111, 250, 51, 219, 219, 117, 248, 226, 64, 134,
       123, 248, 188, 188, 248, 169, 253, 81, 159, 251, 123, 164, 24,
       191, 255, 70, 123, 133, 183, 253, 16, 186, 111, 242, 179, 219,
       251, 116, 123, 210, 72, 198, 123, 232, 188, 188, 243, 173, 253,
       85, 191, 127, 59, 180, 24, 191, 57, 72, 59, 137, 82, 253, 24, 122,
       108, 251, 183, 239, 219, 84, 123, 210, 88, 198, 43, 232, 188, 188,
       252, 173, 253, 213, 215, 255, 187, 180, 24, 190, 253, 64, 59, 205,
       242, 255, 1, 186, 111, 242, 179, 219, 219, 85, 58, 210, 92, 198,
       123, 236, 52, 189, 97, 160, 111, 113, 25, 123, 187, 55, 24, 223,
       119, 72, 59, 149, 21, 125, 56, 179, 244, 249, 2, 207, 219, 117,
       116, 192, 224, 198, 51, 220, 221, 63, 231, 36, 14, 127, 188, 180,
       138, 246, 72, 247, 87, 137, 115, 118, 212, 125, 106, 233, 213,
       105, 62, 247, 235, 103, 148, 32, 179, 0, 49, 220, 221, 63, 239,
       180, 143, 95, 188, 52, 136, 246, 32, 247, 87, 153, 81, 118, 247,
       93, 106, 248, 177, 105, 63, 235, 233, 39, 212, 36, 179, 129, 59,
       204, 84, 189, 229, 32, 110, 127, 152, 57, 170, 255, 40, 223, 119,
       137, 123, 182, 84, 125, 106, 161, 244, 249, 10, 199, 251, 97, 148,
       160, 243, 6, 115, 204, 53, 189, 97, 177, 110, 57, 27, 59, 251, 47,
       24, 222, 55, 72, 59, 183, 23, 125, 56, 177, 80, 249, 66, 207, 223,
       117, 246, 130, 98, 135, 115, 246, 172, 150, 186, 137, 233, 20,
       207, 155, 19, 168, 25, 230, 226, 96, 159, 201, 243, 232, 17, 62,
       79, 218, 51, 153, 210, 93, 123, 208, 92, 139, 14, 240, 168, 254,
       112, 138, 233, 81, 215, 178, 151, 164, 57, 55, 247, 66, 27, 35,
       178, 109, 24, 58, 79, 162, 51, 219, 195, 116, 121, 224, 192, 166,
       106, 200, 188, 157, 117, 169, 108, 53, 183, 59, 251, 38, 56, 188,
       55, 72, 123, 135, 87, 253, 16, 115, 76, 243, 99, 207, 243, 119,
       247, 130, 64, 135, 59, 69, 113, 145, 69, 1, 78, 103, 56, 104, 224,
       43, 8, 214, 49, 73, 50, 144, 84, 96, 106, 193, 240, 241, 8, 165,
       184, 69, 6, 72, 115, 67, 34, 5, 115, 16, 69, 85, 30, 102, 56, 104,
       168, 107, 76, 214, 80, 21, 180, 144, 76, 68, 110, 193, 176, 217,
       14, 37, 188, 33, 4, 74, 51, 75, 133, 252, 42, 140, 182, 168, 40,
       93, 159, 162, 183, 134, 185, 151, 163, 67, 91, 3, 199, 237, 148,
       60, 71, 203, 32, 218, 227, 253, 189, 160, 240, 142, 74, 77, 117,
       149, 103, 177, 126, 119, 184, 121, 234, 111, 8, 222, 115, 9, 48,
       145, 94, 104, 106, 97, 240, 249, 110, 239, 255, 5, 6, 202, 115,
       195, 51, 121, 93, 125, 101, 176, 78, 71, 57, 97, 232, 190, 68, 83,
       55, 129, 115, 22, 212, 92, 106, 233, 176, 241, 12, 227, 233, 37,
       148, 106, 242, 66, 57, 253, 112, 189, 97, 168, 78, 87, 152, 99,
       254, 180, 24, 215, 85, 73, 59, 144, 212, 124, 122, 169, 102, 251,
       0, 215, 217, 101, 60, 224, 179, 70, 115, 236, 112, 185, 97, 109,
       125, 81, 152, 123, 255, 165, 24, 223, 85, 73, 59, 145, 220, 124,
       122, 43, 102, 251, 16, 207, 219, 97, 125, 194, 249, 70, 115, 252,
       189, 252, 118, 137, 109, 85, 191, 179, 190, 164, 56, 123, 119, 77,
       27, 13, 214, 237, 42, 120, 71, 251, 42, 251, 203, 117, 61, 227,
       240, 198, 123, 108, 180, 188, 251, 253, 125, 81, 155, 95, 63, 173,
       24, 222, 221, 78, 58, 153, 26, 251, 16, 58, 102, 251, 147, 207,
       223, 17, 127, 210, 74, 198, 98, 104, 180, 189, 250, 189, 253, 81,
       15, 223, 125, 173, 25, 190, 253, 74, 56, 129, 27, 251, 16, 58,
       106, 250, 151, 207, 223, 80, 127, 210, 72, 198, 106, 69, 227, 128,
       35, 180, 15, 102, 184, 106, 189, 59, 77, 199, 96, 216, 144, 145,
       76, 76, 126, 214, 112, 205, 22, 172, 156, 37, 100, 192, 179, 203,
       1, 101, 99, 1, 7, 116, 15, 98, 56, 104, 168, 123, 76, 210, 0, 153,
       180, 144, 76, 68, 110, 193, 176, 201, 12, 36, 28, 37, 4, 72, 187,
       82, 133, 38, 229, 118, 175, 252, 11, 254, 236, 61, 224, 251, 163,
       237, 110, 157, 64, 254, 221, 255, 231, 232, 243, 205, 239, 190,
       254, 143, 134, 101, 191, 225, 209, 54, 125, 246, 239, 126, 11,
       254, 236, 61, 162, 250, 170, 239, 254, 61, 80, 254, 253, 255, 227,
       224, 243, 201, 238, 190, 254, 143, 130, 5, 255, 113, 145, 156,
       237, 214, 191, 254, 43, 238, 253, 63, 162, 251, 26, 239, 235, 125,
