%YAML:1.0
---
descriptors: !!opencv-matrix
   rows: 114
   cols: 32
   dt: u
   data: [ 124, 188, 220, 50, 168, 236, 84, 151, 178, 251, 172, 125, 63,
       247, 66, 26, 167, 247, 253, 16, 63, 75, 154, 34, 219, 199, 117,
       253, 232, 208, 138, 27, 212, 52, 159, 245, 168, 110, 85, 184, 182,
       250, 163, 88, 215, 247, 73, 123, 177, 85, 125, 58, 57, 197, 185,
       10, 217, 227, 103, 20, 160, 113, 7, 51, 236, 250, 152, 112, 169,
       89, 84, 154, 139, 190, 164, 56, 142, 227, 65, 159, 129, 212, 236,
       18, 90, 103, 202, 48, 155, 209, 101, 127, 210, 121, 206, 39, 96,
       172, 189, 122, 157, 205, 67, 175, 246, 21, 172, 8, 242, 241, 72,
       50, 153, 210, 104, 24, 58, 106, 251, 53, 239, 255, 21, 125, 208,
       8, 214, 42, 116, 69, 45, 103, 148, 78, 71, 184, 48, 166, 231, 8,
       211, 119, 9, 113, 80, 212, 120, 106, 104, 208, 249, 46, 237, 175,
       229, 20, 96, 179, 86, 98, 120, 176, 121, 112, 9, 236, 81, 23, 227,
       81, 164, 24, 63, 159, 64, 122, 129, 189, 125, 16, 27, 75, 178, 17,
       211, 237, 48, 123, 226, 128, 70, 114, 120, 185, 123, 120, 25, 205,
       81, 71, 227, 81, 164, 8, 51, 157, 68, 48, 136, 178, 93, 16, 27,
       43, 242, 17, 211, 217, 16, 123, 99, 136, 198, 122, 117, 189, 156,
       50, 168, 141, 80, 255, 179, 251, 160, 125, 119, 247, 64, 59, 135,
       247, 253, 16, 63, 75, 154, 49, 219, 231, 117, 250, 168, 240, 138,
       27, 88, 16, 149, 116, 41, 108, 85, 51, 169, 187, 162, 24, 223, 55,
       0, 58, 129, 213, 108, 8, 9, 73, 179, 0, 209, 251, 112, 26, 194,
       96, 7, 35, 100, 111, 191, 103, 172, 78, 231, 184, 121, 170, 251,
       72, 214, 105, 29, 51, 148, 213, 108, 106, 225, 240, 201, 108, 173,
       186, 69, 20, 192, 243, 71, 33, 236, 197, 61, 103, 184, 47, 71,
       184, 118, 190, 175, 28, 211, 117, 9, 81, 145, 196, 108, 126, 105,
       244, 121, 30, 239, 255, 37, 20, 208, 251, 68, 112, 61, 64, 193,
       69, 69, 58, 110, 16, 101, 226, 102, 72, 203, 1, 145, 254, 120,
       236, 70, 110, 137, 176, 69, 136, 6, 249, 128, 0, 239, 255, 90,
       164, 60, 113, 121, 98, 85, 77, 83, 88, 96, 44, 109, 8, 19, 87, 8,
       48, 24, 152, 71, 106, 74, 50, 120, 28, 115, 141, 32, 61, 115, 139,
       70, 226, 120, 172, 149, 118, 137, 104, 85, 167, 163, 151, 162, 24,
       111, 243, 64, 91, 129, 246, 236, 0, 24, 75, 154, 33, 155, 242, 84,
       27, 226, 112, 134, 42, 100, 184, 185, 65, 216, 205, 99, 143, 250,
       241, 32, 24, 150, 149, 68, 48, 145, 30, 106, 24, 83, 120, 250, 18,
       13, 156, 21, 126, 192, 8, 198, 170, 112, 168, 157, 112, 136, 233,
       65, 71, 178, 151, 160, 24, 55, 147, 64, 26, 129, 179, 108, 16, 26,
       111, 130, 49, 217, 139, 117, 120, 224, 64, 198, 42, 57, 81, 202,
       77, 69, 31, 198, 112, 101, 98, 238, 14, 83, 32, 22, 118, 120, 236,
       66, 110, 205, 178, 117, 8, 118, 233, 192, 16, 107, 250, 122, 148,
       44, 115, 113, 67, 117, 15, 83, 120, 97, 172, 125, 108, 90, 85,
       137, 52, 28, 24, 70, 106, 193, 178, 121, 30, 103, 221, 33, 166,
       67, 171, 70, 179, 244, 238, 222, 126, 232, 172, 95, 152, 179, 31,
       164, 157, 111, 231, 75, 90, 167, 247, 109, 94, 62, 71, 234, 51,
       251, 247, 117, 251, 160, 241, 134, 115, 65, 48, 57, 69, 1, 78, 49,
       24, 104, 226, 39, 72, 214, 23, 1, 58, 148, 84, 104, 106, 193, 240,
       241, 72, 197, 186, 65, 6, 72, 34, 67, 48, 100, 96, 144, 100, 73,
       44, 64, 10, 99, 179, 41, 8, 214, 179, 73, 30, 145, 76, 96, 26, 8,
       118, 219, 0, 205, 150, 85, 60, 202, 115, 66, 34, 192, 188, 159,
       124, 168, 104, 1, 135, 242, 187, 162, 120, 182, 179, 192, 123, 1,
       246, 108, 24, 59, 79, 195, 35, 216, 162, 117, 120, 192, 96, 131,
       33, 197, 117, 157, 101, 168, 14, 103, 186, 120, 170, 234, 72, 214,
       115, 9, 51, 176, 84, 104, 106, 97, 240, 217, 42, 237, 171, 103,
       20, 72, 113, 67, 32, 156, 254, 172, 179, 170, 43, 156, 156, 182,
       186, 147, 189, 247, 233, 73, 11, 135, 83, 109, 19, 106, 101, 219,
       51, 233, 195, 127, 181, 228, 121, 143, 19, 221, 225, 28, 35, 185,
       143, 71, 188, 54, 184, 135, 29, 215, 83, 73, 21, 17, 76, 109, 126,
       107, 208, 217, 62, 233, 199, 45, 116, 42, 19, 131, 32, 112, 160,
       156, 112, 138, 41, 81, 71, 162, 55, 172, 9, 23, 131, 66, 26, 1,
       150, 109, 16, 26, 107, 194, 0, 219, 129, 113, 125, 224, 192, 198,
       10, 77, 68, 149, 71, 169, 111, 71, 184, 127, 170, 47, 8, 222, 113,
       73, 255, 145, 84, 108, 106, 41, 240, 249, 10, 175, 254, 69, 22,
       202, 243, 66, 32, 221, 105, 149, 101, 169, 78, 103, 186, 120, 170,
       226, 72, 159, 51, 1, 183, 0, 116, 108, 104, 105, 252, 209, 42,
       237, 235, 101, 20, 74, 49, 3, 32, 108, 98, 104, 5, 100, 90, 231,
       40, 105, 164, 119, 169, 195, 8, 159, 23, 26, 76, 100, 110, 76,
       244, 237, 12, 102, 121, 101, 21, 70, 191, 94, 196, 108, 101, 113,
       71, 16, 75, 103, 168, 115, 160, 47, 8, 211, 113, 9, 52, 48, 220,
       76, 106, 105, 240, 233, 14, 239, 222, 37, 52, 98, 179, 70, 32,
       212, 182, 140, 55, 170, 9, 188, 232, 182, 186, 147, 245, 247, 235,
       73, 11, 167, 71, 109, 39, 100, 69, 203, 16, 200, 195, 127, 189,
       232, 112, 11, 147, 212, 22, 133, 181, 168, 111, 68, 138, 190, 251,
       146, 245, 215, 109, 73, 203, 135, 71, 109, 55, 41, 229, 75, 2,
       136, 226, 127, 148, 168, 113, 1, 19, 213, 172, 156, 54, 170, 232,
       1, 143, 242, 255, 134, 56, 247, 246, 74, 91, 129, 102, 108, 16,
       59, 77, 235, 35, 216, 167, 117, 92, 160, 64, 135, 104, 217, 105,
       156, 117, 169, 30, 68, 191, 113, 170, 166, 8, 167, 51, 193, 183,
       32, 230, 108, 8, 109, 237, 195, 10, 187, 251, 84, 17, 98, 176, 74,
       40, 171, 60, 33, 77, 209, 63, 238, 51, 123, 226, 104, 92, 158, 52,
       20, 180, 151, 31, 82, 44, 181, 188, 117, 31, 39, 30, 1, 52, 74,
       236, 195, 244, 216, 174, 221, 118, 170, 232, 17, 183, 182, 55,
       166, 185, 247, 231, 64, 91, 7, 247, 109, 16, 58, 77, 139, 55, 217,
       163, 117, 81, 224, 192, 135, 43, 197, 215, 92, 67, 224, 31, 38,
       184, 126, 186, 63, 108, 210, 112, 140, 243, 23, 68, 110, 126, 245,
       240, 105, 62, 110, 187, 101, 84, 216, 243, 201, 5, 90, 168, 153,
       246, 139, 224, 24, 142, 171, 181, 136, 137, 172, 247, 72, 218,
       165, 83, 233, 144, 18, 73, 138, 113, 219, 211, 93, 123, 130, 68,
       135, 90, 116, 180, 189, 240, 141, 109, 81, 155, 235, 243, 169, 25,
       151, 253, 73, 26, 137, 214, 108, 16, 26, 107, 218, 16, 219, 223,
       85, 126, 200, 73, 198, 114, 244, 112, 188, 230, 140, 108, 85, 153,
       226, 179, 135, 24, 215, 113, 73, 59, 129, 212, 125, 26, 56, 71,
       219, 0, 217, 131, 101, 125, 160, 121, 214, 34, 244, 96, 189, 118,
       136, 76, 85, 56, 176, 178, 163, 24, 215, 115, 73, 91, 129, 212,
       109, 42, 104, 101, 219, 2, 209, 235, 117, 28, 96, 113, 66, 34,
       240, 172, 172, 186, 140, 237, 65, 199, 178, 83, 160, 25, 179, 253,
       82, 27, 201, 163, 121, 21, 58, 111, 218, 51, 217, 131, 214, 120,
       192, 72, 214, 122, 84, 244, 159, 230, 138, 110, 87, 184, 50, 179,
       171, 24, 215, 55, 72, 122, 51, 213, 125, 106, 57, 197, 185, 42,
       249, 166, 101, 20, 160, 115, 134, 50, 117, 252, 189, 122, 237,
       253, 219, 216, 219, 255, 188, 29, 247, 253, 95, 59, 141, 219, 253,
       83, 175, 99, 250, 177, 219, 219, 125, 255, 209, 91, 215, 243, 197,
       113, 21, 101, 1, 78, 49, 56, 120, 248, 99, 72, 214, 19, 9, 59,
       144, 84, 108, 106, 193, 240, 249, 12, 133, 184, 97, 6, 72, 48, 67,
       35, 108, 197, 21, 101, 152, 79, 71, 168, 116, 160, 107, 8, 215,
       115, 9, 112, 16, 92, 104, 106, 89, 240, 217, 14, 237, 239, 37, 52,
       64, 59, 198, 34, 240, 172, 140, 186, 136, 237, 65, 207, 178, 19,
       164, 25, 183, 243, 72, 27, 201, 178, 121, 25, 58, 111, 218, 51,
       217, 131, 215, 121, 192, 72, 218, 42, 237, 133, 61, 103, 184, 111,
       71, 184, 118, 250, 171, 24, 215, 117, 9, 83, 145, 68, 108, 126,
       105, 116, 121, 30, 237, 251, 101, 20, 216, 251, 194, 50, 109, 117,
       185, 103, 208, 78, 119, 152, 123, 224, 47, 8, 219, 119, 73, 48,
