%YAML:1.0
---
descriptors: !!opencv-matrix
   rows: 323
   cols: 32
   dt: u
   data: [ 93, 93, 125, 103, 176, 78, 79, 184, 96, 232, 191, 76, 211,
       119, 153, 115, 54, 212, 124, 106, 233, 176, 249, 46, 227, 237,
       101, 148, 104, 243, 66, 49, 93, 93, 125, 103, 180, 14, 79, 188,
       100, 234, 254, 68, 211, 119, 137, 112, 118, 214, 92, 106, 233,
       144, 121, 46, 227, 239, 37, 148, 104, 243, 192, 49, 253, 113, 253,
       103, 168, 78, 87, 152, 97, 250, 183, 76, 211, 87, 73, 59, 148,
       212, 124, 106, 233, 100, 249, 40, 227, 249, 101, 52, 104, 243, 70,
       115, 132, 252, 251, 255, 252, 235, 255, 255, 62, 243, 243, 178,
       213, 255, 217, 105, 127, 255, 127, 27, 179, 220, 235, 59, 253,
       239, 255, 196, 229, 249, 195, 177, 21, 189, 185, 239, 180, 47,
       111, 191, 118, 234, 255, 112, 247, 115, 153, 112, 87, 222, 29,
       106, 251, 180, 121, 63, 233, 239, 39, 148, 172, 251, 129, 49, 236,
       112, 189, 99, 41, 109, 83, 152, 123, 255, 165, 24, 223, 93, 73,
       59, 145, 80, 124, 122, 43, 100, 251, 16, 207, 219, 97, 125, 194,
       123, 70, 114, 196, 164, 254, 255, 236, 41, 255, 254, 190, 179,
       247, 154, 245, 239, 93, 123, 255, 255, 127, 154, 114, 247, 235,
       251, 255, 191, 255, 236, 149, 249, 231, 241, 236, 176, 189, 115,
       173, 125, 81, 152, 251, 127, 165, 24, 222, 127, 74, 59, 145, 18,
       253, 56, 59, 100, 251, 19, 207, 219, 81, 127, 210, 75, 198, 114,
       252, 188, 252, 118, 136, 105, 85, 255, 179, 183, 164, 56, 115,
       231, 76, 31, 13, 214, 109, 42, 56, 79, 234, 42, 251, 203, 117, 61,
       227, 240, 198, 106, 230, 236, 246, 255, 252, 59, 254, 238, 63,
       179, 250, 26, 207, 234, 125, 107, 255, 255, 127, 243, 252, 247,
       239, 255, 190, 254, 223, 158, 149, 251, 227, 133, 252, 244, 188,
       247, 173, 63, 87, 188, 127, 187, 183, 24, 223, 253, 93, 59, 223,
       215, 253, 58, 248, 103, 251, 178, 255, 219, 117, 180, 194, 251,
       194, 51, 69, 241, 148, 67, 149, 12, 38, 188, 106, 185, 43, 76,
       246, 112, 88, 182, 145, 70, 104, 126, 195, 112, 217, 97, 45, 190,
       5, 102, 200, 19, 203, 13, 22, 239, 118, 239, 190, 139, 254, 248,
       127, 168, 251, 226, 239, 234, 157, 64, 255, 237, 127, 227, 232,
       243, 203, 255, 188, 254, 175, 146, 101, 251, 97, 129, 249, 184,
       253, 112, 10, 248, 81, 23, 226, 247, 164, 24, 27, 181, 66, 59, 1,
       182, 248, 24, 11, 111, 178, 0, 219, 139, 116, 57, 226, 192, 198,
       106, 38, 101, 116, 143, 188, 11, 238, 232, 127, 162, 249, 2, 206,
       106, 29, 0, 122, 205, 127, 227, 232, 241, 201, 222, 180, 190, 143,
       148, 85, 123, 99, 129, 102, 229, 86, 174, 220, 11, 238, 232, 31,
       160, 251, 10, 77, 234, 61, 80, 123, 205, 127, 227, 96, 243, 201,
       254, 188, 254, 143, 172, 53, 123, 112, 128, 46, 229, 84, 239, 252,
       3, 238, 248, 61, 128, 249, 2, 203, 107, 29, 0, 122, 205, 127, 227,
       104, 243, 203, 254, 254, 255, 175, 140, 71, 251, 226, 128, 198,
       236, 214, 191, 238, 43, 254, 232, 63, 178, 251, 26, 207, 106, 29,
       217, 255, 207, 255, 243, 112, 247, 203, 238, 188, 254, 207, 204,
       133, 123, 225, 129, 198, 108, 214, 159, 252, 43, 254, 232, 63,
       162, 250, 10, 236, 234, 21, 73, 127, 239, 127, 195, 120, 247, 203,
       254, 188, 54, 207, 136, 133, 123, 97, 128, 220, 82, 188, 247, 172,
       108, 89, 152, 191, 191, 183, 52, 223, 247, 203, 91, 135, 85, 125,
       26, 184, 69, 235, 128, 203, 251, 119, 212, 160, 249, 7, 115, 236,
       252, 180, 254, 141, 237, 86, 182, 219, 186, 165, 24, 191, 249, 69,
       27, 201, 226, 125, 18, 104, 111, 218, 186, 251, 219, 85, 59, 210,
       89, 210, 10, 216, 180, 189, 240, 169, 237, 89, 27, 187, 127, 180,
       24, 159, 247, 64, 59, 133, 151, 125, 24, 58, 79, 250, 17, 219,
       219, 113, 252, 226, 192, 134, 115, 125, 71, 53, 101, 180, 14, 71,
       188, 96, 170, 62, 76, 83, 33, 145, 115, 180, 68, 108, 110, 233,
       176, 185, 14, 224, 175, 101, 20, 104, 242, 194, 33, 248, 188, 188,
       120, 169, 253, 81, 159, 251, 127, 180, 24, 191, 191, 66, 59, 133,
       183, 253, 24, 58, 111, 242, 179, 219, 251, 117, 121, 210, 72, 199,
       123, 109, 93, 61, 103, 4, 14, 71, 184, 96, 234, 46, 76, 215, 113,
       17, 51, 16, 100, 124, 110, 201, 240, 249, 40, 231, 249, 101, 20,
       72, 243, 66, 33, 206, 188, 246, 159, 238, 169, 252, 255, 191, 211,
       246, 187, 236, 239, 114, 95, 111, 255, 127, 157, 186, 239, 203,
       243, 190, 254, 223, 202, 135, 220, 225, 201, 142, 188, 246, 159,
       254, 187, 252, 255, 191, 243, 242, 178, 253, 254, 188, 107, 239,
       255, 255, 145, 178, 253, 239, 255, 254, 255, 255, 192, 135, 252,
       225, 137, 222, 252, 246, 255, 238, 185, 252, 254, 191, 187, 246,
       250, 255, 254, 253, 123, 255, 255, 255, 147, 250, 239, 171, 243,
       254, 251, 255, 252, 167, 253, 161, 153, 237, 121, 157, 103, 164,
       14, 71, 184, 96, 226, 46, 76, 211, 49, 1, 51, 16, 68, 124, 106,
       201, 240, 249, 8, 229, 249, 69, 20, 72, 115, 66, 34, 194, 188,
       254, 159, 238, 185, 252, 239, 191, 243, 242, 187, 252, 254, 244,
       107, 239, 255, 255, 145, 182, 239, 235, 243, 156, 191, 255, 138,
       133, 248, 165, 217, 214, 188, 246, 159, 238, 187, 252, 255, 191,
       251, 246, 54, 236, 254, 244, 79, 239, 247, 255, 149, 178, 253,
       235, 243, 158, 186, 223, 194, 135, 252, 161, 221, 200, 244, 189,
       113, 169, 109, 117, 191, 127, 123, 164, 24, 190, 55, 72, 59, 133,
       83, 255, 24, 51, 108, 251, 51, 239, 223, 116, 127, 210, 88, 199,
       123, 232, 188, 189, 122, 185, 237, 151, 175, 219, 127, 164, 24,
       190, 253, 70, 59, 129, 114, 249, 64, 58, 111, 250, 51, 239, 219,
       84, 59, 210, 89, 199, 123, 45, 113, 16, 101, 17, 15, 70, 56, 97,
       224, 111, 76, 214, 17, 1, 52, 144, 76, 64, 106, 193, 176, 209, 12,
       231, 221, 1, 22, 74, 51, 75, 130, 69, 113, 153, 101, 33, 78, 119,
       56, 104, 192, 106, 8, 222, 49, 9, 50, 144, 84, 112, 106, 65, 240,
       209, 8, 101, 184, 68, 6, 72, 115, 67, 34, 252, 174, 220, 50, 168,
       173, 85, 223, 179, 191, 164, 29, 55, 227, 74, 27, 129, 198, 109,
       28, 58, 79, 202, 35, 219, 195, 117, 125, 232, 208, 202, 11, 205,
       117, 17, 71, 241, 127, 119, 168, 123, 234, 47, 8, 222, 112, 77,
       52, 145, 92, 96, 106, 97, 240, 249, 30, 111, 223, 5, 54, 74, 115,
       195, 166, 150, 236, 246, 255, 253, 171, 254, 238, 191, 178, 251,
       26, 239, 250, 93, 67, 255, 247, 127, 195, 238, 247, 203, 251, 190,
       223, 223, 187, 245, 251, 225, 139, 150, 236, 254, 255, 236, 171,
       254, 238, 191, 183, 250, 27, 255, 235, 89, 91, 251, 239, 127, 131,
       122, 255, 203, 251, 255, 159, 255, 189, 165, 121, 225, 2, 230,
       236, 246, 255, 253, 171, 254, 239, 191, 179, 251, 26, 239, 235,
       92, 79, 255, 255, 255, 147, 250, 127, 203, 251, 190, 254, 223,
       167, 151, 251, 235, 143, 252, 174, 252, 118, 137, 41, 85, 223,
       147, 183, 188, 24, 99, 225, 71, 27, 9, 246, 236, 24, 122, 111,
       202, 34, 251, 203, 117, 61, 227, 249, 206, 34, 230, 237, 214, 255,
       253, 171, 238, 239, 63, 179, 251, 27, 239, 235, 92, 207, 255, 255,
       255, 179, 122, 127, 203, 235, 190, 254, 223, 230, 151, 251, 227,
       141, 246, 237, 246, 191, 237, 171, 254, 238, 191, 179, 251, 27,
       239, 234, 93, 75, 255, 239, 127, 179, 182, 239, 203, 255, 188,
       254, 207, 150, 149, 255, 227, 131, 246, 237, 214, 191, 253, 171,
       238, 239, 63, 179, 251, 19, 238, 234, 92, 79, 251, 239, 127, 179,
       114, 247, 203, 255, 188, 254, 223, 158, 149, 127, 227, 137, 104,
       180, 189, 251, 173, 253, 81, 31, 255, 59, 173, 24, 190, 253, 72,
       58, 129, 147, 253, 16, 58, 110, 250, 147, 207, 223, 80, 127, 210,
       72, 198, 42, 246, 236, 246, 255, 236, 175, 254, 255, 63, 187, 251,
       26, 235, 234, 157, 95, 255, 239, 127, 179, 252, 247, 203, 255,
       190, 254, 223, 190, 197, 251, 243, 141, 236, 244, 180, 255, 237,
       47, 94, 188, 255, 187, 189, 28, 207, 249, 93, 27, 221, 214, 127,
       122, 186, 103, 219, 178, 255, 223, 117, 252, 194, 255, 210, 3, 55,
