%YAML:1.0
---
descriptors: !!opencv-matrix
   rows: 147
   cols: 32
   dt: u
   data: [ 220, 182, 245, 114, 171, 120, 81, 158, 179, 191, 167, 185, 79,
       231, 74, 31, 167, 214, 237, 24, 58, 79, 171, 179, 219, 211, 85,
       253, 162, 212, 134, 115, 102, 171, 236, 18, 234, 120, 28, 137,
       171, 117, 161, 185, 205, 238, 206, 27, 135, 87, 233, 208, 22, 75,
       238, 241, 94, 113, 93, 255, 134, 229, 143, 87, 109, 67, 108, 39,
       36, 31, 118, 184, 105, 172, 55, 13, 195, 104, 159, 19, 144, 68,
       108, 110, 204, 240, 205, 12, 230, 251, 101, 149, 64, 187, 90, 65,
       18, 159, 28, 191, 186, 195, 150, 239, 150, 63, 152, 235, 244, 246,
       170, 65, 151, 115, 175, 161, 114, 75, 74, 63, 248, 135, 127, 255,
       144, 106, 133, 75, 239, 126, 196, 23, 172, 58, 237, 150, 251, 255,
       22, 213, 233, 96, 215, 143, 5, 70, 232, 29, 177, 252, 255, 226,
       12, 58, 213, 144, 142, 252, 216, 84, 67, 115, 121, 101, 112, 14,
       123, 48, 104, 232, 118, 228, 221, 23, 149, 112, 150, 29, 85, 110,
       193, 144, 177, 76, 102, 189, 42, 128, 76, 162, 3, 113, 248, 176,
       249, 112, 40, 157, 89, 87, 163, 21, 164, 24, 27, 151, 64, 59, 135,
       176, 93, 24, 26, 79, 178, 16, 219, 217, 80, 120, 226, 128, 198,
       123, 108, 103, 72, 39, 112, 10, 102, 168, 49, 166, 110, 9, 195,
       97, 11, 16, 26, 196, 228, 110, 108, 240, 201, 46, 230, 255, 37, 5,
       98, 243, 74, 130, 96, 164, 189, 123, 220, 237, 65, 47, 86, 55, 45,
       24, 210, 181, 72, 58, 137, 86, 104, 24, 58, 122, 251, 23, 205,
       191, 85, 117, 192, 72, 214, 34, 116, 164, 185, 98, 140, 109, 87,
       153, 115, 191, 173, 24, 83, 117, 72, 58, 25, 214, 108, 58, 26, 98,
       251, 51, 219, 207, 101, 125, 224, 251, 198, 98, 212, 245, 157,
       102, 170, 78, 71, 184, 178, 182, 167, 8, 215, 119, 73, 115, 51,
       212, 108, 106, 105, 197, 249, 42, 249, 227, 101, 52, 32, 243, 6,
       51, 69, 113, 249, 229, 180, 14, 111, 16, 40, 232, 50, 68, 223, 23,
       209, 50, 22, 93, 93, 126, 193, 208, 177, 72, 239, 217, 167, 132,
       140, 179, 67, 49, 126, 247, 204, 166, 170, 66, 23, 168, 19, 190,
       141, 169, 69, 243, 75, 27, 19, 213, 237, 242, 104, 67, 203, 10,
       250, 199, 237, 191, 160, 115, 14, 83, 44, 169, 57, 96, 245, 205,
       83, 222, 227, 188, 60, 8, 146, 149, 65, 48, 129, 24, 69, 88, 74,
       122, 232, 20, 239, 221, 37, 125, 210, 136, 70, 235, 73, 118, 189,
       101, 164, 94, 125, 63, 104, 254, 54, 84, 223, 55, 210, 123, 133,
       84, 124, 44, 233, 216, 241, 8, 239, 251, 117, 148, 138, 240, 198,
       121, 110, 41, 192, 204, 237, 45, 108, 75, 139, 130, 188, 8, 42,
       225, 85, 158, 201, 250, 251, 10, 8, 99, 210, 192, 23, 220, 213,
       56, 210, 251, 90, 160, 74, 253, 145, 182, 201, 204, 22, 166, 171,
       153, 40, 9, 172, 247, 65, 210, 133, 123, 249, 80, 71, 73, 154,
       241, 171, 215, 95, 123, 130, 84, 135, 26, 120, 186, 223, 114, 42,
       233, 81, 214, 162, 181, 164, 57, 55, 199, 64, 26, 39, 179, 109,
       16, 10, 75, 138, 49, 219, 193, 117, 57, 224, 192, 134, 123, 108,
       99, 108, 101, 36, 11, 103, 40, 97, 164, 63, 169, 195, 105, 155,
       18, 24, 196, 109, 111, 72, 240, 205, 12, 102, 251, 97, 21, 103,
       191, 86, 64, 6, 226, 141, 179, 170, 201, 185, 141, 170, 53, 1,
       185, 149, 207, 72, 10, 135, 91, 121, 145, 82, 76, 207, 113, 204,
       6, 191, 253, 132, 0, 135, 210, 209, 132, 254, 117, 178, 174, 89,
       23, 52, 11, 103, 145, 119, 55, 2, 120, 55, 55, 61, 28, 184, 220,
       33, 15, 235, 175, 48, 192, 160, 128, 128, 105, 65, 49, 57, 101,
       112, 14, 123, 48, 40, 232, 126, 228, 157, 23, 145, 48, 150, 93,
       85, 110, 193, 144, 177, 76, 229, 189, 34, 128, 76, 162, 3, 177,
       240, 168, 253, 112, 40, 173, 89, 71, 163, 23, 160, 24, 55, 155,
       64, 59, 139, 179, 125, 24, 26, 111, 146, 17, 217, 201, 112, 120,
       225, 0, 198, 42, 241, 140, 149, 60, 137, 44, 80, 175, 178, 59,
       162, 88, 119, 51, 0, 91, 193, 247, 108, 16, 61, 111, 211, 39, 153,
       226, 116, 26, 216, 120, 128, 10, 114, 171, 120, 74, 11, 201, 82,
       205, 171, 53, 168, 9, 34, 207, 76, 18, 136, 147, 205, 80, 30, 43,
       234, 113, 251, 220, 5, 123, 81, 10, 198, 14, 193, 174, 15, 85,
       172, 174, 105, 151, 230, 59, 66, 84, 241, 161, 208, 107, 69, 110,
       120, 28, 179, 220, 215, 33, 76, 42, 241, 64, 136, 192, 210, 168,
       89, 6, 14, 188, 44, 172, 124, 50, 172, 6, 203, 85, 255, 227, 58,
       75, 178, 101, 125, 175, 124, 129, 131, 12, 192, 235, 234, 128, 36,
       224, 57, 3, 77, 117, 16, 71, 113, 30, 118, 56, 121, 232, 111, 76,
       222, 81, 13, 180, 176, 76, 72, 110, 193, 240, 153, 78, 39, 252, 5,
       6, 74, 51, 75, 135, 248, 185, 123, 120, 105, 205, 81, 71, 227, 85,
       180, 25, 59, 157, 68, 52, 138, 186, 213, 17, 27, 43, 178, 145, 83,
       217, 16, 123, 99, 8, 198, 250, 120, 184, 249, 120, 9, 236, 81, 23,
       163, 85, 164, 24, 59, 151, 64, 122, 129, 183, 253, 16, 26, 75,
       178, 17, 219, 237, 48, 121, 226, 128, 70, 122, 124, 249, 253, 112,
       235, 221, 84, 223, 227, 249, 164, 24, 31, 159, 65, 63, 171, 210,
       252, 88, 27, 107, 242, 17, 219, 219, 85, 127, 227, 144, 198, 171,
       124, 181, 172, 182, 137, 116, 85, 191, 51, 215, 207, 25, 83, 247,
       74, 123, 65, 214, 253, 128, 28, 90, 251, 32, 219, 227, 253, 93,
       162, 242, 246, 114, 108, 103, 109, 103, 16, 75, 103, 56, 96, 164,
       239, 137, 195, 101, 25, 16, 24, 212, 109, 106, 72, 176, 253, 12,
       103, 167, 37, 21, 101, 187, 86, 114, 77, 117, 50, 71, 117, 30,
       102, 184, 121, 232, 111, 76, 222, 112, 31, 180, 148, 76, 84, 110,
       197, 240, 249, 110, 39, 254, 37, 6, 74, 51, 75, 133, 208, 168,
       158, 240, 40, 173, 81, 71, 170, 23, 164, 24, 183, 147, 64, 27,
       129, 179, 109, 24, 58, 79, 130, 49, 217, 195, 122, 120, 224, 64,
       135, 42, 229, 172, 153, 83, 196, 173, 101, 223, 114, 243, 108, 88,
       114, 241, 200, 184, 25, 238, 98, 28, 59, 122, 218, 50, 125, 14,
       117, 104, 201, 88, 210, 168, 81, 105, 105, 37, 0, 78, 79, 58, 116,
       228, 78, 141, 151, 12, 19, 64, 22, 196, 105, 103, 204, 152, 245,
       14, 229, 167, 9, 20, 108, 177, 21, 82, 124, 101, 76, 103, 81, 75,
       87, 168, 49, 164, 239, 137, 67, 97, 11, 16, 88, 220, 225, 98, 104,
       242, 217, 14, 247, 231, 69, 21, 99, 59, 78, 146, 77, 48, 145, 65,
       241, 92, 48, 8, 107, 233, 41, 8, 158, 18, 76, 180, 144, 29, 64,
       48, 3, 112, 241, 64, 15, 220, 5, 102, 202, 2, 75, 166, 100, 33,
       153, 80, 220, 237, 33, 143, 250, 161, 40, 24, 150, 209, 69, 56,
       129, 30, 106, 24, 19, 107, 250, 18, 29, 156, 21, 126, 192, 89,
       199, 162, 109, 99, 216, 37, 38, 14, 118, 56, 104, 236, 119, 205,
       199, 41, 27, 18, 182, 68, 108, 111, 196, 240, 201, 8, 230, 233,
       97, 5, 108, 183, 75, 65, 224, 156, 151, 92, 168, 232, 69, 135,
       251, 27, 162, 120, 182, 179, 192, 127, 3, 246, 108, 16, 59, 79,
       194, 115, 152, 178, 84, 122, 200, 64, 130, 45, 225, 172, 215, 80,
       205, 173, 96, 199, 251, 27, 160, 88, 34, 240, 68, 159, 201, 230,
       106, 24, 59, 111, 210, 115, 28, 154, 85, 122, 202, 72, 194, 44,
       227, 174, 133, 20, 201, 189, 196, 207, 218, 187, 160, 88, 162,
       224, 84, 191, 137, 98, 98, 21, 63, 111, 202, 50, 28, 82, 85, 122,
       200, 76, 210, 140, 217, 172, 190, 58, 168, 252, 84, 207, 250, 211,
       164, 25, 191, 246, 82, 59, 163, 231, 124, 29, 62, 79, 190, 49,
       219, 235, 117, 121, 224, 80, 139, 74, 208, 164, 189, 53, 172, 233,
       145, 3, 238, 255, 147, 56, 215, 188, 72, 43, 129, 23, 109, 17, 58,
       109, 227, 0, 201, 131, 117, 117, 224, 72, 133, 99, 178, 164, 200,
       122, 250, 175, 94, 255, 19, 35, 232, 217, 115, 255, 76, 16, 93,
       218, 87, 148, 58, 30, 216, 63, 127, 156, 133, 124, 249, 200, 194,
       154, 168, 247, 105, 67, 208, 143, 111, 183, 51, 173, 47, 220, 147,
       37, 92, 17, 28, 158, 64, 92, 251, 248, 249, 20, 111, 221, 5, 100,
       195, 154, 198, 248, 36, 229, 145, 66, 221, 79, 71, 140, 83, 168,
