%YAML:1.0
---
descriptors: !!opencv-matrix
   rows: 130
   cols: 32
   dt: u
   data: [ 108, 237, 184, 123, 153, 77, 87, 168, 83, 180, 173, 8, 214,
       117, 73, 50, 153, 208, 104, 122, 106, 98, 251, 51, 235, 215, 5,
       127, 210, 123, 70, 34, 44, 69, 57, 103, 253, 79, 71, 184, 85, 174,
       239, 8, 211, 117, 9, 48, 216, 220, 74, 106, 72, 178, 121, 14, 231,
       223, 5, 52, 64, 251, 70, 226, 120, 175, 123, 120, 218, 233, 17,
       103, 179, 21, 172, 56, 51, 151, 68, 52, 35, 186, 196, 16, 26, 75,
       162, 23, 219, 197, 48, 123, 226, 128, 230, 234, 9, 203, 159, 249,
       160, 143, 109, 151, 118, 25, 86, 96, 245, 195, 160, 96, 119, 106,
       46, 92, 195, 216, 1, 53, 236, 207, 54, 192, 152, 144, 161, 169,
       250, 174, 214, 240, 233, 173, 88, 215, 179, 27, 176, 89, 47, 251,
       64, 27, 167, 179, 125, 20, 62, 79, 130, 179, 219, 219, 117, 249,
       162, 196, 131, 139, 5, 119, 16, 71, 112, 30, 102, 56, 121, 8, 123,
       68, 222, 80, 141, 180, 148, 76, 68, 110, 197, 176, 217, 78, 36,
       188, 33, 4, 74, 179, 75, 133, 101, 113, 145, 71, 197, 110, 103,
       24, 104, 226, 43, 76, 210, 48, 77, 62, 144, 76, 96, 122, 129, 240,
       249, 8, 37, 190, 69, 52, 200, 115, 66, 164, 37, 113, 17, 69, 53,
       79, 230, 48, 106, 232, 43, 72, 214, 16, 77, 180, 144, 76, 80, 106,
       69, 176, 249, 28, 37, 152, 5, 54, 72, 59, 74, 166, 133, 87, 19,
       103, 176, 14, 111, 56, 116, 234, 123, 100, 247, 115, 153, 112, 54,
       76, 60, 110, 225, 144, 125, 46, 228, 174, 39, 128, 42, 243, 1, 49,
       252, 164, 253, 118, 136, 109, 85, 222, 178, 183, 165, 24, 83, 247,
       73, 27, 9, 214, 108, 26, 56, 103, 250, 34, 219, 203, 117, 61, 227,
       241, 198, 34, 244, 253, 189, 54, 168, 108, 87, 188, 250, 222, 174,
       25, 247, 247, 75, 59, 177, 230, 125, 74, 121, 101, 187, 34, 249,
       235, 117, 28, 224, 243, 198, 122, 252, 124, 188, 246, 140, 109,
       87, 148, 242, 178, 131, 24, 215, 241, 73, 27, 129, 214, 125, 122,
       56, 101, 219, 34, 249, 195, 117, 61, 168, 123, 214, 2, 96, 177,
       17, 121, 137, 77, 84, 143, 107, 49, 40, 24, 182, 51, 76, 114, 129,
       19, 104, 0, 27, 104, 211, 17, 173, 148, 20, 126, 88, 88, 198, 58,
       92, 101, 120, 103, 115, 90, 126, 184, 57, 160, 111, 168, 223, 99,
       137, 144, 50, 221, 221, 234, 64, 144, 201, 78, 230, 237, 165, 133,
       38, 183, 79, 34, 100, 101, 104, 103, 52, 11, 126, 168, 113, 160,
       111, 9, 211, 105, 27, 16, 26, 204, 105, 106, 72, 240, 221, 14,
       230, 255, 5, 21, 101, 187, 90, 2, 248, 168, 158, 112, 137, 233,
       81, 71, 179, 23, 164, 25, 47, 163, 66, 27, 161, 183, 237, 16, 58,
       79, 130, 19, 219, 227, 112, 121, 226, 64, 134, 42, 208, 184, 159,
       120, 136, 237, 81, 23, 230, 115, 166, 24, 183, 215, 64, 59, 1,
       183, 108, 16, 26, 77, 211, 49, 217, 227, 113, 120, 224, 192, 135,
       42, 124, 205, 110, 102, 151, 90, 87, 188, 225, 228, 174, 139, 107,
       109, 27, 83, 56, 230, 236, 226, 108, 171, 253, 47, 251, 239, 197,
       17, 103, 255, 222, 94, 77, 61, 57, 103, 241, 110, 119, 184, 121,
       236, 110, 76, 222, 115, 9, 48, 147, 94, 120, 106, 193, 240, 249,
       46, 239, 255, 5, 6, 64, 115, 71, 99, 69, 117, 25, 103, 176, 46,
       118, 184, 104, 168, 107, 76, 214, 115, 9, 16, 144, 77, 108, 106,
       65, 240, 217, 44, 237, 190, 5, 4, 200, 115, 67, 3, 240, 160, 254,
       112, 10, 233, 81, 86, 178, 23, 164, 25, 23, 151, 66, 27, 33, 186,
       109, 24, 58, 79, 130, 16, 219, 195, 112, 121, 224, 192, 6, 234,
       248, 190, 220, 178, 168, 173, 84, 223, 179, 59, 164, 125, 55, 243,
       66, 27, 135, 231, 237, 20, 62, 79, 202, 49, 218, 195, 117, 121,
       232, 208, 138, 11, 220, 92, 159, 246, 168, 108, 69, 158, 182, 187,
       162, 88, 247, 247, 65, 123, 133, 119, 124, 24, 59, 77, 219, 34,
       217, 231, 119, 24, 168, 113, 133, 59, 100, 229, 57, 78, 221, 77,
       87, 168, 83, 180, 173, 8, 210, 113, 77, 52, 153, 216, 66, 106, 74,
       98, 251, 63, 111, 157, 5, 63, 82, 123, 70, 226, 226, 174, 214,
       114, 233, 173, 72, 215, 171, 27, 160, 89, 46, 163, 64, 159, 163,
       163, 111, 152, 58, 79, 130, 243, 158, 218, 85, 250, 162, 192, 202,
       137, 101, 103, 16, 7, 116, 30, 102, 184, 120, 172, 123, 76, 215,
       64, 159, 180, 148, 76, 68, 110, 228, 240, 201, 14, 36, 188, 33, 4,
       72, 179, 74, 133, 245, 79, 234, 119, 164, 58, 69, 191, 116, 238,
       230, 53, 99, 96, 155, 91, 113, 238, 44, 142, 236, 244, 237, 34,
       194, 239, 245, 5, 33, 240, 244, 72, 69, 71, 196, 7, 52, 26, 102,
       184, 117, 172, 251, 196, 195, 96, 155, 212, 16, 196, 108, 110,
       204, 176, 205, 14, 166, 190, 101, 148, 106, 179, 88, 5, 231, 190,
       197, 148, 234, 96, 1, 207, 187, 247, 160, 185, 38, 230, 199, 95,
       207, 231, 104, 148, 63, 79, 238, 96, 24, 50, 93, 122, 128, 96,
       166, 93, 37, 117, 16, 7, 85, 15, 230, 56, 106, 232, 43, 76, 210,
       88, 93, 180, 144, 76, 64, 111, 197, 176, 89, 28, 44, 28, 5, 52,
       72, 59, 90, 133, 125, 85, 125, 103, 48, 78, 71, 184, 96, 232, 191,
       64, 211, 119, 137, 112, 22, 212, 92, 106, 233, 160, 121, 46, 231,
       239, 37, 148, 104, 243, 64, 49, 108, 112, 185, 99, 109, 111, 83,
       152, 107, 249, 45, 8, 215, 21, 73, 58, 153, 220, 92, 122, 11, 118,
       249, 0, 207, 221, 37, 116, 192, 251, 70, 115, 208, 168, 157, 122,
       136, 237, 16, 143, 238, 51, 160, 24, 182, 242, 72, 123, 129, 87,
       104, 16, 58, 109, 219, 49, 217, 160, 117, 124, 208, 64, 131, 10,
       116, 119, 136, 167, 25, 15, 87, 248, 18, 172, 171, 45, 71, 113,
       75, 18, 185, 196, 236, 99, 108, 243, 217, 10, 248, 199, 37, 53,
       104, 123, 22, 83, 116, 103, 72, 103, 21, 75, 103, 184, 113, 172,
       251, 11, 67, 105, 27, 16, 56, 204, 109, 98, 72, 176, 217, 14, 247,
       239, 37, 21, 97, 59, 86, 2, 120, 169, 254, 114, 172, 205, 81, 215,
       226, 29, 164, 8, 55, 147, 64, 27, 9, 182, 236, 16, 10, 107, 242,
       49, 219, 195, 112, 121, 224, 128, 198, 106, 109, 229, 57, 107,
       125, 79, 71, 168, 91, 120, 45, 8, 210, 117, 73, 48, 153, 92, 88,
       106, 75, 98, 251, 23, 239, 223, 5, 124, 82, 59, 70, 98, 77, 125,
       57, 103, 181, 78, 119, 184, 121, 232, 110, 72, 254, 117, 9, 48,
       144, 126, 120, 106, 97, 240, 249, 110, 237, 255, 5, 6, 74, 115,
       67, 179, 236, 229, 189, 103, 141, 79, 87, 184, 98, 242, 167, 8,
       215, 117, 73, 59, 145, 84, 104, 122, 105, 100, 249, 24, 239, 219,
       69, 116, 192, 123, 70, 34, 236, 32, 188, 113, 141, 125, 85, 143,
       115, 183, 164, 24, 147, 57, 82, 59, 201, 214, 105, 24, 58, 110,
       243, 2, 207, 219, 213, 125, 192, 105, 214, 34, 69, 117, 25, 39,
       240, 46, 103, 184, 104, 232, 107, 76, 215, 115, 9, 112, 144, 76,
       72, 110, 65, 176, 217, 44, 237, 188, 37, 4, 72, 115, 67, 35, 240,
       174, 222, 48, 138, 169, 81, 82, 178, 55, 164, 185, 55, 163, 66,
       27, 35, 179, 109, 16, 58, 79, 130, 51, 219, 195, 113, 121, 224,
       192, 14, 11, 77, 117, 49, 71, 113, 30, 102, 56, 121, 232, 107, 76,
       222, 48, 13, 180, 144, 76, 64, 106, 197, 176, 249, 78, 39, 188, 0,
       4, 74, 51, 75, 133, 109, 101, 188, 103, 181, 30, 103, 184, 107,
       232, 47, 12, 214, 105, 91, 50, 144, 68, 104, 126, 192, 240, 249,
       8, 239, 255, 69, 36, 64, 243, 82, 96, 240, 172, 255, 90, 202, 233,
       81, 199, 187, 31, 164, 56, 34, 255, 68, 59, 171, 179, 108, 16, 58,
       111, 170, 115, 91, 154, 84, 123, 193, 64, 198, 107, 44, 117, 49,
       103, 121, 95, 71, 184, 123, 232, 47, 8, 254, 117, 9, 180, 144, 92,
       104, 106, 73, 240, 249, 61, 231, 223, 5, 54, 66, 123, 70, 162,
       101, 237, 177, 67, 221, 93, 199, 168, 91, 248, 169, 8, 210, 125,
       77, 180, 153, 88, 96, 122, 75, 98, 251, 63, 47, 222, 5, 126, 82,
       123, 86, 166, 120, 185, 123, 120, 219, 237, 17, 103, 163, 21, 172,
       24, 58, 151, 68, 20, 41, 187, 200, 16, 26, 75, 178, 21, 219, 197,
       16, 123, 227, 0, 166, 234, 36, 103, 64, 7, 85, 91, 230, 168, 117,
       164, 107, 137, 195, 96, 159, 148, 88, 204, 194, 110, 108, 176, 77,
