%YAML:1.0
---
descriptors: !!opencv-matrix
   rows: 93
   cols: 32
   dt: u
   data: [ 173, 237, 244, 95, 221, 179, 238, 252, 119, 130, 255, 2, 251,
       251, 157, 244, 123, 238, 118, 234, 233, 242, 255, 255, 62, 255,
       199, 8, 239, 247, 234, 164, 244, 48, 156, 242, 172, 108, 81, 155,
       226, 179, 135, 24, 215, 241, 73, 27, 129, 214, 109, 24, 56, 101,
       219, 2, 217, 131, 117, 125, 168, 105, 214, 34, 219, 190, 191, 248,
       171, 244, 61, 215, 191, 95, 150, 189, 191, 190, 198, 123, 167,
       187, 253, 149, 191, 79, 182, 243, 219, 219, 126, 187, 134, 212,
       175, 95, 248, 136, 223, 116, 137, 72, 84, 55, 225, 23, 166, 24,
       127, 179, 0, 91, 161, 246, 236, 0, 56, 79, 146, 33, 219, 227, 116,
       25, 226, 224, 198, 42, 77, 113, 16, 69, 49, 30, 114, 56, 104, 232,
       107, 68, 222, 16, 11, 180, 144, 76, 104, 110, 197, 176, 217, 76,
       37, 188, 33, 6, 72, 51, 75, 7, 203, 188, 252, 248, 235, 253, 125,
       215, 191, 123, 188, 189, 191, 191, 134, 56, 175, 251, 255, 148,
       179, 95, 242, 243, 223, 223, 125, 251, 198, 212, 135, 251, 218,
       190, 246, 184, 235, 248, 189, 215, 191, 223, 94, 183, 44, 190,
       102, 253, 167, 123, 255, 145, 182, 93, 178, 243, 251, 119, 94,
       235, 134, 84, 175, 95, 119, 223, 230, 220, 238, 50, 252, 255, 127,
       246, 254, 183, 72, 236, 183, 253, 127, 223, 183, 165, 229, 255,
       167, 223, 62, 62, 207, 143, 255, 244, 230, 245, 229, 85, 157, 103,
       181, 111, 71, 184, 126, 170, 43, 8, 210, 117, 9, 113, 145, 84,
       104, 126, 105, 240, 121, 62, 237, 191, 69, 20, 216, 123, 64, 48,
       69, 117, 185, 103, 145, 79, 55, 184, 120, 224, 111, 8, 222, 119,
       9, 48, 148, 93, 112, 106, 129, 240, 249, 110, 239, 221, 5, 36, 72,
       115, 71, 114, 204, 4, 190, 255, 172, 111, 125, 27, 191, 159, 151,
       17, 255, 255, 59, 75, 231, 55, 127, 9, 56, 229, 67, 194, 199, 251,
       123, 145, 150, 233, 37, 99, 216, 188, 190, 243, 169, 236, 125,
       159, 187, 127, 182, 56, 191, 191, 74, 123, 167, 87, 253, 16, 178,
       77, 235, 225, 219, 251, 126, 255, 130, 192, 167, 123, 112, 190,
       156, 50, 170, 233, 85, 223, 178, 63, 164, 189, 55, 231, 66, 27, 7,
       243, 109, 20, 58, 79, 154, 49, 251, 131, 117, 249, 224, 208, 134,
       91, 112, 168, 249, 112, 136, 237, 81, 199, 163, 55, 160, 24, 55,
       147, 64, 26, 129, 179, 125, 24, 26, 75, 210, 49, 217, 205, 48,
       120, 224, 192, 198, 42, 253, 93, 255, 111, 180, 94, 127, 188, 125,
       234, 255, 116, 95, 125, 159, 112, 55, 246, 125, 110, 233, 180,
       121, 238, 239, 255, 37, 132, 103, 243, 196, 113, 235, 190, 240,
       220, 255, 50, 248, 127, 123, 223, 252, 191, 40, 172, 214, 182,
       239, 143, 247, 149, 246, 123, 231, 223, 30, 126, 151, 239, 223,
       204, 127, 223, 189, 64, 124, 251, 252, 63, 219, 216, 127, 123,
       245, 26, 219, 217, 157, 237, 123, 204, 127, 123, 171, 103, 255,
       247, 255, 255, 227, 252, 247, 187, 210, 161, 68, 49, 17, 65, 80,
       78, 66, 24, 96, 160, 43, 72, 214, 23, 72, 48, 144, 28, 104, 106,
       73, 144, 241, 12, 133, 188, 1, 20, 72, 35, 66, 32, 237, 21, 149,
       103, 157, 111, 71, 57, 126, 170, 43, 8, 210, 113, 9, 115, 145, 84,
       104, 42, 113, 244, 249, 30, 205, 190, 69, 20, 200, 107, 64, 34,
       216, 188, 190, 243, 169, 172, 93, 151, 171, 59, 150, 56, 159, 191,
       72, 91, 167, 87, 253, 16, 50, 77, 203, 225, 219, 251, 126, 254,
       130, 208, 167, 43, 228, 225, 153, 99, 157, 79, 71, 136, 98, 177,
       169, 8, 210, 113, 73, 16, 153, 212, 104, 122, 26, 50, 217, 18,
       237, 149, 5, 117, 192, 59, 214, 34, 240, 168, 189, 116, 136, 76,
       81, 155, 162, 178, 164, 24, 55, 247, 65, 27, 1, 182, 109, 24, 106,
       111, 146, 3, 217, 163, 117, 61, 224, 224, 70, 34, 80, 168, 158,
       186, 168, 137, 16, 71, 162, 49, 128, 24, 183, 211, 64, 26, 161,
       51, 109, 16, 26, 75, 130, 49, 217, 129, 58, 121, 128, 0, 139, 138,
       5, 35, 16, 71, 244, 15, 102, 57, 104, 40, 123, 68, 214, 80, 152,
       180, 148, 76, 68, 110, 213, 176, 77, 12, 36, 188, 33, 4, 72, 162,
       75, 133, 101, 97, 19, 103, 5, 78, 102, 40, 112, 160, 235, 8, 210,
       113, 9, 144, 152, 204, 96, 106, 73, 240, 217, 8, 165, 168, 69, 4,
       72, 51, 66, 34, 252, 93, 126, 239, 245, 78, 127, 189, 61, 238,
       255, 46, 127, 127, 9, 112, 191, 247, 253, 106, 232, 183, 57, 239,
       255, 255, 39, 132, 103, 243, 230, 115, 253, 92, 127, 103, 244,
       126, 127, 188, 121, 234, 255, 56, 95, 127, 157, 112, 183, 246,
       253, 106, 225, 176, 121, 238, 255, 255, 39, 132, 231, 243, 198,
       115, 239, 93, 109, 103, 180, 126, 127, 188, 121, 234, 255, 124,
       219, 125, 159, 244, 23, 214, 253, 111, 241, 176, 125, 238, 239,
       127, 37, 148, 206, 247, 210, 117, 218, 188, 188, 178, 171, 245,
       29, 215, 187, 127, 148, 61, 191, 255, 66, 59, 167, 211, 253, 145,
       190, 79, 250, 241, 219, 219, 255, 251, 134, 68, 183, 123, 251,
       190, 166, 26, 171, 241, 28, 207, 155, 127, 148, 189, 46, 230, 238,
       191, 135, 243, 253, 21, 190, 79, 174, 241, 154, 83, 93, 251, 146,
       68, 143, 95, 233, 188, 181, 114, 141, 253, 81, 135, 251, 123, 164,
       24, 190, 188, 70, 191, 129, 54, 252, 24, 55, 111, 242, 179, 155,
       219, 85, 123, 202, 76, 206, 127, 239, 221, 239, 119, 180, 126,
       127, 191, 125, 234, 126, 116, 219, 125, 159, 116, 183, 214, 253,
       111, 253, 244, 125, 238, 239, 255, 101, 132, 206, 245, 211, 117,
       95, 37, 229, 7, 147, 126, 111, 136, 49, 226, 174, 2, 89, 126, 31,
       191, 57, 197, 113, 254, 189, 208, 61, 110, 63, 79, 197, 68, 235,
       247, 234, 116, 122, 186, 238, 58, 171, 249, 89, 222, 139, 95, 148,
       189, 47, 254, 230, 154, 135, 243, 253, 21, 158, 75, 190, 177, 219,
       211, 125, 251, 182, 68, 143, 95, 122, 186, 236, 186, 171, 253, 89,
       222, 139, 95, 180, 189, 47, 255, 98, 27, 135, 243, 253, 17, 190,
       75, 250, 177, 219, 211, 125, 251, 246, 68, 143, 91, 208, 46, 157,
       244, 170, 233, 81, 23, 162, 191, 162, 120, 183, 183, 64, 27, 131,
       183, 108, 16, 58, 79, 194, 2, 217, 195, 116, 60, 224, 192, 7, 43,
       229, 165, 132, 71, 205, 63, 198, 169, 91, 178, 169, 24, 194, 104,
       93, 151, 153, 198, 104, 110, 124, 102, 219, 51, 47, 30, 69, 127,
       216, 123, 218, 132, 101, 109, 145, 71, 213, 14, 230, 176, 121,
       224, 107, 8, 242, 48, 85, 182, 136, 110, 114, 78, 65, 248, 249,
       110, 39, 62, 5, 0, 74, 123, 82, 172, 211, 184, 150, 187, 137, 173,
       65, 135, 255, 87, 130, 21, 174, 226, 66, 95, 161, 35, 108, 29,
       191, 77, 27, 113, 137, 210, 94, 90, 136, 68, 131, 124, 205, 36,
       149, 103, 181, 111, 98, 24, 125, 170, 43, 24, 222, 113, 9, 253,
       145, 84, 104, 106, 49, 244, 89, 14, 141, 254, 65, 54, 202, 107,
       66, 38, 101, 113, 17, 69, 80, 78, 98, 56, 104, 224, 107, 72, 214,
       19, 9, 176, 144, 28, 72, 106, 65, 176, 217, 12, 37, 188, 1, 4, 72,
       35, 66, 32, 241, 28, 95, 100, 148, 46, 71, 55, 112, 226, 170, 92,
       115, 49, 144, 113, 17, 230, 108, 44, 185, 173, 117, 46, 233, 175,
       37, 16, 232, 240, 194, 40, 249, 121, 253, 102, 136, 76, 71, 189,
       224, 250, 166, 8, 115, 117, 193, 51, 0, 244, 108, 106, 73, 99,
       251, 40, 241, 233, 101, 24, 96, 242, 198, 40, 248, 124, 221, 116,
       40, 76, 69, 183, 241, 186, 166, 24, 115, 55, 193, 59, 32, 244,
       108, 106, 105, 103, 243, 42, 241, 235, 101, 24, 96, 240, 198, 41,
       236, 180, 185, 99, 160, 111, 119, 152, 123, 251, 47, 56, 214, 117,
       72, 58, 147, 84, 108, 114, 51, 116, 249, 34, 239, 223, 101, 119,
       192, 115, 199, 35, 249, 249, 91, 100, 184, 78, 71, 181, 224, 168,
       174, 72, 51, 19, 128, 51, 34, 244, 76, 106, 73, 35, 176, 12, 243,
       233, 37, 48, 104, 178, 194, 41, 252, 120, 29, 112, 40, 109, 83,
       152, 241, 186, 164, 24, 23, 21, 65, 59, 139, 212, 108, 106, 41,
       103, 243, 34, 211, 219, 113, 60, 98, 177, 70, 35, 85, 241, 140,
       164, 25, 7, 95, 184, 34, 228, 130, 13, 215, 99, 91, 82, 212, 197,
       121, 231, 204, 67, 223, 24, 249, 199, 141, 60, 40, 51, 42, 82,
