%YAML:1.0
---
descriptors: !!opencv-matrix
   rows: 323
   cols: 32
   dt: u
   data: [ 69, 244, 189, 67, 172, 111, 167, 152, 122, 251, 15, 88, 214,
       112, 217, 42, 17, 76, 120, 127, 177, 112, 249, 34, 237, 143, 101,
       116, 200, 123, 209, 33, 197, 116, 149, 103, 129, 110, 119, 8, 121,
       234, 103, 8, 222, 113, 73, 59, 144, 84, 104, 106, 97, 244, 241,
       42, 229, 254, 69, 2, 72, 115, 67, 35, 112, 170, 186, 248, 202,
       225, 81, 87, 163, 29, 132, 185, 55, 135, 98, 90, 231, 187, 205,
       16, 26, 79, 130, 17, 219, 193, 48, 249, 176, 192, 166, 107, 88,
       184, 187, 244, 138, 232, 81, 151, 162, 23, 164, 56, 55, 183, 64,
       90, 35, 255, 109, 16, 26, 75, 162, 33, 217, 229, 116, 121, 160,
       192, 134, 107, 208, 16, 159, 118, 168, 108, 69, 55, 160, 155, 166,
       24, 247, 55, 0, 123, 35, 246, 108, 8, 57, 77, 179, 0, 209, 163,
       116, 24, 160, 224, 167, 59, 240, 184, 249, 112, 40, 204, 81, 83,
       163, 189, 164, 60, 55, 151, 64, 27, 6, 150, 109, 24, 26, 75, 178,
       1, 219, 233, 113, 121, 224, 128, 6, 123, 45, 134, 220, 107, 176,
       63, 86, 186, 127, 43, 126, 124, 231, 96, 139, 241, 151, 78, 76,
       60, 190, 176, 109, 63, 174, 223, 37, 84, 250, 233, 200, 5, 77,
       117, 53, 71, 17, 78, 119, 184, 109, 224, 111, 72, 222, 81, 13,
       180, 144, 84, 88, 106, 193, 176, 121, 46, 39, 254, 5, 6, 74, 51,
       67, 48, 100, 240, 145, 67, 193, 79, 103, 136, 106, 242, 43, 8,
       210, 85, 77, 188, 145, 92, 64, 122, 65, 112, 249, 48, 45, 156, 5,
       118, 192, 115, 70, 162, 234, 188, 182, 248, 173, 253, 92, 247,
       255, 251, 180, 24, 186, 253, 116, 123, 205, 251, 255, 25, 250,
       111, 242, 243, 223, 219, 215, 122, 210, 204, 242, 138, 248, 180,
       190, 248, 173, 253, 81, 87, 255, 123, 180, 24, 191, 191, 66, 59,
       205, 179, 253, 24, 186, 111, 242, 147, 219, 219, 80, 123, 210, 72,
       70, 123, 232, 188, 188, 248, 173, 253, 81, 215, 255, 59, 188, 24,
       191, 189, 68, 59, 201, 178, 255, 24, 186, 111, 242, 147, 219, 219,
       85, 122, 210, 76, 214, 59, 124, 173, 252, 114, 154, 201, 21, 239,
       179, 53, 173, 184, 43, 231, 72, 18, 43, 147, 237, 152, 122, 75,
       170, 55, 251, 199, 53, 125, 226, 128, 166, 42, 129, 125, 23, 77,
       69, 78, 231, 52, 104, 194, 98, 72, 246, 16, 133, 181, 50, 124, 80,
       106, 193, 180, 53, 44, 37, 184, 0, 2, 75, 51, 67, 172, 217, 121,
       11, 164, 18, 142, 43, 84, 40, 192, 202, 204, 191, 134, 1, 112, 54,
       229, 88, 205, 193, 157, 180, 110, 241, 165, 10, 0, 40, 18, 35,
       120, 252, 44, 245, 86, 136, 111, 69, 190, 162, 182, 165, 24, 83,
       119, 73, 59, 1, 214, 108, 42, 56, 103, 251, 40, 217, 235, 117, 60,
       226, 241, 198, 98, 192, 188, 28, 250, 200, 237, 65, 143, 238, 59,
       44, 24, 246, 211, 72, 91, 129, 18, 106, 24, 51, 111, 218, 51, 221,
       163, 113, 124, 216, 72, 199, 42, 236, 48, 189, 115, 173, 109, 81,
       152, 219, 255, 37, 24, 222, 29, 73, 59, 129, 16, 252, 26, 51, 100,
       251, 16, 207, 219, 81, 127, 194, 107, 70, 115, 144, 12, 92, 229,
       146, 234, 71, 167, 52, 162, 174, 16, 119, 51, 1, 81, 49, 247, 77,
       160, 56, 205, 81, 46, 233, 231, 181, 17, 161, 112, 228, 42, 104,
       180, 188, 250, 237, 253, 85, 15, 223, 63, 173, 24, 190, 189, 74,
       58, 129, 155, 251, 0, 58, 106, 242, 147, 207, 223, 80, 123, 210,
       72, 198, 106, 212, 184, 189, 118, 169, 236, 16, 142, 187, 187,
       162, 56, 255, 247, 76, 123, 129, 247, 253, 16, 63, 77, 155, 51,
       219, 251, 85, 127, 136, 113, 135, 59, 20, 229, 57, 99, 148, 79,
       103, 232, 118, 160, 107, 0, 83, 113, 89, 96, 49, 204, 8, 122, 73,
       240, 57, 62, 233, 142, 5, 36, 112, 187, 80, 32, 101, 109, 27, 70,
       92, 199, 231, 224, 250, 128, 232, 8, 116, 249, 57, 48, 248, 253,
       82, 235, 73, 227, 186, 127, 121, 140, 7, 60, 65, 51, 99, 168, 69,
       102, 149, 103, 160, 62, 110, 152, 122, 186, 43, 64, 223, 98, 201,
       254, 151, 69, 108, 126, 148, 208, 201, 66, 172, 254, 103, 68, 136,
       243, 67, 5, 76, 45, 253, 103, 32, 94, 111, 184, 57, 174, 110, 136,
       255, 103, 137, 54, 22, 212, 125, 238, 96, 208, 233, 106, 231, 255,
       101, 4, 66, 179, 71, 96, 248, 170, 222, 114, 138, 233, 81, 215,
       162, 183, 164, 185, 39, 231, 66, 26, 39, 247, 237, 16, 26, 79,
       138, 51, 219, 195, 117, 125, 224, 192, 134, 107, 77, 20, 157, 101,
       129, 126, 117, 19, 121, 251, 47, 20, 158, 55, 67, 251, 133, 87,
       120, 28, 177, 220, 241, 66, 207, 255, 86, 6, 138, 97, 203, 113,
       248, 186, 220, 120, 168, 169, 81, 215, 131, 63, 180, 57, 59, 171,
       66, 27, 15, 146, 237, 16, 58, 111, 194, 49, 219, 203, 112, 121,
       243, 200, 206, 11, 77, 85, 17, 69, 49, 94, 118, 56, 109, 232, 111,
       68, 222, 51, 9, 244, 148, 85, 120, 106, 65, 144, 249, 78, 167,
       253, 3, 6, 74, 51, 11, 51, 240, 174, 220, 114, 168, 173, 81, 223,
       178, 191, 164, 29, 55, 195, 74, 27, 5, 182, 109, 28, 58, 79, 202,
       51, 219, 203, 117, 121, 226, 192, 198, 131, 205, 117, 149, 103,
       161, 79, 119, 168, 121, 234, 47, 8, 222, 112, 73, 179, 145, 84,
       120, 106, 97, 240, 217, 14, 239, 223, 69, 6, 74, 115, 75, 50, 102,
       237, 144, 58, 153, 205, 22, 166, 159, 20, 168, 9, 166, 248, 32,
       20, 201, 123, 234, 80, 94, 107, 218, 63, 169, 214, 20, 123, 208,
       92, 142, 14, 205, 112, 145, 119, 41, 124, 113, 152, 123, 251, 39,
       24, 222, 19, 77, 190, 145, 93, 236, 10, 161, 116, 251, 66, 199,
       251, 85, 54, 202, 113, 75, 183, 108, 176, 185, 99, 173, 111, 21,
       137, 75, 63, 45, 24, 214, 53, 72, 58, 145, 22, 224, 48, 18, 112,
       249, 17, 207, 213, 5, 119, 210, 74, 199, 34, 236, 168, 148, 122,
       137, 249, 16, 206, 139, 23, 164, 25, 174, 225, 74, 159, 129, 115,
       232, 16, 30, 111, 202, 177, 219, 211, 81, 123, 210, 92, 142, 10,
       252, 164, 252, 122, 201, 109, 85, 223, 147, 183, 173, 25, 67, 241,
       75, 27, 137, 210, 239, 16, 58, 103, 218, 50, 91, 215, 85, 127,
       243, 249, 206, 2, 244, 40, 204, 180, 138, 32, 93, 159, 178, 183,
       166, 185, 87, 231, 67, 91, 67, 246, 109, 152, 56, 79, 202, 32,
       217, 161, 245, 61, 160, 240, 134, 106, 209, 84, 31, 118, 40, 78,
       69, 55, 224, 250, 166, 88, 247, 51, 128, 115, 0, 244, 124, 42,
       105, 205, 241, 12, 241, 171, 116, 16, 40, 240, 66, 57, 216, 144,
       191, 254, 138, 100, 81, 23, 162, 31, 167, 56, 119, 247, 72, 123,
       39, 215, 109, 0, 56, 79, 179, 1, 217, 227, 112, 88, 160, 224, 166,
       107, 216, 184, 158, 176, 43, 236, 80, 23, 178, 95, 164, 57, 191,
       151, 66, 27, 135, 179, 237, 16, 58, 79, 146, 1, 219, 195, 112,
       121, 160, 0, 7, 91, 247, 222, 76, 31, 136, 27, 70, 188, 125, 178,
       226, 221, 227, 104, 159, 17, 21, 230, 232, 102, 236, 228, 95, 63,
       162, 122, 69, 21, 125, 244, 216, 20, 13, 117, 17, 71, 85, 31, 102,
       188, 125, 168, 110, 76, 222, 80, 13, 180, 144, 84, 80, 106, 193,
       176, 89, 110, 39, 254, 5, 6, 74, 51, 203, 53, 37, 113, 145, 71,
       197, 95, 102, 184, 106, 232, 43, 72, 214, 80, 77, 182, 145, 92,
       64, 122, 65, 240, 249, 40, 45, 156, 5, 54, 72, 51, 66, 182, 221,
       38, 158, 180, 168, 56, 76, 138, 250, 179, 130, 249, 207, 170, 211,
       219, 163, 199, 236, 21, 60, 69, 135, 2, 154, 231, 119, 29, 168,
       245, 139, 0, 109, 48, 153, 103, 193, 110, 99, 152, 106, 226, 43,
       8, 210, 117, 73, 58, 145, 92, 96, 122, 1, 240, 249, 42, 77, 157,
       69, 52, 192, 115, 66, 32, 37, 161, 57, 67, 217, 79, 67, 136, 106,
       112, 41, 8, 210, 85, 77, 48, 145, 92, 64, 122, 3, 48, 121, 20,
       109, 156, 5, 116, 208, 43, 70, 162, 120, 177, 255, 112, 168, 204,
       81, 215, 226, 253, 164, 8, 27, 183, 64, 58, 35, 214, 236, 16, 26,
       107, 178, 0, 219, 235, 116, 121, 227, 128, 198, 107, 228, 180,
       157, 250, 232, 237, 21, 143, 186, 59, 161, 24, 150, 243, 72, 123,
       129, 18, 106, 24, 51, 111, 218, 51, 221, 130, 117, 124, 216, 89,
       199, 58, 180, 236, 155, 123, 132, 198, 71, 222, 118, 3, 234, 16,
