%YAML:1.0
---
descriptors: !!opencv-matrix
   rows: 133
   cols: 32
   dt: u
   data: [ 108, 125, 57, 103, 221, 79, 71, 184, 115, 168, 174, 8, 210,
       117, 65, 48, 152, 244, 108, 106, 73, 242, 249, 62, 231, 223, 5,
       52, 66, 123, 70, 34, 244, 254, 156, 50, 168, 173, 84, 223, 178,
       191, 164, 29, 55, 227, 66, 27, 129, 247, 237, 16, 110, 79, 202,
       49, 218, 195, 117, 121, 168, 208, 202, 11, 100, 99, 113, 71, 112,
       79, 103, 184, 105, 172, 127, 72, 211, 69, 141, 52, 24, 92, 68,
       106, 72, 176, 233, 14, 37, 156, 37, 52, 66, 179, 70, 161, 240,
       170, 222, 112, 138, 169, 81, 87, 162, 183, 164, 153, 55, 131, 66,
       27, 35, 179, 237, 16, 58, 79, 130, 32, 219, 193, 112, 121, 224,
       192, 142, 10, 69, 116, 24, 103, 240, 14, 118, 188, 121, 170, 107,
       76, 214, 115, 9, 16, 151, 76, 108, 106, 65, 240, 217, 110, 237,
       254, 5, 6, 72, 115, 195, 3, 69, 245, 157, 99, 180, 79, 71, 184,
       122, 240, 47, 8, 215, 113, 73, 50, 145, 68, 120, 122, 65, 112,
       249, 34, 237, 159, 37, 116, 200, 123, 83, 34, 224, 188, 247, 82,
       168, 173, 144, 211, 251, 187, 176, 120, 62, 248, 196, 59, 175,
       247, 124, 17, 179, 111, 130, 113, 25, 26, 117, 250, 201, 64, 199,
       59, 252, 40, 254, 112, 138, 232, 81, 210, 178, 151, 164, 57, 23,
       167, 67, 27, 35, 246, 109, 152, 58, 79, 130, 34, 219, 195, 117,
       121, 224, 193, 6, 98, 237, 166, 200, 17, 202, 56, 33, 235, 114,
       183, 7, 188, 209, 226, 202, 155, 115, 206, 234, 152, 51, 94, 239,
       34, 92, 3, 247, 237, 166, 228, 142, 225, 205, 53, 157, 103, 129,
       110, 119, 152, 121, 234, 47, 24, 222, 113, 73, 59, 145, 86, 104,
       106, 33, 240, 249, 42, 229, 254, 69, 6, 200, 115, 195, 51, 5, 117,
       16, 69, 49, 31, 102, 184, 124, 232, 107, 76, 222, 16, 29, 180,
       148, 76, 68, 106, 197, 176, 89, 14, 37, 188, 37, 4, 74, 179, 75,
       133, 226, 186, 190, 84, 232, 37, 17, 207, 170, 191, 164, 189, 4,
       231, 70, 27, 135, 119, 233, 16, 22, 79, 154, 113, 219, 145, 93,
       255, 128, 96, 135, 67, 37, 113, 17, 69, 69, 95, 102, 56, 106, 232,
       43, 72, 214, 16, 13, 180, 144, 68, 80, 106, 65, 176, 121, 24, 37,
       152, 1, 54, 72, 59, 66, 164, 133, 213, 25, 103, 176, 14, 111, 184,
       116, 74, 127, 100, 215, 119, 137, 112, 54, 78, 60, 238, 225, 144,
       121, 47, 230, 239, 39, 128, 42, 243, 161, 49, 100, 101, 104, 103,
       52, 11, 254, 40, 97, 160, 111, 9, 211, 105, 25, 16, 154, 204, 81,
       107, 76, 240, 205, 14, 230, 253, 5, 21, 101, 187, 90, 2, 92, 101,
       124, 103, 50, 90, 127, 168, 61, 160, 127, 136, 219, 51, 137, 16,
       50, 212, 221, 234, 96, 144, 73, 78, 231, 239, 37, 133, 98, 243,
       79, 34, 85, 213, 125, 103, 48, 78, 79, 188, 96, 232, 255, 68, 119,
       119, 136, 112, 86, 212, 28, 106, 233, 144, 121, 46, 227, 239, 37,
       148, 104, 179, 192, 49, 124, 180, 253, 118, 137, 125, 85, 185,
       227, 183, 165, 24, 83, 119, 73, 59, 129, 214, 236, 42, 56, 103,
       251, 0, 219, 219, 85, 61, 226, 240, 198, 98, 240, 152, 189, 124,
       136, 236, 17, 14, 206, 19, 160, 24, 246, 245, 64, 123, 193, 114,
       104, 16, 58, 111, 219, 49, 217, 162, 117, 122, 208, 8, 133, 34,
       100, 113, 145, 103, 56, 15, 70, 168, 97, 160, 170, 72, 211, 109,
       77, 18, 156, 212, 104, 98, 73, 240, 217, 40, 175, 220, 5, 20, 72,
       59, 66, 18, 228, 224, 189, 118, 169, 38, 71, 136, 242, 191, 167,
       24, 195, 227, 73, 91, 209, 198, 104, 122, 58, 71, 251, 50, 233,
       219, 213, 61, 128, 115, 198, 34, 220, 204, 92, 244, 138, 106, 68,
       175, 180, 178, 166, 24, 119, 99, 8, 83, 33, 214, 108, 162, 120,
       205, 73, 46, 249, 227, 245, 21, 32, 240, 204, 42, 37, 229, 37, 77,
       153, 15, 71, 184, 86, 176, 43, 72, 211, 117, 9, 112, 17, 92, 104,
       110, 105, 240, 121, 31, 237, 142, 5, 52, 88, 187, 64, 48, 77, 117,
       25, 103, 177, 78, 119, 184, 120, 234, 47, 8, 222, 113, 9, 48, 144,
       92, 120, 106, 97, 240, 249, 46, 239, 255, 5, 6, 74, 115, 195, 35,
       44, 165, 49, 65, 221, 79, 215, 169, 78, 53, 45, 24, 214, 53, 72,
       52, 145, 30, 66, 48, 83, 112, 121, 21, 111, 220, 5, 119, 210, 106,
       198, 162, 242, 170, 150, 176, 233, 173, 88, 215, 171, 155, 160,
       89, 46, 171, 64, 31, 167, 163, 125, 28, 58, 79, 146, 241, 155,
       218, 84, 122, 160, 192, 130, 11, 141, 142, 252, 115, 240, 175,
       103, 159, 118, 191, 46, 92, 215, 97, 130, 121, 23, 78, 110, 60,
       182, 252, 109, 62, 110, 207, 53, 68, 250, 192, 192, 73, 45, 103,
       16, 71, 116, 31, 102, 56, 125, 168, 123, 76, 215, 96, 157, 180,
       148, 76, 70, 110, 196, 176, 73, 14, 36, 188, 37, 4, 74, 187, 75,
       133, 37, 117, 16, 5, 117, 31, 230, 184, 106, 224, 43, 76, 210, 16,
       93, 180, 144, 76, 80, 110, 197, 176, 217, 28, 37, 156, 5, 52, 72,
       59, 90, 132, 93, 85, 121, 111, 176, 14, 111, 184, 116, 74, 127,
       100, 215, 119, 137, 112, 54, 92, 28, 106, 233, 144, 121, 46, 231,
       175, 37, 132, 40, 243, 192, 49, 59, 159, 110, 216, 191, 241, 217,
       119, 199, 69, 220, 183, 41, 173, 182, 228, 239, 170, 151, 148,
       158, 43, 54, 183, 123, 95, 146, 219, 183, 140, 252, 222, 19, 63,
       238, 2, 146, 242, 190, 71, 168, 197, 252, 167, 40, 174, 183, 34,
       174, 123, 210, 213, 151, 233, 38, 108, 58, 5, 46, 131, 205, 86,
       175, 221, 124, 112, 185, 98, 45, 109, 83, 152, 75, 255, 189, 24,
       223, 213, 73, 58, 153, 212, 92, 26, 11, 103, 251, 0, 219, 221, 5,
       125, 194, 123, 70, 115, 213, 125, 159, 182, 168, 46, 87, 191, 178,
       178, 171, 88, 215, 243, 73, 27, 129, 246, 108, 122, 105, 69, 219,
       34, 249, 227, 117, 48, 168, 121, 130, 2, 252, 112, 189, 98, 40,
       109, 81, 152, 227, 250, 167, 8, 215, 87, 73, 58, 149, 212, 124,
       90, 9, 103, 251, 0, 195, 217, 101, 60, 192, 243, 70, 51, 112, 176,
       56, 96, 8, 205, 81, 19, 226, 225, 172, 8, 19, 151, 64, 50, 133,
       150, 88, 24, 27, 43, 242, 2, 219, 141, 53, 124, 232, 130, 198, 50,
       108, 229, 157, 103, 169, 109, 71, 168, 98, 186, 173, 8, 214, 119,
       73, 122, 145, 84, 108, 122, 123, 64, 251, 49, 237, 211, 69, 125,
       128, 115, 198, 34, 100, 229, 24, 103, 25, 15, 70, 168, 99, 160,
       235, 8, 211, 113, 72, 16, 152, 204, 104, 106, 72, 50, 217, 14,
       231, 253, 5, 52, 72, 186, 202, 2, 124, 101, 212, 46, 27, 66, 22,
       232, 51, 128, 169, 169, 111, 243, 9, 214, 210, 213, 237, 98, 108,
       67, 203, 171, 186, 246, 69, 63, 123, 119, 46, 22, 124, 103, 80,
       103, 113, 26, 126, 168, 49, 164, 255, 40, 75, 99, 137, 148, 58,
       220, 237, 234, 72, 176, 201, 206, 246, 255, 165, 133, 99, 183,
       110, 2, 116, 103, 72, 103, 85, 74, 103, 120, 113, 172, 255, 11,
       67, 105, 27, 16, 56, 204, 100, 107, 76, 176, 201, 46, 247, 165,
       37, 21, 105, 51, 90, 130, 208, 168, 159, 112, 138, 232, 81, 151,
       162, 23, 166, 24, 183, 151, 64, 91, 35, 183, 108, 16, 58, 79, 162,
       49, 217, 163, 112, 120, 160, 192, 134, 106, 120, 169, 222, 114,
       172, 237, 81, 215, 226, 61, 172, 8, 55, 243, 64, 27, 8, 178, 108,
       16, 26, 107, 234, 49, 219, 203, 117, 121, 224, 200, 198, 42, 216,
       120, 180, 250, 169, 253, 80, 84, 171, 25, 181, 24, 159, 159, 64,
       91, 134, 147, 253, 82, 26, 79, 250, 176, 211, 217, 114, 123, 194,
       17, 135, 19, 124, 221, 110, 102, 159, 90, 87, 190, 225, 228, 174,
       139, 107, 125, 23, 82, 121, 246, 237, 226, 236, 171, 253, 47, 251,
       239, 133, 17, 99, 254, 222, 122, 109, 244, 57, 75, 217, 79, 71,
       168, 91, 120, 45, 8, 210, 113, 77, 52, 153, 92, 96, 106, 75, 112,
       249, 31, 111, 223, 5, 118, 82, 59, 70, 34, 240, 174, 222, 48, 42,
       169, 81, 210, 179, 151, 164, 185, 23, 167, 66, 27, 39, 183, 109,
       16, 58, 79, 130, 50, 219, 195, 113, 121, 224, 193, 38, 75, 69,
       117, 25, 103, 240, 46, 103, 188, 104, 170, 107, 76, 214, 115, 9,
       16, 147, 78, 64, 106, 65, 176, 217, 110, 237, 190, 5, 4, 72, 115,
       195, 131, 248, 170, 158, 176, 139, 168, 80, 71, 163, 19, 160, 189,
