%YAML:1.0
---
descriptors: !!opencv-matrix
   rows: 369
   cols: 32
   dt: u
   data: [ 221, 16, 253, 247, 44, 46, 91, 152, 253, 250, 183, 112, 255,
       115, 153, 123, 247, 213, 125, 106, 169, 229, 251, 168, 195, 251,
       99, 148, 228, 251, 1, 33, 221, 52, 189, 247, 172, 108, 93, 25,
       251, 219, 183, 88, 223, 115, 200, 123, 135, 215, 125, 24, 185,
       101, 251, 2, 203, 251, 119, 212, 128, 224, 195, 33, 220, 176, 189,
       240, 168, 108, 93, 29, 187, 251, 183, 120, 223, 255, 72, 123, 135,
       149, 253, 49, 185, 71, 251, 130, 219, 251, 127, 252, 136, 224,
       135, 115, 76, 180, 156, 99, 160, 111, 117, 29, 42, 255, 175, 29,
       223, 55, 74, 26, 149, 23, 237, 48, 26, 80, 249, 0, 207, 211, 117,
       117, 194, 194, 134, 115, 162, 172, 246, 191, 238, 47, 252, 238,
       63, 251, 250, 27, 236, 254, 60, 81, 255, 239, 127, 5, 178, 255,
       203, 255, 188, 58, 223, 254, 149, 252, 241, 217, 108, 173, 182,
       252, 221, 237, 87, 230, 223, 134, 236, 9, 174, 255, 38, 19, 201,
       251, 235, 66, 56, 107, 242, 252, 251, 255, 87, 59, 210, 124, 230,
       74, 182, 172, 246, 223, 239, 43, 254, 255, 191, 179, 250, 154,
       111, 235, 124, 95, 127, 239, 127, 131, 250, 255, 143, 255, 190,
       250, 223, 156, 135, 252, 241, 128, 236, 180, 188, 235, 141, 125,
       81, 27, 95, 63, 165, 24, 223, 125, 74, 59, 217, 146, 233, 48, 58,
       102, 251, 147, 207, 219, 85, 125, 210, 72, 198, 98, 236, 113, 189,
       103, 168, 78, 87, 184, 49, 238, 183, 8, 215, 119, 73, 51, 148,
       212, 125, 106, 105, 196, 249, 40, 231, 249, 101, 52, 96, 243, 70,
       115, 92, 85, 125, 231, 176, 78, 79, 184, 32, 236, 191, 108, 215,
       119, 137, 114, 23, 212, 125, 106, 105, 144, 249, 14, 237, 239, 37,
       148, 160, 243, 68, 115, 221, 220, 189, 246, 168, 76, 87, 186, 254,
       218, 162, 92, 247, 119, 9, 123, 135, 87, 125, 106, 233, 71, 251,
       58, 249, 235, 119, 28, 128, 113, 131, 59, 197, 214, 157, 247, 164,
       14, 103, 188, 120, 186, 163, 80, 215, 115, 137, 123, 149, 86, 108,
       110, 241, 229, 217, 42, 165, 175, 101, 20, 8, 243, 131, 49, 236,
       245, 189, 103, 141, 79, 71, 173, 58, 250, 173, 24, 215, 117, 72,
       51, 145, 86, 120, 106, 121, 112, 249, 62, 229, 251, 69, 52, 192,
       122, 198, 98, 100, 116, 189, 103, 169, 110, 71, 136, 122, 243, 39,
       24, 214, 115, 73, 59, 145, 84, 120, 58, 49, 100, 251, 2, 207, 255,
       69, 116, 192, 115, 198, 98, 236, 125, 185, 103, 141, 79, 71, 168,
       112, 238, 239, 8, 214, 117, 9, 48, 153, 84, 124, 106, 105, 242,
       249, 42, 237, 255, 69, 52, 64, 123, 86, 226, 108, 165, 157, 122,
       201, 77, 87, 168, 243, 183, 173, 24, 86, 243, 72, 26, 153, 210,
       233, 114, 122, 99, 250, 51, 251, 215, 69, 127, 208, 114, 206, 226,
       108, 69, 57, 103, 157, 79, 71, 184, 117, 172, 175, 8, 211, 117,
       25, 48, 88, 220, 120, 106, 104, 178, 121, 14, 239, 223, 5, 52,
       194, 123, 86, 34, 188, 100, 244, 110, 141, 95, 86, 232, 19, 166,
       165, 11, 75, 253, 73, 147, 217, 208, 224, 122, 108, 99, 219, 62,
       251, 207, 69, 125, 115, 127, 70, 66, 108, 101, 125, 103, 93, 94,
       95, 184, 113, 164, 239, 8, 219, 109, 25, 177, 88, 220, 233, 106,
       104, 242, 249, 12, 103, 251, 69, 5, 99, 187, 94, 34, 132, 172,
       135, 243, 204, 169, 236, 207, 190, 147, 226, 82, 181, 227, 72, 75,
       105, 226, 106, 152, 50, 124, 203, 115, 156, 130, 215, 104, 177,
       200, 241, 136, 249, 184, 255, 116, 171, 249, 85, 87, 227, 251,
       180, 56, 59, 255, 198, 63, 163, 246, 236, 24, 191, 111, 178, 33,
       219, 219, 84, 123, 235, 192, 198, 127, 65, 113, 49, 101, 16, 78,
       103, 48, 104, 224, 98, 72, 214, 21, 1, 180, 16, 84, 120, 106, 65,
       240, 241, 76, 229, 184, 0, 0, 74, 51, 67, 50, 204, 240, 213, 87,
       201, 76, 117, 189, 49, 187, 35, 88, 94, 55, 72, 255, 133, 212,
       125, 106, 97, 84, 249, 98, 47, 186, 85, 102, 34, 50, 134, 51, 248,
       186, 255, 112, 170, 201, 81, 87, 162, 31, 164, 57, 55, 135, 66,
       27, 39, 182, 109, 24, 26, 111, 178, 17, 219, 195, 113, 121, 227,
       128, 134, 123, 252, 99, 204, 103, 168, 75, 86, 8, 2, 182, 181,
       169, 195, 73, 75, 27, 24, 212, 237, 98, 72, 102, 201, 8, 230, 193,
       101, 53, 99, 251, 78, 2, 156, 229, 189, 103, 145, 78, 103, 184,
       52, 162, 239, 2, 83, 115, 9, 113, 49, 220, 73, 250, 104, 212, 57,
       46, 235, 239, 133, 4, 160, 243, 228, 34, 96, 141, 157, 254, 220,
       237, 5, 175, 218, 23, 168, 24, 182, 179, 64, 90, 129, 83, 104, 16,
       50, 107, 218, 119, 253, 182, 84, 122, 208, 88, 199, 42, 192, 140,
       157, 255, 200, 237, 5, 175, 158, 51, 32, 24, 182, 51, 64, 123,
       129, 82, 106, 8, 51, 76, 219, 51, 237, 178, 84, 56, 144, 88, 135,
       42, 84, 68, 125, 103, 148, 111, 67, 184, 118, 166, 171, 10, 83,
       115, 9, 112, 49, 212, 72, 250, 40, 180, 121, 62, 249, 207, 5, 20,
       241, 251, 64, 34, 192, 190, 152, 89, 184, 169, 17, 175, 30, 63,
       44, 56, 166, 51, 192, 24, 131, 27, 238, 16, 50, 104, 227, 51, 237,
       151, 52, 123, 208, 72, 135, 171, 104, 180, 188, 115, 233, 125, 17,
       143, 219, 55, 45, 24, 174, 253, 78, 58, 129, 18, 232, 16, 50, 104,
       251, 51, 207, 215, 85, 127, 210, 72, 207, 106, 77, 101, 240, 103,
       244, 31, 118, 184, 121, 232, 127, 73, 219, 121, 157, 176, 151, 76,
       124, 110, 196, 240, 201, 14, 239, 255, 37, 4, 66, 247, 66, 101,
       80, 48, 29, 112, 8, 237, 81, 19, 226, 241, 162, 24, 215, 147, 64,
       123, 1, 246, 108, 16, 11, 105, 243, 0, 217, 128, 113, 88, 224,
       128, 7, 42, 161, 142, 207, 125, 180, 170, 101, 151, 118, 3, 106,
       212, 243, 33, 144, 89, 19, 110, 36, 28, 187, 252, 69, 47, 140,
       170, 116, 64, 236, 192, 208, 40, 129, 174, 159, 57, 236, 169, 105,
       183, 238, 19, 106, 208, 181, 227, 208, 75, 67, 46, 106, 28, 51,
       252, 135, 51, 76, 171, 118, 64, 152, 192, 129, 168, 252, 173, 252,
       114, 136, 233, 85, 223, 178, 183, 172, 184, 55, 231, 64, 27, 3,
       242, 109, 24, 58, 75, 170, 19, 251, 195, 117, 125, 224, 208, 198,
       106, 5, 112, 83, 69, 112, 95, 103, 48, 105, 200, 103, 72, 210, 16,
       133, 52, 16, 60, 80, 106, 65, 180, 117, 76, 37, 184, 0, 2, 74,
       179, 67, 181, 141, 206, 207, 63, 164, 186, 101, 159, 118, 147,
       102, 212, 243, 227, 249, 105, 51, 110, 34, 30, 123, 220, 47, 51,
       236, 227, 119, 64, 190, 240, 225, 168, 141, 175, 221, 59, 164,
       171, 109, 191, 118, 179, 102, 212, 247, 227, 248, 105, 51, 74, 34,
       30, 51, 220, 47, 51, 236, 195, 119, 68, 190, 240, 225, 168, 129,
       166, 143, 185, 236, 169, 105, 159, 238, 19, 66, 208, 181, 227,
       240, 107, 99, 10, 106, 28, 51, 252, 15, 49, 76, 136, 118, 72, 152,
       192, 225, 168, 129, 170, 151, 155, 236, 169, 105, 215, 238, 19,
       98, 212, 181, 227, 224, 75, 99, 34, 106, 28, 51, 92, 143, 113,
       204, 130, 118, 104, 152, 192, 161, 168, 54, 93, 18, 190, 93, 199,
       6, 224, 157, 140, 233, 13, 70, 240, 45, 144, 216, 233, 202, 99,
       108, 163, 26, 46, 177, 182, 5, 31, 80, 59, 110, 130, 38, 221, 18,
       190, 125, 197, 22, 224, 159, 140, 233, 9, 198, 242, 44, 148, 216,
       249, 194, 66, 72, 35, 90, 63, 177, 150, 5, 59, 80, 59, 46, 134,
       193, 174, 159, 155, 236, 169, 225, 199, 254, 19, 96, 208, 181,
       226, 224, 75, 99, 34, 106, 28, 51, 124, 134, 115, 204, 2, 242,
       104, 156, 192, 161, 168, 129, 143, 199, 59, 128, 170, 101, 151,
       118, 83, 98, 212, 243, 96, 144, 121, 81, 110, 32, 28, 59, 252, 79,
       51, 44, 162, 52, 64, 236, 208, 208, 168, 76, 116, 191, 103, 129,
       126, 119, 136, 120, 234, 47, 24, 222, 119, 73, 58, 177, 84, 104,
       50, 33, 244, 185, 10, 103, 255, 69, 39, 192, 115, 71, 34, 234,
       188, 180, 254, 173, 189, 220, 158, 255, 187, 180, 24, 238, 249,
       92, 31, 201, 98, 127, 24, 186, 111, 250, 179, 207, 219, 215, 122,
       210, 92, 211, 75, 237, 184, 188, 250, 173, 253, 85, 159, 251, 251,
       180, 24, 254, 249, 74, 59, 133, 115, 125, 24, 178, 109, 250, 241,
