%YAML:1.0
---
descriptors: !!opencv-matrix
   rows: 268
   cols: 32
   dt: u
   data: [ 108, 225, 189, 99, 169, 105, 87, 136, 122, 183, 37, 24, 210,
       119, 73, 59, 145, 86, 104, 122, 59, 96, 251, 48, 237, 219, 69,
       126, 192, 115, 198, 98, 120, 184, 254, 120, 138, 201, 81, 119,
       179, 21, 172, 56, 55, 183, 66, 18, 9, 178, 237, 16, 58, 107, 162,
       49, 219, 195, 116, 121, 225, 128, 230, 106, 145, 143, 201, 37,
       176, 42, 110, 183, 116, 163, 106, 208, 243, 35, 144, 112, 115,
       206, 44, 44, 120, 188, 69, 47, 236, 174, 53, 64, 228, 240, 192, 8,
       120, 184, 189, 248, 138, 232, 81, 23, 179, 55, 166, 25, 55, 183,
       64, 90, 3, 183, 109, 16, 58, 79, 178, 17, 219, 231, 112, 121, 160,
       192, 134, 106, 209, 84, 157, 100, 56, 14, 71, 58, 224, 250, 162,
       92, 215, 51, 128, 115, 0, 212, 124, 106, 233, 197, 209, 14, 241,
       171, 101, 20, 104, 240, 66, 49, 208, 24, 159, 116, 168, 108, 65,
       51, 176, 155, 166, 24, 215, 55, 0, 123, 1, 246, 108, 24, 57, 77,
       179, 0, 217, 227, 116, 88, 160, 224, 6, 59, 77, 117, 49, 71, 81,
       78, 102, 184, 121, 224, 107, 72, 222, 113, 13, 180, 144, 92, 80,
       106, 225, 240, 249, 46, 39, 190, 5, 6, 74, 51, 67, 160, 69, 181,
       145, 71, 193, 78, 102, 184, 105, 234, 107, 76, 214, 115, 8, 182,
       144, 84, 104, 106, 81, 240, 249, 42, 175, 190, 69, 6, 74, 115,
       195, 177, 197, 85, 149, 71, 160, 62, 102, 184, 105, 170, 107, 76,
       214, 115, 137, 247, 145, 68, 124, 110, 225, 208, 249, 42, 167,
       186, 101, 4, 74, 243, 74, 33, 120, 56, 253, 116, 40, 205, 81, 19,
       163, 189, 164, 28, 55, 151, 64, 27, 7, 182, 109, 24, 10, 107, 178,
       1, 211, 225, 113, 57, 226, 128, 6, 123, 37, 113, 17, 71, 85, 79,
       103, 168, 106, 224, 43, 8, 210, 81, 77, 180, 144, 92, 82, 106, 65,
       240, 121, 28, 45, 156, 5, 54, 72, 59, 66, 160, 40, 225, 121, 109,
       25, 77, 87, 168, 67, 52, 173, 8, 115, 81, 8, 48, 24, 152, 64, 106,
       74, 34, 123, 29, 99, 205, 1, 61, 82, 186, 70, 226, 133, 223, 31,
       127, 176, 142, 111, 189, 116, 202, 94, 100, 245, 115, 137, 112,
       55, 110, 52, 110, 225, 208, 125, 47, 228, 175, 39, 128, 8, 242,
       129, 185, 117, 167, 108, 3, 180, 26, 110, 175, 105, 189, 63, 157,
       195, 40, 222, 50, 59, 198, 108, 62, 252, 112, 237, 30, 174, 15,
       37, 213, 229, 226, 218, 68, 114, 168, 189, 92, 202, 100, 17, 207,
       170, 189, 160, 25, 100, 247, 68, 27, 129, 119, 105, 16, 18, 75,
       170, 113, 91, 162, 125, 255, 128, 96, 135, 107, 221, 34, 156, 180,
       168, 56, 72, 10, 251, 187, 163, 121, 207, 162, 211, 219, 131, 197,
       108, 30, 60, 69, 207, 0, 154, 243, 119, 29, 136, 241, 11, 0, 93,
       93, 125, 110, 176, 78, 79, 188, 224, 168, 191, 72, 215, 119, 137,
       115, 86, 212, 124, 106, 201, 131, 121, 44, 241, 233, 101, 148,
       104, 243, 194, 49, 214, 184, 149, 242, 168, 232, 1, 142, 186, 251,
       130, 120, 182, 247, 72, 219, 131, 247, 125, 16, 59, 79, 218, 35,
       153, 178, 127, 250, 128, 81, 135, 59, 28, 181, 153, 239, 180, 47,
       79, 184, 54, 234, 223, 64, 215, 115, 137, 112, 87, 94, 29, 42, 41,
       144, 105, 62, 233, 237, 39, 148, 168, 243, 128, 49, 236, 48, 189,
       99, 173, 125, 81, 152, 91, 255, 165, 24, 222, 93, 73, 59, 145, 80,
       255, 58, 27, 100, 251, 16, 207, 219, 65, 127, 194, 107, 71, 51,
       252, 188, 252, 118, 136, 111, 69, 190, 178, 190, 165, 24, 83, 119,
       73, 27, 9, 214, 108, 42, 120, 71, 251, 42, 251, 235, 117, 61, 226,
       241, 198, 34, 120, 184, 253, 116, 168, 252, 81, 151, 226, 255,
       164, 24, 19, 247, 66, 59, 133, 246, 124, 24, 27, 75, 250, 0, 219,
       235, 117, 121, 224, 192, 198, 123, 252, 112, 189, 114, 41, 111,
       83, 152, 251, 250, 165, 24, 223, 87, 73, 59, 145, 212, 124, 122,
       41, 103, 251, 0, 223, 219, 101, 116, 194, 243, 70, 50, 252, 108,
       252, 114, 137, 45, 85, 218, 211, 183, 165, 25, 67, 225, 79, 27, 9,
       214, 236, 26, 58, 103, 219, 50, 219, 219, 85, 125, 243, 249, 206,
       34, 108, 180, 189, 115, 173, 125, 81, 153, 127, 59, 173, 24, 222,
       125, 72, 58, 153, 18, 252, 16, 26, 100, 251, 19, 207, 223, 81,
       127, 210, 75, 198, 50, 224, 188, 156, 218, 204, 237, 69, 143, 218,
       27, 164, 24, 182, 243, 72, 123, 129, 82, 106, 24, 51, 111, 218,
       51, 205, 178, 117, 124, 216, 88, 199, 42, 232, 245, 189, 122, 189,
       253, 85, 175, 223, 59, 164, 24, 190, 189, 76, 187, 137, 19, 232,
       16, 58, 106, 242, 179, 239, 223, 84, 123, 210, 72, 206, 42, 208,
       140, 92, 247, 146, 106, 71, 167, 180, 162, 166, 16, 247, 99, 0,
       83, 49, 246, 109, 170, 120, 205, 89, 47, 249, 231, 53, 17, 32,
       112, 228, 42, 192, 168, 157, 255, 200, 237, 17, 135, 158, 19, 96,
       24, 182, 243, 64, 91, 129, 122, 106, 24, 50, 76, 218, 51, 205,
       163, 84, 120, 144, 72, 133, 170, 21, 229, 17, 99, 20, 79, 103,
       248, 118, 160, 107, 0, 211, 113, 73, 32, 57, 220, 32, 106, 73,
       240, 121, 62, 233, 142, 5, 36, 112, 187, 64, 32, 100, 109, 27, 70,
       220, 199, 231, 224, 248, 128, 235, 8, 116, 253, 37, 48, 248, 253,
       122, 235, 73, 227, 186, 108, 121, 140, 143, 12, 65, 51, 103, 162,
       69, 113, 17, 71, 85, 79, 103, 184, 104, 224, 107, 76, 214, 81, 93,
       52, 144, 76, 112, 106, 193, 176, 249, 12, 37, 188, 5, 6, 74, 51,
       67, 162, 93, 48, 156, 230, 40, 12, 89, 24, 175, 185, 183, 40, 223,
       31, 73, 91, 134, 213, 125, 88, 10, 65, 203, 144, 219, 249, 115,
       252, 160, 163, 3, 35, 216, 176, 188, 112, 41, 221, 81, 25, 187,
       59, 181, 56, 159, 159, 64, 59, 133, 149, 253, 24, 171, 111, 242,
       17, 219, 219, 113, 252, 202, 128, 67, 51, 248, 180, 188, 248, 173,
       253, 80, 87, 251, 59, 180, 28, 191, 185, 64, 59, 141, 179, 253,
       24, 58, 111, 242, 147, 219, 219, 80, 122, 218, 200, 67, 59, 129,
       174, 135, 155, 236, 169, 108, 207, 254, 19, 66, 208, 181, 226,
       248, 75, 99, 106, 106, 28, 51, 124, 143, 115, 140, 130, 246, 96,
       152, 192, 225, 168, 76, 180, 189, 65, 193, 111, 49, 15, 43, 183,
       45, 24, 206, 55, 72, 26, 177, 23, 225, 48, 50, 112, 185, 66, 207,
       215, 85, 119, 194, 64, 135, 226, 108, 176, 189, 99, 169, 111, 49,
       9, 123, 191, 37, 24, 222, 117, 72, 58, 145, 20, 232, 50, 18, 116,
       249, 16, 207, 215, 69, 119, 194, 107, 135, 35, 205, 117, 149, 103,
       37, 78, 119, 184, 120, 234, 107, 8, 222, 113, 9, 59, 144, 68, 104,
       106, 225, 244, 249, 42, 229, 186, 69, 6, 72, 115, 67, 35, 205,
       116, 157, 103, 145, 78, 55, 168, 121, 226, 103, 16, 222, 115, 9,
       51, 145, 93, 120, 106, 33, 208, 249, 74, 239, 255, 71, 6, 200,
       115, 131, 50, 92, 162, 156, 114, 170, 169, 21, 143, 178, 191, 172,
       185, 143, 163, 74, 26, 167, 215, 237, 16, 26, 73, 138, 48, 219,
       199, 117, 125, 224, 64, 135, 67, 69, 253, 189, 67, 172, 111, 103,
       152, 122, 251, 47, 24, 215, 113, 89, 42, 17, 70, 120, 122, 113,
       112, 249, 34, 237, 143, 101, 116, 200, 123, 211, 35, 120, 171,
       254, 120, 138, 233, 81, 119, 163, 21, 164, 57, 55, 183, 66, 26,
       131, 178, 237, 16, 26, 75, 130, 49, 219, 195, 112, 121, 224, 192,
       166, 43, 216, 152, 191, 116, 168, 108, 81, 19, 178, 159, 166, 24,
       119, 183, 64, 91, 35, 246, 108, 8, 56, 79, 178, 0, 217, 227, 116,
       89, 160, 224, 166, 107, 69, 117, 16, 71, 117, 30, 230, 184, 121,
       168, 107, 76, 222, 112, 13, 180, 144, 92, 80, 106, 225, 176, 217,
       46, 39, 190, 5, 6, 74, 51, 75, 164, 101, 116, 145, 71, 193, 110,
       102, 152, 105, 234, 43, 8, 214, 113, 77, 62, 145, 84, 112, 122, 1,
       244, 249, 10, 77, 190, 69, 52, 202, 115, 66, 50, 37, 241, 49, 67,
       217, 95, 67, 168, 106, 240, 45, 8, 210, 85, 77, 52, 145, 92, 64,
       122, 65, 112, 249, 20, 45, 156, 5, 118, 208, 59, 66, 160, 13, 78,
       69, 39, 176, 10, 102, 184, 116, 170, 122, 228, 211, 97, 145, 240,
       87, 108, 44, 110, 233, 212, 109, 46, 236, 230, 37, 132, 110, 179,
       80, 33, 9, 221, 27, 111, 176, 14, 111, 189, 116, 202, 94, 100,
