%YAML:1.0
---
descriptors: !!opencv-matrix
   rows: 261
   cols: 32
   dt: u
   data: [ 197, 198, 157, 119, 164, 46, 100, 188, 60, 186, 35, 80, 215,
       113, 137, 59, 149, 86, 108, 42, 97, 229, 201, 42, 165, 186, 117,
       20, 72, 243, 195, 49, 5, 117, 17, 71, 85, 78, 103, 184, 120, 200,
       107, 72, 222, 83, 9, 180, 144, 92, 64, 106, 65, 240, 249, 110, 37,
       188, 0, 6, 72, 51, 67, 160, 236, 245, 181, 103, 157, 79, 71, 172,
       58, 252, 169, 8, 214, 119, 73, 50, 145, 94, 121, 106, 105, 80,
       249, 63, 237, 255, 5, 52, 64, 123, 198, 98, 205, 21, 149, 71, 160,
       14, 102, 184, 121, 170, 107, 76, 215, 51, 136, 247, 148, 68, 124,
       110, 241, 208, 217, 14, 164, 186, 101, 4, 74, 243, 66, 33, 228,
       229, 156, 122, 137, 77, 87, 168, 179, 155, 173, 24, 86, 119, 74,
       27, 153, 210, 121, 122, 122, 99, 250, 51, 235, 219, 69, 127, 210,
       115, 206, 34, 100, 109, 189, 103, 25, 79, 71, 168, 18, 228, 173,
       8, 211, 119, 73, 50, 216, 212, 121, 106, 105, 98, 249, 62, 237,
       222, 5, 60, 64, 59, 70, 98, 44, 125, 53, 103, 157, 79, 71, 168,
       116, 228, 233, 8, 211, 117, 9, 48, 216, 92, 89, 106, 105, 242,
       121, 46, 229, 223, 5, 52, 64, 123, 86, 114, 37, 81, 49, 77, 29,
       79, 67, 40, 76, 224, 111, 8, 210, 17, 9, 52, 144, 92, 80, 106, 65,
       176, 121, 12, 101, 188, 1, 52, 80, 59, 84, 34, 108, 224, 57, 109,
       77, 77, 83, 168, 66, 52, 165, 8, 211, 81, 73, 50, 153, 16, 64,
       106, 10, 98, 251, 25, 199, 201, 1, 61, 80, 59, 70, 162, 253, 112,
       189, 103, 40, 78, 87, 152, 97, 250, 183, 12, 211, 87, 73, 59, 148,
       212, 124, 106, 201, 103, 249, 32, 211, 249, 101, 52, 104, 243, 70,
       51, 217, 186, 158, 184, 168, 156, 88, 215, 179, 95, 180, 189, 63,
       183, 66, 155, 167, 179, 253, 20, 191, 79, 226, 49, 219, 195, 117,
       249, 162, 196, 138, 91, 116, 133, 93, 100, 186, 10, 71, 189, 232,
       160, 170, 8, 215, 115, 8, 115, 2, 215, 108, 106, 121, 169, 89, 12,
       249, 233, 101, 84, 96, 178, 192, 32, 212, 68, 125, 101, 32, 106,
       71, 184, 116, 162, 167, 8, 215, 119, 9, 123, 18, 212, 124, 106,
       105, 244, 121, 14, 225, 235, 101, 20, 32, 243, 68, 32, 252, 100,
       189, 102, 143, 107, 7, 232, 82, 182, 165, 8, 82, 117, 73, 59, 153,
       212, 232, 98, 104, 103, 251, 10, 249, 195, 69, 63, 225, 123, 70,
       34, 69, 156, 157, 87, 137, 46, 39, 156, 254, 187, 43, 84, 220,
       114, 73, 122, 149, 87, 120, 26, 177, 64, 219, 98, 141, 190, 119,
       68, 136, 115, 129, 33, 64, 164, 157, 217, 200, 237, 69, 175, 126,
       51, 40, 24, 182, 51, 72, 123, 129, 82, 106, 24, 51, 104, 211, 115,
       173, 182, 84, 124, 144, 72, 135, 40, 228, 101, 191, 102, 200, 103,
       231, 232, 242, 178, 229, 8, 80, 247, 41, 59, 185, 221, 115, 234,
       40, 119, 184, 72, 125, 170, 207, 44, 65, 115, 231, 162, 69, 117,
       145, 103, 113, 78, 119, 168, 121, 232, 43, 8, 222, 17, 73, 50,
       144, 92, 112, 106, 65, 240, 249, 14, 229, 156, 5, 38, 72, 51, 67,
       179, 108, 103, 74, 39, 48, 11, 118, 104, 40, 164, 111, 169, 203,
       99, 139, 144, 178, 196, 237, 110, 76, 240, 137, 12, 230, 245, 33,
       5, 98, 183, 74, 2, 76, 116, 120, 103, 48, 47, 63, 24, 57, 236, 63,
       173, 223, 87, 203, 16, 150, 85, 237, 110, 128, 208, 233, 78, 231,
       253, 37, 148, 66, 243, 7, 113, 208, 156, 159, 250, 138, 228, 81,
       151, 178, 23, 166, 24, 55, 183, 64, 91, 65, 246, 109, 144, 59, 79,
       179, 35, 217, 227, 244, 89, 160, 64, 166, 58, 124, 174, 255, 114,
       138, 232, 85, 207, 162, 183, 172, 184, 39, 231, 65, 27, 35, 246,
       109, 16, 58, 79, 170, 49, 219, 195, 117, 121, 160, 209, 134, 106,
       64, 241, 189, 97, 161, 79, 53, 175, 42, 189, 36, 24, 150, 55, 72,
       18, 129, 23, 105, 16, 82, 88, 249, 16, 237, 148, 85, 118, 192, 16,
       135, 106, 129, 142, 203, 121, 176, 170, 109, 151, 118, 3, 98, 244,
       243, 97, 144, 89, 19, 46, 44, 28, 59, 252, 69, 63, 204, 175, 52,
       64, 232, 192, 192, 40, 129, 142, 207, 121, 176, 170, 103, 151,
       118, 3, 98, 244, 243, 33, 144, 121, 19, 46, 12, 28, 187, 252, 69,
       63, 204, 174, 52, 64, 236, 192, 192, 40, 166, 252, 148, 190, 153,
       237, 22, 236, 155, 26, 160, 25, 230, 242, 101, 159, 137, 123, 234,
       83, 126, 111, 218, 59, 169, 150, 85, 123, 208, 93, 143, 14, 54,
       196, 23, 158, 217, 231, 134, 236, 159, 134, 233, 9, 70, 240, 45,
       16, 217, 235, 106, 99, 108, 99, 26, 126, 185, 182, 7, 63, 208,
       123, 174, 134, 129, 174, 207, 59, 160, 170, 101, 191, 118, 19, 98,
       212, 243, 96, 144, 121, 115, 46, 42, 28, 51, 220, 199, 55, 204,
       162, 118, 64, 236, 192, 192, 168, 193, 174, 159, 185, 236, 169,
       232, 199, 254, 51, 2, 208, 181, 163, 208, 75, 99, 34, 106, 28, 51,
       77, 135, 115, 140, 130, 126, 104, 156, 192, 161, 168, 40, 181,
       152, 99, 249, 109, 20, 143, 63, 63, 44, 57, 142, 53, 74, 16, 129,
       27, 201, 16, 50, 120, 75, 19, 239, 215, 21, 119, 210, 88, 143, 11,
       205, 113, 149, 101, 33, 14, 103, 184, 104, 234, 102, 76, 214, 113,
       73, 51, 144, 68, 108, 106, 225, 240, 249, 8, 229, 251, 69, 4, 74,
       115, 67, 51, 77, 116, 157, 103, 161, 110, 55, 136, 121, 234, 47,
       8, 222, 117, 73, 58, 145, 84, 104, 50, 33, 244, 249, 42, 229, 255,
       69, 2, 200, 115, 67, 35, 69, 117, 157, 39, 164, 47, 103, 152, 106,
       250, 43, 76, 214, 112, 73, 58, 145, 68, 120, 123, 1, 240, 217, 40,
       237, 158, 101, 52, 200, 115, 67, 50, 197, 92, 157, 119, 160, 46,
       102, 184, 120, 250, 35, 84, 215, 115, 9, 123, 145, 86, 124, 42,
       97, 212, 249, 42, 229, 255, 101, 4, 200, 115, 67, 49, 44, 101, 61,
       111, 157, 79, 71, 168, 121, 234, 107, 8, 214, 117, 9, 48, 152, 92,
       120, 106, 105, 176, 249, 46, 229, 255, 5, 52, 64, 123, 198, 98,
       220, 48, 159, 118, 168, 108, 81, 18, 162, 155, 167, 56, 215, 183,
       72, 123, 33, 214, 108, 24, 27, 69, 179, 0, 217, 227, 116, 88, 162,
       225, 166, 51, 108, 228, 189, 122, 137, 77, 87, 168, 114, 191, 173,
       24, 214, 117, 73, 59, 153, 82, 104, 122, 122, 98, 251, 51, 239,
       219, 69, 127, 210, 123, 198, 98, 124, 101, 184, 79, 157, 79, 87,
       168, 83, 164, 173, 8, 83, 117, 29, 48, 88, 220, 121, 106, 72, 114,
       249, 24, 247, 239, 133, 61, 83, 123, 70, 34, 242, 58, 247, 84,
       168, 205, 80, 83, 235, 251, 176, 120, 58, 220, 196, 59, 175, 243,
       124, 16, 191, 111, 162, 97, 91, 218, 113, 251, 225, 0, 198, 63,
       219, 174, 182, 176, 169, 172, 88, 87, 179, 59, 128, 217, 191, 255,
       80, 59, 167, 183, 125, 21, 190, 79, 130, 177, 219, 251, 126, 249,
       162, 196, 131, 11, 124, 160, 252, 118, 137, 109, 85, 187, 179,
       183, 165, 25, 83, 247, 72, 27, 9, 214, 237, 24, 56, 103, 250, 32,
       219, 203, 117, 61, 227, 225, 198, 114, 240, 184, 254, 112, 170,
       237, 81, 87, 179, 93, 164, 185, 55, 151, 66, 27, 39, 179, 237, 16,
       58, 79, 178, 17, 219, 193, 112, 121, 224, 128, 198, 123, 249, 151,
       92, 111, 184, 63, 86, 191, 119, 41, 46, 124, 115, 112, 138, 241,
       151, 198, 76, 110, 175, 40, 121, 63, 170, 255, 37, 116, 122, 226,
       200, 13, 100, 176, 157, 242, 136, 173, 65, 143, 251, 59, 161, 24,
       150, 241, 76, 59, 129, 146, 104, 16, 59, 107, 218, 113, 153, 146,
       85, 126, 216, 72, 199, 34, 148, 172, 155, 127, 148, 239, 67, 222,
       118, 131, 226, 16, 115, 115, 33, 120, 121, 250, 12, 152, 58, 252,
       25, 63, 201, 207, 53, 0, 224, 240, 96, 42, 212, 4, 220, 101, 168,
       106, 95, 56, 32, 178, 167, 8, 215, 51, 9, 123, 19, 212, 108, 106,
       104, 229, 201, 10, 225, 235, 101, 20, 224, 243, 70, 32, 69, 253,
       157, 87, 185, 14, 54, 156, 122, 187, 43, 68, 222, 243, 73, 114,
       149, 87, 124, 122, 179, 64, 219, 98, 237, 191, 103, 70, 136, 115,
       131, 35, 96, 245, 149, 113, 137, 77, 69, 175, 123, 59, 160, 24,
       182, 55, 72, 115, 129, 147, 104, 16, 115, 104, 219, 83, 173, 146,
       85, 126, 80, 88, 199, 42, 96, 173, 157, 249, 201, 237, 5, 143, 62,
       51, 40, 24, 182, 51, 72, 120, 129, 27, 106, 24, 19, 104, 219, 51,
