%YAML:1.0
---
descriptors: !!opencv-matrix
   rows: 142
   cols: 32
   dt: u
   data: [ 240, 170, 222, 112, 170, 169, 81, 87, 162, 183, 164, 189, 55,
       135, 66, 27, 39, 178, 237, 24, 58, 79, 130, 48, 219, 195, 117,
       121, 224, 192, 142, 10, 228, 253, 189, 115, 136, 109, 71, 191,
       242, 186, 171, 24, 211, 119, 73, 59, 129, 86, 104, 90, 121, 101,
       251, 34, 233, 139, 117, 52, 192, 115, 198, 34, 77, 116, 157, 103,
       229, 110, 119, 136, 121, 234, 47, 24, 222, 113, 73, 58, 145, 94,
       104, 106, 33, 240, 249, 42, 231, 255, 69, 6, 200, 115, 67, 35,
       252, 112, 189, 115, 44, 78, 87, 152, 227, 250, 165, 24, 215, 85,
       73, 59, 145, 212, 124, 122, 41, 103, 251, 34, 195, 219, 101, 60,
       224, 243, 70, 115, 69, 117, 17, 69, 113, 14, 118, 184, 105, 224,
       107, 76, 222, 48, 13, 176, 144, 76, 112, 106, 193, 240, 217, 12,
       37, 188, 5, 6, 72, 51, 67, 34, 52, 69, 27, 101, 21, 79, 71, 232,
       118, 160, 235, 0, 83, 113, 41, 112, 16, 220, 40, 106, 105, 177,
       25, 30, 249, 142, 5, 20, 96, 123, 100, 34, 100, 105, 27, 222, 125,
       197, 135, 224, 234, 136, 232, 8, 246, 243, 33, 48, 200, 112, 106,
       74, 65, 99, 218, 60, 37, 182, 3, 24, 80, 59, 103, 162, 212, 156,
       159, 247, 168, 236, 5, 190, 190, 219, 162, 80, 247, 247, 72, 123,
       167, 119, 125, 8, 59, 77, 155, 51, 201, 227, 127, 88, 168, 112,
       133, 59, 248, 174, 247, 114, 171, 249, 81, 215, 179, 31, 164, 56,
       42, 247, 196, 191, 39, 186, 236, 24, 58, 79, 162, 115, 155, 219,
       84, 123, 226, 192, 230, 111, 100, 99, 113, 71, 112, 15, 103, 56,
       105, 172, 127, 8, 211, 69, 141, 52, 144, 220, 68, 106, 72, 176,
       233, 12, 103, 156, 33, 52, 66, 179, 70, 225, 120, 174, 156, 50,
       170, 169, 85, 215, 162, 191, 172, 189, 39, 227, 66, 26, 167, 247,
       237, 16, 58, 75, 138, 51, 218, 199, 117, 121, 160, 192, 142, 11,
       69, 245, 189, 99, 148, 79, 103, 184, 114, 250, 47, 8, 215, 113,
       73, 34, 17, 84, 120, 122, 65, 112, 249, 34, 237, 207, 101, 116,
       200, 123, 67, 35, 5, 117, 16, 69, 117, 30, 102, 184, 121, 168,
       123, 76, 222, 80, 157, 180, 148, 76, 68, 110, 197, 176, 217, 14,
       36, 188, 37, 4, 74, 179, 75, 133, 37, 113, 17, 69, 93, 95, 70, 40,
       106, 224, 43, 72, 214, 80, 77, 180, 144, 92, 80, 106, 65, 48, 249,
       28, 37, 152, 1, 54, 72, 43, 66, 164, 232, 188, 180, 248, 173, 253,
       208, 87, 255, 63, 180, 25, 174, 189, 100, 27, 205, 163, 255, 16,
       186, 111, 242, 211, 223, 219, 82, 123, 210, 76, 215, 75, 100, 97,
       153, 103, 28, 15, 70, 184, 99, 160, 171, 8, 211, 121, 9, 18, 156,
       212, 104, 106, 73, 242, 217, 12, 231, 249, 5, 52, 72, 187, 74, 2,
       104, 180, 188, 250, 189, 253, 85, 15, 207, 63, 173, 24, 190, 253,
       72, 58, 137, 18, 255, 16, 26, 107, 251, 145, 207, 219, 80, 127,
       210, 72, 198, 106, 246, 237, 182, 254, 221, 207, 254, 232, 255,
       178, 234, 10, 202, 251, 61, 83, 249, 239, 123, 243, 120, 227, 218,
       255, 187, 254, 199, 63, 211, 127, 242, 130, 108, 117, 185, 103,
       249, 79, 71, 152, 123, 168, 47, 8, 214, 117, 73, 48, 144, 94, 108,
       106, 73, 240, 249, 62, 239, 223, 5, 54, 194, 123, 70, 34, 108,
       181, 177, 99, 185, 111, 87, 184, 123, 188, 173, 8, 214, 117, 73,
       54, 145, 94, 104, 122, 122, 114, 249, 50, 239, 222, 5, 119, 194,
       123, 198, 98, 36, 229, 57, 79, 253, 77, 87, 172, 83, 188, 173, 8,
       210, 117, 77, 52, 153, 216, 66, 106, 106, 98, 251, 63, 111, 159,
       5, 63, 82, 59, 198, 226, 37, 113, 16, 65, 85, 15, 230, 56, 106,
       232, 43, 76, 214, 16, 93, 180, 144, 76, 80, 110, 197, 240, 217,
       28, 45, 156, 5, 52, 72, 59, 74, 132, 27, 159, 106, 216, 159, 245,
       217, 119, 215, 69, 220, 183, 41, 173, 178, 228, 111, 170, 151,
       156, 158, 139, 54, 183, 123, 93, 154, 203, 183, 140, 252, 223,
       157, 85, 89, 103, 48, 14, 111, 184, 117, 232, 127, 100, 215, 115,
       137, 112, 54, 68, 60, 110, 233, 144, 125, 46, 230, 175, 37, 132,
       106, 243, 64, 49, 244, 180, 253, 118, 136, 125, 85, 189, 242, 183,
       165, 24, 83, 119, 72, 59, 129, 214, 108, 42, 56, 103, 251, 32,
       219, 235, 117, 61, 225, 243, 198, 34, 93, 85, 125, 103, 176, 78,
       79, 184, 96, 232, 191, 68, 83, 119, 137, 112, 86, 212, 92, 106,
       233, 129, 121, 46, 227, 239, 37, 148, 104, 243, 64, 49, 77, 101,
       189, 71, 100, 30, 103, 184, 120, 234, 127, 72, 210, 112, 153, 55,
       148, 68, 124, 110, 225, 240, 233, 10, 37, 190, 101, 4, 66, 243,
       67, 101, 252, 112, 189, 102, 40, 78, 87, 152, 226, 250, 167, 8,
       215, 87, 73, 59, 148, 212, 124, 122, 73, 103, 251, 32, 211, 219,
       101, 60, 224, 179, 70, 51, 124, 103, 80, 103, 81, 26, 118, 168,
       113, 164, 255, 40, 75, 99, 137, 148, 120, 220, 236, 234, 72, 242,
       201, 142, 242, 255, 133, 5, 99, 183, 110, 2, 69, 113, 16, 69, 85,
       14, 102, 58, 104, 232, 106, 76, 222, 16, 5, 176, 144, 76, 64, 110,
       197, 176, 209, 12, 37, 188, 5, 6, 72, 49, 67, 4, 232, 252, 182,
       252, 157, 221, 84, 230, 223, 147, 164, 24, 170, 191, 100, 51, 201,
       242, 251, 80, 106, 111, 242, 187, 251, 255, 212, 123, 210, 24, 86,
       10, 77, 85, 157, 103, 169, 110, 119, 184, 123, 250, 111, 8, 222,
       115, 73, 123, 145, 85, 124, 106, 33, 240, 249, 106, 239, 255, 71,
       6, 202, 115, 67, 51, 248, 186, 222, 48, 42, 232, 81, 214, 178,
       159, 164, 185, 55, 167, 66, 27, 39, 183, 109, 144, 58, 79, 130,
       35, 219, 195, 113, 121, 160, 192, 38, 123, 69, 245, 157, 103, 180,
       79, 103, 184, 114, 248, 43, 72, 215, 113, 73, 50, 17, 84, 124,
       122, 73, 240, 249, 42, 237, 207, 37, 116, 200, 243, 67, 32, 88,
       175, 142, 176, 170, 169, 92, 215, 162, 63, 172, 189, 39, 227, 66,
       26, 167, 167, 237, 20, 30, 75, 130, 49, 218, 199, 125, 249, 168,
       64, 138, 27, 228, 101, 113, 71, 112, 75, 103, 168, 113, 160, 123,
       8, 211, 69, 157, 180, 26, 220, 68, 106, 73, 176, 233, 14, 39, 156,
       37, 20, 64, 179, 70, 160, 240, 172, 255, 82, 234, 249, 81, 199,
       251, 83, 164, 56, 50, 252, 68, 59, 171, 179, 108, 16, 62, 111,
       170, 115, 91, 154, 85, 123, 193, 192, 198, 46, 248, 188, 156, 50,
       168, 173, 80, 207, 179, 187, 160, 125, 47, 243, 66, 155, 167, 163,
       237, 20, 62, 79, 218, 51, 218, 195, 117, 121, 232, 64, 138, 11,
       109, 117, 188, 71, 181, 30, 103, 184, 123, 234, 47, 76, 222, 113,
       79, 54, 145, 68, 104, 126, 225, 240, 249, 74, 239, 255, 69, 36,
       202, 115, 75, 34, 226, 170, 215, 88, 233, 173, 72, 71, 171, 31,
       160, 93, 42, 171, 68, 155, 137, 163, 110, 20, 58, 79, 194, 241,
       26, 218, 212, 122, 192, 128, 234, 8, 120, 173, 120, 120, 219, 233,
       81, 103, 179, 21, 172, 24, 35, 135, 64, 16, 9, 186, 193, 16, 26,
       75, 242, 23, 219, 197, 16, 121, 226, 128, 198, 234, 37, 103, 64,
       5, 116, 27, 230, 168, 113, 164, 123, 168, 195, 96, 159, 148, 26,
       204, 68, 110, 236, 176, 205, 14, 38, 62, 37, 5, 103, 191, 90, 196,
       109, 71, 192, 7, 116, 26, 102, 168, 121, 172, 123, 236, 195, 96,
       159, 214, 16, 204, 108, 110, 196, 176, 205, 14, 38, 190, 37, 132,
       66, 183, 90, 68, 50, 159, 111, 248, 159, 245, 217, 119, 199, 93,
       220, 151, 41, 189, 54, 96, 237, 187, 159, 145, 158, 43, 54, 245,
       123, 95, 146, 203, 183, 140, 244, 127, 37, 103, 64, 5, 116, 27,
       238, 184, 80, 172, 59, 205, 195, 72, 223, 148, 24, 204, 68, 127,
       204, 240, 205, 14, 44, 28, 165, 180, 70, 191, 90, 132, 208, 124,
       157, 247, 168, 236, 87, 182, 182, 190, 167, 24, 183, 183, 65, 91,
       1, 118, 109, 90, 104, 77, 250, 42, 235, 227, 116, 17, 160, 243,
       134, 123, 244, 181, 189, 118, 136, 109, 87, 152, 178, 187, 163,
       24, 83, 119, 73, 59, 145, 214, 108, 114, 56, 103, 251, 34, 219,
       235, 101, 124, 224, 243, 198, 50, 93, 85, 125, 103, 48, 78, 71,
       184, 96, 232, 191, 64, 215, 119, 137, 114, 86, 212, 124, 106, 233,
       160, 121, 14, 227, 239, 37, 20, 104, 243, 66, 49, 237, 113, 249,
