%YAML:1.0
---
descriptors: !!opencv-matrix
   rows: 246
   cols: 32
   dt: u
   data: [ 125, 85, 127, 103, 176, 78, 79, 184, 96, 234, 191, 76, 87,
       119, 137, 114, 86, 212, 124, 106, 233, 161, 121, 46, 243, 237,
       101, 148, 104, 243, 66, 49, 93, 221, 125, 239, 176, 78, 79, 188,
       36, 232, 255, 96, 247, 119, 137, 112, 86, 214, 93, 106, 233, 144,
       105, 63, 225, 239, 39, 148, 32, 243, 192, 121, 196, 172, 249, 255,
       244, 43, 239, 223, 62, 163, 127, 144, 245, 239, 89, 96, 127, 223,
       63, 155, 178, 220, 235, 51, 237, 175, 191, 132, 164, 243, 229,
       233, 148, 173, 57, 239, 180, 47, 111, 189, 54, 168, 255, 64, 215,
       119, 152, 112, 87, 222, 29, 122, 251, 176, 105, 63, 237, 237, 39,
       212, 164, 251, 132, 97, 236, 48, 189, 99, 173, 125, 81, 152, 91,
       255, 165, 24, 222, 93, 75, 59, 145, 16, 253, 58, 58, 102, 251,
       144, 203, 219, 65, 127, 210, 75, 70, 99, 214, 172, 254, 255, 236,
       187, 254, 254, 191, 179, 247, 26, 255, 251, 95, 91, 255, 231, 127,
       155, 190, 119, 203, 251, 255, 219, 223, 189, 165, 249, 233, 3,
       236, 176, 188, 115, 237, 125, 81, 152, 251, 63, 165, 24, 222, 125,
       74, 59, 153, 146, 253, 24, 58, 100, 251, 19, 207, 219, 81, 127,
       210, 75, 198, 242, 252, 172, 252, 118, 137, 109, 85, 255, 179,
       190, 164, 24, 115, 247, 73, 31, 9, 214, 237, 42, 120, 79, 234, 42,
       251, 203, 117, 61, 227, 240, 198, 106, 238, 228, 244, 255, 173,
       63, 110, 253, 127, 187, 191, 24, 207, 251, 93, 27, 217, 206, 127,
       58, 248, 103, 235, 250, 191, 251, 215, 254, 210, 251, 210, 3, 5,
       98, 16, 5, 116, 15, 98, 56, 104, 168, 99, 76, 214, 80, 25, 180,
       148, 76, 68, 110, 192, 176, 217, 12, 37, 152, 33, 4, 72, 35, 66,
       132, 37, 99, 80, 71, 116, 10, 102, 168, 109, 172, 123, 200, 195,
       0, 157, 148, 16, 76, 68, 110, 72, 176, 77, 12, 36, 188, 33, 5, 66,
       187, 74, 132, 198, 237, 246, 159, 252, 43, 254, 236, 127, 186,
       251, 26, 238, 234, 29, 65, 255, 239, 127, 227, 248, 247, 203, 255,
       190, 190, 207, 138, 133, 251, 225, 129, 156, 112, 188, 231, 172,
       74, 127, 152, 174, 254, 183, 33, 223, 127, 91, 75, 191, 213, 125,
       251, 168, 197, 235, 96, 207, 235, 239, 148, 228, 243, 37, 83, 236,
       80, 157, 254, 169, 100, 85, 152, 187, 154, 167, 24, 92, 247, 105,
       123, 197, 215, 121, 66, 97, 71, 186, 32, 211, 243, 87, 62, 16,
       113, 6, 51, 220, 144, 188, 247, 172, 108, 121, 152, 191, 191, 151,
       56, 223, 223, 74, 91, 199, 85, 125, 26, 56, 69, 251, 0, 203, 251,
       119, 221, 160, 233, 133, 115, 125, 78, 77, 103, 180, 10, 79, 188,
       116, 234, 122, 76, 83, 97, 145, 112, 49, 196, 76, 110, 233, 180,
       13, 46, 232, 239, 37, 148, 232, 243, 210, 41, 180, 104, 91, 69,
       66, 74, 99, 80, 96, 192, 100, 72, 51, 23, 129, 49, 56, 116, 64,
       106, 105, 244, 160, 40, 97, 136, 33, 0, 97, 179, 102, 168, 12,
       181, 57, 114, 155, 237, 49, 203, 251, 49, 173, 24, 158, 247, 72,
       56, 161, 155, 200, 16, 19, 105, 186, 119, 223, 213, 21, 111, 193,
       65, 199, 162, 216, 176, 189, 240, 169, 237, 89, 31, 191, 191, 182,
       24, 191, 255, 64, 59, 133, 151, 125, 24, 186, 79, 243, 17, 219,
       251, 113, 249, 192, 192, 198, 123, 104, 165, 152, 121, 153, 237,
       20, 143, 26, 53, 44, 25, 174, 51, 74, 18, 129, 19, 233, 16, 50,
       104, 219, 51, 239, 211, 20, 127, 210, 72, 143, 10, 125, 71, 93,
       103, 36, 14, 71, 184, 96, 168, 191, 76, 83, 97, 153, 115, 20, 196,
       108, 110, 233, 160, 253, 12, 224, 233, 101, 20, 106, 243, 66, 33,
       248, 188, 191, 120, 169, 237, 81, 215, 251, 63, 180, 24, 159, 191,
       64, 123, 133, 183, 253, 24, 186, 111, 242, 177, 219, 251, 117,
       122, 194, 72, 199, 123, 232, 188, 188, 250, 173, 253, 85, 223,
       255, 191, 180, 24, 190, 189, 70, 59, 201, 246, 253, 24, 186, 111,
       250, 179, 219, 251, 85, 123, 210, 88, 198, 107, 221, 125, 157,
       103, 160, 14, 71, 188, 96, 234, 175, 76, 215, 49, 137, 51, 16,
       196, 124, 106, 201, 240, 249, 40, 225, 233, 101, 20, 104, 243,
       194, 33, 236, 52, 189, 103, 160, 110, 113, 24, 121, 234, 55, 24,
       215, 119, 73, 59, 149, 84, 125, 58, 185, 244, 249, 10, 199, 251,
       97, 20, 192, 227, 66, 115, 16, 188, 251, 175, 188, 171, 255, 255,
       62, 235, 250, 34, 247, 255, 208, 96, 255, 255, 127, 149, 155, 185,
       235, 63, 252, 239, 191, 208, 164, 250, 161, 249, 196, 92, 61, 231,
       32, 78, 127, 184, 60, 234, 247, 108, 215, 87, 137, 123, 182, 212,
       125, 106, 233, 212, 249, 46, 231, 251, 97, 132, 40, 179, 3, 51,
       21, 189, 249, 239, 180, 175, 127, 191, 46, 233, 254, 96, 247, 255,
       129, 96, 254, 255, 95, 105, 155, 184, 105, 63, 237, 237, 47, 148,
       180, 234, 129, 251, 204, 84, 189, 231, 32, 110, 127, 24, 57, 234,
       119, 120, 223, 119, 137, 123, 150, 85, 125, 106, 161, 244, 249,
       10, 199, 251, 97, 132, 128, 243, 70, 115, 104, 189, 189, 123, 185,
       253, 21, 191, 155, 127, 44, 24, 190, 189, 70, 59, 133, 83, 249,
       16, 51, 104, 250, 55, 239, 215, 84, 123, 210, 88, 135, 123, 244,
       108, 253, 114, 136, 237, 87, 222, 178, 63, 165, 24, 19, 247, 73,
       27, 9, 210, 108, 90, 58, 103, 250, 32, 217, 203, 116, 120, 224,
       209, 198, 34, 105, 189, 148, 115, 217, 221, 87, 190, 123, 115, 44,
       24, 190, 51, 70, 182, 129, 90, 240, 88, 119, 120, 251, 55, 111,
       223, 21, 119, 202, 84, 203, 186, 231, 110, 141, 183, 172, 46, 78,
       142, 58, 186, 146, 221, 199, 96, 217, 27, 149, 230, 108, 127, 173,
       84, 205, 42, 172, 50, 237, 180, 136, 121, 26, 5, 205, 52, 157,
       101, 129, 110, 113, 19, 57, 251, 47, 28, 158, 55, 64, 250, 133,
       22, 120, 24, 49, 220, 241, 66, 207, 255, 85, 70, 138, 96, 131, 51,
       124, 237, 72, 101, 217, 75, 87, 170, 51, 164, 175, 137, 67, 97,
       75, 16, 57, 204, 233, 98, 104, 242, 201, 46, 255, 199, 5, 53, 97,
       241, 206, 130, 200, 188, 189, 245, 169, 236, 29, 183, 187, 255, 6,
       29, 188, 55, 64, 91, 133, 87, 237, 16, 115, 76, 243, 99, 205, 243,
       125, 251, 128, 80, 133, 123, 244, 48, 253, 112, 168, 109, 81, 90,
       178, 191, 164, 24, 19, 183, 64, 27, 1, 214, 108, 24, 26, 79, 250,
       0, 217, 203, 117, 124, 224, 192, 70, 98, 252, 180, 188, 114, 136,
       109, 85, 159, 178, 191, 165, 25, 83, 247, 72, 27, 1, 214, 109, 24,
       58, 67, 250, 0, 219, 195, 117, 124, 224, 209, 134, 98, 45, 113,
       17, 69, 17, 95, 102, 56, 105, 224, 107, 72, 214, 16, 13, 176, 144,
       12, 80, 106, 69, 176, 209, 12, 39, 220, 1, 6, 74, 51, 74, 134,
       220, 54, 255, 64, 130, 106, 67, 80, 160, 182, 167, 56, 83, 87,
       193, 59, 55, 244, 68, 58, 40, 229, 168, 8, 91, 171, 101, 100, 227,
       225, 102, 97, 1, 195, 16, 199, 112, 14, 110, 56, 109, 168, 127,
       64, 252, 83, 128, 244, 148, 108, 22, 106, 193, 144, 73, 111, 166,
       188, 35, 128, 10, 179, 11, 169, 244, 174, 140, 180, 168, 40, 85,
       159, 178, 183, 134, 189, 215, 227, 67, 91, 1, 198, 109, 20, 56,
       79, 203, 32, 218, 227, 245, 189, 160, 240, 158, 10, 248, 190, 220,
       114, 168, 173, 84, 215, 179, 63, 164, 29, 55, 243, 66, 27, 129,
       230, 109, 20, 58, 111, 218, 51, 219, 203, 117, 121, 232, 192, 202,
       139, 205, 117, 145, 103, 241, 127, 119, 168, 123, 234, 47, 8, 222,
       112, 77, 183, 145, 92, 96, 106, 97, 240, 249, 10, 239, 223, 69,
       54, 202, 115, 203, 167, 150, 236, 222, 255, 252, 171, 254, 236,
       191, 179, 243, 27, 247, 234, 93, 75, 251, 239, 127, 227, 126, 247,
       203, 251, 190, 187, 255, 189, 181, 121, 233, 131, 246, 237, 214,
       255, 253, 171, 254, 239, 191, 178, 251, 27, 239, 234, 93, 207,
       255, 239, 255, 243, 124, 119, 203, 251, 190, 254, 207, 167, 149,
       255, 227, 143, 252, 188, 253, 118, 169, 108, 85, 191, 179, 191,
       164, 56, 115, 247, 72, 27, 5, 214, 237, 8, 56, 79, 250, 34, 219,
       203, 117, 61, 226, 240, 198, 123, 246, 237, 214, 159, 253, 171,
       254, 239, 191, 178, 251, 26, 238, 234, 93, 75, 255, 239, 127, 179,
