%YAML:1.0
---
descriptors: !!opencv-matrix
   rows: 99
   cols: 32
   dt: u
   data: [ 110, 213, 246, 238, 253, 95, 126, 236, 159, 236, 254, 11, 78,
       254, 47, 214, 255, 223, 255, 227, 108, 115, 251, 255, 255, 127,
       143, 191, 151, 127, 252, 87, 252, 120, 188, 242, 137, 85, 87, 216,
       163, 254, 180, 9, 95, 223, 75, 155, 225, 213, 253, 210, 78, 71,
       251, 176, 219, 201, 101, 63, 242, 115, 110, 83, 237, 158, 173,
       246, 229, 173, 79, 176, 223, 251, 191, 92, 254, 109, 91, 59, 221,
       226, 63, 31, 185, 246, 122, 162, 255, 223, 213, 84, 202, 249, 208,
       112, 139, 174, 255, 249, 236, 160, 237, 215, 255, 123, 246, 246,
       189, 171, 212, 41, 111, 171, 127, 157, 187, 255, 231, 243, 206,
       251, 254, 192, 205, 192, 227, 185, 1, 174, 255, 251, 236, 162,
       237, 215, 255, 123, 246, 246, 253, 235, 144, 42, 111, 239, 127,
       156, 187, 254, 239, 243, 204, 255, 255, 192, 237, 208, 227, 185,
       209, 158, 223, 247, 238, 169, 237, 215, 127, 123, 246, 254, 255,
       171, 176, 105, 127, 239, 126, 156, 179, 125, 135, 243, 222, 235,
       255, 192, 189, 200, 209, 57, 225, 158, 237, 255, 238, 170, 237,
       223, 127, 251, 118, 246, 253, 235, 208, 121, 127, 238, 63, 156,
       179, 254, 239, 246, 222, 235, 255, 224, 189, 200, 209, 185, 61,
       127, 107, 230, 116, 159, 239, 248, 87, 236, 255, 238, 123, 237,
       191, 96, 126, 232, 23, 239, 201, 179, 44, 255, 254, 205, 167, 160,
       111, 191, 112, 241, 23, 223, 107, 255, 182, 162, 111, 244, 52,
       200, 222, 230, 121, 239, 177, 96, 126, 239, 31, 238, 233, 153, 45,
       239, 240, 239, 174, 128, 45, 243, 177, 121, 23, 223, 123, 255,
       178, 162, 111, 246, 60, 202, 94, 230, 253, 231, 177, 96, 119, 251,
       23, 142, 241, 152, 45, 239, 252, 239, 174, 128, 173, 243, 161,
       249, 254, 191, 150, 190, 189, 218, 222, 236, 191, 223, 255, 183,
       238, 254, 111, 199, 239, 247, 239, 211, 126, 235, 203, 227, 186,
       247, 207, 215, 199, 127, 173, 95, 220, 113, 188, 230, 171, 87, 87,
       188, 163, 254, 188, 41, 223, 127, 75, 211, 231, 213, 253, 98, 76,
       67, 251, 168, 251, 209, 103, 191, 162, 243, 175, 83, 237, 188,
       189, 247, 173, 172, 125, 190, 251, 219, 54, 92, 254, 253, 93, 59,
       133, 102, 125, 31, 171, 100, 251, 163, 239, 251, 117, 86, 202,
       121, 194, 123, 129, 190, 239, 249, 236, 171, 237, 215, 127, 123,
       246, 246, 249, 235, 208, 104, 127, 231, 127, 156, 187, 254, 231,
       243, 220, 255, 255, 192, 237, 216, 225, 185, 252, 113, 157, 230,
       169, 77, 95, 184, 163, 254, 189, 9, 223, 255, 75, 83, 134, 213,
       253, 98, 76, 67, 219, 40, 251, 201, 101, 189, 34, 115, 142, 83,
       252, 176, 253, 250, 173, 253, 80, 216, 255, 63, 181, 25, 223, 255,
       72, 155, 201, 209, 253, 16, 26, 103, 218, 145, 219, 219, 81, 127,
       243, 77, 78, 83, 252, 113, 252, 102, 45, 93, 95, 216, 195, 254,
       180, 8, 91, 223, 75, 59, 140, 212, 253, 106, 72, 103, 250, 160,
       211, 217, 101, 61, 99, 251, 70, 115, 129, 172, 255, 251, 236, 169,
       233, 215, 255, 83, 246, 214, 189, 235, 208, 107, 111, 171, 126,
       156, 187, 254, 231, 243, 220, 251, 254, 200, 237, 200, 225, 169,
       205, 156, 189, 115, 173, 220, 117, 151, 254, 123, 54, 84, 254,
       127, 72, 123, 133, 119, 124, 30, 243, 108, 251, 35, 111, 251, 117,
       84, 202, 120, 193, 123, 252, 121, 252, 226, 169, 93, 87, 216, 163,
       254, 181, 41, 95, 223, 75, 155, 207, 213, 253, 242, 76, 103, 251,
       176, 243, 217, 101, 63, 114, 115, 78, 83, 252, 113, 252, 98, 169,
       93, 87, 216, 163, 254, 181, 13, 95, 223, 75, 27, 159, 213, 253,
       114, 204, 103, 250, 48, 251, 217, 101, 61, 98, 243, 78, 83, 62,
       188, 246, 191, 253, 255, 254, 238, 191, 255, 255, 55, 238, 254,
       110, 247, 255, 255, 255, 163, 191, 243, 251, 255, 191, 255, 207,
       183, 215, 127, 239, 215, 92, 253, 189, 228, 168, 111, 95, 184,
       161, 238, 190, 9, 223, 119, 75, 83, 150, 213, 253, 98, 105, 67,
       249, 14, 251, 233, 101, 189, 34, 243, 142, 115, 124, 176, 180,
       250, 173, 253, 80, 219, 255, 127, 165, 25, 78, 253, 78, 154, 201,
       155, 239, 16, 62, 107, 250, 177, 219, 219, 17, 127, 210, 77, 206,
       82, 109, 188, 189, 246, 173, 189, 85, 154, 251, 251, 189, 92, 250,
       253, 95, 59, 205, 102, 125, 30, 187, 102, 250, 179, 207, 223, 85,
       124, 202, 121, 210, 243, 102, 165, 118, 239, 252, 11, 238, 232,
       63, 160, 251, 2, 237, 234, 28, 80, 255, 207, 127, 227, 232, 179,
       73, 255, 190, 254, 143, 148, 53, 250, 227, 129, 141, 22, 125, 245,
       36, 46, 105, 51, 124, 250, 119, 116, 223, 19, 145, 121, 215, 37,
       127, 46, 161, 212, 97, 78, 198, 251, 115, 128, 44, 225, 65, 49,
       201, 22, 189, 245, 160, 46, 125, 23, 125, 251, 118, 116, 159, 51,
       128, 123, 135, 87, 126, 60, 177, 252, 115, 66, 199, 251, 118, 132,
       136, 240, 131, 49, 129, 168, 223, 251, 236, 169, 233, 223, 255,
       51, 247, 82, 191, 235, 216, 107, 111, 175, 127, 152, 179, 255,
       239, 241, 222, 251, 247, 228, 189, 200, 225, 161, 129, 168, 223,
       251, 236, 169, 233, 223, 255, 51, 246, 86, 191, 235, 216, 107,
       111, 170, 126, 156, 179, 255, 239, 243, 220, 171, 246, 200, 253,
       200, 241, 169, 237, 188, 189, 247, 173, 172, 117, 190, 251, 251,
       54, 92, 254, 253, 73, 59, 133, 119, 124, 30, 163, 101, 250, 179,
       207, 251, 85, 126, 202, 120, 195, 123, 238, 116, 255, 237, 237,
       111, 127, 216, 63, 254, 255, 26, 222, 255, 13, 127, 255, 221, 255,
       170, 105, 119, 251, 218, 255, 251, 207, 62, 147, 251, 231, 243,
       173, 182, 255, 239, 236, 127, 249, 216, 127, 255, 247, 246, 223,
       255, 218, 123, 127, 221, 255, 191, 185, 247, 255, 208, 223, 251,
       239, 228, 175, 235, 245, 241, 141, 54, 255, 239, 236, 127, 251,
       216, 127, 254, 247, 247, 223, 255, 223, 107, 255, 221, 255, 238,
       161, 246, 249, 200, 223, 251, 231, 132, 239, 255, 117, 243, 254,
       253, 182, 254, 173, 253, 214, 236, 159, 222, 189, 27, 110, 254,
       111, 231, 249, 255, 255, 83, 62, 99, 251, 251, 251, 251, 207, 63,
       211, 127, 238, 215, 92, 191, 188, 230, 169, 93, 95, 188, 163, 254,
       190, 13, 255, 127, 75, 115, 134, 215, 253, 98, 205, 67, 251, 168,
       251, 217, 101, 189, 42, 243, 142, 83, 205, 188, 255, 245, 252,
       127, 255, 254, 127, 254, 182, 254, 253, 255, 215, 107, 127, 247,
       255, 172, 161, 239, 255, 255, 255, 255, 247, 172, 175, 252, 231,
       249, 133, 160, 223, 251, 236, 169, 233, 223, 255, 115, 247, 86,
       191, 235, 216, 107, 111, 239, 126, 152, 179, 127, 239, 241, 220,
       187, 247, 236, 253, 200, 225, 161, 129, 170, 255, 251, 236, 171,
       233, 223, 126, 115, 118, 214, 183, 227, 144, 105, 111, 174, 126,
       28, 179, 252, 111, 241, 204, 187, 247, 192, 252, 200, 209, 185,
       220, 60, 188, 247, 188, 111, 95, 184, 62, 238, 159, 1, 223, 127,
       11, 99, 247, 215, 253, 227, 120, 225, 249, 46, 235, 231, 111, 149,
       128, 115, 37, 115, 124, 53, 60, 230, 184, 78, 87, 184, 161, 238,
       191, 9, 223, 119, 3, 51, 148, 213, 253, 106, 104, 67, 249, 44,
       251, 249, 101, 189, 32, 243, 70, 115, 252, 112, 188, 114, 41, 93,
       85, 216, 171, 254, 181, 9, 223, 223, 75, 27, 141, 213, 253, 90,
       78, 103, 251, 16, 219, 219, 101, 61, 226, 251, 78, 115, 102, 125,
       118, 237, 125, 79, 254, 232, 63, 164, 250, 3, 204, 127, 21, 80,
       250, 253, 255, 227, 104, 243, 217, 222, 183, 252, 143, 151, 7, 63,
       119, 210, 102, 229, 86, 207, 252, 43, 238, 233, 63, 160, 251, 2,
       204, 234, 28, 80, 127, 207, 127, 227, 104, 243, 203, 223, 190,
       190, 143, 132, 53, 251, 227, 128, 1, 138, 223, 249, 238, 171, 233,
       23, 238, 113, 122, 230, 253, 235, 144, 105, 111, 175, 127, 28,
       147, 248, 71, 241, 204, 187, 126, 192, 172, 200, 129, 185, 1, 139,
       223, 233, 230, 139, 233, 23, 110, 49, 122, 230, 255, 163, 144, 96,
       126, 175, 62, 28, 147, 184, 71, 241, 204, 175, 118, 192, 236, 138,
       193, 169, 129, 78, 123, 237, 52, 138, 107, 48, 124, 232, 118, 244,
