%YAML:1.0
---
descriptors: !!opencv-matrix
   rows: 355
   cols: 32
   dt: u
   data: [ 60, 253, 98, 238, 214, 147, 79, 252, 69, 192, 252, 170, 123,
       205, 189, 52, 126, 250, 151, 238, 202, 178, 44, 191, 122, 205,
       165, 172, 119, 191, 242, 241, 118, 237, 246, 159, 252, 171, 254,
       236, 191, 170, 250, 2, 236, 238, 125, 81, 255, 255, 127, 227, 250,
       243, 203, 255, 188, 190, 143, 246, 149, 123, 225, 137, 30, 237,
       242, 239, 252, 27, 238, 253, 47, 168, 254, 2, 239, 234, 189, 116,
       126, 239, 127, 235, 216, 179, 235, 252, 190, 255, 143, 148, 71,
       250, 225, 140, 150, 244, 150, 223, 221, 47, 254, 232, 63, 162,
       243, 27, 238, 254, 125, 72, 253, 223, 123, 247, 40, 247, 219, 255,
       189, 254, 207, 54, 213, 127, 113, 194, 157, 196, 127, 255, 44, 11,
       239, 248, 124, 178, 247, 82, 247, 75, 153, 99, 126, 197, 95, 234,
       233, 245, 109, 191, 240, 235, 231, 148, 37, 187, 225, 160, 230,
       236, 182, 254, 221, 207, 254, 232, 191, 242, 225, 26, 236, 254,
       93, 75, 249, 253, 251, 227, 110, 119, 219, 255, 191, 254, 207, 31,
       209, 127, 119, 130, 221, 4, 253, 247, 44, 42, 89, 152, 252, 250,
       183, 80, 223, 99, 137, 123, 231, 213, 125, 42, 169, 229, 235, 160,
       210, 251, 99, 148, 164, 241, 65, 33, 104, 237, 182, 252, 157, 221,
       86, 230, 159, 151, 172, 8, 174, 253, 101, 54, 201, 243, 235, 82,
       122, 107, 242, 179, 187, 223, 85, 123, 210, 125, 246, 74, 201,
       188, 188, 115, 169, 189, 81, 159, 251, 123, 180, 24, 190, 187, 66,
       59, 133, 87, 253, 26, 187, 109, 251, 247, 207, 219, 119, 122, 194,
       65, 195, 107, 108, 24, 188, 62, 169, 253, 85, 64, 131, 94, 165,
       25, 175, 253, 34, 27, 200, 243, 239, 16, 62, 111, 250, 177, 211,
       243, 69, 59, 210, 127, 198, 83, 130, 172, 222, 159, 252, 171, 252,
       207, 191, 179, 242, 18, 238, 234, 32, 74, 251, 239, 127, 144, 58,
       223, 203, 255, 156, 242, 223, 230, 133, 120, 243, 137, 248, 148,
       190, 248, 173, 245, 81, 255, 155, 91, 164, 24, 94, 255, 106, 59,
       205, 243, 253, 16, 59, 111, 250, 150, 219, 211, 85, 127, 210, 76,
       166, 251, 160, 172, 223, 191, 236, 35, 237, 223, 62, 179, 250, 26,
       245, 235, 0, 89, 123, 239, 110, 144, 50, 255, 203, 127, 252, 171,
       255, 108, 245, 248, 227, 136, 20, 141, 191, 255, 180, 43, 111,
       191, 54, 171, 218, 66, 247, 99, 153, 104, 119, 111, 125, 171, 249,
       216, 105, 47, 236, 175, 239, 144, 164, 250, 129, 41, 85, 221, 253,
       231, 176, 14, 79, 184, 32, 234, 255, 72, 215, 119, 137, 114, 55,
       212, 125, 106, 233, 144, 233, 46, 237, 239, 37, 148, 32, 179, 0,
       49, 5, 85, 57, 103, 180, 78, 111, 184, 124, 232, 127, 68, 223, 55,
       153, 112, 246, 92, 60, 106, 225, 144, 121, 78, 229, 255, 39, 132,
       8, 243, 65, 49, 101, 103, 129, 7, 180, 14, 102, 184, 121, 170,
       123, 204, 195, 96, 153, 182, 24, 196, 108, 110, 233, 240, 205, 14,
       164, 254, 37, 20, 74, 243, 82, 4, 213, 116, 157, 103, 168, 110,
       71, 184, 240, 186, 163, 88, 215, 115, 9, 123, 17, 84, 124, 106,
       105, 197, 249, 42, 193, 171, 101, 20, 168, 243, 3, 33, 104, 180,
       189, 112, 25, 237, 81, 71, 251, 53, 44, 24, 182, 183, 68, 62, 129,
       50, 104, 24, 59, 107, 242, 23, 219, 223, 16, 122, 194, 0, 198, 43,
       244, 112, 189, 119, 136, 110, 85, 153, 226, 187, 167, 24, 87, 119,
       73, 59, 1, 214, 108, 58, 57, 101, 251, 0, 203, 203, 117, 116, 224,
       241, 198, 34, 116, 180, 189, 118, 168, 109, 69, 156, 226, 187,
       167, 24, 215, 119, 73, 59, 1, 214, 108, 26, 57, 99, 251, 32, 217,
       235, 117, 124, 192, 115, 198, 98, 124, 168, 188, 114, 136, 109,
       85, 154, 163, 191, 165, 24, 87, 247, 72, 27, 129, 210, 237, 16,
       58, 107, 250, 49, 219, 195, 117, 125, 224, 97, 198, 34, 72, 48,
       159, 113, 32, 76, 113, 17, 168, 89, 38, 40, 159, 151, 64, 123,
       130, 20, 124, 8, 3, 64, 179, 64, 199, 249, 112, 0, 10, 128, 7, 51,
       241, 184, 247, 112, 169, 252, 80, 87, 235, 91, 180, 56, 59, 189,
       198, 63, 175, 182, 236, 16, 191, 111, 242, 177, 219, 251, 112,
       251, 235, 192, 198, 127, 226, 168, 244, 90, 203, 185, 208, 207,
       219, 51, 160, 26, 42, 233, 92, 159, 43, 210, 106, 24, 54, 111,
       206, 241, 31, 218, 85, 127, 243, 200, 202, 142, 85, 5, 212, 71,
       177, 62, 74, 24, 105, 160, 175, 68, 219, 99, 157, 254, 50, 198,
       108, 254, 153, 208, 221, 238, 174, 254, 5, 84, 174, 243, 72, 36,
       212, 102, 220, 182, 168, 42, 78, 136, 226, 183, 167, 153, 215, 99,
       75, 91, 19, 196, 108, 94, 44, 69, 205, 34, 194, 163, 101, 29, 160,
       243, 78, 2, 69, 117, 17, 103, 17, 78, 119, 56, 104, 96, 107, 12,
       214, 49, 9, 48, 144, 68, 104, 106, 65, 176, 209, 12, 165, 190, 64,
       2, 72, 51, 67, 34, 100, 241, 17, 242, 205, 141, 71, 172, 107, 57,
       161, 88, 214, 240, 76, 52, 129, 218, 110, 82, 91, 106, 219, 55,
       185, 148, 21, 126, 208, 26, 194, 34, 220, 68, 92, 103, 136, 74,
       71, 168, 113, 178, 167, 8, 87, 115, 9, 123, 51, 212, 104, 106,
       104, 229, 217, 46, 241, 235, 69, 20, 96, 243, 68, 34, 224, 140,
       157, 254, 201, 233, 17, 135, 154, 23, 160, 24, 182, 243, 96, 91,
       193, 115, 107, 16, 50, 111, 202, 49, 221, 178, 84, 123, 144, 72,
       133, 42, 197, 253, 157, 103, 177, 15, 119, 184, 126, 170, 43, 76,
       222, 115, 73, 50, 149, 68, 108, 126, 225, 112, 217, 46, 237, 255,
       5, 54, 72, 115, 67, 35, 84, 205, 93, 103, 154, 43, 71, 175, 100,
       160, 170, 8, 247, 115, 9, 80, 50, 246, 76, 106, 104, 184, 89, 61,
       233, 239, 37, 16, 96, 242, 196, 40, 144, 172, 187, 243, 196, 237,
       105, 199, 54, 23, 100, 18, 49, 243, 64, 57, 121, 255, 115, 152,
       58, 250, 187, 115, 221, 175, 222, 97, 225, 64, 231, 170, 193, 168,
       120, 83, 138, 248, 169, 143, 238, 115, 134, 16, 181, 210, 82, 122,
       35, 55, 120, 28, 23, 77, 255, 113, 205, 171, 91, 120, 140, 128,
       131, 12, 208, 172, 189, 117, 188, 107, 207, 43, 248, 182, 178, 24,
       247, 105, 144, 35, 131, 119, 108, 41, 56, 237, 233, 46, 233, 171,
       117, 20, 196, 232, 199, 40, 244, 44, 172, 180, 140, 109, 69, 158,
       210, 250, 134, 25, 215, 189, 83, 43, 137, 246, 125, 25, 57, 103,
       251, 34, 201, 195, 245, 53, 128, 121, 214, 122, 193, 136, 189, 95,
       169, 189, 149, 143, 206, 51, 160, 24, 166, 48, 71, 111, 129, 66,
       104, 28, 22, 109, 235, 49, 141, 186, 86, 58, 208, 89, 193, 108,
       237, 245, 245, 71, 180, 31, 198, 184, 123, 226, 59, 108, 219, 56,
       157, 181, 23, 68, 244, 111, 229, 240, 253, 142, 46, 255, 69, 22,
       206, 255, 218, 53, 69, 112, 153, 101, 0, 79, 55, 24, 104, 234, 39,
       8, 214, 55, 73, 58, 148, 85, 68, 106, 65, 240, 241, 8, 199, 153,
       101, 36, 192, 115, 7, 35, 69, 115, 148, 7, 50, 10, 38, 184, 109,
       224, 99, 236, 220, 114, 137, 246, 182, 69, 104, 235, 197, 208,
       221, 76, 164, 54, 15, 6, 8, 179, 11, 21, 4, 255, 157, 99, 168, 75,
       71, 184, 86, 127, 105, 108, 211, 103, 201, 33, 25, 92, 110, 122,
       123, 112, 127, 51, 237, 130, 101, 116, 240, 251, 4, 240, 245, 53,
       140, 182, 143, 127, 134, 207, 210, 178, 169, 95, 70, 224, 75, 155,
       249, 231, 232, 51, 109, 99, 216, 42, 185, 199, 69, 63, 201, 126,
       138, 134, 76, 237, 252, 103, 178, 10, 63, 184, 59, 174, 127, 169,
       255, 119, 139, 17, 23, 95, 253, 110, 96, 208, 233, 111, 230, 255,
       101, 132, 226, 243, 135, 113, 60, 96, 123, 100, 64, 106, 67, 80,
       96, 192, 109, 72, 83, 23, 129, 48, 56, 156, 68, 106, 9, 182, 160,
       8, 67, 169, 32, 0, 97, 179, 70, 160, 124, 48, 179, 96, 153, 77,
       81, 80, 163, 164, 161, 8, 27, 151, 65, 58, 4, 245, 204, 80, 10,
       67, 178, 0, 219, 201, 5, 120, 226, 243, 6, 98, 230, 189, 158, 30,
       153, 205, 150, 239, 158, 247, 136, 25, 230, 246, 99, 23, 201, 115,
       234, 18, 54, 75, 218, 127, 185, 22, 93, 63, 144, 120, 135, 94,
       120, 168, 159, 112, 173, 236, 80, 86, 227, 17, 168, 8, 63, 179,
       64, 187, 129, 182, 124, 16, 30, 75, 242, 33, 219, 233, 112, 121,
