%YAML:1.0
---
descriptors: !!opencv-matrix
   rows: 191
   cols: 32
   dt: u
   data: [ 92, 176, 153, 244, 41, 108, 81, 27, 171, 179, 167, 24, 158,
       183, 73, 26, 133, 213, 253, 17, 9, 67, 219, 0, 219, 213, 85, 62,
       136, 96, 6, 59, 80, 189, 63, 254, 26, 197, 29, 255, 182, 92, 136,
       9, 55, 255, 32, 80, 229, 179, 125, 129, 74, 75, 186, 61, 241, 167,
       58, 57, 16, 2, 167, 123, 221, 244, 189, 37, 170, 127, 87, 184,
       115, 254, 47, 61, 223, 55, 75, 58, 183, 213, 236, 122, 189, 69,
       249, 18, 251, 239, 101, 116, 234, 243, 135, 115, 92, 116, 157,
       228, 138, 78, 87, 184, 166, 182, 167, 8, 215, 119, 73, 91, 51,
       213, 109, 106, 104, 65, 185, 12, 249, 163, 101, 52, 160, 115, 7,
       114, 221, 92, 255, 101, 160, 126, 95, 176, 224, 254, 151, 20, 223,
       127, 91, 123, 183, 213, 125, 127, 253, 197, 185, 42, 203, 235,
       101, 212, 168, 243, 7, 115, 165, 104, 187, 83, 196, 109, 237, 208,
       123, 242, 101, 24, 146, 245, 93, 61, 153, 124, 50, 30, 129, 118,
       250, 96, 69, 26, 87, 44, 200, 249, 83, 224, 212, 140, 189, 247,
       172, 107, 197, 191, 204, 182, 146, 24, 247, 101, 152, 43, 3, 118,
       109, 43, 120, 237, 105, 46, 233, 227, 117, 20, 100, 248, 149, 32,
       244, 112, 173, 182, 140, 108, 69, 152, 242, 255, 135, 25, 215,
       245, 89, 59, 129, 214, 125, 27, 40, 69, 251, 34, 217, 227, 245,
       61, 160, 121, 214, 98, 40, 161, 121, 99, 252, 233, 83, 89, 99,
       173, 189, 40, 19, 151, 72, 48, 25, 154, 68, 24, 26, 122, 232, 28,
       239, 157, 37, 125, 226, 138, 70, 163, 165, 104, 187, 87, 197, 237,
       229, 198, 122, 242, 100, 24, 178, 240, 85, 59, 137, 110, 114, 10,
       105, 246, 250, 96, 69, 184, 87, 40, 192, 121, 82, 228, 100, 69,
       61, 103, 180, 75, 71, 168, 116, 162, 235, 8, 210, 115, 9, 112,
       208, 220, 104, 106, 104, 144, 105, 46, 229, 174, 5, 20, 64, 123,
       214, 34, 212, 100, 157, 119, 40, 47, 68, 8, 184, 178, 163, 24,
       215, 115, 73, 27, 129, 68, 121, 42, 104, 101, 219, 10, 193, 203,
       85, 52, 192, 113, 66, 34, 100, 119, 17, 103, 116, 79, 230, 184,
       121, 168, 123, 72, 215, 108, 29, 48, 156, 220, 100, 98, 193, 240,
       217, 14, 165, 188, 37, 20, 72, 59, 70, 177, 200, 184, 159, 112, 9,
       236, 113, 23, 234, 19, 34, 24, 190, 151, 64, 123, 163, 55, 120,
       16, 51, 77, 146, 33, 193, 251, 80, 106, 200, 64, 135, 58, 100, 85,
       61, 103, 28, 79, 71, 56, 118, 164, 171, 12, 211, 5, 9, 81, 145,
       84, 104, 110, 105, 176, 121, 28, 237, 186, 69, 20, 88, 187, 64,
       48, 5, 231, 213, 3, 182, 91, 103, 172, 126, 246, 43, 128, 199, 96,
       223, 12, 51, 76, 106, 126, 116, 240, 109, 118, 44, 6, 69, 116,
       230, 251, 197, 228, 69, 117, 20, 7, 178, 30, 38, 184, 124, 224,
       111, 100, 220, 114, 137, 244, 22, 76, 106, 106, 225, 144, 221, 78,
       164, 54, 7, 6, 72, 243, 3, 149, 212, 13, 94, 230, 184, 10, 79, 56,
       164, 180, 167, 136, 215, 99, 9, 83, 34, 228, 108, 234, 104, 193,
       9, 12, 240, 163, 101, 21, 32, 179, 2, 0, 244, 124, 188, 246, 172,
       108, 85, 158, 242, 187, 135, 24, 215, 241, 73, 27, 129, 214, 125,
       18, 40, 101, 219, 34, 217, 227, 117, 61, 168, 121, 214, 34, 192,
       172, 191, 121, 136, 232, 173, 135, 254, 19, 162, 16, 181, 183, 64,
       123, 35, 63, 104, 144, 50, 77, 151, 115, 205, 171, 255, 73, 192,
       64, 135, 170, 212, 14, 157, 247, 172, 47, 69, 190, 178, 190, 162,
       88, 247, 113, 65, 11, 5, 86, 108, 42, 104, 101, 203, 32, 193, 235,
       117, 20, 96, 249, 129, 41, 220, 96, 159, 228, 10, 74, 85, 56, 34,
       182, 167, 8, 87, 55, 65, 91, 34, 213, 109, 106, 72, 65, 249, 8,
       217, 163, 101, 20, 32, 243, 6, 98, 228, 241, 185, 250, 236, 205,
       85, 220, 155, 252, 165, 25, 183, 221, 75, 59, 157, 217, 85, 83,
       219, 103, 250, 49, 203, 217, 69, 125, 64, 27, 214, 243, 113, 73,
       29, 101, 8, 78, 69, 44, 224, 178, 162, 8, 247, 51, 1, 115, 128,
       228, 108, 106, 73, 195, 81, 12, 225, 171, 101, 16, 40, 242, 66,
       42, 186, 174, 230, 26, 207, 177, 148, 207, 219, 87, 216, 191, 40,
       236, 118, 143, 205, 11, 195, 21, 190, 111, 206, 243, 26, 86, 220,
       251, 215, 92, 254, 222, 27, 67, 106, 5, 70, 18, 239, 96, 97, 230,
       255, 135, 73, 40, 151, 196, 126, 196, 180, 239, 204, 177, 165,
       204, 54, 111, 234, 129, 103, 182, 122, 196, 46, 161, 168, 67, 221,
       221, 208, 143, 83, 181, 173, 25, 130, 44, 94, 60, 153, 218, 241,
       17, 158, 122, 223, 177, 79, 95, 149, 119, 195, 14, 222, 70, 120,
       73, 207, 101, 0, 74, 71, 164, 33, 166, 238, 8, 115, 39, 1, 82,
       112, 244, 108, 234, 72, 218, 225, 40, 247, 227, 197, 17, 99, 179,
       70, 106, 4, 103, 231, 7, 208, 74, 111, 232, 116, 228, 111, 128,
       65, 99, 219, 62, 49, 76, 106, 254, 97, 240, 173, 106, 108, 6, 199,
       4, 227, 243, 230, 228, 205, 125, 181, 119, 161, 126, 119, 175,
       123, 186, 46, 24, 222, 113, 69, 191, 145, 86, 104, 42, 113, 244,
       249, 106, 239, 250, 85, 22, 202, 113, 195, 38, 211, 170, 159, 176,
       170, 169, 0, 135, 186, 187, 144, 253, 167, 226, 192, 27, 167, 227,
       108, 21, 63, 79, 130, 49, 152, 194, 127, 248, 136, 64, 131, 27,
       208, 172, 159, 117, 136, 234, 69, 135, 246, 147, 162, 80, 183,
       179, 64, 91, 33, 118, 108, 152, 58, 237, 195, 19, 201, 227, 119,
       80, 224, 80, 133, 42, 252, 237, 189, 118, 168, 109, 87, 220, 179,
       254, 173, 24, 87, 247, 73, 59, 17, 214, 125, 106, 122, 103, 250,
       50, 249, 235, 101, 60, 224, 243, 198, 99, 208, 160, 157, 122, 136,
       173, 0, 143, 238, 51, 161, 24, 182, 243, 72, 91, 129, 51, 104, 17,
       58, 111, 202, 49, 217, 162, 119, 120, 208, 72, 131, 10, 252, 116,
       157, 246, 172, 108, 87, 156, 178, 187, 163, 24, 215, 241, 73, 27,
       145, 214, 108, 82, 43, 101, 219, 34, 217, 195, 117, 124, 168, 123,
       198, 50, 229, 85, 53, 101, 29, 79, 70, 56, 110, 160, 43, 8, 211,
       113, 9, 115, 144, 84, 104, 106, 105, 176, 121, 28, 229, 186, 69,
       20, 88, 59, 64, 48, 37, 117, 17, 103, 84, 15, 230, 184, 120, 168,
       107, 72, 215, 105, 25, 48, 148, 92, 64, 107, 193, 176, 217, 14,
       165, 188, 5, 4, 72, 59, 67, 176, 217, 184, 159, 112, 139, 252,
       112, 151, 251, 19, 38, 24, 190, 179, 64, 255, 161, 62, 120, 24,
       51, 109, 178, 33, 219, 251, 80, 106, 202, 64, 131, 42, 225, 188,
       21, 80, 253, 237, 80, 167, 251, 51, 160, 24, 182, 240, 68, 59,
       129, 118, 120, 24, 51, 111, 242, 55, 157, 154, 85, 122, 192, 72,
       194, 46, 44, 49, 113, 67, 244, 79, 99, 152, 105, 172, 125, 40,
       146, 87, 205, 52, 152, 88, 70, 122, 3, 176, 104, 42, 111, 156, 37,
       36, 194, 187, 70, 227, 164, 244, 57, 122, 236, 77, 87, 248, 27,
       246, 165, 25, 151, 93, 73, 59, 157, 88, 85, 106, 107, 102, 250,
       51, 231, 217, 69, 60, 64, 123, 214, 242, 236, 252, 125, 117, 248,
       239, 87, 182, 121, 246, 172, 13, 23, 53, 3, 51, 141, 246, 84, 106,
       233, 106, 121, 62, 111, 219, 101, 52, 106, 249, 70, 115, 36, 101,
       121, 111, 124, 79, 70, 40, 97, 160, 251, 72, 211, 121, 29, 48,
       216, 220, 70, 106, 76, 178, 89, 14, 231, 253, 1, 16, 65, 187, 82,
       130, 205, 117, 61, 71, 241, 126, 119, 184, 121, 234, 111, 12, 218,
       118, 159, 53, 148, 84, 112, 106, 229, 212, 253, 110, 103, 127, 69,
       4, 74, 247, 75, 245, 60, 101, 57, 101, 213, 78, 103, 184, 48, 164,
       238, 8, 87, 119, 9, 48, 56, 220, 66, 234, 105, 176, 121, 46, 253,
       175, 5, 4, 97, 243, 70, 226, 94, 178, 133, 165, 11, 58, 88, 24,
       163, 245, 131, 221, 207, 14, 88, 170, 5, 213, 253, 145, 142, 192,
       255, 128, 139, 195, 253, 245, 166, 164, 30, 85, 252, 253, 189,
       116, 168, 79, 87, 255, 242, 186, 172, 8, 87, 243, 73, 59, 17, 214,
       109, 42, 122, 99, 219, 11, 251, 207, 101, 60, 224, 240, 198, 35,
       208, 142, 157, 183, 184, 170, 69, 55, 180, 147, 130, 81, 183, 35,
       0, 91, 1, 102, 108, 12, 57, 205, 195, 15, 201, 227, 118, 80, 168,
       192, 129, 40, 108, 228, 157, 119, 173, 79, 71, 168, 19, 190, 161,
