%YAML:1.0
---
descriptors: !!opencv-matrix
   rows: 323
   cols: 32
   dt: u
   data: [ 220, 180, 188, 113, 168, 110, 125, 31, 187, 187, 183, 16, 223,
       119, 204, 91, 135, 215, 125, 24, 56, 101, 243, 0, 207, 251, 119,
       213, 194, 224, 199, 115, 222, 176, 189, 240, 168, 108, 93, 31,
       171, 255, 151, 60, 223, 255, 72, 123, 135, 151, 253, 17, 185, 73,
       243, 192, 219, 251, 127, 254, 128, 64, 135, 115, 200, 184, 188,
       114, 169, 253, 93, 159, 251, 127, 180, 24, 190, 191, 68, 59, 133,
       83, 253, 16, 178, 77, 250, 243, 219, 219, 119, 123, 130, 81, 135,
       123, 238, 188, 180, 254, 173, 237, 84, 159, 223, 155, 180, 24,
       238, 249, 117, 91, 201, 123, 255, 17, 178, 111, 218, 243, 143,
       223, 221, 63, 146, 217, 210, 139, 232, 188, 188, 250, 173, 253,
       213, 255, 255, 223, 164, 24, 190, 253, 104, 59, 141, 115, 255, 1,
       178, 111, 250, 243, 219, 219, 85, 123, 210, 92, 199, 107, 190,
       236, 246, 255, 236, 43, 252, 254, 63, 243, 242, 146, 237, 238, 28,
       123, 255, 239, 127, 131, 178, 255, 203, 255, 190, 251, 255, 148,
       149, 252, 243, 205, 104, 177, 188, 254, 141, 125, 84, 143, 91, 55,
       172, 24, 190, 253, 72, 26, 217, 146, 233, 16, 58, 106, 243, 179,
       203, 223, 84, 123, 210, 88, 198, 42, 158, 188, 246, 223, 254, 187,
       252, 223, 191, 179, 246, 178, 111, 238, 188, 125, 255, 255, 127,
       17, 178, 255, 171, 255, 254, 255, 255, 244, 183, 248, 243, 145,
       131, 173, 246, 223, 238, 59, 252, 239, 63, 243, 246, 155, 236,
       238, 190, 105, 127, 239, 127, 141, 182, 255, 239, 247, 190, 62,
       223, 172, 151, 252, 243, 221, 108, 176, 189, 99, 141, 111, 83,
       153, 99, 63, 173, 24, 222, 125, 72, 58, 153, 20, 233, 58, 26, 98,
       249, 16, 207, 223, 65, 125, 210, 107, 198, 98, 68, 85, 61, 231,
       184, 78, 79, 184, 32, 168, 255, 72, 215, 119, 137, 115, 22, 212,
       125, 106, 105, 144, 249, 46, 229, 239, 37, 148, 32, 243, 70, 113,
       109, 85, 61, 103, 160, 78, 119, 184, 104, 232, 127, 72, 215, 119,
       137, 115, 148, 84, 124, 106, 193, 240, 249, 44, 231, 249, 101, 4,
       64, 243, 70, 113, 5, 85, 57, 103, 180, 78, 111, 184, 60, 234, 127,
       100, 215, 119, 137, 112, 86, 92, 60, 106, 233, 144, 121, 46, 237,
       191, 39, 132, 0, 243, 68, 49, 120, 188, 63, 120, 27, 232, 81, 71,
       179, 21, 172, 56, 54, 183, 64, 56, 161, 186, 105, 16, 26, 79, 178,
       23, 219, 207, 16, 123, 226, 0, 198, 106, 249, 188, 247, 114, 171,
       253, 81, 215, 243, 91, 180, 56, 59, 255, 198, 63, 163, 182, 236,
       16, 191, 111, 186, 177, 219, 219, 117, 123, 235, 192, 198, 95,
       221, 190, 188, 50, 170, 188, 92, 151, 179, 123, 180, 249, 191,
       247, 66, 59, 135, 183, 253, 20, 190, 79, 234, 49, 219, 219, 117,
       249, 162, 212, 142, 91, 69, 113, 49, 69, 17, 95, 118, 40, 105,
       224, 110, 8, 222, 49, 1, 180, 144, 92, 72, 106, 65, 240, 249, 8,
       167, 220, 5, 22, 74, 51, 71, 34, 252, 69, 125, 103, 32, 74, 119,
       184, 112, 162, 39, 8, 215, 119, 9, 115, 18, 212, 108, 106, 105,
       244, 249, 14, 229, 235, 69, 20, 96, 243, 68, 32, 79, 241, 252, 69,
       186, 30, 31, 188, 58, 244, 23, 173, 221, 63, 223, 38, 23, 85, 253,
       127, 197, 80, 253, 205, 111, 127, 109, 212, 6, 183, 1, 113, 64,
       172, 157, 251, 248, 237, 33, 143, 190, 51, 40, 24, 182, 179, 64,
       123, 129, 82, 106, 24, 51, 104, 218, 51, 205, 182, 86, 120, 144,
       88, 135, 168, 240, 168, 191, 114, 200, 228, 233, 199, 178, 51,
       228, 26, 48, 183, 68, 59, 169, 223, 115, 152, 50, 95, 186, 113,
       93, 171, 223, 109, 193, 64, 231, 170, 240, 105, 174, 182, 140, 77,
       69, 55, 242, 235, 134, 25, 183, 181, 82, 59, 129, 230, 125, 25,
       104, 111, 251, 34, 249, 131, 245, 57, 128, 120, 214, 106, 65, 136,
       189, 95, 168, 173, 148, 143, 206, 19, 160, 24, 246, 240, 4, 106,
       129, 98, 104, 28, 150, 105, 251, 113, 141, 190, 86, 90, 208, 72,
       193, 46, 103, 181, 213, 167, 168, 14, 78, 172, 59, 226, 171, 200,
       215, 102, 76, 247, 151, 215, 124, 230, 121, 66, 217, 14, 165, 178,
       205, 54, 8, 242, 130, 52, 68, 103, 132, 135, 194, 42, 38, 136,
       112, 182, 139, 246, 193, 98, 203, 223, 113, 196, 104, 250, 48,
       208, 205, 98, 188, 38, 231, 69, 160, 243, 175, 1, 100, 110, 245,
       103, 53, 75, 70, 160, 121, 170, 186, 72, 195, 121, 85, 50, 152,
       220, 108, 98, 108, 240, 201, 42, 167, 222, 5, 51, 99, 243, 70, 6,
       109, 101, 121, 103, 244, 31, 118, 184, 121, 168, 123, 73, 223,
       121, 157, 176, 182, 76, 93, 111, 228, 240, 201, 46, 111, 223, 37,
       52, 66, 247, 66, 131, 76, 117, 125, 103, 50, 11, 63, 184, 57, 236,
       127, 173, 223, 119, 139, 16, 150, 93, 253, 110, 96, 208, 233, 78,
       230, 223, 37, 132, 98, 243, 7, 113, 97, 112, 91, 69, 112, 74, 99,
       48, 96, 72, 103, 104, 83, 23, 133, 48, 18, 220, 68, 106, 65, 180,
       177, 12, 101, 173, 32, 0, 105, 179, 66, 177, 1, 128, 207, 25, 196,
       169, 97, 15, 118, 19, 66, 208, 243, 163, 192, 75, 97, 14, 106, 28,
       51, 216, 71, 17, 12, 162, 114, 64, 184, 192, 193, 136, 208, 176,
       185, 48, 136, 233, 81, 27, 226, 115, 162, 24, 183, 145, 64, 59,
       129, 147, 108, 16, 27, 109, 210, 17, 217, 129, 113, 120, 232, 64,
       135, 42, 120, 169, 159, 114, 140, 205, 80, 87, 162, 17, 172, 8,
       55, 243, 64, 59, 128, 162, 125, 8, 26, 75, 194, 49, 219, 201, 112,
       121, 224, 128, 222, 74, 217, 158, 95, 111, 176, 46, 71, 183, 116,
       11, 238, 84, 115, 33, 144, 112, 21, 230, 108, 44, 185, 173, 29,
       47, 232, 239, 36, 80, 232, 242, 192, 41, 236, 188, 180, 251, 173,
       237, 84, 159, 255, 187, 180, 24, 238, 249, 84, 27, 129, 114, 255,
       16, 178, 109, 218, 179, 207, 219, 85, 122, 210, 88, 211, 11, 204,
       184, 188, 114, 169, 253, 89, 150, 251, 59, 180, 24, 190, 255, 64,
       59, 133, 83, 253, 16, 178, 111, 250, 241, 219, 219, 85, 123, 194,
       80, 135, 59, 232, 252, 188, 254, 157, 221, 84, 238, 219, 23, 172,
       24, 191, 253, 64, 50, 201, 178, 233, 0, 122, 111, 242, 179, 251,
       255, 20, 123, 210, 88, 198, 10, 174, 236, 214, 191, 236, 171, 236,
       207, 191, 179, 242, 18, 237, 234, 20, 75, 251, 239, 127, 129, 50,
       255, 203, 255, 190, 254, 223, 180, 149, 248, 243, 136, 232, 177,
       188, 123, 157, 77, 85, 157, 83, 63, 165, 24, 223, 125, 72, 58,
       153, 146, 233, 48, 58, 110, 251, 147, 239, 219, 85, 127, 210, 74,
       198, 34, 134, 172, 246, 223, 254, 187, 252, 207, 191, 179, 250,
       18, 237, 235, 188, 91, 127, 239, 127, 145, 178, 255, 235, 255,
       190, 254, 223, 228, 231, 232, 243, 129, 130, 172, 254, 159, 236,
       43, 252, 239, 63, 243, 250, 146, 236, 238, 60, 105, 251, 239, 127,
       145, 178, 253, 207, 255, 190, 62, 223, 228, 197, 248, 243, 205,
       128, 172, 254, 191, 254, 43, 255, 255, 62, 179, 250, 155, 245,
       238, 16, 73, 127, 255, 127, 149, 178, 255, 207, 63, 252, 175, 255,
       232, 149, 120, 225, 153, 108, 48, 189, 99, 173, 111, 83, 152, 99,
       190, 173, 8, 215, 117, 73, 58, 145, 84, 124, 122, 9, 116, 249, 16,
       207, 223, 101, 117, 192, 251, 70, 51, 84, 93, 157, 231, 176, 14,
       79, 188, 52, 170, 158, 96, 215, 119, 137, 80, 55, 215, 125, 106,
       105, 208, 73, 46, 233, 167, 37, 148, 32, 243, 132, 49, 84, 85, 61,
       231, 160, 78, 71, 184, 32, 168, 191, 72, 215, 119, 137, 115, 22,
       212, 125, 106, 73, 208, 249, 44, 229, 235, 101, 148, 32, 243, 70,
       51, 109, 112, 185, 103, 36, 111, 87, 152, 107, 238, 39, 8, 211,
       85, 73, 58, 145, 84, 124, 122, 9, 116, 249, 10, 207, 223, 101, 52,
       194, 251, 70, 115, 212, 93, 61, 231, 176, 78, 79, 188, 52, 170,
       255, 96, 247, 119, 137, 112, 118, 212, 125, 106, 233, 144, 121,
       46, 237, 239, 39, 148, 32, 243, 5, 59, 197, 93, 157, 247, 168, 46,
       118, 184, 60, 170, 99, 68, 223, 115, 9, 115, 149, 85, 124, 106,
       97, 212, 219, 110, 229, 251, 103, 4, 8, 115, 1, 49, 197, 84, 157,
       103, 160, 46, 102, 184, 122, 170, 43, 76, 214, 115, 73, 114, 145,
