%YAML:1.0
---
descriptors: !!opencv-matrix
   rows: 412
   cols: 32
   dt: u
   data: [ 248, 172, 252, 114, 138, 233, 81, 199, 178, 55, 172, 153, 39,
       167, 64, 27, 1, 210, 109, 144, 58, 75, 170, 35, 219, 195, 117,
       121, 224, 65, 134, 106, 85, 85, 125, 231, 180, 14, 79, 188, 52,
       234, 127, 96, 247, 119, 137, 112, 86, 214, 28, 106, 233, 144, 121,
       46, 227, 239, 37, 132, 32, 243, 192, 49, 117, 93, 121, 103, 176,
       78, 111, 188, 96, 234, 126, 96, 211, 119, 137, 112, 22, 244, 124,
       106, 233, 144, 121, 46, 231, 239, 37, 132, 104, 243, 64, 57, 77,
       116, 159, 103, 129, 110, 55, 0, 120, 234, 47, 8, 222, 49, 73, 59,
       147, 84, 104, 42, 97, 244, 185, 10, 229, 255, 69, 2, 200, 115, 67,
       35, 117, 117, 125, 103, 180, 78, 71, 184, 96, 232, 191, 76, 211,
       119, 153, 51, 20, 212, 124, 106, 201, 240, 249, 8, 231, 233, 101,
       148, 104, 243, 66, 113, 5, 117, 49, 69, 21, 79, 103, 56, 105, 232,
       107, 72, 222, 81, 9, 180, 144, 92, 64, 106, 193, 176, 249, 14, 37,
       188, 1, 6, 74, 51, 71, 161, 236, 48, 189, 99, 45, 125, 81, 152,
       123, 255, 165, 24, 222, 93, 75, 59, 153, 16, 253, 58, 43, 102,
       251, 16, 207, 219, 81, 127, 194, 107, 70, 114, 36, 113, 17, 69,
       85, 79, 103, 184, 74, 160, 47, 8, 210, 81, 69, 52, 145, 92, 82,
       106, 65, 240, 121, 28, 103, 156, 1, 54, 66, 59, 86, 162, 100, 161,
       25, 105, 93, 77, 83, 136, 2, 48, 173, 8, 114, 85, 73, 48, 153, 24,
       64, 122, 10, 98, 251, 21, 231, 221, 1, 61, 82, 43, 70, 162, 236,
       180, 188, 122, 173, 125, 81, 153, 219, 63, 165, 24, 222, 253, 72,
       59, 137, 18, 253, 16, 58, 110, 250, 147, 207, 219, 81, 127, 210,
       75, 198, 34, 104, 188, 180, 250, 205, 253, 84, 143, 223, 23, 172,
       24, 174, 185, 68, 31, 201, 58, 251, 16, 58, 107, 242, 179, 203,
       223, 84, 123, 210, 72, 214, 170, 248, 173, 223, 112, 152, 233, 81,
       247, 179, 23, 172, 57, 55, 183, 66, 27, 169, 178, 237, 16, 58, 75,
       162, 51, 219, 195, 116, 121, 224, 192, 238, 106, 120, 188, 157,
       252, 138, 232, 81, 23, 179, 55, 166, 56, 55, 247, 66, 91, 3, 246,
       109, 16, 58, 79, 130, 35, 217, 231, 112, 121, 162, 192, 134, 43,
       244, 190, 222, 114, 136, 172, 85, 223, 178, 191, 164, 29, 23, 243,
       74, 27, 161, 246, 109, 24, 58, 79, 154, 34, 219, 195, 117, 125,
       224, 224, 134, 99, 216, 184, 191, 240, 138, 233, 17, 151, 166,
       115, 134, 56, 183, 151, 64, 91, 39, 147, 125, 16, 58, 77, 147, 17,
       217, 195, 113, 89, 160, 192, 133, 43, 216, 24, 191, 244, 138, 110,
       81, 51, 180, 219, 162, 24, 215, 55, 0, 123, 35, 246, 124, 24, 57,
       77, 179, 4, 217, 227, 116, 80, 160, 224, 133, 99, 109, 117, 145,
       101, 153, 95, 86, 184, 123, 234, 47, 8, 218, 112, 77, 182, 144,
       84, 120, 106, 237, 240, 249, 14, 47, 223, 5, 54, 74, 115, 74, 54,
       129, 87, 31, 135, 112, 14, 47, 188, 124, 234, 90, 228, 245, 114,
       145, 112, 54, 109, 54, 110, 225, 208, 205, 126, 108, 174, 111,
       128, 12, 242, 1, 185, 77, 253, 158, 103, 177, 78, 119, 184, 121,
       234, 111, 12, 222, 115, 9, 48, 147, 84, 108, 106, 65, 240, 217,
       110, 239, 255, 5, 6, 74, 115, 203, 51, 69, 116, 157, 67, 164, 111,
       167, 152, 122, 250, 43, 8, 214, 112, 73, 43, 145, 68, 120, 123,
       49, 116, 249, 0, 237, 138, 101, 116, 200, 123, 211, 51, 129, 174,
       223, 155, 236, 169, 172, 199, 254, 19, 32, 210, 181, 227, 224, 75,
       99, 98, 106, 28, 51, 109, 143, 115, 12, 130, 127, 104, 156, 200,
       161, 168, 252, 252, 189, 242, 169, 237, 84, 158, 179, 251, 160,
       25, 127, 247, 72, 27, 129, 215, 253, 18, 43, 71, 250, 51, 219,
       227, 117, 122, 160, 113, 134, 123, 252, 172, 252, 86, 136, 111,
       85, 191, 242, 182, 164, 24, 115, 119, 8, 31, 9, 214, 108, 42, 56,
       111, 251, 46, 249, 234, 117, 56, 225, 241, 198, 106, 116, 119,
       245, 68, 244, 79, 199, 56, 113, 234, 59, 104, 83, 53, 141, 54, 21,
       212, 68, 106, 233, 112, 249, 14, 41, 158, 37, 52, 99, 251, 70, 49,
       252, 100, 220, 114, 140, 105, 87, 216, 210, 182, 165, 25, 83, 233,
       75, 27, 25, 214, 236, 18, 40, 99, 218, 34, 123, 203, 101, 61, 227,
       251, 206, 34, 69, 117, 17, 103, 49, 15, 103, 56, 121, 232, 107,
       12, 214, 81, 9, 48, 144, 76, 64, 106, 193, 240, 249, 14, 229, 156,
       1, 22, 72, 51, 67, 162, 133, 150, 29, 247, 164, 110, 103, 184, 56,
       234, 99, 84, 214, 119, 9, 123, 149, 68, 108, 46, 241, 244, 89, 46,
       165, 186, 103, 4, 64, 241, 67, 49, 236, 116, 149, 115, 141, 111,
       71, 154, 58, 246, 39, 24, 214, 119, 73, 123, 145, 84, 120, 122,
       113, 68, 251, 34, 207, 187, 85, 116, 194, 113, 70, 114, 1, 113,
       19, 71, 81, 94, 166, 48, 104, 200, 106, 68, 250, 82, 133, 180,
       144, 124, 80, 106, 197, 176, 113, 76, 37, 184, 4, 2, 74, 51, 67,
       188, 101, 120, 209, 86, 73, 108, 71, 152, 115, 186, 96, 72, 114,
       247, 201, 191, 21, 252, 112, 74, 195, 70, 250, 104, 87, 152, 69,
       46, 194, 243, 66, 161, 108, 229, 156, 122, 137, 77, 87, 141, 178,
       243, 173, 24, 210, 247, 74, 27, 153, 210, 121, 90, 122, 98, 251,
       51, 235, 155, 85, 125, 210, 83, 198, 98, 69, 253, 157, 119, 147,
       76, 55, 184, 122, 243, 39, 8, 254, 113, 73, 51, 147, 86, 104, 90,
       99, 112, 251, 55, 109, 191, 69, 70, 200, 115, 195, 51, 69, 23,
       149, 231, 160, 38, 110, 152, 104, 170, 59, 100, 222, 98, 201, 254,
       151, 69, 108, 126, 149, 208, 201, 98, 172, 254, 103, 132, 136,
       243, 129, 5, 248, 188, 253, 114, 136, 253, 81, 159, 162, 255, 164,
       24, 51, 247, 66, 59, 1, 246, 236, 24, 59, 111, 250, 49, 219, 203,
       117, 57, 224, 192, 198, 122, 220, 144, 189, 254, 172, 76, 89, 152,
       175, 186, 183, 120, 223, 247, 73, 123, 167, 213, 125, 26, 169, 69,
       235, 0, 219, 251, 119, 148, 160, 241, 7, 35, 244, 68, 125, 100,
       40, 110, 85, 56, 224, 178, 166, 56, 87, 55, 137, 123, 135, 212,
       124, 106, 104, 101, 233, 12, 243, 235, 101, 20, 96, 241, 68, 35,
       117, 5, 93, 103, 188, 14, 79, 184, 236, 32, 171, 8, 215, 115, 8,
       115, 34, 215, 124, 106, 121, 169, 121, 61, 249, 235, 101, 20, 96,
       163, 192, 32, 216, 176, 189, 240, 41, 109, 89, 154, 175, 251, 180,
       24, 159, 255, 72, 59, 133, 151, 125, 24, 171, 111, 251, 18, 219,
       219, 115, 252, 128, 192, 71, 115, 64, 140, 157, 250, 232, 237, 5,
       143, 154, 19, 40, 24, 182, 179, 64, 122, 129, 114, 106, 24, 50,
       72, 218, 51, 205, 182, 86, 120, 144, 72, 135, 170, 224, 213, 149,
       249, 141, 109, 69, 175, 95, 59, 168, 24, 182, 55, 76, 119, 129,
       147, 104, 0, 123, 108, 251, 55, 175, 254, 84, 126, 80, 88, 198,
       42, 249, 186, 190, 48, 233, 221, 81, 215, 163, 127, 180, 189, 63,
       255, 66, 26, 135, 183, 253, 20, 159, 79, 250, 49, 219, 211, 117,
       251, 234, 132, 142, 91, 157, 149, 59, 231, 180, 46, 111, 188, 52,
       170, 127, 96, 215, 119, 137, 112, 119, 222, 29, 234, 249, 144,
       105, 47, 233, 239, 39, 132, 32, 251, 129, 49, 38, 205, 150, 190,
       221, 197, 86, 231, 159, 134, 232, 9, 230, 248, 45, 144, 217, 251,
       226, 66, 124, 99, 90, 175, 185, 246, 5, 59, 80, 122, 238, 142, 69,
       113, 149, 101, 33, 14, 103, 56, 104, 234, 35, 76, 214, 49, 73, 59,
       144, 68, 124, 110, 193, 240, 209, 8, 165, 186, 101, 6, 200, 115,
       67, 33, 54, 205, 18, 190, 217, 195, 6, 236, 159, 132, 232, 9, 102,
       224, 45, 148, 216, 235, 202, 98, 108, 35, 26, 62, 185, 182, 5, 59,
       80, 123, 46, 134, 125, 143, 93, 103, 180, 46, 71, 191, 96, 168,
       175, 76, 83, 97, 152, 114, 52, 198, 108, 110, 249, 169, 237, 46,
       232, 175, 37, 20, 104, 243, 194, 33, 40, 189, 144, 57, 185, 233,
       20, 142, 31, 53, 40, 25, 174, 59, 72, 152, 129, 27, 203, 16, 22,
       104, 211, 51, 239, 215, 20, 123, 210, 92, 142, 10, 38, 205, 148,
       190, 217, 201, 22, 231, 159, 22, 168, 9, 166, 240, 37, 148, 201,
       115, 234, 82, 94, 107, 90, 187, 169, 214, 21, 59, 208, 122, 142,
       142, 93, 85, 121, 103, 48, 78, 79, 188, 96, 234, 254, 96, 215,
