%YAML:1.0
---
descriptors: !!opencv-matrix
   rows: 166
   cols: 32
   dt: u
   data: [ 228, 180, 156, 218, 200, 237, 69, 143, 222, 51, 160, 24, 246,
       243, 72, 123, 129, 82, 106, 16, 59, 111, 219, 115, 157, 146, 85,
       126, 216, 88, 199, 42, 237, 113, 189, 103, 40, 78, 87, 184, 96,
       238, 55, 8, 215, 117, 9, 51, 148, 84, 124, 106, 201, 112, 249, 8,
       231, 249, 101, 20, 64, 179, 70, 115, 93, 69, 93, 103, 148, 78, 71,
       184, 100, 160, 171, 8, 87, 113, 9, 113, 50, 212, 108, 106, 73,
       161, 89, 44, 245, 239, 37, 20, 97, 243, 64, 32, 252, 244, 156, 98,
       137, 111, 87, 136, 19, 182, 173, 8, 86, 115, 73, 155, 145, 212,
       232, 114, 42, 103, 219, 18, 251, 211, 69, 63, 242, 123, 70, 34,
       116, 112, 216, 98, 200, 109, 87, 216, 34, 191, 173, 9, 83, 115,
       75, 26, 17, 220, 69, 122, 26, 99, 218, 32, 219, 141, 101, 125,
       224, 243, 198, 34, 240, 172, 159, 112, 136, 233, 81, 215, 162, 23,
       164, 24, 55, 167, 64, 27, 33, 182, 109, 24, 58, 79, 130, 49, 217,
       195, 112, 120, 224, 192, 134, 42, 84, 40, 62, 58, 9, 237, 145,
       200, 174, 55, 161, 25, 38, 221, 111, 11, 169, 177, 235, 83, 14,
       103, 154, 49, 217, 193, 89, 127, 81, 9, 47, 66, 108, 117, 177,
       103, 157, 79, 71, 168, 122, 224, 41, 8, 210, 117, 73, 50, 152, 92,
       88, 106, 89, 112, 249, 58, 237, 223, 5, 52, 192, 123, 70, 98, 124,
       168, 249, 114, 136, 233, 81, 223, 162, 183, 164, 24, 23, 247, 64,
       26, 1, 150, 109, 24, 26, 107, 234, 48, 219, 193, 53, 124, 224,
       192, 134, 226, 248, 164, 222, 122, 137, 173, 81, 207, 179, 23,
       165, 25, 7, 227, 74, 27, 201, 178, 237, 16, 58, 79, 218, 51, 219,
       195, 84, 125, 242, 64, 238, 2, 109, 101, 113, 103, 244, 31, 118,
       168, 121, 168, 123, 73, 206, 57, 157, 176, 178, 68, 125, 111, 196,
       240, 201, 140, 38, 255, 5, 22, 70, 255, 210, 135, 116, 68, 125,
       103, 22, 79, 67, 56, 116, 162, 171, 8, 83, 113, 8, 112, 49, 212,
       72, 106, 104, 180, 121, 30, 241, 175, 5, 20, 112, 186, 68, 32,
       192, 172, 157, 255, 200, 237, 37, 191, 158, 19, 32, 24, 182, 243,
       64, 91, 129, 122, 106, 24, 50, 76, 218, 51, 237, 162, 116, 120,
       144, 88, 135, 170, 212, 132, 94, 119, 146, 106, 71, 168, 180, 178,
       167, 16, 83, 115, 9, 83, 33, 214, 108, 170, 104, 197, 89, 46, 249,
       163, 229, 21, 160, 241, 196, 34, 92, 244, 185, 98, 168, 108, 87,
       152, 34, 123, 175, 25, 215, 247, 72, 122, 149, 215, 125, 18, 25,
       66, 249, 2, 219, 237, 37, 125, 160, 243, 135, 115, 60, 241, 120,
       98, 236, 77, 87, 216, 66, 188, 189, 8, 83, 81, 75, 18, 25, 208,
       69, 122, 90, 99, 250, 16, 123, 205, 37, 125, 243, 187, 206, 162,
       9, 81, 59, 69, 114, 79, 187, 48, 109, 72, 118, 72, 190, 29, 132,
       52, 182, 29, 86, 104, 193, 176, 49, 76, 103, 185, 32, 128, 74,
       162, 3, 249, 120, 184, 121, 112, 11, 205, 81, 71, 163, 181, 164,
       25, 63, 159, 64, 27, 129, 179, 213, 16, 10, 111, 178, 17, 219,
       201, 17, 59, 99, 0, 70, 122, 220, 16, 157, 116, 168, 108, 65, 50,
       160, 155, 162, 56, 215, 183, 65, 123, 1, 214, 108, 24, 41, 77,
       179, 0, 217, 227, 117, 88, 160, 224, 6, 51, 244, 248, 57, 122, 72,
       205, 81, 204, 130, 22, 160, 9, 182, 221, 73, 27, 137, 145, 105,
       67, 74, 103, 218, 49, 209, 129, 97, 63, 80, 59, 6, 106, 45, 101,
       177, 103, 253, 79, 71, 168, 123, 232, 45, 8, 214, 117, 73, 48,
       144, 92, 88, 106, 73, 112, 249, 62, 237, 221, 5, 52, 66, 123, 70,
       162, 101, 241, 57, 67, 153, 79, 71, 168, 106, 240, 41, 8, 214, 85,
       73, 50, 145, 84, 64, 122, 65, 112, 249, 20, 237, 152, 5, 118, 64,
       51, 70, 34, 252, 188, 252, 118, 137, 109, 85, 223, 179, 183, 165,
       24, 83, 247, 72, 27, 9, 214, 237, 24, 56, 111, 250, 34, 219, 203,
       117, 125, 226, 240, 198, 42, 221, 38, 216, 39, 184, 42, 94, 153,
       115, 183, 167, 153, 199, 99, 203, 91, 51, 204, 108, 62, 60, 70,
       205, 2, 250, 227, 101, 53, 160, 243, 202, 0, 228, 188, 157, 82,
       136, 173, 1, 158, 250, 59, 160, 92, 150, 240, 72, 27, 129, 83,
       104, 16, 59, 111, 218, 51, 157, 146, 85, 126, 216, 88, 131, 35,
       197, 245, 157, 101, 52, 46, 103, 184, 122, 234, 43, 76, 214, 113,
       73, 115, 145, 68, 104, 126, 225, 244, 217, 14, 237, 190, 101, 4,
       72, 115, 67, 33, 116, 127, 158, 166, 200, 15, 22, 232, 146, 174,
       185, 109, 102, 248, 75, 18, 153, 229, 236, 115, 108, 99, 200, 42,
       248, 135, 101, 63, 72, 123, 26, 19, 124, 160, 156, 122, 137, 233,
       81, 207, 179, 23, 164, 25, 7, 243, 74, 27, 137, 146, 237, 16, 58,
       79, 202, 19, 219, 211, 85, 127, 242, 64, 198, 2, 240, 168, 252,
       114, 138, 233, 81, 215, 162, 183, 164, 24, 23, 231, 64, 27, 33,
       242, 109, 24, 58, 79, 234, 49, 217, 193, 117, 125, 224, 192, 134,
       106, 104, 188, 189, 126, 137, 237, 85, 207, 179, 31, 172, 24, 246,
       247, 73, 26, 129, 250, 232, 0, 58, 111, 250, 51, 251, 247, 85, 59,
       192, 80, 198, 106, 101, 160, 177, 80, 249, 237, 97, 143, 251, 121,
       32, 24, 150, 147, 76, 56, 129, 30, 120, 24, 19, 106, 250, 82, 157,
       156, 21, 126, 192, 0, 195, 34, 120, 184, 121, 240, 107, 233, 81,
       71, 163, 125, 164, 57, 63, 159, 64, 27, 170, 179, 213, 16, 10,
       111, 178, 145, 211, 209, 112, 123, 99, 0, 70, 123, 248, 174, 158,
       50, 138, 169, 80, 199, 162, 23, 160, 185, 55, 227, 66, 27, 163,
       179, 237, 16, 58, 79, 130, 49, 216, 195, 117, 121, 160, 64, 142,
       10, 101, 113, 49, 71, 112, 78, 103, 184, 104, 236, 111, 8, 211,
       87, 137, 52, 20, 92, 84, 106, 193, 176, 249, 12, 37, 188, 37, 4,
       64, 179, 70, 241, 253, 101, 29, 103, 180, 46, 71, 184, 120, 170,
       175, 8, 211, 113, 25, 51, 144, 68, 108, 110, 105, 244, 249, 14,
       225, 255, 101, 20, 96, 115, 66, 32, 93, 44, 157, 182, 136, 108,
       69, 138, 178, 179, 160, 24, 183, 243, 73, 59, 129, 215, 108, 24,
       27, 71, 218, 32, 217, 227, 117, 56, 160, 113, 3, 34, 205, 28, 151,
       119, 161, 46, 102, 184, 121, 186, 47, 72, 254, 115, 9, 255, 177,
       118, 124, 106, 97, 240, 185, 42, 231, 255, 101, 6, 202, 115, 67,
       33, 108, 245, 177, 67, 249, 95, 87, 136, 123, 248, 40, 8, 222,
       117, 73, 190, 145, 84, 104, 122, 115, 112, 249, 50, 47, 223, 5,
       118, 194, 115, 70, 35, 45, 125, 49, 103, 253, 79, 71, 168, 123,
       232, 46, 8, 214, 117, 1, 52, 144, 92, 88, 106, 97, 240, 249, 46,
       239, 222, 5, 54, 66, 123, 70, 162, 120, 185, 121, 112, 218, 201,
       81, 87, 163, 53, 164, 56, 55, 151, 64, 16, 11, 186, 68, 24, 26,
       107, 162, 21, 91, 197, 48, 121, 226, 128, 198, 106, 88, 48, 147,
       116, 10, 108, 81, 19, 163, 159, 166, 56, 23, 183, 64, 90, 39, 214,
       109, 24, 26, 79, 178, 0, 217, 231, 117, 120, 162, 224, 38, 115,
       60, 193, 64, 168, 95, 11, 82, 232, 7, 32, 168, 11, 79, 89, 104,
       144, 248, 204, 195, 98, 76, 35, 89, 156, 187, 213, 129, 127, 115,
       63, 90, 130, 5, 119, 16, 69, 240, 30, 230, 184, 120, 168, 122, 76,
       214, 16, 157, 180, 144, 76, 68, 110, 225, 176, 217, 14, 37, 190,
       37, 4, 74, 179, 75, 133, 226, 174, 214, 112, 233, 173, 72, 215,
       187, 27, 160, 89, 46, 227, 84, 159, 165, 163, 109, 28, 58, 79,
       130, 243, 155, 218, 84, 251, 194, 208, 202, 8, 252, 46, 204, 39,
       168, 42, 94, 152, 115, 182, 167, 137, 215, 99, 91, 91, 19, 204,
       236, 118, 44, 215, 205, 10, 218, 227, 101, 21, 160, 243, 74, 2,
       124, 177, 253, 98, 169, 205, 80, 221, 163, 185, 173, 8, 127, 247,
       72, 58, 132, 214, 253, 82, 26, 99, 218, 49, 219, 217, 101, 127,
       226, 130, 198, 35, 101, 184, 157, 82, 232, 173, 1, 159, 234, 59,
       168, 76, 150, 241, 72, 58, 133, 82, 106, 24, 19, 107, 218, 113,
       157, 150, 117, 124, 216, 75, 131, 35, 244, 5, 93, 101, 148, 74,
       71, 173, 112, 164, 175, 24, 83, 113, 9, 115, 48, 214, 104, 106,
       120, 176, 121, 14, 245, 171, 69, 20, 97, 243, 198, 32, 117, 119,
       140, 39, 155, 31, 22, 104, 118, 232, 139, 109, 211, 124, 75, 178,
       185, 204, 236, 115, 205, 240, 221, 10, 189, 199, 45, 55, 232, 127,
