%YAML:1.0
---
descriptors: !!opencv-matrix
   rows: 223
   cols: 32
   dt: u
   data: [ 108, 245, 57, 103, 29, 79, 71, 168, 3, 164, 173, 8, 215, 117,
       72, 48, 152, 220, 121, 106, 73, 114, 249, 62, 237, 221, 5, 52, 64,
       59, 70, 98, 9, 117, 49, 69, 81, 94, 230, 56, 121, 232, 106, 72,
       222, 16, 4, 180, 144, 92, 80, 106, 193, 176, 249, 76, 37, 248, 1,
       6, 74, 50, 67, 182, 37, 117, 17, 69, 85, 95, 230, 184, 107, 232,
       46, 72, 214, 80, 69, 180, 144, 92, 82, 106, 193, 240, 249, 30, 47,
       156, 5, 54, 74, 59, 66, 180, 36, 229, 49, 75, 93, 79, 199, 168,
       74, 49, 45, 8, 210, 85, 76, 52, 153, 88, 66, 106, 67, 48, 121, 21,
       37, 156, 1, 118, 82, 59, 198, 162, 249, 190, 158, 50, 170, 189,
       89, 215, 163, 127, 180, 185, 63, 183, 194, 27, 167, 183, 253, 20,
       62, 79, 194, 49, 218, 235, 117, 249, 162, 196, 138, 91, 124, 180,
       189, 98, 173, 109, 81, 152, 107, 253, 173, 24, 223, 119, 72, 59,
       145, 208, 253, 58, 27, 99, 251, 16, 219, 217, 65, 125, 210, 75,
       70, 99, 252, 36, 252, 116, 168, 43, 85, 159, 179, 183, 164, 24,
       83, 231, 73, 31, 9, 214, 236, 26, 120, 103, 235, 2, 219, 203, 117,
       60, 226, 240, 198, 34, 104, 176, 189, 115, 173, 237, 81, 31, 235,
       123, 165, 24, 158, 253, 72, 58, 129, 147, 253, 16, 26, 110, 251,
       17, 207, 223, 84, 127, 210, 72, 198, 42, 252, 52, 253, 117, 169,
       108, 85, 159, 242, 187, 165, 24, 95, 255, 73, 59, 161, 215, 125,
       24, 57, 103, 251, 0, 219, 203, 117, 125, 226, 112, 198, 34, 96,
       188, 153, 218, 220, 237, 69, 143, 218, 59, 169, 24, 182, 243, 72,
       121, 129, 90, 106, 8, 51, 111, 218, 115, 253, 150, 85, 124, 216,
       88, 199, 170, 144, 205, 94, 103, 146, 202, 71, 175, 52, 160, 166,
       16, 115, 115, 0, 81, 51, 247, 77, 248, 120, 201, 89, 47, 249, 171,
       37, 81, 32, 240, 196, 42, 69, 103, 149, 69, 176, 46, 110, 152,
       122, 170, 43, 68, 223, 98, 201, 246, 151, 68, 108, 126, 133, 208,
       201, 74, 172, 190, 103, 4, 136, 243, 75, 5, 96, 213, 149, 105,
       189, 77, 68, 175, 123, 57, 41, 24, 214, 51, 76, 114, 129, 23, 104,
       16, 123, 104, 219, 23, 173, 158, 21, 126, 80, 72, 196, 42, 200,
       140, 157, 255, 200, 237, 21, 135, 158, 23, 96, 24, 182, 243, 64,
       91, 129, 114, 107, 24, 50, 78, 218, 51, 205, 163, 116, 120, 144,
       72, 135, 42, 116, 133, 93, 111, 154, 79, 71, 184, 100, 160, 175,
       8, 211, 49, 8, 112, 18, 212, 72, 106, 105, 160, 125, 30, 239, 175,
       5, 84, 112, 170, 64, 32, 100, 97, 59, 100, 65, 71, 231, 232, 48,
       160, 235, 10, 80, 255, 41, 48, 248, 221, 115, 235, 65, 243, 185,
       72, 117, 172, 143, 4, 65, 51, 103, 162, 252, 180, 157, 126, 137,
       116, 85, 159, 179, 191, 165, 24, 111, 247, 74, 255, 129, 246, 236,
       24, 58, 71, 186, 51, 251, 247, 85, 127, 162, 240, 142, 98, 69,
       113, 25, 101, 17, 79, 119, 40, 104, 224, 43, 8, 214, 17, 73, 50,
       144, 92, 96, 106, 65, 240, 249, 12, 229, 188, 1, 6, 72, 35, 67,
       50, 192, 181, 181, 65, 187, 107, 21, 143, 122, 55, 43, 56, 214,
       53, 72, 43, 147, 22, 232, 48, 50, 116, 249, 18, 237, 150, 85, 119,
       192, 64, 133, 106, 236, 52, 157, 115, 173, 111, 80, 8, 123, 187,
       37, 24, 214, 89, 73, 27, 145, 20, 104, 50, 50, 116, 217, 18, 207,
       217, 65, 119, 192, 41, 74, 3, 240, 160, 255, 112, 138, 233, 81,
       71, 162, 183, 164, 24, 23, 183, 64, 27, 35, 150, 104, 16, 58, 111,
       162, 1, 217, 129, 116, 121, 224, 64, 134, 106, 109, 101, 49, 103,
       53, 31, 118, 184, 105, 232, 127, 73, 218, 124, 159, 180, 148, 68,
       92, 110, 196, 240, 233, 142, 231, 255, 37, 4, 66, 183, 82, 119,
       76, 101, 120, 103, 114, 10, 63, 184, 57, 164, 111, 137, 223, 71,
       139, 16, 22, 93, 253, 110, 64, 208, 233, 110, 239, 253, 37, 132,
       34, 179, 7, 97, 92, 189, 191, 114, 154, 201, 87, 207, 178, 149,
       172, 56, 51, 247, 65, 26, 33, 243, 108, 16, 58, 75, 170, 51, 251,
       199, 53, 121, 224, 64, 166, 106, 237, 67, 84, 71, 228, 26, 110,
       188, 121, 162, 115, 204, 195, 96, 157, 247, 18, 68, 100, 110, 228,
       244, 205, 42, 38, 186, 101, 4, 70, 183, 74, 4, 64, 173, 140, 23,
       218, 43, 36, 175, 118, 179, 202, 144, 227, 96, 72, 74, 121, 206,
       106, 24, 50, 248, 207, 51, 44, 38, 215, 101, 224, 248, 208, 136,
       132, 205, 207, 31, 208, 11, 103, 172, 118, 162, 107, 192, 243,
       225, 137, 65, 81, 110, 42, 110, 104, 208, 207, 63, 108, 166, 101,
       4, 36, 251, 208, 160, 149, 205, 207, 55, 144, 10, 103, 184, 118,
       178, 107, 192, 243, 97, 153, 113, 113, 108, 42, 106, 104, 240,
       207, 46, 236, 162, 103, 4, 96, 243, 80, 160, 208, 184, 159, 240,
       8, 205, 81, 22, 230, 113, 166, 24, 183, 151, 64, 123, 1, 183, 109,
       16, 26, 77, 219, 49, 217, 225, 113, 121, 224, 128, 7, 42, 77, 116,
       153, 103, 163, 126, 55, 136, 121, 234, 47, 40, 222, 113, 73, 62,
       179, 94, 104, 50, 97, 240, 185, 10, 239, 223, 69, 6, 202, 115,
       195, 35, 77, 84, 157, 103, 233, 110, 55, 184, 123, 250, 103, 32,
       222, 115, 9, 123, 145, 85, 124, 98, 33, 240, 251, 72, 207, 251,
       71, 6, 200, 115, 3, 51, 69, 117, 153, 99, 164, 111, 103, 152, 122,
       250, 43, 8, 215, 113, 73, 42, 145, 92, 120, 122, 81, 240, 249, 2,
       237, 159, 101, 116, 200, 123, 195, 35, 69, 117, 152, 103, 177, 46,
       119, 152, 107, 168, 111, 12, 222, 115, 73, 18, 149, 76, 104, 126,
       1, 240, 217, 42, 239, 254, 5, 6, 200, 115, 67, 3, 104, 48, 49, 65,
       105, 93, 65, 8, 107, 184, 172, 72, 146, 23, 68, 182, 128, 20, 72,
       24, 3, 98, 241, 16, 7, 216, 1, 126, 66, 2, 70, 162, 208, 136, 159,
       252, 10, 64, 69, 183, 162, 19, 166, 88, 119, 183, 0, 115, 99, 246,
       125, 136, 121, 77, 163, 33, 217, 163, 112, 88, 32, 160, 166, 58,
       240, 42, 255, 114, 10, 232, 65, 83, 160, 23, 164, 184, 55, 135,
       64, 91, 38, 182, 109, 152, 58, 79, 162, 32, 209, 195, 112, 24,
       224, 192, 166, 115, 209, 157, 31, 252, 138, 102, 69, 55, 160, 18,
       174, 112, 119, 55, 128, 115, 101, 246, 124, 170, 121, 73, 179, 15,
       211, 171, 112, 16, 40, 224, 160, 56, 109, 103, 192, 7, 244, 26,
       102, 168, 97, 162, 239, 136, 195, 96, 159, 148, 24, 204, 100, 110,
       108, 176, 205, 46, 46, 254, 37, 53, 103, 251, 218, 132, 252, 178,
       252, 114, 168, 172, 85, 223, 178, 191, 164, 25, 23, 227, 74, 27,
       39, 214, 109, 24, 58, 79, 234, 33, 219, 227, 117, 125, 224, 192,
       198, 115, 248, 190, 252, 120, 172, 185, 84, 223, 211, 63, 180, 57,
       51, 241, 98, 27, 201, 178, 237, 16, 58, 111, 202, 51, 219, 203,
       117, 121, 243, 200, 206, 10, 36, 113, 57, 103, 112, 15, 103, 184,
       104, 172, 111, 12, 214, 83, 9, 48, 144, 76, 68, 106, 192, 176,
       121, 12, 101, 156, 33, 20, 64, 179, 70, 163, 120, 186, 243, 118,
       171, 232, 85, 215, 179, 31, 172, 56, 47, 247, 64, 158, 39, 246,
       237, 24, 26, 75, 170, 115, 219, 245, 85, 59, 226, 208, 134, 107,
       1, 245, 24, 69, 117, 30, 230, 184, 121, 232, 110, 76, 222, 24, 20,
       180, 144, 76, 80, 106, 197, 176, 217, 78, 39, 188, 5, 4, 74, 50,
       75, 133, 37, 117, 24, 69, 117, 31, 230, 184, 122, 224, 42, 76,
       214, 80, 93, 48, 152, 76, 82, 110, 197, 240, 217, 14, 47, 158, 5,
       36, 72, 59, 90, 132, 120, 170, 150, 240, 169, 173, 88, 215, 179,
       59, 160, 89, 63, 191, 64, 27, 167, 183, 125, 28, 30, 79, 130, 177,
       219, 251, 121, 249, 162, 196, 138, 11, 252, 164, 253, 118, 136,
       105, 85, 159, 179, 183, 165, 24, 83, 231, 77, 26, 1, 214, 237, 24,
       56, 71, 251, 2, 219, 207, 117, 61, 227, 240, 198, 98, 120, 185,
       253, 114, 168, 237, 85, 159, 227, 127, 164, 8, 179, 183, 66, 59,
       7, 214, 252, 24, 59, 107, 250, 49, 219, 219, 117, 121, 226, 192,
       198, 123, 93, 69, 93, 111, 146, 110, 71, 184, 101, 160, 171, 0,
       83, 113, 25, 115, 50, 212, 124, 106, 41, 161, 89, 12, 251, 235, 5,
       20, 97, 243, 64, 32, 252, 14, 157, 118, 168, 44, 92, 186, 176,
       186, 166, 56, 223, 115, 1, 91, 135, 247, 108, 42, 104, 103, 203,
