%YAML:1.0
---
descriptors: !!opencv-matrix
   rows: 309
   cols: 32
   dt: u
   data: [ 100, 245, 25, 67, 249, 79, 103, 152, 122, 248, 45, 8, 214,
       113, 73, 56, 145, 92, 112, 122, 81, 112, 249, 18, 111, 157, 5,
       118, 192, 123, 198, 163, 44, 229, 57, 107, 93, 77, 87, 168, 67,
       48, 45, 8, 242, 85, 9, 48, 153, 90, 64, 106, 74, 34, 251, 53, 103,
       221, 5, 127, 82, 59, 70, 162, 237, 112, 153, 71, 45, 110, 67, 152,
       106, 250, 39, 72, 214, 117, 73, 187, 145, 84, 124, 122, 1, 100,
       249, 34, 143, 219, 69, 52, 202, 123, 66, 48, 129, 223, 223, 87,
       162, 14, 47, 188, 124, 234, 86, 228, 245, 114, 145, 97, 55, 110,
       62, 238, 225, 220, 13, 111, 108, 175, 103, 128, 12, 243, 129, 57,
       221, 95, 93, 103, 180, 46, 79, 184, 112, 234, 127, 100, 211, 113,
       153, 112, 22, 68, 124, 110, 233, 240, 109, 46, 238, 239, 37, 132,
       108, 243, 66, 49, 224, 172, 157, 250, 140, 237, 81, 207, 206, 19,
       160, 24, 182, 243, 104, 90, 193, 178, 106, 16, 50, 107, 218, 49,
       217, 146, 85, 123, 208, 72, 199, 42, 252, 188, 253, 118, 136, 111,
       85, 191, 179, 190, 164, 24, 83, 119, 73, 27, 5, 246, 108, 42, 120,
       111, 251, 42, 251, 235, 117, 60, 225, 241, 198, 99, 93, 93, 127,
       231, 180, 78, 79, 188, 117, 202, 254, 100, 215, 119, 137, 112,
       118, 214, 28, 106, 249, 176, 121, 46, 227, 239, 37, 132, 96, 243,
       192, 49, 244, 88, 189, 116, 168, 108, 85, 50, 161, 186, 182, 56,
       87, 55, 1, 123, 133, 245, 109, 34, 104, 101, 243, 32, 211, 235,
       117, 24, 96, 240, 70, 51, 172, 48, 189, 99, 237, 125, 83, 152, 91,
       255, 165, 24, 222, 93, 73, 58, 145, 80, 253, 58, 59, 102, 251, 18,
       207, 223, 65, 125, 210, 107, 70, 115, 168, 181, 188, 250, 173,
       253, 81, 43, 223, 63, 45, 24, 222, 253, 72, 56, 137, 27, 255, 16,
       58, 110, 250, 151, 207, 223, 80, 127, 210, 74, 198, 226, 224, 164,
       149, 97, 141, 109, 84, 143, 123, 51, 161, 24, 214, 61, 76, 63,
       129, 150, 120, 24, 59, 100, 219, 147, 143, 216, 85, 126, 210, 72,
       194, 2, 238, 237, 246, 255, 236, 191, 254, 254, 191, 182, 247, 26,
       239, 235, 125, 207, 255, 239, 255, 179, 248, 231, 203, 255, 254,
       255, 207, 189, 151, 251, 231, 129, 234, 253, 181, 252, 253, 237,
       85, 103, 223, 23, 236, 24, 174, 189, 36, 81, 201, 59, 251, 0, 42,
       107, 242, 247, 235, 223, 84, 59, 210, 92, 214, 106, 239, 236, 228,
       255, 237, 47, 206, 223, 255, 187, 189, 88, 207, 251, 93, 63, 217,
       206, 127, 26, 186, 103, 203, 251, 255, 255, 247, 252, 215, 249,
       242, 129, 237, 164, 244, 255, 173, 47, 222, 190, 223, 187, 189,
       88, 223, 249, 93, 123, 217, 214, 127, 58, 184, 103, 203, 242, 255,
       255, 117, 252, 194, 251, 210, 3, 252, 252, 252, 119, 173, 47, 94,
       188, 255, 187, 183, 88, 223, 121, 89, 59, 157, 215, 125, 58, 184,
       103, 219, 178, 255, 219, 117, 180, 194, 251, 194, 35, 101, 113,
       17, 101, 85, 15, 103, 56, 104, 232, 107, 76, 214, 17, 9, 52, 176,
       76, 104, 110, 193, 176, 153, 12, 165, 252, 5, 4, 72, 51, 67, 33,
       197, 112, 157, 103, 32, 78, 71, 152, 96, 234, 167, 8, 215, 81, 73,
       59, 16, 84, 124, 106, 105, 101, 249, 8, 225, 251, 101, 52, 72,
       243, 66, 49, 220, 144, 188, 247, 172, 108, 121, 155, 251, 251,
       183, 56, 223, 247, 72, 123, 199, 87, 253, 24, 184, 77, 251, 129,
       203, 251, 119, 252, 130, 224, 131, 115, 216, 184, 189, 248, 169,
       253, 89, 223, 187, 95, 180, 24, 191, 247, 66, 59, 133, 179, 125,
       24, 59, 79, 242, 49, 219, 251, 119, 249, 194, 64, 135, 123, 248,
       188, 191, 120, 173, 253, 81, 215, 251, 127, 164, 24, 191, 255, 64,
       123, 133, 179, 253, 16, 59, 111, 242, 179, 219, 251, 85, 123, 210,
       200, 198, 122, 247, 188, 164, 254, 237, 255, 124, 255, 159, 123,
       244, 24, 234, 253, 126, 127, 205, 255, 255, 17, 191, 111, 251,
       243, 187, 219, 221, 126, 146, 220, 242, 238, 248, 188, 181, 122,
       173, 253, 85, 215, 255, 251, 164, 25, 190, 253, 68, 59, 201, 243,
       255, 16, 187, 111, 250, 179, 219, 219, 87, 122, 210, 76, 198, 122,
       230, 252, 246, 159, 239, 47, 252, 239, 63, 251, 242, 23, 204, 238,
       124, 91, 255, 239, 255, 135, 178, 255, 203, 243, 63, 254, 223,
       182, 149, 252, 243, 217, 151, 188, 246, 255, 221, 183, 252, 239,
       191, 251, 250, 23, 239, 254, 22, 11, 239, 231, 255, 149, 190, 255,
       251, 255, 191, 250, 223, 210, 229, 124, 227, 215, 230, 188, 214,
       159, 237, 175, 252, 207, 191, 187, 249, 50, 236, 250, 124, 91,
       255, 223, 127, 145, 50, 223, 203, 243, 189, 62, 223, 246, 149,
       121, 227, 139, 214, 252, 246, 255, 236, 173, 252, 207, 191, 187,
       242, 50, 239, 254, 92, 11, 239, 255, 255, 145, 186, 127, 203, 243,
       190, 250, 223, 190, 197, 121, 231, 147, 230, 172, 212, 255, 253,
       173, 252, 207, 191, 27, 243, 18, 237, 238, 92, 75, 239, 239, 127,
       145, 58, 126, 203, 243, 191, 254, 223, 206, 149, 80, 227, 137,
       134, 172, 246, 255, 254, 171, 252, 255, 191, 179, 250, 146, 237,
       238, 124, 91, 111, 239, 127, 145, 178, 255, 207, 243, 190, 254,
       223, 240, 181, 248, 243, 137, 236, 52, 189, 97, 165, 111, 113, 31,
       123, 251, 63, 24, 159, 55, 72, 59, 149, 23, 125, 56, 57, 116, 241,
       2, 207, 223, 117, 116, 192, 192, 198, 115, 221, 212, 63, 229, 44,
       14, 95, 184, 52, 234, 246, 104, 215, 87, 136, 115, 22, 212, 93,
       106, 233, 212, 121, 15, 247, 235, 103, 148, 32, 178, 3, 113, 240,
       188, 189, 114, 136, 236, 69, 159, 178, 55, 169, 24, 23, 247, 72,
       59, 1, 214, 108, 24, 58, 111, 250, 51, 217, 163, 117, 124, 224,
       81, 198, 106, 197, 103, 141, 135, 172, 47, 198, 152, 122, 250, 11,
       76, 214, 96, 89, 171, 145, 68, 124, 127, 189, 84, 217, 34, 173,
       26, 109, 116, 136, 123, 211, 5, 77, 52, 157, 65, 129, 126, 113,
       27, 121, 251, 39, 92, 158, 51, 64, 127, 133, 22, 120, 24, 49, 212,
       241, 66, 207, 255, 85, 70, 138, 96, 131, 51, 77, 117, 28, 103,
       177, 14, 119, 184, 123, 174, 239, 12, 223, 115, 11, 16, 183, 196,
       108, 106, 96, 240, 217, 62, 239, 255, 37, 4, 106, 243, 75, 35,
       213, 112, 157, 101, 0, 14, 71, 184, 96, 234, 163, 76, 211, 115,
       73, 59, 16, 68, 108, 106, 233, 229, 249, 8, 225, 235, 101, 20,
       104, 243, 66, 33, 232, 172, 148, 58, 137, 237, 20, 239, 155, 51,
       168, 25, 174, 226, 64, 155, 129, 115, 232, 16, 62, 79, 218, 51,
       187, 210, 85, 123, 210, 76, 143, 14, 240, 186, 191, 120, 138, 232,
       85, 215, 178, 23, 164, 56, 55, 247, 64, 27, 35, 178, 109, 16, 58,
       79, 178, 49, 219, 227, 116, 121, 224, 192, 134, 106, 69, 113, 145,
       65, 113, 95, 50, 8, 105, 224, 41, 8, 158, 16, 77, 52, 144, 92, 64,
       122, 5, 240, 209, 8, 47, 156, 5, 54, 74, 51, 75, 166, 232, 168,
       156, 58, 137, 233, 16, 143, 187, 55, 164, 25, 174, 179, 74, 155,
       129, 19, 233, 16, 62, 79, 218, 51, 219, 211, 85, 127, 210, 64,
       142, 10, 244, 46, 140, 244, 138, 40, 85, 191, 178, 183, 134, 185,
       119, 103, 67, 91, 67, 246, 109, 138, 104, 71, 203, 32, 209, 163,
       253, 189, 160, 241, 134, 106, 248, 174, 156, 114, 168, 173, 85,
       223, 178, 191, 164, 29, 55, 227, 74, 27, 5, 230, 109, 24, 58, 79,
       218, 35, 219, 195, 117, 125, 232, 208, 206, 11, 205, 117, 153, 71,
       177, 78, 119, 184, 121, 234, 47, 8, 222, 114, 73, 51, 145, 92, 96,
       106, 97, 244, 249, 42, 47, 255, 69, 6, 74, 115, 67, 55, 118, 237,
       18, 186, 25, 205, 22, 224, 159, 20, 169, 9, 174, 242, 97, 148,
       137, 123, 200, 67, 78, 75, 218, 191, 185, 212, 29, 59, 80, 31, 14,
       14, 252, 108, 252, 118, 141, 109, 85, 158, 243, 183, 165, 24, 83,
       245, 75, 27, 9, 214, 236, 26, 56, 103, 250, 34, 219, 203, 85, 61,
       227, 249, 198, 34, 224, 188, 157, 250, 200, 237, 17, 207, 170, 19,
       160, 24, 182, 247, 72, 27, 129, 18, 106, 16, 51, 107, 218, 51,
       221, 130, 117, 125, 208, 72, 135, 170, 125, 93, 125, 103, 164, 78,
       103, 184, 97, 232, 191, 76, 211, 119, 137, 51, 54, 212, 92, 106,
