%YAML:1.0
---
descriptors: !!opencv-matrix
   rows: 41
   cols: 32
   dt: u
   data: [ 100, 101, 113, 103, 52, 75, 102, 40, 105, 168, 123, 104, 211,
       121, 157, 48, 154, 220, 76, 106, 73, 176, 205, 12, 167, 252, 37,
       21, 64, 187, 70, 133, 145, 142, 157, 127, 160, 174, 101, 159, 118,
       43, 98, 84, 243, 99, 144, 121, 21, 110, 44, 28, 187, 252, 77, 63,
       200, 171, 117, 64, 232, 208, 192, 41, 240, 186, 254, 112, 40, 169,
       81, 86, 163, 55, 164, 185, 55, 135, 66, 27, 37, 178, 109, 24, 58,
       79, 130, 17, 211, 195, 113, 121, 224, 192, 198, 123, 45, 112, 185,
       69, 101, 111, 103, 152, 123, 234, 55, 8, 222, 85, 77, 62, 145, 92,
       116, 122, 129, 244, 249, 10, 71, 223, 69, 52, 202, 251, 70, 243,
       192, 172, 191, 121, 168, 232, 173, 135, 254, 19, 98, 16, 181, 174,
       80, 107, 163, 63, 104, 145, 50, 205, 167, 51, 205, 171, 126, 64,
       192, 64, 133, 42, 212, 30, 157, 247, 172, 46, 85, 186, 176, 190,
       162, 88, 247, 113, 73, 11, 5, 118, 108, 42, 104, 101, 203, 34,
       193, 235, 117, 16, 96, 249, 129, 35, 212, 60, 188, 246, 172, 108,
       87, 155, 178, 187, 135, 24, 247, 241, 73, 27, 129, 214, 125, 26,
       56, 69, 219, 34, 217, 231, 117, 60, 168, 113, 214, 50, 245, 121,
       221, 100, 168, 76, 69, 180, 224, 250, 162, 72, 115, 113, 193, 51,
       0, 244, 108, 106, 201, 99, 251, 40, 241, 233, 101, 56, 104, 242,
       66, 40, 213, 94, 157, 52, 40, 44, 13, 22, 186, 186, 130, 92, 246,
       178, 193, 123, 135, 101, 108, 14, 161, 69, 195, 98, 208, 171, 123,
       152, 136, 113, 3, 41, 196, 180, 157, 240, 168, 237, 17, 195, 186,
       187, 163, 24, 150, 247, 72, 27, 163, 87, 108, 16, 51, 79, 154,
       114, 217, 131, 127, 126, 128, 65, 135, 51, 212, 124, 159, 244,
       168, 44, 16, 18, 186, 155, 162, 124, 183, 243, 65, 91, 167, 247,
       108, 18, 41, 71, 146, 34, 145, 162, 127, 26, 136, 113, 3, 35, 208,
       140, 159, 117, 168, 174, 77, 183, 182, 23, 162, 80, 247, 35, 0,
       75, 35, 119, 108, 24, 56, 205, 131, 63, 201, 163, 118, 16, 192,
       192, 133, 40, 101, 69, 21, 71, 17, 15, 66, 56, 102, 160, 43, 72,
       211, 113, 25, 244, 144, 84, 104, 106, 201, 176, 89, 30, 173, 158,
       5, 20, 88, 187, 64, 32, 229, 97, 17, 103, 116, 15, 102, 168, 104,
       160, 235, 72, 211, 97, 9, 176, 152, 220, 64, 106, 73, 176, 217,
       12, 164, 184, 5, 4, 72, 179, 74, 128, 113, 157, 95, 100, 168, 78,
       71, 183, 224, 232, 170, 76, 115, 113, 128, 51, 0, 230, 124, 106,
       233, 107, 189, 44, 241, 169, 101, 16, 105, 242, 194, 41, 47, 119,
       96, 7, 88, 31, 142, 184, 19, 228, 239, 205, 195, 108, 31, 148, 28,
       220, 194, 230, 236, 242, 253, 62, 38, 94, 5, 52, 111, 255, 74,
       212, 40, 184, 59, 120, 121, 237, 17, 87, 235, 29, 172, 56, 190,
       151, 64, 52, 141, 187, 196, 16, 26, 43, 50, 21, 219, 221, 48, 122,
       194, 128, 135, 235, 220, 246, 149, 118, 168, 107, 71, 184, 178,
       187, 163, 120, 223, 247, 72, 187, 19, 214, 236, 114, 121, 71, 203,
       34, 249, 195, 101, 124, 162, 243, 135, 35, 236, 228, 149, 118,
       185, 111, 71, 184, 19, 190, 173, 24, 214, 115, 73, 54, 153, 222,
       108, 122, 56, 102, 251, 62, 233, 215, 69, 61, 194, 123, 198, 34,
       44, 101, 80, 111, 213, 15, 70, 168, 117, 160, 235, 8, 211, 97, 25,
       16, 88, 204, 64, 106, 104, 178, 89, 62, 229, 238, 5, 21, 97, 251,
       66, 130, 248, 169, 222, 120, 136, 201, 81, 213, 162, 21, 164, 25,
       55, 147, 66, 27, 128, 178, 237, 80, 122, 111, 130, 49, 219, 193,
       116, 121, 96, 128, 206, 10, 252, 249, 255, 118, 168, 72, 69, 188,
       241, 190, 166, 56, 115, 247, 193, 59, 34, 244, 108, 106, 104, 103,
       234, 32, 243, 235, 101, 60, 99, 241, 198, 41, 241, 188, 172, 60,
       136, 253, 85, 183, 242, 255, 166, 29, 183, 164, 66, 123, 129, 230,
       108, 21, 191, 79, 243, 51, 249, 227, 117, 57, 216, 88, 134, 90,
       68, 99, 173, 167, 28, 47, 79, 152, 42, 252, 139, 13, 215, 109, 89,
       10, 144, 196, 105, 127, 136, 112, 217, 24, 205, 135, 165, 52, 128,
       123, 86, 112, 237, 117, 61, 103, 173, 95, 119, 184, 107, 234, 47,
       8, 214, 81, 77, 50, 145, 84, 124, 106, 97, 116, 249, 58, 231, 217,
       5, 54, 74, 123, 66, 51, 100, 97, 137, 231, 140, 15, 79, 152, 34,
       160, 139, 8, 211, 101, 89, 50, 16, 204, 121, 126, 73, 80, 217, 8,
       237, 140, 133, 52, 128, 123, 82, 32, 200, 189, 159, 54, 161, 140,
       125, 55, 185, 139, 110, 93, 190, 247, 64, 83, 165, 119, 109, 12,
       113, 205, 146, 111, 249, 247, 84, 10, 10, 208, 131, 59, 89, 237,
       151, 118, 177, 252, 125, 247, 187, 11, 110, 24, 254, 247, 0, 247,
       161, 111, 124, 12, 115, 201, 186, 111, 251, 255, 86, 10, 74, 84,
       163, 59, 218, 188, 188, 178, 169, 253, 20, 199, 187, 63, 132, 25,
       174, 191, 66, 155, 133, 211, 237, 17, 62, 79, 218, 177, 219, 211,
       93, 127, 162, 68, 143, 91, 232, 164, 148, 123, 137, 125, 20, 175,
       27, 63, 40, 25, 174, 59, 74, 155, 129, 19, 233, 16, 54, 108, 211,
       179, 239, 215, 84, 127, 210, 92, 206, 10, 100, 85, 21, 101, 24,
       15, 71, 184, 118, 160, 43, 12, 211, 37, 9, 113, 144, 68, 104, 110,
       105, 176, 121, 30, 237, 190, 69, 20, 88, 187, 64, 48, 36, 99, 81,
       103, 116, 79, 102, 184, 105, 168, 123, 72, 211, 105, 29, 48, 152,
       220, 76, 98, 201, 176, 201, 108, 165, 188, 37, 4, 72, 179, 70,
       129, 236, 165, 157, 254, 153, 111, 71, 136, 18, 190, 169, 24, 215,
       243, 73, 27, 217, 214, 109, 122, 56, 67, 219, 50, 249, 215, 69,
       124, 208, 123, 214, 34, 173, 96, 0, 7, 21, 31, 70, 168, 118, 160,
       167, 8, 195, 64, 89, 180, 24, 204, 72, 110, 76, 244, 93, 30, 165,
       221, 5, 52, 98, 187, 90, 4, 77, 53, 153, 101, 48, 110, 119, 56,
       105, 232, 110, 8, 223, 119, 9, 50, 146, 84, 108, 42, 1, 240, 249,
       72, 231, 255, 97, 4, 74, 243, 67, 33, 9, 49, 57, 101, 245, 126,
       115, 51, 105, 232, 127, 8, 158, 49, 0, 48, 146, 14, 84, 104, 145,
       184, 241, 76, 239, 249, 32, 70, 74, 130, 195, 35, 77, 53, 185,
       101, 48, 110, 115, 58, 105, 232, 110, 40, 223, 53, 129, 50, 178,
       212, 124, 104, 129, 240, 241, 72, 199, 249, 33, 4, 66, 226, 67,
       33, 33, 191, 184, 49, 228, 173, 177, 223, 122, 117, 124, 61, 183,
       184, 86, 24, 135, 75, 98, 21, 150, 122, 246, 51, 76, 15, 117, 110,
       221, 72, 219, 223, 69, 113, 17, 101, 48, 79, 99, 56, 104, 232,
       107, 104, 214, 17, 137, 48, 146, 84, 68, 106, 193, 176, 249, 12,
       228, 156, 33, 4, 72, 179, 67, 33, 35, 174, 168, 59, 236, 189, 153,
       207, 90, 127, 120, 189, 161, 232, 222, 24, 221, 75, 103, 21, 150,
       122, 238, 49, 78, 31, 252, 249, 213, 72, 222, 207, 252, 106, 220,
       118, 42, 72, 85, 220, 179, 190, 164, 57, 115, 215, 75, 27, 35,
       212, 109, 82, 104, 103, 138, 34, 211, 203, 117, 61, 224, 241, 78,
       35 ]
