%YAML:1.0
---
descriptors: !!opencv-matrix
   rows: 260
   cols: 32
   dt: u
   data: [ 112, 172, 122, 122, 216, 201, 81, 119, 179, 21, 172, 56, 55,
       183, 66, 19, 9, 178, 69, 16, 58, 107, 226, 55, 219, 135, 52, 121,
       226, 128, 230, 234, 197, 134, 157, 119, 164, 46, 102, 184, 60,
       250, 115, 80, 215, 97, 152, 123, 149, 70, 124, 46, 241, 244, 73,
       46, 173, 186, 117, 20, 72, 241, 195, 49, 69, 117, 17, 71, 81, 78,
       103, 184, 120, 224, 107, 72, 222, 85, 9, 180, 144, 92, 64, 106,
       65, 240, 249, 110, 101, 188, 5, 4, 72, 51, 67, 176, 108, 244, 189,
       115, 141, 111, 87, 136, 58, 255, 47, 24, 214, 115, 73, 123, 145,
       84, 121, 58, 49, 68, 251, 34, 205, 255, 69, 118, 192, 123, 198,
       99, 236, 117, 185, 103, 153, 79, 71, 168, 58, 244, 173, 8, 214,
       117, 73, 50, 145, 92, 121, 106, 105, 80, 249, 63, 237, 253, 69,
       52, 72, 123, 70, 114, 92, 176, 189, 242, 138, 233, 81, 91, 166,
       55, 133, 56, 151, 215, 72, 91, 3, 147, 125, 16, 26, 71, 186, 16,
       217, 195, 121, 125, 178, 193, 133, 99, 220, 16, 151, 119, 168,
       110, 65, 16, 165, 219, 167, 80, 215, 55, 9, 123, 35, 212, 124, 24,
       57, 69, 179, 0, 201, 235, 116, 16, 162, 241, 5, 51, 100, 229, 156,
       122, 137, 73, 87, 168, 178, 147, 173, 24, 214, 119, 74, 59, 153,
       210, 105, 122, 122, 98, 251, 51, 239, 219, 69, 127, 208, 115, 206,
       98, 236, 101, 189, 103, 25, 79, 71, 168, 18, 228, 165, 8, 211, 87,
       73, 51, 152, 84, 121, 106, 105, 102, 251, 62, 237, 219, 69, 60,
       64, 123, 70, 98, 172, 117, 61, 103, 189, 79, 71, 168, 112, 230,
       235, 8, 210, 119, 9, 49, 216, 84, 89, 106, 105, 176, 249, 46, 229,
       251, 5, 20, 64, 123, 86, 242, 85, 93, 93, 103, 52, 14, 79, 184,
       112, 234, 63, 108, 211, 113, 145, 112, 22, 100, 92, 110, 233, 176,
       125, 46, 236, 175, 37, 144, 104, 243, 66, 49, 124, 69, 44, 111,
       29, 111, 71, 184, 86, 236, 175, 8, 211, 117, 27, 48, 88, 212, 121,
       106, 8, 178, 249, 62, 231, 255, 5, 53, 80, 123, 86, 114, 253, 113,
       61, 103, 172, 78, 71, 184, 96, 250, 183, 12, 211, 85, 201, 59, 20,
       212, 124, 106, 201, 96, 249, 8, 227, 201, 101, 52, 104, 179, 66,
       113, 249, 190, 26, 48, 168, 253, 81, 87, 179, 127, 180, 253, 63,
       151, 66, 27, 167, 183, 237, 20, 191, 79, 130, 51, 218, 227, 112,
       251, 168, 192, 138, 91, 249, 184, 255, 118, 41, 252, 81, 214, 227,
       91, 180, 56, 59, 221, 198, 191, 43, 246, 236, 8, 143, 111, 178,
       177, 211, 219, 112, 187, 107, 196, 78, 127, 248, 184, 255, 112,
       138, 233, 81, 87, 163, 23, 164, 24, 55, 151, 64, 27, 35, 178, 109,
       24, 26, 79, 178, 1, 219, 201, 112, 121, 226, 128, 198, 122, 124,
       56, 185, 246, 41, 108, 83, 136, 187, 191, 12, 9, 254, 247, 73, 26,
       145, 243, 253, 82, 10, 71, 218, 34, 217, 213, 5, 59, 130, 115, 6,
       114, 148, 168, 155, 115, 144, 231, 67, 203, 118, 3, 226, 16, 115,
       243, 40, 88, 121, 254, 40, 152, 58, 180, 25, 47, 251, 239, 177,
       64, 224, 65, 230, 34, 113, 141, 95, 110, 186, 10, 71, 189, 228,
       32, 170, 8, 87, 115, 0, 115, 2, 215, 108, 106, 121, 169, 89, 45,
       249, 232, 101, 80, 96, 162, 192, 40, 244, 68, 252, 100, 168, 106,
       87, 184, 160, 178, 167, 24, 215, 119, 9, 123, 135, 212, 108, 106,
       104, 229, 201, 14, 241, 171, 101, 20, 96, 243, 70, 33, 252, 97,
       204, 103, 136, 11, 86, 168, 1, 166, 165, 169, 99, 65, 75, 27, 24,
       212, 229, 98, 72, 114, 201, 40, 242, 193, 69, 53, 99, 251, 206, 2,
       64, 164, 149, 249, 137, 109, 69, 175, 30, 51, 32, 24, 182, 51, 72,
       123, 129, 19, 106, 24, 51, 76, 219, 113, 141, 146, 84, 124, 144,
       72, 135, 42, 145, 134, 201, 117, 180, 42, 110, 151, 118, 171, 114,
       116, 243, 33, 144, 120, 19, 110, 12, 60, 187, 252, 69, 47, 140,
       174, 53, 128, 232, 224, 192, 41, 129, 174, 157, 245, 228, 169,
       109, 183, 118, 51, 74, 208, 181, 163, 240, 75, 67, 106, 42, 28,
       51, 220, 199, 51, 204, 139, 118, 64, 152, 192, 129, 168, 129, 162,
       207, 155, 204, 169, 161, 135, 254, 19, 35, 208, 181, 226, 248, 75,
       99, 34, 106, 28, 51, 109, 207, 115, 140, 2, 118, 104, 152, 64,
       161, 168, 52, 69, 22, 142, 221, 71, 134, 232, 156, 132, 233, 10,
       70, 224, 41, 208, 248, 204, 74, 98, 104, 163, 24, 78, 177, 38,
       135, 31, 80, 123, 110, 134, 193, 174, 143, 153, 204, 169, 225,
       199, 254, 19, 162, 220, 181, 226, 224, 75, 99, 98, 106, 24, 51,
       77, 198, 113, 140, 2, 246, 104, 152, 72, 195, 168, 129, 142, 207,
       123, 164, 170, 101, 159, 118, 19, 98, 212, 243, 97, 144, 121, 19,
       46, 44, 28, 187, 252, 79, 55, 204, 171, 116, 64, 236, 192, 192,
       40, 129, 142, 207, 27, 164, 170, 101, 183, 118, 19, 98, 212, 243,
       224, 144, 121, 35, 46, 42, 28, 51, 252, 111, 51, 12, 170, 118, 64,
       252, 192, 193, 168, 129, 142, 159, 155, 236, 169, 109, 231, 254,
       19, 32, 208, 181, 227, 240, 75, 99, 42, 106, 28, 51, 77, 14, 115,
       204, 2, 126, 104, 152, 192, 225, 168, 40, 176, 184, 97, 217, 109,
       17, 141, 59, 61, 37, 25, 198, 49, 78, 16, 145, 27, 225, 48, 18,
       120, 217, 19, 79, 215, 21, 119, 210, 72, 207, 42, 240, 173, 189,
       114, 136, 233, 85, 135, 178, 183, 164, 24, 51, 183, 64, 27, 1,
       246, 108, 24, 58, 111, 234, 51, 217, 203, 117, 121, 224, 80, 198,
       106, 201, 209, 157, 101, 36, 14, 102, 56, 104, 234, 107, 76, 214,
       49, 0, 179, 146, 68, 124, 110, 225, 240, 249, 8, 229, 251, 101, 4,
       72, 114, 67, 2, 77, 116, 159, 103, 129, 110, 118, 132, 120, 234,
       35, 8, 222, 49, 73, 58, 177, 84, 104, 106, 97, 244, 185, 106, 231,
       255, 69, 2, 200, 115, 67, 35, 69, 125, 157, 35, 132, 47, 102, 152,
       106, 250, 10, 76, 214, 112, 89, 58, 145, 68, 120, 127, 129, 240,
       217, 42, 173, 158, 101, 116, 200, 123, 83, 48, 213, 156, 189, 243,
       170, 110, 53, 158, 254, 250, 130, 84, 247, 247, 65, 123, 135, 119,
       125, 26, 177, 77, 219, 50, 201, 235, 127, 28, 136, 113, 129, 59,
       197, 156, 157, 119, 168, 46, 103, 186, 120, 250, 171, 84, 215,
       115, 9, 123, 145, 86, 124, 42, 225, 229, 249, 42, 229, 239, 101,
       20, 200, 115, 131, 49, 108, 228, 189, 115, 137, 77, 87, 168, 114,
       191, 173, 24, 214, 117, 73, 58, 153, 86, 104, 122, 122, 98, 251,
       51, 239, 223, 69, 127, 208, 123, 198, 98, 172, 101, 57, 103, 189,
       111, 71, 168, 116, 226, 41, 8, 211, 117, 9, 49, 152, 84, 88, 106,
       105, 240, 249, 46, 229, 223, 69, 52, 64, 123, 86, 114, 108, 229,
       188, 110, 157, 73, 87, 200, 83, 182, 173, 8, 114, 241, 75, 50,
       217, 216, 105, 122, 106, 99, 251, 19, 251, 223, 5, 61, 211, 123,
       70, 98, 108, 101, 57, 103, 173, 79, 71, 168, 85, 226, 175, 8, 210,
       117, 9, 48, 216, 220, 88, 106, 73, 178, 121, 42, 229, 223, 5, 52,
       66, 123, 86, 98, 124, 101, 56, 111, 29, 79, 87, 168, 81, 164, 237,
       8, 83, 125, 26, 48, 88, 220, 121, 234, 104, 242, 249, 14, 247,
       239, 133, 53, 115, 187, 214, 98, 251, 174, 182, 176, 233, 173, 88,
       215, 187, 59, 160, 217, 63, 191, 64, 27, 135, 183, 93, 20, 190,
       79, 194, 51, 219, 219, 88, 251, 162, 196, 138, 11, 226, 186, 255,
       80, 40, 237, 80, 210, 235, 123, 176, 121, 50, 156, 196, 59, 175,
       247, 108, 16, 139, 111, 162, 97, 19, 154, 113, 186, 201, 64, 70,
       63, 212, 176, 157, 119, 168, 110, 69, 152, 162, 179, 163, 88, 211,
       55, 200, 123, 1, 84, 108, 58, 57, 197, 251, 0, 201, 171, 117, 84,
       160, 240, 134, 48, 252, 160, 220, 118, 137, 109, 85, 223, 163,
       183, 165, 25, 83, 243, 74, 27, 1, 214, 237, 8, 56, 111, 218, 32,
       219, 195, 117, 61, 226, 240, 198, 10, 240, 184, 254, 112, 10, 200,
       81, 87, 162, 85, 164, 61, 55, 151, 66, 27, 35, 179, 237, 16, 58,
       79, 178, 17, 219, 129, 112, 121, 224, 128, 6, 122, 89, 175, 208,
       111, 177, 30, 78, 189, 115, 168, 46, 68, 235, 99, 218, 244, 20,
       78, 76, 126, 207, 200, 253, 191, 170, 252, 5, 116, 122, 182, 202,
       44, 117, 94, 212, 71, 23, 62, 70, 178, 101, 162, 174, 68, 66, 112,
