%YAML:1.0
---
descriptors: !!opencv-matrix
   rows: 401
   cols: 32
   dt: u
   data: [ 69, 112, 17, 101, 65, 78, 119, 48, 104, 224, 99, 8, 222, 19,
       9, 48, 144, 20, 64, 106, 65, 176, 209, 12, 37, 184, 0, 6, 72, 51,
       67, 178, 1, 81, 19, 77, 113, 30, 230, 48, 104, 192, 98, 68, 254,
       18, 5, 180, 144, 108, 80, 106, 197, 176, 81, 76, 36, 188, 0, 2,
       74, 51, 75, 141, 252, 245, 188, 247, 172, 127, 95, 188, 187, 186,
       191, 24, 223, 255, 73, 59, 151, 215, 253, 122, 104, 101, 251, 170,
       255, 251, 103, 181, 194, 243, 199, 19, 125, 93, 125, 103, 160, 78,
       79, 184, 96, 232, 191, 76, 83, 119, 145, 115, 22, 212, 124, 106,
       201, 161, 249, 44, 243, 233, 101, 20, 106, 243, 66, 113, 5, 117,
       49, 71, 81, 78, 103, 56, 121, 232, 107, 72, 222, 81, 9, 180, 144,
       92, 64, 106, 193, 176, 249, 14, 37, 188, 1, 6, 66, 51, 67, 162,
       248, 175, 220, 114, 168, 169, 85, 223, 178, 23, 165, 185, 55, 231,
       66, 27, 3, 178, 109, 16, 58, 75, 202, 17, 251, 195, 117, 121, 226,
       192, 134, 42, 120, 172, 254, 120, 152, 200, 81, 231, 179, 21, 164,
       56, 55, 183, 66, 27, 1, 178, 125, 16, 58, 75, 226, 17, 219, 235,
       116, 121, 226, 128, 198, 106, 120, 168, 159, 248, 138, 233, 81,
       87, 162, 23, 164, 56, 55, 183, 98, 90, 99, 183, 125, 16, 26, 79,
       162, 17, 217, 231, 112, 121, 176, 192, 134, 106, 184, 48, 127,
       112, 34, 107, 65, 83, 176, 166, 164, 56, 19, 23, 193, 59, 47, 180,
       68, 56, 40, 231, 160, 8, 209, 139, 113, 16, 96, 160, 70, 225, 208,
       24, 159, 244, 160, 110, 97, 55, 164, 155, 166, 24, 247, 55, 0,
       123, 35, 246, 124, 8, 57, 205, 179, 32, 217, 235, 116, 16, 160,
       240, 133, 42, 205, 116, 149, 71, 129, 110, 119, 8, 120, 234, 35,
       24, 222, 49, 73, 59, 177, 84, 104, 34, 97, 244, 185, 10, 197, 186,
       69, 6, 200, 115, 67, 35, 220, 16, 156, 254, 172, 108, 89, 152,
       175, 186, 183, 25, 223, 247, 75, 91, 167, 213, 125, 26, 42, 69,
       219, 16, 219, 251, 119, 157, 160, 225, 5, 19, 109, 113, 17, 101,
       17, 95, 82, 8, 105, 224, 43, 8, 214, 17, 9, 180, 144, 20, 72, 106,
       65, 48, 241, 12, 135, 248, 1, 54, 74, 35, 67, 34, 224, 172, 156,
       254, 204, 237, 17, 143, 218, 19, 44, 24, 182, 243, 72, 123, 129,
       122, 106, 24, 50, 75, 218, 51, 205, 163, 116, 121, 144, 72, 199,
       170, 252, 188, 220, 114, 168, 173, 81, 223, 178, 191, 164, 29, 55,
       243, 66, 27, 1, 246, 109, 24, 58, 79, 218, 32, 219, 195, 117, 121,
       232, 192, 198, 43, 252, 100, 252, 118, 200, 105, 85, 254, 211,
       182, 165, 24, 83, 225, 75, 27, 25, 214, 236, 42, 104, 103, 218,
       34, 123, 139, 85, 61, 227, 249, 198, 34, 77, 117, 149, 71, 177,
       94, 119, 184, 121, 232, 111, 8, 222, 113, 9, 183, 144, 68, 120,
       106, 97, 240, 249, 14, 239, 255, 69, 6, 74, 115, 75, 54, 216, 176,
       188, 240, 169, 237, 81, 31, 251, 59, 180, 24, 159, 191, 66, 59,
       133, 151, 125, 24, 58, 111, 242, 17, 219, 219, 117, 125, 226, 192,
       198, 123, 69, 245, 157, 67, 188, 111, 167, 136, 122, 249, 43, 8,
       214, 112, 89, 42, 145, 76, 120, 123, 19, 112, 249, 48, 173, 158,
       101, 116, 200, 123, 195, 35, 96, 136, 149, 217, 232, 237, 1, 143,
       154, 17, 32, 24, 182, 179, 64, 123, 129, 114, 106, 24, 19, 74,
       211, 113, 205, 182, 86, 120, 144, 72, 135, 40, 21, 69, 121, 111,
       22, 79, 71, 184, 86, 160, 239, 8, 211, 113, 25, 112, 48, 212, 24,
       106, 105, 176, 121, 30, 239, 143, 5, 20, 48, 187, 64, 32, 52, 101,
       59, 102, 81, 71, 239, 232, 120, 160, 235, 10, 80, 255, 29, 48,
       184, 221, 83, 235, 97, 243, 56, 110, 117, 174, 143, 4, 65, 115,
       103, 162, 108, 53, 189, 103, 137, 78, 71, 136, 50, 230, 167, 8,
       215, 117, 73, 58, 145, 84, 121, 106, 105, 112, 249, 42, 237, 255,
       69, 52, 192, 123, 198, 114, 129, 215, 159, 135, 176, 14, 47, 189,
       124, 234, 90, 228, 245, 98, 152, 96, 54, 111, 62, 110, 225, 208,
       205, 127, 108, 174, 111, 128, 8, 242, 129, 185, 246, 237, 222,
       159, 252, 171, 238, 236, 191, 178, 251, 26, 254, 234, 29, 83, 123,
       239, 127, 227, 120, 247, 203, 255, 188, 190, 239, 188, 245, 123,
       243, 136, 246, 237, 222, 191, 252, 171, 238, 236, 191, 178, 251,
       26, 255, 234, 61, 91, 123, 239, 127, 227, 122, 247, 203, 255, 252,
       255, 239, 188, 245, 123, 243, 128, 228, 236, 223, 191, 252, 43,
       239, 252, 190, 179, 251, 26, 245, 235, 93, 91, 123, 207, 127, 235,
       112, 247, 203, 251, 254, 239, 239, 172, 213, 251, 243, 160, 164,
       237, 223, 255, 252, 43, 239, 248, 190, 179, 251, 82, 215, 235,
       217, 75, 123, 207, 127, 251, 115, 245, 235, 123, 252, 175, 239,
       244, 213, 251, 243, 161, 149, 228, 219, 255, 180, 43, 239, 188,
       126, 162, 243, 82, 247, 235, 217, 96, 127, 207, 127, 251, 251,
       244, 201, 58, 252, 239, 175, 196, 164, 251, 161, 161, 93, 93, 89,
       103, 48, 14, 79, 184, 96, 232, 127, 76, 211, 112, 153, 112, 22,
       68, 124, 110, 201, 176, 125, 46, 224, 239, 37, 148, 104, 243, 66,
       49, 208, 184, 191, 248, 10, 233, 81, 23, 166, 87, 130, 56, 183,
       151, 64, 91, 35, 179, 125, 16, 27, 77, 179, 17, 217, 195, 112, 88,
       160, 0, 36, 123, 129, 174, 159, 153, 236, 169, 237, 215, 254, 19,
       98, 208, 181, 227, 224, 75, 35, 106, 106, 28, 51, 92, 143, 115,
       76, 130, 119, 104, 152, 208, 161, 168, 109, 101, 250, 103, 116,
       26, 126, 128, 121, 160, 47, 9, 223, 121, 93, 176, 150, 76, 117,
       110, 196, 240, 141, 14, 103, 253, 5, 7, 102, 179, 66, 130, 133,
       22, 157, 103, 164, 46, 103, 184, 60, 234, 59, 80, 215, 119, 137,
       123, 149, 86, 124, 110, 225, 244, 89, 46, 229, 187, 101, 20, 200,
       243, 195, 49, 108, 117, 61, 103, 149, 79, 71, 184, 112, 230, 47,
       8, 215, 117, 9, 51, 145, 84, 120, 122, 41, 240, 249, 10, 237, 223,
       5, 52, 192, 123, 214, 114, 252, 176, 249, 112, 137, 237, 81, 203,
       227, 191, 164, 24, 31, 157, 64, 59, 137, 215, 108, 16, 58, 111,
       250, 16, 219, 201, 117, 125, 227, 64, 198, 98, 25, 143, 75, 107,
       148, 138, 103, 191, 117, 162, 110, 192, 243, 99, 144, 240, 51,
       230, 12, 46, 121, 184, 13, 62, 234, 239, 37, 0, 118, 242, 192, 40,
       69, 113, 145, 101, 33, 14, 103, 24, 104, 234, 35, 76, 214, 49, 65,
       50, 144, 68, 108, 106, 193, 240, 241, 8, 173, 184, 101, 36, 200,
       115, 67, 35, 204, 48, 189, 97, 129, 110, 81, 9, 51, 183, 167, 24,
       222, 55, 72, 59, 145, 21, 232, 48, 48, 68, 249, 66, 207, 211, 85,
       119, 194, 96, 135, 98, 13, 117, 17, 103, 17, 79, 118, 184, 104,
       232, 107, 8, 214, 81, 9, 48, 144, 92, 88, 106, 65, 176, 249, 12,
       229, 188, 5, 6, 72, 51, 67, 51, 182, 69, 18, 190, 89, 199, 6, 232,
       157, 132, 233, 9, 70, 208, 45, 148, 216, 233, 202, 98, 108, 35,
       26, 62, 177, 180, 5, 31, 80, 59, 46, 134, 221, 182, 148, 178, 185,
       60, 20, 155, 251, 187, 131, 92, 207, 242, 72, 251, 167, 71, 124,
       20, 191, 77, 155, 192, 152, 242, 127, 254, 136, 97, 139, 5, 248,
       174, 253, 112, 154, 232, 81, 223, 178, 183, 172, 184, 35, 167, 64,
       26, 7, 182, 237, 152, 58, 79, 170, 55, 219, 231, 117, 121, 226,
       192, 134, 123, 240, 188, 159, 116, 138, 96, 81, 135, 178, 151,
       166, 24, 23, 183, 64, 91, 193, 246, 109, 0, 58, 79, 186, 2, 219,
       227, 117, 125, 160, 96, 166, 98, 105, 249, 184, 115, 217, 221, 85,
       159, 123, 127, 45, 28, 190, 60, 94, 182, 133, 78, 252, 28, 183,
       104, 251, 177, 239, 223, 21, 127, 202, 84, 207, 95, 248, 188, 188,
       248, 173, 253, 81, 223, 255, 59, 180, 24, 191, 253, 64, 59, 141,
       178, 253, 24, 58, 111, 242, 179, 219, 219, 85, 123, 210, 200, 206,
       59, 230, 108, 150, 30, 137, 237, 22, 232, 155, 18, 161, 25, 230,
       242, 41, 159, 145, 121, 232, 67, 46, 71, 218, 59, 185, 22, 77, 59,
       144, 123, 15, 6, 44, 233, 26, 186, 217, 201, 22, 236, 135, 4, 168,
       9, 110, 217, 34, 144, 152, 122, 195, 66, 78, 43, 90, 61, 251, 213,
       5, 123, 82, 30, 206, 130, 13, 93, 153, 103, 48, 14, 111, 188, 116,
