%YAML:1.0
---
descriptors: !!opencv-matrix
   rows: 234
   cols: 32
   dt: u
   data: [ 125, 93, 125, 103, 176, 14, 71, 184, 96, 232, 190, 68, 83,
       119, 137, 115, 54, 212, 92, 106, 201, 161, 249, 46, 243, 233, 101,
       148, 104, 243, 66, 49, 21, 157, 123, 239, 180, 79, 79, 191, 52,
       234, 126, 96, 247, 119, 129, 112, 119, 254, 29, 106, 249, 184,
       121, 63, 233, 239, 37, 132, 40, 242, 128, 49, 236, 112, 189, 99,
       169, 111, 83, 152, 91, 255, 37, 24, 223, 93, 73, 59, 145, 80, 124,
       122, 35, 100, 251, 18, 207, 219, 69, 125, 194, 123, 70, 114, 196,
       172, 255, 255, 236, 106, 255, 223, 62, 251, 243, 82, 213, 255,
       200, 105, 127, 223, 127, 26, 179, 92, 235, 51, 253, 239, 255, 196,
       229, 249, 229, 177, 150, 236, 254, 191, 236, 171, 254, 238, 191,
       183, 243, 27, 255, 234, 93, 75, 255, 255, 127, 131, 122, 247, 203,
       251, 255, 218, 255, 137, 245, 121, 229, 67, 238, 237, 246, 255,
       236, 171, 254, 254, 191, 178, 251, 26, 239, 235, 60, 67, 127, 239,
       127, 227, 248, 231, 203, 255, 190, 255, 207, 156, 135, 251, 227,
       129, 96, 169, 157, 250, 216, 201, 85, 207, 154, 17, 160, 24, 182,
       243, 104, 90, 193, 19, 107, 0, 50, 107, 218, 49, 221, 178, 84,
       121, 208, 8, 199, 42, 23, 109, 246, 239, 188, 11, 238, 232, 125,
       162, 251, 2, 207, 250, 29, 66, 251, 205, 127, 235, 232, 243, 201,
       238, 190, 255, 207, 148, 101, 251, 99, 128, 4, 180, 187, 114, 219,
       236, 49, 206, 251, 19, 173, 24, 158, 247, 76, 58, 161, 27, 192,
       144, 19, 107, 186, 114, 91, 213, 21, 111, 192, 65, 167, 162, 245,
       71, 29, 103, 180, 14, 71, 184, 96, 170, 63, 76, 215, 97, 153, 115,
       20, 70, 108, 110, 233, 160, 249, 46, 224, 175, 101, 16, 104, 243,
       194, 33, 236, 188, 188, 254, 173, 237, 86, 182, 219, 187, 161, 24,
       255, 249, 69, 27, 201, 226, 108, 18, 56, 111, 218, 178, 219, 223,
       213, 123, 210, 91, 210, 10, 88, 180, 189, 240, 169, 237, 89, 95,
       171, 123, 188, 24, 159, 183, 72, 59, 133, 151, 253, 24, 59, 75,
       242, 17, 219, 219, 116, 255, 226, 192, 135, 123, 86, 172, 246,
       191, 238, 137, 252, 234, 191, 147, 242, 26, 237, 234, 125, 75,
       127, 231, 127, 147, 178, 235, 203, 255, 156, 254, 223, 200, 165,
       248, 97, 137, 236, 53, 188, 97, 176, 111, 117, 21, 123, 187, 63,
       24, 223, 55, 72, 59, 149, 22, 125, 56, 185, 244, 241, 2, 207, 223,
       117, 116, 192, 224, 198, 51, 204, 52, 188, 101, 32, 110, 115, 24,
       112, 170, 191, 24, 215, 55, 65, 27, 150, 244, 125, 58, 168, 212,
       249, 10, 199, 255, 97, 20, 192, 243, 66, 51, 70, 168, 246, 159,
       238, 169, 248, 235, 191, 179, 242, 26, 236, 234, 124, 91, 255,
       239, 127, 145, 186, 251, 203, 241, 158, 186, 223, 200, 133, 232,
       33, 136, 204, 92, 189, 247, 32, 110, 123, 16, 56, 170, 118, 80,
       255, 55, 137, 123, 183, 244, 125, 106, 169, 212, 241, 42, 199,
       251, 112, 128, 0, 241, 71, 113, 204, 88, 191, 247, 32, 110, 121,
       16, 56, 222, 119, 116, 223, 119, 129, 123, 182, 85, 125, 106, 161,
       212, 249, 104, 199, 251, 114, 128, 128, 241, 5, 115, 204, 48, 189,
       115, 161, 110, 57, 27, 59, 255, 55, 24, 220, 119, 72, 123, 183,
       31, 125, 24, 177, 84, 187, 64, 207, 251, 119, 230, 128, 97, 135,
       115, 85, 87, 29, 101, 48, 14, 71, 184, 96, 168, 170, 76, 215, 115,
       129, 115, 20, 196, 108, 110, 233, 176, 217, 12, 224, 170, 101, 20,
       104, 179, 66, 33, 45, 253, 48, 91, 205, 221, 87, 174, 251, 113,
       45, 8, 190, 216, 78, 180, 129, 106, 208, 74, 199, 104, 250, 183,
       111, 221, 21, 123, 90, 31, 202, 254, 213, 81, 221, 103, 0, 14, 71,
       56, 96, 168, 163, 76, 87, 51, 9, 115, 16, 212, 124, 106, 233, 224,
       249, 8, 225, 171, 101, 20, 104, 179, 66, 33, 248, 172, 156, 114,
       137, 237, 16, 207, 178, 55, 164, 25, 174, 179, 74, 27, 129, 19,
       233, 16, 58, 111, 218, 51, 219, 211, 84, 123, 208, 64, 142, 10,
       205, 52, 157, 197, 160, 46, 113, 27, 121, 234, 47, 84, 158, 51,
       65, 254, 149, 85, 124, 56, 177, 212, 241, 66, 143, 254, 99, 6,
       138, 97, 11, 49, 208, 184, 191, 246, 138, 224, 81, 151, 178, 151,
       164, 185, 55, 183, 64, 91, 39, 246, 109, 144, 58, 79, 178, 33,
       217, 227, 116, 120, 160, 192, 166, 122, 248, 188, 254, 112, 170,
       233, 81, 215, 178, 183, 172, 57, 55, 247, 66, 27, 35, 246, 109,
       16, 58, 79, 138, 55, 219, 195, 117, 125, 224, 192, 134, 107, 37,
       113, 16, 101, 85, 31, 102, 56, 104, 160, 107, 76, 214, 16, 13,
       180, 144, 76, 64, 110, 197, 176, 217, 12, 37, 220, 1, 36, 74, 51,
       75, 132, 65, 113, 145, 69, 1, 78, 102, 56, 104, 224, 106, 8, 214,
       49, 1, 54, 144, 68, 104, 106, 65, 240, 241, 8, 37, 184, 69, 6, 74,
       115, 67, 34, 244, 46, 204, 244, 138, 32, 85, 159, 178, 183, 134,
       185, 87, 167, 67, 91, 67, 246, 109, 128, 56, 71, 203, 34, 219,
       227, 245, 189, 160, 240, 134, 74, 252, 188, 245, 114, 235, 249,
       85, 223, 179, 191, 164, 56, 46, 247, 64, 159, 39, 246, 237, 24,
       58, 111, 170, 33, 219, 211, 85, 59, 226, 208, 134, 99, 196, 188,
       255, 255, 236, 43, 237, 222, 62, 179, 243, 250, 245, 255, 89, 73,
       127, 255, 127, 27, 178, 118, 203, 51, 253, 175, 255, 228, 165,
       249, 231, 161, 150, 236, 254, 191, 238, 171, 255, 238, 191, 183,
       242, 27, 247, 235, 89, 91, 239, 247, 127, 131, 186, 247, 203, 251,
       252, 187, 255, 156, 165, 249, 229, 195, 252, 172, 252, 118, 205,
       109, 85, 223, 211, 191, 180, 24, 99, 241, 70, 27, 9, 214, 236, 26,
       56, 111, 250, 34, 219, 219, 85, 61, 227, 248, 198, 34, 134, 236,
       206, 191, 236, 171, 254, 238, 191, 179, 243, 27, 255, 234, 95, 75,
       255, 239, 127, 131, 122, 247, 203, 251, 252, 186, 255, 169, 181,
       121, 225, 10, 236, 180, 185, 99, 237, 125, 81, 153, 127, 123, 45,
       24, 222, 125, 72, 56, 153, 26, 251, 24, 59, 100, 251, 147, 207,
       223, 81, 127, 210, 75, 198, 242, 252, 188, 253, 118, 169, 109, 85,
       191, 179, 191, 164, 56, 91, 247, 76, 27, 5, 214, 237, 58, 120, 79,
       250, 34, 219, 203, 117, 61, 226, 240, 198, 115, 254, 237, 246,
       215, 253, 59, 254, 252, 63, 178, 251, 18, 239, 235, 93, 79, 255,
       255, 127, 179, 240, 247, 239, 234, 190, 222, 207, 174, 135, 255,
       227, 141, 246, 237, 246, 223, 253, 187, 254, 237, 63, 179, 251,
       26, 239, 234, 93, 207, 255, 239, 255, 179, 242, 119, 207, 255,
       190, 222, 207, 190, 151, 255, 227, 141, 104, 180, 189, 251, 189,
       253, 81, 47, 95, 123, 173, 24, 190, 125, 72, 48, 153, 26, 253, 16,
       59, 106, 251, 147, 207, 223, 16, 127, 210, 74, 198, 98, 246, 255,
       246, 255, 252, 47, 126, 254, 63, 187, 249, 58, 239, 250, 29, 91,
       255, 239, 127, 179, 186, 247, 203, 255, 190, 255, 223, 190, 149,
       251, 243, 137, 230, 164, 244, 254, 237, 173, 94, 255, 255, 187,
       189, 24, 239, 239, 93, 27, 221, 223, 127, 26, 186, 103, 203, 243,
       191, 255, 215, 254, 211, 251, 210, 129, 100, 180, 145, 114, 201,
       109, 80, 143, 123, 59, 169, 24, 214, 185, 76, 58, 129, 151, 104,
       16, 27, 106, 219, 17, 143, 222, 85, 126, 208, 72, 198, 34, 77,
       103, 152, 39, 240, 26, 110, 140, 121, 164, 106, 9, 199, 98, 219,
       82, 147, 76, 108, 126, 84, 240, 205, 42, 172, 253, 37, 36, 192,
       243, 203, 0, 69, 231, 16, 3, 149, 29, 102, 184, 106, 56, 43, 76,
       246, 64, 91, 182, 145, 68, 108, 127, 198, 112, 217, 61, 173, 28,
       37, 116, 72, 51, 91, 13, 198, 237, 246, 159, 252, 43, 254, 238,
       127, 179, 250, 26, 238, 234, 93, 80, 255, 223, 127, 179, 242, 251,
       203, 251, 188, 62, 223, 206, 133, 123, 225, 141, 69, 112, 145, 69,
       65, 79, 99, 24, 106, 232, 34, 76, 214, 17, 65, 54, 144, 68, 96,
       106, 1, 240, 209, 8, 133, 152, 1, 54, 72, 35, 67, 50, 198, 164,
       246, 223, 236, 43, 254, 236, 63, 178, 251, 26, 206, 234, 29, 75,
       255, 223, 127, 163, 240, 247, 203, 238, 190, 62, 223, 198, 133,
       255, 225, 129, 54, 69, 86, 239, 254, 11, 254, 236, 61, 162, 251,
