%YAML:1.0
---
descriptors: !!opencv-matrix
   rows: 172
   cols: 32
   dt: u
   data: [ 248, 172, 254, 122, 137, 169, 85, 199, 179, 23, 164, 25, 35,
       227, 66, 27, 137, 178, 237, 16, 58, 111, 146, 51, 219, 195, 85,
       121, 227, 64, 238, 42, 108, 117, 157, 103, 137, 111, 71, 136, 122,
       250, 43, 8, 214, 115, 73, 58, 145, 84, 104, 122, 113, 112, 249,
       34, 237, 223, 69, 118, 192, 115, 199, 35, 100, 228, 189, 122, 137,
       77, 87, 168, 82, 183, 173, 24, 210, 243, 72, 50, 153, 210, 96,
       122, 74, 98, 251, 51, 235, 159, 69, 127, 80, 123, 198, 98, 252,
       164, 253, 118, 168, 109, 69, 255, 162, 182, 164, 24, 83, 247, 73,
       27, 1, 214, 108, 42, 120, 71, 234, 32, 219, 203, 117, 60, 224,
       240, 198, 98, 197, 245, 157, 103, 137, 79, 23, 168, 122, 250, 47,
       8, 214, 113, 9, 51, 145, 84, 104, 106, 97, 100, 249, 46, 235, 159,
       69, 54, 72, 115, 67, 50, 224, 172, 157, 251, 216, 237, 53, 135,
       158, 19, 96, 24, 182, 243, 64, 91, 129, 122, 106, 24, 50, 74, 218,
       51, 205, 163, 118, 120, 144, 88, 135, 170, 64, 168, 29, 189, 28,
       143, 64, 39, 54, 33, 226, 88, 183, 35, 0, 88, 128, 44, 104, 8, 26,
       248, 195, 21, 201, 167, 114, 80, 64, 0, 3, 8, 101, 36, 157, 119,
       236, 110, 101, 155, 122, 187, 43, 24, 214, 113, 73, 59, 145, 86,
       104, 58, 49, 116, 251, 2, 77, 158, 117, 52, 192, 112, 198, 34,
       240, 168, 223, 112, 138, 233, 81, 87, 178, 23, 164, 24, 55, 167,
       64, 27, 35, 178, 109, 24, 58, 79, 130, 33, 217, 195, 116, 121,
       224, 192, 134, 42, 201, 149, 189, 247, 161, 110, 125, 63, 56, 251,
       7, 20, 254, 55, 10, 123, 133, 87, 125, 44, 177, 216, 185, 67, 239,
       255, 126, 196, 138, 224, 129, 121, 16, 156, 31, 249, 52, 206, 123,
       51, 60, 9, 114, 64, 183, 19, 0, 113, 166, 59, 29, 25, 51, 184, 17,
       15, 225, 239, 50, 64, 40, 0, 33, 43, 80, 184, 59, 112, 10, 236,
       81, 87, 162, 85, 164, 24, 55, 151, 66, 58, 35, 178, 93, 24, 27,
       79, 178, 1, 211, 137, 48, 120, 160, 128, 38, 122, 120, 184, 121,
       112, 13, 205, 81, 79, 131, 53, 164, 8, 63, 157, 64, 18, 137, 179,
       93, 16, 26, 107, 242, 17, 219, 217, 17, 123, 115, 8, 70, 122, 212,
       52, 157, 180, 168, 44, 68, 154, 162, 187, 161, 88, 215, 243, 73,
       27, 129, 213, 124, 26, 41, 71, 219, 0, 217, 226, 117, 60, 168,
       113, 3, 34, 108, 229, 181, 67, 137, 77, 87, 136, 107, 190, 45, 8,
       214, 117, 73, 58, 145, 84, 104, 122, 91, 96, 251, 18, 237, 158,
       69, 126, 194, 123, 70, 34, 108, 117, 49, 103, 157, 79, 71, 172,
       123, 168, 43, 8, 210, 117, 73, 48, 144, 84, 72, 106, 105, 240,
       249, 62, 237, 223, 5, 54, 66, 123, 198, 34, 100, 101, 185, 111,
       29, 79, 71, 168, 67, 164, 173, 8, 210, 117, 73, 48, 217, 220, 96,
       106, 73, 98, 249, 62, 109, 156, 5, 60, 82, 59, 70, 34, 5, 117, 17,
       69, 81, 14, 38, 184, 120, 200, 106, 76, 222, 17, 5, 180, 144, 92,
       80, 106, 193, 176, 153, 76, 37, 184, 1, 6, 74, 51, 107, 179, 252,
       164, 253, 118, 136, 109, 69, 187, 178, 183, 164, 24, 83, 247, 64,
       27, 1, 214, 236, 8, 56, 111, 250, 0, 219, 203, 117, 61, 226, 224,
       198, 98, 120, 176, 255, 118, 168, 205, 85, 223, 226, 191, 165, 8,
       59, 247, 72, 59, 1, 214, 236, 16, 26, 107, 250, 49, 219, 235, 117,
       121, 224, 210, 198, 123, 93, 77, 93, 103, 148, 78, 71, 188, 101,
       160, 171, 64, 83, 115, 25, 112, 50, 196, 76, 106, 73, 177, 89, 62,
       243, 239, 37, 20, 97, 243, 192, 32, 180, 69, 155, 103, 21, 79, 71,
       200, 118, 162, 235, 0, 83, 49, 41, 112, 112, 220, 8, 106, 105,
       177, 57, 62, 241, 175, 5, 20, 96, 123, 116, 34, 118, 103, 210,
       174, 139, 66, 22, 136, 179, 130, 233, 233, 71, 226, 73, 222, 210,
       245, 236, 114, 76, 67, 202, 10, 184, 246, 69, 63, 162, 119, 46, 7,
       76, 103, 112, 103, 241, 11, 126, 184, 49, 160, 127, 136, 219, 35,
       9, 16, 58, 220, 85, 234, 72, 208, 201, 206, 231, 205, 37, 133, 99,
       243, 67, 130, 101, 40, 149, 85, 236, 108, 97, 138, 250, 179, 34,
       88, 210, 176, 69, 58, 129, 68, 104, 24, 17, 113, 251, 0, 13, 190,
       85, 52, 192, 97, 66, 32, 101, 160, 25, 81, 253, 205, 97, 143, 123,
       121, 160, 24, 150, 147, 76, 48, 145, 30, 106, 24, 19, 122, 250,
       51, 13, 156, 21, 126, 192, 0, 194, 170, 229, 36, 189, 119, 164,
       108, 125, 151, 105, 251, 39, 24, 243, 63, 81, 123, 129, 214, 125,
       24, 248, 124, 241, 34, 239, 251, 116, 16, 192, 240, 214, 106, 216,
       174, 158, 50, 138, 168, 81, 71, 178, 23, 164, 189, 55, 231, 66,
       27, 35, 167, 109, 20, 58, 79, 130, 51, 216, 195, 116, 121, 160,
       64, 142, 75, 200, 244, 157, 126, 169, 236, 21, 158, 187, 95, 165,
       28, 254, 247, 74, 59, 149, 83, 253, 2, 35, 71, 250, 51, 203, 247,
       85, 62, 138, 80, 142, 123, 137, 121, 63, 101, 17, 142, 119, 53,
       108, 72, 98, 76, 190, 19, 0, 49, 164, 52, 72, 106, 225, 184, 49,
       45, 229, 233, 32, 0, 72, 18, 3, 43, 76, 52, 159, 103, 161, 110,
       119, 152, 122, 234, 107, 8, 222, 119, 9, 122, 145, 86, 120, 106,
       33, 208, 249, 42, 237, 255, 69, 6, 200, 115, 135, 51, 108, 245,
       177, 67, 233, 95, 87, 136, 123, 184, 41, 8, 222, 117, 73, 190,
       145, 84, 104, 122, 65, 112, 249, 34, 47, 223, 69, 118, 194, 115,
       70, 35, 109, 117, 49, 71, 181, 79, 71, 172, 121, 234, 47, 8, 214,
       117, 9, 52, 144, 92, 104, 106, 97, 240, 249, 46, 239, 222, 5, 54,
       66, 123, 198, 34, 5, 117, 16, 69, 81, 30, 102, 56, 121, 232, 106,
       68, 222, 48, 13, 180, 148, 76, 64, 106, 229, 176, 217, 78, 37,
       188, 5, 4, 74, 50, 75, 133, 37, 241, 17, 67, 85, 79, 231, 168,
       106, 240, 33, 8, 214, 81, 73, 52, 145, 92, 80, 106, 65, 112, 249,
       28, 45, 156, 5, 118, 64, 59, 67, 160, 242, 170, 198, 112, 233,
       173, 72, 87, 187, 155, 160, 89, 43, 139, 84, 159, 169, 162, 109,
       152, 58, 79, 130, 243, 154, 218, 212, 121, 194, 196, 234, 10, 120,
       241, 255, 98, 169, 221, 81, 220, 163, 189, 173, 8, 63, 247, 72,
       58, 132, 213, 237, 82, 26, 99, 250, 49, 219, 201, 101, 121, 226,
       146, 198, 51, 100, 184, 157, 210, 232, 173, 1, 207, 138, 57, 169,
       72, 150, 241, 76, 58, 129, 83, 106, 16, 19, 107, 218, 113, 157,
       150, 85, 126, 216, 74, 131, 43, 92, 162, 149, 118, 169, 44, 84,
       159, 163, 187, 177, 104, 255, 243, 72, 219, 135, 215, 237, 0, 24,
       75, 202, 33, 219, 251, 117, 186, 226, 242, 130, 43, 244, 69, 93,
       103, 149, 78, 103, 40, 116, 160, 171, 8, 83, 113, 9, 113, 48, 212,
       72, 106, 105, 181, 121, 30, 241, 175, 5, 20, 97, 123, 68, 34, 77,
       32, 228, 5, 69, 14, 233, 16, 99, 228, 6, 12, 219, 1, 83, 46, 49,
       68, 120, 126, 128, 240, 253, 8, 76, 58, 69, 4, 239, 174, 80, 100,
       120, 168, 148, 58, 137, 233, 84, 207, 163, 55, 168, 25, 39, 227,
       66, 26, 137, 243, 233, 16, 26, 75, 202, 49, 219, 210, 85, 123,
       226, 64, 134, 10, 240, 175, 222, 52, 170, 169, 84, 87, 178, 23,
       164, 185, 55, 163, 66, 27, 35, 179, 237, 0, 126, 75, 130, 51, 218,
       195, 116, 57, 160, 192, 142, 74, 84, 58, 219, 240, 170, 232, 49,
       151, 170, 149, 162, 184, 148, 183, 193, 90, 39, 119, 237, 16, 18,
       73, 130, 64, 221, 160, 62, 235, 160, 192, 167, 43, 120, 169, 115,
       120, 235, 233, 81, 87, 163, 29, 180, 185, 47, 159, 96, 26, 175,
       179, 197, 144, 26, 11, 162, 145, 219, 193, 48, 251, 247, 128, 134,
       107, 101, 168, 17, 81, 240, 205, 225, 135, 122, 185, 32, 56, 150,
       144, 204, 56, 147, 30, 68, 24, 19, 122, 248, 18, 13, 156, 53, 126,
       192, 0, 195, 163, 45, 245, 185, 71, 245, 95, 102, 172, 123, 234,
       111, 8, 222, 113, 12, 180, 145, 92, 96, 106, 65, 240, 249, 62, 47,
       191, 5, 54, 74, 115, 199, 167, 120, 178, 120, 112, 58, 233, 17,
       71, 163, 21, 164, 56, 55, 151, 64, 26, 35, 146, 205, 16, 26, 75,
       162, 17, 219, 193, 48, 121, 226, 128, 198, 107, 133, 103, 16, 69,
       116, 30, 230, 56, 120, 168, 123, 76, 194, 32, 159, 148, 148, 76,
       70, 110, 228, 240, 205, 14, 36, 190, 37, 4, 74, 186, 74, 133, 244,
