%YAML:1.0
---
descriptors: !!opencv-matrix
   rows: 143
   cols: 32
   dt: u
   data: [ 221, 188, 156, 114, 168, 44, 84, 159, 178, 187, 166, 92, 223,
       243, 73, 91, 133, 214, 124, 24, 56, 77, 219, 34, 219, 235, 117,
       84, 170, 240, 138, 3, 240, 160, 252, 112, 170, 232, 81, 83, 162,
       63, 164, 184, 23, 135, 192, 27, 3, 150, 109, 24, 58, 79, 162, 17,
       219, 163, 112, 249, 224, 192, 134, 35, 254, 4, 135, 182, 141, 98,
       70, 72, 179, 183, 163, 27, 74, 235, 73, 219, 249, 199, 233, 178,
       56, 71, 155, 226, 155, 242, 213, 31, 163, 127, 116, 2, 116, 113,
       127, 103, 2, 79, 119, 56, 96, 140, 111, 8, 215, 119, 9, 48, 50,
       84, 108, 106, 65, 177, 185, 12, 225, 233, 33, 20, 96, 51, 71, 115,
       77, 119, 21, 103, 48, 14, 110, 56, 56, 168, 123, 108, 223, 83, 9,
       80, 150, 77, 108, 106, 65, 208, 201, 78, 228, 190, 35, 132, 8,
       179, 3, 1, 180, 97, 105, 71, 20, 75, 67, 232, 112, 164, 231, 136,
       83, 69, 141, 48, 120, 220, 68, 106, 72, 182, 109, 14, 117, 141,
       33, 53, 97, 187, 70, 96, 77, 69, 157, 167, 48, 78, 111, 56, 120,
       224, 75, 196, 215, 35, 155, 114, 22, 68, 108, 110, 225, 208, 237,
       14, 172, 247, 103, 4, 8, 179, 1, 112, 216, 188, 159, 242, 168,
       236, 81, 215, 178, 219, 160, 121, 183, 247, 64, 27, 167, 247, 125,
       16, 59, 79, 218, 33, 217, 227, 125, 120, 160, 64, 135, 123, 202,
       188, 189, 243, 169, 236, 25, 151, 187, 123, 150, 61, 190, 191, 64,
       123, 135, 87, 125, 17, 187, 77, 251, 243, 201, 219, 126, 254, 136,
       64, 135, 123, 44, 60, 184, 251, 205, 237, 147, 210, 74, 169, 45,
       12, 182, 249, 65, 8, 153, 106, 3, 25, 18, 34, 218, 48, 77, 157,
       17, 120, 216, 75, 87, 178, 116, 4, 205, 231, 138, 106, 71, 168,
       48, 182, 143, 136, 83, 119, 73, 91, 17, 214, 109, 226, 120, 67,
       233, 42, 249, 163, 229, 53, 160, 243, 134, 98, 217, 176, 149, 52,
       169, 189, 64, 23, 255, 251, 162, 92, 143, 178, 64, 251, 129, 39,
       108, 21, 191, 109, 211, 16, 152, 251, 87, 94, 200, 96, 11, 13, 92,
       113, 125, 101, 34, 74, 55, 56, 32, 164, 231, 168, 95, 87, 139, 18,
       54, 212, 237, 98, 72, 208, 185, 8, 243, 225, 97, 5, 98, 179, 7,
       114, 254, 44, 172, 182, 139, 96, 84, 143, 147, 183, 131, 155, 71,
       238, 75, 27, 201, 199, 237, 147, 60, 71, 223, 34, 219, 227, 221,
       63, 165, 117, 158, 66, 13, 110, 157, 243, 164, 47, 103, 159, 126,
       187, 30, 112, 215, 115, 201, 42, 23, 78, 126, 30, 179, 244, 233,
       42, 236, 143, 119, 228, 128, 251, 129, 161, 207, 52, 181, 85, 173,
       46, 229, 191, 250, 251, 130, 92, 210, 112, 221, 175, 129, 70, 120,
       15, 177, 229, 255, 162, 141, 58, 85, 22, 202, 125, 209, 52, 248,
       188, 191, 122, 136, 237, 85, 215, 178, 159, 164, 24, 55, 247, 64,
       27, 33, 242, 108, 24, 58, 111, 250, 51, 219, 235, 117, 120, 224,
       192, 134, 106, 252, 102, 228, 231, 173, 62, 95, 152, 51, 254, 151,
       153, 219, 103, 219, 159, 21, 196, 253, 110, 232, 68, 235, 162,
       195, 251, 229, 189, 162, 255, 86, 113, 119, 229, 236, 66, 219, 27,
       158, 232, 91, 247, 173, 138, 65, 124, 95, 50, 27, 213, 115, 255,
       254, 99, 253, 82, 63, 15, 205, 127, 245, 127, 94, 228, 77, 69,
       197, 167, 48, 74, 111, 40, 113, 224, 79, 128, 223, 39, 155, 118,
       18, 196, 120, 110, 73, 208, 237, 14, 229, 255, 71, 4, 34, 183, 66,
       96, 208, 188, 159, 240, 168, 236, 81, 151, 178, 91, 164, 24, 183,
       247, 64, 123, 39, 247, 125, 16, 59, 79, 186, 51, 217, 195, 117,
       120, 160, 64, 135, 123, 141, 118, 156, 243, 164, 47, 101, 154,
       126, 187, 23, 112, 215, 115, 201, 43, 23, 94, 126, 26, 179, 244,
       121, 34, 205, 203, 117, 116, 130, 249, 129, 161, 108, 116, 189,
       101, 41, 79, 87, 184, 123, 168, 38, 8, 214, 49, 73, 51, 144, 84,
       108, 106, 105, 112, 249, 24, 239, 219, 69, 52, 64, 59, 70, 34,
       248, 186, 158, 48, 169, 189, 88, 215, 187, 27, 160, 253, 47, 163,
       66, 154, 133, 179, 237, 16, 158, 79, 130, 49, 218, 211, 116, 251,
       170, 196, 138, 27, 77, 119, 17, 231, 48, 14, 111, 184, 61, 232,
       123, 68, 222, 115, 137, 212, 150, 77, 108, 110, 65, 144, 217, 78,
       228, 252, 35, 132, 10, 179, 3, 49, 245, 100, 220, 167, 140, 46,
       79, 136, 59, 182, 163, 29, 215, 97, 95, 27, 147, 196, 109, 127,
       40, 69, 217, 34, 220, 154, 69, 52, 172, 251, 90, 2, 69, 180, 181,
       21, 141, 109, 197, 138, 251, 251, 130, 24, 214, 48, 93, 175, 129,
       70, 120, 29, 187, 101, 251, 2, 141, 26, 85, 118, 200, 121, 211,
       116, 181, 239, 172, 39, 148, 63, 206, 184, 80, 226, 154, 93, 211,
       104, 31, 3, 153, 70, 80, 111, 237, 244, 221, 46, 232, 139, 237,
       52, 77, 123, 218, 208, 240, 184, 156, 90, 171, 253, 81, 199, 155,
       63, 180, 57, 46, 253, 78, 31, 135, 179, 237, 16, 58, 111, 250,
       113, 219, 211, 85, 123, 210, 72, 207, 91, 103, 188, 172, 21, 141,
       61, 68, 175, 250, 251, 134, 28, 242, 240, 214, 175, 129, 70, 120,
       29, 191, 73, 255, 179, 139, 91, 221, 126, 138, 124, 218, 124, 76,
       113, 61, 103, 32, 79, 119, 56, 105, 172, 39, 40, 223, 87, 9, 50,
       146, 84, 108, 106, 73, 240, 249, 12, 231, 255, 37, 52, 74, 178,
       71, 51, 83, 188, 151, 184, 169, 172, 16, 215, 171, 91, 128, 93,
       182, 182, 64, 155, 135, 163, 124, 21, 191, 79, 146, 113, 152, 242,
       94, 250, 136, 68, 131, 29, 255, 62, 172, 182, 173, 61, 92, 159,
       187, 251, 150, 93, 223, 237, 91, 27, 133, 198, 253, 31, 188, 71,
       219, 162, 219, 219, 245, 191, 138, 253, 218, 83, 253, 100, 140,
       150, 141, 46, 103, 152, 179, 190, 167, 29, 198, 97, 75, 31, 57,
       196, 108, 126, 40, 71, 219, 34, 220, 3, 69, 52, 170, 127, 90, 2,
       193, 188, 164, 85, 173, 60, 165, 191, 250, 251, 134, 92, 222, 56,
       215, 175, 129, 70, 120, 29, 181, 109, 243, 130, 141, 123, 85, 54,
       202, 124, 217, 124, 201, 188, 183, 85, 169, 252, 1, 39, 254, 251,
       162, 88, 190, 176, 196, 255, 129, 55, 124, 16, 179, 109, 243, 64,
       137, 250, 86, 82, 202, 68, 131, 61, 13, 253, 156, 227, 178, 63,
       118, 158, 102, 184, 46, 100, 215, 115, 201, 42, 23, 86, 124, 122,
       145, 208, 89, 60, 239, 207, 37, 84, 170, 250, 129, 41, 245, 113,
       89, 102, 16, 94, 75, 56, 97, 224, 231, 12, 83, 87, 9, 112, 124,
       156, 92, 234, 205, 179, 249, 14, 243, 237, 33, 20, 106, 163, 106,
       48, 252, 102, 236, 103, 168, 58, 95, 136, 51, 182, 175, 136, 195,
       103, 219, 31, 19, 214, 125, 110, 104, 70, 235, 162, 230, 251, 229,
       189, 166, 247, 86, 96, 224, 180, 253, 117, 168, 109, 181, 15, 250,
       247, 162, 24, 151, 62, 68, 59, 135, 23, 104, 16, 179, 109, 243,
       18, 205, 155, 117, 116, 192, 64, 199, 251, 118, 229, 172, 35, 159,
       71, 223, 232, 66, 180, 137, 11, 83, 120, 95, 50, 185, 213, 121,
       243, 76, 115, 253, 22, 249, 7, 141, 117, 229, 51, 86, 130, 216,
       188, 158, 114, 168, 237, 81, 215, 178, 59, 164, 24, 191, 247, 64,
       59, 39, 246, 253, 16, 59, 79, 154, 51, 219, 227, 117, 121, 170,
       192, 142, 59, 248, 174, 204, 52, 168, 169, 84, 23, 179, 191, 180,
       29, 175, 169, 66, 27, 129, 166, 236, 20, 62, 111, 194, 2, 218,
       215, 116, 121, 226, 196, 202, 75, 217, 172, 158, 246, 136, 172,
       81, 151, 242, 179, 166, 24, 247, 243, 66, 91, 161, 230, 108, 24,
       58, 77, 155, 34, 219, 235, 117, 121, 168, 224, 202, 10, 248, 188,
       254, 118, 168, 233, 85, 223, 179, 63, 164, 56, 55, 247, 64, 27, 3,
       246, 109, 24, 58, 79, 234, 51, 219, 227, 117, 121, 224, 192, 198,
       43, 84, 113, 220, 101, 34, 75, 94, 24, 41, 160, 183, 169, 215, 15,
       129, 18, 54, 213, 237, 226, 72, 224, 193, 8, 194, 225, 97, 149,
       108, 179, 7, 19, 254, 60, 229, 180, 139, 96, 84, 143, 147, 183,
       130, 155, 79, 239, 67, 155, 201, 215, 237, 145, 60, 79, 219, 162,
       219, 227, 221, 63, 166, 124, 150, 82, 13, 69, 85, 71, 178, 14,
       111, 184, 124, 224, 111, 68, 223, 115, 153, 116, 54, 76, 44, 110,
       225, 144, 125, 110, 36, 174, 39, 4, 46, 243, 65, 97, 209, 188,
