%YAML:1.0
---
descriptors: !!opencv-matrix
   rows: 369
   cols: 32
   dt: u
   data: [ 248, 180, 254, 112, 138, 233, 81, 223, 179, 55, 164, 56, 31,
       183, 74, 27, 39, 211, 237, 16, 58, 79, 178, 51, 219, 195, 116,
       125, 224, 192, 134, 107, 60, 235, 98, 238, 244, 147, 78, 252, 71,
       136, 252, 106, 107, 233, 181, 16, 126, 234, 23, 234, 200, 187, 40,
       189, 250, 253, 165, 168, 119, 187, 242, 137, 232, 180, 189, 254,
       157, 109, 85, 143, 95, 95, 172, 24, 254, 253, 72, 18, 217, 146,
       233, 16, 58, 110, 251, 147, 235, 223, 20, 123, 210, 72, 198, 106,
       162, 188, 214, 159, 236, 171, 252, 207, 191, 187, 242, 50, 236,
       254, 36, 74, 255, 127, 255, 0, 50, 255, 203, 255, 158, 62, 223,
       246, 149, 104, 209, 155, 108, 180, 189, 97, 173, 111, 83, 152,
       107, 191, 173, 24, 215, 125, 72, 58, 153, 212, 109, 122, 26, 114,
       249, 16, 207, 223, 65, 117, 210, 107, 70, 114, 117, 93, 93, 231,
       160, 46, 95, 184, 32, 232, 191, 72, 215, 119, 137, 115, 22, 212,
       125, 106, 201, 208, 249, 44, 229, 235, 101, 148, 32, 243, 66, 49,
       109, 112, 189, 101, 36, 111, 87, 24, 123, 238, 55, 8, 211, 21, 73,
       59, 145, 84, 124, 122, 169, 244, 249, 10, 207, 219, 101, 52, 194,
       251, 70, 115, 13, 85, 123, 103, 52, 78, 111, 184, 60, 232, 127,
       100, 215, 87, 137, 112, 54, 92, 60, 106, 233, 144, 57, 110, 237,
       255, 37, 132, 8, 179, 100, 113, 133, 85, 57, 103, 48, 14, 103, 56,
       124, 232, 119, 68, 215, 87, 137, 112, 214, 68, 28, 110, 225, 144,
       121, 78, 229, 255, 35, 132, 8, 179, 65, 49, 85, 117, 157, 103,
       168, 78, 71, 184, 224, 250, 167, 88, 215, 115, 9, 123, 17, 84,
       124, 106, 105, 193, 249, 42, 225, 239, 101, 20, 168, 243, 131, 33,
       120, 180, 189, 112, 27, 237, 81, 71, 251, 53, 44, 24, 54, 151, 64,
       62, 129, 26, 72, 16, 50, 107, 242, 23, 219, 223, 16, 123, 194, 0,
       70, 107, 253, 120, 223, 118, 40, 78, 71, 152, 240, 250, 167, 88,
       119, 115, 201, 123, 50, 212, 124, 106, 105, 103, 187, 42, 211,
       235, 101, 60, 104, 243, 66, 49, 249, 184, 247, 112, 169, 253, 80,
       87, 243, 91, 180, 56, 59, 189, 198, 63, 171, 178, 236, 16, 191,
       111, 162, 177, 219, 219, 116, 187, 227, 192, 70, 127, 217, 170,
       188, 176, 169, 188, 88, 159, 163, 123, 180, 217, 191, 215, 66, 59,
       135, 183, 253, 20, 190, 79, 194, 49, 219, 219, 113, 249, 162, 196,
       139, 75, 248, 188, 255, 114, 168, 236, 85, 215, 178, 31, 172, 24,
       51, 247, 192, 59, 33, 246, 108, 24, 58, 111, 186, 51, 249, 235,
       116, 120, 224, 192, 198, 105, 125, 215, 24, 107, 184, 63, 70, 191,
       87, 41, 190, 108, 119, 113, 136, 244, 23, 214, 204, 106, 235, 32,
       121, 63, 170, 239, 37, 116, 122, 251, 200, 33, 241, 174, 151, 62,
       169, 173, 68, 239, 251, 27, 176, 93, 239, 226, 0, 159, 165, 231,
       108, 12, 190, 111, 202, 51, 152, 250, 117, 186, 200, 116, 195,
       141, 69, 117, 21, 101, 49, 14, 119, 56, 120, 104, 107, 12, 214,
       17, 9, 48, 144, 84, 104, 106, 65, 176, 217, 12, 165, 190, 1, 6,
       72, 50, 67, 34, 101, 245, 25, 107, 156, 13, 71, 172, 123, 57, 169,
       88, 214, 80, 76, 48, 153, 218, 110, 114, 91, 98, 219, 53, 173,
       156, 21, 126, 208, 26, 194, 34, 124, 69, 125, 103, 128, 74, 71,
       184, 113, 162, 47, 8, 215, 115, 9, 115, 18, 212, 104, 106, 104,
       240, 249, 14, 229, 235, 69, 20, 96, 243, 68, 32, 28, 253, 159,
       103, 145, 79, 103, 248, 118, 170, 238, 0, 83, 115, 9, 112, 121,
       254, 104, 234, 104, 209, 57, 46, 233, 175, 5, 4, 160, 115, 100,
       34, 69, 253, 157, 103, 177, 14, 103, 184, 122, 250, 43, 76, 222,
       115, 73, 50, 145, 70, 108, 126, 241, 240, 217, 106, 237, 191, 101,
       70, 200, 115, 195, 35, 224, 140, 157, 254, 200, 232, 17, 135, 154,
       151, 160, 24, 182, 243, 96, 91, 193, 114, 107, 16, 50, 111, 202,
       51, 205, 163, 119, 121, 208, 104, 135, 42, 224, 164, 157, 217,
       200, 109, 5, 175, 122, 59, 40, 24, 182, 51, 72, 123, 129, 18, 106,
       24, 51, 104, 219, 115, 141, 150, 84, 124, 208, 88, 135, 42, 144,
       172, 155, 247, 128, 230, 101, 207, 54, 183, 224, 18, 49, 243, 64,
       25, 57, 254, 35, 152, 58, 254, 187, 49, 221, 227, 247, 97, 225,
       64, 231, 170, 252, 116, 156, 119, 41, 46, 80, 152, 242, 186, 182,
       88, 215, 115, 73, 59, 201, 212, 124, 122, 40, 103, 219, 42, 195,
       251, 101, 52, 194, 113, 74, 35, 116, 141, 92, 110, 184, 74, 79,
       188, 228, 160, 174, 8, 215, 115, 0, 115, 18, 246, 108, 106, 120,
       41, 73, 60, 249, 235, 101, 84, 112, 251, 192, 32, 245, 108, 173,
       182, 140, 109, 69, 7, 242, 242, 134, 25, 247, 253, 83, 59, 129,
       230, 125, 31, 105, 111, 251, 34, 249, 195, 245, 57, 128, 120, 214,
       106, 242, 174, 190, 214, 139, 112, 93, 238, 179, 183, 164, 185,
       110, 231, 70, 31, 133, 247, 237, 128, 56, 79, 170, 226, 219, 243,
       85, 191, 162, 229, 166, 127, 69, 112, 153, 101, 0, 78, 55, 24,
       104, 232, 39, 72, 214, 23, 73, 50, 144, 84, 100, 98, 65, 244, 249,
       72, 69, 185, 97, 36, 72, 51, 67, 35, 68, 103, 132, 131, 210, 42,
       38, 152, 48, 183, 139, 246, 193, 98, 203, 223, 113, 196, 104, 242,
       48, 210, 205, 66, 188, 38, 231, 69, 160, 243, 175, 33, 204, 117,
       120, 103, 242, 14, 63, 184, 57, 238, 127, 173, 223, 119, 139, 17,
       22, 93, 221, 110, 96, 208, 233, 110, 230, 255, 37, 132, 2, 243, 7,
       241, 180, 205, 134, 158, 221, 70, 166, 236, 94, 134, 232, 11, 98,
       226, 41, 192, 121, 238, 106, 226, 104, 243, 75, 127, 185, 38, 199,
       19, 209, 123, 174, 142, 129, 170, 151, 153, 236, 169, 104, 71,
       254, 19, 2, 80, 181, 163, 240, 107, 3, 34, 106, 28, 50, 77, 135,
       83, 204, 130, 118, 104, 152, 192, 161, 136, 208, 184, 190, 48,
       136, 237, 81, 23, 230, 243, 166, 24, 183, 211, 66, 59, 129, 182,
       108, 16, 59, 109, 211, 17, 217, 195, 113, 120, 232, 192, 135, 42,
       120, 169, 159, 48, 173, 205, 80, 215, 162, 81, 164, 8, 51, 147,
       64, 59, 129, 162, 125, 24, 30, 75, 194, 49, 219, 201, 116, 121,
       226, 128, 222, 74, 129, 174, 143, 157, 236, 169, 109, 151, 254,
       179, 66, 208, 181, 226, 240, 75, 67, 106, 106, 28, 51, 248, 199,
       51, 76, 130, 119, 104, 152, 192, 193, 168, 209, 142, 207, 125,
       180, 42, 111, 151, 118, 11, 106, 116, 243, 97, 144, 88, 17, 238,
       44, 28, 185, 252, 69, 63, 232, 175, 116, 192, 232, 240, 208, 40,
       129, 142, 143, 185, 236, 169, 109, 151, 230, 19, 98, 244, 181,
       227, 240, 75, 67, 106, 42, 28, 51, 252, 71, 49, 204, 130, 119, 96,
       152, 192, 225, 168, 220, 20, 189, 247, 172, 108, 89, 25, 171, 219,
       183, 48, 223, 119, 201, 123, 199, 215, 125, 56, 184, 69, 251, 192,
       219, 251, 123, 212, 128, 225, 133, 51, 200, 184, 188, 114, 169,
       253, 117, 159, 251, 59, 182, 24, 190, 191, 64, 59, 135, 215, 125,
       24, 178, 77, 251, 241, 223, 219, 119, 126, 194, 80, 135, 59, 232,
       188, 180, 250, 173, 253, 212, 159, 255, 187, 180, 24, 238, 249,
       84, 59, 129, 114, 127, 8, 178, 111, 250, 179, 207, 219, 85, 58,
       210, 88, 211, 11, 226, 172, 182, 222, 237, 189, 252, 207, 255,
       187, 246, 24, 206, 250, 60, 107, 205, 239, 127, 153, 186, 111,
       251, 243, 159, 58, 223, 254, 146, 252, 242, 140, 216, 184, 188,
       122, 169, 253, 81, 159, 187, 91, 180, 24, 190, 255, 66, 59, 133,
       51, 253, 16, 179, 111, 250, 241, 219, 219, 85, 123, 210, 64, 135,
       123, 162, 172, 222, 159, 254, 171, 188, 207, 190, 179, 250, 146,
       236, 238, 36, 75, 255, 255, 127, 0, 50, 255, 203, 255, 188, 58,
       223, 246, 149, 120, 209, 137, 130, 172, 222, 191, 236, 171, 253,
       239, 190, 179, 242, 18, 244, 234, 32, 75, 251, 239, 127, 129, 58,
       223, 203, 255, 156, 178, 255, 224, 149, 104, 227, 137, 248, 184,
       191, 250, 173, 253, 81, 223, 155, 95, 180, 24, 62, 255, 102, 59,
       205, 243, 253, 16, 43, 111, 250, 177, 219, 219, 84, 123, 210, 76,
       166, 251, 144, 172, 223, 255, 172, 43, 237, 223, 54, 171, 250, 82,
