%YAML:1.0
---
descriptors: !!opencv-matrix
   rows: 428
   cols: 32
   dt: u
   data: [ 120, 169, 254, 120, 136, 232, 81, 103, 163, 23, 164, 56, 55,
       183, 66, 26, 33, 178, 109, 16, 58, 75, 162, 49, 219, 235, 116,
       121, 224, 128, 134, 106, 254, 172, 238, 255, 252, 171, 254, 255,
       191, 178, 255, 154, 255, 239, 125, 91, 127, 255, 127, 187, 248,
       255, 203, 255, 254, 255, 255, 252, 245, 249, 227, 128, 230, 237,
       254, 255, 252, 171, 254, 255, 191, 179, 255, 26, 255, 235, 253,
       91, 127, 255, 127, 187, 250, 255, 207, 255, 254, 191, 255, 236,
       213, 251, 227, 129, 157, 215, 25, 239, 180, 14, 111, 184, 52, 234,
       127, 100, 215, 119, 137, 112, 119, 94, 29, 234, 249, 144, 105, 63,
       237, 239, 39, 132, 40, 251, 129, 49, 125, 93, 125, 103, 180, 78,
       79, 184, 96, 232, 190, 104, 83, 119, 137, 114, 22, 212, 124, 106,
       233, 144, 121, 46, 227, 239, 101, 148, 106, 243, 66, 49, 125, 85,
       125, 103, 160, 78, 79, 184, 97, 232, 191, 72, 83, 119, 153, 115,
       22, 212, 124, 106, 201, 161, 249, 44, 243, 233, 101, 148, 106,
       243, 66, 113, 5, 117, 49, 71, 117, 78, 103, 184, 105, 232, 106,
       72, 222, 81, 9, 244, 144, 92, 80, 106, 193, 176, 249, 46, 37, 188,
       5, 6, 74, 51, 67, 161, 129, 174, 207, 179, 228, 171, 109, 159,
       118, 179, 70, 212, 181, 227, 208, 75, 99, 110, 34, 28, 51, 220,
       207, 51, 204, 131, 119, 64, 188, 192, 161, 168, 38, 237, 146, 186,
       221, 229, 22, 232, 159, 134, 233, 9, 70, 248, 109, 148, 217, 251,
       226, 82, 126, 99, 218, 178, 185, 246, 5, 123, 208, 123, 238, 134,
       109, 101, 248, 103, 52, 30, 126, 152, 105, 160, 63, 9, 223, 121,
       157, 176, 150, 76, 117, 110, 196, 240, 205, 40, 103, 253, 33, 7,
       70, 179, 66, 131, 100, 113, 49, 67, 84, 79, 67, 184, 106, 176, 45,
       8, 214, 81, 73, 52, 145, 92, 64, 122, 1, 112, 249, 28, 237, 156,
       5, 52, 64, 187, 70, 162, 129, 174, 159, 187, 236, 169, 109, 191,
       126, 19, 66, 84, 181, 227, 224, 75, 99, 106, 42, 12, 51, 252, 15,
       55, 236, 135, 119, 64, 144, 208, 161, 168, 32, 96, 25, 104, 76,
       77, 81, 88, 66, 20, 164, 8, 19, 209, 65, 48, 216, 152, 64, 104,
       74, 35, 250, 25, 195, 201, 33, 61, 80, 139, 86, 162, 37, 17, 49,
       65, 93, 79, 67, 56, 72, 232, 107, 8, 210, 17, 29, 52, 216, 28, 83,
       106, 73, 176, 113, 12, 101, 188, 1, 52, 64, 43, 86, 226, 133, 223,
       159, 135, 240, 14, 47, 188, 124, 234, 90, 228, 245, 98, 145, 97,
       54, 109, 54, 110, 225, 208, 205, 110, 108, 174, 47, 128, 8, 243,
       1, 185, 208, 184, 159, 244, 138, 232, 81, 7, 178, 119, 166, 56,
       119, 183, 64, 91, 35, 247, 109, 16, 58, 79, 179, 51, 217, 227,
       113, 123, 160, 64, 135, 107, 80, 184, 191, 248, 10, 225, 17, 71,
       166, 87, 130, 56, 183, 151, 64, 75, 163, 51, 125, 16, 11, 77, 178,
       17, 209, 193, 122, 122, 160, 0, 37, 123, 240, 48, 255, 112, 40,
       109, 81, 83, 160, 190, 164, 24, 19, 151, 193, 59, 35, 180, 76, 24,
       40, 103, 178, 0, 217, 203, 113, 60, 224, 224, 70, 99, 65, 50, 145,
       69, 34, 74, 32, 56, 108, 224, 103, 96, 213, 50, 128, 114, 6, 92,
       106, 42, 129, 240, 245, 76, 68, 168, 99, 4, 72, 162, 3, 49, 112,
       54, 181, 68, 120, 111, 71, 58, 97, 174, 186, 108, 82, 53, 128, 54,
       21, 212, 68, 42, 249, 99, 249, 14, 249, 158, 69, 52, 99, 235, 70,
       113, 197, 180, 157, 85, 168, 110, 36, 154, 186, 187, 35, 112, 212,
       119, 201, 123, 3, 86, 120, 26, 49, 69, 155, 66, 141, 170, 119, 68,
       136, 113, 131, 49, 252, 100, 252, 118, 136, 105, 87, 218, 210,
       182, 173, 24, 83, 225, 75, 27, 25, 214, 236, 42, 40, 103, 218, 34,
       91, 131, 101, 61, 227, 249, 206, 34, 69, 117, 17, 69, 17, 95, 118,
       184, 104, 232, 106, 8, 214, 80, 9, 180, 144, 92, 80, 106, 65, 176,
       249, 12, 39, 156, 5, 6, 74, 51, 67, 182, 77, 245, 17, 71, 177, 94,
       119, 184, 120, 232, 107, 76, 222, 114, 9, 244, 144, 92, 120, 106,
       65, 176, 249, 110, 45, 188, 5, 70, 74, 51, 67, 51, 76, 180, 185,
       97, 137, 111, 21, 15, 59, 183, 47, 24, 206, 55, 72, 26, 145, 23,
       232, 48, 18, 64, 249, 66, 207, 215, 85, 119, 194, 64, 135, 98, 69,
       112, 17, 101, 1, 78, 115, 48, 104, 224, 99, 12, 222, 17, 9, 48,
       144, 68, 64, 106, 65, 176, 209, 12, 69, 184, 0, 6, 72, 35, 67,
       162, 5, 121, 19, 69, 85, 79, 231, 48, 104, 192, 106, 72, 246, 80,
       133, 180, 16, 124, 80, 106, 193, 176, 241, 12, 37, 188, 1, 2, 74,
       51, 67, 180, 229, 240, 145, 86, 104, 76, 103, 188, 51, 186, 37,
       72, 118, 247, 201, 255, 21, 212, 116, 74, 67, 70, 251, 97, 53,
       186, 117, 44, 98, 179, 198, 33, 197, 86, 157, 119, 164, 46, 103,
       185, 56, 234, 39, 84, 215, 115, 137, 119, 21, 68, 124, 46, 225,
       244, 89, 14, 165, 171, 101, 20, 72, 241, 195, 49, 120, 173, 254,
       114, 138, 232, 85, 199, 162, 23, 172, 185, 55, 231, 64, 27, 35,
       242, 109, 144, 58, 75, 170, 33, 217, 195, 116, 121, 160, 192, 134,
       106, 116, 229, 157, 122, 201, 77, 87, 233, 178, 23, 173, 24, 86,
       247, 74, 26, 153, 210, 97, 90, 122, 99, 250, 51, 251, 135, 85,
       125, 208, 115, 198, 226, 108, 245, 181, 119, 153, 78, 71, 172, 50,
       228, 170, 8, 215, 117, 73, 50, 145, 222, 121, 106, 121, 98, 249,
       63, 237, 238, 69, 52, 64, 123, 198, 114, 69, 55, 148, 227, 161,
       62, 62, 152, 123, 187, 43, 84, 222, 114, 201, 254, 151, 85, 108,
       122, 145, 80, 217, 96, 172, 250, 103, 118, 136, 115, 137, 5, 248,
       184, 253, 112, 136, 252, 81, 215, 179, 183, 164, 24, 51, 183, 66,
       59, 1, 246, 236, 24, 59, 79, 242, 33, 219, 203, 117, 121, 226,
       192, 198, 122, 220, 144, 156, 246, 172, 76, 89, 152, 175, 187,
       183, 57, 223, 247, 73, 91, 167, 213, 125, 24, 58, 69, 219, 48,
       219, 251, 119, 220, 128, 161, 5, 19, 148, 109, 155, 103, 144, 102,
       70, 238, 118, 162, 234, 0, 115, 115, 1, 80, 241, 254, 12, 234,
       104, 144, 25, 46, 243, 239, 165, 0, 97, 114, 226, 42, 104, 188,
       180, 252, 237, 253, 220, 223, 223, 187, 180, 24, 234, 249, 84, 63,
       201, 238, 127, 24, 186, 111, 251, 179, 219, 251, 213, 123, 210,
       216, 210, 138, 216, 176, 188, 252, 169, 237, 81, 91, 187, 187,
       180, 24, 191, 191, 64, 59, 133, 151, 125, 24, 58, 111, 242, 17,
       219, 251, 113, 121, 226, 192, 198, 123, 248, 188, 188, 248, 173,
       253, 81, 223, 255, 59, 180, 24, 191, 189, 64, 59, 141, 178, 253,
       24, 186, 111, 242, 147, 219, 219, 85, 123, 210, 200, 198, 59, 199,
       180, 144, 178, 185, 28, 0, 159, 251, 187, 131, 92, 206, 178, 72,
       255, 133, 71, 124, 24, 247, 77, 219, 226, 184, 210, 95, 126, 136,
       64, 139, 5, 96, 161, 157, 217, 136, 237, 65, 143, 46, 49, 40, 24,
       182, 51, 72, 122, 129, 27, 106, 24, 19, 72, 211, 113, 141, 150,
       80, 124, 144, 72, 133, 40, 217, 184, 190, 48, 168, 189, 89, 87,
       162, 251, 164, 157, 63, 255, 66, 58, 167, 247, 253, 20, 158, 75,
       186, 35, 219, 235, 117, 249, 226, 196, 138, 91, 85, 69, 125, 111,
       22, 79, 71, 56, 68, 160, 175, 8, 211, 113, 25, 112, 49, 212, 72,
       106, 104, 176, 121, 30, 239, 239, 5, 20, 112, 187, 68, 32, 101,
       109, 59, 102, 81, 70, 239, 232, 248, 160, 235, 8, 80, 247, 61, 48,
       248, 213, 83, 235, 105, 243, 184, 110, 117, 174, 143, 4, 65, 51,
       103, 162, 112, 40, 93, 80, 11, 221, 81, 66, 161, 53, 164, 24, 2,
       150, 4, 59, 233, 144, 200, 144, 10, 107, 226, 0, 19, 193, 80, 123,
       225, 0, 70, 38, 54, 85, 18, 174, 221, 70, 6, 232, 21, 132, 233,
       11, 70, 240, 45, 84, 248, 205, 66, 99, 108, 163, 24, 238, 185,
       182, 133, 31, 65, 123, 108, 134, 208, 124, 223, 116, 138, 108, 85,
       22, 176, 146, 162, 24, 119, 183, 65, 123, 37, 247, 108, 130, 105,
       71, 178, 34, 209, 227, 116, 24, 160, 240, 38, 58, 52, 69, 18, 190,
       93, 198, 86, 224, 149, 132, 233, 9, 66, 248, 45, 212, 216, 233,
       194, 98, 104, 163, 26, 174, 177, 246, 5, 31, 80, 59, 108, 134,
       120, 174, 253, 114, 138, 233, 81, 223, 179, 63, 172, 56, 63, 167,
