%YAML:1.0
---
descriptors: !!opencv-matrix
   rows: 276
   cols: 32
   dt: u
   data: [ 213, 220, 89, 103, 176, 14, 111, 184, 112, 234, 126, 100, 211,
       115, 145, 112, 55, 68, 60, 110, 233, 144, 125, 46, 238, 239, 37,
       132, 104, 243, 64, 49, 125, 85, 125, 103, 164, 78, 79, 184, 96,
       232, 191, 76, 211, 119, 153, 51, 22, 212, 124, 106, 201, 240, 249,
       40, 231, 233, 101, 148, 104, 243, 194, 113, 93, 93, 127, 103, 180,
       14, 79, 188, 100, 234, 254, 68, 211, 119, 137, 112, 118, 212, 92,
       106, 233, 144, 121, 46, 227, 239, 37, 148, 104, 243, 192, 49, 132,
       172, 255, 255, 252, 175, 255, 255, 62, 187, 243, 82, 213, 255,
       216, 105, 127, 255, 127, 26, 179, 220, 235, 51, 253, 239, 255,
       228, 165, 249, 193, 177, 149, 253, 217, 239, 180, 47, 111, 190,
       118, 235, 254, 80, 247, 119, 153, 112, 119, 254, 29, 42, 251, 152,
       249, 63, 233, 239, 39, 148, 164, 251, 129, 41, 214, 252, 254, 255,
       236, 169, 254, 239, 191, 187, 243, 59, 254, 255, 93, 91, 255, 247,
       127, 147, 186, 119, 203, 251, 255, 223, 255, 169, 229, 249, 229,
       67, 196, 172, 254, 251, 236, 173, 255, 254, 190, 187, 191, 26,
       247, 255, 121, 91, 239, 255, 127, 155, 186, 231, 203, 243, 253,
       191, 255, 252, 133, 249, 243, 163, 246, 236, 246, 255, 253, 59,
       254, 254, 63, 179, 251, 155, 239, 239, 92, 75, 255, 223, 255, 243,
       246, 119, 203, 255, 190, 223, 223, 135, 247, 255, 235, 159, 252,
       188, 253, 118, 168, 104, 69, 191, 178, 190, 164, 56, 115, 231, 64,
       27, 1, 246, 109, 42, 120, 79, 234, 42, 249, 203, 117, 60, 224,
       240, 198, 107, 246, 254, 214, 254, 236, 171, 254, 255, 63, 187,
       249, 122, 235, 251, 253, 91, 255, 207, 127, 179, 250, 239, 203,
       251, 190, 254, 247, 254, 215, 251, 243, 137, 253, 246, 244, 254,
       173, 47, 94, 188, 255, 187, 189, 93, 223, 253, 89, 27, 223, 215,
       127, 126, 186, 103, 219, 178, 251, 223, 117, 252, 202, 255, 210,
       83, 240, 92, 253, 116, 40, 14, 85, 50, 160, 186, 182, 56, 119, 55,
       129, 123, 135, 244, 109, 42, 104, 101, 227, 40, 209, 235, 117,
       144, 96, 240, 70, 43, 69, 249, 180, 87, 29, 157, 38, 184, 110,
       248, 43, 76, 254, 112, 73, 182, 145, 70, 120, 122, 195, 96, 219,
       61, 45, 158, 5, 54, 72, 51, 75, 6, 150, 255, 116, 175, 190, 11,
       254, 232, 63, 106, 251, 163, 236, 238, 157, 32, 255, 223, 127,
       231, 232, 243, 203, 255, 188, 254, 143, 150, 85, 127, 227, 213,
       102, 229, 242, 239, 252, 11, 126, 236, 63, 170, 251, 10, 72, 234,
       61, 80, 251, 223, 127, 227, 224, 243, 201, 254, 62, 190, 135, 172,
       149, 251, 240, 129, 38, 229, 112, 207, 252, 3, 238, 236, 127, 160,
       249, 2, 234, 106, 29, 0, 255, 207, 127, 227, 232, 243, 201, 254,
       190, 190, 143, 156, 85, 251, 227, 128, 69, 48, 17, 69, 81, 79, 99,
       24, 104, 224, 35, 8, 214, 17, 73, 52, 144, 20, 64, 106, 1, 240,
       241, 12, 5, 156, 1, 54, 72, 35, 67, 50, 54, 109, 82, 175, 190, 3,
       254, 232, 63, 162, 249, 130, 235, 234, 29, 64, 122, 237, 127, 227,
       72, 227, 207, 254, 188, 254, 143, 156, 117, 123, 99, 128, 216,
       180, 191, 240, 169, 236, 89, 215, 187, 155, 180, 24, 159, 247, 64,
       59, 165, 183, 125, 24, 59, 79, 186, 81, 219, 219, 117, 248, 226,
       64, 134, 59, 248, 188, 188, 120, 169, 253, 85, 191, 251, 123, 180,
       24, 191, 255, 64, 123, 133, 151, 253, 24, 187, 111, 250, 179, 219,
       251, 117, 122, 194, 72, 199, 43, 232, 180, 188, 113, 237, 109, 85,
       191, 123, 59, 52, 24, 159, 61, 72, 59, 137, 22, 124, 24, 186, 126,
       243, 51, 207, 219, 116, 117, 194, 88, 198, 59, 233, 188, 188, 126,
       173, 253, 85, 223, 255, 251, 180, 24, 191, 249, 70, 59, 201, 242,
       127, 8, 186, 111, 250, 179, 219, 251, 85, 58, 210, 88, 194, 75,
       236, 52, 188, 97, 169, 111, 113, 27, 123, 187, 39, 24, 223, 119,
       72, 59, 149, 21, 125, 56, 184, 116, 241, 2, 207, 219, 117, 116,
       194, 192, 199, 51, 20, 172, 218, 191, 188, 171, 255, 255, 62, 163,
       250, 2, 247, 235, 89, 64, 255, 239, 127, 145, 18, 188, 203, 127,
       252, 239, 191, 196, 164, 250, 161, 137, 210, 172, 222, 191, 238,
       169, 252, 207, 190, 147, 250, 18, 253, 234, 117, 91, 239, 239,
       127, 145, 58, 255, 203, 243, 254, 175, 255, 136, 133, 248, 225,
       136, 194, 172, 246, 191, 238, 173, 252, 239, 191, 155, 242, 26,
       236, 234, 52, 91, 239, 239, 127, 129, 242, 111, 203, 243, 191,
       250, 223, 138, 133, 248, 225, 137, 221, 125, 95, 103, 160, 14,
       103, 176, 96, 232, 174, 76, 215, 49, 129, 51, 48, 100, 124, 106,
       201, 241, 185, 44, 225, 169, 101, 20, 104, 243, 66, 49, 200, 244,
       189, 115, 169, 109, 117, 191, 127, 127, 44, 24, 190, 63, 72, 59,
       133, 19, 125, 24, 51, 108, 251, 51, 239, 219, 84, 127, 210, 88,
       199, 123, 212, 217, 61, 231, 180, 14, 127, 188, 52, 168, 247, 32,
       247, 87, 137, 81, 54, 213, 93, 106, 232, 148, 105, 44, 239, 233,
       39, 148, 32, 179, 129, 33, 204, 28, 189, 231, 32, 110, 123, 24,
       56, 234, 247, 80, 223, 119, 9, 123, 151, 85, 125, 42, 161, 244,
       249, 10, 199, 251, 97, 148, 128, 243, 6, 115, 17, 137, 203, 51,
       146, 171, 98, 151, 118, 1, 98, 210, 115, 65, 160, 120, 113, 174,
       8, 152, 59, 152, 69, 63, 204, 166, 180, 64, 249, 192, 240, 40, 85,
       199, 93, 103, 180, 14, 78, 185, 100, 170, 255, 68, 211, 97, 152,
       112, 20, 198, 76, 110, 249, 176, 77, 46, 224, 239, 37, 148, 104,
       243, 194, 33, 69, 71, 29, 101, 48, 14, 71, 56, 96, 168, 107, 76,
       215, 115, 137, 115, 20, 68, 108, 110, 225, 176, 217, 12, 228, 170,
       97, 4, 104, 179, 66, 33, 248, 172, 156, 58, 139, 233, 16, 207,
       187, 55, 160, 25, 174, 243, 64, 155, 129, 179, 233, 16, 62, 79,
       218, 51, 219, 211, 85, 123, 242, 76, 142, 10, 248, 168, 156, 58,
       139, 233, 20, 207, 187, 55, 164, 25, 175, 187, 66, 155, 129, 243,
       233, 16, 62, 79, 202, 51, 219, 211, 85, 123, 240, 80, 142, 10,
       197, 52, 157, 225, 161, 110, 49, 19, 57, 251, 47, 88, 158, 55, 64,
       126, 133, 22, 120, 24, 49, 216, 241, 66, 143, 255, 85, 70, 138,
       96, 131, 51, 45, 117, 16, 69, 85, 30, 102, 56, 104, 168, 107, 76,
       214, 16, 23, 176, 144, 76, 64, 110, 197, 176, 209, 14, 39, 253, 1,
       4, 72, 51, 74, 133, 69, 113, 145, 101, 65, 78, 118, 56, 105, 224,
       99, 8, 222, 49, 1, 178, 144, 68, 120, 106, 65, 240, 241, 8, 37,
       248, 69, 2, 72, 51, 67, 34, 77, 85, 21, 101, 48, 14, 102, 56, 120,
       40, 107, 68, 214, 51, 137, 244, 148, 68, 108, 110, 225, 176, 217,
       14, 229, 191, 97, 4, 74, 179, 74, 1, 253, 112, 189, 103, 172, 78,
       87, 152, 113, 250, 183, 8, 215, 85, 73, 59, 148, 212, 124, 122,
       105, 101, 249, 32, 199, 217, 101, 52, 224, 179, 70, 51, 134, 236,
       222, 255, 236, 43, 254, 236, 191, 179, 243, 27, 255, 234, 93, 75,
       255, 223, 127, 227, 122, 247, 203, 251, 254, 191, 255, 180, 245,
       123, 225, 139, 236, 180, 189, 99, 237, 125, 81, 152, 127, 127,
       165, 24, 222, 125, 72, 59, 153, 18, 253, 58, 59, 100, 251, 19,
       207, 219, 81, 127, 210, 75, 198, 114, 246, 237, 246, 255, 253,
       187, 238, 239, 63, 242, 251, 27, 239, 234, 93, 67, 255, 239, 127,
       243, 244, 247, 203, 254, 190, 254, 207, 142, 167, 255, 226, 143,
       134, 236, 206, 191, 252, 43, 254, 237, 191, 178, 251, 27, 238,
       234, 92, 75, 255, 239, 127, 227, 122, 247, 203, 251, 188, 186,
       207, 164, 213, 123, 225, 130, 252, 190, 252, 118, 168, 105, 85,
       191, 179, 190, 164, 56, 123, 231, 64, 27, 1, 214, 237, 10, 120,
       79, 234, 34, 219, 203, 117, 61, 226, 240, 198, 123, 252, 44, 252,
       114, 137, 105, 85, 222, 147, 191, 180, 24, 67, 233, 67, 27, 9,
       246, 236, 26, 42, 111, 218, 50, 219, 219, 85, 125, 243, 249, 206,
       34, 246, 237, 246, 223, 253, 43, 238, 237, 63, 178, 251, 18, 239,
       234, 93, 75, 251, 239, 127, 243, 244, 247, 207, 255, 188, 254,
       207, 134, 135, 255, 227, 140, 112, 188, 127, 112, 136, 236, 81,
