%YAML:1.0
---
descriptors: !!opencv-matrix
   rows: 115
   cols: 32
   dt: u
   data: [ 63, 253, 251, 238, 253, 87, 255, 252, 127, 200, 252, 10, 92,
       255, 13, 52, 254, 255, 215, 234, 201, 163, 249, 254, 127, 255,
       135, 142, 75, 243, 230, 243, 63, 223, 107, 238, 246, 147, 239,
       252, 85, 72, 252, 230, 121, 239, 191, 96, 126, 234, 23, 239, 207,
       179, 45, 255, 122, 239, 167, 136, 127, 187, 240, 241, 141, 22, 61,
       245, 228, 46, 125, 27, 124, 250, 119, 116, 223, 115, 129, 123,
       215, 36, 62, 46, 161, 244, 97, 14, 198, 255, 115, 128, 142, 241,
       67, 177, 218, 184, 189, 186, 137, 253, 17, 142, 187, 95, 132, 29,
       174, 246, 74, 63, 135, 115, 253, 17, 51, 79, 250, 241, 217, 211,
       93, 123, 144, 68, 135, 127, 236, 94, 252, 239, 237, 95, 126, 252,
       63, 238, 247, 47, 223, 255, 143, 243, 255, 221, 255, 98, 229, 246,
       251, 254, 255, 251, 231, 183, 150, 255, 92, 211, 205, 158, 189,
       115, 168, 46, 125, 183, 255, 251, 54, 84, 222, 63, 72, 123, 135,
       87, 126, 28, 179, 252, 251, 98, 239, 251, 118, 196, 202, 208, 195,
       123, 31, 223, 107, 206, 246, 146, 239, 254, 245, 200, 222, 230,
       121, 239, 183, 96, 126, 234, 23, 239, 235, 155, 44, 255, 250, 239,
       175, 128, 63, 251, 241, 249, 63, 253, 123, 238, 247, 223, 255,
       252, 127, 232, 252, 110, 122, 253, 181, 52, 254, 255, 23, 235,
       217, 186, 248, 255, 127, 223, 167, 138, 127, 187, 226, 251, 254,
       124, 190, 254, 253, 221, 246, 236, 191, 174, 183, 43, 110, 254,
       47, 208, 255, 249, 239, 227, 108, 103, 186, 254, 187, 247, 143,
       59, 19, 127, 47, 215, 127, 253, 246, 222, 253, 63, 254, 252, 255,
       234, 255, 14, 78, 248, 191, 228, 255, 207, 254, 111, 245, 243,
       191, 254, 191, 127, 143, 183, 223, 127, 249, 215, 126, 223, 123,
       238, 254, 75, 127, 252, 63, 236, 254, 171, 109, 255, 175, 80, 126,
       255, 255, 227, 72, 147, 170, 255, 255, 247, 175, 171, 55, 255,
       167, 251, 45, 255, 107, 238, 244, 159, 239, 252, 95, 200, 252, 78,
       123, 233, 191, 32, 254, 234, 22, 111, 219, 178, 60, 191, 126, 223,
       167, 160, 127, 251, 242, 245, 92, 117, 156, 230, 169, 77, 95, 184,
       163, 254, 191, 9, 255, 119, 75, 83, 182, 215, 253, 106, 92, 67,
       219, 40, 251, 233, 101, 189, 34, 243, 142, 83, 252, 113, 188, 243,
       169, 93, 86, 152, 163, 190, 165, 9, 223, 223, 75, 27, 141, 213,
       253, 114, 104, 71, 219, 176, 219, 219, 101, 63, 226, 179, 206, 83,
       129, 174, 255, 249, 230, 171, 237, 215, 126, 123, 118, 246, 255,
       171, 144, 105, 127, 238, 126, 12, 179, 252, 103, 247, 222, 251,
       119, 192, 253, 200, 209, 185, 126, 244, 238, 143, 253, 127, 254,
       232, 63, 238, 253, 143, 76, 254, 63, 212, 255, 223, 255, 231, 228,
       243, 251, 255, 63, 127, 207, 183, 151, 127, 255, 215, 31, 255,
       110, 223, 254, 155, 255, 253, 63, 236, 222, 231, 253, 238, 190,
       228, 127, 255, 255, 239, 247, 219, 239, 255, 254, 127, 175, 228,
       63, 254, 189, 253, 207, 222, 251, 247, 254, 123, 255, 252, 255,
       254, 189, 247, 253, 255, 255, 231, 127, 255, 255, 239, 245, 103,
       174, 255, 254, 223, 239, 172, 191, 255, 253, 241, 252, 113, 188,
       226, 169, 95, 87, 156, 163, 254, 181, 9, 95, 95, 75, 155, 149,
       213, 253, 114, 76, 103, 251, 144, 251, 219, 101, 63, 226, 119,
       206, 83, 174, 126, 254, 239, 127, 95, 255, 248, 63, 238, 247, 47,
       223, 255, 191, 240, 255, 253, 255, 102, 229, 247, 251, 254, 247,
       255, 231, 183, 31, 255, 111, 211, 126, 255, 118, 175, 255, 219,
       190, 236, 159, 252, 248, 175, 78, 254, 55, 212, 255, 255, 255,
       227, 236, 99, 138, 255, 186, 118, 143, 191, 87, 127, 255, 215,
       126, 189, 182, 254, 237, 255, 254, 232, 191, 223, 253, 31, 238,
       254, 110, 254, 253, 255, 255, 211, 190, 103, 250, 255, 255, 127,
       223, 255, 211, 127, 255, 215, 220, 117, 188, 167, 188, 110, 95,
       184, 165, 238, 191, 9, 223, 119, 75, 82, 215, 215, 253, 98, 124,
       67, 249, 42, 251, 231, 101, 53, 32, 243, 142, 83, 124, 117, 188,
       230, 168, 76, 95, 184, 163, 190, 191, 9, 223, 119, 75, 83, 150,
       215, 125, 106, 72, 67, 251, 40, 251, 233, 101, 61, 34, 243, 142,
       67, 252, 112, 188, 114, 169, 93, 87, 216, 171, 190, 181, 25, 223,
       223, 75, 27, 141, 213, 253, 82, 110, 103, 251, 48, 219, 219, 101,
       61, 226, 179, 78, 67, 120, 176, 176, 250, 189, 253, 80, 89, 191,
       61, 189, 25, 206, 253, 78, 26, 217, 155, 239, 16, 30, 107, 218,
       147, 219, 223, 17, 127, 210, 78, 206, 67, 134, 164, 214, 159, 252,
       43, 238, 232, 63, 178, 251, 18, 204, 234, 29, 65, 123, 207, 127,
       227, 48, 243, 203, 255, 188, 190, 207, 196, 133, 123, 97, 128,
       201, 156, 189, 247, 168, 46, 125, 151, 188, 251, 54, 116, 159, 55,
       128, 123, 135, 87, 125, 28, 177, 220, 243, 98, 207, 251, 118, 212,
       136, 209, 129, 57, 129, 142, 223, 249, 238, 171, 233, 215, 126,
       51, 242, 246, 255, 235, 144, 105, 111, 175, 126, 156, 179, 252,
       231, 243, 220, 171, 247, 192, 173, 200, 225, 169, 129, 174, 223,
       249, 238, 171, 237, 215, 126, 115, 114, 246, 255, 235, 144, 105,
       127, 175, 126, 156, 179, 252, 103, 247, 220, 171, 247, 192, 237,
       200, 225, 169, 205, 158, 189, 115, 168, 172, 117, 183, 251, 251,
       54, 84, 254, 55, 73, 123, 135, 87, 124, 28, 179, 236, 251, 98,
       239, 251, 119, 208, 202, 240, 195, 123, 220, 253, 188, 230, 184,
       126, 95, 188, 167, 254, 191, 61, 223, 127, 75, 115, 215, 215, 253,
       98, 236, 65, 249, 46, 251, 255, 111, 181, 32, 243, 141, 83, 141,
       22, 63, 245, 36, 46, 109, 51, 124, 250, 119, 116, 223, 51, 145,
       121, 247, 5, 95, 46, 161, 212, 97, 78, 198, 251, 114, 128, 44,
       233, 65, 49, 143, 190, 255, 255, 252, 127, 255, 248, 63, 255, 245,
       246, 253, 255, 191, 237, 127, 255, 255, 174, 177, 231, 255, 255,
       254, 255, 239, 172, 191, 255, 229, 241, 221, 190, 252, 255, 188,
       127, 95, 190, 254, 238, 150, 181, 223, 127, 147, 99, 247, 215,
       253, 99, 252, 197, 249, 190, 235, 255, 111, 149, 164, 243, 141,
       115, 124, 61, 188, 231, 168, 111, 95, 188, 160, 238, 191, 13, 223,
       127, 75, 83, 215, 215, 253, 106, 248, 67, 249, 42, 251, 239, 101,
       181, 34, 243, 14, 115, 252, 113, 188, 114, 169, 93, 87, 152, 171,
       190, 180, 9, 223, 223, 75, 27, 156, 213, 237, 122, 72, 103, 251,
       48, 219, 217, 101, 61, 98, 187, 198, 99, 230, 109, 86, 252, 125,
       207, 254, 226, 63, 162, 248, 10, 170, 187, 37, 80, 232, 253, 255,
       194, 104, 251, 211, 238, 183, 254, 207, 59, 19, 121, 102, 130,
       122, 165, 54, 254, 253, 205, 212, 111, 191, 13, 185, 25, 174, 253,
       124, 80, 201, 187, 255, 1, 106, 107, 210, 215, 187, 223, 150, 123,
       82, 12, 214, 74, 248, 181, 48, 250, 253, 237, 80, 121, 159, 61,
       189, 25, 239, 253, 78, 80, 217, 155, 255, 16, 58, 107, 218, 151,
       219, 223, 16, 127, 210, 14, 198, 67, 22, 108, 246, 239, 254, 11,
       254, 232, 191, 162, 251, 2, 207, 234, 61, 64, 255, 237, 127, 227,
       232, 243, 201, 238, 190, 254, 207, 150, 5, 123, 97, 129, 205, 188,
       189, 115, 169, 172, 117, 151, 251, 219, 182, 84, 254, 247, 72,
       123, 133, 119, 124, 24, 179, 108, 251, 99, 239, 251, 119, 210,
       202, 112, 195, 123, 134, 230, 222, 159, 236, 43, 238, 236, 63,
       178, 242, 82, 236, 234, 29, 67, 251, 239, 127, 163, 96, 247, 203,
       254, 188, 187, 239, 133, 141, 121, 233, 128, 212, 160, 255, 251,
       236, 105, 237, 219, 191, 179, 242, 90, 223, 235, 217, 75, 111,
       223, 127, 155, 59, 119, 203, 241, 220, 187, 255, 252, 165, 248,
       227, 160, 165, 172, 221, 251, 236, 169, 233, 222, 190, 179, 246,
       90, 189, 235, 216, 123, 111, 207, 127, 152, 51, 254, 235, 243,
       220, 187, 255, 236, 148, 216, 195, 161, 129, 174, 223, 251, 236,
       169, 233, 223, 254, 115, 242, 86, 255, 235, 216, 107, 111, 171,
       126, 28, 179, 252, 239, 243, 220, 187, 247, 192, 252, 200, 225,
       169, 193, 174, 223, 251, 228, 171, 105, 151, 126, 91, 118, 246,
