%YAML:1.0
---
descriptors: !!opencv-matrix
   rows: 60
   cols: 32
   dt: u
   data: [ 45, 117, 24, 101, 177, 15, 119, 184, 57, 232, 111, 13, 214,
       17, 11, 16, 144, 76, 89, 110, 105, 240, 217, 14, 231, 221, 5, 20,
       72, 59, 202, 146, 109, 117, 152, 167, 189, 15, 86, 184, 122, 234,
       43, 77, 214, 113, 91, 178, 145, 76, 124, 127, 237, 80, 217, 10,
       239, 255, 69, 52, 136, 123, 90, 2, 175, 82, 229, 71, 103, 62, 232,
       24, 123, 242, 119, 254, 75, 108, 159, 175, 63, 196, 246, 47, 165,
       244, 253, 202, 6, 122, 97, 134, 239, 255, 88, 245, 116, 101, 204,
       166, 138, 66, 87, 168, 18, 182, 143, 139, 67, 103, 75, 91, 81,
       212, 233, 226, 104, 67, 217, 42, 249, 227, 205, 61, 160, 115, 22,
       98, 141, 20, 237, 83, 164, 63, 103, 152, 86, 242, 39, 20, 219,
       113, 219, 175, 19, 68, 122, 62, 181, 244, 125, 34, 78, 11, 101,
       68, 238, 251, 88, 240, 244, 101, 204, 167, 138, 66, 87, 168, 18,
       182, 143, 139, 67, 103, 75, 91, 81, 212, 233, 226, 104, 67, 217,
       10, 249, 167, 205, 61, 160, 115, 22, 98, 210, 222, 189, 189, 170,
       38, 61, 190, 190, 222, 154, 245, 245, 119, 1, 75, 167, 119, 125,
       133, 96, 205, 147, 127, 233, 163, 127, 146, 8, 112, 165, 123, 205,
       4, 228, 87, 141, 59, 231, 136, 126, 242, 39, 30, 219, 112, 219,
       175, 51, 68, 122, 62, 181, 116, 255, 98, 79, 11, 85, 84, 238, 253,
       217, 116, 244, 221, 23, 230, 186, 7, 22, 252, 149, 170, 170, 105,
       118, 127, 41, 19, 213, 247, 93, 98, 105, 195, 89, 46, 185, 230,
       101, 150, 40, 123, 160, 19, 221, 180, 149, 178, 173, 125, 68, 143,
       251, 251, 131, 92, 222, 248, 89, 191, 129, 71, 124, 29, 191, 101,
       219, 162, 153, 218, 85, 126, 200, 125, 219, 22, 13, 102, 156, 227,
       180, 47, 103, 152, 126, 186, 31, 112, 215, 115, 201, 106, 23, 86,
       124, 122, 177, 212, 105, 58, 238, 207, 101, 84, 162, 251, 129, 33,
       70, 181, 158, 178, 153, 252, 16, 3, 187, 91, 139, 24, 206, 246,
       72, 254, 129, 119, 232, 16, 55, 73, 154, 226, 139, 247, 94, 123,
       128, 67, 143, 22, 252, 93, 61, 103, 168, 78, 87, 184, 97, 236,
       190, 8, 223, 119, 1, 51, 148, 244, 125, 106, 233, 225, 249, 44,
       227, 249, 101, 20, 96, 243, 70, 115, 124, 197, 72, 167, 148, 10,
       71, 168, 32, 164, 239, 11, 67, 99, 11, 80, 112, 196, 104, 226, 72,
       146, 201, 47, 249, 229, 133, 21, 32, 243, 238, 2, 240, 178, 222,
       112, 168, 237, 81, 87, 162, 255, 180, 61, 23, 183, 66, 27, 5, 150,
       109, 16, 26, 79, 178, 0, 219, 227, 117, 248, 232, 192, 134, 115,
       124, 229, 200, 35, 217, 121, 86, 142, 35, 247, 173, 137, 195, 237,
       74, 26, 153, 206, 224, 118, 30, 114, 219, 178, 255, 215, 5, 125,
       227, 255, 222, 82, 221, 188, 61, 247, 168, 110, 79, 191, 178, 246,
       134, 28, 255, 119, 9, 19, 7, 198, 125, 46, 121, 77, 249, 63, 233,
       235, 101, 20, 34, 240, 130, 120, 69, 85, 220, 99, 176, 47, 102,
       184, 127, 178, 43, 76, 215, 115, 73, 123, 151, 84, 108, 122, 177,
       208, 89, 62, 175, 222, 101, 84, 168, 243, 193, 1, 77, 116, 24,
       103, 48, 14, 119, 184, 120, 168, 111, 76, 215, 115, 11, 80, 148,
       76, 124, 110, 192, 144, 217, 46, 229, 255, 37, 4, 8, 179, 67, 35,
       109, 117, 24, 103, 181, 15, 119, 56, 121, 168, 111, 12, 214, 113,
       11, 16, 144, 76, 124, 106, 96, 240, 217, 14, 231, 255, 5, 52, 72,
       51, 74, 2, 109, 119, 156, 39, 52, 14, 119, 184, 123, 168, 47, 77,
       215, 113, 91, 18, 145, 76, 108, 126, 232, 240, 217, 10, 239, 255,
       101, 52, 72, 243, 90, 3, 205, 71, 156, 39, 188, 14, 103, 188, 124,
       172, 255, 13, 215, 97, 155, 82, 16, 68, 108, 110, 232, 240, 201,
       42, 236, 255, 101, 20, 64, 243, 67, 65, 109, 103, 140, 39, 172,
       14, 70, 184, 114, 170, 159, 77, 215, 105, 91, 26, 145, 68, 108,
       111, 236, 112, 201, 42, 236, 255, 101, 52, 200, 251, 90, 1, 248,
       184, 180, 112, 137, 189, 81, 87, 227, 63, 164, 28, 46, 147, 66,
       159, 129, 166, 236, 24, 58, 111, 242, 17, 219, 219, 80, 123, 234,
       196, 206, 107, 216, 188, 156, 112, 168, 237, 80, 151, 243, 251,
       164, 24, 159, 179, 66, 59, 129, 215, 236, 16, 63, 79, 210, 19,
       219, 203, 117, 125, 232, 64, 138, 27, 248, 188, 252, 114, 169,
       253, 81, 215, 179, 127, 164, 56, 59, 247, 66, 27, 7, 246, 237, 24,
       58, 79, 250, 51, 219, 203, 117, 121, 226, 192, 206, 123, 231, 60,
       253, 82, 205, 61, 213, 223, 211, 251, 180, 24, 90, 252, 221, 191,
       157, 222, 226, 24, 187, 110, 250, 34, 31, 95, 85, 126, 195, 249,
       198, 244, 220, 172, 245, 245, 137, 126, 77, 191, 179, 182, 166,
       24, 127, 119, 0, 255, 1, 198, 125, 46, 120, 77, 251, 175, 235,
       251, 85, 20, 34, 244, 198, 104, 217, 188, 156, 48, 169, 237, 80,
       7, 243, 251, 160, 24, 191, 183, 64, 187, 129, 183, 236, 16, 63,
       79, 210, 19, 219, 211, 116, 121, 232, 64, 139, 27, 69, 213, 157,
       99, 176, 15, 118, 184, 111, 176, 43, 72, 215, 115, 73, 114, 151,
       85, 124, 122, 65, 80, 217, 60, 173, 254, 101, 84, 136, 243, 1, 17,
       109, 245, 132, 163, 141, 31, 70, 152, 90, 251, 9, 77, 214, 120,
       89, 154, 145, 68, 120, 127, 255, 112, 217, 18, 173, 223, 69, 118,
       136, 127, 218, 18, 240, 140, 252, 124, 141, 105, 85, 143, 211, 55,
       164, 25, 35, 233, 71, 27, 129, 214, 108, 0, 122, 111, 218, 19,
       219, 243, 85, 61, 240, 120, 198, 42, 93, 85, 197, 39, 162, 78,
       111, 188, 53, 226, 79, 196, 223, 103, 155, 118, 54, 197, 124, 238,
       193, 144, 253, 106, 164, 238, 109, 132, 46, 247, 129, 113, 246,
       190, 252, 48, 233, 189, 80, 159, 211, 255, 180, 61, 2, 189, 198,
       27, 141, 214, 237, 16, 190, 111, 202, 179, 218, 211, 117, 255,
       235, 204, 222, 87, 109, 117, 152, 39, 181, 15, 86, 184, 123, 168,
       47, 77, 214, 113, 91, 18, 145, 68, 104, 126, 236, 112, 217, 10,
       239, 223, 5, 52, 200, 123, 90, 2, 103, 117, 225, 71, 218, 62, 110,
       152, 107, 226, 57, 205, 72, 110, 223, 182, 55, 197, 112, 254, 149,
       80, 253, 234, 62, 28, 5, 182, 239, 247, 66, 85, 180, 213, 63, 69,
       16, 79, 167, 105, 116, 230, 231, 2, 82, 117, 12, 33, 120, 212,
       106, 106, 105, 243, 121, 30, 117, 163, 101, 21, 65, 58, 102, 242,
       112, 184, 191, 48, 136, 237, 81, 87, 162, 93, 164, 61, 55, 159,
       66, 26, 165, 179, 109, 16, 26, 75, 146, 17, 219, 129, 116, 249,
       224, 192, 134, 91, 86, 181, 153, 186, 155, 100, 23, 204, 186, 215,
       137, 24, 92, 246, 72, 122, 177, 87, 232, 243, 51, 67, 186, 114,
       185, 134, 79, 127, 128, 115, 167, 114, 76, 103, 156, 39, 180, 14,
       103, 184, 112, 172, 47, 13, 215, 97, 155, 82, 16, 196, 108, 110,
       104, 240, 201, 42, 228, 255, 101, 20, 64, 243, 67, 97, 248, 188,
       255, 114, 169, 253, 81, 215, 179, 127, 164, 25, 59, 255, 66, 59,
       175, 242, 253, 16, 59, 111, 250, 51, 219, 203, 117, 121, 227, 192,
       198, 123, 85, 71, 149, 39, 144, 46, 71, 152, 116, 234, 171, 64,
       215, 114, 137, 123, 49, 196, 108, 126, 169, 208, 89, 46, 168, 174,
       101, 20, 168, 115, 98, 33, 77, 117, 56, 103, 113, 14, 119, 184,
       105, 172, 111, 76, 222, 115, 9, 16, 148, 76, 108, 110, 192, 240,
       249, 12, 231, 255, 37, 4, 74, 179, 67, 33, 69, 81, 21, 103, 48,
       79, 103, 184, 110, 224, 35, 72, 215, 115, 73, 114, 150, 85, 124,
       106, 65, 208, 217, 28, 237, 184, 37, 52, 8, 179, 3, 49, 112, 132,
       156, 126, 137, 237, 81, 7, 235, 63, 173, 25, 166, 163, 70, 91,
       129, 182, 109, 0, 58, 107, 218, 49, 219, 243, 80, 123, 208, 72,
       198, 10, 109, 103, 140, 167, 172, 15, 71, 152, 59, 190, 15, 77,
       199, 97, 91, 26, 145, 68, 109, 126, 236, 80, 201, 10, 238, 223,
       101, 180, 136, 255, 90, 1, 88, 184, 191, 176, 138, 237, 17, 71,
       170, 81, 128, 233, 191, 151, 64, 91, 167, 179, 125, 17, 27, 79,
       146, 49, 217, 129, 126, 120, 128, 0, 135, 122, 101, 52, 153, 103,
       17, 111, 67, 24, 96, 233, 239, 8, 214, 53, 73, 48, 144, 28, 72,
       40, 25, 176, 249, 8, 197, 156, 1, 22, 192, 99, 70, 34, 209, 172,
