%YAML:1.0
---
descriptors: !!opencv-matrix
   rows: 235
   cols: 32
   dt: u
   data: [ 92, 245, 185, 98, 168, 108, 87, 157, 42, 125, 173, 25, 215,
       255, 72, 50, 149, 215, 125, 83, 26, 67, 248, 51, 251, 237, 37,
       125, 224, 83, 135, 115, 108, 245, 177, 103, 145, 79, 71, 188, 122,
       170, 43, 8, 214, 119, 72, 50, 145, 94, 120, 106, 105, 80, 249, 63,
       237, 255, 5, 54, 64, 115, 199, 34, 92, 101, 120, 103, 98, 10, 127,
       184, 41, 164, 127, 169, 223, 119, 139, 80, 54, 221, 245, 238, 64,
       208, 201, 78, 231, 237, 33, 133, 38, 183, 15, 35, 120, 184, 251,
       120, 155, 233, 81, 71, 227, 21, 172, 56, 55, 183, 64, 58, 35, 186,
       109, 16, 26, 107, 162, 21, 219, 205, 16, 123, 226, 128, 198, 107,
       69, 117, 17, 69, 113, 78, 102, 184, 120, 72, 107, 72, 214, 81, 13,
       180, 144, 92, 112, 106, 225, 240, 249, 15, 37, 184, 1, 6, 72, 51,
       67, 49, 9, 113, 51, 69, 114, 94, 51, 48, 105, 72, 114, 76, 190,
       21, 132, 180, 182, 61, 84, 108, 193, 184, 49, 76, 5, 184, 32, 130,
       74, 130, 3, 249, 241, 188, 119, 112, 169, 253, 84, 247, 251, 250,
       180, 120, 58, 252, 196, 63, 175, 182, 124, 0, 239, 111, 190, 211,
       219, 218, 117, 250, 235, 84, 198, 127, 116, 5, 93, 103, 150, 107,
       71, 174, 100, 164, 175, 8, 83, 113, 8, 112, 50, 214, 72, 106, 56,
       176, 121, 62, 233, 239, 5, 20, 240, 251, 196, 32, 252, 172, 252,
       118, 137, 109, 85, 223, 179, 191, 164, 25, 19, 183, 67, 27, 1,
       214, 237, 24, 58, 79, 218, 48, 219, 195, 117, 125, 226, 240, 198,
       98, 69, 245, 157, 103, 153, 15, 119, 184, 122, 248, 43, 76, 214,
       113, 73, 50, 145, 68, 104, 106, 225, 240, 217, 47, 237, 154, 69,
       22, 72, 115, 67, 35, 172, 237, 155, 126, 148, 230, 103, 255, 244,
       130, 108, 0, 243, 243, 41, 96, 89, 122, 34, 106, 105, 178, 90, 47,
       233, 239, 7, 8, 200, 243, 226, 170, 220, 205, 94, 119, 144, 106,
       71, 174, 180, 162, 174, 16, 83, 115, 9, 83, 49, 214, 108, 170,
       120, 197, 89, 46, 249, 227, 101, 85, 32, 113, 228, 34, 112, 160,
       152, 120, 8, 205, 80, 11, 162, 180, 160, 25, 183, 147, 64, 26,
       201, 180, 104, 16, 10, 111, 210, 17, 219, 161, 17, 125, 208, 0,
       70, 10, 212, 112, 121, 245, 34, 78, 117, 56, 56, 162, 163, 56,
       215, 55, 9, 121, 54, 213, 125, 42, 105, 212, 249, 8, 193, 163, 97,
       20, 32, 177, 7, 115, 116, 117, 253, 103, 232, 110, 71, 152, 32,
       174, 175, 8, 83, 119, 73, 27, 25, 212, 100, 106, 72, 114, 249, 40,
       231, 171, 101, 52, 224, 243, 198, 98, 65, 185, 155, 101, 20, 14,
       115, 53, 104, 136, 106, 76, 246, 51, 0, 48, 176, 111, 108, 104,
       209, 184, 177, 12, 229, 173, 32, 0, 72, 34, 67, 43, 145, 89, 63,
       109, 22, 79, 119, 48, 108, 64, 102, 4, 246, 27, 0, 49, 160, 48,
       88, 106, 225, 180, 49, 29, 231, 137, 98, 2, 72, 2, 67, 59, 69,
       117, 25, 103, 176, 14, 103, 188, 105, 170, 111, 76, 214, 113, 9,
       48, 144, 76, 108, 110, 192, 240, 217, 46, 239, 191, 37, 4, 64,
       243, 195, 33, 57, 173, 105, 99, 213, 207, 111, 239, 86, 97, 108,
       10, 51, 55, 80, 48, 121, 234, 18, 156, 123, 186, 125, 63, 111,
       207, 149, 100, 113, 202, 210, 232, 61, 225, 113, 97, 245, 91, 82,
       136, 103, 121, 183, 56, 91, 29, 220, 176, 217, 156, 214, 122, 223,
       50, 105, 148, 47, 221, 37, 119, 227, 175, 218, 134, 244, 249, 251,
       102, 16, 74, 71, 180, 224, 224, 162, 8, 119, 215, 193, 50, 50,
       244, 108, 106, 73, 171, 184, 44, 249, 168, 37, 56, 96, 179, 70,
       43, 45, 117, 49, 71, 157, 79, 71, 168, 121, 232, 43, 8, 210, 117,
       9, 48, 152, 92, 88, 106, 105, 240, 249, 46, 165, 220, 5, 54, 66,
       59, 70, 34, 98, 105, 11, 158, 24, 129, 130, 106, 174, 0, 128, 64,
       180, 194, 33, 80, 200, 160, 74, 202, 75, 11, 218, 125, 176, 32,
       155, 56, 24, 51, 51, 136, 100, 97, 57, 79, 93, 79, 199, 168, 67,
       164, 173, 8, 210, 85, 13, 48, 216, 212, 88, 106, 72, 34, 249, 60,
       103, 189, 1, 60, 81, 59, 86, 226, 250, 174, 150, 58, 169, 173, 92,
       223, 179, 59, 160, 89, 175, 251, 64, 31, 167, 247, 125, 156, 190,
       79, 154, 243, 219, 250, 85, 250, 162, 212, 130, 11, 231, 46, 223,
       146, 234, 96, 1, 207, 186, 215, 128, 189, 70, 230, 203, 91, 67,
       231, 238, 148, 63, 79, 238, 98, 156, 34, 125, 255, 132, 113, 166,
       117, 124, 52, 253, 118, 168, 109, 81, 27, 227, 255, 165, 8, 95,
       247, 64, 59, 129, 214, 124, 24, 27, 99, 250, 16, 219, 219, 117,
       121, 226, 194, 198, 99, 237, 245, 252, 7, 180, 31, 103, 184, 122,
       224, 127, 108, 215, 120, 159, 40, 23, 76, 52, 111, 229, 240, 253,
       46, 110, 59, 101, 4, 108, 251, 216, 85, 117, 77, 95, 103, 148, 78,
       103, 184, 100, 160, 235, 72, 83, 113, 25, 112, 48, 196, 72, 234,
       105, 177, 25, 46, 241, 174, 5, 20, 97, 243, 192, 32, 252, 76, 220,
       118, 168, 104, 92, 184, 176, 178, 166, 24, 223, 99, 65, 91, 39,
       213, 108, 42, 104, 71, 203, 32, 211, 235, 117, 29, 226, 241, 138,
       32, 224, 188, 21, 248, 137, 237, 85, 175, 155, 51, 40, 24, 182,
       55, 76, 123, 129, 19, 104, 0, 115, 110, 211, 115, 141, 146, 84,
       126, 80, 72, 135, 42, 208, 172, 191, 113, 136, 232, 73, 134, 246,
       55, 162, 16, 247, 163, 80, 91, 35, 55, 109, 152, 58, 205, 163, 51,
       201, 170, 115, 80, 224, 192, 135, 42, 132, 172, 159, 255, 136,
       237, 21, 191, 150, 23, 97, 16, 247, 243, 32, 89, 193, 122, 104,
       18, 58, 204, 218, 51, 201, 167, 117, 120, 144, 88, 133, 42, 209,
       188, 156, 182, 168, 44, 84, 183, 178, 187, 170, 92, 247, 243, 64,
       11, 133, 119, 108, 0, 120, 109, 219, 34, 233, 163, 117, 56, 232,
       120, 131, 11, 101, 160, 25, 65, 253, 205, 227, 143, 122, 121, 40,
       24, 150, 147, 76, 48, 145, 30, 72, 24, 19, 56, 249, 23, 173, 156,
       21, 118, 200, 0, 195, 162, 100, 117, 249, 71, 232, 74, 71, 152,
       50, 174, 191, 40, 211, 119, 201, 22, 24, 212, 100, 106, 72, 242,
       233, 8, 109, 190, 101, 52, 194, 243, 70, 227, 221, 86, 253, 103,
       44, 78, 79, 184, 113, 254, 183, 92, 83, 87, 219, 123, 54, 196,
       125, 238, 233, 213, 185, 10, 243, 235, 229, 148, 40, 243, 82, 113,
       237, 125, 189, 118, 168, 109, 87, 158, 243, 254, 174, 124, 215,
       119, 203, 59, 149, 86, 108, 122, 249, 100, 251, 34, 235, 219, 101,
       60, 202, 241, 198, 115, 244, 224, 253, 97, 40, 75, 83, 216, 98,
       180, 165, 8, 83, 213, 73, 59, 16, 212, 108, 122, 11, 117, 233, 24,
       217, 137, 101, 116, 96, 171, 70, 35, 120, 56, 123, 112, 11, 232,
       81, 87, 161, 85, 164, 57, 63, 159, 66, 26, 38, 178, 213, 16, 26,
       11, 162, 1, 83, 193, 48, 121, 227, 128, 198, 123, 36, 177, 49, 65,
       93, 79, 67, 136, 106, 240, 33, 8, 210, 85, 77, 52, 145, 84, 64,
       122, 65, 48, 249, 28, 45, 152, 5, 52, 80, 59, 70, 160, 80, 249,
       155, 102, 146, 200, 71, 181, 162, 129, 234, 40, 119, 247, 0, 114,
       48, 244, 108, 72, 73, 137, 176, 41, 249, 172, 36, 8, 224, 178,
       166, 58, 213, 112, 253, 118, 168, 108, 85, 156, 242, 242, 166, 24,
       87, 119, 73, 59, 5, 212, 124, 26, 41, 69, 251, 2, 211, 235, 117,
       52, 224, 241, 70, 114, 161, 173, 41, 115, 148, 199, 199, 239, 86,
       233, 236, 16, 51, 53, 80, 32, 89, 138, 18, 152, 123, 250, 121, 63,
       105, 143, 181, 100, 209, 8, 242, 234, 100, 229, 181, 67, 185, 77,
       87, 136, 123, 189, 45, 8, 210, 117, 73, 62, 145, 84, 104, 122, 90,
       96, 251, 51, 109, 158, 69, 126, 194, 123, 198, 34, 244, 56, 253,
       100, 10, 75, 81, 88, 242, 182, 165, 40, 23, 213, 65, 59, 50, 148,
       108, 120, 40, 103, 169, 24, 219, 137, 97, 53, 96, 161, 70, 34,
       109, 117, 49, 103, 245, 95, 103, 168, 121, 232, 43, 8, 214, 117,
       9, 176, 144, 92, 72, 106, 97, 240, 249, 62, 175, 223, 5, 54, 66,
       123, 70, 34, 208, 249, 27, 100, 26, 72, 67, 112, 160, 128, 162, 8,
       119, 215, 1, 50, 48, 244, 108, 106, 73, 15, 176, 47, 249, 161, 37,
       24, 32, 162, 38, 42, 108, 229, 177, 67, 253, 79, 71, 168, 107,
       184, 41, 8, 210, 117, 77, 54, 153, 84, 104, 122, 75, 112, 249, 50,
