%YAML:1.0
---
descriptors: !!opencv-matrix
   rows: 282
   cols: 32
   dt: u
   data: [ 125, 125, 125, 103, 160, 78, 79, 184, 96, 232, 191, 76, 211,
       119, 153, 51, 20, 212, 124, 106, 201, 240, 249, 40, 231, 233, 101,
       148, 104, 243, 66, 49, 93, 93, 123, 231, 180, 78, 79, 184, 96,
       232, 255, 108, 247, 119, 137, 112, 118, 244, 92, 110, 233, 144,
       121, 46, 227, 239, 37, 148, 104, 243, 192, 113, 236, 48, 189, 115,
       173, 109, 83, 152, 123, 255, 165, 24, 223, 85, 75, 59, 145, 81,
       125, 58, 59, 100, 251, 16, 207, 219, 65, 125, 194, 107, 70, 114,
       236, 176, 188, 115, 173, 125, 81, 153, 123, 127, 165, 24, 222,
       221, 74, 59, 153, 18, 253, 24, 58, 102, 251, 19, 207, 219, 81,
       127, 210, 75, 198, 114, 252, 172, 253, 118, 152, 107, 87, 191,
       179, 190, 165, 24, 83, 103, 72, 23, 17, 214, 109, 42, 120, 79,
       235, 46, 249, 207, 117, 60, 224, 240, 198, 115, 55, 231, 118, 231,
       254, 15, 254, 248, 127, 168, 251, 78, 207, 235, 189, 64, 255, 205,
       127, 107, 224, 243, 137, 254, 188, 254, 47, 180, 21, 251, 241,
       129, 69, 71, 220, 39, 160, 58, 110, 136, 120, 166, 107, 192, 207,
       98, 155, 218, 18, 196, 108, 110, 44, 240, 205, 10, 164, 255, 103,
       5, 160, 243, 73, 4, 244, 101, 245, 101, 15, 75, 71, 40, 64, 166,
       165, 8, 83, 49, 65, 51, 24, 212, 96, 106, 104, 118, 249, 8, 121,
       130, 69, 53, 97, 123, 70, 32, 69, 241, 148, 7, 149, 28, 230, 188,
       110, 185, 43, 76, 246, 112, 92, 182, 145, 70, 104, 94, 199, 120,
       219, 53, 45, 190, 5, 100, 72, 19, 203, 13, 6, 231, 118, 239, 188,
       11, 254, 232, 127, 168, 251, 194, 207, 234, 157, 0, 254, 205, 127,
       235, 232, 177, 201, 254, 190, 254, 175, 148, 117, 251, 99, 129,
       141, 87, 53, 71, 240, 94, 55, 184, 125, 234, 127, 108, 222, 119,
       141, 180, 148, 93, 246, 98, 225, 176, 121, 110, 39, 254, 37, 134,
       74, 51, 135, 243, 38, 101, 244, 207, 188, 11, 238, 232, 127, 162,
       249, 130, 206, 106, 29, 0, 122, 205, 127, 227, 232, 243, 201, 254,
       188, 190, 143, 148, 85, 123, 99, 129, 134, 237, 246, 159, 254, 43,
       254, 236, 63, 162, 250, 10, 238, 234, 29, 64, 255, 231, 127, 227,
       232, 247, 203, 255, 188, 62, 207, 4, 101, 123, 225, 0, 220, 16,
       189, 247, 172, 108, 89, 24, 175, 223, 183, 56, 223, 247, 75, 123,
       199, 85, 125, 18, 40, 69, 251, 128, 203, 251, 119, 156, 160, 233,
       7, 115, 12, 185, 187, 114, 211, 253, 49, 206, 250, 17, 108, 24,
       158, 247, 73, 56, 161, 27, 64, 16, 19, 122, 186, 115, 95, 157, 20,
       111, 194, 65, 167, 170, 216, 176, 189, 240, 168, 237, 89, 95, 187,
       127, 180, 24, 159, 183, 72, 59, 165, 151, 125, 24, 59, 111, 242,
       19, 219, 219, 117, 252, 226, 192, 198, 115, 248, 188, 189, 248,
       173, 253, 81, 151, 255, 127, 180, 24, 191, 189, 66, 59, 133, 179,
       253, 24, 187, 111, 242, 179, 219, 219, 116, 121, 210, 72, 199,
       123, 223, 252, 246, 254, 238, 169, 252, 255, 191, 186, 246, 254,
       255, 255, 253, 91, 239, 247, 127, 147, 243, 239, 139, 247, 190,
       251, 255, 186, 143, 253, 225, 153, 238, 188, 190, 254, 237, 255,
       92, 255, 255, 251, 182, 24, 250, 253, 118, 123, 201, 247, 255, 24,
       191, 111, 250, 243, 219, 219, 215, 59, 146, 124, 214, 106, 202,
       188, 246, 223, 238, 189, 253, 255, 191, 83, 246, 187, 236, 255,
       252, 111, 239, 255, 255, 149, 178, 111, 235, 243, 254, 250, 223,
       200, 135, 220, 161, 217, 158, 188, 246, 251, 254, 187, 252, 255,
       191, 251, 246, 51, 252, 254, 252, 107, 239, 255, 255, 149, 178,
       253, 235, 243, 254, 255, 255, 214, 134, 252, 225, 217, 206, 190,
       246, 255, 238, 185, 252, 223, 191, 219, 246, 251, 255, 255, 253,
       107, 239, 255, 255, 149, 178, 111, 235, 243, 222, 251, 255, 202,
       135, 253, 225, 217, 204, 52, 189, 115, 160, 110, 113, 24, 123,
       234, 183, 24, 223, 119, 65, 123, 149, 117, 125, 58, 41, 212, 249,
       2, 199, 251, 97, 20, 192, 227, 71, 35, 210, 188, 254, 191, 238,
       169, 253, 255, 190, 251, 242, 191, 253, 238, 114, 91, 239, 239,
       127, 145, 186, 127, 203, 243, 252, 163, 255, 136, 133, 248, 161,
       217, 220, 92, 61, 231, 40, 78, 127, 184, 48, 170, 182, 40, 247,
       87, 9, 123, 150, 212, 125, 106, 233, 213, 249, 42, 215, 235, 97,
       148, 32, 243, 70, 59, 232, 252, 189, 122, 169, 237, 149, 174, 219,
       127, 36, 25, 190, 253, 70, 59, 131, 122, 249, 16, 50, 110, 250,
       51, 239, 219, 84, 123, 210, 89, 199, 123, 204, 181, 189, 113, 161,
       110, 117, 27, 59, 255, 39, 24, 222, 55, 76, 59, 183, 23, 125, 48,
       51, 84, 185, 66, 207, 219, 117, 246, 194, 64, 135, 115, 60, 65,
       18, 174, 93, 71, 86, 232, 5, 140, 233, 11, 98, 216, 45, 208, 216,
       205, 194, 98, 76, 163, 90, 188, 177, 244, 5, 27, 83, 63, 110, 134,
       232, 172, 156, 58, 139, 237, 16, 207, 155, 55, 160, 25, 174, 251,
       64, 155, 129, 19, 233, 16, 62, 79, 218, 51, 219, 211, 85, 123,
       210, 72, 142, 10, 230, 110, 132, 183, 172, 42, 78, 135, 179, 186,
       146, 249, 231, 104, 217, 27, 129, 230, 109, 119, 236, 85, 207, 42,
       172, 50, 253, 176, 140, 252, 154, 12, 240, 184, 159, 244, 138,
       232, 81, 23, 178, 151, 166, 24, 55, 183, 64, 91, 35, 254, 109, 24,
       58, 79, 178, 33, 219, 163, 116, 120, 160, 192, 166, 122, 56, 174,
       254, 122, 138, 233, 81, 87, 178, 23, 164, 185, 55, 231, 66, 27,
       35, 186, 109, 16, 58, 79, 130, 51, 219, 199, 112, 121, 224, 192,
       134, 106, 204, 156, 189, 245, 169, 236, 61, 183, 187, 255, 14, 49,
       188, 55, 64, 91, 133, 87, 253, 16, 50, 76, 242, 99, 205, 243, 127,
       91, 128, 113, 133, 123, 45, 113, 16, 101, 85, 30, 118, 56, 104,
       224, 111, 76, 214, 16, 1, 176, 144, 76, 64, 110, 193, 176, 81, 12,
       103, 221, 1, 4, 74, 51, 75, 130, 92, 50, 251, 64, 162, 107, 65,
       88, 224, 190, 167, 56, 83, 247, 193, 59, 55, 212, 76, 56, 56, 215,
       160, 0, 91, 203, 101, 100, 227, 225, 70, 97, 77, 113, 149, 101,
       33, 78, 103, 56, 104, 224, 106, 72, 214, 51, 1, 50, 144, 84, 104,
       106, 65, 240, 209, 8, 229, 184, 68, 4, 72, 114, 67, 34, 252, 190,
       156, 114, 168, 173, 80, 223, 179, 191, 164, 29, 55, 227, 66, 27,
       129, 226, 237, 20, 58, 111, 218, 51, 219, 203, 117, 121, 234, 192,
       202, 10, 205, 245, 153, 99, 241, 127, 119, 184, 123, 234, 47, 8,
       222, 113, 77, 50, 145, 92, 96, 122, 97, 240, 249, 74, 111, 223, 5,
       38, 202, 115, 67, 178, 134, 236, 254, 255, 252, 169, 254, 238,
       191, 178, 242, 27, 255, 234, 93, 75, 251, 239, 127, 135, 122, 127,
       203, 255, 254, 155, 255, 185, 181, 121, 233, 138, 236, 176, 188,
       99, 237, 125, 81, 152, 123, 127, 165, 24, 223, 93, 74, 59, 153,
       144, 253, 58, 59, 102, 251, 146, 207, 219, 81, 127, 210, 75, 70,
       114, 246, 173, 214, 223, 253, 171, 238, 237, 191, 179, 251, 18,
       239, 234, 92, 71, 255, 255, 127, 147, 114, 127, 203, 227, 190,
       254, 223, 198, 199, 251, 227, 140, 230, 204, 246, 191, 236, 171,
       254, 238, 191, 179, 251, 27, 239, 234, 124, 67, 239, 207, 127,
       211, 174, 255, 203, 243, 190, 254, 223, 198, 133, 255, 227, 133,
       246, 173, 198, 191, 253, 171, 238, 238, 63, 179, 251, 18, 238,
       234, 92, 79, 251, 239, 127, 147, 50, 239, 203, 243, 188, 254, 223,
       214, 133, 127, 227, 136, 104, 180, 181, 122, 157, 253, 80, 15,
       219, 123, 173, 25, 190, 253, 72, 58, 137, 26, 249, 16, 58, 106,
       250, 147, 203, 223, 80, 127, 210, 72, 198, 74, 106, 173, 183, 252,
       221, 205, 84, 231, 223, 19, 232, 24, 190, 189, 36, 80, 201, 187,
       251, 0, 123, 107, 210, 247, 187, 255, 214, 123, 210, 88, 246, 138,
       99, 237, 150, 252, 221, 207, 222, 230, 159, 160, 232, 8, 190, 251,
       101, 80, 201, 255, 123, 193, 105, 235, 210, 255, 187, 254, 207,
       58, 80, 120, 242, 138, 220, 221, 254, 247, 188, 47, 126, 189, 191,
       186, 191, 56, 255, 255, 73, 80, 247, 215, 253, 98, 248, 65, 203,
       190, 238, 255, 111, 212, 166, 243, 131, 3, 23, 239, 118, 239, 254,
