%YAML:1.0
---
descriptors: !!opencv-matrix
   rows: 120
   cols: 32
   dt: u
   data: [ 238, 180, 190, 250, 237, 253, 89, 105, 191, 95, 181, 25, 238,
       253, 126, 223, 221, 155, 255, 19, 58, 103, 250, 243, 219, 219,
       218, 251, 210, 77, 223, 247, 252, 113, 252, 231, 173, 95, 95, 184,
       99, 254, 181, 14, 219, 127, 79, 59, 222, 213, 253, 226, 200, 98,
       251, 168, 243, 217, 229, 183, 99, 255, 78, 115, 252, 120, 188,
       250, 173, 127, 83, 216, 127, 255, 181, 25, 78, 223, 79, 31, 253,
       209, 255, 114, 174, 103, 251, 242, 219, 219, 69, 127, 210, 127,
       110, 115, 252, 115, 252, 230, 169, 95, 95, 252, 43, 254, 189, 13,
       95, 127, 75, 27, 222, 213, 253, 98, 204, 99, 251, 184, 251, 217,
       101, 191, 98, 247, 206, 83, 221, 126, 123, 231, 52, 95, 107, 112,
       124, 232, 247, 246, 223, 95, 145, 97, 126, 252, 95, 238, 233, 180,
       101, 142, 246, 233, 163, 128, 45, 171, 113, 241, 220, 113, 188,
       230, 170, 79, 95, 152, 35, 254, 181, 13, 95, 95, 75, 91, 212, 245,
       125, 106, 72, 67, 251, 40, 251, 201, 101, 189, 32, 243, 14, 83,
       34, 205, 98, 159, 214, 131, 190, 239, 94, 1, 120, 135, 104, 236,
       53, 64, 127, 107, 147, 215, 242, 186, 14, 255, 60, 44, 142, 200,
       213, 94, 241, 216, 221, 156, 189, 247, 172, 44, 117, 159, 190,
       187, 182, 120, 255, 247, 72, 123, 199, 87, 125, 0, 179, 77, 251,
       35, 203, 251, 119, 220, 130, 224, 129, 43, 216, 188, 189, 246,
       169, 237, 93, 255, 179, 251, 180, 24, 191, 247, 64, 59, 133, 247,
       125, 24, 59, 111, 250, 51, 219, 251, 119, 248, 234, 192, 135, 123,
       253, 188, 253, 126, 141, 253, 85, 159, 255, 251, 164, 28, 255,
       255, 65, 59, 133, 247, 125, 24, 187, 111, 251, 179, 219, 251, 117,
       124, 218, 248, 194, 123, 13, 159, 189, 231, 176, 46, 111, 190,
       116, 234, 126, 100, 213, 119, 153, 96, 55, 94, 62, 110, 225, 240,
       121, 110, 236, 175, 103, 132, 8, 243, 129, 241, 46, 180, 121, 251,
       253, 253, 219, 219, 95, 125, 253, 26, 219, 221, 126, 40, 223, 155,
       151, 186, 186, 34, 123, 247, 79, 223, 179, 255, 215, 203, 244,
       243, 2, 205, 66, 159, 246, 130, 190, 231, 191, 3, 90, 146, 44,
       238, 48, 64, 255, 251, 151, 129, 114, 156, 2, 255, 188, 54, 158,
       194, 21, 80, 177, 153, 220, 117, 188, 166, 168, 79, 95, 188, 36,
       254, 191, 9, 255, 127, 75, 83, 150, 215, 125, 98, 72, 67, 251, 40,
       251, 201, 101, 189, 32, 243, 140, 83, 124, 119, 188, 230, 169, 95,
       87, 248, 43, 254, 189, 13, 223, 127, 75, 51, 214, 213, 253, 98,
       204, 99, 249, 184, 251, 217, 101, 191, 98, 247, 198, 115, 38, 229,
       246, 239, 252, 11, 254, 236, 127, 160, 251, 10, 207, 234, 61, 80,
       254, 207, 127, 227, 200, 179, 203, 254, 190, 254, 143, 188, 21,
       251, 243, 129, 38, 237, 242, 207, 252, 43, 238, 236, 63, 168, 251,
       10, 236, 234, 21, 80, 255, 239, 127, 227, 200, 243, 203, 255, 190,
       190, 143, 172, 213, 251, 242, 128, 252, 117, 188, 231, 168, 79,
       95, 184, 33, 238, 189, 9, 255, 119, 75, 19, 212, 213, 125, 106,
       72, 67, 249, 40, 243, 201, 101, 185, 32, 243, 14, 115, 118, 253,
       150, 254, 221, 79, 87, 236, 191, 166, 248, 11, 110, 250, 47, 80,
       249, 255, 255, 227, 108, 99, 219, 255, 253, 254, 207, 27, 81, 123,
       230, 138, 252, 112, 252, 99, 41, 79, 87, 152, 51, 254, 165, 9,
       223, 95, 75, 26, 221, 213, 253, 114, 104, 118, 249, 18, 247, 219,
       101, 53, 242, 243, 78, 115, 250, 180, 182, 250, 237, 253, 217, 75,
       191, 95, 181, 25, 238, 252, 126, 255, 221, 147, 255, 17, 62, 111,
       250, 211, 155, 219, 218, 251, 210, 76, 254, 247, 157, 118, 123,
       239, 52, 79, 235, 248, 124, 72, 246, 254, 255, 95, 153, 97, 126,
       253, 95, 238, 233, 182, 253, 255, 247, 233, 163, 128, 111, 185,
       97, 241, 157, 22, 127, 245, 52, 110, 105, 58, 124, 202, 247, 118,
       223, 95, 153, 105, 127, 189, 95, 171, 233, 244, 117, 142, 199,
       235, 235, 128, 44, 233, 65, 113, 122, 244, 182, 186, 173, 253, 84,
       79, 191, 31, 165, 25, 111, 253, 110, 155, 201, 179, 239, 16, 46,
       107, 218, 147, 219, 223, 84, 123, 210, 94, 206, 94, 157, 159, 252,
       247, 180, 42, 127, 190, 126, 238, 126, 244, 255, 111, 154, 112,
       119, 110, 63, 46, 249, 244, 109, 47, 238, 239, 39, 132, 172, 243,
       193, 241, 141, 174, 237, 255, 244, 62, 239, 254, 127, 235, 254,
       214, 253, 235, 154, 233, 127, 110, 62, 191, 245, 252, 255, 255,
       238, 255, 255, 132, 236, 248, 209, 241, 77, 254, 189, 247, 172,
       60, 125, 150, 255, 251, 182, 84, 255, 127, 74, 123, 135, 87, 253,
       30, 179, 109, 251, 99, 207, 251, 118, 212, 202, 209, 203, 123, 77,
       216, 189, 247, 168, 46, 125, 151, 191, 251, 182, 116, 223, 63,
       130, 123, 135, 87, 127, 28, 177, 236, 243, 96, 239, 251, 118, 212,
       138, 209, 195, 121, 38, 237, 98, 206, 212, 147, 238, 248, 87, 192,
       253, 2, 104, 233, 189, 32, 121, 232, 23, 235, 200, 178, 44, 255,
       62, 12, 135, 172, 119, 191, 114, 132, 118, 109, 114, 238, 126, 11,
       238, 252, 127, 160, 251, 10, 79, 235, 61, 80, 122, 237, 127, 227,
       200, 179, 201, 254, 182, 252, 143, 140, 103, 187, 114, 128, 124,
       117, 124, 231, 168, 79, 95, 188, 33, 238, 190, 8, 215, 119, 75,
       51, 22, 212, 125, 106, 72, 194, 249, 44, 231, 233, 101, 181, 32,
       243, 70, 115, 2, 205, 2, 159, 214, 162, 190, 230, 188, 2, 90, 130,
       108, 238, 48, 64, 127, 235, 19, 193, 98, 154, 10, 255, 60, 38,
       158, 128, 149, 83, 177, 137, 118, 100, 246, 239, 126, 11, 254,
       232, 125, 162, 251, 10, 207, 234, 61, 81, 254, 221, 127, 227, 232,
       243, 201, 238, 182, 254, 207, 148, 101, 255, 99, 129, 54, 229,
       242, 239, 252, 11, 254, 236, 63, 160, 251, 138, 239, 238, 61, 80,
       127, 223, 127, 227, 200, 179, 201, 255, 190, 254, 143, 188, 245,
       255, 243, 129, 118, 229, 242, 239, 221, 15, 238, 236, 63, 160,
       251, 10, 239, 239, 28, 80, 255, 207, 127, 227, 216, 243, 219, 255,
       191, 254, 143, 60, 231, 255, 243, 128, 118, 229, 246, 239, 221,
       111, 254, 232, 63, 162, 251, 10, 206, 250, 29, 80, 249, 207, 127,
       243, 56, 243, 219, 254, 191, 254, 207, 62, 193, 127, 243, 130,
       149, 190, 255, 183, 190, 107, 255, 255, 190, 255, 214, 247, 223,
       238, 147, 107, 127, 247, 127, 151, 181, 253, 239, 254, 252, 243,
       255, 212, 173, 248, 181, 249, 248, 188, 191, 250, 169, 237, 85,
       223, 191, 251, 180, 24, 191, 255, 64, 123, 133, 247, 125, 24, 59,
       79, 250, 51, 219, 251, 117, 120, 226, 208, 198, 123, 220, 156,
       159, 247, 168, 172, 93, 159, 190, 187, 178, 112, 255, 119, 128,
       91, 167, 247, 125, 24, 59, 77, 235, 35, 203, 251, 119, 208, 128,
       192, 131, 43, 253, 188, 189, 114, 173, 173, 85, 159, 251, 251,
       180, 88, 255, 251, 64, 59, 133, 247, 124, 24, 59, 111, 250, 51,
       219, 219, 117, 124, 194, 208, 195, 43, 2, 205, 2, 159, 148, 131,
       174, 231, 22, 1, 88, 2, 104, 234, 48, 64, 121, 107, 19, 193, 114,
       152, 8, 255, 40, 38, 142, 200, 20, 90, 177, 136, 205, 188, 189,
       119, 172, 252, 121, 144, 251, 255, 183, 28, 255, 255, 75, 59, 135,
       119, 253, 30, 191, 109, 251, 99, 207, 251, 117, 252, 202, 225, 67,
       115, 127, 236, 146, 142, 221, 95, 254, 232, 127, 162, 251, 11,
       110, 250, 47, 244, 249, 237, 254, 227, 108, 227, 219, 238, 191,
       246, 207, 31, 75, 127, 107, 134, 120, 176, 180, 250, 173, 221, 84,
       93, 191, 31, 173, 25, 111, 253, 78, 154, 217, 147, 253, 16, 94,
       99, 219, 145, 219, 223, 85, 127, 242, 78, 206, 82, 189, 205, 65,
       218, 148, 163, 207, 252, 84, 66, 89, 214, 113, 99, 185, 228, 89,
       226, 22, 238, 251, 0, 45, 191, 32, 14, 175, 196, 191, 251, 240,
       160, 141, 188, 253, 247, 244, 62, 109, 191, 127, 251, 246, 118,
       255, 251, 153, 105, 127, 238, 126, 156, 179, 252, 255, 255, 238,
       255, 247, 196, 252, 248, 225, 185, 220, 125, 188, 230, 168, 78,
       95, 184, 35, 254, 175, 9, 223, 119, 75, 83, 150, 215, 253, 106,
