%YAML:1.0
---
descriptors: !!opencv-matrix
   rows: 256
   cols: 32
   dt: u
   data: [ 236, 112, 189, 97, 45, 111, 83, 152, 107, 254, 165, 24, 214,
       85, 73, 59, 153, 84, 124, 122, 169, 100, 249, 0, 199, 219, 101,
       52, 194, 251, 70, 115, 197, 95, 157, 119, 164, 46, 103, 190, 60,
       250, 122, 80, 215, 115, 137, 123, 181, 70, 108, 110, 241, 240,
       217, 46, 165, 170, 103, 4, 72, 243, 131, 49, 120, 173, 251, 112,
       152, 201, 81, 247, 179, 21, 172, 56, 55, 183, 66, 50, 129, 178,
       109, 16, 26, 107, 226, 19, 219, 199, 52, 121, 226, 128, 198, 106,
       237, 116, 157, 103, 173, 111, 71, 152, 122, 250, 167, 24, 215,
       119, 73, 59, 145, 84, 124, 122, 57, 212, 249, 34, 207, 251, 101,
       52, 200, 115, 198, 114, 236, 116, 189, 103, 169, 111, 71, 184, 58,
       250, 163, 24, 215, 119, 73, 123, 145, 84, 120, 106, 105, 84, 249,
       30, 237, 251, 69, 52, 64, 115, 198, 114, 69, 113, 49, 69, 112, 78,
       103, 184, 104, 232, 106, 72, 214, 87, 9, 48, 144, 84, 80, 106,
       193, 240, 249, 12, 229, 184, 5, 4, 72, 51, 67, 35, 108, 100, 185,
       103, 173, 111, 71, 140, 112, 238, 174, 8, 215, 117, 9, 50, 153,
       94, 120, 106, 105, 240, 249, 42, 229, 255, 69, 20, 192, 123, 86,
       114, 236, 228, 156, 114, 137, 109, 87, 200, 179, 23, 173, 25, 210,
       247, 74, 27, 153, 210, 233, 114, 58, 99, 250, 51, 235, 223, 85,
       127, 208, 115, 206, 98, 121, 186, 158, 56, 168, 253, 81, 87, 163,
       93, 180, 189, 63, 215, 66, 27, 167, 179, 253, 20, 30, 79, 162, 49,
       219, 193, 113, 249, 226, 132, 142, 91, 248, 186, 127, 112, 40,
       232, 81, 87, 162, 29, 164, 56, 55, 151, 64, 27, 33, 182, 109, 24,
       27, 79, 178, 17, 209, 161, 112, 121, 224, 128, 198, 123, 240, 164,
       253, 116, 136, 108, 69, 191, 178, 191, 165, 24, 83, 119, 72, 27,
       1, 214, 108, 40, 56, 79, 251, 0, 217, 202, 117, 60, 224, 224, 198,
       106, 66, 161, 146, 224, 153, 196, 21, 239, 171, 21, 8, 9, 140,
       246, 72, 86, 145, 91, 233, 48, 82, 75, 186, 209, 185, 212, 31,
       111, 128, 6, 167, 110, 76, 41, 153, 178, 153, 228, 83, 136, 171,
       140, 13, 9, 254, 247, 73, 26, 145, 123, 233, 18, 18, 67, 154, 34,
       203, 213, 13, 127, 128, 99, 7, 114, 104, 88, 209, 94, 105, 76, 71,
       60, 131, 134, 229, 8, 118, 247, 129, 127, 80, 244, 104, 106, 73,
       71, 250, 41, 115, 178, 68, 58, 114, 186, 70, 120, 100, 180, 149,
       243, 141, 45, 69, 175, 255, 59, 161, 88, 214, 113, 72, 63, 129,
       146, 108, 16, 59, 103, 219, 51, 137, 210, 85, 126, 208, 72, 198,
       34, 85, 5, 93, 103, 184, 106, 87, 189, 228, 160, 170, 72, 215,
       115, 9, 115, 2, 214, 124, 106, 121, 169, 89, 45, 235, 171, 101,
       84, 96, 243, 192, 32, 196, 69, 125, 103, 170, 74, 79, 172, 112,
       178, 166, 8, 215, 119, 9, 115, 18, 212, 104, 106, 104, 229, 89,
       46, 225, 171, 69, 20, 96, 243, 196, 32, 224, 204, 157, 254, 232,
       237, 5, 174, 154, 51, 160, 24, 182, 179, 65, 123, 129, 83, 104,
       72, 34, 111, 211, 113, 221, 178, 84, 59, 208, 88, 199, 42, 244,
       117, 189, 102, 143, 95, 87, 168, 83, 182, 165, 40, 82, 117, 73,
       59, 25, 212, 104, 98, 104, 103, 251, 8, 251, 131, 69, 63, 97, 123,
       70, 34, 69, 117, 17, 71, 49, 110, 119, 184, 121, 224, 107, 8, 222,
       115, 9, 52, 146, 93, 120, 106, 33, 240, 249, 78, 229, 190, 5, 6,
       74, 115, 67, 51, 124, 99, 72, 39, 32, 11, 118, 104, 32, 172, 123,
       169, 79, 35, 11, 144, 178, 68, 228, 102, 76, 240, 201, 12, 230,
       225, 37, 21, 98, 183, 74, 130, 109, 101, 113, 103, 117, 31, 118,
       184, 121, 168, 123, 73, 203, 121, 157, 176, 150, 76, 85, 111, 196,
       240, 201, 142, 103, 253, 5, 22, 66, 183, 82, 135, 76, 101, 124,
       101, 178, 10, 63, 184, 57, 228, 47, 169, 223, 55, 139, 18, 22, 85,
       253, 110, 96, 208, 233, 78, 231, 255, 37, 132, 98, 243, 7, 113,
       252, 175, 254, 114, 136, 169, 85, 199, 178, 55, 164, 153, 55, 231,
       64, 27, 33, 242, 109, 24, 58, 79, 138, 51, 219, 195, 117, 121,
       224, 208, 134, 106, 5, 113, 113, 71, 80, 95, 103, 56, 97, 224,
       111, 72, 210, 80, 133, 52, 16, 124, 64, 106, 193, 176, 245, 12,
       39, 188, 1, 0, 75, 179, 66, 180, 38, 21, 146, 190, 249, 197, 22,
       224, 157, 140, 233, 9, 230, 242, 45, 148, 216, 233, 234, 66, 88,
       35, 90, 46, 185, 182, 5, 59, 88, 123, 46, 134, 137, 142, 207, 123,
       180, 170, 97, 151, 118, 83, 110, 244, 243, 97, 144, 121, 19, 46,
       44, 28, 187, 252, 109, 63, 204, 235, 116, 64, 236, 192, 208, 40,
       40, 253, 24, 121, 89, 221, 20, 174, 159, 61, 40, 9, 174, 27, 64,
       144, 129, 91, 195, 64, 86, 104, 82, 55, 239, 213, 20, 59, 82, 28,
       206, 138, 108, 225, 185, 111, 169, 77, 71, 136, 83, 176, 165, 8,
       210, 85, 73, 48, 217, 92, 96, 106, 75, 98, 251, 17, 239, 217, 5,
       62, 80, 59, 70, 34, 240, 180, 189, 112, 136, 236, 69, 159, 178,
       55, 160, 24, 183, 55, 72, 59, 1, 214, 108, 24, 58, 111, 242, 35,
       217, 163, 117, 120, 224, 64, 198, 98, 197, 221, 157, 103, 168, 78,
       103, 184, 120, 250, 162, 68, 215, 115, 9, 115, 149, 84, 124, 106,
       97, 228, 249, 42, 229, 239, 101, 20, 136, 243, 67, 49, 120, 189,
       122, 112, 217, 233, 81, 103, 179, 21, 172, 56, 55, 183, 64, 50,
       129, 178, 109, 16, 26, 107, 226, 21, 219, 197, 16, 123, 226, 128,
       198, 106, 205, 117, 157, 103, 168, 110, 71, 152, 122, 250, 167, 8,
       215, 119, 73, 59, 145, 84, 124, 122, 113, 100, 249, 34, 239, 251,
       101, 52, 192, 115, 71, 51, 236, 117, 189, 103, 169, 111, 71, 185,
       122, 234, 43, 24, 215, 119, 73, 59, 145, 84, 124, 42, 105, 116,
       249, 30, 237, 255, 69, 52, 192, 114, 199, 34, 236, 164, 189, 99,
       137, 109, 87, 136, 123, 183, 165, 24, 214, 117, 73, 59, 145, 86,
       104, 122, 58, 98, 251, 51, 239, 219, 69, 127, 192, 123, 198, 98,
       108, 125, 185, 103, 141, 111, 71, 168, 121, 234, 46, 8, 214, 117,
       9, 50, 145, 94, 120, 106, 105, 240, 249, 42, 237, 223, 69, 52,
       192, 123, 70, 98, 69, 85, 149, 103, 160, 14, 103, 184, 96, 170,
       107, 76, 215, 115, 137, 115, 20, 68, 124, 106, 225, 208, 217, 12,
       165, 190, 101, 4, 8, 243, 2, 33, 220, 48, 191, 118, 169, 108, 81,
       16, 227, 251, 167, 24, 222, 183, 73, 123, 129, 212, 108, 24, 57,
       69, 187, 0, 219, 243, 117, 92, 130, 225, 6, 51, 124, 229, 188,
       106, 221, 77, 87, 232, 83, 182, 173, 8, 115, 249, 75, 18, 217,
       210, 105, 122, 106, 99, 251, 59, 251, 207, 5, 61, 83, 123, 70, 34,
       236, 229, 61, 103, 173, 79, 71, 172, 115, 238, 167, 8, 210, 117,
       9, 48, 217, 212, 120, 106, 105, 242, 249, 14, 239, 219, 69, 116,
       82, 123, 214, 98, 114, 186, 255, 80, 168, 236, 81, 87, 235, 27,
       176, 120, 50, 190, 196, 59, 167, 183, 108, 0, 155, 111, 242, 97,
       219, 154, 112, 250, 201, 64, 198, 63, 249, 170, 182, 184, 235,
       173, 88, 87, 163, 57, 160, 217, 63, 223, 64, 59, 167, 179, 253,
       20, 158, 79, 130, 145, 219, 249, 120, 249, 162, 132, 131, 11, 248,
       184, 190, 112, 42, 233, 81, 87, 162, 95, 164, 189, 55, 151, 66,
       27, 163, 179, 237, 16, 58, 79, 178, 17, 211, 195, 112, 121, 224,
       192, 6, 123, 124, 168, 220, 120, 137, 233, 80, 207, 147, 183, 164,
       25, 2, 233, 73, 27, 137, 210, 237, 16, 30, 111, 218, 48, 219, 211,
       85, 127, 243, 200, 202, 2, 77, 174, 192, 35, 240, 56, 103, 191,
       114, 247, 78, 228, 203, 227, 202, 244, 51, 78, 172, 28, 154, 92,
       237, 51, 238, 199, 55, 101, 174, 198, 218, 233, 189, 203, 78, 92,
       172, 27, 68, 189, 85, 198, 230, 148, 67, 65, 179, 125, 80, 228,
       44, 110, 108, 245, 47, 60, 162, 251, 69, 21, 122, 188, 248, 68,
       213, 78, 204, 71, 148, 62, 70, 154, 113, 171, 174, 86, 67, 96,
       151, 254, 113, 196, 108, 190, 172, 229, 237, 42, 178, 239, 165,
       21, 235, 243, 120, 4, 221, 46, 150, 48, 168, 60, 72, 131, 251,
       187, 162, 93, 207, 162, 195, 219, 167, 71, 108, 29, 188, 69, 139,
       0, 152, 243, 119, 124, 136, 245, 139, 5, 116, 133, 93, 108, 136,
       74, 71, 173, 224, 180, 170, 8, 87, 115, 8, 115, 34, 214, 108, 106,
