%YAML:1.0
---
descriptors: !!opencv-matrix
   rows: 252
   cols: 32
   dt: u
   data: [ 117, 87, 77, 103, 180, 14, 79, 184, 112, 234, 255, 236, 211,
       97, 153, 112, 20, 196, 108, 110, 233, 176, 109, 46, 232, 175, 37,
       148, 104, 243, 82, 97, 120, 176, 253, 116, 168, 252, 81, 151, 162,
       95, 164, 24, 59, 247, 194, 59, 1, 246, 253, 8, 59, 79, 242, 33,
       219, 235, 117, 121, 226, 192, 198, 122, 253, 113, 253, 103, 44,
       78, 87, 152, 105, 250, 183, 8, 219, 85, 205, 59, 150, 212, 124,
       106, 233, 100, 249, 40, 231, 217, 101, 52, 99, 243, 71, 115, 172,
       48, 189, 99, 173, 125, 81, 152, 91, 255, 181, 24, 222, 93, 75, 59,
       153, 16, 255, 58, 51, 102, 251, 16, 207, 219, 81, 127, 194, 105,
       70, 115, 84, 149, 127, 239, 180, 110, 79, 189, 52, 232, 255, 96,
       215, 119, 137, 112, 54, 247, 125, 106, 121, 144, 121, 63, 233,
       239, 37, 148, 32, 242, 132, 113, 232, 180, 188, 251, 189, 253, 81,
       47, 255, 63, 173, 24, 190, 189, 72, 27, 137, 18, 255, 16, 58, 106,
       122, 147, 207, 223, 80, 127, 210, 72, 198, 42, 212, 12, 94, 230,
       154, 106, 79, 174, 164, 166, 174, 17, 247, 99, 1, 83, 35, 215,
       109, 170, 120, 197, 73, 46, 249, 227, 101, 21, 32, 241, 196, 10,
       192, 156, 157, 254, 136, 236, 21, 167, 150, 23, 96, 24, 182, 247,
       96, 91, 193, 122, 105, 16, 50, 78, 218, 51, 205, 163, 117, 120,
       144, 72, 133, 42, 238, 172, 214, 255, 252, 175, 254, 255, 191,
       187, 250, 18, 239, 235, 125, 73, 255, 255, 127, 147, 58, 239, 203,
       251, 190, 254, 223, 188, 215, 249, 227, 137, 118, 173, 59, 126,
       201, 196, 199, 224, 249, 128, 232, 8, 82, 255, 60, 48, 216, 253,
       115, 195, 72, 227, 186, 110, 185, 190, 135, 26, 65, 115, 102, 162,
       21, 237, 27, 227, 148, 79, 103, 232, 118, 176, 106, 0, 211, 241,
       105, 96, 57, 76, 50, 122, 107, 240, 57, 63, 237, 142, 5, 100, 16,
       187, 80, 160, 92, 112, 156, 231, 44, 14, 126, 184, 172, 186, 183,
       32, 223, 127, 89, 75, 254, 213, 127, 227, 72, 197, 203, 168, 231,
       251, 239, 148, 164, 243, 33, 19, 84, 165, 185, 114, 155, 232, 17,
       202, 226, 149, 173, 24, 31, 247, 72, 58, 161, 223, 232, 16, 26,
       107, 186, 96, 219, 197, 21, 125, 224, 65, 167, 34, 101, 71, 29,
       103, 180, 14, 103, 184, 96, 234, 43, 76, 211, 97, 153, 50, 148,
       68, 76, 110, 233, 176, 249, 14, 228, 175, 101, 20, 72, 243, 66,
       33, 216, 176, 188, 248, 41, 237, 89, 31, 187, 59, 180, 24, 191,
       191, 72, 123, 135, 151, 253, 24, 186, 79, 243, 17, 219, 251, 114,
       249, 194, 128, 199, 123, 232, 188, 188, 248, 173, 253, 81, 215,
       251, 59, 180, 24, 191, 189, 64, 59, 197, 183, 253, 24, 186, 111,
       242, 147, 219, 251, 84, 123, 210, 200, 194, 11, 234, 188, 188,
       248, 173, 253, 92, 215, 223, 187, 180, 24, 187, 249, 84, 27, 205,
       246, 255, 24, 186, 111, 242, 179, 223, 219, 213, 122, 210, 220,
       210, 11, 229, 79, 77, 103, 180, 10, 111, 184, 112, 170, 122, 236,
       243, 97, 145, 112, 16, 230, 108, 110, 233, 180, 77, 46, 236, 175,
       37, 144, 72, 243, 82, 41, 225, 231, 157, 101, 36, 14, 103, 184,
       104, 170, 58, 76, 211, 33, 152, 51, 148, 68, 108, 110, 225, 240,
       201, 10, 228, 186, 101, 20, 72, 243, 82, 33, 248, 48, 255, 114,
       42, 237, 65, 82, 162, 191, 165, 56, 55, 247, 72, 27, 35, 246, 108,
       24, 58, 71, 186, 0, 217, 203, 117, 56, 224, 192, 70, 99, 197, 244,
       157, 83, 172, 111, 167, 152, 122, 243, 11, 92, 214, 112, 217, 43,
       17, 76, 120, 126, 243, 116, 249, 50, 237, 143, 101, 116, 200, 123,
       211, 48, 244, 172, 253, 114, 168, 109, 65, 154, 179, 183, 164, 24,
       83, 247, 65, 27, 35, 214, 109, 24, 58, 79, 186, 34, 219, 203, 117,
       124, 224, 240, 198, 98, 212, 170, 253, 112, 138, 233, 17, 167,
       178, 183, 164, 184, 23, 183, 64, 27, 35, 247, 237, 16, 58, 79,
       170, 34, 217, 195, 117, 125, 224, 0, 135, 106, 244, 180, 248, 114,
       136, 109, 85, 223, 178, 183, 173, 24, 23, 247, 72, 27, 1, 222,
       109, 24, 58, 71, 250, 2, 217, 131, 117, 125, 224, 192, 134, 98,
       248, 174, 190, 120, 138, 233, 81, 71, 178, 23, 164, 185, 55, 135,
       64, 27, 35, 179, 237, 144, 58, 79, 162, 51, 217, 195, 116, 121,
       160, 192, 134, 107, 210, 236, 148, 186, 137, 253, 20, 174, 187,
       54, 128, 25, 238, 242, 65, 155, 129, 243, 236, 3, 110, 79, 218,
       51, 153, 210, 93, 59, 144, 84, 143, 14, 45, 113, 17, 101, 49, 95,
       115, 56, 105, 232, 47, 8, 222, 16, 65, 48, 144, 92, 80, 122, 65,
       176, 217, 14, 231, 221, 5, 6, 74, 51, 75, 182, 69, 113, 153, 71,
       65, 78, 55, 32, 104, 200, 107, 8, 222, 22, 73, 50, 144, 85, 120,
       106, 65, 240, 177, 72, 101, 184, 4, 2, 72, 51, 67, 34, 244, 10,
       204, 180, 138, 32, 85, 159, 162, 183, 134, 185, 87, 167, 67, 91,
       67, 214, 109, 130, 56, 71, 203, 32, 217, 227, 245, 189, 160, 241,
       134, 106, 228, 94, 158, 254, 41, 108, 82, 136, 146, 158, 161, 41,
       230, 243, 105, 91, 209, 116, 232, 98, 40, 71, 218, 42, 209, 243,
       65, 59, 144, 123, 6, 3, 248, 188, 220, 114, 168, 173, 85, 223,
       179, 191, 164, 29, 55, 243, 74, 27, 1, 243, 237, 24, 58, 79, 218,
       51, 219, 203, 117, 121, 232, 192, 206, 11, 252, 191, 247, 118,
       171, 232, 85, 254, 179, 191, 172, 56, 107, 247, 72, 190, 39, 214,
       236, 8, 58, 79, 170, 99, 251, 219, 85, 123, 226, 209, 134, 99,
       205, 53, 145, 71, 241, 127, 118, 184, 121, 234, 43, 8, 222, 112,
       77, 183, 145, 92, 96, 122, 53, 240, 249, 14, 47, 222, 69, 38, 202,
       115, 203, 167, 141, 213, 27, 103, 176, 14, 111, 188, 116, 200,
       126, 100, 247, 119, 137, 112, 54, 92, 60, 110, 225, 144, 121, 46,
       228, 239, 39, 132, 40, 179, 129, 49, 93, 85, 125, 103, 52, 78, 79,
       184, 96, 234, 255, 100, 211, 119, 137, 112, 54, 212, 124, 106,
       233, 144, 121, 46, 227, 239, 37, 148, 104, 243, 66, 49, 253, 113,
       253, 103, 160, 78, 87, 184, 97, 232, 167, 72, 223, 117, 201, 51,
       22, 212, 124, 106, 201, 224, 249, 40, 231, 249, 101, 20, 104, 243,
       66, 113, 93, 221, 125, 103, 176, 78, 79, 184, 97, 232, 255, 64,
       119, 119, 137, 114, 86, 244, 92, 106, 233, 144, 121, 46, 227, 239,
       101, 148, 104, 243, 64, 49, 252, 188, 253, 118, 169, 109, 85, 190,
       179, 190, 164, 24, 91, 247, 73, 27, 1, 214, 237, 10, 120, 71, 250,
       32, 219, 203, 117, 60, 227, 241, 198, 107, 224, 180, 157, 250,
       200, 237, 5, 207, 158, 59, 160, 24, 182, 243, 72, 91, 129, 18,
       106, 16, 51, 111, 218, 51, 221, 130, 117, 124, 216, 72, 135, 34,
       93, 213, 125, 231, 176, 78, 79, 184, 36, 232, 255, 96, 247, 119,
       137, 112, 54, 214, 92, 106, 233, 144, 121, 46, 227, 239, 37, 148,
       32, 243, 196, 113, 236, 48, 189, 99, 173, 111, 81, 152, 91, 255,
       53, 24, 223, 93, 73, 59, 153, 84, 124, 58, 59, 102, 251, 18, 207,
       219, 113, 125, 194, 123, 70, 114, 20, 148, 185, 239, 180, 110,
       111, 184, 54, 170, 223, 112, 247, 119, 137, 80, 119, 222, 29, 58,
       57, 144, 105, 63, 233, 239, 39, 148, 160, 243, 133, 33, 237, 112,
       189, 103, 44, 78, 87, 152, 113, 254, 167, 24, 215, 87, 73, 59,
       148, 212, 124, 122, 105, 103, 249, 32, 195, 219, 101, 52, 224,
       243, 70, 51, 104, 180, 189, 123, 189, 253, 81, 31, 127, 63, 173,
       24, 222, 125, 72, 59, 153, 18, 253, 16, 58, 104, 251, 147, 207,
       219, 80, 127, 210, 72, 198, 50, 108, 180, 149, 97, 141, 109, 84,
       157, 123, 59, 169, 88, 222, 57, 72, 186, 145, 22, 108, 48, 27,
       112, 217, 147, 207, 219, 85, 119, 210, 74, 194, 2, 232, 252, 189,
       254, 157, 205, 85, 39, 219, 31, 172, 24, 190, 189, 100, 50, 201,
       178, 249, 0, 122, 111, 242, 179, 235, 255, 84, 59, 82, 88, 214,
       42, 69, 241, 145, 67, 29, 14, 102, 184, 106, 184, 43, 76, 214,
       112, 89, 50, 145, 68, 104, 126, 195, 112, 217, 61, 173, 188, 37,
       100, 72, 51, 67, 33, 217, 56, 189, 112, 137, 252, 81, 22, 227,
       247, 164, 24, 63, 149, 67, 59, 129, 182, 120, 24, 42, 109, 178,
       32, 219, 235, 84, 123, 226, 80, 70, 106, 92, 105, 126, 167, 44,
