%YAML:1.0
---
descriptors: !!opencv-matrix
   rows: 367
   cols: 32
   dt: u
   data: [ 220, 76, 253, 247, 44, 42, 79, 152, 244, 186, 182, 80, 255,
       99, 153, 123, 103, 229, 125, 106, 169, 229, 235, 170, 194, 235,
       227, 148, 228, 251, 65, 41, 220, 180, 189, 240, 168, 110, 93, 31,
       187, 251, 151, 124, 223, 63, 72, 123, 183, 151, 253, 48, 251, 77,
       243, 128, 251, 219, 127, 246, 128, 192, 135, 115, 120, 253, 183,
       252, 157, 221, 86, 230, 223, 149, 236, 8, 174, 253, 102, 22, 201,
       243, 251, 64, 88, 107, 242, 189, 251, 255, 215, 59, 210, 124, 246,
       106, 150, 188, 246, 191, 254, 43, 252, 207, 191, 187, 242, 50,
       238, 250, 53, 88, 255, 239, 127, 19, 178, 255, 139, 255, 188, 186,
       95, 246, 133, 125, 243, 139, 40, 189, 188, 254, 157, 253, 85, 207,
       215, 23, 172, 24, 170, 255, 98, 50, 201, 179, 233, 16, 58, 107,
       242, 179, 235, 223, 84, 123, 210, 72, 198, 106, 166, 188, 246,
       255, 236, 175, 252, 223, 63, 59, 242, 179, 236, 255, 60, 91, 255,
       223, 255, 21, 186, 253, 203, 247, 159, 254, 223, 230, 215, 220,
       226, 147, 22, 237, 222, 191, 238, 139, 254, 222, 191, 178, 250,
       138, 255, 235, 113, 82, 127, 239, 127, 195, 122, 251, 139, 255,
       254, 191, 255, 220, 133, 248, 241, 136, 85, 84, 29, 229, 56, 14,
       79, 184, 36, 234, 159, 100, 215, 119, 137, 114, 22, 212, 125, 110,
       169, 144, 249, 14, 233, 239, 37, 148, 32, 227, 0, 113, 232, 113,
       189, 103, 32, 78, 87, 49, 33, 234, 39, 8, 215, 87, 73, 59, 148,
       84, 125, 106, 105, 228, 241, 8, 231, 249, 101, 48, 64, 242, 198,
       115, 5, 85, 57, 103, 176, 78, 111, 184, 124, 232, 127, 100, 215,
       87, 137, 112, 214, 92, 60, 106, 225, 144, 121, 78, 229, 255, 39,
       132, 8, 179, 97, 49, 196, 60, 189, 115, 168, 110, 87, 155, 115,
       251, 169, 88, 215, 119, 73, 59, 145, 222, 124, 58, 57, 102, 251,
       50, 221, 247, 101, 54, 232, 113, 134, 114, 197, 212, 157, 119,
       168, 46, 102, 188, 56, 250, 163, 80, 215, 115, 9, 123, 181, 70,
       108, 110, 225, 229, 219, 42, 205, 175, 101, 20, 200, 113, 67, 49,
       108, 125, 61, 103, 137, 79, 71, 172, 114, 250, 172, 8, 215, 113,
       73, 51, 145, 86, 120, 106, 105, 112, 251, 63, 237, 251, 69, 52,
       64, 123, 198, 98, 108, 125, 61, 111, 141, 79, 71, 168, 120, 234,
       233, 8, 215, 117, 9, 48, 152, 212, 124, 106, 105, 176, 249, 42,
       229, 251, 69, 52, 64, 123, 70, 98, 236, 228, 156, 122, 205, 77,
       87, 168, 243, 191, 165, 24, 86, 241, 74, 59, 153, 210, 233, 82,
       122, 103, 218, 51, 251, 211, 69, 127, 208, 123, 206, 98, 120, 181,
       191, 112, 153, 233, 81, 103, 187, 21, 172, 24, 54, 183, 64, 50,
       129, 58, 104, 24, 27, 107, 242, 7, 219, 223, 16, 123, 194, 64,
       198, 106, 100, 68, 60, 103, 149, 79, 71, 184, 117, 162, 231, 8,
       211, 117, 27, 48, 88, 212, 120, 106, 8, 178, 249, 12, 207, 191,
       69, 53, 192, 251, 86, 34, 108, 37, 249, 103, 213, 94, 95, 184, 85,
       160, 239, 8, 219, 125, 25, 48, 88, 220, 249, 106, 72, 242, 249,
       138, 111, 255, 5, 21, 227, 250, 94, 98, 68, 113, 49, 101, 112, 78,
       103, 56, 104, 232, 99, 72, 214, 23, 1, 52, 16, 84, 72, 106, 65,
       240, 241, 12, 165, 184, 1, 0, 72, 51, 66, 34, 124, 160, 121, 104,
       12, 77, 81, 152, 67, 180, 165, 8, 23, 81, 72, 50, 9, 144, 68, 48,
       10, 98, 250, 17, 203, 193, 1, 125, 114, 138, 70, 226, 249, 184,
       255, 116, 171, 252, 81, 215, 243, 91, 180, 56, 59, 191, 198, 63,
       163, 246, 236, 24, 191, 111, 182, 51, 219, 219, 84, 123, 235, 192,
       206, 127, 217, 186, 190, 176, 170, 188, 88, 151, 163, 95, 180,
       189, 191, 183, 66, 91, 167, 183, 253, 20, 190, 79, 130, 49, 218,
       227, 124, 249, 162, 196, 142, 91, 226, 168, 221, 88, 232, 173, 80,
       79, 155, 27, 240, 121, 38, 249, 100, 27, 207, 179, 103, 16, 58,
       111, 202, 113, 30, 154, 85, 122, 209, 200, 194, 11, 209, 174, 148,
       50, 169, 173, 68, 199, 251, 27, 176, 93, 174, 226, 80, 159, 165,
       167, 108, 29, 190, 111, 138, 115, 152, 242, 116, 122, 200, 68,
       203, 13, 72, 48, 145, 101, 1, 74, 51, 8, 104, 224, 34, 8, 222, 55,
       73, 182, 144, 84, 96, 98, 1, 240, 241, 8, 5, 248, 5, 23, 64, 51,
       71, 34, 20, 37, 155, 101, 132, 198, 102, 248, 116, 128, 235, 0,
       211, 243, 41, 113, 120, 252, 32, 106, 72, 242, 153, 14, 235, 175,
       7, 4, 96, 243, 96, 162, 117, 69, 93, 101, 26, 78, 71, 184, 228,
       160, 170, 8, 87, 49, 1, 115, 50, 212, 104, 106, 105, 160, 89, 12,
       253, 235, 101, 20, 96, 179, 64, 32, 220, 69, 124, 103, 40, 74, 79,
       168, 113, 162, 167, 8, 215, 115, 9, 115, 50, 212, 108, 106, 104,
       244, 201, 46, 245, 235, 69, 20, 96, 243, 68, 32, 224, 136, 157,
       254, 141, 237, 69, 175, 139, 23, 160, 24, 182, 179, 69, 91, 193,
       115, 104, 16, 114, 111, 210, 113, 221, 178, 84, 59, 208, 89, 71,
       42, 192, 140, 157, 250, 232, 237, 37, 143, 158, 19, 32, 24, 182,
       183, 64, 123, 129, 115, 106, 24, 50, 108, 219, 51, 205, 146, 84,
       120, 144, 88, 135, 42, 69, 7, 157, 71, 160, 46, 110, 184, 124,
       170, 43, 68, 223, 114, 201, 122, 151, 70, 108, 126, 177, 208, 201,
       74, 172, 190, 103, 4, 136, 243, 131, 33, 116, 40, 191, 114, 200,
       100, 225, 203, 178, 183, 228, 26, 80, 247, 97, 59, 233, 223, 115,
       152, 50, 127, 186, 99, 93, 174, 159, 44, 193, 96, 231, 170, 65,
       136, 189, 95, 168, 173, 145, 142, 206, 19, 160, 24, 246, 240, 12,
       107, 133, 51, 106, 8, 18, 109, 91, 49, 193, 186, 81, 122, 208, 72,
       65, 42, 197, 245, 157, 103, 177, 14, 119, 188, 122, 184, 43, 76,
       222, 115, 73, 50, 151, 68, 104, 122, 225, 240, 217, 106, 237, 191,
       101, 70, 72, 115, 67, 33, 112, 205, 125, 111, 150, 79, 71, 188,
       100, 160, 170, 8, 243, 113, 9, 112, 19, 214, 92, 106, 104, 161,
       121, 63, 233, 175, 37, 20, 48, 250, 64, 40, 69, 119, 204, 7, 180,
       15, 230, 184, 126, 224, 27, 100, 211, 120, 219, 34, 51, 68, 124,
       127, 197, 240, 221, 10, 46, 47, 101, 132, 236, 187, 89, 1, 109,
       101, 53, 103, 53, 31, 118, 184, 121, 234, 123, 105, 218, 121, 157,
       180, 182, 68, 124, 110, 228, 240, 233, 174, 231, 255, 37, 22, 66,
       247, 66, 103, 76, 117, 121, 103, 178, 74, 63, 184, 61, 228, 127,
       173, 223, 119, 139, 80, 22, 93, 237, 110, 64, 208, 249, 110, 230,
       255, 37, 134, 66, 179, 7, 113, 88, 188, 189, 118, 168, 108, 85,
       23, 243, 191, 166, 24, 183, 247, 64, 59, 133, 247, 108, 16, 59,
       111, 250, 34, 219, 207, 117, 56, 224, 224, 198, 34, 37, 112, 91,
       69, 80, 78, 103, 56, 96, 232, 103, 8, 82, 19, 133, 48, 16, 92, 64,
       106, 65, 180, 241, 76, 103, 168, 32, 0, 73, 179, 66, 180, 129,
       170, 157, 153, 236, 169, 96, 134, 238, 19, 98, 208, 181, 130, 240,
       75, 67, 34, 106, 28, 51, 92, 199, 115, 76, 130, 114, 104, 152,
       200, 193, 168, 129, 170, 223, 153, 236, 169, 232, 151, 238, 19,
       66, 244, 181, 162, 240, 107, 67, 42, 106, 28, 51, 92, 198, 113,
       76, 130, 118, 104, 152, 192, 193, 168, 193, 174, 143, 155, 236,
       169, 97, 7, 254, 19, 96, 208, 181, 226, 224, 75, 99, 42, 106, 28,
       51, 124, 199, 115, 204, 2, 118, 104, 152, 192, 131, 168, 252, 233,
       182, 252, 157, 205, 86, 230, 223, 144, 160, 8, 174, 253, 37, 19,
       200, 251, 251, 66, 106, 107, 218, 189, 187, 251, 199, 59, 82, 56,
       118, 10, 73, 184, 189, 243, 169, 253, 85, 159, 235, 59, 180, 24,
       190, 63, 64, 59, 133, 83, 253, 24, 179, 73, 251, 241, 219, 219,
       117, 122, 194, 81, 195, 59, 111, 168, 180, 251, 173, 189, 216,
       159, 255, 251, 180, 24, 238, 249, 92, 58, 137, 98, 127, 24, 182,
       111, 250, 177, 207, 219, 85, 122, 210, 88, 211, 15, 194, 172, 182,
       223, 236, 47, 252, 239, 191, 187, 242, 27, 236, 238, 60, 75, 255,
       239, 127, 133, 178, 255, 203, 255, 156, 58, 223, 252, 149, 124,
       243, 153, 134, 188, 214, 191, 254, 171, 252, 207, 191, 179, 242,
       50, 236, 250, 37, 91, 255, 239, 127, 145, 50, 255, 203, 255, 156,
