%YAML:1.0
---
descriptors: !!opencv-matrix
   rows: 232
   cols: 32
   dt: u
   data: [ 213, 84, 157, 117, 136, 110, 69, 186, 244, 242, 162, 88, 215,
       55, 9, 123, 5, 84, 120, 42, 105, 197, 249, 2, 195, 171, 117, 20,
       168, 241, 130, 48, 228, 120, 185, 82, 108, 45, 213, 142, 218, 191,
       48, 29, 178, 156, 85, 58, 141, 66, 99, 87, 130, 110, 250, 114, 77,
       24, 85, 56, 208, 89, 86, 234, 1, 171, 156, 249, 180, 169, 177,
       143, 94, 63, 80, 48, 182, 128, 226, 104, 131, 11, 34, 24, 54, 120,
       99, 55, 204, 143, 54, 109, 144, 72, 133, 137, 193, 186, 157, 89,
       232, 172, 97, 23, 254, 59, 98, 84, 181, 177, 192, 123, 5, 46, 106,
       28, 179, 252, 243, 17, 76, 168, 118, 64, 200, 128, 193, 169, 100,
       125, 57, 103, 241, 15, 119, 184, 104, 172, 46, 12, 214, 115, 9,
       48, 144, 84, 108, 106, 64, 240, 249, 46, 231, 255, 37, 52, 74,
       243, 198, 35, 86, 245, 188, 174, 155, 69, 23, 232, 146, 188, 141,
       9, 102, 255, 75, 18, 145, 213, 233, 115, 110, 67, 154, 63, 249,
       135, 77, 63, 16, 115, 143, 67, 104, 33, 177, 101, 117, 79, 65, 11,
       97, 172, 238, 8, 154, 21, 1, 52, 136, 28, 68, 40, 9, 248, 241, 8,
       199, 252, 17, 54, 66, 40, 70, 170, 101, 79, 85, 103, 164, 14, 70,
       184, 96, 168, 187, 76, 211, 97, 153, 51, 20, 196, 108, 110, 201,
       240, 205, 44, 164, 170, 101, 148, 104, 243, 82, 33, 108, 245, 189,
       103, 189, 79, 119, 188, 123, 250, 47, 8, 215, 113, 73, 18, 145,
       68, 124, 106, 97, 112, 249, 30, 239, 223, 101, 52, 10, 122, 214,
       106, 249, 140, 237, 85, 180, 126, 71, 191, 81, 227, 110, 24, 115,
       125, 148, 55, 25, 230, 116, 44, 185, 252, 253, 46, 111, 239, 245,
       20, 239, 232, 210, 104, 193, 184, 149, 24, 136, 237, 161, 135,
       254, 115, 162, 92, 182, 176, 196, 127, 129, 34, 122, 24, 179, 109,
       247, 113, 157, 58, 87, 122, 200, 64, 131, 60, 231, 230, 229, 23,
       172, 59, 238, 190, 250, 251, 151, 252, 192, 104, 223, 175, 29, 70,
       125, 175, 181, 212, 239, 35, 44, 58, 253, 212, 207, 253, 216, 85,
       193, 184, 149, 81, 169, 189, 0, 139, 239, 251, 162, 84, 190, 178,
       196, 255, 133, 7, 120, 28, 179, 77, 243, 81, 137, 186, 87, 122,
       202, 68, 129, 61, 197, 188, 157, 19, 140, 111, 165, 190, 218, 243,
       135, 92, 212, 240, 216, 47, 1, 70, 120, 31, 179, 109, 223, 98,
       108, 14, 85, 116, 204, 121, 209, 52, 211, 174, 135, 56, 168, 185,
       64, 199, 255, 19, 162, 217, 175, 224, 208, 223, 131, 167, 108, 21,
       62, 77, 198, 115, 152, 114, 92, 123, 196, 68, 155, 12, 221, 52,
       156, 118, 168, 44, 85, 31, 162, 187, 167, 28, 215, 115, 65, 123,
       5, 246, 124, 24, 56, 69, 251, 2, 219, 235, 117, 20, 168, 240, 130,
       35, 100, 113, 61, 101, 4, 79, 87, 56, 104, 168, 39, 8, 215, 17, 1,
       50, 144, 84, 104, 106, 65, 240, 241, 8, 229, 251, 101, 52, 64, 59,
       70, 34, 77, 96, 149, 39, 33, 14, 103, 184, 121, 234, 39, 68, 222,
       119, 203, 246, 149, 68, 124, 110, 225, 208, 249, 104, 173, 250,
       103, 4, 2, 183, 3, 101, 181, 113, 91, 78, 86, 75, 71, 232, 80,
       224, 225, 10, 82, 85, 9, 48, 88, 220, 66, 106, 73, 178, 121, 28,
       113, 136, 5, 60, 113, 59, 102, 160, 197, 111, 159, 63, 224, 46,
       111, 184, 124, 170, 123, 116, 245, 227, 137, 99, 55, 110, 110,
       110, 225, 212, 239, 46, 108, 175, 103, 132, 136, 243, 193, 161,
       246, 100, 236, 86, 205, 122, 71, 136, 115, 182, 167, 26, 66, 120,
       223, 191, 89, 196, 249, 170, 40, 103, 239, 170, 55, 123, 197, 63,
       231, 255, 222, 102, 84, 245, 156, 170, 155, 69, 23, 232, 162, 182,
       141, 9, 70, 247, 75, 83, 177, 213, 233, 243, 78, 67, 154, 49, 251,
       195, 79, 63, 176, 115, 47, 66, 109, 113, 188, 103, 173, 95, 71,
       152, 73, 250, 53, 12, 218, 89, 95, 190, 152, 196, 124, 110, 201,
       112, 249, 32, 231, 217, 101, 52, 74, 255, 90, 112, 80, 75, 159,
       245, 32, 14, 109, 55, 52, 142, 86, 96, 183, 35, 128, 81, 38, 110,
       44, 76, 64, 216, 161, 41, 228, 239, 118, 128, 32, 240, 165, 105,
       66, 182, 156, 178, 170, 40, 28, 159, 171, 63, 138, 253, 140, 167,
       74, 90, 167, 87, 237, 21, 22, 73, 203, 227, 158, 214, 93, 255,
       164, 212, 143, 91, 249, 176, 156, 48, 136, 237, 80, 159, 162, 51,
       164, 29, 23, 179, 74, 27, 129, 134, 108, 16, 58, 111, 218, 17,
       219, 139, 117, 125, 232, 64, 202, 2, 124, 97, 88, 110, 26, 67, 83,
       200, 2, 164, 165, 169, 83, 87, 75, 18, 26, 212, 237, 226, 72, 35,
       203, 24, 251, 197, 37, 61, 113, 59, 14, 66, 5, 224, 217, 75, 222,
       121, 160, 206, 86, 51, 101, 154, 131, 192, 220, 168, 91, 10, 2,
       152, 23, 54, 111, 19, 142, 133, 19, 109, 245, 217, 205, 164, 196,
       166, 245, 83, 188, 105, 97, 159, 126, 55, 35, 88, 215, 97, 216,
       111, 19, 94, 108, 24, 51, 124, 239, 51, 140, 150, 117, 116, 192,
       200, 197, 32, 254, 247, 204, 180, 138, 99, 30, 172, 50, 246, 140,
       175, 199, 111, 75, 27, 23, 215, 253, 243, 124, 71, 207, 50, 250,
       195, 237, 253, 172, 119, 142, 83, 236, 125, 181, 111, 189, 79, 71,
       168, 123, 234, 45, 8, 210, 113, 13, 55, 144, 84, 120, 106, 105,
       112, 249, 62, 231, 251, 69, 54, 66, 123, 86, 98, 40, 181, 17, 208,
       185, 217, 21, 239, 219, 61, 168, 56, 142, 180, 68, 188, 137, 155,
       238, 16, 27, 107, 234, 23, 153, 148, 21, 127, 208, 8, 134, 167,
       233, 172, 229, 87, 221, 126, 101, 191, 87, 243, 70, 24, 122, 125,
       148, 191, 9, 102, 112, 12, 185, 252, 255, 175, 79, 122, 213, 80,
       231, 236, 208, 108, 193, 184, 183, 88, 136, 237, 161, 135, 254,
       83, 162, 80, 180, 144, 192, 127, 129, 54, 122, 24, 179, 109, 247,
       113, 157, 58, 86, 120, 200, 0, 131, 44, 173, 188, 245, 85, 205,
       127, 229, 191, 83, 243, 38, 24, 251, 113, 212, 175, 9, 102, 112,
       24, 177, 252, 251, 34, 79, 219, 85, 68, 235, 232, 208, 168, 242,
       94, 23, 223, 42, 66, 6, 168, 188, 178, 226, 230, 102, 102, 165,
       247, 118, 116, 232, 98, 105, 197, 57, 109, 177, 162, 79, 18, 0,
       112, 37, 60, 216, 48, 121, 100, 34, 109, 81, 17, 224, 168, 183,
       40, 23, 23, 193, 50, 6, 148, 76, 40, 9, 39, 176, 10, 211, 233, 32,
       184, 104, 128, 70, 51, 72, 115, 85, 229, 50, 78, 121, 56, 45, 160,
       107, 232, 223, 23, 1, 244, 54, 21, 237, 96, 65, 144, 241, 76, 197,
       241, 35, 4, 34, 162, 7, 49, 193, 184, 149, 81, 137, 236, 161, 7,
       238, 243, 162, 80, 190, 178, 196, 127, 129, 54, 120, 24, 147, 77,
       243, 81, 141, 58, 86, 122, 200, 64, 129, 60, 133, 102, 157, 167,
       228, 43, 239, 152, 126, 162, 107, 192, 213, 98, 217, 43, 51, 76,
       106, 122, 33, 244, 237, 42, 228, 130, 103, 36, 164, 251, 3, 160,
       97, 48, 57, 69, 125, 95, 80, 24, 105, 233, 246, 104, 146, 25, 132,
       188, 136, 28, 68, 40, 137, 184, 241, 8, 7, 217, 49, 55, 74, 8, 74,
       167, 9, 151, 153, 107, 176, 47, 71, 189, 118, 63, 47, 88, 215,
       113, 136, 112, 21, 30, 76, 56, 187, 176, 105, 23, 237, 207, 53,
       116, 208, 202, 193, 33, 86, 188, 172, 182, 139, 116, 20, 239, 146,
       247, 141, 31, 70, 238, 74, 91, 133, 215, 233, 131, 60, 75, 251,
       34, 251, 231, 221, 63, 160, 117, 190, 90, 221, 87, 221, 103, 176,
       46, 111, 184, 116, 234, 111, 116, 223, 115, 137, 112, 55, 76, 44,
       110, 233, 244, 125, 46, 236, 239, 101, 4, 106, 243, 192, 113, 117,
       165, 236, 99, 140, 91, 223, 136, 114, 183, 189, 9, 211, 120, 95,
       58, 153, 197, 125, 247, 156, 114, 239, 48, 253, 15, 237, 245, 197,
       123, 94, 194, 236, 118, 140, 101, 173, 126, 79, 152, 35, 254, 167,
       77, 203, 103, 219, 159, 21, 196, 237, 110, 232, 68, 249, 8, 195,
       251, 101, 181, 138, 247, 86, 113, 212, 188, 189, 118, 157, 251,
       87, 172, 215, 182, 135, 24, 102, 252, 10, 43, 129, 118, 232, 50,
       124, 101, 187, 63, 251, 235, 85, 127, 224, 121, 212, 102, 237,
       119, 105, 103, 164, 30, 71, 184, 97, 238, 191, 108, 219, 117, 219,
       182, 28, 196, 124, 110, 233, 112, 253, 42, 230, 221, 101, 180,
       110, 255, 210, 113, 249, 176, 254, 112, 169, 253, 81, 87, 227,
