%YAML:1.0
---
descriptors: !!opencv-matrix
   rows: 271
   cols: 32
   dt: u
   data: [ 76, 101, 120, 103, 114, 27, 127, 184, 57, 160, 127, 169, 223,
       71, 137, 16, 22, 221, 213, 110, 64, 208, 233, 78, 103, 221, 37,
       133, 98, 183, 15, 163, 36, 103, 113, 103, 48, 75, 102, 184, 113,
       168, 123, 72, 195, 45, 29, 49, 152, 220, 196, 98, 232, 240, 201,
       14, 39, 254, 5, 53, 97, 187, 70, 135, 117, 33, 252, 101, 168, 15,
       87, 59, 42, 164, 174, 9, 215, 51, 67, 18, 144, 196, 109, 44, 88,
       96, 217, 8, 235, 255, 101, 52, 192, 226, 66, 98, 60, 97, 121, 97,
       245, 91, 82, 136, 97, 49, 182, 40, 91, 25, 77, 184, 91, 220, 212,
       122, 93, 178, 97, 132, 255, 221, 5, 117, 231, 187, 218, 130, 85,
       69, 93, 103, 16, 78, 71, 184, 100, 160, 171, 72, 83, 113, 25, 115,
       50, 212, 104, 106, 105, 176, 89, 46, 245, 175, 5, 20, 97, 179, 64,
       32, 224, 180, 149, 248, 137, 237, 69, 175, 187, 51, 32, 24, 182,
       55, 76, 123, 129, 19, 104, 0, 59, 108, 211, 115, 141, 146, 84,
       126, 80, 88, 199, 42, 228, 180, 149, 90, 136, 45, 69, 143, 123,
       59, 161, 88, 214, 240, 76, 63, 145, 210, 108, 56, 59, 102, 219,
       51, 189, 150, 85, 126, 208, 89, 194, 43, 240, 168, 219, 112, 136,
       233, 81, 87, 162, 151, 164, 25, 51, 183, 64, 27, 1, 182, 109, 24,
       58, 79, 178, 0, 217, 129, 112, 120, 224, 192, 198, 42, 180, 71,
       82, 79, 85, 27, 230, 232, 117, 162, 107, 10, 67, 96, 29, 180, 120,
       204, 66, 106, 108, 178, 77, 46, 52, 174, 1, 5, 101, 251, 90, 132,
       236, 37, 189, 103, 173, 111, 71, 164, 113, 166, 175, 24, 211, 117,
       89, 51, 25, 214, 121, 106, 104, 244, 249, 42, 239, 223, 69, 52,
       194, 251, 214, 98, 116, 205, 92, 111, 154, 107, 71, 188, 100, 164,
       175, 8, 115, 115, 9, 83, 50, 246, 108, 106, 120, 161, 73, 60, 249,
       175, 37, 20, 113, 243, 196, 34, 212, 172, 191, 115, 136, 232, 105,
       131, 254, 23, 162, 16, 183, 195, 88, 123, 35, 55, 104, 152, 58,
       205, 183, 51, 201, 235, 122, 81, 224, 64, 135, 42, 108, 109, 189,
       103, 165, 79, 71, 173, 113, 166, 46, 8, 211, 117, 73, 55, 153,
       214, 104, 106, 104, 240, 249, 42, 239, 223, 69, 53, 194, 251, 214,
       106, 252, 245, 157, 97, 137, 111, 87, 136, 83, 178, 173, 24, 86,
       113, 73, 59, 153, 212, 104, 122, 106, 102, 251, 18, 251, 223, 69,
       63, 194, 123, 70, 34, 244, 172, 189, 122, 136, 237, 85, 174, 178,
       23, 164, 24, 115, 247, 72, 27, 129, 242, 236, 16, 58, 111, 250,
       55, 219, 235, 117, 121, 240, 81, 198, 98, 112, 33, 249, 101, 16,
       78, 67, 40, 98, 164, 175, 8, 211, 51, 0, 18, 16, 196, 109, 120, 8,
       240, 193, 8, 201, 237, 37, 52, 224, 162, 70, 34, 246, 60, 213,
       148, 203, 96, 16, 207, 187, 247, 160, 189, 6, 230, 199, 159, 203,
       231, 236, 16, 63, 79, 202, 98, 24, 50, 85, 126, 128, 100, 166, 85,
       216, 170, 158, 50, 170, 169, 80, 199, 162, 55, 160, 185, 167, 163,
       66, 27, 163, 163, 237, 16, 62, 79, 130, 49, 216, 195, 117, 121,
       160, 64, 143, 11, 100, 101, 88, 103, 100, 10, 118, 168, 120, 162,
       111, 9, 215, 73, 29, 16, 50, 205, 96, 106, 68, 240, 205, 14, 230,
       239, 5, 5, 101, 243, 74, 130, 116, 119, 136, 167, 157, 95, 86,
       104, 114, 232, 139, 79, 199, 104, 75, 18, 185, 196, 204, 115, 109,
       242, 221, 10, 253, 199, 37, 53, 232, 123, 30, 18, 100, 119, 17,
       103, 176, 79, 102, 56, 121, 160, 107, 72, 211, 109, 13, 16, 156,
       220, 100, 98, 201, 240, 217, 12, 165, 246, 5, 54, 72, 179, 66,
       176, 108, 116, 189, 99, 32, 111, 83, 24, 107, 170, 39, 8, 215, 87,
       73, 58, 145, 84, 108, 122, 9, 116, 249, 8, 207, 223, 101, 52, 192,
       243, 70, 51, 69, 160, 153, 65, 244, 205, 227, 143, 122, 121, 42,
       24, 150, 147, 72, 48, 145, 30, 106, 24, 19, 56, 249, 18, 141, 156,
       53, 116, 200, 0, 195, 162, 244, 249, 123, 102, 48, 78, 103, 244,
       224, 224, 166, 8, 115, 215, 193, 50, 50, 244, 108, 106, 73, 175,
       184, 44, 249, 137, 37, 56, 96, 178, 70, 41, 120, 176, 59, 112, 91,
       237, 81, 87, 227, 29, 172, 24, 54, 151, 64, 56, 161, 186, 76, 16,
       18, 107, 178, 21, 219, 205, 16, 123, 226, 0, 70, 107, 80, 249,
       159, 100, 24, 72, 71, 245, 160, 128, 166, 8, 119, 247, 0, 114, 34,
       244, 108, 104, 89, 11, 178, 41, 251, 225, 37, 8, 32, 178, 166, 42,
       76, 103, 112, 103, 113, 26, 126, 184, 49, 168, 127, 200, 203, 99,
       153, 212, 50, 221, 213, 234, 72, 144, 201, 206, 103, 255, 37, 133,
       99, 183, 67, 163, 101, 166, 149, 113, 173, 47, 68, 139, 251, 187,
       161, 88, 198, 112, 76, 31, 137, 214, 108, 16, 58, 102, 203, 16,
       141, 218, 85, 126, 208, 104, 194, 37, 117, 77, 95, 103, 148, 79,
       71, 184, 116, 160, 235, 8, 83, 113, 25, 112, 112, 196, 72, 106,
       105, 177, 25, 46, 241, 174, 5, 20, 105, 179, 224, 32, 165, 185,
       153, 95, 220, 173, 103, 189, 214, 19, 96, 92, 246, 241, 9, 57, 89,
       74, 106, 90, 51, 106, 219, 59, 109, 190, 87, 120, 216, 120, 195,
       160, 213, 30, 223, 117, 162, 42, 103, 50, 52, 170, 110, 244, 215,
       35, 129, 123, 55, 100, 108, 42, 41, 212, 1, 14, 192, 163, 101,
       132, 168, 241, 33, 49, 196, 151, 221, 103, 160, 14, 101, 189, 112,
       187, 39, 112, 215, 115, 136, 123, 19, 86, 108, 42, 57, 244, 249,
       42, 236, 235, 117, 20, 232, 240, 194, 33, 77, 245, 189, 103, 180,
       14, 102, 184, 122, 168, 43, 76, 222, 113, 217, 50, 145, 68, 108,
       110, 193, 240, 217, 46, 239, 255, 101, 4, 72, 243, 67, 32, 180,
       101, 56, 106, 28, 77, 87, 104, 82, 180, 165, 8, 83, 81, 72, 16,
       217, 216, 64, 122, 74, 99, 219, 31, 251, 205, 5, 61, 81, 59, 70,
       34, 99, 176, 161, 88, 205, 189, 200, 79, 251, 83, 160, 29, 130,
       136, 92, 60, 201, 138, 82, 157, 159, 111, 242, 211, 159, 92, 148,
       126, 217, 76, 210, 150, 100, 165, 185, 99, 217, 77, 87, 168, 115,
       180, 173, 8, 214, 117, 73, 50, 153, 88, 96, 122, 26, 98, 251, 51,
       237, 156, 5, 125, 208, 123, 70, 34, 20, 125, 115, 69, 82, 222, 55,
       96, 105, 192, 106, 32, 93, 215, 5, 52, 54, 253, 83, 226, 65, 144,
       52, 78, 53, 172, 3, 2, 105, 51, 39, 178, 68, 113, 121, 69, 116,
       78, 103, 56, 121, 172, 111, 8, 211, 85, 137, 52, 22, 92, 84, 106,
       193, 176, 249, 12, 101, 157, 37, 4, 64, 179, 70, 96, 44, 97, 123,
       97, 245, 91, 114, 160, 101, 160, 182, 8, 155, 25, 81, 176, 27,
       156, 214, 122, 76, 176, 69, 140, 239, 217, 37, 117, 103, 170, 90,
       130, 112, 33, 25, 101, 16, 74, 67, 24, 96, 160, 171, 8, 83, 17,
       65, 16, 16, 220, 108, 120, 8, 240, 193, 12, 253, 173, 33, 20, 96,
       163, 70, 34, 69, 85, 185, 197, 112, 78, 111, 184, 48, 234, 110,
       72, 212, 119, 73, 118, 20, 84, 121, 106, 65, 208, 249, 106, 101,
       172, 101, 4, 2, 243, 2, 113, 124, 173, 188, 114, 153, 104, 81,
       167, 163, 183, 175, 25, 215, 115, 74, 83, 129, 214, 109, 16, 58,
       73, 203, 34, 251, 247, 85, 125, 224, 192, 134, 98, 76, 181, 149,
       99, 145, 110, 118, 168, 123, 224, 111, 8, 222, 119, 8, 244, 145,
       86, 120, 122, 49, 208, 249, 46, 173, 254, 5, 86, 202, 115, 199,
       50, 108, 245, 177, 67, 217, 95, 71, 140, 123, 176, 41, 8, 222,
       117, 77, 190, 145, 92, 224, 122, 67, 112, 249, 34, 47, 222, 5,
       118, 194, 115, 198, 162, 109, 245, 49, 71, 245, 79, 71, 172, 121,
       226, 43, 8, 246, 117, 13, 180, 144, 92, 64, 106, 65, 240, 249, 46,
       37, 158, 5, 54, 66, 123, 70, 162, 52, 225, 16, 161, 31, 11, 66,
       232, 7, 33, 168, 74, 70, 24, 76, 148, 216, 140, 70, 99, 76, 35,
       89, 148, 176, 212, 1, 127, 121, 47, 90, 134, 36, 229, 57, 75, 93,
       79, 199, 168, 91, 180, 173, 8, 210, 81, 77, 52, 153, 88, 66, 122,
       74, 98, 251, 29, 109, 156, 5, 127, 80, 59, 70, 162, 226, 170, 214,
       80, 237, 185, 72, 199, 187, 59, 176, 89, 43, 171, 68, 154, 137,
       162, 111, 152, 58, 111, 194, 243, 26, 219, 245, 251, 195, 192,
       206, 10, 196, 142, 239, 63, 164, 106, 101, 186, 116, 214, 102,
       177, 243, 229, 178, 91, 81, 110, 44, 46, 248, 254, 239, 43, 238,
