%YAML:1.0
---
descriptors: !!opencv-matrix
   rows: 467
   cols: 32
   dt: u
   data: [ 104, 180, 180, 254, 205, 253, 84, 175, 223, 91, 172, 24, 190,
       189, 78, 58, 201, 154, 251, 0, 62, 107, 242, 179, 207, 223, 84,
       123, 210, 92, 214, 74, 85, 133, 95, 103, 178, 42, 79, 188, 237,
       160, 171, 8, 215, 115, 8, 115, 34, 215, 108, 106, 105, 161, 121,
       12, 233, 235, 37, 84, 96, 242, 192, 32, 233, 188, 180, 248, 173,
       253, 92, 255, 223, 251, 180, 24, 187, 253, 86, 123, 201, 230, 127,
       24, 190, 111, 251, 179, 251, 255, 213, 122, 210, 204, 210, 90,
       198, 237, 246, 255, 253, 47, 254, 236, 127, 186, 251, 26, 239,
       234, 28, 83, 255, 239, 127, 227, 248, 243, 203, 255, 191, 254,
       207, 212, 133, 251, 227, 129, 248, 188, 188, 112, 173, 253, 81,
       223, 251, 123, 180, 24, 191, 253, 66, 59, 129, 179, 253, 24, 59,
       111, 250, 179, 219, 219, 117, 121, 194, 200, 198, 123, 246, 237,
       214, 191, 252, 43, 238, 238, 191, 178, 251, 26, 239, 234, 93, 91,
       123, 239, 127, 195, 104, 247, 203, 255, 188, 250, 223, 188, 245,
       123, 243, 136, 36, 165, 222, 255, 252, 43, 239, 252, 190, 179,
       251, 26, 245, 235, 93, 91, 251, 207, 127, 147, 50, 243, 203, 243,
       252, 239, 255, 252, 213, 251, 243, 128, 132, 165, 255, 255, 254,
       43, 255, 252, 254, 179, 243, 18, 215, 235, 88, 75, 251, 207, 127,
       251, 178, 241, 203, 127, 252, 171, 255, 212, 213, 251, 243, 161,
       148, 236, 251, 247, 180, 11, 239, 188, 118, 162, 247, 82, 247,
       227, 217, 72, 127, 79, 127, 203, 251, 244, 233, 63, 236, 175, 191,
       192, 164, 251, 161, 169, 37, 125, 49, 69, 85, 79, 103, 184, 105,
       232, 106, 76, 214, 81, 1, 180, 144, 92, 64, 106, 193, 176, 249,
       110, 37, 156, 1, 6, 74, 51, 67, 160, 96, 149, 149, 249, 141, 205,
       69, 175, 127, 59, 168, 24, 182, 51, 76, 114, 129, 147, 104, 0, 91,
       104, 251, 19, 173, 158, 84, 126, 208, 88, 198, 42, 236, 120, 189,
       99, 45, 110, 83, 152, 123, 250, 183, 24, 223, 87, 73, 59, 149,
       212, 124, 122, 169, 116, 249, 0, 199, 219, 101, 52, 194, 243, 70,
       115, 236, 176, 189, 97, 169, 125, 81, 152, 123, 251, 165, 24, 222,
       93, 74, 59, 145, 16, 253, 58, 51, 102, 251, 18, 207, 219, 85, 125,
       194, 107, 70, 114, 236, 180, 188, 114, 173, 125, 81, 153, 255,
       123, 165, 24, 222, 253, 74, 59, 137, 18, 249, 16, 58, 108, 250,
       147, 207, 219, 81, 127, 210, 74, 206, 114, 37, 64, 49, 69, 21, 79,
       67, 40, 76, 224, 99, 8, 210, 17, 29, 52, 152, 20, 80, 106, 73,
       176, 113, 12, 101, 184, 1, 52, 80, 59, 86, 224, 133, 121, 19, 69,
       69, 78, 231, 48, 104, 192, 99, 72, 218, 16, 133, 180, 48, 124, 64,
       106, 193, 176, 49, 12, 37, 184, 1, 0, 74, 179, 67, 180, 120, 172,
       222, 120, 136, 233, 81, 231, 178, 23, 164, 57, 55, 183, 66, 27,
       137, 178, 253, 16, 58, 75, 162, 49, 219, 195, 116, 121, 224, 192,
       238, 106, 246, 205, 214, 223, 205, 15, 254, 236, 63, 178, 234, 10,
       78, 238, 125, 90, 249, 223, 123, 227, 112, 243, 219, 251, 191,
       190, 207, 46, 209, 123, 241, 130, 120, 168, 222, 248, 138, 233,
       81, 23, 179, 23, 164, 57, 55, 183, 98, 90, 99, 178, 125, 16, 58,
       79, 130, 17, 217, 227, 112, 121, 176, 192, 134, 106, 208, 184,
       191, 240, 10, 233, 17, 23, 166, 83, 134, 56, 183, 151, 64, 91, 39,
       179, 125, 16, 10, 77, 147, 17, 217, 195, 112, 121, 160, 64, 5, 43,
       252, 99, 200, 103, 172, 75, 86, 136, 67, 182, 181, 169, 67, 65,
       75, 27, 24, 212, 237, 98, 72, 118, 201, 8, 230, 193, 101, 53, 103,
       251, 94, 2, 212, 24, 191, 244, 138, 110, 81, 55, 244, 223, 166,
       24, 247, 51, 1, 91, 35, 246, 108, 24, 57, 77, 179, 36, 217, 163,
       116, 80, 160, 224, 133, 123, 249, 186, 190, 48, 232, 188, 89, 87,
       163, 251, 164, 153, 31, 191, 66, 59, 167, 183, 221, 20, 190, 79,
       178, 0, 219, 203, 117, 249, 162, 196, 138, 67, 21, 69, 121, 111,
       22, 79, 71, 184, 86, 160, 239, 8, 211, 113, 25, 112, 49, 212, 24,
       106, 105, 176, 121, 31, 237, 175, 5, 20, 48, 187, 64, 32, 112,
       164, 252, 114, 136, 233, 89, 207, 162, 23, 172, 184, 23, 231, 72,
       26, 9, 210, 109, 152, 58, 75, 170, 49, 217, 199, 117, 125, 224,
       209, 134, 106, 197, 176, 157, 215, 136, 108, 36, 152, 170, 179,
       163, 84, 212, 243, 73, 123, 133, 87, 120, 154, 49, 69, 219, 96,
       141, 186, 87, 118, 136, 113, 129, 49, 248, 188, 220, 114, 168,
       173, 81, 223, 178, 191, 164, 25, 55, 243, 66, 27, 35, 246, 109,
       24, 58, 111, 218, 33, 219, 195, 117, 121, 224, 193, 198, 43, 77,
       117, 145, 71, 209, 95, 54, 184, 121, 234, 111, 8, 222, 112, 13,
       180, 145, 92, 120, 106, 229, 240, 249, 46, 111, 255, 5, 6, 74,
       115, 75, 23, 77, 116, 156, 103, 185, 78, 118, 184, 123, 234, 239,
       12, 223, 115, 11, 50, 147, 85, 108, 106, 61, 240, 219, 42, 239,
       255, 69, 54, 202, 115, 203, 19, 69, 245, 185, 99, 172, 111, 199,
       136, 90, 251, 43, 8, 214, 112, 73, 42, 145, 92, 120, 123, 19, 112,
       249, 50, 237, 159, 101, 116, 200, 123, 211, 35, 184, 50, 255, 116,
       42, 105, 81, 82, 160, 190, 164, 56, 19, 151, 193, 59, 38, 180, 76,
       24, 40, 231, 162, 0, 211, 203, 112, 48, 224, 224, 70, 99, 236,
       116, 149, 115, 169, 111, 71, 152, 59, 190, 39, 24, 214, 115, 73,
       127, 145, 84, 124, 58, 113, 68, 249, 34, 207, 250, 69, 52, 202,
       113, 198, 115, 108, 229, 156, 122, 201, 77, 87, 200, 179, 19, 173,
       25, 82, 247, 74, 26, 153, 210, 113, 90, 122, 99, 250, 51, 251,
       159, 85, 125, 208, 83, 206, 98, 246, 205, 198, 150, 252, 11, 238,
       238, 63, 178, 242, 26, 108, 234, 53, 83, 251, 239, 127, 99, 96,
       247, 203, 254, 190, 62, 207, 164, 181, 121, 241, 136, 65, 48, 17,
       101, 1, 78, 99, 32, 104, 224, 99, 8, 214, 19, 0, 50, 144, 20, 64,
       106, 65, 176, 241, 12, 197, 184, 64, 6, 72, 35, 67, 50, 68, 165,
       254, 255, 254, 43, 255, 252, 190, 179, 251, 10, 223, 234, 121, 91,
       255, 207, 127, 35, 242, 243, 139, 255, 252, 235, 239, 228, 180,
       251, 209, 129, 248, 184, 255, 112, 136, 253, 85, 87, 226, 63, 164,
       24, 51, 181, 192, 59, 1, 182, 236, 24, 59, 111, 178, 33, 219, 203,
       117, 121, 226, 192, 198, 123, 248, 184, 252, 112, 141, 253, 81,
       207, 195, 255, 180, 24, 59, 189, 70, 59, 137, 178, 236, 16, 62,
       111, 250, 49, 219, 203, 117, 123, 243, 72, 198, 122, 240, 186,
       255, 112, 170, 233, 81, 214, 162, 63, 164, 56, 51, 135, 64, 26,
       39, 182, 77, 24, 26, 111, 162, 17, 217, 203, 112, 121, 225, 128,
       198, 107, 220, 144, 156, 247, 172, 108, 89, 152, 190, 187, 183,
       56, 223, 247, 73, 123, 135, 213, 125, 16, 59, 69, 251, 0, 219,
       251, 119, 220, 130, 225, 5, 51, 224, 172, 156, 254, 200, 237, 1,
       143, 222, 27, 36, 24, 182, 243, 72, 91, 129, 114, 106, 24, 51,
       110, 219, 51, 205, 163, 116, 121, 152, 72, 135, 42, 232, 188, 180,
       248, 189, 253, 84, 223, 219, 251, 180, 24, 191, 249, 68, 59, 201,
       246, 125, 24, 58, 111, 250, 179, 219, 219, 85, 124, 210, 92, 194,
       75, 216, 176, 188, 240, 168, 237, 81, 31, 187, 187, 180, 24, 191,
       247, 72, 59, 133, 151, 125, 24, 59, 111, 250, 17, 219, 251, 117,
       124, 194, 192, 198, 51, 44, 205, 16, 190, 153, 237, 22, 230, 159,
       22, 233, 25, 174, 249, 36, 148, 201, 123, 234, 66, 62, 43, 90,
       191, 171, 214, 4, 59, 82, 93, 142, 14, 129, 174, 159, 251, 236,
       169, 105, 151, 254, 19, 98, 80, 181, 227, 224, 75, 99, 106, 106,
       28, 51, 220, 11, 51, 204, 139, 118, 72, 152, 192, 161, 168, 129,
       174, 159, 187, 236, 169, 105, 199, 254, 19, 66, 208, 181, 227,
       224, 107, 67, 42, 106, 28, 51, 220, 207, 115, 140, 130, 119, 96,
       152, 192, 161, 168, 253, 113, 221, 118, 40, 76, 71, 184, 240, 250,
       167, 88, 83, 81, 201, 59, 16, 212, 124, 106, 233, 103, 250, 32,
       243, 235, 101, 60, 104, 179, 194, 33, 25, 207, 90, 99, 180, 170,
       111, 151, 116, 162, 106, 192, 243, 99, 176, 208, 51, 238, 12, 110,
       104, 184, 13, 46, 234, 239, 37, 0, 182, 242, 224, 40, 38, 109,
