%YAML:1.0
---
descriptors: !!opencv-matrix
   rows: 335
   cols: 32
   dt: u
   data: [ 112, 184, 254, 112, 138, 201, 81, 119, 163, 55, 164, 56, 55,
       183, 64, 27, 11, 178, 109, 16, 58, 107, 226, 49, 219, 195, 116,
       121, 225, 192, 198, 43, 44, 117, 57, 103, 21, 79, 103, 168, 120,
       224, 106, 8, 214, 117, 9, 48, 152, 124, 80, 106, 105, 176, 249,
       46, 229, 191, 5, 52, 64, 59, 70, 242, 13, 85, 49, 71, 117, 78,
       102, 184, 125, 232, 107, 72, 222, 113, 13, 180, 148, 92, 82, 106,
       193, 176, 121, 110, 37, 188, 5, 6, 74, 51, 67, 177, 197, 85, 149,
       71, 160, 14, 102, 184, 105, 170, 43, 76, 214, 115, 137, 247, 16,
       212, 124, 106, 225, 244, 217, 8, 167, 186, 101, 20, 74, 243, 194,
       33, 5, 95, 25, 71, 176, 30, 111, 184, 116, 234, 127, 100, 213,
       114, 137, 112, 22, 76, 60, 110, 225, 144, 125, 46, 236, 175, 39,
       132, 40, 243, 1, 49, 125, 85, 125, 102, 176, 78, 79, 184, 97, 232,
       191, 72, 83, 119, 137, 115, 22, 212, 124, 106, 201, 163, 249, 44,
       243, 233, 101, 20, 104, 243, 194, 49, 253, 112, 253, 103, 44, 79,
       87, 152, 99, 250, 181, 24, 83, 93, 73, 59, 156, 212, 116, 122,
       233, 102, 251, 0, 211, 201, 101, 60, 99, 243, 70, 243, 252, 180,
       253, 118, 168, 109, 85, 191, 178, 190, 165, 24, 83, 119, 73, 31,
       1, 214, 108, 42, 120, 71, 250, 34, 251, 203, 117, 60, 226, 241,
       198, 98, 248, 184, 253, 114, 168, 253, 81, 87, 163, 127, 164, 24,
       51, 151, 66, 59, 7, 182, 108, 24, 26, 111, 242, 49, 219, 233, 116,
       121, 226, 192, 198, 123, 176, 168, 236, 80, 200, 169, 161, 207,
       170, 55, 164, 153, 35, 193, 70, 27, 9, 178, 235, 16, 58, 111, 194,
       49, 95, 195, 81, 121, 193, 72, 198, 234, 221, 166, 148, 178, 169,
       60, 88, 155, 251, 187, 163, 92, 207, 242, 72, 219, 135, 199, 108,
       28, 190, 69, 203, 34, 152, 251, 127, 254, 138, 117, 139, 5, 114,
       168, 157, 94, 170, 224, 17, 207, 171, 191, 164, 57, 38, 231, 68,
       27, 129, 127, 237, 16, 26, 79, 170, 49, 155, 240, 93, 255, 128,
       96, 135, 99, 77, 117, 217, 103, 178, 94, 62, 60, 121, 226, 47,
       232, 223, 126, 141, 182, 151, 85, 212, 106, 229, 240, 253, 78,
       174, 255, 69, 2, 234, 242, 11, 53, 20, 236, 155, 255, 148, 102,
       103, 254, 118, 130, 238, 16, 211, 243, 41, 112, 89, 126, 32, 42,
       56, 244, 25, 46, 235, 239, 167, 4, 224, 243, 224, 162, 85, 197,
       125, 103, 146, 78, 71, 188, 100, 160, 171, 0, 83, 115, 9, 114, 50,
       212, 124, 106, 105, 160, 121, 44, 255, 239, 37, 20, 96, 242, 192,
       32, 69, 71, 149, 71, 160, 62, 110, 152, 124, 170, 107, 68, 223,
       98, 201, 254, 150, 68, 108, 110, 225, 208, 201, 106, 172, 254,
       103, 4, 136, 243, 1, 5, 252, 76, 157, 118, 168, 108, 84, 186, 176,
       178, 166, 56, 255, 115, 65, 91, 131, 247, 108, 10, 104, 103, 202,
       32, 211, 235, 117, 25, 96, 241, 135, 35, 69, 241, 157, 71, 153,
       79, 55, 184, 106, 248, 43, 76, 246, 113, 73, 50, 145, 68, 104,
       122, 195, 96, 219, 59, 109, 158, 69, 54, 72, 51, 67, 35, 144, 140,
       30, 245, 144, 234, 71, 175, 52, 163, 230, 16, 119, 115, 0, 81, 49,
       246, 77, 160, 56, 205, 89, 47, 249, 231, 53, 81, 160, 64, 228, 42,
       96, 245, 149, 121, 157, 77, 84, 175, 123, 51, 168, 24, 182, 51,
       76, 114, 129, 19, 104, 0, 123, 104, 219, 19, 173, 222, 21, 126,
       208, 88, 196, 42, 192, 172, 157, 249, 200, 237, 33, 143, 190, 51,
       32, 24, 182, 179, 64, 91, 129, 19, 106, 24, 50, 108, 211, 49, 205,
       130, 84, 120, 144, 72, 135, 170, 116, 69, 89, 103, 21, 79, 71,
       184, 118, 160, 171, 8, 83, 113, 9, 112, 49, 212, 72, 106, 105,
       176, 121, 30, 241, 174, 5, 20, 113, 187, 64, 34, 100, 101, 59,
       102, 93, 199, 231, 232, 240, 128, 235, 8, 84, 243, 41, 48, 248,
       252, 90, 234, 65, 227, 186, 78, 117, 140, 135, 12, 64, 51, 103,
       162, 116, 53, 117, 68, 140, 111, 199, 185, 193, 166, 173, 76, 82,
       53, 205, 55, 12, 212, 104, 106, 217, 99, 248, 14, 121, 156, 69,
       62, 99, 250, 198, 117, 69, 117, 17, 101, 81, 14, 102, 56, 120,
       232, 106, 76, 222, 49, 1, 48, 144, 76, 104, 106, 193, 240, 209,
       14, 165, 188, 1, 6, 72, 51, 67, 34, 197, 115, 29, 69, 34, 10, 38,
       56, 108, 226, 35, 108, 212, 18, 137, 115, 22, 85, 122, 106, 225,
       244, 205, 72, 36, 170, 103, 4, 72, 179, 11, 149, 124, 205, 156,
       126, 139, 88, 22, 172, 147, 150, 173, 41, 110, 227, 11, 219, 147,
       243, 233, 98, 110, 67, 202, 59, 243, 231, 69, 59, 242, 127, 142,
       2, 116, 60, 251, 254, 138, 224, 81, 143, 178, 151, 172, 56, 55,
       247, 65, 90, 99, 246, 237, 144, 26, 75, 186, 34, 219, 231, 85, 59,
       160, 81, 166, 114, 216, 176, 188, 112, 41, 205, 89, 83, 171, 61,
       180, 24, 159, 159, 64, 59, 133, 145, 253, 16, 170, 111, 242, 145,
       219, 217, 112, 123, 194, 0, 7, 123, 1, 120, 51, 69, 64, 90, 103,
       48, 96, 200, 110, 96, 242, 18, 129, 180, 48, 124, 64, 106, 65,
       176, 181, 44, 37, 168, 32, 0, 75, 179, 99, 173, 232, 188, 188,
       248, 173, 253, 80, 87, 251, 27, 180, 24, 174, 189, 68, 123, 205,
       179, 255, 25, 186, 111, 242, 147, 219, 219, 80, 123, 210, 72, 198,
       11, 145, 143, 159, 59, 176, 170, 109, 151, 118, 11, 106, 80, 247,
       99, 176, 121, 115, 110, 44, 12, 251, 216, 45, 63, 204, 174, 119,
       64, 184, 208, 225, 40, 133, 142, 205, 31, 164, 43, 102, 159, 118,
       179, 107, 212, 243, 97, 152, 121, 115, 78, 42, 30, 59, 220, 79,
       50, 172, 175, 119, 64, 236, 241, 208, 168, 205, 112, 157, 101, 33,
       30, 119, 24, 105, 234, 38, 76, 223, 51, 1, 187, 150, 68, 124, 110,
       225, 244, 241, 8, 231, 251, 101, 4, 74, 177, 67, 33, 104, 165,
       156, 107, 137, 109, 20, 143, 27, 55, 44, 25, 174, 49, 74, 26, 145,
       19, 233, 16, 50, 104, 219, 19, 239, 215, 84, 127, 210, 72, 143,
       10, 133, 174, 207, 27, 200, 169, 101, 143, 246, 147, 66, 208, 179,
       224, 216, 75, 99, 110, 106, 28, 51, 124, 207, 51, 76, 162, 247,
       72, 188, 208, 209, 168, 237, 112, 189, 99, 37, 111, 99, 136, 123,
       250, 39, 8, 214, 81, 73, 59, 145, 84, 120, 122, 33, 116, 249, 40,
       207, 219, 69, 54, 192, 123, 67, 35, 133, 174, 207, 27, 160, 170,
       101, 191, 118, 19, 98, 212, 243, 225, 216, 121, 67, 110, 106, 12,
       51, 252, 207, 51, 76, 166, 117, 68, 236, 240, 208, 160, 197, 142,
       151, 159, 236, 169, 109, 143, 254, 147, 34, 208, 245, 226, 240,
       91, 99, 98, 106, 156, 51, 77, 143, 115, 140, 2, 127, 104, 152,
       208, 161, 168, 205, 117, 157, 103, 165, 111, 119, 136, 120, 234,
       111, 8, 222, 113, 73, 59, 177, 84, 120, 122, 97, 240, 185, 42,
       229, 255, 69, 54, 202, 115, 67, 35, 120, 171, 216, 112, 170, 169,
       81, 199, 163, 189, 172, 189, 47, 231, 66, 26, 167, 179, 237, 16,
       26, 75, 138, 49, 219, 197, 53, 121, 224, 192, 134, 75, 77, 240,
       53, 71, 81, 78, 51, 136, 123, 233, 111, 8, 222, 87, 12, 50, 145,
       93, 120, 106, 17, 208, 249, 74, 239, 255, 5, 102, 74, 35, 67, 179,
       69, 117, 157, 39, 164, 15, 39, 136, 122, 250, 11, 76, 214, 112,
       89, 59, 145, 76, 120, 127, 193, 112, 249, 40, 237, 158, 101, 116,
       200, 123, 67, 51, 77, 117, 180, 71, 225, 127, 119, 184, 121, 234,
       47, 12, 222, 112, 77, 191, 145, 68, 120, 106, 245, 240, 249, 74,
       111, 255, 69, 38, 202, 115, 203, 23, 252, 188, 252, 114, 168, 173,
       85, 223, 178, 191, 164, 29, 51, 227, 74, 27, 1, 214, 109, 24, 58,
       111, 218, 35, 219, 203, 117, 125, 224, 208, 198, 43, 36, 165, 49,
       97, 157, 111, 21, 169, 106, 53, 45, 24, 214, 53, 72, 56, 145, 28,
       64, 48, 18, 112, 249, 20, 237, 148, 5, 119, 192, 10, 198, 34, 69,
       112, 145, 69, 65, 92, 118, 8, 105, 202, 35, 8, 222, 16, 77, 62,
       144, 92, 96, 98, 65, 240, 177, 0, 7, 152, 69, 6, 72, 51, 67, 167,
       77, 85, 17, 69, 49, 22, 55, 56, 121, 168, 111, 68, 222, 51, 9,
       244, 148, 85, 24, 234, 65, 144, 121, 78, 231, 253, 7, 6, 74, 51,
       75, 51, 36, 113, 57, 99, 32, 15, 71, 24, 96, 172, 45, 8, 210, 17,
