%YAML:1.0
---
descriptors: !!opencv-matrix
   rows: 117
   cols: 32
   dt: u
   data: [ 252, 112, 252, 242, 139, 71, 95, 216, 179, 254, 165, 24, 223,
       223, 75, 59, 95, 213, 253, 250, 106, 71, 251, 48, 219, 203, 229,
       61, 242, 243, 14, 115, 158, 255, 118, 175, 191, 95, 255, 236, 61,
       206, 255, 39, 238, 254, 15, 133, 255, 255, 255, 227, 236, 227,
       123, 254, 191, 255, 207, 151, 103, 119, 239, 215, 190, 116, 254,
       239, 189, 126, 255, 248, 127, 238, 255, 38, 219, 255, 31, 54, 255,
       221, 255, 251, 168, 231, 251, 234, 255, 255, 239, 151, 231, 247,
       111, 243, 252, 92, 254, 175, 237, 95, 126, 248, 63, 238, 255, 47,
       206, 255, 47, 211, 255, 221, 255, 99, 228, 247, 251, 254, 255,
       255, 231, 183, 159, 127, 95, 211, 239, 223, 246, 158, 255, 159,
       254, 236, 159, 238, 254, 175, 108, 238, 63, 116, 255, 255, 255,
       231, 230, 243, 191, 255, 63, 127, 143, 175, 159, 127, 253, 215,
       61, 205, 107, 238, 214, 131, 239, 252, 87, 64, 252, 198, 113, 239,
       177, 96, 126, 234, 23, 238, 219, 187, 45, 255, 250, 239, 167, 200,
       245, 251, 240, 184, 254, 221, 254, 182, 245, 255, 127, 253, 159,
       254, 255, 31, 110, 254, 127, 223, 255, 255, 191, 247, 254, 247,
       59, 255, 255, 223, 207, 199, 135, 127, 252, 87, 252, 180, 180,
       250, 141, 125, 80, 218, 187, 31, 181, 29, 207, 255, 74, 155, 173,
       219, 237, 16, 62, 99, 218, 179, 219, 219, 81, 127, 242, 77, 79,
       83, 137, 87, 253, 117, 172, 46, 125, 151, 252, 251, 54, 116, 223,
       55, 144, 123, 133, 70, 126, 28, 177, 252, 225, 98, 239, 251, 118,
       196, 200, 240, 195, 251, 173, 156, 189, 119, 173, 172, 119, 148,
       251, 251, 63, 92, 255, 125, 88, 59, 141, 86, 125, 30, 187, 252,
       251, 163, 207, 251, 117, 84, 202, 249, 194, 251, 17, 207, 107,
       255, 182, 130, 111, 247, 245, 192, 222, 230, 113, 227, 176, 96,
       126, 238, 62, 238, 249, 153, 45, 239, 250, 239, 167, 128, 45, 243,
       240, 57, 190, 254, 180, 159, 189, 246, 158, 232, 63, 223, 255,
       103, 238, 254, 79, 142, 255, 255, 247, 211, 239, 246, 251, 227,
       187, 255, 207, 135, 199, 127, 239, 215, 120, 180, 180, 250, 143,
       253, 84, 79, 251, 87, 173, 25, 239, 253, 106, 159, 175, 147, 253,
       16, 62, 111, 250, 179, 219, 223, 84, 123, 242, 76, 207, 222, 254,
       117, 246, 239, 253, 127, 255, 248, 127, 238, 255, 47, 206, 255,
       159, 118, 255, 221, 255, 227, 232, 243, 251, 238, 255, 255, 239,
       151, 239, 255, 110, 243, 255, 181, 246, 207, 253, 127, 255, 248,
       127, 238, 255, 62, 74, 254, 255, 244, 255, 223, 255, 227, 253,
       243, 251, 254, 191, 255, 207, 247, 151, 255, 255, 247, 191, 245,
       230, 207, 253, 95, 254, 252, 127, 238, 255, 39, 232, 254, 159,
       228, 255, 207, 255, 231, 255, 243, 255, 255, 191, 126, 143, 159,
       247, 255, 255, 215, 183, 253, 246, 191, 255, 95, 254, 236, 63,
       238, 255, 175, 236, 254, 63, 81, 255, 255, 255, 231, 228, 243,
       255, 255, 191, 254, 207, 187, 31, 127, 253, 215, 94, 255, 246,
       254, 255, 95, 254, 248, 255, 238, 245, 239, 239, 255, 159, 244,
       255, 255, 255, 227, 237, 99, 251, 255, 255, 255, 239, 191, 127,
       247, 79, 215, 252, 184, 188, 250, 173, 253, 80, 218, 255, 63, 181,
       25, 223, 253, 79, 155, 205, 209, 255, 16, 62, 103, 251, 178, 219,
       219, 81, 127, 242, 77, 78, 83, 250, 180, 182, 250, 189, 253, 80,
       123, 159, 31, 181, 25, 238, 253, 110, 219, 201, 155, 255, 17, 62,
       107, 218, 147, 155, 223, 84, 123, 210, 76, 206, 215, 205, 158,
       189, 247, 168, 46, 125, 183, 126, 123, 182, 84, 223, 55, 72, 123,
       135, 87, 125, 28, 177, 252, 251, 98, 239, 251, 118, 212, 202, 208,
       195, 123, 222, 255, 118, 175, 255, 91, 255, 252, 63, 238, 254,
       167, 238, 254, 143, 197, 255, 221, 255, 227, 237, 243, 235, 254,
       191, 247, 239, 151, 103, 127, 173, 215, 254, 253, 190, 255, 253,
       127, 255, 236, 191, 238, 255, 27, 238, 255, 47, 85, 255, 223, 255,
       226, 112, 247, 251, 255, 255, 247, 207, 63, 146, 127, 231, 242,
       126, 244, 254, 222, 237, 127, 254, 232, 159, 182, 253, 11, 78,
       254, 111, 211, 253, 255, 255, 227, 108, 103, 250, 251, 191, 247,
       207, 63, 147, 127, 239, 214, 126, 253, 246, 238, 253, 87, 222,
       232, 191, 142, 253, 11, 110, 254, 47, 212, 255, 255, 255, 227,
       108, 227, 251, 255, 191, 254, 207, 159, 103, 127, 110, 71, 126,
       253, 246, 238, 253, 87, 222, 232, 63, 202, 253, 11, 110, 254, 47,
       212, 253, 223, 255, 227, 108, 99, 219, 255, 191, 254, 207, 31,
       215, 127, 238, 215, 29, 207, 107, 239, 182, 130, 111, 246, 52,
       194, 94, 230, 121, 231, 177, 96, 119, 239, 31, 238, 225, 153, 45,
       255, 246, 239, 175, 128, 45, 242, 161, 185, 220, 125, 188, 230,
       168, 95, 95, 188, 174, 254, 190, 45, 223, 127, 75, 115, 247, 215,
       253, 103, 233, 65, 251, 40, 251, 203, 103, 189, 40, 243, 173, 115,
       126, 119, 246, 207, 253, 127, 255, 248, 127, 238, 255, 47, 206,
       255, 159, 244, 255, 221, 255, 227, 172, 243, 249, 238, 255, 255,
       207, 151, 199, 255, 127, 247, 127, 183, 246, 207, 253, 127, 255,
       248, 127, 238, 255, 47, 206, 254, 159, 244, 255, 221, 255, 243,
       236, 243, 249, 254, 191, 254, 143, 183, 199, 255, 127, 247, 167,
       245, 246, 207, 253, 95, 254, 232, 127, 238, 255, 47, 204, 254,
       191, 96, 255, 223, 255, 227, 252, 243, 251, 255, 191, 62, 143,
       191, 215, 127, 247, 215, 182, 245, 230, 175, 253, 95, 254, 236,
       63, 238, 251, 167, 236, 254, 63, 97, 255, 223, 255, 231, 236, 243,
       251, 255, 191, 126, 207, 191, 149, 127, 245, 223, 86, 253, 246,
       191, 255, 79, 254, 236, 191, 238, 251, 175, 236, 254, 63, 64, 255,
       255, 255, 231, 224, 243, 219, 255, 191, 254, 207, 159, 21, 127,
       165, 211, 61, 205, 107, 239, 212, 131, 239, 254, 87, 192, 252, 66,
       115, 233, 181, 32, 122, 234, 23, 235, 203, 187, 44, 191, 250, 205,
       167, 136, 117, 251, 240, 168, 62, 253, 190, 255, 253, 255, 255,
       252, 191, 254, 255, 19, 254, 255, 127, 230, 255, 255, 255, 211,
       254, 243, 251, 255, 255, 127, 207, 223, 215, 127, 173, 247, 158,
       253, 190, 255, 253, 223, 254, 248, 255, 254, 255, 63, 254, 255,
       170, 231, 255, 247, 255, 243, 255, 243, 123, 255, 255, 255, 239,
       215, 207, 127, 189, 247, 127, 253, 255, 255, 253, 223, 255, 252,
       191, 254, 255, 47, 254, 254, 255, 247, 255, 255, 255, 247, 255,
       227, 251, 255, 255, 255, 207, 191, 135, 255, 239, 247, 252, 113,
       252, 246, 173, 93, 87, 220, 211, 254, 180, 9, 219, 223, 75, 59,
       204, 213, 253, 106, 232, 103, 250, 160, 211, 217, 101, 63, 98,
       249, 78, 115, 127, 253, 254, 158, 253, 223, 255, 252, 191, 254,
       255, 175, 254, 254, 223, 247, 255, 255, 255, 215, 255, 99, 251,
       255, 255, 255, 207, 191, 207, 255, 239, 247, 252, 113, 188, 114,
       169, 93, 92, 216, 179, 254, 181, 25, 223, 223, 75, 155, 141, 213,
       253, 82, 108, 103, 250, 176, 219, 219, 101, 61, 98, 245, 206, 83,
       141, 188, 253, 247, 238, 59, 237, 223, 127, 243, 246, 246, 223,
       235, 220, 233, 127, 206, 126, 28, 179, 252, 239, 242, 254, 251,
       247, 196, 239, 248, 249, 177, 157, 94, 127, 247, 52, 10, 107, 56,
       124, 234, 119, 244, 255, 67, 153, 113, 118, 109, 94, 110, 233,
       244, 109, 47, 196, 251, 163, 128, 108, 169, 65, 49, 205, 188, 189,
       115, 168, 44, 125, 183, 251, 251, 183, 84, 255, 63, 72, 123, 135,
       87, 125, 30, 243, 237, 251, 99, 207, 251, 118, 212, 202, 240, 195,
       123, 205, 254, 189, 119, 173, 188, 117, 182, 251, 251, 182, 92,
       255, 247, 73, 59, 133, 119, 124, 30, 163, 109, 251, 35, 207, 251,
       117, 114, 202, 240, 195, 123, 159, 253, 191, 255, 253, 223, 255,
       248, 191, 254, 255, 39, 254, 255, 175, 231, 255, 255, 255, 243,
       239, 243, 123, 255, 255, 255, 239, 215, 223, 127, 253, 247, 47,
       189, 247, 207, 253, 127, 255, 252, 127, 238, 254, 14, 254, 254,
       63, 244, 255, 255, 255, 235, 245, 243, 251, 254, 255, 127, 135,
