%YAML:1.0
---
descriptors: !!opencv-matrix
   rows: 202
   cols: 32
   dt: u
   data: [ 108, 229, 189, 99, 141, 109, 87, 136, 51, 63, 173, 24, 214,
       119, 72, 58, 145, 82, 105, 122, 58, 98, 251, 51, 235, 223, 85,
       125, 194, 91, 198, 98, 192, 16, 159, 116, 40, 108, 65, 18, 186,
       219, 34, 56, 247, 55, 64, 123, 131, 116, 124, 8, 1, 69, 179, 0,
       193, 187, 112, 16, 128, 224, 7, 51, 37, 245, 17, 67, 85, 79, 103,
       184, 110, 224, 43, 72, 214, 81, 77, 180, 145, 92, 82, 122, 65,
       240, 121, 28, 45, 156, 5, 118, 74, 59, 67, 162, 248, 184, 253,
       116, 40, 237, 81, 23, 178, 191, 164, 24, 55, 183, 64, 27, 1, 150,
       109, 8, 58, 111, 242, 1, 217, 203, 112, 121, 224, 128, 70, 123,
       237, 217, 85, 78, 233, 92, 70, 189, 201, 90, 165, 72, 250, 117,
       12, 247, 144, 246, 232, 106, 73, 99, 251, 169, 35, 250, 69, 58,
       90, 186, 194, 55, 69, 71, 149, 71, 176, 10, 110, 184, 108, 162,
       107, 64, 207, 98, 137, 82, 18, 68, 108, 110, 97, 208, 205, 106,
       172, 190, 103, 4, 136, 243, 1, 4, 148, 141, 94, 119, 146, 106, 79,
       175, 52, 162, 238, 16, 247, 115, 8, 81, 49, 246, 77, 168, 120,
       220, 25, 46, 235, 231, 37, 21, 160, 240, 228, 42, 192, 140, 157,
       254, 200, 236, 21, 167, 150, 23, 96, 24, 182, 243, 96, 91, 193,
       122, 106, 24, 50, 76, 250, 51, 205, 163, 116, 120, 144, 88, 135,
       170, 20, 68, 121, 103, 20, 79, 67, 56, 118, 160, 171, 10, 83, 83,
       9, 112, 49, 212, 72, 234, 104, 180, 121, 30, 249, 143, 5, 20, 113,
       187, 68, 34, 124, 182, 241, 68, 182, 111, 199, 187, 113, 234, 187,
       120, 83, 53, 136, 182, 23, 214, 76, 42, 249, 112, 121, 14, 185,
       206, 101, 52, 227, 251, 198, 49, 69, 113, 25, 101, 1, 79, 115, 8,
       104, 224, 43, 8, 214, 17, 1, 48, 144, 20, 72, 106, 1, 176, 241,
       12, 229, 156, 1, 22, 72, 51, 67, 34, 109, 97, 49, 69, 53, 30, 114,
       56, 105, 232, 127, 73, 219, 29, 159, 180, 148, 68, 124, 110, 196,
       176, 225, 12, 231, 255, 33, 134, 66, 183, 66, 101, 244, 236, 189,
       118, 136, 109, 69, 159, 178, 182, 173, 24, 215, 247, 73, 59, 1,
       214, 108, 10, 120, 101, 251, 34, 249, 235, 117, 124, 224, 240,
       198, 42, 108, 164, 228, 115, 205, 61, 76, 143, 123, 179, 173, 24,
       139, 41, 92, 62, 137, 198, 121, 28, 58, 106, 219, 162, 207, 223,
       85, 125, 194, 220, 218, 2, 69, 117, 152, 103, 177, 14, 119, 184,
       121, 168, 47, 76, 214, 115, 9, 18, 144, 204, 108, 110, 65, 240,
       217, 47, 231, 255, 5, 6, 72, 115, 67, 3, 104, 176, 49, 97, 105,
       205, 65, 0, 107, 61, 32, 8, 146, 23, 68, 186, 136, 16, 104, 24,
       11, 126, 243, 17, 133, 217, 17, 124, 66, 0, 70, 162, 208, 152,
       159, 252, 138, 64, 69, 55, 162, 19, 166, 88, 119, 183, 0, 123, 97,
       246, 125, 8, 25, 77, 179, 33, 217, 227, 116, 24, 160, 224, 166,
       56, 252, 162, 255, 112, 138, 233, 81, 91, 178, 23, 165, 56, 23,
       215, 72, 27, 39, 146, 109, 24, 58, 79, 162, 16, 217, 195, 113,
       124, 224, 192, 198, 98, 109, 103, 64, 7, 244, 27, 110, 184, 121,
       174, 127, 236, 195, 96, 159, 148, 26, 204, 100, 110, 204, 240,
       205, 46, 46, 190, 37, 20, 70, 251, 90, 132, 240, 170, 222, 114,
       168, 173, 85, 222, 178, 191, 164, 29, 55, 227, 74, 27, 33, 246,
       109, 24, 58, 79, 138, 32, 219, 195, 117, 121, 224, 208, 198, 43,
       248, 174, 252, 120, 170, 169, 81, 223, 179, 63, 164, 57, 55, 165,
       66, 27, 9, 178, 236, 24, 58, 111, 202, 51, 219, 195, 113, 121,
       243, 200, 198, 43, 248, 154, 88, 120, 170, 169, 80, 95, 131, 63,
       164, 57, 39, 129, 98, 27, 139, 178, 236, 16, 26, 47, 194, 17, 211,
       193, 113, 121, 242, 200, 206, 11, 77, 85, 17, 71, 49, 94, 119, 56,
       105, 232, 47, 64, 222, 51, 137, 118, 150, 84, 92, 106, 65, 144,
       121, 76, 231, 253, 33, 6, 74, 179, 67, 49, 248, 190, 183, 114,
       171, 232, 85, 255, 179, 23, 164, 56, 47, 247, 64, 159, 39, 247,
       237, 16, 58, 79, 170, 179, 219, 243, 85, 123, 226, 192, 134, 107,
       252, 36, 252, 114, 136, 109, 85, 223, 163, 183, 164, 25, 19, 247,
       75, 27, 1, 214, 237, 24, 58, 79, 218, 32, 219, 203, 117, 61, 226,
       240, 198, 106, 213, 70, 200, 71, 148, 62, 70, 154, 115, 174, 246,
       18, 67, 96, 159, 126, 113, 196, 108, 190, 172, 245, 237, 42, 242,
       239, 181, 5, 235, 243, 122, 4, 77, 142, 88, 65, 176, 191, 82, 191,
       118, 41, 62, 124, 211, 96, 138, 112, 151, 198, 76, 60, 190, 184,
       109, 63, 238, 207, 37, 116, 216, 218, 200, 5, 124, 176, 253, 114,
       168, 109, 85, 159, 227, 255, 165, 24, 91, 247, 72, 59, 129, 214,
       124, 24, 59, 99, 250, 32, 219, 203, 117, 125, 226, 240, 198, 115,
       221, 110, 156, 180, 168, 56, 92, 154, 250, 191, 163, 121, 223,
       226, 203, 219, 131, 199, 108, 30, 60, 69, 203, 34, 218, 243, 119,
       61, 160, 241, 139, 1, 242, 168, 204, 88, 201, 185, 240, 207, 171,
       55, 164, 157, 35, 161, 70, 27, 105, 162, 235, 16, 62, 111, 198,
       49, 94, 131, 80, 123, 225, 204, 222, 202, 230, 186, 190, 30, 234,
       165, 25, 207, 138, 191, 164, 189, 68, 231, 78, 27, 135, 119, 233,
       16, 18, 79, 170, 113, 219, 18, 93, 255, 128, 64, 135, 67, 100,
       180, 157, 218, 204, 173, 65, 143, 218, 59, 169, 24, 182, 243, 72,
       59, 129, 82, 106, 24, 51, 111, 218, 115, 157, 146, 85, 124, 216,
       72, 199, 34, 93, 69, 93, 103, 150, 78, 103, 184, 101, 160, 235, 0,
       83, 113, 9, 112, 50, 212, 124, 106, 105, 177, 125, 46, 239, 239,
       37, 16, 96, 179, 64, 32, 252, 12, 221, 118, 168, 110, 85, 190,
       177, 186, 166, 56, 119, 119, 1, 91, 135, 247, 109, 42, 104, 71,
       203, 34, 243, 235, 117, 24, 224, 241, 206, 35, 212, 141, 94, 246,
       138, 106, 78, 174, 180, 178, 166, 24, 247, 99, 9, 91, 35, 246,
       109, 170, 104, 205, 9, 46, 249, 227, 101, 21, 32, 240, 206, 10,
       100, 108, 31, 126, 93, 198, 167, 224, 240, 128, 225, 8, 214, 211,
       33, 49, 216, 120, 66, 106, 73, 227, 186, 108, 113, 178, 199, 8,
       64, 51, 102, 162, 116, 172, 249, 118, 232, 240, 81, 138, 179, 223,
       165, 56, 115, 255, 77, 58, 129, 247, 237, 18, 46, 71, 170, 51,
       219, 255, 117, 123, 160, 113, 70, 115, 124, 69, 156, 126, 11, 24,
       22, 168, 147, 134, 173, 9, 110, 227, 43, 210, 208, 246, 233, 98,
       108, 67, 202, 43, 243, 231, 69, 59, 50, 127, 14, 2, 208, 184, 188,
       112, 138, 232, 17, 71, 178, 23, 164, 24, 55, 151, 64, 27, 1, 159,
       104, 16, 26, 79, 178, 1, 217, 193, 112, 121, 224, 64, 134, 42,
       101, 97, 120, 103, 52, 31, 126, 40, 105, 160, 127, 9, 211, 9, 157,
       176, 146, 76, 125, 111, 196, 176, 201, 12, 102, 253, 33, 5, 68,
       179, 90, 0, 92, 101, 120, 103, 115, 90, 127, 168, 49, 164, 111,
       136, 223, 23, 137, 112, 50, 221, 253, 234, 64, 144, 233, 78, 231,
       237, 33, 133, 99, 179, 7, 32, 37, 116, 123, 69, 80, 79, 99, 48,
       96, 224, 111, 72, 114, 22, 133, 48, 24, 124, 64, 106, 1, 180, 241,
       12, 69, 140, 33, 0, 105, 179, 70, 180, 120, 168, 255, 114, 172,
       205, 81, 215, 226, 21, 164, 8, 55, 147, 64, 58, 129, 178, 108, 16,
       26, 107, 242, 49, 219, 193, 116, 121, 224, 128, 198, 42, 244, 252,
       189, 118, 136, 109, 87, 159, 178, 183, 173, 24, 215, 247, 73, 59,
       1, 214, 108, 26, 122, 69, 250, 34, 251, 203, 117, 60, 224, 241,
       198, 106, 109, 241, 57, 107, 153, 77, 71, 168, 67, 48, 173, 8,
       210, 85, 72, 48, 217, 80, 104, 106, 75, 34, 251, 61, 239, 217, 5,
       60, 82, 59, 70, 98, 205, 116, 157, 103, 161, 110, 119, 152, 121,
       234, 111, 24, 222, 113, 73, 58, 145, 94, 120, 42, 97, 244, 249,
       42, 231, 255, 69, 6, 202, 115, 195, 35, 69, 116, 185, 103, 241,
       110, 119, 184, 121, 234, 111, 76, 214, 119, 9, 50, 145, 84, 120,
       122, 161, 240, 249, 106, 111, 255, 5, 4, 202, 115, 67, 51, 197,
       117, 157, 99, 148, 111, 71, 152, 114, 250, 47, 8, 215, 113, 73,
       58, 145, 84, 120, 122, 57, 240, 249, 34, 237, 159, 69, 116, 200,
       123, 194, 34, 252, 36, 172, 116, 141, 125, 85, 15, 115, 183, 164,
       24, 147, 57, 83, 59, 201, 214, 233, 24, 56, 102, 243, 2, 203, 251,
