%YAML:1.0
---
descriptors: !!opencv-matrix
   rows: 62
   cols: 32
   dt: u
   data: [ 222, 184, 188, 254, 169, 253, 93, 215, 171, 95, 180, 61, 190,
       255, 66, 59, 135, 243, 253, 17, 187, 79, 250, 177, 219, 219, 125,
       251, 146, 100, 135, 115, 228, 85, 61, 111, 188, 15, 71, 184, 86,
       174, 43, 76, 211, 101, 9, 113, 209, 68, 104, 126, 105, 244, 121,
       30, 237, 190, 5, 20, 208, 251, 68, 48, 219, 190, 254, 120, 171,
       252, 29, 215, 187, 95, 148, 189, 175, 190, 194, 249, 167, 179,
       253, 149, 191, 79, 182, 243, 219, 219, 126, 251, 190, 212, 175,
       95, 68, 100, 21, 101, 32, 78, 102, 168, 104, 162, 107, 72, 215,
       59, 9, 50, 146, 213, 104, 106, 73, 240, 217, 14, 229, 190, 5, 20,
       72, 51, 67, 32, 240, 168, 253, 112, 136, 237, 81, 87, 162, 51,
       164, 24, 19, 151, 64, 59, 129, 146, 125, 24, 26, 79, 242, 49, 219,
       201, 116, 121, 224, 192, 198, 42, 69, 99, 17, 71, 52, 30, 102,
       184, 104, 232, 123, 76, 222, 0, 153, 180, 146, 76, 76, 110, 193,
       176, 201, 12, 36, 188, 33, 4, 74, 179, 75, 5, 218, 180, 188, 240,
       171, 228, 93, 158, 187, 127, 150, 61, 159, 191, 74, 59, 167, 215,
       253, 145, 187, 79, 250, 243, 219, 219, 127, 255, 130, 68, 167,
       123, 240, 190, 222, 50, 138, 233, 85, 215, 178, 63, 164, 189, 55,
       231, 66, 27, 167, 163, 109, 148, 62, 79, 138, 51, 218, 195, 116,
       249, 160, 208, 142, 91, 229, 85, 21, 103, 189, 111, 71, 184, 126,
       234, 43, 8, 210, 117, 9, 113, 145, 68, 104, 122, 105, 244, 121,
       30, 229, 190, 69, 20, 88, 123, 64, 50, 69, 113, 185, 103, 1, 78,
       55, 184, 104, 226, 47, 8, 214, 119, 73, 50, 148, 85, 112, 106,
       193, 240, 249, 74, 231, 191, 69, 36, 72, 115, 7, 114, 244, 36,
       157, 246, 172, 108, 84, 151, 178, 187, 163, 24, 215, 241, 73, 27,
       129, 246, 109, 18, 59, 101, 219, 34, 217, 131, 117, 125, 168, 105,
       134, 26, 253, 221, 255, 127, 180, 94, 127, 188, 125, 238, 255, 28,
       95, 125, 155, 112, 55, 246, 125, 110, 249, 180, 57, 254, 255, 255,
       37, 148, 231, 243, 198, 115, 112, 160, 252, 112, 12, 233, 81, 87,
       226, 55, 164, 24, 23, 145, 64, 27, 9, 146, 108, 16, 26, 111, 226,
       17, 219, 129, 113, 121, 224, 200, 70, 42, 104, 245, 60, 113, 185,
       205, 21, 175, 59, 63, 44, 25, 166, 51, 74, 16, 135, 18, 225, 16,
       114, 104, 219, 55, 239, 215, 85, 127, 210, 88, 143, 43, 77, 113,
       17, 71, 112, 30, 98, 56, 104, 232, 107, 108, 222, 16, 141, 180,
       150, 76, 68, 110, 193, 176, 249, 76, 36, 188, 33, 6, 74, 179, 67,
       37, 252, 174, 172, 182, 140, 173, 84, 143, 178, 255, 142, 157,
       247, 236, 90, 27, 129, 230, 125, 23, 190, 77, 203, 34, 248, 195,
       253, 121, 168, 121, 158, 90, 69, 113, 17, 69, 16, 14, 102, 57,
       104, 168, 99, 76, 214, 17, 9, 52, 148, 76, 64, 106, 193, 176, 217,
       12, 165, 184, 36, 4, 72, 178, 195, 32, 220, 236, 157, 246, 168,
       109, 69, 154, 178, 191, 163, 24, 215, 247, 72, 27, 129, 214, 108,
       18, 58, 71, 218, 34, 217, 195, 117, 124, 160, 113, 135, 35, 100,
       161, 153, 99, 141, 79, 71, 136, 98, 177, 169, 8, 210, 113, 72, 16,
       152, 214, 104, 122, 26, 50, 217, 16, 237, 148, 5, 117, 208, 59,
       198, 34, 69, 113, 17, 101, 16, 78, 66, 56, 104, 160, 107, 72, 214,
       19, 9, 112, 144, 28, 72, 106, 73, 176, 241, 12, 165, 188, 1, 4,
       72, 35, 66, 32, 236, 244, 189, 107, 173, 111, 87, 152, 123, 250,
       37, 8, 214, 117, 73, 59, 145, 84, 108, 106, 43, 116, 249, 59, 239,
       219, 69, 119, 210, 123, 70, 35, 250, 186, 188, 58, 171, 253, 93,
       223, 171, 95, 180, 189, 47, 254, 98, 155, 167, 243, 253, 5, 190,
       79, 186, 177, 219, 211, 125, 251, 178, 68, 143, 95, 250, 186, 182,
       26, 171, 241, 28, 207, 159, 95, 148, 189, 110, 230, 238, 159, 135,
       243, 253, 21, 191, 79, 174, 241, 154, 83, 93, 251, 154, 85, 143,
       93, 253, 249, 221, 102, 168, 78, 71, 189, 224, 250, 166, 72, 115,
       113, 137, 51, 2, 198, 108, 106, 105, 99, 251, 40, 241, 233, 101,
       28, 104, 242, 194, 41, 127, 186, 166, 154, 171, 177, 28, 222, 139,
       127, 148, 189, 46, 238, 255, 255, 135, 243, 253, 21, 190, 79, 174,
       241, 154, 83, 93, 255, 158, 213, 175, 95, 250, 186, 254, 58, 171,
       249, 93, 223, 171, 95, 180, 189, 47, 254, 106, 155, 135, 243, 253,
       21, 158, 79, 186, 177, 219, 211, 125, 251, 246, 68, 143, 95, 250,
       184, 188, 250, 171, 253, 89, 223, 171, 223, 148, 61, 63, 255, 66,
       27, 135, 243, 253, 17, 190, 79, 250, 177, 219, 219, 125, 251, 178,
       68, 135, 123, 217, 172, 158, 62, 140, 173, 84, 239, 243, 255, 164,
       29, 247, 249, 82, 91, 129, 231, 108, 21, 62, 111, 218, 51, 251,
       227, 117, 57, 232, 112, 139, 74, 252, 237, 140, 182, 172, 237, 86,
       191, 178, 255, 138, 29, 247, 236, 91, 27, 129, 230, 125, 23, 62,
       109, 219, 34, 249, 199, 253, 125, 160, 121, 158, 82, 101, 109, 49,
       87, 213, 220, 230, 160, 105, 232, 107, 72, 242, 48, 21, 182, 136,
       110, 114, 78, 193, 248, 217, 110, 45, 62, 4, 0, 74, 243, 82, 172,
       227, 174, 135, 158, 233, 173, 69, 135, 187, 127, 162, 93, 166,
       226, 86, 95, 133, 230, 104, 29, 182, 79, 250, 113, 157, 50, 93,
       122, 128, 68, 214, 124, 241, 156, 95, 102, 144, 46, 71, 183, 112,
       194, 170, 92, 115, 113, 128, 112, 17, 230, 108, 44, 185, 173, 49,
       47, 249, 239, 36, 80, 232, 242, 194, 40, 252, 121, 253, 118, 168,
       76, 69, 189, 240, 250, 166, 24, 119, 245, 193, 59, 0, 244, 108,
       106, 105, 103, 251, 42, 241, 235, 101, 60, 96, 240, 198, 41, 236,
       120, 189, 99, 237, 79, 87, 152, 123, 250, 39, 40, 215, 117, 73,
       59, 145, 212, 108, 122, 97, 112, 249, 56, 239, 219, 101, 55, 194,
       59, 70, 35, 100, 102, 172, 167, 12, 47, 79, 152, 66, 164, 139,
       141, 215, 108, 91, 11, 149, 196, 109, 119, 204, 112, 237, 24, 237,
       247, 237, 52, 164, 251, 22, 66, 211, 168, 135, 176, 141, 253, 64,
       135, 175, 83, 130, 29, 174, 176, 80, 219, 129, 167, 108, 29, 59,
       77, 147, 49, 153, 242, 84, 90, 136, 68, 147, 126, 252, 126, 255,
       118, 42, 104, 81, 214, 242, 190, 164, 56, 51, 247, 193, 59, 39,
       244, 108, 154, 40, 103, 170, 34, 211, 235, 117, 56, 225, 241, 70,
       105, 252, 62, 214, 50, 171, 233, 80, 218, 179, 187, 161, 57, 15,
       255, 73, 155, 167, 215, 237, 18, 62, 71, 138, 34, 219, 210, 81,
       127, 226, 101, 14, 19, 244, 107, 255, 118, 170, 72, 69, 188, 160,
       190, 182, 40, 115, 247, 193, 59, 34, 244, 108, 106, 72, 99, 170,
       32, 211, 233, 101, 60, 97, 241, 198, 35, 252, 120, 253, 118, 168,
       72, 69, 189, 241, 190, 166, 56, 115, 247, 201, 59, 38, 244, 108,
       106, 104, 103, 234, 34, 243, 235, 101, 60, 96, 240, 198, 43, 236,
       188, 140, 180, 173, 237, 87, 191, 187, 255, 142, 25, 247, 245, 67,
       19, 129, 246, 253, 18, 122, 79, 219, 50, 251, 247, 85, 63, 130,
       116, 150, 122, 100, 97, 173, 167, 12, 15, 79, 152, 2, 228, 139,
       13, 211, 101, 89, 18, 152, 196, 121, 127, 73, 112, 217, 8, 237,
       132, 165, 52, 128, 251, 22, 112, 209, 164, 159, 56, 168, 253, 113,
       71, 254, 87, 172, 29, 182, 178, 66, 27, 129, 34, 108, 29, 63, 111,
       242, 19, 217, 223, 86, 122, 192, 64, 139, 122, 252, 126, 254, 118,
       43, 104, 93, 214, 179, 159, 164, 185, 59, 199, 67, 27, 39, 244,
       237, 138, 40, 71, 138, 34, 211, 235, 117, 57, 226, 241, 110, 59,
       252, 62, 254, 114, 42, 104, 81, 210, 179, 191, 164, 185, 59, 247,
       67, 27, 39, 244, 237, 26, 42, 103, 138, 34, 219, 203, 117, 57,
       227, 241, 70, 51, 246, 62, 215, 50, 171, 45, 80, 202, 187, 187,
       161, 253, 79, 247, 65, 27, 167, 247, 237, 16, 62, 71, 138, 98,
       154, 210, 85, 255, 226, 97, 14, 19, 229, 109, 129, 199, 216, 15,
       79, 184, 19, 170, 169, 72, 211, 115, 73, 54, 89, 220, 124, 250,
       73, 66, 217, 42, 173, 156, 133, 60, 32, 251, 82, 32, 164, 100, 65,
       71, 84, 79, 111, 184, 49, 162, 227, 72, 211, 101, 29, 53, 24, 220,
       85, 106, 233, 246, 249, 14, 167, 190, 5, 52, 106, 251, 86, 176,
