%YAML:1.0
---
descriptors: !!opencv-matrix
   rows: 193
   cols: 32
   dt: u
   data: [ 108, 52, 157, 99, 141, 111, 71, 152, 122, 250, 47, 24, 214,
       115, 73, 59, 145, 86, 120, 58, 57, 64, 249, 2, 207, 255, 69, 118,
       192, 115, 198, 98, 253, 190, 156, 50, 168, 45, 93, 159, 179, 255,
       180, 189, 95, 247, 202, 27, 135, 215, 253, 20, 191, 79, 202, 49,
       218, 195, 117, 253, 168, 240, 142, 83, 81, 143, 95, 101, 180, 46,
       79, 183, 100, 168, 250, 68, 247, 33, 128, 112, 20, 102, 108, 110,
       233, 184, 69, 47, 232, 175, 32, 144, 104, 226, 194, 41, 81, 159,
       31, 101, 176, 46, 71, 183, 100, 136, 250, 68, 247, 51, 128, 114,
       52, 102, 108, 110, 249, 169, 49, 47, 224, 175, 36, 208, 104, 226,
       194, 41, 90, 187, 88, 165, 114, 154, 58, 55, 41, 8, 120, 237, 173,
       11, 130, 144, 182, 45, 205, 64, 68, 152, 193, 93, 182, 229, 42,
       131, 44, 134, 15, 139, 193, 168, 253, 81, 170, 249, 57, 135, 254,
       115, 134, 152, 149, 182, 208, 123, 135, 123, 120, 28, 183, 77,
       239, 115, 204, 155, 95, 120, 132, 192, 139, 44, 116, 101, 49, 102,
       158, 75, 71, 232, 64, 166, 169, 10, 83, 117, 73, 50, 24, 212, 64,
       106, 104, 35, 249, 14, 121, 142, 5, 60, 97, 123, 86, 96, 224, 180,
       25, 218, 220, 237, 71, 175, 218, 51, 169, 24, 182, 241, 72, 112,
       129, 90, 106, 10, 51, 107, 250, 115, 253, 150, 17, 124, 208, 89,
       199, 42, 93, 68, 127, 103, 22, 79, 107, 184, 100, 32, 239, 0, 83,
       115, 25, 112, 48, 212, 92, 106, 41, 176, 121, 62, 231, 239, 33,
       20, 224, 179, 64, 34, 124, 176, 249, 112, 137, 252, 81, 223, 227,
       181, 164, 24, 27, 183, 72, 186, 133, 214, 196, 24, 26, 107, 250,
       0, 219, 201, 53, 125, 227, 192, 198, 98, 192, 172, 157, 255, 200,
       237, 37, 175, 190, 23, 32, 24, 182, 179, 64, 91, 129, 114, 106,
       24, 114, 76, 218, 51, 205, 163, 118, 120, 144, 80, 135, 170, 220,
       69, 174, 230, 5, 70, 111, 168, 48, 166, 207, 2, 93, 243, 9, 82,
       112, 212, 121, 234, 104, 211, 137, 10, 243, 231, 199, 5, 34, 115,
       124, 34, 76, 117, 125, 103, 178, 78, 63, 189, 57, 228, 111, 172,
       223, 39, 137, 16, 150, 93, 237, 110, 209, 144, 249, 78, 231, 247,
       101, 4, 64, 242, 135, 241, 77, 119, 61, 103, 53, 30, 118, 184,
       121, 232, 127, 76, 222, 121, 159, 176, 148, 68, 252, 110, 229,
       240, 249, 12, 231, 255, 101, 6, 74, 183, 67, 119, 80, 184, 154,
       56, 136, 237, 17, 143, 230, 115, 166, 24, 183, 245, 64, 59, 129,
       51, 108, 17, 59, 109, 210, 49, 217, 131, 119, 121, 232, 64, 143,
       10, 145, 142, 217, 123, 176, 170, 107, 159, 118, 35, 106, 208,
       243, 99, 176, 121, 51, 42, 44, 28, 59, 220, 13, 59, 204, 175, 55,
       64, 184, 192, 225, 40, 65, 170, 155, 153, 236, 169, 105, 199, 238,
       19, 104, 240, 181, 162, 240, 74, 67, 34, 106, 28, 19, 88, 199,
       113, 204, 130, 114, 104, 156, 192, 129, 168, 108, 97, 12, 126,
       153, 68, 87, 232, 179, 204, 236, 9, 243, 243, 11, 80, 216, 226,
       121, 238, 74, 3, 218, 31, 235, 255, 133, 61, 24, 51, 98, 114, 240,
       40, 255, 112, 10, 232, 65, 82, 178, 151, 164, 56, 55, 151, 64, 27,
       39, 180, 108, 152, 58, 79, 162, 0, 217, 163, 113, 56, 224, 193,
       102, 98, 240, 164, 252, 112, 170, 233, 81, 223, 178, 191, 164, 56,
       23, 179, 64, 27, 3, 146, 109, 24, 58, 111, 234, 19, 219, 203, 117,
       125, 241, 192, 198, 43, 248, 32, 255, 112, 136, 105, 81, 83, 162,
       183, 164, 24, 23, 135, 64, 27, 35, 148, 108, 24, 24, 79, 162, 0,
       217, 193, 117, 125, 224, 192, 6, 98, 76, 112, 157, 84, 105, 92,
       49, 0, 233, 218, 37, 8, 158, 149, 77, 59, 128, 85, 96, 2, 65, 118,
       242, 0, 71, 219, 81, 42, 66, 49, 71, 163, 229, 99, 49, 71, 112,
       15, 71, 184, 120, 172, 39, 72, 210, 85, 137, 53, 144, 92, 68, 106,
       200, 240, 249, 14, 101, 152, 37, 52, 64, 179, 70, 161, 212, 164,
       188, 112, 138, 104, 17, 11, 170, 191, 167, 25, 87, 183, 72, 27,
       163, 151, 237, 16, 58, 69, 187, 2, 217, 195, 117, 119, 224, 64,
       135, 99, 252, 124, 245, 86, 168, 109, 71, 216, 179, 190, 165, 24,
       115, 247, 201, 63, 17, 246, 108, 122, 105, 103, 250, 34, 251, 202,
       101, 56, 226, 243, 198, 35, 145, 14, 203, 117, 48, 10, 99, 51,
       116, 3, 98, 208, 211, 33, 144, 112, 115, 236, 44, 172, 41, 252,
       69, 14, 228, 174, 48, 0, 108, 160, 64, 32, 253, 170, 244, 178,
       168, 173, 92, 159, 179, 187, 180, 249, 223, 255, 74, 27, 135, 215,
       253, 20, 190, 79, 202, 49, 219, 219, 117, 253, 162, 212, 130, 75,
       120, 176, 59, 112, 49, 237, 81, 87, 234, 61, 44, 24, 55, 151, 64,
       48, 163, 50, 76, 24, 18, 105, 178, 21, 219, 205, 48, 123, 194, 0,
       199, 107, 229, 134, 216, 75, 180, 191, 71, 184, 119, 63, 63, 124,
       211, 96, 142, 112, 23, 206, 12, 126, 190, 180, 109, 55, 238, 159,
       37, 116, 216, 219, 200, 5, 93, 38, 220, 71, 148, 62, 106, 152, 97,
       171, 191, 84, 75, 96, 159, 254, 51, 198, 108, 190, 172, 208, 237,
       46, 174, 239, 37, 21, 235, 243, 74, 4, 69, 113, 29, 69, 3, 78, 55,
       32, 104, 64, 99, 8, 222, 23, 9, 50, 144, 84, 104, 106, 65, 240,
       185, 76, 165, 184, 64, 6, 72, 51, 67, 34, 226, 168, 204, 82, 201,
       185, 64, 207, 179, 55, 164, 153, 35, 225, 78, 159, 73, 130, 235,
       16, 58, 111, 202, 49, 94, 211, 85, 127, 227, 200, 222, 138, 220,
       102, 220, 183, 168, 42, 84, 138, 178, 183, 167, 153, 199, 227, 75,
       91, 19, 196, 108, 30, 60, 69, 207, 34, 210, 227, 117, 29, 160,
       241, 74, 0, 83, 123, 19, 165, 18, 142, 42, 48, 40, 200, 82, 237,
       189, 6, 130, 144, 166, 173, 76, 229, 197, 152, 132, 111, 180, 36,
       42, 128, 44, 134, 11, 93, 193, 172, 253, 115, 170, 232, 61, 135,
       254, 55, 166, 144, 183, 231, 80, 123, 3, 55, 120, 24, 50, 77, 255,
       51, 205, 171, 127, 88, 132, 192, 135, 40, 212, 174, 188, 247, 172,
       47, 93, 191, 248, 190, 178, 88, 215, 97, 72, 11, 133, 119, 109,
       43, 232, 101, 203, 42, 201, 235, 117, 48, 64, 248, 131, 3, 244,
       52, 172, 247, 140, 111, 85, 186, 242, 179, 143, 24, 215, 113, 73,
       59, 129, 214, 125, 59, 56, 101, 219, 34, 249, 131, 117, 53, 168,
       121, 214, 18, 93, 69, 125, 103, 20, 78, 71, 184, 101, 160, 235,
       72, 83, 115, 25, 112, 48, 196, 124, 106, 41, 177, 25, 14, 245,
       239, 37, 20, 99, 179, 64, 32, 192, 152, 189, 95, 136, 237, 145,
       138, 222, 19, 160, 24, 246, 244, 68, 107, 129, 115, 104, 0, 50,
       109, 251, 49, 201, 186, 85, 58, 208, 104, 5, 42, 117, 96, 156, 52,
       8, 108, 69, 10, 226, 242, 161, 25, 211, 123, 91, 26, 137, 196,
       104, 30, 8, 103, 219, 0, 193, 171, 85, 60, 224, 113, 66, 66, 220,
       133, 28, 118, 136, 106, 87, 174, 176, 178, 166, 24, 83, 115, 9,
       83, 33, 214, 108, 98, 104, 197, 89, 46, 249, 227, 101, 21, 32,
       113, 206, 10, 84, 229, 156, 102, 137, 38, 79, 136, 162, 190, 175,
       8, 83, 99, 75, 90, 81, 198, 105, 254, 88, 67, 219, 32, 251, 235,
       197, 125, 160, 115, 226, 34, 100, 69, 61, 109, 152, 79, 71, 184,
       86, 164, 171, 8, 211, 101, 9, 80, 81, 196, 104, 126, 105, 160,
       121, 30, 233, 174, 5, 20, 208, 251, 68, 48, 192, 172, 157, 255,
       200, 237, 21, 135, 182, 23, 96, 24, 183, 243, 64, 91, 129, 122,
       104, 24, 50, 76, 218, 51, 205, 163, 116, 120, 144, 80, 135, 170,
       116, 69, 93, 101, 22, 75, 67, 40, 100, 160, 171, 8, 83, 51, 9,
       112, 48, 212, 72, 106, 8, 176, 121, 30, 245, 175, 1, 20, 113, 171,
       68, 32, 108, 119, 113, 101, 49, 79, 86, 184, 97, 168, 235, 72,
       195, 89, 29, 48, 152, 220, 236, 98, 201, 240, 217, 12, 231, 253,
       1, 21, 74, 179, 70, 18, 116, 253, 125, 70, 188, 111, 71, 190, 225,
       230, 174, 12, 83, 117, 137, 54, 23, 214, 76, 106, 249, 35, 249,
       46, 249, 174, 101, 52, 97, 251, 198, 114, 244, 69, 150, 188, 137,
       106, 22, 200, 187, 134, 233, 9, 78, 227, 41, 223, 208, 245, 232,
       98, 108, 67, 138, 10, 178, 246, 69, 31, 130, 119, 46, 6, 237, 180,
       189, 101, 173, 123, 85, 47, 123, 254, 53, 56, 214, 53, 206, 59,
