%YAML:1.0
---
descriptors: !!opencv-matrix
   rows: 336
   cols: 32
   dt: u
   data: [ 100, 101, 18, 14, 25, 75, 134, 232, 174, 128, 233, 8, 198,
       226, 41, 192, 120, 236, 106, 98, 64, 35, 154, 30, 177, 132, 15,
       61, 81, 59, 35, 130, 125, 85, 125, 103, 160, 78, 79, 184, 97, 232,
       191, 76, 83, 119, 137, 115, 52, 212, 124, 106, 201, 176, 249, 44,
       243, 233, 101, 148, 104, 243, 66, 49, 149, 221, 121, 239, 180, 47,
       79, 188, 52, 234, 127, 116, 215, 115, 137, 112, 119, 206, 29, 126,
       249, 176, 121, 63, 235, 239, 39, 132, 168, 243, 192, 49, 93, 93,
       125, 103, 180, 14, 79, 184, 97, 232, 191, 76, 247, 119, 137, 113,
       86, 212, 92, 110, 233, 129, 249, 46, 243, 239, 101, 148, 104, 243,
       66, 49, 149, 253, 219, 255, 180, 174, 127, 191, 126, 234, 91, 80,
       247, 119, 153, 96, 119, 127, 31, 58, 251, 156, 217, 63, 237, 239,
       47, 132, 172, 251, 129, 177, 172, 52, 189, 99, 173, 125, 83, 152,
       91, 255, 165, 24, 222, 93, 75, 59, 145, 81, 253, 58, 51, 100, 251,
       18, 207, 219, 69, 125, 194, 107, 71, 115, 134, 252, 254, 255, 252,
       171, 254, 239, 191, 183, 242, 59, 254, 254, 94, 75, 255, 255, 127,
       147, 58, 255, 203, 251, 253, 159, 255, 161, 245, 121, 229, 11,
       236, 180, 61, 115, 237, 253, 81, 153, 127, 123, 37, 24, 222, 125,
       74, 59, 153, 18, 253, 16, 59, 108, 251, 151, 207, 223, 81, 127,
       210, 74, 198, 242, 252, 188, 253, 118, 168, 108, 85, 191, 178,
       190, 164, 24, 115, 119, 73, 59, 1, 214, 108, 42, 120, 111, 250,
       42, 251, 195, 117, 60, 224, 240, 134, 99, 246, 237, 246, 191, 253,
       187, 254, 239, 63, 243, 251, 155, 236, 255, 94, 207, 255, 207,
       255, 183, 246, 119, 203, 255, 190, 223, 223, 199, 215, 253, 235,
       207, 134, 236, 222, 159, 252, 187, 254, 239, 191, 183, 243, 155,
       238, 238, 94, 75, 255, 223, 255, 131, 118, 255, 203, 255, 254,
       255, 223, 167, 149, 121, 237, 155, 255, 173, 246, 159, 253, 59,
       254, 239, 63, 243, 251, 26, 239, 234, 95, 239, 255, 223, 255, 179,
       254, 247, 207, 234, 190, 254, 207, 175, 151, 125, 235, 133, 246,
       236, 246, 223, 239, 59, 254, 238, 63, 178, 251, 154, 238, 238,
       221, 239, 127, 255, 255, 163, 224, 247, 239, 250, 190, 254, 223,
       150, 215, 255, 226, 133, 104, 180, 189, 254, 141, 253, 85, 175,
       223, 127, 172, 24, 190, 189, 78, 51, 201, 26, 249, 0, 59, 106,
       242, 179, 239, 223, 84, 123, 210, 72, 198, 122, 246, 236, 246,
       215, 252, 171, 238, 252, 63, 242, 255, 18, 238, 235, 29, 79, 127,
       239, 127, 187, 224, 231, 203, 254, 190, 190, 207, 148, 135, 255,
       227, 136, 238, 237, 246, 255, 252, 171, 238, 252, 191, 146, 251,
       26, 239, 235, 61, 67, 123, 239, 127, 227, 248, 255, 207, 255, 254,
       255, 207, 156, 183, 251, 227, 128, 96, 184, 156, 250, 136, 205,
       81, 143, 138, 19, 160, 24, 182, 243, 72, 91, 129, 18, 106, 16, 19,
       107, 218, 49, 221, 146, 85, 121, 208, 8, 199, 42, 16, 172, 155,
       117, 148, 238, 103, 227, 118, 164, 234, 0, 115, 243, 33, 112, 121,
       254, 32, 168, 40, 248, 49, 14, 249, 238, 37, 0, 224, 96, 100, 170,
       81, 77, 93, 101, 146, 14, 71, 190, 100, 160, 170, 8, 215, 49, 1,
       114, 50, 212, 108, 106, 105, 168, 113, 14, 233, 175, 37, 20, 96,
       178, 64, 32, 244, 84, 189, 116, 168, 110, 85, 50, 160, 186, 182,
       40, 87, 55, 129, 123, 135, 215, 125, 42, 104, 103, 227, 8, 211,
       235, 117, 16, 96, 241, 70, 43, 238, 188, 148, 254, 173, 47, 94,
       184, 191, 187, 185, 92, 223, 251, 92, 27, 221, 199, 127, 51, 187,
       103, 219, 243, 255, 255, 245, 254, 218, 251, 194, 17, 252, 252,
       188, 255, 173, 47, 94, 188, 255, 187, 183, 88, 255, 253, 93, 59,
       223, 215, 125, 122, 251, 103, 219, 178, 255, 251, 117, 252, 202,
       251, 194, 19, 141, 245, 49, 71, 241, 79, 55, 189, 57, 232, 127,
       108, 222, 119, 140, 52, 148, 93, 213, 98, 225, 240, 249, 110, 111,
       221, 37, 230, 74, 50, 135, 243, 118, 213, 246, 230, 254, 11, 126,
       248, 63, 226, 251, 171, 79, 255, 61, 80, 127, 221, 255, 227, 224,
       243, 201, 254, 190, 254, 143, 182, 39, 255, 112, 209, 69, 112,
       149, 69, 1, 79, 98, 8, 104, 224, 35, 8, 214, 17, 73, 50, 144, 84,
       104, 106, 1, 240, 217, 8, 133, 152, 5, 54, 72, 51, 67, 34, 118,
       205, 118, 166, 252, 11, 254, 232, 63, 170, 251, 10, 79, 234, 61,
       80, 251, 205, 127, 227, 228, 243, 137, 254, 190, 254, 143, 190,
       53, 123, 241, 133, 156, 242, 252, 247, 172, 11, 95, 184, 174, 186,
       179, 240, 223, 127, 153, 75, 239, 213, 127, 227, 232, 229, 75, 50,
       238, 235, 111, 148, 228, 243, 33, 1, 252, 80, 159, 254, 233, 100,
       21, 146, 185, 26, 165, 24, 28, 247, 105, 123, 197, 87, 253, 2, 97,
       71, 186, 96, 211, 243, 86, 63, 18, 113, 166, 51, 129, 121, 19, 69,
       64, 78, 167, 52, 104, 194, 98, 72, 242, 16, 133, 53, 152, 124, 80,
       106, 225, 180, 117, 12, 37, 184, 4, 2, 73, 50, 67, 172, 252, 228,
       156, 254, 205, 111, 94, 255, 31, 179, 233, 24, 218, 251, 93, 91,
       217, 230, 127, 162, 104, 103, 219, 250, 251, 255, 199, 63, 211,
       123, 242, 130, 220, 144, 188, 247, 172, 108, 121, 154, 175, 187,
       183, 56, 223, 247, 73, 91, 199, 215, 125, 26, 56, 69, 219, 128,
       203, 251, 119, 156, 128, 233, 1, 115, 28, 53, 185, 114, 219, 237,
       49, 206, 251, 145, 173, 24, 30, 247, 77, 58, 161, 155, 192, 144,
       19, 107, 186, 114, 91, 213, 21, 111, 195, 65, 167, 162, 237, 113,
       29, 103, 40, 14, 71, 184, 96, 232, 175, 76, 215, 113, 137, 51, 16,
       196, 108, 110, 233, 96, 249, 40, 225, 233, 101, 20, 72, 243, 66,
       48, 253, 121, 29, 103, 128, 14, 71, 184, 96, 232, 175, 76, 83,
       113, 9, 51, 16, 196, 124, 106, 201, 224, 249, 40, 225, 233, 101,
       20, 104, 243, 66, 33, 236, 252, 188, 254, 141, 237, 86, 182, 223,
       154, 165, 24, 254, 249, 65, 91, 201, 242, 255, 18, 42, 110, 218,
       187, 235, 219, 85, 59, 210, 91, 214, 26, 248, 188, 188, 112, 169,
       253, 81, 215, 251, 59, 180, 24, 191, 255, 64, 59, 133, 183, 253,
       16, 59, 111, 242, 179, 219, 219, 117, 121, 194, 72, 199, 123, 232,
       188, 180, 126, 173, 253, 84, 223, 255, 187, 180, 24, 191, 253, 64,
       59, 201, 242, 253, 24, 190, 111, 250, 179, 219, 251, 85, 123, 210,
       204, 198, 26, 198, 172, 214, 191, 238, 35, 254, 238, 191, 147,
       242, 18, 236, 234, 93, 91, 255, 231, 127, 131, 56, 255, 203, 251,
       190, 190, 223, 142, 229, 241, 227, 137, 232, 181, 188, 97, 161,
       111, 117, 159, 127, 63, 39, 24, 159, 55, 72, 59, 149, 23, 125, 56,
       50, 124, 241, 18, 239, 219, 116, 117, 194, 64, 198, 51, 230, 172,
       246, 223, 236, 169, 236, 255, 191, 51, 242, 18, 237, 235, 125, 91,
       239, 239, 127, 147, 186, 255, 203, 243, 190, 254, 223, 232, 151,
       216, 227, 136, 232, 253, 188, 115, 169, 253, 85, 191, 127, 127,
       44, 24, 190, 55, 72, 59, 133, 83, 255, 24, 114, 108, 251, 51, 239,
       223, 116, 127, 210, 88, 199, 123, 220, 157, 62, 239, 180, 15, 127,
       188, 36, 232, 222, 32, 247, 87, 153, 81, 118, 247, 93, 234, 248,
       176, 73, 45, 237, 233, 47, 144, 36, 179, 161, 113, 204, 84, 189,
       231, 32, 110, 127, 152, 57, 238, 182, 28, 255, 119, 137, 123, 183,
       212, 125, 106, 169, 212, 249, 42, 199, 251, 97, 148, 32, 243, 70,
       123, 232, 189, 189, 122, 233, 237, 151, 175, 223, 95, 164, 25,
       190, 253, 71, 59, 137, 114, 249, 2, 122, 107, 250, 55, 235, 223,
       85, 59, 210, 88, 198, 123, 77, 52, 153, 65, 145, 126, 113, 27,
       123, 251, 47, 92, 158, 55, 66, 254, 133, 20, 120, 56, 17, 216,
       241, 66, 207, 191, 85, 70, 138, 96, 131, 49, 248, 172, 252, 112,
       170, 233, 81, 223, 179, 183, 164, 57, 31, 183, 64, 27, 35, 211,
       109, 16, 58, 79, 170, 50, 219, 195, 117, 125, 224, 192, 134, 107,
       220, 188, 255, 116, 138, 232, 81, 87, 178, 183, 164, 24, 55, 151,
       64, 27, 35, 247, 109, 24, 58, 79, 178, 34, 219, 195, 117, 121,
       160, 128, 166, 106, 248, 190, 254, 114, 138, 233, 81, 215, 178,
