%YAML:1.0
---
descriptors: !!opencv-matrix
   rows: 214
   cols: 32
   dt: u
   data: [ 120, 185, 190, 112, 138, 233, 81, 71, 163, 21, 172, 56, 55,
       183, 64, 58, 35, 178, 108, 16, 26, 107, 178, 49, 219, 199, 116,
       123, 224, 64, 198, 107, 109, 117, 49, 103, 149, 79, 71, 188, 123,
       232, 43, 8, 214, 117, 9, 48, 144, 92, 88, 106, 105, 240, 249, 30,
       229, 253, 5, 52, 64, 122, 70, 114, 216, 24, 159, 117, 40, 108, 65,
       51, 176, 155, 166, 56, 247, 55, 0, 123, 3, 118, 124, 8, 57, 77,
       179, 0, 193, 227, 112, 80, 160, 160, 7, 59, 228, 229, 189, 115,
       201, 109, 87, 136, 115, 55, 165, 24, 214, 117, 73, 58, 153, 82,
       96, 122, 58, 98, 251, 51, 111, 223, 69, 127, 210, 91, 198, 226,
       45, 117, 17, 65, 85, 95, 103, 184, 106, 232, 43, 72, 210, 81, 77,
       180, 144, 92, 64, 122, 65, 240, 121, 28, 45, 156, 5, 52, 74, 59,
       66, 160, 141, 223, 31, 103, 176, 14, 111, 188, 116, 234, 94, 100,
       245, 115, 153, 96, 55, 110, 60, 110, 225, 144, 121, 46, 236, 239,
       39, 132, 42, 243, 129, 57, 253, 112, 253, 102, 40, 76, 85, 152,
       97, 250, 165, 8, 83, 85, 201, 59, 148, 212, 124, 106, 201, 103,
       251, 0, 211, 203, 101, 60, 97, 243, 70, 115, 104, 181, 188, 122,
       141, 221, 85, 47, 239, 61, 173, 24, 190, 189, 72, 50, 137, 146,
       255, 16, 90, 107, 251, 145, 203, 223, 80, 127, 210, 72, 198, 34,
       252, 108, 252, 118, 169, 109, 85, 222, 179, 191, 164, 24, 83, 247,
       75, 31, 1, 214, 237, 26, 104, 103, 250, 34, 219, 203, 117, 61,
       226, 241, 198, 106, 224, 180, 157, 250, 204, 237, 69, 175, 218,
       59, 160, 24, 182, 243, 72, 123, 129, 90, 106, 16, 51, 111, 218,
       51, 221, 146, 85, 124, 208, 88, 199, 42, 252, 76, 93, 118, 168,
       72, 85, 188, 176, 178, 166, 24, 215, 119, 1, 91, 135, 213, 108,
       106, 104, 71, 203, 42, 241, 235, 117, 29, 96, 241, 130, 34, 69,
       241, 157, 103, 145, 14, 119, 184, 122, 184, 43, 76, 214, 113, 73,
       50, 145, 68, 104, 106, 193, 240, 249, 45, 237, 158, 69, 22, 72,
       51, 67, 34, 20, 69, 57, 101, 20, 79, 103, 184, 118, 160, 171, 10,
       83, 81, 9, 48, 49, 220, 72, 106, 105, 176, 57, 30, 237, 143, 5,
       20, 113, 187, 64, 32, 100, 101, 59, 102, 89, 70, 231, 232, 240,
       160, 235, 8, 80, 247, 41, 48, 248, 252, 82, 235, 65, 243, 184, 78,
       117, 172, 131, 12, 65, 51, 103, 162, 124, 176, 221, 118, 137, 244,
       85, 159, 179, 159, 164, 24, 127, 247, 202, 122, 129, 246, 236, 16,
       31, 71, 186, 51, 219, 247, 85, 123, 162, 112, 142, 114, 192, 165,
       189, 115, 153, 109, 21, 175, 122, 55, 46, 24, 214, 53, 72, 7, 129,
       22, 232, 16, 50, 104, 235, 19, 237, 214, 85, 119, 192, 80, 133,
       106, 112, 188, 255, 254, 138, 224, 81, 198, 178, 23, 172, 57, 55,
       247, 96, 90, 99, 246, 237, 144, 26, 75, 186, 35, 219, 231, 86,
       123, 160, 80, 166, 122, 116, 189, 251, 114, 154, 232, 85, 199,
       162, 149, 172, 24, 50, 247, 64, 26, 161, 246, 108, 16, 26, 75,
       186, 34, 251, 199, 21, 123, 224, 64, 166, 106, 40, 173, 156, 121,
       153, 237, 20, 175, 31, 53, 44, 25, 174, 49, 74, 16, 129, 18, 233,
       16, 50, 104, 83, 55, 239, 215, 20, 127, 210, 72, 143, 10, 77, 116,
       159, 103, 161, 110, 119, 136, 121, 234, 47, 24, 222, 113, 73, 58,
       177, 84, 104, 42, 33, 244, 185, 42, 199, 255, 69, 22, 202, 115,
       195, 35, 69, 245, 157, 99, 148, 111, 103, 136, 106, 242, 47, 8,
       215, 113, 73, 58, 145, 84, 120, 122, 81, 112, 249, 50, 237, 159,
       69, 116, 200, 123, 211, 34, 77, 117, 156, 103, 161, 14, 119, 184,
       121, 170, 111, 76, 222, 115, 9, 16, 147, 116, 108, 106, 65, 240,
       217, 110, 231, 255, 5, 6, 74, 115, 67, 51, 109, 49, 17, 97, 113,
       95, 80, 8, 105, 232, 165, 8, 158, 17, 69, 180, 144, 148, 76, 120,
       9, 50, 241, 12, 151, 216, 1, 54, 74, 34, 74, 38, 77, 117, 181,
       103, 177, 95, 118, 184, 123, 234, 47, 12, 222, 112, 77, 182, 145,
       76, 120, 106, 229, 240, 249, 10, 175, 223, 5, 54, 202, 115, 75,
       22, 248, 174, 220, 114, 168, 173, 81, 223, 178, 191, 164, 29, 55,
       243, 74, 27, 33, 146, 109, 24, 58, 111, 154, 51, 219, 203, 117,
       121, 225, 192, 206, 43, 184, 34, 251, 96, 138, 107, 65, 83, 160,
       165, 164, 56, 19, 135, 64, 27, 46, 148, 68, 24, 24, 103, 160, 0,
       219, 201, 117, 120, 225, 160, 70, 226, 248, 188, 252, 120, 188,
       205, 85, 255, 215, 63, 188, 24, 51, 177, 98, 19, 9, 146, 108, 8,
       122, 111, 226, 55, 251, 203, 116, 121, 243, 200, 198, 43, 100,
       117, 56, 103, 48, 15, 71, 184, 106, 172, 47, 12, 215, 83, 73, 16,
       144, 76, 68, 106, 200, 240, 249, 12, 231, 221, 37, 52, 64, 179,
       70, 35, 116, 100, 221, 102, 139, 98, 7, 168, 48, 182, 139, 8, 83,
       119, 73, 123, 17, 212, 233, 226, 105, 67, 251, 40, 249, 227, 69,
       31, 160, 115, 6, 50, 120, 188, 247, 116, 169, 252, 81, 87, 179,
       151, 164, 24, 47, 247, 64, 159, 33, 246, 237, 24, 58, 79, 242, 35,
       219, 243, 84, 123, 162, 192, 134, 106, 37, 117, 17, 71, 117, 31,
       102, 184, 105, 232, 43, 76, 210, 16, 93, 180, 144, 76, 82, 106,
       197, 176, 217, 14, 47, 156, 5, 52, 74, 59, 74, 180, 93, 93, 93,
       103, 176, 78, 79, 188, 117, 232, 254, 68, 211, 119, 137, 116, 54,
       244, 92, 110, 233, 144, 125, 46, 227, 239, 37, 148, 42, 243, 66,
       49, 93, 85, 125, 102, 180, 78, 79, 188, 97, 232, 190, 64, 119,
       119, 137, 115, 22, 212, 124, 106, 233, 161, 121, 46, 243, 239, 37,
       20, 104, 243, 194, 49, 252, 112, 189, 114, 40, 76, 87, 152, 227,
       250, 165, 24, 215, 215, 73, 59, 145, 212, 124, 90, 9, 103, 251,
       34, 211, 219, 117, 60, 224, 243, 70, 114, 124, 48, 185, 98, 189,
       109, 83, 152, 107, 253, 173, 24, 223, 223, 73, 58, 153, 216, 125,
       56, 27, 102, 251, 16, 219, 221, 1, 125, 194, 75, 70, 98, 108, 181,
       184, 114, 189, 237, 81, 25, 107, 125, 173, 24, 223, 253, 74, 50,
       153, 146, 253, 24, 26, 107, 251, 17, 223, 221, 17, 127, 210, 10,
       198, 98, 117, 71, 232, 71, 148, 62, 78, 154, 113, 174, 191, 68,
       67, 104, 159, 90, 113, 198, 108, 254, 188, 240, 237, 42, 170, 239,
       37, 21, 225, 243, 90, 68, 93, 77, 93, 103, 22, 78, 71, 184, 97,
       160, 171, 8, 211, 115, 9, 115, 18, 212, 108, 106, 105, 176, 121,
       44, 247, 235, 101, 20, 96, 179, 66, 32, 69, 245, 149, 71, 181, 14,
       103, 184, 106, 168, 43, 76, 222, 113, 73, 50, 149, 68, 104, 126,
       193, 240, 217, 62, 173, 190, 37, 20, 72, 51, 67, 33, 237, 189,
       252, 71, 180, 63, 86, 184, 121, 232, 63, 108, 210, 120, 159, 49,
       151, 68, 116, 111, 165, 240, 125, 46, 110, 63, 37, 20, 78, 251,
       90, 21, 192, 168, 157, 251, 200, 237, 17, 135, 190, 23, 32, 24,
       182, 243, 64, 91, 129, 114, 107, 24, 50, 78, 218, 49, 205, 131,
       118, 120, 144, 72, 135, 170, 36, 101, 27, 124, 93, 198, 231, 96,
       244, 128, 233, 0, 212, 211, 41, 32, 216, 124, 66, 106, 65, 179,
       186, 14, 117, 174, 3, 12, 64, 59, 103, 162, 69, 113, 17, 69, 85,
       14, 102, 56, 104, 232, 106, 76, 222, 16, 13, 176, 144, 76, 64,
       110, 193, 240, 209, 78, 37, 188, 5, 4, 72, 51, 67, 161, 244, 176,
       253, 118, 168, 224, 85, 143, 187, 223, 160, 56, 119, 255, 76, 122,
       135, 247, 237, 16, 30, 75, 170, 49, 219, 243, 117, 255, 128, 112,
       134, 115, 208, 168, 185, 112, 8, 236, 81, 7, 162, 181, 164, 24,
       23, 151, 64, 58, 1, 180, 104, 24, 26, 111, 178, 0, 217, 193, 80,
       121, 224, 0, 6, 42, 100, 111, 156, 52, 168, 137, 23, 232, 154,
       174, 168, 169, 230, 249, 67, 18, 159, 117, 236, 98, 76, 99, 202,
       42, 248, 183, 101, 63, 64, 123, 6, 67, 2, 95, 23, 158, 25, 199, 6,
       230, 188, 204, 202, 69, 230, 230, 35, 84, 192, 99, 232, 66, 111,
       139, 19, 111, 161, 54, 30, 18, 24, 29, 45, 95, 124, 37, 214, 190,
       139, 64, 86, 136, 179, 134, 161, 169, 111, 227, 105, 222, 210,
       245, 236, 98, 108, 67, 202, 138, 178, 246, 69, 59, 162, 119, 46,
       2, 37, 101, 120, 103, 116, 11, 126, 40, 121, 160, 111, 8, 211, 73,
       29, 48, 18, 76, 81, 110, 64, 176, 221, 12, 103, 253, 1, 5, 100,
