%YAML:1.0
---
descriptors: !!opencv-matrix
   rows: 272
   cols: 32
   dt: u
   data: [ 5, 223, 31, 247, 176, 14, 47, 180, 124, 234, 90, 100, 245,
       115, 137, 96, 55, 110, 54, 110, 225, 216, 25, 111, 236, 174, 103,
       128, 8, 243, 129, 185, 120, 184, 255, 120, 169, 253, 81, 215, 163,
       31, 164, 56, 59, 247, 66, 59, 1, 178, 237, 24, 26, 107, 178, 49,
       219, 201, 112, 121, 226, 192, 198, 123, 197, 182, 148, 81, 168,
       60, 12, 159, 235, 187, 163, 84, 220, 178, 204, 255, 133, 71, 108,
       28, 177, 69, 219, 96, 140, 186, 127, 246, 136, 113, 139, 5, 252,
       188, 253, 118, 136, 109, 85, 191, 179, 182, 164, 24, 83, 119, 77,
       31, 9, 214, 108, 42, 120, 71, 251, 42, 251, 203, 117, 60, 227,
       240, 198, 106, 236, 176, 189, 99, 237, 109, 81, 152, 91, 255, 165,
       24, 222, 93, 72, 59, 153, 16, 253, 50, 58, 102, 251, 18, 207, 219,
       81, 127, 210, 73, 70, 226, 149, 220, 155, 255, 180, 46, 111, 188,
       54, 235, 91, 112, 247, 247, 137, 96, 119, 127, 63, 186, 187, 148,
       233, 62, 236, 239, 63, 132, 172, 243, 161, 33, 96, 169, 156, 250,
       236, 237, 69, 143, 222, 27, 164, 24, 182, 243, 104, 122, 193, 18,
       106, 8, 50, 107, 218, 49, 221, 163, 116, 121, 144, 72, 135, 42,
       85, 5, 93, 101, 180, 110, 79, 184, 100, 160, 170, 72, 215, 115, 9,
       113, 18, 212, 124, 106, 105, 161, 121, 14, 237, 239, 37, 20, 96,
       243, 64, 32, 230, 253, 255, 255, 236, 169, 239, 254, 190, 187,
       243, 58, 245, 251, 220, 75, 111, 255, 127, 155, 243, 111, 235,
       243, 252, 139, 255, 188, 149, 249, 227, 161, 248, 92, 191, 116,
       168, 44, 85, 178, 160, 186, 182, 121, 215, 55, 1, 91, 135, 247,
       109, 2, 104, 71, 195, 0, 211, 235, 117, 152, 96, 240, 6, 43, 96,
       212, 145, 251, 157, 109, 84, 143, 127, 51, 168, 24, 150, 57, 76,
       114, 129, 150, 104, 0, 59, 104, 219, 147, 175, 254, 84, 126, 210,
       88, 196, 42, 192, 216, 153, 254, 8, 236, 17, 150, 150, 23, 96, 24,
       183, 243, 97, 88, 193, 122, 40, 16, 42, 76, 218, 51, 201, 167,
       117, 56, 144, 88, 7, 170, 69, 71, 149, 7, 160, 46, 110, 136, 110,
       170, 43, 64, 223, 98, 201, 254, 147, 68, 108, 126, 128, 208, 201,
       106, 164, 254, 103, 4, 128, 243, 67, 37, 69, 117, 17, 69, 49, 14,
       102, 48, 105, 224, 106, 76, 214, 16, 1, 180, 144, 68, 104, 110,
       193, 240, 241, 8, 37, 188, 5, 20, 72, 51, 67, 33, 69, 113, 17,
       101, 17, 15, 98, 56, 104, 224, 99, 76, 214, 17, 9, 48, 144, 68,
       104, 110, 193, 240, 217, 12, 165, 188, 1, 20, 72, 51, 67, 32, 84,
       181, 189, 114, 155, 236, 17, 207, 226, 149, 169, 24, 158, 247, 72,
       58, 163, 155, 200, 16, 18, 107, 186, 98, 217, 197, 21, 111, 224,
       65, 167, 98, 92, 16, 188, 247, 44, 44, 89, 152, 191, 186, 183, 40,
       223, 215, 201, 91, 199, 213, 125, 58, 168, 65, 235, 128, 203, 251,
       119, 188, 160, 225, 3, 115, 229, 70, 79, 103, 180, 14, 102, 184,
       112, 170, 123, 76, 211, 97, 153, 80, 17, 196, 108, 110, 233, 180,
       77, 46, 228, 175, 37, 144, 72, 243, 82, 1, 250, 188, 180, 254,
       253, 191, 92, 255, 255, 59, 240, 24, 235, 249, 84, 91, 201, 255,
       127, 145, 186, 111, 251, 243, 191, 223, 223, 250, 210, 216, 242,
       138, 246, 236, 246, 255, 252, 171, 254, 255, 191, 179, 254, 18,
       205, 235, 125, 91, 251, 239, 127, 139, 186, 127, 203, 243, 190,
       254, 223, 188, 215, 248, 243, 129, 166, 172, 246, 255, 252, 187,
       254, 239, 191, 179, 242, 18, 237, 234, 252, 123, 255, 239, 127,
       147, 186, 255, 235, 243, 190, 254, 223, 188, 213, 252, 243, 133,
       182, 172, 254, 255, 254, 169, 252, 255, 191, 179, 254, 147, 253,
       239, 124, 91, 239, 255, 127, 157, 178, 255, 203, 243, 254, 255,
       255, 252, 213, 248, 243, 217, 229, 15, 77, 71, 180, 46, 103, 184,
       112, 170, 122, 76, 211, 97, 145, 112, 21, 70, 108, 46, 185, 176,
       109, 46, 172, 174, 37, 148, 72, 243, 210, 33, 69, 7, 149, 103, 48,
       14, 103, 56, 120, 8, 107, 76, 214, 113, 153, 114, 148, 68, 108,
       110, 161, 240, 201, 14, 229, 190, 97, 4, 72, 163, 67, 33, 252,
       170, 156, 122, 171, 169, 16, 203, 187, 63, 164, 57, 46, 243, 74,
       27, 135, 211, 237, 16, 50, 79, 202, 51, 219, 195, 117, 127, 208,
       65, 143, 11, 77, 52, 157, 101, 161, 110, 113, 19, 57, 243, 47, 28,
       158, 55, 64, 123, 133, 87, 120, 24, 49, 220, 241, 66, 207, 255,
       85, 70, 138, 96, 131, 51, 252, 48, 255, 114, 42, 233, 81, 82, 162,
       191, 165, 56, 23, 215, 65, 27, 35, 244, 108, 24, 26, 71, 170, 0,
       217, 195, 117, 120, 224, 193, 70, 99, 248, 172, 157, 112, 138,
       232, 81, 183, 178, 183, 164, 185, 23, 183, 64, 27, 39, 247, 237,
       16, 58, 79, 170, 34, 217, 195, 117, 125, 224, 64, 134, 106, 240,
       184, 223, 114, 138, 232, 81, 7, 178, 151, 164, 56, 55, 135, 64,
       91, 35, 247, 109, 16, 58, 79, 178, 33, 217, 227, 112, 121, 160,
       128, 166, 106, 240, 170, 191, 120, 138, 233, 81, 215, 178, 23,
       164, 185, 55, 135, 64, 27, 35, 178, 109, 144, 58, 79, 162, 49,
       217, 195, 112, 121, 224, 192, 166, 106, 244, 180, 253, 114, 170,
       109, 81, 155, 178, 183, 165, 24, 23, 247, 72, 26, 3, 214, 109, 24,
       58, 79, 250, 2, 219, 199, 117, 124, 224, 193, 198, 98, 244, 180,
       220, 114, 136, 237, 85, 223, 178, 55, 165, 25, 23, 247, 74, 27, 1,
       214, 109, 16, 58, 79, 218, 51, 219, 195, 117, 125, 224, 192, 134,
       98, 248, 164, 156, 50, 136, 237, 84, 159, 178, 55, 164, 25, 23,
       179, 74, 27, 129, 147, 237, 16, 58, 79, 218, 51, 251, 195, 117,
       125, 224, 192, 142, 10, 212, 50, 255, 101, 34, 106, 65, 80, 112,
       174, 167, 56, 83, 55, 193, 59, 54, 244, 68, 58, 40, 245, 161, 8,
       81, 171, 101, 4, 225, 241, 102, 161, 100, 112, 24, 65, 64, 15, 83,
       24, 98, 172, 37, 12, 150, 19, 65, 16, 16, 28, 64, 106, 64, 112,
       249, 8, 71, 153, 1, 52, 72, 163, 66, 162, 244, 14, 204, 180, 138,
       40, 85, 191, 162, 183, 134, 185, 119, 167, 67, 91, 3, 246, 109,
       128, 56, 79, 203, 32, 217, 227, 245, 189, 160, 240, 134, 106, 240,
       190, 156, 50, 168, 173, 85, 223, 178, 191, 164, 29, 55, 227, 66,
       27, 133, 246, 109, 20, 58, 79, 218, 33, 219, 203, 117, 121, 232,
       208, 202, 11, 13, 117, 21, 71, 245, 127, 119, 184, 125, 234, 111,
       8, 222, 112, 13, 181, 145, 92, 96, 122, 181, 240, 121, 46, 47,
       159, 69, 6, 202, 115, 75, 183, 92, 149, 29, 99, 188, 107, 71, 191,
       102, 57, 175, 56, 215, 51, 8, 113, 17, 22, 108, 56, 123, 41, 105,
       21, 233, 207, 37, 116, 240, 202, 196, 35, 248, 254, 245, 118, 171,
       236, 85, 255, 179, 191, 164, 56, 47, 247, 192, 159, 39, 246, 237,
       8, 58, 79, 234, 35, 251, 223, 85, 58, 226, 240, 134, 107, 253,
       113, 253, 103, 44, 78, 71, 184, 97, 250, 183, 72, 211, 117, 201,
       59, 22, 212, 124, 106, 201, 101, 249, 8, 243, 249, 101, 52, 106,
       243, 70, 113, 85, 93, 125, 103, 176, 78, 79, 188, 97, 232, 191,
       76, 119, 119, 137, 115, 22, 212, 124, 106, 201, 161, 249, 44, 243,
       237, 101, 148, 104, 243, 194, 49, 252, 188, 253, 118, 169, 109,
       69, 191, 179, 190, 164, 24, 115, 119, 72, 31, 1, 214, 109, 40, 56,
       79, 251, 34, 219, 203, 117, 61, 226, 240, 198, 122, 85, 213, 125,
       103, 176, 78, 79, 188, 33, 234, 191, 76, 247, 119, 137, 112, 22,
       214, 92, 106, 233, 129, 249, 47, 241, 239, 37, 148, 40, 243, 194,
       49, 236, 112, 189, 99, 45, 111, 81, 152, 91, 251, 165, 24, 215,
       93, 77, 59, 145, 84, 124, 122, 35, 100, 251, 0, 207, 219, 101, 60,
       192, 123, 70, 115, 149, 212, 185, 239, 180, 46, 111, 184, 54, 234,
       95, 112, 215, 119, 137, 96, 119, 95, 29, 122, 185, 148, 105, 62,
       237, 239, 39, 132, 160, 243, 129, 33, 96, 185, 156, 218, 232, 237,
       17, 207, 206, 49, 160, 24, 182, 243, 72, 18, 129, 18, 106, 24, 19,
       107, 218, 49, 221, 130, 117, 124, 216, 72, 135, 42, 252, 112, 189,
       99, 40, 111, 83, 152, 115, 250, 167, 24, 215, 85, 73, 59, 149,
       212, 124, 122, 41, 102, 251, 32, 215, 219, 101, 60, 194, 243, 70,
