%YAML:1.0
---
descriptors: !!opencv-matrix
   rows: 84
   cols: 32
   dt: u
   data: [ 118, 231, 214, 143, 223, 91, 254, 236, 63, 166, 251, 11, 206,
       234, 47, 212, 251, 223, 239, 227, 100, 243, 201, 238, 191, 246,
       143, 55, 7, 127, 253, 134, 236, 113, 189, 103, 172, 78, 95, 184,
       41, 238, 55, 8, 211, 85, 217, 59, 156, 84, 125, 106, 73, 244, 249,
       8, 231, 217, 101, 180, 66, 251, 86, 115, 200, 184, 189, 250, 169,
       237, 21, 199, 250, 123, 160, 24, 190, 255, 64, 59, 129, 115, 121,
       16, 51, 79, 250, 51, 219, 211, 95, 123, 144, 64, 135, 59, 200,
       188, 149, 115, 169, 236, 53, 135, 250, 251, 34, 24, 190, 183, 64,
       251, 129, 87, 120, 16, 51, 109, 219, 35, 205, 219, 87, 118, 200,
       64, 135, 59, 222, 121, 191, 254, 139, 213, 23, 252, 187, 222, 244,
       40, 126, 255, 111, 59, 229, 243, 253, 194, 235, 71, 186, 249, 251,
       219, 127, 187, 19, 119, 39, 123, 202, 220, 191, 255, 169, 252,
       125, 183, 191, 95, 118, 53, 255, 255, 166, 127, 167, 115, 255, 0,
       243, 77, 178, 227, 231, 255, 126, 130, 154, 212, 167, 123, 38,
       109, 98, 206, 86, 131, 238, 248, 95, 160, 125, 2, 104, 233, 189,
       96, 126, 233, 23, 235, 192, 179, 76, 255, 54, 12, 135, 168, 119,
       187, 114, 140, 54, 231, 214, 143, 223, 27, 254, 232, 61, 166, 251,
       143, 204, 234, 31, 212, 251, 205, 239, 231, 108, 243, 201, 238,
       188, 54, 207, 23, 71, 127, 249, 134, 55, 39, 198, 143, 221, 31,
       238, 232, 61, 162, 251, 79, 206, 106, 31, 212, 248, 207, 238, 231,
       108, 243, 217, 238, 188, 54, 143, 23, 15, 127, 251, 132, 39, 165,
       150, 143, 221, 31, 238, 232, 125, 162, 251, 10, 206, 250, 29, 244,
       249, 205, 110, 235, 109, 243, 217, 238, 189, 54, 207, 22, 73, 127,
       121, 132, 2, 205, 34, 158, 212, 131, 174, 230, 22, 64, 90, 131,
       104, 238, 48, 64, 123, 107, 19, 199, 226, 186, 14, 255, 60, 38,
       142, 128, 21, 31, 177, 200, 221, 124, 189, 119, 173, 111, 87, 158,
       251, 250, 166, 24, 215, 117, 73, 59, 129, 86, 124, 58, 57, 101,
       251, 34, 233, 219, 69, 52, 200, 121, 198, 50, 221, 60, 189, 118,
       173, 78, 85, 151, 250, 250, 162, 24, 215, 117, 65, 59, 129, 246,
       124, 26, 233, 101, 251, 34, 251, 203, 117, 52, 192, 112, 198, 122,
       252, 184, 188, 254, 173, 253, 81, 219, 251, 187, 181, 24, 255,
       249, 72, 59, 137, 246, 253, 24, 58, 111, 250, 161, 219, 219, 85,
       59, 194, 104, 198, 34, 182, 174, 246, 255, 221, 173, 252, 239,
       191, 179, 250, 26, 239, 234, 124, 91, 255, 239, 127, 145, 186,
       239, 219, 247, 191, 254, 223, 120, 149, 248, 243, 136, 244, 172,
       254, 251, 236, 169, 252, 223, 190, 179, 240, 27, 255, 234, 124,
       91, 239, 239, 127, 145, 186, 111, 203, 243, 222, 235, 255, 252,
       181, 200, 227, 139, 205, 20, 151, 117, 169, 126, 33, 19, 252, 250,
       167, 84, 222, 54, 1, 255, 135, 117, 252, 42, 177, 197, 251, 74,
       133, 251, 83, 0, 138, 97, 11, 49, 201, 180, 149, 117, 169, 126,
       49, 31, 255, 251, 166, 16, 222, 55, 72, 255, 131, 87, 248, 24, 51,
       237, 243, 194, 141, 251, 86, 86, 202, 64, 139, 51, 47, 191, 172,
       187, 189, 245, 223, 255, 151, 125, 156, 159, 169, 236, 94, 138,
       205, 211, 255, 149, 191, 107, 255, 243, 239, 95, 223, 255, 223,
       92, 222, 222, 172, 108, 236, 227, 236, 63, 207, 216, 91, 250, 181,
       26, 211, 105, 223, 43, 217, 196, 87, 127, 168, 102, 235, 178, 95,
       219, 229, 188, 215, 251, 82, 225, 220, 148, 156, 247, 168, 44,
       125, 159, 174, 187, 182, 48, 223, 247, 73, 91, 167, 87, 125, 24,
       56, 197, 203, 34, 207, 251, 119, 148, 128, 241, 129, 3, 118, 100,
       18, 142, 89, 95, 54, 232, 191, 166, 233, 9, 206, 254, 47, 148,
       248, 245, 239, 227, 108, 67, 218, 222, 177, 118, 79, 63, 18, 63,
       47, 134, 134, 205, 164, 158, 148, 163, 142, 239, 22, 147, 89, 18,
       104, 104, 57, 65, 89, 99, 19, 243, 242, 68, 11, 255, 40, 6, 207,
       196, 149, 123, 176, 128, 173, 108, 237, 243, 172, 63, 205, 152,
       91, 250, 181, 26, 219, 121, 93, 43, 217, 204, 127, 127, 168, 118,
       235, 178, 207, 219, 245, 180, 195, 249, 82, 225, 201, 188, 149,
       250, 169, 253, 80, 215, 255, 91, 164, 24, 190, 247, 64, 191, 129,
       243, 252, 16, 51, 111, 250, 243, 155, 219, 85, 123, 218, 68, 139,
       63, 73, 157, 255, 101, 180, 62, 127, 191, 117, 169, 126, 64, 251,
       119, 144, 112, 119, 246, 124, 40, 185, 184, 105, 47, 239, 255,
       101, 192, 162, 226, 192, 41, 252, 172, 222, 187, 238, 169, 236,
       207, 190, 179, 242, 26, 255, 234, 120, 91, 107, 239, 127, 145, 58,
       127, 203, 243, 220, 235, 255, 252, 181, 120, 227, 128, 201, 220,
       63, 117, 48, 94, 127, 181, 253, 122, 118, 84, 255, 87, 130, 247,
       166, 116, 124, 106, 225, 220, 241, 47, 231, 251, 103, 128, 10,
       176, 193, 121, 136, 172, 254, 187, 236, 169, 249, 223, 190, 179,
       242, 18, 253, 235, 88, 75, 239, 239, 127, 145, 178, 252, 203, 241,
       220, 203, 255, 196, 229, 200, 129, 129, 252, 176, 188, 126, 173,
       253, 81, 219, 235, 187, 181, 24, 255, 249, 72, 59, 137, 243, 253,
       16, 58, 111, 250, 177, 219, 251, 85, 123, 194, 200, 198, 35, 220,
       52, 191, 114, 168, 104, 81, 19, 179, 191, 167, 56, 95, 247, 73,
       27, 7, 215, 237, 18, 58, 69, 171, 2, 219, 195, 117, 125, 224, 225,
       134, 99, 217, 188, 189, 116, 168, 108, 85, 183, 240, 251, 166, 24,
       247, 183, 64, 123, 129, 247, 124, 8, 185, 109, 243, 34, 249, 235,
       117, 16, 200, 112, 135, 59, 221, 124, 189, 116, 173, 110, 85, 159,
       250, 250, 166, 24, 215, 245, 65, 59, 129, 246, 124, 26, 41, 101,
       251, 34, 251, 219, 117, 52, 200, 112, 199, 58, 252, 180, 189, 115,
       173, 109, 87, 139, 251, 251, 165, 24, 214, 113, 72, 59, 129, 86,
       124, 26, 59, 101, 251, 50, 203, 219, 85, 126, 200, 121, 198, 34,
       236, 164, 189, 122, 141, 237, 85, 143, 219, 123, 165, 24, 246,
       249, 72, 59, 201, 82, 104, 24, 59, 111, 251, 51, 207, 219, 85,
       127, 210, 88, 214, 42, 253, 172, 191, 254, 141, 237, 69, 207, 215,
       211, 165, 24, 114, 253, 108, 123, 201, 234, 122, 26, 59, 111, 250,
       179, 251, 219, 213, 127, 208, 121, 246, 98, 134, 205, 132, 158,
       148, 163, 142, 239, 22, 179, 89, 18, 96, 234, 57, 65, 89, 111, 51,
       179, 114, 212, 11, 255, 40, 6, 207, 196, 149, 123, 176, 0, 92,
       148, 156, 183, 172, 44, 125, 159, 174, 187, 159, 16, 223, 115, 72,
       91, 199, 215, 125, 24, 56, 197, 219, 32, 203, 251, 127, 20, 128,
       241, 129, 3, 107, 189, 173, 243, 189, 253, 221, 191, 159, 253,
       156, 29, 187, 189, 82, 34, 205, 211, 255, 29, 187, 75, 251, 179,
       239, 223, 189, 252, 158, 204, 214, 123, 248, 248, 188, 122, 169,
       205, 85, 222, 171, 59, 180, 24, 191, 247, 65, 123, 133, 243, 253,
       82, 106, 111, 250, 49, 219, 219, 117, 120, 226, 209, 134, 59, 89,
       157, 254, 229, 180, 190, 123, 191, 119, 169, 254, 32, 255, 115,
       128, 112, 118, 246, 125, 152, 153, 152, 105, 45, 239, 255, 37,
       196, 226, 202, 192, 41, 226, 172, 134, 159, 205, 173, 236, 239,
       191, 187, 242, 26, 238, 234, 116, 75, 233, 239, 127, 129, 58, 255,
       219, 241, 157, 58, 223, 120, 145, 104, 227, 136, 232, 176, 180,
       250, 173, 189, 80, 223, 219, 59, 180, 24, 174, 249, 84, 27, 201,
       226, 127, 16, 186, 111, 250, 177, 219, 219, 213, 122, 210, 72,
       210, 10, 248, 176, 180, 250, 173, 253, 80, 223, 255, 187, 181, 24,
       191, 249, 76, 59, 201, 179, 253, 16, 58, 111, 250, 145, 219, 219,
       85, 122, 210, 72, 194, 3, 252, 184, 190, 250, 173, 253, 81, 218,
       235, 59, 181, 24, 255, 255, 72, 59, 141, 242, 253, 16, 26, 103,
       250, 177, 219, 219, 85, 123, 242, 73, 198, 51, 248, 188, 191, 116,
       168, 237, 85, 215, 242, 219, 166, 24, 55, 183, 64, 59, 163, 247,
       124, 16, 59, 111, 178, 33, 219, 203, 117, 121, 224, 192, 198, 123,
       248, 188, 189, 116, 173, 237, 85, 151, 242, 251, 166, 24, 247,
       247, 65, 59, 129, 246, 124, 16, 57, 111, 250, 34, 219, 203, 117,
