%YAML:1.0
---
descriptors: !!opencv-matrix
   rows: 113
   cols: 32
   dt: u
   data: [ 130, 172, 134, 152, 221, 225, 180, 231, 159, 23, 232, 19, 44,
       234, 36, 205, 233, 59, 163, 145, 54, 239, 18, 247, 61, 22, 222,
       75, 209, 76, 173, 142, 245, 113, 93, 100, 172, 14, 71, 184, 96,
       248, 167, 76, 83, 113, 137, 51, 16, 196, 124, 106, 201, 99, 253,
       40, 241, 169, 101, 20, 105, 243, 66, 48, 239, 180, 173, 250, 237,
       117, 221, 159, 27, 127, 149, 31, 216, 252, 94, 171, 221, 219, 247,
       149, 190, 102, 251, 211, 79, 95, 223, 254, 215, 125, 214, 214,
       216, 184, 191, 120, 171, 237, 17, 71, 170, 19, 164, 24, 191, 191,
       64, 59, 163, 179, 237, 16, 58, 111, 178, 17, 219, 211, 80, 123,
       192, 64, 135, 43, 92, 54, 189, 101, 176, 110, 81, 26, 96, 172,
       174, 100, 215, 55, 193, 122, 21, 84, 108, 56, 185, 193, 241, 10,
       233, 175, 37, 20, 128, 240, 6, 51, 150, 237, 214, 191, 159, 239,
       254, 236, 191, 178, 235, 18, 239, 234, 61, 75, 123, 239, 123, 227,
       120, 247, 219, 255, 189, 254, 207, 20, 181, 123, 227, 128, 252,
       121, 189, 231, 168, 78, 95, 184, 162, 250, 183, 9, 223, 119, 73,
       91, 150, 213, 125, 98, 72, 67, 251, 40, 251, 201, 101, 180, 32,
       243, 134, 115, 101, 113, 145, 69, 17, 79, 98, 8, 104, 224, 43, 8,
       210, 87, 73, 48, 144, 84, 64, 106, 1, 240, 249, 8, 37, 152, 5, 52,
       72, 51, 66, 34, 34, 172, 150, 152, 205, 229, 180, 199, 159, 23,
       224, 25, 172, 186, 102, 203, 201, 59, 235, 17, 62, 111, 146, 241,
       153, 50, 222, 123, 144, 76, 255, 138, 197, 172, 157, 115, 172, 45,
       132, 159, 250, 187, 128, 88, 246, 240, 88, 43, 129, 86, 120, 29,
       179, 109, 219, 51, 141, 26, 127, 124, 200, 113, 211, 32, 209, 157,
       191, 117, 172, 110, 117, 191, 248, 250, 190, 88, 247, 117, 0, 115,
       133, 118, 124, 42, 249, 237, 243, 42, 225, 251, 117, 16, 72, 240,
       195, 41, 252, 112, 253, 115, 169, 111, 83, 152, 51, 254, 165, 56,
       223, 95, 73, 59, 157, 213, 253, 114, 42, 71, 251, 50, 219, 219,
       101, 63, 226, 243, 6, 115, 21, 69, 95, 231, 54, 15, 79, 184, 100,
       168, 251, 70, 211, 67, 153, 96, 126, 196, 28, 238, 201, 176, 77,
       44, 224, 169, 37, 148, 44, 187, 96, 33, 21, 69, 91, 237, 52, 11,
       111, 248, 100, 168, 122, 70, 211, 83, 185, 96, 126, 204, 22, 238,
       201, 176, 77, 62, 228, 172, 167, 132, 125, 187, 112, 161, 124,
       213, 125, 103, 176, 78, 87, 184, 32, 238, 255, 44, 215, 119, 137,
       114, 23, 212, 125, 106, 233, 161, 249, 46, 251, 239, 37, 149, 98,
       243, 70, 115, 224, 172, 187, 248, 236, 237, 81, 71, 254, 59, 172,
       24, 182, 177, 96, 58, 201, 178, 106, 16, 58, 111, 242, 51, 221,
       159, 20, 121, 208, 72, 198, 42, 252, 180, 189, 250, 173, 125, 81,
       201, 83, 31, 189, 24, 223, 253, 72, 59, 217, 147, 255, 50, 58,
       103, 251, 147, 219, 219, 81, 127, 210, 74, 134, 51, 162, 172, 150,
       152, 205, 229, 144, 199, 159, 23, 224, 17, 172, 186, 100, 143,
       201, 59, 234, 17, 54, 111, 82, 243, 137, 18, 94, 123, 208, 76,
       173, 142, 245, 121, 253, 103, 164, 78, 71, 184, 96, 250, 167, 72,
       83, 113, 201, 59, 16, 196, 124, 106, 201, 114, 253, 40, 241, 169,
       101, 52, 105, 179, 66, 48, 221, 120, 159, 118, 32, 78, 71, 144,
       240, 218, 166, 88, 247, 83, 65, 59, 0, 244, 124, 106, 105, 229,
       249, 42, 243, 235, 101, 16, 106, 241, 66, 49, 74, 172, 156, 50,
       153, 253, 16, 142, 187, 53, 160, 25, 174, 182, 66, 154, 129, 123,
       233, 16, 54, 79, 218, 49, 203, 211, 29, 123, 144, 4, 143, 10, 249,
       60, 189, 119, 173, 111, 85, 183, 250, 250, 166, 24, 247, 247, 65,
       59, 129, 118, 124, 24, 41, 109, 251, 42, 203, 223, 117, 48, 200,
       112, 198, 122, 217, 188, 189, 119, 168, 110, 117, 183, 248, 250,
       166, 88, 247, 119, 64, 123, 133, 119, 124, 10, 249, 237, 251, 42,
       227, 251, 117, 16, 192, 112, 199, 59, 252, 112, 221, 118, 40, 108,
       65, 152, 226, 191, 165, 24, 83, 215, 73, 59, 1, 212, 108, 90, 41,
       103, 251, 32, 211, 235, 117, 60, 224, 241, 70, 34, 236, 188, 189,
       115, 173, 111, 87, 154, 115, 251, 172, 24, 214, 117, 72, 59, 145,
       86, 124, 58, 59, 102, 251, 50, 239, 219, 69, 124, 194, 121, 214,
       98, 236, 236, 188, 250, 141, 245, 86, 174, 215, 179, 165, 24, 250,
       249, 77, 27, 201, 242, 249, 26, 122, 111, 250, 179, 251, 219, 213,
       123, 210, 89, 214, 10, 246, 236, 148, 255, 205, 111, 238, 239,
       191, 179, 233, 26, 234, 250, 93, 91, 249, 239, 123, 162, 122, 119,
       219, 255, 191, 254, 207, 63, 145, 123, 242, 130, 198, 236, 222,
       255, 252, 43, 254, 238, 63, 178, 251, 26, 237, 234, 29, 73, 255,
       239, 127, 227, 112, 247, 203, 255, 190, 254, 223, 148, 133, 121,
       227, 129, 244, 172, 222, 255, 252, 43, 255, 239, 62, 179, 243, 26,
       247, 234, 25, 89, 255, 239, 127, 163, 48, 255, 203, 255, 252, 239,
       255, 252, 149, 249, 227, 129, 252, 125, 189, 230, 168, 78, 95,
       184, 32, 250, 191, 8, 223, 119, 73, 19, 150, 213, 125, 98, 105,
       67, 251, 40, 243, 233, 101, 180, 32, 243, 134, 115, 213, 80, 29,
       103, 40, 78, 77, 24, 96, 250, 183, 88, 215, 87, 137, 123, 22, 212,
       124, 106, 233, 197, 249, 8, 193, 235, 97, 148, 40, 179, 64, 49,
       21, 93, 93, 229, 52, 11, 79, 184, 100, 168, 250, 102, 211, 19,
       145, 96, 126, 196, 28, 234, 201, 176, 101, 12, 224, 173, 165, 148,
       44, 187, 96, 33, 49, 125, 91, 237, 182, 11, 111, 127, 100, 160,
       122, 98, 215, 35, 145, 96, 126, 156, 22, 232, 201, 184, 69, 30,
       228, 173, 167, 132, 125, 186, 112, 169, 252, 112, 189, 243, 169,
       111, 87, 152, 51, 186, 181, 24, 223, 95, 73, 59, 157, 213, 253,
       114, 41, 71, 251, 50, 219, 219, 101, 61, 226, 243, 70, 51, 246,
       96, 126, 239, 110, 11, 250, 216, 63, 160, 247, 138, 207, 207, 61,
       80, 126, 221, 127, 235, 232, 247, 205, 252, 182, 250, 143, 180,
       117, 187, 115, 129, 254, 97, 118, 239, 126, 11, 254, 248, 63, 160,
       243, 10, 207, 203, 61, 81, 254, 205, 127, 227, 200, 243, 203, 252,
       182, 248, 143, 148, 103, 191, 115, 129, 104, 160, 180, 248, 137,
       237, 16, 15, 139, 55, 165, 25, 142, 189, 74, 26, 129, 19, 233, 16,
       26, 111, 210, 145, 203, 215, 80, 127, 210, 76, 143, 2, 2, 233,
       150, 216, 205, 197, 240, 199, 175, 21, 234, 11, 172, 154, 100, 66,
       232, 187, 235, 209, 26, 107, 146, 241, 153, 148, 222, 123, 208, 8,
       237, 138, 237, 112, 189, 103, 33, 79, 119, 184, 121, 238, 39, 12,
       214, 115, 73, 51, 144, 84, 108, 106, 97, 244, 249, 42, 231, 219,
       69, 52, 72, 51, 70, 115, 69, 113, 145, 71, 17, 14, 98, 56, 104,
       232, 107, 72, 214, 80, 9, 176, 144, 92, 64, 106, 193, 240, 217,
       12, 37, 156, 1, 6, 72, 51, 67, 130, 18, 233, 182, 200, 77, 205,
       242, 198, 239, 53, 232, 10, 174, 218, 116, 66, 232, 249, 235, 209,
       66, 43, 146, 241, 157, 144, 143, 123, 81, 8, 119, 138, 2, 96, 94,
       201, 110, 137, 248, 64, 175, 48, 243, 2, 253, 202, 117, 75, 106,
       169, 127, 195, 66, 119, 211, 209, 149, 184, 203, 24, 69, 10, 113,
       128, 254, 112, 182, 254, 109, 78, 86, 200, 171, 190, 177, 11, 78,
       222, 109, 159, 252, 245, 255, 227, 76, 103, 154, 224, 147, 242,
       79, 63, 67, 63, 38, 215, 254, 81, 118, 238, 15, 86, 94, 232, 161,
       222, 183, 11, 79, 255, 47, 215, 254, 213, 253, 227, 108, 231, 187,
       236, 243, 251, 207, 159, 35, 63, 110, 87, 125, 135, 77, 103, 180,
       14, 71, 184, 96, 168, 191, 76, 211, 97, 153, 115, 16, 198, 108,
       110, 217, 176, 237, 44, 234, 233, 101, 148, 104, 243, 210, 33,
       253, 71, 76, 103, 164, 30, 79, 184, 97, 168, 191, 76, 211, 97,
       153, 51, 16, 196, 108, 110, 201, 240, 237, 12, 226, 249, 101, 148,
       74, 243, 210, 33, 217, 188, 191, 118, 168, 108, 85, 183, 250, 251,
       166, 24, 247, 247, 64, 123, 165, 119, 124, 8, 121, 205, 187, 35,
       219, 235, 117, 16, 224, 96, 199, 59, 236, 188, 189, 115, 173, 111,
       85, 158, 243, 250, 164, 24, 214, 117, 65, 59, 129, 86, 124, 26,
