%YAML:1.0
---
descriptors: !!opencv-matrix
   rows: 178
   cols: 32
   dt: u
   data: [ 146, 172, 246, 255, 141, 229, 252, 239, 255, 51, 176, 18, 171,
       250, 84, 11, 239, 239, 123, 145, 58, 239, 219, 243, 159, 254, 223,
       127, 197, 80, 227, 138, 186, 172, 182, 248, 141, 229, 212, 199,
       191, 23, 160, 17, 170, 191, 102, 27, 201, 179, 235, 145, 58, 111,
       146, 243, 155, 243, 222, 123, 211, 68, 239, 138, 245, 68, 173,
       167, 172, 78, 79, 184, 48, 254, 167, 40, 215, 101, 217, 123, 16,
       196, 125, 110, 233, 228, 233, 42, 225, 235, 101, 20, 96, 251, 84,
       112, 124, 112, 252, 99, 169, 127, 83, 156, 55, 246, 165, 56, 219,
       95, 75, 27, 221, 213, 253, 242, 42, 70, 251, 50, 219, 223, 101,
       127, 162, 115, 6, 114, 199, 164, 133, 83, 172, 45, 140, 143, 250,
       51, 129, 88, 242, 120, 92, 43, 129, 71, 121, 23, 178, 78, 203,
       115, 13, 26, 223, 124, 128, 81, 211, 8, 20, 117, 123, 231, 176,
       14, 111, 184, 36, 232, 255, 64, 215, 119, 153, 96, 126, 253, 63,
       234, 201, 176, 105, 44, 237, 173, 167, 132, 96, 179, 38, 241, 53,
       81, 121, 103, 116, 15, 111, 184, 116, 232, 127, 102, 211, 81, 153,
       112, 118, 204, 22, 110, 201, 176, 109, 44, 228, 172, 37, 132, 109,
       187, 80, 177, 21, 71, 91, 231, 54, 11, 111, 184, 100, 168, 219,
       230, 211, 67, 185, 96, 126, 204, 28, 238, 201, 176, 77, 44, 224,
       173, 165, 132, 45, 187, 112, 33, 236, 176, 188, 123, 141, 109, 81,
       9, 91, 55, 165, 24, 222, 93, 74, 59, 137, 16, 233, 48, 58, 102,
       251, 17, 207, 219, 81, 127, 210, 72, 214, 98, 252, 245, 189, 254,
       141, 253, 95, 236, 215, 214, 173, 24, 250, 253, 126, 51, 217, 242,
       249, 123, 58, 103, 250, 179, 251, 223, 197, 125, 210, 123, 214,
       98, 21, 81, 93, 231, 52, 14, 79, 184, 100, 232, 251, 100, 215, 83,
       137, 112, 86, 212, 92, 110, 201, 144, 105, 12, 224, 169, 37, 148,
       40, 187, 64, 49, 220, 16, 189, 116, 8, 108, 81, 26, 162, 191, 167,
       24, 215, 55, 73, 123, 129, 148, 125, 8, 41, 69, 243, 0, 209, 235,
       113, 28, 160, 97, 6, 115, 20, 213, 120, 231, 182, 15, 127, 184,
       36, 168, 127, 34, 215, 127, 153, 64, 118, 221, 63, 106, 200, 176,
       73, 46, 237, 239, 39, 132, 36, 251, 209, 179, 124, 117, 188, 231,
       168, 78, 95, 184, 33, 250, 191, 8, 223, 119, 75, 19, 150, 213,
       253, 98, 72, 67, 249, 40, 243, 233, 101, 188, 32, 243, 6, 115, 17,
       79, 73, 237, 52, 11, 111, 252, 100, 168, 250, 198, 211, 3, 145,
       96, 126, 204, 20, 238, 201, 184, 69, 12, 224, 173, 167, 132, 109,
       186, 96, 161, 236, 113, 249, 103, 36, 95, 87, 152, 67, 238, 183,
       8, 219, 93, 219, 59, 156, 220, 125, 106, 201, 244, 249, 8, 231,
       217, 101, 53, 66, 187, 86, 115, 114, 233, 118, 236, 93, 207, 250,
       232, 239, 160, 226, 10, 110, 218, 117, 82, 232, 253, 251, 243, 74,
       51, 219, 253, 191, 248, 139, 59, 81, 43, 103, 138, 53, 73, 123,
       109, 180, 10, 111, 184, 100, 232, 126, 66, 243, 67, 145, 96, 126,
       236, 20, 238, 201, 176, 101, 44, 228, 173, 165, 128, 109, 179, 96,
       169, 57, 204, 99, 77, 85, 223, 79, 189, 69, 96, 238, 8, 115, 85,
       180, 244, 88, 236, 58, 238, 201, 182, 125, 191, 55, 253, 133, 16,
       115, 190, 240, 108, 130, 164, 214, 145, 110, 171, 248, 103, 191,
       51, 242, 18, 172, 170, 84, 75, 239, 143, 127, 17, 50, 253, 195,
       215, 156, 62, 90, 192, 132, 72, 161, 137, 182, 32, 118, 233, 110,
       11, 248, 72, 173, 176, 243, 10, 207, 202, 125, 91, 126, 173, 127,
       227, 136, 231, 195, 216, 150, 248, 203, 188, 53, 171, 115, 128,
       232, 168, 182, 248, 205, 237, 80, 199, 219, 23, 160, 24, 42, 185,
       100, 91, 201, 179, 235, 16, 58, 111, 210, 241, 155, 219, 212, 123,
       210, 72, 246, 10, 242, 172, 222, 187, 205, 237, 236, 207, 191,
       179, 226, 26, 255, 250, 116, 91, 235, 239, 123, 145, 50, 255, 219,
       243, 221, 251, 223, 121, 149, 72, 245, 138, 124, 112, 188, 99,
       169, 111, 87, 152, 51, 186, 165, 8, 223, 95, 73, 27, 157, 213,
       253, 114, 10, 70, 251, 48, 223, 219, 101, 53, 226, 243, 70, 51,
       237, 117, 189, 119, 172, 111, 87, 159, 122, 250, 38, 24, 215, 53,
       65, 59, 149, 214, 124, 58, 169, 116, 249, 34, 239, 219, 101, 52,
       192, 113, 198, 51, 5, 83, 25, 231, 52, 14, 111, 184, 100, 232, 91,
       100, 215, 115, 153, 96, 86, 76, 62, 110, 193, 176, 73, 12, 228,
       173, 39, 132, 44, 179, 1, 177, 53, 213, 67, 79, 244, 11, 239, 253,
       100, 224, 122, 198, 83, 65, 185, 96, 122, 204, 22, 238, 201, 176,
       125, 30, 100, 172, 167, 132, 125, 186, 240, 176, 236, 180, 188,
       122, 141, 253, 87, 172, 219, 63, 173, 24, 250, 253, 73, 59, 217,
       210, 249, 26, 58, 103, 250, 179, 251, 223, 85, 127, 210, 91, 214,
       42, 101, 87, 73, 103, 180, 14, 79, 184, 96, 232, 251, 76, 211, 97,
       153, 48, 28, 196, 84, 110, 201, 176, 125, 46, 228, 172, 37, 148,
       109, 251, 82, 49, 130, 160, 246, 249, 110, 169, 248, 79, 191, 51,
       242, 18, 175, 138, 84, 75, 235, 175, 127, 145, 178, 253, 195, 209,
       156, 250, 218, 240, 213, 8, 83, 137, 124, 117, 124, 230, 168, 78,
       95, 184, 33, 232, 191, 8, 215, 119, 11, 51, 150, 212, 125, 106,
       104, 67, 249, 44, 243, 235, 101, 180, 32, 243, 198, 115, 130, 96,
       246, 153, 110, 41, 248, 71, 191, 51, 242, 18, 140, 138, 92, 75,
       239, 153, 127, 145, 178, 244, 195, 192, 148, 186, 218, 194, 133,
       8, 177, 129, 162, 232, 150, 153, 77, 205, 232, 198, 191, 19, 226,
       26, 172, 138, 116, 91, 233, 169, 123, 145, 34, 255, 210, 241, 157,
       58, 218, 104, 144, 8, 115, 138, 98, 185, 148, 248, 141, 205, 80,
       71, 143, 17, 168, 24, 174, 186, 68, 91, 201, 51, 251, 16, 18, 107,
       210, 241, 143, 248, 86, 123, 208, 8, 215, 138, 104, 176, 180, 240,
       141, 237, 80, 7, 235, 59, 168, 24, 142, 189, 68, 26, 129, 19, 249,
       16, 18, 105, 210, 209, 143, 223, 80, 127, 210, 72, 199, 2, 130,
       172, 182, 248, 205, 173, 248, 199, 191, 27, 226, 16, 172, 186,
       116, 75, 237, 187, 123, 145, 50, 239, 210, 243, 159, 250, 222,
       106, 144, 72, 225, 138, 130, 172, 182, 217, 237, 173, 248, 199,
       191, 27, 242, 18, 172, 170, 116, 75, 239, 175, 127, 145, 178, 255,
       210, 243, 159, 58, 222, 74, 149, 200, 225, 137, 130, 172, 246,
       221, 236, 169, 248, 199, 191, 51, 242, 18, 172, 234, 84, 75, 239,
       239, 127, 145, 178, 254, 195, 243, 158, 190, 222, 192, 132, 72,
       225, 137, 146, 172, 246, 189, 238, 171, 248, 103, 191, 179, 242,
       18, 237, 234, 116, 75, 239, 175, 127, 145, 178, 253, 195, 247,
       156, 254, 223, 192, 133, 72, 161, 137, 124, 176, 184, 227, 173,
       127, 83, 152, 79, 61, 189, 24, 223, 127, 77, 56, 217, 221, 253,
       114, 26, 98, 251, 176, 207, 223, 65, 127, 210, 107, 70, 51, 109,
       85, 125, 103, 180, 78, 119, 184, 97, 236, 127, 8, 211, 117, 153,
       51, 20, 212, 125, 106, 201, 176, 249, 12, 231, 249, 101, 20, 98,
       243, 70, 113, 126, 101, 246, 239, 221, 79, 254, 232, 191, 162,
       251, 10, 206, 255, 61, 80, 249, 221, 255, 227, 104, 243, 217, 254,
       183, 255, 143, 55, 87, 123, 119, 130, 220, 213, 188, 231, 188, 46,
       95, 188, 52, 170, 159, 57, 247, 119, 9, 66, 183, 215, 125, 107,
       248, 197, 201, 46, 251, 239, 111, 148, 164, 243, 129, 19, 104,
       169, 48, 248, 157, 205, 84, 103, 203, 5, 172, 9, 174, 153, 100,
       16, 200, 187, 203, 16, 90, 43, 210, 181, 251, 213, 148, 123, 82,
       12, 246, 10, 104, 181, 188, 254, 253, 237, 84, 109, 127, 25, 189,
       24, 238, 253, 12, 80, 217, 155, 255, 16, 90, 99, 219, 149, 251,
       223, 20, 63, 210, 74, 198, 10, 17, 89, 89, 229, 52, 142, 111, 53,
       100, 168, 250, 96, 183, 19, 144, 96, 118, 46, 28, 232, 201, 152,
       65, 12, 228, 173, 166, 128, 44, 154, 192, 41, 52, 32, 91, 235,
       126, 43, 235, 88, 62, 161, 243, 202, 215, 207, 25, 88, 126, 157,
       127, 187, 9, 183, 201, 86, 212, 174, 171, 196, 229, 171, 99, 177,
       8, 172, 222, 191, 116, 171, 184, 7, 62, 51, 123, 18, 189, 170, 80,
