%YAML:1.0
---
descriptors: !!opencv-matrix
   rows: 216
   cols: 32
   dt: u
   data: [ 100, 229, 157, 122, 137, 77, 87, 168, 34, 183, 173, 24, 86,
       119, 74, 26, 153, 210, 105, 122, 90, 98, 251, 51, 251, 159, 69,
       125, 208, 115, 198, 98, 145, 134, 205, 53, 144, 42, 98, 23, 118,
       35, 98, 208, 211, 35, 136, 88, 51, 142, 40, 60, 57, 252, 69, 14,
       228, 166, 49, 68, 224, 192, 192, 32, 108, 181, 189, 97, 169, 77,
       85, 159, 107, 189, 44, 24, 150, 53, 64, 58, 129, 86, 108, 24, 90,
       120, 249, 0, 239, 223, 85, 118, 194, 72, 198, 107, 104, 180, 57,
       112, 153, 237, 81, 87, 234, 61, 44, 24, 182, 149, 64, 48, 129, 26,
       72, 24, 18, 105, 178, 23, 217, 221, 16, 123, 192, 0, 198, 107,
       121, 190, 92, 176, 42, 140, 88, 159, 163, 127, 180, 189, 191, 215,
       194, 27, 135, 247, 253, 20, 191, 79, 202, 49, 218, 195, 125, 249,
       32, 132, 142, 91, 252, 125, 253, 114, 168, 111, 71, 156, 50, 190,
       173, 24, 83, 247, 193, 26, 17, 214, 108, 122, 56, 103, 251, 34,
       249, 143, 101, 60, 224, 243, 198, 98, 237, 174, 132, 48, 249, 189,
       96, 223, 179, 187, 112, 221, 47, 227, 210, 153, 177, 174, 198, 28,
       54, 126, 202, 51, 30, 211, 117, 237, 234, 196, 202, 129, 65, 49,
       25, 101, 1, 78, 51, 0, 104, 224, 35, 8, 214, 17, 1, 50, 144, 84,
       72, 106, 65, 240, 241, 8, 197, 185, 0, 6, 64, 35, 67, 34, 93, 38,
       152, 182, 168, 56, 72, 10, 250, 191, 171, 93, 207, 226, 203, 219,
       131, 199, 236, 20, 60, 65, 207, 2, 218, 247, 117, 125, 160, 225,
       10, 0, 117, 69, 125, 103, 148, 78, 102, 184, 100, 160, 235, 72,
       83, 115, 25, 112, 48, 212, 92, 106, 105, 176, 89, 14, 231, 239,
       37, 20, 97, 179, 64, 34, 83, 123, 18, 165, 34, 10, 62, 48, 41,
       204, 90, 237, 141, 2, 131, 148, 182, 53, 204, 101, 197, 144, 197,
       76, 164, 244, 42, 130, 12, 39, 11, 85, 244, 76, 220, 118, 168,
       106, 85, 190, 176, 178, 166, 56, 215, 115, 9, 123, 135, 215, 109,
       42, 104, 103, 203, 46, 211, 235, 117, 20, 96, 241, 198, 35, 148,
       173, 95, 247, 144, 110, 71, 191, 52, 162, 238, 16, 87, 115, 1, 81,
       49, 254, 77, 170, 120, 221, 25, 46, 233, 231, 53, 80, 160, 112,
       228, 34, 96, 144, 149, 249, 141, 205, 65, 143, 15, 49, 40, 24,
       182, 51, 76, 122, 129, 19, 104, 16, 11, 104, 211, 53, 141, 246,
       84, 127, 208, 88, 196, 42, 224, 172, 157, 254, 200, 237, 21, 183,
       154, 23, 96, 24, 182, 243, 64, 91, 129, 122, 106, 24, 50, 78, 218,
       51, 205, 163, 118, 120, 144, 72, 135, 170, 117, 5, 125, 109, 30,
       15, 67, 56, 100, 160, 171, 8, 211, 49, 8, 112, 50, 212, 72, 104,
       40, 176, 121, 31, 237, 175, 5, 84, 112, 170, 64, 34, 252, 116,
       188, 247, 140, 109, 85, 152, 194, 187, 135, 25, 215, 249, 89, 43,
       137, 214, 125, 115, 56, 103, 219, 32, 201, 195, 245, 125, 168,
       121, 82, 18, 69, 245, 156, 71, 149, 14, 103, 184, 122, 232, 43,
       76, 214, 113, 73, 50, 145, 68, 108, 110, 225, 240, 249, 14, 237,
       190, 101, 84, 72, 51, 67, 33, 65, 117, 17, 101, 17, 78, 55, 32,
       104, 224, 106, 8, 222, 17, 1, 48, 144, 84, 72, 106, 65, 240, 241,
       14, 229, 188, 1, 2, 72, 50, 67, 50, 76, 117, 120, 103, 50, 10, 63,
       56, 41, 164, 111, 173, 223, 87, 139, 80, 22, 85, 237, 110, 64,
       208, 249, 78, 231, 255, 33, 4, 66, 179, 7, 113, 109, 97, 49, 101,
       53, 31, 118, 56, 105, 232, 127, 77, 218, 29, 157, 176, 148, 76,
       124, 110, 196, 240, 233, 12, 103, 253, 33, 134, 66, 183, 66, 103,
       161, 116, 91, 69, 80, 79, 99, 48, 112, 192, 101, 72, 114, 23, 133,
       52, 24, 60, 64, 106, 97, 180, 113, 14, 101, 136, 32, 0, 107, 179,
       70, 160, 208, 184, 190, 48, 168, 237, 17, 7, 226, 243, 164, 24,
       183, 243, 64, 59, 161, 51, 108, 17, 59, 109, 146, 49, 217, 195,
       115, 120, 232, 64, 135, 26, 120, 168, 159, 50, 136, 237, 80, 214,
       162, 91, 164, 24, 55, 243, 66, 59, 129, 230, 125, 24, 30, 79, 250,
       49, 219, 203, 117, 121, 162, 192, 206, 74, 129, 174, 197, 27, 200,
       168, 100, 175, 254, 179, 98, 208, 241, 227, 216, 75, 99, 78, 106,
       28, 51, 220, 207, 51, 12, 34, 247, 68, 136, 240, 193, 136, 210,
       190, 150, 178, 171, 169, 16, 199, 187, 27, 128, 253, 174, 226, 64,
       223, 167, 163, 236, 21, 62, 79, 130, 99, 152, 210, 92, 122, 136,
       68, 131, 15, 124, 97, 11, 46, 9, 70, 87, 104, 160, 192, 237, 9,
       82, 215, 43, 18, 216, 232, 121, 234, 72, 195, 218, 8, 243, 249,
       133, 25, 64, 51, 122, 194, 101, 253, 57, 103, 117, 79, 119, 184,
       123, 236, 46, 12, 214, 121, 77, 48, 144, 92, 80, 106, 65, 240,
       249, 46, 111, 223, 5, 54, 72, 51, 71, 242, 124, 180, 189, 118,
       168, 108, 85, 158, 243, 183, 173, 24, 215, 247, 72, 59, 133, 215,
       124, 16, 59, 71, 250, 34, 219, 255, 117, 125, 224, 241, 134, 98,
       240, 56, 255, 112, 10, 233, 65, 82, 162, 151, 165, 56, 23, 151,
       64, 27, 38, 180, 108, 152, 58, 79, 178, 0, 209, 161, 113, 56, 96,
       128, 70, 107, 96, 49, 17, 65, 97, 221, 225, 1, 104, 121, 34, 8,
       146, 21, 68, 185, 128, 28, 72, 24, 3, 56, 241, 16, 5, 152, 0, 114,
       64, 0, 71, 162, 77, 112, 189, 82, 105, 92, 49, 8, 235, 219, 37, 8,
       158, 215, 77, 59, 129, 85, 96, 82, 1, 103, 250, 64, 71, 217, 81,
       47, 194, 51, 71, 163, 252, 36, 189, 114, 138, 104, 81, 11, 178,
       183, 167, 24, 87, 247, 73, 27, 35, 214, 236, 16, 58, 103, 171, 0,
       219, 195, 117, 125, 226, 225, 134, 98, 145, 6, 75, 101, 176, 42,
       107, 54, 116, 163, 106, 212, 211, 33, 144, 112, 83, 236, 44, 44,
       185, 188, 69, 14, 228, 174, 32, 0, 236, 226, 192, 32, 81, 142, 93,
       101, 176, 42, 111, 191, 116, 43, 106, 100, 243, 33, 144, 112, 19,
       198, 76, 44, 185, 184, 69, 15, 236, 174, 36, 64, 232, 242, 192,
       41, 213, 221, 29, 102, 160, 14, 71, 181, 225, 202, 174, 68, 119,
       115, 129, 115, 36, 230, 108, 106, 249, 233, 185, 47, 243, 235,
       101, 20, 104, 242, 194, 41, 226, 170, 204, 82, 203, 185, 176, 207,
       170, 183, 164, 157, 35, 225, 70, 27, 73, 162, 227, 16, 62, 111,
       202, 49, 30, 195, 85, 123, 225, 200, 206, 138, 242, 186, 158, 220,
       234, 181, 29, 207, 171, 191, 164, 189, 36, 231, 78, 27, 135, 247,
       237, 16, 58, 79, 170, 113, 155, 147, 85, 255, 128, 96, 142, 107,
       5, 236, 27, 126, 92, 197, 103, 248, 244, 130, 108, 0, 243, 241,
       40, 96, 89, 120, 34, 106, 105, 246, 218, 63, 237, 175, 7, 8, 88,
       122, 96, 160, 252, 188, 252, 118, 136, 109, 85, 223, 178, 183,
       164, 25, 19, 247, 74, 27, 1, 214, 109, 24, 58, 79, 218, 34, 219,
       203, 117, 125, 224, 240, 198, 42, 93, 69, 93, 101, 148, 78, 103,
       56, 100, 160, 235, 64, 83, 51, 17, 112, 48, 212, 88, 106, 105,
       176, 25, 14, 247, 239, 5, 20, 97, 243, 64, 32, 216, 196, 30, 247,
       154, 74, 69, 175, 180, 178, 166, 16, 115, 115, 0, 91, 33, 214,
       108, 162, 120, 205, 89, 46, 249, 227, 245, 21, 32, 112, 228, 42,
       96, 144, 145, 121, 153, 77, 65, 175, 75, 49, 40, 24, 182, 51, 76,
       114, 129, 19, 104, 0, 11, 104, 211, 113, 173, 150, 20, 126, 88, 8,
       199, 42, 208, 172, 189, 117, 168, 232, 93, 143, 254, 183, 162, 16,
       247, 227, 80, 123, 3, 119, 104, 24, 58, 77, 239, 50, 201, 171,
       127, 16, 160, 240, 135, 32, 20, 133, 93, 101, 20, 79, 67, 184,
       100, 160, 170, 10, 83, 51, 0, 112, 48, 148, 72, 40, 104, 176, 121,
       30, 241, 175, 1, 20, 113, 138, 68, 34, 213, 160, 189, 51, 136, 45,
       81, 143, 238, 51, 161, 24, 215, 114, 72, 59, 129, 67, 104, 16, 62,
       109, 219, 49, 201, 139, 85, 124, 208, 72, 131, 34, 69, 103, 157,
       103, 180, 14, 103, 184, 122, 168, 43, 76, 215, 97, 217, 50, 149,
       68, 108, 126, 225, 240, 217, 46, 236, 190, 37, 4, 200, 243, 67,
       33, 36, 129, 189, 107, 24, 79, 71, 184, 86, 176, 171, 64, 211,
       119, 73, 112, 81, 84, 104, 106, 11, 176, 121, 25, 237, 158, 5, 52,
       80, 187, 68, 48, 76, 101, 120, 103, 50, 26, 127, 184, 41, 164,
       111, 136, 223, 119, 137, 84, 54, 93, 221, 110, 64, 144, 233, 78,
