%YAML:1.0
---
descriptors: !!opencv-matrix
   rows: 156
   cols: 32
   dt: u
   data: [ 216, 188, 157, 246, 171, 104, 85, 191, 178, 183, 166, 56, 255,
       247, 64, 155, 3, 247, 237, 2, 104, 77, 219, 34, 217, 227, 117, 61,
       98, 112, 134, 42, 96, 168, 185, 120, 29, 237, 65, 143, 243, 53,
       164, 8, 178, 209, 64, 58, 137, 218, 104, 24, 26, 111, 251, 49,
       207, 255, 21, 125, 208, 8, 198, 42, 120, 44, 215, 118, 169, 104,
       84, 151, 163, 151, 162, 24, 111, 243, 64, 219, 129, 246, 236, 2,
       56, 111, 202, 32, 211, 243, 84, 27, 226, 240, 198, 34, 112, 184,
       59, 120, 141, 237, 81, 71, 227, 85, 164, 24, 55, 157, 64, 59, 137,
       179, 93, 24, 27, 111, 242, 17, 211, 217, 16, 123, 225, 8, 198,
       106, 217, 30, 159, 180, 160, 102, 29, 55, 176, 222, 134, 84, 255,
       119, 3, 91, 39, 119, 108, 42, 33, 193, 176, 46, 225, 227, 127, 16,
       128, 240, 167, 121, 13, 0, 19, 101, 112, 46, 107, 16, 125, 136,
       115, 68, 223, 3, 145, 124, 20, 44, 86, 126, 129, 176, 113, 72,
       196, 252, 32, 0, 202, 227, 66, 177, 124, 96, 120, 104, 77, 205,
       81, 72, 163, 37, 165, 9, 31, 223, 74, 16, 152, 152, 85, 90, 10,
       35, 218, 17, 211, 201, 1, 125, 96, 139, 70, 98, 201, 54, 157, 183,
       160, 110, 61, 23, 58, 251, 19, 117, 247, 54, 75, 123, 135, 87,
       125, 4, 177, 220, 241, 34, 205, 227, 126, 144, 136, 208, 131, 121,
       64, 186, 156, 119, 168, 236, 53, 151, 170, 159, 35, 125, 246, 243,
       72, 27, 133, 115, 109, 16, 18, 77, 154, 33, 205, 179, 124, 248,
       136, 64, 135, 27, 212, 124, 248, 114, 139, 108, 21, 142, 171, 247,
       166, 25, 94, 247, 79, 27, 163, 215, 237, 18, 58, 71, 186, 98, 219,
       203, 85, 63, 224, 113, 135, 123, 222, 188, 189, 250, 169, 173, 93,
       159, 191, 91, 181, 125, 190, 255, 72, 59, 135, 243, 253, 19, 187,
       79, 218, 243, 219, 219, 125, 250, 154, 81, 135, 59, 216, 188, 158,
       182, 139, 120, 21, 183, 177, 247, 134, 185, 255, 119, 66, 91, 39,
       247, 237, 160, 56, 77, 187, 34, 219, 227, 95, 19, 162, 112, 175,
       122, 244, 112, 189, 229, 140, 110, 87, 152, 114, 178, 135, 24,
       215, 113, 73, 59, 145, 212, 125, 122, 104, 68, 249, 8, 201, 131,
       101, 52, 160, 251, 86, 34, 247, 184, 172, 50, 169, 189, 217, 206,
       235, 119, 164, 29, 12, 220, 94, 59, 167, 147, 253, 149, 190, 79,
       186, 241, 219, 91, 93, 255, 205, 4, 143, 87, 60, 49, 24, 98, 89,
       205, 83, 88, 35, 44, 173, 12, 19, 211, 72, 16, 152, 152, 197, 82,
       10, 35, 216, 16, 211, 205, 33, 61, 98, 11, 70, 178, 228, 184, 185,
       81, 205, 237, 65, 143, 235, 177, 36, 24, 150, 149, 72, 62, 129,
       30, 106, 24, 27, 110, 250, 51, 79, 152, 21, 127, 192, 8, 198, 42,
       93, 69, 199, 71, 2, 14, 111, 184, 112, 226, 235, 196, 83, 99, 153,
       244, 52, 196, 104, 238, 233, 144, 253, 14, 52, 174, 101, 4, 42,
       243, 96, 32, 44, 125, 249, 99, 56, 79, 71, 184, 99, 172, 188, 40,
       211, 53, 193, 52, 16, 92, 68, 122, 104, 114, 233, 62, 237, 221,
       37, 52, 66, 187, 70, 227, 214, 60, 190, 246, 138, 96, 28, 135,
       161, 190, 130, 57, 118, 255, 65, 91, 229, 247, 125, 130, 120, 71,
       203, 98, 217, 227, 223, 27, 160, 112, 166, 11, 37, 101, 25, 103,
       152, 79, 71, 168, 126, 160, 43, 72, 214, 113, 9, 48, 144, 84, 104,
       106, 73, 176, 89, 62, 165, 142, 37, 52, 64, 59, 66, 32, 92, 96,
       157, 116, 8, 44, 69, 26, 227, 178, 163, 24, 215, 179, 73, 27, 129,
       212, 108, 10, 72, 103, 219, 0, 209, 235, 85, 60, 224, 113, 66, 34,
       224, 184, 177, 80, 201, 237, 81, 135, 251, 241, 32, 24, 150, 145,
       68, 60, 129, 30, 106, 24, 19, 111, 250, 18, 29, 152, 21, 126, 192,
       8, 198, 42, 197, 253, 159, 119, 240, 78, 231, 184, 122, 170, 107,
       76, 246, 117, 9, 50, 145, 119, 104, 106, 97, 244, 217, 110, 237,
       190, 103, 16, 72, 115, 131, 48, 229, 69, 189, 103, 184, 79, 71,
       184, 118, 250, 35, 8, 215, 117, 9, 123, 145, 68, 108, 110, 105,
       244, 121, 62, 237, 170, 101, 20, 216, 123, 64, 50, 228, 116, 156,
       231, 172, 110, 87, 152, 34, 178, 167, 24, 215, 49, 73, 27, 145,
       212, 109, 122, 104, 100, 217, 0, 201, 163, 101, 52, 168, 251, 66,
       50, 69, 87, 156, 71, 168, 31, 55, 184, 110, 186, 47, 108, 222,
       112, 207, 127, 151, 68, 108, 106, 229, 112, 249, 124, 236, 186,
       101, 54, 200, 115, 65, 5, 68, 33, 145, 101, 1, 78, 102, 8, 112,
       160, 43, 8, 215, 51, 9, 48, 16, 212, 104, 106, 73, 240, 217, 10,
       165, 188, 5, 4, 72, 51, 66, 34, 240, 168, 157, 240, 136, 168, 65,
       198, 162, 183, 160, 24, 55, 147, 64, 27, 1, 247, 109, 24, 10, 79,
       130, 33, 217, 129, 117, 120, 224, 64, 135, 42, 1, 113, 17, 69,
       208, 14, 102, 57, 108, 40, 106, 76, 214, 17, 8, 48, 144, 92, 68,
       106, 193, 176, 81, 76, 165, 184, 32, 0, 72, 50, 195, 33, 91, 254,
       189, 186, 169, 221, 93, 191, 171, 127, 180, 189, 191, 255, 66, 59,
       135, 243, 253, 17, 255, 75, 250, 49, 219, 219, 125, 251, 186, 212,
       134, 123, 211, 184, 151, 48, 137, 236, 16, 7, 235, 211, 160, 92,
       190, 146, 68, 191, 129, 183, 124, 17, 63, 79, 146, 97, 153, 242,
       90, 122, 200, 64, 131, 30, 105, 177, 17, 40, 89, 141, 66, 121, 34,
       105, 105, 76, 182, 147, 64, 176, 144, 184, 66, 72, 75, 58, 218,
       29, 245, 220, 1, 122, 88, 2, 66, 154, 77, 113, 149, 71, 32, 94,
       54, 184, 105, 232, 119, 104, 222, 49, 136, 182, 146, 84, 124, 106,
       193, 240, 249, 77, 39, 251, 101, 6, 74, 51, 67, 35, 240, 32, 252,
       112, 8, 105, 81, 27, 226, 183, 164, 24, 23, 149, 64, 27, 1, 148,
       108, 16, 26, 103, 226, 16, 219, 129, 117, 125, 224, 200, 198, 34,
       69, 113, 57, 69, 0, 78, 51, 56, 104, 232, 107, 72, 214, 18, 9, 50,
       148, 92, 96, 106, 193, 176, 249, 12, 5, 184, 65, 6, 72, 34, 67,
       33, 32, 140, 63, 123, 140, 235, 193, 102, 236, 22, 166, 0, 183,
       177, 32, 107, 201, 50, 106, 10, 114, 233, 99, 61, 201, 139, 114,
       81, 80, 72, 197, 170, 108, 103, 249, 103, 240, 75, 87, 184, 123,
       172, 45, 40, 215, 117, 201, 20, 18, 92, 76, 122, 72, 240, 233, 62,
       239, 221, 37, 52, 66, 179, 70, 33, 209, 172, 135, 48, 137, 173,
       64, 199, 187, 19, 160, 25, 167, 224, 80, 223, 129, 166, 108, 29,
       62, 79, 130, 51, 152, 242, 84, 122, 192, 84, 210, 12, 216, 60,
       157, 116, 40, 232, 1, 23, 182, 59, 130, 120, 183, 183, 192, 122,
       39, 55, 109, 8, 59, 77, 243, 3, 217, 167, 122, 120, 128, 64, 135,
       57, 114, 174, 238, 86, 171, 249, 84, 231, 179, 95, 172, 185, 42,
       246, 198, 191, 161, 242, 236, 16, 62, 75, 170, 179, 155, 215, 85,
       251, 226, 84, 142, 127, 124, 4, 136, 239, 28, 110, 67, 184, 52,
       14, 235, 1, 215, 97, 9, 80, 89, 196, 45, 106, 40, 182, 217, 14,
       193, 167, 163, 20, 48, 235, 116, 34, 194, 184, 159, 82, 138, 232,
       128, 7, 170, 83, 160, 88, 182, 214, 64, 63, 161, 51, 104, 16, 19,
       79, 178, 113, 153, 146, 90, 122, 136, 64, 167, 44, 221, 245, 29,
       167, 184, 15, 15, 184, 54, 186, 139, 93, 215, 115, 72, 131, 21,
       69, 125, 110, 123, 77, 219, 63, 233, 199, 109, 116, 42, 163, 137,
       51, 129, 152, 223, 117, 160, 110, 101, 23, 118, 251, 102, 112,
       115, 113, 128, 57, 51, 118, 116, 8, 177, 252, 53, 47, 77, 235,
       117, 64, 233, 224, 194, 57, 214, 237, 189, 178, 170, 233, 149,
       207, 218, 251, 144, 57, 182, 253, 64, 11, 137, 115, 125, 19, 50,
       111, 234, 113, 217, 2, 127, 255, 196, 89, 135, 99, 45, 115, 81,
       67, 116, 15, 119, 120, 105, 168, 125, 76, 94, 81, 141, 52, 156,
       88, 70, 110, 193, 178, 89, 30, 103, 220, 33, 52, 67, 187, 66, 161,
       41, 241, 24, 105, 121, 141, 99, 120, 107, 40, 109, 76, 150, 83,
       72, 148, 148, 8, 66, 110, 67, 50, 88, 29, 39, 221, 1, 124, 90,
       130, 74, 129, 120, 168, 156, 112, 136, 169, 80, 87, 162, 55, 164,
       25, 7, 145, 66, 26, 129, 146, 236, 16, 26, 107, 194, 17, 219, 193,
       112, 121, 224, 200, 206, 10, 108, 20, 145, 239, 53, 110, 67, 56,
       53, 174, 239, 12, 215, 115, 9, 84, 81, 220, 44, 42, 56, 182, 217,
