%YAML:1.0
---
descriptors: !!opencv-matrix
   rows: 80
   cols: 32
   dt: u
   data: [ 252, 112, 252, 242, 169, 253, 81, 216, 215, 247, 181, 25, 95,
       223, 75, 187, 207, 209, 253, 146, 42, 103, 122, 176, 219, 219, 85,
       127, 243, 157, 78, 83, 252, 180, 180, 250, 141, 253, 81, 219, 191,
       95, 181, 25, 206, 253, 74, 159, 173, 147, 253, 0, 62, 111, 250,
       179, 219, 219, 80, 127, 210, 77, 207, 83, 158, 189, 252, 255, 191,
       254, 255, 255, 191, 222, 189, 51, 238, 126, 30, 167, 255, 247,
       255, 243, 252, 238, 250, 255, 255, 255, 207, 215, 231, 127, 175,
       215, 137, 22, 189, 117, 172, 62, 125, 151, 253, 251, 54, 116, 159,
       63, 130, 59, 135, 70, 127, 28, 177, 252, 99, 66, 207, 251, 116,
       196, 200, 240, 194, 243, 205, 156, 189, 115, 172, 44, 125, 151,
       254, 123, 54, 84, 255, 63, 74, 123, 133, 87, 127, 28, 179, 124,
       251, 99, 111, 251, 116, 212, 202, 216, 193, 123, 220, 252, 189,
       230, 188, 127, 95, 248, 238, 238, 191, 21, 223, 127, 91, 115, 215,
       215, 253, 231, 253, 71, 187, 174, 251, 223, 239, 189, 128, 243,
       165, 115, 173, 156, 189, 119, 237, 252, 127, 150, 251, 251, 55,
       92, 255, 125, 91, 59, 205, 118, 125, 30, 251, 252, 251, 163, 239,
       255, 85, 68, 202, 249, 198, 243, 62, 253, 246, 190, 253, 223, 190,
       232, 191, 174, 253, 43, 78, 254, 47, 212, 255, 255, 255, 99, 124,
       227, 154, 255, 187, 255, 207, 191, 87, 127, 255, 215, 25, 223,
       107, 238, 182, 134, 239, 252, 117, 72, 222, 230, 121, 239, 177,
       96, 126, 238, 31, 238, 233, 187, 45, 239, 242, 237, 174, 128, 63,
       186, 240, 249, 254, 253, 190, 190, 189, 255, 159, 232, 187, 190,
       189, 27, 78, 254, 111, 211, 249, 247, 255, 227, 46, 67, 186, 251,
       251, 243, 207, 63, 147, 127, 239, 214, 61, 255, 107, 239, 246,
       223, 239, 253, 87, 204, 252, 230, 123, 237, 190, 96, 126, 234, 23,
       239, 201, 187, 60, 255, 254, 205, 167, 160, 127, 186, 240, 249,
       205, 158, 189, 243, 168, 44, 125, 182, 190, 251, 62, 84, 254, 55,
       72, 123, 133, 87, 125, 24, 179, 109, 251, 98, 207, 251, 118, 196,
       202, 208, 197, 123, 205, 189, 189, 119, 173, 252, 117, 151, 251,
       251, 190, 92, 254, 255, 74, 123, 133, 119, 125, 24, 179, 109, 251,
       243, 239, 219, 117, 120, 202, 88, 195, 123, 62, 255, 246, 190,
       189, 247, 222, 232, 191, 238, 253, 47, 78, 254, 47, 149, 255, 255,
       255, 227, 108, 99, 251, 255, 187, 254, 143, 191, 119, 127, 239,
       215, 237, 190, 189, 243, 173, 253, 125, 159, 255, 251, 190, 92,
       255, 125, 90, 59, 205, 118, 127, 28, 179, 108, 251, 179, 239, 251,
       117, 246, 202, 248, 194, 115, 205, 22, 189, 245, 164, 46, 125, 23,
       61, 251, 118, 116, 223, 55, 129, 123, 135, 23, 127, 44, 177, 244,
       99, 66, 199, 251, 118, 132, 136, 240, 129, 113, 252, 112, 252,
       114, 169, 79, 87, 152, 179, 254, 165, 24, 223, 95, 75, 59, 223,
       213, 253, 82, 104, 103, 251, 48, 219, 203, 101, 61, 242, 179, 78,
       115, 220, 221, 189, 231, 188, 126, 95, 184, 62, 238, 190, 25, 223,
       127, 11, 99, 247, 215, 253, 227, 232, 197, 249, 174, 251, 255,
       111, 149, 164, 243, 133, 115, 25, 223, 107, 238, 246, 130, 111,
       252, 101, 200, 222, 230, 113, 111, 177, 96, 126, 238, 23, 238,
       201, 179, 45, 255, 242, 239, 167, 128, 47, 187, 240, 185, 111,
       180, 229, 207, 237, 127, 255, 248, 127, 238, 255, 158, 200, 255,
       223, 252, 127, 221, 255, 191, 177, 242, 255, 210, 127, 126, 199,
       174, 255, 255, 246, 245, 63, 182, 231, 222, 255, 127, 254, 220,
       127, 239, 255, 254, 72, 254, 254, 244, 255, 223, 255, 191, 191,
       243, 255, 255, 191, 126, 143, 255, 223, 255, 255, 245, 63, 183,
       230, 159, 255, 255, 254, 236, 63, 237, 255, 175, 236, 254, 190,
       228, 255, 223, 255, 183, 191, 251, 255, 255, 190, 127, 143, 255,
       159, 95, 253, 215, 252, 112, 253, 242, 45, 93, 85, 216, 211, 254,
       181, 24, 219, 223, 79, 58, 205, 212, 253, 82, 232, 103, 250, 130,
       211, 219, 117, 63, 99, 249, 78, 115, 205, 190, 255, 251, 228, 175,
       109, 158, 126, 251, 118, 246, 255, 231, 144, 105, 127, 239, 126,
       156, 179, 252, 239, 247, 204, 255, 247, 192, 173, 192, 225, 249,
       124, 245, 189, 230, 168, 111, 95, 184, 161, 238, 191, 9, 223, 127,
       75, 51, 151, 213, 253, 106, 104, 67, 249, 12, 251, 237, 101, 189,
       34, 243, 70, 115, 254, 253, 246, 190, 189, 223, 222, 232, 191,
       174, 189, 47, 110, 254, 47, 212, 255, 255, 255, 227, 108, 99, 218,
       255, 187, 247, 143, 191, 215, 127, 239, 215, 254, 255, 182, 190,
       189, 215, 222, 232, 191, 174, 189, 43, 238, 254, 47, 149, 255,
       247, 255, 99, 108, 99, 218, 255, 251, 247, 207, 191, 83, 127, 174,
       71, 62, 253, 126, 239, 253, 95, 254, 252, 127, 232, 254, 42, 255,
       255, 47, 224, 254, 255, 255, 227, 237, 243, 251, 255, 255, 255,
       143, 159, 127, 191, 105, 155, 141, 86, 127, 229, 52, 10, 107, 56,
       124, 232, 119, 244, 223, 67, 145, 113, 118, 205, 126, 110, 233,
       180, 101, 206, 230, 251, 163, 132, 108, 169, 65, 49, 14, 255, 126,
       191, 255, 223, 254, 253, 63, 236, 254, 175, 236, 254, 62, 64, 255,
       255, 255, 231, 244, 251, 219, 255, 254, 127, 175, 219, 31, 126,
       189, 223, 237, 254, 188, 247, 173, 189, 95, 190, 255, 255, 182,
       92, 254, 253, 95, 191, 205, 118, 255, 94, 191, 108, 251, 179, 239,
       251, 85, 126, 218, 253, 218, 123, 201, 22, 189, 245, 160, 46, 125,
       151, 253, 251, 118, 116, 159, 63, 128, 123, 135, 87, 127, 28, 177,
       220, 243, 66, 207, 251, 118, 196, 136, 240, 195, 113, 62, 253,
       182, 158, 253, 95, 222, 232, 191, 236, 188, 15, 206, 254, 47, 212,
       253, 255, 255, 99, 252, 99, 250, 255, 187, 254, 143, 59, 211, 127,
       255, 215, 197, 32, 236, 49, 236, 59, 109, 138, 122, 243, 7, 153,
       215, 32, 91, 59, 35, 78, 120, 29, 183, 116, 255, 0, 206, 203, 117,
       100, 140, 241, 203, 192, 124, 117, 188, 230, 168, 78, 95, 184,
       161, 254, 191, 45, 223, 127, 75, 115, 150, 213, 253, 106, 201, 67,
       251, 40, 251, 233, 101, 189, 32, 243, 134, 115, 126, 244, 254,
       254, 173, 127, 94, 200, 191, 255, 253, 27, 78, 254, 111, 254, 249,
       223, 255, 227, 46, 103, 251, 243, 187, 255, 207, 63, 211, 127,
       238, 215, 127, 116, 227, 207, 255, 127, 255, 216, 127, 238, 255,
       190, 202, 254, 223, 252, 255, 221, 255, 255, 189, 243, 253, 218,
       191, 126, 207, 183, 239, 255, 255, 245, 126, 247, 254, 239, 253,
       95, 255, 248, 255, 254, 255, 47, 207, 255, 31, 246, 255, 221, 255,
       227, 237, 227, 251, 254, 255, 255, 239, 191, 255, 255, 126, 215,
       201, 186, 255, 251, 228, 175, 237, 159, 126, 251, 118, 246, 255,
       235, 208, 105, 111, 239, 127, 156, 179, 252, 239, 243, 204, 251,
       247, 192, 236, 200, 225, 249, 62, 244, 254, 255, 253, 95, 254,
       252, 63, 255, 245, 63, 206, 255, 95, 122, 255, 255, 255, 243, 190,
       243, 251, 255, 255, 255, 207, 183, 215, 127, 255, 215, 237, 254,
       189, 255, 173, 189, 127, 190, 255, 255, 180, 92, 255, 253, 91, 59,
       141, 98, 255, 30, 251, 109, 250, 179, 239, 223, 117, 252, 218,
       220, 210, 121, 14, 255, 126, 175, 255, 95, 255, 253, 63, 236, 254,
       167, 236, 255, 62, 64, 255, 255, 255, 231, 244, 251, 251, 255,
       255, 127, 175, 139, 23, 126, 173, 219, 205, 190, 189, 115, 173,
       188, 125, 151, 251, 251, 55, 92, 254, 255, 74, 123, 133, 119, 124,
       28, 179, 109, 251, 35, 207, 251, 117, 240, 202, 240, 195, 121,
       110, 252, 254, 222, 253, 253, 255, 236, 159, 222, 253, 27, 238,
       255, 111, 254, 255, 255, 255, 163, 174, 99, 250, 251, 255, 255,
       223, 191, 151, 127, 254, 255, 126, 253, 182, 190, 189, 95, 222,
       236, 191, 238, 189, 47, 238, 254, 47, 213, 255, 255, 255, 227,
       108, 99, 218, 255, 187, 247, 207, 191, 83, 127, 46, 87, 246, 172,
       246, 255, 236, 169, 236, 206, 255, 179, 251, 26, 239, 234, 125,
       91, 107, 239, 127, 145, 170, 231, 203, 243, 158, 254, 223, 188,
