%YAML:1.0
---
descriptors: !!opencv-matrix
   rows: 308
   cols: 32
   dt: u
   data: [ 200, 184, 189, 243, 168, 236, 125, 150, 171, 59, 182, 24, 191,
       191, 192, 123, 135, 87, 125, 24, 58, 109, 235, 225, 207, 219, 119,
       254, 194, 209, 199, 41, 204, 184, 189, 123, 172, 237, 89, 158,
       255, 59, 181, 24, 191, 251, 89, 59, 135, 115, 124, 24, 179, 109,
       234, 241, 207, 219, 117, 58, 194, 193, 199, 35, 89, 124, 23, 100,
       41, 92, 21, 53, 233, 202, 174, 8, 254, 51, 1, 247, 162, 117, 252,
       98, 65, 97, 147, 9, 243, 251, 66, 26, 74, 118, 3, 43, 221, 52,
       191, 116, 168, 126, 93, 176, 248, 254, 167, 29, 223, 63, 91, 59,
       167, 213, 125, 62, 185, 197, 185, 2, 219, 235, 117, 212, 232, 241,
       7, 115, 124, 32, 249, 96, 168, 109, 81, 155, 99, 191, 172, 24, 23,
       53, 73, 26, 137, 214, 108, 24, 26, 99, 251, 16, 219, 205, 117,
       125, 224, 249, 198, 34, 69, 114, 129, 165, 48, 14, 107, 24, 32,
       232, 67, 236, 215, 39, 137, 214, 22, 69, 124, 239, 201, 208, 193,
       8, 164, 176, 235, 132, 8, 163, 3, 49, 109, 116, 185, 101, 101,
       111, 99, 24, 106, 234, 39, 8, 214, 53, 73, 59, 145, 84, 120, 122,
       161, 244, 249, 8, 207, 219, 69, 52, 194, 123, 71, 114, 240, 168,
       172, 48, 141, 217, 208, 71, 239, 183, 160, 25, 162, 152, 86, 159,
       137, 162, 236, 17, 30, 111, 202, 177, 155, 89, 213, 123, 194, 12,
       222, 14, 240, 160, 184, 52, 72, 105, 81, 15, 226, 247, 166, 25,
       23, 181, 66, 91, 129, 246, 104, 0, 28, 79, 250, 1, 219, 161, 117,
       121, 224, 40, 214, 74, 249, 169, 150, 82, 137, 153, 80, 197, 235,
       17, 160, 24, 174, 210, 68, 191, 160, 178, 204, 16, 30, 107, 130,
       113, 155, 216, 80, 123, 194, 0, 203, 14, 112, 168, 255, 120, 136,
       232, 65, 199, 178, 23, 164, 24, 51, 231, 64, 27, 1, 178, 101, 24,
       58, 79, 162, 49, 217, 194, 116, 120, 224, 192, 198, 106, 200, 184,
       157, 113, 137, 236, 113, 23, 250, 123, 34, 24, 190, 151, 64, 123,
       129, 22, 120, 24, 51, 76, 243, 1, 205, 187, 80, 120, 200, 64, 131,
       58, 221, 207, 78, 79, 130, 26, 111, 172, 116, 166, 102, 134, 99,
       98, 179, 245, 114, 236, 44, 238, 108, 148, 45, 47, 242, 235, 229,
       1, 45, 243, 104, 76, 224, 140, 157, 254, 200, 233, 21, 167, 154,
       19, 32, 24, 182, 247, 64, 91, 129, 115, 106, 0, 50, 79, 218, 55,
       205, 162, 80, 123, 144, 72, 135, 42, 209, 172, 187, 89, 138, 253,
       185, 207, 254, 115, 162, 24, 181, 250, 86, 123, 163, 47, 90, 152,
       55, 77, 255, 115, 221, 171, 95, 121, 200, 64, 131, 14, 92, 188,
       157, 116, 168, 125, 85, 159, 227, 255, 174, 60, 159, 55, 66, 58,
       135, 214, 236, 16, 61, 109, 243, 18, 219, 199, 117, 127, 224, 240,
       143, 115, 224, 168, 189, 86, 205, 109, 69, 142, 227, 243, 164, 24,
       242, 245, 65, 59, 137, 246, 122, 8, 41, 111, 251, 49, 95, 186, 85,
       56, 192, 120, 198, 106, 88, 185, 189, 114, 170, 232, 21, 143, 170,
       183, 174, 56, 191, 183, 64, 58, 167, 87, 236, 16, 26, 73, 171, 33,
       217, 231, 117, 123, 192, 80, 135, 107, 252, 180, 189, 114, 136,
       109, 81, 57, 242, 191, 165, 24, 87, 247, 72, 59, 129, 214, 108,
       16, 58, 103, 250, 2, 219, 195, 117, 125, 192, 64, 198, 98, 229,
       230, 149, 115, 237, 45, 68, 136, 123, 187, 161, 88, 214, 113, 72,
       63, 153, 222, 108, 50, 59, 102, 203, 50, 141, 218, 85, 126, 192,
       89, 194, 39, 117, 69, 95, 103, 148, 78, 71, 184, 100, 160, 239, 0,
       83, 113, 25, 112, 112, 196, 72, 106, 105, 177, 89, 46, 241, 174,
       37, 20, 105, 243, 96, 32, 252, 204, 220, 103, 136, 74, 87, 168,
       113, 178, 175, 24, 215, 115, 9, 83, 51, 214, 108, 106, 104, 97,
       217, 42, 251, 235, 69, 21, 96, 243, 202, 2, 232, 181, 184, 107,
       157, 109, 81, 29, 83, 61, 165, 24, 211, 117, 72, 50, 153, 146, 73,
       56, 58, 98, 251, 19, 207, 219, 21, 125, 210, 74, 198, 98, 124,
       185, 168, 122, 173, 221, 85, 221, 131, 253, 180, 13, 183, 253, 74,
       26, 137, 210, 253, 81, 158, 107, 250, 49, 219, 217, 53, 127, 208,
       11, 214, 91, 216, 180, 188, 241, 172, 12, 93, 159, 171, 187, 182,
       56, 159, 191, 72, 91, 135, 215, 125, 24, 122, 73, 227, 224, 203,
       219, 126, 252, 130, 208, 135, 43, 224, 172, 189, 84, 205, 205,
       197, 134, 234, 243, 164, 24, 178, 245, 68, 63, 137, 118, 120, 8,
       59, 111, 250, 51, 93, 154, 85, 122, 192, 88, 198, 42, 179, 172,
       254, 219, 238, 187, 232, 223, 127, 115, 246, 222, 115, 232, 244,
       123, 127, 239, 126, 157, 191, 255, 207, 243, 158, 58, 255, 192,
       237, 200, 249, 140, 171, 172, 231, 218, 236, 191, 232, 223, 255,
       123, 246, 88, 251, 233, 244, 239, 109, 175, 127, 157, 187, 255,
       239, 243, 158, 250, 255, 232, 222, 200, 224, 172, 180, 188, 157,
       144, 200, 233, 161, 207, 154, 119, 160, 61, 134, 228, 106, 11,
       233, 75, 98, 17, 63, 127, 250, 51, 156, 2, 93, 126, 217, 72, 151,
       244, 88, 249, 180, 114, 171, 200, 21, 143, 171, 181, 174, 184,
       175, 231, 64, 26, 167, 247, 237, 80, 26, 75, 171, 49, 249, 231,
       85, 123, 226, 16, 135, 107, 229, 112, 189, 101, 96, 78, 119, 24,
       104, 234, 39, 8, 214, 85, 73, 59, 144, 84, 124, 106, 97, 244, 249,
       8, 231, 153, 101, 20, 64, 243, 71, 115, 213, 97, 21, 37, 17, 14,
       110, 184, 121, 224, 227, 76, 207, 98, 25, 246, 180, 197, 108, 239,
       237, 214, 221, 78, 180, 254, 71, 4, 72, 55, 35, 4, 205, 101, 164,
       71, 141, 15, 239, 184, 118, 230, 135, 76, 209, 96, 91, 39, 49, 68,
       120, 127, 225, 244, 253, 42, 109, 10, 69, 52, 11, 255, 83, 96, 36,
       87, 21, 99, 16, 15, 71, 56, 118, 160, 43, 76, 211, 5, 9, 112, 145,
       84, 104, 126, 233, 240, 121, 30, 237, 158, 5, 84, 88, 187, 64, 48,
       68, 112, 185, 101, 0, 78, 51, 16, 104, 230, 38, 12, 214, 23, 65,
       50, 148, 85, 72, 98, 1, 240, 177, 8, 197, 145, 5, 36, 64, 51, 7,
       114, 212, 69, 92, 101, 176, 10, 79, 184, 96, 164, 175, 8, 215, 99,
       137, 83, 18, 212, 108, 106, 104, 129, 73, 28, 240, 171, 101, 20,
       96, 243, 68, 32, 192, 164, 157, 243, 136, 237, 21, 143, 190, 59,
       160, 24, 182, 183, 72, 27, 129, 19, 104, 16, 50, 109, 219, 51,
       201, 146, 84, 127, 208, 88, 135, 42, 197, 52, 157, 115, 168, 44,
       0, 27, 186, 187, 163, 88, 214, 114, 73, 59, 129, 85, 108, 18, 57,
       69, 219, 2, 137, 146, 117, 126, 200, 97, 3, 35, 208, 168, 188,
       122, 136, 173, 16, 143, 238, 19, 160, 24, 182, 248, 76, 123, 129,
       115, 104, 16, 58, 111, 218, 49, 217, 186, 85, 122, 208, 64, 195,
       10, 252, 116, 188, 246, 172, 108, 85, 150, 242, 187, 134, 24, 247,
       113, 73, 27, 129, 214, 125, 58, 40, 101, 219, 42, 249, 227, 117,
       56, 168, 249, 214, 42, 208, 158, 157, 247, 44, 47, 69, 190, 244,
       186, 178, 88, 247, 113, 72, 11, 5, 118, 108, 42, 120, 225, 203,
       42, 193, 171, 117, 16, 96, 249, 129, 35, 100, 99, 17, 103, 116,
       79, 231, 184, 104, 168, 59, 72, 214, 68, 29, 50, 156, 221, 100,
       98, 193, 240, 217, 76, 165, 180, 37, 52, 64, 51, 71, 48, 5, 231,
       245, 3, 182, 75, 231, 168, 126, 244, 42, 128, 195, 96, 223, 116,
       51, 76, 106, 126, 240, 240, 109, 126, 44, 30, 37, 116, 230, 251,
       197, 228, 87, 119, 17, 7, 50, 14, 38, 184, 121, 160, 107, 204,
       206, 50, 141, 244, 54, 205, 72, 111, 229, 208, 93, 78, 164, 54, 7,
       6, 8, 183, 11, 5, 77, 103, 229, 7, 215, 30, 239, 184, 119, 228,
       11, 198, 201, 96, 219, 135, 55, 76, 120, 127, 224, 240, 253, 138,
       45, 110, 69, 4, 103, 191, 81, 228, 53, 141, 27, 79, 148, 46, 71,
       190, 116, 128, 234, 68, 83, 113, 57, 112, 89, 206, 8, 106, 249,
       176, 121, 46, 169, 174, 5, 4, 104, 251, 112, 32, 192, 172, 191,
       121, 168, 232, 169, 135, 254, 19, 34, 16, 181, 254, 80, 123, 131,
       63, 104, 144, 50, 77, 231, 51, 205, 171, 127, 105, 192, 64, 135,
       170, 240, 172, 218, 112, 138, 169, 81, 215, 178, 55, 164, 25, 55,
       167, 66, 27, 33, 178, 109, 24, 58, 79, 130, 51, 217, 131, 116,
       121, 224, 192, 198, 106, 124, 33, 249, 97, 232, 105, 81, 152, 99,
