%YAML:1.0
---
descriptors: !!opencv-matrix
   rows: 228
   cols: 32
   dt: u
   data: [ 100, 52, 149, 67, 169, 111, 71, 137, 59, 247, 45, 24, 214,
       113, 73, 63, 145, 84, 120, 58, 49, 116, 249, 2, 207, 190, 69, 116,
       194, 115, 198, 98, 44, 121, 49, 103, 29, 79, 71, 168, 66, 228,
       173, 8, 210, 85, 73, 52, 216, 92, 89, 106, 73, 114, 249, 60, 229,
       156, 5, 52, 64, 59, 86, 114, 228, 229, 156, 122, 217, 77, 87, 168,
       178, 147, 173, 24, 246, 243, 74, 27, 153, 210, 97, 90, 122, 98,
       219, 51, 235, 155, 69, 125, 208, 83, 198, 34, 17, 142, 95, 101,
       52, 42, 107, 55, 116, 1, 106, 64, 243, 35, 144, 112, 83, 238, 44,
       44, 185, 188, 69, 15, 228, 174, 32, 64, 232, 162, 192, 40, 217,
       190, 220, 50, 170, 172, 93, 159, 178, 255, 180, 189, 191, 247,
       202, 91, 135, 247, 253, 20, 190, 79, 234, 51, 218, 195, 117, 253,
       168, 196, 142, 91, 90, 123, 88, 165, 114, 138, 62, 55, 41, 12, 88,
       237, 47, 15, 130, 144, 182, 189, 205, 97, 196, 154, 132, 77, 182,
       229, 42, 131, 44, 134, 15, 155, 193, 172, 221, 91, 170, 248, 56,
       143, 254, 51, 134, 152, 181, 246, 192, 123, 135, 119, 120, 28,
       179, 77, 239, 115, 205, 187, 95, 120, 132, 192, 139, 44, 252, 52,
       189, 114, 173, 109, 84, 223, 115, 187, 173, 24, 159, 253, 73, 187,
       137, 214, 236, 24, 58, 103, 219, 34, 219, 223, 117, 125, 194, 113,
       198, 35, 224, 252, 157, 250, 220, 237, 71, 175, 218, 59, 169, 24,
       246, 241, 76, 115, 129, 218, 106, 26, 123, 111, 251, 115, 253,
       150, 85, 124, 208, 90, 199, 42, 244, 116, 172, 247, 140, 109, 87,
       152, 210, 243, 135, 24, 215, 253, 91, 59, 137, 214, 125, 19, 41,
       103, 219, 34, 203, 195, 253, 61, 136, 123, 214, 50, 252, 172, 156,
       50, 137, 237, 84, 223, 179, 183, 164, 25, 31, 243, 75, 27, 129,
       215, 237, 16, 58, 79, 218, 50, 219, 195, 117, 125, 226, 241, 206,
       2, 193, 152, 189, 95, 136, 253, 149, 139, 222, 83, 164, 16, 246,
       244, 36, 107, 129, 114, 104, 0, 55, 109, 251, 49, 131, 186, 84,
       26, 216, 104, 193, 62, 96, 157, 149, 252, 29, 205, 65, 174, 139,
       49, 168, 24, 182, 55, 68, 114, 129, 83, 104, 0, 3, 104, 211, 55,
       173, 182, 84, 122, 80, 8, 197, 42, 192, 168, 157, 249, 232, 237,
       1, 143, 190, 51, 32, 24, 182, 183, 64, 91, 129, 19, 106, 24, 50,
       76, 211, 113, 205, 146, 84, 120, 144, 72, 133, 42, 126, 103, 132,
       166, 155, 19, 86, 136, 19, 182, 137, 139, 78, 106, 75, 159, 25,
       237, 237, 243, 108, 66, 205, 170, 186, 71, 205, 63, 167, 119, 154,
       6, 4, 247, 189, 107, 152, 79, 39, 184, 86, 243, 41, 76, 211, 103,
       201, 34, 21, 92, 106, 122, 251, 80, 255, 19, 237, 198, 101, 116,
       208, 251, 132, 240, 64, 132, 29, 123, 153, 239, 85, 175, 222, 63,
       46, 24, 150, 55, 0, 115, 129, 22, 104, 0, 50, 72, 123, 63, 237,
       211, 84, 87, 144, 88, 132, 42, 108, 101, 116, 103, 49, 91, 86,
       184, 113, 168, 183, 8, 219, 93, 217, 51, 24, 220, 236, 106, 232,
       240, 233, 14, 239, 255, 37, 21, 99, 183, 70, 34, 244, 66, 221,
       100, 40, 74, 69, 40, 224, 182, 163, 152, 211, 71, 137, 123, 2,
       196, 104, 106, 105, 69, 235, 0, 209, 171, 97, 28, 96, 177, 70, 32,
       96, 189, 188, 127, 189, 237, 23, 175, 218, 189, 172, 8, 166, 49,
       67, 18, 129, 118, 232, 16, 50, 104, 219, 63, 239, 151, 85, 123,
       208, 88, 196, 43, 76, 117, 121, 103, 50, 78, 63, 56, 57, 228, 111,
       173, 223, 103, 137, 16, 150, 93, 205, 110, 65, 144, 249, 78, 231,
       245, 33, 132, 64, 179, 7, 115, 109, 117, 53, 101, 53, 31, 118, 56,
       121, 232, 127, 77, 218, 125, 159, 176, 148, 68, 124, 110, 133,
       240, 249, 140, 231, 255, 33, 150, 74, 183, 82, 119, 249, 168, 159,
       240, 169, 236, 80, 151, 179, 91, 164, 24, 55, 243, 64, 59, 129,
       230, 125, 16, 62, 79, 210, 33, 219, 235, 117, 121, 160, 64, 206,
       74, 208, 184, 158, 112, 136, 237, 17, 135, 226, 123, 164, 24, 183,
       243, 64, 123, 129, 51, 108, 16, 59, 109, 218, 49, 217, 131, 119,
       121, 232, 64, 135, 11, 129, 166, 205, 59, 160, 171, 101, 159, 118,
       19, 98, 244, 243, 225, 208, 121, 83, 14, 38, 28, 59, 252, 79, 51,
       204, 163, 116, 64, 236, 192, 208, 168, 210, 170, 150, 176, 139,
       169, 16, 135, 187, 27, 128, 253, 174, 130, 64, 159, 163, 167, 236,
       17, 62, 79, 130, 113, 152, 242, 94, 123, 136, 68, 139, 15, 248,
       174, 252, 116, 168, 233, 81, 95, 179, 191, 164, 56, 55, 181, 64,
       27, 11, 178, 108, 24, 58, 111, 202, 19, 219, 195, 117, 121, 242,
       200, 198, 43, 76, 112, 157, 113, 105, 109, 49, 136, 235, 251, 37,
       24, 158, 151, 73, 58, 129, 93, 96, 90, 3, 118, 250, 0, 69, 217,
       85, 47, 192, 113, 71, 163, 85, 223, 29, 111, 48, 14, 71, 184, 101,
       168, 170, 68, 215, 114, 137, 112, 148, 196, 108, 110, 233, 161,
       121, 63, 225, 239, 101, 20, 8, 179, 64, 33, 108, 176, 189, 97,
       168, 111, 85, 159, 122, 191, 164, 56, 151, 55, 72, 59, 129, 86,
       108, 24, 26, 124, 233, 16, 207, 223, 117, 117, 192, 209, 198, 99,
       81, 143, 95, 101, 176, 46, 71, 55, 100, 8, 122, 68, 243, 51, 144,
       112, 52, 102, 108, 44, 249, 184, 5, 15, 224, 175, 32, 80, 104,
       226, 194, 41, 232, 174, 244, 114, 232, 173, 92, 159, 187, 59, 180,
       185, 191, 255, 74, 27, 135, 119, 253, 20, 54, 79, 202, 179, 223,
       219, 117, 249, 226, 196, 131, 75, 120, 184, 187, 112, 43, 237, 81,
       87, 235, 29, 44, 24, 54, 151, 64, 58, 163, 50, 108, 24, 18, 109,
       178, 17, 219, 223, 16, 123, 194, 0, 199, 107, 246, 174, 213, 82,
       201, 169, 100, 207, 59, 179, 160, 89, 2, 226, 76, 159, 169, 203,
       98, 144, 58, 111, 138, 115, 28, 146, 85, 127, 201, 80, 234, 134,
       141, 79, 78, 63, 156, 219, 71, 188, 212, 212, 103, 132, 227, 224,
       171, 229, 80, 102, 234, 110, 108, 224, 111, 61, 226, 227, 101, 17,
       122, 255, 216, 68, 253, 66, 202, 87, 4, 54, 70, 152, 117, 238,
       231, 80, 67, 96, 155, 254, 113, 196, 108, 238, 236, 244, 237, 42,
       178, 239, 245, 5, 227, 245, 120, 4, 65, 112, 29, 101, 1, 78, 51,
       32, 104, 64, 98, 8, 214, 19, 0, 50, 144, 84, 104, 98, 65, 240,
       177, 76, 197, 184, 64, 2, 72, 35, 67, 34, 230, 170, 168, 222, 232,
       240, 29, 143, 187, 159, 164, 185, 36, 231, 78, 27, 135, 247, 237,
       16, 50, 79, 170, 113, 219, 146, 245, 255, 128, 112, 134, 111, 83,
       123, 82, 165, 114, 142, 58, 117, 41, 72, 120, 237, 45, 6, 130,
       144, 182, 173, 196, 197, 197, 152, 133, 77, 180, 228, 42, 128, 40,
       134, 11, 25, 192, 172, 189, 123, 168, 168, 125, 143, 254, 55, 162,
       16, 247, 235, 80, 123, 131, 119, 120, 24, 50, 205, 239, 55, 201,
       239, 127, 80, 128, 192, 135, 40, 213, 110, 156, 247, 168, 47, 85,
       188, 242, 186, 178, 88, 215, 115, 73, 11, 135, 101, 108, 107, 232,
       101, 203, 34, 233, 171, 117, 52, 200, 249, 129, 3, 244, 116, 156,
       247, 140, 109, 86, 152, 242, 187, 135, 24, 215, 249, 73, 59, 129,
       214, 125, 50, 41, 101, 219, 34, 201, 227, 101, 60, 168, 123, 210,
       18, 208, 204, 30, 247, 152, 74, 71, 173, 180, 178, 166, 16, 119,
       115, 8, 83, 97, 246, 108, 226, 120, 197, 89, 47, 249, 227, 101,
       17, 32, 112, 228, 42, 96, 177, 21, 249, 153, 205, 81, 143, 111,
       49, 40, 24, 182, 19, 76, 114, 129, 23, 104, 16, 19, 104, 219, 21,
       173, 150, 20, 126, 80, 24, 199, 42, 64, 172, 157, 255, 184, 236,
       69, 135, 182, 23, 104, 24, 183, 243, 64, 90, 129, 122, 104, 24,
       50, 76, 250, 51, 201, 167, 117, 120, 144, 80, 135, 170, 84, 68,
       93, 101, 22, 79, 71, 56, 100, 160, 170, 10, 83, 51, 0, 112, 48,
       212, 72, 42, 104, 176, 121, 30, 245, 175, 1, 20, 113, 186, 64, 32,
       100, 115, 241, 101, 57, 79, 86, 56, 97, 168, 171, 72, 195, 89, 93,
       18, 156, 220, 237, 98, 201, 240, 217, 12, 239, 222, 5, 55, 72,
       179, 70, 18, 116, 69, 150, 174, 139, 66, 86, 232, 177, 134, 235,
       41, 70, 226, 41, 222, 208, 245, 232, 98, 108, 67, 138, 138, 176,
       246, 69, 31, 162, 127, 46, 6, 244, 176, 157, 99, 43, 107, 48, 8,
