%YAML:1.0
---
descriptors: !!opencv-matrix
   rows: 347
   cols: 32
   dt: u
   data: [ 118, 237, 246, 255, 252, 11, 254, 236, 127, 154, 251, 10, 237,
       234, 93, 82, 255, 239, 127, 227, 248, 243, 203, 239, 190, 255,
       207, 244, 133, 251, 225, 137, 62, 237, 242, 239, 252, 11, 254,
       252, 47, 162, 255, 2, 253, 235, 93, 64, 127, 239, 127, 235, 202,
       179, 203, 253, 254, 255, 175, 244, 183, 251, 225, 136, 78, 239,
       16, 58, 185, 153, 22, 168, 187, 28, 1, 41, 238, 226, 75, 148, 129,
       123, 204, 67, 102, 67, 202, 51, 168, 212, 13, 187, 18, 87, 15, 71,
       124, 237, 182, 254, 221, 221, 87, 226, 223, 148, 172, 8, 170, 253,
       37, 182, 201, 242, 234, 66, 72, 107, 250, 188, 251, 251, 213, 59,
       82, 125, 118, 42, 200, 188, 188, 115, 169, 253, 117, 190, 251,
       127, 182, 28, 190, 191, 66, 59, 133, 87, 253, 24, 178, 77, 251,
       115, 207, 219, 119, 126, 194, 81, 135, 123, 232, 181, 189, 254,
       157, 77, 85, 47, 83, 63, 173, 24, 255, 125, 72, 18, 217, 146, 236,
       16, 58, 106, 251, 147, 235, 223, 84, 123, 210, 88, 198, 106, 108,
       177, 189, 97, 173, 127, 83, 152, 99, 61, 173, 24, 223, 125, 72,
       58, 153, 20, 237, 58, 26, 98, 249, 16, 207, 223, 65, 125, 210,
       107, 70, 98, 84, 93, 29, 231, 56, 78, 79, 184, 32, 170, 191, 72,
       215, 119, 9, 114, 54, 212, 125, 106, 73, 144, 249, 46, 245, 235,
       101, 148, 40, 243, 66, 51, 197, 140, 157, 247, 168, 46, 44, 159,
       254, 187, 178, 80, 215, 115, 136, 107, 167, 103, 108, 12, 49, 237,
       75, 38, 140, 171, 119, 208, 136, 240, 129, 33, 241, 184, 247, 116,
       169, 253, 80, 215, 251, 251, 180, 120, 58, 253, 198, 63, 175, 247,
       252, 16, 191, 111, 178, 243, 219, 218, 117, 251, 235, 192, 198,
       127, 217, 186, 156, 184, 168, 173, 88, 215, 163, 91, 180, 153, 63,
       183, 66, 27, 135, 179, 253, 20, 190, 79, 194, 49, 219, 235, 117,
       249, 162, 196, 142, 91, 252, 36, 220, 118, 136, 109, 85, 223, 179,
       183, 164, 25, 19, 243, 67, 27, 1, 214, 237, 24, 58, 71, 218, 32,
       219, 195, 117, 61, 226, 240, 206, 18, 69, 113, 17, 69, 17, 78,
       118, 56, 104, 224, 107, 8, 222, 49, 9, 52, 144, 92, 64, 106, 65,
       240, 217, 76, 37, 188, 1, 6, 72, 51, 67, 50, 100, 245, 145, 235,
       157, 13, 71, 140, 107, 57, 169, 88, 214, 113, 76, 52, 145, 218,
       108, 114, 27, 98, 219, 55, 173, 156, 21, 126, 208, 91, 194, 34,
       36, 101, 27, 127, 92, 205, 103, 232, 244, 128, 109, 0, 243, 211,
       41, 96, 88, 122, 98, 106, 107, 226, 218, 47, 229, 174, 3, 8, 72,
       51, 98, 162, 117, 69, 125, 101, 50, 78, 71, 56, 100, 160, 171, 0,
       211, 51, 9, 115, 50, 212, 124, 106, 73, 176, 113, 12, 225, 171,
       37, 20, 96, 178, 64, 32, 108, 69, 125, 101, 168, 74, 87, 184, 112,
       162, 46, 8, 215, 115, 9, 115, 22, 84, 108, 106, 104, 240, 201, 14,
       229, 251, 101, 20, 96, 243, 70, 32, 69, 245, 157, 103, 161, 46,
       103, 156, 122, 187, 43, 76, 214, 113, 89, 50, 145, 68, 108, 126,
       241, 240, 249, 42, 237, 190, 101, 68, 200, 115, 195, 33, 224, 140,
       157, 254, 200, 237, 17, 143, 158, 23, 160, 24, 182, 243, 64, 91,
       129, 115, 104, 16, 50, 111, 218, 115, 221, 178, 84, 123, 144, 72,
       135, 42, 253, 118, 149, 119, 41, 46, 80, 152, 243, 186, 177, 88,
       215, 243, 73, 187, 201, 212, 108, 58, 40, 103, 203, 34, 195, 219,
       101, 62, 194, 241, 74, 3, 209, 188, 158, 54, 168, 172, 84, 247,
       243, 91, 172, 29, 119, 243, 66, 27, 163, 230, 108, 12, 63, 111,
       154, 51, 251, 239, 117, 24, 232, 80, 202, 10, 193, 168, 186, 17,
       10, 248, 185, 130, 238, 83, 130, 24, 183, 210, 86, 123, 35, 39,
       122, 156, 39, 77, 247, 113, 204, 169, 91, 56, 140, 64, 3, 76, 241,
       172, 175, 52, 140, 108, 85, 151, 242, 219, 162, 25, 247, 245, 82,
       123, 129, 230, 125, 13, 61, 109, 211, 35, 217, 235, 117, 25, 232,
       96, 210, 90, 209, 164, 189, 181, 180, 106, 197, 47, 250, 243, 146,
       24, 247, 121, 16, 35, 131, 103, 124, 41, 56, 237, 237, 14, 233,
       235, 117, 84, 196, 232, 213, 104, 245, 100, 172, 180, 140, 109,
       77, 159, 210, 251, 134, 25, 211, 253, 83, 59, 129, 230, 125, 25,
       45, 79, 251, 32, 249, 131, 253, 61, 128, 120, 214, 106, 65, 136,
       189, 95, 169, 189, 144, 142, 206, 115, 162, 24, 166, 56, 86, 106,
       129, 66, 104, 28, 150, 109, 239, 49, 143, 186, 86, 58, 208, 72,
       193, 108, 173, 245, 220, 69, 54, 27, 102, 184, 123, 240, 111, 108,
       215, 120, 157, 182, 23, 76, 116, 107, 229, 244, 221, 14, 46, 251,
       101, 4, 110, 187, 90, 21, 246, 190, 254, 86, 171, 112, 93, 238,
       187, 183, 165, 185, 110, 231, 78, 31, 135, 215, 237, 144, 58, 79,
       170, 242, 155, 242, 85, 63, 130, 97, 134, 118, 71, 115, 20, 135,
       34, 10, 54, 56, 109, 224, 99, 108, 222, 114, 141, 116, 182, 77,
       76, 99, 197, 144, 93, 76, 180, 176, 11, 6, 8, 51, 11, 5, 36, 247,
       253, 107, 144, 79, 71, 184, 86, 183, 107, 92, 211, 103, 200, 112,
       85, 218, 12, 122, 251, 112, 125, 55, 237, 134, 37, 116, 240, 251,
       132, 112, 76, 101, 120, 103, 178, 74, 127, 184, 57, 238, 127, 169,
       223, 119, 139, 80, 23, 221, 253, 110, 96, 208, 233, 110, 230, 255,
       37, 132, 34, 243, 135, 113, 145, 142, 207, 121, 180, 170, 97, 151,
       118, 11, 98, 244, 243, 33, 144, 121, 17, 46, 44, 28, 187, 252, 69,
       62, 204, 175, 116, 64, 232, 192, 208, 40, 145, 142, 207, 121, 164,
       170, 109, 151, 118, 11, 98, 244, 243, 33, 144, 121, 49, 46, 44,
       28, 187, 252, 5, 62, 204, 175, 116, 64, 232, 192, 192, 40, 129,
       142, 215, 89, 228, 171, 105, 151, 118, 19, 98, 212, 179, 163, 240,
       75, 35, 42, 42, 28, 51, 252, 7, 51, 12, 138, 118, 64, 248, 200,
       193, 168, 62, 237, 242, 175, 252, 11, 238, 252, 111, 160, 254, 10,
       237, 235, 93, 64, 127, 239, 127, 235, 216, 179, 203, 253, 254,
       255, 175, 204, 7, 251, 225, 136, 53, 237, 106, 238, 212, 163, 239,
       252, 86, 160, 253, 10, 115, 235, 189, 112, 122, 235, 23, 234, 202,
       179, 108, 189, 250, 205, 167, 172, 245, 251, 242, 160, 156, 68,
       126, 247, 44, 42, 111, 184, 188, 242, 151, 18, 223, 99, 155, 107,
       127, 197, 125, 110, 232, 197, 105, 174, 194, 235, 235, 148, 36,
       251, 33, 97, 93, 52, 188, 243, 168, 44, 125, 25, 171, 251, 183,
       60, 223, 119, 202, 123, 135, 149, 125, 56, 185, 65, 251, 128, 203,
       251, 127, 212, 128, 226, 131, 115, 236, 188, 180, 250, 173, 189,
       84, 159, 255, 187, 181, 24, 238, 253, 68, 27, 133, 114, 255, 16,
       178, 109, 250, 179, 207, 219, 85, 122, 210, 88, 211, 19, 226, 188,
       182, 254, 237, 175, 252, 207, 191, 187, 242, 24, 238, 250, 124,
       91, 221, 239, 127, 145, 186, 111, 203, 243, 157, 250, 223, 254,
       208, 120, 242, 139, 232, 177, 189, 105, 157, 93, 85, 57, 83, 61,
       165, 24, 222, 125, 72, 51, 217, 146, 232, 56, 122, 102, 251, 19,
       239, 219, 85, 127, 210, 8, 198, 98, 130, 172, 254, 191, 254, 171,
       237, 239, 191, 179, 250, 19, 245, 234, 52, 75, 123, 239, 127, 145,
       178, 253, 203, 255, 188, 62, 255, 224, 165, 104, 241, 139, 108,
       48, 189, 99, 189, 111, 83, 152, 107, 189, 173, 24, 215, 125, 73,
       58, 145, 84, 109, 122, 26, 112, 249, 16, 207, 221, 33, 117, 210,
       107, 70, 114, 84, 221, 29, 231, 176, 79, 95, 184, 52, 170, 159,
       96, 247, 119, 137, 112, 55, 246, 125, 106, 121, 208, 73, 47, 237,
       239, 39, 148, 32, 243, 129, 33, 68, 85, 29, 103, 32, 78, 79, 184,
       32, 232, 175, 8, 215, 119, 9, 115, 22, 212, 125, 106, 73, 208,
       249, 44, 231, 233, 101, 20, 104, 243, 70, 51, 108, 116, 185, 101,
       37, 111, 115, 24, 123, 239, 39, 8, 214, 85, 73, 58, 145, 92, 92,
       122, 137, 244, 249, 10, 199, 221, 5, 52, 192, 123, 86, 115, 237,
       81, 61, 103, 36, 78, 119, 184, 105, 232, 119, 8, 215, 117, 9, 51,
       148, 84, 124, 106, 225, 240, 249, 8, 231, 249, 101, 4, 64, 179,
       71, 113, 221, 84, 157, 119, 168, 110, 71, 188, 114, 186, 171, 80,
       215, 115, 137, 114, 17, 86, 108, 106, 57, 197, 249, 42, 225, 239,
