%YAML:1.0
---
descriptors: !!opencv-matrix
   rows: 410
   cols: 32
   dt: u
   data: [ 245, 193, 92, 102, 168, 10, 77, 188, 248, 178, 163, 8, 215,
       115, 9, 115, 134, 213, 108, 106, 105, 99, 219, 44, 241, 171, 101,
       20, 96, 177, 195, 32, 246, 237, 254, 255, 238, 171, 254, 254, 191,
       179, 255, 26, 255, 239, 253, 91, 127, 255, 255, 219, 250, 247,
       203, 251, 254, 255, 255, 172, 229, 251, 227, 145, 132, 253, 252,
       247, 252, 43, 255, 252, 254, 187, 251, 50, 215, 251, 217, 107,
       251, 207, 127, 251, 242, 245, 235, 255, 254, 175, 239, 212, 213,
       251, 243, 163, 197, 236, 249, 255, 236, 47, 239, 252, 126, 234,
       255, 90, 247, 239, 217, 97, 127, 223, 127, 239, 249, 246, 235, 63,
       253, 239, 239, 196, 164, 251, 161, 225, 149, 252, 249, 255, 180,
       46, 127, 188, 54, 234, 127, 80, 247, 103, 153, 96, 119, 255, 63,
       238, 233, 144, 233, 63, 237, 239, 47, 132, 164, 251, 161, 241,
       216, 176, 189, 248, 169, 237, 81, 27, 187, 187, 180, 24, 159, 191,
       64, 59, 133, 151, 125, 24, 59, 111, 242, 17, 219, 251, 113, 253,
       226, 192, 198, 59, 125, 85, 121, 103, 164, 78, 79, 184, 97, 232,
       191, 76, 87, 119, 137, 115, 22, 212, 124, 106, 233, 161, 249, 46,
       227, 237, 37, 148, 106, 243, 66, 113, 64, 181, 149, 193, 152, 77,
       65, 143, 110, 49, 40, 24, 182, 51, 72, 48, 129, 27, 104, 24, 19,
       104, 219, 85, 141, 148, 20, 124, 144, 8, 135, 40, 172, 180, 188,
       114, 173, 253, 81, 152, 219, 127, 165, 24, 222, 95, 74, 59, 137,
       147, 255, 16, 58, 102, 251, 147, 207, 219, 81, 127, 210, 73, 70,
       242, 100, 113, 49, 67, 84, 79, 71, 184, 67, 160, 45, 8, 214, 81,
       73, 52, 16, 92, 64, 106, 65, 112, 249, 28, 239, 156, 5, 52, 64,
       187, 70, 162, 52, 97, 25, 104, 92, 77, 83, 88, 66, 132, 165, 8,
       19, 81, 73, 48, 216, 152, 64, 106, 74, 34, 251, 25, 235, 137, 1,
       61, 112, 170, 86, 162, 36, 65, 49, 77, 92, 79, 67, 56, 64, 224,
       109, 8, 210, 17, 13, 52, 88, 92, 83, 106, 73, 178, 113, 28, 101,
       188, 1, 52, 80, 187, 86, 162, 104, 180, 180, 250, 29, 253, 84, 47,
       223, 63, 172, 24, 190, 189, 76, 51, 201, 147, 251, 0, 122, 111,
       242, 183, 231, 223, 84, 123, 82, 76, 198, 74, 248, 169, 254, 120,
       136, 201, 85, 231, 179, 23, 164, 56, 55, 183, 66, 26, 9, 178, 125,
       16, 122, 75, 226, 51, 219, 203, 116, 121, 224, 192, 230, 106, 120,
       168, 158, 248, 138, 233, 81, 87, 162, 23, 164, 57, 55, 183, 98,
       90, 227, 179, 237, 16, 26, 79, 162, 17, 219, 199, 116, 121, 176,
       192, 166, 106, 244, 188, 159, 116, 138, 104, 85, 151, 186, 179,
       166, 24, 87, 183, 65, 59, 35, 214, 108, 0, 48, 77, 186, 34, 219,
       227, 117, 61, 224, 240, 198, 43, 208, 184, 191, 240, 10, 233, 17,
       23, 166, 23, 134, 56, 183, 151, 64, 123, 39, 179, 125, 16, 26, 77,
       178, 49, 217, 195, 124, 121, 160, 64, 164, 122, 208, 24, 159, 116,
       168, 110, 97, 55, 180, 155, 166, 24, 247, 55, 1, 123, 35, 118,
       124, 8, 57, 205, 179, 0, 217, 171, 116, 16, 160, 112, 133, 59, 29,
       69, 121, 103, 20, 79, 71, 184, 118, 160, 111, 2, 83, 113, 25, 112,
       48, 220, 24, 106, 104, 176, 121, 30, 239, 207, 5, 20, 48, 187, 64,
       34, 5, 101, 59, 102, 85, 71, 239, 232, 120, 160, 235, 10, 81, 247,
       57, 48, 184, 221, 82, 235, 65, 243, 184, 108, 117, 174, 143, 4,
       65, 115, 103, 162, 197, 60, 157, 215, 168, 44, 36, 154, 186, 187,
       163, 84, 212, 115, 201, 123, 133, 87, 120, 26, 49, 69, 219, 98,
       141, 186, 119, 22, 136, 113, 137, 49, 252, 236, 253, 118, 136,
       111, 87, 190, 178, 190, 165, 24, 83, 119, 77, 31, 9, 214, 108, 42,
       120, 103, 251, 46, 249, 203, 117, 61, 227, 241, 198, 98, 124, 108,
       252, 118, 136, 43, 87, 216, 211, 182, 165, 25, 83, 97, 75, 27, 25,
       214, 237, 50, 40, 103, 219, 34, 123, 203, 69, 61, 227, 251, 206,
       34, 197, 116, 157, 101, 193, 110, 55, 136, 121, 234, 35, 24, 222,
       117, 73, 58, 177, 84, 104, 34, 97, 244, 185, 2, 197, 250, 69, 6,
       192, 115, 67, 34, 77, 113, 17, 101, 49, 78, 83, 56, 105, 232, 47,
       8, 222, 17, 1, 48, 144, 84, 76, 106, 65, 240, 249, 12, 229, 249,
       1, 54, 72, 51, 67, 51, 252, 184, 220, 114, 168, 173, 85, 223, 162,
       191, 164, 25, 23, 243, 74, 27, 1, 214, 109, 24, 58, 79, 202, 33,
       219, 195, 117, 125, 224, 192, 198, 35, 69, 245, 149, 67, 141, 79,
       166, 137, 90, 243, 42, 8, 214, 112, 73, 42, 145, 78, 120, 122, 85,
       112, 249, 50, 173, 158, 69, 118, 200, 123, 195, 34, 129, 174, 223,
       191, 228, 171, 109, 175, 118, 19, 66, 208, 245, 227, 216, 75, 99,
       106, 34, 28, 51, 220, 15, 51, 204, 131, 119, 0, 184, 224, 161,
       168, 129, 142, 207, 123, 164, 170, 109, 191, 118, 131, 98, 244,
       243, 99, 152, 121, 83, 110, 46, 12, 59, 252, 77, 59, 236, 171,
       117, 68, 184, 208, 192, 32, 220, 144, 156, 246, 172, 12, 89, 152,
       175, 187, 183, 56, 223, 247, 73, 91, 167, 213, 125, 16, 40, 69,
       219, 0, 219, 251, 119, 156, 160, 240, 5, 51, 20, 204, 155, 103,
       144, 111, 71, 174, 116, 163, 235, 0, 83, 115, 9, 112, 49, 222, 76,
       170, 40, 181, 25, 63, 235, 239, 37, 4, 225, 115, 224, 34, 65, 71,
       93, 69, 32, 10, 111, 52, 104, 40, 42, 100, 215, 35, 144, 115, 18,
       68, 108, 110, 225, 160, 101, 12, 164, 170, 101, 0, 104, 178, 64,
       33, 120, 172, 255, 116, 138, 201, 81, 215, 162, 183, 172, 24, 55,
       247, 64, 26, 35, 246, 109, 24, 58, 75, 170, 35, 217, 199, 117,
       120, 224, 192, 134, 106, 52, 117, 18, 174, 93, 199, 70, 232, 157,
       132, 233, 9, 70, 208, 45, 148, 216, 233, 194, 99, 108, 163, 26,
       174, 185, 244, 5, 31, 80, 59, 110, 134, 197, 84, 149, 103, 164,
       46, 103, 184, 56, 250, 39, 92, 215, 119, 9, 255, 21, 84, 108, 46,
       225, 244, 217, 42, 165, 170, 101, 20, 72, 241, 195, 49, 40, 236,
       148, 58, 217, 205, 22, 174, 155, 19, 168, 25, 174, 251, 64, 154,
       129, 123, 224, 80, 78, 110, 218, 179, 175, 214, 84, 59, 210, 93,
       142, 138, 245, 241, 125, 102, 136, 14, 71, 188, 224, 250, 167, 76,
       83, 113, 137, 51, 16, 196, 108, 110, 233, 99, 255, 40, 241, 171,
       101, 28, 104, 243, 194, 32, 236, 116, 181, 103, 169, 111, 71, 152,
       51, 242, 39, 24, 215, 115, 73, 127, 145, 84, 120, 58, 57, 68, 249,
       34, 207, 251, 69, 52, 202, 243, 198, 114, 149, 142, 205, 127, 180,
       42, 111, 159, 118, 163, 98, 244, 211, 97, 152, 121, 19, 78, 44,
       28, 185, 252, 77, 55, 236, 174, 117, 4, 232, 241, 192, 40, 54, 65,
       2, 196, 89, 11, 174, 104, 45, 160, 235, 11, 70, 195, 41, 84, 248,
       220, 75, 110, 72, 179, 93, 204, 181, 60, 139, 22, 64, 59, 34, 134,
       5, 221, 29, 103, 176, 14, 111, 188, 116, 232, 126, 100, 245, 115,
       153, 112, 54, 124, 54, 110, 225, 144, 125, 46, 236, 175, 39, 132,
       8, 243, 1, 49, 149, 213, 57, 231, 180, 46, 111, 184, 52, 234, 91,
       96, 247, 119, 137, 112, 119, 222, 29, 110, 233, 144, 105, 46, 237,
       239, 167, 132, 164, 251, 128, 241, 148, 237, 254, 247, 254, 43,
       239, 252, 126, 179, 251, 18, 215, 235, 73, 75, 127, 239, 127, 122,
       176, 245, 203, 62, 252, 239, 111, 212, 245, 251, 195, 129, 85, 85,
       125, 231, 180, 14, 79, 188, 52, 234, 255, 64, 215, 119, 137, 112,
       86, 214, 93, 106, 233, 144, 121, 46, 235, 239, 37, 148, 32, 243,
       192, 113, 125, 85, 125, 103, 176, 78, 79, 188, 97, 232, 191, 108,
       211, 119, 137, 114, 22, 212, 92, 106, 233, 144, 121, 46, 227, 239,
       37, 148, 104, 243, 66, 49, 125, 85, 125, 103, 32, 78, 71, 184, 96,
       232, 175, 76, 211, 113, 137, 51, 20, 196, 124, 110, 201, 224, 253,
       12, 227, 233, 101, 20, 106, 243, 66, 113, 253, 113, 253, 103, 172,
       78, 87, 184, 97, 250, 183, 72, 211, 117, 201, 51, 20, 212, 124,
       106, 201, 114, 249, 40, 227, 249, 101, 52, 104, 243, 70, 113, 69,
       117, 49, 71, 113, 78, 102, 56, 121, 232, 107, 72, 222, 81, 9, 180,
       144, 92, 80, 106, 193, 176, 121, 14, 37, 188, 5, 4, 74, 51, 67,
       161, 44, 180, 189, 99, 173, 125, 81, 152, 91, 255, 189, 24, 223,
