%YAML:1.0
---
descriptors: !!opencv-matrix
   rows: 254
   cols: 32
   dt: u
   data: [ 244, 100, 140, 183, 140, 106, 71, 136, 162, 178, 131, 25, 215,
       113, 73, 27, 145, 196, 105, 114, 104, 71, 219, 40, 249, 163, 101,
       53, 160, 123, 214, 2, 236, 112, 189, 99, 41, 111, 83, 152, 106,
       191, 165, 24, 215, 87, 73, 59, 145, 84, 108, 122, 11, 100, 249, 0,
       207, 219, 101, 52, 192, 123, 70, 114, 84, 85, 61, 231, 168, 78,
       71, 184, 32, 172, 171, 72, 215, 119, 137, 83, 22, 212, 125, 106,
       105, 208, 249, 44, 229, 235, 101, 20, 32, 243, 196, 113, 236, 113,
       189, 103, 32, 78, 71, 184, 40, 170, 39, 8, 215, 119, 73, 115, 148,
       212, 125, 106, 105, 240, 249, 40, 229, 249, 101, 20, 0, 179, 70,
       115, 240, 42, 158, 62, 8, 233, 80, 194, 162, 22, 160, 153, 39,
       162, 67, 27, 129, 163, 237, 0, 46, 79, 130, 49, 208, 195, 88, 59,
       160, 64, 46, 10, 213, 124, 189, 101, 160, 110, 93, 176, 168, 250,
       167, 93, 215, 63, 83, 59, 167, 213, 125, 62, 185, 197, 249, 2,
       219, 235, 101, 148, 232, 240, 7, 115, 124, 162, 248, 112, 172,
       109, 81, 154, 227, 189, 189, 56, 147, 183, 75, 58, 137, 214, 109,
       24, 26, 107, 234, 16, 219, 205, 53, 125, 224, 201, 198, 99, 85,
       181, 189, 101, 168, 14, 87, 189, 106, 166, 174, 8, 215, 51, 67,
       18, 147, 68, 108, 108, 72, 97, 249, 8, 235, 239, 101, 20, 64, 242,
       195, 107, 208, 56, 189, 112, 136, 237, 81, 23, 178, 183, 164, 24,
       183, 151, 64, 27, 1, 182, 105, 24, 58, 79, 242, 49, 217, 163, 80,
       57, 226, 192, 6, 122, 240, 172, 154, 122, 140, 236, 85, 215, 178,
       23, 164, 25, 55, 243, 66, 27, 137, 162, 101, 16, 58, 111, 218, 51,
       219, 171, 116, 121, 224, 80, 222, 138, 80, 221, 159, 230, 168,
       108, 87, 183, 161, 152, 174, 40, 247, 119, 0, 50, 38, 247, 109,
       74, 89, 73, 187, 41, 241, 167, 116, 24, 224, 242, 166, 43, 100,
       135, 189, 111, 144, 15, 71, 184, 86, 36, 175, 76, 211, 5, 9, 80,
       85, 212, 72, 122, 234, 176, 121, 31, 237, 190, 37, 20, 80, 251,
       68, 32, 124, 98, 200, 167, 232, 42, 103, 152, 35, 182, 167, 137,
       215, 99, 75, 90, 19, 196, 108, 238, 40, 66, 201, 8, 198, 225, 101,
       29, 224, 243, 78, 2, 229, 164, 145, 114, 172, 173, 65, 140, 127,
       187, 161, 88, 214, 208, 76, 63, 129, 210, 110, 26, 59, 103, 219,
       51, 157, 154, 85, 126, 208, 89, 194, 33, 124, 12, 221, 102, 168,
       106, 87, 184, 48, 178, 167, 8, 215, 115, 9, 91, 19, 212, 108, 106,
       40, 101, 201, 42, 251, 235, 101, 21, 224, 243, 78, 34, 212, 204,
       30, 118, 152, 74, 87, 168, 180, 178, 174, 8, 115, 115, 9, 83, 113,
       244, 108, 98, 104, 197, 89, 46, 249, 227, 101, 21, 32, 115, 238,
       34, 192, 172, 157, 251, 200, 237, 53, 143, 190, 55, 32, 24, 182,
       179, 64, 91, 129, 82, 106, 24, 50, 76, 219, 51, 205, 167, 116,
       120, 144, 64, 135, 42, 7, 232, 149, 187, 28, 141, 170, 236, 222,
       49, 137, 69, 246, 200, 88, 0, 217, 107, 106, 213, 67, 105, 91,
       119, 172, 22, 31, 124, 152, 10, 161, 138, 89, 121, 31, 100, 43,
       76, 21, 39, 232, 74, 174, 8, 254, 51, 0, 114, 162, 55, 124, 42,
       65, 33, 146, 1, 241, 239, 98, 26, 72, 114, 131, 59, 108, 32, 189,
       113, 173, 107, 87, 136, 115, 190, 166, 8, 210, 113, 73, 59, 153,
       84, 108, 122, 40, 112, 233, 0, 207, 219, 69, 55, 194, 121, 86, 34,
       212, 112, 31, 229, 2, 74, 87, 48, 36, 162, 163, 8, 215, 19, 1, 83,
       50, 245, 108, 106, 105, 213, 153, 12, 241, 163, 99, 20, 32, 51, 7,
       34, 3, 81, 123, 69, 112, 222, 43, 48, 44, 72, 126, 228, 157, 22,
       128, 116, 182, 61, 23, 236, 193, 152, 49, 77, 70, 189, 42, 128,
       14, 130, 7, 253, 248, 241, 125, 108, 8, 77, 87, 120, 129, 36, 165,
       9, 51, 85, 2, 19, 8, 176, 69, 98, 72, 35, 250, 29, 243, 217, 65,
       57, 114, 162, 70, 122, 100, 101, 57, 103, 13, 79, 71, 168, 98,
       160, 41, 8, 210, 85, 73, 48, 144, 92, 104, 106, 73, 112, 249, 60,
       229, 157, 1, 54, 64, 59, 70, 34, 100, 85, 53, 111, 24, 79, 71,
       184, 116, 164, 171, 12, 211, 101, 9, 81, 144, 196, 104, 110, 105,
       176, 121, 30, 237, 174, 69, 20, 88, 187, 64, 114, 120, 176, 57,
       112, 89, 237, 81, 87, 227, 45, 164, 8, 54, 149, 64, 48, 128, 178,
       76, 8, 26, 107, 178, 21, 219, 205, 48, 121, 98, 128, 70, 235, 81,
       136, 188, 122, 137, 173, 80, 143, 238, 51, 160, 24, 183, 218, 72,
       123, 129, 3, 108, 16, 30, 109, 219, 49, 217, 216, 84, 126, 208,
       64, 135, 14, 108, 113, 125, 103, 41, 95, 83, 184, 99, 168, 189,
       72, 223, 85, 73, 50, 148, 212, 252, 106, 201, 96, 249, 28, 235,
       217, 37, 53, 98, 163, 70, 35, 13, 116, 244, 7, 150, 15, 239, 184,
       127, 230, 79, 134, 219, 96, 223, 38, 55, 76, 112, 127, 225, 240,
       253, 46, 108, 14, 69, 4, 111, 255, 80, 244, 101, 226, 149, 115,
       172, 13, 64, 136, 107, 187, 177, 72, 198, 112, 77, 62, 153, 208,
       110, 18, 11, 99, 203, 48, 157, 218, 85, 126, 208, 122, 66, 37, 85,
       13, 123, 101, 148, 14, 103, 177, 116, 160, 234, 64, 83, 113, 153,
       112, 112, 198, 8, 106, 233, 176, 57, 46, 241, 175, 37, 16, 105,
       243, 240, 32, 19, 63, 234, 33, 210, 243, 186, 86, 236, 204, 62,
       231, 33, 172, 231, 0, 46, 107, 194, 213, 183, 169, 36, 106, 126,
       5, 46, 131, 237, 81, 47, 223, 224, 188, 149, 249, 169, 237, 17,
       143, 27, 51, 40, 24, 182, 51, 64, 91, 129, 19, 104, 16, 51, 108,
       211, 115, 141, 146, 84, 126, 216, 72, 135, 42, 192, 168, 191, 115,
       138, 232, 161, 7, 238, 83, 162, 16, 181, 254, 80, 123, 163, 55,
       104, 145, 51, 77, 247, 49, 205, 163, 122, 89, 160, 64, 199, 42,
       128, 172, 157, 255, 152, 237, 21, 151, 182, 23, 168, 16, 247, 243,
       64, 91, 129, 123, 104, 16, 50, 77, 218, 51, 233, 163, 117, 121,
       144, 80, 135, 42, 244, 60, 188, 246, 172, 108, 69, 183, 242, 186,
       134, 24, 247, 241, 65, 59, 129, 246, 125, 26, 120, 109, 219, 34,
       249, 163, 117, 56, 136, 249, 214, 34, 201, 184, 153, 113, 129,
       237, 113, 23, 250, 27, 38, 24, 190, 151, 64, 57, 129, 62, 104, 24,
       51, 108, 178, 19, 207, 249, 16, 120, 202, 64, 139, 58, 225, 172,
       189, 116, 77, 221, 84, 39, 251, 227, 160, 24, 182, 184, 68, 51,
       137, 246, 104, 0, 109, 111, 242, 63, 175, 219, 85, 58, 72, 72,
       210, 46, 240, 188, 189, 116, 200, 237, 81, 7, 178, 247, 164, 24,
       55, 183, 64, 27, 1, 246, 105, 16, 58, 79, 250, 35, 217, 162, 85,
       124, 224, 64, 134, 122, 124, 51, 184, 98, 248, 173, 81, 155, 35,
       189, 189, 41, 151, 183, 73, 26, 133, 222, 109, 16, 26, 106, 250,
       0, 223, 221, 53, 125, 224, 194, 198, 35, 212, 52, 159, 243, 168,
       110, 59, 24, 176, 223, 167, 20, 215, 119, 8, 91, 167, 21, 109,
       178, 49, 196, 185, 2, 201, 163, 107, 68, 168, 97, 167, 115, 252,
       249, 57, 98, 189, 205, 87, 253, 195, 252, 165, 25, 183, 221, 74,
       51, 128, 242, 93, 83, 91, 107, 250, 49, 251, 217, 37, 127, 64, 26,
       214, 123, 252, 189, 57, 122, 189, 237, 87, 180, 227, 252, 173, 25,
       51, 253, 74, 19, 137, 242, 204, 114, 127, 107, 248, 63, 251, 217,
       37, 125, 224, 91, 198, 123, 176, 172, 30, 58, 93, 235, 144, 207,
       254, 23, 224, 25, 38, 248, 42, 25, 153, 58, 194, 0, 54, 111, 10,
       63, 145, 211, 81, 127, 208, 72, 207, 138, 205, 117, 125, 71, 160,
       94, 87, 184, 97, 238, 39, 44, 91, 119, 139, 247, 22, 84, 252, 110,
       161, 208, 253, 14, 103, 251, 101, 148, 106, 247, 78, 117, 229,
       190, 29, 115, 188, 47, 87, 190, 118, 187, 179, 92, 215, 115, 0,
       123, 149, 214, 124, 56, 185, 236, 89, 62, 233, 203, 117, 84, 200,
       120, 192, 35, 221, 101, 92, 103, 168, 30, 71, 184, 225, 184, 175,
       72, 83, 113, 137, 183, 50, 196, 108, 106, 233, 225, 173, 44, 242,
       235, 101, 20, 107, 243, 74, 33, 161, 165, 41, 72, 221, 173, 233,
       79, 238, 73, 104, 28, 176, 216, 60, 48, 200, 42, 82, 29, 51, 42,
       114, 87, 45, 28, 154, 104, 216, 8, 210, 176, 120, 249, 127, 104,
       40, 205, 81, 85, 226, 84, 164, 8, 51, 151, 192, 50, 2, 176, 124,
