%YAML:1.0
---
descriptors: !!opencv-matrix
   rows: 171
   cols: 32
   dt: u
   data: [ 237, 112, 189, 99, 45, 111, 83, 152, 91, 250, 53, 24, 223, 93,
       89, 59, 153, 84, 124, 122, 171, 100, 251, 2, 207, 219, 101, 52,
       194, 251, 70, 115, 77, 117, 148, 71, 245, 127, 102, 184, 121, 234,
       107, 12, 222, 112, 77, 183, 145, 76, 112, 106, 229, 240, 217, 46,
       47, 190, 69, 6, 202, 115, 75, 134, 248, 188, 220, 114, 168, 173,
       84, 223, 178, 191, 164, 29, 55, 227, 74, 27, 137, 242, 237, 20,
       58, 111, 218, 51, 219, 203, 117, 121, 235, 192, 202, 10, 240, 168,
       255, 122, 138, 233, 81, 215, 178, 23, 164, 25, 55, 247, 64, 27, 1,
       178, 109, 16, 58, 79, 170, 49, 219, 131, 116, 121, 224, 192, 166,
       234, 112, 168, 253, 112, 136, 232, 81, 87, 162, 55, 164, 24, 55,
       151, 64, 59, 1, 182, 109, 24, 26, 79, 162, 17, 219, 161, 113, 121,
       225, 192, 134, 106, 232, 253, 188, 122, 169, 253, 23, 175, 219,
       95, 172, 25, 174, 253, 66, 27, 137, 123, 233, 18, 122, 111, 250,
       51, 235, 215, 85, 123, 210, 92, 198, 251, 236, 52, 188, 97, 161,
       111, 117, 27, 123, 187, 191, 24, 223, 55, 72, 59, 149, 23, 125,
       56, 59, 244, 241, 2, 207, 223, 117, 116, 194, 64, 198, 51, 252,
       44, 220, 118, 141, 105, 84, 159, 147, 183, 164, 25, 67, 225, 75,
       27, 9, 214, 237, 16, 40, 111, 218, 34, 219, 219, 85, 61, 227, 248,
       206, 10, 248, 188, 188, 248, 173, 253, 85, 223, 255, 59, 180, 24,
       190, 191, 64, 59, 201, 179, 253, 16, 58, 111, 242, 179, 219, 251,
       84, 123, 210, 72, 198, 11, 236, 180, 188, 115, 237, 125, 81, 152,
       95, 59, 37, 24, 223, 93, 72, 59, 153, 16, 253, 58, 58, 100, 251,
       18, 207, 219, 81, 127, 210, 75, 70, 50, 248, 176, 188, 248, 169,
       253, 81, 91, 187, 59, 180, 24, 191, 247, 64, 59, 133, 147, 253,
       16, 58, 111, 242, 17, 219, 219, 113, 123, 226, 64, 70, 123, 230,
       237, 150, 191, 221, 47, 238, 236, 63, 162, 251, 26, 207, 234, 29,
       80, 249, 207, 123, 227, 120, 243, 217, 255, 189, 254, 207, 52,
       129, 123, 243, 128, 116, 117, 189, 102, 13, 79, 87, 40, 64, 226,
       173, 8, 82, 117, 73, 51, 152, 84, 104, 98, 105, 99, 249, 8, 249,
       139, 69, 54, 64, 123, 70, 34, 69, 247, 17, 3, 176, 14, 102, 184,
       122, 57, 43, 76, 214, 112, 217, 176, 149, 78, 108, 126, 195, 112,
       217, 119, 173, 156, 37, 116, 72, 51, 195, 33, 220, 220, 156, 247,
       172, 47, 94, 188, 191, 186, 191, 56, 223, 255, 73, 91, 215, 215,
       253, 106, 120, 101, 203, 186, 255, 255, 101, 244, 130, 243, 130,
       3, 221, 113, 157, 102, 40, 78, 71, 184, 224, 234, 167, 12, 83,
       113, 201, 51, 16, 196, 124, 106, 201, 97, 249, 40, 241, 233, 101,
       20, 104, 243, 66, 48, 204, 117, 189, 103, 240, 15, 55, 184, 57,
       170, 127, 108, 222, 119, 205, 48, 183, 93, 125, 98, 225, 208, 249,
       110, 111, 223, 37, 134, 74, 243, 131, 51, 210, 184, 159, 242, 168,
       237, 17, 199, 187, 123, 128, 88, 183, 247, 64, 27, 135, 183, 125,
       16, 59, 79, 218, 49, 153, 210, 125, 250, 128, 64, 135, 59, 104,
       249, 24, 58, 217, 221, 22, 174, 155, 61, 168, 9, 174, 251, 66,
       144, 129, 123, 201, 64, 78, 107, 218, 53, 235, 215, 20, 123, 82,
       29, 142, 10, 248, 172, 156, 58, 139, 173, 16, 143, 187, 55, 164,
       25, 174, 163, 66, 155, 129, 19, 233, 16, 62, 79, 218, 51, 219,
       211, 85, 127, 210, 64, 143, 11, 208, 142, 172, 180, 138, 32, 93,
       191, 178, 183, 134, 185, 87, 167, 66, 91, 99, 246, 109, 128, 56,
       79, 203, 34, 217, 227, 245, 156, 160, 240, 134, 106, 248, 184,
       254, 118, 173, 237, 85, 223, 243, 191, 164, 24, 59, 241, 64, 63,
       33, 246, 253, 24, 58, 111, 250, 35, 219, 251, 85, 121, 227, 192,
       198, 42, 5, 221, 223, 119, 176, 46, 111, 184, 116, 234, 127, 100,
       213, 119, 153, 112, 55, 126, 62, 110, 241, 208, 121, 62, 236, 239,
       103, 132, 168, 243, 129, 49, 125, 87, 109, 103, 180, 14, 71, 184,
       97, 232, 191, 76, 211, 97, 153, 114, 20, 196, 108, 110, 233, 176,
       253, 46, 230, 239, 37, 148, 106, 243, 82, 49, 93, 93, 125, 103,
       176, 14, 111, 184, 117, 234, 127, 96, 211, 119, 137, 112, 55, 86,
       60, 110, 233, 176, 125, 46, 239, 239, 37, 132, 106, 243, 224, 49,
       244, 172, 220, 118, 141, 109, 85, 207, 243, 191, 164, 25, 35, 233,
       71, 27, 9, 246, 236, 24, 58, 111, 218, 34, 219, 219, 85, 127, 227,
       248, 206, 10, 252, 188, 220, 118, 137, 109, 85, 191, 179, 191,
       164, 25, 99, 119, 66, 27, 1, 246, 237, 10, 56, 79, 219, 32, 219,
       235, 117, 61, 226, 240, 198, 106, 93, 221, 121, 239, 180, 14, 79,
       188, 117, 170, 127, 96, 215, 119, 137, 112, 119, 214, 28, 106,
       233, 180, 105, 46, 227, 239, 37, 132, 96, 243, 192, 33, 246, 237,
       246, 223, 252, 11, 238, 236, 63, 178, 251, 26, 239, 234, 93, 67,
       123, 239, 127, 243, 248, 243, 203, 238, 188, 254, 207, 132, 245,
       251, 227, 128, 118, 237, 246, 255, 252, 171, 238, 237, 63, 162,
       251, 10, 239, 234, 29, 64, 123, 239, 127, 227, 232, 243, 203, 255,
       190, 254, 207, 156, 181, 251, 226, 136, 232, 180, 188, 251, 173,
       253, 80, 57, 95, 59, 173, 24, 222, 121, 76, 25, 217, 26, 255, 16,
       58, 110, 123, 151, 207, 223, 80, 127, 210, 74, 194, 2, 236, 245,
       244, 255, 173, 47, 86, 188, 223, 186, 189, 24, 207, 121, 93, 59,
       217, 198, 127, 122, 248, 99, 219, 186, 255, 255, 101, 62, 194,
       251, 210, 3, 226, 253, 182, 252, 221, 133, 254, 230, 255, 138,
       234, 8, 174, 187, 37, 81, 201, 235, 123, 64, 104, 235, 210, 238,
       187, 254, 222, 58, 82, 121, 242, 138, 220, 236, 156, 247, 172, 46,
       126, 188, 191, 186, 191, 24, 223, 127, 73, 91, 247, 215, 125, 122,
       120, 197, 203, 174, 251, 255, 103, 148, 160, 243, 129, 1, 118,
       229, 198, 239, 252, 11, 238, 236, 63, 162, 251, 2, 201, 106, 29,
       80, 123, 207, 127, 227, 104, 243, 201, 255, 190, 254, 143, 148,
       181, 251, 243, 128, 246, 236, 230, 223, 220, 43, 238, 236, 255,
       178, 251, 26, 238, 234, 61, 91, 123, 239, 127, 226, 248, 247, 203,
       255, 190, 190, 207, 188, 229, 251, 243, 128, 92, 209, 156, 247,
       168, 12, 89, 152, 174, 184, 183, 40, 223, 243, 73, 91, 134, 213,
       125, 90, 26, 65, 219, 32, 219, 251, 127, 156, 160, 179, 1, 3, 120,
       176, 188, 248, 41, 205, 81, 25, 187, 185, 164, 24, 159, 223, 72,
       27, 133, 149, 253, 16, 26, 75, 242, 145, 219, 251, 113, 127, 194,
       128, 70, 51, 236, 252, 188, 254, 173, 237, 86, 182, 255, 27, 173,
       24, 254, 249, 65, 27, 201, 242, 253, 90, 106, 110, 218, 179, 235,
       223, 84, 59, 210, 89, 214, 10, 232, 188, 148, 252, 173, 173, 84,
       223, 191, 187, 168, 24, 174, 249, 84, 27, 201, 231, 127, 16, 58,
       111, 211, 179, 155, 219, 85, 122, 210, 88, 210, 10, 248, 188, 180,
       248, 173, 237, 80, 83, 255, 59, 180, 24, 190, 191, 68, 59, 137,
       179, 253, 16, 58, 111, 210, 147, 219, 219, 84, 123, 210, 72, 198,
       11, 232, 189, 188, 251, 173, 253, 87, 190, 255, 59, 172, 24, 190,
       63, 64, 51, 129, 83, 253, 16, 114, 108, 250, 183, 239, 219, 84,
       123, 210, 89, 198, 59, 212, 157, 95, 239, 180, 143, 95, 189, 52,
       168, 246, 32, 247, 83, 128, 81, 118, 245, 93, 106, 121, 185, 73,
       61, 249, 233, 39, 212, 36, 187, 128, 41, 220, 92, 191, 247, 40,
       110, 123, 24, 184, 186, 183, 24, 247, 119, 137, 123, 167, 245,
       125, 106, 169, 197, 251, 42, 199, 251, 99, 148, 128, 241, 7, 115,
       204, 52, 189, 115, 169, 110, 57, 27, 187, 255, 167, 24, 221, 119,
       72, 59, 135, 87, 125, 48, 177, 69, 251, 66, 207, 251, 119, 246,
       130, 96, 135, 115, 244, 173, 253, 118, 136, 236, 87, 191, 178,
       183, 173, 24, 115, 247, 72, 27, 1, 246, 109, 26, 122, 79, 250, 51,
       249, 171, 117, 120, 224, 241, 198, 98, 252, 54, 255, 96, 162, 107,
       81, 88, 160, 190, 167, 56, 83, 23, 201, 59, 55, 148, 68, 56, 56,
       103, 168, 0, 219, 203, 117, 116, 225, 224, 70, 97, 248, 184, 222,
       122, 138, 233, 81, 215, 178, 23, 164, 185, 55, 231, 74, 27, 3,
