%YAML:1.0
---
descriptors: !!opencv-matrix
   rows: 135
   cols: 32
   dt: u
   data: [ 221, 188, 156, 48, 169, 173, 80, 159, 242, 251, 166, 28, 23,
       243, 74, 91, 129, 151, 124, 16, 63, 111, 218, 51, 219, 235, 117,
       125, 232, 64, 138, 19, 157, 84, 125, 239, 44, 10, 111, 56, 60,
       170, 247, 112, 215, 83, 153, 115, 126, 213, 125, 234, 233, 213,
       105, 14, 228, 235, 227, 148, 36, 179, 97, 33, 164, 97, 105, 71,
       80, 75, 103, 248, 113, 164, 119, 168, 83, 69, 141, 49, 88, 220,
       70, 106, 105, 182, 109, 14, 37, 136, 33, 4, 101, 187, 86, 224,
       248, 190, 220, 112, 170, 232, 85, 23, 178, 191, 180, 185, 23, 167,
       194, 27, 7, 183, 109, 16, 58, 79, 194, 18, 218, 227, 117, 249,
       224, 192, 142, 59, 108, 113, 185, 101, 17, 79, 87, 152, 107, 168,
       46, 8, 214, 21, 65, 48, 144, 92, 108, 122, 65, 240, 249, 8, 239,
       221, 5, 54, 66, 51, 70, 34, 77, 115, 17, 227, 48, 14, 123, 48, 40,
       168, 123, 100, 223, 19, 137, 80, 150, 29, 109, 106, 65, 208, 193,
       76, 228, 189, 35, 132, 8, 179, 3, 33, 240, 168, 220, 114, 136,
       233, 81, 223, 178, 55, 164, 25, 55, 183, 66, 27, 1, 146, 109, 24,
       58, 79, 202, 51, 219, 195, 117, 121, 224, 192, 134, 42, 76, 113,
       213, 229, 34, 74, 115, 56, 45, 168, 115, 232, 223, 23, 137, 114,
       54, 85, 124, 104, 65, 144, 233, 76, 197, 225, 35, 132, 34, 162, 7,
       49, 76, 115, 57, 101, 48, 94, 55, 56, 105, 232, 127, 108, 222, 87,
       137, 48, 150, 93, 196, 106, 193, 144, 249, 76, 231, 253, 37, 6,
       66, 179, 7, 113, 96, 184, 189, 116, 40, 253, 80, 23, 235, 121,
       176, 120, 190, 159, 68, 59, 135, 183, 124, 16, 191, 111, 242, 65,
       219, 248, 112, 250, 194, 128, 70, 63, 248, 188, 119, 114, 169,
       253, 85, 223, 243, 127, 164, 56, 43, 245, 200, 191, 171, 210, 236,
       24, 59, 111, 250, 179, 219, 219, 85, 127, 227, 216, 206, 111, 221,
       244, 156, 118, 168, 62, 85, 158, 242, 187, 175, 92, 223, 243, 73,
       123, 21, 214, 125, 58, 184, 69, 219, 34, 251, 235, 117, 124, 170,
       241, 138, 35, 100, 81, 156, 111, 8, 15, 87, 184, 86, 162, 175, 8,
       214, 113, 9, 82, 208, 84, 104, 106, 72, 96, 219, 29, 227, 191, 69,
       28, 80, 251, 64, 34, 240, 152, 159, 124, 136, 236, 80, 7, 178, 27,
       162, 24, 55, 183, 64, 91, 129, 182, 108, 16, 59, 109, 211, 1, 219,
       227, 116, 89, 224, 64, 198, 10, 68, 227, 156, 107, 24, 13, 67,
       184, 102, 53, 37, 8, 247, 67, 72, 82, 17, 64, 104, 122, 74, 96,
       251, 49, 205, 153, 5, 125, 80, 139, 68, 34, 112, 168, 61, 112, 8,
       205, 65, 71, 226, 53, 160, 8, 19, 151, 64, 58, 1, 148, 104, 24,
       26, 107, 242, 16, 217, 169, 49, 124, 224, 0, 70, 106, 252, 252,
       189, 122, 173, 253, 85, 222, 251, 219, 165, 24, 254, 255, 104, 59,
       129, 243, 253, 18, 59, 103, 250, 179, 219, 219, 85, 127, 210, 121,
       199, 115, 220, 188, 158, 246, 168, 236, 85, 151, 178, 187, 166,
       24, 215, 247, 64, 59, 39, 247, 125, 24, 59, 79, 251, 34, 217, 227,
       117, 124, 168, 240, 135, 59, 221, 188, 156, 246, 168, 62, 92, 159,
       178, 187, 175, 92, 223, 243, 64, 91, 133, 246, 108, 24, 56, 69,
       219, 34, 251, 239, 117, 60, 170, 241, 138, 3, 221, 180, 149, 54,
       173, 61, 68, 143, 251, 251, 138, 92, 222, 240, 89, 191, 129, 70,
       124, 17, 191, 109, 219, 162, 153, 218, 85, 126, 202, 124, 219, 28,
       182, 174, 236, 23, 218, 99, 149, 175, 18, 246, 146, 191, 64, 236,
       215, 11, 91, 238, 33, 149, 188, 222, 239, 58, 94, 6, 253, 245,
       245, 120, 212, 94, 248, 184, 158, 120, 169, 237, 81, 87, 163, 91,
       164, 24, 63, 147, 66, 27, 161, 182, 108, 16, 27, 111, 146, 17,
       219, 235, 112, 121, 234, 128, 138, 26, 77, 65, 149, 167, 49, 74,
       111, 56, 109, 224, 111, 0, 223, 35, 155, 246, 50, 196, 124, 110,
       65, 208, 253, 76, 228, 255, 70, 4, 34, 183, 1, 96, 124, 52, 150,
       254, 141, 116, 84, 207, 179, 155, 171, 25, 74, 251, 77, 222, 201,
       214, 237, 16, 56, 103, 219, 130, 155, 247, 213, 63, 131, 113, 254,
       2, 13, 255, 157, 243, 180, 47, 103, 158, 126, 187, 30, 112, 215,
       115, 201, 106, 23, 78, 126, 126, 177, 240, 105, 50, 236, 207, 101,
       244, 128, 251, 129, 161, 197, 20, 197, 23, 141, 63, 229, 152, 94,
       242, 135, 158, 210, 96, 223, 239, 49, 68, 106, 62, 161, 244, 125,
       66, 12, 26, 71, 52, 206, 253, 81, 116, 244, 50, 156, 112, 168,
       236, 81, 18, 162, 191, 180, 61, 23, 183, 66, 26, 7, 214, 109, 24,
       26, 71, 178, 0, 217, 163, 117, 248, 224, 192, 6, 115, 80, 172,
       159, 182, 136, 232, 17, 39, 186, 159, 170, 57, 183, 243, 64, 91,
       161, 119, 108, 16, 50, 75, 130, 35, 217, 167, 118, 88, 128, 96,
       135, 43, 104, 221, 148, 109, 185, 143, 87, 182, 255, 168, 110, 40,
       182, 51, 0, 80, 128, 118, 108, 72, 72, 56, 209, 63, 237, 190, 101,
       18, 90, 48, 194, 43, 108, 229, 17, 71, 29, 79, 70, 168, 119, 160,
       41, 8, 195, 65, 73, 180, 16, 92, 72, 106, 72, 48, 249, 30, 173,
       220, 5, 53, 82, 59, 70, 32, 220, 188, 158, 118, 168, 237, 85, 151,
       179, 187, 166, 24, 127, 247, 64, 59, 39, 246, 253, 24, 59, 79,
       154, 51, 219, 235, 117, 120, 170, 208, 138, 59, 72, 253, 189, 115,
       153, 221, 23, 167, 254, 117, 14, 24, 190, 53, 66, 35, 129, 86,
       232, 82, 119, 105, 187, 55, 239, 215, 85, 119, 194, 25, 141, 122,
       211, 188, 157, 176, 168, 173, 28, 151, 186, 251, 128, 93, 182,
       182, 64, 59, 133, 231, 124, 21, 191, 79, 210, 113, 153, 146, 95,
       122, 136, 80, 131, 29, 72, 113, 57, 101, 49, 78, 115, 56, 105,
       236, 126, 104, 222, 23, 129, 50, 150, 92, 204, 106, 65, 176, 241,
       12, 231, 249, 33, 150, 74, 162, 71, 115, 247, 42, 172, 180, 172,
       44, 92, 159, 171, 187, 150, 89, 206, 249, 83, 27, 133, 198, 125,
       29, 188, 71, 202, 160, 219, 219, 117, 190, 130, 245, 218, 11, 101,
       97, 73, 71, 48, 90, 110, 40, 105, 224, 111, 136, 219, 7, 159, 180,
       18, 204, 76, 110, 77, 176, 237, 12, 166, 253, 1, 5, 98, 179, 74,
       68, 252, 8, 156, 126, 173, 60, 84, 139, 147, 151, 165, 24, 98,
       241, 77, 91, 193, 246, 237, 0, 56, 103, 202, 32, 219, 251, 85, 63,
       210, 249, 206, 2, 69, 249, 156, 99, 180, 31, 118, 188, 110, 184,
       46, 100, 215, 115, 193, 114, 151, 84, 108, 122, 193, 240, 89, 60,
       239, 223, 101, 84, 168, 251, 1, 41, 216, 188, 189, 243, 168, 236,
       93, 151, 186, 123, 182, 24, 191, 55, 72, 59, 135, 87, 253, 16,
       187, 77, 251, 35, 203, 219, 126, 253, 128, 64, 135, 123, 69, 117,
       156, 99, 176, 47, 118, 156, 118, 178, 43, 68, 215, 115, 201, 122,
       23, 84, 108, 122, 185, 208, 89, 46, 239, 223, 101, 116, 168, 251,
       129, 1, 220, 52, 188, 241, 168, 46, 93, 31, 251, 187, 182, 24,
       223, 55, 72, 123, 135, 87, 125, 24, 185, 69, 243, 2, 203, 251,
       118, 212, 192, 240, 195, 51, 116, 71, 252, 46, 106, 75, 151, 232,
       138, 166, 185, 171, 70, 238, 15, 19, 183, 213, 237, 98, 100, 99,
       139, 8, 112, 166, 109, 191, 101, 115, 7, 67, 230, 42, 220, 180,
       172, 40, 92, 151, 171, 191, 150, 253, 166, 169, 215, 27, 135, 231,
       109, 29, 188, 79, 194, 224, 218, 186, 117, 191, 140, 240, 218, 9,
       216, 188, 149, 114, 169, 252, 80, 7, 251, 123, 160, 24, 191, 182,
       64, 187, 129, 183, 236, 16, 63, 79, 210, 19, 155, 215, 84, 123,
       234, 64, 143, 27, 221, 188, 149, 48, 173, 125, 68, 143, 251, 251,
       138, 24, 158, 248, 81, 187, 129, 199, 124, 17, 63, 111, 251, 130,
       185, 219, 85, 126, 202, 108, 219, 94, 229, 168, 156, 17, 206, 185,
       176, 199, 254, 179, 164, 26, 162, 176, 198, 43, 41, 226, 106, 24,
       54, 127, 206, 48, 30, 2, 85, 127, 217, 72, 218, 142, 118, 117,
       233, 231, 202, 74, 71, 184, 50, 238, 139, 233, 211, 119, 73, 26,
       21, 212, 253, 226, 105, 82, 249, 10, 253, 166, 237, 180, 160, 243,
       22, 115, 236, 172, 248, 82, 229, 253, 101, 223, 115, 183, 100, 24,
       43, 225, 86, 29, 25, 238, 98, 24, 58, 126, 254, 115, 95, 159, 21,
       109, 235, 216, 222, 168, 248, 184, 254, 120, 41, 253, 81, 87, 227,
