%YAML:1.0
---
descriptors: !!opencv-matrix
   rows: 256
   cols: 32
   dt: u
   data: [ 224, 176, 181, 112, 73, 237, 81, 15, 235, 251, 164, 24, 182,
       151, 64, 63, 129, 118, 104, 24, 19, 111, 250, 80, 221, 152, 85,
       122, 194, 64, 199, 58, 221, 84, 149, 117, 173, 46, 68, 186, 233,
       178, 167, 88, 215, 51, 9, 255, 129, 68, 108, 42, 105, 229, 217,
       40, 131, 251, 85, 20, 202, 241, 67, 32, 88, 176, 185, 250, 169,
       237, 81, 27, 183, 63, 167, 25, 159, 183, 72, 90, 133, 155, 237,
       16, 26, 79, 250, 83, 217, 215, 80, 125, 176, 64, 134, 99, 109,
       231, 209, 65, 245, 31, 103, 152, 99, 168, 105, 76, 82, 225, 221,
       180, 25, 204, 66, 126, 211, 114, 253, 2, 44, 28, 5, 108, 203, 251,
       210, 164, 169, 175, 66, 73, 244, 155, 234, 55, 125, 1, 122, 92,
       179, 0, 148, 180, 95, 174, 6, 60, 179, 184, 69, 127, 44, 60, 32,
       192, 207, 136, 218, 140, 240, 168, 254, 120, 138, 233, 81, 87,
       178, 23, 164, 56, 51, 183, 66, 27, 11, 178, 109, 16, 58, 111, 162,
       17, 219, 139, 116, 121, 225, 192, 198, 106, 165, 99, 74, 65, 116,
       31, 238, 120, 123, 168, 117, 76, 66, 192, 221, 180, 24, 236, 86,
       110, 197, 50, 204, 94, 62, 29, 37, 172, 79, 187, 90, 133, 208,
       160, 189, 248, 10, 232, 81, 23, 162, 23, 134, 56, 55, 151, 64, 91,
       3, 183, 125, 16, 27, 79, 162, 17, 209, 162, 112, 120, 160, 128,
       38, 106, 5, 125, 49, 71, 83, 78, 102, 184, 120, 200, 106, 72, 222,
       113, 1, 180, 182, 124, 80, 106, 193, 176, 121, 110, 37, 188, 1, 6,
       72, 51, 67, 161, 5, 95, 30, 7, 176, 14, 47, 184, 124, 232, 90,
       228, 245, 98, 145, 100, 54, 110, 62, 110, 193, 208, 13, 110, 108,
       175, 39, 128, 12, 243, 129, 129, 172, 52, 189, 99, 237, 111, 83,
       152, 91, 255, 165, 24, 222, 93, 75, 59, 145, 81, 253, 58, 51, 100,
       251, 16, 207, 219, 97, 125, 194, 107, 70, 114, 252, 44, 252, 118,
       141, 41, 85, 218, 147, 182, 181, 24, 83, 225, 75, 27, 9, 214, 236,
       26, 40, 103, 218, 34, 91, 203, 85, 61, 227, 249, 70, 34, 248, 184,
       255, 114, 168, 253, 81, 87, 162, 159, 164, 24, 51, 183, 66, 59,
       33, 182, 236, 24, 58, 111, 178, 49, 219, 203, 116, 121, 226, 192,
       198, 123, 69, 113, 16, 71, 65, 14, 118, 152, 104, 232, 99, 76,
       214, 80, 9, 52, 144, 92, 96, 106, 193, 240, 217, 40, 37, 188, 5,
       6, 72, 51, 67, 130, 85, 197, 93, 103, 180, 74, 79, 184, 108, 160,
       171, 8, 215, 115, 9, 113, 50, 213, 124, 106, 105, 161, 121, 44,
       233, 235, 101, 84, 96, 179, 192, 32, 64, 168, 157, 255, 200, 237,
       33, 151, 158, 19, 96, 24, 182, 243, 65, 122, 129, 122, 106, 24,
       18, 72, 218, 49, 205, 162, 84, 56, 144, 72, 7, 170, 205, 113, 31,
       101, 5, 15, 119, 48, 252, 226, 39, 12, 254, 81, 1, 51, 176, 101,
       120, 106, 225, 244, 25, 14, 229, 251, 65, 18, 72, 49, 67, 51, 196,
       101, 113, 101, 32, 78, 111, 48, 41, 234, 99, 72, 211, 23, 145,
       247, 22, 212, 125, 106, 233, 144, 241, 76, 229, 184, 97, 132, 34,
       179, 70, 33, 105, 189, 144, 83, 217, 221, 87, 158, 107, 125, 44,
       12, 190, 53, 70, 182, 129, 94, 240, 88, 151, 104, 250, 177, 111,
       221, 21, 127, 202, 84, 202, 255, 101, 77, 20, 71, 128, 14, 102,
       184, 105, 160, 107, 76, 214, 112, 29, 182, 144, 68, 104, 110, 193,
       176, 217, 44, 37, 248, 69, 4, 72, 243, 74, 4, 205, 245, 185, 103,
       241, 78, 55, 184, 57, 234, 127, 108, 222, 119, 201, 50, 149, 93,
       117, 98, 225, 208, 249, 106, 239, 223, 37, 166, 74, 115, 135, 243,
       204, 112, 149, 99, 161, 110, 103, 152, 59, 250, 35, 88, 222, 87,
       73, 63, 149, 85, 120, 114, 33, 212, 249, 98, 141, 219, 69, 54,
       202, 115, 7, 50, 236, 117, 181, 101, 237, 111, 23, 152, 123, 250,
       39, 24, 222, 117, 77, 191, 147, 84, 228, 114, 97, 116, 249, 42,
       239, 218, 69, 55, 194, 123, 71, 115, 248, 170, 254, 112, 138, 233,
       81, 87, 179, 55, 164, 56, 51, 183, 66, 27, 43, 178, 237, 16, 58,
       111, 130, 19, 219, 195, 112, 121, 225, 192, 198, 43, 197, 48, 153,
       99, 98, 79, 113, 24, 104, 250, 35, 88, 222, 17, 73, 59, 178, 93,
       84, 122, 1, 244, 185, 64, 205, 152, 101, 36, 200, 35, 67, 177, 40,
       253, 58, 124, 81, 205, 85, 231, 173, 5, 236, 8, 54, 147, 34, 16,
       136, 58, 195, 64, 66, 171, 18, 61, 243, 213, 20, 59, 66, 8, 198,
       171, 216, 24, 151, 116, 40, 106, 65, 51, 160, 155, 166, 56, 87,
       55, 0, 123, 33, 244, 108, 8, 57, 77, 179, 0, 209, 163, 112, 24,
       162, 224, 166, 59, 13, 117, 17, 71, 113, 78, 102, 188, 125, 200,
       106, 72, 222, 113, 1, 180, 144, 124, 80, 106, 193, 176, 121, 110,
       37, 188, 5, 2, 74, 51, 75, 169, 252, 172, 252, 122, 137, 173, 81,
       203, 163, 151, 164, 24, 39, 227, 72, 27, 129, 242, 237, 16, 58,
       111, 218, 49, 219, 195, 117, 125, 226, 64, 198, 34, 194, 172, 238,
       153, 238, 169, 232, 79, 191, 179, 242, 146, 236, 238, 84, 75, 239,
       175, 127, 145, 178, 255, 199, 209, 156, 58, 223, 200, 229, 72,
       242, 137, 226, 168, 246, 211, 238, 169, 248, 75, 191, 179, 243,
       154, 173, 238, 212, 107, 239, 175, 127, 145, 178, 239, 207, 209,
       158, 250, 223, 232, 197, 204, 115, 141, 101, 115, 17, 69, 117, 14,
       102, 188, 104, 168, 107, 76, 214, 112, 29, 180, 144, 76, 68, 110,
       193, 176, 217, 12, 37, 188, 37, 4, 72, 179, 67, 133, 5, 85, 91,
       103, 48, 14, 111, 184, 116, 232, 127, 100, 215, 115, 153, 112, 54,
       76, 60, 110, 225, 144, 125, 46, 230, 175, 37, 132, 40, 179, 1, 49,
       85, 213, 127, 231, 180, 78, 79, 188, 117, 234, 255, 68, 247, 119,
       137, 112, 86, 214, 92, 106, 233, 144, 121, 63, 233, 239, 37, 148,
       40, 243, 192, 113, 117, 85, 125, 111, 176, 78, 71, 184, 97, 232,
       191, 76, 119, 119, 137, 115, 54, 212, 124, 106, 233, 129, 121, 46,
       243, 237, 37, 148, 104, 243, 64, 113, 21, 180, 185, 247, 180, 47,
       111, 188, 54, 171, 95, 112, 215, 119, 137, 96, 119, 95, 61, 42,
       187, 240, 105, 63, 236, 239, 55, 132, 164, 243, 129, 161, 85, 221,
       57, 239, 176, 46, 79, 188, 116, 234, 255, 96, 247, 119, 137, 112,
       23, 214, 93, 106, 249, 144, 105, 63, 233, 239, 39, 148, 32, 243,
       192, 33, 148, 236, 254, 255, 236, 43, 255, 253, 190, 178, 251, 26,
       247, 235, 93, 91, 255, 231, 127, 203, 232, 247, 203, 235, 252,
       171, 239, 156, 164, 249, 225, 1, 248, 180, 188, 250, 173, 221, 81,
       15, 223, 123, 165, 24, 190, 253, 74, 59, 137, 147, 253, 16, 122,
       109, 251, 147, 203, 219, 84, 127, 210, 72, 198, 106, 120, 184,
       255, 114, 169, 237, 81, 215, 178, 63, 164, 24, 59, 255, 64, 59,
       165, 179, 237, 16, 58, 111, 178, 49, 219, 203, 116, 121, 227, 192,
       198, 107, 253, 69, 93, 103, 168, 74, 71, 184, 96, 160, 171, 8,
       215, 115, 9, 115, 50, 212, 108, 106, 105, 161, 249, 44, 241, 235,
       101, 20, 96, 179, 70, 32, 96, 180, 149, 99, 253, 109, 84, 143,
       123, 59, 41, 88, 214, 57, 76, 60, 145, 30, 104, 48, 63, 120, 217,
       147, 175, 222, 85, 118, 218, 72, 194, 2, 5, 101, 23, 99, 149, 239,
       102, 232, 86, 160, 107, 0, 211, 241, 105, 96, 217, 108, 34, 106,
       105, 240, 123, 62, 169, 142, 5, 36, 88, 123, 80, 160, 69, 241,
       148, 71, 185, 15, 39, 184, 110, 248, 43, 76, 254, 112, 73, 54,
       145, 68, 104, 122, 195, 96, 251, 53, 173, 188, 37, 62, 72, 51, 67,
       7, 165, 111, 74, 87, 116, 155, 230, 96, 120, 160, 125, 12, 83,
       200, 215, 48, 26, 236, 66, 111, 228, 242, 204, 46, 102, 13, 37,
       41, 77, 187, 90, 132, 253, 100, 221, 103, 168, 27, 71, 184, 114,
       178, 167, 72, 83, 97, 201, 187, 17, 196, 108, 122, 105, 102, 239,
       42, 250, 235, 101, 60, 235, 243, 66, 32, 225, 176, 177, 80, 73,
       237, 64, 11, 235, 251, 161, 24, 150, 149, 68, 191, 129, 150, 124,
       24, 19, 111, 250, 80, 155, 152, 85, 126, 200, 64, 194, 38, 161,
       188, 185, 91, 28, 237, 161, 71, 222, 115, 96, 16, 178, 148, 84,
       40, 201, 58, 90, 24, 51, 188, 114, 51, 13, 156, 16, 120, 216, 8,
       214, 170, 244, 188, 159, 114, 138, 232, 85, 223, 178, 159, 164,
