%YAML:1.0
---
descriptors: !!opencv-matrix
   rows: 186
   cols: 32
   dt: u
   data: [ 84, 36, 156, 180, 140, 40, 68, 136, 226, 179, 131, 88, 215,
       225, 73, 27, 177, 198, 108, 51, 56, 97, 203, 32, 152, 195, 101,
       60, 168, 113, 147, 0, 100, 199, 61, 111, 184, 15, 71, 184, 86, 36,
       175, 76, 211, 37, 9, 80, 85, 212, 104, 110, 235, 176, 121, 63,
       239, 158, 5, 20, 80, 251, 68, 48, 246, 52, 151, 154, 203, 98, 20,
       207, 187, 147, 161, 61, 70, 242, 109, 159, 193, 247, 232, 16, 61,
       71, 154, 66, 153, 50, 85, 126, 136, 117, 162, 23, 245, 77, 78, 14,
       132, 82, 71, 168, 116, 198, 199, 132, 67, 224, 187, 115, 80, 204,
       40, 238, 108, 215, 191, 42, 226, 163, 197, 5, 96, 251, 252, 68,
       133, 103, 193, 3, 214, 107, 102, 136, 126, 180, 43, 142, 199, 97,
       203, 143, 51, 76, 74, 126, 53, 240, 237, 98, 44, 6, 5, 101, 230,
       251, 209, 132, 217, 174, 159, 51, 170, 168, 5, 183, 182, 27, 134,
       244, 183, 227, 192, 123, 39, 102, 108, 24, 59, 205, 131, 35, 200,
       227, 118, 80, 170, 192, 131, 41, 244, 65, 29, 230, 40, 14, 87,
       184, 36, 168, 183, 104, 87, 119, 137, 115, 22, 212, 124, 106, 105,
       225, 105, 12, 241, 171, 101, 20, 96, 179, 0, 33, 252, 164, 172,
       178, 140, 109, 85, 142, 210, 251, 135, 25, 215, 245, 89, 59, 129,
       214, 125, 25, 56, 69, 219, 34, 219, 195, 245, 125, 160, 121, 214,
       34, 253, 252, 156, 54, 168, 237, 87, 220, 243, 251, 165, 29, 119,
       243, 74, 27, 131, 231, 108, 94, 47, 103, 218, 51, 219, 203, 117,
       56, 232, 115, 202, 83, 193, 48, 159, 241, 32, 108, 113, 23, 168,
       27, 34, 88, 150, 23, 0, 123, 164, 53, 124, 8, 49, 220, 145, 0,
       197, 187, 112, 0, 200, 64, 131, 51, 5, 164, 233, 75, 180, 239,
       235, 159, 94, 97, 127, 16, 209, 21, 156, 96, 89, 14, 18, 60, 179,
       184, 125, 31, 111, 189, 167, 68, 220, 202, 209, 240, 120, 161,
       120, 96, 120, 205, 83, 88, 227, 173, 172, 8, 23, 151, 64, 18, 136,
       220, 76, 88, 10, 107, 248, 20, 251, 205, 37, 125, 224, 130, 70,
       42, 221, 94, 191, 101, 168, 126, 95, 144, 225, 254, 135, 28, 223,
       63, 211, 123, 135, 245, 125, 127, 189, 197, 249, 10, 235, 251,
       101, 212, 232, 243, 7, 115, 205, 127, 159, 183, 160, 46, 63, 54,
       56, 202, 86, 245, 247, 119, 131, 123, 182, 119, 124, 110, 225,
       212, 177, 42, 228, 163, 110, 128, 8, 241, 35, 121, 192, 62, 159,
       119, 162, 46, 113, 50, 184, 159, 50, 116, 247, 115, 129, 27, 167,
       119, 109, 32, 48, 205, 131, 110, 205, 162, 119, 128, 200, 224, 39,
       43, 244, 36, 157, 116, 136, 46, 68, 10, 168, 178, 163, 24, 215,
       51, 73, 27, 129, 84, 120, 42, 40, 101, 219, 0, 193, 203, 85, 52,
       192, 113, 67, 34, 84, 207, 14, 167, 146, 10, 70, 166, 164, 164,
       138, 1, 247, 35, 1, 83, 96, 230, 104, 226, 104, 137, 201, 44, 248,
       167, 165, 17, 32, 115, 172, 10, 212, 71, 92, 230, 40, 10, 78, 184,
       164, 160, 163, 136, 215, 99, 9, 83, 18, 228, 108, 106, 104, 193,
       201, 12, 240, 163, 101, 21, 32, 179, 2, 0, 164, 245, 188, 115,
       176, 111, 87, 184, 123, 254, 39, 24, 214, 113, 75, 19, 153, 78,
       108, 114, 120, 116, 249, 46, 239, 155, 101, 55, 192, 121, 206, 99,
       244, 236, 157, 54, 168, 237, 87, 220, 179, 255, 165, 25, 119, 247,
       75, 27, 129, 230, 124, 94, 58, 103, 250, 51, 249, 203, 117, 120,
       224, 115, 198, 99, 252, 180, 156, 246, 172, 109, 85, 158, 178,
       179, 135, 24, 215, 241, 73, 27, 129, 214, 109, 18, 57, 109, 219,
       34, 217, 195, 117, 125, 160, 121, 214, 50, 101, 85, 53, 103, 145,
       79, 71, 184, 126, 160, 171, 12, 211, 101, 9, 113, 145, 68, 104,
       110, 105, 240, 121, 60, 229, 154, 69, 20, 88, 251, 68, 48, 201,
       184, 159, 112, 1, 236, 113, 23, 170, 91, 38, 24, 190, 183, 64,
       123, 161, 55, 120, 24, 51, 109, 178, 33, 201, 251, 80, 106, 200,
       64, 131, 59, 120, 234, 188, 48, 13, 217, 80, 70, 227, 181, 160,
       57, 46, 152, 66, 26, 137, 160, 236, 17, 30, 111, 202, 49, 219,
       211, 85, 123, 226, 12, 94, 14, 133, 164, 45, 251, 148, 239, 235,
       187, 124, 97, 71, 16, 211, 85, 24, 97, 81, 14, 26, 60, 179, 184,
       121, 63, 237, 175, 167, 68, 208, 201, 209, 224, 221, 60, 191, 247,
       160, 110, 125, 51, 48, 222, 135, 20, 247, 119, 3, 123, 181, 119,
       124, 174, 249, 213, 177, 42, 227, 235, 127, 0, 40, 240, 165, 123,
       92, 96, 221, 229, 58, 74, 83, 56, 38, 164, 163, 40, 215, 55, 73,
       82, 50, 212, 109, 98, 8, 81, 233, 8, 249, 167, 101, 20, 32, 163,
       6, 98, 84, 176, 185, 243, 188, 237, 89, 159, 154, 241, 129, 25,
       151, 255, 72, 58, 133, 91, 121, 17, 27, 76, 219, 51, 205, 213, 29,
       124, 144, 73, 135, 50, 84, 109, 123, 228, 18, 202, 127, 114, 36,
       164, 234, 131, 23, 23, 1, 80, 110, 253, 93, 194, 104, 155, 177,
       46, 241, 165, 170, 1, 32, 241, 38, 98, 240, 69, 59, 252, 24, 197,
       93, 111, 148, 68, 232, 11, 55, 223, 34, 80, 248, 187, 89, 129,
       104, 11, 114, 31, 241, 165, 154, 25, 49, 24, 166, 122, 101, 101,
       17, 111, 24, 79, 70, 168, 118, 168, 105, 72, 214, 115, 9, 48, 144,
       92, 74, 106, 41, 176, 89, 30, 173, 188, 5, 52, 80, 59, 66, 34,
       100, 177, 185, 98, 220, 109, 81, 153, 99, 177, 45, 8, 22, 253, 72,
       58, 145, 158, 113, 24, 26, 106, 250, 0, 223, 141, 21, 124, 224,
       195, 198, 34, 80, 32, 24, 116, 48, 140, 64, 55, 160, 169, 162, 88,
       183, 19, 64, 18, 0, 182, 108, 8, 72, 122, 192, 1, 201, 161, 48,
       48, 96, 128, 2, 10, 10, 181, 112, 65, 243, 223, 189, 127, 63, 125,
       63, 57, 140, 63, 14, 180, 191, 31, 215, 161, 246, 152, 177, 215,
       127, 93, 23, 231, 67, 4, 175, 223, 124, 72, 205, 101, 1, 74, 103,
       164, 33, 166, 230, 136, 115, 39, 1, 82, 112, 244, 104, 234, 72,
       242, 249, 40, 245, 227, 69, 1, 97, 243, 70, 106, 240, 168, 252,
       112, 8, 233, 81, 7, 226, 55, 164, 24, 55, 17, 64, 27, 1, 178, 108,
       16, 58, 111, 226, 17, 211, 129, 112, 121, 224, 200, 198, 42, 65,
       241, 17, 69, 17, 14, 102, 52, 104, 8, 98, 76, 214, 19, 8, 48, 148,
       84, 64, 106, 193, 176, 209, 13, 37, 184, 0, 0, 72, 18, 67, 41,
       221, 20, 213, 101, 34, 106, 97, 24, 112, 250, 35, 116, 215, 51,
       137, 123, 55, 84, 124, 42, 161, 212, 217, 10, 132, 171, 97, 132,
       168, 241, 1, 49, 237, 253, 148, 87, 177, 127, 118, 175, 123, 186,
       42, 24, 222, 112, 77, 191, 145, 86, 104, 42, 117, 240, 217, 42,
       175, 222, 85, 54, 202, 113, 203, 14, 228, 180, 157, 119, 232, 111,
       117, 154, 122, 191, 165, 24, 214, 113, 73, 59, 147, 70, 108, 58,
       49, 244, 251, 42, 111, 171, 117, 52, 192, 241, 199, 163, 252, 237,
       191, 114, 168, 236, 87, 223, 242, 243, 172, 24, 247, 247, 73, 59,
       33, 246, 109, 90, 122, 103, 186, 35, 249, 235, 117, 61, 224, 241,
       198, 98, 40, 115, 121, 99, 116, 207, 83, 112, 97, 172, 253, 8, 51,
       85, 72, 16, 152, 152, 68, 106, 74, 178, 200, 29, 103, 221, 33,
       113, 66, 138, 70, 163, 92, 96, 217, 228, 2, 74, 67, 48, 35, 164,
       175, 8, 87, 39, 73, 82, 50, 212, 109, 234, 72, 211, 209, 8, 249,
       229, 5, 21, 32, 179, 6, 34, 44, 69, 120, 111, 124, 95, 87, 184,
       87, 32, 253, 8, 211, 125, 31, 48, 88, 220, 86, 106, 232, 178, 121,
       62, 103, 255, 33, 53, 119, 187, 86, 162, 229, 62, 232, 84, 224,
       58, 103, 154, 114, 234, 118, 252, 83, 97, 215, 56, 23, 206, 116,
       62, 181, 118, 237, 10, 94, 47, 101, 172, 233, 241, 74, 49, 80, 56,
       27, 112, 8, 141, 65, 87, 168, 137, 160, 88, 183, 147, 64, 82, 160,
       183, 76, 8, 11, 77, 146, 1, 209, 161, 48, 120, 104, 0, 131, 40,
       10, 245, 114, 5, 83, 217, 188, 103, 63, 101, 110, 3, 44, 30, 6,
       148, 166, 27, 211, 1, 102, 152, 49, 223, 55, 54, 30, 3, 103, 20,
       143, 223, 73, 161, 148, 5, 173, 30, 100, 175, 107, 185, 46, 8,
       206, 57, 78, 190, 129, 70, 236, 24, 20, 104, 219, 160, 175, 255,
       85, 55, 194, 118, 202, 14, 196, 244, 189, 119, 184, 110, 103, 184,
       50, 250, 35, 88, 215, 119, 73, 59, 23, 86, 108, 58, 57, 212, 249,
