%YAML:1.0
---
descriptors: !!opencv-matrix
   rows: 201
   cols: 32
   dt: u
   data: [ 108, 228, 185, 115, 169, 109, 87, 140, 51, 63, 173, 24, 246,
       119, 72, 58, 145, 82, 105, 90, 58, 98, 251, 51, 203, 223, 85, 125,
       192, 91, 198, 98, 248, 176, 253, 116, 40, 205, 81, 27, 163, 191,
       164, 24, 55, 183, 64, 27, 5, 182, 108, 24, 58, 111, 242, 1, 219,
       235, 113, 120, 226, 128, 70, 115, 252, 124, 252, 116, 137, 109,
       85, 223, 179, 183, 164, 24, 83, 247, 73, 27, 1, 214, 237, 24, 40,
       103, 250, 2, 219, 203, 117, 61, 226, 240, 198, 106, 248, 180, 253,
       114, 168, 253, 85, 223, 243, 255, 164, 24, 51, 247, 194, 59, 13,
       214, 108, 24, 59, 111, 250, 49, 219, 203, 117, 125, 227, 192, 198,
       123, 232, 174, 196, 56, 232, 169, 96, 207, 187, 19, 100, 185, 43,
       225, 210, 159, 11, 170, 227, 28, 54, 126, 202, 113, 94, 19, 80,
       105, 202, 196, 202, 136, 96, 189, 157, 218, 140, 237, 69, 238,
       223, 59, 160, 24, 182, 243, 76, 114, 129, 210, 106, 16, 59, 107,
       218, 115, 185, 150, 85, 126, 216, 88, 199, 42, 93, 69, 93, 103,
       148, 78, 71, 184, 101, 160, 171, 72, 83, 113, 25, 112, 50, 212,
       124, 106, 105, 176, 93, 46, 239, 239, 37, 20, 96, 179, 64, 34,
       252, 76, 157, 118, 168, 108, 85, 186, 160, 186, 167, 56, 215, 119,
       9, 91, 135, 215, 108, 42, 104, 103, 203, 32, 211, 235, 117, 28,
       96, 241, 203, 35, 156, 204, 94, 247, 146, 106, 79, 175, 52, 166,
       238, 16, 247, 115, 0, 81, 51, 246, 77, 170, 120, 220, 25, 63, 233,
       239, 101, 21, 160, 240, 132, 34, 69, 245, 149, 103, 149, 14, 102,
       184, 122, 184, 43, 76, 214, 113, 73, 50, 145, 68, 104, 126, 225,
       240, 217, 14, 173, 190, 69, 68, 72, 115, 195, 33, 96, 213, 17,
       123, 157, 77, 68, 175, 95, 49, 40, 24, 182, 19, 76, 112, 129, 18,
       104, 0, 91, 40, 219, 55, 173, 222, 84, 126, 80, 88, 196, 42, 192,
       140, 157, 255, 136, 173, 21, 135, 150, 23, 96, 24, 247, 243, 96,
       91, 129, 122, 104, 8, 50, 76, 218, 51, 205, 167, 116, 120, 144,
       88, 135, 170, 67, 123, 128, 129, 34, 10, 62, 17, 40, 224, 74, 237,
       143, 6, 135, 80, 182, 61, 108, 69, 133, 152, 149, 72, 164, 52, 10,
       130, 12, 38, 3, 93, 84, 133, 93, 103, 22, 79, 67, 184, 100, 160,
       171, 10, 83, 49, 9, 112, 49, 212, 72, 106, 104, 176, 121, 31, 253,
       175, 5, 20, 113, 171, 64, 34, 76, 101, 120, 103, 50, 74, 127, 56,
       57, 164, 111, 137, 223, 23, 139, 16, 22, 93, 253, 110, 64, 208,
       249, 78, 231, 255, 37, 4, 98, 179, 7, 96, 116, 173, 255, 114, 155,
       232, 81, 198, 178, 151, 172, 24, 39, 247, 65, 58, 33, 247, 237,
       16, 58, 107, 186, 51, 219, 231, 85, 121, 224, 81, 166, 106, 244,
       236, 189, 118, 136, 109, 69, 158, 178, 182, 167, 24, 211, 247, 73,
       59, 1, 214, 108, 10, 120, 103, 251, 34, 249, 203, 117, 60, 224,
       240, 198, 106, 108, 229, 189, 107, 153, 77, 71, 168, 50, 84, 229,
       8, 242, 119, 8, 16, 217, 192, 120, 106, 107, 98, 251, 55, 239,
       255, 5, 124, 80, 51, 198, 114, 205, 148, 29, 127, 177, 46, 119,
       184, 124, 106, 103, 84, 222, 115, 8, 115, 147, 84, 124, 106, 97,
       244, 121, 126, 237, 255, 103, 6, 72, 115, 195, 35, 69, 116, 153,
       103, 161, 110, 119, 141, 121, 234, 47, 8, 222, 113, 73, 58, 145,
       86, 120, 42, 97, 244, 249, 42, 231, 223, 69, 2, 200, 115, 195, 35,
       205, 148, 157, 127, 161, 110, 119, 184, 121, 251, 103, 16, 222,
       115, 8, 123, 145, 87, 124, 42, 49, 240, 249, 74, 207, 251, 71, 6,
       202, 99, 131, 51, 69, 245, 157, 99, 148, 111, 103, 152, 122, 250,
       43, 8, 214, 113, 73, 58, 145, 68, 120, 122, 113, 112, 249, 34,
       237, 159, 101, 116, 200, 123, 195, 50, 40, 48, 49, 65, 105, 205,
       97, 16, 235, 57, 160, 8, 146, 23, 68, 185, 136, 16, 72, 24, 11,
       42, 242, 17, 7, 152, 16, 124, 66, 0, 70, 162, 248, 42, 255, 112,
       138, 232, 81, 83, 162, 151, 165, 184, 55, 199, 64, 27, 39, 178,
       109, 24, 58, 79, 162, 1, 217, 195, 112, 120, 224, 192, 230, 114,
       101, 103, 192, 7, 244, 27, 110, 184, 113, 166, 127, 232, 195, 96,
       223, 148, 25, 204, 68, 110, 204, 240, 205, 46, 46, 30, 37, 4, 70,
       255, 218, 132, 209, 156, 31, 124, 138, 110, 69, 55, 164, 82, 166,
       112, 215, 55, 128, 123, 69, 246, 124, 42, 121, 73, 179, 13, 211,
       171, 112, 16, 40, 224, 128, 56, 248, 174, 252, 120, 168, 169, 81,
       223, 179, 55, 172, 57, 55, 165, 66, 27, 9, 178, 237, 24, 58, 111,
       194, 51, 219, 195, 113, 121, 243, 200, 198, 43, 248, 170, 216,
       120, 42, 169, 81, 95, 131, 63, 164, 57, 39, 129, 66, 27, 11, 146,
       237, 0, 26, 111, 202, 17, 211, 193, 113, 121, 240, 136, 206, 11,
       120, 176, 253, 116, 40, 205, 81, 23, 179, 255, 164, 61, 23, 151,
       64, 27, 135, 182, 109, 24, 27, 79, 242, 0, 219, 203, 112, 121,
       226, 128, 6, 123, 205, 174, 192, 19, 210, 56, 39, 191, 50, 183,
       14, 248, 209, 226, 202, 218, 115, 206, 234, 154, 51, 86, 207, 34,
       108, 7, 247, 237, 174, 244, 138, 161, 213, 102, 200, 69, 148, 62,
       78, 154, 115, 174, 246, 20, 67, 96, 159, 126, 113, 204, 108, 190,
       172, 212, 237, 42, 178, 239, 165, 5, 235, 243, 122, 4, 77, 134,
       92, 97, 176, 191, 83, 186, 118, 41, 62, 124, 215, 96, 138, 112,
       151, 70, 12, 60, 190, 176, 109, 63, 238, 207, 37, 116, 218, 217,
       200, 5, 124, 184, 253, 114, 168, 237, 85, 159, 243, 255, 164, 8,
       59, 247, 72, 59, 1, 214, 124, 24, 26, 107, 250, 49, 219, 235, 117,
       125, 226, 192, 198, 123, 221, 38, 156, 178, 168, 56, 88, 154, 250,
       187, 167, 121, 223, 227, 203, 219, 131, 199, 108, 28, 60, 71, 203,
       34, 218, 251, 119, 125, 160, 241, 139, 1, 242, 170, 204, 80, 203,
       185, 240, 207, 170, 55, 164, 185, 35, 163, 70, 27, 105, 178, 235,
       16, 58, 111, 194, 49, 91, 131, 213, 127, 225, 8, 206, 202, 246,
       186, 190, 94, 234, 225, 25, 207, 171, 191, 164, 185, 36, 231, 70,
       27, 133, 119, 233, 16, 26, 79, 170, 113, 219, 146, 93, 255, 128,
       64, 134, 75, 93, 5, 95, 103, 148, 78, 103, 184, 117, 160, 235, 64,
       83, 115, 9, 112, 48, 196, 76, 106, 105, 176, 89, 14, 251, 239, 37,
       4, 97, 243, 64, 32, 220, 204, 94, 246, 154, 106, 92, 175, 180,
       178, 166, 24, 247, 99, 9, 91, 35, 247, 109, 170, 104, 197, 75, 45,
       249, 227, 117, 21, 32, 241, 142, 10, 96, 245, 17, 107, 157, 77,
       84, 175, 127, 57, 41, 88, 214, 51, 76, 116, 145, 30, 104, 16, 91,
       40, 219, 23, 175, 220, 21, 126, 88, 88, 194, 43, 20, 101, 27, 99,
       21, 79, 67, 232, 118, 160, 235, 8, 83, 81, 41, 112, 56, 220, 72,
       106, 41, 177, 57, 30, 249, 142, 5, 4, 96, 59, 96, 34, 100, 105,
       27, 94, 93, 196, 199, 224, 232, 128, 233, 8, 246, 211, 33, 48,
       216, 120, 74, 74, 65, 227, 218, 108, 49, 180, 135, 24, 64, 51,
       102, 162, 253, 148, 245, 68, 181, 127, 71, 191, 113, 226, 170, 88,
       91, 53, 132, 181, 23, 214, 76, 42, 249, 237, 249, 174, 185, 254,
       85, 22, 227, 248, 198, 124, 244, 160, 253, 118, 169, 244, 81, 142,
       187, 255, 165, 57, 115, 255, 76, 59, 129, 247, 237, 16, 62, 71,
       234, 51, 219, 243, 117, 127, 160, 113, 134, 115, 69, 53, 17, 69,
       17, 14, 119, 56, 104, 224, 107, 76, 214, 19, 1, 52, 144, 76, 72,
       106, 129, 240, 209, 76, 37, 188, 1, 6, 72, 35, 67, 34, 204, 183,
       253, 117, 162, 106, 53, 51, 249, 191, 63, 184, 207, 55, 192, 59,
       39, 23, 236, 32, 112, 108, 225, 6, 207, 227, 117, 247, 224, 224,
       135, 99, 204, 246, 252, 113, 170, 121, 21, 159, 123, 191, 61, 185,
       143, 61, 203, 27, 135, 87, 237, 16, 98, 116, 233, 2, 207, 211,
       117, 55, 226, 248, 135, 99, 124, 69, 150, 126, 139, 88, 22, 232,
       187, 130, 169, 9, 110, 227, 43, 218, 210, 118, 232, 98, 108, 67,
       202, 43, 243, 247, 69, 59, 122, 119, 10, 2, 92, 101, 120, 103,
       115, 27, 127, 40, 49, 164, 111, 136, 223, 119, 137, 176, 50, 221,
       253, 234, 64, 208, 233, 78, 231, 207, 37, 133, 99, 179, 71, 160,
       108, 241, 61, 107, 141, 79, 71, 168, 114, 112, 173, 8, 210, 117,
