%YAML:1.0
---
descriptors: !!opencv-matrix
   rows: 258
   cols: 32
   dt: u
   data: [ 93, 85, 127, 103, 164, 78, 79, 176, 97, 232, 191, 76, 215,
       119, 137, 115, 22, 244, 124, 106, 201, 161, 249, 44, 227, 233,
       101, 16, 106, 243, 66, 113, 236, 48, 189, 115, 173, 109, 81, 152,
       251, 255, 37, 24, 222, 213, 73, 59, 129, 80, 253, 26, 51, 100,
       251, 18, 207, 219, 113, 125, 194, 107, 71, 115, 236, 112, 189,
       115, 40, 110, 113, 144, 106, 250, 167, 24, 215, 23, 73, 59, 133,
       212, 124, 90, 41, 116, 249, 2, 199, 219, 113, 52, 200, 243, 70,
       51, 236, 180, 189, 115, 237, 125, 81, 155, 255, 123, 37, 24, 222,
       125, 74, 59, 129, 26, 253, 24, 59, 100, 251, 19, 207, 219, 81,
       127, 210, 73, 198, 242, 230, 237, 214, 223, 252, 171, 238, 239,
       191, 179, 251, 154, 238, 238, 60, 71, 127, 239, 127, 179, 120,
       251, 203, 255, 190, 190, 223, 158, 149, 121, 227, 133, 224, 236,
       157, 250, 204, 205, 85, 174, 154, 19, 172, 24, 182, 243, 72, 82,
       129, 82, 106, 24, 115, 111, 218, 55, 253, 163, 116, 121, 80, 88,
       199, 42, 230, 228, 244, 255, 237, 47, 94, 191, 127, 187, 189, 26,
       207, 251, 221, 31, 217, 199, 127, 42, 250, 103, 203, 243, 191,
       255, 215, 190, 214, 249, 210, 131, 85, 69, 93, 102, 60, 14, 71,
       184, 236, 160, 171, 72, 215, 115, 136, 115, 150, 213, 124, 106,
       105, 161, 121, 44, 241, 235, 101, 16, 96, 179, 192, 32, 216, 78,
       221, 116, 40, 14, 85, 50, 176, 190, 166, 56, 119, 55, 129, 91,
       135, 213, 109, 42, 104, 69, 195, 41, 211, 235, 117, 16, 96, 240,
       6, 43, 252, 188, 252, 247, 168, 47, 94, 188, 187, 186, 191, 56,
       255, 255, 73, 91, 183, 215, 253, 98, 248, 103, 203, 183, 251, 251,
       103, 254, 194, 243, 194, 19, 220, 244, 156, 247, 188, 110, 94,
       188, 191, 186, 191, 56, 223, 255, 201, 91, 247, 215, 125, 186, 58,
       69, 203, 250, 254, 255, 119, 253, 162, 243, 131, 3, 192, 184, 157,
       251, 200, 205, 21, 167, 158, 19, 96, 24, 182, 243, 96, 91, 193,
       122, 106, 24, 50, 76, 218, 49, 205, 163, 86, 120, 144, 72, 133,
       170, 220, 221, 188, 183, 172, 43, 126, 188, 127, 187, 179, 184,
       255, 235, 89, 91, 247, 215, 253, 243, 250, 229, 203, 179, 254,
       255, 255, 148, 134, 243, 165, 1, 13, 117, 49, 71, 112, 95, 183,
       184, 125, 232, 127, 108, 222, 85, 141, 180, 148, 93, 214, 98, 193,
       176, 121, 110, 39, 253, 37, 134, 74, 51, 67, 243, 69, 113, 18,
       101, 17, 14, 102, 56, 105, 168, 107, 76, 214, 17, 9, 52, 144, 68,
       72, 110, 193, 176, 145, 76, 165, 188, 1, 6, 72, 51, 67, 33, 230,
       236, 246, 223, 236, 47, 254, 238, 127, 186, 251, 26, 236, 234, 93,
       91, 255, 239, 127, 227, 248, 247, 203, 239, 191, 254, 207, 150,
       133, 123, 225, 129, 54, 109, 214, 207, 252, 11, 254, 232, 63, 160,
       251, 10, 204, 234, 61, 64, 254, 221, 127, 99, 96, 243, 201, 254,
       188, 190, 143, 182, 21, 123, 113, 133, 198, 253, 246, 159, 252,
       43, 254, 236, 63, 162, 251, 187, 206, 238, 93, 64, 255, 223, 255,
       227, 248, 243, 203, 255, 188, 54, 207, 142, 133, 127, 229, 209,
       54, 101, 244, 207, 188, 11, 254, 232, 127, 160, 249, 2, 206, 106,
       29, 0, 250, 205, 127, 227, 236, 243, 73, 254, 188, 254, 207, 148,
       69, 123, 99, 129, 198, 237, 230, 159, 254, 43, 254, 236, 63, 226,
       251, 187, 206, 238, 159, 65, 255, 207, 255, 231, 240, 243, 207,
       238, 188, 62, 207, 204, 165, 127, 225, 209, 143, 86, 111, 197, 38,
       86, 191, 56, 93, 238, 87, 230, 220, 127, 183, 111, 118, 116, 63,
       238, 225, 148, 45, 206, 102, 123, 239, 134, 14, 247, 53, 117, 156,
       104, 123, 100, 66, 107, 99, 80, 96, 132, 102, 40, 19, 23, 129, 59,
       58, 244, 68, 106, 9, 180, 32, 40, 65, 137, 33, 0, 97, 179, 70,
       160, 20, 189, 185, 114, 155, 237, 19, 207, 178, 49, 169, 24, 30,
       247, 72, 56, 161, 155, 200, 16, 19, 107, 186, 119, 217, 197, 21,
       111, 192, 67, 167, 162, 236, 252, 180, 254, 141, 237, 87, 182,
       155, 186, 172, 24, 190, 253, 65, 59, 201, 242, 127, 90, 43, 110,
       250, 186, 239, 219, 85, 58, 210, 89, 210, 42, 216, 180, 188, 240,
       169, 237, 89, 31, 187, 251, 182, 24, 159, 183, 64, 59, 133, 151,
       125, 24, 186, 79, 242, 18, 219, 219, 117, 252, 194, 192, 198, 51,
       232, 188, 188, 252, 173, 253, 85, 223, 255, 187, 180, 24, 191,
       249, 68, 59, 201, 242, 125, 8, 187, 111, 242, 179, 219, 251, 85,
       58, 210, 216, 194, 43, 101, 125, 29, 101, 164, 14, 71, 188, 96,
       232, 42, 76, 215, 113, 145, 51, 20, 68, 108, 110, 193, 240, 249,
       12, 229, 169, 101, 20, 72, 242, 194, 33, 198, 236, 254, 191, 236,
       169, 254, 255, 190, 187, 254, 179, 253, 239, 249, 91, 239, 255,
       127, 151, 242, 255, 203, 243, 254, 191, 255, 232, 132, 248, 161,
       217, 204, 84, 189, 231, 40, 110, 123, 24, 57, 234, 247, 88, 223,
       119, 9, 123, 215, 85, 125, 106, 169, 244, 249, 42, 199, 251, 97,
       148, 136, 243, 70, 115, 109, 95, 29, 103, 180, 46, 103, 184, 104,
       234, 110, 76, 211, 97, 153, 114, 20, 68, 108, 110, 225, 176, 249,
       46, 229, 191, 101, 4, 72, 243, 66, 33, 25, 134, 219, 105, 176,
       170, 107, 159, 116, 35, 106, 64, 247, 35, 144, 112, 115, 14, 12,
       60, 57, 188, 37, 63, 232, 175, 55, 64, 184, 194, 224, 40, 244,
       100, 189, 114, 136, 109, 87, 143, 242, 51, 169, 24, 211, 119, 73,
       59, 129, 214, 108, 50, 59, 103, 251, 50, 225, 235, 117, 61, 192,
       113, 198, 34, 248, 170, 157, 246, 138, 224, 81, 151, 178, 151,
       164, 185, 39, 135, 64, 91, 35, 215, 237, 16, 58, 79, 162, 33, 219,
       227, 116, 121, 160, 192, 134, 106, 13, 113, 17, 101, 49, 95, 99,
       24, 105, 232, 111, 8, 222, 17, 65, 180, 144, 92, 80, 106, 65, 176,
       209, 8, 39, 220, 1, 54, 74, 51, 75, 151, 69, 113, 145, 69, 1, 78,
       118, 40, 104, 224, 107, 8, 214, 48, 77, 50, 176, 84, 104, 106, 65,
       240, 185, 0, 5, 184, 5, 6, 72, 51, 67, 38, 248, 188, 156, 50, 169,
       173, 80, 223, 179, 187, 164, 29, 55, 227, 74, 27, 129, 230, 237,
       20, 62, 79, 218, 33, 219, 195, 117, 125, 234, 192, 202, 10, 77,
       117, 145, 71, 241, 95, 119, 168, 121, 234, 47, 8, 214, 112, 77,
       180, 145, 92, 96, 106, 101, 240, 249, 10, 111, 223, 5, 54, 202,
       115, 195, 167, 248, 188, 252, 118, 169, 109, 85, 127, 179, 191,
       165, 24, 127, 183, 66, 27, 13, 246, 237, 8, 56, 79, 250, 34, 219,
       199, 117, 61, 226, 224, 198, 107, 232, 180, 189, 123, 173, 253,
       81, 63, 223, 123, 173, 24, 190, 253, 72, 187, 137, 147, 253, 16,
       59, 106, 250, 151, 207, 223, 84, 127, 210, 72, 198, 106, 104, 253,
       181, 252, 157, 221, 84, 231, 223, 91, 172, 8, 186, 189, 37, 50,
       201, 242, 251, 0, 123, 107, 242, 191, 235, 255, 214, 59, 82, 92,
       214, 122, 124, 24, 159, 244, 168, 44, 85, 151, 163, 154, 178, 120,
       95, 183, 65, 91, 135, 247, 237, 0, 24, 67, 146, 32, 211, 235, 116,
       152, 224, 112, 134, 59, 220, 204, 220, 183, 172, 43, 126, 188,
       191, 186, 179, 16, 255, 239, 89, 91, 247, 215, 125, 227, 120, 229,
       203, 186, 239, 255, 111, 148, 134, 249, 131, 1, 69, 231, 16, 35,
       180, 15, 102, 184, 106, 184, 59, 76, 214, 96, 216, 176, 149, 76,
       108, 127, 198, 240, 201, 39, 172, 156, 37, 116, 72, 179, 195, 5,
       141, 119, 49, 71, 112, 30, 191, 184, 61, 232, 127, 100, 222, 127,
       141, 180, 150, 93, 86, 106, 225, 176, 121, 78, 39, 253, 39, 134,
       74, 179, 3, 241, 101, 99, 16, 69, 52, 14, 102, 56, 105, 168, 115,
       76, 210, 64, 153, 148, 144, 76, 68, 110, 192, 176, 193, 12, 36,
       188, 33, 4, 74, 179, 75, 5, 92, 96, 156, 167, 44, 10, 127, 184,
       172, 186, 151, 0, 223, 107, 25, 91, 246, 197, 125, 107, 72, 193,
       201, 12, 238, 243, 239, 148, 36, 187, 1, 1, 196, 25, 157, 246,
       203, 100, 21, 140, 187, 187, 35, 24, 92, 247, 105, 123, 197, 87,
       121, 66, 49, 67, 186, 96, 217, 179, 87, 63, 144, 113, 135, 35,
       237, 81, 61, 103, 172, 14, 71, 184, 96, 234, 167, 76, 215, 113,
       25, 51, 16, 196, 108, 110, 201, 97, 249, 40, 231, 249, 101, 20,
