%YAML:1.0
---
descriptors: !!opencv-matrix
   rows: 272
   cols: 32
   dt: u
   data: [ 128, 140, 255, 87, 164, 42, 236, 190, 126, 219, 122, 116, 247,
       99, 148, 107, 227, 110, 110, 12, 241, 252, 27, 111, 236, 171, 119,
       0, 200, 240, 225, 57, 9, 241, 49, 71, 113, 78, 103, 184, 109, 104,
       107, 72, 254, 17, 8, 180, 144, 92, 64, 106, 193, 176, 121, 79,
       165, 188, 0, 4, 74, 51, 67, 163, 133, 78, 29, 119, 164, 46, 102,
       184, 60, 170, 114, 80, 215, 97, 145, 123, 177, 84, 108, 110, 97,
       244, 9, 46, 161, 186, 101, 132, 72, 241, 67, 49, 37, 81, 49, 77,
       85, 79, 67, 56, 77, 168, 107, 8, 214, 17, 9, 52, 144, 92, 82, 106,
       65, 176, 121, 28, 37, 188, 1, 52, 90, 59, 82, 34, 100, 117, 177,
       103, 153, 79, 71, 172, 58, 254, 170, 8, 246, 117, 73, 50, 145, 94,
       121, 106, 73, 82, 251, 59, 237, 189, 69, 52, 72, 115, 198, 114,
       85, 93, 93, 103, 48, 14, 111, 184, 112, 234, 126, 76, 211, 113,
       145, 112, 22, 100, 124, 110, 233, 176, 125, 46, 236, 175, 37, 144,
       104, 243, 65, 49, 100, 117, 57, 103, 221, 79, 71, 168, 113, 236,
       237, 8, 210, 117, 9, 48, 216, 92, 80, 106, 73, 242, 249, 46, 237,
       252, 5, 20, 64, 123, 86, 242, 252, 229, 157, 122, 201, 77, 87,
       168, 179, 23, 165, 25, 86, 247, 74, 18, 153, 210, 121, 114, 122,
       99, 218, 51, 235, 223, 69, 125, 208, 115, 206, 66, 108, 117, 57,
       103, 25, 79, 71, 168, 50, 224, 173, 8, 211, 117, 73, 48, 217, 220,
       121, 122, 105, 114, 249, 62, 237, 221, 5, 52, 72, 59, 86, 114,
       117, 93, 121, 103, 176, 78, 79, 188, 112, 234, 126, 96, 211, 119,
       137, 112, 54, 214, 28, 106, 233, 176, 121, 46, 227, 239, 37, 132,
       104, 242, 192, 57, 221, 125, 125, 103, 164, 78, 71, 184, 96, 234,
       191, 76, 211, 117, 153, 51, 22, 212, 124, 106, 201, 240, 249, 40,
       227, 233, 101, 20, 104, 243, 66, 113, 188, 101, 210, 232, 223, 79,
       87, 232, 147, 166, 169, 11, 75, 255, 111, 176, 249, 249, 210, 114,
       108, 99, 218, 154, 251, 205, 5, 63, 243, 127, 102, 226, 236, 69,
       44, 111, 13, 79, 71, 184, 23, 226, 231, 8, 211, 117, 27, 53, 88,
       220, 121, 106, 104, 178, 121, 62, 231, 235, 129, 53, 115, 187, 86,
       50, 236, 48, 189, 99, 45, 109, 83, 152, 123, 251, 165, 24, 222,
       93, 73, 59, 145, 80, 124, 58, 51, 100, 251, 18, 207, 219, 65, 125,
       210, 107, 70, 115, 236, 180, 188, 243, 173, 125, 81, 152, 127, 59,
       165, 24, 222, 125, 72, 59, 153, 18, 253, 16, 58, 100, 251, 19,
       207, 219, 81, 127, 210, 75, 198, 50, 232, 180, 180, 250, 141, 237,
       80, 15, 223, 59, 164, 24, 190, 185, 76, 27, 201, 146, 249, 16, 58,
       110, 210, 147, 207, 219, 84, 123, 210, 72, 198, 42, 249, 190, 158,
       56, 168, 236, 93, 214, 178, 95, 180, 189, 63, 183, 66, 27, 135,
       179, 253, 20, 62, 79, 130, 51, 218, 227, 116, 251, 160, 208, 138,
       91, 248, 209, 85, 78, 169, 77, 71, 189, 129, 72, 164, 72, 118,
       247, 8, 247, 0, 244, 236, 106, 89, 3, 251, 61, 179, 176, 69, 26,
       122, 186, 198, 56, 93, 38, 148, 176, 169, 60, 92, 147, 251, 187,
       163, 92, 207, 178, 200, 251, 167, 71, 108, 28, 188, 69, 203, 130,
       152, 251, 119, 254, 136, 113, 139, 5, 197, 70, 21, 71, 32, 62,
       110, 184, 124, 170, 99, 68, 215, 98, 153, 127, 51, 68, 108, 110,
       229, 212, 13, 78, 164, 186, 103, 4, 8, 243, 65, 5, 96, 168, 156,
       250, 200, 237, 17, 143, 142, 17, 164, 24, 182, 243, 72, 91, 129,
       18, 106, 8, 18, 111, 218, 49, 221, 161, 113, 121, 208, 72, 199,
       42, 252, 100, 253, 70, 143, 107, 87, 200, 83, 182, 165, 8, 83,
       117, 73, 63, 25, 212, 232, 98, 104, 103, 251, 10, 91, 195, 69, 61,
       227, 123, 70, 98, 244, 68, 125, 102, 168, 74, 87, 184, 160, 178,
       167, 8, 87, 119, 137, 123, 135, 212, 109, 106, 104, 229, 235, 44,
       241, 171, 101, 20, 96, 243, 70, 33, 96, 213, 149, 123, 173, 77,
       69, 175, 95, 51, 40, 24, 182, 55, 76, 118, 129, 19, 104, 0, 123,
       104, 219, 23, 173, 222, 84, 126, 208, 88, 196, 42, 192, 172, 157,
       255, 200, 237, 7, 175, 158, 19, 32, 24, 182, 243, 65, 123, 129,
       114, 106, 10, 115, 108, 219, 51, 237, 182, 86, 56, 144, 89, 135,
       168, 21, 197, 121, 103, 150, 79, 71, 184, 118, 162, 175, 2, 83,
       113, 9, 112, 49, 212, 24, 106, 105, 176, 121, 30, 239, 239, 5, 20,
       48, 251, 64, 34, 116, 101, 63, 102, 81, 78, 231, 232, 248, 160,
       235, 10, 80, 191, 45, 48, 248, 213, 123, 235, 105, 243, 185, 78,
       113, 174, 143, 4, 65, 51, 103, 162, 85, 85, 29, 101, 176, 102,
       111, 184, 100, 232, 175, 68, 211, 55, 153, 115, 84, 196, 124, 238,
       233, 144, 121, 12, 231, 235, 165, 148, 40, 243, 96, 49, 124, 99,
       202, 37, 48, 11, 102, 168, 33, 160, 107, 169, 71, 107, 27, 144,
       178, 196, 237, 102, 76, 241, 137, 8, 246, 245, 37, 21, 98, 183,
       74, 2, 246, 100, 150, 134, 139, 98, 6, 200, 185, 130, 235, 185,
       70, 242, 105, 223, 209, 197, 232, 114, 45, 195, 203, 10, 144, 182,
       69, 31, 128, 115, 34, 22, 109, 117, 49, 101, 117, 31, 118, 184,
       121, 232, 123, 109, 218, 121, 157, 180, 148, 76, 117, 111, 196,
       240, 201, 142, 39, 252, 37, 38, 74, 191, 82, 103, 76, 117, 248,
       101, 50, 14, 63, 56, 57, 228, 62, 169, 223, 119, 131, 18, 22, 85,
       253, 110, 0, 208, 233, 78, 231, 255, 37, 164, 66, 178, 7, 113,
       112, 175, 253, 114, 138, 233, 85, 207, 178, 55, 172, 184, 39, 231,
       64, 27, 35, 242, 237, 16, 58, 75, 170, 51, 251, 199, 117, 121,
       224, 208, 198, 106, 230, 253, 149, 190, 185, 237, 22, 230, 155,
       30, 168, 25, 174, 250, 32, 151, 129, 115, 232, 67, 126, 111, 218,
       191, 169, 214, 85, 123, 208, 94, 142, 15, 52, 69, 146, 190, 221,
       135, 134, 232, 157, 132, 233, 9, 70, 240, 45, 80, 216, 253, 98,
       98, 108, 163, 26, 110, 185, 182, 5, 63, 80, 123, 108, 134, 38, 77,
       16, 62, 249, 205, 22, 224, 159, 132, 233, 9, 230, 240, 36, 148,
       200, 107, 226, 66, 78, 43, 90, 63, 169, 148, 5, 59, 80, 59, 142,
       134, 129, 170, 207, 25, 232, 169, 97, 151, 246, 19, 98, 212, 179,
       225, 208, 91, 99, 42, 106, 28, 51, 252, 199, 51, 76, 3, 118, 64,
       188, 192, 209, 168, 52, 85, 18, 156, 25, 199, 134, 232, 156, 132,
       233, 9, 70, 242, 41, 144, 216, 249, 202, 98, 72, 163, 90, 78, 177,
       182, 13, 31, 80, 59, 46, 134, 38, 253, 144, 190, 217, 205, 22,
       226, 159, 20, 168, 9, 166, 242, 33, 148, 128, 123, 194, 66, 70,
       42, 90, 63, 161, 214, 21, 59, 80, 26, 143, 158, 129, 142, 207,
       123, 164, 170, 101, 151, 118, 83, 110, 244, 243, 97, 144, 121, 81,
       46, 36, 28, 59, 252, 111, 51, 204, 171, 116, 64, 236, 192, 208,
       168, 40, 189, 16, 249, 89, 205, 20, 174, 31, 61, 40, 25, 174, 59,
       66, 144, 129, 91, 227, 64, 102, 42, 91, 55, 239, 215, 16, 123, 82,
       12, 142, 10, 40, 172, 144, 121, 89, 237, 16, 142, 31, 61, 44, 25,
       174, 59, 74, 144, 129, 27, 195, 0, 38, 104, 83, 51, 239, 215, 20,
       127, 82, 92, 206, 138, 69, 116, 157, 99, 164, 47, 103, 152, 122,
       250, 11, 76, 214, 112, 73, 42, 145, 68, 120, 127, 145, 240, 217,
       40, 141, 158, 101, 52, 200, 123, 83, 49, 120, 175, 126, 120, 56,
       233, 81, 119, 163, 21, 172, 57, 55, 183, 66, 16, 33, 178, 237, 0,
       26, 75, 130, 53, 219, 195, 48, 121, 99, 128, 230, 43, 197, 84,
       157, 117, 160, 46, 103, 190, 120, 250, 162, 84, 214, 115, 9, 123,
       177, 118, 124, 42, 225, 229, 249, 42, 229, 251, 101, 20, 200, 113,
       3, 49, 37, 81, 17, 71, 85, 79, 102, 48, 76, 224, 107, 72, 210, 81,
       5, 180, 152, 76, 82, 106, 193, 176, 121, 14, 37, 156, 1, 54, 72,
       59, 82, 162, 216, 176, 191, 250, 138, 233, 81, 151, 167, 23, 134,
       56, 55, 151, 64, 91, 39, 179, 109, 144, 26, 79, 178, 49, 217, 193,
       112, 121, 176, 128, 164, 106, 108, 245, 153, 103, 185, 79, 71,
       188, 122, 234, 40, 8, 214, 117, 73, 50, 145, 94, 120, 106, 121,
       112, 249, 62, 237, 255, 5, 54, 64, 115, 198, 50, 236, 229, 189,
       83, 233, 77, 87, 168, 115, 191, 165, 24, 214, 117, 72, 59, 153,
