%YAML:1.0
---
descriptors: !!opencv-matrix
   rows: 219
   cols: 32
   dt: u
   data: [ 93, 85, 125, 103, 164, 78, 71, 184, 96, 232, 191, 76, 215,
       119, 137, 115, 54, 212, 124, 106, 233, 176, 249, 44, 229, 233,
       101, 148, 104, 243, 194, 49, 93, 93, 125, 103, 176, 78, 79, 184,
       96, 232, 255, 68, 215, 119, 137, 114, 118, 212, 124, 106, 233,
       144, 121, 46, 231, 237, 37, 148, 104, 243, 64, 49, 252, 112, 189,
       99, 40, 78, 83, 152, 99, 250, 183, 24, 215, 87, 73, 59, 148, 212,
       124, 122, 169, 101, 249, 2, 211, 219, 101, 52, 234, 179, 70, 115,
       236, 176, 189, 115, 237, 125, 81, 153, 251, 127, 165, 24, 222,
       127, 72, 59, 145, 146, 253, 56, 58, 102, 251, 17, 207, 219, 81,
       127, 210, 75, 198, 114, 252, 172, 252, 118, 136, 107, 85, 255,
       179, 182, 164, 25, 115, 103, 64, 27, 9, 214, 109, 42, 120, 79,
       251, 42, 251, 195, 117, 61, 226, 240, 198, 106, 230, 237, 214,
       223, 237, 169, 254, 238, 191, 178, 250, 26, 238, 234, 124, 71,
       255, 255, 127, 211, 122, 111, 203, 255, 190, 62, 223, 190, 151,
       127, 227, 141, 246, 237, 214, 159, 252, 169, 254, 238, 191, 178,
       251, 26, 238, 235, 124, 71, 127, 239, 127, 211, 50, 255, 203, 255,
       190, 62, 223, 158, 149, 123, 227, 129, 134, 237, 246, 247, 252,
       175, 254, 238, 63, 187, 251, 26, 239, 234, 93, 91, 255, 239, 127,
       147, 186, 255, 203, 247, 190, 254, 223, 212, 165, 251, 227, 137,
       85, 69, 93, 110, 56, 14, 79, 184, 236, 32, 171, 8, 215, 115, 9,
       115, 150, 213, 124, 106, 105, 161, 121, 44, 241, 171, 37, 20, 96,
       179, 64, 32, 236, 116, 244, 255, 173, 127, 94, 152, 255, 186, 191,
       24, 255, 251, 25, 27, 159, 247, 255, 42, 168, 231, 251, 186, 255,
       255, 101, 180, 194, 251, 194, 3, 77, 70, 148, 39, 160, 58, 110,
       136, 121, 166, 107, 64, 207, 98, 219, 218, 147, 68, 108, 126, 52,
       240, 205, 10, 140, 255, 103, 4, 192, 243, 75, 4, 69, 113, 17, 101,
       81, 15, 99, 56, 105, 232, 43, 76, 214, 17, 9, 48, 144, 68, 64,
       106, 193, 240, 209, 12, 165, 152, 1, 38, 72, 35, 67, 35, 244, 237,
       214, 159, 252, 43, 238, 238, 63, 179, 251, 26, 236, 234, 93, 88,
       251, 239, 110, 179, 120, 247, 203, 250, 188, 254, 207, 92, 133,
       123, 225, 128, 214, 236, 214, 159, 236, 43, 254, 238, 63, 186,
       251, 26, 238, 234, 93, 75, 255, 207, 127, 227, 120, 247, 203, 235,
       190, 190, 207, 134, 133, 251, 225, 129, 150, 236, 214, 159, 252,
       43, 254, 236, 63, 186, 251, 26, 238, 234, 9, 67, 255, 255, 127,
       227, 120, 247, 203, 255, 188, 182, 207, 142, 133, 123, 225, 129,
       54, 237, 86, 207, 252, 11, 254, 236, 31, 160, 251, 10, 76, 234,
       61, 68, 254, 221, 127, 99, 96, 243, 201, 254, 54, 254, 143, 182,
       21, 123, 113, 133, 198, 253, 246, 159, 252, 43, 254, 236, 63, 162,
       250, 186, 236, 254, 29, 65, 127, 255, 255, 227, 248, 247, 201,
       239, 188, 62, 207, 134, 133, 127, 225, 129, 68, 20, 157, 246, 169,
       100, 21, 190, 171, 218, 175, 8, 220, 119, 105, 123, 197, 87, 124,
       34, 113, 67, 250, 96, 251, 243, 85, 62, 152, 113, 132, 51, 197,
       112, 157, 103, 41, 94, 119, 152, 120, 250, 39, 24, 222, 80, 73,
       58, 144, 84, 120, 106, 101, 244, 249, 42, 199, 249, 69, 54, 200,
       115, 75, 55, 20, 181, 185, 114, 155, 237, 51, 206, 250, 153, 173,
       24, 158, 247, 73, 56, 161, 91, 72, 16, 19, 97, 186, 114, 217, 141,
       21, 111, 192, 83, 167, 162, 236, 252, 188, 254, 141, 237, 87, 182,
       219, 187, 165, 24, 191, 253, 69, 27, 201, 242, 253, 26, 59, 110,
       251, 179, 207, 219, 85, 123, 210, 89, 214, 42, 92, 52, 188, 244,
       169, 109, 89, 27, 187, 251, 182, 24, 159, 247, 65, 59, 133, 151,
       125, 24, 187, 103, 243, 64, 219, 251, 117, 188, 202, 224, 198, 51,
       109, 79, 85, 101, 180, 14, 71, 188, 97, 170, 190, 76, 211, 33,
       145, 247, 16, 196, 108, 110, 233, 176, 237, 46, 164, 190, 101, 20,
       106, 243, 210, 33, 236, 53, 189, 115, 160, 110, 117, 17, 121, 251,
       175, 24, 223, 55, 73, 59, 149, 22, 125, 56, 57, 244, 249, 2, 207,
       251, 117, 84, 192, 226, 198, 115, 204, 20, 189, 247, 36, 110, 123,
       16, 56, 254, 247, 20, 215, 119, 9, 123, 215, 117, 125, 42, 161,
       244, 249, 42, 199, 255, 114, 128, 136, 243, 71, 115, 240, 188,
       253, 112, 138, 232, 17, 55, 178, 183, 164, 185, 55, 167, 64, 27,
       7, 247, 109, 152, 58, 79, 178, 32, 217, 195, 117, 120, 224, 128,
       134, 122, 240, 190, 254, 122, 170, 169, 81, 215, 162, 31, 164,
       185, 39, 167, 64, 27, 7, 178, 109, 16, 58, 79, 162, 49, 217, 131,
       116, 121, 224, 192, 166, 123, 240, 138, 254, 120, 136, 168, 85,
       215, 242, 23, 180, 24, 51, 227, 98, 91, 107, 178, 108, 24, 58,
       111, 130, 49, 219, 195, 116, 121, 241, 200, 198, 42, 244, 180,
       188, 114, 168, 237, 85, 157, 178, 191, 165, 25, 87, 247, 74, 27,
       1, 210, 109, 16, 58, 71, 219, 19, 217, 195, 117, 125, 224, 192,
       134, 99, 244, 170, 204, 180, 168, 40, 93, 159, 162, 183, 134, 185,
       87, 227, 67, 91, 3, 231, 109, 20, 56, 79, 203, 32, 218, 227, 245,
       189, 160, 240, 134, 66, 248, 170, 220, 114, 168, 173, 80, 223,
       178, 191, 164, 29, 55, 243, 66, 27, 129, 230, 237, 28, 58, 79,
       218, 33, 219, 195, 117, 121, 232, 192, 202, 10, 100, 112, 24, 100,
       0, 15, 83, 24, 96, 160, 165, 12, 87, 19, 75, 26, 16, 212, 72, 106,
       8, 100, 209, 0, 195, 169, 97, 52, 104, 163, 66, 34, 236, 176, 189,
       115, 173, 125, 81, 152, 123, 127, 165, 24, 223, 127, 72, 59, 145,
       16, 252, 50, 59, 102, 251, 16, 207, 219, 65, 127, 194, 75, 70,
       114, 246, 236, 246, 191, 252, 171, 254, 238, 191, 146, 250, 27,
       239, 234, 93, 67, 255, 239, 127, 179, 228, 111, 203, 255, 188,
       254, 207, 191, 149, 123, 227, 141, 104, 180, 189, 123, 189, 253,
       81, 31, 255, 123, 173, 24, 190, 253, 72, 58, 137, 155, 253, 16,
       59, 110, 250, 147, 207, 223, 84, 127, 210, 72, 198, 42, 252, 252,
       252, 247, 168, 47, 94, 184, 187, 186, 191, 40, 255, 255, 137, 91,
       183, 215, 253, 106, 232, 103, 203, 191, 255, 251, 103, 188, 66,
       243, 66, 19, 224, 168, 157, 250, 201, 237, 17, 135, 158, 19, 96,
       24, 182, 211, 64, 91, 129, 58, 106, 16, 50, 78, 218, 49, 205, 179,
       80, 120, 144, 8, 135, 170, 252, 100, 189, 68, 13, 91, 87, 40, 80,
       226, 167, 8, 82, 113, 73, 51, 152, 212, 104, 106, 105, 115, 249,
       14, 249, 235, 69, 55, 66, 59, 70, 34, 69, 231, 144, 3, 180, 14,
       102, 188, 122, 185, 59, 76, 198, 96, 216, 150, 149, 70, 108, 126,
       214, 112, 201, 55, 172, 188, 37, 100, 72, 179, 219, 5, 22, 229,
       118, 239, 254, 11, 254, 232, 127, 162, 251, 10, 207, 234, 60, 64,
       251, 221, 127, 227, 224, 243, 201, 255, 190, 254, 207, 150, 101,
       251, 241, 129, 22, 101, 126, 239, 62, 11, 254, 232, 127, 160, 251,
       3, 223, 106, 29, 64, 250, 205, 127, 227, 200, 243, 73, 252, 180,
       255, 175, 148, 85, 123, 99, 131, 92, 65, 156, 231, 60, 10, 127,
       184, 46, 184, 151, 0, 223, 107, 25, 83, 254, 197, 125, 107, 72,
       209, 201, 12, 238, 235, 239, 148, 36, 179, 1, 1, 242, 178, 147,
       186, 235, 161, 80, 207, 139, 27, 160, 253, 46, 223, 104, 155, 207,
       179, 237, 16, 30, 111, 130, 241, 152, 208, 80, 123, 218, 68, 170,
       31, 109, 85, 61, 103, 172, 14, 71, 184, 104, 232, 171, 76, 215,
       113, 27, 51, 144, 100, 108, 110, 193, 224, 249, 44, 229, 249, 101,
       20, 72, 243, 66, 33, 92, 80, 156, 247, 40, 12, 89, 24, 175, 184,
       183, 72, 223, 119, 201, 123, 134, 213, 125, 106, 8, 97, 235, 0,
       203, 251, 115, 148, 128, 163, 3, 35, 88, 48, 188, 240, 41, 12, 89,
       25, 171, 185, 183, 24, 159, 191, 72, 59, 135, 149, 125, 24, 154,
       107, 243, 0, 219, 251, 113, 127, 194, 128, 6, 51, 233, 188, 180,
       248, 173, 141, 80, 222, 239, 187, 180, 24, 191, 249, 84, 218, 201,
       226, 255, 24, 186, 111, 211, 179, 219, 219, 85, 122, 210, 72, 210,
       11, 232, 184, 188, 248, 173, 221, 80, 223, 255, 59, 180, 24, 191,
