%YAML:1.0
---
descriptors: !!opencv-matrix
   rows: 366
   cols: 32
   dt: u
   data: [ 68, 49, 145, 229, 132, 78, 102, 24, 40, 232, 107, 72, 222, 55,
       73, 18, 148, 84, 125, 106, 1, 208, 217, 8, 173, 188, 37, 4, 64,
       115, 7, 49, 10, 133, 194, 239, 253, 15, 254, 237, 63, 168, 251, 2,
       238, 254, 60, 80, 255, 223, 127, 163, 88, 187, 217, 223, 255, 255,
       143, 148, 197, 106, 225, 139, 76, 52, 153, 65, 209, 108, 51, 8,
       123, 191, 45, 24, 222, 119, 77, 62, 145, 31, 192, 48, 51, 244,
       249, 66, 79, 215, 5, 103, 194, 99, 7, 162, 200, 229, 152, 97, 209,
       77, 53, 143, 59, 63, 44, 25, 142, 39, 74, 18, 129, 31, 193, 16,
       114, 92, 209, 83, 239, 215, 21, 119, 194, 80, 142, 154, 221, 20,
       252, 247, 172, 46, 123, 24, 253, 250, 183, 18, 223, 119, 153, 123,
       119, 213, 125, 170, 184, 229, 251, 130, 199, 251, 243, 148, 166,
       233, 33, 113, 246, 225, 182, 254, 205, 79, 254, 232, 31, 178, 225,
       27, 238, 255, 31, 65, 249, 221, 251, 227, 104, 119, 219, 251, 191,
       250, 207, 31, 83, 127, 119, 130, 204, 180, 188, 245, 172, 44, 125,
       31, 251, 251, 183, 16, 223, 63, 72, 123, 135, 23, 125, 24, 184,
       77, 243, 128, 207, 251, 118, 212, 130, 240, 195, 99, 94, 180, 189,
       240, 168, 108, 93, 159, 171, 255, 159, 56, 159, 63, 202, 123, 135,
       23, 253, 25, 187, 77, 243, 192, 219, 255, 127, 252, 136, 192, 135,
       115, 72, 248, 188, 115, 169, 253, 117, 159, 235, 123, 180, 24,
       190, 255, 67, 59, 135, 83, 253, 24, 146, 73, 250, 241, 207, 219,
       119, 251, 194, 80, 135, 123, 139, 186, 254, 249, 238, 189, 249,
       223, 191, 95, 244, 191, 189, 191, 246, 111, 239, 179, 255, 157,
       182, 127, 231, 241, 223, 219, 254, 234, 151, 204, 245, 255, 12,
       93, 121, 231, 176, 79, 111, 184, 52, 234, 122, 100, 215, 119, 129,
       112, 22, 93, 61, 106, 201, 144, 121, 46, 229, 239, 37, 132, 32,
       243, 4, 113, 45, 115, 16, 71, 117, 31, 230, 184, 104, 168, 107,
       76, 214, 80, 31, 180, 144, 76, 64, 110, 197, 176, 217, 14, 39,
       252, 5, 4, 74, 179, 74, 133, 118, 109, 18, 158, 153, 197, 134,
       232, 191, 164, 137, 9, 230, 226, 45, 212, 217, 233, 202, 99, 74,
       67, 154, 127, 177, 20, 15, 59, 80, 123, 47, 6, 116, 253, 148, 58,
       153, 205, 22, 200, 155, 54, 169, 9, 110, 248, 101, 148, 137, 251,
       232, 66, 78, 107, 218, 191, 187, 214, 21, 59, 210, 95, 142, 14,
       104, 180, 185, 112, 153, 237, 81, 87, 251, 61, 44, 24, 150, 183,
       64, 58, 129, 58, 104, 24, 18, 105, 242, 23, 203, 223, 16, 123,
       194, 64, 198, 107, 244, 164, 157, 113, 136, 111, 85, 153, 114,
       179, 167, 24, 87, 117, 73, 59, 17, 212, 104, 58, 56, 100, 251, 0,
       201, 203, 69, 116, 194, 241, 198, 34, 244, 188, 255, 114, 168,
       237, 65, 222, 242, 191, 165, 24, 119, 247, 200, 59, 33, 246, 108,
       26, 58, 111, 186, 51, 219, 227, 117, 124, 224, 209, 198, 97, 133,
       166, 212, 19, 164, 43, 103, 142, 118, 183, 35, 144, 195, 97, 218,
       88, 19, 78, 42, 30, 50, 244, 109, 50, 76, 142, 117, 100, 244, 249,
       192, 128, 69, 113, 17, 71, 17, 78, 54, 32, 104, 224, 107, 8, 222,
       17, 1, 48, 144, 92, 64, 106, 65, 240, 249, 12, 37, 188, 1, 2, 72,
       51, 67, 50, 236, 100, 152, 101, 232, 110, 86, 152, 112, 170, 181,
       8, 215, 115, 201, 59, 145, 220, 108, 106, 104, 246, 201, 8, 199,
       251, 101, 53, 194, 243, 74, 35, 85, 69, 125, 101, 150, 78, 71, 56,
       100, 160, 171, 0, 83, 49, 9, 112, 50, 212, 120, 106, 41, 161, 93,
       14, 255, 239, 37, 84, 96, 179, 64, 32, 236, 69, 252, 103, 40, 74,
       71, 168, 121, 162, 167, 8, 215, 115, 9, 115, 18, 212, 108, 106,
       105, 244, 217, 14, 229, 251, 101, 20, 96, 243, 70, 32, 28, 213,
       31, 103, 145, 15, 71, 184, 53, 174, 171, 0, 83, 115, 9, 81, 49,
       212, 104, 106, 104, 241, 57, 46, 249, 239, 69, 20, 225, 115, 100,
       34, 224, 136, 157, 254, 200, 200, 21, 167, 154, 23, 96, 24, 182,
       243, 96, 91, 193, 114, 106, 0, 114, 78, 202, 49, 205, 163, 119,
       121, 144, 72, 135, 170, 64, 164, 157, 217, 200, 237, 69, 175, 190,
       51, 40, 24, 182, 51, 72, 91, 129, 19, 106, 24, 115, 76, 219, 115,
       237, 146, 84, 124, 208, 88, 135, 42, 244, 52, 149, 241, 169, 44,
       80, 26, 179, 187, 163, 88, 214, 115, 73, 187, 133, 214, 108, 16,
       57, 103, 219, 2, 139, 210, 85, 118, 200, 97, 66, 3, 209, 184, 158,
       184, 172, 173, 16, 71, 234, 91, 176, 60, 183, 154, 226, 59, 239,
       179, 110, 17, 151, 111, 146, 113, 216, 145, 122, 122, 216, 8, 139,
       27, 240, 133, 92, 108, 186, 74, 79, 173, 224, 176, 174, 8, 215,
       115, 8, 115, 2, 214, 108, 106, 120, 41, 73, 29, 241, 235, 101, 20,
       112, 178, 196, 40, 209, 168, 222, 80, 138, 252, 121, 199, 234, 83,
       164, 24, 183, 242, 86, 123, 35, 163, 88, 152, 23, 79, 246, 113,
       159, 137, 94, 121, 232, 64, 139, 14, 209, 252, 158, 50, 168, 172,
       85, 150, 242, 219, 164, 29, 55, 243, 66, 27, 161, 231, 108, 30,
       63, 111, 154, 35, 249, 235, 117, 56, 232, 81, 203, 91, 220, 36,
       191, 114, 168, 108, 89, 146, 242, 255, 167, 24, 31, 191, 65, 59,
       161, 213, 124, 26, 41, 103, 250, 34, 219, 203, 113, 60, 224, 241,
       70, 114, 253, 44, 173, 180, 140, 108, 77, 151, 242, 255, 134, 25,
       247, 189, 83, 59, 129, 230, 125, 29, 57, 77, 251, 34, 217, 235,
       245, 57, 160, 120, 214, 98, 242, 174, 190, 222, 139, 112, 93, 239,
       147, 191, 133, 185, 102, 231, 70, 31, 129, 247, 237, 16, 58, 79,
       170, 51, 219, 243, 85, 255, 130, 224, 134, 75, 209, 136, 188, 91,
       41, 189, 81, 142, 238, 115, 164, 24, 174, 16, 78, 127, 129, 2,
       104, 12, 38, 109, 239, 49, 139, 219, 84, 126, 210, 64, 193, 108,
       109, 245, 245, 103, 182, 31, 102, 184, 123, 226, 111, 76, 223,
       120, 153, 181, 23, 76, 240, 106, 229, 240, 253, 14, 46, 255, 69,
       4, 111, 251, 90, 52, 69, 113, 25, 103, 17, 78, 51, 24, 104, 232,
       107, 72, 222, 21, 9, 48, 144, 84, 68, 106, 65, 240, 249, 72, 229,
       185, 33, 6, 72, 51, 67, 35, 240, 174, 238, 82, 136, 249, 69, 207,
       187, 55, 164, 153, 35, 225, 198, 31, 11, 242, 238, 16, 58, 111,
       238, 51, 27, 219, 85, 123, 229, 216, 206, 46, 69, 113, 28, 7, 50,
       14, 47, 184, 108, 224, 75, 108, 222, 114, 137, 116, 54, 77, 122,
       107, 197, 208, 253, 78, 164, 54, 15, 4, 72, 179, 11, 53, 221, 205,
       78, 15, 130, 26, 103, 168, 116, 134, 103, 134, 99, 98, 187, 245,
       114, 236, 40, 238, 108, 244, 173, 47, 178, 235, 199, 5, 111, 179,
       232, 68, 248, 164, 255, 112, 168, 233, 81, 223, 163, 183, 164, 24,
       19, 183, 64, 59, 39, 214, 108, 24, 58, 75, 162, 3, 217, 203, 117,
       124, 224, 192, 198, 106, 100, 103, 113, 103, 180, 91, 118, 169,
       121, 168, 123, 72, 203, 45, 156, 52, 154, 220, 108, 106, 236, 240,
       233, 14, 231, 254, 37, 5, 66, 179, 198, 37, 80, 176, 154, 248,
       172, 233, 81, 23, 230, 91, 164, 56, 55, 151, 98, 123, 1, 178, 109,
       16, 26, 111, 146, 17, 217, 193, 112, 121, 176, 136, 196, 43, 240,
       160, 156, 244, 44, 233, 81, 23, 226, 241, 166, 24, 119, 177, 66,
       123, 1, 246, 108, 16, 26, 111, 203, 17, 219, 227, 117, 125, 160,
       136, 198, 42, 145, 142, 205, 123, 180, 170, 101, 159, 118, 75,
       114, 244, 243, 97, 152, 121, 17, 14, 44, 28, 187, 252, 109, 51,
       204, 171, 116, 196, 232, 192, 208, 41, 38, 93, 150, 190, 249, 205,
       22, 228, 159, 134, 233, 9, 230, 240, 37, 148, 201, 251, 234, 66,
       108, 99, 90, 63, 185, 182, 5, 59, 80, 123, 238, 134, 77, 52, 157,
       103, 163, 78, 103, 168, 120, 162, 39, 8, 222, 115, 9, 115, 147,
       84, 120, 106, 97, 240, 249, 14, 237, 255, 69, 6, 64, 115, 67, 34,
       104, 181, 148, 57, 217, 237, 20, 175, 31, 63, 40, 25, 174, 59, 74,
       155, 129, 27, 235, 0, 54, 104, 211, 179, 239, 215, 84, 59, 210,
       92, 143, 154, 77, 112, 157, 101, 33, 78, 118, 184, 122, 234, 38,
       8, 222, 113, 65, 50, 145, 84, 104, 106, 33, 240, 217, 10, 207,
       255, 69, 48, 72, 115, 66, 50, 76, 116, 189, 119, 161, 110, 55,
