%YAML:1.0
---
descriptors: !!opencv-matrix
   rows: 163
   cols: 32
   dt: u
   data: [ 112, 162, 122, 112, 138, 233, 81, 215, 162, 53, 164, 24, 55,
       151, 64, 26, 41, 178, 77, 24, 26, 79, 162, 17, 219, 129, 52, 121,
       227, 128, 134, 106, 252, 188, 220, 116, 168, 45, 85, 255, 179,
       190, 164, 25, 83, 247, 66, 27, 9, 246, 109, 10, 56, 111, 218, 32,
       219, 235, 117, 61, 227, 240, 198, 122, 252, 36, 220, 118, 141,
       105, 84, 223, 147, 183, 181, 25, 3, 233, 75, 27, 9, 210, 237, 16,
       58, 103, 218, 34, 91, 203, 85, 125, 227, 248, 206, 2, 204, 52,
       189, 115, 161, 110, 121, 25, 59, 255, 39, 24, 222, 119, 73, 59,
       183, 87, 125, 48, 49, 84, 185, 66, 207, 251, 117, 246, 192, 99,
       135, 115, 236, 112, 189, 99, 173, 111, 83, 152, 123, 186, 181, 24,
       223, 87, 89, 59, 157, 212, 124, 122, 171, 100, 251, 34, 207, 219,
       101, 52, 194, 187, 70, 51, 200, 188, 189, 123, 169, 237, 85, 191,
       191, 59, 44, 24, 190, 63, 72, 59, 129, 83, 255, 16, 51, 108, 250,
       179, 239, 223, 84, 127, 210, 80, 135, 59, 248, 186, 255, 114, 138,
       233, 81, 223, 178, 151, 164, 185, 55, 231, 64, 27, 35, 178, 237,
       24, 58, 79, 170, 51, 219, 195, 117, 121, 226, 192, 134, 235, 248,
       174, 252, 114, 168, 173, 85, 223, 179, 191, 164, 29, 51, 231, 74,
       27, 13, 242, 109, 24, 58, 79, 202, 49, 219, 203, 117, 125, 226,
       208, 198, 59, 45, 101, 49, 71, 85, 79, 230, 168, 79, 224, 43, 8,
       214, 88, 13, 164, 144, 76, 82, 106, 69, 176, 121, 30, 37, 156, 5,
       54, 90, 59, 75, 166, 69, 117, 16, 71, 213, 94, 118, 184, 121, 232,
       107, 12, 222, 112, 13, 180, 144, 76, 112, 106, 229, 240, 217, 78,
       39, 190, 5, 6, 74, 115, 75, 134, 64, 253, 19, 71, 81, 78, 103,
       184, 121, 136, 110, 72, 254, 87, 137, 180, 16, 124, 72, 106, 65,
       240, 249, 111, 167, 188, 1, 2, 74, 179, 70, 57, 248, 52, 188, 124,
       173, 253, 81, 95, 251, 187, 180, 24, 191, 189, 64, 59, 201, 182,
       253, 24, 184, 111, 242, 146, 219, 251, 84, 59, 194, 72, 70, 59,
       37, 117, 121, 77, 116, 95, 199, 56, 120, 224, 107, 8, 210, 21,
       141, 176, 144, 92, 66, 106, 65, 176, 121, 12, 39, 188, 5, 20, 65,
       59, 70, 160, 226, 172, 246, 223, 236, 185, 252, 207, 191, 251,
       250, 19, 236, 238, 212, 123, 239, 239, 127, 149, 178, 255, 235,
       243, 158, 254, 223, 220, 151, 252, 243, 205, 232, 189, 188, 250,
       173, 253, 87, 182, 255, 27, 44, 24, 190, 255, 78, 59, 129, 115,
       253, 2, 114, 110, 250, 183, 239, 223, 84, 123, 210, 89, 199, 58,
       240, 172, 220, 118, 168, 109, 85, 255, 179, 191, 164, 25, 39, 243,
       66, 27, 1, 246, 109, 8, 56, 79, 202, 34, 219, 243, 117, 57, 226,
       240, 142, 11, 125, 93, 125, 103, 176, 14, 79, 184, 97, 234, 190,
       72, 211, 119, 137, 114, 22, 214, 92, 106, 249, 161, 249, 46, 247,
       251, 101, 148, 96, 243, 66, 49, 92, 248, 188, 246, 40, 12, 91,
       152, 171, 185, 183, 8, 255, 215, 73, 91, 134, 213, 125, 90, 138,
       67, 219, 49, 219, 251, 101, 252, 128, 163, 3, 115, 182, 236, 246,
       159, 254, 171, 254, 236, 191, 178, 250, 26, 238, 232, 125, 83,
       127, 231, 127, 227, 232, 247, 203, 251, 188, 158, 207, 156, 165,
       123, 97, 128, 182, 237, 230, 255, 252, 11, 238, 237, 255, 178,
       251, 26, 238, 234, 125, 83, 123, 239, 127, 227, 248, 243, 203,
       255, 188, 190, 207, 180, 165, 123, 225, 128, 236, 180, 188, 251,
       173, 109, 81, 25, 223, 59, 173, 24, 222, 121, 76, 59, 153, 146,
       253, 48, 58, 102, 251, 151, 207, 223, 81, 127, 210, 74, 198, 2,
       77, 117, 148, 71, 209, 30, 102, 184, 121, 162, 107, 76, 222, 112,
       13, 180, 144, 68, 96, 110, 229, 240, 217, 46, 39, 254, 69, 4, 74,
       115, 75, 135, 252, 244, 188, 254, 173, 127, 86, 252, 255, 187,
       181, 24, 255, 253, 77, 27, 157, 215, 253, 122, 186, 103, 251, 179,
       251, 219, 117, 127, 194, 251, 194, 3, 232, 189, 188, 122, 233,
       253, 21, 239, 155, 95, 172, 25, 190, 253, 67, 27, 129, 114, 233,
       16, 114, 111, 250, 51, 235, 215, 85, 123, 210, 88, 198, 251, 220,
       252, 188, 247, 172, 46, 95, 188, 191, 186, 183, 56, 223, 255, 73,
       91, 215, 215, 125, 110, 248, 69, 203, 170, 251, 251, 103, 148,
       160, 243, 129, 19, 220, 221, 156, 247, 172, 46, 126, 188, 191,
       186, 159, 49, 255, 127, 89, 91, 247, 215, 125, 127, 120, 197, 203,
       186, 255, 251, 239, 148, 132, 251, 129, 3, 44, 229, 177, 65, 217,
       79, 71, 232, 99, 180, 45, 8, 210, 85, 77, 52, 153, 92, 68, 122,
       74, 112, 249, 30, 111, 220, 5, 118, 83, 59, 70, 162, 237, 112,
       189, 115, 45, 127, 83, 152, 91, 250, 181, 24, 222, 93, 75, 59,
       145, 84, 124, 122, 171, 116, 251, 34, 207, 219, 117, 52, 194, 251,
       70, 115, 220, 221, 95, 239, 52, 15, 79, 189, 52, 168, 246, 56,
       247, 83, 137, 81, 118, 244, 125, 234, 121, 253, 105, 63, 225, 235,
       101, 208, 32, 179, 224, 41, 45, 117, 57, 71, 85, 95, 231, 56, 122,
       232, 45, 8, 210, 85, 13, 176, 24, 92, 64, 106, 65, 240, 249, 30,
       103, 157, 5, 52, 67, 59, 70, 160, 226, 172, 222, 159, 236, 169,
       252, 207, 191, 179, 250, 146, 172, 238, 84, 91, 111, 239, 127,
       145, 50, 254, 203, 243, 156, 59, 255, 236, 149, 88, 243, 137, 157,
       220, 63, 103, 176, 110, 111, 188, 117, 234, 127, 84, 211, 119,
       153, 112, 23, 86, 60, 106, 233, 148, 121, 46, 235, 239, 37, 132,
       232, 243, 193, 113, 226, 172, 246, 219, 236, 169, 252, 207, 191,
       51, 242, 18, 237, 234, 92, 91, 239, 239, 127, 145, 178, 255, 203,
       243, 158, 250, 223, 252, 149, 216, 243, 137, 244, 188, 156, 54,
       168, 109, 85, 207, 186, 191, 160, 25, 55, 247, 66, 27, 129, 247,
       109, 16, 62, 79, 218, 34, 217, 130, 117, 57, 192, 112, 134, 91,
       228, 172, 156, 50, 200, 237, 84, 207, 186, 191, 160, 25, 55, 243,
       66, 27, 137, 227, 110, 16, 58, 111, 218, 50, 217, 131, 117, 125,
       192, 72, 198, 138, 93, 93, 125, 103, 176, 78, 95, 188, 112, 234,
       255, 96, 215, 119, 137, 112, 22, 214, 124, 106, 233, 176, 121, 46,
       235, 239, 37, 148, 96, 243, 194, 113, 246, 229, 222, 255, 252, 43,
       238, 232, 63, 178, 251, 2, 205, 106, 29, 83, 251, 207, 127, 226,
       96, 231, 203, 255, 190, 255, 239, 148, 133, 251, 243, 128, 248,
       184, 180, 250, 45, 253, 81, 87, 255, 59, 181, 24, 190, 191, 68,
       59, 137, 179, 253, 16, 58, 111, 242, 147, 219, 219, 80, 123, 194,
       76, 70, 58, 248, 188, 180, 248, 173, 253, 80, 87, 255, 187, 180,
       24, 191, 185, 64, 59, 201, 183, 255, 16, 186, 111, 242, 146, 219,
       219, 86, 123, 210, 72, 194, 11, 248, 188, 180, 248, 173, 173, 84,
       223, 255, 187, 176, 24, 174, 185, 84, 91, 201, 134, 127, 16, 58,
       111, 211, 147, 155, 219, 215, 126, 210, 200, 210, 10, 20, 229,
       222, 183, 174, 43, 254, 248, 174, 178, 251, 2, 223, 234, 25, 75,
       255, 231, 127, 227, 72, 241, 203, 236, 252, 235, 239, 148, 164,
       123, 161, 129, 234, 172, 180, 248, 141, 173, 76, 239, 255, 59,
       176, 24, 170, 248, 84, 91, 201, 199, 127, 17, 186, 111, 211, 243,
       155, 219, 223, 126, 208, 88, 242, 138, 124, 112, 60, 230, 40, 13,
       89, 24, 170, 184, 183, 8, 255, 215, 73, 114, 134, 149, 125, 122,
       10, 35, 251, 16, 211, 249, 33, 188, 32, 163, 66, 51, 92, 249, 156,
       230, 40, 12, 91, 152, 174, 184, 183, 40, 223, 215, 73, 82, 214,
       213, 125, 90, 74, 65, 203, 48, 219, 249, 39, 188, 32, 179, 0, 35,
       109, 103, 180, 7, 245, 31, 102, 184, 121, 234, 127, 76, 222, 96,
       31, 180, 148, 68, 108, 110, 228, 240, 233, 110, 38, 254, 101, 4,
       74, 243, 75, 5, 252, 190, 220, 50, 168, 173, 84, 223, 179, 191,
       164, 61, 55, 243, 74, 27, 167, 242, 237, 20, 62, 79, 218, 51, 218,
       203, 117, 253, 234, 209, 138, 19, 252, 174, 220, 50, 138, 233, 84,
       223, 178, 183, 164, 57, 87, 227, 75, 27, 131, 211, 237, 16, 62,
       71, 202, 51, 218, 195, 117, 125, 224, 240, 206, 2, 226, 253, 180,
       254, 157, 237, 84, 231, 223, 19, 168, 24, 174, 185, 84, 82, 201,
       171, 123, 17, 122, 111, 210, 255, 191, 222, 214, 58, 210, 88, 210,
