%YAML:1.0
---
descriptors: !!opencv-matrix
   rows: 265
   cols: 32
   dt: u
   data: [ 133, 223, 159, 151, 176, 46, 47, 189, 126, 234, 91, 244, 245,
       98, 153, 96, 55, 111, 62, 238, 241, 208, 221, 111, 172, 174, 111,
       128, 140, 243, 161, 185, 120, 176, 189, 112, 168, 236, 81, 23,
       162, 247, 164, 24, 55, 183, 64, 59, 3, 246, 124, 24, 11, 79, 178,
       0, 219, 233, 117, 57, 224, 192, 70, 123, 236, 180, 189, 99, 253,
       125, 81, 152, 91, 255, 173, 24, 222, 93, 72, 59, 153, 24, 253, 50,
       58, 102, 251, 146, 203, 219, 81, 127, 210, 75, 70, 243, 236, 180,
       188, 250, 157, 253, 81, 27, 255, 59, 165, 24, 158, 253, 72, 185,
       137, 19, 251, 16, 58, 110, 250, 151, 207, 223, 80, 127, 210, 8,
       199, 162, 212, 92, 189, 116, 40, 78, 85, 50, 160, 186, 166, 56,
       215, 55, 129, 123, 134, 244, 109, 106, 104, 101, 227, 40, 241,
       235, 101, 16, 96, 241, 6, 35, 21, 197, 59, 107, 20, 79, 71, 252,
       118, 160, 238, 2, 83, 115, 56, 112, 49, 204, 8, 106, 105, 176, 57,
       63, 233, 142, 5, 20, 48, 186, 192, 32, 69, 113, 16, 71, 81, 14,
       98, 56, 105, 168, 107, 76, 222, 80, 13, 180, 144, 76, 64, 110,
       193, 176, 209, 12, 37, 156, 1, 4, 74, 51, 75, 133, 245, 113, 221,
       103, 32, 78, 71, 176, 97, 234, 163, 76, 83, 113, 193, 51, 16, 196,
       124, 106, 233, 240, 249, 40, 227, 233, 101, 20, 104, 179, 66, 49,
       129, 121, 19, 69, 21, 14, 230, 52, 104, 192, 98, 76, 246, 16, 21,
       180, 144, 100, 64, 110, 229, 180, 17, 14, 36, 184, 4, 2, 72, 50,
       67, 140, 244, 229, 198, 159, 221, 47, 238, 236, 63, 162, 251, 26,
       202, 234, 77, 91, 249, 207, 110, 242, 120, 247, 219, 250, 189,
       190, 207, 60, 209, 123, 243, 128, 220, 144, 157, 247, 172, 44, 89,
       155, 187, 187, 183, 120, 223, 243, 72, 91, 199, 87, 125, 24, 57,
       69, 251, 128, 203, 251, 119, 252, 160, 232, 131, 35, 216, 184,
       189, 248, 169, 236, 89, 223, 179, 123, 180, 56, 191, 223, 64, 59,
       133, 151, 253, 24, 59, 79, 242, 17, 219, 251, 115, 249, 226, 64,
       135, 59, 232, 252, 180, 254, 173, 237, 86, 182, 255, 59, 172, 24,
       191, 249, 1, 91, 201, 242, 127, 74, 106, 110, 218, 191, 239, 219,
       84, 58, 210, 91, 82, 10, 249, 188, 188, 120, 169, 253, 88, 223,
       251, 251, 164, 24, 191, 255, 64, 59, 133, 183, 252, 16, 59, 111,
       250, 179, 219, 219, 85, 122, 202, 72, 203, 43, 233, 188, 188, 248,
       173, 253, 213, 223, 255, 123, 180, 28, 190, 249, 66, 59, 205, 242,
       255, 25, 191, 111, 242, 179, 219, 219, 85, 122, 218, 216, 218, 10,
       20, 253, 218, 175, 180, 203, 127, 255, 46, 41, 254, 34, 247, 251,
       88, 64, 127, 255, 95, 139, 90, 184, 201, 63, 253, 237, 175, 212,
       164, 250, 161, 11, 220, 221, 31, 231, 52, 14, 95, 184, 52, 168,
       247, 32, 215, 87, 136, 81, 22, 244, 93, 106, 105, 213, 121, 62,
       247, 235, 103, 144, 32, 179, 1, 33, 60, 221, 18, 174, 93, 199, 86,
       236, 133, 164, 233, 11, 66, 216, 41, 148, 216, 236, 194, 98, 76,
       163, 88, 189, 177, 244, 5, 63, 83, 63, 238, 134, 17, 168, 203,
       187, 132, 171, 101, 135, 118, 3, 74, 210, 179, 227, 224, 72, 121,
       106, 34, 152, 27, 252, 77, 51, 204, 132, 247, 64, 184, 192, 225,
       168, 229, 113, 93, 103, 108, 14, 71, 184, 96, 248, 163, 76, 211,
       113, 153, 51, 16, 196, 108, 110, 233, 96, 217, 40, 228, 169, 101,
       20, 72, 179, 66, 1, 205, 16, 157, 101, 129, 126, 113, 27, 41, 251,
       39, 84, 222, 51, 65, 255, 149, 21, 124, 56, 49, 212, 241, 64, 207,
       251, 71, 70, 138, 96, 131, 51, 69, 71, 93, 101, 48, 14, 78, 56,
       100, 168, 122, 68, 211, 97, 153, 112, 22, 196, 108, 110, 233, 176,
       77, 14, 228, 174, 37, 148, 72, 179, 66, 33, 77, 116, 145, 69, 1,
       110, 102, 56, 104, 234, 107, 76, 214, 49, 9, 182, 144, 84, 104,
       106, 193, 240, 209, 10, 165, 190, 65, 6, 74, 115, 67, 32, 248,
       184, 254, 112, 138, 233, 81, 87, 178, 23, 164, 57, 55, 183, 64,
       27, 35, 178, 109, 24, 58, 79, 162, 51, 219, 195, 112, 121, 224,
       192, 134, 106, 212, 112, 189, 116, 8, 108, 81, 2, 242, 178, 167,
       24, 215, 55, 65, 59, 129, 84, 104, 26, 41, 101, 242, 0, 193, 203,
       113, 60, 192, 113, 6, 34, 248, 172, 156, 58, 139, 249, 20, 207,
       187, 55, 160, 25, 174, 227, 66, 155, 129, 179, 233, 16, 62, 111,
       202, 51, 219, 211, 85, 123, 210, 84, 142, 10, 70, 188, 157, 245,
       169, 236, 53, 183, 187, 191, 10, 56, 188, 55, 64, 91, 135, 87,
       237, 16, 115, 73, 179, 99, 201, 247, 95, 123, 128, 64, 135, 123,
       252, 42, 204, 182, 138, 104, 93, 159, 163, 183, 134, 185, 87, 231,
       67, 91, 3, 247, 109, 150, 56, 79, 203, 32, 218, 227, 245, 189,
       160, 240, 134, 66, 248, 168, 220, 114, 168, 173, 80, 223, 179,
       191, 164, 29, 55, 243, 66, 27, 9, 226, 237, 24, 58, 79, 218, 51,
       219, 195, 117, 121, 224, 192, 206, 10, 205, 117, 149, 103, 177,
       111, 119, 184, 121, 234, 47, 24, 222, 113, 9, 55, 145, 84, 120,
       106, 113, 240, 249, 14, 239, 254, 69, 22, 202, 115, 195, 50, 125,
       85, 125, 103, 180, 14, 71, 184, 96, 234, 191, 76, 211, 113, 153,
       50, 20, 196, 124, 110, 233, 161, 253, 46, 230, 239, 101, 148, 104,
       243, 82, 49, 93, 85, 125, 103, 180, 78, 79, 184, 113, 234, 127,
       100, 211, 119, 153, 112, 54, 212, 28, 106, 233, 144, 121, 46, 235,
       239, 37, 132, 104, 243, 192, 49, 236, 112, 188, 99, 45, 111, 83,
       152, 91, 251, 181, 24, 223, 85, 73, 59, 145, 212, 253, 58, 171,
       100, 251, 18, 207, 219, 97, 127, 194, 251, 70, 115, 252, 188, 252,
       118, 137, 109, 85, 191, 179, 190, 164, 24, 123, 119, 72, 27, 1,
       214, 237, 40, 56, 79, 251, 35, 219, 203, 117, 61, 226, 240, 198,
       106, 212, 188, 221, 119, 168, 110, 69, 191, 178, 187, 166, 112,
       87, 119, 200, 123, 7, 214, 109, 24, 57, 205, 251, 34, 203, 227,
       117, 84, 160, 240, 134, 33, 216, 26, 159, 116, 168, 44, 85, 55,
       160, 154, 182, 120, 119, 55, 1, 91, 165, 247, 109, 2, 104, 71,
       131, 0, 211, 235, 116, 152, 224, 240, 6, 43, 110, 253, 246, 255,
       236, 171, 254, 254, 191, 186, 251, 58, 239, 251, 253, 66, 255,
       239, 127, 227, 232, 251, 203, 255, 190, 255, 239, 158, 151, 251,
       227, 137, 234, 253, 150, 252, 221, 237, 212, 231, 159, 130, 232,
       8, 174, 251, 37, 81, 201, 235, 123, 65, 106, 107, 210, 255, 187,
       255, 150, 59, 210, 88, 246, 138, 237, 244, 180, 255, 173, 47, 222,
       188, 223, 251, 189, 92, 223, 249, 93, 59, 217, 199, 127, 122, 187,
       103, 219, 178, 191, 251, 245, 254, 202, 251, 210, 3, 237, 244,
       188, 247, 173, 127, 94, 188, 255, 251, 183, 24, 223, 251, 89, 59,
       157, 215, 124, 122, 189, 103, 251, 186, 239, 251, 101, 182, 202,
       251, 194, 3, 236, 125, 253, 247, 172, 127, 95, 188, 251, 186, 191,
       56, 255, 127, 201, 123, 215, 215, 125, 106, 233, 103, 251, 186,
       251, 251, 103, 148, 194, 243, 199, 51, 252, 245, 220, 247, 168,
       47, 95, 188, 191, 186, 191, 24, 223, 119, 201, 123, 183, 215, 125,
       106, 121, 101, 219, 171, 255, 255, 103, 212, 130, 243, 195, 49,
       116, 101, 189, 100, 13, 79, 71, 40, 66, 162, 165, 8, 82, 117, 73,
       51, 24, 212, 104, 98, 104, 99, 249, 8, 249, 131, 69, 53, 97, 123,
       70, 34, 69, 245, 144, 3, 149, 13, 102, 184, 106, 248, 43, 76, 254,
       112, 89, 182, 145, 70, 104, 126, 195, 112, 217, 61, 173, 188, 5,
       100, 72, 51, 67, 5, 141, 55, 57, 71, 240, 79, 55, 184, 57, 232,
       127, 108, 222, 119, 137, 52, 148, 93, 119, 98, 241, 240, 249, 78,
       111, 255, 37, 198, 74, 243, 135, 241, 220, 237, 156, 247, 188, 46,
       95, 188, 191, 186, 191, 24, 223, 255, 89, 91, 247, 215, 125, 234,
       120, 197, 203, 170, 255, 251, 111, 148, 166, 243, 129, 33, 148,
       237, 214, 159, 206, 43, 238, 236, 191, 178, 251, 26, 238, 234, 61,
       75, 123, 239, 110, 227, 104, 247, 203, 254, 188, 190, 207, 52,
       229, 123, 241, 128, 92, 112, 156, 231, 172, 46, 125, 152, 174,
       186, 151, 32, 223, 119, 73, 75, 167, 85, 125, 123, 9, 193, 203, 8,
