%YAML:1.0
---
descriptors: !!opencv-matrix
   rows: 269
   cols: 32
   dt: u
   data: [ 93, 93, 121, 231, 180, 78, 79, 188, 97, 232, 190, 104, 87,
       119, 137, 115, 118, 212, 124, 106, 233, 129, 121, 46, 227, 237,
       37, 148, 96, 243, 192, 49, 92, 221, 61, 231, 176, 14, 79, 189, 36,
       168, 254, 96, 247, 119, 137, 112, 86, 214, 93, 106, 233, 145, 105,
       46, 225, 239, 39, 148, 32, 243, 128, 49, 148, 173, 57, 239, 180,
       47, 79, 189, 54, 168, 255, 64, 215, 119, 153, 64, 87, 78, 29, 106,
       249, 176, 105, 63, 233, 237, 39, 148, 160, 251, 128, 33, 172, 52,
       189, 99, 173, 125, 81, 152, 91, 255, 165, 24, 222, 85, 73, 59,
       145, 145, 252, 58, 59, 102, 251, 18, 207, 219, 65, 125, 194, 107,
       71, 115, 252, 172, 252, 118, 136, 109, 85, 255, 178, 190, 164, 24,
       83, 119, 65, 27, 9, 214, 109, 42, 56, 79, 250, 42, 251, 203, 117,
       61, 224, 240, 198, 106, 253, 112, 189, 98, 40, 110, 83, 152, 107,
       186, 165, 24, 215, 87, 73, 59, 145, 212, 124, 122, 41, 103, 251,
       34, 219, 217, 101, 60, 192, 243, 70, 51, 252, 92, 189, 118, 168,
       108, 85, 182, 161, 186, 182, 56, 87, 55, 1, 91, 133, 215, 109, 10,
       104, 71, 203, 32, 211, 235, 117, 152, 224, 241, 70, 43, 69, 39,
       148, 39, 160, 62, 110, 152, 121, 170, 59, 64, 207, 98, 201, 250,
       147, 69, 108, 126, 180, 240, 205, 106, 172, 254, 103, 4, 136, 243,
       203, 5, 69, 241, 149, 71, 153, 13, 102, 184, 110, 176, 43, 76,
       246, 112, 89, 50, 145, 70, 104, 122, 195, 96, 219, 113, 45, 188,
       5, 60, 72, 51, 67, 33, 69, 245, 185, 103, 240, 14, 55, 184, 59,
       232, 127, 108, 222, 119, 201, 48, 148, 93, 117, 122, 193, 208,
       249, 110, 239, 159, 37, 166, 74, 243, 7, 179, 69, 113, 17, 71, 21,
       15, 102, 184, 104, 168, 107, 76, 214, 113, 25, 48, 144, 68, 72,
       110, 193, 176, 217, 12, 165, 188, 5, 4, 72, 179, 67, 33, 156, 113,
       188, 231, 44, 14, 127, 184, 172, 250, 183, 32, 223, 111, 153, 67,
       254, 213, 125, 235, 232, 197, 233, 168, 230, 235, 239, 148, 100,
       243, 5, 113, 248, 186, 214, 122, 169, 169, 80, 199, 131, 31, 176,
       57, 47, 219, 104, 155, 203, 179, 237, 16, 30, 111, 194, 177, 218,
       209, 80, 123, 242, 72, 206, 11, 205, 112, 149, 103, 41, 14, 87,
       152, 104, 234, 167, 76, 223, 81, 73, 59, 146, 68, 124, 106, 233,
       101, 249, 8, 193, 251, 101, 52, 72, 115, 67, 51, 20, 165, 185,
       114, 155, 237, 19, 203, 226, 181, 173, 24, 158, 247, 72, 58, 161,
       219, 72, 16, 27, 107, 186, 98, 219, 197, 21, 111, 224, 67, 167,
       162, 253, 113, 253, 102, 132, 14, 71, 184, 96, 186, 167, 76, 83,
       113, 89, 51, 48, 196, 108, 110, 201, 98, 185, 40, 241, 233, 101,
       20, 106, 243, 66, 33, 216, 180, 188, 240, 169, 237, 89, 31, 187,
       251, 181, 24, 159, 247, 72, 59, 133, 151, 253, 16, 187, 79, 251,
       83, 219, 251, 117, 252, 194, 64, 198, 115, 229, 113, 213, 103,
       164, 14, 71, 188, 97, 226, 39, 76, 211, 113, 25, 51, 16, 68, 124,
       110, 201, 112, 217, 40, 229, 248, 101, 20, 72, 242, 194, 16, 248,
       188, 190, 248, 173, 253, 84, 215, 255, 91, 180, 24, 191, 253, 66,
       59, 205, 179, 255, 16, 186, 111, 242, 179, 219, 219, 84, 123, 210,
       200, 198, 123, 230, 188, 222, 255, 236, 169, 252, 207, 190, 187,
       240, 50, 253, 254, 92, 91, 255, 255, 127, 131, 98, 127, 203, 243,
       252, 175, 255, 172, 148, 120, 227, 137, 230, 188, 246, 223, 236,
       173, 252, 239, 191, 187, 240, 179, 236, 254, 92, 91, 255, 255,
       255, 135, 242, 127, 203, 243, 190, 186, 223, 254, 149, 252, 243,
       145, 212, 220, 29, 247, 44, 14, 127, 188, 52, 170, 247, 40, 247,
       87, 136, 115, 214, 245, 125, 106, 105, 212, 249, 46, 231, 235,
       101, 148, 32, 179, 0, 41, 229, 79, 71, 103, 180, 14, 111, 176,
       112, 170, 115, 92, 211, 33, 145, 112, 20, 68, 108, 110, 233, 180,
       77, 46, 228, 174, 37, 148, 104, 243, 82, 33, 197, 119, 149, 103,
       164, 14, 102, 188, 104, 170, 107, 76, 214, 49, 153, 51, 144, 68,
       108, 110, 225, 240, 217, 46, 165, 186, 101, 20, 72, 243, 67, 33,
       197, 116, 149, 103, 133, 110, 119, 184, 120, 234, 35, 8, 222, 49,
       9, 59, 145, 84, 120, 106, 97, 244, 249, 10, 229, 186, 69, 6, 72,
       115, 67, 34, 197, 117, 141, 19, 172, 47, 167, 156, 122, 243, 3,
       92, 214, 112, 217, 43, 145, 70, 120, 127, 177, 112, 251, 34, 109,
       26, 109, 116, 200, 123, 209, 32, 248, 174, 222, 112, 138, 169, 81,
       215, 178, 23, 164, 185, 39, 167, 66, 27, 35, 146, 237, 16, 58, 79,
       130, 51, 219, 195, 113, 121, 226, 192, 134, 107, 252, 165, 253,
       114, 138, 105, 85, 223, 179, 183, 165, 56, 19, 247, 72, 27, 3,
       214, 109, 24, 58, 107, 234, 50, 219, 203, 117, 125, 226, 193, 134,
       99, 69, 113, 157, 101, 33, 78, 119, 48, 104, 192, 107, 8, 214, 49,
       65, 51, 144, 84, 104, 106, 65, 240, 241, 72, 229, 186, 68, 6, 72,
       51, 67, 34, 248, 186, 220, 114, 168, 173, 80, 215, 178, 191, 164,
       29, 55, 227, 66, 27, 129, 231, 237, 20, 58, 79, 218, 35, 219, 195,
       117, 121, 232, 192, 202, 11, 100, 113, 152, 97, 0, 14, 83, 24, 96,
       172, 165, 12, 215, 19, 73, 18, 144, 84, 72, 106, 72, 96, 249, 0,
       193, 137, 33, 52, 72, 179, 66, 35, 205, 117, 25, 71, 209, 95, 119,
       168, 121, 234, 47, 8, 222, 112, 77, 52, 145, 92, 64, 106, 101,
       240, 249, 14, 111, 221, 5, 22, 74, 115, 203, 166, 248, 180, 245,
       114, 235, 237, 81, 95, 179, 191, 165, 56, 27, 247, 72, 191, 39,
       246, 237, 24, 58, 111, 186, 35, 219, 219, 85, 120, 226, 192, 198,
       227, 84, 149, 25, 231, 176, 47, 79, 189, 52, 170, 255, 96, 215,
       115, 137, 112, 23, 214, 93, 106, 121, 144, 121, 46, 233, 239, 37,
       212, 32, 243, 192, 33, 236, 112, 189, 99, 173, 111, 81, 152, 91,
       255, 165, 24, 223, 93, 73, 59, 153, 212, 124, 58, 43, 102, 251,
       16, 207, 219, 101, 125, 192, 123, 70, 115, 148, 236, 155, 191,
       180, 46, 111, 190, 62, 171, 222, 80, 247, 243, 201, 72, 119, 127,
       63, 171, 40, 212, 201, 43, 236, 167, 191, 132, 164, 241, 161, 169,
       120, 184, 253, 112, 137, 205, 81, 215, 227, 191, 164, 8, 27, 183,
       64, 59, 129, 246, 253, 24, 26, 111, 178, 48, 219, 203, 117, 121,
       227, 192, 198, 107, 236, 180, 188, 99, 173, 125, 81, 153, 127, 59,
       173, 24, 223, 125, 72, 58, 153, 155, 254, 24, 58, 102, 251, 19,
       207, 223, 81, 127, 210, 75, 198, 50, 96, 168, 157, 250, 200, 237,
       17, 143, 158, 19, 160, 24, 182, 243, 72, 122, 129, 18, 106, 16,
       19, 107, 218, 49, 221, 130, 117, 125, 216, 72, 135, 170, 221, 69,
       93, 101, 56, 14, 71, 184, 224, 160, 170, 8, 215, 51, 129, 115, 18,
       212, 124, 106, 105, 160, 121, 12, 241, 235, 101, 20, 96, 178, 66,
       32, 232, 189, 188, 252, 157, 205, 85, 103, 223, 27, 172, 24, 190,
       187, 36, 19, 201, 178, 251, 0, 122, 111, 242, 191, 251, 255, 212,
       123, 82, 72, 214, 10, 192, 168, 157, 251, 200, 205, 17, 135, 142,
       17, 32, 24, 182, 247, 64, 91, 129, 58, 106, 24, 50, 76, 218, 49,
       205, 162, 86, 120, 144, 8, 135, 170, 69, 231, 144, 3, 180, 14,
       102, 184, 106, 184, 43, 76, 214, 96, 216, 178, 149, 76, 108, 126,
       199, 112, 201, 39, 172, 188, 37, 100, 200, 179, 195, 5, 37, 99, 0,
       69, 116, 14, 98, 184, 104, 168, 122, 76, 195, 0, 153, 176, 144,
       76, 68, 110, 196, 176, 205, 12, 36, 188, 37, 4, 64, 179, 90, 1,
       54, 229, 118, 207, 252, 15, 254, 232, 127, 168, 251, 2, 204, 122,
       29, 64, 255, 205, 127, 227, 224, 179, 201, 254, 188, 254, 143,
       182, 85, 63, 115, 131, 38, 229, 66, 175, 252, 11, 254, 232, 63,
       160, 251, 2, 233, 234, 29, 80, 254, 205, 127, 227, 104, 243, 201,
       254, 190, 254, 143, 180, 85, 251, 114, 129, 60, 101, 254, 239,
       252, 11, 238, 248, 127, 160, 251, 2, 223, 107, 29, 80, 250, 205,
       127, 227, 200, 179, 73, 254, 254, 253, 175, 148, 85, 187, 99, 129,
       28, 101, 126, 239, 60, 11, 110, 248, 108, 160, 247, 2, 223, 107,
       25, 67, 114, 205, 127, 234, 200, 241, 73, 140, 246, 235, 239, 148,
