%YAML:1.0
---
descriptors: !!opencv-matrix
   rows: 249
   cols: 32
   dt: u
   data: [ 44, 229, 57, 107, 221, 77, 87, 184, 83, 24, 173, 8, 242, 85,
       9, 48, 217, 88, 64, 106, 74, 34, 123, 63, 99, 221, 5, 63, 82, 59,
       70, 162, 237, 112, 153, 103, 9, 110, 67, 152, 123, 242, 167, 88,
       210, 81, 73, 59, 145, 84, 104, 122, 9, 116, 249, 2, 207, 219, 69,
       52, 202, 115, 66, 50, 237, 103, 77, 103, 172, 14, 79, 184, 96,
       170, 167, 76, 211, 97, 153, 51, 16, 196, 108, 110, 233, 225, 237,
       44, 228, 235, 101, 20, 104, 243, 82, 32, 1, 159, 159, 151, 176,
       46, 47, 190, 126, 235, 90, 244, 245, 114, 144, 96, 55, 111, 62,
       174, 225, 216, 157, 111, 236, 174, 111, 128, 140, 242, 161, 185,
       125, 93, 125, 103, 160, 78, 79, 184, 96, 234, 191, 72, 83, 119,
       137, 51, 54, 212, 124, 106, 233, 161, 249, 44, 243, 233, 101, 148,
       106, 243, 66, 113, 156, 189, 89, 231, 180, 46, 79, 191, 52, 170,
       254, 64, 215, 103, 137, 80, 119, 222, 29, 106, 121, 152, 105, 63,
       233, 239, 167, 196, 164, 242, 196, 49, 236, 52, 189, 99, 173, 109,
       83, 152, 91, 255, 165, 24, 222, 93, 75, 59, 153, 80, 253, 58, 59,
       102, 251, 18, 207, 219, 65, 127, 194, 107, 70, 115, 96, 168, 152,
       250, 136, 201, 81, 143, 154, 51, 160, 24, 182, 215, 72, 90, 129,
       18, 104, 16, 27, 111, 218, 49, 217, 146, 85, 123, 208, 8, 134, 42,
       116, 77, 93, 101, 148, 14, 71, 32, 108, 160, 170, 8, 215, 113, 1,
       113, 50, 244, 108, 106, 105, 161, 113, 44, 241, 175, 37, 16, 96,
       179, 64, 32, 246, 237, 246, 255, 252, 187, 238, 254, 191, 187,
       255, 26, 239, 235, 157, 71, 255, 239, 127, 235, 242, 227, 235,
       255, 190, 254, 207, 180, 151, 251, 227, 128, 234, 189, 182, 252,
       221, 237, 212, 231, 223, 23, 168, 24, 174, 187, 36, 81, 201, 51,
       251, 16, 106, 107, 210, 183, 171, 251, 214, 59, 210, 88, 214, 138,
       21, 133, 179, 103, 148, 79, 103, 248, 118, 160, 239, 0, 83, 113,
       40, 100, 49, 206, 8, 106, 123, 176, 57, 63, 233, 142, 5, 84, 112,
       251, 208, 32, 237, 244, 188, 247, 173, 63, 94, 189, 127, 187, 183,
       92, 223, 121, 89, 27, 157, 198, 127, 126, 184, 118, 251, 191, 255,
       251, 117, 180, 202, 251, 194, 19, 205, 124, 252, 247, 172, 46,
       127, 184, 63, 186, 191, 56, 223, 127, 201, 123, 215, 215, 125,
       122, 185, 212, 251, 186, 239, 255, 103, 212, 234, 243, 194, 51,
       221, 220, 220, 247, 172, 47, 127, 188, 63, 186, 183, 88, 223, 115,
       201, 123, 215, 215, 125, 106, 233, 245, 219, 171, 255, 255, 103,
       180, 170, 251, 130, 3, 205, 117, 49, 71, 241, 78, 55, 184, 121,
       234, 127, 108, 222, 119, 141, 52, 148, 92, 212, 98, 225, 240, 249,
       110, 103, 255, 37, 134, 74, 115, 71, 243, 102, 229, 214, 143, 254,
       11, 238, 236, 63, 162, 251, 10, 236, 234, 61, 80, 123, 207, 127,
       227, 96, 243, 201, 255, 188, 190, 143, 164, 149, 123, 241, 128,
       101, 113, 16, 69, 117, 15, 98, 56, 105, 168, 107, 76, 214, 16, 25,
       180, 148, 68, 64, 110, 197, 176, 209, 12, 37, 188, 1, 4, 74, 51,
       75, 5, 28, 165, 187, 114, 155, 233, 17, 203, 179, 149, 173, 24,
       26, 247, 76, 24, 161, 155, 192, 144, 26, 107, 186, 115, 91, 197,
       21, 111, 225, 65, 167, 226, 216, 176, 191, 244, 168, 252, 81, 95,
       187, 91, 180, 56, 191, 247, 72, 59, 165, 183, 125, 24, 59, 79,
       242, 1, 219, 251, 119, 251, 162, 64, 135, 123, 236, 252, 180, 254,
       173, 237, 86, 182, 223, 187, 172, 24, 191, 249, 69, 27, 201, 242,
       255, 82, 122, 110, 218, 179, 239, 223, 84, 123, 210, 91, 214, 10,
       248, 188, 189, 120, 169, 253, 81, 223, 251, 123, 164, 24, 191,
       191, 64, 123, 133, 183, 252, 16, 59, 111, 242, 179, 219, 219, 85,
       121, 210, 72, 199, 123, 233, 188, 181, 120, 173, 253, 85, 223,
       255, 251, 164, 24, 191, 253, 64, 59, 201, 114, 125, 24, 187, 111,
       242, 179, 219, 251, 87, 122, 218, 76, 194, 122, 232, 252, 188,
       115, 173, 237, 85, 191, 127, 59, 52, 24, 191, 61, 64, 59, 137, 82,
       236, 24, 250, 124, 243, 51, 239, 219, 116, 117, 194, 88, 198, 59,
       148, 157, 63, 175, 180, 143, 127, 185, 52, 232, 223, 32, 247, 87,
       136, 81, 118, 255, 93, 110, 248, 176, 73, 61, 248, 233, 39, 148,
       36, 187, 129, 113, 204, 84, 189, 231, 32, 110, 123, 184, 57, 174,
       119, 96, 215, 119, 137, 123, 183, 212, 125, 106, 233, 212, 249,
       42, 199, 251, 97, 132, 0, 243, 7, 115, 232, 253, 189, 122, 169,
       253, 23, 230, 223, 95, 164, 25, 190, 253, 71, 59, 137, 114, 249,
       66, 122, 111, 250, 55, 235, 215, 85, 123, 210, 89, 214, 123, 77,
       52, 157, 97, 129, 126, 53, 23, 41, 243, 47, 92, 158, 51, 64, 251,
       133, 23, 120, 56, 49, 216, 241, 64, 207, 251, 85, 86, 138, 96,
       139, 51, 77, 113, 145, 69, 49, 78, 102, 56, 105, 232, 99, 76, 214,
       49, 9, 54, 144, 68, 104, 106, 193, 240, 209, 14, 37, 190, 5, 4,
       74, 50, 67, 32, 69, 23, 29, 103, 48, 14, 103, 56, 96, 168, 43, 68,
       215, 51, 137, 115, 20, 68, 124, 110, 193, 176, 89, 12, 228, 171,
       96, 4, 72, 243, 66, 33, 244, 12, 172, 182, 138, 104, 85, 191, 162,
       182, 134, 185, 119, 231, 67, 91, 65, 246, 109, 138, 120, 79, 203,
       32, 217, 227, 245, 57, 160, 240, 134, 122, 248, 174, 156, 114,
       168, 173, 84, 223, 179, 191, 164, 29, 55, 227, 66, 27, 133, 230,
       237, 28, 58, 79, 218, 35, 219, 195, 117, 121, 224, 208, 138, 11,
       205, 117, 149, 103, 177, 127, 119, 184, 121, 234, 47, 8, 222, 113,
       9, 55, 145, 84, 104, 106, 113, 240, 249, 14, 237, 223, 69, 22,
       202, 115, 195, 34, 125, 71, 77, 103, 176, 42, 71, 184, 112, 234,
       255, 236, 211, 97, 153, 112, 17, 196, 108, 110, 233, 176, 237, 46,
       232, 239, 37, 148, 107, 243, 210, 33, 120, 168, 253, 112, 138,
       233, 81, 87, 162, 181, 164, 40, 51, 151, 66, 59, 35, 178, 237, 16,
       26, 107, 162, 16, 219, 201, 117, 121, 225, 194, 198, 106, 69, 184,
       149, 81, 168, 44, 36, 151, 234, 187, 2, 84, 148, 51, 192, 123, 39,
       86, 120, 24, 179, 72, 147, 64, 141, 170, 119, 68, 136, 96, 129,
       49, 125, 93, 125, 103, 180, 78, 79, 188, 96, 170, 255, 96, 243,
       119, 137, 112, 54, 214, 92, 106, 233, 144, 121, 46, 227, 239, 37,
       148, 96, 243, 198, 49, 252, 60, 252, 118, 137, 109, 85, 222, 243,
       191, 165, 24, 99, 245, 75, 27, 9, 214, 236, 26, 120, 103, 250, 34,
       219, 203, 117, 61, 227, 249, 198, 34, 148, 181, 89, 231, 180, 46,
       111, 191, 52, 170, 223, 48, 215, 119, 137, 80, 119, 222, 29, 58,
       120, 152, 73, 46, 233, 239, 39, 132, 164, 243, 129, 41, 253, 113,
       253, 103, 172, 78, 87, 152, 97, 186, 183, 8, 215, 87, 73, 59, 148,
       212, 108, 106, 201, 231, 249, 32, 215, 249, 101, 52, 96, 243, 70,
       51, 246, 237, 230, 255, 252, 139, 238, 252, 63, 179, 243, 18, 239,
       235, 93, 75, 123, 239, 127, 243, 224, 247, 203, 251, 190, 254,
       207, 172, 183, 251, 227, 136, 232, 180, 180, 250, 189, 237, 80,
       47, 223, 63, 173, 24, 190, 253, 76, 27, 137, 18, 251, 16, 58, 110,
       218, 147, 207, 223, 80, 127, 210, 72, 198, 10, 230, 237, 246, 191,
       252, 171, 254, 239, 63, 187, 251, 58, 239, 234, 221, 91, 255, 207,
       127, 179, 250, 255, 203, 255, 190, 254, 255, 252, 197, 249, 243,
       137, 98, 253, 182, 252, 221, 237, 84, 230, 223, 130, 232, 8, 174,
       187, 37, 83, 201, 251, 251, 65, 106, 107, 210, 255, 187, 254, 214,
       59, 210, 88, 246, 10, 230, 166, 164, 255, 252, 47, 238, 255, 255,
       187, 187, 88, 235, 234, 93, 11, 217, 207, 127, 147, 186, 103, 203,
       251, 190, 254, 247, 252, 213, 251, 242, 137, 237, 254, 244, 255,
       173, 63, 222, 188, 223, 187, 181, 92, 223, 249, 93, 59, 221, 198,
       127, 62, 186, 103, 251, 251, 255, 255, 117, 254, 194, 255, 210, 3,
       237, 245, 252, 119, 173, 63, 127, 188, 255, 250, 183, 92, 223,
       123, 89, 59, 221, 215, 125, 122, 248, 101, 251, 179, 239, 251,
       117, 182, 202, 251, 194, 51, 22, 237, 214, 143, 221, 15, 238, 236,
       63, 162, 251, 2, 205, 234, 29, 64, 251, 205, 123, 227, 96, 243,
