%YAML:1.0
---
descriptors: !!opencv-matrix
   rows: 152
   cols: 32
   dt: u
   data: [ 194, 140, 150, 152, 205, 237, 180, 199, 159, 23, 194, 27, 44,
       184, 100, 73, 233, 179, 235, 17, 50, 111, 18, 243, 153, 18, 94,
       91, 144, 76, 165, 138, 118, 253, 118, 207, 253, 95, 254, 232, 63,
       236, 253, 11, 206, 254, 47, 244, 255, 223, 255, 227, 126, 243,
       251, 255, 191, 254, 143, 63, 19, 127, 239, 215, 174, 191, 164,
       186, 221, 245, 158, 207, 159, 215, 156, 159, 168, 236, 126, 143,
       205, 219, 243, 149, 190, 107, 126, 243, 59, 87, 159, 251, 223, 93,
       191, 223, 239, 180, 228, 217, 237, 117, 220, 159, 91, 127, 149,
       31, 200, 236, 94, 175, 221, 223, 247, 181, 191, 102, 255, 211, 15,
       95, 223, 254, 223, 125, 222, 214, 250, 253, 190, 252, 253, 221,
       212, 231, 155, 127, 172, 25, 174, 190, 38, 215, 201, 247, 255, 65,
       110, 107, 242, 255, 251, 255, 215, 59, 210, 124, 254, 222, 197,
       213, 23, 55, 52, 14, 111, 188, 124, 248, 114, 84, 247, 82, 137,
       243, 150, 100, 124, 110, 229, 212, 249, 108, 164, 187, 103, 128,
       8, 176, 193, 57, 252, 252, 188, 254, 169, 205, 87, 252, 187, 251,
       180, 24, 255, 255, 75, 59, 133, 247, 253, 74, 235, 79, 250, 51,
       219, 251, 117, 56, 98, 241, 70, 123, 244, 69, 108, 231, 172, 74,
       79, 184, 48, 246, 135, 169, 211, 117, 27, 3, 26, 196, 125, 235,
       104, 244, 221, 46, 228, 235, 229, 20, 100, 251, 212, 98, 141, 254,
       255, 246, 252, 42, 111, 254, 251, 202, 188, 244, 255, 239, 249,
       51, 127, 215, 95, 174, 225, 111, 238, 238, 254, 223, 231, 236,
       206, 241, 227, 249, 237, 20, 189, 115, 173, 111, 71, 152, 91, 251,
       167, 24, 215, 121, 89, 47, 145, 86, 124, 122, 185, 100, 251, 34,
       141, 251, 69, 116, 194, 121, 214, 98, 117, 85, 217, 103, 180, 14,
       79, 184, 116, 234, 255, 68, 211, 113, 153, 112, 18, 196, 28, 110,
       233, 176, 109, 46, 228, 174, 37, 148, 108, 251, 64, 33, 248, 184,
       191, 112, 137, 237, 81, 71, 170, 19, 164, 24, 191, 183, 64, 59,
       129, 179, 237, 16, 58, 111, 242, 17, 219, 211, 80, 123, 192, 64,
       135, 58, 53, 109, 91, 239, 246, 11, 239, 248, 100, 160, 123, 66,
       209, 99, 185, 32, 126, 236, 22, 235, 201, 176, 77, 62, 236, 172,
       175, 132, 125, 187, 99, 160, 213, 81, 95, 231, 52, 10, 79, 184,
       100, 168, 243, 228, 211, 83, 153, 115, 118, 196, 124, 110, 201,
       145, 109, 12, 240, 169, 229, 148, 44, 187, 64, 33, 244, 69, 237,
       103, 140, 78, 79, 184, 48, 182, 167, 8, 211, 101, 25, 91, 17, 212,
       125, 106, 104, 244, 249, 42, 229, 171, 229, 20, 32, 251, 214, 96,
       246, 125, 246, 190, 253, 111, 254, 236, 191, 238, 251, 11, 110,
       255, 47, 81, 255, 255, 255, 227, 108, 227, 219, 254, 183, 254,
       207, 191, 23, 127, 119, 211, 77, 101, 81, 71, 240, 30, 110, 184,
       121, 160, 107, 72, 223, 51, 9, 180, 54, 93, 80, 106, 225, 240,
       217, 78, 39, 254, 5, 4, 74, 179, 3, 164, 9, 156, 127, 101, 180,
       46, 111, 191, 118, 235, 126, 64, 219, 119, 144, 112, 119, 126, 62,
       56, 153, 152, 105, 47, 239, 239, 55, 196, 162, 242, 196, 113, 236,
       180, 189, 115, 173, 109, 85, 157, 90, 59, 165, 24, 214, 113, 72,
       59, 145, 86, 104, 58, 59, 100, 251, 18, 203, 219, 85, 124, 208,
       105, 214, 50, 221, 124, 189, 119, 173, 111, 69, 158, 122, 250,
       166, 88, 215, 125, 89, 59, 129, 214, 124, 58, 169, 101, 251, 34,
       239, 219, 117, 52, 192, 121, 198, 113, 253, 124, 189, 119, 173,
       110, 85, 158, 250, 250, 166, 24, 247, 117, 65, 59, 129, 86, 124,
       26, 233, 101, 251, 34, 235, 219, 117, 52, 200, 113, 194, 123, 16,
       172, 159, 184, 141, 237, 241, 199, 191, 23, 226, 18, 190, 187, 96,
       11, 233, 243, 107, 145, 58, 235, 147, 241, 217, 179, 222, 91, 193,
       72, 167, 138, 162, 172, 150, 184, 205, 225, 144, 199, 159, 23,
       224, 17, 172, 186, 100, 139, 201, 59, 235, 17, 54, 111, 66, 243,
       29, 18, 94, 91, 208, 76, 175, 142, 136, 156, 255, 253, 180, 174,
       109, 159, 118, 171, 118, 112, 247, 119, 128, 121, 119, 254, 63,
       60, 179, 220, 105, 63, 239, 239, 245, 132, 166, 232, 192, 185,
       252, 112, 252, 243, 169, 93, 87, 152, 179, 254, 165, 29, 223, 223,
       75, 187, 151, 213, 253, 242, 47, 71, 251, 178, 219, 219, 117, 127,
       234, 241, 14, 115, 73, 157, 255, 71, 180, 94, 111, 191, 124, 233,
       126, 100, 251, 119, 144, 112, 22, 86, 126, 108, 145, 184, 125, 45,
       239, 239, 39, 192, 202, 242, 193, 121, 43, 191, 164, 186, 157,
       117, 220, 223, 159, 125, 156, 159, 169, 236, 94, 11, 205, 219,
       255, 149, 191, 107, 251, 243, 235, 95, 223, 255, 215, 92, 158,
       222, 105, 188, 172, 83, 237, 253, 84, 191, 251, 127, 164, 29, 170,
       188, 86, 190, 137, 198, 252, 28, 191, 111, 251, 179, 207, 223, 85,
       123, 202, 92, 218, 94, 124, 180, 248, 250, 173, 125, 83, 217, 87,
       127, 189, 24, 223, 253, 74, 186, 217, 155, 253, 18, 62, 98, 251,
       147, 219, 223, 65, 127, 243, 207, 238, 115, 122, 181, 182, 254,
       189, 253, 84, 111, 191, 95, 188, 29, 174, 253, 106, 215, 201, 179,
       255, 1, 126, 107, 242, 183, 251, 223, 84, 123, 82, 76, 206, 223,
       122, 253, 178, 252, 157, 221, 213, 231, 159, 254, 252, 13, 174,
       191, 103, 150, 201, 255, 255, 1, 110, 107, 242, 251, 187, 255,
       159, 59, 210, 124, 238, 222, 37, 71, 197, 71, 244, 10, 110, 184,
       116, 234, 123, 196, 83, 96, 153, 116, 126, 204, 38, 238, 233, 240,
       77, 14, 36, 174, 165, 132, 109, 251, 80, 165, 117, 79, 69, 71,
       180, 14, 70, 184, 112, 234, 187, 76, 83, 97, 153, 118, 20, 196,
       76, 110, 233, 176, 77, 46, 160, 174, 37, 148, 104, 243, 82, 33,
       252, 176, 188, 250, 173, 253, 81, 216, 235, 187, 181, 24, 223,
       249, 73, 59, 137, 246, 253, 26, 58, 103, 250, 176, 219, 219, 85,
       127, 210, 105, 70, 35, 221, 188, 189, 119, 168, 108, 85, 191, 250,
       250, 166, 88, 247, 119, 64, 123, 133, 118, 124, 10, 249, 109, 251,
       34, 235, 235, 117, 16, 192, 112, 199, 59, 253, 124, 189, 119, 173,
       108, 85, 159, 251, 251, 166, 24, 247, 245, 65, 59, 129, 246, 124,
       24, 57, 109, 251, 34, 203, 219, 117, 48, 200, 112, 199, 123, 248,
       188, 191, 118, 169, 237, 85, 158, 251, 219, 166, 24, 247, 247, 72,
       59, 129, 246, 124, 24, 41, 111, 250, 34, 219, 219, 117, 57, 192,
       112, 198, 122, 80, 169, 159, 184, 205, 205, 245, 199, 174, 21,
       226, 10, 46, 187, 96, 74, 232, 179, 107, 209, 26, 107, 146, 241,
       221, 147, 222, 75, 192, 8, 165, 42, 34, 168, 158, 184, 205, 225,
       144, 199, 142, 23, 232, 25, 166, 186, 102, 75, 201, 59, 235, 17,
       26, 107, 194, 241, 217, 179, 94, 123, 208, 72, 175, 138, 237, 124,
       252, 247, 172, 63, 220, 156, 219, 186, 180, 24, 219, 121, 89, 43,
       141, 212, 125, 123, 236, 103, 251, 170, 207, 219, 117, 180, 193,
       249, 82, 131, 118, 117, 246, 238, 253, 79, 254, 232, 63, 238, 251,
       11, 238, 255, 47, 80, 254, 221, 255, 227, 72, 243, 219, 254, 183,
       254, 207, 191, 83, 127, 103, 211, 92, 189, 156, 246, 184, 172, 93,
       159, 174, 187, 191, 56, 255, 247, 72, 91, 135, 87, 125, 24, 122,
       73, 251, 49, 251, 251, 119, 220, 128, 192, 131, 59, 253, 112, 188,
       115, 169, 93, 87, 156, 179, 254, 181, 28, 223, 223, 75, 59, 159,
       213, 253, 122, 233, 71, 251, 48, 219, 219, 101, 61, 234, 243, 78,
       115, 54, 225, 118, 239, 253, 15, 254, 232, 111, 168, 243, 10, 206,
       250, 29, 64, 250, 205, 127, 227, 192, 243, 217, 253, 191, 248,
       143, 182, 85, 59, 115, 131, 229, 116, 189, 103, 33, 79, 119, 56,
       121, 238, 39, 12, 214, 115, 65, 51, 144, 84, 108, 106, 97, 244,
       249, 10, 231, 251, 69, 20, 72, 115, 70, 115, 221, 52, 189, 116,
       169, 124, 81, 19, 251, 251, 167, 28, 222, 182, 74, 251, 133, 70,
       252, 24, 191, 109, 243, 66, 219, 251, 85, 87, 202, 100, 203, 119,
       125, 117, 253, 230, 168, 78, 95, 184, 161, 252, 191, 76, 223, 127,
       75, 51, 150, 215, 253, 106, 201, 67, 249, 40, 243, 233, 101, 189,
