%YAML:1.0
---
descriptors: !!opencv-matrix
   rows: 387
   cols: 32
   dt: u
   data: [ 230, 237, 230, 223, 220, 139, 238, 236, 255, 162, 251, 2, 237,
       234, 125, 97, 123, 255, 127, 227, 242, 243, 203, 255, 190, 254,
       143, 164, 181, 251, 225, 128, 100, 112, 57, 109, 9, 79, 67, 8, 42,
       164, 37, 8, 210, 87, 0, 48, 144, 92, 104, 106, 9, 112, 249, 24,
       229, 184, 1, 52, 64, 50, 70, 114, 221, 52, 189, 245, 172, 44, 93,
       31, 251, 187, 183, 120, 223, 123, 200, 123, 135, 23, 124, 24, 185,
       69, 243, 2, 203, 251, 119, 212, 192, 224, 195, 33, 221, 180, 191,
       240, 168, 108, 93, 31, 187, 251, 151, 56, 223, 191, 200, 123, 167,
       151, 125, 24, 187, 73, 251, 128, 251, 251, 127, 222, 130, 192,
       167, 115, 104, 237, 182, 252, 157, 221, 86, 226, 223, 148, 172, 8,
       174, 253, 103, 50, 201, 251, 235, 82, 110, 107, 242, 191, 251,
       223, 85, 123, 210, 125, 230, 74, 200, 188, 189, 114, 169, 253,
       125, 159, 251, 123, 180, 24, 190, 191, 64, 59, 133, 83, 253, 18,
       171, 109, 251, 247, 219, 219, 119, 122, 194, 81, 135, 107, 232,
       241, 189, 250, 253, 93, 85, 189, 83, 63, 165, 24, 251, 125, 72,
       50, 153, 154, 233, 48, 122, 106, 251, 147, 239, 223, 84, 127, 210,
       90, 206, 106, 130, 188, 214, 159, 254, 175, 188, 207, 191, 187,
       250, 50, 236, 254, 36, 90, 255, 255, 255, 128, 50, 223, 139, 255,
       156, 186, 223, 246, 213, 104, 227, 155, 162, 172, 222, 159, 252,
       171, 252, 207, 191, 187, 242, 18, 254, 250, 36, 75, 251, 239, 127,
       145, 50, 255, 203, 255, 188, 187, 255, 230, 197, 120, 241, 137,
       128, 172, 223, 191, 236, 35, 237, 223, 62, 179, 250, 90, 245, 235,
       17, 72, 123, 239, 127, 153, 49, 251, 203, 127, 252, 175, 255, 236,
       213, 248, 227, 168, 149, 237, 159, 247, 180, 11, 127, 190, 54,
       170, 218, 80, 247, 119, 153, 96, 119, 127, 125, 123, 249, 216, 73,
       47, 236, 175, 239, 144, 164, 250, 129, 33, 92, 85, 63, 231, 176,
       78, 79, 184, 32, 234, 255, 72, 215, 119, 137, 114, 22, 212, 125,
       106, 233, 144, 249, 46, 229, 239, 101, 148, 40, 243, 66, 51, 186,
       188, 246, 251, 255, 253, 248, 223, 255, 95, 180, 183, 173, 254,
       246, 111, 239, 243, 255, 149, 182, 111, 250, 243, 223, 219, 255,
       235, 247, 204, 247, 223, 237, 112, 185, 103, 37, 111, 119, 24,
       123, 238, 55, 8, 210, 85, 73, 58, 144, 84, 124, 122, 137, 244,
       249, 10, 199, 223, 101, 52, 194, 251, 86, 115, 4, 85, 57, 231,
       176, 78, 111, 184, 60, 232, 127, 100, 215, 119, 137, 112, 54, 92,
       61, 106, 201, 144, 57, 14, 237, 255, 39, 132, 8, 243, 229, 113,
       240, 164, 158, 112, 136, 232, 81, 83, 162, 183, 172, 153, 23, 135,
       64, 27, 33, 182, 77, 16, 58, 79, 130, 2, 217, 129, 53, 121, 224,
       192, 134, 114, 109, 103, 0, 71, 180, 15, 102, 184, 121, 168, 59,
       204, 195, 96, 217, 148, 24, 204, 68, 110, 232, 240, 205, 46, 44,
       222, 37, 52, 66, 251, 82, 132, 213, 212, 157, 119, 136, 78, 70,
       184, 224, 186, 163, 80, 215, 115, 9, 123, 1, 84, 108, 106, 97,
       197, 251, 42, 193, 171, 101, 20, 136, 243, 3, 33, 104, 180, 187,
       112, 153, 237, 81, 71, 251, 53, 44, 24, 182, 151, 68, 56, 129, 58,
       72, 24, 19, 105, 242, 23, 203, 223, 16, 123, 194, 0, 198, 43, 244,
       165, 157, 114, 136, 109, 85, 158, 179, 183, 165, 24, 87, 119, 73,
       27, 129, 214, 108, 50, 58, 71, 251, 50, 219, 131, 117, 125, 224,
       241, 198, 34, 124, 228, 156, 114, 137, 109, 85, 207, 147, 183,
       165, 25, 71, 241, 72, 27, 137, 214, 236, 16, 42, 111, 218, 49,
       251, 195, 117, 125, 242, 120, 198, 42, 241, 184, 247, 112, 169,
       253, 84, 215, 251, 123, 176, 120, 58, 253, 198, 63, 139, 179, 124,
       16, 191, 111, 242, 227, 219, 218, 116, 251, 235, 192, 198, 95,
       248, 252, 127, 114, 136, 237, 69, 223, 179, 159, 165, 24, 51, 215,
       200, 27, 1, 246, 108, 8, 42, 111, 250, 49, 217, 233, 117, 120,
       224, 208, 198, 107, 213, 174, 151, 54, 168, 172, 68, 215, 251,
       155, 176, 92, 238, 226, 192, 155, 167, 231, 108, 29, 191, 111,
       138, 51, 152, 250, 117, 250, 232, 116, 163, 13, 116, 64, 204, 165,
       128, 106, 103, 136, 32, 182, 175, 137, 83, 99, 75, 91, 113, 196,
       104, 234, 72, 212, 217, 0, 213, 163, 69, 5, 160, 243, 70, 98, 237,
       244, 252, 119, 180, 58, 101, 184, 114, 251, 127, 124, 211, 113,
       155, 59, 19, 78, 116, 46, 241, 244, 253, 46, 110, 171, 101, 132,
       236, 249, 216, 49, 69, 113, 25, 101, 17, 78, 55, 48, 104, 224,
       106, 8, 214, 49, 1, 48, 144, 84, 120, 106, 65, 240, 209, 76, 229,
       188, 1, 2, 72, 51, 67, 50, 101, 229, 17, 99, 188, 13, 71, 173,
       127, 57, 169, 88, 214, 112, 76, 52, 145, 154, 76, 50, 91, 98, 219,
       55, 173, 148, 21, 126, 208, 27, 194, 39, 124, 69, 125, 103, 138,
       74, 103, 168, 117, 162, 175, 8, 215, 115, 9, 123, 19, 212, 104,
       106, 104, 244, 89, 46, 229, 235, 69, 20, 96, 243, 68, 34, 156,
       125, 159, 103, 145, 70, 71, 248, 116, 142, 235, 0, 83, 243, 41,
       81, 241, 254, 104, 106, 104, 209, 57, 46, 233, 239, 69, 4, 160,
       115, 228, 34, 224, 140, 157, 254, 200, 233, 17, 143, 154, 23, 160,
       24, 182, 183, 64, 91, 129, 115, 106, 16, 50, 79, 202, 49, 221,
       178, 84, 123, 144, 72, 135, 42, 224, 164, 157, 249, 200, 237, 69,
       175, 30, 51, 32, 24, 182, 51, 72, 123, 129, 83, 106, 24, 51, 108,
       219, 115, 205, 150, 84, 124, 144, 72, 135, 42, 245, 108, 172, 182,
       140, 77, 69, 134, 178, 242, 134, 25, 247, 253, 83, 59, 129, 230,
       125, 25, 105, 79, 251, 42, 249, 195, 253, 121, 160, 120, 214, 122,
       221, 112, 253, 116, 40, 110, 89, 24, 241, 250, 166, 24, 223, 23,
       73, 59, 135, 213, 124, 58, 169, 103, 251, 10, 211, 235, 117, 52,
       224, 241, 71, 114, 242, 186, 253, 86, 139, 112, 93, 239, 187, 191,
       164, 185, 102, 247, 70, 31, 135, 247, 237, 144, 58, 79, 170, 115,
       219, 210, 85, 191, 162, 224, 134, 127, 220, 124, 189, 118, 168,
       108, 85, 146, 240, 186, 166, 24, 223, 119, 65, 59, 133, 118, 108,
       18, 41, 101, 187, 34, 219, 195, 117, 57, 226, 241, 6, 35, 69, 113,
       28, 7, 34, 10, 39, 184, 108, 224, 107, 108, 222, 114, 141, 244,
       54, 77, 94, 98, 197, 144, 221, 78, 164, 54, 79, 6, 72, 51, 11, 53,
       52, 199, 253, 107, 184, 79, 71, 184, 86, 36, 173, 200, 211, 101,
       137, 112, 85, 220, 44, 106, 234, 176, 125, 31, 237, 150, 37, 116,
       112, 251, 68, 96, 108, 103, 113, 103, 180, 91, 118, 184, 121, 168,
       123, 72, 203, 109, 29, 48, 144, 220, 108, 106, 72, 240, 201, 47,
       231, 255, 37, 17, 98, 179, 70, 35, 76, 101, 252, 103, 178, 58,
       127, 184, 57, 172, 127, 169, 223, 119, 139, 18, 23, 87, 253, 110,
       96, 208, 233, 110, 239, 255, 101, 133, 226, 243, 135, 113, 145,
       143, 207, 125, 180, 170, 99, 159, 116, 1, 98, 208, 243, 97, 144,
       120, 19, 174, 12, 60, 187, 184, 69, 63, 232, 174, 52, 64, 236,
       192, 208, 40, 193, 162, 157, 153, 236, 168, 104, 15, 254, 19, 2,
       208, 149, 162, 208, 75, 67, 2, 106, 24, 51, 77, 135, 81, 140, 162,
       114, 72, 156, 192, 129, 128, 208, 176, 185, 176, 8, 237, 81, 19,
       226, 113, 164, 24, 183, 145, 64, 59, 1, 179, 108, 24, 27, 109,
       210, 17, 217, 128, 113, 120, 232, 0, 7, 42, 120, 168, 159, 112,
       136, 237, 80, 87, 162, 17, 172, 8, 55, 147, 64, 59, 129, 162, 93,
       24, 30, 75, 226, 49, 219, 201, 112, 121, 224, 194, 222, 138, 193,
       170, 151, 153, 236, 169, 232, 199, 254, 19, 32, 208, 181, 162,
       240, 75, 3, 34, 106, 28, 51, 77, 198, 115, 140, 2, 118, 104, 152,
       200, 131, 136, 129, 138, 207, 121, 164, 171, 101, 151, 118, 19,
       98, 244, 243, 225, 144, 123, 3, 110, 110, 28, 179, 252, 71, 51,
       76, 170, 118, 64, 232, 192, 193, 168, 129, 174, 143, 153, 236,
       169, 232, 135, 254, 19, 98, 208, 181, 163, 240, 75, 67, 34, 106,
       28, 51, 108, 198, 115, 140, 2, 118, 104, 152, 192, 161, 168, 212,
       50, 157, 117, 168, 46, 69, 187, 226, 187, 130, 84, 215, 49, 1, 11,
       1, 70, 108, 14, 153, 229, 211, 0, 193, 162, 117, 20, 224, 240,
