%YAML:1.0
---
descriptors: !!opencv-matrix
   rows: 345
   cols: 32
   dt: u
   data: [ 108, 245, 145, 99, 249, 79, 87, 137, 122, 241, 45, 24, 86,
       115, 72, 62, 145, 92, 104, 122, 17, 112, 249, 18, 239, 157, 5,
       116, 192, 115, 198, 162, 44, 225, 57, 107, 93, 77, 87, 168, 83,
       60, 173, 8, 242, 83, 9, 48, 153, 88, 64, 106, 74, 34, 123, 63,
       231, 221, 5, 63, 82, 27, 70, 162, 108, 52, 189, 99, 201, 111, 81,
       8, 42, 191, 45, 24, 214, 119, 72, 59, 145, 92, 104, 50, 18, 116,
       249, 0, 207, 211, 81, 119, 194, 99, 134, 98, 237, 99, 221, 102,
       44, 30, 71, 184, 96, 234, 167, 76, 83, 81, 153, 51, 16, 196, 108,
       110, 233, 244, 249, 40, 230, 251, 101, 20, 74, 243, 82, 33, 133,
       255, 159, 191, 240, 142, 47, 191, 126, 250, 90, 228, 245, 115,
       145, 97, 55, 111, 62, 238, 225, 208, 205, 127, 108, 42, 111, 132,
       12, 242, 129, 177, 120, 176, 253, 112, 136, 237, 81, 87, 163, 53,
       164, 24, 51, 151, 66, 59, 1, 146, 236, 24, 26, 107, 178, 17, 219,
       201, 117, 121, 226, 128, 198, 122, 125, 93, 125, 103, 180, 78, 79,
       184, 96, 232, 191, 104, 83, 119, 153, 114, 22, 212, 92, 106, 201,
       176, 249, 46, 227, 237, 101, 148, 104, 243, 66, 113, 252, 172,
       253, 118, 136, 111, 85, 191, 178, 182, 164, 24, 115, 119, 65, 27,
       1, 246, 108, 42, 120, 111, 251, 46, 249, 195, 117, 60, 225, 240,
       198, 106, 125, 95, 127, 231, 180, 78, 79, 188, 100, 234, 254, 100,
       215, 119, 137, 112, 54, 214, 28, 106, 233, 176, 121, 46, 227, 239,
       37, 148, 96, 243, 192, 49, 84, 197, 93, 101, 148, 14, 71, 189, 96,
       164, 170, 8, 215, 115, 0, 113, 50, 196, 108, 106, 105, 161, 121,
       12, 233, 239, 37, 20, 96, 178, 192, 32, 157, 221, 121, 239, 180,
       47, 79, 191, 52, 234, 254, 100, 247, 119, 137, 112, 119, 254, 29,
       238, 249, 144, 121, 63, 232, 239, 167, 132, 36, 243, 164, 113,
       244, 88, 189, 116, 168, 108, 85, 50, 160, 186, 182, 56, 87, 55,
       65, 123, 133, 244, 108, 42, 104, 101, 243, 0, 211, 235, 117, 24,
       224, 240, 70, 35, 236, 180, 60, 122, 173, 253, 81, 25, 255, 63,
       165, 24, 222, 253, 74, 63, 145, 26, 253, 16, 58, 110, 250, 151,
       207, 219, 81, 127, 210, 10, 198, 226, 224, 177, 149, 115, 141,
       109, 64, 143, 123, 59, 161, 24, 214, 49, 76, 58, 129, 151, 104,
       16, 59, 108, 219, 19, 141, 154, 85, 118, 208, 72, 198, 34, 254,
       236, 246, 255, 172, 187, 254, 236, 191, 178, 247, 154, 239, 235,
       127, 75, 123, 239, 255, 179, 120, 231, 203, 250, 190, 255, 207,
       181, 151, 251, 227, 130, 104, 252, 180, 254, 93, 253, 85, 231,
       223, 31, 172, 25, 174, 189, 36, 89, 201, 59, 251, 0, 58, 107, 242,
       183, 243, 223, 84, 59, 210, 92, 214, 234, 53, 196, 57, 111, 20,
       79, 71, 248, 118, 160, 239, 0, 83, 115, 57, 112, 49, 212, 8, 106,
       105, 180, 121, 63, 249, 174, 5, 20, 113, 187, 64, 34, 239, 228,
       228, 254, 236, 47, 206, 254, 255, 187, 253, 24, 255, 235, 93, 59,
       217, 207, 127, 42, 250, 103, 203, 255, 255, 255, 247, 188, 215,
       251, 242, 129, 236, 164, 148, 255, 173, 47, 222, 185, 127, 187,
       189, 88, 223, 249, 93, 59, 217, 199, 127, 58, 58, 103, 203, 191,
       191, 255, 245, 252, 210, 251, 210, 1, 236, 252, 180, 255, 173, 47,
       95, 188, 255, 187, 183, 24, 223, 121, 89, 59, 157, 215, 110, 122,
       186, 102, 219, 186, 255, 251, 117, 52, 210, 251, 194, 35, 244,
       101, 189, 100, 143, 79, 87, 104, 64, 166, 173, 8, 82, 117, 73, 51,
       152, 212, 96, 98, 105, 99, 249, 8, 249, 131, 69, 63, 97, 123, 70,
       98, 69, 245, 149, 71, 145, 12, 102, 188, 122, 249, 43, 76, 254,
       112, 72, 182, 149, 70, 104, 126, 195, 112, 219, 119, 45, 190, 5,
       70, 200, 19, 195, 37, 220, 245, 252, 247, 188, 46, 127, 184, 59,
       190, 191, 120, 223, 127, 201, 27, 151, 215, 253, 122, 248, 69,
       251, 182, 239, 251, 103, 150, 226, 243, 198, 35, 220, 252, 156,
       247, 172, 46, 126, 188, 191, 186, 191, 61, 223, 123, 73, 91, 215,
       215, 125, 122, 120, 229, 219, 170, 255, 255, 103, 180, 170, 243,
       130, 19, 134, 173, 246, 255, 252, 171, 254, 239, 255, 187, 251,
       18, 237, 234, 92, 75, 255, 207, 127, 147, 178, 253, 203, 247, 190,
       254, 223, 212, 213, 249, 241, 129, 221, 113, 157, 103, 164, 14,
       71, 184, 96, 234, 167, 76, 215, 113, 137, 51, 16, 196, 124, 106,
       233, 240, 217, 40, 225, 169, 101, 20, 104, 179, 66, 33, 205, 112,
       157, 103, 40, 78, 71, 152, 96, 250, 167, 8, 215, 113, 73, 59, 16,
       84, 124, 106, 105, 228, 249, 40, 225, 251, 101, 52, 72, 243, 66,
       33, 93, 21, 29, 103, 160, 14, 71, 56, 96, 168, 239, 76, 215, 113,
       137, 115, 20, 68, 108, 110, 233, 240, 217, 44, 225, 233, 101, 16,
       104, 243, 67, 33, 252, 56, 153, 250, 203, 96, 85, 138, 179, 151,
       165, 57, 22, 247, 73, 91, 193, 246, 233, 146, 42, 71, 186, 50,
       219, 227, 213, 63, 178, 113, 166, 114, 28, 165, 249, 114, 155,
       233, 17, 203, 179, 21, 173, 24, 11, 247, 76, 24, 171, 155, 200,
       144, 26, 107, 186, 115, 219, 197, 21, 127, 227, 64, 166, 226, 104,
       253, 189, 127, 29, 205, 85, 174, 223, 60, 44, 8, 182, 245, 65, 51,
       129, 82, 106, 64, 98, 105, 251, 55, 239, 211, 85, 63, 82, 24, 198,
       42, 220, 148, 189, 247, 172, 44, 89, 155, 190, 251, 183, 56, 223,
       247, 72, 123, 135, 87, 253, 17, 184, 77, 251, 128, 219, 251, 119,
       252, 130, 224, 129, 115, 216, 184, 189, 240, 169, 253, 89, 223,
       187, 127, 180, 28, 191, 247, 66, 59, 133, 151, 125, 24, 59, 79,
       250, 49, 219, 219, 119, 249, 130, 64, 135, 123, 248, 188, 191,
       120, 169, 253, 81, 255, 251, 127, 164, 24, 191, 255, 102, 123,
       133, 179, 253, 16, 58, 111, 242, 179, 219, 219, 85, 123, 210, 200,
       198, 123, 234, 188, 182, 254, 237, 253, 116, 255, 223, 251, 180,
       24, 238, 253, 126, 127, 205, 255, 255, 17, 187, 111, 251, 243,
       159, 219, 221, 127, 146, 220, 214, 254, 183, 188, 214, 255, 189,
       246, 252, 207, 191, 251, 242, 23, 232, 254, 86, 27, 237, 231, 255,
       145, 190, 207, 251, 255, 191, 254, 223, 210, 225, 124, 227, 223,
       230, 188, 214, 159, 237, 175, 252, 207, 191, 187, 248, 50, 236,
       250, 124, 91, 255, 239, 127, 147, 50, 255, 203, 243, 191, 62, 223,
       190, 149, 120, 227, 139, 230, 188, 244, 255, 236, 173, 252, 239,
       191, 187, 242, 50, 237, 254, 92, 75, 239, 255, 255, 129, 186, 111,
       203, 243, 190, 254, 223, 158, 213, 112, 247, 155, 232, 252, 188,
       255, 173, 253, 85, 182, 255, 91, 188, 24, 190, 61, 2, 59, 137,
       210, 253, 8, 123, 108, 251, 183, 239, 223, 84, 123, 210, 89, 198,
       122, 198, 172, 246, 255, 252, 173, 252, 239, 191, 155, 242, 18,
       237, 234, 92, 75, 255, 239, 127, 145, 186, 126, 203, 243, 191,
       254, 223, 204, 149, 240, 227, 129, 220, 221, 63, 231, 44, 78, 95,
       188, 52, 234, 247, 96, 215, 87, 137, 115, 86, 244, 125, 106, 233,
       213, 121, 44, 247, 235, 103, 148, 32, 179, 0, 113, 232, 253, 189,
       122, 169, 221, 23, 174, 155, 127, 44, 25, 190, 253, 70, 19, 129,
       115, 249, 80, 114, 110, 250, 55, 235, 211, 85, 123, 210, 88, 198,
       251, 60, 65, 18, 238, 93, 71, 86, 232, 133, 140, 233, 11, 74, 217,
       41, 144, 216, 252, 194, 98, 76, 163, 24, 172, 179, 244, 1, 27, 83,
       63, 110, 130, 252, 172, 220, 126, 137, 233, 85, 223, 146, 183,
       165, 25, 55, 241, 66, 27, 9, 246, 236, 16, 58, 111, 218, 50, 219,
       195, 117, 121, 243, 217, 206, 10, 197, 102, 133, 163, 172, 47, 78,
       152, 122, 250, 3, 92, 214, 96, 217, 187, 145, 68, 124, 127, 189,
       84, 221, 34, 173, 26, 237, 116, 136, 123, 211, 4, 77, 52, 157, 69,
       129, 126, 113, 27, 121, 251, 38, 84, 222, 51, 65, 127, 149, 85,
       120, 56, 177, 212, 241, 66, 207, 251, 87, 6, 138, 225, 3, 51, 240,
       186, 255, 120, 138, 233, 81, 215, 178, 23, 164, 57, 55, 167, 64,
       27, 35, 178, 109, 16, 58, 79, 162, 49, 217, 195, 116, 121, 224,
       192, 166, 107, 101, 113, 17, 69, 85, 95, 114, 8, 105, 232, 47, 8,
