%YAML:1.0
---
descriptors: !!opencv-matrix
   rows: 353
   cols: 32
   dt: u
   data: [ 124, 233, 98, 238, 214, 27, 222, 248, 79, 128, 253, 138, 107,
       207, 189, 116, 126, 253, 23, 235, 200, 179, 108, 252, 250, 237,
       167, 188, 119, 191, 114, 144, 30, 233, 226, 175, 220, 11, 238,
       248, 47, 224, 254, 131, 235, 239, 61, 80, 126, 237, 127, 239, 200,
       179, 205, 252, 190, 253, 143, 188, 103, 191, 96, 129, 100, 32, 57,
       103, 9, 79, 67, 40, 96, 164, 173, 8, 210, 23, 8, 48, 152, 84, 72,
       106, 73, 114, 249, 12, 231, 157, 1, 52, 64, 34, 70, 98, 156, 84,
       126, 255, 46, 10, 111, 248, 164, 182, 247, 178, 215, 95, 153, 75,
       110, 245, 127, 234, 232, 213, 105, 172, 243, 235, 239, 148, 37,
       187, 101, 113, 246, 96, 182, 254, 221, 79, 254, 232, 31, 182, 225,
       11, 202, 254, 29, 75, 249, 221, 251, 227, 104, 247, 219, 254, 189,
       254, 207, 31, 209, 127, 119, 194, 220, 20, 255, 247, 44, 106, 125,
       24, 253, 190, 183, 176, 223, 119, 137, 123, 231, 213, 125, 42,
       168, 229, 235, 130, 199, 251, 115, 148, 164, 241, 37, 97, 92, 180,
       189, 240, 168, 108, 89, 159, 187, 255, 150, 56, 159, 191, 72, 123,
       135, 151, 125, 16, 186, 77, 227, 192, 219, 219, 127, 254, 130,
       192, 135, 115, 232, 180, 188, 254, 157, 221, 85, 175, 87, 31, 164,
       24, 186, 255, 74, 179, 201, 154, 249, 16, 58, 110, 243, 179, 235,
       223, 84, 123, 210, 72, 222, 106, 108, 180, 189, 99, 173, 111, 83,
       153, 115, 63, 173, 24, 215, 61, 72, 58, 153, 20, 108, 58, 26, 98,
       249, 16, 207, 223, 65, 117, 210, 235, 198, 114, 186, 190, 238,
       251, 239, 189, 253, 223, 191, 95, 188, 183, 189, 255, 246, 123,
       239, 179, 255, 149, 186, 79, 250, 243, 223, 219, 255, 250, 247,
       204, 243, 255, 236, 112, 189, 97, 36, 111, 83, 152, 91, 238, 55,
       8, 215, 85, 73, 59, 145, 84, 124, 122, 169, 244, 249, 10, 207,
       219, 101, 52, 194, 251, 86, 114, 236, 112, 189, 103, 36, 79, 103,
       24, 123, 234, 55, 8, 215, 87, 73, 59, 144, 84, 124, 106, 233, 244,
       249, 8, 231, 219, 101, 52, 66, 251, 70, 115, 4, 85, 57, 231, 48,
       78, 111, 184, 60, 232, 127, 100, 215, 119, 137, 112, 86, 92, 63,
       106, 193, 144, 121, 14, 229, 255, 39, 132, 24, 243, 100, 113, 77,
       85, 57, 103, 48, 78, 111, 184, 124, 232, 127, 68, 215, 119, 137,
       112, 182, 84, 28, 106, 225, 176, 121, 78, 231, 255, 39, 132, 72,
       179, 65, 49, 77, 103, 16, 71, 116, 31, 102, 176, 105, 168, 107,
       76, 211, 96, 157, 180, 144, 68, 68, 110, 193, 176, 201, 46, 36,
       156, 37, 4, 74, 179, 90, 0, 116, 180, 189, 114, 136, 110, 85, 159,
       162, 183, 167, 24, 87, 119, 73, 59, 1, 214, 108, 58, 56, 103, 251,
       0, 201, 202, 117, 116, 224, 241, 198, 98, 81, 17, 159, 101, 32,
       78, 101, 57, 96, 234, 230, 72, 215, 51, 128, 115, 50, 212, 124,
       42, 105, 240, 241, 12, 197, 235, 96, 4, 104, 240, 2, 57, 213, 157,
       159, 103, 176, 14, 71, 184, 112, 138, 238, 68, 247, 115, 136, 115,
       52, 118, 124, 106, 249, 248, 25, 47, 225, 235, 101, 20, 104, 243,
       66, 41, 241, 184, 247, 116, 173, 253, 80, 215, 251, 123, 182, 124,
       58, 189, 214, 63, 171, 247, 124, 16, 191, 111, 242, 177, 219, 218,
       113, 251, 203, 204, 198, 95, 252, 180, 255, 114, 136, 237, 85,
       223, 178, 183, 165, 24, 83, 247, 72, 27, 41, 210, 108, 26, 58,
       111, 186, 50, 217, 203, 117, 124, 224, 209, 198, 98, 77, 117, 185,
       71, 241, 79, 119, 152, 107, 232, 47, 8, 222, 119, 77, 52, 148, 92,
       124, 106, 193, 112, 249, 10, 239, 253, 5, 52, 74, 51, 71, 114,
       244, 100, 200, 39, 128, 42, 71, 8, 34, 167, 175, 153, 215, 35, 75,
       90, 51, 196, 104, 46, 44, 84, 205, 2, 198, 163, 101, 21, 224, 243,
       78, 2, 165, 246, 220, 119, 180, 59, 87, 188, 120, 234, 55, 124,
       215, 113, 154, 57, 23, 78, 116, 42, 165, 244, 221, 46, 238, 175,
       117, 20, 236, 249, 218, 17, 69, 117, 17, 101, 17, 78, 119, 56,
       104, 224, 107, 12, 222, 51, 1, 48, 144, 84, 72, 106, 65, 176, 209,
       12, 165, 188, 0, 6, 72, 51, 67, 50, 117, 69, 93, 100, 24, 78, 71,
       184, 224, 176, 171, 8, 87, 51, 9, 115, 34, 212, 108, 106, 73, 161,
       89, 12, 241, 168, 101, 20, 97, 179, 66, 32, 252, 68, 124, 103,
       128, 74, 71, 168, 113, 162, 175, 8, 215, 115, 9, 115, 19, 212,
       104, 106, 105, 244, 217, 46, 229, 235, 69, 20, 104, 243, 68, 32,
       224, 140, 157, 254, 200, 237, 21, 167, 154, 19, 32, 24, 182, 247,
       64, 91, 129, 114, 104, 0, 50, 79, 202, 49, 221, 162, 84, 57, 144,
       72, 135, 42, 80, 141, 125, 111, 184, 75, 71, 191, 100, 32, 170, 8,
       247, 115, 8, 113, 18, 214, 108, 106, 88, 169, 89, 61, 233, 235,
       37, 80, 112, 250, 196, 40, 245, 100, 172, 182, 140, 108, 65, 19,
       178, 251, 134, 25, 247, 245, 83, 59, 129, 238, 125, 25, 40, 69,
       251, 34, 217, 163, 253, 57, 160, 120, 214, 122, 242, 172, 254, 94,
       139, 96, 93, 239, 187, 191, 164, 153, 102, 231, 70, 27, 129, 247,
       237, 16, 58, 79, 170, 115, 219, 242, 85, 191, 128, 96, 166, 111,
       204, 117, 124, 103, 178, 14, 127, 188, 57, 174, 127, 169, 223,
       119, 139, 17, 23, 85, 253, 110, 96, 208, 233, 111, 239, 255, 101,
       132, 34, 247, 135, 113, 208, 176, 181, 48, 136, 236, 81, 154, 226,
       121, 162, 24, 151, 147, 72, 27, 1, 151, 108, 17, 27, 109, 250, 17,
       217, 128, 115, 124, 232, 0, 135, 114, 245, 121, 221, 100, 168, 76,
       69, 188, 224, 250, 162, 72, 83, 49, 193, 51, 0, 196, 108, 106,
       201, 99, 251, 40, 241, 169, 101, 28, 104, 178, 194, 33, 86, 109,
       172, 30, 153, 217, 86, 236, 175, 148, 141, 8, 110, 242, 61, 20,
       168, 243, 201, 195, 74, 3, 74, 121, 241, 22, 13, 59, 16, 119, 143,
       6, 180, 237, 106, 174, 214, 139, 255, 252, 125, 224, 252, 11, 123,
       233, 51, 0, 122, 233, 23, 227, 236, 179, 12, 253, 254, 205, 167,
       173, 117, 187, 120, 194, 100, 112, 57, 101, 9, 79, 67, 168, 106,
       164, 41, 8, 210, 21, 72, 48, 152, 84, 72, 106, 73, 112, 249, 28,
       229, 156, 1, 52, 64, 35, 70, 98, 14, 228, 210, 167, 221, 111, 250,
       232, 63, 161, 251, 2, 206, 255, 61, 80, 249, 221, 255, 243, 8,
       243, 217, 252, 191, 255, 143, 119, 199, 123, 97, 130, 188, 76,
       126, 255, 28, 11, 79, 248, 180, 182, 247, 131, 215, 79, 59, 67,
       122, 228, 95, 234, 104, 245, 73, 191, 242, 235, 231, 148, 53, 187,
       116, 210, 76, 53, 177, 67, 241, 111, 49, 3, 59, 189, 47, 24, 222,
       119, 76, 62, 145, 31, 192, 48, 17, 240, 249, 66, 79, 212, 5, 103,
       194, 98, 135, 163, 126, 100, 150, 254, 221, 79, 246, 232, 31, 162,
       225, 10, 206, 254, 77, 72, 249, 221, 235, 243, 104, 103, 219, 250,
       189, 254, 207, 95, 209, 123, 119, 130, 220, 68, 255, 247, 44, 42,
       121, 184, 188, 190, 183, 144, 223, 111, 153, 75, 127, 213, 125,
       170, 40, 197, 107, 136, 210, 251, 235, 148, 36, 241, 5, 113, 254,
       233, 182, 254, 205, 79, 86, 232, 223, 150, 161, 10, 78, 253, 101,
       83, 217, 253, 251, 227, 104, 99, 219, 248, 187, 251, 199, 63, 83,
       127, 246, 2, 92, 54, 189, 245, 168, 108, 121, 27, 171, 191, 183,
       56, 223, 191, 200, 123, 135, 215, 125, 152, 184, 69, 235, 192,
       219, 251, 127, 220, 128, 224, 135, 115, 104, 181, 24, 113, 217,
       233, 53, 239, 59, 53, 44, 25, 142, 7, 74, 16, 129, 31, 193, 16,
       18, 88, 218, 87, 111, 149, 21, 127, 194, 0, 135, 170, 124, 189,
       182, 252, 141, 237, 86, 230, 199, 150, 172, 9, 42, 253, 101, 18,
       201, 242, 251, 66, 104, 107, 218, 187, 251, 223, 197, 59, 82, 125,
       118, 74, 200, 184, 189, 114, 169, 253, 84, 159, 251, 59, 180, 24,
       191, 191, 64, 187, 135, 115, 253, 16, 186, 109, 250, 241, 219,
       219, 117, 251, 194, 80, 135, 43, 232, 244, 188, 254, 157, 221, 85,
       175, 83, 23, 172, 24, 186, 253, 10, 51, 201, 146, 249, 0, 122,
       110, 243, 183, 235, 223, 84, 123, 210, 88, 214, 106, 238, 188,
       148, 250, 173, 253, 208, 159, 191, 187, 177, 24, 238, 249, 92, 59,
       193, 115, 127, 16, 62, 111, 218, 243, 143, 219, 85, 123, 210, 72,
