%YAML:1.0
---
descriptors: !!opencv-matrix
   rows: 261
   cols: 32
   dt: u
   data: [ 248, 184, 255, 112, 138, 232, 81, 71, 178, 23, 164, 56, 55,
       183, 64, 58, 35, 178, 109, 16, 58, 75, 162, 19, 219, 195, 116,
       121, 224, 192, 198, 107, 100, 117, 185, 103, 145, 79, 103, 172,
       122, 234, 42, 8, 214, 119, 73, 50, 145, 124, 120, 106, 97, 240,
       249, 46, 237, 255, 5, 52, 64, 115, 199, 114, 108, 228, 189, 98,
       137, 77, 87, 136, 98, 183, 173, 24, 214, 117, 72, 59, 153, 82,
       104, 122, 90, 98, 251, 49, 239, 219, 69, 127, 210, 83, 198, 98,
       109, 117, 57, 103, 157, 79, 71, 168, 120, 224, 42, 8, 210, 117,
       73, 48, 152, 84, 88, 106, 105, 240, 249, 46, 237, 223, 5, 52, 64,
       123, 86, 114, 208, 24, 159, 116, 168, 236, 65, 51, 164, 27, 162,
       56, 215, 55, 0, 123, 3, 86, 124, 24, 57, 77, 179, 4, 217, 227,
       112, 80, 160, 128, 135, 51, 36, 113, 49, 71, 77, 79, 71, 56, 79,
       232, 41, 8, 210, 85, 77, 52, 144, 92, 66, 106, 65, 112, 121, 28,
       37, 156, 5, 52, 80, 59, 70, 160, 5, 85, 29, 103, 48, 14, 111, 188,
       116, 234, 94, 100, 245, 115, 137, 112, 54, 108, 60, 110, 225, 144,
       125, 46, 228, 239, 39, 132, 40, 243, 1, 49, 125, 93, 125, 103,
       180, 78, 79, 184, 97, 232, 190, 64, 83, 119, 137, 114, 22, 212,
       124, 106, 233, 161, 121, 46, 227, 239, 37, 148, 106, 243, 66, 49,
       253, 112, 253, 103, 40, 78, 85, 152, 97, 250, 181, 8, 211, 87,
       205, 59, 20, 212, 124, 106, 233, 103, 251, 8, 243, 217, 101, 60,
       99, 179, 70, 113, 236, 52, 189, 114, 232, 109, 81, 152, 115, 251,
       165, 24, 223, 215, 73, 59, 145, 212, 108, 58, 59, 103, 251, 2,
       223, 219, 113, 125, 194, 243, 70, 178, 232, 236, 180, 252, 141,
       221, 84, 230, 155, 23, 164, 8, 174, 189, 7, 51, 201, 242, 251, 64,
       110, 111, 242, 191, 251, 251, 84, 59, 82, 92, 70, 74, 162, 168,
       204, 83, 232, 169, 225, 207, 170, 183, 164, 185, 163, 227, 70, 27,
       9, 162, 235, 16, 58, 111, 202, 49, 78, 131, 85, 121, 193, 200,
       206, 138, 221, 38, 148, 182, 168, 60, 78, 138, 251, 191, 171, 125,
       207, 226, 203, 219, 135, 199, 108, 30, 188, 69, 203, 34, 154, 247,
       119, 252, 128, 241, 139, 5, 246, 170, 191, 92, 234, 96, 17, 203,
       171, 191, 165, 185, 4, 231, 68, 27, 131, 119, 237, 16, 50, 79,
       170, 113, 155, 179, 93, 255, 128, 97, 135, 99, 252, 4, 95, 118,
       168, 44, 85, 186, 176, 50, 166, 56, 247, 55, 9, 91, 167, 215, 108,
       42, 104, 71, 139, 43, 211, 235, 117, 29, 96, 241, 14, 34, 196, 54,
       149, 114, 168, 173, 65, 155, 187, 191, 163, 88, 198, 178, 73, 27,
       133, 215, 108, 24, 58, 101, 203, 2, 153, 146, 117, 126, 192, 65,
       131, 33, 96, 244, 145, 115, 157, 109, 84, 175, 111, 59, 40, 88,
       150, 179, 76, 118, 145, 151, 104, 0, 91, 104, 219, 19, 173, 214,
       85, 126, 208, 88, 196, 42, 192, 236, 157, 251, 200, 237, 33, 143,
       190, 19, 32, 24, 182, 179, 64, 91, 129, 50, 106, 24, 51, 76, 219,
       51, 205, 130, 84, 120, 144, 64, 135, 170, 116, 69, 89, 103, 21,
       79, 71, 56, 118, 160, 171, 8, 115, 113, 25, 112, 49, 212, 72, 106,
       105, 176, 121, 31, 249, 142, 5, 20, 113, 187, 64, 32, 100, 225,
       27, 120, 93, 198, 199, 228, 232, 128, 232, 8, 82, 215, 40, 48,
       216, 252, 82, 234, 73, 227, 186, 92, 121, 188, 135, 28, 65, 51,
       102, 162, 205, 112, 189, 101, 32, 78, 111, 24, 104, 234, 39, 72,
       211, 23, 65, 59, 22, 212, 124, 106, 193, 244, 249, 8, 229, 249,
       101, 4, 72, 243, 71, 112, 69, 113, 17, 69, 21, 14, 98, 184, 120,
       224, 106, 76, 222, 17, 8, 48, 148, 76, 104, 110, 193, 240, 153,
       78, 165, 188, 5, 70, 72, 51, 67, 33, 101, 97, 116, 103, 52, 10,
       110, 168, 121, 160, 107, 8, 203, 105, 29, 176, 178, 76, 125, 111,
       64, 240, 201, 12, 166, 254, 5, 20, 102, 179, 82, 0, 216, 48, 188,
       240, 41, 76, 89, 24, 171, 185, 181, 24, 159, 159, 72, 123, 134,
       149, 253, 16, 10, 103, 242, 0, 219, 249, 112, 255, 194, 128, 71,
       35, 133, 142, 205, 59, 164, 170, 101, 158, 118, 179, 106, 212,
       243, 225, 208, 89, 83, 110, 42, 28, 51, 252, 207, 50, 172, 170,
       119, 64, 236, 240, 208, 168, 149, 206, 207, 127, 144, 170, 101,
       190, 118, 147, 98, 212, 243, 97, 152, 89, 83, 110, 40, 30, 59,
       252, 77, 63, 204, 170, 117, 0, 236, 208, 192, 40, 205, 112, 181,
       101, 37, 30, 119, 24, 121, 234, 118, 76, 222, 113, 73, 191, 148,
       68, 108, 110, 225, 244, 241, 8, 231, 251, 101, 4, 74, 241, 75, 33,
       106, 173, 148, 58, 153, 237, 20, 175, 139, 63, 40, 25, 174, 186,
       64, 146, 129, 115, 232, 16, 54, 106, 210, 51, 175, 214, 84, 123,
       210, 76, 143, 14, 205, 120, 157, 101, 33, 14, 119, 148, 105, 250,
       38, 76, 254, 51, 65, 59, 128, 84, 124, 110, 225, 244, 241, 104,
       199, 251, 69, 6, 74, 113, 67, 43, 237, 32, 189, 99, 141, 111, 115,
       136, 107, 178, 39, 24, 214, 117, 73, 59, 145, 84, 104, 122, 49,
       116, 249, 32, 207, 219, 69, 119, 192, 123, 71, 34, 129, 174, 197,
       27, 216, 170, 101, 159, 246, 51, 74, 208, 243, 225, 216, 91, 65,
       110, 106, 28, 51, 252, 207, 51, 12, 38, 247, 68, 232, 200, 208,
       168, 205, 117, 180, 71, 241, 63, 119, 184, 121, 234, 47, 76, 222,
       120, 77, 183, 145, 68, 120, 106, 229, 240, 249, 74, 47, 255, 69,
       6, 202, 115, 75, 150, 184, 34, 255, 112, 42, 233, 81, 87, 162,
       191, 164, 56, 19, 135, 64, 27, 47, 182, 68, 24, 24, 111, 160, 0,
       217, 201, 112, 113, 225, 128, 70, 107, 252, 190, 220, 114, 168,
       173, 85, 223, 178, 191, 165, 29, 87, 227, 74, 27, 1, 246, 109, 24,
       58, 79, 202, 50, 219, 203, 117, 125, 224, 208, 198, 35, 248, 188,
       252, 122, 188, 237, 81, 223, 211, 63, 188, 56, 51, 177, 66, 27, 9,
       178, 108, 24, 58, 111, 250, 51, 219, 203, 117, 121, 243, 200, 198,
       43, 248, 252, 252, 122, 172, 237, 85, 223, 215, 63, 180, 57, 51,
       241, 102, 27, 201, 242, 237, 16, 122, 111, 218, 55, 251, 219, 117,
       121, 83, 216, 206, 10, 100, 99, 56, 99, 88, 15, 67, 152, 98, 172,
       173, 12, 211, 83, 73, 16, 144, 92, 68, 122, 8, 114, 249, 16, 205,
       157, 37, 52, 64, 179, 70, 163, 205, 221, 148, 87, 169, 158, 70,
       188, 251, 186, 47, 68, 254, 115, 73, 119, 149, 102, 104, 106, 225,
       65, 155, 107, 171, 186, 69, 20, 138, 243, 201, 1, 248, 190, 246,
       114, 169, 253, 81, 223, 179, 63, 164, 56, 46, 247, 64, 159, 39,
       246, 237, 24, 58, 79, 170, 115, 219, 215, 85, 123, 226, 192, 134,
       107, 205, 20, 157, 103, 160, 110, 103, 191, 120, 250, 43, 88, 215,
       51, 1, 115, 147, 86, 124, 42, 113, 244, 249, 42, 229, 191, 101, 4,
       8, 113, 131, 49, 108, 245, 181, 99, 137, 77, 71, 136, 107, 191,
       45, 8, 210, 117, 73, 62, 145, 84, 104, 122, 91, 96, 249, 48, 239,
       223, 69, 118, 194, 123, 198, 34, 13, 117, 17, 71, 117, 30, 230,
       184, 125, 232, 107, 72, 222, 113, 13, 180, 144, 92, 80, 106, 225,
       176, 121, 78, 39, 190, 5, 4, 74, 51, 75, 176, 77, 85, 149, 71,
       129, 62, 102, 184, 105, 170, 107, 76, 214, 114, 137, 247, 144, 84,
       108, 106, 225, 240, 217, 10, 165, 190, 69, 4, 74, 243, 74, 37, 37,
       117, 17, 71, 117, 95, 102, 184, 105, 232, 43, 72, 210, 81, 77,
       180, 144, 92, 64, 106, 65, 240, 121, 12, 45, 156, 5, 54, 74, 59,
       74, 164, 104, 177, 188, 250, 189, 221, 85, 47, 207, 29, 173, 24,
       190, 253, 74, 51, 137, 146, 237, 0, 90, 107, 250, 149, 203, 219,
       80, 123, 210, 8, 198, 106, 252, 172, 252, 118, 169, 109, 85, 255,
       179, 191, 164, 24, 115, 247, 73, 31, 9, 246, 237, 26, 56, 111,
       250, 34, 219, 219, 117, 61, 226, 240, 198, 106, 224, 188, 157,
       218, 248, 237, 5, 207, 250, 59, 160, 24, 150, 243, 72, 59, 129,
       82, 106, 24, 51, 111, 218, 115, 221, 146, 117, 124, 216, 72, 195,
       42, 246, 186, 140, 182, 202, 36, 20, 207, 162, 183, 132, 157, 4,
       235, 74, 27, 165, 239, 233, 149, 62, 75, 218, 32, 218, 3, 221,
       127, 137, 96, 155, 146, 197, 54, 156, 82, 168, 45, 5, 159, 186,
       187, 163, 92, 214, 243, 73, 27, 133, 71, 108, 28, 50, 77, 203, 98,
