%YAML:1.0
---
descriptors: !!opencv-matrix
   rows: 215
   cols: 32
   dt: u
   data: [ 108, 52, 149, 99, 169, 111, 87, 136, 42, 247, 45, 24, 214,
       113, 73, 63, 145, 84, 120, 58, 49, 96, 251, 2, 205, 250, 69, 116,
       194, 115, 198, 98, 108, 113, 61, 111, 29, 79, 71, 168, 66, 228,
       173, 8, 210, 85, 73, 48, 152, 212, 121, 106, 73, 98, 251, 60, 229,
       223, 5, 52, 80, 59, 86, 98, 100, 228, 156, 122, 137, 77, 87, 168,
       179, 151, 165, 24, 246, 243, 75, 27, 153, 210, 105, 122, 122, 102,
       250, 51, 235, 211, 69, 125, 208, 115, 206, 98, 216, 164, 156, 48,
       169, 61, 20, 143, 187, 63, 168, 25, 142, 163, 74, 27, 129, 23,
       237, 16, 54, 77, 195, 51, 219, 211, 85, 127, 130, 68, 143, 10,
       249, 188, 253, 118, 169, 253, 85, 222, 243, 251, 180, 24, 123,
       245, 198, 63, 137, 246, 236, 8, 191, 111, 250, 163, 219, 251, 85,
       59, 235, 196, 206, 127, 248, 190, 156, 178, 168, 237, 85, 222,
       179, 255, 180, 189, 63, 247, 66, 91, 135, 243, 237, 20, 191, 79,
       202, 51, 218, 195, 117, 185, 168, 208, 142, 91, 104, 173, 148, 58,
       153, 253, 20, 175, 155, 31, 168, 25, 174, 251, 66, 155, 129, 123,
       233, 16, 62, 107, 218, 51, 171, 215, 85, 123, 210, 92, 142, 10,
       129, 134, 201, 117, 180, 42, 107, 59, 116, 35, 98, 208, 211, 35,
       144, 112, 19, 206, 44, 60, 57, 188, 69, 15, 236, 174, 49, 68, 236,
       224, 192, 32, 120, 176, 189, 112, 153, 237, 81, 23, 235, 61, 44,
       24, 54, 183, 64, 58, 129, 22, 108, 24, 18, 105, 178, 17, 219, 221,
       16, 123, 194, 0, 198, 107, 209, 207, 31, 103, 176, 46, 71, 183,
       116, 138, 122, 84, 247, 115, 128, 113, 52, 102, 108, 46, 249, 185,
       9, 47, 224, 239, 36, 208, 104, 243, 192, 41, 69, 113, 29, 101, 1,
       78, 55, 32, 104, 192, 98, 8, 214, 51, 1, 51, 144, 84, 104, 98, 65,
       240, 177, 12, 229, 185, 64, 2, 72, 51, 67, 34, 193, 168, 253, 83,
       170, 248, 57, 143, 254, 179, 134, 144, 181, 246, 208, 123, 7, 119,
       120, 28, 183, 77, 239, 115, 207, 251, 95, 121, 132, 192, 139, 44,
       132, 237, 27, 127, 148, 199, 103, 252, 116, 128, 111, 0, 243, 243,
       41, 96, 88, 108, 34, 106, 104, 240, 26, 62, 225, 239, 39, 64, 64,
       243, 98, 162, 93, 69, 125, 103, 20, 14, 79, 184, 100, 128, 239,
       64, 211, 115, 153, 112, 50, 196, 92, 110, 233, 176, 125, 46, 231,
       239, 37, 20, 104, 243, 64, 32, 120, 187, 88, 32, 42, 168, 80, 95,
       34, 45, 188, 237, 39, 131, 194, 16, 182, 163, 229, 16, 30, 11,
       130, 17, 218, 197, 37, 249, 168, 128, 138, 147, 212, 174, 189,
       119, 188, 43, 221, 175, 250, 182, 186, 56, 247, 104, 216, 43, 131,
       119, 108, 41, 56, 237, 233, 46, 232, 171, 117, 20, 196, 248, 199,
       33, 244, 124, 172, 182, 140, 109, 87, 142, 194, 242, 135, 24, 215,
       253, 83, 59, 137, 214, 125, 83, 40, 69, 251, 34, 217, 195, 253,
       49, 160, 121, 214, 114, 252, 52, 149, 114, 169, 108, 84, 153, 243,
       187, 177, 88, 223, 251, 73, 187, 137, 214, 236, 18, 58, 103, 219,
       34, 219, 219, 117, 62, 226, 113, 198, 35, 252, 48, 189, 112, 136,
       125, 81, 87, 226, 185, 164, 24, 27, 151, 64, 59, 133, 214, 204,
       16, 27, 111, 242, 0, 219, 201, 53, 125, 225, 64, 134, 35, 148,
       253, 159, 247, 144, 110, 103, 253, 52, 162, 239, 16, 87, 115, 9,
       81, 113, 254, 73, 234, 120, 212, 25, 46, 233, 167, 167, 5, 32,
       115, 164, 34, 192, 140, 157, 255, 200, 237, 37, 175, 186, 51, 32,
       24, 182, 51, 64, 91, 129, 114, 106, 24, 51, 76, 211, 51, 205, 162,
       116, 120, 144, 64, 135, 42, 96, 205, 28, 255, 137, 237, 21, 166,
       158, 22, 174, 8, 246, 55, 0, 83, 129, 114, 232, 66, 106, 9, 123,
       63, 227, 243, 84, 27, 16, 89, 132, 42, 108, 157, 156, 126, 169,
       173, 23, 175, 146, 190, 172, 41, 230, 121, 67, 19, 129, 118, 232,
       2, 50, 104, 219, 63, 235, 247, 85, 123, 208, 120, 206, 11, 76,
       117, 121, 101, 50, 74, 63, 56, 57, 228, 111, 173, 223, 23, 137,
       80, 22, 93, 93, 110, 64, 144, 249, 78, 231, 255, 33, 132, 34, 179,
       7, 113, 109, 53, 49, 101, 53, 31, 118, 56, 105, 232, 63, 77, 218,
       61, 158, 176, 148, 68, 124, 110, 197, 240, 241, 142, 231, 255, 33,
       150, 74, 167, 82, 119, 197, 138, 189, 55, 168, 46, 165, 191, 232,
       255, 226, 85, 247, 113, 0, 91, 133, 103, 104, 15, 176, 252, 219,
       32, 205, 170, 119, 16, 192, 96, 195, 233, 85, 60, 189, 55, 140,
       111, 85, 191, 240, 242, 134, 28, 215, 113, 75, 11, 1, 87, 124, 59,
       57, 229, 219, 40, 233, 131, 117, 20, 232, 113, 131, 42, 78, 237,
       44, 30, 155, 217, 30, 232, 190, 128, 141, 8, 254, 242, 57, 176,
       16, 243, 251, 75, 66, 67, 222, 127, 241, 7, 15, 57, 18, 119, 143,
       34, 77, 253, 17, 103, 49, 30, 102, 184, 105, 232, 111, 76, 222,
       115, 9, 180, 144, 100, 124, 106, 201, 176, 249, 44, 231, 249, 37,
       20, 74, 179, 75, 33, 76, 112, 149, 112, 105, 125, 49, 0, 235, 251,
       37, 8, 158, 149, 77, 62, 129, 85, 96, 26, 1, 118, 250, 0, 71, 217,
       85, 46, 194, 115, 71, 163, 17, 168, 71, 29, 64, 139, 96, 7, 118,
       33, 98, 208, 243, 0, 128, 80, 121, 174, 42, 8, 26, 248, 197, 13,
       140, 166, 17, 64, 224, 136, 208, 168, 113, 188, 245, 86, 169, 237,
       84, 223, 251, 251, 176, 120, 58, 253, 196, 63, 143, 247, 124, 0,
       191, 111, 234, 97, 155, 250, 117, 250, 203, 208, 198, 63, 220,
       164, 156, 112, 169, 105, 85, 143, 179, 191, 173, 25, 143, 183, 74,
       27, 131, 151, 237, 16, 58, 79, 203, 18, 219, 195, 117, 127, 160,
       64, 142, 3, 212, 36, 189, 114, 138, 104, 81, 24, 178, 183, 167,
       24, 87, 247, 73, 27, 35, 212, 109, 18, 58, 71, 170, 2, 219, 195,
       117, 125, 224, 225, 134, 99, 251, 174, 244, 178, 232, 173, 92,
       159, 179, 59, 176, 249, 191, 255, 66, 27, 135, 247, 253, 20, 62,
       79, 202, 51, 219, 219, 117, 249, 162, 196, 130, 75, 81, 143, 93,
       101, 176, 46, 71, 183, 100, 8, 250, 68, 247, 35, 128, 112, 22,
       230, 108, 110, 185, 184, 65, 47, 232, 175, 36, 80, 104, 226, 192,
       41, 120, 176, 59, 112, 25, 237, 81, 87, 235, 61, 172, 24, 54, 149,
       64, 50, 161, 146, 108, 24, 18, 107, 178, 17, 219, 221, 16, 123,
       226, 0, 198, 107, 216, 88, 221, 116, 42, 78, 69, 50, 48, 170, 166,
       40, 87, 55, 128, 123, 34, 244, 108, 42, 105, 205, 241, 8, 209,
       235, 117, 16, 40, 224, 6, 57, 101, 135, 88, 67, 180, 63, 71, 185,
       119, 59, 63, 124, 211, 96, 142, 112, 23, 198, 12, 126, 190, 176,
       109, 63, 238, 143, 37, 116, 216, 219, 200, 5, 88, 56, 255, 117,
       32, 108, 97, 18, 160, 24, 166, 56, 247, 183, 0, 123, 2, 116, 108,
       8, 9, 69, 179, 0, 193, 227, 112, 0, 32, 160, 6, 51, 205, 166, 200,
       19, 210, 168, 39, 142, 114, 183, 10, 252, 209, 226, 202, 216, 113,
       206, 106, 154, 55, 94, 207, 50, 124, 7, 183, 108, 168, 81, 171,
       32, 245, 70, 202, 71, 36, 54, 70, 152, 117, 174, 231, 80, 67, 96,
       155, 254, 113, 196, 108, 238, 236, 244, 237, 42, 178, 239, 225,
       21, 99, 247, 120, 4, 226, 174, 204, 90, 200, 185, 64, 207, 187,
       55, 164, 153, 35, 225, 78, 31, 43, 178, 234, 24, 58, 111, 206,
       113, 94, 147, 85, 123, 195, 200, 206, 202, 100, 180, 153, 218,
       204, 173, 71, 142, 250, 59, 169, 88, 214, 240, 76, 48, 129, 90,
       106, 26, 59, 107, 218, 51, 189, 150, 85, 124, 208, 75, 195, 32, 4,
       237, 31, 127, 156, 207, 103, 248, 118, 130, 107, 0, 243, 241, 33,
       96, 89, 106, 42, 106, 105, 242, 91, 63, 237, 174, 37, 8, 88, 251,
       96, 162, 93, 69, 125, 103, 22, 78, 79, 184, 100, 160, 235, 64, 83,
       115, 25, 112, 48, 196, 92, 106, 105, 176, 89, 14, 227, 239, 37,
       20, 96, 243, 64, 32, 89, 146, 230, 85, 51, 218, 113, 51, 119, 109,
       102, 164, 43, 5, 150, 253, 54, 44, 236, 28, 141, 216, 53, 141,
       202, 235, 112, 131, 238, 132, 76, 127, 252, 54, 149, 114, 169, 45,
       84, 155, 243, 187, 177, 120, 223, 243, 73, 187, 129, 214, 108, 18,
       58, 103, 203, 34, 155, 219, 117, 62, 226, 249, 194, 3, 196, 152,
       189, 94, 136, 236, 17, 143, 206, 147, 160, 24, 246, 244, 100, 107,
