%YAML:1.0
---
descriptors: !!opencv-matrix
   rows: 285
   cols: 32
   dt: u
   data: [ 125, 93, 125, 103, 176, 78, 79, 184, 96, 232, 190, 76, 215,
       119, 137, 115, 22, 212, 92, 106, 201, 161, 121, 44, 243, 233, 101,
       148, 42, 243, 66, 57, 93, 221, 57, 231, 176, 14, 79, 189, 36, 232,
       254, 100, 215, 119, 137, 112, 86, 214, 93, 106, 249, 144, 121, 46,
       225, 237, 39, 148, 40, 242, 128, 49, 236, 52, 189, 115, 173, 125,
       81, 152, 91, 255, 165, 24, 222, 95, 75, 59, 153, 208, 253, 58, 59,
       102, 251, 18, 207, 219, 81, 125, 210, 105, 70, 114, 252, 112, 189,
       99, 40, 110, 83, 152, 115, 250, 165, 24, 215, 87, 73, 59, 149,
       212, 124, 122, 41, 103, 251, 2, 211, 219, 97, 60, 224, 243, 70,
       115, 120, 184, 253, 112, 168, 253, 81, 214, 163, 247, 164, 24, 19,
       183, 66, 58, 3, 246, 236, 24, 26, 107, 250, 16, 219, 203, 117,
       125, 226, 192, 198, 115, 230, 237, 246, 159, 237, 185, 254, 238,
       191, 243, 251, 26, 238, 234, 125, 207, 255, 255, 255, 211, 254,
       111, 203, 251, 188, 254, 223, 190, 149, 127, 227, 141, 198, 237,
       246, 215, 238, 43, 254, 254, 191, 178, 255, 26, 206, 235, 92, 91,
       255, 239, 127, 187, 242, 247, 203, 247, 190, 190, 207, 220, 167,
       251, 227, 129, 222, 236, 246, 255, 252, 47, 126, 254, 63, 187,
       251, 26, 207, 234, 93, 91, 255, 239, 127, 179, 184, 247, 219, 234,
       191, 254, 223, 188, 133, 251, 243, 137, 230, 236, 228, 255, 237,
       47, 206, 239, 255, 187, 185, 26, 207, 251, 29, 27, 217, 199, 127,
       98, 250, 103, 219, 251, 191, 255, 199, 190, 215, 251, 242, 130,
       192, 136, 157, 251, 200, 205, 5, 175, 158, 19, 32, 24, 182, 243,
       64, 91, 129, 122, 106, 24, 18, 76, 218, 49, 205, 162, 86, 120,
       144, 8, 133, 170, 69, 113, 145, 69, 49, 15, 102, 56, 104, 168,
       107, 76, 214, 49, 9, 182, 144, 68, 104, 110, 193, 240, 209, 8,
       165, 188, 1, 4, 72, 179, 67, 33, 22, 101, 116, 207, 190, 11, 254,
       236, 127, 160, 251, 2, 206, 106, 29, 64, 250, 205, 127, 227, 232,
       243, 201, 254, 180, 254, 143, 150, 117, 123, 227, 129, 143, 86,
       239, 133, 38, 86, 175, 56, 29, 238, 87, 230, 220, 62, 151, 103,
       118, 117, 191, 239, 225, 212, 53, 206, 36, 123, 239, 134, 14, 247,
       53, 117, 188, 104, 123, 69, 66, 74, 99, 80, 96, 128, 100, 8, 19,
       23, 129, 57, 56, 244, 68, 106, 9, 246, 160, 40, 65, 137, 33, 0,
       97, 179, 70, 160, 20, 165, 185, 114, 155, 237, 19, 207, 242, 53,
       173, 24, 31, 247, 72, 48, 163, 155, 200, 16, 18, 107, 186, 55,
       251, 197, 21, 125, 225, 67, 135, 162, 237, 252, 188, 254, 141,
       253, 87, 182, 219, 250, 165, 24, 251, 253, 69, 59, 201, 250, 125,
       94, 57, 110, 250, 186, 239, 223, 213, 58, 218, 121, 210, 58, 216,
       176, 188, 240, 169, 237, 89, 159, 187, 187, 180, 24, 159, 183, 64,
       59, 133, 159, 253, 24, 186, 79, 242, 80, 219, 219, 117, 253, 194,
       192, 134, 59, 248, 188, 188, 120, 169, 253, 85, 255, 251, 59, 180,
       24, 191, 253, 66, 59, 133, 147, 253, 24, 186, 111, 250, 183, 219,
       219, 117, 122, 194, 72, 199, 43, 238, 60, 180, 250, 173, 189, 88,
       211, 223, 187, 180, 24, 174, 249, 85, 251, 201, 247, 255, 25, 186,
       111, 250, 242, 223, 219, 215, 123, 146, 217, 218, 162, 232, 188,
       188, 252, 173, 253, 85, 223, 255, 59, 180, 24, 190, 249, 69, 59,
       201, 242, 255, 0, 170, 111, 242, 179, 211, 219, 85, 59, 210, 124,
       218, 43, 109, 117, 29, 101, 164, 14, 103, 184, 96, 232, 42, 76,
       215, 49, 137, 51, 50, 68, 108, 110, 193, 112, 249, 8, 229, 169,
       101, 20, 104, 243, 66, 33, 20, 189, 185, 239, 188, 175, 127, 191,
       46, 169, 254, 32, 247, 251, 200, 96, 255, 95, 127, 24, 26, 184,
       233, 63, 237, 237, 175, 212, 164, 250, 129, 163, 198, 188, 254,
       191, 236, 169, 252, 223, 190, 187, 242, 187, 253, 239, 89, 91,
       239, 255, 127, 145, 178, 127, 203, 227, 220, 191, 255, 232, 133,
       248, 161, 155, 221, 92, 63, 231, 40, 78, 127, 184, 60, 234, 247,
       112, 215, 87, 129, 123, 182, 245, 125, 106, 233, 212, 249, 46,
       231, 251, 103, 132, 40, 179, 1, 51, 204, 84, 189, 247, 32, 110,
       123, 24, 56, 250, 119, 48, 223, 119, 1, 123, 247, 84, 125, 106,
       161, 212, 249, 42, 199, 251, 99, 132, 136, 243, 7, 115, 101, 78,
       13, 103, 180, 46, 103, 184, 96, 170, 126, 76, 211, 97, 153, 114,
       21, 68, 108, 110, 233, 180, 109, 46, 228, 175, 101, 148, 72, 243,
       82, 33, 60, 65, 114, 228, 85, 87, 90, 80, 69, 164, 255, 11, 75,
       157, 51, 128, 120, 188, 151, 227, 76, 179, 112, 156, 243, 221,
       129, 21, 119, 175, 124, 66, 197, 244, 141, 19, 172, 47, 231, 152,
       122, 251, 11, 92, 214, 112, 217, 43, 17, 70, 120, 127, 177, 116,
       249, 34, 172, 14, 101, 116, 200, 123, 209, 32, 248, 170, 191, 122,
       138, 224, 81, 215, 178, 23, 164, 185, 55, 231, 64, 27, 39, 178,
       109, 144, 58, 79, 162, 51, 217, 227, 116, 121, 160, 192, 166, 123,
       253, 253, 158, 126, 185, 175, 86, 254, 243, 138, 174, 12, 127,
       243, 11, 18, 179, 254, 108, 106, 106, 99, 218, 47, 251, 255, 37,
       56, 234, 243, 202, 3, 244, 112, 255, 114, 136, 109, 69, 152, 162,
       191, 164, 24, 87, 247, 73, 59, 1, 244, 108, 24, 56, 71, 250, 0,
       217, 139, 117, 124, 224, 241, 198, 99, 109, 113, 17, 101, 49, 94,
       83, 24, 105, 232, 110, 72, 222, 17, 1, 176, 144, 92, 68, 106, 73,
       176, 241, 12, 231, 221, 1, 54, 74, 51, 66, 179, 248, 180, 156, 50,
       168, 173, 80, 223, 179, 187, 164, 29, 31, 243, 74, 27, 129, 199,
       237, 20, 58, 79, 218, 51, 219, 195, 117, 125, 232, 192, 138, 10,
       77, 116, 149, 103, 97, 95, 119, 184, 121, 234, 111, 8, 222, 112,
       73, 54, 146, 92, 96, 106, 97, 244, 249, 10, 103, 223, 69, 6, 74,
       115, 75, 183, 229, 125, 189, 103, 172, 15, 71, 184, 88, 250, 175,
       76, 210, 113, 89, 51, 145, 68, 124, 110, 233, 116, 249, 46, 239,
       219, 69, 52, 72, 123, 82, 48, 236, 180, 189, 115, 173, 125, 81,
       155, 123, 123, 173, 24, 223, 125, 72, 58, 153, 18, 252, 16, 59,
       102, 251, 19, 207, 219, 81, 127, 210, 73, 198, 114, 252, 188, 252,
       116, 169, 109, 85, 255, 179, 191, 164, 57, 123, 247, 67, 31, 9,
       214, 237, 10, 56, 79, 250, 34, 219, 203, 117, 61, 227, 240, 198,
       107, 246, 237, 222, 191, 252, 139, 254, 239, 191, 179, 243, 19,
       231, 234, 93, 75, 255, 239, 127, 211, 114, 119, 203, 251, 252,
       254, 255, 172, 149, 121, 227, 138, 120, 184, 253, 112, 138, 237,
       81, 87, 227, 183, 164, 8, 27, 183, 64, 58, 3, 246, 253, 24, 26,
       107, 178, 16, 219, 201, 117, 121, 227, 128, 198, 106, 230, 237,
       246, 191, 252, 187, 254, 238, 191, 179, 250, 26, 238, 234, 124,
       195, 255, 239, 255, 211, 238, 107, 203, 255, 190, 254, 207, 190,
       149, 123, 227, 133, 102, 237, 246, 159, 237, 171, 238, 239, 191,
       179, 251, 26, 238, 234, 124, 71, 255, 239, 127, 147, 250, 255,
       203, 255, 188, 190, 223, 158, 149, 127, 227, 133, 197, 188, 148,
       81, 168, 44, 36, 154, 250, 187, 34, 84, 212, 242, 197, 255, 135,
       70, 120, 24, 179, 77, 219, 98, 12, 186, 119, 124, 136, 97, 131, 5,
       246, 237, 214, 223, 237, 171, 238, 238, 191, 179, 251, 26, 206,
       234, 92, 95, 123, 239, 127, 243, 56, 247, 203, 250, 188, 62, 223,
       222, 167, 127, 227, 132, 232, 188, 181, 252, 141, 253, 84, 175,
       223, 19, 172, 24, 190, 189, 68, 187, 201, 178, 251, 16, 123, 107,
       242, 179, 187, 223, 84, 123, 210, 88, 214, 58, 96, 188, 157, 90,
       200, 237, 17, 143, 250, 59, 168, 24, 182, 243, 72, 27, 129, 18,
       106, 16, 51, 107, 218, 49, 221, 134, 53, 124, 216, 72, 135, 42,
       220, 94, 159, 244, 168, 44, 85, 183, 160, 158, 182, 120, 127, 247,
       65, 91, 135, 247, 237, 2, 104, 71, 130, 32, 211, 235, 117, 152,
       224, 240, 134, 35, 252, 244, 188, 247, 173, 47, 95, 188, 187, 186,
       191, 56, 223, 127, 73, 91, 151, 215, 253, 122, 184, 103, 219, 178,
       255, 255, 103, 188, 194, 243, 195, 51, 96, 109, 25, 222, 93, 197,
       199, 230, 202, 128, 232, 8, 182, 243, 32, 48, 200, 123, 82, 67,
