%YAML:1.0
---
descriptors: !!opencv-matrix
   rows: 105
   cols: 32
   dt: u
   data: [ 240, 172, 174, 190, 137, 237, 65, 207, 186, 91, 160, 25, 183,
       245, 80, 27, 201, 242, 121, 21, 58, 111, 218, 51, 217, 131, 223,
       120, 192, 72, 146, 58, 240, 168, 175, 58, 141, 237, 81, 199, 179,
       95, 160, 25, 51, 255, 98, 27, 201, 162, 125, 20, 62, 111, 218, 49,
       219, 219, 213, 121, 208, 72, 214, 90, 140, 160, 188, 83, 140, 249,
       97, 223, 214, 63, 37, 24, 147, 241, 200, 47, 1, 26, 106, 24, 50,
       124, 123, 49, 207, 131, 117, 125, 208, 72, 196, 162, 220, 221, 63,
       254, 180, 238, 95, 191, 191, 235, 254, 25, 255, 125, 25, 112, 247,
       247, 125, 43, 57, 239, 57, 255, 251, 255, 55, 208, 226, 243, 231,
       123, 171, 237, 228, 94, 221, 53, 230, 238, 119, 119, 252, 30, 104,
       168, 23, 181, 233, 206, 226, 207, 254, 122, 255, 255, 63, 63, 214,
       107, 243, 95, 250, 206, 248, 188, 255, 82, 171, 249, 81, 215, 243,
       23, 164, 56, 59, 247, 192, 63, 39, 242, 204, 24, 42, 111, 178, 51,
       219, 219, 85, 123, 227, 208, 198, 123, 254, 126, 148, 30, 187,
       118, 30, 154, 147, 254, 173, 189, 108, 118, 207, 223, 149, 247,
       237, 242, 46, 71, 235, 234, 187, 87, 69, 191, 170, 119, 46, 95,
       187, 95, 230, 222, 254, 115, 254, 254, 87, 198, 254, 175, 105,
       236, 183, 117, 127, 255, 183, 229, 237, 235, 47, 254, 58, 110,
       239, 139, 255, 254, 124, 221, 69, 97, 145, 101, 16, 78, 110, 40,
       104, 160, 107, 8, 215, 51, 25, 178, 16, 93, 72, 106, 65, 176, 217,
       74, 229, 188, 1, 4, 72, 51, 67, 32, 69, 84, 156, 71, 168, 63, 55,
       184, 126, 226, 39, 108, 222, 114, 143, 115, 151, 84, 104, 106,
       165, 240, 253, 90, 110, 190, 69, 52, 200, 243, 75, 5, 210, 188,
       251, 186, 243, 240, 60, 199, 187, 95, 222, 179, 44, 191, 38, 88,
       167, 187, 255, 145, 182, 207, 178, 243, 251, 119, 30, 139, 134,
       84, 175, 95, 110, 125, 152, 190, 153, 197, 23, 168, 171, 188, 45,
       9, 236, 247, 75, 18, 145, 113, 233, 98, 66, 67, 154, 63, 235, 215,
       13, 63, 2, 51, 135, 66, 124, 117, 72, 39, 19, 75, 86, 168, 33,
       164, 239, 137, 67, 101, 11, 16, 120, 196, 225, 98, 72, 146, 217,
       12, 247, 229, 5, 21, 99, 63, 94, 2, 244, 112, 156, 244, 140, 108,
       81, 16, 162, 178, 167, 24, 247, 49, 73, 27, 1, 244, 105, 26, 40,
       101, 211, 0, 217, 163, 117, 56, 168, 249, 86, 34, 124, 176, 254,
       114, 171, 120, 80, 158, 163, 187, 183, 120, 27, 247, 200, 187, 39,
       214, 253, 16, 58, 75, 170, 32, 219, 203, 117, 255, 170, 225, 206,
       51, 74, 253, 149, 240, 153, 196, 54, 174, 171, 145, 40, 8, 172,
       246, 65, 246, 129, 115, 233, 80, 67, 73, 154, 249, 169, 212, 95,
       123, 130, 84, 135, 62, 248, 136, 215, 124, 139, 104, 84, 167, 227,
       19, 162, 120, 111, 183, 64, 251, 163, 247, 236, 0, 61, 111, 130,
       33, 155, 243, 84, 27, 226, 112, 198, 42, 248, 168, 253, 112, 136,
       237, 89, 87, 162, 23, 164, 24, 19, 151, 64, 59, 129, 178, 93, 24,
       26, 79, 162, 17, 219, 201, 112, 121, 224, 192, 198, 42, 171, 237,
       224, 26, 221, 247, 246, 238, 95, 127, 252, 31, 104, 188, 126, 148,
       249, 206, 226, 87, 246, 126, 251, 247, 63, 94, 213, 111, 211, 94,
       254, 222, 173, 121, 221, 103, 237, 31, 111, 220, 127, 250, 183,
       76, 219, 89, 223, 191, 222, 204, 126, 126, 201, 242, 249, 184,
       255, 219, 101, 52, 107, 251, 202, 241, 253, 253, 127, 231, 252,
       110, 127, 254, 105, 234, 190, 72, 255, 127, 25, 50, 253, 246, 125,
       106, 233, 179, 249, 174, 255, 253, 101, 180, 106, 251, 194, 177,
       248, 166, 204, 181, 176, 34, 109, 159, 50, 183, 14, 177, 211, 39,
       202, 91, 19, 206, 117, 156, 56, 220, 193, 34, 236, 231, 253, 197,
       164, 208, 214, 88, 158, 157, 191, 254, 183, 231, 95, 255, 63, 239,
       250, 51, 127, 255, 42, 81, 255, 255, 255, 147, 122, 223, 57, 255,
       251, 255, 63, 215, 144, 112, 165, 115, 248, 178, 222, 48, 43, 169,
       80, 82, 179, 187, 164, 189, 63, 167, 66, 155, 167, 147, 237, 20,
       62, 79, 130, 17, 218, 195, 117, 121, 234, 196, 10, 27, 242, 172,
       247, 112, 139, 249, 85, 215, 179, 23, 164, 56, 43, 255, 68, 63,
       175, 178, 253, 16, 58, 111, 162, 179, 219, 218, 84, 123, 227, 208,
       198, 107, 150, 157, 190, 190, 187, 231, 191, 231, 191, 207, 254,
       51, 252, 255, 38, 88, 247, 243, 255, 147, 114, 207, 58, 255, 249,
       247, 63, 211, 144, 80, 165, 123, 220, 157, 191, 254, 189, 238,
       127, 255, 191, 206, 254, 24, 255, 255, 40, 112, 247, 247, 125, 35,
       57, 175, 57, 255, 251, 255, 39, 210, 160, 115, 167, 123, 126, 119,
       156, 166, 186, 34, 30, 248, 187, 170, 141, 237, 78, 247, 75, 18,
       151, 85, 253, 98, 108, 67, 138, 62, 250, 247, 109, 191, 8, 247,
       11, 19, 248, 168, 158, 250, 140, 233, 80, 207, 178, 19, 165, 24,
       183, 243, 64, 27, 193, 178, 108, 16, 58, 79, 202, 49, 219, 195,
       117, 121, 160, 72, 154, 10, 244, 32, 157, 244, 136, 104, 81, 130,
       162, 179, 162, 25, 215, 183, 73, 27, 129, 214, 108, 16, 59, 71,
       139, 0, 217, 131, 117, 124, 160, 97, 6, 34, 108, 225, 24, 99, 221,
       77, 71, 168, 99, 49, 169, 8, 210, 81, 72, 16, 152, 216, 104, 122,
       90, 50, 219, 53, 237, 221, 5, 117, 82, 27, 198, 34, 244, 48, 189,
       116, 8, 108, 81, 27, 178, 179, 166, 24, 23, 183, 73, 59, 1, 150,
       109, 24, 40, 103, 146, 2, 217, 163, 117, 61, 224, 224, 70, 34, 70,
       178, 197, 144, 234, 105, 57, 159, 187, 247, 128, 253, 204, 231,
       200, 159, 135, 87, 249, 145, 179, 79, 218, 210, 156, 18, 95, 254,
       142, 228, 135, 113, 100, 168, 140, 55, 136, 77, 101, 174, 178,
       183, 166, 25, 243, 227, 74, 26, 9, 198, 105, 80, 122, 109, 219,
       33, 205, 227, 85, 61, 192, 240, 198, 74, 73, 249, 152, 35, 145,
       140, 118, 183, 43, 237, 46, 13, 190, 59, 74, 16, 129, 79, 64, 28,
       87, 56, 217, 35, 239, 221, 20, 97, 200, 82, 203, 90, 208, 140,
       151, 124, 168, 104, 37, 183, 182, 27, 162, 88, 247, 243, 128, 123,
       33, 118, 108, 8, 57, 77, 131, 35, 217, 226, 118, 88, 160, 96, 135,
       41, 225, 172, 151, 90, 232, 236, 109, 215, 250, 155, 96, 88, 54,
       243, 64, 191, 33, 230, 98, 24, 51, 126, 154, 115, 29, 186, 116,
       104, 202, 192, 226, 168, 229, 172, 219, 87, 192, 40, 101, 151,
       115, 171, 102, 88, 179, 241, 193, 59, 17, 254, 100, 24, 43, 124,
       239, 34, 205, 174, 117, 8, 234, 240, 194, 40, 193, 188, 159, 89,
       168, 172, 161, 151, 254, 27, 34, 84, 240, 177, 212, 107, 39, 38,
       106, 28, 179, 237, 23, 113, 12, 42, 114, 64, 200, 64, 225, 169,
       242, 172, 255, 112, 138, 232, 85, 199, 251, 55, 160, 56, 35, 191,
       68, 59, 171, 179, 109, 144, 58, 111, 162, 115, 155, 218, 84, 123,
       225, 64, 230, 43, 111, 221, 255, 103, 245, 126, 255, 191, 125,
       234, 126, 124, 251, 125, 159, 244, 183, 246, 255, 110, 241, 184,
       121, 238, 255, 255, 39, 132, 207, 247, 211, 113, 220, 221, 191,
       254, 187, 238, 127, 255, 189, 207, 254, 58, 255, 255, 41, 112,
       247, 247, 255, 98, 121, 175, 57, 255, 251, 247, 39, 159, 162, 241,
       167, 115, 237, 253, 253, 231, 237, 127, 103, 252, 111, 234, 191,
       12, 251, 241, 223, 183, 220, 238, 126, 110, 201, 243, 251, 168,
       255, 217, 101, 52, 106, 251, 194, 241, 253, 253, 127, 231, 189,
       126, 119, 254, 233, 234, 254, 8, 255, 127, 9, 183, 185, 246, 126,
       106, 233, 251, 249, 239, 255, 255, 103, 60, 74, 251, 198, 123,
       200, 188, 151, 114, 137, 252, 16, 151, 187, 83, 166, 24, 190, 247,
       64, 255, 135, 247, 236, 16, 51, 79, 186, 115, 155, 243, 85, 123,
       130, 64, 135, 59, 124, 119, 72, 103, 250, 11, 86, 248, 33, 172,
       255, 237, 66, 119, 9, 16, 28, 220, 237, 98, 72, 242, 201, 12, 250,
       231, 37, 151, 105, 59, 70, 19, 87, 119, 129, 167, 146, 74, 7, 184,
       56, 224, 139, 237, 215, 118, 201, 178, 22, 221, 253, 103, 201,
       210, 253, 10, 172, 38, 175, 182, 12, 119, 23, 117, 109, 36, 148,
       71, 169, 63, 70, 184, 123, 186, 47, 72, 194, 113, 73, 191, 145,
