%YAML:1.0
---
descriptors: !!opencv-matrix
   rows: 66
   cols: 32
   dt: u
   data: [ 200, 188, 157, 241, 169, 236, 53, 143, 250, 123, 162, 24, 190,
       55, 72, 123, 129, 87, 120, 16, 51, 108, 219, 51, 205, 219, 87,
       118, 200, 64, 131, 59, 88, 189, 189, 250, 168, 236, 93, 159, 171,
       59, 190, 24, 191, 247, 72, 122, 135, 247, 253, 24, 27, 75, 250,
       49, 219, 251, 119, 120, 128, 192, 135, 59, 174, 191, 228, 186,
       223, 245, 158, 223, 159, 223, 156, 151, 169, 236, 126, 142, 205,
       219, 215, 149, 190, 107, 126, 243, 43, 95, 159, 255, 215, 93, 191,
       223, 200, 188, 189, 251, 169, 237, 21, 135, 250, 123, 160, 24,
       190, 255, 64, 59, 129, 115, 125, 16, 51, 77, 250, 49, 205, 211,
       95, 122, 144, 64, 135, 59, 200, 188, 149, 250, 169, 237, 17, 135,
       187, 123, 160, 24, 190, 247, 64, 187, 129, 115, 253, 16, 51, 77,
       250, 179, 201, 211, 95, 123, 146, 64, 135, 59, 9, 157, 127, 71,
       180, 126, 111, 191, 124, 233, 126, 96, 251, 119, 152, 112, 118,
       126, 126, 40, 145, 184, 125, 47, 239, 239, 39, 128, 170, 242, 193,
       121, 117, 93, 93, 102, 188, 14, 71, 188, 224, 232, 175, 76, 211,
       113, 153, 51, 16, 196, 108, 110, 201, 99, 253, 44, 224, 169, 101,
       20, 104, 243, 66, 32, 93, 119, 188, 231, 170, 94, 95, 184, 33,
       238, 191, 108, 255, 127, 203, 243, 246, 213, 253, 234, 201, 67,
       249, 168, 251, 233, 109, 180, 40, 243, 14, 115, 252, 113, 252, 99,
       169, 95, 87, 152, 35, 254, 181, 45, 223, 95, 75, 59, 159, 213,
       253, 114, 205, 103, 251, 128, 255, 219, 101, 189, 234, 247, 78,
       115, 134, 205, 132, 158, 148, 163, 142, 239, 22, 146, 89, 18, 96,
       232, 57, 73, 89, 98, 51, 243, 112, 204, 10, 191, 40, 6, 223, 196,
       148, 123, 176, 0, 220, 148, 156, 183, 172, 46, 125, 154, 190, 179,
       151, 16, 223, 251, 73, 75, 231, 87, 125, 27, 40, 197, 219, 34,
       207, 227, 255, 20, 164, 249, 1, 3, 220, 148, 156, 247, 172, 44,
       125, 155, 190, 187, 183, 48, 223, 255, 73, 91, 231, 87, 125, 26,
       58, 69, 219, 34, 203, 251, 127, 212, 128, 225, 129, 3, 88, 180,
       156, 242, 184, 236, 93, 159, 174, 187, 191, 24, 223, 247, 72, 90,
       135, 23, 125, 16, 26, 73, 251, 49, 219, 255, 127, 252, 128, 192,
       133, 59, 200, 182, 156, 113, 169, 105, 21, 143, 59, 63, 36, 57,
       142, 51, 74, 27, 129, 23, 237, 16, 50, 76, 203, 19, 207, 211, 85,
       127, 194, 64, 143, 3, 201, 188, 157, 250, 169, 253, 80, 159, 251,
       123, 164, 24, 190, 247, 66, 191, 129, 211, 252, 24, 51, 111, 250,
       243, 159, 219, 84, 123, 218, 64, 139, 59, 9, 157, 255, 109, 180,
       190, 107, 191, 118, 233, 126, 96, 251, 119, 144, 112, 119, 126,
       126, 40, 155, 184, 105, 63, 239, 239, 39, 192, 162, 226, 192, 57,
       9, 156, 255, 237, 180, 190, 123, 191, 118, 171, 126, 32, 255, 119,
       128, 120, 119, 126, 63, 24, 155, 152, 97, 63, 207, 239, 53, 192,
       166, 202, 192, 41, 152, 188, 220, 255, 180, 174, 121, 191, 54,
       187, 118, 48, 255, 247, 144, 73, 119, 254, 63, 152, 58, 220, 235,
       179, 206, 235, 247, 192, 166, 200, 224, 169, 156, 172, 254, 187,
       238, 171, 248, 255, 190, 179, 243, 18, 255, 235, 88, 75, 111, 255,
       127, 145, 178, 253, 203, 241, 220, 235, 255, 196, 228, 200, 161,
       129, 248, 248, 190, 250, 169, 205, 85, 254, 171, 27, 164, 24, 191,
       255, 64, 123, 133, 243, 253, 72, 106, 79, 250, 177, 219, 219, 117,
       123, 98, 16, 134, 123, 245, 113, 93, 103, 44, 14, 71, 184, 96,
       224, 167, 76, 83, 113, 153, 51, 16, 196, 124, 110, 233, 114, 253,
       8, 241, 169, 101, 20, 105, 179, 66, 48, 221, 60, 189, 116, 173,
       111, 85, 159, 251, 250, 166, 24, 215, 117, 65, 59, 133, 214, 124,
       58, 41, 101, 251, 34, 251, 219, 85, 60, 192, 113, 198, 122, 252,
       180, 189, 114, 141, 109, 85, 154, 251, 251, 165, 24, 215, 245, 72,
       59, 129, 86, 124, 26, 59, 103, 251, 50, 219, 219, 85, 126, 208,
       121, 198, 114, 236, 180, 189, 122, 141, 237, 85, 143, 219, 59,
       165, 24, 246, 253, 72, 59, 201, 82, 120, 26, 59, 111, 251, 51,
       207, 219, 85, 127, 210, 88, 214, 42, 205, 158, 253, 255, 252, 123,
       127, 191, 127, 238, 254, 254, 255, 111, 155, 97, 127, 239, 127,
       174, 177, 255, 239, 255, 254, 255, 247, 196, 142, 253, 233, 241,
       221, 190, 239, 255, 252, 127, 111, 255, 127, 238, 254, 246, 251,
       239, 219, 119, 127, 238, 127, 174, 249, 253, 239, 254, 254, 255,
       231, 196, 238, 245, 236, 249, 236, 133, 156, 251, 173, 37, 92,
       159, 63, 59, 185, 16, 223, 123, 88, 91, 221, 199, 127, 176, 58,
       66, 219, 147, 239, 251, 215, 124, 146, 208, 240, 3, 236, 60, 188,
       245, 172, 47, 221, 154, 219, 186, 180, 24, 223, 121, 81, 11, 141,
       196, 125, 59, 168, 118, 219, 170, 207, 219, 117, 180, 192, 249,
       82, 131, 106, 180, 180, 248, 141, 173, 216, 223, 207, 59, 184, 24,
       170, 251, 84, 27, 201, 135, 127, 16, 186, 111, 218, 241, 155, 251,
       215, 122, 210, 72, 210, 10, 252, 176, 180, 250, 173, 253, 80, 219,
       255, 187, 181, 24, 159, 217, 72, 27, 137, 179, 253, 16, 58, 111,
       250, 145, 219, 219, 85, 122, 210, 72, 198, 3, 245, 71, 67, 71,
       180, 14, 78, 184, 112, 234, 251, 76, 83, 96, 157, 244, 16, 196,
       108, 110, 233, 176, 77, 46, 32, 174, 37, 20, 106, 243, 82, 37,
       248, 188, 189, 116, 173, 109, 85, 159, 242, 251, 166, 24, 247,
       183, 64, 59, 129, 246, 124, 24, 57, 111, 251, 34, 219, 203, 117,
       120, 224, 112, 198, 122, 117, 79, 85, 71, 180, 14, 71, 184, 96,
       232, 171, 76, 83, 97, 153, 182, 16, 196, 108, 110, 233, 176, 253,
       46, 32, 174, 37, 20, 105, 243, 82, 32, 217, 188, 189, 118, 168,
       108, 85, 183, 240, 250, 166, 24, 247, 247, 64, 123, 133, 247, 124,
       8, 57, 77, 251, 34, 219, 235, 117, 16, 224, 112, 199, 59, 252,
       188, 189, 114, 173, 109, 85, 158, 251, 251, 164, 24, 215, 245, 72,
       59, 129, 214, 124, 24, 59, 103, 251, 50, 219, 219, 85, 125, 192,
       121, 198, 114, 236, 172, 189, 250, 141, 237, 85, 206, 215, 151,
       165, 24, 242, 249, 73, 59, 201, 242, 121, 18, 58, 111, 250, 179,
       251, 219, 213, 123, 210, 89, 214, 106, 157, 190, 255, 247, 254,
       59, 255, 255, 127, 247, 247, 246, 255, 239, 154, 105, 127, 239,
       127, 190, 181, 253, 239, 255, 254, 255, 247, 212, 239, 253, 233,
       241, 205, 190, 253, 255, 252, 123, 127, 255, 127, 239, 247, 254,
       255, 111, 155, 97, 127, 239, 255, 174, 253, 254, 239, 255, 254,
       255, 247, 196, 174, 253, 229, 249, 236, 60, 188, 247, 172, 45, 85,
       26, 251, 187, 183, 24, 223, 249, 81, 11, 141, 247, 125, 26, 184,
       101, 251, 130, 207, 223, 117, 52, 192, 249, 83, 35, 221, 48, 191,
       116, 173, 124, 81, 19, 251, 219, 183, 24, 223, 253, 71, 123, 133,
       247, 125, 25, 191, 111, 243, 2, 219, 251, 117, 120, 192, 96, 199,
       115, 221, 176, 191, 240, 169, 244, 81, 23, 235, 219, 166, 24, 159,
       183, 74, 123, 167, 151, 252, 16, 191, 79, 178, 0, 219, 251, 119,
       127, 170, 64, 174, 115, 220, 188, 191, 118, 168, 108, 85, 151,
       242, 251, 166, 24, 247, 247, 64, 59, 129, 247, 124, 8, 57, 109,
       251, 34, 219, 235, 117, 56, 224, 112, 134, 59, 236, 180, 189, 122,
       141, 237, 85, 143, 219, 59, 165, 24, 246, 253, 72, 59, 201, 210,
       120, 26, 58, 103, 250, 51, 219, 219, 85, 127, 210, 89, 214, 42,
       244, 164, 188, 114, 137, 109, 81, 75, 187, 183, 165, 25, 86, 247,
       72, 27, 161, 150, 105, 16, 58, 71, 154, 2, 219, 211, 85, 127, 192,
       65, 198, 98, 216, 60, 191, 118, 168, 108, 85, 151, 178, 251, 166,
       24, 247, 247, 65, 59, 161, 247, 124, 8, 57, 111, 187, 34, 219,
       235, 117, 56, 224, 96, 199, 59, 45, 135, 204, 7, 180, 30, 102,
       189, 118, 233, 127, 68, 243, 96, 154, 240, 17, 78, 100, 110, 253,
       240, 109, 63, 174, 255, 101, 68, 200, 242, 218, 5, 216, 188, 191,
       116, 136, 108, 81, 151, 178, 247, 166, 24, 55, 247, 64, 59, 163,
       247, 124, 8, 59, 79, 178, 35, 219, 235, 117, 120, 224, 96, 134,
       58, 1, 157, 223, 71, 176, 110, 111, 191, 126, 235, 126, 100, 247,
