%YAML:1.0
---
descriptors: !!opencv-matrix
   rows: 183
   cols: 32
   dt: u
   data: [ 237, 85, 125, 103, 160, 78, 103, 184, 105, 232, 255, 72, 215,
       119, 137, 51, 148, 212, 124, 106, 233, 240, 249, 44, 231, 249,
       101, 20, 74, 243, 66, 49, 205, 113, 177, 103, 101, 78, 103, 56,
       121, 234, 119, 72, 222, 85, 93, 63, 144, 84, 116, 106, 225, 244,
       249, 8, 103, 251, 101, 4, 74, 179, 67, 49, 124, 97, 56, 110, 13,
       79, 86, 104, 71, 164, 173, 8, 67, 57, 73, 18, 216, 212, 201, 98,
       72, 99, 219, 24, 251, 205, 133, 61, 115, 123, 94, 34, 69, 117, 16,
       69, 116, 30, 102, 56, 120, 168, 122, 76, 214, 48, 129, 180, 148,
       76, 68, 110, 229, 176, 217, 14, 36, 188, 37, 4, 74, 179, 75, 133,
       246, 60, 215, 188, 203, 96, 20, 206, 179, 151, 160, 255, 70, 226,
       69, 223, 195, 247, 232, 16, 61, 79, 218, 226, 152, 178, 85, 63,
       169, 124, 170, 22, 193, 168, 251, 88, 138, 232, 185, 135, 254, 83,
       160, 24, 183, 190, 84, 123, 163, 51, 120, 16, 55, 77, 246, 113,
       221, 139, 126, 121, 192, 64, 135, 138, 93, 69, 95, 101, 20, 78,
       102, 56, 116, 160, 235, 64, 83, 115, 25, 112, 112, 196, 72, 106,
       105, 176, 89, 14, 241, 175, 5, 20, 105, 179, 64, 32, 209, 136,
       188, 94, 137, 189, 80, 143, 207, 19, 160, 24, 182, 210, 70, 123,
       129, 51, 108, 24, 62, 109, 251, 49, 155, 249, 84, 123, 208, 72, 1,
       46, 116, 176, 185, 112, 136, 237, 65, 91, 226, 181, 165, 24, 19,
       151, 72, 58, 9, 146, 64, 24, 27, 99, 242, 16, 89, 137, 117, 124,
       225, 128, 198, 32, 192, 188, 157, 254, 168, 237, 21, 167, 150, 31,
       160, 24, 182, 243, 96, 75, 193, 123, 107, 16, 50, 79, 218, 51,
       237, 135, 119, 120, 144, 88, 135, 171, 69, 245, 157, 103, 184, 14,
       71, 184, 122, 234, 43, 76, 214, 113, 9, 50, 145, 68, 108, 106,
       225, 240, 217, 46, 237, 255, 101, 52, 72, 115, 67, 33, 230, 247,
       149, 178, 201, 237, 150, 201, 154, 123, 169, 93, 198, 224, 108,
       155, 157, 67, 234, 115, 55, 99, 218, 50, 56, 22, 77, 126, 216, 95,
       139, 151, 244, 103, 215, 174, 139, 2, 86, 168, 177, 130, 235, 169,
       71, 226, 73, 214, 211, 213, 236, 98, 108, 195, 203, 170, 176, 246,
       69, 31, 32, 119, 34, 6, 80, 184, 190, 120, 136, 233, 81, 31, 230,
       83, 166, 24, 183, 215, 66, 123, 1, 179, 108, 16, 59, 111, 211, 49,
       217, 225, 112, 89, 224, 192, 135, 42, 129, 142, 159, 95, 160, 174,
       109, 159, 118, 187, 114, 84, 247, 99, 128, 121, 119, 110, 44, 28,
       179, 220, 111, 51, 204, 171, 119, 64, 184, 208, 225, 41, 77, 125,
       49, 103, 245, 79, 119, 188, 121, 238, 107, 12, 254, 113, 9, 48,
       146, 124, 124, 106, 225, 240, 249, 47, 231, 255, 5, 2, 74, 115,
       71, 115, 252, 236, 188, 118, 136, 108, 85, 156, 178, 183, 165, 25,
       119, 247, 75, 27, 1, 214, 109, 26, 58, 71, 218, 34, 249, 195, 117,
       61, 224, 113, 134, 34, 229, 245, 157, 99, 141, 79, 71, 184, 98,
       250, 163, 8, 214, 113, 73, 59, 145, 84, 120, 122, 121, 116, 249,
       16, 237, 219, 69, 116, 200, 123, 210, 34, 101, 119, 25, 103, 240,
       46, 103, 184, 104, 170, 107, 76, 215, 113, 9, 16, 148, 76, 68,
       110, 193, 176, 217, 62, 229, 188, 37, 4, 72, 243, 66, 161, 109,
       112, 17, 97, 97, 79, 115, 0, 105, 232, 167, 8, 158, 23, 69, 52,
       128, 20, 76, 106, 1, 176, 241, 0, 199, 217, 1, 54, 74, 3, 71, 34,
       212, 182, 157, 178, 168, 169, 84, 143, 178, 187, 161, 125, 247,
       242, 73, 27, 135, 247, 108, 18, 63, 71, 202, 50, 216, 195, 127,
       252, 168, 80, 131, 19, 100, 103, 49, 71, 240, 79, 103, 184, 120,
       172, 43, 72, 211, 101, 201, 48, 144, 92, 68, 106, 72, 240, 233,
       14, 45, 156, 37, 52, 64, 179, 70, 161, 237, 116, 177, 71, 101, 95,
       103, 24, 123, 234, 55, 72, 222, 85, 93, 62, 153, 92, 86, 122, 161,
       244, 249, 10, 103, 223, 69, 54, 202, 123, 82, 241, 237, 81, 53,
       103, 96, 78, 103, 184, 105, 232, 119, 72, 223, 119, 137, 55, 148,
       84, 124, 106, 233, 240, 249, 44, 231, 251, 101, 20, 74, 179, 66,
       49, 195, 188, 132, 19, 173, 189, 228, 135, 255, 123, 130, 29, 190,
       240, 86, 255, 129, 102, 122, 29, 183, 109, 219, 243, 13, 58, 95,
       122, 202, 92, 219, 92, 24, 176, 59, 120, 219, 237, 17, 67, 227,
       21, 172, 24, 30, 151, 68, 56, 161, 154, 64, 16, 26, 43, 178, 21,
       219, 221, 16, 123, 227, 0, 231, 226, 45, 103, 80, 5, 116, 31, 230,
       56, 120, 172, 127, 76, 211, 96, 159, 181, 18, 76, 70, 110, 228,
       176, 205, 14, 36, 62, 37, 4, 66, 178, 75, 133, 69, 85, 149, 69,
       48, 30, 102, 184, 121, 234, 106, 68, 210, 112, 141, 246, 144, 68,
       108, 110, 229, 176, 249, 14, 38, 190, 101, 4, 74, 243, 74, 21,
       212, 164, 156, 178, 139, 105, 20, 207, 186, 183, 160, 25, 215,
       243, 74, 27, 161, 215, 104, 16, 58, 79, 219, 34, 217, 195, 93,
       125, 160, 96, 135, 2, 45, 227, 145, 99, 189, 15, 86, 184, 107,
       184, 57, 72, 207, 121, 73, 176, 153, 92, 110, 122, 78, 112, 201,
       152, 175, 220, 37, 118, 194, 186, 202, 131, 220, 28, 156, 247,
       136, 47, 85, 183, 178, 186, 162, 92, 247, 113, 65, 91, 133, 118,
       108, 10, 104, 101, 219, 34, 241, 227, 117, 16, 232, 248, 129, 43,
       252, 124, 156, 246, 172, 108, 87, 182, 243, 186, 131, 24, 247,
       241, 73, 27, 129, 246, 109, 82, 104, 101, 219, 34, 249, 195, 117,
       125, 168, 115, 214, 34, 101, 227, 17, 11, 124, 13, 198, 184, 78,
       56, 185, 72, 246, 96, 73, 176, 217, 74, 106, 106, 194, 34, 203,
       53, 173, 156, 37, 60, 80, 27, 82, 161, 76, 64, 220, 103, 32, 74,
       127, 168, 33, 162, 231, 8, 215, 99, 9, 83, 19, 212, 108, 106, 72,
       244, 201, 40, 231, 239, 101, 21, 98, 243, 74, 34, 204, 165, 156,
       126, 169, 108, 71, 140, 242, 191, 173, 24, 226, 99, 73, 82, 209,
       70, 104, 122, 58, 66, 251, 51, 233, 215, 5, 125, 144, 115, 198,
       34, 246, 245, 156, 190, 234, 39, 23, 236, 186, 191, 169, 189, 84,
       255, 75, 27, 183, 215, 237, 243, 48, 71, 219, 58, 248, 163, 111,
       191, 136, 115, 135, 83, 69, 229, 157, 103, 180, 14, 70, 184, 122,
       224, 43, 76, 215, 113, 89, 50, 145, 68, 104, 110, 225, 240, 217,
       46, 237, 190, 5, 20, 200, 243, 195, 32, 108, 69, 88, 103, 48, 30,
       110, 184, 53, 160, 239, 136, 211, 103, 9, 112, 84, 220, 232, 106,
       105, 176, 89, 14, 231, 255, 5, 21, 106, 251, 74, 16, 240, 193, 92,
       124, 168, 10, 85, 53, 160, 50, 166, 24, 119, 35, 128, 83, 2, 212,
       108, 106, 120, 109, 195, 13, 242, 235, 96, 25, 96, 176, 194, 8,
       100, 103, 17, 103, 240, 79, 102, 184, 105, 168, 123, 72, 211, 105,
       29, 48, 156, 220, 108, 98, 201, 176, 217, 12, 165, 180, 5, 4, 72,
       179, 66, 144, 124, 197, 212, 46, 155, 106, 22, 168, 51, 130, 169,
       173, 111, 227, 9, 214, 83, 213, 236, 98, 108, 67, 203, 171, 186,
       247, 69, 63, 187, 127, 206, 18, 208, 168, 191, 248, 136, 232, 81,
       23, 162, 55, 166, 24, 183, 151, 64, 123, 1, 182, 108, 16, 58, 79,
       227, 49, 217, 227, 112, 121, 160, 192, 134, 42, 248, 168, 255,
       114, 172, 237, 81, 87, 242, 31, 164, 24, 55, 247, 64, 27, 129,
       178, 236, 16, 58, 111, 226, 33, 219, 195, 116, 121, 224, 192, 198,
       42, 244, 172, 156, 116, 136, 105, 85, 159, 178, 183, 164, 24, 55,
       247, 64, 27, 129, 246, 236, 16, 58, 111, 202, 32, 219, 195, 117,
       61, 224, 240, 134, 42, 109, 117, 157, 99, 225, 111, 99, 152, 123,
       250, 47, 8, 214, 117, 73, 58, 145, 84, 104, 122, 49, 240, 249, 34,
       207, 223, 69, 118, 202, 115, 66, 50, 205, 124, 157, 103, 161, 110,
       119, 152, 121, 250, 39, 24, 222, 113, 73, 59, 145, 94, 108, 114,
       97, 244, 249, 106, 239, 251, 69, 38, 200, 115, 195, 35, 244, 228,
       156, 118, 136, 105, 85, 155, 178, 183, 164, 25, 119, 247, 75, 27,
       129, 215, 109, 18, 120, 71, 202, 32, 219, 195, 117, 125, 224, 113,
       142, 34, 236, 36, 185, 109, 141, 111, 69, 9, 83, 166, 164, 24,
       210, 53, 73, 59, 217, 20, 104, 56, 56, 102, 251, 18, 207, 223, 85,
       63, 208, 120, 86, 34, 248, 174, 222, 48, 186, 169, 80, 83, 179,
