%YAML:1.0
---
descriptors: !!opencv-matrix
   rows: 266
   cols: 32
   dt: u
   data: [ 125, 93, 125, 103, 164, 78, 79, 184, 96, 232, 191, 76, 83,
       119, 137, 115, 52, 212, 124, 106, 201, 176, 249, 44, 243, 233,
       101, 20, 106, 243, 66, 49, 253, 113, 253, 103, 40, 78, 71, 184,
       97, 250, 183, 72, 211, 119, 201, 59, 22, 212, 124, 106, 233, 112,
       249, 8, 227, 233, 101, 52, 107, 179, 70, 113, 93, 213, 125, 231,
       176, 78, 79, 189, 36, 232, 255, 96, 215, 119, 137, 112, 22, 214,
       92, 106, 233, 145, 121, 62, 227, 239, 37, 148, 32, 242, 196, 33,
       236, 52, 253, 96, 173, 109, 81, 152, 75, 255, 165, 24, 222, 127,
       77, 59, 153, 208, 253, 50, 59, 102, 251, 16, 207, 219, 97, 127,
       194, 107, 70, 115, 252, 112, 189, 102, 40, 78, 87, 152, 97, 250,
       181, 24, 87, 85, 73, 59, 148, 212, 124, 122, 169, 103, 249, 32,
       211, 201, 101, 60, 224, 179, 70, 115, 252, 108, 252, 118, 136, 41,
       85, 223, 179, 182, 188, 24, 83, 225, 67, 27, 9, 214, 236, 26, 104,
       103, 202, 34, 219, 203, 117, 61, 227, 249, 206, 34, 148, 188, 255,
       191, 238, 169, 255, 254, 190, 183, 243, 59, 247, 235, 89, 91, 255,
       247, 127, 147, 58, 239, 203, 123, 252, 135, 255, 220, 164, 249,
       165, 227, 248, 184, 253, 112, 169, 253, 85, 151, 163, 255, 164,
       24, 51, 183, 66, 58, 1, 246, 236, 24, 58, 111, 242, 49, 219, 203,
       117, 121, 226, 192, 198, 122, 85, 69, 93, 100, 152, 10, 71, 176,
       232, 160, 170, 8, 215, 115, 1, 115, 34, 212, 108, 106, 105, 161,
       121, 12, 241, 233, 101, 16, 96, 243, 67, 32, 252, 94, 189, 116,
       168, 44, 85, 58, 160, 186, 167, 56, 87, 119, 1, 123, 135, 213,
       109, 42, 104, 71, 203, 0, 211, 235, 117, 28, 96, 241, 6, 35, 21,
       237, 59, 107, 20, 79, 103, 248, 86, 160, 110, 0, 211, 51, 57, 96,
       49, 220, 34, 106, 75, 176, 121, 63, 233, 142, 5, 36, 48, 251, 80,
       32, 69, 112, 17, 69, 5, 14, 103, 56, 104, 168, 99, 76, 214, 16,
       25, 50, 144, 68, 96, 110, 193, 240, 249, 12, 37, 184, 65, 36, 72,
       51, 67, 33, 188, 42, 123, 96, 66, 106, 67, 80, 224, 134, 228, 8,
       19, 23, 129, 59, 62, 252, 68, 122, 8, 247, 160, 40, 83, 201, 33,
       0, 225, 179, 102, 224, 28, 181, 185, 114, 155, 237, 19, 203, 250,
       177, 45, 24, 158, 245, 72, 56, 161, 27, 200, 16, 19, 105, 186,
       118, 217, 197, 21, 111, 192, 65, 135, 34, 101, 85, 125, 101, 180,
       14, 103, 188, 96, 170, 46, 76, 211, 49, 153, 51, 16, 68, 108, 110,
       225, 176, 249, 44, 229, 169, 101, 20, 104, 243, 66, 33, 232, 188,
       188, 248, 173, 253, 85, 215, 255, 123, 180, 24, 191, 253, 68, 59,
       205, 242, 255, 24, 186, 111, 242, 179, 219, 219, 85, 123, 210, 76,
       198, 107, 230, 174, 246, 223, 252, 171, 252, 239, 191, 187, 250,
       242, 236, 238, 156, 91, 255, 255, 255, 145, 240, 255, 203, 255,
       190, 62, 255, 206, 148, 124, 227, 153, 230, 190, 246, 223, 252,
       171, 254, 255, 191, 155, 248, 247, 236, 238, 252, 89, 255, 255,
       255, 133, 178, 255, 203, 251, 62, 62, 255, 158, 149, 252, 227,
       217, 236, 52, 189, 97, 168, 111, 117, 31, 127, 251, 167, 24, 223,
       119, 72, 59, 149, 22, 125, 56, 49, 244, 249, 2, 207, 219, 117, 84,
       192, 224, 198, 51, 224, 236, 254, 255, 236, 41, 254, 239, 190,
       187, 248, 18, 245, 254, 93, 91, 255, 255, 127, 129, 242, 127, 203,
       243, 254, 175, 255, 172, 148, 248, 227, 137, 145, 142, 219, 123,
       180, 170, 107, 151, 118, 3, 98, 212, 247, 99, 176, 120, 115, 46,
       44, 28, 59, 156, 37, 63, 232, 175, 54, 64, 188, 192, 225, 40, 60,
       81, 122, 224, 21, 87, 82, 112, 69, 164, 255, 11, 75, 29, 51, 128,
       248, 156, 151, 227, 76, 179, 49, 156, 243, 205, 161, 55, 119, 191,
       124, 194, 197, 199, 149, 69, 36, 14, 102, 184, 104, 234, 106, 76,
       215, 49, 24, 51, 144, 68, 108, 110, 225, 240, 217, 8, 165, 186,
       101, 20, 72, 242, 194, 33, 197, 116, 149, 71, 197, 110, 119, 176,
       120, 234, 43, 8, 222, 113, 73, 59, 144, 68, 104, 106, 97, 244,
       249, 10, 165, 186, 69, 6, 72, 115, 67, 35, 212, 253, 189, 114,
       136, 109, 71, 159, 242, 50, 171, 24, 215, 117, 9, 59, 129, 214,
       108, 90, 121, 101, 251, 34, 225, 235, 117, 52, 224, 115, 198, 34,
       77, 180, 157, 113, 169, 124, 53, 23, 59, 243, 47, 24, 158, 55, 64,
       254, 133, 23, 248, 24, 49, 92, 243, 66, 207, 255, 85, 118, 138,
       96, 135, 50, 248, 174, 254, 114, 138, 169, 81, 215, 178, 183, 164,
       185, 39, 231, 66, 27, 35, 178, 109, 16, 58, 79, 130, 51, 219, 195,
       117, 121, 224, 192, 134, 106, 69, 53, 157, 101, 161, 78, 118, 49,
       104, 232, 107, 8, 222, 48, 65, 50, 144, 84, 104, 106, 65, 240,
       241, 72, 37, 184, 69, 6, 72, 50, 67, 35, 248, 188, 156, 114, 168,
       173, 80, 223, 179, 191, 164, 29, 55, 227, 74, 27, 129, 226, 237,
       20, 58, 111, 218, 51, 219, 195, 117, 121, 234, 192, 202, 10, 112,
       113, 24, 96, 0, 14, 83, 16, 96, 164, 36, 12, 23, 19, 65, 48, 16,
       148, 64, 106, 72, 34, 208, 8, 227, 169, 33, 52, 104, 162, 66, 34,
       237, 117, 17, 71, 225, 127, 118, 184, 121, 234, 47, 8, 222, 112,
       77, 182, 145, 92, 96, 106, 97, 244, 249, 74, 39, 159, 5, 38, 74,
       115, 75, 182, 205, 85, 21, 71, 177, 14, 119, 184, 125, 170, 103,
       68, 223, 115, 9, 119, 149, 84, 124, 122, 225, 212, 249, 46, 231,
       251, 101, 22, 10, 115, 128, 33, 252, 112, 189, 98, 40, 110, 83,
       152, 227, 186, 181, 24, 223, 87, 73, 59, 149, 212, 124, 122, 169,
       103, 251, 32, 211, 219, 101, 60, 224, 179, 70, 51, 120, 184, 253,
       112, 168, 237, 81, 223, 162, 191, 164, 8, 51, 183, 66, 59, 1, 182,
       108, 24, 26, 75, 242, 49, 219, 203, 116, 121, 224, 192, 198, 107,
       197, 176, 148, 81, 168, 44, 32, 159, 234, 187, 162, 92, 148, 242,
       200, 255, 133, 87, 120, 24, 131, 73, 211, 64, 140, 154, 87, 126,
       136, 96, 131, 13, 232, 180, 188, 250, 189, 253, 81, 15, 223, 59,
       173, 24, 190, 253, 72, 58, 137, 147, 255, 16, 58, 110, 250, 147,
       207, 223, 80, 127, 210, 72, 198, 42, 96, 184, 157, 250, 200, 237,
       17, 207, 218, 59, 160, 24, 182, 243, 72, 90, 129, 26, 106, 16, 19,
       107, 218, 49, 221, 130, 117, 125, 208, 72, 135, 42, 252, 69, 93,
       100, 168, 10, 71, 48, 224, 176, 174, 8, 215, 51, 129, 115, 2, 212,
       108, 106, 105, 35, 249, 12, 241, 235, 101, 16, 96, 178, 67, 32,
       252, 24, 159, 244, 170, 44, 85, 19, 160, 186, 179, 120, 95, 55,
       65, 91, 167, 247, 237, 2, 120, 71, 138, 0, 211, 235, 117, 156,
       224, 241, 130, 35, 96, 176, 145, 122, 153, 205, 84, 143, 255, 57,
       169, 24, 158, 185, 76, 180, 129, 155, 104, 16, 27, 106, 219, 145,
       175, 222, 21, 126, 210, 8, 198, 34, 64, 172, 157, 251, 153, 237,
       17, 135, 158, 19, 96, 24, 182, 243, 64, 90, 129, 122, 104, 24, 50,
       76, 218, 51, 205, 166, 80, 120, 144, 72, 135, 170, 69, 71, 208,
       39, 176, 10, 110, 136, 120, 162, 107, 64, 199, 98, 219, 242, 178,
       76, 108, 126, 68, 240, 205, 10, 172, 254, 39, 4, 192, 243, 75, 4,
       23, 101, 86, 143, 223, 15, 238, 232, 63, 160, 251, 10, 206, 234,
       61, 64, 123, 205, 127, 235, 104, 243, 217, 254, 189, 190, 207, 36,
       101, 123, 225, 128, 143, 117, 57, 71, 112, 14, 63, 184, 57, 168,
       127, 96, 220, 119, 141, 52, 150, 93, 87, 106, 225, 144, 233, 110,
       103, 255, 39, 134, 66, 179, 3, 177, 2, 156, 187, 249, 151, 228,
       177, 71, 158, 83, 70, 50, 188, 159, 96, 104, 231, 59, 155, 145,
       51, 141, 50, 243, 205, 213, 26, 67, 148, 72, 165, 251, 101, 99,
       16, 5, 100, 31, 102, 56, 104, 168, 114, 76, 195, 0, 149, 180, 144,
       68, 76, 110, 193, 176, 197, 12, 36, 188, 37, 4, 74, 179, 90, 5,
       54, 101, 110, 239, 252, 11, 254, 232, 63, 160, 251, 2, 223, 234,
       29, 64, 250, 205, 127, 227, 224, 241, 201, 220, 190, 255, 175,
       180, 213, 251, 115, 129, 28, 101, 254, 231, 188, 11, 255, 248, 44,
       168, 255, 130, 223, 111, 25, 66, 254, 221, 127, 235, 200, 241,
       201, 140, 252, 235, 239, 148, 36, 187, 33, 129, 92, 81, 188, 231,
