%YAML:1.0
---
descriptors: !!opencv-matrix
   rows: 321
   cols: 32
   dt: u
   data: [ 85, 221, 121, 103, 176, 14, 111, 184, 112, 234, 126, 100, 211,
       115, 153, 112, 54, 70, 28, 110, 233, 144, 125, 46, 238, 175, 37,
       132, 104, 243, 192, 49, 125, 93, 125, 103, 164, 78, 79, 184, 96,
       232, 191, 76, 211, 119, 153, 51, 20, 212, 124, 106, 201, 176, 249,
       44, 231, 233, 101, 20, 105, 243, 66, 113, 125, 93, 125, 103, 180,
       110, 79, 184, 96, 234, 255, 68, 87, 119, 137, 112, 86, 212, 92,
       106, 233, 144, 121, 46, 227, 239, 101, 148, 104, 243, 64, 49, 93,
       221, 121, 239, 176, 15, 79, 189, 52, 232, 254, 100, 247, 119, 137,
       112, 86, 246, 29, 106, 249, 176, 121, 62, 235, 239, 37, 148, 40,
       243, 128, 49, 149, 237, 249, 239, 180, 47, 111, 191, 54, 234, 255,
       80, 247, 103, 153, 96, 119, 222, 29, 106, 251, 152, 121, 63, 237,
       239, 39, 132, 164, 251, 129, 33, 236, 52, 189, 99, 173, 125, 83,
       152, 91, 255, 165, 24, 222, 93, 75, 59, 145, 81, 253, 58, 59, 100,
       251, 16, 207, 219, 65, 125, 194, 107, 70, 115, 198, 236, 255, 255,
       236, 171, 255, 255, 254, 187, 186, 26, 253, 255, 89, 91, 255, 255,
       127, 179, 178, 231, 203, 251, 255, 191, 255, 188, 149, 249, 225,
       163, 253, 112, 189, 103, 40, 110, 83, 152, 115, 250, 183, 24, 215,
       85, 73, 59, 144, 212, 124, 122, 169, 102, 249, 0, 215, 219, 101,
       52, 232, 243, 70, 115, 150, 236, 254, 255, 236, 171, 254, 239,
       191, 182, 243, 26, 254, 235, 93, 91, 255, 255, 127, 131, 250, 247,
       203, 251, 255, 159, 255, 185, 229, 121, 229, 3, 236, 180, 189,
       115, 173, 253, 81, 153, 127, 127, 37, 24, 222, 253, 72, 59, 153,
       18, 255, 24, 58, 102, 251, 147, 207, 219, 81, 127, 210, 75, 198,
       114, 230, 237, 246, 254, 253, 171, 254, 249, 191, 179, 251, 155,
       239, 239, 92, 67, 255, 207, 255, 179, 254, 247, 203, 255, 190,
       223, 207, 231, 247, 255, 227, 131, 150, 236, 254, 255, 252, 171,
       254, 237, 191, 178, 243, 27, 238, 235, 93, 75, 255, 223, 127, 163,
       106, 247, 203, 255, 190, 255, 207, 177, 149, 121, 233, 130, 252,
       172, 253, 118, 168, 105, 69, 191, 178, 182, 164, 24, 115, 103, 72,
       27, 1, 214, 109, 42, 120, 79, 234, 42, 249, 203, 117, 60, 224,
       240, 198, 122, 212, 148, 221, 247, 170, 102, 77, 159, 178, 187,
       38, 112, 87, 119, 200, 123, 7, 214, 125, 24, 57, 220, 171, 32,
       203, 227, 117, 84, 160, 240, 134, 49, 104, 189, 188, 254, 157,
       253, 85, 199, 223, 31, 172, 24, 190, 189, 38, 120, 201, 58, 251,
       16, 58, 107, 242, 183, 235, 255, 84, 59, 210, 88, 214, 234, 208,
       76, 253, 116, 40, 14, 85, 54, 160, 190, 166, 56, 247, 55, 129, 91,
       135, 245, 109, 106, 104, 101, 195, 8, 209, 171, 117, 16, 96, 240,
       6, 43, 253, 245, 188, 247, 173, 46, 95, 188, 187, 250, 191, 28,
       223, 255, 75, 123, 151, 215, 253, 122, 249, 103, 251, 179, 251,
       251, 103, 188, 202, 243, 195, 83, 69, 249, 148, 87, 29, 140, 38,
       184, 110, 240, 43, 76, 254, 112, 73, 182, 145, 70, 120, 94, 195,
       112, 219, 49, 45, 190, 69, 102, 72, 51, 67, 6, 38, 229, 240, 207,
       252, 11, 238, 236, 127, 160, 249, 2, 202, 106, 29, 0, 251, 205,
       127, 227, 248, 243, 201, 254, 190, 190, 143, 212, 213, 127, 227,
       128, 69, 112, 145, 69, 1, 14, 98, 24, 104, 224, 35, 76, 214, 17,
       73, 182, 144, 68, 96, 106, 129, 240, 209, 8, 5, 184, 1, 38, 74,
       35, 67, 34, 118, 109, 214, 174, 252, 11, 110, 232, 191, 162, 251,
       10, 79, 234, 61, 80, 250, 205, 127, 227, 96, 243, 139, 254, 182,
       254, 207, 188, 53, 251, 113, 128, 116, 229, 126, 231, 254, 11,
       255, 248, 62, 178, 243, 10, 223, 106, 61, 67, 251, 205, 127, 99,
       224, 241, 137, 254, 252, 251, 111, 180, 53, 251, 209, 129, 140,
       96, 157, 255, 172, 10, 127, 184, 172, 186, 183, 0, 223, 111, 25,
       75, 239, 213, 127, 235, 104, 197, 203, 56, 230, 251, 111, 148, 68,
       243, 35, 33, 221, 113, 157, 103, 40, 78, 71, 184, 97, 250, 167,
       76, 87, 112, 201, 59, 16, 196, 124, 106, 233, 100, 249, 40, 241,
       249, 101, 20, 72, 179, 66, 39, 85, 79, 93, 103, 180, 14, 79, 188,
       116, 170, 250, 68, 115, 97, 145, 112, 21, 198, 108, 110, 233, 176,
       77, 46, 232, 239, 37, 16, 232, 243, 192, 33, 184, 146, 253, 97,
       166, 105, 209, 30, 66, 55, 52, 58, 147, 21, 200, 43, 19, 16, 100,
       56, 26, 116, 97, 16, 69, 201, 113, 116, 241, 200, 196, 97, 252,
       236, 148, 254, 205, 39, 94, 254, 151, 178, 173, 24, 203, 251, 93,
       91, 217, 207, 127, 186, 120, 103, 219, 234, 187, 255, 215, 60,
       210, 123, 242, 130, 205, 112, 149, 103, 33, 110, 70, 152, 113,
       250, 39, 8, 214, 113, 73, 59, 145, 84, 124, 106, 41, 116, 249, 8,
       199, 251, 69, 52, 202, 243, 66, 34, 220, 16, 157, 247, 172, 44,
       89, 152, 190, 187, 151, 56, 223, 247, 73, 91, 199, 87, 125, 26,
       57, 69, 235, 0, 203, 251, 119, 212, 160, 249, 131, 35, 236, 252,
       180, 254, 173, 237, 86, 183, 211, 186, 165, 24, 251, 249, 85, 91,
       201, 226, 125, 2, 120, 111, 218, 187, 251, 219, 213, 58, 210, 121,
       210, 10, 12, 180, 187, 114, 217, 237, 49, 206, 250, 25, 45, 24,
       158, 247, 76, 56, 161, 27, 192, 16, 19, 107, 186, 114, 91, 221,
       21, 111, 192, 65, 167, 162, 216, 176, 189, 240, 168, 236, 89, 159,
       187, 59, 180, 24, 159, 247, 72, 59, 133, 151, 125, 24, 59, 79,
       250, 17, 219, 251, 117, 252, 194, 192, 198, 51, 213, 81, 29, 103,
       164, 14, 71, 184, 96, 234, 174, 76, 215, 113, 153, 51, 16, 68,
       108, 110, 201, 240, 217, 40, 224, 233, 101, 20, 104, 243, 67, 33,
       248, 188, 188, 120, 169, 253, 85, 223, 251, 123, 180, 24, 191,
       255, 64, 123, 133, 183, 253, 24, 187, 111, 242, 179, 219, 251,
       117, 122, 194, 72, 199, 43, 253, 121, 157, 101, 36, 14, 71, 184,
       96, 234, 162, 76, 215, 113, 73, 51, 16, 68, 124, 106, 201, 240,
       249, 8, 225, 233, 101, 20, 104, 243, 66, 35, 232, 180, 188, 113,
       173, 125, 85, 159, 127, 59, 180, 24, 159, 61, 72, 59, 129, 87,
       124, 24, 58, 108, 243, 51, 239, 219, 116, 117, 210, 216, 198, 59,
       232, 188, 188, 124, 173, 253, 85, 223, 255, 251, 180, 24, 191,
       249, 70, 59, 201, 242, 127, 24, 186, 111, 242, 179, 219, 251, 85,
       122, 210, 72, 198, 75, 204, 180, 188, 97, 161, 111, 113, 27, 123,
       187, 39, 24, 223, 55, 72, 59, 149, 23, 125, 56, 58, 116, 241, 2,
       207, 219, 117, 116, 194, 192, 199, 51, 200, 180, 189, 113, 169,
       109, 117, 159, 127, 123, 36, 24, 158, 63, 72, 59, 133, 22, 125,
       24, 51, 124, 251, 51, 207, 219, 117, 116, 194, 88, 199, 123, 214,
       172, 254, 191, 238, 169, 252, 239, 191, 179, 242, 26, 253, 234,
       117, 91, 239, 231, 127, 145, 186, 127, 203, 243, 190, 191, 255,
       136, 133, 248, 225, 136, 220, 217, 61, 231, 180, 14, 95, 188, 52,
       168, 214, 32, 247, 87, 137, 81, 118, 213, 93, 106, 232, 149, 105,
       60, 237, 233, 103, 148, 32, 179, 129, 51, 20, 221, 58, 231, 180,
       43, 127, 191, 46, 168, 222, 34, 247, 127, 8, 64, 118, 255, 93,
       123, 216, 184, 73, 61, 232, 237, 47, 212, 164, 251, 129, 33, 232,
       252, 189, 123, 169, 237, 21, 191, 155, 127, 44, 24, 190, 189, 70,
       59, 133, 83, 253, 16, 115, 108, 250, 51, 239, 223, 84, 127, 210,
       88, 135, 123, 231, 110, 141, 183, 172, 46, 76, 148, 186, 250, 146,
       93, 198, 104, 89, 27, 149, 230, 108, 127, 172, 84, 203, 42, 172,
       50, 125, 180, 128, 121, 26, 13, 197, 85, 29, 101, 0, 14, 103, 48,
       96, 232, 99, 76, 215, 51, 137, 115, 20, 68, 108, 106, 233, 240,
       209, 12, 229, 170, 97, 4, 104, 179, 67, 33, 248, 168, 156, 58,
       139, 233, 16, 207, 178, 55, 164, 25, 46, 179, 66, 27, 129, 211,
       233, 16, 62, 111, 218, 51, 219, 195, 84, 123, 240, 80, 142, 10,
       248, 190, 255, 120, 202, 232, 81, 87, 178, 23, 164, 185, 55, 151,
       64, 27, 35, 178, 109, 16, 58, 79, 162, 51, 219, 227, 112, 121,
       160, 192, 166, 107, 45, 117, 16, 101, 85, 14, 102, 56, 104, 224,
       107, 76, 214, 81, 17, 176, 144, 76, 64, 110, 193, 176, 217, 14,
