%YAML:1.0
---
descriptors: !!opencv-matrix
   rows: 352
   cols: 32
   dt: u
   data: [ 248, 184, 255, 112, 40, 237, 81, 87, 163, 63, 164, 56, 55,
       151, 64, 27, 39, 182, 109, 24, 58, 111, 178, 1, 219, 203, 116,
       120, 226, 192, 198, 123, 224, 176, 157, 250, 140, 237, 65, 143,
       159, 51, 161, 24, 150, 243, 72, 59, 129, 146, 104, 16, 59, 111,
       218, 113, 153, 146, 85, 126, 216, 72, 198, 42, 220, 80, 188, 247,
       168, 44, 93, 152, 174, 186, 183, 60, 223, 247, 73, 91, 167, 85,
       125, 90, 168, 69, 251, 32, 203, 251, 119, 156, 160, 241, 1, 51,
       244, 68, 93, 116, 168, 74, 93, 61, 160, 178, 166, 24, 87, 55, 1,
       91, 135, 213, 108, 106, 104, 103, 195, 12, 241, 235, 101, 28, 96,
       240, 198, 33, 117, 141, 93, 102, 190, 14, 71, 188, 232, 160, 170,
       8, 215, 115, 8, 115, 34, 247, 124, 106, 121, 169, 121, 45, 241,
       233, 101, 20, 96, 179, 192, 32, 69, 125, 51, 71, 113, 79, 103, 48,
       105, 232, 107, 76, 222, 81, 1, 180, 144, 124, 80, 106, 65, 240,
       249, 110, 37, 156, 5, 2, 66, 51, 67, 162, 220, 180, 188, 240, 168,
       109, 89, 27, 187, 255, 181, 24, 159, 247, 74, 123, 133, 149, 125,
       24, 58, 71, 250, 16, 219, 251, 119, 252, 194, 192, 199, 115, 236,
       112, 189, 99, 45, 109, 83, 152, 107, 255, 165, 24, 223, 93, 73,
       59, 145, 84, 124, 58, 43, 102, 251, 0, 207, 219, 69, 127, 194,
       123, 70, 115, 108, 161, 57, 105, 93, 77, 83, 136, 66, 48, 173, 8,
       242, 81, 75, 48, 153, 24, 64, 122, 10, 34, 251, 21, 231, 217, 1,
       125, 82, 43, 70, 226, 232, 180, 188, 250, 205, 237, 81, 15, 223,
       59, 172, 24, 190, 189, 76, 56, 201, 155, 251, 16, 58, 110, 242,
       147, 207, 223, 84, 123, 210, 72, 198, 42, 120, 173, 95, 120, 152,
       201, 85, 247, 179, 21, 164, 57, 55, 247, 66, 17, 137, 186, 229,
       24, 122, 75, 226, 55, 251, 195, 52, 121, 96, 128, 238, 106, 208,
       184, 159, 240, 138, 232, 81, 151, 183, 23, 134, 57, 183, 183, 64,
       91, 7, 183, 109, 17, 58, 79, 147, 49, 217, 227, 116, 121, 160, 64,
       132, 42, 96, 141, 157, 255, 216, 205, 21, 175, 154, 17, 40, 8,
       182, 243, 64, 82, 129, 114, 106, 24, 18, 74, 218, 49, 237, 182,
       84, 120, 144, 88, 135, 170, 96, 212, 149, 121, 141, 205, 69, 175,
       123, 49, 168, 24, 182, 51, 76, 114, 129, 19, 104, 0, 107, 104,
       243, 51, 173, 190, 84, 126, 80, 88, 198, 42, 124, 175, 252, 114,
       138, 169, 81, 207, 163, 23, 172, 185, 51, 231, 74, 27, 3, 211,
       109, 24, 58, 75, 202, 49, 219, 195, 116, 121, 224, 193, 134, 106,
       20, 69, 125, 103, 20, 79, 71, 184, 118, 160, 171, 8, 83, 113, 25,
       112, 49, 196, 72, 106, 104, 176, 121, 31, 249, 143, 5, 20, 113,
       187, 68, 34, 100, 101, 59, 102, 85, 198, 239, 104, 248, 130, 235,
       8, 80, 247, 45, 48, 248, 253, 114, 235, 97, 227, 184, 78, 113,
       174, 143, 12, 65, 115, 102, 162, 196, 188, 157, 87, 136, 108, 36,
       158, 186, 187, 35, 88, 212, 247, 72, 123, 129, 86, 120, 24, 51,
       76, 251, 51, 141, 170, 119, 124, 136, 113, 135, 48, 240, 160, 253,
       82, 203, 253, 81, 207, 163, 181, 164, 24, 34, 222, 76, 59, 137,
       146, 232, 16, 26, 111, 250, 49, 27, 129, 85, 127, 225, 72, 198,
       110, 248, 188, 254, 114, 136, 173, 81, 223, 178, 191, 164, 25, 55,
       247, 74, 27, 35, 246, 109, 24, 58, 79, 154, 35, 219, 195, 117,
       121, 224, 208, 134, 107, 109, 117, 17, 71, 209, 95, 118, 184, 123,
       232, 47, 8, 222, 112, 77, 180, 145, 92, 80, 106, 69, 240, 249, 62,
       47, 221, 5, 54, 74, 115, 74, 182, 77, 253, 158, 103, 177, 78, 119,
       188, 121, 232, 111, 12, 223, 115, 9, 50, 179, 86, 108, 106, 113,
       240, 217, 110, 239, 255, 101, 6, 202, 115, 203, 19, 69, 244, 189,
       99, 188, 111, 199, 152, 90, 251, 47, 24, 214, 117, 72, 42, 145,
       84, 120, 122, 51, 112, 249, 50, 237, 159, 101, 118, 192, 123, 199,
       35, 101, 117, 25, 103, 49, 79, 103, 184, 120, 232, 43, 76, 214,
       81, 9, 48, 144, 68, 104, 106, 65, 240, 249, 14, 237, 156, 5, 6,
       72, 51, 67, 50, 108, 165, 156, 122, 137, 77, 87, 141, 179, 179,
       173, 24, 214, 119, 74, 27, 145, 210, 121, 90, 122, 66, 250, 51,
       235, 219, 85, 125, 208, 83, 198, 98, 69, 48, 157, 69, 1, 78, 49,
       8, 104, 234, 35, 8, 214, 51, 73, 58, 144, 84, 104, 34, 1, 116,
       241, 0, 197, 154, 65, 22, 72, 35, 67, 34, 5, 113, 19, 69, 80, 95,
       227, 48, 108, 224, 103, 72, 210, 20, 133, 180, 24, 116, 64, 106,
       65, 176, 113, 12, 37, 152, 1, 4, 74, 179, 66, 164, 220, 149, 57,
       231, 180, 46, 111, 189, 52, 168, 255, 96, 215, 119, 137, 112, 119,
       222, 29, 106, 249, 144, 121, 46, 233, 239, 39, 132, 32, 243, 133,
       49, 93, 221, 125, 231, 180, 78, 79, 188, 100, 234, 255, 64, 215,
       119, 137, 112, 22, 214, 92, 106, 249, 144, 121, 47, 227, 239, 37,
       148, 32, 243, 192, 33, 52, 77, 18, 134, 85, 79, 166, 232, 20, 164,
       235, 10, 98, 224, 41, 208, 248, 236, 106, 226, 72, 179, 25, 111,
       177, 166, 135, 19, 81, 59, 110, 130, 104, 237, 148, 58, 217, 237,
       22, 175, 155, 55, 40, 25, 174, 187, 64, 144, 129, 123, 234, 16,
       54, 106, 218, 55, 175, 215, 84, 59, 210, 92, 143, 138, 129, 174,
       159, 187, 228, 169, 109, 151, 254, 19, 66, 208, 181, 227, 216, 75,
       99, 106, 42, 28, 51, 220, 143, 51, 140, 130, 119, 72, 152, 192,
       161, 168, 108, 109, 41, 103, 29, 79, 71, 184, 119, 236, 175, 8,
       210, 85, 17, 48, 152, 252, 91, 106, 105, 178, 121, 62, 229, 223,
       133, 52, 80, 123, 86, 114, 149, 142, 201, 119, 176, 42, 110, 154,
       118, 163, 99, 208, 243, 97, 145, 121, 19, 78, 44, 28, 57, 212, 77,
       46, 206, 239, 53, 68, 228, 241, 192, 32, 197, 212, 157, 247, 128,
       78, 103, 185, 60, 250, 35, 80, 215, 119, 8, 115, 21, 86, 124, 46,
       225, 229, 121, 42, 229, 171, 101, 20, 0, 240, 195, 33, 40, 173,
       148, 57, 153, 253, 20, 174, 31, 55, 40, 25, 174, 43, 72, 154, 129,
       27, 234, 16, 54, 104, 83, 179, 239, 215, 84, 123, 210, 92, 142,
       138, 236, 116, 189, 119, 168, 111, 71, 152, 58, 190, 167, 24, 214,
       115, 73, 123, 145, 84, 124, 58, 57, 68, 249, 34, 195, 251, 69, 52,
       200, 115, 198, 98, 52, 69, 2, 134, 149, 15, 198, 232, 37, 164,
       235, 10, 66, 96, 41, 148, 248, 204, 74, 226, 72, 179, 25, 110,
       177, 166, 135, 23, 65, 59, 122, 6, 50, 12, 18, 156, 89, 163, 0,
       103, 157, 3, 234, 25, 38, 160, 36, 212, 200, 174, 106, 0, 44, 171,
       80, 15, 145, 182, 16, 27, 80, 72, 42, 14, 93, 79, 95, 103, 176,
       138, 79, 180, 100, 160, 238, 64, 247, 67, 145, 112, 114, 100, 44,
       110, 73, 144, 45, 62, 234, 239, 37, 0, 40, 179, 224, 40, 61, 65,
       34, 134, 113, 27, 178, 104, 44, 128, 235, 139, 70, 114, 41, 116,
       248, 216, 74, 110, 12, 179, 89, 206, 243, 20, 139, 22, 66, 191,
       32, 134, 237, 68, 180, 71, 205, 62, 70, 184, 121, 186, 43, 76,
       210, 96, 93, 191, 145, 68, 104, 110, 237, 116, 217, 42, 167, 250,
       69, 20, 74, 243, 66, 4, 69, 117, 17, 71, 113, 78, 102, 184, 105,
       192, 106, 72, 254, 83, 13, 180, 144, 92, 80, 106, 193, 176, 249,
       110, 37, 188, 5, 2, 74, 51, 67, 176, 236, 48, 189, 99, 173, 125,
       81, 152, 75, 255, 165, 24, 222, 93, 75, 59, 153, 16, 249, 58, 59,
       102, 251, 144, 207, 219, 65, 127, 210, 75, 70, 114, 36, 241, 57,
       65, 88, 79, 67, 136, 66, 52, 45, 8, 214, 21, 73, 48, 153, 92, 64,
       122, 75, 48, 249, 29, 111, 141, 1, 52, 80, 59, 70, 226, 104, 180,
       184, 250, 157, 253, 80, 15, 223, 27, 173, 24, 190, 253, 72, 56,
       201, 27, 251, 16, 26, 106, 250, 147, 207, 223, 16, 123, 210, 72,
       198, 42, 216, 168, 190, 248, 138, 233, 81, 151, 178, 23, 134, 185,
       55, 183, 66, 90, 167, 179, 237, 16, 26, 79, 130, 51, 217, 199,
       116, 121, 176, 64, 164, 122, 244, 61, 189, 118, 138, 108, 81, 159,
       178, 191, 172, 25, 23, 183, 73, 27, 161, 214, 109, 16, 58, 75,
       186, 34, 219, 195, 117, 125, 224, 241, 134, 98, 212, 24, 159, 116,
       168, 108, 69, 55, 177, 154, 162, 24, 247, 55, 1, 123, 1, 246, 108,
