%YAML:1.0
---
descriptors: !!opencv-matrix
   rows: 229
   cols: 32
   dt: u
   data: [ 205, 92, 157, 119, 168, 110, 103, 184, 120, 250, 174, 92, 215,
       115, 9, 123, 21, 86, 124, 106, 105, 228, 249, 42, 229, 191, 101,
       20, 200, 241, 3, 49, 13, 117, 49, 69, 81, 78, 102, 184, 121, 232,
       106, 72, 222, 17, 13, 180, 144, 92, 80, 106, 193, 240, 249, 78,
       37, 252, 5, 4, 74, 51, 67, 177, 100, 229, 189, 122, 141, 77, 87,
       168, 98, 183, 173, 24, 86, 119, 73, 58, 153, 210, 104, 122, 90,
       99, 251, 49, 235, 159, 69, 125, 210, 123, 198, 226, 37, 245, 145,
       67, 213, 95, 103, 184, 107, 232, 43, 72, 210, 113, 77, 182, 145,
       92, 80, 122, 65, 240, 249, 12, 47, 156, 5, 54, 74, 59, 66, 36, 29,
       93, 159, 103, 48, 30, 111, 184, 117, 234, 126, 68, 243, 115, 145,
       112, 22, 100, 60, 110, 237, 144, 125, 46, 230, 239, 37, 128, 42,
       243, 1, 57, 117, 93, 125, 102, 180, 78, 71, 188, 96, 232, 190, 64,
       119, 119, 137, 115, 22, 212, 92, 106, 233, 161, 121, 44, 243, 169,
       101, 20, 104, 243, 66, 57, 229, 113, 253, 102, 104, 78, 87, 184,
       224, 250, 183, 72, 83, 119, 217, 59, 148, 212, 124, 106, 233, 103,
       251, 8, 117, 169, 101, 60, 73, 179, 70, 113, 124, 112, 189, 115,
       40, 111, 83, 152, 115, 255, 167, 24, 215, 85, 73, 58, 145, 212,
       124, 58, 43, 101, 249, 2, 203, 223, 49, 117, 192, 243, 70, 115,
       104, 240, 189, 250, 141, 205, 85, 47, 203, 63, 165, 24, 190, 189,
       72, 27, 137, 146, 237, 0, 90, 111, 242, 145, 243, 219, 84, 123,
       82, 72, 198, 106, 124, 176, 255, 112, 136, 236, 85, 151, 178, 191,
       164, 24, 51, 247, 72, 27, 37, 158, 109, 24, 27, 79, 243, 1, 217,
       203, 117, 120, 224, 192, 198, 115, 69, 119, 149, 71, 160, 14, 103,
       152, 124, 170, 43, 68, 220, 114, 201, 118, 149, 68, 108, 126, 193,
       208, 217, 74, 172, 190, 103, 4, 136, 243, 67, 37, 77, 241, 157,
       71, 185, 14, 55, 184, 106, 248, 47, 76, 222, 113, 73, 50, 147, 84,
       120, 106, 195, 240, 249, 89, 111, 191, 69, 6, 72, 115, 67, 51,
       192, 172, 157, 251, 200, 237, 33, 143, 190, 51, 32, 24, 180, 179,
       64, 91, 129, 50, 106, 24, 50, 76, 218, 49, 205, 162, 118, 120,
       144, 64, 135, 170, 109, 101, 120, 103, 52, 31, 118, 56, 105, 160,
       127, 9, 219, 89, 157, 176, 146, 76, 93, 110, 196, 240, 205, 12,
       103, 253, 1, 4, 70, 183, 90, 128, 76, 101, 120, 103, 50, 14, 127,
       184, 57, 164, 119, 169, 223, 87, 139, 16, 22, 93, 213, 110, 96,
       208, 233, 110, 231, 255, 33, 133, 98, 183, 7, 243, 197, 114, 152,
       71, 100, 14, 103, 152, 104, 170, 115, 76, 214, 113, 217, 58, 20,
       68, 100, 110, 225, 244, 221, 42, 100, 186, 101, 4, 72, 243, 67, 1,
       237, 79, 68, 71, 228, 26, 102, 168, 97, 160, 226, 200, 235, 96,
       151, 247, 26, 228, 104, 110, 236, 240, 205, 108, 38, 58, 69, 0,
       103, 183, 90, 4, 40, 173, 152, 121, 153, 253, 20, 174, 31, 53, 44,
       25, 174, 57, 74, 144, 129, 91, 225, 80, 34, 104, 219, 55, 239,
       215, 20, 127, 210, 88, 206, 138, 104, 237, 144, 59, 217, 221, 22,
       174, 159, 53, 40, 9, 174, 251, 65, 144, 129, 123, 235, 64, 102,
       74, 90, 55, 239, 215, 20, 59, 210, 93, 142, 138, 80, 176, 189,
       116, 136, 108, 81, 155, 162, 211, 162, 24, 247, 247, 64, 90, 1,
       246, 108, 24, 27, 77, 187, 0, 217, 162, 117, 24, 168, 224, 135,
       114, 205, 164, 205, 19, 200, 40, 101, 191, 246, 179, 103, 208,
       211, 224, 216, 123, 65, 78, 106, 30, 51, 244, 239, 50, 76, 163,
       119, 68, 236, 240, 208, 160, 100, 161, 57, 122, 153, 77, 67, 168,
       51, 80, 165, 8, 242, 215, 72, 48, 217, 208, 81, 106, 11, 99, 250,
       55, 235, 221, 5, 125, 82, 51, 198, 98, 205, 117, 180, 71, 225, 95,
       119, 184, 121, 234, 47, 12, 222, 113, 13, 183, 145, 84, 112, 106,
       225, 240, 249, 10, 111, 255, 69, 38, 202, 115, 75, 54, 248, 42,
       255, 112, 170, 233, 81, 86, 178, 159, 164, 56, 19, 183, 65, 27,
       35, 178, 108, 24, 42, 79, 162, 32, 217, 203, 117, 120, 224, 209,
       70, 107, 244, 190, 220, 114, 168, 173, 81, 223, 178, 191, 165, 25,
       23, 243, 74, 27, 1, 150, 109, 24, 58, 79, 202, 51, 219, 195, 117,
       125, 224, 192, 206, 35, 45, 103, 64, 7, 148, 27, 102, 172, 113,
       164, 111, 137, 195, 96, 155, 148, 24, 204, 64, 110, 108, 176, 205,
       46, 46, 207, 5, 53, 103, 255, 218, 132, 56, 32, 249, 96, 170, 107,
       65, 91, 162, 183, 164, 56, 19, 23, 192, 27, 11, 148, 68, 24, 24,
       103, 160, 0, 217, 201, 117, 124, 225, 128, 70, 98, 69, 113, 149,
       71, 233, 92, 55, 128, 233, 216, 47, 8, 222, 243, 77, 62, 128, 85,
       104, 74, 65, 96, 250, 96, 7, 184, 69, 14, 74, 115, 67, 35, 100,
       99, 57, 71, 48, 15, 103, 56, 104, 172, 47, 76, 210, 65, 73, 16,
       144, 76, 68, 110, 192, 240, 233, 12, 231, 156, 37, 52, 64, 179,
       70, 33, 100, 101, 193, 103, 48, 74, 71, 168, 48, 164, 107, 136,
       211, 103, 201, 114, 16, 212, 104, 106, 72, 208, 233, 10, 229, 164,
       69, 21, 96, 179, 70, 96, 248, 188, 246, 112, 171, 252, 81, 215,
       179, 31, 164, 56, 46, 247, 64, 159, 39, 182, 237, 16, 58, 79, 178,
       243, 219, 243, 84, 123, 226, 196, 134, 123, 216, 152, 159, 124,
       40, 204, 81, 19, 174, 89, 166, 48, 183, 151, 0, 123, 3, 55, 124,
       24, 19, 73, 179, 33, 193, 227, 112, 88, 128, 128, 39, 59, 5, 117,
       17, 69, 117, 30, 230, 184, 121, 168, 110, 76, 214, 80, 29, 180,
       144, 76, 84, 110, 193, 240, 217, 14, 39, 252, 5, 4, 74, 59, 75,
       133, 37, 241, 17, 67, 221, 95, 198, 184, 74, 248, 41, 72, 210, 80,
       77, 180, 153, 76, 82, 122, 69, 48, 249, 20, 45, 156, 5, 118, 88,
       59, 82, 164, 85, 93, 125, 103, 52, 78, 79, 188, 96, 232, 190, 64,
       243, 119, 137, 112, 22, 212, 124, 106, 233, 161, 121, 47, 225,
       175, 37, 148, 104, 243, 64, 57, 252, 120, 189, 119, 40, 78, 87,
       152, 115, 250, 165, 24, 215, 87, 73, 59, 144, 220, 124, 90, 73,
       101, 251, 34, 195, 203, 101, 52, 224, 243, 70, 51, 124, 52, 189,
       99, 157, 111, 83, 152, 67, 253, 173, 24, 223, 125, 73, 58, 153,
       144, 92, 56, 27, 98, 249, 16, 203, 221, 33, 125, 210, 75, 70, 114,
       252, 164, 252, 118, 168, 105, 85, 191, 179, 183, 165, 24, 83, 103,
       73, 27, 1, 214, 109, 10, 56, 71, 235, 34, 219, 203, 117, 61, 226,
       240, 198, 98, 120, 240, 188, 254, 13, 253, 85, 15, 203, 61, 164,
       24, 190, 189, 72, 59, 201, 178, 249, 16, 10, 107, 242, 177, 251,
       219, 84, 59, 210, 88, 214, 42, 237, 166, 200, 19, 210, 56, 39,
       159, 50, 247, 78, 252, 193, 226, 202, 252, 87, 206, 226, 156, 182,
       86, 237, 34, 126, 7, 183, 229, 166, 245, 142, 245, 228, 180, 153,
       83, 232, 45, 5, 143, 250, 59, 168, 88, 150, 179, 72, 59, 129, 82,
       104, 16, 51, 110, 219, 115, 189, 146, 85, 126, 216, 88, 195, 35,
       229, 225, 120, 7, 236, 29, 254, 185, 106, 240, 189, 77, 211, 104,
       222, 51, 147, 71, 124, 111, 212, 99, 223, 113, 238, 25, 101, 124,
       77, 179, 203, 4, 69, 241, 157, 71, 48, 14, 103, 184, 106, 248, 47,
       76, 214, 113, 73, 50, 144, 68, 104, 106, 193, 112, 249, 92, 237,
       159, 37, 52, 72, 51, 67, 33, 96, 181, 17, 99, 185, 77, 84, 175,
       107, 57, 41, 88, 150, 51, 76, 180, 145, 31, 104, 16, 91, 104, 219,
       21, 173, 220, 21, 126, 216, 8, 194, 6, 16, 172, 159, 255, 136,
       237, 21, 135, 182, 23, 96, 16, 247, 243, 96, 88, 145, 123, 40, 16,
       58, 204, 218, 51, 201, 166, 116, 120, 144, 64, 133, 42, 117, 69,
       17, 101, 20, 79, 71, 40, 118, 160, 235, 8, 83, 113, 25, 112, 48,
       196, 72, 106, 105, 176, 57, 30, 241, 174, 1, 20, 112, 187, 64, 32,
       84, 95, 23, 158, 25, 198, 7, 224, 180, 196, 203, 69, 102, 226, 33,
       84, 224, 230, 106, 66, 109, 139, 57, 111, 177, 38, 79, 19, 8, 55,
       37, 94, 124, 101, 212, 46, 11, 64, 86, 136, 179, 134, 169, 169,
       79, 243, 73, 222, 211, 212, 236, 98, 108, 67, 202, 138, 178, 247,
       69, 59, 162, 119, 46, 2, 116, 97, 104, 103, 20, 26, 118, 168, 105,
       160, 111, 9, 211, 73, 31, 48, 50, 204, 81, 106, 68, 176, 205, 14,
