%YAML:1.0
---
descriptors: !!opencv-matrix
   rows: 95
   cols: 32
   dt: u
   data: [ 77, 117, 25, 103, 177, 79, 119, 184, 104, 232, 111, 72, 222,
       115, 9, 48, 144, 84, 120, 106, 65, 176, 249, 44, 229, 255, 5, 4,
       72, 51, 67, 50, 69, 85, 25, 111, 178, 78, 103, 184, 108, 72, 107,
       100, 214, 115, 137, 112, 18, 68, 108, 106, 193, 144, 249, 60, 228,
       174, 37, 4, 104, 179, 129, 33, 165, 111, 65, 71, 116, 31, 238,
       176, 113, 232, 123, 204, 195, 64, 157, 180, 92, 204, 70, 110, 233,
       176, 77, 46, 36, 28, 165, 148, 75, 191, 82, 164, 217, 156, 158,
       245, 168, 172, 117, 159, 254, 187, 166, 92, 247, 243, 64, 123,
       165, 118, 124, 24, 57, 77, 251, 35, 203, 235, 119, 80, 136, 240,
       129, 43, 230, 188, 188, 18, 237, 125, 149, 138, 155, 255, 165, 61,
       70, 252, 79, 27, 137, 87, 233, 19, 62, 103, 250, 178, 91, 18, 85,
       127, 192, 125, 214, 87, 252, 70, 148, 182, 44, 40, 76, 136, 186,
       186, 179, 120, 207, 226, 73, 219, 201, 197, 108, 2, 44, 103, 203,
       162, 144, 242, 243, 61, 0, 241, 122, 0, 193, 167, 149, 155, 184,
       45, 44, 191, 126, 59, 10, 92, 188, 35, 200, 247, 133, 67, 106, 12,
       243, 72, 91, 119, 173, 158, 126, 116, 24, 88, 137, 41, 199, 182,
       236, 145, 190, 50, 184, 11, 26, 247, 145, 183, 204, 110, 222, 75,
       223, 13, 251, 181, 182, 70, 255, 210, 14, 23, 219, 255, 157, 100,
       189, 215, 220, 92, 159, 246, 136, 110, 71, 184, 180, 178, 170, 8,
       247, 119, 1, 123, 1, 246, 108, 106, 121, 197, 187, 44, 249, 227,
       101, 20, 160, 243, 4, 34, 124, 241, 253, 100, 136, 76, 85, 184,
       162, 182, 167, 8, 87, 119, 73, 123, 17, 212, 108, 106, 72, 67,
       251, 0, 217, 227, 101, 60, 224, 243, 6, 34, 188, 70, 120, 103, 52,
       43, 79, 248, 116, 166, 255, 138, 83, 97, 153, 81, 122, 204, 5,
       234, 232, 182, 77, 46, 242, 239, 37, 149, 101, 251, 70, 32, 194,
       188, 189, 20, 139, 117, 156, 207, 154, 255, 132, 189, 100, 252,
       111, 75, 197, 87, 251, 145, 246, 79, 187, 243, 59, 18, 95, 255,
       144, 116, 181, 95, 20, 111, 134, 158, 28, 130, 230, 96, 244, 128,
       203, 66, 96, 226, 33, 64, 248, 108, 106, 227, 104, 211, 138, 110,
       176, 38, 207, 0, 1, 51, 112, 0, 77, 117, 25, 103, 177, 14, 103,
       184, 105, 232, 111, 76, 214, 113, 9, 48, 144, 76, 88, 106, 193,
       176, 249, 46, 231, 253, 5, 4, 74, 115, 67, 32, 217, 188, 158, 253,
       168, 174, 112, 151, 190, 27, 134, 84, 255, 243, 0, 123, 167, 118,
       124, 24, 51, 205, 19, 49, 203, 235, 119, 80, 136, 192, 169, 27,
       61, 206, 76, 175, 28, 23, 79, 248, 68, 70, 239, 199, 115, 67, 59,
       80, 92, 192, 14, 238, 205, 134, 93, 63, 226, 239, 161, 4, 63, 187,
       120, 80, 252, 78, 132, 190, 44, 24, 68, 168, 187, 186, 179, 253,
       207, 226, 201, 219, 193, 196, 236, 2, 108, 103, 203, 162, 144,
       242, 245, 61, 72, 253, 90, 4, 252, 70, 88, 103, 164, 43, 78, 184,
       112, 174, 255, 169, 83, 97, 155, 25, 123, 196, 68, 110, 104, 182,
       73, 14, 242, 235, 101, 21, 229, 251, 74, 1, 229, 176, 189, 81,
       140, 109, 197, 143, 218, 243, 128, 24, 210, 113, 93, 47, 129, 86,
       120, 24, 51, 100, 251, 17, 205, 26, 85, 124, 192, 104, 211, 34,
       252, 164, 188, 122, 137, 253, 84, 205, 211, 23, 165, 24, 111, 243,
       74, 27, 129, 210, 237, 16, 58, 111, 218, 51, 251, 215, 85, 127,
       210, 88, 206, 10, 212, 116, 157, 118, 168, 108, 85, 154, 240, 250,
       167, 24, 215, 119, 73, 59, 1, 212, 108, 42, 105, 101, 251, 34,
       209, 227, 117, 28, 224, 241, 6, 50, 248, 164, 156, 114, 137, 237,
       20, 143, 187, 55, 165, 25, 174, 187, 74, 27, 129, 211, 237, 16,
       58, 111, 218, 51, 219, 211, 85, 127, 192, 68, 143, 10, 213, 71,
       29, 101, 164, 14, 71, 184, 96, 168, 190, 76, 215, 113, 153, 115,
       20, 196, 124, 110, 233, 161, 201, 12, 225, 235, 101, 148, 104,
       179, 66, 49, 98, 237, 144, 58, 153, 205, 22, 238, 155, 21, 169, 9,
       174, 250, 65, 148, 129, 123, 232, 67, 94, 107, 218, 179, 185, 214,
       21, 123, 210, 95, 143, 14, 217, 156, 151, 253, 171, 254, 84, 183,
       191, 219, 162, 112, 255, 243, 0, 251, 167, 119, 252, 16, 57, 205,
       147, 179, 155, 243, 87, 82, 170, 64, 169, 27, 249, 168, 246, 80,
       141, 189, 81, 215, 235, 119, 164, 28, 42, 184, 86, 191, 169, 226,
       236, 28, 158, 107, 178, 177, 219, 219, 85, 123, 227, 204, 206, 78,
       172, 231, 175, 183, 148, 15, 207, 184, 22, 230, 139, 205, 211,
       109, 27, 3, 29, 100, 121, 111, 232, 240, 125, 62, 233, 167, 237,
       20, 68, 251, 212, 112, 197, 176, 181, 81, 141, 109, 129, 139, 202,
       243, 128, 24, 214, 48, 76, 47, 129, 86, 120, 25, 51, 101, 251, 16,
       141, 26, 85, 126, 192, 104, 211, 38, 214, 92, 167, 182, 141, 102,
       23, 166, 180, 242, 131, 19, 214, 255, 17, 107, 225, 247, 121, 227,
       121, 205, 155, 42, 249, 226, 207, 16, 128, 123, 181, 114, 104,
       237, 144, 186, 137, 221, 22, 238, 155, 23, 168, 9, 174, 251, 64,
       144, 129, 251, 232, 66, 110, 107, 218, 179, 187, 214, 85, 123,
       210, 93, 142, 10, 124, 73, 159, 118, 137, 76, 71, 184, 163, 182,
       174, 8, 119, 247, 65, 86, 1, 244, 104, 106, 72, 67, 251, 40, 251,
       227, 69, 29, 162, 243, 102, 34, 213, 121, 157, 102, 40, 78, 69,
       184, 224, 250, 163, 76, 215, 83, 137, 123, 0, 212, 124, 106, 105,
       229, 249, 40, 241, 171, 101, 20, 104, 177, 66, 49, 69, 188, 188,
       178, 169, 237, 145, 203, 222, 119, 161, 29, 182, 254, 74, 43, 133,
       19, 122, 23, 183, 111, 250, 51, 217, 215, 95, 127, 216, 72, 143,
       83, 69, 239, 169, 63, 188, 141, 199, 184, 238, 204, 201, 77, 247,
       224, 27, 16, 208, 106, 106, 79, 198, 96, 250, 61, 237, 182, 47,
       56, 80, 59, 215, 232, 92, 92, 151, 246, 143, 98, 7, 160, 160, 178,
       139, 42, 214, 245, 73, 207, 49, 244, 121, 227, 105, 193, 155, 168,
       249, 162, 207, 22, 164, 123, 53, 34, 248, 180, 158, 116, 169, 236,
       80, 23, 179, 123, 160, 89, 191, 179, 64, 187, 161, 183, 236, 16,
       63, 111, 146, 3, 219, 227, 112, 123, 232, 64, 138, 27, 212, 112,
       157, 118, 8, 108, 69, 152, 240, 250, 167, 24, 87, 119, 73, 59, 1,
       212, 108, 106, 41, 69, 251, 34, 209, 235, 117, 60, 224, 241, 6,
       34, 114, 169, 255, 120, 141, 221, 80, 199, 235, 213, 164, 9, 42,
       188, 118, 63, 128, 163, 237, 21, 30, 107, 178, 177, 219, 249, 84,
       123, 195, 4, 198, 78, 254, 173, 148, 186, 137, 253, 22, 239, 155,
       23, 160, 25, 174, 251, 98, 155, 137, 243, 233, 16, 62, 107, 218,
       183, 187, 215, 85, 123, 210, 92, 142, 10, 252, 180, 188, 112, 168,
       109, 81, 27, 178, 191, 165, 25, 151, 183, 74, 27, 129, 151, 237,
       16, 58, 79, 218, 2, 219, 195, 117, 125, 224, 64, 134, 99, 252,
       124, 189, 118, 168, 108, 85, 154, 178, 190, 167, 24, 87, 247, 73,
       27, 1, 214, 108, 26, 40, 71, 250, 34, 219, 227, 117, 60, 224, 241,
       6, 98, 204, 117, 221, 101, 176, 74, 103, 184, 112, 170, 174, 104,
       215, 119, 137, 51, 22, 212, 108, 106, 105, 240, 233, 14, 229, 235,
       101, 20, 96, 179, 70, 33, 252, 124, 253, 103, 170, 75, 87, 156,
       43, 230, 37, 173, 215, 109, 75, 27, 23, 213, 237, 98, 104, 116,
       217, 42, 231, 195, 69, 53, 100, 251, 134, 82, 101, 32, 233, 101,
       77, 78, 65, 25, 35, 230, 166, 9, 211, 53, 91, 26, 16, 196, 121,
       60, 8, 208, 241, 8, 205, 237, 197, 52, 160, 232, 86, 98, 69, 245,
       173, 35, 188, 13, 103, 188, 46, 121, 138, 77, 215, 117, 88, 16,
       145, 78, 121, 111, 211, 48, 219, 53, 237, 183, 45, 116, 200, 115,
       211, 50, 37, 141, 137, 167, 180, 79, 111, 191, 22, 227, 202, 88,
       247, 100, 208, 32, 153, 78, 122, 44, 121, 184, 121, 63, 173, 142,
       165, 116, 216, 122, 208, 184, 141, 115, 153, 103, 176, 46, 107,
       152, 34, 168, 99, 196, 215, 87, 201, 122, 22, 92, 108, 122, 129,
       208, 233, 8, 205, 237, 37, 4, 224, 243, 3, 49, 109, 65, 141, 230,
       13, 78, 71, 184, 167, 232, 139, 8, 211, 117, 25, 115, 144, 228,
       121, 110, 73, 65, 251, 44, 233, 255, 197, 20, 2, 251, 80, 98, 124,
