%YAML:1.0
---
descriptors: !!opencv-matrix
   rows: 284
   cols: 32
   dt: u
   data: [ 112, 56, 253, 116, 40, 76, 81, 19, 162, 253, 164, 44, 55, 151,
       66, 27, 6, 180, 109, 8, 8, 79, 178, 1, 211, 225, 113, 57, 96, 128,
       6, 123, 117, 46, 206, 69, 164, 58, 102, 138, 113, 174, 238, 32,
       67, 96, 215, 126, 113, 204, 44, 62, 188, 244, 237, 42, 170, 239,
       229, 1, 238, 245, 122, 4, 77, 117, 49, 69, 81, 78, 103, 184, 121,
       232, 107, 72, 222, 113, 13, 180, 144, 92, 80, 106, 193, 176, 249,
       78, 37, 254, 5, 6, 74, 51, 67, 160, 221, 38, 156, 178, 168, 60,
       92, 138, 250, 187, 163, 125, 207, 226, 203, 219, 131, 199, 108,
       30, 60, 69, 203, 34, 218, 243, 127, 253, 168, 241, 139, 1, 37,
       241, 17, 67, 93, 79, 103, 168, 107, 224, 43, 8, 214, 81, 77, 52,
       145, 92, 64, 122, 65, 112, 249, 28, 45, 156, 5, 54, 64, 59, 70,
       162, 101, 112, 153, 71, 193, 110, 99, 152, 106, 250, 47, 8, 214,
       115, 73, 58, 145, 84, 104, 122, 17, 112, 249, 8, 205, 156, 69, 52,
       200, 115, 66, 34, 36, 161, 56, 122, 29, 205, 83, 168, 66, 21, 173,
       8, 242, 81, 72, 48, 153, 26, 64, 106, 10, 98, 123, 53, 231, 213,
       1, 63, 82, 11, 70, 34, 5, 159, 159, 215, 176, 46, 47, 182, 124,
       234, 90, 100, 245, 114, 128, 97, 55, 111, 62, 110, 241, 216, 13,
       110, 236, 174, 111, 128, 136, 243, 161, 185, 93, 141, 127, 103,
       182, 78, 87, 184, 100, 160, 170, 64, 215, 115, 9, 112, 54, 214,
       124, 106, 121, 161, 89, 46, 235, 239, 37, 20, 96, 243, 192, 32,
       252, 94, 189, 116, 168, 44, 85, 190, 160, 186, 182, 120, 119, 119,
       1, 123, 135, 247, 109, 98, 104, 101, 235, 40, 209, 235, 117, 152,
       96, 241, 70, 43, 221, 113, 253, 103, 32, 78, 71, 184, 97, 250,
       183, 72, 215, 117, 201, 51, 22, 84, 124, 106, 201, 112, 249, 40,
       227, 233, 101, 52, 106, 179, 66, 113, 237, 112, 189, 103, 40, 95,
       87, 152, 107, 250, 165, 8, 215, 85, 73, 59, 148, 84, 124, 122,
       201, 100, 249, 0, 195, 219, 101, 52, 200, 251, 70, 115, 93, 221,
       61, 239, 176, 78, 79, 188, 100, 232, 255, 68, 247, 119, 137, 112,
       22, 214, 93, 106, 233, 129, 121, 63, 241, 239, 37, 148, 40, 243,
       192, 121, 236, 48, 189, 115, 173, 109, 81, 152, 91, 255, 165, 24,
       222, 125, 73, 59, 145, 16, 252, 58, 51, 100, 251, 16, 207, 219,
       81, 127, 194, 107, 71, 115, 93, 157, 121, 239, 180, 14, 79, 189,
       36, 232, 255, 100, 215, 119, 136, 112, 54, 214, 125, 106, 249,
       152, 121, 63, 233, 239, 37, 212, 40, 243, 192, 49, 252, 112, 189,
       103, 40, 78, 87, 152, 105, 250, 167, 24, 215, 87, 73, 59, 148,
       212, 124, 122, 233, 101, 249, 32, 211, 219, 101, 20, 232, 179, 70,
       115, 149, 157, 155, 231, 180, 174, 111, 158, 62, 234, 91, 112,
       215, 119, 137, 96, 119, 127, 61, 58, 187, 148, 105, 62, 236, 239,
       39, 132, 168, 243, 129, 49, 104, 180, 189, 123, 173, 253, 81, 15,
       127, 123, 165, 24, 190, 61, 74, 59, 137, 18, 253, 16, 59, 110,
       251, 147, 207, 223, 80, 127, 210, 72, 198, 106, 21, 197, 57, 111,
       148, 79, 71, 184, 86, 160, 111, 2, 211, 113, 25, 112, 113, 204,
       40, 106, 105, 176, 121, 30, 233, 142, 5, 52, 48, 187, 64, 32, 69,
       241, 149, 87, 185, 77, 54, 184, 106, 248, 35, 72, 254, 242, 73,
       50, 145, 84, 104, 122, 67, 96, 219, 57, 45, 190, 5, 62, 72, 51,
       75, 55, 118, 229, 198, 175, 252, 43, 254, 232, 191, 162, 251, 138,
       78, 238, 61, 81, 255, 223, 127, 227, 120, 243, 203, 255, 188, 254,
       207, 188, 149, 123, 241, 129, 232, 188, 180, 248, 173, 173, 84,
       159, 255, 123, 180, 24, 191, 255, 64, 27, 205, 247, 255, 16, 186,
       111, 210, 179, 223, 223, 85, 122, 210, 204, 210, 75, 232, 188,
       188, 248, 173, 253, 84, 159, 251, 123, 180, 24, 191, 253, 74, 59,
       205, 147, 253, 16, 190, 111, 242, 147, 219, 219, 85, 123, 210,
       200, 198, 91, 234, 189, 148, 252, 237, 173, 92, 255, 191, 187,
       176, 25, 239, 255, 84, 91, 205, 247, 255, 148, 58, 107, 219, 243,
       159, 219, 223, 122, 210, 76, 242, 11, 165, 181, 49, 3, 253, 63,
       224, 25, 95, 251, 57, 92, 214, 56, 92, 172, 145, 14, 114, 63, 183,
       112, 217, 82, 13, 30, 5, 118, 202, 79, 219, 151, 101, 207, 78,
       103, 180, 10, 111, 184, 112, 170, 123, 204, 211, 97, 153, 113, 17,
       230, 108, 110, 169, 240, 77, 46, 172, 174, 101, 148, 232, 243,
       210, 33, 202, 168, 156, 186, 201, 189, 20, 135, 187, 51, 160, 25,
       174, 243, 66, 155, 129, 227, 233, 16, 62, 79, 218, 51, 219, 211,
       93, 123, 144, 84, 143, 74, 109, 253, 176, 83, 217, 221, 87, 182,
       251, 113, 45, 24, 190, 176, 78, 182, 129, 74, 208, 90, 183, 104,
       250, 179, 111, 221, 21, 127, 202, 87, 207, 254, 69, 253, 157, 19,
       172, 15, 167, 152, 122, 250, 11, 76, 214, 112, 209, 43, 145, 70,
       120, 127, 241, 112, 251, 34, 173, 14, 101, 116, 200, 123, 211, 48,
       248, 174, 254, 120, 138, 233, 81, 87, 179, 23, 164, 185, 55, 167,
       66, 27, 43, 178, 237, 16, 58, 79, 130, 19, 219, 195, 112, 121,
       226, 192, 198, 106, 72, 180, 252, 97, 176, 111, 57, 159, 59, 247,
       47, 185, 223, 55, 74, 27, 151, 31, 125, 52, 50, 88, 233, 66, 207,
       223, 117, 247, 192, 192, 135, 115, 37, 113, 145, 71, 213, 79, 102,
       184, 107, 232, 43, 8, 214, 80, 77, 180, 144, 92, 82, 106, 65, 240,
       249, 28, 45, 156, 5, 52, 74, 59, 66, 166, 36, 241, 57, 67, 221,
       79, 71, 168, 106, 241, 45, 8, 210, 85, 73, 48, 145, 92, 64, 122,
       67, 112, 249, 21, 109, 156, 5, 118, 208, 59, 70, 162, 120, 184,
       255, 116, 40, 237, 81, 87, 226, 191, 164, 8, 59, 183, 64, 59, 35,
       246, 109, 24, 10, 107, 178, 0, 219, 235, 117, 57, 224, 192, 198,
       107, 194, 172, 148, 186, 137, 249, 20, 143, 187, 55, 128, 25, 174,
       242, 74, 159, 129, 115, 233, 17, 54, 79, 202, 243, 153, 210, 93,
       123, 144, 68, 143, 14, 224, 188, 157, 250, 204, 237, 81, 207, 218,
       59, 160, 24, 182, 243, 72, 123, 129, 82, 106, 24, 51, 111, 218,
       51, 221, 130, 119, 124, 216, 72, 199, 170, 124, 133, 93, 101, 152,
       74, 71, 188, 96, 160, 170, 8, 215, 115, 9, 115, 50, 212, 108, 106,
       121, 161, 249, 12, 241, 233, 101, 20, 96, 178, 70, 32, 252, 190,
       253, 118, 168, 111, 69, 191, 178, 190, 167, 56, 83, 119, 73, 27,
       1, 246, 236, 42, 56, 111, 235, 34, 219, 227, 117, 61, 224, 241,
       198, 99, 3, 178, 250, 30, 226, 208, 189, 79, 248, 71, 117, 191,
       60, 252, 126, 42, 183, 91, 178, 133, 151, 251, 182, 99, 86, 38,
       90, 139, 205, 68, 175, 223, 212, 188, 157, 247, 168, 106, 77, 191,
       178, 251, 162, 112, 215, 119, 200, 123, 7, 86, 108, 26, 57, 205,
       251, 34, 201, 227, 117, 84, 160, 240, 135, 49, 252, 172, 252, 118,
       141, 109, 85, 218, 211, 183, 173, 24, 67, 241, 77, 31, 9, 214,
       236, 26, 58, 103, 251, 34, 219, 219, 85, 127, 227, 249, 198, 34,
       252, 126, 157, 244, 168, 44, 84, 150, 178, 190, 178, 120, 255,
       179, 65, 91, 135, 247, 237, 2, 104, 71, 202, 32, 211, 235, 117,
       152, 224, 240, 131, 43, 253, 113, 253, 103, 44, 78, 71, 152, 97,
       250, 183, 8, 215, 85, 201, 59, 150, 212, 124, 106, 201, 100, 249,
       40, 227, 201, 101, 52, 106, 243, 70, 115, 93, 93, 125, 103, 176,
       78, 71, 184, 96, 232, 255, 76, 247, 119, 137, 115, 84, 212, 124,
       106, 233, 176, 249, 44, 227, 233, 101, 20, 104, 243, 198, 49, 236,
       112, 189, 99, 45, 111, 83, 152, 75, 251, 165, 24, 214, 93, 73, 59,
       145, 212, 124, 122, 43, 100, 251, 16, 207, 219, 101, 124, 194,
       251, 70, 115, 216, 205, 95, 180, 168, 74, 76, 167, 160, 182, 162,
       153, 239, 99, 0, 219, 35, 231, 109, 106, 104, 69, 131, 44, 241,
       227, 103, 17, 32, 240, 135, 40, 108, 181, 145, 99, 185, 109, 80,
       185, 123, 57, 41, 88, 222, 123, 72, 240, 145, 30, 236, 48, 27,
       112, 217, 151, 143, 221, 21, 118, 218, 74, 194, 3, 149, 149, 57,
       231, 180, 46, 79, 188, 54, 235, 223, 112, 215, 119, 137, 112, 87,
       222, 93, 122, 185, 144, 105, 62, 233, 239, 39, 148, 168, 243, 129,
