%YAML:1.0
---
descriptors: !!opencv-matrix
   rows: 379
   cols: 32
   dt: u
   data: [ 1, 87, 16, 77, 117, 30, 54, 52, 109, 8, 122, 68, 252, 50, 164,
       244, 214, 109, 22, 110, 197, 176, 81, 95, 38, 188, 34, 2, 90, 50,
       105, 141, 129, 89, 16, 77, 113, 30, 230, 48, 105, 200, 98, 76,
       254, 16, 5, 180, 148, 108, 64, 106, 197, 176, 209, 76, 36, 184, 0,
       2, 74, 51, 75, 141, 248, 184, 255, 112, 136, 236, 81, 23, 226,
       215, 164, 24, 55, 183, 64, 59, 33, 182, 108, 24, 59, 79, 178, 1,
       219, 235, 112, 57, 224, 192, 134, 122, 148, 221, 121, 231, 180,
       46, 111, 188, 52, 170, 127, 80, 215, 119, 153, 112, 119, 222, 29,
       110, 185, 148, 121, 46, 237, 239, 167, 132, 164, 251, 128, 49, 93,
       93, 125, 103, 176, 78, 79, 184, 96, 232, 191, 64, 243, 119, 137,
       112, 22, 212, 124, 106, 233, 129, 121, 46, 227, 239, 37, 148, 104,
       243, 194, 49, 125, 85, 125, 102, 184, 78, 71, 184, 96, 232, 191,
       76, 211, 119, 137, 51, 22, 212, 124, 106, 233, 161, 249, 44, 243,
       233, 101, 148, 104, 243, 66, 113, 13, 117, 49, 71, 113, 79, 103,
       184, 104, 232, 107, 72, 214, 85, 1, 180, 144, 92, 80, 106, 65,
       176, 249, 78, 165, 188, 1, 6, 74, 51, 67, 176, 253, 113, 189, 103,
       40, 78, 85, 152, 225, 250, 183, 8, 215, 87, 73, 59, 148, 212, 124,
       106, 201, 103, 251, 40, 211, 249, 101, 52, 96, 243, 66, 115, 60,
       33, 25, 104, 28, 77, 83, 88, 66, 132, 165, 8, 23, 209, 72, 16,
       216, 152, 64, 120, 10, 34, 250, 29, 203, 129, 1, 125, 112, 139,
       70, 162, 245, 5, 93, 102, 152, 10, 71, 184, 232, 176, 171, 8, 215,
       115, 9, 115, 34, 214, 108, 106, 121, 225, 89, 44, 241, 233, 101,
       20, 96, 179, 66, 32, 104, 245, 180, 250, 221, 253, 84, 175, 223,
       19, 172, 24, 174, 189, 76, 59, 201, 186, 251, 16, 58, 107, 242,
       179, 239, 223, 84, 123, 210, 88, 214, 10, 120, 169, 222, 112, 136,
       201, 81, 247, 163, 29, 164, 56, 55, 183, 66, 19, 9, 178, 253, 16,
       122, 75, 226, 49, 219, 195, 116, 121, 224, 128, 238, 107, 120,
       168, 222, 248, 138, 233, 81, 87, 163, 23, 164, 57, 55, 183, 98,
       90, 99, 179, 109, 16, 26, 79, 162, 17, 217, 197, 112, 121, 176,
       192, 166, 107, 208, 24, 159, 116, 138, 110, 81, 55, 164, 155, 162,
       56, 247, 55, 1, 91, 35, 246, 108, 8, 57, 77, 179, 4, 217, 227,
       116, 16, 168, 224, 133, 59, 252, 173, 252, 114, 170, 233, 85, 207,
       178, 55, 165, 185, 23, 231, 74, 27, 3, 146, 109, 16, 58, 79, 202,
       51, 219, 195, 117, 125, 226, 192, 134, 98, 216, 188, 189, 248,
       169, 237, 81, 159, 187, 187, 180, 24, 191, 191, 64, 59, 133, 183,
       253, 24, 59, 111, 250, 19, 219, 251, 117, 120, 130, 192, 198, 123,
       244, 60, 223, 244, 138, 224, 85, 151, 178, 151, 166, 56, 23, 183,
       65, 91, 97, 246, 109, 16, 58, 79, 178, 34, 217, 227, 117, 120,
       160, 208, 166, 106, 248, 188, 191, 120, 169, 253, 81, 87, 251, 91,
       180, 24, 191, 253, 64, 123, 141, 179, 253, 24, 59, 111, 242, 147,
       219, 219, 116, 123, 210, 200, 198, 123, 182, 237, 246, 191, 254,
       171, 238, 238, 63, 178, 251, 26, 239, 234, 61, 80, 123, 239, 127,
       227, 178, 251, 203, 255, 190, 254, 207, 164, 181, 251, 241, 136,
       77, 113, 17, 69, 17, 79, 83, 8, 105, 232, 39, 8, 222, 17, 1, 52,
       144, 20, 72, 106, 65, 176, 241, 12, 231, 249, 1, 54, 74, 35, 67,
       34, 252, 188, 156, 114, 168, 173, 81, 222, 178, 191, 164, 25, 55,
       243, 66, 27, 129, 246, 109, 24, 58, 79, 218, 51, 219, 195, 117,
       125, 224, 192, 206, 10, 77, 117, 153, 103, 241, 30, 119, 184, 121,
       234, 111, 76, 222, 113, 9, 176, 144, 92, 120, 106, 225, 240, 249,
       14, 231, 255, 5, 38, 74, 115, 75, 35, 201, 253, 188, 115, 137,
       221, 85, 183, 251, 127, 36, 28, 190, 247, 74, 183, 129, 82, 232,
       24, 247, 104, 250, 51, 239, 219, 85, 127, 202, 84, 207, 123, 205,
       87, 157, 103, 164, 14, 102, 184, 52, 234, 39, 84, 215, 115, 137,
       119, 20, 68, 124, 110, 225, 244, 121, 46, 229, 235, 101, 20, 72,
       243, 195, 49, 54, 69, 18, 190, 89, 199, 86, 224, 159, 132, 232, 9,
       70, 208, 45, 148, 216, 249, 194, 98, 72, 35, 90, 158, 177, 180, 5,
       59, 80, 59, 46, 134, 54, 85, 18, 174, 93, 70, 70, 232, 157, 132,
       233, 9, 70, 208, 45, 212, 216, 237, 202, 99, 108, 163, 26, 14,
       177, 182, 5, 31, 80, 59, 108, 134, 216, 184, 191, 248, 10, 233,
       81, 23, 166, 23, 134, 56, 183, 151, 64, 91, 39, 179, 125, 145, 26,
       79, 130, 49, 217, 195, 122, 121, 160, 64, 165, 106, 129, 174, 159,
       187, 236, 169, 105, 151, 254, 19, 66, 116, 181, 227, 240, 75, 99,
       42, 42, 28, 51, 220, 15, 51, 204, 139, 118, 64, 152, 192, 161,
       168, 69, 245, 189, 99, 188, 111, 198, 136, 90, 251, 43, 88, 214,
       112, 72, 42, 145, 84, 120, 122, 19, 112, 249, 50, 237, 158, 101,
       116, 200, 123, 211, 35, 129, 142, 221, 123, 160, 170, 109, 159,
       118, 19, 103, 212, 243, 227, 152, 105, 19, 110, 46, 28, 59, 220,
       79, 51, 204, 235, 117, 68, 184, 192, 192, 168, 40, 173, 148, 62,
       201, 237, 22, 174, 159, 23, 168, 9, 174, 251, 64, 144, 129, 123,
       234, 2, 30, 106, 218, 179, 171, 214, 84, 59, 210, 93, 142, 138,
       197, 180, 157, 215, 168, 44, 37, 158, 186, 187, 163, 80, 212, 115,
       73, 123, 135, 87, 120, 152, 49, 69, 219, 98, 141, 186, 127, 86,
       136, 113, 129, 49, 5, 223, 31, 215, 240, 174, 47, 184, 126, 232,
       91, 100, 245, 114, 152, 96, 55, 111, 54, 110, 241, 208, 77, 110,
       108, 175, 111, 132, 12, 243, 129, 177, 248, 188, 190, 248, 189,
       253, 84, 255, 255, 251, 188, 24, 191, 253, 64, 187, 201, 247, 255,
       16, 187, 111, 250, 183, 251, 223, 85, 127, 210, 72, 222, 123, 36,
       73, 24, 126, 89, 205, 23, 232, 142, 4, 237, 9, 230, 209, 35, 16,
       152, 120, 195, 66, 74, 35, 90, 61, 227, 213, 5, 59, 82, 59, 78,
       130, 248, 174, 220, 122, 170, 233, 85, 207, 182, 55, 164, 57, 55,
       231, 74, 27, 139, 179, 237, 16, 58, 79, 202, 51, 219, 195, 117,
       121, 241, 216, 206, 10, 246, 172, 149, 58, 137, 173, 68, 207, 187,
       51, 160, 93, 230, 226, 72, 27, 129, 195, 108, 21, 63, 79, 218, 51,
       153, 210, 93, 126, 216, 80, 130, 14, 29, 207, 83, 111, 176, 138,
       79, 188, 117, 160, 110, 192, 243, 99, 145, 240, 114, 230, 12, 126,
       105, 152, 45, 63, 234, 239, 37, 0, 62, 243, 224, 40, 38, 65, 2,
       196, 89, 11, 170, 96, 36, 160, 235, 139, 70, 195, 41, 80, 248,
       220, 75, 110, 72, 179, 85, 204, 180, 28, 139, 18, 64, 59, 33, 130,
       205, 112, 149, 71, 41, 126, 51, 152, 123, 250, 39, 120, 222, 115,
       77, 191, 145, 93, 108, 106, 33, 116, 249, 98, 71, 251, 69, 38,
       202, 243, 67, 55, 244, 60, 157, 116, 138, 108, 85, 151, 186, 183,
       174, 24, 23, 183, 73, 59, 35, 214, 104, 24, 32, 71, 186, 34, 217,
       227, 85, 61, 224, 112, 134, 43, 120, 170, 254, 120, 170, 201, 81,
       119, 163, 29, 164, 57, 55, 183, 66, 18, 171, 179, 237, 0, 90, 107,
       130, 49, 219, 195, 112, 121, 224, 128, 206, 43, 69, 117, 144, 65,
       184, 46, 102, 152, 122, 187, 42, 68, 222, 114, 201, 126, 151, 71,
       124, 122, 145, 80, 217, 66, 172, 190, 103, 86, 136, 115, 129, 5,
       213, 213, 121, 231, 180, 14, 79, 188, 116, 234, 127, 96, 215, 119,
       137, 112, 87, 214, 28, 106, 233, 144, 121, 46, 235, 239, 37, 132,
       32, 243, 192, 49, 248, 184, 255, 112, 136, 237, 81, 87, 226, 183,
       164, 24, 59, 183, 64, 59, 1, 182, 108, 16, 58, 111, 178, 33, 219,
       203, 116, 121, 226, 192, 198, 106, 108, 112, 189, 115, 45, 109,
       83, 152, 123, 251, 165, 24, 223, 93, 73, 59, 145, 212, 125, 58,
       43, 102, 251, 0, 207, 219, 69, 127, 194, 123, 70, 115, 236, 48,
       185, 99, 173, 125, 81, 152, 91, 255, 165, 24, 222, 93, 75, 58,
       153, 20, 253, 58, 59, 102, 251, 18, 207, 219, 17, 127, 210, 107,
       70, 115, 44, 225, 121, 105, 28, 77, 83, 216, 66, 52, 165, 8, 83,
       85, 73, 48, 17, 152, 64, 122, 10, 98, 251, 29, 111, 201, 5, 61,
       112, 171, 70, 34, 104, 181, 180, 250, 157, 253, 84, 47, 223, 59,
