%YAML:1.0
---
descriptors: !!opencv-matrix
   rows: 57
   cols: 32
   dt: u
   data: [ 126, 253, 246, 254, 253, 223, 222, 236, 155, 254, 253, 43,
       110, 254, 110, 214, 255, 255, 255, 227, 110, 67, 250, 255, 187,
       255, 207, 191, 211, 127, 238, 215, 252, 112, 253, 243, 169, 119,
       87, 216, 51, 254, 181, 28, 223, 95, 75, 187, 223, 213, 253, 242,
       175, 71, 251, 48, 219, 219, 101, 63, 234, 115, 78, 115, 221, 80,
       221, 103, 40, 14, 79, 24, 32, 250, 179, 100, 215, 87, 137, 123,
       86, 212, 124, 106, 233, 197, 249, 8, 193, 235, 97, 148, 40, 179,
       64, 49, 213, 81, 93, 231, 36, 14, 79, 184, 100, 234, 179, 100,
       215, 83, 137, 115, 118, 212, 124, 110, 233, 133, 121, 44, 224,
       235, 101, 148, 44, 187, 64, 49, 117, 69, 89, 103, 52, 46, 71, 184,
       116, 170, 235, 64, 211, 115, 137, 112, 16, 196, 76, 106, 233, 176,
       125, 14, 225, 174, 37, 20, 40, 251, 64, 32, 140, 172, 222, 191,
       238, 171, 253, 255, 190, 179, 242, 18, 255, 234, 88, 75, 123, 239,
       127, 145, 50, 255, 203, 247, 220, 227, 255, 244, 229, 120, 161,
       136, 126, 253, 182, 188, 253, 223, 94, 238, 191, 252, 188, 43,
       238, 254, 38, 212, 253, 255, 255, 195, 126, 107, 250, 255, 187,
       247, 207, 251, 211, 124, 238, 223, 222, 252, 254, 254, 171, 212,
       151, 252, 191, 206, 244, 51, 108, 255, 47, 122, 255, 251, 255,
       194, 104, 71, 186, 251, 251, 247, 255, 187, 179, 119, 39, 123,
       216, 253, 188, 254, 168, 236, 93, 191, 171, 59, 182, 24, 255, 247,
       65, 91, 133, 247, 253, 16, 122, 75, 251, 49, 251, 251, 119, 252,
       128, 80, 135, 59, 252, 112, 252, 243, 169, 95, 87, 152, 179, 254,
       181, 44, 223, 95, 75, 187, 159, 213, 253, 242, 237, 71, 251, 176,
       219, 219, 101, 63, 234, 243, 78, 115, 252, 248, 188, 254, 169,
       204, 85, 220, 187, 154, 180, 24, 255, 255, 65, 123, 133, 247, 253,
       90, 106, 79, 250, 33, 219, 251, 117, 61, 194, 241, 198, 59, 134,
       172, 254, 255, 238, 171, 252, 207, 191, 179, 242, 18, 221, 234,
       92, 75, 239, 239, 127, 145, 178, 127, 203, 247, 156, 251, 255,
       244, 213, 104, 243, 129, 134, 172, 246, 223, 254, 171, 252, 207,
       191, 179, 243, 18, 236, 234, 92, 75, 251, 239, 127, 145, 178, 253,
       203, 247, 156, 58, 223, 212, 213, 120, 243, 129, 21, 77, 91, 239,
       180, 11, 111, 248, 100, 160, 251, 66, 247, 115, 153, 96, 126, 204,
       22, 234, 201, 176, 77, 44, 236, 173, 167, 132, 44, 179, 97, 161,
       236, 180, 180, 250, 173, 173, 80, 223, 219, 187, 181, 24, 238,
       249, 92, 27, 201, 194, 127, 24, 186, 111, 218, 177, 219, 219, 213,
       122, 210, 72, 210, 10, 253, 124, 189, 119, 173, 111, 85, 158, 250,
       250, 166, 24, 215, 117, 73, 59, 129, 86, 124, 58, 185, 101, 251,
       34, 203, 219, 117, 52, 192, 121, 70, 114, 252, 180, 252, 250, 173,
       125, 83, 216, 215, 127, 181, 29, 95, 253, 78, 187, 219, 211, 253,
       18, 62, 103, 251, 179, 219, 219, 81, 127, 250, 79, 206, 83, 252,
       113, 253, 103, 172, 95, 95, 188, 3, 254, 182, 40, 219, 93, 75, 59,
       156, 212, 253, 106, 73, 103, 249, 40, 243, 217, 101, 189, 98, 251,
       214, 115, 94, 252, 254, 254, 187, 245, 31, 220, 191, 206, 252,
       167, 124, 255, 47, 114, 255, 251, 255, 194, 234, 71, 186, 251,
       251, 255, 111, 187, 183, 247, 39, 123, 114, 172, 246, 254, 205,
       173, 236, 239, 255, 187, 242, 26, 239, 234, 116, 91, 233, 239,
       127, 145, 186, 107, 219, 241, 159, 250, 223, 120, 213, 200, 242,
       136, 124, 176, 180, 250, 173, 237, 80, 223, 251, 187, 181, 24,
       222, 249, 72, 27, 201, 210, 255, 24, 58, 103, 218, 177, 219, 219,
       85, 127, 210, 72, 194, 2, 124, 176, 188, 242, 173, 253, 81, 218,
       235, 187, 181, 24, 223, 249, 73, 27, 137, 214, 253, 18, 58, 103,
       250, 176, 219, 219, 85, 127, 194, 105, 198, 35, 217, 188, 189,
       119, 168, 110, 85, 191, 248, 250, 166, 88, 247, 119, 0, 123, 133,
       86, 124, 42, 233, 229, 251, 42, 227, 235, 117, 16, 72, 240, 195,
       123, 252, 236, 254, 255, 252, 43, 239, 254, 127, 179, 255, 26,
       251, 235, 217, 123, 123, 239, 127, 170, 248, 247, 239, 255, 254,
       239, 247, 188, 247, 249, 226, 168, 205, 190, 255, 247, 252, 59,
       111, 255, 127, 235, 255, 246, 253, 255, 155, 113, 127, 239, 127,
       174, 177, 255, 237, 255, 254, 255, 247, 212, 174, 248, 227, 249,
       221, 159, 189, 231, 188, 62, 95, 191, 124, 234, 190, 126, 255,
       127, 155, 98, 255, 247, 125, 238, 249, 237, 249, 175, 251, 255,
       111, 148, 236, 249, 129, 121, 204, 48, 189, 245, 40, 110, 81, 24,
       49, 251, 167, 88, 215, 55, 73, 123, 133, 212, 125, 58, 41, 68,
       243, 2, 197, 251, 113, 148, 128, 225, 7, 115, 233, 188, 184, 114,
       173, 253, 85, 223, 251, 127, 164, 29, 190, 189, 70, 59, 133, 138,
       252, 28, 191, 111, 250, 179, 219, 223, 85, 123, 202, 68, 203, 95,
       205, 52, 191, 116, 173, 124, 81, 19, 251, 255, 183, 28, 223, 189,
       87, 123, 165, 103, 253, 28, 189, 101, 243, 2, 219, 251, 117, 91,
       202, 225, 207, 115, 248, 188, 191, 116, 168, 236, 85, 23, 242,
       219, 164, 24, 183, 183, 64, 59, 161, 247, 124, 24, 59, 111, 178,
       35, 219, 235, 117, 120, 224, 64, 199, 123, 220, 188, 189, 116,
       173, 108, 85, 159, 242, 251, 166, 24, 247, 247, 65, 59, 129, 246,
       124, 24, 57, 109, 251, 34, 219, 203, 117, 120, 194, 112, 198, 123,
       216, 188, 191, 118, 168, 108, 85, 191, 250, 250, 166, 24, 247,
       119, 72, 123, 129, 119, 124, 10, 121, 109, 251, 34, 219, 235, 117,
       16, 192, 112, 135, 123, 252, 188, 189, 114, 173, 109, 85, 159,
       251, 251, 165, 24, 223, 253, 72, 59, 129, 214, 125, 26, 59, 103,
       251, 50, 219, 219, 85, 127, 210, 121, 198, 98, 236, 172, 188, 250,
       141, 253, 85, 143, 215, 155, 165, 24, 250, 249, 72, 59, 201, 242,
       249, 18, 58, 111, 250, 179, 219, 219, 85, 123, 210, 89, 214, 10,
       157, 172, 254, 255, 188, 59, 111, 255, 127, 242, 247, 18, 219,
       235, 154, 105, 127, 238, 127, 186, 249, 253, 239, 190, 254, 239,
       247, 212, 231, 249, 241, 224, 221, 158, 61, 231, 188, 126, 95,
       191, 125, 238, 190, 124, 255, 127, 139, 115, 247, 247, 125, 111,
       249, 237, 249, 175, 239, 255, 103, 144, 8, 251, 133, 123, 221, 88,
       93, 229, 36, 14, 79, 184, 100, 232, 182, 96, 215, 19, 129, 115,
       70, 212, 124, 106, 233, 212, 97, 44, 225, 235, 97, 148, 40, 177,
       64, 33, 17, 165, 91, 237, 180, 11, 111, 125, 36, 168, 123, 194,
       215, 35, 152, 96, 126, 30, 22, 168, 217, 186, 65, 14, 236, 173,
       175, 132, 44, 170, 161, 169, 4, 164, 123, 175, 116, 43, 235, 121,
       46, 169, 251, 66, 215, 227, 152, 64, 127, 189, 63, 171, 145, 178,
       201, 94, 220, 174, 171, 196, 101, 234, 33, 161, 121, 188, 185,
       122, 173, 253, 81, 223, 251, 127, 164, 24, 191, 191, 70, 58, 165,
       155, 253, 16, 191, 111, 250, 179, 219, 223, 85, 123, 218, 64, 207,
       123, 221, 60, 190, 116, 173, 124, 81, 19, 251, 251, 183, 24, 223,
       189, 67, 123, 133, 119, 125, 25, 185, 103, 243, 2, 219, 251, 117,
       56, 192, 225, 199, 115, 216, 188, 191, 118, 168, 237, 81, 87, 242,
       223, 164, 24, 55, 183, 64, 59, 163, 246, 124, 16, 59, 111, 178,
       35, 219, 235, 116, 121, 226, 192, 198, 123, 252, 188, 189, 114,
       173, 109, 85, 159, 251, 255, 164, 24, 215, 245, 73, 59, 129, 214,
       124, 24, 59, 111, 250, 50, 219, 219, 85, 125, 226, 121, 198, 34,
       252, 172, 190, 254, 141, 237, 85, 239, 215, 147, 165, 24, 242,
       249, 108, 91, 201, 242, 249, 16, 58, 111, 250, 179, 251, 223, 213,
       127, 210, 89, 246, 10, 221, 158, 253, 247, 188, 62, 95, 190, 124,
       238, 182, 124, 255, 127, 155, 115, 247, 247, 125, 46, 249, 237,
       233, 175, 235, 255, 103, 148, 172, 243, 197, 121, 216, 188, 191,
       116, 168, 108, 85, 151, 242, 255, 166, 24, 247, 247, 65, 59, 161,
       246, 124, 8, 57, 111, 179, 34, 219, 235, 117, 56, 224, 112, 199,
       123, 221, 60, 189, 119, 173, 110, 85, 158, 251, 250, 167, 24, 215,
       117, 65, 59, 129, 246, 124, 58, 41, 109, 251, 34, 203, 219, 117,
