%YAML:1.0
---
descriptors: !!opencv-matrix
   rows: 152
   cols: 32
   dt: u
   data: [ 200, 184, 191, 90, 48, 236, 113, 23, 254, 31, 102, 24, 191,
       151, 0, 56, 167, 58, 108, 24, 50, 173, 162, 119, 195, 255, 48, 72,
       194, 128, 135, 107, 231, 186, 236, 80, 234, 189, 25, 83, 171, 255,
       181, 189, 20, 190, 214, 59, 167, 151, 125, 21, 182, 79, 230, 64,
       94, 26, 93, 255, 197, 196, 135, 87, 92, 110, 152, 166, 185, 45,
       87, 191, 187, 175, 175, 221, 239, 227, 75, 150, 149, 247, 237, 62,
       120, 77, 201, 34, 250, 215, 53, 57, 162, 246, 143, 73, 65, 117,
       125, 101, 116, 78, 239, 48, 104, 232, 126, 68, 221, 31, 145, 48,
       54, 5, 125, 110, 225, 144, 177, 76, 229, 185, 42, 128, 76, 178,
       67, 249, 241, 174, 150, 50, 168, 185, 68, 239, 187, 27, 176, 93,
       239, 226, 192, 155, 131, 231, 236, 6, 62, 111, 202, 35, 154, 243,
       117, 155, 192, 212, 202, 13, 8, 249, 49, 111, 112, 206, 103, 252,
       96, 76, 96, 8, 247, 83, 0, 52, 26, 92, 68, 104, 65, 184, 120, 61,
       237, 233, 36, 64, 106, 130, 167, 250, 68, 188, 29, 103, 48, 79,
       114, 184, 104, 232, 43, 72, 214, 117, 72, 48, 146, 84, 68, 106,
       65, 240, 249, 46, 77, 158, 37, 36, 72, 163, 71, 49, 120, 184, 123,
       120, 77, 221, 81, 70, 235, 85, 180, 25, 42, 157, 86, 62, 168, 178,
       197, 16, 138, 43, 178, 177, 83, 217, 80, 123, 115, 140, 70, 254,
       252, 148, 220, 118, 137, 124, 84, 183, 241, 147, 167, 24, 91, 115,
       8, 251, 129, 214, 236, 10, 56, 111, 219, 32, 211, 235, 117, 25,
       234, 241, 202, 2, 192, 166, 189, 81, 168, 169, 45, 143, 190, 55,
       36, 184, 149, 167, 200, 27, 7, 87, 107, 152, 50, 76, 235, 115, 77,
       146, 127, 252, 128, 192, 135, 120, 69, 249, 149, 26, 153, 205, 22,
       232, 239, 112, 33, 8, 222, 242, 109, 182, 145, 115, 106, 66, 71,
       97, 186, 117, 169, 150, 69, 126, 216, 59, 7, 38, 252, 148, 143,
       182, 136, 102, 85, 187, 176, 255, 135, 25, 211, 119, 10, 91, 73,
       214, 253, 162, 57, 215, 251, 42, 219, 227, 253, 21, 160, 97, 182,
       114, 68, 224, 141, 179, 136, 201, 153, 142, 174, 53, 129, 153,
       181, 207, 72, 10, 139, 219, 105, 145, 18, 76, 203, 113, 205, 134,
       127, 125, 128, 1, 135, 194, 211, 44, 173, 23, 140, 124, 140, 143,
       138, 247, 134, 157, 243, 236, 215, 235, 5, 230, 248, 29, 191, 109,
       255, 32, 143, 107, 223, 17, 140, 124, 217, 92, 221, 190, 148, 54,
       169, 61, 68, 223, 254, 155, 162, 92, 238, 226, 72, 219, 133, 231,
       108, 31, 183, 79, 218, 51, 152, 243, 95, 62, 200, 116, 139, 13,
       252, 121, 249, 102, 169, 77, 86, 220, 3, 170, 184, 109, 87, 221,
       65, 146, 156, 244, 197, 98, 201, 99, 216, 42, 243, 221, 37, 190,
       107, 251, 70, 59, 246, 233, 104, 50, 168, 73, 29, 140, 171, 244,
       165, 153, 135, 207, 79, 27, 131, 215, 237, 210, 126, 71, 238, 50,
       251, 209, 69, 125, 192, 177, 143, 82, 116, 97, 97, 69, 80, 75,
       103, 40, 96, 164, 239, 136, 83, 71, 25, 52, 56, 220, 64, 234, 72,
       176, 249, 14, 101, 164, 1, 5, 99, 179, 70, 226, 120, 176, 115,
       112, 73, 204, 81, 71, 227, 29, 172, 24, 59, 159, 68, 54, 128, 183,
       253, 16, 27, 107, 178, 129, 219, 249, 16, 123, 227, 0, 198, 106,
       216, 158, 190, 122, 186, 236, 81, 215, 187, 31, 228, 56, 62, 247,
       0, 24, 167, 51, 109, 24, 50, 79, 162, 119, 219, 255, 48, 90, 208,
       192, 167, 107, 252, 185, 253, 112, 137, 221, 84, 223, 243, 177,
       164, 24, 27, 255, 68, 63, 137, 218, 252, 88, 26, 107, 242, 17,
       219, 219, 85, 127, 227, 144, 198, 42, 124, 180, 173, 246, 129,
       110, 85, 191, 51, 255, 207, 25, 83, 247, 74, 123, 209, 222, 253,
       130, 56, 82, 251, 32, 219, 227, 245, 93, 162, 225, 150, 114, 152,
       248, 89, 111, 32, 78, 67, 188, 116, 8, 102, 40, 247, 87, 8, 49,
       16, 124, 68, 106, 105, 180, 121, 63, 227, 235, 32, 0, 96, 147, 70,
       58, 241, 172, 172, 55, 140, 124, 220, 135, 226, 243, 134, 25, 243,
       252, 90, 107, 129, 230, 121, 157, 188, 109, 255, 34, 219, 235,
       253, 57, 132, 120, 222, 74, 101, 113, 56, 102, 76, 79, 87, 184,
       98, 240, 45, 8, 83, 89, 75, 51, 144, 212, 64, 106, 77, 98, 249,
       24, 111, 137, 37, 61, 104, 187, 78, 66, 101, 245, 17, 71, 145, 79,
       103, 184, 122, 232, 47, 12, 214, 115, 9, 52, 145, 92, 64, 106, 65,
       240, 249, 14, 109, 158, 5, 52, 74, 51, 66, 51, 248, 170, 222, 48,
       42, 169, 81, 86, 163, 29, 180, 189, 55, 135, 194, 27, 39, 179,
       109, 20, 26, 79, 130, 17, 216, 193, 112, 248, 160, 128, 6, 107,
       252, 101, 51, 71, 81, 78, 71, 232, 113, 164, 235, 8, 82, 85, 13,
       180, 120, 220, 192, 226, 105, 179, 249, 14, 49, 164, 133, 21, 99,
       51, 102, 162, 73, 181, 145, 227, 185, 109, 54, 157, 62, 57, 9, 88,
       222, 119, 72, 190, 151, 91, 120, 16, 19, 88, 219, 113, 173, 214,
       29, 118, 138, 82, 131, 59, 77, 52, 148, 227, 160, 46, 56, 25, 120,
       187, 11, 84, 220, 115, 72, 254, 183, 85, 124, 58, 145, 208, 217,
       66, 141, 255, 111, 70, 138, 99, 139, 33, 250, 188, 117, 120, 169,
       249, 80, 207, 203, 59, 176, 57, 43, 221, 76, 187, 141, 147, 237,
       16, 62, 111, 234, 49, 155, 218, 81, 127, 211, 68, 198, 63, 80, 37,
       17, 101, 21, 78, 96, 47, 100, 32, 202, 8, 147, 19, 0, 112, 48,
       156, 120, 168, 73, 152, 209, 28, 133, 172, 16, 20, 32, 0, 2, 40,
       245, 60, 172, 182, 173, 124, 85, 180, 161, 254, 134, 61, 71, 117,
       83, 159, 129, 198, 253, 111, 237, 71, 250, 168, 251, 243, 69, 63,
       170, 253, 222, 119, 253, 117, 149, 38, 201, 15, 86, 248, 17, 174,
       161, 13, 70, 105, 75, 27, 156, 197, 96, 102, 108, 103, 217, 42,
       243, 195, 69, 62, 73, 123, 194, 210, 120, 233, 253, 103, 57, 78,
       91, 188, 163, 180, 174, 9, 115, 71, 74, 18, 1, 198, 109, 94, 74,
       201, 251, 55, 235, 237, 37, 85, 98, 147, 70, 106, 168, 189, 56,
       115, 244, 141, 103, 181, 59, 61, 36, 13, 179, 1, 74, 17, 152, 10,
       64, 92, 122, 120, 120, 63, 239, 217, 20, 112, 74, 136, 198, 248,
       218, 186, 150, 184, 43, 189, 88, 83, 179, 95, 148, 253, 175, 135,
       194, 31, 167, 179, 237, 149, 190, 79, 130, 147, 218, 211, 112,
       251, 170, 196, 11, 91, 230, 188, 201, 74, 248, 173, 90, 223, 19,
       33, 233, 217, 51, 239, 76, 16, 221, 219, 87, 180, 58, 30, 216, 63,
       58, 156, 133, 124, 249, 202, 202, 16, 221, 172, 190, 52, 169, 248,
       84, 174, 234, 243, 164, 25, 191, 252, 66, 251, 163, 231, 252, 29,
       190, 79, 191, 49, 219, 235, 117, 61, 224, 116, 139, 66, 84, 99,
       212, 69, 2, 10, 38, 24, 36, 168, 75, 224, 199, 99, 137, 82, 54,
       212, 108, 234, 64, 208, 205, 8, 164, 160, 35, 132, 32, 243, 11,
       33, 53, 101, 26, 103, 85, 15, 70, 232, 112, 160, 107, 8, 82, 113,
       9, 16, 216, 204, 64, 106, 72, 242, 217, 46, 247, 173, 5, 4, 97,
       123, 66, 130, 37, 97, 144, 71, 237, 93, 71, 152, 83, 168, 37, 8,
       210, 113, 77, 62, 153, 220, 98, 90, 11, 114, 251, 50, 111, 156, 5,
       61, 194, 123, 90, 166, 13, 117, 49, 71, 113, 30, 103, 184, 121,
       232, 107, 108, 222, 115, 141, 180, 148, 76, 100, 106, 225, 240,
       249, 14, 45, 254, 37, 38, 74, 51, 67, 229, 77, 55, 145, 71, 53,
       62, 231, 152, 121, 234, 127, 76, 222, 112, 159, 180, 148, 76, 100,
       110, 133, 240, 249, 106, 39, 254, 33, 6, 202, 243, 75, 197, 88,
       190, 254, 122, 186, 232, 81, 215, 187, 31, 188, 57, 63, 247, 130,
       27, 167, 51, 109, 24, 50, 79, 162, 119, 219, 255, 112, 217, 224,
       192, 167, 123, 248, 169, 245, 112, 137, 205, 80, 207, 227, 185,
       160, 24, 27, 187, 68, 59, 137, 159, 108, 16, 26, 107, 242, 17,
       219, 217, 85, 127, 227, 128, 198, 42, 252, 140, 221, 116, 169,
       104, 84, 139, 227, 179, 162, 24, 95, 247, 73, 91, 131, 215, 236,
       0, 63, 71, 202, 34, 219, 227, 117, 127, 224, 240, 198, 2, 77, 181,
       144, 67, 241, 61, 54, 185, 123, 59, 45, 92, 222, 115, 72, 180,
       181, 95, 120, 122, 147, 80, 217, 115, 175, 220, 5, 118, 138, 83,
       139, 1, 101, 168, 216, 86, 236, 253, 212, 207, 202, 191, 189, 29,
