%YAML:1.0
---
descriptors: !!opencv-matrix
   rows: 241
   cols: 32
   dt: u
   data: [ 44, 97, 57, 105, 173, 77, 83, 136, 70, 184, 173, 8, 210, 81,
       73, 48, 217, 24, 64, 122, 74, 98, 123, 29, 111, 221, 5, 63, 82,
       59, 70, 162, 172, 112, 188, 99, 109, 125, 83, 152, 123, 251, 53,
       24, 223, 93, 75, 59, 145, 81, 124, 122, 35, 100, 251, 16, 207,
       217, 97, 125, 194, 123, 70, 115, 172, 176, 188, 115, 237, 253, 81,
       24, 123, 59, 37, 24, 222, 93, 72, 57, 153, 26, 253, 24, 58, 102,
       251, 147, 207, 219, 81, 127, 210, 75, 70, 178, 232, 180, 180, 250,
       221, 237, 84, 47, 223, 59, 169, 24, 174, 185, 76, 81, 201, 155,
       251, 0, 58, 111, 210, 151, 175, 223, 80, 123, 82, 72, 198, 138,
       236, 164, 180, 255, 173, 127, 94, 190, 255, 191, 189, 24, 223,
       251, 92, 59, 217, 214, 127, 26, 248, 103, 251, 178, 255, 255, 85,
       253, 210, 255, 214, 161, 236, 252, 188, 247, 169, 127, 95, 184,
       251, 190, 183, 56, 223, 255, 75, 59, 151, 215, 125, 106, 248, 101,
       251, 162, 239, 251, 101, 221, 194, 243, 198, 35, 196, 164, 214,
       155, 236, 43, 238, 238, 63, 179, 251, 26, 204, 234, 89, 75, 123,
       207, 110, 147, 50, 247, 203, 247, 188, 54, 223, 76, 132, 123, 225,
       128, 150, 236, 214, 159, 236, 43, 254, 236, 191, 178, 243, 26,
       206, 234, 29, 75, 251, 231, 127, 243, 120, 247, 203, 234, 188,
       186, 207, 150, 229, 123, 161, 129, 88, 184, 188, 248, 169, 237,
       93, 223, 175, 127, 188, 28, 191, 183, 66, 58, 133, 147, 125, 24,
       27, 73, 250, 49, 219, 223, 116, 121, 226, 192, 135, 123, 172, 53,
       189, 97, 160, 111, 117, 27, 123, 251, 63, 24, 215, 55, 72, 58,
       149, 30, 125, 56, 185, 240, 249, 2, 207, 223, 117, 116, 192, 224,
       198, 115, 2, 172, 246, 253, 252, 171, 248, 239, 191, 179, 242, 18,
       237, 234, 92, 75, 255, 239, 127, 145, 178, 255, 203, 255, 158,
       254, 223, 204, 197, 232, 227, 137, 217, 92, 125, 231, 40, 14, 127,
       60, 52, 170, 247, 120, 247, 23, 129, 115, 86, 244, 125, 106, 233,
       212, 233, 46, 247, 235, 103, 148, 32, 179, 1, 41, 136, 181, 189,
       113, 173, 77, 117, 191, 91, 127, 60, 24, 190, 55, 72, 34, 133, 31,
       125, 24, 115, 120, 251, 51, 239, 223, 117, 118, 194, 72, 199, 251,
       248, 172, 156, 58, 137, 237, 16, 207, 155, 23, 160, 25, 174, 251,
       64, 155, 129, 115, 233, 16, 62, 111, 202, 51, 219, 211, 85, 123,
       210, 72, 142, 10, 233, 253, 52, 83, 153, 221, 87, 190, 123, 127,
       44, 12, 190, 49, 66, 180, 129, 66, 232, 90, 247, 104, 251, 183,
       111, 223, 21, 119, 74, 85, 202, 126, 101, 49, 145, 69, 97, 78,
       102, 24, 104, 232, 98, 72, 222, 16, 9, 182, 144, 76, 64, 106, 65,
       240, 209, 8, 37, 184, 5, 2, 72, 51, 67, 134, 97, 113, 17, 65, 1,
       94, 66, 8, 96, 224, 41, 8, 146, 22, 13, 52, 144, 28, 64, 106, 65,
       176, 241, 12, 37, 156, 1, 36, 72, 3, 70, 180, 240, 14, 204, 180,
       138, 40, 93, 63, 178, 183, 134, 185, 119, 167, 66, 91, 67, 246,
       109, 140, 56, 79, 195, 34, 217, 227, 245, 185, 160, 224, 134, 106,
       240, 170, 220, 114, 168, 173, 85, 215, 178, 191, 164, 29, 55, 227,
       66, 27, 5, 246, 109, 20, 58, 79, 202, 35, 219, 195, 117, 185, 232,
       208, 142, 11, 77, 117, 17, 71, 241, 95, 118, 168, 123, 232, 47, 8,
       222, 112, 77, 176, 145, 92, 96, 106, 97, 240, 249, 46, 47, 158, 5,
       38, 74, 115, 75, 54, 44, 225, 57, 107, 109, 77, 87, 168, 74, 52,
       45, 8, 210, 81, 73, 48, 153, 88, 64, 106, 75, 96, 235, 29, 111,
       221, 5, 60, 80, 59, 70, 162, 237, 113, 189, 69, 45, 94, 71, 184,
       97, 250, 165, 76, 211, 85, 89, 59, 152, 196, 124, 106, 233, 118,
       249, 8, 231, 219, 101, 52, 74, 251, 82, 113, 125, 95, 121, 103,
       176, 14, 79, 189, 97, 170, 254, 96, 215, 119, 129, 112, 54, 212,
       92, 106, 233, 144, 121, 46, 227, 239, 37, 148, 32, 243, 196, 57,
       125, 93, 125, 103, 160, 78, 79, 184, 97, 232, 190, 72, 211, 119,
       153, 51, 22, 212, 92, 106, 201, 176, 249, 44, 231, 249, 101, 148,
       98, 243, 70, 49, 237, 112, 189, 97, 45, 111, 83, 152, 91, 250, 53,
       24, 223, 93, 91, 59, 153, 84, 124, 122, 171, 102, 251, 16, 207,
       219, 101, 60, 194, 251, 70, 115, 172, 48, 188, 99, 173, 109, 81,
       152, 123, 59, 181, 24, 222, 93, 77, 59, 153, 152, 253, 58, 58,
       100, 251, 146, 207, 219, 65, 127, 210, 75, 70, 178, 252, 244, 188,
       254, 173, 125, 95, 152, 255, 187, 183, 24, 223, 249, 89, 59, 221,
       214, 253, 122, 186, 103, 251, 178, 251, 251, 101, 253, 194, 251,
       214, 35, 232, 180, 180, 251, 157, 237, 80, 47, 223, 59, 173, 24,
       174, 249, 72, 27, 201, 19, 251, 16, 58, 110, 218, 151, 207, 223,
       80, 127, 210, 72, 198, 154, 252, 125, 188, 247, 172, 111, 95, 184,
       251, 186, 191, 56, 223, 127, 73, 123, 151, 215, 253, 106, 232,
       101, 251, 34, 239, 251, 101, 156, 194, 243, 70, 51, 248, 172, 252,
       118, 168, 105, 85, 191, 178, 183, 164, 24, 115, 247, 75, 27, 9,
       246, 109, 8, 56, 111, 234, 33, 217, 203, 117, 60, 227, 240, 198,
       106, 120, 184, 253, 112, 170, 232, 81, 151, 162, 29, 164, 40, 63,
       151, 64, 58, 129, 151, 237, 16, 26, 75, 162, 49, 219, 233, 48,
       121, 224, 128, 198, 107, 228, 188, 157, 122, 232, 237, 53, 142,
       186, 59, 160, 24, 182, 247, 72, 123, 129, 82, 106, 16, 51, 111,
       218, 51, 221, 131, 117, 124, 216, 88, 135, 43, 196, 236, 214, 187,
       252, 169, 238, 239, 191, 179, 251, 26, 239, 234, 72, 75, 123, 207,
       110, 146, 114, 255, 203, 247, 188, 247, 223, 76, 132, 123, 225,
       128, 150, 172, 214, 159, 238, 43, 238, 234, 191, 178, 251, 26,
       206, 234, 121, 75, 251, 231, 127, 243, 56, 247, 203, 250, 188,
       182, 223, 236, 229, 123, 225, 128, 101, 99, 96, 7, 116, 26, 102,
       168, 97, 172, 123, 232, 195, 0, 159, 148, 16, 76, 68, 110, 196,
       176, 77, 44, 38, 60, 37, 4, 66, 183, 90, 196, 150, 236, 246, 159,
       238, 43, 254, 236, 127, 178, 243, 26, 207, 234, 125, 75, 255, 247,
       127, 227, 248, 247, 203, 234, 188, 254, 207, 182, 229, 123, 225,
       129, 118, 229, 246, 239, 254, 11, 238, 248, 63, 162, 251, 10, 207,
       235, 61, 81, 127, 205, 127, 227, 232, 243, 203, 254, 190, 255,
       207, 188, 39, 251, 243, 128, 93, 80, 188, 247, 40, 46, 121, 152,
       182, 186, 183, 32, 223, 119, 9, 91, 199, 85, 125, 234, 168, 197,
       203, 0, 199, 251, 127, 148, 32, 241, 1, 19, 236, 124, 188, 250,
       173, 253, 86, 154, 219, 187, 189, 24, 255, 249, 65, 59, 201, 242,
       127, 90, 42, 102, 250, 179, 239, 219, 85, 58, 210, 91, 82, 10, 92,
       48, 188, 246, 168, 108, 89, 27, 171, 187, 183, 28, 223, 247, 72,
       123, 167, 85, 125, 24, 58, 65, 251, 0, 219, 251, 119, 252, 128,
       224, 135, 115, 88, 176, 188, 240, 169, 253, 81, 159, 171, 123,
       164, 24, 191, 191, 64, 58, 133, 151, 253, 24, 26, 73, 243, 49,
       219, 219, 116, 125, 130, 192, 135, 123, 232, 252, 188, 120, 173,
       253, 80, 254, 235, 187, 180, 24, 191, 253, 64, 59, 137, 247, 253,
       24, 186, 111, 242, 179, 219, 251, 85, 123, 210, 216, 198, 27, 248,
       188, 188, 120, 169, 221, 81, 151, 251, 123, 180, 24, 191, 255, 64,
       59, 129, 179, 253, 24, 58, 111, 242, 147, 219, 251, 116, 123, 210,
       72, 199, 123, 16, 172, 222, 189, 254, 171, 248, 254, 62, 163, 250,
       2, 245, 234, 80, 72, 127, 239, 127, 145, 2, 255, 203, 255, 220,
       239, 255, 196, 133, 107, 97, 137, 201, 92, 61, 231, 32, 14, 127,
       56, 52, 170, 119, 88, 247, 55, 129, 123, 150, 244, 125, 106, 233,
       212, 249, 42, 199, 235, 97, 128, 32, 241, 3, 51, 208, 217, 29,
       231, 52, 14, 127, 188, 52, 168, 214, 96, 247, 87, 128, 81, 182,
       245, 93, 106, 121, 220, 105, 63, 239, 235, 39, 144, 36, 162, 129,
       41, 80, 153, 59, 239, 180, 143, 127, 189, 44, 169, 222, 32, 247,
       123, 144, 64, 118, 255, 95, 233, 152, 184, 73, 61, 236, 237, 47,
       212, 36, 130, 129, 33, 229, 98, 153, 103, 36, 14, 103, 24, 120,
       170, 115, 76, 247, 81, 217, 59, 20, 100, 108, 110, 233, 244, 201,
