%YAML:1.0
---
descriptors: !!opencv-matrix
   rows: 212
   cols: 32
   dt: u
   data: [ 108, 116, 189, 103, 137, 111, 71, 152, 122, 186, 47, 24, 214,
       119, 73, 59, 145, 84, 120, 122, 49, 64, 249, 34, 239, 251, 69, 52,
       200, 115, 198, 50, 108, 245, 185, 103, 177, 79, 71, 188, 58, 236,
       43, 8, 246, 119, 72, 50, 144, 92, 120, 106, 105, 112, 249, 62,
       237, 223, 5, 52, 64, 115, 198, 114, 44, 117, 57, 103, 149, 79, 71,
       184, 125, 236, 107, 8, 210, 117, 9, 48, 152, 116, 88, 106, 105,
       176, 121, 46, 229, 255, 5, 48, 64, 123, 86, 114, 108, 229, 188,
       122, 137, 77, 87, 168, 51, 151, 173, 24, 242, 119, 74, 50, 153,
       210, 97, 122, 122, 98, 251, 51, 239, 223, 69, 127, 210, 115, 198,
       98, 108, 101, 49, 103, 29, 79, 71, 168, 83, 228, 175, 8, 210, 117,
       9, 48, 152, 212, 121, 106, 73, 114, 249, 62, 229, 223, 5, 52, 80,
       59, 70, 114, 120, 184, 253, 112, 139, 233, 81, 199, 162, 23, 164,
       24, 55, 183, 64, 58, 3, 178, 104, 16, 26, 107, 242, 49, 219, 203,
       80, 123, 224, 192, 198, 106, 81, 143, 95, 101, 176, 46, 79, 183,
       116, 138, 106, 224, 243, 35, 144, 112, 19, 230, 108, 46, 185, 188,
       69, 47, 232, 175, 36, 192, 232, 242, 192, 41, 129, 142, 95, 101,
       176, 170, 107, 55, 116, 35, 106, 208, 243, 35, 144, 112, 83, 110,
       44, 44, 57, 156, 69, 47, 236, 175, 180, 64, 172, 192, 192, 40,
       208, 48, 157, 244, 40, 108, 81, 18, 168, 219, 162, 56, 215, 55,
       65, 123, 2, 244, 124, 8, 9, 69, 243, 0, 193, 163, 112, 16, 160,
       160, 7, 51, 37, 125, 145, 65, 245, 95, 102, 184, 107, 232, 42, 72,
       214, 81, 77, 180, 145, 92, 64, 122, 65, 240, 121, 42, 45, 156, 5,
       54, 202, 59, 66, 179, 36, 241, 57, 79, 93, 77, 67, 168, 66, 60,
       37, 8, 242, 85, 72, 48, 153, 88, 64, 106, 74, 34, 251, 21, 101,
       152, 1, 62, 80, 59, 70, 162, 249, 184, 156, 58, 232, 173, 89, 223,
       179, 127, 180, 189, 63, 247, 194, 26, 135, 179, 253, 20, 62, 79,
       202, 51, 218, 203, 117, 249, 226, 196, 142, 219, 252, 160, 252,
       118, 136, 109, 85, 223, 162, 183, 164, 25, 83, 247, 74, 27, 1,
       214, 109, 26, 56, 71, 218, 32, 219, 203, 117, 61, 226, 240, 198,
       34, 124, 180, 253, 114, 168, 253, 85, 155, 179, 119, 164, 24, 83,
       247, 72, 59, 5, 214, 108, 24, 59, 107, 251, 51, 219, 203, 117,
       125, 224, 192, 198, 114, 232, 174, 198, 50, 248, 169, 96, 207,
       187, 187, 116, 153, 43, 233, 210, 155, 11, 170, 198, 28, 62, 126,
       202, 115, 94, 19, 117, 109, 234, 196, 202, 136, 93, 69, 93, 103,
       22, 78, 71, 184, 101, 32, 235, 72, 211, 113, 9, 112, 50, 212, 92,
       106, 105, 176, 93, 46, 231, 239, 37, 20, 97, 243, 64, 32, 220, 68,
       92, 118, 168, 74, 87, 184, 176, 178, 167, 24, 87, 115, 9, 91, 35,
       213, 109, 106, 104, 101, 201, 46, 241, 235, 101, 21, 96, 241, 71,
       34, 148, 77, 94, 247, 146, 202, 79, 162, 52, 162, 230, 16, 215,
       115, 1, 81, 51, 246, 77, 250, 120, 212, 25, 46, 235, 231, 37, 17,
       160, 241, 164, 34, 192, 140, 157, 255, 136, 236, 21, 175, 178, 23,
       97, 24, 247, 243, 64, 91, 129, 122, 104, 8, 114, 76, 250, 51, 237,
       167, 117, 120, 144, 64, 135, 170, 116, 205, 93, 103, 150, 79, 71,
       184, 100, 160, 171, 8, 83, 49, 9, 112, 49, 214, 72, 122, 40, 176,
       121, 62, 253, 239, 5, 20, 241, 251, 192, 34, 129, 174, 159, 151,
       236, 169, 109, 143, 254, 179, 98, 208, 181, 226, 208, 75, 67, 106,
       106, 28, 51, 124, 207, 115, 76, 130, 119, 104, 152, 208, 193, 168,
       208, 181, 189, 118, 136, 109, 85, 159, 178, 183, 167, 24, 247,
       247, 72, 27, 1, 214, 108, 26, 122, 109, 187, 35, 249, 139, 117,
       56, 224, 80, 198, 106, 77, 180, 185, 99, 177, 111, 51, 136, 123,
       235, 111, 24, 222, 119, 73, 56, 145, 93, 120, 50, 51, 244, 249,
       110, 239, 255, 5, 102, 202, 115, 131, 179, 77, 117, 157, 103, 164,
       47, 103, 152, 114, 250, 47, 76, 215, 113, 73, 58, 17, 68, 120,
       122, 177, 240, 249, 34, 237, 143, 101, 116, 200, 123, 211, 32, 69,
       181, 153, 103, 240, 14, 119, 184, 105, 168, 107, 76, 214, 115, 73,
       16, 151, 76, 108, 110, 208, 240, 217, 46, 237, 254, 5, 4, 72, 115,
       67, 35, 240, 162, 255, 112, 138, 233, 81, 83, 162, 151, 164, 24,
       23, 151, 64, 27, 35, 176, 109, 24, 58, 79, 162, 16, 219, 195, 113,
       120, 224, 128, 198, 98, 109, 103, 192, 7, 244, 27, 110, 184, 121,
       168, 123, 200, 195, 96, 157, 148, 16, 76, 108, 110, 200, 240, 205,
       46, 44, 126, 37, 148, 66, 255, 90, 4, 244, 40, 251, 100, 34, 74,
       65, 80, 160, 164, 164, 40, 19, 151, 65, 58, 36, 244, 68, 48, 9,
       231, 160, 8, 217, 193, 37, 48, 96, 160, 6, 162, 248, 238, 220,
       120, 173, 169, 84, 255, 150, 63, 164, 57, 51, 225, 98, 155, 201,
       242, 237, 16, 122, 111, 194, 51, 219, 195, 117, 121, 243, 217,
       206, 10, 44, 181, 57, 65, 189, 77, 149, 173, 79, 61, 45, 24, 214,
       53, 76, 48, 145, 18, 66, 48, 82, 112, 123, 21, 111, 223, 5, 119,
       210, 74, 198, 34, 100, 113, 56, 99, 88, 15, 71, 184, 96, 172, 45,
       12, 215, 83, 72, 16, 16, 204, 68, 106, 72, 50, 249, 12, 231, 141,
       37, 52, 64, 179, 66, 34, 120, 184, 183, 114, 235, 248, 81, 215,
       179, 55, 164, 57, 47, 247, 64, 158, 167, 183, 237, 16, 58, 75,
       162, 51, 219, 215, 85, 123, 226, 192, 134, 107, 213, 21, 31, 100,
       168, 14, 71, 184, 224, 234, 174, 76, 119, 115, 137, 115, 34, 244,
       108, 106, 233, 197, 153, 12, 241, 235, 101, 16, 104, 240, 66, 57,
       129, 117, 16, 71, 117, 30, 230, 184, 121, 232, 123, 76, 222, 112,
       28, 180, 144, 76, 82, 110, 225, 176, 217, 78, 37, 190, 5, 6, 74,
       50, 75, 133, 37, 241, 49, 67, 253, 79, 199, 168, 106, 248, 41, 8,
       214, 80, 77, 52, 145, 92, 64, 122, 67, 48, 249, 20, 45, 156, 5,
       116, 200, 59, 66, 164, 248, 174, 212, 120, 233, 173, 88, 223, 187,
       59, 176, 217, 191, 255, 64, 27, 135, 183, 253, 28, 62, 79, 202,
       51, 219, 251, 117, 249, 226, 196, 138, 139, 248, 48, 255, 112, 40,
       237, 81, 87, 163, 127, 164, 24, 55, 151, 66, 27, 1, 178, 77, 24,
       42, 79, 242, 17, 211, 193, 112, 57, 226, 192, 70, 251, 13, 158,
       220, 115, 176, 63, 87, 154, 118, 47, 54, 124, 215, 96, 138, 112,
       23, 78, 12, 60, 190, 240, 105, 63, 238, 143, 37, 116, 248, 248,
       200, 1, 226, 168, 204, 80, 200, 185, 240, 207, 186, 151, 164, 157,
       163, 225, 70, 27, 73, 162, 235, 16, 62, 111, 206, 49, 94, 131, 85,
       121, 193, 72, 222, 154, 221, 38, 156, 182, 168, 56, 92, 138, 250,
       187, 163, 121, 207, 226, 203, 219, 131, 199, 108, 28, 60, 67, 203,
       34, 218, 235, 119, 189, 160, 241, 139, 1, 246, 186, 158, 94, 232,
       165, 29, 207, 170, 191, 165, 61, 36, 231, 78, 27, 133, 119, 233,
       16, 50, 79, 186, 113, 219, 147, 93, 255, 144, 112, 175, 67, 224,
       188, 157, 218, 204, 173, 69, 142, 218, 59, 160, 88, 246, 242, 72,
       59, 129, 210, 106, 24, 51, 111, 218, 115, 157, 146, 85, 124, 216,
       89, 195, 42, 220, 68, 220, 118, 168, 106, 92, 184, 176, 178, 166,
       24, 223, 99, 9, 91, 35, 212, 108, 42, 104, 71, 203, 42, 210, 235,
       117, 29, 96, 241, 10, 2, 220, 76, 94, 246, 152, 74, 71, 170, 180,
       178, 167, 24, 87, 115, 1, 91, 33, 244, 108, 234, 104, 205, 25, 46,
       249, 227, 229, 21, 32, 241, 12, 2, 69, 117, 149, 101, 164, 46,
       103, 188, 120, 234, 43, 76, 214, 49, 25, 58, 149, 68, 108, 110,
       209, 240, 217, 8, 173, 190, 101, 4, 200, 243, 195, 33, 121, 252,
       245, 117, 181, 127, 71, 191, 113, 226, 186, 88, 91, 53, 144, 181,
       23, 214, 108, 42, 233, 244, 253, 46, 169, 254, 85, 20, 99, 248,
       198, 60, 248, 170, 222, 112, 138, 169, 81, 71, 162, 23, 164, 185,
       39, 163, 66, 27, 163, 179, 237, 16, 58, 79, 130, 49, 219, 195,
       116, 121, 224, 64, 142, 10, 80, 184, 157, 116, 136, 237, 81, 31,
       166, 183, 166, 24, 183, 247, 64, 91, 1, 247, 108, 16, 26, 77, 251,
       17, 217, 163, 117, 121, 224, 192, 134, 42, 129, 174, 205, 63, 160,
       42, 101, 191, 118, 179, 98, 240, 243, 225, 216, 123, 67, 78, 106,
