%YAML:1.0
---
descriptors: !!opencv-matrix
   rows: 219
   cols: 32
   dt: u
   data: [ 101, 184, 181, 80, 169, 237, 81, 139, 235, 249, 38, 24, 158,
       151, 72, 63, 129, 22, 120, 24, 19, 109, 251, 16, 207, 216, 85,
       126, 194, 0, 194, 42, 93, 56, 151, 116, 169, 108, 69, 23, 235,
       187, 162, 24, 222, 179, 65, 254, 161, 118, 124, 24, 25, 65, 179,
       0, 217, 251, 85, 26, 138, 113, 131, 42, 217, 85, 149, 117, 9, 30,
       68, 53, 228, 178, 166, 92, 247, 49, 0, 243, 0, 100, 108, 106, 105,
       229, 211, 8, 225, 251, 69, 16, 74, 240, 72, 40, 65, 232, 31, 177,
       16, 143, 96, 7, 126, 33, 226, 64, 183, 3, 0, 88, 128, 46, 104, 24,
       27, 248, 209, 31, 205, 167, 50, 80, 200, 0, 3, 40, 248, 170, 187,
       248, 138, 225, 81, 71, 162, 23, 164, 56, 55, 151, 96, 90, 99, 178,
       109, 16, 26, 79, 162, 17, 219, 193, 48, 121, 176, 128, 166, 106,
       69, 112, 153, 97, 99, 79, 49, 8, 105, 248, 35, 40, 222, 17, 73,
       58, 178, 28, 108, 122, 1, 240, 185, 64, 199, 153, 1, 6, 72, 35,
       67, 35, 69, 113, 17, 71, 49, 14, 102, 184, 104, 224, 107, 76, 222,
       81, 9, 48, 144, 76, 64, 106, 193, 240, 217, 12, 37, 188, 5, 6, 72,
       51, 67, 34, 5, 87, 29, 103, 176, 14, 111, 184, 116, 234, 127, 100,
       213, 115, 137, 112, 22, 108, 60, 110, 225, 144, 125, 14, 236, 175,
       39, 132, 104, 242, 1, 49, 253, 113, 253, 102, 40, 78, 87, 152, 96,
       250, 181, 8, 211, 87, 201, 59, 20, 212, 124, 106, 201, 102, 251,
       0, 227, 201, 101, 60, 105, 179, 70, 115, 108, 176, 189, 114, 173,
       125, 81, 154, 195, 127, 165, 24, 223, 253, 74, 59, 137, 18, 253,
       16, 58, 99, 251, 16, 203, 219, 81, 127, 210, 73, 70, 114, 248,
       180, 188, 254, 141, 237, 85, 15, 219, 63, 164, 24, 190, 189, 72,
       59, 201, 178, 249, 0, 58, 111, 242, 179, 211, 219, 84, 123, 210,
       72, 198, 106, 248, 172, 190, 248, 141, 237, 85, 231, 143, 151,
       164, 24, 190, 189, 98, 59, 201, 243, 249, 17, 58, 111, 242, 176,
       219, 251, 86, 123, 210, 89, 214, 106, 248, 184, 253, 112, 168,
       236, 81, 87, 243, 191, 164, 24, 51, 183, 64, 59, 129, 247, 108,
       24, 58, 79, 178, 32, 219, 235, 117, 121, 224, 192, 198, 123, 224,
       180, 157, 218, 232, 237, 69, 175, 250, 59, 160, 24, 182, 241, 72,
       123, 129, 82, 106, 16, 51, 109, 219, 115, 221, 146, 85, 124, 216,
       72, 199, 42, 117, 69, 93, 103, 154, 78, 71, 184, 96, 160, 171, 8,
       87, 113, 9, 115, 50, 212, 108, 106, 105, 161, 121, 44, 241, 233,
       101, 20, 96, 179, 66, 32, 69, 180, 157, 119, 137, 79, 87, 168,
       122, 250, 43, 8, 254, 114, 72, 51, 145, 86, 104, 106, 97, 100,
       251, 47, 237, 191, 69, 54, 200, 115, 131, 34, 20, 197, 25, 103,
       149, 79, 71, 184, 118, 162, 235, 8, 83, 113, 9, 112, 49, 220, 8,
       106, 104, 177, 57, 62, 249, 142, 5, 20, 96, 251, 64, 34, 237, 101,
       4, 7, 181, 47, 103, 168, 120, 170, 111, 8, 211, 97, 25, 180, 144,
       68, 104, 110, 105, 240, 217, 46, 165, 190, 5, 20, 66, 243, 82, 32,
       248, 188, 191, 114, 139, 237, 81, 215, 163, 95, 164, 57, 62, 181,
       66, 27, 163, 178, 237, 16, 58, 111, 178, 51, 219, 203, 117, 123,
       226, 64, 134, 123, 216, 186, 191, 114, 170, 236, 17, 23, 178, 95,
       182, 61, 62, 183, 194, 91, 167, 183, 253, 16, 186, 77, 162, 33,
       219, 227, 124, 219, 160, 64, 167, 123, 88, 24, 159, 244, 11, 76,
       81, 23, 170, 219, 162, 24, 255, 183, 64, 122, 162, 247, 125, 0,
       25, 73, 179, 0, 217, 243, 86, 26, 128, 96, 7, 59, 248, 184, 123,
       120, 42, 237, 81, 87, 162, 87, 164, 57, 63, 159, 64, 59, 162, 179,
       221, 0, 27, 79, 178, 17, 211, 201, 48, 121, 224, 128, 70, 123, 44,
       97, 41, 99, 21, 79, 99, 40, 112, 32, 111, 8, 211, 85, 25, 48, 152,
       220, 81, 106, 72, 176, 249, 46, 231, 221, 129, 16, 66, 27, 86,
       162, 197, 121, 149, 101, 33, 78, 103, 184, 120, 234, 34, 8, 214,
       49, 65, 59, 144, 84, 120, 106, 97, 240, 249, 8, 229, 186, 69, 22,
       72, 115, 67, 34, 244, 32, 189, 112, 136, 109, 81, 27, 162, 183,
       164, 24, 23, 183, 64, 59, 1, 214, 109, 24, 58, 111, 242, 0, 219,
       203, 117, 60, 224, 224, 198, 98, 240, 176, 253, 112, 8, 236, 81,
       23, 162, 55, 164, 24, 51, 151, 64, 59, 1, 146, 109, 24, 58, 111,
       178, 16, 219, 201, 112, 120, 224, 128, 198, 106, 85, 85, 125, 103,
       176, 78, 79, 184, 96, 232, 191, 64, 215, 119, 137, 114, 20, 212,
       124, 106, 233, 161, 121, 46, 225, 239, 37, 148, 104, 243, 70, 49,
       248, 168, 252, 122, 169, 233, 81, 223, 163, 61, 164, 24, 35, 247,
       72, 27, 137, 178, 237, 16, 26, 107, 234, 49, 219, 203, 117, 125,
       227, 192, 198, 42, 252, 112, 189, 115, 40, 111, 83, 152, 242, 250,
       167, 24, 215, 87, 73, 59, 145, 212, 124, 122, 41, 103, 251, 0,
       195, 203, 101, 52, 224, 243, 70, 115, 69, 115, 16, 71, 116, 15,
       102, 184, 105, 168, 123, 76, 214, 80, 157, 180, 148, 76, 68, 110,
       193, 176, 217, 76, 36, 188, 37, 4, 74, 179, 67, 133, 252, 236,
       252, 118, 137, 109, 85, 255, 163, 182, 164, 24, 83, 247, 75, 31,
       9, 214, 237, 26, 56, 103, 250, 32, 219, 203, 117, 61, 227, 241,
       198, 98, 120, 186, 254, 120, 170, 233, 81, 87, 163, 29, 164, 56,
       55, 151, 66, 27, 11, 178, 237, 16, 58, 111, 162, 49, 219, 195,
       112, 121, 226, 128, 198, 107, 21, 109, 19, 103, 149, 79, 103, 232,
       118, 162, 234, 0, 83, 241, 105, 116, 25, 124, 34, 106, 105, 240,
       25, 62, 169, 142, 5, 4, 96, 123, 96, 32, 96, 180, 149, 123, 201,
       109, 84, 175, 127, 59, 40, 24, 150, 51, 76, 59, 129, 27, 104, 16,
       59, 108, 219, 19, 143, 214, 85, 126, 216, 72, 198, 42, 100, 32,
       241, 65, 248, 111, 67, 152, 34, 189, 173, 24, 147, 23, 201, 28,
       25, 156, 68, 122, 26, 114, 233, 16, 77, 152, 33, 116, 194, 131,
       70, 224, 97, 184, 177, 80, 233, 237, 80, 207, 235, 249, 160, 24,
       150, 151, 68, 63, 129, 26, 124, 24, 19, 107, 250, 81, 159, 152,
       21, 126, 200, 0, 66, 46, 76, 116, 211, 70, 211, 110, 103, 216, 49,
       162, 107, 72, 94, 119, 73, 52, 51, 220, 50, 250, 1, 146, 185, 74,
       125, 174, 5, 36, 235, 243, 102, 48, 217, 92, 23, 117, 11, 78, 21,
       164, 252, 90, 162, 24, 255, 19, 1, 251, 162, 117, 108, 98, 97,
       229, 179, 60, 193, 251, 68, 18, 106, 48, 3, 43, 197, 20, 157, 103,
       168, 110, 102, 190, 120, 234, 47, 88, 215, 115, 9, 115, 149, 86,
       124, 106, 97, 212, 249, 42, 231, 187, 101, 20, 136, 241, 195, 49,
       248, 184, 247, 240, 139, 233, 81, 71, 163, 61, 164, 56, 63, 151,
       64, 58, 171, 179, 221, 16, 27, 107, 178, 177, 211, 209, 80, 123,
       226, 64, 134, 123, 218, 170, 180, 112, 233, 141, 92, 215, 163, 59,
       160, 89, 143, 155, 64, 27, 165, 151, 125, 156, 190, 79, 146, 241,
       219, 248, 85, 122, 162, 132, 130, 10, 81, 104, 151, 117, 9, 126,
       68, 39, 233, 186, 162, 8, 247, 51, 65, 255, 129, 100, 108, 10, 77,
       101, 211, 0, 147, 250, 85, 18, 74, 112, 74, 14, 21, 85, 29, 103,
       48, 78, 111, 56, 116, 234, 127, 100, 215, 115, 137, 112, 22, 92,
       60, 110, 233, 144, 121, 14, 237, 239, 37, 132, 40, 179, 0, 49,
       124, 172, 181, 250, 157, 255, 91, 207, 63, 243, 238, 26, 255, 255,
       88, 56, 249, 255, 123, 25, 58, 239, 251, 247, 251, 223, 151, 117,
       195, 72, 230, 106, 224, 109, 151, 126, 221, 196, 135, 231, 250,
       130, 232, 8, 246, 243, 33, 48, 201, 114, 66, 74, 97, 107, 250, 62,
       109, 182, 7, 24, 192, 120, 231, 170, 93, 77, 93, 103, 148, 74, 71,
       184, 100, 160, 171, 72, 83, 115, 9, 115, 50, 212, 108, 106, 105,
       161, 121, 44, 241, 239, 37, 20, 97, 243, 64, 32, 252, 168, 191,
       250, 141, 253, 85, 199, 247, 179, 164, 24, 158, 255, 96, 123, 201,
       255, 249, 144, 26, 111, 250, 177, 219, 219, 213, 123, 210, 88,
       246, 98, 120, 184, 253, 114, 169, 237, 81, 83, 179, 31, 164, 40,
       59, 151, 64, 59, 131, 179, 253, 16, 58, 111, 178, 49, 219, 203,
       116, 121, 226, 192, 198, 107, 76, 101, 80, 103, 149, 10, 110, 168,
       121, 160, 107, 8, 207, 105, 29, 144, 178, 205, 104, 99, 68, 240,
