%YAML:1.0
---
descriptors: !!opencv-matrix
   rows: 162
   cols: 32
   dt: u
   data: [ 108, 228, 189, 115, 169, 77, 87, 168, 98, 191, 173, 24, 214,
       117, 72, 58, 153, 82, 104, 90, 90, 98, 251, 49, 239, 223, 85, 127,
       208, 91, 198, 98, 208, 24, 159, 116, 40, 76, 65, 18, 168, 218,
       162, 24, 247, 183, 65, 123, 34, 244, 108, 8, 41, 69, 179, 0, 209,
       163, 112, 16, 160, 177, 7, 59, 5, 117, 17, 71, 85, 30, 230, 56,
       121, 232, 107, 76, 222, 80, 13, 180, 144, 92, 80, 106, 225, 240,
       217, 78, 39, 184, 5, 6, 74, 50, 75, 181, 252, 108, 252, 118, 136,
       109, 85, 223, 178, 190, 164, 24, 83, 183, 67, 27, 1, 246, 109, 10,
       120, 111, 250, 34, 217, 203, 117, 60, 226, 240, 198, 106, 221, 38,
       156, 182, 168, 40, 88, 26, 242, 191, 163, 121, 223, 226, 203, 91,
       131, 199, 108, 30, 60, 69, 203, 34, 218, 227, 119, 125, 160, 241,
       139, 1, 93, 69, 93, 103, 22, 78, 71, 184, 101, 160, 235, 64, 211,
       113, 25, 112, 50, 212, 92, 106, 104, 176, 89, 46, 227, 239, 37,
       20, 97, 243, 64, 34, 212, 204, 92, 247, 146, 106, 79, 175, 52,
       162, 174, 16, 247, 99, 0, 81, 49, 246, 109, 170, 120, 205, 89, 47,
       249, 227, 229, 21, 32, 240, 196, 42, 65, 112, 21, 69, 1, 78, 34,
       8, 104, 32, 98, 8, 214, 51, 1, 50, 144, 84, 104, 106, 1, 240, 209,
       12, 165, 186, 64, 0, 72, 51, 67, 32, 69, 247, 157, 71, 149, 14,
       103, 184, 122, 250, 43, 76, 214, 113, 89, 51, 145, 68, 104, 126,
       225, 240, 249, 10, 237, 190, 101, 4, 200, 243, 67, 33, 96, 213,
       21, 107, 157, 77, 84, 175, 127, 57, 168, 88, 150, 51, 76, 116,
       145, 151, 104, 16, 91, 104, 219, 23, 173, 222, 21, 126, 80, 8,
       196, 42, 21, 85, 29, 231, 48, 6, 107, 184, 116, 200, 234, 68, 243,
       115, 137, 112, 84, 196, 28, 238, 233, 144, 121, 47, 228, 174, 167,
       132, 40, 179, 96, 49, 126, 164, 189, 254, 137, 116, 85, 143, 179,
       183, 173, 24, 111, 247, 72, 222, 129, 246, 237, 8, 58, 67, 186,
       179, 155, 247, 85, 127, 162, 245, 142, 98, 69, 113, 25, 101, 1,
       75, 115, 0, 104, 224, 35, 8, 214, 21, 73, 50, 144, 84, 104, 106,
       65, 240, 241, 12, 197, 156, 1, 22, 72, 35, 71, 34, 205, 116, 191,
       103, 161, 110, 119, 157, 121, 234, 111, 24, 222, 113, 73, 59, 179,
       84, 108, 106, 97, 244, 185, 42, 231, 255, 69, 54, 202, 115, 195,
       51, 77, 116, 185, 103, 49, 126, 51, 136, 123, 235, 111, 40, 254,
       119, 9, 48, 145, 93, 120, 98, 33, 240, 249, 110, 239, 255, 5, 2,
       202, 115, 3, 179, 69, 117, 24, 103, 177, 14, 119, 184, 107, 168,
       107, 76, 214, 115, 9, 48, 144, 76, 108, 106, 192, 240, 217, 106,
       231, 255, 5, 4, 72, 115, 67, 35, 37, 111, 192, 7, 244, 27, 230,
       184, 97, 168, 123, 204, 195, 96, 159, 148, 24, 204, 70, 110, 204,
       176, 205, 44, 46, 30, 37, 180, 66, 251, 90, 132, 100, 102, 136,
       166, 172, 40, 94, 152, 50, 190, 133, 153, 199, 97, 91, 26, 145,
       196, 109, 126, 28, 66, 203, 2, 202, 193, 237, 189, 128, 251, 26,
       2, 216, 190, 183, 114, 171, 232, 81, 215, 179, 159, 164, 56, 47,
       247, 64, 159, 167, 247, 237, 16, 58, 79, 170, 51, 219, 243, 85,
       123, 226, 196, 134, 107, 37, 117, 17, 67, 245, 31, 230, 184, 110,
       224, 43, 76, 210, 80, 93, 180, 153, 76, 80, 122, 197, 112, 121,
       60, 45, 156, 5, 116, 202, 59, 74, 180, 120, 180, 253, 114, 168,
       237, 85, 159, 227, 255, 165, 24, 251, 247, 72, 59, 133, 246, 125,
       24, 58, 111, 250, 49, 219, 203, 117, 121, 226, 192, 198, 123, 226,
       186, 158, 94, 234, 33, 17, 207, 138, 191, 132, 189, 36, 231, 70,
       27, 135, 119, 233, 16, 62, 79, 154, 49, 91, 131, 93, 255, 128, 96,
       143, 67, 228, 181, 157, 90, 200, 173, 5, 143, 250, 59, 169, 92,
       246, 241, 72, 59, 129, 82, 106, 16, 51, 107, 219, 51, 253, 150,
       117, 124, 216, 88, 195, 34, 252, 20, 157, 116, 168, 46, 85, 63,
       177, 186, 182, 120, 95, 119, 1, 91, 135, 247, 109, 42, 120, 71,
       203, 2, 211, 235, 117, 28, 224, 240, 198, 35, 216, 76, 92, 118,
       136, 106, 76, 174, 180, 178, 166, 24, 247, 99, 1, 91, 35, 247,
       109, 42, 104, 197, 75, 46, 251, 227, 117, 21, 32, 241, 14, 10, 64,
       172, 157, 250, 136, 237, 21, 135, 150, 23, 96, 24, 183, 243, 96,
       91, 193, 122, 105, 16, 50, 78, 218, 51, 205, 167, 117, 120, 144,
       72, 133, 170, 116, 5, 93, 101, 148, 79, 71, 168, 100, 160, 171,
       10, 83, 49, 9, 112, 49, 212, 72, 106, 121, 176, 121, 30, 249, 174,
       5, 20, 113, 187, 68, 34, 197, 113, 17, 101, 17, 78, 115, 56, 104,
       224, 43, 8, 214, 17, 1, 48, 144, 84, 72, 106, 65, 244, 209, 10,
       165, 220, 1, 6, 72, 35, 67, 34, 200, 183, 253, 85, 170, 74, 53,
       183, 251, 63, 55, 184, 206, 53, 192, 31, 135, 87, 236, 32, 112,
       108, 233, 2, 239, 179, 117, 247, 66, 224, 135, 99, 216, 168, 188,
       112, 138, 233, 81, 207, 162, 23, 164, 24, 23, 151, 66, 27, 33,
       151, 109, 16, 58, 79, 162, 17, 217, 193, 112, 125, 224, 64, 6, 98,
       77, 84, 29, 111, 161, 110, 119, 184, 125, 250, 103, 84, 223, 115,
       9, 123, 179, 85, 124, 106, 97, 244, 121, 110, 239, 255, 103, 4,
       202, 243, 195, 51, 205, 213, 157, 103, 161, 78, 119, 184, 123,
       250, 103, 16, 222, 115, 9, 123, 145, 85, 124, 106, 49, 240, 249,
       104, 239, 251, 103, 70, 202, 115, 195, 51, 205, 244, 185, 103,
       241, 94, 119, 152, 123, 106, 103, 24, 222, 119, 9, 48, 147, 93,
       120, 106, 97, 244, 249, 107, 231, 255, 5, 6, 202, 115, 195, 163,
       205, 245, 157, 99, 180, 79, 71, 184, 114, 250, 47, 8, 215, 113,
       73, 59, 145, 84, 120, 122, 97, 240, 249, 42, 237, 155, 101, 116,
       200, 115, 67, 51, 69, 117, 153, 103, 240, 46, 103, 184, 106, 168,
       107, 76, 214, 115, 9, 16, 144, 76, 108, 110, 193, 176, 217, 46,
       237, 188, 37, 4, 72, 115, 67, 163, 104, 49, 49, 65, 73, 221, 65,
       0, 107, 177, 160, 8, 146, 23, 68, 182, 128, 156, 72, 88, 11, 106,
       243, 16, 21, 152, 1, 126, 66, 0, 70, 162, 240, 168, 255, 112, 138,
       232, 81, 83, 178, 151, 164, 184, 19, 199, 64, 27, 35, 182, 109,
       152, 58, 79, 162, 33, 219, 195, 113, 121, 224, 128, 198, 98, 44,
       237, 192, 7, 148, 91, 198, 172, 99, 228, 235, 137, 195, 104, 95,
       148, 88, 204, 224, 103, 76, 178, 205, 46, 46, 71, 133, 53, 103,
       255, 222, 196, 208, 92, 157, 116, 10, 76, 69, 55, 160, 146, 162,
       88, 119, 55, 1, 123, 1, 244, 104, 106, 105, 71, 147, 0, 209, 170,
       116, 24, 40, 240, 162, 56, 77, 113, 145, 69, 97, 92, 54, 8, 105,
       232, 39, 8, 222, 16, 77, 182, 144, 84, 112, 106, 69, 112, 249, 64,
       7, 216, 69, 38, 74, 51, 75, 167, 124, 164, 252, 118, 136, 109, 85,
       158, 179, 183, 173, 25, 115, 247, 72, 27, 129, 214, 109, 26, 58,
       71, 218, 34, 219, 203, 117, 61, 224, 241, 198, 42, 124, 177, 253,
       114, 169, 253, 85, 157, 227, 185, 173, 8, 127, 255, 72, 59, 129,
       246, 253, 24, 26, 107, 250, 49, 219, 203, 117, 125, 226, 210, 198,
       51, 125, 69, 95, 103, 149, 78, 71, 184, 117, 162, 239, 0, 83, 113,
       9, 112, 113, 196, 76, 106, 105, 180, 89, 46, 243, 239, 5, 20, 107,
       251, 96, 32, 213, 46, 149, 114, 168, 44, 68, 143, 187, 187, 162,
       88, 199, 163, 201, 31, 133, 199, 108, 24, 58, 71, 203, 34, 153,
       218, 117, 62, 192, 113, 131, 33, 69, 101, 133, 39, 132, 46, 102,
       168, 112, 162, 43, 8, 211, 96, 89, 50, 17, 196, 104, 110, 233,
       240, 221, 10, 173, 190, 69, 20, 200, 243, 82, 32, 2, 127, 235, 70,
       242, 240, 190, 71, 168, 205, 120, 231, 40, 174, 231, 128, 174,
       123, 194, 145, 151, 139, 36, 106, 58, 5, 62, 131, 205, 86, 175,
       221, 37, 105, 19, 126, 93, 205, 167, 96, 192, 128, 233, 8, 246,
       241, 41, 32, 200, 120, 74, 74, 65, 227, 218, 40, 37, 180, 7, 8,
       72, 59, 99, 162, 220, 48, 189, 112, 137, 108, 81, 18, 163, 179,
       165, 24, 31, 183, 65, 59, 129, 213, 121, 24, 56, 103, 242, 0, 219,
       203, 85, 125, 226, 113, 70, 34, 116, 105, 236, 103, 21, 75, 102,
       168, 113, 164, 111, 11, 83, 105, 27, 18, 56, 236, 97, 98, 76, 240,
