%YAML:1.0
---
descriptors: !!opencv-matrix
   rows: 294
   cols: 32
   dt: u
   data: [ 237, 112, 189, 99, 13, 111, 67, 152, 115, 254, 165, 24, 210,
       85, 89, 59, 153, 212, 124, 122, 41, 116, 249, 2, 207, 219, 69, 52,
       194, 123, 86, 114, 125, 93, 125, 103, 164, 78, 79, 188, 96, 232,
       191, 76, 211, 119, 137, 51, 22, 212, 92, 106, 201, 176, 249, 40,
       231, 233, 101, 20, 104, 243, 66, 113, 93, 93, 123, 103, 180, 78,
       79, 188, 96, 232, 255, 76, 215, 119, 137, 112, 86, 214, 92, 106,
       233, 144, 121, 46, 227, 239, 101, 148, 104, 243, 192, 113, 236,
       52, 188, 99, 173, 125, 83, 152, 123, 255, 165, 24, 222, 93, 75,
       59, 145, 81, 252, 58, 51, 100, 251, 18, 207, 219, 65, 125, 194,
       107, 71, 114, 134, 252, 254, 255, 236, 237, 254, 253, 191, 187,
       243, 58, 255, 255, 93, 75, 255, 255, 127, 131, 250, 119, 203, 251,
       255, 219, 255, 185, 245, 249, 229, 3, 132, 172, 255, 251, 236,
       239, 255, 254, 254, 187, 255, 26, 247, 251, 121, 123, 107, 255,
       127, 155, 186, 231, 203, 243, 253, 171, 255, 252, 149, 249, 247,
       161, 236, 176, 189, 115, 237, 125, 81, 153, 127, 123, 37, 24, 222,
       125, 74, 59, 153, 18, 253, 16, 59, 100, 251, 147, 207, 219, 81,
       127, 210, 75, 206, 242, 252, 172, 253, 118, 136, 109, 85, 191,
       178, 190, 164, 24, 115, 119, 77, 27, 9, 214, 108, 42, 120, 71,
       251, 42, 249, 203, 117, 60, 225, 241, 198, 98, 232, 180, 189, 250,
       141, 253, 85, 175, 223, 127, 172, 25, 190, 189, 78, 59, 137, 26,
       251, 16, 62, 110, 242, 179, 207, 223, 84, 123, 210, 76, 198, 250,
       238, 252, 246, 255, 237, 175, 238, 255, 63, 187, 251, 90, 235,
       251, 29, 91, 251, 239, 127, 179, 250, 247, 203, 251, 191, 255,
       255, 188, 215, 123, 243, 131, 224, 172, 157, 250, 204, 237, 21,
       143, 158, 19, 160, 24, 182, 243, 104, 91, 193, 50, 106, 16, 50,
       111, 218, 51, 253, 131, 87, 121, 208, 72, 199, 42, 238, 244, 244,
       255, 173, 47, 126, 252, 127, 187, 191, 92, 203, 251, 93, 27, 217,
       223, 255, 50, 250, 103, 219, 243, 255, 251, 215, 254, 214, 251,
       210, 3, 236, 244, 188, 246, 173, 63, 95, 184, 255, 187, 191, 28,
       223, 253, 89, 59, 223, 215, 255, 122, 248, 103, 251, 186, 251,
       255, 117, 188, 202, 251, 210, 19, 236, 252, 180, 251, 173, 47, 94,
       188, 255, 187, 189, 92, 219, 255, 93, 27, 221, 215, 255, 115, 186,
       103, 219, 243, 255, 219, 197, 126, 210, 251, 194, 19, 100, 180,
       149, 115, 189, 109, 84, 175, 255, 59, 161, 24, 214, 191, 76, 123,
       129, 22, 108, 16, 59, 105, 219, 151, 139, 218, 85, 127, 208, 72,
       198, 34, 238, 252, 246, 255, 252, 111, 255, 255, 191, 251, 255,
       178, 237, 255, 93, 107, 255, 255, 255, 163, 178, 117, 235, 251,
       255, 254, 223, 134, 151, 253, 229, 243, 38, 101, 100, 207, 252, 3,
       254, 232, 127, 138, 249, 2, 200, 239, 29, 64, 255, 221, 127, 227,
       232, 243, 203, 254, 190, 254, 207, 158, 87, 255, 227, 133, 238,
       252, 254, 255, 252, 63, 254, 254, 255, 251, 255, 59, 237, 255, 95,
       75, 255, 255, 255, 243, 252, 247, 207, 255, 254, 255, 223, 215,
       199, 253, 233, 211, 156, 205, 246, 255, 238, 43, 238, 252, 127,
       178, 251, 26, 207, 235, 29, 67, 127, 231, 127, 227, 248, 247, 203,
       238, 190, 255, 207, 148, 231, 251, 225, 128, 150, 237, 214, 255,
       221, 47, 238, 236, 63, 162, 251, 26, 207, 106, 29, 65, 251, 207,
       127, 226, 120, 247, 89, 254, 191, 254, 207, 52, 225, 123, 241,
       128, 252, 252, 180, 254, 205, 175, 94, 255, 95, 178, 237, 24, 203,
       251, 93, 89, 217, 239, 127, 234, 104, 103, 219, 250, 251, 255,
       199, 62, 211, 123, 226, 130, 1, 125, 19, 69, 82, 78, 39, 36, 104,
       192, 106, 72, 242, 16, 133, 52, 16, 124, 64, 106, 65, 176, 177,
       76, 37, 184, 0, 0, 73, 50, 67, 188, 24, 181, 187, 114, 155, 237,
       49, 207, 251, 21, 173, 24, 62, 247, 72, 56, 161, 27, 192, 16, 19,
       107, 186, 115, 91, 213, 20, 107, 195, 65, 167, 170, 236, 252, 188,
       254, 141, 253, 86, 183, 219, 154, 173, 24, 190, 249, 65, 59, 201,
       242, 255, 18, 106, 110, 250, 187, 235, 219, 85, 59, 210, 88, 214,
       10, 253, 117, 21, 71, 160, 14, 71, 184, 96, 224, 47, 76, 215, 113,
       137, 55, 16, 68, 124, 106, 201, 240, 249, 40, 167, 233, 101, 20,
       74, 243, 194, 32, 232, 188, 188, 123, 173, 253, 85, 190, 255, 59,
       164, 24, 191, 61, 64, 59, 137, 210, 253, 24, 58, 108, 250, 179,
       239, 251, 84, 121, 210, 88, 198, 59, 236, 188, 180, 254, 173, 175,
       85, 255, 223, 251, 188, 24, 254, 249, 84, 123, 201, 238, 127, 24,
       187, 111, 251, 179, 155, 223, 213, 126, 210, 248, 210, 170, 248,
       188, 189, 120, 173, 253, 81, 215, 255, 187, 180, 24, 191, 249, 64,
       59, 205, 242, 255, 24, 187, 111, 242, 179, 219, 251, 85, 122, 210,
       72, 198, 43, 232, 252, 189, 115, 173, 237, 85, 158, 219, 127, 44,
       24, 190, 63, 64, 59, 129, 83, 249, 16, 51, 108, 250, 51, 239, 219,
       85, 123, 210, 88, 199, 123, 56, 85, 114, 236, 117, 86, 86, 120, 5,
       0, 252, 11, 75, 29, 39, 208, 248, 148, 151, 226, 76, 179, 81, 140,
       243, 253, 128, 23, 51, 190, 124, 2, 208, 168, 155, 116, 152, 108,
       81, 23, 178, 151, 162, 24, 55, 183, 64, 91, 33, 255, 109, 16, 58,
       79, 178, 34, 217, 225, 116, 120, 160, 96, 134, 106, 205, 52, 157,
       69, 161, 110, 49, 19, 57, 243, 47, 28, 158, 51, 65, 251, 133, 84,
       120, 56, 49, 220, 241, 66, 143, 251, 87, 70, 138, 96, 139, 49, 56,
       142, 254, 120, 138, 169, 81, 215, 179, 23, 180, 185, 55, 231, 98,
       27, 107, 178, 231, 16, 58, 111, 2, 51, 219, 199, 116, 121, 241,
       192, 230, 170, 204, 188, 189, 245, 169, 236, 21, 183, 187, 191, 2,
       56, 188, 55, 65, 91, 133, 119, 237, 16, 51, 76, 243, 99, 205, 243,
       125, 251, 128, 112, 135, 123, 13, 115, 16, 69, 85, 15, 102, 56,
       120, 168, 107, 76, 214, 16, 23, 176, 148, 76, 68, 110, 197, 176,
       217, 14, 37, 189, 33, 4, 72, 179, 75, 133, 244, 50, 251, 96, 162,
       106, 67, 88, 32, 174, 165, 56, 83, 215, 201, 59, 55, 212, 68, 122,
       56, 103, 168, 0, 91, 169, 37, 100, 225, 227, 102, 227, 69, 113,
       149, 69, 1, 78, 103, 56, 104, 226, 35, 8, 214, 49, 65, 62, 144,
       84, 104, 106, 65, 240, 241, 8, 5, 184, 69, 2, 202, 115, 67, 34,
       244, 46, 140, 180, 168, 40, 93, 159, 178, 183, 134, 189, 87, 163,
       67, 91, 3, 230, 109, 4, 56, 79, 203, 34, 218, 227, 253, 189, 160,
       240, 158, 74, 248, 188, 222, 112, 168, 173, 80, 215, 179, 191,
       164, 29, 55, 179, 66, 27, 129, 230, 109, 28, 58, 79, 210, 35, 219,
       195, 117, 121, 232, 192, 202, 11, 205, 117, 149, 103, 241, 126,
       119, 184, 121, 234, 111, 8, 222, 112, 9, 183, 145, 92, 96, 106,
       97, 240, 249, 42, 175, 223, 69, 6, 74, 115, 75, 167, 248, 188,
       156, 122, 169, 189, 84, 223, 147, 59, 164, 29, 47, 233, 96, 155,
       137, 242, 237, 16, 62, 111, 218, 51, 219, 203, 117, 121, 251, 216,
       202, 10, 165, 96, 157, 177, 108, 45, 97, 138, 90, 179, 33, 88,
       151, 193, 81, 43, 1, 76, 98, 26, 33, 116, 219, 34, 205, 139, 117,
       60, 200, 121, 83, 160, 148, 244, 254, 255, 238, 171, 255, 254,
       190, 183, 242, 58, 247, 235, 89, 91, 255, 247, 127, 131, 186, 231,
       203, 251, 253, 143, 255, 156, 165, 249, 229, 131, 236, 112, 189,
       99, 40, 79, 83, 152, 99, 250, 183, 24, 215, 85, 73, 59, 148, 212,
       124, 122, 169, 100, 249, 32, 199, 219, 101, 52, 202, 179, 70, 115,
       134, 236, 254, 255, 252, 43, 254, 239, 191, 178, 251, 155, 238,
       238, 93, 67, 255, 255, 255, 163, 234, 247, 203, 255, 190, 223,
       239, 167, 213, 123, 233, 131, 236, 176, 189, 99, 173, 125, 81,
       152, 123, 123, 165, 24, 223, 125, 74, 59, 145, 16, 253, 58, 59,
       100, 251, 18, 207, 219, 81, 127, 210, 75, 70, 114, 252, 188, 253,
       118, 168, 108, 85, 191, 178, 191, 164, 56, 115, 103, 72, 27, 1,
       246, 109, 42, 56, 79, 235, 42, 219, 203, 117, 60, 227, 240, 198,
       107, 246, 172, 246, 255, 253, 187, 254, 236, 191, 242, 251, 155,
