%YAML:1.0
---
descriptors: !!opencv-matrix
   rows: 176
   cols: 32
   dt: u
   data: [ 100, 160, 248, 97, 120, 109, 81, 25, 34, 189, 165, 24, 147,
       23, 74, 16, 25, 156, 69, 56, 26, 82, 249, 16, 79, 137, 49, 116,
       226, 131, 198, 226, 77, 55, 157, 167, 160, 46, 127, 55, 56, 235,
       79, 116, 223, 55, 138, 123, 135, 87, 125, 46, 241, 212, 249, 34,
       229, 243, 126, 128, 136, 243, 131, 113, 96, 184, 177, 112, 169,
       237, 81, 143, 235, 249, 164, 8, 190, 247, 64, 62, 129, 86, 120,
       24, 27, 107, 250, 112, 223, 216, 85, 126, 194, 64, 199, 58, 120,
       184, 187, 112, 11, 237, 81, 71, 163, 119, 164, 24, 63, 151, 64,
       26, 163, 179, 253, 16, 27, 79, 178, 17, 211, 209, 80, 123, 226,
       64, 134, 123, 216, 152, 159, 252, 139, 236, 17, 23, 170, 81, 130,
       24, 255, 183, 64, 123, 163, 247, 125, 16, 25, 77, 179, 33, 217,
       227, 126, 90, 128, 32, 167, 59, 124, 176, 249, 112, 168, 105, 81,
       219, 162, 183, 164, 24, 23, 151, 72, 26, 129, 214, 108, 16, 26,
       111, 186, 0, 219, 193, 117, 125, 224, 192, 134, 98, 84, 53, 121,
       225, 50, 75, 115, 56, 32, 164, 111, 40, 215, 87, 8, 48, 50, 157,
       93, 122, 9, 144, 249, 12, 237, 173, 33, 36, 32, 163, 7, 114, 112,
       160, 24, 104, 25, 205, 80, 72, 35, 52, 164, 8, 19, 211, 73, 16,
       200, 144, 72, 112, 10, 99, 210, 21, 219, 193, 1, 125, 112, 8, 78,
       2, 245, 249, 81, 70, 252, 77, 71, 152, 83, 160, 37, 8, 83, 81,
       201, 52, 24, 220, 68, 122, 75, 50, 249, 63, 125, 140, 37, 124,
       122, 187, 66, 160, 208, 176, 189, 240, 138, 232, 81, 27, 163, 23,
       135, 24, 23, 151, 64, 91, 5, 151, 109, 144, 26, 79, 178, 17, 217,
       227, 112, 121, 160, 192, 166, 98, 5, 120, 19, 69, 97, 95, 167, 48,
       104, 192, 98, 72, 242, 16, 133, 180, 16, 124, 64, 106, 69, 180,
       241, 108, 37, 188, 1, 0, 75, 51, 67, 172, 248, 168, 254, 122, 137,
       237, 81, 91, 163, 23, 164, 24, 51, 231, 64, 27, 137, 178, 236, 16,
       58, 111, 250, 49, 219, 195, 113, 121, 227, 192, 198, 98, 5, 117,
       17, 71, 113, 79, 99, 56, 104, 232, 107, 8, 222, 80, 13, 52, 144,
       76, 64, 106, 69, 240, 249, 14, 37, 188, 1, 6, 72, 51, 67, 167,
       248, 184, 127, 120, 42, 253, 81, 87, 227, 95, 164, 24, 59, 151,
       66, 59, 175, 178, 236, 16, 58, 111, 178, 49, 219, 203, 112, 57,
       227, 192, 198, 123, 224, 188, 156, 250, 204, 237, 81, 143, 218,
       51, 160, 24, 182, 241, 72, 91, 129, 18, 106, 16, 43, 111, 218,
       115, 221, 146, 85, 127, 216, 72, 199, 42, 85, 77, 93, 103, 150,
       78, 103, 184, 100, 160, 235, 64, 211, 51, 1, 112, 50, 246, 76,
       106, 105, 176, 89, 46, 237, 175, 37, 20, 96, 243, 192, 32, 116,
       32, 152, 230, 168, 108, 87, 152, 163, 182, 175, 25, 87, 247, 73,
       90, 17, 212, 109, 106, 24, 71, 219, 32, 217, 167, 101, 60, 160,
       243, 6, 114, 24, 109, 59, 173, 54, 79, 115, 114, 52, 236, 250, 3,
       23, 159, 33, 64, 248, 125, 15, 99, 72, 185, 49, 14, 241, 164, 34,
       0, 97, 59, 37, 251, 80, 89, 63, 190, 24, 197, 151, 108, 134, 68,
       200, 3, 247, 255, 33, 65, 204, 243, 123, 195, 74, 11, 58, 61, 241,
       227, 94, 27, 16, 26, 37, 122, 248, 170, 254, 120, 138, 233, 81,
       87, 179, 21, 164, 57, 55, 183, 66, 27, 1, 178, 237, 16, 58, 79,
       130, 49, 219, 195, 112, 121, 240, 128, 198, 42, 36, 96, 177, 65,
       224, 111, 103, 152, 106, 190, 57, 72, 211, 23, 205, 60, 153, 28,
       68, 122, 9, 112, 121, 0, 109, 152, 37, 52, 194, 251, 70, 225, 97,
       184, 177, 80, 233, 237, 81, 207, 235, 249, 168, 24, 182, 151, 68,
       62, 129, 54, 120, 24, 19, 107, 250, 113, 155, 156, 21, 126, 202,
       64, 194, 46, 37, 53, 83, 67, 117, 31, 102, 248, 123, 168, 105, 76,
       90, 240, 221, 180, 57, 204, 82, 110, 193, 178, 152, 94, 62, 92, 5,
       46, 75, 163, 74, 164, 45, 229, 208, 67, 213, 31, 230, 248, 123,
       161, 41, 76, 66, 224, 221, 180, 25, 76, 66, 126, 215, 242, 220,
       28, 46, 92, 5, 116, 203, 191, 218, 132, 1, 120, 17, 69, 97, 95,
       230, 52, 105, 200, 98, 72, 250, 16, 133, 180, 144, 124, 64, 106,
       197, 180, 245, 44, 37, 184, 1, 2, 74, 51, 67, 189, 69, 113, 17,
       69, 113, 30, 102, 184, 121, 232, 115, 76, 222, 80, 157, 180, 144,
       76, 68, 110, 197, 240, 217, 76, 37, 188, 37, 6, 72, 51, 67, 165,
       20, 221, 25, 231, 176, 111, 111, 188, 52, 170, 127, 96, 215, 119,
       137, 80, 55, 95, 29, 106, 121, 144, 105, 46, 233, 239, 39, 196,
       160, 243, 129, 33, 236, 180, 149, 99, 173, 45, 84, 157, 123, 59,
       33, 88, 222, 121, 76, 187, 145, 22, 108, 48, 62, 116, 219, 147,
       143, 219, 85, 118, 218, 74, 202, 3, 69, 241, 149, 71, 153, 79, 23,
       168, 122, 248, 43, 8, 214, 114, 73, 50, 145, 84, 104, 122, 99,
       224, 251, 61, 237, 186, 69, 54, 72, 115, 67, 50, 77, 117, 153,
       103, 209, 78, 119, 184, 121, 224, 111, 8, 222, 49, 9, 48, 144, 92,
       96, 106, 65, 240, 249, 78, 103, 255, 5, 6, 72, 114, 195, 50, 24,
       93, 59, 167, 18, 74, 119, 112, 52, 164, 203, 3, 87, 23, 33, 64,
       114, 245, 77, 227, 104, 153, 49, 46, 241, 228, 42, 0, 36, 51, 37,
       98, 5, 85, 25, 103, 48, 14, 111, 184, 116, 232, 95, 100, 215, 115,
       129, 112, 54, 76, 20, 110, 225, 144, 121, 46, 236, 175, 39, 132,
       40, 179, 1, 49, 82, 216, 151, 188, 11, 70, 180, 111, 172, 18, 194,
       18, 124, 242, 40, 235, 229, 119, 120, 131, 97, 205, 147, 101, 145,
       162, 90, 10, 8, 96, 161, 14, 120, 184, 243, 248, 11, 233, 81, 71,
       163, 93, 164, 56, 63, 151, 64, 26, 163, 179, 237, 16, 26, 75, 162,
       145, 219, 209, 80, 123, 242, 64, 134, 123, 44, 33, 128, 73, 221,
       51, 66, 200, 87, 164, 237, 10, 67, 193, 95, 220, 88, 200, 98, 250,
       30, 98, 207, 144, 23, 204, 129, 61, 243, 127, 106, 132, 92, 176,
       149, 116, 171, 104, 68, 159, 163, 187, 170, 120, 215, 179, 200,
       254, 3, 214, 108, 24, 27, 73, 139, 32, 155, 230, 117, 92, 162,
       208, 134, 33, 82, 8, 199, 221, 130, 98, 41, 7, 54, 7, 202, 162,
       241, 39, 129, 74, 99, 247, 41, 136, 16, 216, 247, 98, 196, 166,
       222, 1, 165, 240, 165, 104, 56, 237, 26, 126, 89, 205, 20, 231,
       163, 13, 236, 9, 46, 243, 34, 16, 128, 187, 193, 0, 74, 43, 146,
       63, 243, 245, 20, 27, 82, 0, 238, 138, 93, 85, 61, 103, 48, 78,
       79, 184, 116, 232, 127, 68, 215, 119, 137, 112, 54, 84, 28, 106,
       233, 144, 121, 46, 227, 239, 37, 132, 42, 179, 64, 49, 252, 112,
       189, 115, 40, 109, 81, 152, 242, 186, 165, 24, 215, 215, 73, 59,
       145, 212, 124, 122, 41, 103, 251, 0, 211, 203, 101, 60, 224, 243,
       70, 51, 124, 180, 188, 115, 189, 109, 81, 27, 127, 63, 173, 24,
       215, 245, 72, 58, 153, 146, 109, 16, 27, 97, 251, 17, 203, 223,
       17, 125, 208, 73, 198, 34, 248, 180, 253, 118, 168, 108, 81, 191,
       163, 191, 167, 24, 115, 247, 64, 59, 5, 214, 236, 8, 56, 111, 251,
       33, 219, 235, 117, 125, 226, 224, 198, 114, 232, 232, 190, 252,
       141, 205, 85, 198, 195, 146, 164, 24, 191, 185, 97, 59, 201, 242,
       249, 0, 74, 111, 242, 177, 219, 251, 84, 59, 82, 88, 214, 42, 120,
       184, 150, 246, 139, 44, 80, 151, 171, 155, 162, 93, 191, 247, 64,
       91, 165, 247, 125, 16, 58, 79, 146, 33, 217, 242, 126, 122, 168,
       96, 163, 27, 197, 103, 148, 101, 160, 14, 102, 152, 120, 162, 35,
       68, 223, 34, 73, 122, 147, 69, 104, 126, 164, 212, 217, 74, 172,
       186, 71, 4, 200, 243, 67, 4, 129, 113, 80, 7, 101, 30, 230, 52,
       121, 224, 99, 76, 246, 24, 151, 180, 146, 76, 64, 111, 229, 180,
       213, 15, 38, 184, 0, 0, 74, 50, 75, 141, 33, 245, 17, 67, 249, 79,
       23, 173, 123, 59, 41, 8, 214, 115, 72, 52, 145, 94, 96, 34, 83,
       120, 249, 21, 109, 158, 21, 118, 72, 82, 195, 163, 253, 173, 166,
       116, 137, 126, 71, 191, 243, 254, 174, 8, 83, 247, 75, 115, 145,
       198, 104, 110, 233, 71, 187, 11, 251, 239, 69, 28, 202, 116, 198,
       114, 36, 33, 241, 71, 228, 79, 231, 16, 104, 170, 59, 104, 211,
       53, 205, 190, 144, 92, 68, 106, 193, 240, 233, 8, 37, 156, 101,
       36, 192, 251, 70, 161, 100, 162, 121, 65, 240, 107, 65, 152, 34,
