%YAML:1.0
---
descriptors: !!opencv-matrix
   rows: 312
   cols: 32
   dt: u
   data: [ 5, 117, 49, 71, 117, 78, 231, 184, 121, 232, 107, 72, 222, 85,
       13, 180, 144, 92, 80, 106, 193, 240, 249, 78, 37, 188, 5, 6, 74,
       51, 67, 179, 36, 241, 17, 67, 213, 79, 103, 168, 106, 224, 43, 8,
       214, 85, 77, 52, 145, 92, 64, 122, 65, 112, 249, 28, 45, 156, 5,
       118, 192, 59, 70, 162, 100, 49, 185, 99, 209, 111, 99, 152, 98,
       240, 43, 8, 214, 119, 73, 58, 145, 92, 96, 122, 17, 112, 249, 32,
       205, 140, 69, 116, 192, 115, 70, 34, 245, 102, 202, 87, 180, 58,
       102, 152, 119, 174, 246, 52, 67, 96, 223, 223, 113, 204, 44, 254,
       172, 244, 173, 42, 170, 235, 101, 133, 226, 245, 120, 4, 196, 232,
       157, 118, 170, 224, 21, 142, 170, 187, 160, 184, 244, 247, 73,
       123, 131, 119, 109, 18, 51, 71, 138, 33, 201, 162, 127, 189, 128,
       113, 135, 51, 120, 184, 255, 112, 168, 253, 81, 95, 162, 255, 172,
       24, 51, 247, 66, 59, 33, 246, 236, 24, 27, 107, 242, 17, 219, 203,
       117, 121, 226, 192, 198, 123, 1, 223, 31, 247, 176, 142, 47, 180,
       124, 202, 90, 100, 245, 115, 129, 96, 55, 110, 54, 110, 225, 216,
       25, 47, 236, 174, 39, 128, 8, 242, 129, 185, 93, 93, 93, 103, 176,
       14, 79, 184, 96, 232, 63, 76, 211, 113, 153, 114, 22, 228, 92,
       110, 233, 176, 253, 46, 228, 175, 37, 148, 104, 243, 66, 49, 252,
       108, 252, 118, 140, 109, 85, 159, 211, 182, 188, 24, 83, 225, 69,
       27, 9, 214, 108, 26, 104, 103, 251, 34, 123, 203, 117, 61, 227,
       249, 198, 42, 252, 172, 253, 118, 136, 109, 85, 191, 179, 182,
       164, 24, 115, 247, 73, 31, 9, 246, 108, 42, 120, 79, 250, 42, 249,
       203, 117, 60, 226, 240, 198, 106, 224, 172, 156, 250, 200, 237,
       21, 143, 154, 19, 36, 24, 246, 243, 72, 123, 193, 114, 106, 24,
       51, 111, 218, 51, 205, 163, 118, 121, 144, 88, 135, 42, 81, 77,
       95, 103, 146, 14, 71, 189, 100, 160, 170, 64, 247, 115, 1, 112,
       50, 246, 76, 106, 73, 169, 121, 62, 233, 239, 37, 16, 96, 242,
       192, 40, 93, 93, 127, 102, 160, 78, 71, 188, 224, 232, 190, 76,
       119, 119, 137, 115, 54, 244, 124, 106, 201, 131, 249, 44, 243,
       233, 101, 16, 104, 243, 70, 57, 252, 78, 221, 118, 168, 44, 85,
       191, 176, 186, 182, 56, 87, 119, 137, 91, 135, 215, 109, 34, 104,
       101, 203, 42, 211, 235, 117, 156, 32, 240, 194, 43, 93, 221, 61,
       239, 176, 78, 79, 189, 100, 232, 255, 64, 247, 119, 136, 112, 22,
       214, 93, 106, 233, 144, 121, 63, 225, 239, 37, 148, 40, 242, 128,
       49, 236, 48, 189, 99, 169, 109, 83, 152, 123, 255, 165, 24, 222,
       93, 73, 59, 145, 84, 252, 58, 35, 100, 251, 16, 207, 219, 101,
       127, 194, 235, 71, 115, 212, 141, 94, 229, 154, 106, 79, 175, 180,
       162, 174, 16, 215, 99, 1, 83, 35, 246, 109, 170, 104, 197, 89, 46,
       249, 227, 37, 17, 32, 240, 164, 42, 104, 180, 149, 99, 141, 109,
       84, 157, 127, 59, 171, 88, 222, 57, 72, 250, 145, 150, 108, 48,
       27, 120, 219, 147, 175, 222, 85, 118, 210, 74, 194, 2, 224, 140,
       157, 255, 200, 237, 21, 183, 158, 23, 96, 24, 182, 243, 96, 91,
       129, 122, 106, 24, 50, 76, 218, 49, 205, 163, 84, 120, 144, 72,
       133, 42, 232, 181, 188, 254, 253, 253, 85, 47, 223, 91, 172, 24,
       190, 189, 74, 59, 201, 146, 251, 16, 58, 106, 242, 183, 239, 223,
       84, 123, 210, 72, 198, 106, 100, 237, 59, 94, 93, 198, 199, 224,
       248, 128, 232, 8, 80, 255, 53, 48, 216, 253, 91, 195, 73, 227,
       186, 108, 49, 190, 135, 26, 65, 51, 102, 162, 69, 71, 148, 39,
       160, 62, 110, 152, 120, 170, 59, 68, 223, 98, 201, 218, 151, 69,
       108, 126, 149, 208, 201, 106, 172, 250, 103, 4, 136, 243, 139, 5,
       13, 117, 57, 103, 112, 79, 55, 184, 57, 232, 127, 108, 222, 119,
       137, 48, 148, 85, 85, 106, 225, 240, 249, 110, 231, 255, 37, 134,
       74, 51, 7, 243, 69, 112, 17, 69, 17, 14, 98, 24, 104, 224, 99, 76,
       214, 17, 9, 48, 144, 76, 64, 106, 129, 176, 209, 12, 133, 188, 1,
       4, 72, 51, 67, 34, 129, 174, 131, 159, 204, 169, 164, 231, 246,
       19, 234, 210, 177, 226, 96, 75, 105, 98, 74, 152, 51, 124, 207,
       51, 236, 130, 247, 104, 184, 72, 161, 168, 88, 165, 185, 114, 153,
       233, 81, 207, 178, 53, 173, 24, 31, 247, 72, 56, 129, 159, 232,
       16, 26, 107, 186, 17, 219, 197, 21, 125, 224, 64, 134, 98, 92, 16,
       156, 247, 44, 12, 89, 56, 175, 186, 183, 40, 223, 247, 75, 91,
       231, 213, 125, 58, 40, 65, 203, 128, 203, 251, 119, 188, 128, 224,
       11, 3, 216, 176, 188, 240, 41, 253, 89, 26, 187, 187, 180, 24,
       159, 191, 64, 27, 133, 151, 253, 16, 186, 111, 242, 144, 219, 251,
       117, 254, 194, 192, 74, 59, 232, 172, 180, 248, 173, 173, 92, 223,
       223, 187, 188, 24, 175, 249, 68, 31, 201, 230, 127, 24, 186, 111,
       211, 179, 219, 219, 87, 122, 210, 72, 210, 43, 232, 188, 188, 248,
       173, 253, 81, 223, 255, 123, 180, 24, 191, 185, 70, 59, 205, 179,
       255, 25, 186, 111, 242, 147, 219, 219, 85, 122, 210, 200, 198, 11,
       234, 172, 164, 252, 237, 173, 204, 255, 191, 187, 188, 24, 239,
       235, 84, 95, 201, 231, 127, 25, 186, 111, 219, 247, 191, 255, 223,
       250, 211, 88, 242, 43, 236, 48, 189, 99, 141, 111, 115, 8, 123,
       251, 39, 24, 214, 117, 73, 59, 145, 84, 104, 50, 49, 116, 249, 2,
       207, 219, 65, 119, 192, 107, 71, 34, 105, 188, 188, 81, 217, 253,
       85, 191, 123, 115, 44, 28, 190, 55, 70, 190, 129, 86, 248, 24,
       183, 120, 251, 55, 111, 223, 21, 119, 202, 84, 203, 126, 197, 253,
       157, 83, 172, 47, 231, 156, 122, 251, 15, 92, 214, 112, 217, 43,
       17, 70, 120, 126, 241, 116, 249, 34, 109, 10, 101, 116, 200, 123,
       209, 48, 205, 52, 157, 97, 129, 110, 117, 23, 59, 243, 47, 28,
       158, 55, 64, 254, 133, 22, 120, 24, 49, 220, 241, 66, 207, 251,
       85, 70, 138, 64, 139, 50, 240, 174, 254, 120, 138, 233, 81, 215,
       178, 23, 164, 185, 39, 167, 66, 27, 39, 179, 237, 144, 58, 79,
       162, 51, 219, 195, 116, 121, 224, 192, 134, 107, 69, 113, 145, 71,
       65, 78, 54, 40, 105, 200, 107, 8, 222, 18, 77, 50, 144, 84, 120,
       106, 65, 240, 185, 72, 39, 184, 5, 6, 72, 51, 67, 55, 216, 34,
       255, 112, 162, 107, 81, 83, 162, 191, 164, 56, 19, 135, 64, 27,
       39, 148, 68, 24, 56, 71, 160, 0, 219, 203, 117, 116, 224, 192,
       198, 115, 45, 113, 49, 97, 117, 95, 114, 56, 105, 232, 109, 72,
       218, 16, 5, 176, 152, 76, 84, 106, 197, 176, 89, 12, 103, 221, 1,
       38, 74, 51, 74, 151, 248, 174, 222, 112, 168, 173, 81, 223, 179,
       191, 165, 29, 23, 227, 74, 27, 5, 198, 109, 24, 58, 79, 138, 19,
       219, 195, 117, 125, 224, 192, 198, 35, 193, 142, 252, 125, 176,
       47, 95, 191, 126, 191, 118, 93, 211, 42, 150, 81, 151, 70, 108,
       60, 180, 252, 109, 63, 238, 191, 117, 20, 248, 240, 200, 65, 36,
       225, 57, 73, 89, 79, 71, 168, 74, 184, 45, 8, 210, 85, 77, 52,
       145, 92, 64, 122, 67, 48, 121, 21, 109, 156, 5, 116, 80, 59, 70,
       162, 213, 174, 144, 48, 169, 60, 68, 155, 251, 187, 162, 92, 206,
       178, 73, 255, 133, 71, 108, 28, 191, 79, 203, 66, 152, 218, 119,
       126, 136, 113, 139, 5, 88, 163, 140, 49, 168, 169, 81, 143, 166,
       181, 166, 189, 199, 227, 66, 26, 1, 198, 237, 20, 26, 73, 203, 49,
       200, 195, 117, 117, 224, 192, 134, 66, 94, 180, 140, 181, 139, 34,
       21, 154, 162, 183, 134, 157, 215, 115, 74, 27, 5, 215, 233, 148,
       58, 197, 219, 40, 217, 195, 221, 53, 170, 117, 142, 82, 120, 185,
       255, 112, 168, 237, 81, 87, 162, 189, 164, 8, 59, 183, 64, 58, 33,
       182, 237, 16, 26, 107, 178, 17, 219, 201, 117, 121, 224, 128, 198,
       107, 85, 93, 31, 103, 176, 14, 111, 188, 116, 202, 126, 68, 247,
       119, 129, 112, 54, 124, 60, 110, 225, 144, 57, 47, 228, 175, 37,
       128, 40, 242, 32, 57, 228, 188, 157, 218, 204, 237, 5, 207, 202,
       59, 160, 24, 182, 243, 72, 59, 193, 82, 106, 24, 19, 107, 218, 49,
       221, 130, 119, 125, 216, 72, 199, 162, 252, 62, 149, 246, 169, 44,
