%YAML:1.0
---
descriptors: !!opencv-matrix
   rows: 335
   cols: 32
   dt: u
   data: [ 72, 241, 152, 97, 153, 205, 21, 143, 43, 53, 44, 25, 142, 179,
       74, 18, 129, 31, 233, 16, 18, 72, 210, 19, 239, 149, 21, 127, 194,
       16, 135, 234, 156, 84, 126, 247, 46, 10, 109, 248, 164, 178, 247,
       50, 215, 87, 153, 107, 111, 245, 127, 234, 233, 213, 105, 174,
       246, 235, 235, 148, 37, 187, 97, 33, 221, 20, 252, 247, 172, 46,
       121, 26, 253, 186, 183, 48, 223, 119, 137, 123, 103, 215, 125, 10,
       185, 229, 235, 130, 199, 251, 115, 148, 164, 233, 33, 33, 216,
       180, 189, 240, 169, 108, 93, 159, 171, 251, 151, 56, 159, 191, 72,
       123, 135, 151, 253, 16, 187, 77, 243, 192, 219, 219, 127, 254,
       130, 192, 135, 115, 204, 184, 189, 114, 169, 253, 93, 151, 251,
       123, 181, 24, 190, 255, 64, 59, 133, 115, 253, 16, 178, 109, 250,
       243, 219, 219, 85, 123, 194, 80, 135, 107, 130, 172, 254, 223,
       236, 163, 252, 207, 63, 179, 242, 154, 236, 238, 60, 72, 255, 239,
       127, 145, 178, 255, 207, 255, 30, 58, 223, 228, 149, 120, 241,
       137, 236, 48, 189, 99, 173, 111, 83, 152, 115, 190, 37, 24, 215,
       117, 73, 58, 153, 84, 124, 122, 25, 116, 249, 18, 207, 223, 101,
       117, 194, 235, 70, 115, 139, 190, 246, 243, 239, 189, 248, 223,
       191, 91, 180, 183, 189, 254, 246, 111, 239, 243, 255, 149, 183,
       111, 238, 243, 223, 219, 255, 234, 247, 204, 247, 255, 203, 188,
       246, 251, 239, 181, 252, 223, 255, 95, 252, 191, 173, 255, 246,
       111, 239, 243, 255, 149, 183, 127, 238, 243, 159, 219, 254, 234,
       215, 204, 245, 255, 237, 112, 189, 103, 37, 79, 119, 24, 123, 234,
       55, 8, 210, 85, 73, 59, 144, 84, 124, 122, 225, 244, 249, 10, 199,
       219, 101, 52, 194, 123, 70, 115, 240, 174, 61, 112, 10, 232, 81,
       151, 178, 23, 164, 24, 55, 135, 64, 27, 3, 150, 109, 8, 42, 79,
       162, 35, 209, 163, 112, 56, 96, 192, 134, 106, 77, 103, 16, 7,
       116, 15, 102, 184, 121, 168, 107, 76, 211, 96, 153, 148, 144, 76,
       100, 110, 204, 176, 205, 14, 36, 188, 37, 4, 74, 179, 82, 128,
       104, 176, 187, 112, 25, 237, 113, 3, 251, 125, 46, 24, 182, 151,
       64, 56, 129, 50, 104, 24, 19, 109, 242, 23, 207, 223, 16, 122,
       194, 0, 70, 107, 244, 180, 255, 114, 168, 237, 85, 222, 242, 159,
       165, 24, 115, 247, 200, 59, 9, 214, 108, 26, 58, 111, 250, 51,
       217, 203, 117, 120, 225, 209, 198, 35, 133, 142, 220, 91, 176, 47,
       71, 186, 118, 59, 63, 124, 215, 113, 138, 112, 23, 78, 12, 62,
       187, 244, 105, 55, 238, 143, 37, 116, 248, 217, 200, 1, 109, 113,
       185, 69, 225, 79, 119, 152, 105, 232, 47, 8, 214, 53, 77, 54, 148,
       92, 112, 122, 193, 240, 249, 8, 239, 221, 5, 38, 66, 51, 71, 243,
       101, 183, 145, 99, 188, 45, 71, 173, 123, 57, 169, 88, 198, 112,
       76, 60, 153, 158, 76, 50, 27, 98, 219, 23, 173, 220, 21, 126, 208,
       74, 194, 37, 236, 96, 220, 103, 168, 106, 86, 152, 115, 178, 167,
       8, 215, 113, 73, 59, 19, 212, 108, 106, 40, 118, 201, 10, 231,
       251, 101, 53, 226, 243, 74, 2, 116, 69, 93, 101, 18, 78, 71, 56,
       96, 160, 171, 8, 83, 51, 25, 115, 50, 212, 104, 106, 105, 160, 89,
       12, 241, 171, 101, 20, 97, 179, 64, 32, 28, 252, 159, 119, 145,
       14, 71, 252, 118, 174, 234, 0, 115, 243, 9, 112, 113, 254, 104,
       106, 104, 209, 57, 47, 233, 239, 69, 0, 224, 115, 228, 42, 64,
       136, 157, 254, 200, 233, 17, 143, 154, 19, 160, 24, 182, 183, 64,
       91, 129, 115, 106, 16, 50, 77, 218, 49, 205, 178, 84, 123, 144,
       72, 135, 42, 64, 164, 157, 209, 201, 237, 65, 143, 190, 59, 168,
       24, 182, 51, 72, 123, 129, 18, 106, 24, 51, 76, 219, 115, 205,
       150, 85, 124, 208, 64, 135, 42, 253, 50, 149, 119, 169, 44, 80,
       24, 243, 186, 163, 88, 214, 115, 73, 155, 133, 212, 108, 50, 56,
       103, 219, 32, 139, 219, 117, 62, 194, 97, 66, 3, 209, 168, 222,
       80, 138, 249, 185, 7, 234, 83, 164, 24, 183, 178, 86, 123, 163,
       51, 122, 152, 55, 77, 182, 81, 153, 139, 94, 121, 204, 64, 139,
       12, 249, 108, 172, 182, 140, 108, 77, 159, 178, 243, 134, 25, 247,
       245, 91, 59, 129, 230, 125, 31, 107, 79, 251, 34, 217, 235, 245,
       57, 160, 112, 150, 122, 242, 172, 254, 222, 139, 112, 85, 239,
       155, 191, 172, 153, 102, 231, 70, 27, 129, 247, 237, 16, 58, 75,
       170, 115, 219, 242, 85, 191, 128, 96, 134, 95, 69, 113, 57, 101,
       1, 78, 51, 24, 104, 232, 39, 72, 222, 23, 9, 50, 144, 84, 104, 98,
       65, 240, 249, 8, 197, 185, 1, 38, 72, 51, 71, 35, 197, 119, 25, 7,
       50, 30, 39, 184, 124, 224, 99, 236, 222, 114, 137, 244, 54, 93,
       74, 106, 229, 208, 253, 74, 164, 52, 15, 6, 72, 179, 11, 53, 196,
       102, 143, 135, 202, 42, 38, 136, 114, 186, 131, 252, 211, 98, 201,
       91, 113, 204, 108, 242, 56, 215, 205, 66, 188, 34, 239, 132, 128,
       115, 167, 1, 108, 135, 253, 103, 176, 90, 102, 184, 49, 172, 255,
       232, 203, 103, 136, 244, 80, 214, 236, 106, 104, 144, 233, 46,
       239, 255, 37, 149, 98, 179, 198, 51, 221, 113, 253, 103, 45, 14,
       71, 184, 97, 226, 167, 76, 215, 81, 153, 59, 16, 196, 108, 110,
       233, 228, 249, 40, 225, 251, 101, 20, 106, 51, 67, 35, 120, 168,
       223, 112, 136, 233, 81, 87, 162, 17, 172, 8, 55, 179, 64, 58, 129,
       182, 252, 16, 30, 107, 194, 33, 219, 201, 117, 121, 160, 194, 222,
       138, 129, 174, 141, 153, 236, 169, 105, 159, 238, 59, 66, 244,
       149, 163, 240, 75, 67, 42, 106, 28, 51, 92, 199, 16, 76, 130, 119,
       100, 144, 192, 193, 168, 193, 142, 159, 153, 236, 169, 168, 71,
       254, 19, 224, 208, 181, 226, 224, 75, 99, 34, 106, 28, 51, 109,
       134, 115, 140, 2, 122, 104, 152, 192, 163, 136, 145, 142, 207, 63,
       164, 170, 101, 183, 118, 75, 114, 244, 243, 32, 144, 121, 17, 110,
       44, 28, 187, 252, 77, 47, 204, 175, 116, 192, 232, 208, 208, 40,
       129, 174, 159, 155, 236, 169, 109, 151, 254, 147, 98, 208, 181,
       227, 208, 75, 67, 106, 106, 28, 51, 252, 143, 51, 76, 130, 119,
       104, 144, 208, 193, 168, 180, 237, 122, 238, 246, 139, 255, 248,
       125, 160, 251, 10, 123, 233, 57, 80, 122, 233, 23, 227, 232, 179,
       12, 253, 254, 205, 175, 172, 117, 187, 112, 129, 6, 165, 210, 143,
       221, 47, 254, 232, 47, 162, 251, 2, 206, 234, 56, 80, 253, 223,
       127, 227, 24, 243, 219, 252, 189, 54, 143, 62, 197, 123, 97, 128,
       188, 77, 110, 255, 60, 11, 79, 248, 244, 176, 247, 2, 255, 75,
       185, 67, 126, 229, 95, 234, 232, 245, 73, 175, 242, 235, 231, 148,
       53, 187, 97, 161, 22, 100, 162, 207, 221, 47, 254, 232, 63, 162,
       235, 2, 202, 254, 61, 80, 249, 221, 123, 227, 8, 243, 219, 254,
       189, 190, 207, 62, 193, 123, 113, 130, 72, 241, 152, 97, 209, 205,
       53, 175, 43, 53, 44, 24, 142, 23, 72, 18, 145, 31, 193, 16, 82,
       88, 209, 86, 239, 213, 21, 119, 194, 0, 135, 226, 118, 100, 182,
       199, 221, 111, 126, 232, 31, 162, 227, 10, 202, 254, 29, 80, 249,
       205, 123, 227, 40, 247, 217, 222, 191, 254, 207, 31, 81, 127, 243,
       130, 220, 84, 222, 247, 44, 46, 121, 184, 188, 186, 183, 50, 223,
       103, 153, 75, 119, 213, 125, 170, 40, 197, 107, 202, 210, 235,
       235, 148, 36, 249, 1, 49, 40, 237, 24, 112, 217, 205, 87, 238, 43,
       61, 44, 9, 46, 55, 74, 16, 129, 91, 193, 80, 66, 74, 202, 55, 235,
       213, 21, 127, 66, 16, 142, 138, 200, 176, 188, 241, 168, 44, 121,
       159, 251, 187, 182, 56, 159, 187, 72, 91, 135, 87, 125, 24, 178,
       109, 227, 64, 207, 251, 119, 222, 194, 192, 195, 11, 248, 237,
       182, 252, 13, 253, 86, 230, 223, 146, 172, 8, 174, 253, 101, 54,
       201, 250, 235, 66, 106, 111, 242, 191, 251, 219, 85, 59, 82, 93,
       118, 10, 232, 172, 180, 254, 173, 173, 92, 159, 255, 187, 180, 24,
       238, 251, 76, 27, 137, 98, 127, 24, 186, 109, 218, 179, 143, 219,
       85, 122, 210, 72, 211, 11, 85, 221, 29, 231, 176, 78, 79, 188, 52,
       170, 222, 96, 247, 119, 137, 114, 22, 246, 125, 106, 233, 144,
