%YAML:1.0
---
descriptors: !!opencv-matrix
   rows: 210
   cols: 32
   dt: u
   data: [ 13, 117, 17, 71, 49, 94, 102, 184, 125, 232, 111, 76, 222, 81,
       13, 180, 144, 92, 80, 106, 193, 176, 89, 110, 39, 190, 5, 6, 74,
       51, 75, 177, 165, 113, 17, 71, 117, 95, 102, 184, 107, 232, 43,
       72, 214, 80, 77, 180, 144, 92, 112, 106, 65, 240, 249, 62, 45,
       156, 5, 54, 74, 59, 66, 166, 101, 113, 145, 71, 193, 110, 98, 152,
       122, 226, 43, 72, 210, 115, 77, 190, 145, 84, 120, 122, 1, 240,
       249, 8, 5, 184, 69, 52, 202, 115, 66, 52, 129, 221, 27, 111, 176,
       14, 111, 189, 116, 72, 90, 100, 245, 115, 136, 112, 55, 78, 60,
       110, 241, 152, 121, 47, 236, 175, 39, 192, 40, 242, 161, 57, 36,
       177, 57, 75, 93, 77, 67, 168, 66, 52, 45, 8, 242, 85, 73, 48, 153,
       88, 64, 106, 11, 96, 251, 53, 109, 156, 1, 124, 80, 43, 70, 162,
       252, 112, 191, 114, 40, 109, 83, 216, 251, 255, 165, 24, 87, 215,
       73, 59, 129, 212, 124, 122, 43, 103, 251, 32, 219, 219, 101, 124,
       192, 243, 70, 115, 249, 174, 92, 56, 170, 189, 88, 215, 163, 127,
       180, 185, 63, 183, 194, 27, 135, 183, 253, 20, 190, 79, 194, 51,
       219, 233, 121, 249, 162, 196, 138, 91, 104, 180, 188, 115, 189,
       253, 81, 11, 255, 63, 173, 24, 222, 253, 72, 58, 129, 18, 237, 16,
       26, 107, 251, 19, 223, 223, 81, 127, 210, 72, 198, 98, 124, 184,
       253, 114, 168, 221, 85, 223, 227, 255, 164, 24, 115, 247, 66, 58,
       5, 214, 108, 24, 27, 107, 250, 49, 219, 203, 117, 125, 224, 208,
       198, 123, 224, 180, 157, 218, 204, 237, 69, 143, 250, 59, 169, 24,
       246, 243, 72, 123, 129, 210, 106, 16, 51, 107, 219, 115, 221, 150,
       85, 124, 216, 72, 199, 42, 85, 69, 93, 103, 146, 79, 71, 184, 101,
       160, 171, 8, 83, 113, 9, 114, 48, 212, 108, 106, 105, 161, 89, 14,
       251, 239, 37, 20, 96, 243, 64, 34, 96, 213, 149, 249, 157, 205,
       69, 175, 91, 49, 40, 24, 182, 51, 76, 114, 129, 151, 104, 16, 91,
       104, 219, 55, 173, 150, 84, 126, 80, 88, 196, 42, 192, 140, 157,
       254, 200, 237, 21, 135, 154, 23, 100, 24, 182, 243, 96, 91, 193,
       122, 106, 24, 50, 76, 218, 51, 205, 167, 118, 120, 144, 88, 135,
       170, 100, 101, 59, 100, 89, 70, 231, 232, 240, 160, 235, 8, 80,
       183, 41, 48, 248, 252, 82, 235, 73, 243, 184, 78, 117, 172, 135,
       12, 65, 51, 103, 162, 211, 123, 16, 165, 18, 14, 46, 49, 40, 192,
       74, 205, 175, 6, 3, 80, 182, 205, 76, 229, 197, 152, 213, 78, 180,
       52, 42, 130, 44, 54, 11, 93, 220, 184, 157, 118, 137, 252, 81,
       154, 179, 255, 164, 24, 127, 247, 74, 123, 133, 246, 252, 16, 59,
       77, 250, 51, 219, 251, 85, 127, 162, 97, 142, 115, 5, 113, 25, 69,
       81, 79, 119, 40, 104, 96, 107, 8, 214, 16, 1, 48, 144, 28, 64,
       106, 65, 176, 177, 12, 101, 188, 1, 22, 72, 34, 67, 163, 248, 40,
       189, 112, 136, 233, 81, 23, 162, 183, 164, 24, 55, 183, 64, 59, 1,
       182, 108, 24, 58, 111, 178, 0, 217, 131, 116, 120, 224, 192, 134,
       42, 77, 93, 56, 199, 240, 30, 127, 184, 125, 234, 111, 32, 220,
       55, 139, 244, 150, 77, 156, 110, 225, 144, 105, 110, 231, 255, 39,
       4, 10, 243, 203, 97, 229, 67, 196, 7, 100, 10, 110, 184, 121, 170,
       115, 72, 195, 96, 157, 151, 18, 68, 100, 110, 228, 244, 205, 42,
       36, 186, 101, 4, 70, 179, 90, 132, 248, 164, 189, 114, 136, 109,
       69, 159, 178, 183, 173, 24, 19, 183, 72, 59, 129, 214, 108, 10,
       58, 111, 250, 51, 219, 235, 117, 125, 224, 65, 198, 34, 77, 52,
       189, 119, 145, 110, 119, 136, 122, 235, 47, 8, 222, 113, 73, 58,
       145, 94, 96, 58, 33, 240, 185, 42, 239, 223, 69, 38, 202, 115, 67,
       34, 69, 225, 157, 99, 148, 111, 103, 136, 106, 243, 47, 8, 215,
       113, 73, 42, 17, 84, 120, 122, 19, 112, 249, 18, 237, 143, 37,
       116, 200, 123, 211, 32, 252, 34, 255, 114, 138, 232, 81, 83, 162,
       23, 165, 184, 19, 199, 72, 27, 39, 178, 109, 24, 58, 71, 162, 0,
       217, 195, 113, 120, 226, 192, 230, 114, 244, 170, 222, 114, 168,
       172, 85, 223, 162, 63, 164, 29, 23, 227, 74, 27, 39, 246, 109, 28,
       58, 79, 138, 49, 219, 227, 117, 125, 224, 193, 134, 19, 208, 157,
       159, 252, 138, 70, 69, 183, 160, 90, 166, 112, 119, 55, 128, 123,
       99, 246, 124, 170, 121, 77, 179, 37, 219, 227, 116, 16, 40, 224,
       164, 57, 248, 154, 248, 120, 170, 169, 81, 87, 130, 53, 164, 57,
       39, 137, 66, 26, 11, 178, 204, 16, 26, 47, 194, 49, 211, 193, 48,
       121, 241, 136, 206, 11, 76, 113, 149, 70, 105, 92, 52, 136, 233,
       216, 33, 8, 222, 215, 77, 126, 128, 85, 96, 74, 65, 98, 250, 96,
       7, 184, 69, 46, 74, 51, 71, 35, 36, 113, 56, 101, 64, 15, 99, 24,
       104, 172, 47, 12, 214, 17, 9, 16, 144, 76, 68, 106, 0, 176, 121,
       8, 231, 157, 33, 48, 64, 187, 66, 163, 248, 188, 247, 116, 169,
       252, 85, 223, 179, 159, 172, 24, 47, 247, 64, 159, 39, 246, 236,
       24, 58, 79, 242, 51, 219, 247, 85, 59, 226, 208, 134, 107, 29,
       221, 61, 103, 176, 78, 79, 188, 116, 234, 126, 68, 247, 119, 137,
       112, 22, 86, 60, 110, 233, 144, 121, 47, 229, 239, 37, 132, 40,
       242, 128, 57, 253, 113, 249, 102, 40, 78, 87, 184, 97, 234, 167,
       8, 83, 87, 73, 59, 20, 212, 124, 106, 233, 102, 249, 40, 243, 233,
       101, 60, 107, 243, 70, 115, 252, 176, 252, 118, 169, 109, 81, 218,
       179, 191, 165, 24, 115, 247, 72, 27, 129, 214, 237, 24, 58, 103,
       250, 32, 219, 203, 117, 125, 226, 241, 198, 98, 221, 38, 156, 48,
       168, 60, 92, 155, 243, 187, 162, 93, 207, 98, 75, 219, 135, 199,
       108, 60, 188, 71, 203, 2, 218, 255, 117, 245, 160, 241, 138, 1,
       213, 110, 232, 119, 148, 58, 70, 142, 115, 174, 238, 16, 67, 96,
       151, 122, 113, 206, 44, 142, 172, 212, 237, 42, 242, 239, 181, 5,
       225, 241, 122, 68, 125, 69, 93, 101, 152, 78, 71, 184, 97, 160,
       170, 8, 83, 115, 9, 115, 50, 212, 108, 106, 105, 161, 121, 12,
       241, 235, 101, 20, 97, 243, 194, 32, 69, 245, 149, 71, 157, 14,
       102, 184, 122, 248, 43, 76, 214, 113, 89, 50, 145, 68, 104, 126,
       193, 112, 217, 10, 173, 190, 69, 54, 200, 115, 67, 33, 96, 245,
       17, 97, 153, 77, 84, 175, 123, 57, 41, 88, 214, 51, 76, 240, 145,
       31, 104, 16, 91, 120, 219, 23, 173, 158, 21, 126, 216, 72, 194,
       42, 5, 113, 17, 69, 81, 14, 99, 56, 104, 224, 107, 76, 214, 16,
       13, 48, 144, 76, 64, 106, 193, 176, 241, 12, 37, 188, 1, 6, 72,
       35, 67, 162, 228, 111, 158, 60, 120, 137, 87, 162, 147, 172, 184,
       169, 230, 249, 67, 18, 132, 117, 237, 66, 108, 107, 202, 62, 234,
       247, 101, 59, 64, 121, 14, 83, 246, 100, 146, 62, 139, 72, 22,
       200, 187, 134, 169, 169, 110, 242, 77, 222, 210, 245, 232, 98,
       108, 71, 202, 138, 184, 244, 69, 59, 162, 119, 46, 7, 244, 253,
       189, 114, 136, 109, 87, 159, 242, 55, 172, 24, 211, 247, 72, 59,
       129, 214, 108, 90, 122, 111, 250, 51, 251, 203, 117, 125, 224,
       209, 198, 34, 108, 245, 177, 111, 153, 77, 71, 168, 83, 122, 45,
       8, 214, 117, 73, 50, 153, 80, 80, 106, 107, 96, 251, 63, 109, 222,
       5, 60, 82, 123, 70, 34, 240, 34, 254, 112, 138, 232, 81, 95, 179,
       151, 164, 185, 23, 199, 74, 27, 39, 182, 109, 152, 58, 79, 162, 0,
       219, 227, 117, 121, 160, 192, 166, 99, 244, 188, 158, 178, 170,
       173, 84, 223, 178, 187, 160, 93, 23, 243, 74, 27, 163, 199, 109,
       20, 62, 71, 218, 51, 218, 227, 117, 125, 168, 81, 138, 19, 248,
       34, 122, 112, 2, 169, 81, 87, 160, 183, 164, 184, 19, 135, 66, 27,
       46, 144, 69, 24, 24, 111, 160, 0, 219, 201, 112, 121, 225, 128,
       134, 58, 77, 113, 145, 70, 105, 93, 118, 136, 235, 232, 33, 8,
       158, 208, 77, 182, 144, 92, 64, 90, 65, 96, 250, 32, 39, 152, 5,
       46, 74, 51, 67, 166, 116, 97, 213, 102, 139, 98, 23, 136, 34, 182,
       171, 136, 82, 119, 73, 26, 17, 212, 233, 226, 72, 66, 249, 8, 249,
       162, 197, 55, 161, 115, 6, 34, 240, 188, 255, 80, 169, 252, 85,
       215, 243, 59, 164, 56, 42, 247, 196, 191, 163, 182, 236, 24, 59,
