%YAML:1.0
---
descriptors: !!opencv-matrix
   rows: 278
   cols: 32
   dt: u
   data: [ 125, 221, 125, 111, 180, 78, 79, 188, 116, 202, 126, 100, 215,
       119, 137, 112, 54, 214, 28, 106, 233, 144, 121, 46, 227, 239, 37,
       132, 40, 243, 192, 49, 93, 93, 125, 103, 164, 78, 111, 184, 96,
       232, 191, 76, 211, 119, 137, 115, 52, 212, 124, 106, 201, 176,
       249, 40, 231, 233, 101, 148, 104, 243, 66, 113, 237, 113, 253,
       103, 164, 78, 103, 184, 104, 232, 55, 76, 223, 117, 217, 51, 52,
       212, 124, 106, 201, 112, 249, 8, 231, 249, 101, 20, 104, 243, 66,
       113, 93, 213, 121, 231, 176, 47, 79, 188, 52, 232, 254, 100, 247,
       119, 137, 112, 86, 214, 93, 106, 249, 144, 121, 63, 235, 239, 37,
       212, 40, 243, 192, 113, 236, 52, 189, 99, 173, 125, 83, 152, 91,
       255, 37, 24, 222, 93, 75, 59, 145, 17, 125, 58, 51, 100, 251, 18,
       207, 219, 65, 127, 194, 107, 71, 114, 236, 180, 189, 115, 237,
       253, 81, 25, 123, 127, 37, 24, 222, 125, 74, 59, 153, 18, 253, 16,
       59, 100, 251, 147, 207, 219, 81, 127, 210, 74, 198, 114, 252, 188,
       253, 116, 136, 109, 85, 255, 179, 190, 164, 24, 115, 119, 64, 27,
       9, 214, 108, 42, 120, 111, 251, 42, 219, 203, 117, 60, 225, 240,
       198, 106, 120, 184, 251, 112, 136, 204, 81, 214, 162, 245, 164, 8,
       23, 183, 64, 58, 33, 246, 236, 24, 27, 75, 178, 32, 219, 235, 117,
       121, 224, 128, 134, 114, 104, 180, 189, 250, 141, 253, 85, 175,
       223, 127, 172, 25, 190, 189, 78, 59, 201, 27, 251, 16, 58, 106,
       242, 179, 239, 223, 84, 123, 210, 72, 198, 250, 96, 188, 157, 250,
       156, 237, 85, 143, 218, 19, 160, 24, 182, 243, 72, 27, 129, 90,
       106, 16, 59, 111, 218, 49, 217, 146, 85, 127, 208, 72, 199, 42,
       238, 180, 244, 255, 173, 47, 126, 255, 127, 187, 187, 92, 235,
       251, 93, 27, 217, 223, 255, 50, 250, 103, 219, 251, 255, 251, 215,
       252, 210, 249, 210, 3, 252, 252, 252, 254, 173, 111, 94, 188, 255,
       187, 183, 24, 255, 253, 89, 27, 223, 215, 255, 122, 248, 103, 219,
       186, 251, 251, 117, 188, 202, 249, 214, 19, 231, 236, 254, 191,
       252, 59, 254, 254, 255, 242, 255, 18, 237, 255, 95, 75, 255, 255,
       255, 227, 252, 247, 203, 255, 254, 251, 223, 215, 199, 253, 233,
       155, 54, 101, 126, 239, 190, 3, 254, 248, 127, 162, 251, 130, 203,
       235, 29, 1, 127, 197, 127, 227, 232, 227, 203, 254, 182, 255, 207,
       156, 101, 251, 99, 129, 148, 237, 214, 255, 254, 43, 238, 252, 63,
       178, 251, 26, 207, 235, 29, 65, 127, 231, 127, 227, 120, 247, 203,
       255, 190, 254, 207, 4, 231, 251, 225, 128, 140, 224, 156, 247,
       172, 42, 127, 184, 174, 186, 183, 16, 223, 107, 25, 75, 239, 197,
       127, 235, 104, 197, 75, 48, 206, 235, 239, 148, 164, 243, 33, 33,
       85, 7, 93, 101, 176, 46, 71, 190, 96, 168, 174, 76, 211, 33, 145,
       114, 20, 198, 108, 110, 185, 176, 73, 46, 232, 175, 37, 20, 232,
       243, 194, 33, 220, 148, 188, 247, 172, 172, 89, 155, 187, 187,
       183, 48, 223, 247, 72, 91, 135, 87, 253, 24, 186, 69, 251, 131,
       203, 251, 119, 252, 128, 192, 131, 51, 28, 181, 185, 82, 219, 237,
       17, 207, 187, 21, 173, 24, 30, 247, 76, 184, 171, 155, 192, 16,
       19, 107, 186, 119, 91, 213, 21, 111, 195, 65, 167, 226, 236, 252,
       188, 254, 141, 253, 86, 182, 219, 186, 169, 24, 191, 249, 69, 27,
       201, 242, 253, 18, 120, 111, 250, 186, 235, 223, 213, 59, 210, 91,
       210, 10, 88, 188, 189, 242, 168, 236, 89, 159, 171, 59, 188, 24,
       191, 247, 72, 59, 165, 151, 125, 24, 59, 75, 250, 49, 219, 251,
       113, 254, 162, 192, 134, 123, 248, 184, 189, 120, 169, 253, 85,
       215, 235, 59, 180, 24, 191, 255, 64, 122, 133, 183, 253, 16, 187,
       111, 242, 179, 219, 255, 117, 123, 194, 72, 199, 59, 200, 188,
       188, 115, 173, 237, 85, 191, 127, 127, 36, 24, 190, 63, 72, 59,
       129, 82, 255, 24, 51, 108, 251, 51, 239, 219, 116, 125, 210, 80,
       199, 123, 204, 180, 188, 113, 161, 111, 113, 31, 123, 59, 39, 24,
       159, 55, 72, 59, 149, 23, 125, 56, 58, 124, 241, 2, 207, 219, 117,
       116, 194, 192, 199, 51, 220, 92, 30, 247, 40, 14, 95, 180, 52,
       170, 247, 56, 247, 87, 137, 83, 22, 245, 125, 106, 104, 212, 249,
       46, 247, 235, 103, 144, 32, 179, 65, 51, 204, 80, 191, 247, 36,
       110, 127, 152, 185, 254, 119, 48, 223, 119, 9, 123, 150, 85, 125,
       106, 161, 244, 251, 42, 199, 251, 97, 132, 128, 243, 6, 115, 45,
       189, 48, 90, 217, 221, 87, 172, 251, 113, 45, 8, 190, 248, 71,
       180, 129, 98, 208, 90, 23, 104, 250, 183, 43, 221, 21, 123, 218,
       95, 202, 254, 197, 52, 157, 229, 129, 110, 113, 19, 121, 235, 39,
       92, 158, 51, 65, 127, 133, 85, 120, 56, 177, 212, 241, 66, 143,
       251, 87, 70, 138, 97, 3, 49, 85, 21, 29, 103, 16, 14, 71, 56, 96,
       168, 171, 68, 215, 115, 137, 115, 52, 68, 124, 106, 233, 161, 153,
       12, 225, 170, 97, 20, 104, 179, 67, 33, 56, 174, 254, 120, 138,
       233, 81, 215, 179, 23, 164, 185, 55, 247, 66, 25, 35, 179, 77, 16,
       58, 79, 34, 51, 219, 199, 112, 121, 240, 192, 230, 234, 200, 189,
       157, 245, 169, 236, 21, 183, 187, 255, 12, 56, 188, 247, 64, 91,
       133, 87, 237, 16, 115, 72, 243, 115, 237, 243, 93, 123, 128, 80,
       135, 123, 45, 103, 24, 5, 116, 30, 102, 184, 104, 168, 123, 76,
       214, 64, 151, 176, 144, 76, 68, 110, 197, 240, 217, 12, 101, 189,
       37, 4, 72, 179, 75, 133, 252, 34, 255, 96, 162, 106, 67, 88, 32,
       174, 165, 56, 83, 87, 201, 59, 55, 212, 68, 122, 56, 247, 168, 8,
       91, 137, 37, 100, 225, 227, 102, 225, 69, 49, 145, 69, 1, 78, 102,
       48, 104, 224, 35, 8, 214, 49, 73, 54, 144, 84, 96, 106, 65, 240,
       241, 8, 141, 184, 69, 2, 72, 51, 67, 34, 244, 42, 204, 180, 168,
       40, 93, 159, 179, 183, 134, 189, 87, 163, 67, 91, 67, 230, 237,
       132, 56, 71, 203, 34, 218, 227, 253, 189, 160, 240, 158, 74, 248,
       190, 222, 114, 168, 173, 81, 215, 179, 191, 164, 29, 55, 227, 66,
       27, 129, 230, 109, 28, 58, 79, 218, 35, 219, 195, 117, 121, 232,
       192, 202, 11, 236, 112, 189, 99, 40, 79, 83, 152, 123, 250, 183,
       24, 215, 87, 73, 59, 149, 212, 124, 122, 169, 244, 249, 0, 199,
       219, 101, 52, 194, 179, 70, 115, 246, 237, 246, 191, 253, 155,
       254, 236, 191, 242, 242, 11, 239, 234, 93, 67, 255, 255, 127, 211,
       230, 119, 203, 235, 190, 254, 207, 174, 183, 255, 99, 143, 118,
       237, 246, 255, 252, 155, 254, 232, 191, 211, 251, 130, 239, 239,
       220, 70, 255, 255, 127, 243, 242, 235, 239, 255, 190, 254, 207,
       158, 151, 255, 227, 133, 246, 237, 246, 223, 253, 139, 254, 236,
       191, 178, 243, 2, 239, 234, 93, 67, 255, 239, 127, 211, 224, 251,
       207, 235, 188, 254, 207, 174, 149, 255, 227, 141, 232, 180, 189,
       123, 173, 253, 81, 25, 127, 123, 165, 24, 222, 125, 72, 58, 153,
       18, 249, 16, 59, 110, 251, 147, 207, 223, 81, 127, 210, 72, 198,
       114, 102, 237, 246, 255, 252, 171, 238, 254, 191, 187, 250, 26,
       239, 235, 61, 74, 251, 239, 127, 211, 248, 235, 203, 255, 190,
       254, 255, 220, 151, 251, 227, 129, 104, 189, 181, 254, 157, 237,
       84, 39, 223, 27, 172, 24, 190, 189, 64, 50, 201, 178, 251, 16,
       123, 107, 210, 183, 255, 223, 212, 123, 210, 88, 214, 58, 96, 184,
       157, 250, 200, 205, 81, 207, 203, 59, 160, 24, 182, 243, 72, 27,
       129, 210, 106, 16, 27, 107, 218, 49, 217, 146, 85, 126, 216, 72,
       135, 42, 108, 181, 180, 255, 237, 47, 94, 248, 255, 187, 189, 92,
       207, 251, 93, 27, 221, 206, 127, 58, 186, 107, 219, 243, 255, 255,
       215, 254, 210, 251, 210, 131, 103, 253, 182, 252, 221, 207, 254,
       230, 255, 226, 234, 8, 190, 255, 53, 112, 233, 255, 123, 195, 105,
       235, 218, 239, 187, 255, 207, 62, 91, 121, 243, 130, 252, 253,
       252, 247, 173, 47, 95, 188, 187, 250, 191, 60, 223, 255, 73, 91,
       151, 215, 253, 122, 233, 101, 219, 187, 255, 251, 103, 188, 202,
       243, 195, 83, 220, 253, 252, 247, 188, 46, 94, 190, 191, 250, 191,
