%YAML:1.0
---
descriptors: !!opencv-matrix
   rows: 248
   cols: 32
   dt: u
   data: [ 93, 38, 156, 182, 168, 56, 92, 138, 170, 187, 170, 89, 223,
       227, 203, 218, 163, 199, 108, 30, 60, 69, 139, 34, 218, 231, 119,
       29, 168, 241, 11, 0, 112, 162, 185, 124, 74, 100, 17, 202, 170,
       189, 160, 57, 20, 247, 64, 26, 129, 87, 105, 16, 16, 75, 170, 1,
       217, 163, 125, 253, 128, 32, 135, 227, 101, 48, 153, 103, 129,
       110, 99, 152, 114, 242, 47, 8, 214, 117, 73, 58, 145, 92, 104,
       122, 1, 116, 249, 32, 207, 191, 69, 52, 192, 115, 70, 34, 120,
       184, 253, 112, 168, 253, 81, 215, 226, 247, 164, 24, 19, 183, 66,
       59, 7, 246, 236, 24, 43, 111, 242, 0, 219, 235, 117, 121, 227,
       192, 70, 123, 85, 141, 125, 103, 182, 78, 119, 184, 100, 32, 106,
       64, 215, 119, 0, 112, 22, 212, 124, 106, 233, 176, 121, 47, 239,
       239, 37, 20, 96, 242, 192, 32, 213, 221, 123, 103, 176, 14, 111,
       180, 116, 202, 126, 68, 243, 119, 153, 112, 54, 118, 28, 106, 233,
       176, 57, 46, 237, 175, 39, 128, 104, 243, 225, 49, 237, 112, 189,
       103, 40, 79, 87, 152, 99, 250, 181, 8, 215, 85, 73, 59, 148, 84,
       124, 106, 233, 100, 249, 0, 195, 217, 101, 52, 234, 243, 70, 115,
       252, 78, 221, 116, 168, 44, 85, 190, 168, 186, 166, 56, 247, 119,
       129, 91, 135, 215, 109, 42, 104, 103, 203, 40, 211, 235, 117, 24,
       96, 241, 134, 41, 89, 221, 61, 239, 176, 78, 79, 188, 36, 104,
       254, 68, 247, 119, 137, 112, 22, 214, 93, 106, 233, 129, 121, 63,
       241, 239, 37, 148, 104, 243, 192, 121, 236, 48, 189, 98, 173, 109,
       81, 152, 203, 255, 165, 24, 222, 93, 73, 59, 145, 16, 253, 58, 59,
       103, 251, 16, 207, 219, 65, 127, 194, 107, 71, 115, 149, 157, 187,
       239, 176, 174, 127, 158, 62, 235, 91, 112, 215, 119, 137, 96, 119,
       127, 61, 58, 187, 144, 121, 62, 236, 239, 39, 196, 168, 243, 129,
       49, 252, 112, 189, 99, 40, 111, 83, 152, 227, 250, 167, 24, 215,
       85, 73, 59, 145, 212, 124, 122, 41, 101, 249, 0, 211, 219, 101,
       52, 232, 243, 70, 115, 104, 180, 189, 251, 173, 237, 81, 15, 223,
       123, 172, 24, 190, 189, 74, 59, 137, 18, 249, 16, 59, 110, 242,
       147, 207, 223, 84, 123, 210, 72, 198, 106, 69, 241, 157, 87, 185,
       95, 54, 184, 122, 240, 35, 8, 214, 112, 73, 50, 147, 84, 104, 122,
       67, 96, 219, 57, 45, 158, 69, 54, 200, 115, 75, 55, 68, 32, 185,
       101, 1, 73, 97, 1, 104, 224, 34, 8, 150, 21, 64, 58, 128, 20, 104,
       32, 1, 96, 177, 0, 197, 136, 65, 53, 64, 32, 71, 34, 118, 237,
       214, 191, 252, 11, 254, 232, 191, 162, 251, 138, 110, 238, 61, 81,
       255, 223, 127, 226, 104, 243, 203, 255, 190, 190, 207, 188, 149,
       251, 113, 129, 164, 120, 91, 101, 64, 110, 99, 80, 96, 130, 102,
       72, 83, 23, 129, 61, 16, 244, 68, 106, 9, 244, 177, 40, 69, 136,
       33, 0, 97, 243, 70, 160, 28, 237, 254, 183, 190, 11, 255, 248,
       126, 184, 251, 2, 223, 235, 89, 67, 251, 205, 127, 115, 240, 241,
       203, 252, 252, 235, 239, 212, 165, 251, 209, 129, 84, 165, 189,
       114, 155, 233, 17, 203, 178, 181, 173, 24, 31, 247, 72, 26, 35,
       147, 232, 144, 58, 107, 186, 114, 219, 199, 21, 127, 224, 65, 167,
       98, 92, 224, 156, 247, 172, 14, 127, 184, 190, 186, 183, 0, 223,
       111, 25, 75, 247, 197, 127, 235, 104, 197, 203, 185, 207, 251,
       111, 148, 36, 179, 33, 33, 92, 16, 188, 247, 172, 44, 89, 152,
       175, 187, 183, 40, 223, 255, 73, 123, 231, 213, 125, 26, 168, 65,
       235, 128, 203, 251, 119, 188, 130, 225, 1, 51, 248, 176, 188, 240,
       41, 237, 89, 155, 187, 187, 180, 24, 191, 191, 72, 123, 135, 151,
       253, 16, 186, 111, 242, 19, 219, 251, 117, 127, 194, 192, 71, 59,
       232, 188, 180, 248, 173, 173, 84, 159, 255, 123, 180, 24, 191,
       249, 84, 27, 201, 254, 127, 24, 186, 111, 210, 179, 223, 255, 85,
       122, 210, 92, 210, 75, 233, 188, 188, 248, 173, 253, 84, 223, 255,
       123, 180, 24, 191, 249, 70, 59, 205, 179, 127, 16, 190, 111, 242,
       147, 219, 219, 85, 123, 210, 200, 194, 75, 234, 172, 148, 252,
       173, 173, 92, 255, 191, 187, 176, 25, 171, 255, 84, 91, 205, 247,
       127, 148, 58, 111, 219, 247, 187, 251, 215, 122, 210, 76, 242, 11,
       44, 205, 56, 94, 89, 205, 23, 168, 223, 4, 108, 8, 166, 241, 7,
       20, 137, 122, 130, 66, 66, 42, 122, 63, 103, 213, 5, 59, 82, 27,
       70, 170, 29, 15, 91, 111, 176, 58, 79, 186, 116, 130, 110, 192,
       243, 99, 153, 112, 115, 110, 12, 110, 105, 144, 109, 47, 234, 239,
       39, 0, 170, 243, 96, 32, 197, 85, 157, 101, 48, 14, 103, 184, 104,
       234, 107, 76, 214, 49, 9, 115, 148, 68, 108, 110, 225, 240, 217,
       14, 229, 191, 97, 4, 72, 243, 67, 33, 40, 173, 24, 115, 217, 205,
       21, 175, 59, 53, 44, 25, 174, 55, 74, 16, 129, 91, 193, 16, 82,
       72, 219, 55, 111, 213, 20, 127, 210, 0, 143, 170, 197, 112, 157,
       103, 33, 78, 55, 168, 120, 234, 99, 8, 222, 113, 9, 59, 146, 84,
       104, 106, 97, 244, 249, 10, 229, 251, 69, 6, 72, 115, 67, 35, 197,
       60, 141, 7, 172, 47, 231, 152, 122, 242, 11, 92, 214, 112, 221,
       42, 145, 68, 120, 127, 177, 116, 249, 34, 173, 26, 69, 116, 200,
       123, 83, 36, 248, 174, 254, 114, 138, 233, 85, 215, 178, 23, 164,
       185, 55, 167, 66, 27, 35, 146, 109, 16, 58, 79, 130, 51, 91, 195,
       116, 121, 226, 192, 198, 106, 244, 178, 222, 114, 168, 173, 85,
       215, 179, 191, 165, 29, 23, 227, 66, 27, 9, 166, 109, 28, 58, 103,
       218, 2, 218, 203, 117, 125, 232, 224, 202, 19, 69, 117, 17, 69,
       81, 78, 102, 188, 121, 232, 107, 72, 222, 49, 13, 180, 144, 92,
       80, 106, 225, 176, 217, 78, 39, 188, 5, 6, 74, 51, 195, 160, 93,
       38, 156, 180, 184, 60, 88, 143, 251, 187, 162, 121, 207, 226, 195,
       218, 163, 199, 108, 28, 60, 69, 203, 0, 218, 251, 119, 253, 168,
       241, 139, 1, 37, 113, 17, 71, 85, 79, 102, 184, 107, 224, 43, 8,
       214, 81, 77, 180, 144, 92, 82, 106, 65, 240, 121, 60, 45, 156, 5,
       54, 72, 59, 67, 162, 36, 241, 57, 67, 216, 79, 67, 168, 106, 176,
       45, 8, 210, 85, 72, 48, 145, 92, 64, 122, 67, 112, 249, 21, 111,
       157, 5, 116, 80, 59, 70, 162, 224, 188, 157, 250, 204, 237, 81,
       143, 202, 51, 160, 24, 182, 241, 72, 123, 129, 82, 106, 16, 51,
       111, 218, 51, 221, 146, 85, 124, 216, 72, 199, 42, 5, 93, 27, 103,
       176, 14, 111, 188, 116, 232, 126, 100, 247, 115, 129, 112, 55,
       126, 60, 238, 241, 144, 57, 46, 236, 175, 39, 128, 40, 243, 161,
       49, 253, 113, 253, 103, 44, 78, 87, 184, 96, 234, 183, 8, 223, 85,
       201, 59, 22, 212, 124, 106, 233, 116, 249, 40, 227, 233, 101, 52,
       106, 243, 70, 113, 212, 180, 221, 119, 168, 110, 77, 191, 178,
       187, 163, 112, 87, 247, 201, 123, 5, 214, 108, 58, 121, 197, 251,
       34, 233, 163, 117, 84, 160, 241, 134, 49, 124, 45, 31, 102, 152,
       110, 71, 188, 224, 172, 171, 8, 119, 99, 9, 51, 16, 246, 108, 106,
       120, 107, 249, 44, 249, 227, 101, 28, 96, 115, 230, 32, 29, 157,
       89, 231, 176, 111, 79, 184, 52, 234, 255, 68, 215, 119, 136, 112,
       55, 214, 29, 106, 249, 144, 121, 63, 233, 239, 37, 212, 40, 243,
       192, 49, 108, 180, 145, 99, 169, 109, 84, 153, 123, 59, 41, 88,
       222, 123, 72, 186, 145, 22, 236, 48, 27, 112, 217, 147, 207, 223,
       85, 118, 218, 74, 202, 3, 93, 93, 125, 103, 168, 78, 87, 188, 96,
       232, 191, 72, 247, 119, 9, 115, 20, 212, 124, 106, 201, 131, 249,
       45, 243, 233, 101, 20, 104, 243, 70, 121, 149, 149, 57, 231, 176,
       46, 79, 188, 54, 235, 223, 112, 215, 119, 137, 112, 87, 222, 29,
       122, 187, 144, 105, 62, 233, 239, 39, 212, 160, 243, 129, 33, 117,
       213, 61, 103, 184, 78, 95, 188, 32, 232, 191, 72, 247, 119, 136,
       115, 22, 214, 124, 106, 201, 129, 249, 61, 243, 233, 37, 148, 40,
       179, 194, 49, 236, 180, 189, 115, 173, 125, 81, 27, 255, 123, 165,
       24, 222, 125, 74, 59, 137, 146, 253, 16, 58, 108, 251, 19, 207,
       223, 81, 127, 210, 72, 198, 98, 53, 193, 19, 67, 21, 79, 71, 168,
