%YAML:1.0
---
descriptors: !!opencv-matrix
   rows: 98
   cols: 32
   dt: u
   data: [ 63, 159, 107, 238, 246, 131, 239, 253, 85, 64, 253, 230, 121,
       235, 189, 96, 126, 234, 23, 238, 217, 187, 45, 255, 122, 239, 167,
       192, 127, 251, 240, 249, 53, 255, 107, 239, 244, 143, 239, 248,
       87, 232, 125, 238, 115, 237, 189, 96, 127, 234, 23, 239, 203, 179,
       44, 255, 126, 205, 175, 228, 127, 251, 240, 241, 220, 253, 188,
       174, 184, 119, 94, 248, 190, 254, 157, 17, 223, 126, 91, 35, 223,
       87, 253, 231, 252, 69, 251, 110, 235, 223, 239, 189, 128, 243,
       175, 83, 205, 156, 189, 115, 172, 124, 125, 150, 254, 251, 54, 84,
       223, 63, 88, 123, 133, 86, 126, 30, 179, 124, 251, 35, 111, 251,
       117, 208, 202, 216, 193, 123, 252, 112, 252, 250, 169, 85, 85,
       216, 163, 254, 181, 29, 223, 223, 75, 27, 205, 213, 253, 242, 110,
       71, 251, 176, 219, 219, 101, 63, 178, 49, 78, 83, 137, 142, 255,
       255, 238, 171, 233, 187, 127, 243, 118, 246, 255, 239, 208, 121,
       127, 239, 126, 28, 177, 252, 239, 247, 222, 235, 247, 224, 188,
       200, 193, 249, 25, 207, 107, 238, 182, 146, 239, 245, 213, 192,
       222, 226, 121, 235, 176, 96, 126, 238, 31, 239, 217, 185, 44, 255,
       242, 239, 167, 128, 63, 250, 240, 168, 155, 159, 99, 255, 246,
       178, 239, 247, 53, 192, 94, 230, 121, 239, 176, 96, 126, 239, 31,
       207, 249, 153, 44, 239, 250, 239, 174, 192, 47, 246, 176, 249,
       193, 158, 235, 221, 252, 184, 237, 183, 126, 91, 86, 246, 185,
       239, 246, 121, 127, 239, 63, 157, 179, 254, 231, 247, 94, 59, 254,
       200, 188, 200, 241, 249, 131, 190, 239, 255, 236, 163, 237, 215,
       254, 91, 114, 246, 189, 239, 208, 105, 111, 111, 127, 157, 179,
       252, 231, 243, 204, 62, 255, 192, 140, 192, 161, 249, 131, 158,
       255, 255, 246, 170, 253, 215, 62, 91, 94, 246, 189, 175, 182, 105,
       103, 111, 55, 29, 179, 220, 167, 255, 126, 191, 254, 192, 172,
       200, 177, 249, 27, 159, 123, 255, 246, 178, 239, 247, 61, 67, 94,
       230, 125, 239, 182, 96, 127, 251, 23, 172, 241, 152, 44, 255, 254,
       239, 174, 192, 175, 243, 161, 249, 254, 253, 254, 246, 253, 255,
       255, 238, 191, 255, 191, 27, 110, 255, 111, 223, 251, 255, 255,
       147, 62, 227, 251, 255, 251, 255, 223, 255, 167, 127, 253, 215,
       220, 245, 188, 167, 172, 127, 95, 184, 175, 238, 159, 41, 223,
       127, 75, 210, 215, 215, 253, 99, 124, 71, 249, 42, 251, 247, 111,
       189, 32, 243, 173, 83, 92, 117, 188, 230, 168, 111, 95, 184, 163,
       254, 190, 9, 223, 127, 75, 83, 183, 215, 253, 98, 76, 67, 251, 40,
       251, 201, 101, 189, 34, 243, 142, 83, 1, 159, 255, 245, 246, 171,
       237, 255, 126, 243, 246, 254, 255, 233, 144, 104, 127, 239, 126,
       156, 179, 248, 231, 255, 222, 239, 119, 192, 237, 200, 225, 185,
       6, 173, 246, 255, 252, 139, 254, 236, 63, 160, 251, 2, 237, 234,
       28, 64, 254, 239, 127, 227, 200, 243, 203, 255, 190, 254, 143,
       128, 69, 187, 227, 129, 198, 100, 254, 255, 236, 43, 254, 200,
       127, 178, 243, 18, 221, 234, 29, 75, 255, 205, 127, 227, 168, 247,
       203, 234, 254, 251, 239, 132, 229, 251, 99, 129, 129, 142, 255,
       251, 238, 169, 233, 91, 255, 115, 246, 246, 255, 235, 240, 105,
       111, 175, 127, 156, 179, 252, 239, 243, 222, 251, 127, 224, 189,
       200, 225, 241, 252, 180, 180, 250, 173, 253, 80, 218, 191, 63,
       181, 25, 207, 255, 78, 155, 137, 147, 237, 16, 62, 103, 251, 179,
       219, 219, 81, 127, 210, 77, 78, 83, 63, 207, 107, 239, 246, 131,
       239, 252, 87, 192, 250, 230, 113, 235, 189, 96, 126, 234, 23, 238,
       217, 187, 108, 255, 122, 237, 167, 196, 127, 187, 240, 161, 253,
       125, 255, 255, 255, 95, 255, 248, 63, 238, 255, 239, 95, 255, 191,
       243, 127, 253, 255, 238, 229, 243, 251, 254, 255, 255, 231, 180,
       255, 255, 111, 243, 79, 222, 239, 247, 254, 123, 255, 252, 251,
       254, 189, 255, 253, 255, 255, 227, 127, 247, 255, 239, 229, 99,
       238, 239, 254, 223, 239, 172, 175, 255, 253, 241, 126, 189, 190,
       222, 253, 255, 191, 238, 191, 255, 253, 27, 236, 254, 110, 246,
       255, 255, 255, 131, 182, 107, 251, 243, 255, 127, 207, 191, 147,
       127, 239, 247, 254, 255, 254, 190, 253, 95, 95, 232, 191, 174,
       253, 171, 78, 255, 47, 215, 255, 253, 255, 227, 108, 103, 235,
       254, 251, 247, 207, 191, 87, 127, 110, 87, 126, 244, 191, 254,
       253, 127, 223, 232, 255, 238, 253, 11, 78, 254, 47, 56, 249, 255,
       255, 99, 45, 103, 250, 251, 251, 255, 207, 63, 211, 127, 239, 247,
       126, 245, 255, 238, 253, 127, 255, 253, 63, 238, 253, 15, 254,
       255, 63, 112, 253, 223, 255, 227, 249, 227, 251, 255, 255, 255,
       143, 63, 153, 123, 231, 242, 190, 189, 190, 254, 253, 255, 255,
       234, 191, 255, 253, 27, 110, 254, 110, 179, 255, 255, 255, 131,
       190, 107, 186, 255, 251, 255, 207, 191, 211, 127, 239, 247, 126,
       189, 190, 254, 253, 223, 255, 239, 191, 254, 253, 27, 238, 254,
       126, 247, 255, 255, 255, 131, 254, 107, 251, 255, 255, 255, 207,
       191, 215, 126, 255, 247, 126, 253, 255, 223, 253, 255, 255, 236,
       191, 254, 252, 11, 254, 254, 127, 246, 255, 255, 255, 199, 239,
       211, 251, 255, 191, 255, 207, 191, 151, 127, 231, 255, 254, 190,
       190, 191, 253, 127, 247, 254, 191, 255, 255, 63, 238, 254, 111,
       223, 253, 255, 255, 179, 254, 243, 251, 255, 255, 247, 223, 215,
       195, 127, 175, 215, 220, 221, 188, 183, 188, 126, 95, 184, 190,
       238, 151, 17, 223, 127, 11, 83, 215, 215, 253, 99, 108, 193, 251,
       62, 251, 231, 239, 21, 132, 123, 141, 83, 205, 158, 189, 243, 172,
       44, 125, 151, 255, 123, 182, 84, 222, 55, 64, 123, 135, 87, 125,
       24, 179, 108, 251, 98, 207, 251, 118, 208, 202, 208, 193, 123, 6,
       165, 246, 175, 252, 11, 254, 232, 63, 32, 251, 2, 239, 234, 29,
       80, 255, 207, 127, 227, 226, 243, 203, 255, 190, 254, 143, 164,
       21, 251, 113, 129, 230, 109, 118, 239, 252, 11, 254, 232, 61, 162,
       250, 2, 205, 234, 29, 65, 250, 237, 127, 227, 232, 247, 201, 238,
       182, 254, 207, 132, 69, 251, 113, 129, 133, 174, 223, 251, 238,
       171, 237, 223, 127, 251, 242, 114, 255, 235, 216, 107, 111, 239,
       126, 24, 179, 252, 239, 243, 220, 251, 247, 196, 236, 200, 225,
       169, 254, 117, 255, 254, 221, 79, 127, 248, 191, 238, 246, 18,
       222, 255, 47, 119, 255, 245, 255, 227, 105, 247, 251, 254, 255,
       255, 207, 23, 227, 127, 229, 115, 145, 159, 255, 255, 246, 170,
       255, 247, 126, 67, 94, 246, 253, 239, 176, 96, 119, 127, 55, 157,
       177, 220, 45, 239, 238, 239, 62, 192, 173, 208, 161, 249, 252,
       113, 252, 118, 169, 93, 93, 152, 163, 254, 181, 13, 95, 223, 75,
       27, 156, 213, 253, 98, 200, 103, 251, 32, 211, 217, 101, 61, 98,
       243, 206, 115, 137, 86, 125, 229, 52, 10, 107, 56, 124, 234, 246,
       244, 223, 3, 145, 97, 118, 13, 30, 110, 233, 244, 101, 142, 196,
       249, 171, 128, 44, 137, 65, 49, 141, 254, 253, 255, 254, 127, 255,
       248, 255, 254, 181, 254, 255, 255, 255, 239, 127, 255, 255, 174,
       241, 103, 255, 255, 254, 223, 239, 188, 191, 255, 231, 241, 255,
       253, 254, 254, 253, 223, 255, 232, 191, 246, 252, 11, 254, 254,
       127, 247, 255, 255, 255, 231, 239, 231, 251, 255, 191, 255, 207,
       191, 150, 127, 239, 247, 205, 188, 189, 115, 168, 204, 117, 183,
       235, 251, 190, 84, 254, 255, 72, 123, 135, 119, 125, 28, 243, 109,
       251, 99, 207, 251, 119, 216, 202, 240, 131, 123, 6, 165, 86, 143,
       124, 11, 234, 232, 63, 160, 250, 2, 204, 234, 29, 80, 123, 205,
       127, 227, 96, 243, 203, 255, 188, 190, 143, 132, 21, 43, 97, 128,
       129, 174, 207, 255, 236, 171, 233, 159, 126, 83, 118, 214, 249,
       235, 208, 105, 111, 110, 126, 156, 179, 252, 239, 241, 206, 251,
       247, 192, 172, 200, 225, 185, 1, 170, 239, 251, 228, 171, 105,
       159, 126, 123, 118, 246, 253, 235, 144, 104, 111, 175, 126, 156,
       179, 252, 111, 243, 204, 239, 247, 192, 172, 200, 225, 249, 111,
