%YAML:1.0
---
descriptors: !!opencv-matrix
   rows: 281
   cols: 32
   dt: u
   data: [ 1, 117, 49, 71, 17, 78, 102, 56, 124, 232, 107, 68, 222, 49,
       8, 180, 144, 92, 80, 106, 193, 176, 121, 110, 165, 188, 5, 0, 74,
       51, 67, 177, 96, 172, 152, 250, 236, 237, 69, 175, 222, 51, 164,
       24, 182, 243, 72, 121, 129, 210, 106, 16, 51, 107, 218, 55, 253,
       151, 85, 125, 208, 88, 199, 42, 89, 93, 125, 103, 32, 78, 71, 53,
       96, 232, 191, 72, 119, 55, 128, 115, 52, 244, 124, 106, 201, 145,
       249, 44, 243, 233, 100, 144, 96, 243, 198, 57, 236, 52, 189, 115,
       173, 109, 81, 152, 219, 255, 37, 24, 222, 29, 73, 59, 129, 80,
       253, 26, 59, 100, 251, 18, 207, 219, 81, 127, 194, 107, 70, 115,
       208, 141, 92, 229, 146, 106, 79, 175, 52, 162, 174, 16, 247, 35,
       8, 83, 51, 214, 109, 170, 120, 201, 89, 63, 233, 175, 37, 21, 32,
       240, 132, 42, 200, 140, 157, 254, 137, 236, 21, 134, 150, 151, 96,
       24, 247, 243, 33, 89, 193, 122, 40, 24, 58, 76, 218, 59, 201, 167,
       85, 56, 144, 120, 135, 170, 252, 96, 252, 100, 143, 75, 85, 200,
       66, 182, 165, 24, 67, 49, 73, 59, 9, 212, 232, 98, 104, 103, 251,
       0, 217, 195, 69, 61, 227, 123, 70, 34, 84, 165, 191, 114, 155,
       233, 17, 203, 242, 149, 173, 24, 31, 247, 72, 26, 163, 147, 232,
       144, 26, 107, 186, 98, 219, 199, 21, 109, 224, 65, 167, 98, 92,
       16, 188, 247, 172, 108, 89, 152, 191, 254, 183, 45, 223, 247, 75,
       91, 199, 213, 253, 58, 40, 65, 251, 128, 203, 251, 115, 181, 160,
       225, 7, 83, 232, 188, 180, 253, 173, 253, 84, 191, 255, 187, 182,
       24, 175, 253, 68, 59, 201, 242, 255, 16, 186, 111, 243, 179, 223,
       219, 87, 123, 210, 204, 214, 27, 232, 188, 188, 248, 173, 253, 85,
       87, 255, 127, 180, 24, 191, 189, 64, 59, 205, 179, 255, 24, 186,
       111, 242, 147, 219, 251, 84, 123, 210, 200, 199, 107, 226, 172,
       180, 252, 237, 237, 220, 255, 255, 187, 254, 24, 239, 249, 85, 91,
       201, 247, 255, 144, 186, 111, 219, 243, 191, 255, 215, 187, 211,
       248, 246, 11, 214, 236, 246, 159, 238, 41, 252, 238, 191, 179,
       242, 154, 237, 238, 92, 91, 255, 239, 127, 131, 178, 127, 203,
       243, 190, 250, 223, 238, 149, 248, 225, 137, 234, 188, 156, 186,
       137, 249, 20, 143, 187, 27, 160, 25, 174, 251, 74, 155, 129, 115,
       233, 17, 54, 79, 218, 51, 139, 211, 93, 123, 144, 84, 143, 10, 41,
       253, 184, 115, 217, 221, 87, 158, 251, 113, 44, 24, 190, 56, 70,
       180, 129, 122, 208, 90, 103, 104, 250, 179, 239, 223, 21, 123,
       202, 85, 203, 222, 197, 252, 189, 67, 172, 111, 167, 152, 90, 250,
       43, 92, 214, 113, 89, 43, 17, 68, 120, 122, 243, 116, 249, 50,
       109, 143, 101, 116, 200, 123, 209, 32, 205, 53, 157, 97, 129, 126,
       117, 23, 59, 243, 47, 28, 158, 55, 66, 255, 133, 23, 248, 24, 49,
       216, 241, 66, 207, 251, 85, 70, 138, 96, 139, 50, 69, 113, 145,
       69, 65, 78, 118, 0, 104, 232, 34, 8, 222, 18, 69, 54, 144, 84, 96,
       106, 65, 240, 177, 64, 37, 184, 5, 6, 72, 51, 67, 182, 77, 85, 17,
       103, 17, 14, 118, 56, 125, 168, 107, 68, 222, 51, 9, 116, 212, 92,
       24, 106, 65, 144, 89, 78, 167, 254, 3, 6, 10, 51, 11, 35, 109, 49,
       17, 97, 81, 95, 82, 88, 105, 224, 45, 8, 218, 82, 77, 180, 144,
       28, 68, 122, 13, 176, 249, 8, 167, 221, 1, 54, 74, 35, 74, 166,
       252, 180, 245, 114, 235, 237, 81, 223, 179, 191, 165, 56, 15, 247,
       72, 159, 39, 159, 236, 24, 58, 79, 170, 51, 219, 211, 85, 127,
       226, 192, 134, 99, 240, 184, 220, 114, 168, 173, 81, 223, 178, 63,
       164, 29, 55, 243, 66, 27, 129, 242, 109, 16, 58, 79, 218, 51, 219,
       203, 117, 121, 232, 192, 202, 10, 193, 190, 159, 27, 168, 172, 33,
       159, 254, 27, 34, 84, 244, 242, 192, 123, 135, 38, 106, 28, 179,
       73, 219, 115, 204, 186, 119, 64, 136, 64, 131, 169, 101, 113, 17,
       71, 85, 95, 102, 184, 105, 232, 43, 76, 214, 112, 69, 181, 144,
       84, 112, 106, 193, 240, 249, 44, 45, 152, 69, 54, 74, 59, 67, 38,
       37, 240, 145, 67, 205, 79, 71, 136, 107, 242, 43, 8, 214, 81, 77,
       182, 145, 92, 64, 122, 65, 116, 249, 16, 45, 156, 5, 54, 200, 123,
       66, 162, 21, 213, 25, 111, 176, 14, 111, 188, 116, 202, 126, 100,
       247, 115, 137, 112, 55, 126, 60, 110, 225, 144, 57, 47, 236, 175,
       39, 132, 168, 242, 129, 57, 92, 77, 93, 101, 158, 78, 79, 188, 97,
       160, 170, 8, 87, 115, 1, 115, 50, 212, 108, 106, 105, 161, 121,
       60, 233, 235, 37, 20, 96, 179, 192, 32, 252, 181, 252, 118, 169,
       109, 85, 191, 163, 190, 173, 24, 115, 247, 73, 27, 9, 214, 236,
       10, 88, 99, 250, 32, 251, 203, 101, 61, 226, 242, 198, 106, 93,
       221, 125, 103, 176, 78, 71, 180, 96, 234, 255, 64, 243, 119, 136,
       114, 84, 246, 92, 106, 249, 144, 249, 47, 231, 239, 36, 144, 104,
       243, 194, 49, 81, 93, 125, 103, 56, 78, 71, 52, 32, 168, 191, 76,
       215, 55, 136, 115, 148, 212, 124, 106, 201, 145, 249, 44, 241,
       233, 100, 144, 96, 243, 198, 49, 236, 112, 189, 114, 45, 109, 83,
       152, 235, 255, 165, 24, 223, 221, 73, 59, 145, 84, 124, 58, 43,
       101, 250, 48, 203, 219, 117, 125, 194, 251, 70, 115, 69, 71, 149,
       39, 160, 14, 110, 136, 120, 162, 107, 68, 207, 98, 217, 218, 146,
       68, 108, 126, 68, 208, 205, 10, 172, 254, 103, 4, 136, 243, 67, 4,
       101, 113, 49, 69, 85, 31, 103, 56, 121, 232, 107, 76, 222, 16, 29,
       180, 148, 76, 64, 110, 129, 176, 121, 14, 39, 156, 1, 4, 74, 51,
       67, 165, 69, 115, 16, 69, 116, 14, 98, 56, 104, 168, 99, 76, 214,
       16, 25, 244, 148, 76, 100, 110, 193, 176, 217, 12, 37, 184, 33, 4,
       72, 179, 67, 33, 38, 101, 230, 239, 252, 43, 238, 232, 63, 162,
       251, 138, 235, 238, 29, 80, 127, 239, 127, 227, 168, 243, 203,
       255, 190, 254, 207, 188, 213, 255, 115, 128, 133, 134, 206, 31,
       128, 42, 101, 155, 118, 147, 99, 244, 211, 224, 152, 123, 67, 78,
       106, 28, 49, 244, 207, 50, 76, 162, 117, 4, 236, 224, 208, 160,
       92, 193, 124, 231, 188, 11, 126, 184, 44, 160, 251, 130, 223, 110,
       25, 99, 254, 221, 127, 227, 200, 241, 201, 236, 254, 235, 111,
       148, 36, 187, 33, 1, 92, 81, 188, 167, 44, 14, 127, 184, 174, 248,
       159, 161, 223, 95, 25, 83, 246, 213, 125, 107, 200, 193, 203, 8,
       246, 235, 239, 148, 4, 187, 1, 83, 92, 112, 188, 245, 44, 76, 89,
       24, 171, 249, 183, 44, 223, 87, 73, 91, 198, 213, 125, 122, 8, 65,
       219, 0, 219, 249, 97, 180, 162, 163, 7, 115, 229, 107, 212, 71,
       36, 14, 102, 184, 112, 170, 115, 76, 211, 96, 153, 55, 16, 68,
       108, 110, 233, 244, 205, 42, 36, 170, 101, 148, 72, 179, 66, 33,
       232, 188, 180, 248, 173, 237, 84, 95, 255, 59, 180, 24, 190, 189,
       68, 63, 201, 178, 255, 24, 186, 111, 210, 147, 223, 251, 85, 123,
       210, 72, 214, 27, 232, 176, 180, 248, 173, 253, 80, 87, 255, 127,
       180, 24, 190, 191, 68, 59, 205, 179, 255, 16, 186, 111, 242, 211,
       219, 219, 80, 123, 210, 76, 71, 11, 230, 189, 182, 252, 173, 237,
       220, 239, 255, 187, 176, 24, 170, 249, 116, 75, 201, 239, 127,
       145, 186, 111, 219, 243, 159, 250, 223, 126, 211, 248, 242, 138,
       106, 188, 180, 248, 173, 237, 220, 215, 255, 187, 188, 24, 170,
       185, 84, 95, 201, 182, 255, 24, 186, 107, 210, 211, 223, 255, 215,
       123, 210, 216, 214, 10, 125, 77, 102, 102, 157, 26, 70, 168, 225,
       164, 175, 137, 75, 105, 159, 183, 56, 230, 236, 110, 108, 99, 237,
       172, 178, 249, 197, 21, 103, 247, 90, 68, 196, 124, 157, 119, 136,
       111, 71, 175, 120, 243, 107, 24, 214, 119, 9, 57, 145, 86, 104,
       42, 121, 244, 249, 42, 237, 190, 85, 20, 192, 113, 199, 42, 252,
       182, 252, 112, 170, 105, 85, 147, 178, 191, 164, 56, 23, 247, 72,
       27, 39, 214, 109, 152, 58, 79, 170, 34, 219, 195, 117, 124, 224,
       240, 134, 99, 92, 174, 156, 50, 187, 169, 16, 143, 186, 63, 172,
       185, 239, 227, 74, 26, 135, 211, 237, 16, 54, 73, 138, 51, 250,
       199, 117, 255, 224, 64, 143, 11, 105, 245, 188, 115, 205, 221,
