%YAML:1.0
---
descriptors: !!opencv-matrix
   rows: 288
   cols: 32
   dt: u
   data: [ 108, 232, 253, 103, 45, 73, 83, 136, 235, 180, 166, 8, 243,
       117, 73, 50, 16, 84, 104, 74, 10, 96, 251, 33, 207, 217, 69, 55,
       66, 59, 86, 106, 89, 93, 23, 100, 43, 78, 23, 55, 236, 74, 174, 8,
       254, 51, 0, 243, 162, 119, 124, 42, 65, 41, 17, 45, 241, 251, 66,
       18, 74, 114, 163, 43, 108, 112, 189, 97, 32, 111, 83, 152, 107,
       174, 39, 8, 215, 23, 73, 58, 145, 84, 124, 122, 1, 116, 249, 8,
       207, 219, 101, 52, 194, 251, 70, 115, 124, 161, 184, 96, 140, 109,
       81, 155, 99, 189, 172, 8, 19, 53, 73, 58, 137, 214, 108, 24, 26,
       98, 250, 16, 219, 205, 53, 125, 224, 200, 198, 34, 108, 112, 185,
       97, 37, 111, 83, 24, 107, 234, 39, 8, 214, 21, 73, 58, 145, 84,
       120, 122, 1, 116, 249, 8, 207, 217, 69, 52, 194, 123, 70, 115,
       245, 100, 148, 166, 141, 46, 70, 136, 50, 178, 163, 24, 215, 115,
       73, 155, 145, 196, 104, 122, 56, 70, 219, 34, 153, 211, 69, 60,
       136, 123, 90, 0, 112, 168, 255, 112, 136, 233, 81, 215, 178, 23,
       164, 24, 51, 231, 64, 27, 1, 178, 109, 24, 26, 75, 178, 49, 217,
       203, 117, 120, 224, 192, 198, 106, 108, 165, 189, 99, 184, 111,
       83, 184, 114, 61, 45, 24, 210, 117, 72, 60, 153, 80, 76, 122, 26,
       96, 249, 53, 237, 223, 37, 116, 208, 75, 198, 162, 100, 103, 113,
       103, 52, 75, 102, 168, 105, 168, 59, 72, 195, 109, 29, 48, 144,
       212, 108, 98, 200, 240, 201, 76, 167, 254, 69, 55, 64, 187, 70,
       37, 221, 207, 78, 95, 130, 26, 111, 188, 116, 166, 102, 134, 99,
       96, 155, 81, 114, 238, 44, 238, 236, 212, 173, 47, 242, 235, 101,
       5, 39, 242, 232, 76, 224, 172, 157, 250, 201, 237, 21, 143, 154,
       23, 160, 24, 182, 243, 64, 27, 129, 115, 106, 16, 50, 77, 218, 51,
       237, 178, 84, 120, 208, 72, 135, 42, 77, 48, 53, 71, 48, 79, 99,
       184, 104, 232, 115, 104, 219, 87, 141, 180, 20, 84, 68, 106, 193,
       240, 249, 12, 5, 248, 33, 4, 74, 163, 71, 241, 148, 140, 189, 247,
       180, 107, 199, 174, 116, 178, 130, 24, 247, 117, 16, 35, 3, 118,
       108, 43, 57, 237, 109, 46, 233, 195, 117, 20, 228, 233, 149, 40,
       244, 61, 173, 182, 140, 108, 69, 151, 178, 255, 134, 24, 247, 245,
       83, 59, 129, 230, 125, 25, 120, 77, 251, 34, 249, 163, 245, 57,
       160, 120, 214, 106, 246, 62, 151, 146, 219, 96, 0, 203, 187, 151,
       161, 253, 70, 226, 109, 223, 225, 199, 232, 16, 61, 71, 154, 98,
       152, 18, 93, 127, 136, 117, 162, 23, 193, 172, 190, 120, 138, 249,
       185, 199, 238, 83, 160, 24, 183, 250, 86, 123, 163, 35, 122, 17,
       55, 79, 246, 113, 221, 139, 90, 121, 200, 64, 139, 78, 117, 77,
       127, 103, 148, 78, 103, 184, 100, 160, 171, 72, 83, 113, 25, 112,
       48, 196, 88, 234, 105, 177, 25, 46, 241, 174, 37, 16, 105, 243,
       64, 32, 252, 69, 220, 119, 168, 74, 87, 184, 115, 178, 167, 24,
       215, 115, 9, 123, 19, 212, 108, 106, 104, 244, 201, 42, 235, 235,
       101, 21, 224, 243, 78, 34, 229, 228, 149, 243, 204, 45, 68, 138,
       123, 187, 161, 88, 214, 112, 76, 59, 153, 194, 110, 58, 123, 102,
       219, 51, 141, 154, 85, 126, 208, 121, 194, 33, 248, 133, 173, 238,
       168, 78, 79, 191, 48, 38, 234, 24, 211, 127, 24, 115, 221, 215,
       125, 47, 249, 74, 251, 47, 241, 239, 239, 28, 0, 114, 214, 120,
       139, 180, 247, 255, 236, 175, 237, 223, 127, 123, 246, 222, 253,
       239, 148, 125, 127, 239, 127, 156, 179, 254, 255, 243, 222, 251,
       255, 200, 239, 200, 227, 185, 120, 168, 153, 122, 9, 205, 81, 137,
       171, 177, 165, 8, 191, 211, 72, 26, 129, 247, 104, 16, 26, 107,
       218, 49, 219, 245, 21, 123, 192, 2, 70, 34, 131, 174, 238, 219,
       254, 187, 252, 255, 127, 119, 246, 247, 225, 236, 246, 75, 127,
       239, 127, 149, 182, 255, 239, 247, 30, 46, 255, 193, 245, 200,
       249, 221, 20, 157, 29, 231, 176, 78, 79, 191, 52, 170, 218, 96,
       215, 119, 137, 80, 55, 246, 125, 106, 121, 144, 105, 46, 233, 167,
       101, 148, 32, 242, 132, 113, 124, 160, 216, 184, 207, 185, 80, 75,
       91, 53, 229, 27, 15, 138, 110, 216, 105, 139, 166, 16, 30, 122,
       210, 144, 223, 209, 16, 127, 243, 8, 238, 134, 252, 180, 189, 114,
       168, 108, 81, 159, 178, 191, 165, 24, 151, 247, 72, 59, 133, 150,
       108, 24, 58, 79, 250, 2, 219, 203, 117, 124, 192, 192, 134, 99,
       252, 249, 168, 58, 173, 221, 81, 205, 195, 253, 180, 25, 130, 221,
       126, 26, 201, 242, 253, 81, 158, 111, 250, 177, 219, 217, 149,
       127, 208, 13, 222, 82, 212, 241, 184, 32, 137, 76, 85, 141, 162,
       53, 132, 9, 183, 223, 74, 19, 129, 215, 237, 80, 90, 75, 250, 17,
       251, 225, 45, 127, 160, 16, 135, 122, 69, 113, 17, 69, 16, 14,
       102, 56, 104, 160, 99, 72, 214, 19, 1, 48, 20, 84, 120, 106, 65,
       176, 217, 12, 165, 184, 1, 4, 72, 51, 67, 49, 76, 93, 61, 103,
       160, 78, 71, 184, 32, 172, 174, 72, 215, 119, 129, 115, 22, 212,
       125, 106, 73, 208, 249, 44, 229, 235, 101, 20, 32, 179, 70, 113,
       212, 54, 159, 247, 34, 110, 49, 18, 184, 154, 179, 112, 215, 119,
       8, 27, 167, 87, 109, 32, 49, 197, 139, 42, 201, 163, 115, 192,
       168, 225, 39, 51, 149, 98, 30, 61, 10, 10, 166, 236, 252, 138,
       226, 96, 215, 194, 161, 99, 50, 101, 108, 98, 96, 197, 135, 12,
       160, 162, 111, 20, 72, 49, 33, 9, 245, 237, 159, 54, 168, 237, 87,
       252, 179, 223, 173, 25, 119, 247, 75, 27, 161, 230, 125, 78, 123,
       107, 186, 51, 249, 239, 117, 56, 224, 243, 198, 122, 100, 180,
       188, 115, 137, 125, 85, 143, 154, 127, 37, 25, 214, 125, 74, 59,
       133, 19, 121, 19, 62, 100, 251, 51, 207, 219, 85, 127, 208, 73,
       198, 114, 100, 241, 57, 235, 188, 77, 87, 184, 10, 48, 173, 8,
       215, 87, 9, 48, 213, 88, 93, 106, 75, 2, 251, 31, 229, 221, 37,
       60, 88, 187, 70, 50, 89, 153, 151, 108, 35, 92, 86, 53, 233, 8,
       174, 8, 255, 51, 0, 246, 162, 247, 236, 106, 73, 43, 144, 13, 243,
       253, 66, 26, 106, 114, 171, 43, 160, 168, 28, 58, 73, 201, 176,
       199, 142, 63, 164, 25, 166, 221, 68, 27, 137, 59, 203, 0, 50, 111,
       202, 49, 207, 145, 81, 123, 80, 8, 207, 138, 197, 113, 185, 103,
       32, 78, 103, 56, 105, 234, 103, 72, 215, 119, 9, 59, 148, 84, 124,
       106, 225, 244, 249, 8, 231, 251, 101, 4, 64, 179, 71, 113, 92,
       108, 31, 100, 10, 74, 87, 58, 160, 166, 166, 136, 87, 55, 1, 83,
       34, 245, 109, 234, 104, 195, 177, 12, 249, 227, 101, 21, 32, 179,
       6, 98, 244, 100, 156, 118, 136, 46, 85, 138, 176, 178, 163, 24,
       215, 115, 73, 27, 129, 212, 125, 42, 40, 101, 219, 2, 193, 235,
       117, 52, 192, 113, 67, 34, 221, 52, 191, 116, 136, 108, 93, 151,
       160, 246, 174, 25, 215, 127, 91, 58, 165, 215, 125, 49, 185, 71,
       187, 2, 219, 239, 117, 116, 224, 112, 198, 114, 108, 49, 249, 97,
       248, 77, 81, 153, 99, 189, 188, 40, 19, 21, 65, 56, 25, 156, 68,
       24, 26, 122, 233, 16, 207, 221, 37, 125, 226, 138, 70, 35, 112,
       161, 249, 101, 40, 14, 81, 49, 96, 160, 175, 8, 215, 51, 64, 18,
       2, 212, 108, 40, 88, 120, 209, 8, 219, 233, 101, 52, 96, 162, 66,
       34, 120, 169, 168, 32, 157, 233, 80, 199, 227, 181, 172, 9, 39,
       221, 66, 19, 136, 242, 205, 81, 30, 107, 202, 33, 251, 193, 37,
       123, 224, 74, 222, 74, 200, 176, 157, 113, 169, 236, 113, 23, 186,
       27, 38, 88, 190, 151, 64, 251, 129, 23, 120, 24, 51, 76, 211, 16,
       207, 251, 80, 122, 200, 0, 135, 59, 100, 103, 25, 103, 116, 79,
       231, 184, 104, 168, 59, 72, 214, 108, 29, 48, 156, 221, 108, 99,
       201, 240, 217, 76, 165, 180, 37, 52, 64, 59, 71, 48, 100, 85, 21,
       103, 152, 79, 71, 184, 22, 160, 43, 76, 211, 101, 9, 81, 145, 68,
       104, 110, 105, 240, 121, 30, 237, 190, 5, 20, 88, 187, 64, 48,
       124, 77, 200, 103, 128, 74, 71, 136, 49, 166, 167, 137, 83, 99,
       73, 91, 112, 196, 104, 234, 72, 210, 249, 40, 247, 231, 69, 21,
       227, 243, 70, 98, 244, 69, 92, 102, 168, 10, 71, 184, 224, 176,
       167, 8, 215, 115, 137, 83, 18, 212, 108, 106, 104, 225, 201, 12,
