%YAML:1.0
---
descriptors: !!opencv-matrix
   rows: 405
   cols: 32
   dt: u
   data: [ 88, 170, 159, 248, 138, 233, 81, 23, 163, 23, 132, 57, 55,
       183, 98, 91, 99, 183, 237, 16, 26, 79, 162, 17, 217, 227, 112,
       121, 176, 192, 134, 106, 164, 172, 255, 255, 252, 169, 239, 252,
       254, 179, 251, 90, 245, 235, 221, 91, 255, 207, 127, 219, 179,
       247, 203, 243, 254, 175, 255, 252, 213, 251, 243, 161, 246, 237,
       222, 159, 236, 43, 238, 238, 191, 178, 251, 26, 255, 234, 93, 91,
       123, 239, 127, 227, 122, 247, 203, 251, 188, 191, 255, 188, 197,
       123, 227, 128, 149, 164, 217, 231, 180, 42, 111, 188, 54, 171,
       127, 80, 247, 99, 153, 96, 119, 206, 28, 186, 251, 148, 233, 63,
       236, 239, 167, 196, 172, 251, 161, 161, 21, 221, 89, 231, 180, 46,
       111, 184, 52, 234, 127, 96, 247, 115, 136, 112, 119, 238, 29, 106,
       249, 144, 105, 63, 236, 237, 167, 132, 172, 251, 128, 33, 69, 117,
       177, 69, 81, 79, 103, 184, 105, 232, 106, 72, 214, 117, 9, 180,
       144, 84, 88, 106, 193, 240, 249, 78, 37, 158, 5, 6, 74, 51, 71,
       32, 100, 113, 177, 67, 196, 79, 103, 152, 98, 176, 43, 8, 210, 81,
       73, 52, 17, 92, 80, 122, 65, 112, 249, 24, 109, 156, 5, 116, 64,
       187, 70, 226, 236, 52, 189, 115, 173, 125, 83, 152, 123, 251, 173,
       24, 222, 125, 75, 59, 145, 80, 252, 58, 51, 100, 251, 18, 207,
       219, 85, 127, 194, 75, 70, 114, 36, 97, 49, 73, 92, 79, 67, 152,
       66, 224, 37, 8, 210, 81, 9, 52, 88, 92, 81, 122, 9, 48, 121, 24,
       101, 136, 5, 52, 80, 59, 86, 226, 120, 168, 222, 112, 136, 233,
       81, 87, 163, 23, 164, 57, 55, 183, 66, 27, 129, 179, 237, 16, 58,
       75, 226, 49, 219, 195, 116, 121, 224, 192, 174, 107, 208, 32, 191,
       184, 10, 225, 81, 23, 166, 87, 130, 56, 183, 151, 64, 91, 3, 179,
       125, 145, 10, 79, 131, 17, 209, 129, 112, 121, 160, 0, 36, 122,
       208, 24, 159, 244, 138, 110, 81, 55, 164, 219, 166, 16, 215, 55,
       1, 123, 35, 247, 108, 8, 57, 77, 179, 8, 209, 163, 116, 16, 168,
       224, 165, 123, 133, 89, 23, 77, 5, 30, 230, 52, 108, 200, 98, 68,
       254, 18, 5, 181, 176, 100, 80, 106, 229, 180, 17, 108, 36, 184, 0,
       2, 74, 51, 75, 157, 252, 100, 188, 118, 139, 77, 85, 232, 211,
       182, 165, 24, 83, 113, 73, 27, 9, 214, 232, 98, 104, 103, 251, 50,
       251, 195, 69, 61, 243, 123, 198, 34, 13, 223, 159, 199, 240, 14,
       111, 184, 124, 232, 122, 100, 245, 115, 145, 112, 54, 110, 54,
       110, 241, 208, 109, 46, 236, 175, 111, 132, 12, 243, 1, 177, 248,
       169, 220, 126, 138, 201, 84, 238, 147, 55, 164, 57, 55, 225, 66,
       27, 11, 242, 237, 80, 122, 107, 202, 51, 251, 195, 117, 121, 242,
       216, 206, 10, 205, 95, 157, 103, 164, 14, 102, 184, 56, 234, 38,
       68, 215, 115, 1, 115, 52, 68, 108, 110, 225, 244, 153, 46, 165,
       171, 101, 4, 72, 243, 67, 49, 228, 116, 181, 67, 137, 110, 71,
       152, 58, 255, 167, 24, 214, 115, 73, 127, 145, 84, 124, 58, 57,
       100, 251, 2, 207, 218, 69, 118, 192, 115, 198, 115, 236, 53, 181,
       103, 137, 111, 71, 153, 114, 250, 171, 24, 214, 117, 73, 59, 145,
       86, 124, 42, 121, 100, 249, 34, 237, 251, 69, 52, 192, 115, 198,
       114, 244, 101, 189, 100, 153, 79, 71, 168, 114, 166, 171, 8, 82,
       117, 9, 51, 17, 212, 104, 106, 105, 231, 249, 14, 249, 175, 69,
       52, 97, 115, 70, 32, 150, 236, 246, 223, 188, 59, 254, 254, 127,
       179, 255, 18, 237, 234, 157, 35, 255, 239, 127, 171, 248, 247,
       239, 255, 190, 222, 223, 164, 229, 251, 225, 141, 88, 186, 255,
       112, 170, 233, 81, 214, 162, 21, 164, 56, 55, 135, 64, 26, 39,
       179, 237, 16, 58, 75, 178, 49, 219, 195, 112, 121, 224, 192, 134,
       123, 244, 4, 92, 117, 168, 106, 85, 59, 240, 178, 166, 24, 215,
       51, 8, 123, 7, 215, 108, 42, 120, 237, 193, 12, 225, 235, 117, 16,
       96, 240, 198, 33, 85, 5, 95, 102, 178, 46, 71, 184, 228, 160, 171,
       8, 87, 115, 9, 115, 50, 214, 108, 106, 105, 161, 121, 44, 249,
       171, 37, 84, 96, 242, 192, 32, 220, 144, 188, 254, 172, 108, 89,
       159, 191, 251, 183, 24, 223, 247, 74, 91, 135, 215, 125, 16, 186,
       77, 219, 50, 219, 251, 119, 221, 160, 224, 133, 51, 89, 176, 190,
       48, 170, 189, 89, 87, 171, 91, 164, 153, 191, 183, 66, 59, 135,
       151, 253, 28, 158, 79, 178, 17, 219, 251, 112, 249, 130, 196, 143,
       123, 96, 157, 157, 93, 201, 109, 69, 142, 123, 59, 168, 24, 182,
       51, 76, 122, 129, 83, 104, 0, 35, 104, 251, 115, 173, 182, 84,
       126, 208, 88, 199, 42, 248, 188, 188, 120, 169, 237, 81, 31, 187,
       123, 180, 24, 191, 255, 66, 59, 133, 183, 253, 24, 58, 111, 242,
       51, 219, 251, 113, 57, 226, 192, 199, 123, 116, 117, 125, 70, 143,
       75, 87, 232, 65, 166, 173, 42, 83, 117, 77, 51, 24, 212, 192, 98,
       104, 99, 249, 46, 123, 197, 69, 61, 97, 123, 70, 34, 248, 188,
       188, 252, 173, 253, 85, 255, 223, 251, 180, 24, 191, 189, 70, 123,
       201, 246, 255, 24, 58, 111, 251, 179, 251, 251, 85, 123, 210, 216,
       214, 26, 100, 229, 59, 102, 213, 198, 231, 232, 242, 160, 235, 8,
       80, 247, 45, 48, 248, 253, 123, 234, 72, 227, 184, 126, 121, 174,
       143, 44, 65, 51, 102, 162, 40, 172, 144, 62, 217, 237, 22, 143,
       155, 23, 168, 25, 174, 250, 64, 152, 129, 123, 232, 18, 62, 106,
       218, 179, 171, 214, 84, 59, 210, 93, 143, 142, 129, 174, 159, 187,
       164, 171, 109, 159, 118, 179, 74, 208, 181, 227, 208, 73, 83, 106,
       34, 28, 51, 252, 79, 51, 204, 135, 119, 0, 184, 192, 161, 168, 54,
       69, 150, 190, 217, 231, 22, 232, 159, 134, 225, 9, 70, 240, 45,
       21, 217, 249, 226, 98, 104, 99, 90, 62, 185, 178, 69, 63, 80, 123,
       110, 134, 129, 142, 223, 123, 160, 170, 109, 159, 118, 147, 98,
       212, 243, 227, 144, 89, 51, 110, 46, 12, 59, 252, 45, 55, 204,
       235, 117, 64, 172, 208, 192, 40, 145, 142, 223, 123, 176, 170,
       109, 151, 118, 131, 102, 240, 243, 99, 144, 121, 51, 110, 44, 28,
       187, 252, 45, 63, 204, 171, 117, 68, 184, 208, 224, 40, 54, 69,
       18, 166, 221, 70, 70, 232, 21, 164, 235, 11, 66, 240, 45, 212,
       248, 205, 66, 227, 108, 179, 25, 142, 177, 182, 135, 31, 65, 123,
       108, 134, 129, 174, 155, 251, 236, 169, 109, 223, 246, 19, 66, 80,
       181, 227, 240, 75, 99, 106, 42, 28, 51, 220, 143, 51, 204, 139,
       119, 96, 152, 192, 161, 168, 120, 172, 217, 112, 184, 233, 81,
       215, 179, 183, 172, 24, 55, 247, 64, 18, 1, 246, 109, 24, 58, 75,
       250, 50, 251, 199, 53, 120, 226, 192, 198, 106, 105, 188, 189,
       115, 169, 253, 85, 159, 251, 127, 44, 28, 190, 177, 74, 183, 129,
       66, 232, 24, 183, 109, 250, 179, 239, 223, 85, 127, 202, 84, 206,
       127, 69, 245, 157, 67, 172, 111, 166, 136, 126, 251, 43, 72, 214,
       112, 73, 42, 145, 84, 120, 123, 17, 112, 249, 16, 173, 158, 101,
       116, 200, 123, 195, 33, 77, 245, 24, 103, 177, 79, 118, 189, 105,
       232, 111, 8, 223, 115, 8, 48, 147, 76, 76, 106, 93, 240, 217, 46,
       239, 255, 5, 22, 74, 115, 203, 3, 244, 64, 156, 182, 138, 104, 85,
       158, 162, 182, 167, 153, 87, 231, 75, 91, 3, 214, 109, 10, 40, 71,
       203, 32, 209, 227, 117, 60, 160, 241, 134, 98, 240, 188, 220, 114,
       168, 173, 81, 222, 179, 191, 164, 25, 55, 243, 74, 27, 129, 246,
       237, 16, 58, 79, 218, 51, 219, 203, 117, 125, 224, 192, 206, 10,
       44, 65, 26, 110, 89, 207, 22, 104, 135, 132, 229, 9, 70, 209, 43,
       16, 216, 248, 195, 98, 76, 35, 90, 28, 243, 245, 5, 63, 82, 59,
       110, 130, 129, 174, 159, 187, 228, 169, 109, 159, 118, 179, 98,
       84, 181, 227, 216, 75, 99, 106, 38, 28, 51, 252, 143, 51, 204,
       139, 119, 64, 152, 240, 129, 168, 38, 93, 18, 190, 217, 205, 86,
       228, 159, 132, 233, 9, 102, 216, 45, 148, 216, 249, 194, 66, 72,
       35, 90, 190, 185, 244, 5, 59, 80, 123, 174, 134, 29, 141, 74, 111,
       148, 138, 103, 191, 116, 128, 110, 192, 243, 99, 144, 80, 115,
       238, 12, 110, 120, 184, 13, 47, 232, 239, 37, 0, 60, 242, 192, 40,
