%YAML:1.0
---
descriptors: !!opencv-matrix
   rows: 348
   cols: 32
   dt: u
   data: [ 94, 176, 189, 240, 168, 110, 93, 29, 171, 255, 151, 125, 223,
       255, 72, 123, 151, 151, 253, 53, 187, 65, 243, 128, 219, 251, 127,
       252, 128, 192, 135, 115, 200, 184, 188, 115, 169, 253, 93, 158,
       251, 59, 182, 24, 190, 191, 64, 59, 133, 87, 253, 24, 186, 77,
       251, 113, 207, 219, 119, 127, 130, 65, 135, 43, 104, 173, 180,
       254, 141, 205, 85, 239, 203, 23, 172, 24, 174, 253, 96, 18, 201,
       242, 233, 16, 90, 107, 210, 179, 251, 223, 84, 123, 210, 88, 198,
       138, 178, 172, 214, 255, 252, 171, 232, 207, 191, 179, 242, 18,
       239, 234, 52, 75, 251, 239, 127, 129, 58, 255, 203, 255, 158, 254,
       223, 244, 149, 248, 243, 136, 108, 180, 188, 121, 157, 125, 81,
       155, 91, 55, 173, 24, 222, 125, 74, 58, 217, 18, 233, 24, 58, 98,
       251, 147, 207, 223, 85, 127, 210, 72, 198, 98, 236, 113, 189, 103,
       40, 78, 87, 152, 40, 190, 183, 8, 215, 87, 73, 59, 148, 212, 124,
       106, 105, 228, 249, 8, 199, 219, 101, 52, 64, 179, 70, 115, 237,
       81, 61, 103, 36, 78, 71, 184, 105, 232, 183, 72, 215, 117, 9, 51,
       148, 84, 124, 106, 233, 240, 249, 12, 231, 249, 101, 20, 64, 243,
       70, 113, 100, 109, 61, 103, 157, 79, 71, 168, 112, 166, 237, 8,
       215, 119, 9, 48, 152, 84, 88, 106, 105, 240, 249, 46, 229, 222, 5,
       20, 64, 123, 70, 226, 249, 186, 158, 58, 169, 189, 88, 215, 179,
       127, 164, 249, 191, 247, 66, 27, 135, 183, 253, 20, 190, 79, 194,
       49, 219, 251, 116, 249, 162, 196, 142, 91, 252, 252, 245, 114,
       168, 237, 69, 150, 243, 191, 164, 24, 19, 247, 201, 59, 1, 214,
       108, 90, 58, 111, 250, 34, 219, 203, 117, 120, 226, 209, 198, 99,
       252, 172, 252, 118, 168, 105, 85, 159, 178, 183, 164, 25, 83, 247,
       75, 27, 9, 214, 109, 24, 56, 79, 202, 32, 219, 203, 117, 61, 224,
       240, 198, 42, 253, 213, 85, 78, 169, 93, 70, 189, 197, 56, 175,
       104, 127, 115, 141, 247, 20, 210, 236, 106, 89, 34, 123, 61, 187,
       249, 69, 62, 122, 187, 200, 61, 77, 117, 189, 69, 177, 78, 119,
       184, 107, 232, 47, 8, 222, 55, 73, 54, 149, 84, 104, 106, 129,
       240, 249, 12, 239, 255, 5, 52, 202, 243, 71, 115, 84, 98, 200,
       164, 168, 42, 76, 136, 162, 183, 175, 137, 215, 227, 75, 90, 115,
       196, 108, 14, 12, 65, 203, 0, 210, 161, 103, 29, 160, 243, 74, 2,
       69, 117, 17, 101, 17, 79, 55, 40, 104, 224, 107, 8, 214, 49, 9,
       48, 144, 84, 96, 106, 65, 240, 185, 12, 165, 184, 5, 6, 72, 51,
       67, 34, 85, 69, 93, 103, 22, 78, 71, 184, 100, 160, 171, 8, 83,
       113, 9, 112, 50, 212, 104, 106, 105, 176, 89, 14, 247, 239, 33,
       20, 96, 179, 64, 32, 236, 69, 125, 103, 160, 74, 87, 184, 117,
       162, 167, 8, 215, 119, 9, 115, 23, 212, 124, 106, 105, 244, 121,
       46, 231, 235, 101, 20, 32, 243, 68, 32, 69, 245, 157, 103, 185,
       14, 119, 188, 122, 250, 43, 12, 214, 113, 73, 51, 145, 68, 120,
       106, 225, 112, 249, 43, 237, 191, 69, 22, 200, 115, 195, 35, 224,
       140, 157, 254, 141, 237, 81, 143, 159, 23, 160, 24, 182, 179, 64,
       91, 129, 115, 104, 16, 58, 111, 211, 51, 153, 178, 84, 123, 208,
       72, 198, 42, 192, 172, 157, 255, 200, 237, 37, 175, 254, 51, 40,
       24, 182, 179, 64, 123, 129, 82, 106, 8, 51, 108, 251, 51, 205,
       182, 86, 120, 144, 72, 135, 168, 116, 141, 124, 111, 156, 10, 71,
       189, 96, 160, 170, 8, 215, 115, 0, 115, 18, 214, 108, 106, 120,
       169, 89, 61, 225, 235, 101, 20, 112, 170, 196, 32, 208, 172, 187,
       114, 200, 236, 237, 199, 178, 147, 100, 16, 52, 247, 64, 58, 41,
       255, 115, 152, 50, 127, 178, 99, 221, 175, 255, 104, 225, 80, 167,
       170, 193, 168, 185, 115, 168, 232, 57, 143, 254, 113, 6, 144, 181,
       158, 210, 122, 135, 63, 120, 29, 151, 201, 239, 49, 204, 169, 127,
       112, 132, 192, 131, 72, 241, 172, 159, 50, 172, 236, 117, 247,
       250, 255, 166, 25, 151, 177, 66, 27, 161, 230, 124, 28, 126, 111,
       186, 34, 251, 235, 117, 121, 224, 208, 194, 74, 209, 174, 189,
       247, 44, 15, 21, 191, 216, 190, 146, 88, 247, 121, 64, 35, 135,
       119, 125, 43, 248, 109, 235, 42, 233, 171, 117, 176, 64, 120, 131,
       41, 244, 124, 172, 180, 140, 109, 69, 23, 210, 243, 134, 24, 215,
       181, 83, 59, 129, 246, 125, 25, 40, 111, 251, 2, 217, 195, 245,
       49, 160, 120, 214, 114, 221, 116, 189, 118, 40, 124, 81, 152, 243,
       254, 167, 28, 95, 119, 73, 59, 39, 213, 108, 122, 169, 69, 187,
       34, 211, 235, 101, 52, 224, 241, 6, 115, 117, 96, 152, 38, 8, 110,
       71, 8, 96, 226, 165, 13, 115, 105, 91, 26, 152, 204, 104, 238, 13,
       103, 217, 8, 211, 169, 69, 61, 233, 115, 106, 2, 100, 199, 125,
       107, 152, 111, 71, 152, 86, 37, 175, 76, 211, 101, 9, 113, 85,
       212, 104, 122, 186, 160, 121, 63, 237, 190, 5, 84, 240, 251, 196,
       112, 196, 103, 132, 131, 194, 42, 38, 136, 50, 191, 139, 246, 196,
       98, 203, 91, 113, 196, 108, 242, 48, 214, 205, 98, 188, 38, 231,
       197, 160, 115, 175, 33, 220, 52, 189, 118, 168, 108, 85, 154, 242,
       186, 167, 24, 215, 247, 73, 59, 5, 214, 108, 58, 41, 103, 251, 34,
       217, 235, 117, 60, 224, 241, 134, 35, 109, 101, 49, 103, 245, 31,
       118, 184, 121, 232, 127, 73, 218, 125, 157, 176, 156, 76, 117,
       111, 252, 240, 233, 14, 111, 223, 37, 180, 66, 255, 210, 231, 76,
       117, 120, 103, 178, 74, 63, 184, 57, 196, 127, 169, 223, 119, 139,
       80, 22, 93, 253, 110, 96, 208, 233, 126, 230, 253, 37, 132, 98,
       179, 7, 115, 80, 184, 153, 120, 136, 237, 81, 151, 230, 115, 162,
       24, 183, 151, 64, 59, 1, 183, 108, 16, 26, 109, 211, 49, 217, 225,
       112, 121, 224, 192, 135, 42, 52, 253, 150, 158, 217, 199, 134,
       232, 158, 132, 233, 9, 102, 224, 41, 144, 217, 238, 234, 98, 72,
       99, 154, 63, 185, 54, 79, 63, 80, 123, 175, 130, 102, 253, 150,
       158, 217, 205, 22, 236, 159, 134, 168, 9, 230, 242, 105, 146, 201,
       115, 234, 66, 110, 107, 218, 59, 185, 22, 77, 59, 208, 123, 143,
       14, 209, 142, 223, 127, 176, 46, 67, 183, 116, 11, 114, 84, 115,
       97, 144, 112, 49, 102, 44, 60, 185, 188, 13, 63, 232, 175, 52, 64,
       232, 240, 192, 41, 129, 174, 159, 123, 164, 168, 105, 151, 118,
       19, 98, 240, 183, 227, 208, 107, 99, 46, 46, 28, 51, 220, 135, 51,
       204, 170, 118, 64, 152, 192, 225, 168, 98, 237, 148, 186, 153,
       205, 22, 167, 159, 31, 168, 9, 166, 242, 68, 150, 129, 123, 234,
       80, 126, 107, 218, 55, 169, 214, 85, 123, 208, 92, 143, 142, 217,
       142, 91, 111, 176, 46, 67, 191, 116, 11, 226, 84, 115, 97, 144,
       112, 49, 230, 108, 44, 185, 188, 45, 47, 232, 175, 53, 80, 232,
       242, 192, 41, 232, 188, 180, 251, 173, 173, 84, 159, 255, 187,
       180, 24, 238, 249, 92, 27, 137, 226, 127, 24, 186, 111, 218, 179,
       143, 219, 85, 122, 210, 216, 211, 3, 230, 172, 214, 223, 236, 171,
       252, 207, 63, 179, 242, 18, 236, 234, 92, 89, 255, 239, 127, 145,
       48, 255, 203, 243, 28, 186, 223, 204, 149, 104, 227, 137, 146,
       172, 254, 255, 222, 171, 236, 223, 255, 179, 250, 18, 237, 234,
       52, 73, 123, 239, 127, 144, 178, 223, 203, 255, 190, 254, 223,
       228, 181, 232, 241, 136, 242, 172, 230, 255, 236, 171, 124, 223,
       63, 51, 242, 146, 232, 239, 92, 91, 239, 255, 255, 145, 186, 223,
       203, 243, 158, 250, 223, 202, 183, 204, 226, 153, 108, 48, 189,
       99, 169, 111, 83, 152, 115, 191, 173, 24, 215, 117, 73, 58, 145,
       84, 125, 58, 9, 118, 249, 16, 207, 223, 101, 117, 194, 251, 70,
       115, 92, 85, 61, 231, 184, 78, 79, 184, 32, 232, 191, 72, 215,
       119, 137, 115, 22, 212, 125, 106, 73, 144, 249, 46, 229, 235, 101,
       148, 32, 243, 6, 115, 108, 112, 185, 97, 13, 111, 83, 152, 107,
       255, 45, 24, 214, 85, 73, 58, 145, 84, 124, 58, 9, 100, 249, 2,
       207, 221, 37, 52, 194, 251, 70, 114, 197, 92, 157, 119, 168, 46,
       102, 184, 120, 186, 163, 84, 215, 115, 137, 123, 149, 84, 124,
