%YAML:1.0
---
descriptors: !!opencv-matrix
   rows: 145
   cols: 32
   dt: u
   data: [ 124, 69, 204, 165, 131, 74, 87, 168, 32, 164, 238, 11, 67, 99,
       11, 82, 112, 196, 105, 226, 72, 146, 217, 8, 249, 231, 197, 21,
       32, 115, 102, 98, 210, 222, 191, 181, 170, 100, 189, 191, 190,
       222, 18, 247, 252, 238, 98, 75, 167, 83, 61, 133, 242, 205, 147,
       127, 233, 163, 127, 194, 4, 112, 165, 91, 208, 168, 159, 112, 136,
       233, 65, 199, 186, 23, 160, 24, 183, 227, 64, 27, 129, 182, 104,
       24, 58, 111, 162, 49, 217, 160, 118, 120, 192, 64, 199, 42, 209,
       91, 159, 181, 170, 10, 60, 23, 164, 242, 2, 245, 215, 35, 1, 91,
       38, 101, 109, 69, 225, 205, 151, 0, 192, 163, 124, 144, 172, 240,
       1, 25, 68, 101, 21, 101, 48, 78, 103, 56, 104, 160, 107, 72, 223,
       51, 9, 50, 150, 84, 72, 106, 65, 240, 217, 76, 229, 190, 5, 4, 64,
       179, 67, 32, 45, 181, 232, 78, 221, 63, 78, 191, 83, 233, 124, 76,
       211, 105, 222, 180, 89, 206, 22, 30, 159, 50, 253, 186, 127, 221,
       5, 124, 255, 254, 218, 180, 199, 182, 236, 145, 190, 50, 184, 27,
       26, 247, 149, 247, 204, 238, 222, 75, 255, 13, 255, 181, 182, 70,
       239, 210, 14, 83, 219, 255, 157, 100, 189, 215, 68, 101, 17, 103,
       21, 78, 102, 168, 96, 160, 106, 8, 211, 51, 9, 176, 16, 84, 104,
       106, 73, 240, 217, 12, 165, 190, 5, 0, 72, 51, 66, 32, 124, 99,
       188, 239, 44, 79, 87, 56, 101, 172, 255, 8, 211, 115, 9, 82, 216,
       212, 108, 106, 72, 162, 233, 12, 231, 255, 33, 21, 64, 187, 70,
       35, 93, 115, 252, 103, 170, 30, 95, 184, 35, 244, 7, 236, 223,
       117, 219, 186, 22, 212, 253, 126, 221, 80, 253, 32, 238, 249, 101,
       244, 174, 183, 138, 113, 248, 188, 252, 112, 168, 237, 81, 159,
       243, 59, 164, 24, 55, 243, 64, 59, 129, 246, 108, 16, 59, 111,
       218, 51, 219, 235, 117, 125, 232, 192, 206, 59, 93, 95, 131, 167,
       130, 14, 47, 176, 48, 226, 75, 197, 223, 103, 129, 84, 54, 237,
       109, 238, 73, 208, 157, 42, 240, 230, 111, 128, 170, 243, 3, 48,
       217, 188, 158, 255, 168, 173, 53, 183, 190, 187, 166, 84, 255,
       243, 0, 123, 165, 119, 124, 24, 51, 205, 155, 55, 217, 235, 119,
       80, 136, 64, 129, 51, 229, 113, 249, 69, 116, 95, 103, 184, 113,
       232, 63, 108, 83, 81, 217, 54, 18, 204, 84, 110, 201, 240, 253,
       10, 110, 140, 37, 52, 110, 187, 82, 49, 39, 174, 224, 87, 244, 63,
       238, 219, 83, 171, 125, 94, 67, 105, 222, 52, 93, 206, 87, 60,
       186, 250, 236, 186, 46, 94, 133, 244, 223, 239, 210, 132, 248,
       184, 189, 114, 136, 236, 81, 159, 162, 63, 164, 24, 55, 183, 64,
       59, 1, 182, 108, 24, 58, 79, 250, 51, 219, 195, 116, 120, 224,
       208, 134, 107, 37, 167, 200, 163, 252, 47, 207, 219, 82, 253, 185,
       207, 211, 232, 91, 16, 93, 202, 70, 127, 158, 114, 220, 51, 108,
       12, 165, 252, 217, 251, 218, 128, 29, 94, 12, 175, 29, 55, 78,
       184, 69, 66, 207, 199, 115, 66, 59, 209, 92, 192, 28, 239, 237,
       131, 93, 61, 226, 239, 129, 20, 58, 255, 120, 80, 184, 174, 200,
       63, 144, 171, 86, 239, 54, 167, 244, 249, 227, 233, 66, 24, 25,
       234, 197, 16, 62, 190, 201, 59, 206, 199, 53, 49, 225, 216, 206,
       138, 116, 100, 236, 167, 139, 74, 23, 168, 2, 166, 135, 171, 67,
       103, 75, 27, 81, 212, 233, 226, 104, 67, 201, 40, 249, 163, 197,
       61, 160, 123, 22, 98, 221, 82, 214, 167, 130, 22, 78, 61, 113,
       226, 167, 213, 79, 98, 138, 223, 119, 197, 236, 238, 253, 215,
       221, 202, 178, 239, 119, 148, 175, 182, 170, 21, 53, 133, 172,
       107, 157, 127, 223, 169, 70, 117, 189, 25, 211, 124, 94, 34, 217,
       194, 121, 63, 159, 35, 121, 183, 235, 223, 133, 117, 209, 75, 208,
       118, 230, 188, 253, 80, 173, 125, 148, 159, 155, 255, 176, 61, 6,
       252, 71, 59, 135, 215, 253, 17, 190, 111, 251, 178, 91, 90, 93,
       255, 192, 124, 214, 95, 194, 94, 173, 191, 168, 230, 157, 183,
       150, 222, 154, 245, 245, 127, 3, 75, 135, 119, 125, 133, 232, 205,
       227, 46, 233, 163, 255, 144, 132, 112, 165, 91, 82, 207, 142, 190,
       149, 156, 188, 230, 190, 133, 202, 7, 172, 234, 54, 194, 225, 111,
       232, 133, 230, 201, 147, 235, 185, 103, 222, 11, 136, 84, 169, 94,
       252, 113, 189, 102, 136, 76, 71, 188, 224, 242, 161, 8, 83, 245,
       73, 51, 16, 212, 108, 106, 73, 99, 251, 32, 241, 233, 101, 60, 96,
       123, 198, 34, 188, 70, 88, 103, 164, 43, 79, 184, 112, 174, 247,
       152, 211, 97, 155, 89, 91, 196, 5, 110, 104, 182, 73, 14, 242,
       239, 229, 148, 101, 251, 74, 1, 69, 71, 28, 231, 48, 14, 111, 184,
       108, 172, 127, 68, 215, 83, 137, 80, 150, 69, 108, 110, 192, 144,
       201, 12, 228, 185, 39, 132, 0, 179, 3, 33, 254, 172, 148, 154,
       137, 237, 20, 239, 155, 151, 168, 25, 110, 249, 108, 155, 201,
       242, 232, 2, 62, 111, 218, 179, 187, 214, 85, 123, 210, 93, 142,
       10, 216, 172, 156, 58, 137, 237, 20, 143, 187, 63, 160, 25, 174,
       187, 74, 155, 129, 83, 233, 16, 62, 111, 218, 51, 219, 211, 85,
       127, 210, 84, 143, 10, 216, 164, 156, 50, 137, 253, 20, 143, 187,
       55, 164, 25, 174, 187, 74, 27, 129, 147, 237, 16, 58, 79, 218, 51,
       219, 211, 84, 127, 194, 68, 143, 10, 85, 199, 77, 103, 180, 10,
       79, 188, 96, 168, 122, 228, 211, 33, 144, 112, 18, 70, 92, 110,
       233, 176, 77, 46, 224, 175, 37, 132, 108, 243, 210, 32, 217, 156,
       151, 247, 171, 190, 116, 183, 191, 147, 162, 84, 255, 115, 0, 251,
       167, 119, 252, 0, 57, 205, 155, 47, 219, 227, 119, 82, 170, 112,
       169, 27, 121, 173, 246, 82, 173, 189, 85, 215, 235, 87, 172, 29,
       42, 248, 86, 191, 161, 226, 236, 28, 190, 107, 186, 241, 251, 219,
       85, 123, 227, 212, 218, 78, 165, 167, 13, 171, 252, 47, 207, 255,
       22, 252, 185, 221, 211, 97, 91, 1, 93, 78, 66, 127, 187, 250, 89,
       63, 108, 14, 165, 116, 217, 251, 210, 208, 253, 67, 206, 167, 128,
       22, 79, 56, 33, 196, 231, 135, 83, 99, 27, 91, 124, 196, 44, 238,
       221, 246, 253, 8, 242, 235, 229, 4, 41, 179, 232, 80, 101, 36,
       169, 227, 156, 111, 79, 154, 86, 243, 13, 24, 211, 125, 89, 40,
       89, 206, 49, 191, 155, 112, 249, 50, 237, 143, 165, 116, 180, 251,
       212, 226, 253, 102, 20, 178, 173, 45, 76, 156, 185, 186, 161, 93,
       207, 74, 75, 27, 133, 197, 108, 126, 253, 103, 219, 128, 178, 217,
       69, 60, 200, 249, 202, 0, 68, 253, 185, 118, 233, 252, 55, 172,
       186, 170, 44, 8, 124, 247, 73, 112, 149, 127, 113, 74, 66, 88,
       186, 115, 127, 191, 101, 107, 128, 115, 135, 123, 36, 239, 173,
       183, 148, 47, 207, 184, 22, 230, 139, 197, 211, 109, 25, 3, 29,
       102, 105, 239, 232, 240, 125, 46, 237, 167, 237, 16, 196, 251,
       212, 112, 109, 101, 16, 71, 29, 14, 70, 40, 112, 160, 235, 8, 210,
       113, 9, 148, 216, 76, 96, 106, 72, 178, 217, 14, 37, 190, 5, 20,
       66, 59, 74, 0, 244, 102, 173, 167, 172, 106, 79, 152, 34, 254,
       131, 185, 215, 101, 91, 27, 17, 196, 109, 127, 40, 69, 235, 0,
       201, 163, 237, 181, 160, 243, 22, 114, 119, 160, 142, 176, 141,
       221, 80, 207, 139, 183, 160, 25, 6, 136, 103, 27, 137, 198, 104,
       21, 30, 107, 146, 16, 153, 146, 85, 127, 192, 72, 218, 70, 197,
       180, 181, 83, 172, 111, 165, 154, 250, 251, 147, 124, 214, 116,
       205, 47, 133, 86, 124, 25, 177, 101, 251, 98, 141, 26, 85, 118,
       200, 121, 131, 117, 253, 189, 149, 178, 173, 237, 84, 175, 219,
       251, 160, 93, 254, 249, 72, 155, 129, 195, 108, 16, 63, 107, 218,
       179, 187, 218, 85, 126, 218, 92, 202, 26, 248, 188, 156, 112, 169,
       237, 84, 223, 243, 187, 164, 24, 63, 241, 64, 27, 129, 246, 236,
       16, 59, 111, 210, 51, 219, 207, 117, 121, 234, 64, 202, 11, 237,
       252, 244, 86, 237, 189, 101, 223, 251, 187, 116, 92, 122, 241,
       214, 191, 137, 238, 102, 28, 178, 126, 251, 242, 31, 251, 85, 120,
       202, 253, 202, 173, 144, 172, 255, 123, 130, 234, 53, 215, 54, 23,
       102, 48, 117, 247, 0, 121, 51, 126, 40, 152, 50, 220, 43, 51, 205,
