%YAML:1.0
---
descriptors: !!opencv-matrix
   rows: 274
   cols: 32
   dt: u
   data: [ 220, 24, 159, 116, 168, 108, 65, 50, 176, 155, 166, 24, 215,
       55, 1, 123, 1, 214, 108, 8, 57, 77, 179, 0, 217, 227, 116, 24,
       224, 224, 6, 50, 245, 231, 108, 7, 244, 26, 110, 168, 105, 252,
       191, 141, 67, 104, 222, 19, 51, 198, 108, 127, 252, 112, 237, 126,
       62, 47, 37, 213, 237, 243, 218, 68, 114, 160, 191, 124, 40, 224,
       17, 136, 170, 189, 161, 57, 116, 247, 68, 91, 129, 117, 109, 16,
       2, 67, 170, 17, 217, 178, 125, 191, 128, 32, 7, 99, 37, 113, 49,
       67, 117, 79, 103, 168, 106, 160, 43, 8, 214, 85, 73, 50, 145, 92,
       64, 122, 65, 112, 249, 24, 45, 156, 5, 54, 64, 59, 70, 34, 221,
       34, 158, 182, 168, 56, 88, 130, 226, 179, 131, 125, 207, 234, 195,
       219, 163, 199, 236, 21, 60, 69, 143, 32, 218, 243, 119, 93, 168,
       245, 139, 0, 100, 113, 153, 99, 209, 111, 99, 152, 106, 240, 35,
       8, 214, 119, 73, 58, 145, 92, 104, 122, 17, 112, 249, 40, 205,
       156, 69, 116, 192, 115, 70, 34, 108, 161, 57, 107, 28, 77, 83,
       136, 66, 20, 173, 8, 242, 81, 8, 48, 153, 80, 64, 106, 74, 34,
       251, 21, 231, 205, 1, 125, 80, 43, 70, 34, 248, 56, 255, 116, 168,
       252, 81, 87, 226, 223, 164, 56, 51, 247, 64, 59, 39, 246, 108, 8,
       27, 79, 178, 33, 219, 235, 112, 57, 224, 192, 198, 123, 96, 160,
       157, 250, 236, 237, 81, 143, 218, 59, 161, 24, 182, 241, 72, 122,
       129, 18, 106, 24, 51, 107, 218, 49, 221, 146, 85, 125, 216, 72,
       199, 58, 252, 188, 253, 118, 168, 110, 69, 190, 178, 191, 165, 56,
       243, 119, 201, 59, 5, 214, 108, 42, 56, 79, 251, 47, 235, 235,
       117, 52, 226, 241, 198, 97, 252, 44, 252, 114, 205, 105, 213, 202,
       211, 183, 188, 24, 67, 233, 75, 27, 9, 214, 234, 18, 58, 103, 219,
       50, 91, 195, 85, 125, 243, 121, 198, 34, 248, 15, 159, 244, 168,
       44, 85, 183, 160, 158, 166, 56, 255, 119, 129, 91, 135, 247, 125,
       42, 120, 109, 203, 40, 243, 235, 117, 24, 96, 240, 131, 41, 85,
       213, 125, 103, 176, 78, 111, 188, 96, 232, 254, 100, 215, 119,
       137, 114, 54, 214, 124, 106, 233, 144, 121, 46, 229, 175, 37, 132,
       104, 242, 192, 57, 108, 180, 188, 115, 141, 125, 81, 139, 67, 119,
       173, 24, 218, 125, 74, 43, 137, 18, 249, 16, 58, 98, 251, 145,
       207, 219, 81, 127, 210, 76, 214, 98, 85, 93, 61, 111, 176, 14, 79,
       189, 36, 232, 255, 64, 247, 119, 137, 112, 20, 246, 92, 110, 233,
       145, 121, 46, 241, 239, 37, 148, 104, 243, 192, 33, 204, 112, 189,
       99, 45, 111, 83, 152, 123, 251, 37, 24, 223, 93, 73, 59, 145, 84,
       124, 58, 35, 100, 251, 18, 207, 219, 101, 116, 194, 123, 71, 115,
       236, 180, 189, 99, 173, 109, 81, 152, 111, 123, 165, 24, 222, 117,
       72, 59, 145, 18, 124, 58, 59, 100, 251, 18, 207, 219, 81, 125,
       210, 75, 70, 115, 232, 180, 188, 251, 173, 253, 85, 47, 251, 123,
       165, 24, 190, 189, 76, 59, 137, 18, 249, 0, 59, 110, 250, 147,
       207, 219, 80, 127, 210, 72, 198, 106, 28, 229, 254, 167, 174, 11,
       254, 248, 126, 250, 243, 2, 223, 106, 25, 107, 251, 205, 127, 115,
       224, 241, 203, 252, 254, 235, 239, 148, 165, 251, 241, 129, 92,
       181, 253, 114, 155, 233, 85, 207, 178, 21, 173, 24, 31, 247, 72,
       58, 35, 147, 232, 16, 58, 107, 186, 114, 251, 199, 21, 125, 224,
       65, 166, 98, 92, 224, 188, 183, 172, 14, 127, 184, 174, 250, 179,
       1, 223, 111, 89, 75, 255, 213, 125, 231, 200, 193, 203, 185, 207,
       251, 239, 148, 164, 243, 33, 65, 120, 176, 188, 240, 41, 205, 89,
       26, 187, 191, 180, 24, 191, 191, 64, 123, 135, 151, 253, 24, 58,
       79, 242, 17, 219, 251, 115, 251, 194, 128, 71, 123, 232, 188, 180,
       248, 173, 253, 84, 159, 255, 187, 188, 24, 190, 251, 68, 27, 201,
       246, 127, 16, 186, 111, 243, 179, 219, 255, 87, 123, 210, 88, 210,
       11, 248, 188, 188, 248, 173, 253, 85, 223, 255, 59, 180, 24, 191,
       253, 64, 59, 205, 179, 255, 24, 58, 111, 242, 147, 219, 219, 85,
       123, 210, 200, 199, 59, 238, 188, 180, 252, 173, 253, 92, 255,
       255, 187, 188, 24, 251, 248, 84, 123, 201, 247, 127, 152, 186,
       111, 251, 247, 251, 251, 215, 122, 210, 89, 242, 11, 206, 172,
       246, 255, 252, 43, 254, 222, 191, 179, 242, 154, 237, 239, 93, 75,
       127, 239, 127, 146, 178, 127, 207, 251, 190, 255, 255, 236, 151,
       249, 243, 137, 254, 236, 246, 254, 237, 173, 252, 255, 255, 187,
       183, 26, 239, 233, 92, 91, 237, 231, 127, 139, 250, 239, 219, 251,
       255, 219, 223, 184, 195, 252, 242, 10, 237, 52, 181, 87, 105, 126,
       242, 152, 123, 251, 37, 24, 222, 113, 77, 191, 145, 92, 224, 58,
       33, 116, 251, 66, 15, 222, 85, 54, 202, 115, 75, 183, 205, 209,
       157, 71, 33, 14, 103, 184, 104, 234, 111, 76, 214, 113, 8, 115,
       16, 68, 120, 110, 225, 240, 249, 8, 229, 186, 101, 20, 74, 115,
       67, 32, 205, 116, 157, 103, 161, 110, 119, 8, 120, 234, 39, 24,
       222, 113, 73, 58, 145, 92, 104, 42, 97, 244, 249, 74, 197, 186,
       69, 6, 200, 115, 67, 35, 77, 245, 189, 3, 172, 127, 167, 152, 122,
       251, 15, 76, 214, 112, 217, 42, 17, 76, 120, 127, 209, 112, 253,
       50, 237, 143, 101, 116, 200, 123, 211, 33, 201, 52, 157, 243, 129,
       124, 53, 23, 57, 243, 39, 16, 158, 55, 64, 255, 133, 23, 248, 24,
       49, 220, 243, 66, 207, 251, 86, 70, 138, 64, 143, 114, 248, 174,
       254, 120, 138, 233, 81, 215, 178, 31, 164, 185, 55, 167, 64, 27,
       35, 178, 237, 16, 58, 79, 162, 51, 219, 195, 116, 121, 224, 192,
       134, 107, 101, 115, 57, 101, 0, 14, 103, 24, 104, 172, 111, 12,
       214, 19, 9, 48, 148, 84, 68, 106, 64, 240, 185, 8, 101, 168, 33,
       4, 64, 179, 67, 35, 237, 96, 189, 99, 173, 95, 71, 136, 91, 250,
       37, 24, 214, 85, 73, 59, 145, 84, 108, 122, 105, 100, 249, 34,
       207, 219, 69, 54, 194, 123, 70, 34, 13, 117, 17, 71, 117, 78, 102,
       184, 125, 224, 106, 72, 222, 113, 13, 180, 144, 92, 80, 106, 193,
       176, 121, 46, 39, 254, 5, 6, 74, 59, 67, 177, 45, 117, 17, 71, 85,
       79, 102, 56, 105, 224, 43, 72, 214, 81, 77, 180, 144, 92, 80, 106,
       65, 240, 249, 44, 45, 156, 5, 54, 74, 59, 66, 160, 133, 221, 31,
       111, 176, 14, 111, 188, 116, 232, 94, 100, 247, 115, 129, 112, 54,
       110, 52, 110, 225, 144, 125, 47, 228, 175, 39, 128, 40, 242, 129,
       57, 228, 176, 157, 250, 232, 205, 1, 143, 218, 49, 160, 24, 182,
       241, 72, 123, 129, 82, 106, 24, 51, 111, 219, 49, 221, 146, 117,
       124, 216, 72, 199, 170, 176, 172, 155, 127, 156, 231, 68, 250,
       118, 139, 226, 16, 243, 243, 32, 121, 217, 126, 34, 8, 43, 250,
       91, 63, 201, 239, 117, 64, 192, 224, 100, 170, 166, 244, 99, 18,
       229, 249, 84, 197, 249, 95, 113, 61, 34, 204, 30, 29, 137, 170,
       197, 22, 62, 118, 250, 183, 39, 80, 16, 107, 195, 92, 214, 215,
       216, 158, 159, 116, 168, 12, 85, 183, 160, 158, 178, 120, 255,
       243, 64, 91, 133, 247, 109, 2, 120, 79, 194, 32, 211, 235, 119,
       152, 162, 112, 131, 43, 85, 221, 127, 103, 180, 78, 111, 188, 96,
       232, 254, 68, 247, 119, 137, 114, 84, 212, 92, 106, 233, 176, 249,
       46, 229, 239, 37, 148, 104, 243, 66, 57, 237, 113, 189, 103, 44,
       78, 87, 152, 104, 234, 55, 72, 215, 85, 73, 59, 150, 84, 124, 106,
       233, 244, 249, 40, 231, 201, 101, 52, 72, 179, 70, 113, 21, 149,
       57, 231, 180, 111, 79, 185, 52, 170, 255, 96, 247, 119, 136, 112,
       55, 214, 29, 106, 249, 144, 121, 63, 233, 175, 37, 148, 32, 243,
       192, 33, 216, 142, 93, 180, 168, 42, 76, 175, 164, 54, 170, 24,
       239, 35, 0, 219, 35, 231, 109, 42, 120, 205, 65, 45, 241, 227,
       118, 17, 32, 240, 133, 40, 236, 176, 189, 115, 173, 125, 81, 25,
       251, 123, 165, 24, 222, 125, 72, 59, 145, 18, 253, 16, 59, 108,
       251, 17, 207, 219, 81, 127, 210, 74, 198, 34, 228, 96, 220, 101,
       44, 10, 71, 24, 96, 162, 167, 8, 211, 17, 193, 59, 24, 212, 108,
       106, 72, 246, 233, 8, 231, 169, 101, 52, 96, 243, 66, 32, 232,
