%YAML:1.0
---
descriptors: !!opencv-matrix
   rows: 471
   cols: 32
   dt: u
   data: [ 246, 252, 254, 255, 236, 43, 254, 255, 255, 186, 251, 58, 239,
       255, 124, 83, 255, 255, 127, 163, 250, 111, 203, 255, 190, 255,
       223, 190, 245, 251, 243, 137, 246, 173, 246, 255, 252, 171, 254,
       238, 191, 179, 251, 154, 239, 238, 92, 83, 255, 255, 127, 179,
       250, 255, 203, 255, 190, 254, 223, 254, 245, 251, 243, 129, 164,
       237, 254, 255, 236, 43, 255, 254, 190, 187, 243, 18, 221, 235, 93,
       91, 255, 239, 127, 243, 186, 247, 203, 251, 254, 251, 239, 180,
       213, 249, 243, 129, 148, 236, 255, 247, 238, 43, 255, 252, 254,
       178, 243, 18, 215, 235, 89, 75, 255, 239, 127, 155, 242, 245, 203,
       114, 252, 171, 255, 244, 229, 249, 241, 161, 29, 197, 121, 103,
       20, 79, 71, 184, 118, 160, 111, 2, 83, 113, 9, 96, 48, 220, 24,
       106, 105, 176, 121, 30, 237, 207, 5, 20, 48, 187, 64, 32, 157,
       197, 57, 239, 180, 46, 79, 189, 52, 168, 127, 64, 247, 119, 137,
       112, 119, 254, 29, 106, 249, 144, 105, 47, 233, 237, 39, 132, 32,
       243, 128, 33, 125, 93, 127, 103, 176, 14, 79, 184, 97, 234, 254,
       100, 83, 119, 137, 113, 54, 212, 124, 106, 233, 144, 121, 46, 227,
       239, 37, 132, 104, 243, 64, 49, 125, 113, 253, 103, 172, 78, 71,
       184, 97, 250, 183, 76, 211, 117, 201, 51, 148, 212, 124, 106, 201,
       112, 249, 8, 231, 249, 101, 52, 104, 243, 66, 113, 69, 117, 49,
       71, 117, 78, 103, 56, 105, 200, 107, 76, 222, 85, 13, 180, 144,
       92, 80, 106, 193, 176, 249, 15, 37, 188, 1, 2, 74, 51, 67, 161,
       124, 173, 252, 114, 138, 169, 85, 207, 178, 55, 172, 185, 51, 231,
       66, 27, 35, 211, 109, 24, 58, 75, 170, 51, 219, 199, 117, 121,
       224, 193, 134, 106, 104, 180, 188, 122, 237, 253, 81, 139, 223,
       127, 165, 24, 222, 253, 74, 58, 137, 26, 251, 16, 58, 110, 250,
       147, 207, 223, 80, 127, 210, 72, 198, 98, 232, 189, 180, 254, 157,
       253, 212, 39, 223, 91, 172, 24, 190, 189, 36, 51, 201, 187, 251,
       16, 58, 107, 114, 183, 235, 223, 84, 123, 210, 76, 214, 202, 248,
       172, 222, 120, 136, 233, 81, 119, 179, 23, 164, 57, 55, 183, 66,
       27, 137, 178, 237, 16, 58, 79, 194, 49, 219, 195, 116, 121, 224,
       192, 238, 202, 246, 205, 246, 207, 221, 15, 254, 232, 63, 178,
       234, 10, 78, 234, 61, 80, 253, 223, 123, 227, 224, 243, 217, 238,
       191, 254, 207, 38, 81, 123, 241, 130, 120, 152, 156, 252, 138,
       232, 81, 23, 179, 55, 166, 56, 55, 183, 66, 90, 35, 182, 109, 16,
       58, 79, 130, 17, 217, 227, 112, 121, 160, 192, 134, 43, 208, 184,
       191, 240, 10, 233, 17, 23, 166, 83, 134, 56, 183, 151, 64, 91, 39,
       179, 125, 17, 26, 77, 147, 17, 217, 193, 114, 121, 160, 64, 37,
       43, 208, 24, 191, 116, 136, 110, 81, 51, 244, 219, 162, 24, 247,
       55, 1, 123, 35, 246, 124, 56, 57, 77, 179, 12, 217, 227, 116, 16,
       160, 224, 4, 123, 240, 188, 252, 114, 136, 173, 85, 247, 178, 191,
       164, 25, 51, 227, 66, 27, 33, 246, 109, 24, 58, 79, 250, 35, 217,
       203, 117, 121, 224, 192, 198, 107, 77, 117, 16, 67, 241, 94, 118,
       184, 123, 232, 47, 8, 222, 112, 77, 180, 145, 92, 112, 122, 101,
       240, 249, 78, 175, 255, 5, 38, 202, 115, 203, 183, 77, 117, 156,
       103, 177, 14, 118, 184, 121, 234, 239, 12, 223, 115, 11, 48, 146,
       213, 108, 106, 73, 240, 217, 46, 239, 255, 37, 7, 202, 115, 75,
       19, 69, 117, 149, 39, 165, 111, 118, 168, 107, 234, 171, 76, 214,
       112, 73, 50, 177, 68, 124, 115, 69, 240, 217, 42, 173, 222, 69,
       54, 200, 115, 75, 23, 105, 253, 177, 115, 173, 221, 85, 183, 123,
       127, 44, 28, 190, 61, 94, 182, 133, 70, 252, 28, 255, 120, 251,
       163, 239, 223, 21, 119, 202, 212, 206, 127, 208, 174, 255, 114,
       170, 232, 85, 199, 178, 23, 160, 56, 55, 247, 64, 27, 39, 247,
       108, 144, 58, 79, 162, 99, 217, 163, 116, 121, 224, 192, 166, 107,
       52, 197, 2, 174, 221, 70, 70, 232, 21, 164, 233, 10, 70, 224, 45,
       208, 216, 204, 106, 99, 76, 179, 89, 111, 177, 182, 135, 23, 81,
       59, 126, 134, 197, 176, 157, 83, 136, 110, 36, 153, 186, 251, 35,
       80, 212, 115, 200, 123, 5, 86, 120, 26, 51, 68, 251, 98, 205, 170,
       119, 68, 136, 113, 131, 48, 129, 142, 223, 59, 160, 170, 105, 151,
       118, 147, 98, 208, 247, 227, 208, 73, 115, 110, 42, 28, 51, 220,
       15, 51, 204, 175, 119, 64, 172, 192, 224, 168, 253, 121, 93, 103,
       168, 14, 71, 188, 224, 250, 167, 76, 83, 113, 153, 51, 32, 196,
       108, 110, 233, 99, 251, 40, 240, 233, 101, 20, 105, 179, 194, 33,
       109, 101, 242, 103, 244, 31, 118, 184, 121, 168, 122, 105, 219,
       121, 221, 178, 182, 76, 85, 111, 196, 240, 137, 42, 111, 223, 37,
       2, 70, 247, 66, 135, 5, 95, 31, 135, 176, 14, 111, 188, 124, 234,
       90, 100, 213, 114, 145, 112, 54, 109, 62, 110, 225, 208, 77, 110,
       228, 174, 111, 132, 12, 243, 1, 49, 69, 113, 17, 71, 145, 79, 118,
       184, 104, 224, 107, 8, 222, 113, 9, 48, 144, 92, 80, 106, 65, 176,
       249, 12, 37, 188, 5, 54, 72, 51, 67, 178, 65, 48, 25, 69, 1, 78,
       112, 0, 104, 224, 35, 8, 214, 19, 1, 50, 144, 84, 64, 106, 1, 240,
       241, 8, 197, 184, 65, 6, 72, 34, 67, 34, 236, 116, 149, 103, 141,
       111, 71, 152, 59, 190, 39, 28, 214, 115, 73, 127, 145, 84, 120,
       122, 113, 84, 249, 2, 199, 250, 69, 52, 138, 115, 70, 114, 108,
       229, 156, 122, 201, 77, 87, 137, 51, 83, 173, 24, 86, 247, 74, 27,
       153, 210, 113, 90, 122, 66, 219, 51, 235, 159, 69, 125, 210, 115,
       198, 98, 233, 188, 189, 114, 137, 125, 81, 155, 251, 247, 164, 24,
       190, 245, 66, 63, 129, 86, 120, 24, 51, 109, 250, 35, 203, 219,
       85, 122, 194, 64, 199, 122, 69, 55, 149, 67, 160, 46, 102, 153,
       122, 187, 43, 84, 222, 114, 201, 254, 149, 71, 124, 122, 149, 80,
       201, 98, 172, 190, 103, 70, 136, 115, 131, 5, 212, 197, 254, 191,
       190, 43, 255, 252, 62, 178, 251, 26, 247, 235, 121, 83, 123, 239,
       127, 99, 224, 247, 139, 239, 252, 235, 239, 164, 53, 251, 209,
       129, 120, 58, 255, 112, 42, 232, 81, 86, 162, 191, 164, 56, 55,
       183, 64, 26, 39, 182, 109, 24, 26, 111, 178, 33, 219, 195, 112,
       121, 224, 192, 6, 123, 220, 146, 188, 247, 172, 108, 89, 152, 191,
       187, 183, 56, 223, 247, 73, 123, 167, 213, 125, 26, 186, 69, 251,
       48, 219, 251, 119, 148, 160, 241, 5, 51, 224, 164, 156, 250, 204,
       237, 65, 143, 158, 51, 164, 24, 182, 241, 72, 123, 129, 154, 106,
       24, 50, 111, 218, 51, 221, 146, 84, 121, 144, 72, 197, 42, 5, 120,
       19, 69, 64, 78, 227, 48, 104, 200, 99, 72, 242, 16, 133, 180, 48,
       124, 80, 106, 193, 176, 53, 108, 37, 184, 0, 2, 72, 51, 67, 164,
       232, 188, 180, 254, 253, 253, 220, 223, 223, 251, 188, 24, 250,
       253, 84, 59, 201, 254, 127, 24, 186, 111, 251, 179, 251, 255, 213,
       127, 210, 220, 210, 202, 216, 180, 188, 248, 169, 237, 81, 155,
       187, 251, 180, 24, 191, 247, 72, 59, 133, 151, 125, 24, 59, 111,
       250, 19, 219, 251, 117, 125, 226, 192, 198, 115, 248, 188, 188,
       112, 173, 253, 81, 223, 251, 123, 180, 24, 191, 253, 66, 59, 133,
       179, 253, 24, 59, 111, 242, 147, 219, 219, 117, 121, 194, 200,
       198, 123, 89, 190, 190, 48, 168, 189, 29, 215, 162, 127, 180, 189,
       63, 191, 66, 59, 135, 183, 253, 20, 190, 75, 178, 33, 219, 203,
       117, 249, 194, 196, 142, 219, 85, 85, 25, 103, 176, 14, 111, 184,
       112, 234, 127, 100, 211, 115, 153, 112, 22, 68, 124, 110, 233,
       176, 253, 46, 236, 175, 37, 132, 104, 243, 66, 49, 176, 93, 18,
       190, 89, 199, 22, 108, 151, 4, 232, 9, 102, 218, 32, 212, 216,
       123, 194, 98, 108, 43, 82, 190, 177, 246, 0, 59, 80, 30, 46, 142,
       153, 205, 73, 111, 176, 138, 79, 188, 116, 162, 110, 192, 243, 99,
       144, 112, 115, 238, 12, 110, 105, 152, 45, 63, 234, 239, 37, 4,
       62, 242, 224, 40, 240, 238, 220, 122, 170, 169, 85, 207, 183, 55,
       164, 185, 39, 231, 74, 27, 15, 243, 237, 16, 58, 111, 10, 51, 251,
