%YAML:1.0
---
descriptors: !!opencv-matrix
   rows: 99
   cols: 32
   dt: u
   data: [ 92, 125, 188, 230, 168, 78, 95, 184, 36, 254, 191, 13, 215,
       127, 75, 83, 182, 245, 125, 110, 72, 67, 251, 40, 251, 201, 103,
       181, 32, 243, 45, 83, 236, 113, 253, 103, 172, 79, 95, 184, 81,
       238, 55, 8, 211, 85, 217, 59, 24, 212, 125, 106, 105, 244, 249,
       40, 231, 217, 101, 181, 98, 187, 86, 115, 200, 221, 191, 254, 185,
       220, 125, 183, 191, 95, 126, 116, 190, 255, 162, 123, 167, 119,
       255, 16, 243, 73, 178, 227, 239, 251, 118, 139, 202, 212, 135,
       123, 197, 93, 21, 231, 48, 14, 111, 184, 124, 232, 114, 116, 215,
       82, 129, 241, 150, 93, 124, 110, 225, 212, 121, 110, 164, 186, 39,
       132, 8, 177, 1, 49, 5, 95, 157, 199, 176, 14, 111, 188, 124, 232,
       126, 68, 215, 119, 153, 228, 54, 116, 126, 110, 193, 176, 121,
       110, 237, 190, 39, 132, 8, 242, 1, 49, 13, 157, 191, 239, 180, 14,
       111, 191, 116, 235, 126, 100, 255, 119, 152, 113, 119, 126, 63,
       40, 209, 216, 105, 47, 239, 239, 39, 196, 162, 242, 193, 249, 216,
       221, 188, 229, 188, 78, 95, 190, 52, 238, 158, 9, 247, 127, 3,
       114, 215, 247, 125, 106, 104, 201, 249, 46, 251, 239, 111, 145,
       32, 240, 141, 123, 13, 221, 125, 71, 176, 30, 111, 188, 117, 232,
       126, 100, 255, 119, 153, 116, 54, 118, 124, 110, 225, 248, 121,
       47, 239, 255, 39, 128, 106, 242, 64, 121, 124, 117, 252, 231, 168,
       78, 95, 184, 33, 236, 191, 12, 215, 119, 75, 19, 150, 213, 125,
       106, 200, 82, 249, 8, 247, 233, 101, 180, 32, 243, 198, 115, 62,
       109, 98, 238, 86, 27, 238, 248, 31, 160, 249, 138, 75, 238, 189,
       112, 126, 237, 23, 226, 200, 178, 172, 255, 54, 252, 135, 172,
       119, 191, 114, 132, 6, 229, 246, 239, 221, 15, 254, 236, 63, 160,
       251, 2, 205, 238, 29, 64, 255, 223, 127, 227, 224, 243, 217, 255,
       191, 254, 143, 4, 69, 123, 225, 128, 173, 96, 232, 251, 236, 61,
       207, 216, 95, 250, 181, 26, 219, 237, 221, 43, 221, 216, 87, 127,
       186, 102, 239, 178, 207, 219, 229, 252, 215, 249, 82, 161, 252,
       188, 180, 250, 173, 253, 84, 223, 219, 187, 180, 24, 255, 249, 88,
       123, 201, 198, 127, 24, 186, 111, 251, 179, 219, 219, 213, 126,
       210, 92, 210, 10, 249, 188, 188, 250, 173, 253, 85, 223, 251, 251,
       180, 24, 254, 249, 72, 59, 137, 246, 253, 24, 186, 111, 250, 179,
       219, 219, 85, 127, 210, 216, 194, 106, 248, 188, 190, 118, 173,
       237, 85, 223, 251, 187, 181, 24, 255, 255, 72, 59, 133, 247, 253,
       16, 59, 111, 250, 179, 219, 219, 117, 123, 194, 72, 198, 59, 111,
       191, 168, 19, 253, 189, 222, 159, 219, 125, 188, 13, 170, 236, 86,
       150, 205, 106, 250, 29, 159, 106, 254, 179, 47, 95, 149, 123, 219,
       92, 218, 222, 166, 205, 32, 154, 212, 161, 142, 238, 22, 2, 89,
       18, 64, 104, 61, 65, 89, 74, 19, 243, 242, 38, 8, 191, 40, 14,
       143, 228, 149, 123, 240, 128, 200, 184, 179, 250, 137, 237, 17,
       207, 191, 91, 160, 24, 190, 247, 96, 188, 129, 51, 249, 16, 27,
       79, 250, 243, 217, 214, 93, 123, 146, 64, 135, 58, 205, 92, 21,
       247, 33, 94, 109, 184, 124, 250, 119, 84, 223, 86, 129, 255, 135,
       84, 124, 106, 225, 212, 121, 108, 133, 251, 103, 132, 10, 177, 1,
       113, 172, 172, 222, 255, 252, 171, 236, 255, 191, 179, 243, 18,
       253, 234, 93, 75, 255, 239, 127, 147, 50, 253, 203, 243, 188, 251,
       255, 244, 213, 249, 243, 129, 156, 172, 254, 187, 238, 171, 252,
       255, 254, 179, 247, 18, 223, 235, 88, 75, 255, 255, 127, 155, 178,
       253, 203, 243, 222, 235, 255, 228, 228, 249, 161, 129, 216, 188,
       188, 250, 168, 236, 93, 159, 187, 187, 182, 24, 191, 247, 64, 123,
       135, 215, 253, 24, 58, 79, 251, 49, 219, 251, 119, 248, 128, 208,
       135, 59, 216, 148, 158, 246, 168, 172, 93, 159, 190, 187, 183, 56,
       223, 247, 72, 91, 135, 215, 125, 24, 58, 77, 219, 51, 219, 251,
       119, 252, 128, 192, 131, 59, 38, 205, 98, 222, 212, 131, 238, 236,
       87, 0, 120, 2, 104, 232, 61, 32, 121, 234, 23, 195, 202, 186, 14,
       255, 62, 14, 143, 136, 85, 251, 112, 140, 118, 101, 98, 238, 92,
       3, 238, 232, 31, 160, 249, 10, 107, 235, 61, 80, 122, 205, 23,
       226, 200, 178, 217, 254, 55, 252, 135, 44, 119, 187, 114, 128,
       118, 32, 246, 239, 108, 43, 250, 200, 127, 178, 243, 10, 207, 234,
       93, 91, 255, 205, 127, 243, 136, 247, 203, 200, 158, 254, 207,
       180, 229, 251, 115, 129, 246, 96, 254, 239, 108, 11, 254, 248, 61,
       162, 243, 10, 207, 234, 29, 83, 254, 205, 127, 227, 232, 247, 201,
       236, 182, 250, 207, 148, 101, 187, 99, 129, 6, 229, 114, 239, 221,
       79, 254, 232, 63, 160, 251, 2, 204, 250, 29, 64, 250, 205, 127,
       227, 64, 179, 217, 254, 191, 254, 143, 7, 69, 63, 101, 130, 6,
       229, 246, 239, 221, 79, 254, 232, 63, 164, 251, 2, 204, 254, 29,
       80, 251, 221, 255, 227, 64, 243, 217, 254, 191, 254, 143, 7, 69,
       123, 103, 130, 252, 188, 188, 242, 173, 253, 81, 223, 251, 187,
       164, 24, 255, 249, 72, 59, 137, 246, 253, 16, 58, 111, 250, 177,
       219, 219, 85, 127, 210, 72, 198, 43, 234, 172, 164, 254, 141, 173,
       204, 223, 223, 187, 184, 24, 234, 251, 92, 27, 201, 231, 127, 16,
       186, 111, 219, 243, 219, 255, 215, 126, 210, 120, 210, 138, 2,
       205, 34, 158, 214, 130, 174, 230, 190, 64, 90, 131, 44, 238, 49,
       64, 127, 107, 179, 199, 226, 152, 14, 255, 60, 38, 158, 128, 21,
       85, 49, 216, 230, 173, 182, 255, 221, 175, 254, 255, 255, 187,
       250, 26, 238, 235, 92, 91, 253, 239, 127, 145, 186, 239, 219, 255,
       191, 254, 223, 124, 211, 120, 243, 136, 173, 100, 188, 247, 236,
       63, 205, 218, 91, 250, 181, 26, 219, 125, 221, 43, 221, 204, 127,
       123, 168, 118, 235, 178, 207, 219, 245, 188, 199, 249, 82, 225,
       246, 101, 118, 239, 126, 11, 254, 232, 61, 160, 243, 2, 207, 106,
       29, 81, 254, 205, 127, 227, 232, 247, 201, 236, 182, 250, 207,
       150, 37, 187, 97, 128, 201, 221, 127, 103, 176, 94, 111, 189, 125,
       232, 118, 100, 255, 119, 144, 117, 54, 116, 124, 110, 225, 248,
       121, 47, 239, 251, 39, 128, 10, 176, 193, 121, 209, 24, 189, 116,
       168, 108, 85, 55, 224, 251, 166, 24, 247, 183, 64, 123, 129, 247,
       124, 8, 57, 109, 179, 0, 209, 235, 119, 16, 232, 96, 135, 59, 248,
       184, 191, 112, 168, 237, 81, 211, 162, 91, 164, 24, 55, 247, 64,
       59, 131, 178, 252, 16, 59, 111, 178, 49, 219, 203, 116, 121, 224,
       192, 198, 107, 107, 191, 168, 59, 189, 253, 219, 255, 219, 253,
       188, 13, 170, 236, 86, 130, 205, 106, 255, 29, 159, 106, 250, 183,
       239, 93, 149, 123, 218, 206, 222, 222, 233, 184, 152, 82, 173,
       253, 80, 151, 251, 123, 164, 28, 190, 179, 70, 190, 129, 90, 252,
       24, 55, 111, 250, 243, 159, 219, 85, 123, 202, 68, 203, 30, 205,
       48, 189, 85, 173, 126, 85, 27, 251, 251, 167, 28, 222, 252, 95,
       255, 133, 70, 252, 28, 181, 101, 251, 192, 223, 251, 85, 86, 202,
       100, 203, 119, 254, 126, 255, 254, 43, 210, 159, 252, 191, 206,
       244, 167, 109, 255, 167, 243, 254, 245, 255, 226, 232, 71, 186,
       253, 243, 243, 239, 191, 55, 247, 46, 251, 134, 236, 148, 151,
       201, 180, 182, 175, 31, 183, 75, 17, 236, 234, 79, 207, 193, 111,
       235, 19, 118, 220, 219, 247, 45, 54, 223, 71, 128, 125, 141, 142,
       134, 205, 164, 158, 156, 35, 142, 236, 22, 243, 89, 147, 96, 238,
       121, 65, 93, 123, 51, 247, 242, 212, 15, 255, 40, 6, 207, 196,
       149, 127, 176, 88, 252, 180, 189, 114, 173, 109, 85, 139, 251,
       255, 165, 24, 214, 245, 72, 59, 129, 214, 124, 24, 59, 111, 251,
       18, 219, 219, 85, 126, 192, 121, 198, 114, 118, 32, 215, 175, 252,
       43, 234, 200, 63, 177, 243, 74, 222, 234, 93, 88, 123, 205, 127,
       243, 25, 243, 203, 218, 156, 190, 175, 252, 253, 107, 115, 160,
       246, 97, 94, 143, 76, 79, 238, 232, 63, 162, 243, 10, 222, 234,
       29, 83, 250, 237, 127, 227, 104, 247, 219, 252, 181, 186, 207, 20,
