%YAML:1.0
---
descriptors: !!opencv-matrix
   rows: 252
   cols: 32
   dt: u
   data: [ 120, 184, 253, 112, 168, 253, 81, 223, 227, 125, 164, 24, 59,
       183, 194, 59, 39, 210, 236, 24, 26, 107, 178, 49, 219, 203, 117,
       125, 227, 192, 198, 123, 93, 93, 125, 103, 176, 78, 79, 184, 96,
       232, 191, 76, 247, 119, 137, 114, 54, 212, 92, 106, 201, 129, 121,
       46, 243, 237, 37, 148, 96, 243, 194, 113, 252, 236, 253, 118, 136,
       109, 85, 254, 179, 190, 165, 24, 83, 247, 73, 31, 9, 214, 108, 42,
       104, 103, 250, 42, 219, 202, 117, 61, 225, 241, 198, 42, 188, 36,
       252, 114, 137, 109, 85, 218, 151, 183, 165, 24, 83, 241, 75, 27,
       9, 218, 239, 26, 58, 103, 218, 50, 91, 207, 85, 125, 243, 249,
       206, 34, 96, 172, 157, 250, 204, 237, 81, 143, 158, 19, 160, 24,
       182, 243, 72, 123, 193, 114, 106, 24, 51, 107, 218, 49, 221, 163,
       118, 121, 208, 72, 135, 42, 85, 69, 93, 101, 176, 46, 79, 184,
       108, 160, 170, 72, 215, 113, 1, 115, 18, 212, 124, 106, 105, 176,
       121, 12, 229, 235, 101, 20, 96, 243, 64, 32, 248, 76, 157, 116,
       168, 12, 85, 190, 176, 186, 166, 121, 119, 55, 1, 91, 135, 215,
       109, 2, 104, 71, 203, 32, 211, 235, 117, 24, 96, 240, 134, 43, 69,
       103, 145, 103, 176, 46, 102, 152, 123, 184, 43, 68, 222, 114, 201,
       254, 151, 69, 108, 126, 145, 208, 201, 98, 172, 254, 39, 70, 136,
       243, 163, 5, 69, 113, 17, 69, 81, 14, 102, 48, 104, 232, 99, 76,
       214, 17, 1, 52, 144, 68, 64, 106, 193, 176, 209, 12, 37, 188, 1,
       4, 72, 51, 67, 33, 92, 144, 188, 247, 44, 108, 121, 152, 175, 187,
       183, 56, 223, 87, 73, 91, 231, 213, 125, 58, 42, 65, 219, 144,
       203, 251, 119, 189, 128, 225, 7, 115, 229, 70, 111, 103, 180, 14,
       103, 184, 112, 170, 123, 76, 211, 97, 153, 112, 17, 196, 108, 110,
       233, 180, 205, 46, 228, 175, 37, 144, 72, 243, 82, 33, 216, 176,
       188, 240, 169, 253, 89, 27, 187, 59, 180, 24, 159, 247, 72, 59,
       133, 151, 253, 24, 186, 111, 242, 19, 219, 251, 112, 252, 194,
       192, 70, 115, 229, 207, 13, 103, 180, 14, 103, 184, 112, 234, 123,
       76, 211, 97, 152, 112, 20, 68, 108, 110, 233, 176, 237, 46, 228,
       175, 37, 20, 72, 243, 210, 33, 232, 188, 188, 248, 173, 253, 80,
       215, 255, 123, 180, 24, 191, 253, 80, 59, 205, 179, 253, 17, 186,
       111, 242, 147, 219, 219, 84, 123, 210, 200, 198, 59, 210, 236,
       246, 254, 253, 175, 254, 239, 255, 187, 250, 18, 238, 234, 20, 91,
       255, 239, 127, 145, 186, 255, 219, 255, 189, 254, 223, 244, 229,
       120, 243, 136, 242, 172, 164, 254, 253, 173, 220, 255, 255, 187,
       242, 24, 235, 249, 84, 91, 205, 239, 127, 145, 186, 111, 219, 243,
       191, 222, 223, 250, 211, 88, 226, 10, 254, 172, 214, 255, 252, 43,
       254, 239, 191, 179, 250, 18, 239, 234, 61, 91, 255, 239, 127, 163,
       56, 255, 203, 251, 190, 254, 223, 188, 213, 248, 211, 129, 230,
       172, 246, 255, 252, 171, 238, 239, 191, 179, 242, 18, 205, 234,
       124, 123, 251, 239, 127, 145, 186, 255, 203, 243, 190, 255, 223,
       188, 213, 121, 243, 133, 182, 172, 254, 255, 252, 169, 252, 255,
       191, 179, 254, 147, 253, 239, 124, 75, 239, 239, 127, 157, 178,
       255, 203, 243, 254, 255, 255, 252, 213, 248, 243, 129, 229, 207,
       13, 71, 180, 14, 103, 188, 112, 170, 123, 92, 211, 97, 145, 112,
       21, 70, 108, 110, 249, 176, 109, 46, 172, 174, 37, 148, 72, 243,
       210, 33, 137, 142, 219, 255, 176, 171, 111, 159, 118, 131, 102,
       80, 247, 99, 176, 104, 115, 106, 14, 12, 51, 220, 45, 63, 204,
       239, 55, 64, 190, 208, 225, 40, 205, 52, 157, 117, 129, 110, 113,
       19, 57, 243, 47, 28, 158, 55, 65, 251, 133, 23, 120, 24, 49, 220,
       241, 66, 207, 255, 85, 22, 138, 96, 131, 50, 252, 188, 253, 114,
       168, 109, 65, 218, 178, 183, 164, 24, 23, 247, 65, 27, 3, 214,
       108, 24, 58, 79, 250, 34, 217, 195, 117, 124, 224, 241, 198, 99,
       240, 162, 254, 120, 138, 233, 81, 71, 178, 23, 164, 184, 7, 167,
       72, 27, 35, 147, 109, 144, 58, 79, 162, 17, 217, 131, 116, 121,
       224, 192, 166, 98, 244, 164, 252, 114, 136, 109, 85, 223, 178, 55,
       165, 24, 87, 247, 72, 27, 1, 214, 109, 24, 58, 71, 218, 18, 217,
       195, 117, 125, 224, 208, 134, 98, 248, 188, 156, 50, 137, 237, 84,
       143, 178, 55, 164, 25, 63, 183, 74, 27, 129, 211, 237, 16, 62, 79,
       218, 51, 219, 195, 117, 125, 176, 80, 142, 10, 197, 113, 153, 103,
       97, 76, 117, 32, 104, 232, 35, 8, 214, 49, 73, 59, 144, 84, 104,
       106, 65, 240, 241, 0, 69, 184, 69, 2, 72, 115, 67, 34, 85, 221,
       125, 103, 176, 78, 79, 188, 96, 232, 190, 68, 247, 119, 137, 112,
       86, 212, 92, 106, 233, 129, 121, 46, 227, 239, 37, 148, 104, 243,
       64, 49, 252, 252, 252, 118, 169, 109, 85, 255, 179, 190, 165, 24,
       119, 247, 73, 27, 137, 246, 237, 10, 120, 103, 250, 32, 219, 203,
       117, 61, 226, 241, 198, 106, 20, 213, 121, 231, 180, 46, 79, 184,
       52, 170, 255, 96, 215, 119, 137, 112, 55, 222, 93, 106, 249, 144,
       105, 62, 233, 239, 37, 212, 32, 243, 192, 33, 44, 52, 185, 99,
       173, 111, 83, 152, 91, 255, 165, 24, 223, 93, 73, 58, 145, 92,
       124, 58, 59, 100, 249, 18, 207, 223, 49, 125, 192, 123, 71, 115,
       148, 221, 249, 239, 180, 46, 111, 184, 54, 170, 255, 112, 215,
       115, 137, 80, 119, 222, 125, 122, 249, 148, 105, 62, 232, 239, 39,
       148, 160, 243, 129, 33, 252, 112, 189, 119, 44, 78, 87, 152, 122,
       186, 183, 24, 215, 85, 73, 59, 148, 212, 124, 122, 233, 116, 251,
       32, 195, 219, 101, 52, 192, 243, 70, 115, 125, 69, 93, 101, 160,
       78, 71, 189, 96, 160, 170, 8, 215, 115, 1, 115, 50, 212, 108, 106,
       105, 176, 249, 12, 225, 235, 101, 20, 96, 242, 194, 32, 220, 180,
       140, 181, 139, 38, 21, 191, 178, 183, 134, 157, 215, 103, 74, 91,
       69, 215, 233, 148, 56, 205, 219, 10, 203, 227, 221, 53, 160, 112,
       134, 122, 232, 248, 188, 254, 141, 221, 85, 135, 219, 19, 164, 24,
       190, 189, 68, 27, 201, 178, 249, 0, 106, 111, 242, 179, 219, 219,
       84, 59, 210, 88, 214, 10, 69, 103, 145, 39, 176, 14, 110, 152,
       120, 168, 42, 64, 215, 98, 201, 242, 147, 69, 108, 126, 113, 208,
       201, 106, 172, 254, 39, 68, 136, 243, 195, 1, 77, 241, 145, 103,
       25, 15, 102, 184, 110, 176, 43, 76, 246, 113, 73, 50, 145, 76,
       104, 106, 195, 96, 217, 29, 237, 189, 5, 60, 72, 51, 67, 35, 69,
       99, 17, 69, 116, 15, 102, 48, 104, 168, 123, 76, 214, 0, 153, 180,
       144, 68, 68, 110, 193, 180, 209, 12, 36, 188, 33, 4, 72, 179, 74,
       5, 54, 245, 118, 239, 254, 11, 254, 248, 63, 160, 251, 103, 206,
       251, 61, 64, 255, 205, 127, 227, 224, 243, 217, 254, 252, 254,
       143, 182, 85, 123, 115, 131, 39, 229, 242, 207, 252, 11, 238, 248,
       127, 160, 251, 10, 233, 251, 29, 80, 251, 205, 127, 235, 232, 243,
       201, 255, 190, 254, 143, 172, 87, 187, 114, 128, 92, 65, 126, 167,
       172, 11, 110, 184, 44, 160, 251, 170, 223, 107, 153, 67, 254, 205,
       127, 227, 200, 243, 201, 236, 244, 235, 111, 148, 36, 187, 33, 0,
       237, 241, 29, 103, 140, 14, 71, 184, 96, 232, 167, 76, 242, 113,
       25, 51, 148, 68, 108, 110, 233, 96, 217, 41, 231, 249, 101, 20,
       72, 243, 66, 33, 92, 97, 220, 167, 44, 10, 126, 152, 172, 184,
       151, 160, 223, 111, 153, 91, 246, 85, 125, 107, 72, 193, 201, 40,
       238, 235, 239, 148, 36, 187, 1, 1, 196, 17, 157, 246, 171, 68, 21,
       137, 186, 154, 161, 24, 92, 247, 73, 123, 192, 87, 104, 66, 33,
       71, 186, 32, 209, 243, 87, 63, 128, 49, 135, 51, 84, 177, 185,
       114, 155, 233, 17, 202, 226, 181, 173, 24, 30, 247, 72, 58, 161,
       219, 200, 16, 26, 107, 186, 112, 219, 197, 21, 127, 224, 65, 167,
       34, 92, 16, 156, 245, 44, 12, 89, 152, 175, 185, 183, 40, 223,
       119, 73, 91, 198, 213, 125, 122, 8, 65, 203, 16, 203, 251, 113,
       148, 128, 163, 3, 51, 246, 172, 150, 26, 139, 233, 20, 207, 191,
       183, 128, 25, 102, 240, 100, 159, 201, 243, 232, 17, 62, 79, 218,
