%YAML:1.0
---
descriptors: !!opencv-matrix
   rows: 224
   cols: 32
   dt: u
   data: [ 108, 245, 181, 103, 29, 79, 71, 185, 106, 176, 169, 8, 214,
       119, 72, 50, 145, 84, 120, 106, 73, 112, 249, 63, 237, 223, 5, 52,
       64, 58, 198, 114, 108, 173, 184, 122, 217, 77, 87, 168, 179, 151,
       173, 24, 242, 119, 74, 50, 153, 210, 97, 90, 58, 98, 250, 51, 235,
       223, 69, 127, 210, 115, 198, 226, 108, 97, 49, 103, 13, 79, 71,
       40, 67, 228, 237, 8, 242, 117, 73, 52, 152, 92, 121, 106, 73, 114,
       249, 56, 229, 221, 5, 48, 82, 59, 86, 98, 120, 180, 191, 112, 155,
       233, 81, 87, 243, 55, 164, 56, 23, 183, 64, 58, 35, 178, 108, 16,
       26, 111, 178, 19, 219, 207, 80, 123, 224, 64, 198, 107, 244, 124,
       253, 116, 168, 106, 69, 154, 242, 186, 166, 24, 87, 55, 65, 59, 3,
       244, 108, 58, 41, 71, 251, 2, 211, 235, 117, 60, 224, 241, 70, 35,
       209, 142, 95, 103, 176, 42, 71, 183, 116, 138, 122, 116, 243, 35,
       144, 112, 19, 102, 108, 46, 185, 188, 77, 47, 232, 175, 36, 208,
       232, 242, 192, 41, 129, 142, 79, 117, 180, 170, 106, 51, 116, 3,
       98, 208, 243, 35, 144, 113, 83, 110, 44, 44, 57, 220, 69, 15, 236,
       174, 176, 64, 172, 192, 192, 40, 60, 101, 120, 111, 93, 79, 87,
       184, 69, 164, 237, 10, 83, 53, 15, 48, 88, 220, 81, 234, 72, 178,
       121, 12, 119, 173, 129, 53, 115, 170, 70, 162, 5, 117, 17, 69,
       117, 78, 230, 56, 121, 232, 106, 76, 214, 113, 21, 180, 144, 92,
       80, 106, 225, 240, 241, 14, 39, 188, 5, 6, 74, 51, 67, 179, 37,
       117, 17, 69, 117, 95, 102, 184, 121, 232, 43, 72, 214, 112, 77,
       180, 144, 92, 80, 106, 65, 240, 249, 14, 45, 156, 5, 54, 74, 59,
       66, 180, 101, 112, 145, 71, 193, 126, 99, 152, 106, 234, 43, 72,
       210, 115, 73, 190, 17, 92, 104, 122, 1, 240, 249, 40, 13, 188, 69,
       52, 202, 115, 66, 48, 121, 184, 156, 58, 168, 189, 89, 223, 163,
       127, 180, 189, 63, 247, 66, 27, 135, 179, 253, 20, 14, 79, 234,
       49, 219, 203, 117, 249, 162, 196, 142, 91, 252, 164, 252, 118,
       137, 109, 85, 223, 163, 183, 172, 25, 119, 243, 74, 27, 9, 214,
       109, 24, 58, 111, 218, 32, 219, 195, 117, 61, 227, 240, 198, 42,
       236, 217, 21, 78, 9, 92, 70, 185, 193, 74, 164, 72, 122, 245, 140,
       247, 80, 244, 232, 106, 73, 103, 251, 169, 51, 250, 69, 58, 90,
       187, 198, 52, 252, 245, 245, 118, 168, 109, 71, 253, 179, 190,
       169, 24, 83, 119, 73, 55, 17, 214, 108, 106, 120, 103, 250, 42,
       249, 234, 101, 60, 226, 243, 198, 34, 252, 112, 189, 118, 169,
       108, 85, 222, 242, 187, 165, 24, 223, 247, 73, 59, 129, 214, 237,
       18, 56, 103, 218, 32, 219, 203, 117, 61, 226, 113, 198, 35, 252,
       68, 252, 118, 168, 110, 85, 184, 240, 178, 167, 56, 87, 119, 9,
       123, 135, 215, 108, 106, 104, 69, 203, 46, 243, 235, 117, 20, 96,
       241, 198, 35, 148, 77, 94, 119, 146, 106, 79, 184, 52, 162, 167,
       16, 87, 115, 1, 81, 49, 246, 109, 234, 104, 213, 89, 46, 233, 167,
       37, 17, 160, 241, 100, 34, 96, 217, 149, 252, 157, 77, 69, 175,
       91, 49, 40, 24, 182, 51, 76, 114, 129, 19, 104, 0, 75, 104, 211,
       51, 173, 182, 84, 126, 80, 88, 197, 42, 248, 160, 189, 116, 138,
       105, 17, 15, 162, 183, 164, 24, 23, 183, 64, 59, 129, 151, 108,
       16, 58, 111, 162, 0, 217, 195, 117, 125, 224, 64, 134, 106, 109,
       101, 97, 101, 52, 31, 126, 56, 121, 232, 123, 73, 219, 29, 157,
       176, 150, 76, 125, 110, 196, 240, 201, 12, 103, 255, 33, 20, 66,
       183, 82, 37, 76, 101, 121, 103, 50, 74, 127, 184, 41, 164, 111,
       137, 223, 87, 137, 80, 54, 93, 93, 110, 64, 208, 249, 76, 231,
       237, 37, 4, 98, 179, 7, 96, 44, 33, 123, 64, 80, 127, 67, 80, 97,
       160, 109, 8, 19, 21, 133, 52, 24, 188, 64, 106, 9, 178, 176, 12,
       87, 141, 33, 0, 99, 163, 70, 160, 108, 229, 185, 110, 185, 77, 71,
       168, 18, 29, 173, 8, 242, 119, 73, 16, 217, 74, 120, 122, 75, 66,
       251, 55, 235, 223, 5, 124, 80, 115, 70, 114, 77, 80, 157, 103,
       161, 110, 117, 184, 121, 250, 103, 64, 222, 115, 9, 123, 147, 85,
       124, 106, 97, 244, 249, 76, 197, 251, 103, 6, 72, 115, 65, 51,
       101, 117, 157, 39, 132, 47, 103, 152, 122, 234, 11, 76, 214, 113,
       89, 58, 145, 68, 120, 126, 193, 240, 217, 42, 237, 143, 101, 52,
       200, 115, 83, 32, 69, 119, 155, 103, 112, 14, 119, 184, 105, 168,
       111, 76, 214, 115, 73, 48, 148, 76, 108, 110, 193, 240, 217, 46,
       239, 253, 37, 4, 72, 51, 67, 35, 109, 103, 64, 71, 180, 27, 102,
       184, 105, 168, 127, 76, 211, 96, 157, 180, 18, 76, 68, 110, 196,
       176, 205, 46, 46, 188, 37, 4, 66, 251, 90, 4, 240, 174, 252, 112,
       170, 233, 81, 219, 178, 55, 164, 56, 19, 181, 64, 27, 11, 146,
       108, 24, 58, 111, 234, 19, 219, 203, 117, 125, 241, 200, 198, 43,
       252, 142, 156, 126, 173, 169, 84, 207, 151, 31, 160, 57, 39, 233,
       97, 155, 201, 242, 236, 16, 62, 111, 202, 51, 219, 211, 117, 123,
       242, 89, 206, 10, 44, 181, 57, 97, 253, 127, 209, 171, 95, 189,
       45, 24, 214, 61, 76, 48, 145, 30, 66, 48, 19, 120, 121, 23, 111,
       223, 21, 119, 210, 74, 198, 163, 1, 125, 16, 71, 117, 30, 230, 52,
       125, 232, 122, 76, 222, 48, 21, 180, 148, 108, 86, 106, 229, 176,
       81, 78, 39, 190, 37, 0, 74, 51, 75, 141, 37, 241, 49, 65, 221, 95,
       199, 168, 106, 241, 37, 8, 210, 85, 76, 180, 145, 92, 64, 122, 83,
       112, 249, 20, 45, 156, 5, 118, 82, 59, 198, 160, 248, 188, 127,
       116, 40, 236, 81, 23, 179, 95, 164, 61, 55, 151, 64, 27, 5, 180,
       109, 8, 42, 79, 242, 17, 211, 235, 112, 121, 96, 128, 6, 123, 221,
       78, 202, 87, 132, 62, 70, 158, 119, 174, 230, 22, 67, 96, 159,
       254, 113, 204, 44, 142, 236, 212, 237, 42, 210, 239, 245, 5, 163,
       241, 120, 4, 229, 150, 92, 107, 176, 191, 82, 190, 118, 57, 62,
       124, 211, 96, 138, 113, 23, 198, 76, 60, 174, 56, 109, 63, 110,
       239, 37, 116, 248, 218, 200, 1, 221, 46, 156, 182, 168, 60, 92,
       154, 251, 187, 163, 125, 207, 226, 203, 219, 135, 199, 108, 30,
       188, 69, 203, 32, 154, 251, 119, 252, 136, 241, 139, 1, 102, 186,
       190, 94, 234, 229, 25, 207, 171, 191, 164, 185, 36, 231, 78, 26,
       135, 119, 237, 16, 18, 79, 170, 113, 219, 147, 125, 255, 144, 112,
       135, 115, 252, 4, 220, 118, 168, 42, 85, 186, 176, 178, 167, 56,
       215, 119, 9, 91, 39, 214, 108, 42, 120, 71, 203, 42, 219, 235,
       117, 21, 224, 241, 138, 35, 192, 141, 157, 251, 136, 237, 21, 167,
       190, 23, 32, 24, 182, 243, 64, 91, 129, 122, 106, 24, 50, 72, 218,
       51, 205, 167, 116, 120, 144, 80, 135, 170, 36, 97, 59, 116, 93,
       198, 227, 96, 224, 128, 233, 0, 80, 211, 41, 48, 216, 252, 82,
       234, 72, 179, 58, 12, 113, 172, 131, 12, 64, 51, 102, 162, 65, 52,
       17, 101, 65, 78, 119, 40, 104, 226, 42, 8, 214, 17, 8, 48, 144,
       28, 64, 42, 65, 240, 209, 10, 165, 156, 1, 6, 72, 98, 67, 34, 2,
       223, 151, 186, 185, 141, 20, 166, 159, 93, 72, 101, 174, 242, 32,
       212, 133, 123, 174, 81, 95, 201, 66, 61, 168, 246, 92, 218, 152,
       84, 141, 31, 96, 251, 156, 62, 168, 201, 23, 174, 155, 191, 172,
       41, 102, 249, 67, 18, 137, 119, 237, 66, 76, 107, 202, 43, 234,
       247, 117, 59, 192, 121, 134, 75, 69, 97, 120, 101, 116, 30, 126,
       40, 105, 160, 111, 9, 223, 73, 29, 48, 178, 76, 121, 110, 68, 176,
       205, 12, 102, 253, 1, 5, 100, 179, 75, 0, 120, 40, 255, 114, 44,
       205, 81, 80, 242, 149, 164, 8, 55, 211, 64, 59, 129, 182, 108, 16,
       42, 107, 250, 49, 219, 203, 117, 121, 224, 128, 70, 42, 80, 168,
       157, 118, 168, 236, 81, 159, 162, 183, 166, 24, 247, 247, 64, 123,
       1, 247, 108, 16, 26, 73, 219, 33, 217, 163, 117, 121, 224, 192,
       134, 42, 109, 241, 57, 107, 157, 77, 71, 168, 82, 112, 173, 8,
       242, 117, 73, 48, 217, 88, 120, 122, 75, 98, 251, 63, 237, 255, 5,
       124, 80, 59, 70, 114, 205, 85, 29, 119, 160, 14, 119, 184, 120,
       234, 103, 68, 223, 115, 9, 123, 147, 84, 124, 106, 97, 244, 121,
