%YAML:1.0
---
descriptors: !!opencv-matrix
   rows: 340
   cols: 32
   dt: u
   data: [ 125, 93, 125, 103, 176, 78, 79, 184, 96, 234, 191, 68, 83,
       119, 137, 115, 54, 212, 124, 106, 233, 176, 249, 46, 247, 235,
       101, 132, 106, 243, 66, 49, 93, 85, 125, 111, 180, 14, 79, 188,
       97, 170, 254, 68, 243, 119, 137, 112, 54, 212, 92, 106, 233, 144,
       121, 46, 243, 239, 37, 148, 104, 243, 192, 49, 149, 189, 121, 231,
       180, 15, 79, 189, 52, 232, 255, 100, 215, 115, 136, 112, 119, 254,
       29, 106, 249, 152, 121, 63, 232, 239, 37, 212, 40, 243, 192, 33,
       172, 112, 189, 99, 169, 111, 83, 152, 91, 255, 53, 24, 223, 93,
       73, 59, 145, 80, 124, 122, 35, 102, 251, 18, 207, 219, 101, 125,
       194, 123, 70, 115, 252, 188, 253, 118, 136, 110, 69, 191, 178,
       191, 164, 24, 115, 119, 64, 27, 1, 246, 109, 42, 56, 111, 251, 46,
       251, 227, 117, 124, 224, 240, 198, 106, 134, 252, 254, 255, 252,
       235, 255, 239, 191, 183, 242, 58, 255, 239, 92, 75, 127, 255, 127,
       131, 122, 255, 235, 251, 253, 159, 255, 169, 245, 121, 229, 75,
       236, 180, 60, 115, 237, 125, 81, 153, 255, 59, 37, 24, 222, 125,
       74, 59, 145, 26, 253, 24, 59, 100, 251, 19, 207, 219, 81, 127,
       210, 75, 198, 242, 246, 173, 254, 191, 253, 187, 254, 239, 63,
       243, 251, 27, 239, 234, 94, 203, 255, 207, 255, 151, 182, 127,
       207, 255, 190, 223, 223, 231, 215, 253, 235, 207, 254, 172, 246,
       223, 253, 59, 254, 239, 63, 243, 251, 26, 239, 234, 92, 203, 255,
       207, 255, 179, 190, 243, 207, 235, 190, 254, 223, 175, 135, 253,
       235, 133, 246, 236, 246, 223, 239, 187, 254, 238, 191, 178, 251,
       26, 236, 235, 221, 207, 255, 239, 255, 179, 176, 247, 235, 250,
       190, 254, 223, 150, 215, 255, 227, 133, 246, 236, 246, 247, 237,
       171, 238, 252, 191, 178, 247, 26, 239, 235, 61, 75, 127, 239, 127,
       251, 232, 231, 203, 254, 190, 254, 223, 148, 135, 255, 227, 129,
       96, 168, 157, 250, 140, 205, 81, 207, 206, 17, 160, 24, 182, 243,
       104, 90, 193, 19, 104, 16, 26, 107, 218, 49, 217, 146, 84, 127,
       208, 8, 199, 42, 182, 255, 246, 250, 252, 175, 254, 253, 63, 187,
       185, 94, 235, 251, 93, 91, 255, 223, 127, 243, 250, 231, 203, 255,
       190, 254, 255, 254, 199, 251, 243, 129, 113, 13, 93, 101, 180, 14,
       71, 186, 108, 160, 170, 8, 215, 51, 1, 115, 18, 212, 124, 106,
       105, 160, 121, 12, 225, 175, 37, 20, 96, 242, 64, 32, 238, 189,
       244, 255, 172, 47, 126, 252, 191, 187, 187, 92, 235, 255, 93, 27,
       221, 223, 127, 82, 250, 107, 203, 251, 255, 255, 215, 254, 222,
       251, 210, 147, 212, 84, 253, 116, 168, 110, 85, 50, 160, 154, 182,
       56, 87, 55, 1, 123, 135, 215, 109, 42, 104, 101, 227, 8, 211, 235,
       117, 16, 96, 241, 70, 35, 238, 252, 244, 254, 173, 47, 94, 190,
       191, 251, 189, 92, 250, 251, 92, 27, 221, 199, 127, 51, 187, 103,
       219, 242, 255, 255, 245, 254, 218, 255, 210, 19, 236, 244, 180,
       255, 173, 63, 94, 188, 255, 251, 183, 92, 255, 253, 93, 59, 223,
       215, 255, 122, 251, 103, 251, 179, 255, 251, 117, 254, 202, 255,
       194, 19, 221, 252, 189, 247, 173, 62, 95, 188, 187, 250, 191, 124,
       223, 127, 73, 123, 215, 215, 253, 126, 233, 103, 251, 178, 251,
       251, 119, 188, 194, 243, 195, 51, 220, 236, 191, 247, 172, 111,
       126, 188, 255, 186, 183, 24, 223, 255, 89, 123, 247, 247, 127,
       106, 233, 229, 235, 235, 239, 251, 111, 148, 166, 243, 129, 33,
       69, 231, 144, 99, 176, 62, 110, 152, 123, 185, 59, 84, 207, 98,
       201, 250, 151, 77, 108, 126, 148, 208, 201, 66, 172, 252, 103, 68,
       136, 243, 203, 5, 77, 117, 57, 71, 240, 78, 55, 184, 57, 232, 127,
       108, 222, 119, 137, 52, 148, 92, 245, 98, 225, 240, 249, 110, 239,
       255, 37, 134, 74, 51, 7, 243, 248, 32, 255, 116, 11, 217, 81, 67,
       225, 119, 164, 24, 59, 151, 66, 187, 32, 176, 236, 8, 11, 111,
       178, 0, 211, 233, 80, 57, 99, 128, 78, 106, 69, 113, 17, 101, 1,
       14, 103, 56, 104, 232, 35, 76, 214, 49, 9, 50, 144, 68, 104, 106,
       193, 240, 217, 12, 229, 184, 5, 52, 72, 51, 67, 34, 22, 109, 86,
       239, 188, 3, 254, 232, 63, 138, 249, 131, 206, 239, 29, 0, 254,
       253, 127, 227, 104, 227, 203, 254, 190, 254, 143, 156, 101, 251,
       99, 131, 150, 236, 246, 223, 220, 59, 238, 248, 127, 162, 255, 26,
       206, 234, 189, 105, 123, 255, 127, 235, 232, 247, 239, 238, 190,
       190, 207, 164, 231, 251, 97, 132, 118, 69, 118, 230, 254, 11, 254,
       232, 127, 162, 251, 10, 76, 234, 61, 113, 255, 221, 127, 227, 224,
       243, 137, 254, 191, 254, 207, 182, 53, 251, 241, 131, 31, 101,
       246, 239, 190, 3, 238, 248, 63, 162, 251, 2, 223, 251, 29, 34,
       251, 197, 127, 239, 232, 227, 203, 238, 190, 255, 207, 156, 103,
       251, 227, 128, 117, 229, 254, 239, 238, 15, 126, 248, 62, 178,
       247, 138, 95, 235, 125, 83, 127, 205, 127, 111, 224, 243, 207,
       254, 254, 235, 239, 172, 181, 251, 241, 128, 129, 120, 23, 69, 64,
       79, 167, 100, 104, 192, 98, 72, 242, 16, 133, 53, 24, 116, 64,
       106, 65, 180, 49, 108, 37, 168, 4, 0, 73, 51, 67, 172, 246, 244,
       180, 254, 205, 103, 94, 254, 87, 178, 249, 24, 203, 251, 93, 91,
       217, 207, 127, 178, 120, 103, 219, 234, 187, 255, 215, 62, 210,
       123, 226, 130, 220, 144, 188, 247, 172, 44, 121, 152, 191, 187,
       183, 61, 223, 247, 73, 91, 231, 85, 125, 26, 184, 69, 219, 144,
       203, 251, 119, 220, 128, 233, 1, 83, 12, 181, 185, 114, 219, 237,
       49, 207, 255, 21, 45, 24, 30, 247, 76, 56, 171, 27, 194, 16, 19,
       107, 186, 115, 91, 213, 21, 111, 195, 65, 167, 162, 236, 252, 180,
       254, 141, 253, 86, 182, 219, 154, 165, 24, 255, 249, 69, 91, 201,
       242, 253, 2, 104, 111, 250, 186, 235, 223, 213, 59, 210, 123, 214,
       10, 216, 176, 188, 248, 168, 237, 89, 95, 187, 95, 180, 24, 191,
       247, 66, 59, 165, 147, 253, 24, 58, 111, 242, 19, 219, 219, 116,
       252, 226, 192, 198, 123, 248, 188, 190, 120, 173, 253, 85, 247,
       251, 59, 180, 24, 191, 253, 68, 59, 133, 179, 253, 16, 186, 111,
       242, 179, 219, 251, 116, 123, 194, 72, 199, 123, 254, 188, 180,
       250, 237, 253, 92, 255, 223, 187, 180, 24, 235, 249, 116, 91, 201,
       255, 255, 16, 186, 111, 251, 243, 159, 223, 215, 126, 146, 104,
       242, 130, 232, 188, 188, 254, 173, 253, 85, 223, 255, 187, 180,
       24, 190, 253, 64, 63, 201, 242, 255, 25, 186, 111, 250, 179, 219,
       219, 85, 59, 210, 92, 214, 59, 134, 172, 246, 255, 236, 171, 252,
       239, 191, 179, 242, 18, 236, 234, 92, 75, 239, 239, 127, 147, 178,
       255, 203, 243, 188, 250, 223, 198, 165, 120, 225, 137, 194, 172,
       246, 254, 238, 169, 252, 255, 191, 179, 242, 154, 239, 239, 124,
       91, 239, 255, 127, 145, 186, 111, 139, 243, 190, 254, 223, 232,
       151, 252, 225, 137, 232, 188, 189, 115, 173, 237, 85, 190, 127,
       127, 44, 24, 190, 63, 64, 59, 129, 82, 255, 16, 50, 108, 251, 51,
       239, 219, 84, 127, 210, 88, 199, 123, 212, 153, 63, 231, 180, 15,
       95, 188, 36, 168, 150, 32, 247, 95, 152, 81, 118, 245, 93, 106,
       248, 185, 73, 45, 235, 233, 39, 144, 36, 179, 129, 35, 20, 189,
       58, 239, 180, 175, 127, 188, 44, 169, 254, 32, 247, 123, 24, 64,
       246, 255, 95, 107, 152, 184, 73, 61, 238, 237, 47, 208, 164, 251,
       193, 3, 204, 84, 189, 247, 32, 110, 127, 184, 57, 254, 118, 124,
       247, 119, 137, 123, 151, 213, 125, 106, 233, 212, 249, 42, 199,
       251, 99, 148, 0, 243, 5, 123, 168, 188, 189, 122, 169, 253, 85,
       230, 159, 95, 164, 25, 190, 253, 103, 59, 137, 114, 249, 0, 58,
       111, 250, 51, 235, 215, 85, 59, 210, 89, 198, 123, 204, 52, 189,
       113, 161, 110, 121, 25, 59, 255, 55, 24, 222, 127, 72, 59, 149,
       23, 125, 56, 177, 84, 249, 66, 207, 251, 117, 230, 194, 96, 135,
       115, 17, 172, 137, 187, 132, 169, 101, 199, 118, 3, 106, 210, 179,
       227, 96, 73, 121, 42, 34, 136, 27, 248, 79, 49, 204, 128, 246, 64,
