%YAML:1.0
---
descriptors: !!opencv-matrix
   rows: 301
   cols: 32
   dt: u
   data: [ 1, 117, 49, 71, 85, 78, 103, 184, 120, 224, 107, 72, 222, 85,
       8, 180, 144, 92, 80, 106, 225, 176, 249, 15, 37, 188, 1, 6, 64,
       51, 67, 162, 129, 223, 31, 175, 112, 142, 175, 189, 124, 72, 123,
       228, 245, 114, 152, 96, 54, 111, 54, 110, 225, 216, 73, 127, 100,
       174, 47, 128, 12, 146, 129, 185, 120, 173, 95, 112, 136, 201, 85,
       103, 179, 21, 172, 56, 55, 183, 66, 16, 33, 178, 109, 16, 90, 75,
       226, 21, 251, 199, 52, 121, 99, 128, 198, 234, 21, 95, 25, 103,
       48, 14, 111, 184, 116, 234, 122, 100, 247, 99, 145, 112, 22, 108,
       28, 110, 225, 180, 125, 46, 236, 175, 37, 128, 104, 243, 65, 57,
       253, 113, 61, 103, 44, 78, 87, 184, 96, 248, 183, 12, 215, 117,
       201, 59, 148, 212, 124, 106, 233, 112, 249, 8, 227, 233, 101, 52,
       104, 179, 70, 113, 236, 112, 189, 97, 45, 111, 83, 152, 123, 251,
       181, 24, 222, 93, 73, 59, 145, 212, 124, 58, 43, 102, 251, 16,
       199, 219, 69, 61, 194, 123, 70, 115, 216, 24, 151, 244, 138, 110,
       97, 23, 181, 219, 130, 56, 223, 55, 0, 123, 35, 246, 124, 24, 57,
       205, 51, 36, 217, 227, 116, 64, 170, 160, 133, 59, 236, 180, 188,
       114, 173, 253, 81, 153, 251, 127, 165, 24, 222, 253, 74, 59, 137,
       18, 249, 24, 58, 108, 251, 147, 207, 219, 81, 127, 210, 72, 206,
       50, 133, 206, 157, 247, 164, 14, 102, 184, 60, 186, 38, 80, 215,
       113, 137, 183, 181, 68, 108, 110, 97, 244, 9, 46, 165, 187, 101,
       20, 72, 243, 67, 49, 108, 229, 153, 122, 201, 77, 87, 168, 243,
       23, 173, 24, 86, 243, 74, 58, 145, 210, 65, 82, 122, 67, 250, 51,
       251, 215, 85, 125, 192, 83, 206, 194, 108, 69, 40, 71, 29, 79, 71,
       168, 23, 230, 175, 8, 211, 117, 25, 52, 24, 220, 121, 106, 105,
       178, 121, 62, 231, 223, 133, 52, 82, 251, 86, 114, 197, 176, 157,
       87, 168, 110, 37, 159, 178, 251, 39, 16, 213, 115, 200, 123, 1,
       86, 120, 24, 49, 212, 219, 32, 205, 171, 119, 68, 136, 112, 131,
       49, 244, 164, 253, 118, 136, 109, 69, 191, 162, 182, 161, 24, 83,
       119, 72, 59, 1, 214, 108, 58, 120, 71, 251, 44, 249, 139, 117, 60,
       224, 240, 198, 98, 120, 184, 255, 112, 168, 220, 81, 151, 226,
       223, 164, 24, 51, 183, 192, 58, 39, 246, 236, 24, 27, 111, 178,
       33, 219, 235, 116, 121, 224, 192, 198, 123, 248, 184, 253, 122,
       173, 221, 85, 223, 210, 255, 180, 24, 59, 253, 66, 59, 137, 242,
       236, 16, 62, 111, 250, 49, 219, 203, 117, 121, 243, 200, 198, 123,
       89, 186, 158, 176, 170, 188, 88, 87, 162, 127, 180, 253, 63, 183,
       66, 26, 167, 183, 253, 20, 159, 79, 130, 49, 219, 235, 121, 249,
       168, 196, 138, 91, 121, 186, 253, 84, 171, 220, 81, 247, 227, 249,
       180, 56, 59, 183, 194, 183, 39, 246, 236, 8, 159, 107, 162, 49,
       219, 251, 116, 251, 227, 128, 206, 127, 20, 197, 121, 99, 21, 79,
       67, 184, 118, 160, 175, 8, 83, 81, 9, 112, 49, 212, 72, 106, 104,
       177, 121, 30, 249, 142, 5, 20, 113, 171, 68, 34, 101, 117, 17, 71,
       241, 95, 118, 184, 120, 232, 107, 8, 222, 112, 77, 48, 144, 92,
       80, 106, 65, 240, 249, 14, 39, 156, 5, 6, 72, 115, 75, 167, 93,
       99, 16, 39, 113, 30, 102, 56, 105, 168, 123, 109, 207, 2, 137,
       148, 182, 77, 76, 111, 196, 240, 201, 12, 180, 244, 32, 134, 104,
       55, 11, 5, 120, 172, 255, 112, 138, 232, 85, 199, 162, 23, 172,
       184, 55, 231, 64, 26, 35, 246, 109, 152, 58, 75, 170, 51, 219,
       199, 116, 121, 224, 208, 134, 106, 108, 173, 156, 126, 169, 201,
       22, 171, 154, 191, 172, 57, 230, 121, 2, 19, 129, 118, 237, 2, 50,
       104, 203, 63, 234, 247, 117, 123, 194, 121, 206, 11, 118, 100,
       146, 190, 235, 106, 22, 72, 187, 134, 169, 41, 70, 226, 105, 222,
       208, 229, 236, 114, 44, 67, 202, 42, 144, 246, 69, 63, 128, 119,
       38, 6, 77, 101, 113, 103, 117, 30, 118, 184, 121, 168, 123, 41,
       219, 57, 157, 176, 182, 76, 117, 110, 196, 240, 169, 142, 103,
       253, 5, 6, 66, 183, 66, 135, 129, 138, 205, 119, 164, 170, 109,
       159, 118, 131, 98, 244, 211, 96, 144, 121, 19, 110, 44, 28, 179,
       252, 77, 51, 204, 171, 117, 64, 236, 192, 192, 40, 129, 174, 159,
       187, 236, 169, 105, 151, 118, 19, 66, 208, 181, 226, 240, 75, 99,
       42, 42, 28, 51, 220, 135, 115, 204, 131, 118, 96, 152, 192, 161,
       168, 193, 166, 159, 155, 236, 169, 169, 79, 254, 19, 98, 212, 181,
       226, 240, 75, 99, 2, 106, 156, 51, 77, 207, 115, 76, 2, 242, 104,
       156, 200, 129, 168, 193, 138, 143, 152, 204, 169, 229, 71, 254,
       147, 160, 212, 183, 162, 96, 75, 107, 162, 106, 152, 51, 109, 198,
       113, 156, 2, 86, 120, 152, 64, 195, 168, 36, 69, 18, 142, 93, 71,
       6, 232, 156, 132, 233, 11, 70, 224, 45, 208, 216, 236, 194, 98,
       76, 163, 24, 110, 177, 182, 7, 31, 80, 59, 126, 130, 38, 109, 16,
       190, 89, 205, 22, 224, 159, 128, 233, 9, 166, 210, 33, 144, 136,
       123, 202, 66, 78, 11, 90, 63, 161, 22, 13, 59, 80, 59, 15, 134, 5,
       117, 17, 69, 81, 78, 102, 184, 124, 224, 107, 72, 214, 81, 13,
       180, 144, 92, 80, 106, 193, 176, 121, 78, 37, 190, 1, 6, 72, 51,
       67, 177, 37, 117, 17, 69, 85, 79, 103, 40, 76, 224, 107, 8, 214,
       81, 9, 180, 144, 92, 80, 106, 65, 176, 121, 12, 37, 188, 1, 52,
       88, 59, 66, 160, 108, 224, 57, 105, 9, 79, 67, 136, 98, 52, 37, 8,
       211, 21, 73, 48, 17, 84, 64, 122, 75, 96, 249, 29, 111, 141, 5,
       116, 80, 43, 70, 226, 216, 144, 159, 244, 168, 108, 81, 55, 179,
       155, 166, 56, 255, 183, 64, 127, 165, 247, 108, 24, 57, 77, 179,
       96, 217, 227, 116, 88, 162, 224, 164, 43, 129, 158, 159, 247, 188,
       46, 108, 183, 254, 187, 114, 80, 247, 115, 128, 99, 231, 119, 124,
       8, 49, 252, 73, 47, 173, 251, 119, 128, 200, 224, 161, 41, 237,
       71, 85, 103, 172, 14, 71, 184, 97, 168, 183, 76, 211, 97, 153, 55,
       16, 196, 108, 110, 201, 240, 237, 44, 228, 232, 101, 20, 106, 179,
       210, 33, 204, 188, 181, 119, 169, 110, 117, 158, 123, 251, 34, 24,
       214, 119, 73, 123, 129, 95, 125, 26, 49, 84, 251, 34, 205, 251,
       85, 22, 128, 113, 135, 51, 237, 112, 153, 103, 33, 110, 67, 152,
       122, 250, 35, 24, 214, 119, 73, 59, 145, 84, 124, 122, 1, 116,
       249, 2, 197, 219, 69, 52, 200, 115, 66, 35, 109, 117, 149, 71,
       169, 110, 103, 152, 123, 186, 47, 24, 214, 115, 73, 187, 145, 84,
       104, 58, 113, 116, 249, 2, 175, 255, 69, 52, 202, 115, 195, 34,
       109, 181, 181, 103, 185, 111, 71, 191, 123, 250, 42, 8, 214, 119,
       73, 182, 145, 94, 120, 42, 57, 112, 249, 62, 173, 255, 5, 118,
       194, 115, 198, 34, 108, 229, 185, 107, 221, 77, 87, 168, 115, 191,
       173, 24, 210, 119, 72, 50, 153, 90, 96, 122, 122, 98, 251, 51,
       111, 223, 69, 127, 210, 123, 198, 162, 108, 229, 53, 103, 157, 79,
       71, 172, 123, 234, 106, 8, 210, 117, 9, 52, 153, 94, 88, 106, 105,
       240, 249, 63, 237, 223, 5, 52, 66, 122, 198, 242, 196, 176, 157,
       119, 168, 110, 37, 189, 178, 251, 35, 112, 215, 119, 200, 123, 5,
       86, 108, 26, 49, 196, 251, 34, 201, 170, 117, 84, 136, 240, 131,
       49, 252, 164, 253, 118, 136, 105, 69, 174, 162, 182, 165, 24, 83,
       119, 73, 59, 1, 214, 108, 42, 120, 103, 250, 34, 217, 203, 117,
       60, 226, 240, 198, 98, 252, 168, 252, 118, 137, 41, 85, 223, 211,
       183, 165, 24, 67, 225, 75, 27, 9, 214, 236, 26, 58, 103, 202, 34,
       219, 203, 85, 61, 227, 249, 198, 34, 36, 101, 121, 79, 221, 79,
       199, 168, 85, 160, 237, 8, 211, 125, 29, 48, 88, 220, 80, 106, 72,
       178, 121, 14, 103, 175, 133, 21, 115, 187, 86, 162, 248, 180, 255,
       112, 168, 233, 81, 87, 178, 23, 164, 61, 55, 183, 66, 27, 35, 178,
       109, 24, 58, 79, 178, 19, 217, 195, 116, 121, 224, 192, 134, 123,
       120, 184, 255, 114, 168, 236, 81, 151, 162, 23, 164, 24, 51, 183,
       64, 58, 35, 182, 125, 24, 26, 107, 178, 49, 219, 171, 116, 121,
       224, 192, 198, 123, 242, 186, 255, 80, 42, 221, 80, 87, 251, 251,
