%YAML:1.0
---
descriptors: !!opencv-matrix
   rows: 98
   cols: 32
   dt: u
   data: [ 9, 249, 25, 107, 84, 206, 103, 181, 108, 64, 106, 64, 246, 21,
       0, 176, 150, 62, 82, 104, 83, 184, 113, 127, 237, 173, 36, 64, 72,
       2, 195, 169, 77, 117, 148, 71, 113, 30, 54, 184, 121, 234, 111,
       12, 222, 114, 13, 180, 146, 92, 112, 106, 229, 240, 217, 110, 39,
       254, 69, 2, 74, 115, 75, 151, 248, 40, 255, 112, 136, 236, 89, 83,
       162, 23, 164, 24, 55, 151, 64, 123, 33, 150, 93, 28, 26, 79, 178,
       0, 219, 169, 112, 120, 160, 192, 166, 96, 108, 101, 78, 39, 144,
       75, 118, 168, 49, 164, 239, 137, 195, 97, 11, 16, 24, 204, 225,
       102, 108, 176, 201, 46, 230, 231, 5, 21, 99, 187, 94, 130, 221,
       253, 159, 231, 172, 110, 111, 189, 173, 234, 191, 76, 255, 247, 9,
       51, 149, 246, 124, 106, 89, 209, 251, 171, 247, 251, 103, 188, 8,
       251, 194, 49, 182, 172, 254, 90, 169, 253, 85, 239, 211, 31, 172,
       25, 34, 237, 102, 31, 137, 242, 229, 16, 58, 111, 250, 51, 123,
       218, 85, 123, 211, 88, 198, 206, 252, 180, 253, 82, 169, 120, 89,
       159, 179, 255, 167, 184, 91, 247, 200, 255, 3, 214, 237, 24, 58,
       79, 251, 162, 219, 219, 117, 127, 162, 229, 198, 115, 240, 24,
       220, 126, 139, 185, 80, 175, 147, 55, 166, 189, 99, 235, 7, 219,
       203, 247, 236, 0, 60, 79, 219, 51, 218, 227, 85, 123, 249, 232,
       206, 26, 44, 97, 72, 39, 112, 75, 118, 40, 32, 132, 111, 141, 195,
       67, 11, 16, 26, 204, 193, 110, 72, 176, 201, 12, 230, 229, 0, 21,
       98, 187, 78, 146, 248, 184, 255, 84, 171, 253, 81, 215, 178, 223,
       164, 24, 59, 247, 196, 191, 47, 246, 236, 24, 59, 111, 178, 35,
       219, 203, 117, 121, 227, 208, 198, 123, 248, 186, 254, 112, 170,
       169, 81, 215, 178, 159, 164, 56, 51, 231, 66, 27, 39, 182, 108,
       24, 58, 111, 162, 35, 217, 203, 116, 120, 224, 192, 198, 59, 226,
       178, 236, 16, 234, 189, 185, 215, 235, 127, 52, 189, 16, 156, 222,
       59, 167, 147, 127, 149, 150, 111, 162, 81, 95, 27, 125, 255, 193,
       64, 199, 87, 224, 190, 156, 62, 168, 173, 21, 207, 159, 31, 160,
       61, 166, 231, 68, 27, 133, 243, 239, 16, 50, 79, 90, 115, 209,
       146, 84, 58, 208, 88, 135, 123, 248, 186, 254, 122, 170, 169, 81,
       215, 179, 31, 164, 185, 55, 231, 66, 27, 39, 178, 109, 24, 58, 79,
       130, 51, 219, 195, 116, 121, 226, 192, 230, 91, 122, 190, 245, 90,
       169, 253, 80, 207, 219, 63, 176, 57, 42, 253, 76, 31, 141, 210,
       237, 16, 58, 111, 234, 179, 155, 218, 85, 127, 211, 76, 198, 111,
       112, 172, 142, 250, 140, 237, 64, 207, 182, 19, 132, 24, 183, 243,
       64, 27, 201, 162, 125, 24, 58, 79, 218, 49, 219, 195, 252, 121,
       136, 72, 154, 10, 77, 117, 56, 103, 81, 78, 119, 184, 123, 224,
       47, 8, 223, 119, 9, 48, 149, 93, 120, 106, 193, 240, 249, 78, 231,
       255, 5, 4, 72, 115, 3, 50, 237, 121, 253, 103, 237, 31, 111, 188,
       127, 232, 191, 76, 219, 121, 219, 183, 222, 238, 126, 126, 201,
       242, 253, 168, 255, 217, 101, 52, 107, 255, 202, 245, 125, 253,
       127, 231, 252, 110, 111, 254, 105, 234, 254, 76, 255, 119, 137,
       178, 183, 246, 126, 106, 249, 179, 249, 175, 255, 255, 101, 180,
       74, 251, 194, 49, 60, 97, 72, 103, 81, 75, 119, 40, 33, 164, 239,
       137, 195, 67, 11, 16, 120, 220, 193, 98, 72, 178, 217, 12, 231,
       165, 0, 21, 99, 59, 78, 130, 70, 255, 173, 150, 216, 103, 143,
       220, 138, 241, 137, 205, 212, 231, 89, 18, 93, 215, 121, 215, 155,
       67, 219, 112, 249, 6, 175, 252, 140, 115, 183, 112, 125, 240, 57,
       114, 13, 221, 86, 200, 226, 240, 165, 8, 83, 221, 75, 50, 153,
       208, 192, 98, 15, 99, 250, 53, 235, 201, 37, 61, 99, 59, 78, 2,
       248, 156, 215, 124, 139, 104, 84, 55, 227, 27, 162, 56, 127, 179,
       64, 251, 163, 246, 236, 0, 60, 111, 131, 33, 219, 235, 116, 27,
       226, 224, 206, 11, 140, 164, 188, 115, 172, 249, 101, 159, 214,
       55, 37, 24, 151, 241, 202, 47, 9, 26, 106, 24, 50, 124, 235, 51,
       205, 195, 117, 125, 208, 72, 197, 162, 100, 97, 104, 101, 116, 11,
       103, 40, 96, 164, 111, 137, 195, 1, 159, 20, 24, 204, 65, 110, 72,
       176, 237, 12, 100, 176, 1, 21, 103, 187, 86, 224, 77, 117, 52, 71,
       245, 30, 118, 184, 125, 170, 111, 76, 254, 112, 15, 180, 144, 76,
       96, 110, 229, 240, 121, 110, 39, 254, 5, 6, 74, 115, 75, 135, 126,
       119, 200, 167, 59, 18, 30, 184, 51, 172, 141, 237, 79, 99, 75,
       146, 87, 221, 237, 246, 76, 66, 201, 138, 250, 197, 237, 191, 38,
       247, 14, 19, 102, 247, 156, 118, 185, 101, 31, 184, 186, 190, 173,
       41, 236, 247, 74, 18, 151, 117, 237, 114, 34, 67, 138, 59, 235,
       215, 109, 191, 128, 115, 143, 19, 124, 101, 76, 103, 25, 75, 86,
       168, 49, 164, 239, 137, 67, 101, 11, 16, 88, 212, 233, 98, 104,
       242, 217, 46, 247, 199, 5, 53, 99, 59, 94, 18, 68, 248, 149, 247,
       9, 14, 54, 184, 43, 186, 35, 72, 222, 119, 73, 187, 149, 85, 124,
       74, 65, 80, 219, 104, 237, 186, 101, 134, 8, 51, 3, 51, 158, 220,
       191, 190, 187, 231, 191, 247, 190, 207, 222, 51, 252, 255, 35, 64,
       231, 127, 255, 147, 114, 207, 59, 255, 249, 247, 63, 139, 144,
       113, 165, 251, 3, 135, 98, 141, 116, 22, 238, 53, 61, 8, 90, 231,
       253, 106, 182, 228, 246, 46, 23, 239, 244, 152, 5, 223, 36, 60,
       170, 192, 30, 166, 249, 157, 110, 71, 236, 14, 9, 22, 94, 184, 3,
       166, 175, 141, 203, 109, 159, 151, 92, 196, 233, 239, 236, 98,
       239, 156, 98, 119, 197, 157, 103, 255, 94, 68, 240, 138, 143, 60,
       168, 233, 64, 135, 186, 251, 162, 217, 183, 230, 66, 91, 193, 231,
       236, 20, 63, 79, 203, 51, 216, 243, 117, 121, 208, 200, 206, 91,
       230, 182, 213, 146, 234, 105, 189, 159, 187, 247, 128, 253, 204,
       231, 204, 159, 167, 87, 237, 21, 179, 79, 218, 210, 156, 18, 95,
       254, 140, 100, 135, 113, 76, 253, 177, 94, 249, 204, 23, 168, 187,
       188, 45, 9, 236, 247, 73, 22, 129, 123, 233, 82, 66, 64, 250, 127,
       239, 215, 5, 123, 2, 51, 7, 115, 244, 56, 189, 116, 8, 109, 81,
       19, 226, 183, 164, 24, 23, 183, 65, 59, 1, 180, 109, 24, 40, 103,
       178, 0, 209, 163, 117, 57, 224, 240, 70, 98, 240, 156, 215, 124,
       171, 104, 84, 167, 163, 19, 162, 120, 111, 183, 64, 251, 163, 247,
       236, 0, 61, 111, 130, 33, 155, 243, 84, 91, 224, 96, 134, 11, 217,
       172, 158, 52, 168, 189, 85, 215, 254, 215, 164, 29, 183, 178, 66,
       91, 161, 231, 108, 29, 191, 111, 187, 51, 217, 235, 116, 56, 232,
       80, 171, 90, 225, 172, 159, 90, 232, 237, 97, 223, 250, 155, 96,
       88, 182, 243, 192, 56, 57, 254, 98, 24, 51, 126, 154, 115, 93,
       174, 117, 104, 194, 192, 194, 168, 126, 119, 156, 166, 184, 7, 30,
       248, 179, 190, 137, 237, 76, 247, 75, 19, 151, 85, 237, 114, 100,
       67, 154, 58, 186, 215, 109, 191, 8, 119, 139, 83, 69, 113, 17, 71,
       81, 78, 98, 56, 104, 224, 107, 76, 214, 82, 9, 114, 144, 84, 104,
       106, 65, 208, 217, 12, 37, 188, 5, 4, 72, 35, 66, 50, 77, 119,
       180, 71, 241, 31, 118, 188, 121, 170, 127, 76, 222, 112, 31, 180,
       145, 70, 108, 110, 229, 240, 249, 46, 39, 254, 5, 6, 74, 115, 203,
       135, 224, 252, 156, 154, 234, 173, 21, 207, 158, 31, 168, 61, 182,
       247, 74, 27, 135, 115, 111, 20, 50, 79, 218, 115, 253, 146, 85,
       122, 216, 88, 131, 123, 44, 103, 104, 71, 112, 11, 71, 184, 53,
       172, 255, 168, 195, 101, 139, 20, 24, 220, 197, 98, 104, 178, 105,
       14, 230, 231, 37, 149, 99, 187, 70, 225, 92, 220, 63, 238, 187,
       254, 127, 255, 189, 234, 254, 40, 255, 247, 35, 246, 247, 247,
       255, 42, 121, 155, 185, 239, 251, 255, 39, 134, 162, 242, 167,
       123, 56, 16, 120, 250, 77, 221, 81, 88, 199, 124, 181, 15, 59,
       221, 50, 48, 200, 176, 151, 0, 138, 39, 122, 145, 211, 217, 1, 57,
       115, 142, 84, 242, 44, 117, 49, 94, 121, 223, 22, 168, 251, 200,
       109, 8, 214, 245, 45, 180, 144, 121, 192, 98, 67, 34, 250, 31, 35,
       212, 5, 63, 82, 51, 7, 163, 247, 116, 174, 182, 173, 31, 150, 236,
