%YAML:1.0
---
descriptors: !!opencv-matrix
   rows: 80
   cols: 32
   dt: u
   data: [ 88, 188, 157, 240, 185, 236, 16, 143, 186, 123, 170, 24, 158,
       183, 72, 123, 129, 215, 125, 16, 59, 75, 211, 51, 219, 211, 86,
       127, 200, 64, 135, 59, 130, 140, 150, 184, 205, 229, 180, 199,
       158, 23, 232, 19, 44, 234, 32, 201, 233, 59, 235, 145, 54, 239,
       18, 247, 25, 22, 222, 75, 209, 76, 173, 138, 237, 124, 189, 119,
       173, 127, 71, 156, 122, 250, 166, 88, 215, 125, 89, 187, 145, 214,
       124, 122, 169, 116, 249, 34, 207, 251, 101, 52, 192, 251, 82, 96,
       118, 233, 246, 239, 254, 11, 254, 236, 63, 160, 243, 10, 79, 234,
       61, 80, 254, 205, 127, 227, 224, 243, 201, 252, 190, 254, 207,
       180, 181, 187, 241, 129, 252, 116, 252, 243, 169, 127, 83, 152,
       51, 191, 165, 56, 223, 95, 75, 27, 221, 213, 253, 242, 42, 70,
       251, 50, 219, 219, 101, 127, 210, 115, 70, 115, 21, 65, 91, 239,
       54, 11, 111, 184, 100, 160, 219, 70, 243, 67, 185, 96, 122, 204,
       28, 234, 201, 176, 77, 60, 224, 172, 167, 132, 61, 187, 112, 32,
       117, 71, 69, 103, 180, 10, 71, 184, 96, 162, 235, 232, 211, 97,
       153, 112, 18, 196, 108, 110, 233, 176, 77, 46, 228, 174, 37, 20,
       236, 243, 210, 32, 237, 244, 189, 115, 173, 109, 87, 153, 91, 251,
       165, 24, 214, 121, 72, 59, 145, 86, 124, 122, 251, 102, 251, 50,
       239, 219, 85, 124, 192, 123, 214, 98, 252, 121, 188, 231, 168, 78,
       95, 188, 163, 250, 191, 12, 223, 119, 75, 19, 150, 215, 125, 234,
       72, 67, 251, 40, 251, 233, 101, 188, 32, 243, 134, 115, 124, 221,
       125, 103, 176, 78, 95, 188, 33, 236, 255, 44, 243, 119, 139, 114,
       23, 214, 125, 106, 233, 161, 121, 46, 251, 239, 37, 148, 224, 243,
       198, 115, 213, 80, 29, 230, 40, 14, 77, 56, 160, 186, 183, 88,
       215, 87, 137, 123, 4, 212, 124, 106, 233, 197, 249, 8, 209, 235,
       97, 148, 40, 177, 64, 49, 21, 77, 91, 237, 180, 11, 111, 248, 100,
       160, 122, 66, 211, 67, 153, 96, 122, 204, 22, 234, 73, 176, 77,
       62, 228, 173, 167, 132, 109, 187, 96, 160, 182, 224, 246, 239,
       124, 11, 250, 232, 127, 160, 243, 2, 205, 202, 29, 64, 254, 205,
       127, 227, 232, 247, 201, 254, 190, 254, 143, 132, 101, 187, 99,
       129, 246, 233, 246, 239, 254, 11, 254, 232, 63, 160, 243, 10, 207,
       202, 29, 80, 254, 205, 127, 227, 200, 243, 201, 236, 190, 248,
       143, 180, 37, 187, 115, 129, 54, 237, 246, 239, 254, 11, 254, 232,
       47, 160, 251, 10, 239, 234, 61, 80, 255, 239, 127, 227, 200, 243,
       203, 253, 190, 254, 207, 148, 37, 251, 241, 129, 54, 237, 246,
       239, 254, 11, 238, 236, 63, 162, 251, 10, 207, 234, 61, 80, 127,
       207, 127, 227, 232, 243, 201, 254, 190, 254, 143, 180, 181, 251,
       243, 128, 248, 244, 182, 254, 189, 237, 212, 103, 255, 31, 188,
       24, 174, 253, 108, 91, 201, 187, 255, 16, 122, 111, 210, 251, 251,
       223, 86, 59, 210, 88, 231, 27, 252, 180, 188, 234, 173, 125, 83,
       185, 95, 63, 189, 25, 223, 127, 76, 27, 217, 147, 255, 50, 58,
       103, 251, 147, 219, 219, 81, 127, 210, 75, 198, 83, 236, 112, 253,
       103, 44, 95, 87, 152, 91, 254, 183, 8, 219, 93, 75, 59, 156, 212,
       253, 106, 105, 116, 249, 42, 231, 219, 101, 181, 98, 187, 70, 115,
       98, 172, 150, 152, 205, 229, 144, 199, 159, 23, 168, 25, 174, 186,
       100, 219, 201, 59, 235, 17, 30, 107, 210, 241, 153, 178, 94, 123,
       144, 72, 190, 138, 228, 116, 188, 103, 168, 46, 87, 152, 114, 254,
       167, 28, 215, 113, 75, 27, 145, 68, 125, 126, 168, 84, 249, 2,
       207, 219, 101, 52, 192, 243, 66, 98, 88, 16, 159, 248, 10, 204,
       81, 3, 174, 17, 162, 8, 191, 151, 64, 122, 162, 181, 109, 16, 11,
       73, 179, 1, 209, 225, 50, 89, 32, 0, 37, 58, 252, 105, 253, 118,
       141, 73, 85, 205, 243, 182, 164, 24, 83, 245, 73, 59, 137, 214,
       104, 82, 104, 103, 250, 34, 251, 203, 85, 63, 227, 120, 198, 106,
       221, 188, 189, 119, 173, 110, 85, 190, 251, 250, 166, 24, 247, 53,
       65, 59, 133, 246, 124, 56, 105, 237, 251, 42, 239, 219, 117, 48,
       192, 112, 70, 122, 217, 188, 191, 117, 168, 110, 85, 191, 248,
       250, 166, 88, 247, 119, 64, 123, 133, 246, 124, 42, 249, 237, 251,
       42, 243, 239, 117, 16, 232, 240, 135, 59, 237, 252, 189, 115, 173,
       111, 87, 154, 251, 251, 164, 24, 215, 113, 73, 59, 145, 214, 124,
       122, 59, 103, 251, 50, 239, 219, 69, 116, 194, 121, 214, 98, 124,
       213, 125, 231, 184, 110, 95, 188, 33, 236, 191, 40, 247, 119, 9,
       50, 150, 214, 125, 106, 105, 129, 249, 46, 251, 255, 101, 148, 96,
       243, 198, 115, 236, 112, 188, 99, 41, 79, 87, 152, 51, 186, 181,
       8, 223, 95, 73, 59, 157, 213, 253, 114, 40, 71, 251, 58, 223, 219,
       101, 53, 226, 251, 70, 51, 17, 77, 93, 229, 52, 11, 79, 188, 100,
       160, 250, 70, 211, 3, 145, 96, 118, 228, 28, 234, 201, 184, 101,
       12, 224, 173, 165, 148, 44, 186, 96, 41, 116, 36, 91, 175, 124,
       43, 235, 121, 62, 161, 251, 66, 215, 235, 24, 80, 122, 141, 63,
       171, 25, 178, 201, 94, 220, 174, 171, 196, 45, 106, 115, 160, 118,
       233, 94, 143, 108, 11, 238, 232, 47, 160, 243, 10, 207, 202, 29,
       81, 122, 205, 127, 227, 72, 243, 201, 252, 180, 248, 143, 148,
       101, 59, 99, 128, 213, 73, 93, 229, 52, 10, 79, 184, 100, 168,
       242, 68, 211, 3, 145, 115, 118, 196, 92, 238, 233, 144, 101, 44,
       224, 169, 165, 148, 44, 179, 64, 33, 114, 233, 22, 152, 93, 205,
       242, 198, 175, 21, 160, 10, 46, 154, 100, 82, 232, 177, 235, 209,
       74, 43, 146, 241, 185, 176, 142, 123, 81, 8, 247, 138, 2, 32, 86,
       233, 111, 173, 248, 72, 175, 48, 243, 2, 141, 202, 117, 75, 234,
       169, 123, 195, 2, 119, 211, 209, 151, 216, 203, 56, 85, 11, 115,
       128, 234, 248, 230, 94, 233, 213, 148, 204, 139, 222, 180, 191,
       42, 252, 127, 159, 141, 243, 255, 195, 238, 111, 186, 241, 91, 91,
       221, 187, 87, 124, 254, 95, 254, 34, 230, 16, 207, 113, 144, 74,
       219, 247, 181, 159, 8, 204, 127, 159, 233, 197, 227, 149, 190,
       103, 190, 208, 27, 91, 213, 127, 231, 125, 126, 214, 129, 188,
       223, 249, 228, 168, 105, 23, 62, 27, 114, 112, 189, 179, 144, 105,
       103, 191, 126, 152, 179, 220, 195, 211, 204, 251, 122, 192, 172,
       192, 225, 185, 248, 188, 189, 119, 173, 109, 85, 191, 251, 250,
       166, 24, 247, 247, 64, 59, 129, 246, 124, 24, 57, 109, 251, 42,
       219, 219, 117, 48, 224, 96, 198, 122, 253, 252, 189, 115, 173,
       111, 85, 191, 251, 250, 172, 24, 215, 117, 65, 59, 129, 214, 124,
       26, 59, 103, 251, 50, 255, 219, 85, 116, 194, 121, 198, 98, 124,
       93, 125, 103, 188, 78, 95, 184, 97, 236, 191, 8, 211, 119, 137,
       51, 150, 214, 125, 106, 201, 176, 249, 46, 255, 249, 101, 148, 98,
       243, 198, 115, 36, 36, 219, 235, 116, 43, 235, 88, 60, 160, 251,
       66, 213, 75, 25, 88, 122, 141, 63, 187, 137, 182, 201, 78, 212,
       174, 171, 196, 165, 171, 113, 160, 98, 253, 182, 252, 253, 205,
       86, 230, 255, 136, 232, 8, 174, 251, 37, 80, 201, 235, 127, 64,
       120, 107, 210, 255, 187, 254, 151, 122, 210, 120, 242, 138, 232,
       169, 48, 248, 157, 205, 80, 103, 203, 5, 172, 25, 174, 157, 100,
       16, 200, 187, 201, 16, 90, 43, 210, 181, 251, 213, 16, 123, 82,
       12, 246, 10, 234, 233, 50, 248, 29, 197, 212, 103, 141, 4, 160, 8,
       170, 155, 100, 16, 200, 187, 203, 80, 74, 43, 210, 255, 179, 209,
       150, 123, 82, 8, 246, 10, 79, 87, 103, 69, 34, 58, 127, 56, 41,
       238, 30, 228, 217, 111, 159, 247, 54, 213, 253, 238, 225, 208,
       229, 204, 102, 123, 229, 132, 47, 247, 67, 117, 250, 253, 100, 94,
       233, 213, 157, 253, 139, 95, 181, 61, 110, 252, 126, 183, 143,
       243, 253, 71, 254, 111, 186, 241, 123, 91, 85, 191, 87, 6, 222,
       95, 254, 81, 118, 230, 77, 86, 94, 104, 161, 238, 183, 11, 79,
       223, 63, 95, 248, 213, 253, 227, 108, 231, 187, 200, 243, 251,
       199, 31, 35, 63, 110, 87, 212, 236, 222, 191, 188, 47, 254, 239,
