%YAML:1.0
---
descriptors: !!opencv-matrix
   rows: 211
   cols: 32
   dt: u
   data: [ 120, 188, 255, 112, 138, 232, 81, 87, 162, 21, 172, 56, 55,
       183, 64, 27, 35, 178, 109, 16, 26, 75, 162, 33, 219, 195, 116,
       121, 224, 192, 198, 106, 101, 116, 157, 71, 169, 110, 71, 152,
       122, 250, 47, 24, 214, 119, 73, 59, 145, 84, 104, 122, 49, 116,
       249, 34, 199, 255, 69, 52, 192, 115, 70, 35, 21, 93, 157, 103,
       176, 14, 111, 188, 116, 234, 126, 100, 211, 115, 153, 112, 54, 76,
       60, 110, 233, 144, 125, 46, 236, 239, 37, 132, 40, 243, 0, 49,
       108, 52, 189, 114, 173, 125, 81, 154, 195, 255, 173, 24, 223, 255,
       75, 58, 137, 144, 253, 16, 58, 99, 251, 16, 219, 219, 113, 125,
       210, 73, 70, 115, 124, 48, 188, 114, 169, 109, 81, 152, 227, 251,
       165, 24, 95, 213, 75, 59, 129, 213, 124, 26, 59, 103, 251, 2, 219,
       207, 113, 125, 226, 225, 70, 114, 221, 42, 148, 182, 168, 60, 76,
       138, 251, 187, 163, 125, 207, 226, 203, 219, 167, 71, 108, 28,
       188, 69, 203, 34, 154, 255, 119, 252, 136, 241, 139, 5, 69, 71,
       149, 7, 160, 46, 110, 156, 120, 186, 43, 68, 199, 98, 217, 250,
       177, 68, 108, 126, 181, 208, 137, 66, 172, 190, 103, 4, 136, 243,
       203, 4, 252, 206, 29, 118, 168, 108, 84, 190, 160, 190, 166, 56,
       255, 119, 9, 91, 135, 215, 108, 42, 104, 71, 203, 35, 211, 235,
       117, 29, 96, 241, 143, 43, 212, 50, 149, 114, 168, 173, 65, 139,
       175, 189, 163, 92, 214, 242, 73, 27, 133, 87, 108, 24, 58, 69,
       203, 34, 153, 146, 85, 126, 192, 65, 131, 35, 69, 245, 145, 99,
       185, 15, 55, 184, 126, 248, 43, 76, 222, 114, 73, 50, 145, 68,
       104, 126, 195, 96, 219, 117, 173, 158, 5, 126, 72, 51, 67, 34, 96,
       181, 145, 99, 157, 109, 84, 143, 127, 57, 41, 88, 214, 51, 72,
       112, 145, 22, 104, 16, 27, 104, 219, 147, 175, 220, 21, 126, 210,
       88, 196, 42, 192, 172, 29, 251, 200, 237, 33, 175, 190, 19, 32,
       24, 182, 51, 64, 123, 129, 82, 106, 24, 51, 76, 251, 53, 205, 130,
       116, 120, 144, 64, 135, 42, 116, 69, 89, 103, 21, 79, 71, 168,
       118, 160, 171, 10, 83, 113, 25, 112, 49, 212, 72, 106, 104, 176,
       121, 31, 249, 207, 5, 20, 113, 187, 64, 34, 100, 97, 27, 102, 89,
       198, 231, 232, 224, 128, 233, 8, 114, 215, 41, 48, 248, 252, 82,
       234, 73, 163, 186, 109, 113, 172, 135, 12, 65, 51, 102, 162, 116,
       119, 245, 68, 222, 111, 199, 189, 225, 166, 172, 12, 82, 53, 205,
       55, 15, 212, 64, 106, 105, 99, 249, 14, 121, 152, 69, 52, 99, 251,
       198, 113, 69, 119, 17, 71, 113, 14, 102, 56, 120, 168, 107, 76,
       222, 18, 9, 48, 148, 76, 76, 110, 193, 176, 217, 78, 165, 190, 33,
       6, 72, 51, 67, 1, 197, 112, 148, 5, 34, 10, 38, 56, 124, 234, 99,
       108, 214, 50, 137, 255, 22, 85, 110, 106, 161, 212, 205, 72, 132,
       186, 103, 4, 72, 243, 11, 53, 104, 191, 156, 62, 168, 169, 20, 47,
       155, 191, 188, 45, 230, 233, 66, 18, 129, 119, 237, 0, 60, 107,
       202, 43, 234, 247, 117, 59, 200, 120, 206, 11, 92, 17, 188, 230,
       44, 76, 89, 24, 173, 184, 183, 40, 223, 95, 73, 91, 246, 213, 125,
       106, 8, 65, 219, 0, 211, 249, 99, 157, 32, 163, 3, 35, 88, 48,
       188, 240, 41, 93, 81, 25, 171, 57, 180, 8, 159, 159, 64, 123, 132,
       149, 253, 24, 138, 71, 242, 16, 211, 217, 112, 189, 66, 128, 71,
       51, 125, 205, 70, 71, 149, 10, 102, 172, 97, 160, 234, 200, 227,
       96, 152, 215, 48, 230, 104, 110, 104, 184, 77, 45, 172, 174, 133,
       84, 103, 183, 218, 12, 237, 79, 70, 103, 165, 26, 102, 184, 97,
       128, 110, 200, 203, 97, 155, 247, 18, 228, 236, 110, 236, 240,
       205, 172, 166, 251, 69, 21, 110, 183, 90, 4, 104, 176, 188, 99,
       137, 109, 17, 141, 91, 55, 45, 24, 198, 113, 72, 27, 145, 18, 232,
       48, 18, 112, 249, 17, 207, 211, 85, 119, 208, 74, 199, 34, 240,
       184, 255, 114, 138, 232, 81, 87, 163, 151, 164, 56, 55, 247, 64,
       27, 39, 178, 109, 24, 58, 79, 178, 33, 219, 201, 112, 120, 226,
       192, 230, 123, 77, 117, 188, 71, 241, 62, 118, 184, 121, 234, 111,
       76, 222, 112, 77, 183, 145, 68, 96, 106, 229, 240, 249, 42, 47,
       255, 69, 6, 202, 115, 75, 166, 209, 156, 31, 246, 170, 110, 69,
       55, 164, 58, 166, 112, 119, 55, 128, 123, 33, 246, 124, 42, 121,
       77, 51, 45, 243, 235, 116, 16, 40, 224, 128, 56, 184, 42, 251, 96,
       34, 105, 65, 87, 160, 181, 164, 184, 19, 135, 192, 27, 47, 148,
       68, 24, 56, 111, 160, 0, 91, 201, 48, 116, 225, 128, 70, 107, 252,
       190, 254, 114, 168, 173, 85, 214, 178, 191, 164, 29, 51, 243, 66,
       27, 39, 242, 109, 24, 58, 79, 218, 51, 219, 203, 117, 121, 226,
       209, 198, 43, 248, 220, 252, 126, 172, 237, 85, 255, 215, 63, 180,
       25, 51, 241, 98, 27, 201, 242, 239, 0, 106, 111, 90, 55, 251, 219,
       117, 57, 243, 216, 206, 42, 248, 188, 246, 114, 171, 236, 81, 215,
       179, 31, 164, 56, 47, 247, 64, 31, 39, 246, 237, 16, 58, 79, 170,
       35, 219, 247, 85, 123, 226, 196, 134, 107, 5, 117, 17, 69, 113,
       30, 102, 56, 121, 232, 107, 76, 214, 81, 9, 180, 144, 92, 80, 106,
       225, 176, 89, 14, 39, 188, 1, 6, 74, 51, 75, 177, 197, 71, 20, 71,
       160, 62, 102, 184, 121, 170, 107, 76, 211, 112, 137, 247, 20, 68,
       108, 110, 233, 240, 205, 46, 166, 186, 101, 20, 74, 243, 74, 5,
       117, 85, 125, 102, 168, 78, 71, 184, 224, 232, 191, 72, 87, 119,
       9, 115, 4, 212, 124, 106, 201, 1, 249, 44, 243, 233, 101, 20, 104,
       243, 70, 115, 253, 112, 253, 102, 44, 76, 85, 152, 99, 250, 181,
       8, 83, 87, 201, 59, 20, 212, 124, 106, 233, 103, 251, 0, 211, 201,
       101, 60, 97, 179, 70, 115, 104, 181, 188, 122, 157, 253, 81, 11,
       235, 125, 173, 24, 158, 253, 74, 58, 137, 146, 253, 16, 26, 107,
       251, 145, 219, 223, 16, 127, 210, 72, 198, 98, 252, 252, 253, 118,
       137, 109, 85, 254, 179, 183, 164, 24, 115, 247, 73, 31, 9, 214,
       237, 10, 56, 79, 250, 33, 219, 219, 85, 61, 226, 241, 198, 106,
       104, 177, 180, 250, 141, 221, 84, 47, 203, 121, 172, 25, 190, 189,
       72, 50, 201, 146, 249, 16, 90, 107, 242, 177, 251, 223, 84, 123,
       210, 76, 198, 74, 120, 177, 253, 112, 137, 205, 81, 93, 226, 189,
       164, 8, 27, 247, 72, 50, 33, 150, 253, 24, 26, 107, 250, 17, 219,
       201, 117, 125, 227, 128, 198, 114, 224, 188, 157, 218, 200, 237,
       5, 207, 250, 59, 160, 24, 150, 243, 72, 59, 129, 146, 106, 16, 51,
       111, 218, 113, 221, 146, 85, 124, 216, 72, 131, 42, 229, 116, 252,
       71, 180, 47, 119, 184, 120, 226, 55, 44, 215, 121, 155, 48, 183,
       68, 116, 110, 165, 244, 29, 46, 110, 191, 101, 22, 76, 251, 91,
       17, 78, 237, 210, 175, 252, 11, 254, 232, 61, 170, 251, 2, 205,
       234, 93, 64, 251, 237, 127, 227, 96, 243, 201, 238, 188, 255, 207,
       132, 21, 123, 243, 129, 220, 206, 95, 182, 136, 106, 76, 167, 160,
       178, 162, 153, 223, 99, 0, 219, 35, 247, 236, 34, 120, 77, 139,
       46, 249, 227, 119, 85, 160, 240, 143, 10, 100, 105, 19, 94, 93,
       196, 135, 224, 234, 136, 232, 8, 182, 209, 33, 48, 200, 122, 66,
       74, 65, 107, 218, 61, 101, 180, 7, 56, 72, 59, 103, 162, 52, 97,
       27, 103, 21, 79, 71, 104, 118, 160, 235, 0, 83, 209, 41, 112, 248,
       204, 40, 106, 105, 176, 25, 30, 225, 142, 5, 4, 96, 59, 112, 34,
       197, 112, 189, 101, 160, 110, 119, 16, 104, 234, 38, 8, 223, 53,
       65, 59, 148, 85, 120, 122, 129, 244, 177, 8, 199, 219, 69, 16,
       200, 243, 7, 112, 69, 99, 17, 71, 116, 14, 102, 56, 125, 168, 123,
       76, 214, 0, 153, 180, 148, 76, 68, 110, 193, 176, 89, 12, 37, 188,
       33, 4, 72, 179, 67, 161, 72, 246, 156, 118, 171, 61, 20, 181, 187,
       63, 173, 189, 207, 235, 74, 27, 135, 87, 237, 2, 116, 77, 154, 51,
       234, 211, 85, 127, 202, 214, 143, 27, 116, 97, 90, 103, 22, 11,
       102, 40, 105, 160, 107, 8, 199, 105, 25, 144, 178, 205, 104, 107,
       68, 240, 153, 12, 231, 239, 1, 5, 101, 179, 74, 2, 92, 81, 28,
       231, 44, 79, 91, 184, 172, 168, 183, 32, 223, 91, 9, 82, 246, 213,
