%YAML:1.0
---
descriptors: !!opencv-matrix
   rows: 223
   cols: 32
   dt: u
   data: [ 108, 165, 189, 115, 137, 109, 87, 140, 51, 59, 173, 24, 214,
       119, 72, 58, 153, 82, 97, 90, 26, 98, 251, 49, 239, 223, 85, 127,
       194, 83, 198, 98, 109, 125, 49, 103, 221, 79, 71, 168, 97, 228,
       40, 8, 214, 85, 9, 48, 152, 92, 88, 106, 73, 178, 249, 44, 229,
       253, 5, 52, 64, 59, 86, 242, 120, 176, 255, 112, 155, 201, 81,
       103, 242, 21, 164, 24, 55, 183, 64, 50, 1, 178, 104, 24, 26, 107,
       242, 21, 219, 203, 80, 123, 96, 0, 198, 106, 145, 134, 207, 117,
       176, 42, 98, 63, 116, 35, 98, 208, 211, 33, 128, 112, 83, 206, 40,
       60, 57, 252, 69, 15, 236, 174, 52, 68, 236, 232, 192, 8, 5, 117,
       17, 71, 117, 14, 230, 184, 121, 232, 107, 76, 214, 121, 29, 52,
       144, 92, 80, 106, 225, 176, 249, 14, 37, 188, 5, 4, 72, 59, 75,
       161, 36, 225, 57, 73, 13, 79, 67, 168, 74, 53, 37, 8, 214, 85, 72,
       48, 145, 84, 64, 106, 67, 112, 249, 21, 109, 152, 5, 116, 80, 59,
       198, 98, 248, 56, 255, 112, 40, 237, 81, 87, 242, 63, 164, 24, 51,
       151, 64, 27, 33, 182, 108, 24, 58, 111, 242, 1, 219, 203, 112, 56,
       224, 192, 70, 123, 249, 186, 158, 50, 168, 189, 88, 215, 179, 127,
       180, 185, 191, 215, 194, 59, 135, 247, 253, 20, 190, 79, 234, 51,
       218, 251, 117, 249, 162, 196, 138, 91, 113, 176, 247, 116, 169,
       252, 80, 223, 243, 251, 180, 120, 26, 157, 198, 62, 135, 246, 252,
       16, 159, 111, 242, 1, 219, 219, 117, 251, 235, 192, 198, 95, 124,
       48, 185, 114, 237, 109, 81, 216, 227, 253, 165, 24, 223, 223, 73,
       58, 137, 216, 253, 24, 27, 99, 250, 16, 219, 221, 17, 125, 210,
       203, 70, 98, 237, 241, 149, 71, 233, 76, 117, 189, 41, 186, 39,
       88, 220, 119, 200, 255, 149, 84, 124, 106, 241, 86, 251, 192, 109,
       186, 117, 206, 2, 178, 130, 33, 252, 180, 253, 114, 168, 108, 85,
       219, 242, 255, 164, 24, 83, 247, 201, 59, 5, 214, 124, 24, 59,
       103, 250, 0, 219, 235, 117, 124, 226, 241, 198, 115, 252, 68, 28,
       118, 168, 104, 85, 188, 160, 178, 166, 24, 87, 119, 1, 91, 135,
       215, 108, 106, 104, 71, 203, 46, 243, 235, 117, 20, 96, 241, 198,
       35, 117, 229, 181, 78, 149, 75, 71, 168, 82, 224, 171, 8, 114,
       112, 24, 48, 17, 220, 112, 106, 105, 225, 61, 63, 57, 174, 69, 20,
       97, 59, 86, 38, 148, 173, 30, 247, 146, 106, 71, 190, 52, 162,
       238, 16, 119, 115, 8, 81, 49, 246, 77, 162, 120, 217, 25, 47, 249,
       231, 37, 21, 160, 240, 228, 42, 65, 49, 21, 101, 1, 78, 103, 48,
       104, 160, 34, 8, 214, 17, 1, 50, 144, 84, 104, 106, 65, 240, 241,
       12, 165, 186, 65, 4, 72, 35, 67, 34, 69, 241, 157, 103, 153, 15,
       119, 184, 122, 240, 43, 76, 214, 113, 73, 50, 145, 68, 104, 106,
       193, 240, 217, 41, 237, 158, 69, 20, 72, 115, 67, 34, 67, 123, 2,
       33, 34, 11, 46, 17, 40, 96, 74, 237, 143, 6, 130, 80, 166, 61, 76,
       69, 133, 152, 148, 76, 180, 52, 10, 162, 12, 38, 11, 53, 100, 105,
       59, 102, 81, 70, 231, 96, 176, 160, 235, 8, 80, 215, 41, 48, 248,
       253, 83, 234, 72, 243, 184, 108, 117, 168, 139, 8, 65, 51, 103,
       162, 253, 183, 245, 101, 182, 111, 199, 191, 114, 235, 59, 120,
       83, 52, 137, 181, 23, 214, 100, 40, 249, 244, 125, 14, 169, 238,
       117, 84, 227, 248, 214, 37, 208, 40, 157, 116, 136, 236, 17, 7,
       162, 183, 166, 24, 151, 183, 64, 59, 129, 118, 104, 16, 59, 109,
       162, 0, 217, 163, 116, 121, 224, 64, 135, 42, 109, 115, 49, 103,
       53, 31, 118, 56, 105, 232, 123, 77, 223, 29, 159, 176, 180, 68,
       124, 110, 196, 176, 249, 140, 231, 253, 33, 134, 66, 191, 82, 103,
       76, 97, 120, 99, 50, 10, 63, 56, 41, 36, 111, 136, 223, 7, 138,
       16, 22, 93, 253, 110, 64, 208, 233, 76, 231, 221, 33, 68, 98, 163,
       7, 113, 36, 44, 123, 69, 80, 110, 99, 80, 96, 128, 110, 72, 51,
       23, 133, 48, 16, 188, 64, 106, 9, 176, 176, 12, 71, 141, 33, 0,
       97, 179, 70, 160, 133, 174, 157, 159, 236, 169, 237, 207, 254,
       179, 96, 208, 245, 226, 208, 75, 67, 98, 106, 28, 51, 124, 207,
       115, 140, 130, 119, 108, 152, 208, 129, 168, 252, 36, 253, 118,
       136, 109, 69, 159, 242, 183, 173, 24, 83, 247, 73, 59, 1, 214,
       108, 26, 120, 103, 251, 34, 217, 203, 117, 60, 224, 240, 198, 98,
       205, 20, 29, 111, 49, 46, 103, 184, 125, 234, 103, 84, 222, 115,
       9, 113, 147, 84, 124, 106, 225, 244, 121, 126, 229, 251, 99, 6,
       72, 115, 99, 35, 77, 116, 155, 103, 161, 110, 119, 142, 121, 234,
       47, 24, 222, 49, 73, 58, 177, 94, 104, 42, 97, 244, 185, 10, 231,
       223, 69, 6, 202, 115, 195, 35, 205, 84, 157, 119, 129, 110, 119,
       188, 121, 123, 103, 16, 222, 115, 9, 123, 145, 87, 120, 42, 49,
       244, 249, 106, 199, 251, 87, 6, 200, 113, 131, 51, 69, 125, 24,
       103, 177, 14, 119, 184, 115, 168, 107, 76, 214, 115, 9, 16, 149,
       204, 108, 122, 72, 240, 217, 46, 239, 255, 5, 6, 74, 51, 66, 35,
       208, 153, 159, 252, 136, 70, 69, 55, 160, 18, 130, 80, 119, 55, 0,
       123, 65, 246, 124, 136, 121, 73, 179, 5, 217, 163, 116, 80, 40,
       160, 132, 56, 248, 50, 255, 112, 170, 233, 81, 83, 162, 159, 165,
       24, 19, 199, 65, 27, 39, 180, 109, 24, 58, 71, 178, 0, 217, 201,
       113, 120, 224, 193, 70, 99, 252, 186, 220, 114, 168, 173, 85, 223,
       162, 191, 165, 61, 55, 227, 74, 27, 7, 214, 109, 16, 58, 79, 202,
       32, 219, 195, 117, 121, 224, 209, 142, 3, 241, 88, 221, 116, 10,
       76, 69, 181, 224, 210, 166, 88, 83, 51, 129, 123, 0, 244, 124,
       106, 105, 71, 147, 9, 243, 170, 100, 24, 104, 240, 130, 48, 248,
       172, 245, 114, 169, 248, 85, 159, 179, 183, 164, 56, 46, 247, 64,
       191, 1, 246, 236, 24, 122, 79, 234, 99, 219, 211, 85, 123, 226,
       192, 134, 106, 69, 117, 144, 71, 112, 30, 102, 184, 120, 170, 107,
       76, 214, 112, 137, 182, 148, 76, 100, 110, 225, 240, 217, 74, 165,
       190, 101, 4, 74, 115, 75, 5, 37, 117, 16, 71, 117, 31, 230, 184,
       120, 232, 107, 76, 214, 112, 29, 180, 144, 76, 80, 110, 229, 240,
       89, 14, 45, 158, 5, 36, 74, 59, 90, 133, 37, 241, 17, 65, 213, 79,
       103, 184, 106, 248, 43, 72, 214, 80, 77, 180, 145, 92, 80, 122,
       65, 112, 249, 28, 45, 152, 5, 118, 202, 59, 66, 180, 250, 174,
       182, 178, 233, 173, 88, 215, 187, 59, 128, 217, 47, 235, 80, 155,
       135, 183, 125, 21, 190, 79, 202, 179, 219, 219, 89, 248, 162, 196,
       139, 9, 248, 176, 255, 116, 40, 237, 81, 23, 179, 255, 166, 29,
       55, 183, 66, 27, 33, 182, 109, 16, 59, 79, 242, 1, 219, 195, 113,
       121, 226, 192, 70, 123, 252, 48, 252, 118, 136, 109, 85, 223, 163,
       183, 164, 24, 83, 247, 75, 27, 1, 214, 237, 26, 104, 103, 250, 32,
       219, 195, 117, 61, 226, 240, 198, 106, 245, 74, 78, 30, 164, 26,
       68, 172, 117, 246, 230, 149, 67, 97, 187, 121, 80, 204, 44, 110,
       108, 247, 47, 42, 242, 235, 69, 21, 118, 249, 252, 68, 109, 222,
       92, 107, 176, 63, 86, 186, 86, 59, 62, 124, 211, 96, 138, 113, 23,
       198, 12, 62, 174, 52, 109, 63, 238, 207, 37, 116, 248, 251, 200,
       5, 124, 48, 253, 114, 168, 108, 85, 223, 226, 255, 165, 24, 83,
       247, 73, 59, 129, 214, 125, 24, 58, 103, 250, 32, 219, 235, 117,
       125, 224, 241, 198, 115, 221, 34, 156, 48, 168, 60, 92, 154, 250,
       187, 163, 89, 207, 242, 75, 219, 135, 199, 108, 28, 190, 69, 203,
       34, 154, 251, 119, 253, 168, 113, 139, 1, 229, 225, 220, 3, 236,
       28, 238, 173, 104, 176, 167, 76, 211, 104, 222, 51, 147, 69, 124,
       111, 212, 98, 221, 65, 46, 25, 101, 124, 77, 178, 203, 132, 245,
       117, 186, 110, 76, 28, 214, 249, 224, 202, 189, 76, 115, 248, 95,
       51, 216, 228, 68, 99, 237, 103, 222, 10, 243, 233, 37, 31, 73,
       122, 250, 7, 93, 5, 87, 103, 148, 78, 103, 184, 101, 160, 235, 0,
       83, 113, 8, 112, 48, 214, 108, 106, 41, 177, 121, 46, 229, 239,
       37, 16, 97, 179, 64, 32, 252, 76, 157, 118, 168, 108, 84, 190,
       176, 186, 166, 56, 127, 115, 1, 91, 135, 215, 109, 10, 104, 71,
