%YAML:1.0
---
descriptors: !!opencv-matrix
   rows: 280
   cols: 32
   dt: u
   data: [ 5, 93, 91, 103, 176, 14, 111, 184, 116, 234, 126, 100, 243,
       115, 153, 112, 55, 124, 60, 238, 233, 144, 125, 46, 236, 175, 39,
       128, 40, 243, 97, 57, 149, 189, 121, 231, 180, 111, 79, 189, 52,
       234, 127, 100, 215, 119, 136, 112, 119, 222, 29, 106, 249, 144,
       121, 63, 235, 239, 39, 132, 168, 243, 192, 113, 236, 180, 189,
       115, 173, 125, 81, 152, 91, 255, 165, 24, 222, 127, 74, 59, 145,
       81, 253, 50, 50, 102, 251, 18, 207, 219, 81, 127, 210, 75, 70,
       226, 232, 180, 188, 250, 189, 253, 81, 15, 223, 95, 173, 24, 190,
       253, 74, 60, 137, 27, 251, 16, 58, 111, 250, 147, 203, 223, 80,
       127, 210, 72, 198, 234, 232, 189, 188, 252, 221, 253, 85, 231,
       223, 23, 172, 25, 174, 189, 38, 81, 201, 58, 251, 0, 58, 107, 242,
       183, 235, 255, 84, 123, 210, 88, 214, 202, 96, 168, 29, 250, 200,
       237, 81, 143, 158, 17, 160, 24, 182, 215, 72, 91, 193, 50, 106,
       16, 50, 107, 218, 49, 221, 179, 80, 121, 208, 8, 135, 42, 96, 180,
       149, 122, 173, 109, 84, 143, 255, 59, 161, 24, 214, 187, 76, 122,
       129, 151, 108, 16, 59, 109, 219, 19, 139, 254, 85, 126, 208, 72,
       198, 42, 252, 253, 253, 247, 173, 111, 95, 188, 251, 186, 191, 56,
       255, 127, 75, 59, 151, 215, 253, 106, 232, 103, 235, 187, 239,
       255, 103, 189, 194, 243, 198, 99, 69, 231, 144, 3, 176, 14, 102,
       188, 106, 185, 59, 92, 214, 96, 220, 146, 149, 70, 108, 126, 214,
       240, 201, 66, 172, 188, 37, 68, 200, 179, 203, 5, 248, 40, 254,
       112, 9, 249, 81, 83, 226, 119, 164, 24, 59, 151, 194, 191, 1, 178,
       236, 8, 26, 111, 162, 1, 211, 203, 112, 121, 227, 132, 78, 106,
       206, 237, 246, 159, 255, 43, 254, 239, 63, 179, 250, 155, 239,
       236, 29, 65, 255, 255, 127, 167, 244, 255, 203, 255, 190, 126,
       223, 206, 165, 127, 241, 193, 22, 245, 246, 239, 190, 11, 254,
       248, 125, 168, 251, 163, 207, 126, 29, 64, 255, 221, 255, 227,
       236, 243, 73, 238, 254, 254, 143, 134, 101, 255, 231, 147, 30,
       237, 252, 239, 188, 15, 254, 248, 127, 170, 251, 2, 251, 123, 29,
       99, 255, 253, 127, 227, 232, 243, 201, 238, 255, 255, 239, 148,
       101, 251, 99, 129, 245, 113, 93, 103, 172, 14, 71, 184, 96, 248,
       175, 76, 211, 113, 137, 51, 16, 196, 124, 110, 233, 96, 249, 40,
       224, 232, 101, 20, 104, 179, 66, 1, 116, 237, 254, 238, 254, 11,
       111, 248, 175, 178, 255, 10, 95, 235, 125, 83, 123, 207, 127, 239,
       232, 243, 203, 252, 254, 235, 239, 188, 181, 251, 113, 128, 204,
       116, 149, 103, 41, 108, 83, 24, 123, 251, 45, 24, 214, 119, 73,
       59, 145, 84, 108, 58, 41, 100, 251, 2, 207, 223, 69, 60, 194, 115,
       70, 34, 156, 226, 190, 247, 172, 15, 95, 152, 174, 186, 183, 144,
       223, 111, 153, 75, 239, 213, 127, 235, 232, 229, 107, 48, 204,
       235, 111, 148, 196, 241, 33, 33, 253, 113, 157, 103, 160, 94, 71,
       184, 96, 234, 166, 76, 211, 112, 201, 51, 16, 212, 124, 106, 201,
       98, 249, 40, 225, 233, 101, 20, 104, 243, 66, 49, 221, 144, 189,
       247, 172, 44, 121, 154, 191, 251, 151, 120, 223, 255, 72, 123,
       199, 87, 253, 24, 185, 69, 235, 128, 203, 251, 127, 220, 128, 233,
       1, 115, 92, 181, 249, 114, 219, 233, 17, 207, 179, 21, 173, 24,
       30, 247, 72, 56, 35, 155, 192, 16, 50, 107, 186, 119, 91, 197, 21,
       111, 227, 64, 167, 226, 216, 176, 189, 248, 169, 236, 89, 31, 187,
       123, 180, 28, 191, 183, 66, 59, 133, 151, 253, 24, 59, 79, 242,
       19, 219, 251, 118, 249, 162, 192, 135, 123, 248, 188, 189, 120,
       169, 253, 89, 215, 251, 123, 180, 24, 191, 255, 64, 123, 133, 247,
       253, 16, 59, 111, 242, 51, 219, 251, 117, 121, 194, 72, 198, 123,
       232, 253, 188, 113, 173, 93, 85, 191, 127, 127, 180, 28, 191, 61,
       72, 27, 129, 82, 125, 24, 122, 108, 251, 51, 239, 219, 84, 117,
       210, 216, 198, 123, 29, 189, 186, 175, 180, 175, 127, 191, 46,
       233, 255, 0, 247, 123, 24, 96, 126, 111, 95, 123, 218, 184, 121,
       63, 239, 237, 175, 208, 164, 250, 129, 235, 204, 181, 189, 113,
       225, 110, 49, 27, 59, 255, 47, 24, 220, 119, 72, 59, 151, 23, 125,
       48, 179, 84, 251, 64, 207, 219, 117, 230, 194, 96, 135, 115, 81,
       143, 95, 111, 176, 138, 79, 191, 100, 0, 234, 196, 243, 99, 144,
       112, 51, 230, 76, 44, 89, 184, 13, 63, 232, 175, 37, 16, 232, 242,
       192, 40, 248, 174, 222, 122, 138, 233, 81, 223, 179, 23, 164, 185,
       55, 199, 66, 25, 35, 179, 205, 16, 58, 79, 138, 51, 219, 195, 117,
       121, 226, 192, 134, 10, 45, 103, 48, 5, 116, 30, 230, 56, 104,
       168, 123, 76, 214, 80, 159, 180, 144, 76, 68, 110, 197, 176, 89,
       14, 37, 188, 33, 4, 74, 179, 75, 133, 248, 190, 156, 114, 168,
       173, 80, 223, 178, 191, 164, 29, 55, 227, 66, 27, 129, 178, 237,
       20, 58, 111, 218, 51, 219, 195, 117, 121, 234, 192, 202, 10, 93,
       221, 125, 103, 180, 78, 79, 188, 97, 234, 191, 76, 243, 119, 137,
       112, 22, 214, 92, 106, 233, 129, 121, 46, 225, 239, 37, 148, 104,
       243, 64, 57, 236, 52, 189, 99, 173, 125, 81, 152, 91, 255, 181,
       24, 222, 93, 75, 59, 153, 84, 125, 58, 43, 102, 251, 18, 207, 219,
       65, 127, 194, 251, 70, 114, 252, 188, 253, 118, 168, 108, 85, 191,
       178, 191, 164, 24, 115, 247, 73, 27, 1, 214, 109, 10, 120, 79,
       251, 32, 251, 235, 117, 60, 227, 240, 198, 107, 236, 180, 189,
       251, 173, 125, 81, 25, 127, 63, 165, 24, 222, 253, 74, 58, 153,
       26, 255, 16, 58, 110, 251, 147, 207, 223, 81, 127, 210, 74, 198,
       98, 104, 180, 188, 250, 189, 237, 85, 15, 223, 63, 173, 25, 190,
       253, 74, 59, 129, 19, 251, 16, 58, 106, 250, 151, 207, 223, 80,
       127, 210, 72, 198, 106, 106, 253, 183, 252, 157, 221, 85, 231,
       223, 23, 172, 8, 190, 191, 36, 18, 201, 242, 251, 0, 122, 107,
       242, 255, 251, 255, 214, 59, 82, 88, 214, 106, 220, 253, 252, 247,
       168, 47, 95, 188, 191, 190, 191, 56, 223, 127, 201, 123, 183, 215,
       253, 106, 120, 101, 235, 174, 251, 255, 103, 212, 130, 243, 199,
       99, 76, 103, 200, 39, 176, 42, 102, 136, 121, 166, 107, 129, 195,
       99, 155, 90, 114, 204, 108, 126, 108, 240, 205, 42, 236, 231, 71,
       5, 224, 243, 74, 0, 141, 117, 49, 71, 240, 30, 55, 184, 121, 234,
       127, 108, 222, 119, 141, 52, 150, 93, 118, 110, 225, 240, 233, 78,
       39, 255, 37, 134, 74, 243, 3, 241, 248, 168, 254, 112, 9, 249, 81,
       82, 227, 85, 164, 24, 59, 149, 66, 187, 33, 178, 252, 24, 10, 107,
       178, 33, 211, 201, 112, 121, 227, 192, 70, 106, 62, 111, 242, 239,
       254, 11, 254, 248, 63, 162, 251, 170, 207, 239, 189, 80, 255, 253,
       255, 227, 232, 243, 205, 238, 190, 255, 175, 182, 55, 255, 115,
       145, 206, 236, 246, 191, 253, 43, 254, 255, 191, 147, 250, 154,
       238, 239, 93, 207, 255, 255, 255, 131, 240, 255, 203, 255, 190,
       254, 223, 202, 135, 253, 233, 153, 101, 99, 16, 69, 116, 15, 102,
       56, 105, 168, 123, 76, 211, 0, 153, 180, 148, 76, 68, 110, 193,
       176, 201, 12, 36, 156, 33, 4, 74, 179, 67, 133, 118, 245, 214,
       239, 254, 11, 254, 232, 61, 162, 251, 42, 207, 122, 29, 80, 255,
       221, 127, 227, 96, 243, 201, 238, 190, 255, 207, 150, 37, 251,
       113, 129, 158, 237, 246, 191, 254, 43, 254, 252, 127, 178, 243,
       26, 207, 235, 61, 73, 127, 231, 127, 243, 248, 247, 203, 254, 190,
       255, 207, 212, 231, 251, 225, 128, 118, 101, 254, 239, 252, 11,
       254, 248, 127, 168, 251, 10, 223, 107, 29, 66, 254, 205, 127, 227,
       232, 243, 201, 236, 254, 255, 239, 148, 101, 251, 97, 129, 20,
       229, 222, 231, 174, 11, 255, 248, 62, 186, 247, 2, 223, 107, 25,
       67, 123, 205, 127, 107, 104, 241, 203, 188, 254, 235, 111, 148,
       37, 251, 113, 129, 237, 120, 189, 102, 40, 78, 71, 152, 120, 250,
       39, 24, 214, 81, 73, 59, 128, 84, 124, 106, 105, 100, 249, 34,
       197, 187, 101, 52, 72, 51, 66, 49, 164, 237, 196, 255, 221, 47,
       238, 236, 63, 162, 249, 26, 206, 106, 29, 65, 251, 207, 127, 226,
