%YAML:1.0
---
descriptors: !!opencv-matrix
   rows: 314
   cols: 32
   dt: u
   data: [ 120, 168, 255, 120, 138, 232, 81, 87, 178, 23, 164, 56, 55,
       183, 64, 59, 1, 178, 109, 16, 26, 79, 226, 49, 219, 195, 116, 121,
       224, 192, 198, 106, 120, 176, 121, 112, 40, 204, 81, 19, 162, 125,
       164, 60, 55, 151, 64, 27, 4, 148, 109, 24, 27, 75, 178, 17, 219,
       193, 48, 120, 96, 128, 6, 123, 118, 162, 189, 126, 248, 100, 17,
       207, 170, 189, 161, 57, 116, 247, 76, 27, 129, 87, 109, 16, 18,
       75, 170, 81, 217, 178, 125, 255, 144, 32, 135, 99, 221, 38, 156,
       180, 168, 40, 92, 130, 162, 179, 167, 89, 159, 163, 67, 219, 131,
       199, 108, 28, 60, 69, 203, 0, 218, 227, 119, 61, 168, 241, 139, 0,
       120, 176, 190, 120, 105, 253, 81, 83, 235, 89, 180, 24, 191, 191,
       96, 58, 165, 179, 253, 16, 26, 107, 242, 145, 219, 219, 80, 123,
       210, 72, 71, 123, 120, 185, 188, 248, 173, 253, 81, 87, 239, 57,
       188, 24, 191, 185, 64, 58, 205, 179, 255, 25, 154, 107, 242, 145,
       219, 223, 84, 122, 218, 200, 194, 43, 120, 184, 255, 112, 168,
       252, 81, 215, 226, 253, 164, 24, 51, 183, 194, 58, 133, 246, 124,
       24, 27, 75, 242, 33, 219, 233, 117, 121, 224, 192, 198, 123, 120,
       176, 188, 240, 41, 205, 89, 26, 171, 59, 180, 24, 159, 191, 64,
       123, 133, 149, 253, 16, 186, 79, 242, 145, 219, 251, 113, 122,
       194, 0, 71, 59, 252, 108, 252, 86, 140, 108, 69, 191, 243, 182,
       166, 24, 211, 101, 193, 63, 1, 214, 108, 10, 56, 103, 251, 34,
       217, 251, 117, 61, 226, 248, 198, 34, 124, 56, 253, 116, 169, 108,
       85, 159, 226, 255, 164, 24, 31, 191, 65, 59, 129, 215, 109, 16,
       26, 111, 250, 0, 219, 203, 117, 61, 224, 112, 198, 98, 224, 180,
       156, 250, 204, 237, 69, 143, 158, 59, 164, 24, 246, 243, 72, 91,
       129, 82, 106, 24, 51, 111, 219, 51, 221, 147, 85, 125, 216, 88,
       199, 42, 85, 77, 93, 103, 146, 14, 71, 188, 100, 160, 170, 64,
       215, 115, 9, 113, 50, 212, 124, 106, 105, 176, 89, 60, 231, 239,
       37, 20, 96, 243, 192, 32, 129, 93, 23, 69, 96, 78, 39, 52, 104,
       202, 98, 72, 242, 16, 133, 181, 48, 116, 80, 106, 225, 180, 49,
       44, 37, 184, 96, 0, 72, 51, 67, 188, 252, 236, 253, 118, 136, 111,
       71, 188, 178, 190, 165, 24, 83, 119, 201, 59, 1, 214, 108, 42,
       120, 103, 251, 42, 251, 203, 101, 60, 225, 241, 198, 96, 252, 100,
       252, 118, 141, 45, 85, 154, 211, 182, 180, 24, 83, 225, 79, 27, 9,
       214, 236, 26, 56, 103, 251, 34, 219, 203, 85, 61, 227, 249, 198,
       34, 252, 78, 159, 116, 168, 44, 85, 191, 176, 186, 182, 56, 119,
       119, 1, 91, 135, 247, 109, 42, 104, 103, 203, 32, 211, 235, 117,
       24, 96, 240, 198, 35, 125, 85, 125, 103, 176, 78, 79, 188, 96,
       232, 255, 68, 87, 119, 137, 112, 118, 214, 60, 106, 233, 144, 121,
       46, 227, 239, 37, 148, 104, 243, 192, 49, 253, 112, 253, 102, 44,
       79, 87, 152, 227, 250, 183, 8, 95, 85, 73, 59, 150, 212, 124, 106,
       233, 103, 249, 32, 211, 217, 101, 52, 106, 243, 70, 115, 212, 60,
       221, 87, 168, 110, 100, 187, 50, 251, 35, 80, 215, 119, 201, 123,
       17, 86, 108, 58, 57, 212, 249, 42, 207, 171, 117, 68, 168, 241,
       134, 49, 236, 48, 189, 114, 173, 109, 81, 152, 203, 255, 165, 24,
       222, 221, 73, 59, 145, 80, 253, 58, 19, 103, 251, 16, 219, 219,
       81, 127, 194, 107, 71, 115, 104, 180, 149, 99, 141, 109, 84, 159,
       127, 59, 169, 88, 222, 59, 72, 251, 145, 150, 108, 16, 59, 108,
       219, 147, 143, 223, 85, 119, 210, 72, 194, 2, 85, 221, 25, 227,
       180, 14, 79, 188, 52, 232, 255, 100, 215, 119, 137, 112, 54, 214,
       93, 106, 233, 144, 121, 62, 233, 237, 37, 148, 40, 243, 192, 49,
       192, 140, 157, 254, 136, 237, 17, 151, 150, 23, 96, 24, 183, 243,
       64, 91, 129, 122, 104, 24, 50, 78, 218, 51, 205, 163, 116, 120,
       144, 72, 133, 170, 212, 188, 189, 126, 168, 232, 20, 143, 251,
       155, 162, 56, 254, 255, 76, 123, 131, 119, 109, 16, 59, 75, 154,
       51, 249, 242, 85, 127, 136, 96, 135, 59, 53, 197, 145, 107, 148,
       79, 71, 168, 86, 160, 235, 0, 83, 113, 25, 112, 49, 204, 8, 122,
       107, 176, 121, 63, 233, 142, 5, 20, 112, 187, 80, 32, 104, 180,
       188, 251, 173, 253, 84, 47, 255, 127, 172, 25, 190, 189, 74, 59,
       129, 147, 249, 16, 58, 110, 242, 179, 207, 223, 84, 123, 210, 72,
       198, 74, 220, 133, 156, 126, 139, 105, 23, 168, 179, 54, 173, 57,
       79, 99, 10, 91, 51, 214, 237, 98, 56, 67, 203, 55, 251, 227, 69,
       127, 242, 115, 142, 34, 72, 159, 149, 62, 185, 157, 20, 167, 159,
       27, 170, 125, 174, 243, 32, 211, 197, 51, 236, 16, 62, 73, 66, 55,
       170, 247, 116, 91, 154, 92, 136, 31, 69, 48, 153, 103, 1, 78, 97,
       0, 104, 224, 35, 8, 214, 23, 9, 58, 144, 84, 96, 98, 1, 240, 241,
       0, 69, 184, 64, 4, 72, 35, 67, 50, 77, 116, 157, 103, 160, 126,
       55, 8, 120, 226, 47, 8, 222, 113, 73, 58, 146, 84, 104, 106, 97,
       244, 249, 106, 231, 191, 69, 6, 200, 243, 67, 33, 216, 188, 255,
       114, 138, 224, 81, 215, 179, 151, 164, 185, 55, 151, 64, 91, 39,
       247, 237, 144, 58, 79, 162, 35, 219, 227, 116, 121, 160, 192, 166,
       122, 248, 174, 254, 122, 170, 233, 81, 215, 183, 23, 164, 185, 39,
       231, 64, 27, 47, 178, 109, 144, 58, 79, 162, 51, 219, 195, 112,
       121, 240, 192, 166, 107, 45, 113, 17, 97, 49, 95, 82, 8, 105, 232,
       173, 8, 218, 21, 13, 180, 152, 148, 68, 106, 73, 176, 241, 28,
       231, 221, 1, 54, 75, 35, 66, 38, 248, 186, 252, 120, 170, 169, 81,
       23, 227, 63, 180, 57, 51, 129, 66, 27, 11, 178, 236, 16, 58, 111,
       194, 49, 219, 203, 112, 121, 243, 200, 198, 43, 100, 113, 56, 101,
       48, 15, 99, 56, 104, 172, 111, 12, 210, 19, 9, 16, 148, 76, 68,
       106, 64, 240, 249, 12, 101, 156, 33, 4, 64, 179, 66, 35, 248, 190,
       247, 118, 171, 253, 85, 215, 179, 191, 164, 56, 47, 247, 64, 191,
       39, 246, 237, 16, 58, 107, 170, 163, 251, 243, 85, 59, 226, 196,
       134, 107, 240, 186, 220, 114, 168, 173, 81, 223, 178, 191, 164,
       29, 55, 227, 66, 27, 9, 230, 237, 28, 58, 79, 218, 35, 219, 139,
       117, 121, 232, 192, 202, 11, 77, 117, 149, 103, 177, 94, 119, 184,
       121, 234, 47, 8, 222, 114, 73, 54, 145, 92, 120, 122, 97, 240,
       249, 74, 239, 255, 69, 6, 202, 115, 75, 55, 69, 81, 149, 69, 1,
       14, 102, 48, 104, 168, 99, 76, 214, 50, 1, 115, 148, 68, 104, 106,
       193, 240, 209, 12, 37, 186, 97, 2, 72, 51, 67, 33, 45, 245, 177,
       71, 221, 95, 198, 168, 95, 248, 45, 8, 214, 120, 77, 164, 145, 92,
       114, 107, 101, 112, 121, 62, 47, 223, 5, 55, 82, 123, 222, 166,
       100, 48, 153, 67, 129, 110, 99, 136, 106, 242, 43, 8, 214, 119,
       73, 58, 145, 84, 104, 122, 1, 112, 249, 40, 205, 158, 69, 118,
       192, 115, 71, 34, 197, 239, 56, 37, 172, 15, 206, 184, 122, 226,
       40, 77, 247, 104, 31, 19, 147, 71, 108, 111, 228, 100, 221, 63,
       228, 127, 101, 60, 76, 115, 75, 128, 65, 117, 17, 69, 85, 78, 102,
       188, 120, 224, 106, 72, 222, 17, 5, 180, 144, 92, 80, 106, 225,
       176, 249, 46, 37, 190, 5, 6, 74, 51, 67, 178, 224, 188, 157, 251,
       232, 237, 1, 143, 218, 59, 32, 24, 182, 243, 72, 123, 129, 82,
       106, 24, 51, 111, 218, 49, 205, 162, 117, 124, 216, 88, 199, 170,
       253, 113, 253, 102, 168, 78, 87, 184, 97, 250, 183, 72, 83, 117,
       201, 59, 20, 212, 124, 106, 201, 103, 249, 8, 243, 233, 101, 52,
       104, 243, 70, 113, 244, 180, 221, 119, 168, 110, 69, 191, 178,
       187, 167, 120, 83, 119, 200, 123, 1, 214, 108, 42, 121, 197, 251,
       42, 233, 235, 117, 20, 160, 241, 198, 33, 236, 180, 149, 99, 141,
       63, 80, 25, 123, 187, 41, 88, 222, 115, 72, 186, 145, 22, 236, 50,
       62, 116, 217, 18, 207, 223, 117, 119, 218, 74, 202, 3, 216, 140,
       93, 180, 136, 106, 76, 175, 160, 182, 162, 153, 247, 99, 0, 219,
       35, 231, 109, 170, 120, 205, 9, 45, 241, 227, 231, 17, 32, 112,
       133, 42, 108, 180, 188, 115, 173, 253, 81, 27, 255, 123, 173, 24,
