%YAML:1.0
---
descriptors: !!opencv-matrix
   rows: 242
   cols: 32
   dt: u
   data: [ 248, 184, 127, 120, 11, 233, 81, 103, 162, 21, 164, 56, 55,
       151, 64, 51, 35, 178, 108, 16, 26, 107, 162, 21, 219, 203, 112,
       123, 98, 0, 198, 107, 108, 228, 185, 99, 201, 109, 87, 136, 51,
       191, 173, 24, 214, 119, 73, 62, 153, 82, 96, 122, 122, 102, 251,
       51, 239, 223, 69, 127, 194, 83, 198, 98, 108, 125, 49, 101, 61,
       79, 71, 160, 121, 228, 47, 8, 215, 117, 1, 48, 152, 116, 88, 106,
       105, 240, 249, 46, 229, 253, 5, 52, 66, 123, 70, 114, 1, 125, 49,
       69, 85, 79, 102, 188, 121, 232, 106, 72, 222, 17, 21, 180, 144,
       92, 80, 106, 225, 240, 249, 78, 39, 188, 5, 6, 74, 50, 67, 187,
       108, 65, 57, 71, 109, 79, 71, 136, 85, 236, 239, 8, 211, 85, 25,
       52, 216, 220, 122, 106, 73, 178, 249, 8, 231, 221, 5, 52, 82, 187,
       86, 114, 37, 241, 17, 65, 213, 79, 103, 184, 107, 248, 43, 72,
       214, 81, 77, 180, 145, 92, 64, 122, 65, 112, 121, 28, 45, 156, 5,
       54, 72, 59, 66, 162, 252, 112, 249, 102, 44, 78, 87, 152, 99, 250,
       181, 24, 83, 215, 73, 59, 19, 212, 124, 122, 201, 103, 251, 0,
       211, 203, 101, 60, 227, 243, 70, 115, 104, 181, 189, 115, 173,
       253, 81, 15, 235, 61, 173, 24, 159, 253, 72, 58, 129, 146, 237,
       16, 26, 106, 251, 145, 207, 223, 80, 127, 210, 72, 198, 98, 252,
       108, 220, 118, 137, 109, 85, 222, 163, 190, 165, 24, 115, 247, 73,
       31, 9, 214, 237, 10, 120, 103, 250, 34, 219, 195, 117, 60, 226,
       241, 198, 34, 248, 56, 253, 116, 40, 237, 81, 23, 162, 191, 164,
       56, 51, 183, 64, 27, 37, 246, 109, 24, 42, 79, 178, 1, 217, 203,
       117, 56, 224, 192, 198, 123, 252, 164, 220, 122, 137, 237, 81,
       202, 147, 183, 165, 25, 3, 225, 79, 27, 9, 210, 237, 24, 58, 103,
       218, 50, 219, 219, 85, 125, 243, 217, 206, 2, 112, 184, 253, 82,
       168, 237, 80, 223, 251, 251, 176, 120, 18, 252, 204, 58, 143, 215,
       124, 16, 159, 111, 234, 97, 155, 218, 117, 254, 201, 64, 198, 183,
       232, 253, 188, 252, 157, 221, 84, 230, 219, 31, 172, 8, 190, 189,
       70, 51, 201, 250, 249, 0, 106, 107, 242, 179, 251, 255, 20, 59,
       210, 88, 214, 106, 120, 188, 253, 114, 168, 253, 85, 159, 227,
       255, 164, 24, 51, 183, 66, 59, 5, 246, 108, 24, 59, 111, 250, 49,
       219, 235, 117, 121, 226, 192, 198, 123, 246, 236, 182, 158, 157,
       111, 254, 232, 255, 226, 225, 3, 78, 254, 61, 65, 249, 221, 251,
       227, 104, 247, 217, 254, 191, 254, 199, 55, 209, 127, 102, 210,
       228, 180, 157, 250, 141, 237, 69, 143, 223, 59, 160, 24, 150, 243,
       76, 59, 129, 146, 104, 16, 59, 111, 219, 115, 153, 146, 85, 126,
       216, 72, 198, 34, 252, 50, 149, 114, 169, 44, 80, 154, 179, 187,
       177, 120, 159, 243, 73, 155, 133, 214, 108, 18, 42, 103, 202, 2,
       155, 210, 117, 62, 226, 113, 2, 35, 125, 77, 125, 103, 144, 78,
       71, 184, 100, 160, 170, 8, 211, 115, 9, 115, 50, 212, 108, 106,
       105, 176, 121, 44, 229, 239, 37, 20, 96, 243, 64, 32, 69, 245,
       149, 103, 153, 79, 23, 184, 122, 248, 43, 12, 254, 113, 8, 50,
       145, 68, 120, 106, 195, 240, 219, 63, 173, 190, 5, 118, 72, 51,
       195, 50, 192, 136, 157, 255, 200, 237, 17, 135, 158, 19, 96, 24,
       182, 243, 64, 91, 129, 114, 106, 24, 50, 78, 218, 49, 205, 163,
       116, 120, 144, 72, 135, 170, 117, 69, 93, 103, 20, 79, 71, 184,
       100, 160, 170, 8, 83, 49, 9, 112, 48, 212, 72, 106, 104, 176, 121,
       62, 237, 174, 5, 20, 113, 187, 64, 32, 220, 188, 221, 126, 169,
       240, 85, 158, 179, 223, 164, 24, 127, 247, 74, 123, 129, 246, 252,
       16, 59, 79, 186, 49, 219, 243, 85, 127, 162, 241, 142, 115, 5, 49,
       57, 101, 21, 79, 115, 32, 104, 224, 107, 8, 222, 17, 9, 48, 144,
       28, 64, 106, 65, 176, 177, 12, 229, 188, 1, 54, 72, 34, 67, 162,
       109, 101, 120, 103, 52, 30, 118, 184, 105, 160, 127, 9, 219, 89,
       157, 176, 146, 76, 85, 110, 196, 176, 205, 46, 230, 253, 37, 4,
       70, 183, 66, 4, 108, 164, 188, 99, 217, 109, 17, 175, 123, 55, 45,
       24, 206, 117, 76, 24, 145, 30, 232, 48, 50, 116, 249, 19, 79, 215,
       85, 119, 192, 74, 199, 98, 69, 245, 153, 99, 180, 111, 103, 152,
       122, 250, 11, 8, 214, 113, 73, 42, 145, 76, 120, 122, 81, 112,
       249, 34, 237, 159, 69, 116, 200, 123, 211, 50, 101, 125, 24, 103,
       41, 14, 87, 184, 105, 168, 239, 76, 254, 243, 9, 18, 144, 108,
       108, 110, 192, 240, 217, 46, 231, 254, 5, 22, 72, 51, 67, 35, 77,
       124, 180, 69, 225, 127, 119, 152, 123, 234, 46, 8, 222, 112, 69,
       191, 145, 84, 112, 106, 229, 240, 249, 74, 111, 255, 69, 38, 202,
       115, 75, 183, 69, 79, 20, 69, 160, 30, 102, 52, 121, 170, 106, 76,
       211, 32, 145, 247, 148, 100, 108, 110, 229, 240, 209, 14, 164,
       186, 101, 0, 74, 243, 74, 13, 37, 117, 17, 69, 117, 31, 102, 188,
       107, 232, 42, 76, 214, 48, 85, 180, 144, 76, 66, 106, 193, 176,
       217, 14, 45, 156, 5, 52, 74, 59, 74, 180, 29, 85, 21, 101, 176,
       110, 111, 191, 116, 234, 126, 68, 215, 119, 137, 112, 54, 84, 60,
       110, 233, 144, 117, 14, 231, 239, 37, 132, 42, 242, 128, 49, 37,
       241, 49, 67, 93, 79, 70, 168, 74, 248, 33, 8, 214, 80, 77, 180,
       145, 92, 80, 122, 65, 112, 121, 20, 45, 156, 5, 54, 88, 59, 66,
       166, 93, 213, 125, 103, 176, 78, 79, 184, 97, 232, 190, 64, 83,
       119, 137, 112, 86, 212, 124, 106, 233, 161, 121, 47, 227, 239, 37,
       20, 40, 243, 224, 49, 108, 112, 185, 99, 172, 111, 83, 152, 99,
       255, 173, 24, 223, 85, 73, 58, 153, 220, 125, 58, 11, 102, 249,
       16, 207, 221, 33, 125, 194, 251, 70, 115, 124, 112, 189, 98, 40,
       109, 83, 152, 99, 251, 165, 24, 215, 215, 73, 58, 145, 212, 124,
       122, 9, 103, 251, 32, 211, 207, 101, 60, 224, 243, 70, 115, 252,
       244, 220, 118, 169, 109, 85, 222, 163, 191, 165, 24, 115, 247, 73,
       31, 9, 214, 237, 10, 120, 103, 250, 32, 219, 195, 117, 61, 226,
       241, 198, 99, 248, 180, 255, 112, 40, 236, 81, 23, 179, 255, 164,
       61, 55, 151, 66, 27, 37, 183, 109, 16, 58, 79, 178, 3, 219, 195,
       112, 121, 226, 192, 6, 123, 104, 177, 188, 123, 189, 253, 81, 63,
       111, 125, 173, 24, 223, 253, 74, 50, 137, 146, 237, 16, 26, 106,
       251, 17, 223, 221, 17, 127, 210, 74, 198, 98, 104, 241, 188, 250,
       189, 221, 85, 47, 219, 113, 172, 24, 190, 189, 72, 51, 137, 154,
       253, 16, 90, 107, 242, 149, 251, 219, 84, 123, 210, 8, 198, 106,
       232, 236, 180, 252, 141, 221, 84, 230, 219, 146, 164, 24, 174,
       253, 68, 19, 201, 250, 251, 64, 106, 111, 242, 187, 251, 219, 84,
       59, 82, 93, 214, 10, 221, 38, 156, 52, 168, 60, 92, 138, 251, 187,
       163, 125, 207, 226, 203, 219, 135, 199, 108, 28, 188, 71, 203, 2,
       218, 243, 117, 253, 160, 241, 139, 1, 141, 223, 220, 115, 176, 31,
       86, 191, 118, 187, 54, 124, 215, 96, 138, 113, 23, 70, 76, 110,
       238, 252, 109, 63, 238, 207, 37, 116, 120, 248, 200, 9, 226, 170,
       206, 81, 200, 169, 176, 71, 170, 21, 164, 157, 163, 129, 70, 27,
       73, 166, 227, 16, 62, 111, 198, 49, 94, 193, 208, 121, 229, 72,
       222, 154, 252, 14, 157, 118, 168, 44, 92, 182, 176, 186, 166, 56,
       127, 247, 65, 219, 135, 247, 108, 10, 120, 71, 203, 32, 211, 235,
       117, 24, 98, 241, 6, 43, 221, 37, 252, 69, 146, 30, 110, 184, 113,
       226, 110, 12, 91, 57, 31, 51, 59, 198, 116, 238, 253, 240, 221,
       78, 110, 239, 101, 4, 235, 243, 202, 2, 69, 229, 156, 71, 176, 14,
       102, 184, 122, 248, 43, 76, 222, 113, 89, 50, 145, 68, 108, 126,
       193, 112, 217, 10, 173, 190, 37, 68, 200, 51, 67, 1, 69, 103, 144,
       39, 160, 14, 110, 152, 120, 170, 43, 68, 223, 34, 217, 114, 147,
       76, 108, 126, 193, 240, 201, 74, 172, 190, 39, 4, 200, 243, 67, 0,
       208, 140, 94, 244, 154, 106, 68, 167, 180, 178, 166, 24, 247, 99,
       0, 83, 33, 246, 109, 160, 120, 205, 1, 47, 249, 227, 245, 17, 160,
       240, 172, 42, 173, 117, 252, 71, 52, 63, 119, 188, 123, 234, 127,
