%YAML:1.0
---
descriptors: !!opencv-matrix
   rows: 164
   cols: 32
   dt: u
   data: [ 236, 245, 185, 99, 137, 75, 87, 136, 123, 191, 173, 56, 214,
       117, 77, 58, 145, 84, 104, 122, 114, 98, 235, 50, 111, 219, 69,
       127, 194, 115, 198, 35, 236, 180, 189, 97, 173, 111, 117, 31, 123,
       251, 183, 24, 223, 63, 72, 59, 149, 22, 124, 56, 59, 124, 249, 18,
       207, 219, 117, 116, 202, 192, 199, 51, 105, 188, 188, 251, 173,
       253, 87, 182, 223, 123, 172, 24, 191, 125, 67, 59, 201, 242, 253,
       26, 58, 110, 251, 179, 239, 223, 84, 123, 210, 89, 198, 122, 205,
       84, 157, 103, 161, 110, 119, 184, 121, 234, 103, 24, 222, 115, 9,
       59, 145, 84, 104, 106, 97, 244, 249, 10, 231, 255, 69, 6, 74, 115,
       67, 35, 120, 185, 249, 116, 40, 204, 81, 87, 226, 181, 164, 8, 51,
       151, 64, 58, 0, 183, 125, 24, 26, 107, 242, 1, 219, 233, 113, 121,
       225, 128, 198, 106, 252, 188, 253, 118, 136, 110, 69, 186, 178,
       191, 165, 24, 211, 119, 9, 59, 1, 214, 236, 42, 56, 103, 251, 46,
       219, 235, 117, 60, 226, 241, 198, 98, 252, 164, 252, 86, 137, 109,
       85, 207, 211, 183, 165, 24, 67, 225, 75, 31, 9, 214, 236, 18, 56,
       103, 219, 34, 219, 219, 85, 63, 227, 248, 198, 34, 5, 95, 95, 71,
       176, 14, 111, 184, 124, 234, 123, 100, 213, 115, 153, 112, 54,
       108, 62, 110, 225, 208, 45, 46, 228, 174, 103, 132, 8, 243, 1,
       177, 236, 48, 189, 99, 173, 127, 81, 152, 91, 255, 165, 24, 222,
       29, 73, 59, 145, 84, 125, 58, 51, 100, 251, 16, 207, 219, 65, 125,
       194, 123, 70, 115, 232, 180, 189, 250, 173, 253, 81, 15, 223, 95,
       173, 24, 190, 253, 76, 58, 137, 19, 251, 16, 58, 110, 250, 147,
       203, 223, 84, 127, 210, 72, 198, 122, 69, 241, 157, 119, 169, 76,
       23, 184, 106, 248, 35, 72, 246, 113, 73, 50, 145, 70, 124, 122,
       67, 96, 219, 53, 173, 186, 101, 126, 72, 51, 67, 51, 252, 100,
       253, 101, 141, 91, 85, 40, 82, 182, 165, 24, 67, 49, 73, 59, 25,
       212, 232, 34, 104, 118, 249, 10, 251, 195, 69, 53, 227, 120, 70,
       34, 101, 99, 57, 71, 112, 15, 99, 24, 104, 172, 111, 72, 211, 17,
       73, 16, 144, 92, 68, 106, 72, 176, 249, 12, 229, 156, 33, 52, 64,
       179, 70, 161, 252, 172, 220, 112, 138, 233, 85, 199, 179, 183,
       164, 185, 23, 167, 66, 27, 35, 247, 237, 16, 58, 79, 138, 50, 217,
       195, 117, 125, 224, 192, 134, 122, 248, 170, 222, 122, 138, 169,
       81, 215, 178, 23, 164, 185, 55, 231, 66, 27, 39, 179, 109, 144,
       58, 79, 130, 49, 217, 195, 116, 121, 176, 192, 166, 106, 248, 190,
       220, 50, 168, 173, 84, 223, 178, 191, 164, 29, 63, 227, 66, 27,
       129, 230, 237, 20, 62, 79, 218, 51, 218, 195, 117, 121, 168, 192,
       202, 11, 205, 117, 149, 71, 225, 95, 119, 184, 123, 250, 47, 8,
       222, 112, 77, 191, 145, 92, 96, 106, 97, 240, 249, 42, 111, 223,
       69, 54, 202, 115, 75, 167, 234, 172, 180, 248, 173, 189, 92, 119,
       255, 59, 190, 24, 175, 187, 84, 31, 201, 179, 127, 24, 186, 111,
       242, 211, 219, 251, 215, 122, 210, 88, 210, 42, 164, 246, 43, 26,
       252, 233, 181, 206, 250, 95, 112, 57, 52, 204, 127, 25, 185, 11,
       67, 23, 162, 103, 170, 119, 113, 16, 54, 239, 209, 89, 247, 251,
       193, 58, 151, 16, 169, 44, 0, 151, 235, 187, 162, 92, 142, 178,
       197, 255, 167, 103, 108, 28, 183, 77, 147, 64, 152, 250, 95, 126,
       136, 96, 131, 13, 232, 188, 182, 248, 173, 173, 81, 87, 255, 59,
       180, 24, 190, 187, 84, 27, 201, 163, 127, 25, 186, 111, 210, 211,
       219, 223, 84, 122, 210, 72, 194, 10, 193, 188, 157, 89, 168, 237,
       161, 159, 254, 251, 40, 92, 182, 240, 192, 59, 129, 94, 106, 24,
       179, 109, 219, 115, 13, 30, 117, 124, 216, 64, 131, 185, 232, 180,
       190, 248, 45, 237, 80, 83, 255, 59, 165, 24, 190, 191, 64, 27,
       129, 179, 255, 16, 58, 111, 210, 147, 219, 219, 80, 123, 194, 72,
       71, 11, 120, 185, 249, 96, 41, 204, 81, 85, 162, 189, 172, 8, 63,
       151, 64, 50, 160, 182, 253, 80, 26, 43, 178, 1, 219, 201, 48, 121,
       98, 130, 198, 59, 184, 140, 155, 121, 144, 239, 67, 151, 118, 3,
       226, 80, 243, 115, 0, 120, 89, 190, 12, 24, 59, 252, 81, 63, 233,
       239, 52, 64, 224, 192, 228, 40, 5, 85, 16, 69, 112, 30, 102, 184,
       125, 168, 122, 76, 214, 82, 141, 180, 144, 76, 70, 106, 193, 176,
       89, 78, 37, 188, 37, 4, 74, 179, 75, 133, 69, 184, 157, 80, 136,
       173, 1, 159, 170, 187, 162, 92, 150, 147, 73, 27, 133, 87, 104,
       24, 18, 77, 218, 112, 152, 144, 117, 124, 200, 64, 131, 35, 85,
       99, 83, 167, 50, 10, 174, 232, 104, 164, 107, 136, 207, 34, 9,
       148, 50, 77, 104, 106, 65, 240, 141, 78, 180, 228, 15, 4, 100,
       179, 3, 132, 252, 104, 220, 116, 8, 76, 85, 188, 179, 182, 166,
       24, 115, 209, 67, 27, 0, 244, 108, 74, 104, 103, 219, 32, 211,
       235, 101, 61, 97, 177, 78, 34, 37, 113, 17, 69, 85, 79, 230, 40,
       104, 224, 43, 72, 214, 16, 13, 52, 144, 76, 80, 106, 193, 176,
       121, 28, 37, 156, 1, 54, 72, 59, 67, 164, 109, 117, 17, 69, 81,
       31, 119, 184, 121, 232, 110, 76, 214, 113, 13, 180, 144, 76, 64,
       110, 193, 176, 249, 12, 39, 158, 5, 6, 74, 51, 67, 166, 116, 160,
       252, 118, 137, 109, 85, 139, 243, 183, 165, 24, 67, 241, 76, 27,
       137, 214, 236, 16, 56, 111, 250, 32, 219, 219, 85, 63, 225, 120,
       198, 34, 5, 85, 29, 103, 48, 14, 111, 184, 116, 232, 123, 100,
       215, 115, 153, 112, 54, 76, 60, 110, 225, 144, 125, 46, 228, 175,
       37, 132, 40, 243, 65, 49, 212, 244, 157, 119, 168, 110, 69, 188,
       162, 187, 167, 80, 215, 119, 201, 123, 5, 86, 124, 58, 57, 197,
       251, 32, 233, 227, 117, 84, 160, 241, 134, 49, 21, 213, 89, 231,
       180, 46, 79, 188, 52, 234, 127, 96, 215, 119, 137, 112, 119, 222,
       29, 106, 249, 144, 105, 62, 237, 239, 37, 196, 168, 243, 192, 49,
       236, 112, 189, 99, 45, 127, 83, 152, 75, 250, 37, 24, 223, 93, 73,
       59, 145, 212, 124, 122, 171, 116, 251, 0, 207, 219, 101, 52, 194,
       251, 70, 115, 244, 36, 189, 101, 13, 111, 85, 40, 66, 182, 165,
       24, 83, 61, 73, 59, 153, 212, 232, 34, 104, 103, 251, 0, 219, 131,
       69, 53, 225, 122, 86, 34, 69, 245, 25, 103, 184, 15, 23, 184, 106,
       248, 43, 76, 214, 114, 201, 50, 145, 69, 124, 106, 195, 112, 219,
       31, 173, 190, 37, 54, 72, 51, 3, 33, 248, 58, 255, 112, 42, 233,
       81, 87, 178, 159, 164, 56, 55, 247, 64, 27, 39, 178, 109, 24, 58,
       79, 162, 2, 217, 195, 113, 120, 224, 192, 198, 115, 196, 252, 189,
       119, 136, 111, 71, 187, 114, 179, 43, 24, 215, 119, 73, 59, 145,
       86, 104, 58, 121, 100, 249, 34, 237, 174, 69, 52, 192, 115, 198,
       34, 69, 117, 16, 71, 81, 30, 102, 56, 105, 192, 107, 12, 214, 16,
       13, 180, 144, 76, 64, 106, 197, 176, 217, 72, 37, 188, 0, 6, 74,
       51, 75, 134, 248, 50, 254, 112, 170, 41, 89, 87, 163, 183, 164,
       185, 23, 135, 66, 27, 39, 150, 109, 24, 58, 79, 130, 0, 219, 203,
       116, 121, 224, 192, 134, 123, 241, 188, 255, 82, 171, 249, 85,
       199, 251, 219, 164, 56, 58, 254, 198, 63, 163, 246, 236, 16, 63,
       111, 186, 115, 155, 218, 85, 123, 227, 192, 206, 63, 248, 174,
       222, 48, 170, 169, 81, 215, 179, 23, 164, 189, 55, 227, 66, 27,
       167, 163, 237, 20, 58, 79, 130, 51, 218, 195, 116, 121, 160, 192,
       142, 75, 248, 188, 150, 50, 169, 173, 84, 207, 179, 59, 160, 93,
       47, 243, 72, 155, 129, 227, 236, 20, 62, 79, 218, 51, 154, 195,
       117, 123, 234, 84, 138, 11, 77, 117, 156, 71, 225, 30, 119, 184,
       123, 234, 47, 76, 222, 115, 77, 55, 145, 68, 120, 106, 229, 244,
       249, 106, 239, 255, 69, 6, 202, 115, 75, 54, 134, 64, 126, 229,
       38, 34, 255, 24, 108, 162, 83, 194, 209, 59, 157, 107, 246, 85,
       23, 239, 160, 148, 5, 72, 70, 186, 234, 132, 5, 251, 113, 32, 221,
       174, 140, 182, 168, 56, 92, 135, 178, 179, 130, 221, 175, 234, 66,
       219, 135, 231, 237, 21, 62, 79, 207, 32, 218, 227, 125, 61, 172,
       116, 155, 10, 7, 83, 111, 135, 54, 86, 175, 48, 108, 192, 95, 230,
