%YAML:1.0
---
descriptors: !!opencv-matrix
   rows: 226
   cols: 32
   dt: u
   data: [ 13, 221, 31, 103, 176, 14, 111, 188, 116, 202, 94, 100, 245,
       115, 137, 96, 54, 110, 62, 110, 225, 152, 121, 63, 236, 175, 39,
       128, 40, 242, 1, 57, 253, 113, 253, 102, 108, 76, 87, 152, 225,
       250, 181, 8, 83, 85, 205, 59, 16, 212, 124, 106, 201, 103, 251, 0,
       211, 217, 101, 60, 99, 243, 70, 115, 44, 48, 185, 99, 173, 109,
       81, 216, 123, 255, 181, 24, 223, 223, 75, 58, 153, 216, 253, 26,
       27, 102, 250, 18, 219, 223, 17, 125, 210, 203, 70, 227, 252, 112,
       189, 114, 40, 109, 81, 216, 243, 187, 165, 24, 215, 215, 73, 58,
       145, 212, 108, 26, 43, 103, 251, 34, 219, 223, 113, 125, 224, 243,
       70, 51, 104, 181, 60, 122, 157, 221, 85, 47, 207, 61, 173, 24,
       190, 189, 72, 50, 137, 147, 253, 16, 90, 106, 250, 149, 235, 223,
       20, 127, 210, 8, 198, 42, 120, 253, 188, 252, 157, 221, 84, 175,
       219, 63, 164, 24, 190, 189, 2, 19, 201, 178, 249, 0, 106, 107,
       242, 185, 251, 223, 84, 59, 82, 88, 214, 74, 224, 180, 157, 218,
       204, 237, 69, 143, 250, 59, 169, 24, 182, 243, 72, 123, 129, 82,
       104, 16, 51, 111, 219, 115, 253, 146, 85, 126, 216, 88, 199, 42,
       242, 170, 220, 92, 9, 241, 25, 207, 171, 191, 164, 153, 102, 231,
       70, 31, 131, 247, 237, 16, 58, 79, 170, 113, 155, 209, 85, 255,
       128, 32, 134, 111, 69, 71, 149, 71, 160, 14, 110, 152, 106, 170,
       43, 68, 222, 98, 205, 126, 147, 68, 108, 126, 208, 240, 201, 104,
       172, 190, 103, 4, 128, 243, 67, 5, 102, 253, 214, 159, 253, 15,
       254, 233, 63, 178, 251, 2, 236, 250, 93, 64, 255, 223, 127, 243,
       112, 243, 219, 255, 189, 62, 207, 222, 213, 123, 227, 130, 96,
       241, 17, 105, 157, 77, 84, 175, 95, 49, 40, 24, 150, 19, 76, 240,
       129, 18, 104, 16, 91, 104, 219, 151, 175, 220, 20, 126, 144, 8,
       196, 42, 224, 140, 157, 254, 200, 237, 21, 135, 146, 23, 96, 24,
       183, 243, 96, 91, 193, 122, 106, 8, 50, 78, 218, 49, 205, 163,
       117, 120, 144, 72, 135, 170, 116, 69, 93, 101, 28, 79, 71, 184,
       100, 160, 171, 8, 83, 49, 9, 112, 48, 212, 104, 106, 73, 176, 121,
       30, 253, 175, 5, 20, 113, 187, 64, 32, 228, 100, 59, 116, 89, 198,
       231, 96, 248, 130, 227, 8, 80, 215, 41, 49, 248, 253, 82, 235, 97,
       231, 186, 78, 113, 170, 131, 12, 65, 51, 102, 162, 240, 184, 188,
       122, 141, 249, 145, 207, 203, 23, 164, 25, 166, 253, 70, 27, 137,
       179, 233, 16, 62, 111, 250, 177, 219, 211, 80, 123, 208, 72, 207,
       218, 77, 117, 17, 101, 81, 78, 118, 56, 109, 64, 107, 8, 222, 83,
       9, 48, 144, 28, 64, 106, 65, 176, 113, 12, 231, 252, 0, 6, 74, 51,
       67, 50, 124, 164, 221, 126, 153, 244, 81, 155, 179, 191, 173, 24,
       123, 247, 78, 59, 129, 246, 236, 16, 62, 75, 186, 51, 219, 251,
       85, 127, 162, 225, 142, 114, 76, 37, 120, 101, 114, 10, 127, 24,
       57, 164, 119, 169, 223, 23, 138, 16, 22, 85, 253, 110, 96, 208,
       233, 78, 231, 255, 33, 133, 98, 179, 7, 113, 84, 189, 191, 114,
       155, 205, 21, 207, 242, 21, 172, 24, 50, 247, 72, 58, 129, 211,
       232, 16, 26, 75, 186, 49, 251, 199, 85, 123, 224, 64, 166, 106,
       133, 120, 123, 69, 0, 79, 99, 16, 96, 192, 102, 72, 115, 21, 129,
       53, 56, 124, 64, 106, 65, 180, 49, 12, 101, 168, 32, 0, 97, 179,
       70, 160, 76, 164, 185, 99, 217, 111, 17, 9, 123, 183, 45, 24, 222,
       117, 76, 58, 145, 28, 232, 48, 50, 116, 249, 18, 79, 215, 85, 119,
       192, 74, 199, 98, 129, 142, 199, 27, 210, 170, 100, 143, 118, 19,
       66, 212, 243, 224, 136, 73, 113, 110, 106, 152, 51, 252, 207, 51,
       44, 38, 55, 64, 232, 192, 242, 136, 40, 169, 144, 58, 217, 221,
       20, 175, 159, 53, 40, 25, 174, 179, 66, 144, 129, 59, 227, 0, 86,
       74, 90, 51, 239, 213, 20, 123, 210, 76, 142, 138, 77, 116, 189,
       103, 161, 126, 118, 136, 121, 234, 47, 24, 222, 113, 73, 58, 179,
       84, 104, 42, 33, 244, 185, 10, 231, 255, 69, 6, 202, 115, 195, 35,
       77, 245, 157, 99, 180, 111, 103, 152, 122, 249, 47, 8, 215, 113,
       73, 42, 145, 84, 120, 122, 83, 112, 249, 50, 237, 223, 37, 116,
       200, 123, 211, 32, 240, 174, 220, 114, 168, 172, 81, 223, 178,
       191, 164, 29, 55, 227, 74, 27, 39, 214, 109, 28, 58, 79, 138, 35,
       219, 195, 117, 125, 224, 192, 198, 43, 109, 103, 64, 7, 180, 27,
       70, 168, 113, 164, 107, 137, 195, 96, 159, 148, 24, 204, 68, 110,
       204, 240, 205, 46, 46, 207, 37, 21, 103, 255, 90, 4, 248, 186,
       248, 112, 40, 169, 81, 23, 194, 63, 180, 56, 51, 145, 64, 27, 9,
       178, 76, 24, 26, 111, 226, 17, 203, 201, 112, 121, 240, 136, 198,
       43, 248, 184, 247, 116, 171, 252, 81, 87, 179, 31, 164, 56, 46,
       183, 64, 159, 39, 190, 237, 16, 58, 79, 178, 227, 219, 247, 84,
       123, 226, 196, 134, 107, 205, 71, 20, 69, 160, 30, 102, 184, 121,
       170, 111, 68, 211, 33, 137, 247, 20, 68, 108, 110, 225, 240, 217,
       14, 164, 250, 101, 4, 74, 243, 74, 5, 93, 93, 61, 103, 48, 30,
       111, 188, 117, 234, 126, 68, 243, 119, 129, 116, 22, 116, 60, 106,
       233, 144, 125, 46, 227, 239, 37, 132, 42, 243, 64, 49, 125, 221,
       125, 103, 176, 78, 79, 184, 97, 232, 190, 64, 83, 119, 137, 112,
       22, 212, 124, 106, 233, 161, 121, 47, 227, 239, 37, 20, 104, 243,
       66, 57, 237, 112, 185, 71, 109, 125, 67, 152, 123, 250, 37, 8,
       210, 93, 93, 58, 153, 92, 116, 122, 137, 116, 249, 0, 71, 217,
       101, 60, 195, 251, 70, 242, 108, 181, 56, 123, 189, 237, 81, 25,
       111, 125, 173, 24, 223, 253, 74, 48, 153, 146, 253, 24, 26, 107,
       251, 21, 207, 223, 17, 127, 210, 10, 198, 98, 248, 249, 180, 252,
       29, 221, 84, 230, 219, 242, 164, 9, 190, 189, 69, 51, 201, 242,
       249, 64, 106, 111, 242, 187, 251, 251, 84, 59, 210, 28, 86, 74,
       221, 46, 156, 180, 168, 58, 88, 138, 250, 187, 170, 25, 223, 163,
       195, 219, 131, 231, 108, 28, 60, 71, 195, 2, 218, 231, 119, 61,
       160, 241, 11, 0, 102, 181, 182, 239, 221, 111, 254, 233, 63, 178,
       233, 10, 204, 254, 93, 66, 249, 223, 251, 163, 34, 243, 219, 223,
       189, 190, 207, 23, 145, 122, 115, 146, 253, 77, 93, 101, 158, 78,
       71, 184, 97, 160, 170, 8, 83, 115, 1, 115, 50, 212, 108, 106, 105,
       176, 121, 44, 245, 233, 69, 20, 97, 179, 66, 32, 69, 225, 148, 71,
       180, 14, 102, 184, 106, 184, 43, 76, 222, 113, 89, 50, 145, 68,
       108, 126, 193, 112, 217, 8, 173, 190, 37, 100, 72, 51, 67, 33,
       216, 140, 94, 246, 138, 106, 76, 175, 180, 178, 166, 24, 247, 99,
       1, 91, 35, 247, 236, 42, 120, 205, 75, 46, 243, 227, 117, 17, 32,
       240, 143, 10, 109, 117, 252, 71, 180, 31, 119, 188, 123, 232, 126,
       108, 215, 120, 159, 52, 151, 78, 116, 111, 229, 240, 221, 46, 110,
       191, 101, 6, 78, 251, 218, 21, 100, 108, 31, 94, 77, 230, 135, 96,
       240, 130, 233, 8, 246, 241, 33, 49, 200, 120, 98, 106, 65, 227,
       218, 44, 101, 178, 67, 24, 64, 115, 103, 162, 253, 28, 241, 117,
       181, 127, 70, 58, 115, 227, 166, 88, 91, 52, 145, 189, 23, 246,
       244, 40, 185, 252, 125, 46, 171, 255, 85, 20, 235, 233, 74, 60,
       13, 117, 16, 109, 81, 14, 118, 56, 109, 192, 107, 76, 222, 83, 9,
       176, 144, 12, 64, 106, 193, 176, 81, 12, 39, 253, 1, 6, 74, 51,
       67, 130, 100, 101, 120, 103, 116, 11, 126, 168, 105, 160, 107, 9,
       215, 73, 29, 16, 146, 76, 81, 111, 68, 176, 201, 14, 102, 253, 5,
       5, 100, 179, 90, 2, 92, 101, 112, 101, 113, 27, 126, 184, 49, 160,
       127, 136, 219, 91, 201, 180, 50, 220, 245, 234, 72, 208, 201, 204,
       103, 223, 33, 133, 99, 183, 78, 162, 232, 237, 156, 121, 153, 205,
       20, 174, 94, 55, 36, 25, 166, 57, 74, 17, 129, 82, 233, 0, 98,
       104, 83, 55, 239, 215, 84, 127, 82, 88, 206, 42, 108, 164, 185,
       99, 157, 111, 51, 137, 122, 183, 45, 24, 214, 117, 72, 58, 145,
       28, 232, 50, 50, 112, 249, 18, 207, 215, 69, 119, 192, 107, 199,
       34, 237, 112, 189, 103, 5, 78, 103, 152, 123, 250, 39, 28, 214,
