%YAML:1.0
---
descriptors: !!opencv-matrix
   rows: 72
   cols: 32
   dt: u
   data: [ 131, 190, 255, 153, 236, 169, 237, 215, 255, 115, 244, 246,
       189, 238, 214, 111, 111, 239, 127, 157, 179, 254, 247, 243, 140,
       26, 255, 224, 205, 192, 163, 253, 254, 156, 246, 150, 245, 255,
       118, 236, 31, 255, 255, 27, 110, 254, 111, 223, 251, 255, 191, 19,
       46, 247, 59, 255, 191, 215, 207, 215, 135, 127, 252, 87, 158, 253,
       252, 247, 189, 254, 255, 253, 191, 222, 181, 23, 238, 127, 95, 47,
       255, 247, 255, 243, 237, 103, 250, 239, 255, 223, 207, 223, 199,
       255, 239, 215, 137, 23, 253, 117, 164, 62, 125, 31, 125, 251, 54,
       116, 223, 55, 152, 59, 135, 70, 126, 12, 177, 252, 97, 66, 207,
       251, 116, 132, 202, 240, 194, 241, 252, 121, 248, 102, 173, 95,
       95, 216, 67, 238, 181, 8, 91, 93, 75, 59, 92, 212, 253, 106, 232,
       99, 251, 160, 243, 217, 101, 61, 99, 251, 70, 115, 62, 189, 182,
       190, 189, 125, 222, 232, 191, 158, 253, 11, 238, 254, 47, 150,
       249, 255, 255, 227, 44, 99, 251, 255, 187, 247, 207, 63, 211, 127,
       238, 71, 190, 254, 244, 151, 253, 254, 254, 252, 63, 254, 246,
       119, 238, 254, 207, 159, 255, 255, 255, 211, 238, 246, 235, 255,
       191, 247, 239, 135, 207, 127, 175, 87, 126, 254, 246, 151, 253,
       255, 254, 238, 191, 254, 247, 63, 110, 254, 79, 223, 255, 255,
       255, 211, 62, 243, 235, 255, 191, 255, 207, 247, 135, 125, 253,
       215, 254, 189, 246, 182, 253, 255, 254, 239, 191, 255, 255, 59,
       110, 255, 110, 215, 255, 255, 255, 147, 126, 235, 251, 255, 251,
       255, 223, 255, 135, 126, 253, 215, 92, 117, 189, 230, 168, 79, 95,
       184, 163, 254, 190, 9, 223, 127, 75, 83, 183, 213, 253, 98, 92,
       67, 251, 40, 251, 233, 101, 189, 34, 243, 132, 83, 252, 176, 181,
       250, 45, 253, 80, 216, 191, 63, 181, 25, 79, 255, 78, 155, 137,
       209, 237, 18, 62, 103, 251, 177, 219, 219, 81, 127, 210, 77, 78,
       83, 122, 180, 183, 250, 141, 253, 80, 79, 155, 31, 181, 25, 238,
       253, 110, 223, 201, 187, 253, 17, 62, 107, 250, 145, 155, 219, 84,
       123, 210, 76, 206, 207, 246, 172, 246, 255, 238, 43, 254, 232,
       191, 162, 242, 26, 207, 234, 125, 91, 255, 207, 127, 179, 184,
       247, 203, 250, 190, 254, 207, 180, 165, 249, 243, 129, 201, 158,
       189, 247, 172, 46, 125, 151, 127, 123, 62, 84, 159, 55, 66, 123,
       135, 87, 127, 28, 177, 248, 243, 98, 239, 255, 118, 196, 202, 208,
       195, 121, 141, 22, 253, 245, 164, 46, 125, 27, 125, 250, 119, 116,
       223, 39, 145, 123, 87, 21, 127, 44, 177, 244, 113, 74, 198, 251,
       115, 132, 136, 224, 131, 241, 47, 182, 231, 223, 237, 127, 255,
       255, 127, 255, 255, 254, 200, 255, 222, 252, 127, 223, 255, 190,
       189, 242, 255, 242, 62, 126, 255, 238, 223, 255, 242, 245, 62,
       126, 118, 190, 253, 95, 222, 236, 159, 238, 252, 47, 78, 254, 55,
       212, 255, 253, 255, 231, 236, 99, 250, 254, 187, 127, 143, 191,
       87, 127, 127, 215, 254, 255, 246, 191, 253, 255, 254, 248, 191,
       254, 254, 191, 238, 254, 207, 223, 255, 255, 255, 243, 174, 247,
       235, 255, 190, 255, 207, 191, 207, 127, 239, 215, 220, 253, 191,
       255, 188, 127, 191, 232, 62, 254, 191, 27, 255, 255, 75, 67, 255,
       247, 253, 163, 252, 231, 251, 191, 251, 239, 239, 93, 128, 123,
       165, 115, 220, 213, 189, 183, 188, 126, 95, 184, 62, 238, 159, 25,
       223, 127, 11, 83, 247, 215, 253, 99, 120, 197, 249, 46, 251, 231,
       239, 149, 164, 123, 133, 115, 220, 245, 189, 230, 168, 111, 95,
       184, 175, 238, 191, 9, 223, 127, 75, 82, 183, 215, 253, 99, 108,
       65, 249, 42, 251, 231, 103, 189, 160, 243, 135, 115, 254, 180,
       181, 250, 237, 253, 80, 91, 191, 127, 189, 25, 207, 221, 110, 250,
       201, 147, 255, 16, 62, 103, 250, 147, 219, 219, 80, 127, 210, 77,
       206, 71, 173, 174, 237, 119, 182, 42, 111, 191, 118, 235, 246,
       246, 243, 97, 153, 121, 63, 238, 126, 172, 185, 252, 237, 63, 236,
       239, 247, 132, 237, 248, 240, 185, 246, 164, 246, 159, 236, 43,
       232, 202, 191, 179, 243, 26, 238, 234, 92, 91, 235, 207, 127, 145,
       186, 247, 203, 241, 156, 186, 223, 252, 245, 104, 115, 129, 252,
       112, 189, 114, 169, 93, 87, 216, 163, 254, 181, 25, 223, 223, 75,
       155, 133, 213, 253, 114, 106, 103, 251, 50, 219, 217, 101, 63,
       226, 179, 78, 115, 212, 164, 222, 255, 238, 43, 237, 222, 191,
       179, 246, 26, 223, 235, 88, 75, 123, 207, 127, 153, 58, 247, 203,
       243, 220, 171, 255, 212, 229, 249, 241, 160, 137, 174, 207, 255,
       228, 171, 109, 191, 127, 250, 246, 246, 251, 227, 144, 105, 127,
       238, 126, 140, 187, 252, 239, 255, 206, 251, 247, 192, 172, 232,
       225, 185, 253, 118, 127, 239, 108, 95, 255, 248, 125, 234, 247,
       239, 219, 255, 159, 113, 126, 253, 255, 238, 233, 247, 255, 238,
       246, 251, 231, 148, 111, 255, 103, 241, 137, 94, 127, 229, 52,
       138, 107, 48, 124, 234, 118, 244, 255, 87, 145, 113, 118, 237, 94,
       110, 233, 244, 101, 207, 198, 249, 163, 128, 108, 169, 65, 121,
       201, 22, 125, 245, 36, 46, 105, 58, 124, 250, 119, 116, 255, 71,
       145, 121, 119, 45, 127, 174, 169, 212, 101, 14, 198, 251, 115,
       128, 44, 225, 65, 113, 201, 22, 189, 245, 160, 46, 125, 23, 125,
       251, 118, 116, 223, 55, 144, 123, 135, 71, 127, 44, 177, 252, 115,
       66, 198, 251, 118, 132, 138, 240, 195, 113, 237, 190, 189, 247,
       173, 253, 127, 186, 255, 255, 191, 92, 255, 253, 94, 59, 221, 102,
       127, 30, 187, 100, 251, 179, 239, 219, 117, 124, 202, 253, 210,
       115, 237, 190, 189, 255, 173, 253, 95, 186, 223, 255, 189, 92,
       251, 125, 222, 127, 221, 254, 255, 30, 187, 102, 251, 243, 239,
       251, 245, 252, 218, 255, 198, 113, 254, 245, 190, 190, 189, 95,
       223, 232, 191, 174, 181, 11, 206, 255, 47, 83, 249, 247, 255, 99,
       108, 99, 250, 255, 251, 243, 207, 63, 83, 127, 254, 215, 143, 254,
       253, 255, 253, 127, 255, 252, 255, 254, 253, 246, 255, 255, 223,
       239, 127, 255, 255, 238, 225, 231, 255, 255, 255, 255, 231, 172,
       255, 255, 231, 241, 221, 117, 188, 230, 168, 92, 87, 184, 163,
       254, 189, 45, 223, 127, 75, 123, 150, 213, 253, 106, 201, 67, 251,
       40, 251, 249, 101, 189, 40, 243, 142, 115, 252, 212, 125, 231, 52,
       78, 95, 176, 33, 238, 191, 8, 223, 119, 10, 112, 150, 212, 125,
       106, 232, 160, 121, 46, 235, 239, 37, 144, 98, 179, 70, 115, 63,
       182, 231, 207, 255, 127, 254, 249, 127, 255, 255, 254, 203, 254,
       254, 228, 255, 223, 255, 191, 191, 243, 239, 242, 190, 127, 191,
       255, 255, 255, 254, 213, 218, 255, 118, 222, 255, 219, 255, 253,
       191, 206, 254, 167, 110, 255, 182, 212, 254, 255, 255, 227, 252,
       235, 171, 255, 191, 126, 143, 155, 39, 254, 231, 255, 62, 117,
       255, 238, 253, 127, 223, 232, 191, 174, 253, 42, 78, 255, 45, 112,
       255, 253, 255, 98, 104, 227, 170, 254, 255, 255, 239, 191, 209,
       123, 231, 243, 246, 100, 214, 159, 236, 11, 236, 236, 63, 178,
       243, 26, 206, 234, 60, 91, 251, 205, 127, 163, 104, 247, 203, 218,
       188, 186, 207, 148, 37, 120, 241, 128, 246, 172, 214, 159, 236,
       43, 232, 203, 191, 179, 251, 26, 206, 234, 124, 90, 107, 207, 127,
       145, 58, 243, 203, 243, 156, 186, 223, 252, 245, 105, 243, 128,
       137, 172, 223, 251, 238, 171, 233, 223, 255, 243, 246, 86, 255,
       235, 208, 107, 111, 239, 126, 28, 179, 252, 239, 247, 220, 251,
       119, 196, 236, 200, 225, 169, 201, 172, 223, 251, 228, 171, 233,
       191, 127, 251, 118, 214, 255, 235, 208, 105, 111, 239, 126, 156,
       179, 252, 239, 243, 204, 251, 247, 192, 204, 200, 225, 185, 1,
       174, 255, 255, 236, 171, 233, 159, 127, 219, 118, 246, 253, 235,
       208, 105, 111, 111, 126, 140, 179, 252, 239, 241, 206, 251, 247,
       192, 236, 200, 225, 185, 212, 244, 188, 247, 188, 78, 127, 184,
       62, 238, 182, 17, 215, 127, 11, 67, 247, 215, 253, 227, 104, 197,
       249, 62, 251, 231, 239, 149, 160, 123, 5, 115, 205, 188, 189, 115,
