%YAML:1.0
---
descriptors: !!opencv-matrix
   rows: 143
   cols: 32
   dt: u
   data: [ 124, 225, 121, 98, 220, 79, 87, 248, 115, 188, 173, 8, 83,
       213, 72, 48, 153, 220, 68, 122, 90, 98, 251, 55, 251, 205, 37,
       125, 224, 187, 198, 162, 104, 184, 189, 124, 109, 205, 65, 143,
       230, 191, 164, 24, 182, 213, 64, 59, 137, 254, 104, 24, 10, 111,
       250, 49, 207, 185, 85, 61, 208, 8, 70, 42, 193, 136, 189, 90, 169,
       189, 20, 143, 223, 19, 165, 24, 166, 240, 198, 111, 193, 99, 106,
       28, 150, 109, 251, 49, 139, 186, 86, 122, 208, 88, 129, 110, 228,
       116, 173, 167, 172, 78, 71, 152, 34, 234, 135, 8, 215, 117, 89,
       59, 145, 228, 125, 123, 105, 84, 249, 40, 237, 170, 229, 52, 128,
       123, 86, 98, 84, 173, 189, 167, 188, 107, 71, 170, 116, 242, 138,
       8, 247, 113, 16, 35, 19, 70, 125, 105, 57, 248, 89, 46, 233, 167,
       101, 20, 228, 251, 213, 32, 101, 124, 17, 71, 17, 111, 98, 168,
       120, 232, 107, 72, 214, 112, 9, 176, 144, 92, 64, 106, 1, 176,
       249, 14, 5, 190, 1, 4, 72, 51, 67, 164, 220, 252, 159, 246, 136,
       110, 87, 184, 178, 178, 163, 24, 215, 119, 73, 123, 177, 85, 125,
       122, 57, 197, 185, 42, 249, 227, 101, 52, 160, 115, 7, 50, 64,
       178, 157, 119, 168, 12, 61, 151, 170, 31, 51, 117, 183, 179, 72,
       27, 135, 87, 109, 0, 19, 73, 219, 33, 204, 179, 126, 144, 200, 80,
       131, 27, 241, 141, 237, 125, 144, 70, 71, 191, 116, 99, 226, 16,
       115, 53, 144, 112, 89, 214, 124, 168, 57, 254, 117, 47, 233, 175,
       181, 80, 225, 160, 214, 104, 227, 184, 149, 152, 169, 237, 128,
       71, 251, 123, 160, 88, 182, 144, 68, 63, 137, 51, 120, 17, 59,
       111, 210, 49, 153, 18, 88, 122, 216, 72, 131, 62, 120, 184, 59,
       248, 157, 237, 81, 199, 227, 17, 164, 24, 191, 159, 64, 48, 129,
       178, 93, 24, 27, 43, 178, 49, 219, 217, 16, 123, 224, 8, 198, 106,
       198, 188, 189, 243, 172, 237, 217, 158, 155, 127, 181, 29, 191,
       255, 79, 59, 143, 83, 253, 145, 183, 111, 250, 243, 207, 219, 127,
       255, 144, 81, 135, 243, 220, 254, 159, 118, 170, 232, 87, 154,
       179, 191, 167, 57, 255, 247, 65, 91, 163, 247, 237, 82, 42, 71,
       139, 35, 249, 227, 117, 121, 226, 241, 6, 43, 252, 164, 249, 118,
       173, 105, 87, 216, 179, 63, 165, 24, 95, 245, 72, 30, 17, 214,
       109, 74, 42, 103, 234, 51, 251, 207, 117, 61, 226, 219, 198, 35,
       252, 188, 157, 246, 170, 105, 85, 152, 179, 191, 167, 56, 127,
       247, 72, 27, 3, 246, 237, 18, 56, 79, 202, 35, 219, 211, 117, 59,
       226, 241, 134, 35, 216, 156, 159, 182, 139, 102, 21, 183, 176,
       151, 134, 177, 255, 119, 0, 91, 39, 247, 237, 128, 57, 205, 155,
       39, 217, 227, 127, 81, 160, 96, 167, 122, 221, 28, 159, 246, 139,
       102, 85, 183, 177, 222, 134, 16, 127, 119, 3, 123, 167, 247, 108,
       42, 121, 205, 179, 42, 243, 227, 117, 24, 162, 240, 165, 123, 244,
       60, 252, 114, 139, 109, 85, 143, 235, 247, 166, 25, 95, 247, 75,
       123, 163, 215, 236, 18, 58, 71, 250, 34, 219, 195, 85, 63, 160,
       113, 134, 123, 100, 69, 29, 101, 20, 79, 71, 168, 100, 160, 235,
       8, 211, 119, 9, 113, 208, 84, 104, 106, 105, 144, 105, 14, 229,
       174, 37, 20, 80, 123, 70, 32, 212, 108, 191, 118, 169, 44, 85,
       134, 232, 190, 162, 24, 86, 247, 65, 123, 161, 245, 125, 26, 40,
       69, 187, 34, 211, 251, 85, 28, 192, 113, 231, 98, 84, 207, 157,
       229, 172, 74, 71, 188, 112, 162, 138, 72, 247, 97, 145, 35, 19,
       246, 108, 106, 120, 232, 201, 46, 233, 130, 101, 20, 96, 250, 133,
       32, 166, 186, 151, 178, 201, 237, 148, 203, 154, 247, 161, 221,
       198, 228, 104, 143, 137, 107, 226, 19, 55, 103, 218, 50, 152, 146,
       93, 126, 216, 125, 135, 215, 69, 113, 49, 101, 16, 78, 103, 188,
       104, 224, 98, 72, 214, 19, 1, 176, 144, 84, 88, 106, 65, 176, 113,
       12, 165, 184, 1, 4, 72, 51, 67, 50, 228, 197, 61, 111, 152, 79,
       71, 184, 86, 182, 175, 12, 211, 117, 9, 81, 17, 68, 104, 110, 105,
       240, 121, 63, 237, 170, 37, 20, 208, 251, 196, 112, 100, 228, 157,
       97, 153, 75, 65, 139, 118, 48, 168, 8, 210, 113, 73, 112, 145,
       156, 104, 56, 74, 112, 233, 19, 237, 150, 5, 117, 208, 120, 70,
       34, 224, 184, 177, 80, 109, 205, 65, 143, 235, 177, 164, 24, 178,
       149, 64, 62, 129, 94, 104, 24, 19, 107, 250, 49, 221, 152, 21,
       126, 66, 8, 70, 42, 36, 229, 57, 99, 220, 79, 71, 248, 115, 172,
       172, 8, 83, 85, 73, 48, 25, 220, 68, 106, 72, 50, 249, 62, 251,
       157, 37, 124, 64, 187, 70, 162, 237, 189, 189, 119, 168, 124, 95,
       151, 251, 255, 191, 29, 223, 63, 86, 59, 133, 87, 253, 30, 249,
       72, 251, 34, 239, 223, 117, 245, 200, 241, 198, 115, 120, 184, 59,
       248, 141, 233, 81, 199, 227, 21, 172, 24, 63, 151, 64, 56, 161,
       179, 76, 16, 27, 107, 178, 49, 219, 221, 16, 123, 226, 0, 198, 42,
       97, 96, 193, 69, 100, 126, 106, 16, 97, 226, 114, 72, 243, 1, 149,
       188, 88, 236, 70, 110, 137, 180, 229, 8, 7, 252, 128, 0, 106, 251,
       82, 172, 252, 246, 223, 114, 168, 105, 87, 216, 179, 190, 181, 56,
       91, 245, 201, 27, 49, 214, 236, 122, 56, 103, 234, 50, 251, 219,
       101, 125, 226, 251, 198, 35, 216, 236, 222, 182, 138, 104, 93,
       166, 179, 151, 134, 185, 255, 231, 66, 91, 35, 247, 237, 128, 56,
       79, 171, 35, 251, 227, 117, 89, 162, 241, 166, 122, 212, 188, 190,
       118, 138, 96, 84, 175, 177, 150, 130, 57, 119, 247, 64, 91, 225,
       247, 125, 130, 120, 79, 203, 34, 211, 227, 95, 27, 160, 112, 164,
       42, 69, 49, 49, 69, 33, 78, 51, 48, 120, 232, 98, 76, 214, 49, 9,
       51, 148, 84, 96, 106, 193, 240, 241, 76, 69, 184, 97, 2, 72, 35,
       67, 33, 96, 169, 57, 80, 77, 205, 65, 199, 251, 241, 32, 24, 182,
       149, 68, 48, 129, 62, 106, 24, 19, 107, 250, 49, 29, 152, 21, 122,
       64, 8, 198, 170, 88, 176, 147, 116, 139, 236, 81, 7, 171, 19, 162,
       24, 191, 183, 64, 254, 161, 183, 108, 16, 27, 79, 178, 1, 155,
       241, 16, 122, 226, 64, 135, 58, 224, 236, 140, 254, 137, 237, 69,
       142, 178, 55, 161, 24, 246, 243, 72, 27, 201, 214, 105, 26, 58,
       79, 218, 51, 217, 211, 85, 120, 208, 89, 214, 42, 228, 112, 156,
       231, 140, 46, 87, 152, 50, 186, 163, 24, 215, 113, 73, 27, 145,
       212, 108, 122, 105, 116, 217, 42, 205, 163, 101, 52, 136, 123, 66,
       34, 197, 215, 156, 71, 168, 15, 39, 184, 126, 190, 39, 124, 222,
       112, 207, 127, 151, 68, 108, 110, 224, 116, 237, 122, 108, 186,
       101, 118, 200, 243, 193, 37, 237, 180, 172, 55, 205, 79, 230, 185,
       115, 251, 167, 28, 210, 121, 94, 43, 153, 198, 120, 63, 253, 244,
       219, 34, 111, 27, 69, 117, 203, 123, 218, 2, 105, 177, 17, 96, 89,
       205, 67, 24, 42, 105, 97, 72, 182, 151, 64, 176, 144, 24, 82, 72,
       75, 26, 218, 21, 221, 221, 1, 126, 88, 2, 3, 58, 80, 168, 156,
       242, 168, 173, 81, 210, 162, 55, 160, 24, 183, 147, 64, 27, 129,
       179, 108, 24, 26, 79, 138, 49, 217, 129, 113, 120, 160, 0, 3, 34,
       210, 184, 149, 80, 139, 232, 0, 7, 171, 83, 160, 88, 182, 150, 68,
       127, 131, 51, 124, 16, 59, 79, 146, 113, 153, 144, 90, 122, 200,
       64, 131, 60, 77, 125, 16, 230, 112, 142, 95, 176, 49, 160, 107,
       72, 63, 19, 1, 112, 134, 237, 93, 78, 72, 154, 152, 46, 245, 253,
       5, 40, 42, 179, 2, 42, 41, 97, 16, 98, 120, 141, 99, 88, 106, 40,
       45, 76, 150, 83, 72, 180, 144, 8, 82, 126, 67, 50, 88, 31, 37,
       156, 1, 124, 90, 131, 66, 160, 45, 117, 81, 103, 113, 15, 119,
       120, 49, 168, 125, 76, 95, 83, 9, 52, 28, 88, 86, 110, 193, 178,
       89, 14, 103, 220, 1, 38, 106, 179, 66, 177, 221, 36, 156, 190,
       168, 13, 94, 216, 178, 186, 181, 89, 247, 243, 75, 27, 145, 67,
       125, 126, 38, 71, 138, 51, 250, 199, 109, 189, 200, 115, 11, 3,
       109, 112, 181, 7, 173, 62, 71, 152, 111, 252, 161, 76, 222, 112,
       207, 254, 145, 68, 108, 123, 137, 98, 249, 40, 173, 218, 71, 62,
       202, 119, 66, 103, 228, 52, 189, 117, 40, 111, 97, 58, 120, 178,
