%YAML:1.0
---
descriptors: !!opencv-matrix
   rows: 140
   cols: 32
   dt: u
   data: [ 77, 117, 157, 103, 225, 14, 119, 184, 121, 234, 111, 12, 222,
       115, 13, 53, 147, 76, 120, 106, 225, 240, 249, 78, 239, 255, 69,
       6, 74, 115, 67, 179, 248, 190, 156, 50, 168, 173, 84, 215, 178,
       191, 164, 29, 55, 243, 66, 27, 129, 163, 237, 20, 62, 79, 218, 51,
       218, 195, 117, 121, 232, 192, 202, 11, 45, 117, 24, 101, 113, 30,
       103, 56, 97, 232, 111, 76, 219, 81, 9, 48, 144, 124, 64, 106, 193,
       240, 249, 12, 103, 221, 33, 4, 74, 179, 66, 130, 234, 180, 180,
       248, 173, 253, 88, 87, 255, 59, 180, 24, 175, 187, 116, 27, 201,
       179, 255, 17, 186, 111, 242, 147, 219, 223, 84, 122, 210, 76, 194,
       11, 77, 52, 149, 103, 161, 110, 119, 152, 121, 234, 111, 24, 222,
       119, 73, 58, 177, 94, 104, 42, 97, 240, 185, 106, 229, 255, 69, 6,
       202, 115, 195, 51, 96, 245, 149, 123, 185, 77, 84, 175, 123, 59,
       40, 24, 182, 51, 76, 118, 129, 27, 104, 16, 123, 104, 219, 19,
       173, 214, 20, 126, 216, 88, 199, 42, 221, 46, 148, 180, 168, 60,
       92, 151, 251, 187, 162, 92, 143, 178, 193, 219, 135, 231, 108, 28,
       188, 69, 139, 2, 154, 251, 119, 254, 136, 117, 139, 5, 69, 117,
       17, 71, 113, 14, 118, 184, 121, 232, 107, 76, 222, 112, 13, 180,
       176, 76, 64, 106, 197, 240, 153, 78, 37, 188, 5, 6, 74, 115, 67,
       134, 220, 28, 157, 119, 168, 110, 71, 190, 240, 250, 174, 88, 215,
       119, 73, 123, 1, 214, 124, 42, 41, 197, 251, 42, 235, 235, 117,
       20, 170, 241, 134, 49, 108, 253, 185, 98, 137, 77, 87, 184, 115,
       191, 173, 24, 210, 117, 72, 50, 153, 210, 96, 122, 90, 98, 251,
       51, 111, 223, 5, 127, 210, 123, 198, 226, 205, 245, 25, 103, 241,
       78, 119, 184, 121, 232, 111, 8, 222, 115, 9, 48, 147, 93, 112,
       106, 97, 240, 249, 110, 239, 255, 5, 6, 74, 115, 195, 179, 37,
       113, 49, 69, 28, 79, 71, 40, 106, 224, 43, 72, 210, 16, 77, 180,
       144, 92, 64, 106, 65, 48, 249, 28, 37, 156, 1, 52, 64, 59, 70,
       160, 248, 172, 254, 114, 138, 233, 81, 215, 179, 23, 164, 185, 55,
       247, 66, 27, 43, 178, 237, 16, 58, 79, 130, 51, 219, 195, 112,
       121, 226, 192, 134, 106, 250, 188, 255, 82, 171, 248, 85, 223,
       179, 191, 164, 56, 42, 247, 196, 191, 39, 246, 236, 24, 58, 79,
       170, 115, 155, 219, 85, 123, 226, 192, 198, 111, 100, 99, 49, 69,
       112, 14, 99, 56, 104, 172, 123, 72, 215, 1, 137, 52, 144, 84, 68,
       106, 192, 176, 233, 12, 101, 188, 33, 4, 64, 179, 70, 161, 248,
       186, 252, 122, 172, 169, 81, 215, 195, 31, 180, 56, 51, 249, 98,
       27, 11, 178, 237, 16, 58, 111, 202, 51, 219, 203, 116, 121, 243,
       200, 206, 43, 232, 176, 182, 248, 45, 237, 80, 87, 255, 59, 180,
       24, 190, 189, 64, 27, 201, 179, 255, 16, 186, 111, 210, 147, 219,
       219, 80, 123, 194, 72, 70, 27, 92, 149, 121, 231, 176, 14, 79,
       184, 52, 170, 255, 96, 215, 119, 137, 112, 87, 214, 93, 106, 249,
       144, 121, 62, 233, 239, 37, 212, 32, 243, 192, 33, 124, 85, 125,
       102, 184, 14, 79, 188, 224, 168, 191, 72, 215, 119, 137, 115, 22,
       212, 124, 106, 201, 163, 249, 44, 243, 233, 101, 148, 96, 243,
       194, 49, 252, 32, 252, 69, 137, 123, 85, 8, 66, 182, 165, 24, 67,
       49, 77, 63, 9, 212, 232, 42, 104, 102, 249, 0, 219, 195, 85, 53,
       227, 249, 70, 34, 44, 101, 49, 71, 253, 95, 71, 168, 83, 172, 173,
       8, 210, 117, 77, 52, 152, 92, 64, 106, 105, 114, 249, 62, 111,
       220, 5, 52, 82, 123, 70, 226, 221, 174, 151, 180, 169, 60, 68,
       151, 251, 187, 130, 92, 143, 178, 64, 255, 135, 231, 108, 20, 189,
       79, 130, 130, 152, 219, 127, 126, 138, 116, 139, 13, 248, 141, 95,
       100, 136, 78, 71, 53, 224, 144, 170, 8, 115, 51, 0, 115, 32, 246,
       108, 106, 121, 233, 241, 44, 241, 233, 100, 16, 96, 162, 198, 40,
       68, 184, 157, 80, 232, 141, 1, 223, 238, 185, 160, 88, 150, 147,
       64, 58, 129, 82, 106, 16, 19, 107, 218, 113, 221, 128, 53, 126,
       216, 8, 131, 171, 5, 119, 16, 69, 112, 30, 102, 184, 125, 168,
       122, 76, 214, 80, 157, 180, 148, 76, 68, 110, 197, 176, 89, 79,
       38, 188, 33, 4, 74, 178, 75, 133, 100, 109, 17, 254, 93, 205, 135,
       162, 218, 136, 232, 8, 182, 240, 1, 48, 200, 122, 66, 74, 67, 43,
       218, 63, 173, 180, 22, 58, 88, 25, 67, 170, 5, 117, 48, 69, 117,
       31, 102, 184, 105, 232, 106, 76, 222, 112, 13, 180, 144, 76, 80,
       110, 197, 240, 217, 14, 37, 188, 5, 4, 74, 51, 75, 133, 37, 113,
       16, 69, 85, 31, 230, 56, 76, 224, 107, 76, 214, 80, 21, 180, 144,
       76, 82, 110, 197, 176, 89, 28, 37, 152, 1, 52, 72, 59, 91, 132,
       108, 180, 188, 115, 173, 125, 81, 155, 95, 59, 173, 24, 223, 125,
       72, 59, 145, 146, 236, 48, 58, 98, 251, 21, 207, 223, 81, 127,
       210, 73, 198, 34, 124, 176, 253, 118, 136, 127, 85, 184, 163, 191,
       165, 24, 83, 119, 72, 59, 129, 214, 236, 42, 56, 67, 251, 32, 219,
       235, 101, 125, 226, 243, 198, 34, 69, 244, 25, 103, 56, 15, 71,
       184, 126, 248, 41, 76, 214, 81, 73, 48, 145, 76, 108, 106, 195,
       116, 217, 31, 237, 188, 37, 54, 72, 51, 67, 1, 29, 85, 61, 111,
       176, 14, 111, 184, 116, 232, 127, 68, 215, 119, 153, 112, 22, 92,
       28, 110, 233, 144, 125, 46, 231, 239, 37, 132, 40, 243, 0, 49,
       108, 112, 189, 99, 45, 125, 81, 152, 75, 251, 165, 24, 223, 93,
       73, 58, 153, 84, 124, 26, 11, 102, 251, 0, 207, 223, 117, 60, 194,
       251, 70, 115, 216, 184, 182, 250, 45, 237, 80, 86, 255, 27, 165,
       24, 190, 191, 96, 91, 129, 179, 255, 16, 58, 111, 218, 243, 219,
       219, 80, 123, 210, 9, 135, 27, 234, 188, 180, 248, 237, 173, 80,
       87, 255, 59, 184, 24, 174, 187, 68, 27, 201, 163, 127, 16, 186,
       111, 210, 211, 159, 251, 86, 122, 210, 72, 210, 139, 240, 60, 255,
       116, 168, 236, 81, 87, 178, 159, 164, 56, 55, 247, 64, 27, 35,
       246, 109, 24, 58, 79, 162, 2, 217, 195, 117, 120, 224, 192, 198,
       107, 69, 117, 16, 71, 117, 14, 102, 56, 104, 232, 107, 76, 214,
       16, 13, 180, 144, 76, 80, 110, 197, 176, 217, 14, 37, 188, 0, 4,
       74, 51, 67, 4, 241, 188, 255, 90, 235, 249, 81, 199, 251, 91, 164,
       56, 50, 252, 206, 63, 171, 178, 236, 16, 63, 111, 170, 115, 27,
       155, 85, 123, 195, 192, 206, 79, 248, 174, 222, 184, 170, 169, 81,
       215, 179, 31, 164, 185, 55, 167, 66, 27, 39, 179, 237, 16, 58, 79,
       130, 51, 219, 199, 116, 121, 176, 192, 166, 75, 217, 188, 150,
       178, 169, 189, 84, 207, 179, 59, 160, 125, 47, 242, 64, 155, 163,
       231, 236, 16, 62, 79, 154, 51, 154, 211, 117, 123, 168, 84, 138,
       27, 237, 116, 189, 119, 172, 94, 87, 188, 121, 250, 183, 24, 247,
       117, 201, 59, 147, 244, 108, 106, 105, 101, 249, 42, 243, 219,
       101, 52, 98, 251, 198, 33, 7, 95, 99, 135, 54, 18, 175, 48, 44,
       192, 91, 231, 221, 126, 151, 228, 246, 109, 23, 231, 197, 144, 53,
       238, 36, 60, 171, 128, 12, 247, 49, 213, 13, 199, 68, 7, 250, 27,
       38, 168, 118, 160, 91, 228, 195, 96, 137, 196, 82, 76, 110, 106,
       101, 208, 205, 62, 44, 166, 39, 132, 108, 243, 218, 129, 13, 87,
       69, 71, 176, 14, 111, 184, 116, 232, 127, 228, 211, 97, 153, 116,
       22, 76, 44, 110, 233, 176, 109, 14, 172, 174, 37, 132, 106, 179,
       64, 53, 119, 113, 136, 166, 27, 21, 22, 168, 2, 228, 137, 143,
       227, 120, 75, 50, 220, 205, 121, 231, 206, 67, 255, 9, 251, 69,
       141, 63, 44, 55, 26, 70, 109, 231, 80, 5, 116, 30, 102, 184, 121,
       172, 122, 76, 195, 96, 159, 148, 144, 76, 68, 110, 196, 176, 205,
       14, 38, 188, 37, 196, 66, 178, 74, 133, 13, 117, 49, 69, 117, 30,
       102, 188, 105, 232, 106, 76, 222, 112, 31, 180, 144, 76, 68, 108,
       197, 176, 209, 76, 37, 188, 37, 4, 74, 50, 75, 133, 244, 240, 221,
       118, 168, 77, 87, 184, 162, 186, 165, 24, 83, 247, 73, 27, 145,
       212, 109, 98, 88, 71, 251, 32, 219, 235, 101, 61, 224, 243, 198,
       50, 93, 85, 121, 103, 176, 78, 79, 184, 116, 232, 127, 68, 211,
