%YAML:1.0
---
descriptors: !!opencv-matrix
   rows: 303
   cols: 32
   dt: u
   data: [ 98, 162, 191, 124, 104, 96, 17, 79, 170, 189, 160, 57, 116,
       247, 68, 90, 129, 87, 109, 16, 18, 75, 170, 17, 217, 166, 125,
       255, 128, 96, 135, 123, 120, 184, 255, 116, 168, 252, 81, 215,
       163, 255, 164, 56, 51, 183, 64, 59, 39, 246, 108, 24, 27, 75, 178,
       0, 219, 235, 117, 57, 224, 192, 198, 123, 224, 188, 156, 250, 232,
       237, 85, 143, 218, 27, 164, 24, 246, 243, 72, 123, 129, 82, 106,
       24, 51, 111, 218, 51, 237, 163, 117, 120, 216, 72, 199, 42, 85,
       93, 125, 103, 176, 14, 71, 184, 96, 232, 63, 76, 211, 113, 153,
       114, 22, 196, 92, 110, 233, 176, 125, 46, 236, 175, 37, 148, 104,
       243, 66, 49, 252, 180, 245, 118, 168, 110, 69, 191, 179, 191, 164,
       24, 115, 119, 201, 59, 5, 214, 108, 58, 56, 71, 251, 63, 235, 235,
       117, 124, 226, 240, 198, 97, 85, 213, 123, 103, 176, 14, 111, 188,
       116, 234, 127, 100, 243, 119, 153, 112, 54, 86, 28, 106, 233, 176,
       121, 46, 239, 175, 39, 132, 104, 243, 224, 49, 117, 213, 125, 103,
       176, 78, 79, 184, 96, 232, 255, 68, 87, 119, 137, 112, 54, 214,
       28, 106, 233, 144, 121, 46, 227, 239, 37, 148, 104, 243, 224, 49,
       208, 141, 93, 229, 144, 106, 79, 175, 52, 131, 174, 16, 119, 115,
       0, 81, 49, 215, 77, 168, 120, 205, 81, 15, 249, 231, 165, 81, 160,
       224, 196, 42, 85, 221, 89, 231, 180, 46, 79, 188, 116, 168, 255,
       96, 215, 115, 136, 112, 54, 214, 92, 106, 249, 144, 121, 62, 233,
       237, 37, 148, 40, 243, 192, 33, 149, 148, 155, 231, 180, 110, 111,
       158, 54, 170, 219, 112, 247, 115, 137, 96, 119, 127, 61, 186, 57,
       148, 233, 62, 236, 175, 47, 132, 160, 243, 161, 33, 232, 176, 189,
       115, 173, 253, 81, 15, 255, 123, 165, 24, 222, 61, 74, 59, 137,
       146, 252, 16, 59, 110, 251, 145, 207, 219, 80, 127, 210, 72, 198,
       98, 198, 236, 246, 223, 236, 187, 238, 238, 191, 179, 251, 18,
       238, 234, 221, 75, 123, 239, 127, 219, 240, 103, 239, 251, 188,
       62, 223, 184, 213, 123, 243, 172, 69, 39, 148, 71, 160, 62, 102,
       152, 106, 187, 43, 84, 222, 114, 205, 254, 149, 69, 108, 126, 149,
       208, 201, 96, 172, 190, 103, 68, 136, 243, 131, 5, 193, 120, 83,
       69, 64, 78, 103, 16, 96, 194, 102, 72, 243, 21, 133, 53, 16, 124,
       64, 106, 65, 180, 241, 40, 101, 168, 32, 0, 67, 179, 70, 168, 92,
       165, 255, 114, 155, 232, 81, 207, 178, 181, 173, 24, 15, 247, 72,
       26, 35, 151, 232, 16, 58, 107, 186, 114, 219, 199, 21, 125, 225,
       64, 166, 98, 92, 16, 156, 247, 172, 44, 89, 152, 175, 186, 183,
       40, 223, 255, 73, 91, 231, 213, 125, 2, 24, 65, 203, 128, 219,
       251, 119, 156, 130, 225, 5, 19, 216, 176, 188, 240, 41, 237, 89,
       154, 187, 187, 182, 24, 191, 255, 72, 59, 135, 151, 253, 24, 58,
       79, 219, 19, 219, 251, 119, 255, 194, 192, 71, 59, 232, 188, 180,
       248, 173, 253, 84, 222, 255, 187, 180, 24, 174, 249, 68, 59, 201,
       251, 127, 24, 186, 111, 242, 179, 219, 223, 87, 122, 210, 216,
       210, 139, 248, 252, 180, 248, 173, 253, 84, 95, 255, 123, 180, 24,
       191, 187, 68, 59, 205, 179, 255, 24, 186, 111, 242, 147, 219, 219,
       85, 123, 210, 204, 198, 43, 109, 199, 76, 103, 180, 46, 71, 184,
       96, 234, 191, 76, 211, 97, 153, 51, 24, 196, 108, 110, 249, 176,
       237, 46, 228, 255, 101, 148, 72, 243, 210, 33, 105, 253, 180, 115,
       141, 221, 87, 150, 251, 119, 44, 28, 190, 124, 86, 182, 129, 66,
       248, 94, 231, 104, 250, 179, 111, 223, 85, 123, 202, 85, 203, 254,
       69, 244, 189, 71, 188, 79, 231, 152, 122, 251, 7, 92, 214, 113,
       217, 43, 17, 68, 120, 127, 177, 112, 249, 34, 237, 14, 101, 116,
       200, 123, 209, 32, 73, 189, 157, 113, 161, 126, 53, 23, 187, 243,
       46, 16, 158, 55, 66, 251, 133, 87, 248, 16, 49, 216, 177, 66, 239,
       255, 84, 70, 138, 64, 139, 58, 248, 186, 220, 114, 168, 173, 80,
       223, 178, 191, 164, 29, 55, 227, 74, 27, 39, 198, 237, 28, 58,
       111, 218, 33, 218, 203, 117, 121, 232, 193, 206, 11, 193, 188,
       159, 19, 168, 172, 33, 151, 254, 123, 102, 84, 244, 242, 192, 123,
       37, 110, 106, 28, 179, 220, 155, 51, 205, 175, 119, 64, 136, 80,
       131, 169, 109, 117, 149, 71, 225, 126, 118, 184, 123, 234, 47, 8,
       222, 113, 73, 178, 145, 92, 120, 106, 97, 240, 249, 42, 47, 255,
       69, 38, 202, 115, 195, 51, 201, 231, 40, 39, 172, 12, 238, 189,
       106, 178, 40, 77, 247, 104, 90, 19, 147, 71, 104, 111, 244, 96,
       221, 59, 228, 169, 101, 60, 76, 114, 203, 136, 37, 125, 145, 71,
       213, 79, 102, 176, 107, 232, 42, 72, 214, 49, 65, 182, 145, 124,
       64, 122, 65, 240, 249, 44, 45, 156, 5, 52, 74, 59, 66, 162, 120,
       185, 255, 116, 168, 237, 81, 215, 227, 189, 164, 40, 59, 183, 64,
       58, 163, 246, 237, 16, 26, 107, 186, 33, 219, 201, 117, 121, 226,
       192, 198, 107, 133, 221, 31, 103, 176, 14, 111, 189, 116, 234, 90,
       100, 247, 115, 137, 112, 55, 78, 60, 110, 225, 144, 125, 46, 236,
       175, 39, 132, 40, 243, 129, 49, 180, 172, 155, 127, 156, 199, 71,
       254, 118, 138, 226, 16, 243, 243, 33, 121, 217, 122, 32, 8, 123,
       254, 219, 63, 233, 239, 117, 72, 224, 112, 224, 170, 117, 69, 93,
       101, 150, 78, 103, 184, 96, 160, 234, 8, 83, 115, 9, 115, 50, 212,
       108, 106, 105, 176, 121, 12, 245, 235, 101, 20, 97, 243, 70, 32,
       252, 188, 253, 118, 168, 111, 69, 191, 179, 191, 167, 24, 83, 119,
       72, 27, 5, 214, 236, 26, 56, 103, 251, 62, 219, 235, 117, 124,
       224, 241, 198, 99, 221, 85, 125, 103, 36, 78, 71, 184, 96, 232,
       191, 76, 215, 117, 153, 51, 22, 212, 124, 106, 201, 240, 249, 40,
       231, 233, 101, 20, 104, 243, 66, 113, 216, 30, 159, 116, 168, 44,
       85, 183, 160, 158, 178, 120, 255, 179, 65, 91, 165, 247, 109, 2,
       104, 79, 130, 32, 211, 227, 116, 152, 162, 112, 131, 43, 220, 188,
       221, 119, 168, 110, 69, 191, 178, 187, 167, 112, 87, 119, 200,
       123, 7, 214, 108, 154, 57, 197, 251, 34, 203, 227, 117, 84, 160,
       241, 134, 33, 93, 213, 125, 103, 176, 78, 79, 184, 96, 232, 191,
       72, 247, 119, 137, 115, 22, 212, 124, 106, 201, 129, 121, 44, 241,
       237, 37, 148, 104, 243, 194, 49, 236, 112, 189, 99, 45, 111, 83,
       152, 91, 251, 165, 24, 215, 93, 73, 59, 145, 84, 124, 122, 43,
       100, 249, 18, 207, 219, 101, 117, 194, 123, 70, 115, 216, 141, 93,
       244, 168, 42, 76, 167, 172, 54, 162, 25, 255, 35, 0, 219, 35, 231,
       109, 42, 120, 205, 65, 45, 241, 227, 118, 81, 32, 224, 133, 40,
       84, 213, 157, 231, 180, 46, 111, 188, 54, 170, 223, 96, 215, 115,
       137, 112, 87, 86, 124, 106, 121, 144, 105, 46, 237, 239, 39, 148,
       160, 243, 129, 33, 236, 180, 189, 115, 173, 125, 81, 153, 123,
       123, 165, 24, 223, 125, 72, 59, 145, 18, 253, 56, 59, 100, 251,
       17, 207, 219, 81, 125, 210, 75, 198, 98, 232, 180, 188, 254, 141,
       253, 81, 15, 219, 91, 164, 24, 190, 185, 72, 59, 201, 178, 249,
       16, 58, 110, 242, 179, 207, 223, 84, 123, 210, 72, 214, 42, 69,
       107, 144, 71, 176, 30, 102, 152, 106, 168, 43, 68, 222, 98, 201,
       250, 149, 68, 108, 126, 133, 208, 201, 106, 172, 188, 103, 68,
       136, 243, 75, 5, 69, 241, 149, 71, 25, 79, 22, 168, 106, 240, 35,
       8, 214, 80, 73, 50, 145, 84, 104, 106, 65, 96, 219, 28, 173, 154,
       5, 62, 72, 51, 75, 50, 102, 229, 246, 223, 252, 11, 254, 236, 63,
       162, 251, 10, 232, 234, 93, 80, 255, 207, 127, 227, 224, 243, 207,
       255, 190, 62, 207, 172, 213, 123, 242, 129, 246, 237, 246, 255,
       254, 11, 254, 232, 63, 162, 251, 10, 239, 234, 61, 81, 255, 255,
       127, 227, 232, 243, 203, 255, 190, 254, 207, 190, 117, 251, 243,
       129, 60, 229, 222, 239, 252, 11, 238, 232, 62, 176, 251, 10, 255,
       234, 29, 82, 251, 207, 127, 227, 88, 243, 203, 253, 190, 255, 239,
       188, 213, 251, 242, 128, 92, 225, 252, 167, 188, 11, 126, 184,
       110, 176, 243, 2, 223, 106, 25, 67, 254, 205, 127, 227, 200, 241,
