%YAML:1.0
---
descriptors: !!opencv-matrix
   rows: 317
   cols: 32
   dt: u
   data: [ 100, 97, 18, 140, 89, 11, 134, 232, 254, 128, 233, 8, 198,
       224, 33, 80, 248, 236, 106, 99, 72, 35, 218, 94, 177, 6, 7, 61,
       81, 59, 35, 130, 237, 112, 189, 103, 45, 79, 71, 152, 115, 250,
       165, 24, 211, 85, 73, 59, 152, 212, 124, 122, 233, 102, 249, 0,
       199, 217, 101, 52, 202, 251, 86, 115, 125, 93, 125, 103, 160, 78,
       71, 184, 96, 232, 191, 76, 83, 119, 137, 115, 54, 212, 124, 106,
       201, 161, 249, 44, 243, 233, 101, 148, 104, 243, 66, 49, 149, 253,
       121, 239, 180, 47, 79, 188, 52, 234, 127, 116, 215, 119, 153, 112,
       95, 222, 29, 110, 249, 144, 121, 63, 237, 239, 167, 132, 172, 243,
       192, 49, 93, 93, 121, 111, 180, 14, 79, 184, 96, 234, 191, 76,
       211, 119, 137, 113, 86, 212, 92, 106, 233, 129, 121, 46, 227, 239,
       101, 148, 104, 243, 192, 49, 236, 48, 189, 99, 173, 109, 83, 152,
       123, 255, 165, 24, 222, 93, 73, 59, 145, 80, 253, 58, 43, 102,
       251, 18, 207, 219, 69, 125, 194, 123, 71, 115, 148, 236, 251, 255,
       252, 111, 239, 255, 62, 235, 251, 82, 245, 255, 217, 105, 123,
       255, 127, 26, 179, 252, 235, 51, 253, 239, 255, 132, 229, 249,
       193, 161, 132, 172, 255, 191, 252, 111, 255, 254, 190, 191, 187,
       26, 247, 255, 121, 91, 251, 255, 127, 147, 122, 231, 235, 243,
       253, 187, 255, 252, 149, 121, 231, 225, 134, 252, 254, 255, 252,
       59, 254, 236, 191, 179, 247, 187, 238, 238, 95, 75, 255, 255, 255,
       195, 238, 255, 203, 235, 190, 255, 223, 183, 149, 127, 233, 151,
       150, 252, 254, 191, 254, 171, 254, 239, 191, 183, 247, 59, 254,
       250, 95, 75, 255, 255, 127, 147, 58, 119, 203, 251, 253, 159, 255,
       185, 245, 121, 229, 75, 104, 189, 188, 254, 253, 253, 85, 175,
       223, 95, 172, 24, 190, 253, 110, 122, 201, 51, 251, 0, 59, 107,
       242, 179, 235, 223, 84, 123, 210, 72, 198, 234, 254, 236, 230,
       255, 252, 171, 238, 254, 63, 178, 255, 18, 239, 235, 221, 77, 127,
       239, 127, 251, 224, 231, 203, 254, 190, 254, 223, 148, 151, 251,
       227, 136, 238, 237, 246, 255, 253, 175, 238, 236, 191, 186, 251,
       26, 239, 234, 124, 99, 255, 239, 127, 243, 248, 255, 203, 255,
       255, 255, 255, 156, 149, 251, 227, 128, 96, 168, 157, 250, 156,
       201, 81, 143, 158, 27, 160, 24, 182, 243, 72, 90, 129, 18, 106,
       16, 58, 111, 218, 49, 217, 146, 85, 127, 208, 8, 199, 42, 246,
       254, 214, 255, 253, 175, 222, 255, 191, 187, 185, 122, 235, 251,
       125, 75, 255, 207, 127, 179, 250, 103, 203, 251, 191, 254, 215,
       254, 199, 251, 242, 129, 106, 253, 183, 252, 157, 197, 95, 231,
       255, 198, 238, 8, 190, 191, 55, 33, 201, 243, 251, 193, 104, 235,
       242, 254, 251, 255, 214, 26, 210, 124, 246, 122, 117, 77, 93, 101,
       176, 10, 71, 184, 108, 164, 170, 8, 215, 51, 1, 115, 50, 212, 108,
       106, 105, 161, 121, 12, 225, 171, 101, 20, 96, 178, 64, 32, 236,
       180, 148, 247, 173, 47, 94, 188, 191, 187, 185, 92, 255, 253, 93,
       27, 221, 215, 127, 50, 187, 103, 219, 179, 255, 223, 117, 252,
       218, 251, 194, 19, 228, 176, 149, 242, 141, 237, 80, 143, 239, 59,
       163, 24, 214, 185, 72, 254, 129, 150, 104, 16, 59, 108, 219, 147,
       139, 218, 85, 127, 210, 72, 198, 34, 69, 249, 149, 71, 149, 12,
       230, 184, 110, 184, 43, 76, 246, 112, 89, 182, 145, 70, 104, 126,
       195, 112, 219, 55, 45, 188, 5, 100, 72, 51, 75, 12, 69, 48, 153,
       101, 1, 79, 115, 8, 104, 224, 35, 8, 214, 17, 73, 50, 144, 84,
       104, 106, 1, 240, 241, 8, 205, 152, 1, 54, 72, 35, 67, 34, 158,
       237, 246, 223, 254, 59, 238, 252, 127, 178, 255, 26, 207, 235, 93,
       68, 127, 239, 127, 251, 248, 247, 237, 255, 190, 255, 207, 244,
       231, 251, 225, 128, 125, 79, 29, 103, 176, 14, 71, 188, 96, 136,
       175, 76, 83, 97, 153, 115, 20, 198, 108, 110, 233, 160, 121, 44,
       224, 235, 101, 20, 104, 243, 194, 33, 140, 242, 188, 247, 172, 14,
       127, 152, 174, 186, 183, 48, 223, 127, 153, 75, 175, 213, 127,
       243, 234, 197, 75, 48, 204, 235, 111, 212, 196, 243, 33, 49, 252,
       112, 157, 254, 201, 100, 21, 154, 179, 186, 165, 24, 28, 247, 105,
       127, 197, 215, 249, 130, 41, 71, 250, 32, 211, 243, 213, 63, 146,
       113, 38, 51, 221, 85, 21, 103, 32, 14, 71, 188, 96, 168, 174, 76,
       211, 113, 137, 51, 16, 196, 108, 110, 201, 224, 249, 40, 224, 233,
       101, 20, 106, 243, 194, 33, 24, 181, 59, 82, 219, 237, 49, 207,
       251, 17, 173, 24, 30, 245, 76, 48, 161, 155, 192, 16, 19, 107,
       186, 119, 123, 213, 21, 111, 193, 64, 199, 162, 93, 117, 29, 103,
       160, 14, 71, 184, 96, 232, 170, 76, 215, 113, 137, 51, 20, 68,
       108, 106, 201, 225, 153, 40, 225, 169, 101, 20, 104, 242, 66, 33,
       245, 113, 157, 103, 164, 78, 71, 184, 96, 226, 163, 76, 215, 113,
       73, 51, 16, 84, 124, 106, 201, 240, 249, 40, 225, 233, 101, 20,
       104, 115, 66, 49, 232, 252, 188, 123, 173, 253, 85, 182, 255, 59,
       164, 24, 191, 61, 64, 59, 137, 82, 253, 8, 122, 108, 250, 179,
       239, 251, 84, 123, 210, 216, 198, 171, 248, 188, 188, 120, 173,
       253, 81, 151, 251, 123, 180, 24, 191, 255, 64, 59, 133, 247, 253,
       24, 58, 111, 242, 179, 219, 251, 85, 123, 210, 72, 199, 123, 254,
       188, 180, 250, 253, 175, 220, 255, 255, 187, 184, 24, 234, 249,
       116, 91, 205, 255, 127, 17, 186, 111, 219, 243, 155, 223, 223,
       122, 146, 76, 210, 2, 248, 188, 188, 122, 173, 253, 84, 215, 255,
       251, 180, 24, 191, 253, 68, 59, 205, 243, 253, 24, 190, 111, 242,
       179, 219, 219, 85, 123, 210, 200, 198, 219, 134, 172, 214, 191,
       238, 171, 252, 239, 191, 179, 242, 18, 236, 234, 93, 75, 239, 239,
       127, 145, 50, 255, 203, 243, 188, 186, 223, 196, 164, 120, 161,
       137, 198, 172, 246, 255, 238, 43, 252, 238, 191, 178, 242, 26,
       237, 234, 93, 91, 239, 231, 127, 131, 184, 255, 203, 251, 190,
       254, 223, 142, 229, 249, 227, 9, 134, 172, 246, 251, 254, 171,
       252, 239, 191, 19, 242, 18, 236, 234, 124, 75, 239, 239, 127, 145,
       178, 253, 203, 243, 188, 250, 223, 198, 132, 216, 161, 137, 20,
       172, 218, 175, 188, 171, 254, 255, 62, 163, 250, 130, 247, 238,
       88, 64, 255, 255, 127, 145, 18, 184, 203, 119, 236, 239, 191, 196,
       132, 122, 161, 137, 214, 172, 254, 191, 236, 169, 252, 239, 190,
       179, 242, 146, 253, 238, 124, 91, 239, 239, 127, 145, 178, 255,
       203, 243, 190, 175, 255, 232, 133, 248, 161, 137, 200, 244, 188,
       115, 169, 237, 117, 191, 127, 127, 44, 24, 190, 63, 72, 59, 133,
       19, 125, 24, 115, 108, 251, 51, 239, 219, 84, 126, 210, 88, 199,
       123, 220, 84, 93, 231, 40, 78, 95, 188, 52, 170, 247, 104, 215,
       87, 137, 83, 86, 213, 125, 106, 104, 212, 249, 46, 247, 235, 103,
       148, 32, 179, 67, 35, 220, 157, 61, 239, 180, 15, 95, 188, 36,
       168, 254, 32, 247, 87, 137, 81, 118, 247, 93, 106, 248, 177, 73,
       61, 232, 233, 39, 148, 36, 178, 129, 59, 20, 189, 56, 231, 180,
       175, 127, 190, 44, 169, 254, 32, 247, 127, 9, 64, 246, 255, 95,
       123, 154, 184, 73, 61, 236, 237, 47, 212, 164, 250, 129, 25, 204,
       84, 189, 231, 32, 110, 123, 152, 49, 170, 247, 40, 247, 119, 9,
       123, 247, 212, 125, 106, 169, 212, 249, 42, 199, 251, 97, 132, 0,
       243, 6, 115, 232, 188, 189, 122, 233, 237, 23, 174, 219, 95, 164,
       25, 190, 253, 67, 59, 137, 114, 249, 66, 122, 111, 250, 51, 235,
       223, 85, 59, 210, 89, 214, 123, 248, 172, 156, 58, 139, 237, 16,
       207, 187, 55, 160, 25, 174, 243, 64, 155, 129, 179, 233, 16, 62,
       79, 218, 51, 219, 211, 85, 123, 210, 76, 142, 10, 76, 180, 153,
       65, 129, 110, 49, 23, 59, 243, 47, 24, 158, 55, 64, 254, 133, 22,
       120, 24, 17, 216, 241, 66, 141, 191, 84, 102, 138, 64, 139, 50,
       248, 184, 191, 118, 138, 104, 81, 151, 178, 183, 164, 24, 55, 183,
       64, 27, 35, 247, 109, 24, 58, 79, 178, 34, 217, 227, 117, 121,
       160, 224, 134, 106, 248, 188, 252, 112, 186, 233, 81, 223, 178,
