%YAML:1.0
---
descriptors: !!opencv-matrix
   rows: 227
   cols: 32
   dt: u
   data: [ 93, 93, 125, 103, 176, 14, 79, 184, 112, 234, 127, 68, 211,
       119, 153, 112, 54, 212, 28, 106, 233, 144, 121, 46, 235, 239, 37,
       132, 104, 243, 64, 49, 253, 113, 253, 103, 44, 78, 71, 184, 97,
       250, 183, 72, 211, 117, 201, 59, 22, 212, 124, 106, 201, 98, 249,
       40, 243, 249, 101, 52, 107, 243, 70, 113, 93, 93, 125, 102, 176,
       78, 79, 188, 97, 232, 191, 76, 87, 119, 137, 115, 86, 212, 124,
       106, 201, 129, 121, 44, 243, 233, 101, 148, 104, 243, 66, 49, 93,
       93, 61, 239, 176, 14, 79, 188, 36, 232, 190, 64, 247, 119, 129,
       112, 22, 246, 93, 106, 233, 129, 121, 46, 225, 239, 37, 148, 40,
       243, 192, 41, 236, 52, 189, 115, 173, 125, 81, 152, 91, 255, 181,
       24, 218, 93, 79, 59, 153, 80, 253, 58, 59, 102, 251, 16, 207, 219,
       81, 127, 194, 107, 70, 115, 120, 184, 253, 112, 168, 253, 81, 215,
       163, 191, 164, 24, 59, 183, 66, 58, 1, 214, 237, 24, 26, 111, 242,
       49, 219, 203, 117, 121, 226, 192, 198, 123, 149, 157, 89, 231,
       180, 111, 79, 191, 116, 168, 255, 96, 215, 115, 136, 112, 55, 206,
       93, 106, 249, 152, 121, 62, 233, 237, 37, 212, 32, 243, 193, 41,
       172, 180, 189, 115, 237, 253, 81, 27, 127, 123, 165, 24, 222, 253,
       72, 59, 153, 26, 251, 16, 59, 110, 251, 23, 207, 219, 81, 127,
       210, 72, 198, 242, 96, 172, 157, 250, 200, 237, 81, 143, 158, 19,
       160, 24, 182, 243, 104, 83, 193, 50, 106, 24, 50, 111, 218, 49,
       221, 163, 85, 121, 80, 72, 133, 42, 206, 238, 246, 255, 252, 171,
       254, 254, 191, 186, 251, 122, 239, 235, 157, 67, 251, 239, 127,
       163, 242, 247, 203, 255, 190, 255, 255, 158, 183, 251, 227, 129,
       244, 84, 189, 116, 168, 44, 85, 186, 160, 186, 166, 56, 87, 119,
       1, 123, 135, 213, 109, 34, 104, 69, 203, 32, 211, 235, 117, 28,
       32, 241, 134, 35, 21, 229, 25, 227, 20, 79, 103, 232, 86, 224,
       111, 2, 211, 209, 121, 96, 57, 76, 34, 106, 75, 240, 57, 31, 237,
       142, 5, 36, 112, 187, 64, 160, 69, 71, 148, 39, 160, 58, 110, 136,
       120, 170, 43, 64, 199, 98, 201, 250, 147, 68, 108, 126, 20, 240,
       205, 106, 172, 254, 103, 4, 192, 243, 75, 4, 244, 37, 253, 100,
       143, 75, 87, 168, 64, 182, 165, 8, 83, 49, 73, 59, 25, 212, 104,
       98, 104, 99, 249, 8, 249, 195, 69, 61, 97, 122, 70, 34, 69, 241,
       149, 87, 157, 13, 102, 184, 110, 240, 43, 76, 246, 113, 73, 50,
       145, 70, 104, 126, 195, 96, 219, 49, 173, 158, 5, 118, 72, 51, 67,
       42, 156, 96, 220, 247, 44, 10, 127, 184, 174, 178, 183, 0, 223,
       107, 25, 75, 251, 69, 125, 235, 104, 197, 203, 40, 196, 251, 239,
       148, 36, 243, 1, 1, 248, 186, 216, 122, 169, 249, 80, 215, 131,
       31, 181, 57, 47, 251, 104, 155, 137, 178, 237, 16, 26, 111, 202,
       49, 219, 209, 116, 123, 243, 200, 206, 11, 253, 71, 85, 103, 44,
       14, 71, 184, 225, 232, 191, 76, 211, 97, 153, 119, 36, 196, 108,
       110, 201, 97, 249, 44, 224, 233, 101, 20, 106, 243, 82, 33, 248,
       60, 190, 120, 169, 253, 81, 83, 251, 59, 180, 24, 191, 255, 64,
       59, 133, 183, 253, 16, 187, 111, 242, 179, 219, 251, 113, 122,
       194, 72, 71, 43, 235, 172, 180, 248, 237, 189, 92, 223, 255, 187,
       188, 24, 191, 249, 84, 123, 205, 247, 127, 24, 190, 111, 251, 179,
       223, 219, 87, 122, 210, 72, 210, 11, 105, 253, 184, 115, 205, 221,
       87, 190, 123, 115, 44, 28, 190, 57, 70, 182, 129, 90, 240, 90,
       247, 104, 251, 51, 111, 223, 85, 127, 202, 84, 202, 94, 197, 103,
       141, 23, 172, 46, 231, 156, 122, 250, 131, 92, 214, 96, 93, 43,
       145, 70, 120, 127, 177, 113, 219, 42, 172, 26, 101, 52, 200, 123,
       209, 37, 208, 160, 159, 116, 138, 96, 81, 7, 178, 151, 160, 56,
       23, 151, 72, 27, 39, 215, 108, 144, 59, 79, 162, 1, 219, 225, 112,
       124, 160, 128, 166, 106, 248, 170, 253, 120, 170, 233, 81, 215,
       178, 23, 164, 185, 39, 135, 64, 27, 7, 178, 237, 16, 58, 79, 162,
       49, 219, 195, 112, 121, 240, 192, 134, 123, 246, 172, 148, 186,
       137, 237, 20, 239, 187, 23, 128, 25, 238, 242, 72, 155, 129, 243,
       232, 3, 126, 79, 218, 51, 185, 210, 93, 123, 144, 85, 143, 14,
       156, 54, 253, 97, 162, 107, 97, 91, 96, 191, 39, 56, 83, 55, 201,
       59, 63, 212, 68, 56, 56, 245, 161, 0, 91, 139, 101, 100, 225, 225,
       70, 33, 69, 113, 157, 101, 1, 78, 119, 48, 104, 192, 99, 8, 222,
       49, 9, 51, 144, 68, 104, 106, 65, 240, 209, 12, 229, 186, 68, 6,
       72, 51, 67, 34, 244, 46, 140, 180, 138, 32, 85, 159, 162, 183,
       166, 185, 23, 227, 67, 91, 67, 214, 109, 144, 56, 71, 202, 32,
       218, 163, 253, 189, 160, 241, 134, 66, 252, 172, 252, 114, 137,
       109, 85, 223, 147, 191, 180, 24, 67, 241, 71, 27, 9, 214, 236, 24,
       58, 111, 218, 50, 219, 219, 85, 127, 243, 249, 206, 34, 236, 112,
       189, 99, 41, 111, 83, 152, 122, 250, 165, 24, 223, 87, 73, 59,
       145, 212, 124, 122, 41, 102, 251, 2, 223, 219, 101, 124, 194, 243,
       70, 115, 148, 236, 223, 191, 236, 43, 239, 248, 54, 178, 243, 146,
       247, 239, 73, 91, 127, 239, 127, 170, 42, 246, 203, 59, 236, 167,
       255, 132, 164, 249, 161, 161, 96, 168, 29, 251, 200, 237, 16, 143,
       158, 19, 32, 24, 182, 243, 72, 91, 129, 90, 106, 8, 51, 106, 218,
       49, 205, 163, 117, 120, 208, 72, 135, 170, 104, 180, 188, 251,
       189, 253, 81, 47, 255, 123, 173, 24, 190, 253, 72, 58, 153, 146,
       253, 16, 58, 106, 251, 147, 203, 223, 80, 127, 210, 72, 198, 98,
       124, 101, 125, 101, 140, 75, 71, 184, 64, 164, 175, 10, 83, 117,
       201, 51, 24, 212, 108, 106, 72, 99, 233, 12, 249, 201, 101, 52,
       99, 250, 70, 32, 101, 109, 19, 94, 93, 197, 199, 230, 251, 128,
       232, 8, 182, 219, 37, 48, 200, 251, 82, 75, 75, 43, 218, 127, 49,
       156, 6, 58, 80, 57, 98, 170, 69, 103, 216, 39, 176, 14, 110, 136,
       120, 170, 107, 64, 215, 98, 217, 250, 146, 76, 108, 126, 68, 240,
       205, 74, 172, 255, 39, 4, 192, 243, 75, 0, 69, 243, 149, 71, 149,
       15, 102, 184, 110, 184, 43, 76, 214, 113, 89, 50, 145, 68, 104,
       126, 195, 112, 217, 53, 173, 156, 37, 116, 72, 51, 67, 32, 22,
       229, 114, 175, 223, 15, 254, 232, 63, 160, 251, 10, 206, 234, 60,
       64, 255, 207, 127, 227, 232, 179, 217, 255, 189, 254, 143, 118,
       101, 191, 241, 128, 150, 237, 118, 143, 254, 11, 254, 232, 61,
       160, 251, 2, 238, 234, 61, 65, 250, 237, 127, 227, 232, 243, 73,
       254, 190, 186, 143, 148, 101, 251, 113, 129, 28, 69, 94, 167, 44,
       11, 254, 248, 44, 176, 243, 10, 223, 107, 25, 67, 254, 205, 127,
       227, 72, 243, 73, 204, 238, 235, 239, 148, 36, 187, 161, 128, 205,
       112, 181, 103, 44, 14, 71, 184, 113, 250, 167, 92, 223, 81, 73,
       59, 144, 196, 124, 110, 233, 228, 249, 40, 231, 251, 101, 52, 74,
       179, 66, 49, 125, 79, 77, 102, 180, 14, 71, 184, 225, 232, 190,
       76, 83, 97, 153, 115, 52, 228, 108, 110, 233, 161, 237, 46, 242,
       237, 37, 148, 106, 243, 66, 33, 20, 189, 57, 114, 155, 233, 19,
       203, 179, 181, 173, 24, 30, 247, 72, 56, 161, 155, 200, 16, 27,
       107, 186, 116, 217, 197, 21, 127, 225, 67, 134, 34, 245, 79, 77,
       103, 180, 14, 71, 184, 112, 234, 118, 92, 115, 96, 153, 113, 16,
       196, 108, 110, 233, 244, 109, 46, 100, 175, 37, 132, 104, 243, 82,
       33, 253, 70, 253, 103, 52, 14, 71, 184, 112, 234, 127, 76, 83, 96,
       153, 114, 21, 196, 108, 110, 233, 180, 237, 46, 100, 175, 37, 20,
       104, 243, 82, 33, 120, 176, 188, 248, 41, 205, 89, 24, 171, 59,
       180, 8, 191, 151, 64, 59, 132, 145, 253, 0, 138, 111, 242, 17,
       211, 219, 113, 61, 194, 128, 70, 59, 166, 236, 230, 223, 221, 175,
       238, 239, 191, 187, 242, 18, 238, 234, 52, 91, 235, 239, 127, 131,
       250, 255, 203, 251, 189, 190, 223, 240, 213, 121, 243, 136, 242,
       172, 182, 223, 237, 173, 236, 239, 255, 187, 178, 24, 234, 234,
       20, 91, 233, 239, 127, 145, 186, 111, 219, 243, 191, 250, 223,
