%YAML:1.0
---
descriptors: !!opencv-matrix
   rows: 199
   cols: 32
   dt: u
   data: [ 228, 53, 149, 99, 169, 111, 71, 152, 58, 250, 43, 24, 214,
       115, 73, 63, 145, 86, 120, 122, 57, 64, 249, 34, 237, 222, 69,
       116, 192, 115, 198, 98, 108, 245, 177, 103, 153, 79, 71, 168, 58,
       236, 41, 8, 215, 117, 73, 50, 144, 92, 121, 106, 73, 112, 249, 62,
       237, 159, 5, 52, 64, 59, 198, 114, 108, 97, 57, 103, 29, 79, 71,
       168, 82, 228, 173, 8, 211, 117, 73, 48, 152, 220, 89, 106, 73,
       114, 249, 62, 237, 222, 5, 52, 64, 59, 86, 98, 108, 229, 156, 122,
       137, 77, 87, 168, 163, 151, 173, 24, 114, 243, 74, 18, 153, 210,
       233, 82, 90, 99, 250, 49, 251, 219, 69, 125, 208, 115, 206, 98,
       100, 69, 41, 103, 29, 79, 71, 184, 85, 236, 239, 8, 211, 117, 25,
       48, 88, 220, 123, 234, 73, 178, 121, 14, 231, 253, 133, 52, 81,
       187, 86, 114, 118, 189, 150, 190, 137, 237, 22, 200, 159, 186,
       137, 25, 230, 240, 104, 150, 201, 115, 234, 83, 62, 67, 218, 59,
       185, 150, 77, 59, 216, 127, 143, 6, 218, 164, 156, 48, 137, 169,
       16, 143, 187, 63, 160, 25, 174, 163, 74, 27, 129, 83, 237, 16, 62,
       73, 202, 51, 219, 211, 85, 127, 144, 68, 143, 10, 244, 52, 189,
       114, 170, 111, 81, 24, 178, 191, 165, 56, 87, 247, 73, 59, 147,
       220, 109, 48, 58, 103, 234, 2, 219, 195, 117, 125, 224, 227, 6,
       99, 145, 134, 79, 101, 180, 42, 106, 191, 116, 163, 106, 208, 243,
       99, 144, 112, 83, 238, 44, 44, 185, 188, 69, 14, 236, 174, 36, 68,
       232, 226, 192, 32, 108, 181, 189, 97, 169, 109, 85, 159, 107, 191,
       44, 24, 146, 53, 64, 58, 129, 86, 108, 24, 26, 120, 251, 16, 207,
       223, 53, 119, 194, 72, 198, 99, 104, 180, 185, 112, 153, 237, 81,
       71, 235, 61, 44, 24, 54, 181, 64, 56, 129, 18, 104, 24, 18, 107,
       178, 19, 219, 223, 16, 123, 194, 0, 198, 107, 81, 143, 31, 103,
       176, 46, 79, 181, 96, 136, 255, 68, 243, 99, 144, 115, 52, 102,
       108, 110, 249, 152, 41, 47, 234, 239, 37, 208, 104, 242, 194, 41,
       213, 149, 159, 101, 32, 78, 71, 184, 240, 138, 166, 72, 247, 115,
       137, 115, 48, 212, 124, 106, 105, 197, 249, 44, 243, 235, 101, 20,
       104, 240, 98, 49, 249, 186, 220, 50, 170, 172, 89, 159, 179, 255,
       180, 189, 191, 247, 194, 27, 135, 215, 253, 20, 190, 79, 202, 49,
       218, 195, 117, 249, 162, 196, 142, 91, 124, 253, 253, 82, 136,
       109, 71, 152, 163, 191, 173, 24, 83, 247, 73, 31, 1, 214, 108, 90,
       58, 99, 250, 32, 251, 203, 101, 124, 226, 243, 198, 98, 93, 34,
       148, 50, 184, 60, 64, 11, 251, 187, 163, 89, 207, 226, 202, 218,
       129, 199, 108, 28, 190, 68, 203, 2, 154, 247, 119, 253, 138, 229,
       139, 1, 117, 77, 125, 101, 150, 14, 71, 185, 101, 160, 239, 64,
       211, 49, 17, 112, 54, 212, 92, 106, 233, 176, 93, 14, 231, 175,
       37, 20, 104, 242, 64, 40, 212, 205, 94, 119, 144, 74, 79, 173, 52,
       162, 162, 16, 87, 115, 9, 81, 49, 246, 77, 234, 120, 197, 25, 46,
       249, 231, 37, 21, 96, 241, 228, 34, 192, 140, 157, 255, 232, 236,
       21, 183, 158, 23, 100, 24, 183, 243, 96, 91, 193, 122, 105, 24,
       50, 78, 218, 51, 205, 167, 117, 120, 144, 88, 135, 170, 193, 156,
       189, 123, 136, 237, 149, 175, 222, 123, 160, 24, 246, 112, 76,
       107, 133, 83, 104, 16, 119, 109, 251, 49, 137, 154, 85, 126, 216,
       72, 129, 46, 126, 101, 136, 166, 155, 82, 86, 136, 19, 182, 143,
       11, 78, 115, 75, 150, 81, 207, 233, 243, 60, 67, 203, 162, 251,
       247, 205, 63, 162, 119, 158, 66, 244, 164, 141, 254, 140, 101, 77,
       140, 146, 183, 129, 24, 215, 231, 89, 123, 193, 215, 121, 155, 59,
       71, 251, 51, 153, 182, 223, 124, 144, 115, 150, 32, 104, 221, 156,
       127, 137, 205, 23, 175, 154, 190, 172, 9, 230, 113, 67, 19, 129,
       118, 233, 66, 114, 104, 219, 63, 235, 247, 85, 59, 210, 121, 198,
       10, 76, 119, 121, 103, 112, 78, 63, 56, 41, 228, 111, 172, 223,
       87, 137, 80, 22, 93, 205, 110, 192, 144, 249, 76, 231, 253, 33,
       134, 66, 179, 7, 113, 109, 113, 49, 103, 53, 31, 118, 184, 121,
       232, 127, 77, 218, 125, 159, 176, 148, 76, 252, 110, 196, 240,
       249, 12, 231, 253, 33, 150, 66, 183, 66, 119, 208, 184, 190, 48,
       136, 236, 17, 23, 226, 219, 164, 24, 183, 241, 66, 59, 129, 247,
       108, 17, 27, 109, 210, 17, 217, 131, 119, 120, 232, 64, 135, 26,
       249, 168, 143, 112, 136, 237, 80, 87, 178, 83, 164, 25, 55, 243,
       66, 59, 137, 166, 125, 8, 46, 79, 210, 49, 219, 203, 112, 121,
       162, 192, 222, 74, 32, 120, 123, 69, 80, 95, 99, 48, 96, 232, 110,
       72, 115, 23, 129, 48, 24, 188, 64, 106, 73, 176, 113, 12, 71, 169,
       33, 0, 99, 163, 70, 32, 112, 40, 127, 112, 10, 200, 65, 80, 160,
       149, 164, 24, 23, 151, 64, 27, 38, 180, 109, 152, 10, 79, 162, 0,
       209, 225, 112, 120, 224, 128, 102, 99, 248, 184, 220, 120, 169,
       237, 80, 79, 151, 63, 164, 57, 39, 241, 66, 27, 137, 178, 236, 16,
       58, 111, 202, 49, 219, 195, 117, 121, 242, 200, 206, 11, 76, 112,
       157, 87, 105, 92, 48, 0, 233, 219, 37, 8, 158, 149, 77, 63, 130,
       93, 96, 18, 3, 118, 178, 64, 71, 217, 81, 42, 66, 49, 71, 163,
       120, 188, 247, 114, 171, 249, 85, 215, 179, 31, 164, 56, 46, 247,
       64, 159, 39, 247, 236, 24, 58, 111, 162, 113, 219, 243, 84, 123,
       226, 192, 134, 107, 124, 96, 56, 106, 141, 79, 87, 232, 194, 180,
       165, 8, 83, 217, 75, 18, 89, 208, 73, 122, 74, 99, 250, 25, 251,
       201, 5, 61, 115, 59, 102, 34, 90, 166, 156, 176, 137, 169, 20,
       143, 187, 63, 160, 57, 174, 163, 74, 154, 129, 147, 237, 16, 62,
       73, 202, 51, 219, 211, 93, 127, 144, 68, 143, 11, 232, 252, 28,
       58, 137, 253, 20, 174, 155, 55, 164, 25, 174, 251, 66, 155, 129,
       83, 233, 16, 126, 111, 218, 55, 235, 211, 85, 123, 210, 93, 142,
       10, 252, 164, 188, 114, 168, 105, 81, 27, 179, 183, 165, 25, 215,
       183, 74, 27, 131, 151, 237, 16, 58, 71, 203, 2, 219, 195, 117,
       125, 224, 192, 134, 99, 145, 6, 205, 37, 148, 11, 99, 23, 116,
       162, 98, 208, 211, 32, 144, 121, 112, 204, 40, 172, 57, 220, 69,
       14, 228, 174, 49, 0, 236, 224, 80, 32, 104, 180, 185, 112, 153,
       237, 81, 87, 235, 61, 44, 24, 54, 149, 64, 56, 129, 26, 96, 16,
       18, 107, 178, 17, 219, 221, 16, 123, 194, 0, 199, 235, 243, 184,
       245, 116, 184, 205, 80, 255, 251, 249, 176, 120, 58, 191, 196, 51,
       135, 247, 124, 0, 191, 111, 234, 83, 155, 218, 117, 254, 73, 0,
       198, 63, 248, 170, 244, 50, 235, 173, 92, 223, 179, 187, 180, 249,
       63, 239, 72, 27, 167, 247, 253, 20, 62, 79, 202, 177, 219, 219,
       117, 249, 162, 196, 138, 11, 120, 176, 253, 112, 40, 237, 81, 83,
       163, 253, 164, 28, 55, 151, 64, 27, 5, 182, 109, 24, 11, 79, 242,
       17, 219, 217, 117, 120, 98, 128, 70, 123, 242, 186, 254, 94, 235,
       145, 29, 207, 171, 191, 164, 185, 38, 231, 70, 27, 135, 247, 237,
       16, 26, 79, 170, 113, 155, 147, 93, 255, 128, 64, 134, 111, 221,
       34, 220, 183, 168, 40, 92, 138, 251, 183, 163, 153, 207, 227, 203,
       219, 131, 198, 108, 30, 28, 68, 207, 32, 206, 227, 117, 61, 160,
       241, 138, 0, 252, 98, 149, 114, 169, 45, 84, 223, 171, 187, 177,
       88, 143, 243, 73, 154, 133, 215, 108, 16, 26, 103, 203, 2, 187,
       216, 117, 126, 226, 241, 130, 35, 124, 13, 95, 103, 148, 79, 71,
       57, 100, 160, 171, 72, 83, 49, 17, 112, 48, 196, 76, 106, 105,
       177, 89, 14, 241, 239, 5, 20, 97, 242, 96, 40, 92, 12, 220, 118,
       168, 106, 92, 170, 160, 178, 175, 24, 223, 103, 1, 91, 3, 215,
       108, 42, 104, 69, 203, 34, 211, 235, 117, 29, 96, 241, 15, 2, 96,
       241, 17, 107, 153, 77, 84, 175, 111, 49, 40, 88, 150, 51, 76, 112,
       129, 22, 104, 16, 91, 104, 219, 21, 173, 220, 21, 126, 216, 8,
       194, 46, 192, 140, 157, 255, 136, 237, 21, 135, 190, 23, 96, 24,
       183, 243, 64, 91, 129, 122, 105, 24, 50, 76, 218, 51, 205, 167,
       117, 120, 144, 64, 135, 170, 100, 97, 59, 100, 93, 198, 227, 72,
