%YAML:1.0
---
descriptors: !!opencv-matrix
   rows: 275
   cols: 32
   dt: u
   data: [ 236, 52, 189, 99, 173, 111, 83, 152, 91, 255, 165, 24, 222,
       93, 73, 59, 153, 84, 253, 58, 59, 102, 251, 18, 207, 219, 65, 125,
       194, 107, 70, 115, 252, 172, 252, 114, 137, 105, 85, 218, 147,
       183, 181, 24, 83, 249, 75, 27, 9, 210, 237, 50, 58, 103, 219, 50,
       91, 203, 85, 125, 243, 249, 206, 34, 212, 141, 94, 228, 154, 106,
       79, 167, 180, 166, 174, 16, 247, 99, 0, 83, 35, 246, 109, 234,
       120, 205, 73, 46, 249, 227, 101, 17, 32, 240, 196, 34, 108, 181,
       21, 99, 157, 77, 84, 189, 119, 57, 171, 24, 222, 59, 72, 248, 145,
       22, 108, 48, 123, 112, 217, 151, 207, 223, 21, 119, 210, 10, 192,
       2, 69, 39, 145, 39, 160, 62, 110, 136, 107, 186, 59, 64, 223, 98,
       201, 250, 151, 69, 108, 126, 148, 240, 201, 66, 172, 252, 103, 68,
       128, 243, 203, 5, 69, 241, 149, 67, 185, 12, 102, 188, 106, 185,
       43, 92, 214, 114, 72, 118, 149, 70, 108, 126, 211, 112, 217, 97,
       173, 190, 39, 116, 200, 83, 195, 37, 76, 245, 57, 71, 241, 78,
       119, 184, 57, 232, 127, 108, 222, 119, 137, 52, 148, 92, 213, 98,
       225, 176, 249, 110, 111, 191, 37, 134, 74, 115, 7, 243, 197, 78,
       207, 119, 180, 42, 71, 186, 116, 170, 114, 244, 211, 97, 145, 113,
       17, 198, 108, 46, 169, 244, 77, 46, 236, 174, 53, 196, 236, 240,
       210, 32, 220, 16, 188, 247, 44, 108, 89, 24, 191, 191, 183, 60,
       223, 247, 201, 91, 199, 213, 125, 26, 56, 69, 219, 0, 203, 251,
       117, 212, 160, 225, 7, 51, 101, 143, 29, 103, 180, 14, 103, 185,
       96, 232, 122, 76, 211, 97, 152, 114, 20, 70, 108, 110, 249, 176,
       217, 47, 224, 175, 37, 20, 72, 243, 210, 33, 248, 188, 190, 120,
       169, 253, 81, 211, 251, 59, 180, 24, 191, 191, 64, 123, 133, 179,
       253, 24, 186, 111, 242, 147, 219, 219, 116, 122, 194, 72, 199,
       123, 229, 79, 79, 103, 180, 14, 111, 188, 112, 202, 122, 68, 211,
       97, 153, 112, 16, 102, 108, 110, 233, 180, 109, 46, 228, 174, 37,
       128, 72, 243, 194, 33, 234, 188, 180, 248, 189, 253, 84, 223, 255,
       187, 180, 24, 170, 249, 84, 127, 201, 254, 127, 24, 186, 111, 250,
       179, 223, 251, 213, 123, 210, 200, 210, 11, 248, 188, 188, 248,
       173, 253, 81, 215, 255, 59, 180, 24, 191, 253, 64, 59, 205, 178,
       253, 24, 186, 111, 242, 179, 219, 219, 84, 123, 210, 220, 198, 43,
       166, 172, 246, 223, 252, 187, 252, 239, 191, 179, 242, 147, 236,
       238, 124, 75, 235, 239, 127, 147, 182, 255, 203, 243, 190, 190,
       223, 244, 245, 120, 243, 130, 228, 109, 61, 103, 136, 109, 71,
       158, 112, 54, 171, 24, 211, 117, 9, 59, 137, 214, 104, 106, 121,
       100, 251, 34, 245, 251, 69, 20, 192, 115, 198, 34, 197, 244, 141,
       19, 172, 47, 167, 152, 122, 251, 3, 92, 214, 112, 217, 43, 17, 68,
       120, 127, 241, 116, 249, 34, 237, 10, 101, 116, 200, 123, 211, 48,
       216, 174, 255, 116, 138, 232, 81, 87, 178, 183, 164, 184, 55, 167,
       64, 27, 39, 247, 237, 144, 58, 79, 162, 2, 219, 195, 117, 121,
       224, 64, 166, 106, 208, 170, 159, 116, 138, 224, 89, 23, 178, 151,
       166, 24, 55, 183, 64, 91, 39, 247, 237, 144, 58, 79, 178, 1, 209,
       163, 112, 121, 160, 192, 166, 122, 252, 180, 253, 112, 168, 233,
       85, 159, 178, 191, 173, 24, 23, 183, 72, 27, 1, 214, 108, 24, 58,
       79, 250, 2, 219, 199, 117, 124, 224, 209, 198, 99, 248, 174, 254,
       120, 170, 169, 81, 215, 178, 23, 164, 185, 39, 167, 64, 27, 39,
       179, 237, 144, 58, 79, 162, 51, 219, 195, 116, 121, 224, 192, 134,
       123, 248, 188, 156, 50, 169, 233, 84, 142, 178, 63, 164, 57, 175,
       183, 74, 155, 129, 83, 237, 16, 62, 79, 202, 51, 219, 195, 117,
       127, 176, 65, 142, 11, 220, 50, 253, 96, 162, 107, 65, 91, 50,
       191, 167, 56, 19, 23, 73, 27, 55, 148, 108, 56, 56, 117, 161, 0,
       217, 139, 117, 116, 225, 224, 198, 99, 69, 71, 20, 69, 48, 14,
       102, 56, 125, 168, 107, 68, 214, 98, 137, 113, 148, 68, 108, 110,
       225, 176, 217, 14, 165, 190, 97, 4, 72, 179, 66, 33, 69, 113, 17,
       69, 97, 78, 119, 56, 105, 232, 43, 8, 222, 51, 13, 114, 144, 85,
       120, 106, 65, 48, 249, 76, 37, 184, 65, 6, 72, 51, 67, 51, 248,
       190, 252, 122, 172, 237, 81, 159, 195, 31, 180, 56, 51, 241, 66,
       27, 9, 146, 237, 24, 58, 111, 234, 51, 219, 203, 116, 121, 242,
       200, 198, 43, 100, 112, 57, 69, 64, 14, 67, 24, 96, 172, 37, 12,
       214, 19, 9, 20, 16, 84, 68, 106, 72, 240, 249, 8, 197, 184, 33,
       52, 66, 51, 66, 162, 248, 190, 220, 114, 168, 173, 85, 223, 178,
       191, 164, 29, 55, 227, 74, 27, 9, 230, 237, 24, 58, 111, 218, 51,
       219, 195, 117, 125, 224, 192, 206, 11, 205, 117, 149, 67, 241,
       127, 102, 184, 121, 234, 47, 8, 222, 112, 77, 189, 145, 92, 80,
       122, 165, 240, 249, 106, 47, 223, 69, 6, 202, 115, 75, 183, 237,
       113, 253, 103, 44, 78, 71, 184, 104, 250, 183, 72, 215, 85, 201,
       59, 148, 84, 124, 106, 201, 112, 249, 8, 231, 217, 101, 52, 74,
       179, 70, 115, 125, 85, 125, 103, 176, 78, 79, 188, 96, 234, 191,
       72, 215, 119, 137, 115, 54, 212, 124, 106, 201, 177, 249, 44, 243,
       233, 101, 20, 104, 243, 66, 49, 252, 112, 189, 99, 41, 111, 83,
       152, 115, 254, 167, 24, 215, 87, 73, 59, 149, 212, 124, 122, 169,
       100, 249, 34, 199, 219, 101, 52, 194, 243, 70, 115, 108, 181, 17,
       99, 169, 47, 80, 25, 123, 57, 43, 88, 222, 51, 72, 184, 145, 20,
       108, 56, 59, 112, 217, 150, 207, 223, 5, 119, 218, 74, 202, 3,
       232, 180, 188, 254, 157, 253, 84, 47, 219, 27, 172, 24, 190, 253,
       72, 50, 201, 178, 251, 16, 58, 110, 242, 179, 235, 223, 84, 123,
       210, 72, 222, 42, 244, 37, 189, 100, 141, 79, 85, 235, 66, 182,
       172, 8, 82, 53, 65, 59, 25, 212, 104, 34, 104, 99, 249, 10, 249,
       195, 69, 63, 97, 120, 70, 34, 77, 103, 152, 39, 176, 10, 110, 136,
       104, 160, 43, 64, 207, 98, 201, 218, 147, 76, 108, 126, 84, 240,
       205, 42, 172, 253, 39, 4, 128, 243, 203, 0, 101, 99, 64, 5, 116,
       26, 102, 56, 96, 160, 123, 232, 195, 0, 153, 180, 24, 204, 68,
       110, 76, 176, 205, 12, 36, 60, 37, 4, 76, 187, 90, 4, 245, 14,
       207, 103, 180, 46, 103, 182, 112, 170, 122, 92, 211, 97, 145, 112,
       17, 230, 108, 46, 185, 252, 109, 46, 232, 175, 53, 148, 232, 241,
       210, 41, 92, 16, 156, 245, 44, 76, 89, 24, 174, 185, 183, 45, 223,
       247, 201, 91, 198, 213, 125, 90, 8, 65, 203, 0, 203, 251, 115,
       148, 128, 161, 7, 115, 120, 176, 188, 240, 41, 205, 89, 24, 171,
       63, 181, 24, 159, 159, 72, 59, 132, 149, 253, 16, 138, 111, 242,
       145, 219, 251, 112, 254, 194, 0, 71, 115, 232, 188, 180, 248, 173,
       253, 84, 159, 255, 187, 180, 24, 191, 185, 64, 59, 137, 190, 253,
       24, 186, 111, 242, 147, 223, 251, 85, 123, 210, 72, 198, 11, 230,
       173, 230, 252, 237, 175, 220, 239, 191, 187, 240, 24, 234, 232,
       84, 91, 201, 239, 127, 129, 58, 111, 219, 251, 191, 218, 223, 120,
       193, 120, 242, 10, 182, 172, 246, 223, 254, 43, 252, 235, 191,
       179, 242, 18, 236, 234, 124, 75, 239, 239, 127, 145, 178, 255,
       207, 243, 158, 190, 223, 246, 245, 121, 243, 133, 229, 143, 77,
       69, 180, 42, 111, 187, 112, 170, 122, 252, 211, 97, 144, 112, 17,
       198, 108, 46, 249, 240, 77, 46, 172, 174, 37, 132, 236, 240, 210,
       33, 69, 117, 149, 71, 165, 110, 55, 184, 120, 234, 107, 12, 222,
       113, 9, 59, 145, 68, 104, 106, 97, 240, 249, 10, 229, 190, 69, 6,
       200, 115, 67, 35, 228, 52, 157, 119, 136, 110, 71, 175, 112, 178,
       163, 24, 214, 119, 9, 59, 145, 86, 104, 42, 121, 100, 249, 42,
       233, 191, 85, 20, 192, 113, 198, 34, 69, 244, 189, 99, 180, 111,
       103, 184, 114, 250, 47, 72, 215, 113, 217, 42, 17, 76, 120, 122,
       113, 112, 249, 34, 237, 207, 101, 116, 200, 251, 211, 32, 240,
       176, 255, 114, 42, 233, 81, 82, 178, 191, 164, 56, 23, 215, 64,
       27, 39, 182, 108, 24, 58, 79, 170, 17, 217, 203, 113, 120, 224,
