%YAML:1.0
---
descriptors: !!opencv-matrix
   rows: 205
   cols: 32
   dt: u
   data: [ 120, 185, 254, 120, 186, 201, 81, 119, 179, 21, 164, 56, 55,
       183, 66, 18, 11, 186, 109, 16, 26, 107, 226, 17, 219, 129, 52,
       121, 227, 128, 198, 107, 20, 69, 145, 103, 149, 111, 71, 184, 86,
       160, 235, 2, 83, 113, 25, 112, 49, 220, 8, 122, 105, 176, 57, 62,
       249, 142, 5, 20, 48, 251, 208, 32, 56, 239, 26, 254, 89, 153, 84,
       231, 179, 5, 236, 9, 47, 187, 34, 16, 160, 187, 201, 0, 78, 43,
       146, 63, 243, 197, 20, 59, 98, 16, 174, 138, 240, 169, 223, 114,
       136, 236, 65, 87, 162, 23, 164, 24, 55, 167, 64, 27, 33, 182, 109,
       8, 58, 79, 146, 49, 219, 227, 116, 120, 224, 192, 134, 42, 229,
       184, 53, 81, 169, 237, 81, 139, 235, 249, 164, 24, 150, 215, 72,
       62, 129, 22, 120, 24, 27, 111, 251, 17, 143, 216, 85, 126, 194, 0,
       198, 58, 112, 160, 24, 104, 25, 205, 80, 73, 163, 180, 160, 9,
       147, 211, 72, 16, 216, 156, 72, 16, 10, 99, 210, 17, 219, 209, 1,
       125, 112, 8, 70, 10, 224, 237, 29, 90, 153, 205, 71, 174, 178, 23,
       172, 24, 178, 247, 64, 48, 129, 122, 96, 72, 107, 106, 250, 55,
       237, 158, 20, 59, 64, 81, 198, 170, 253, 113, 253, 101, 168, 78,
       71, 184, 96, 250, 183, 72, 211, 117, 201, 59, 16, 212, 124, 106,
       201, 96, 249, 8, 227, 233, 101, 52, 104, 179, 70, 113, 116, 173,
       249, 114, 154, 233, 85, 207, 162, 183, 172, 56, 23, 231, 72, 26,
       33, 214, 109, 152, 26, 75, 170, 50, 217, 133, 53, 125, 224, 64,
       134, 106, 236, 48, 189, 114, 173, 109, 81, 152, 123, 255, 165, 24,
       222, 95, 73, 59, 145, 208, 253, 58, 35, 100, 251, 18, 207, 219,
       97, 127, 194, 75, 70, 114, 248, 172, 254, 122, 137, 237, 81, 223,
       179, 31, 164, 24, 35, 231, 72, 27, 137, 242, 236, 16, 58, 111,
       250, 49, 219, 203, 117, 121, 227, 192, 198, 106, 248, 184, 255,
       112, 168, 236, 81, 87, 178, 215, 164, 24, 51, 183, 64, 59, 39,
       182, 108, 16, 59, 79, 178, 19, 219, 235, 116, 121, 226, 192, 198,
       123, 228, 180, 156, 218, 204, 237, 65, 143, 222, 59, 160, 24, 182,
       243, 72, 91, 129, 18, 106, 16, 59, 111, 219, 115, 221, 146, 85,
       126, 216, 72, 199, 42, 117, 77, 93, 103, 178, 74, 79, 184, 96,
       160, 171, 8, 215, 115, 9, 115, 50, 212, 124, 106, 105, 161, 121,
       44, 225, 235, 101, 20, 96, 179, 64, 32, 248, 140, 157, 116, 40,
       44, 85, 183, 160, 146, 166, 56, 119, 51, 0, 91, 135, 247, 109, 42,
       104, 69, 195, 32, 211, 235, 112, 24, 96, 240, 199, 43, 208, 184,
       191, 248, 10, 233, 81, 23, 166, 23, 134, 56, 55, 151, 64, 90, 39,
       179, 109, 144, 26, 79, 162, 17, 217, 195, 112, 121, 176, 128, 164,
       106, 77, 181, 159, 183, 160, 46, 125, 23, 56, 251, 79, 85, 223,
       55, 10, 123, 149, 87, 125, 44, 145, 208, 185, 0, 205, 255, 126,
       196, 138, 226, 131, 115, 249, 170, 172, 48, 168, 156, 88, 151,
       163, 89, 164, 25, 63, 255, 66, 59, 135, 179, 253, 28, 190, 79,
       138, 49, 219, 203, 117, 249, 162, 132, 138, 75, 197, 116, 148, 71,
       160, 46, 54, 152, 122, 186, 35, 84, 220, 114, 201, 123, 151, 69,
       108, 250, 177, 212, 217, 66, 172, 186, 103, 6, 136, 115, 131, 5,
       248, 184, 123, 112, 43, 237, 81, 87, 162, 85, 164, 24, 63, 151,
       64, 57, 163, 183, 125, 16, 27, 111, 178, 49, 211, 233, 112, 121,
       226, 128, 134, 123, 89, 24, 159, 252, 43, 76, 85, 55, 168, 219,
       162, 24, 255, 55, 0, 122, 166, 247, 125, 8, 25, 73, 179, 1, 209,
       251, 122, 24, 136, 96, 35, 59, 201, 92, 149, 117, 45, 30, 68, 53,
       233, 178, 166, 88, 255, 51, 1, 255, 128, 100, 104, 106, 105, 229,
       211, 8, 163, 251, 85, 16, 74, 240, 195, 40, 216, 24, 151, 116,
       170, 104, 65, 51, 177, 223, 166, 56, 119, 183, 64, 123, 35, 246,
       108, 24, 57, 79, 179, 0, 217, 227, 116, 24, 162, 224, 38, 123, 80,
       89, 59, 190, 24, 197, 151, 124, 134, 68, 201, 1, 247, 255, 40, 64,
       204, 243, 121, 195, 74, 11, 186, 63, 241, 231, 158, 27, 16, 26,
       165, 122, 108, 237, 177, 99, 137, 79, 87, 172, 122, 183, 172, 8,
       210, 117, 73, 58, 145, 86, 104, 122, 90, 98, 251, 50, 237, 222,
       69, 127, 194, 115, 198, 34, 120, 186, 126, 112, 186, 201, 81, 119,
       163, 21, 164, 57, 55, 151, 66, 18, 11, 178, 237, 16, 26, 111, 162,
       53, 219, 195, 48, 121, 98, 128, 198, 43, 1, 117, 17, 71, 85, 14,
       102, 188, 121, 224, 106, 76, 254, 81, 9, 180, 144, 76, 80, 106,
       193, 240, 217, 46, 37, 188, 5, 6, 74, 51, 67, 171, 29, 213, 57,
       231, 180, 78, 79, 188, 52, 234, 127, 68, 215, 119, 137, 112, 54,
       214, 28, 106, 233, 144, 121, 62, 237, 239, 37, 132, 40, 243, 196,
       49, 117, 85, 125, 103, 176, 78, 71, 184, 96, 232, 191, 76, 215,
       119, 137, 115, 20, 212, 124, 106, 201, 161, 249, 44, 227, 233,
       101, 20, 104, 243, 70, 49, 252, 112, 189, 99, 40, 78, 87, 152,
       114, 250, 167, 24, 215, 87, 73, 59, 145, 212, 124, 122, 9, 102,
       251, 0, 215, 203, 101, 52, 224, 243, 70, 115, 252, 164, 253, 118,
       136, 108, 85, 187, 162, 183, 167, 24, 83, 247, 72, 27, 1, 214,
       236, 42, 56, 71, 251, 33, 219, 235, 117, 61, 226, 240, 198, 98,
       252, 168, 252, 86, 141, 109, 85, 222, 243, 183, 180, 24, 35, 225,
       79, 31, 9, 214, 236, 24, 42, 103, 250, 34, 219, 219, 85, 61, 227,
       249, 198, 34, 232, 232, 189, 254, 141, 221, 85, 167, 203, 23, 164,
       24, 190, 189, 64, 123, 201, 178, 249, 0, 106, 111, 242, 177, 251,
       251, 84, 123, 210, 88, 198, 106, 120, 176, 255, 112, 139, 237, 81,
       87, 227, 31, 164, 24, 63, 183, 64, 59, 163, 183, 253, 16, 58, 111,
       178, 17, 219, 203, 112, 121, 226, 192, 198, 99, 252, 168, 191,
       252, 141, 237, 81, 194, 247, 243, 164, 24, 190, 255, 97, 123, 201,
       247, 249, 16, 58, 111, 242, 176, 219, 251, 213, 123, 194, 105,
       102, 42, 216, 58, 151, 116, 169, 44, 84, 23, 163, 155, 178, 120,
       255, 179, 64, 219, 135, 247, 237, 0, 56, 79, 130, 32, 211, 251,
       117, 58, 226, 240, 131, 43, 216, 132, 94, 180, 136, 106, 76, 39,
       160, 178, 162, 153, 255, 35, 0, 219, 35, 231, 236, 170, 120, 77,
       195, 13, 211, 227, 116, 17, 32, 240, 142, 10, 69, 245, 157, 119,
       137, 79, 23, 188, 122, 242, 39, 8, 222, 112, 73, 51, 145, 86, 104,
       106, 97, 96, 251, 47, 237, 191, 69, 54, 200, 115, 131, 34, 188,
       109, 147, 71, 149, 239, 71, 236, 118, 162, 235, 0, 83, 241, 105,
       112, 17, 124, 8, 106, 105, 240, 25, 62, 233, 158, 5, 20, 200, 123,
       240, 32, 69, 113, 16, 69, 113, 14, 102, 184, 105, 232, 115, 76,
       222, 16, 157, 180, 144, 76, 68, 110, 197, 176, 217, 76, 37, 188,
       37, 4, 74, 179, 75, 133, 112, 184, 253, 112, 168, 233, 81, 87,
       162, 191, 164, 57, 51, 183, 64, 26, 1, 178, 109, 16, 26, 111, 226,
       49, 219, 139, 116, 121, 225, 128, 198, 107, 244, 239, 220, 114,
       154, 201, 85, 255, 162, 181, 165, 184, 55, 231, 74, 26, 35, 146,
       109, 24, 122, 75, 138, 19, 249, 131, 53, 125, 224, 128, 198, 42,
       208, 205, 23, 116, 34, 202, 53, 39, 189, 154, 98, 176, 102, 55,
       160, 87, 34, 117, 108, 66, 96, 221, 1, 109, 177, 162, 118, 131,
       32, 112, 165, 43, 217, 76, 150, 117, 9, 30, 68, 39, 233, 178, 162,
       24, 247, 49, 64, 255, 129, 102, 108, 42, 109, 237, 211, 8, 147,
       251, 85, 18, 74, 112, 202, 10, 216, 152, 151, 252, 43, 108, 81,
       23, 171, 25, 166, 56, 191, 183, 0, 250, 162, 247, 253, 0, 25, 79,
       178, 1, 209, 243, 114, 26, 162, 32, 167, 43, 229, 184, 177, 80,
       169, 237, 80, 135, 235, 241, 162, 24, 150, 147, 68, 63, 129, 22,
       120, 24, 19, 111, 250, 80, 155, 152, 85, 126, 192, 0, 67, 46, 229,
       37, 189, 119, 236, 110, 93, 151, 123, 251, 47, 24, 211, 63, 91,
       59, 133, 214, 125, 30, 248, 88, 249, 34, 239, 219, 117, 52, 192,
       242, 214, 122, 109, 189, 185, 118, 73, 221, 87, 184, 219, 238,
       173, 13, 242, 253, 79, 50, 157, 116, 241, 106, 237, 99, 250, 58,
       75, 223, 69, 61, 88, 107, 70, 242, 216, 190, 190, 248, 170, 236,
       25, 87, 179, 95, 180, 125, 63, 255, 66, 91, 167, 183, 253, 145,
