%YAML:1.0
---
descriptors: !!opencv-matrix
   rows: 304
   cols: 32
   dt: u
   data: [ 120, 184, 254, 112, 136, 232, 81, 119, 179, 21, 164, 56, 55,
       183, 66, 27, 1, 178, 109, 16, 58, 75, 226, 33, 219, 195, 116, 121,
       226, 192, 230, 106, 5, 95, 25, 103, 176, 14, 111, 188, 116, 234,
       94, 100, 213, 114, 153, 112, 55, 76, 52, 110, 225, 208, 125, 46,
       236, 175, 39, 132, 40, 243, 1, 49, 85, 85, 125, 231, 176, 14, 79,
       184, 37, 232, 191, 72, 215, 119, 137, 112, 86, 212, 93, 106, 233,
       129, 121, 46, 227, 237, 37, 148, 32, 243, 192, 113, 248, 180, 188,
       122, 141, 253, 85, 47, 255, 123, 165, 24, 190, 189, 72, 27, 129,
       147, 249, 0, 122, 107, 250, 149, 203, 219, 84, 123, 210, 72, 198,
       106, 120, 184, 253, 114, 168, 253, 81, 223, 226, 255, 164, 24, 59,
       247, 66, 59, 5, 246, 252, 16, 26, 107, 250, 49, 219, 203, 117,
       121, 226, 192, 198, 123, 221, 39, 148, 176, 169, 60, 84, 154, 251,
       187, 171, 92, 207, 226, 75, 251, 135, 199, 108, 20, 188, 67, 203,
       34, 154, 255, 119, 254, 138, 113, 139, 5, 230, 168, 189, 94, 171,
       240, 21, 143, 171, 191, 164, 56, 102, 247, 76, 27, 129, 119, 237,
       16, 50, 79, 170, 113, 155, 242, 93, 255, 128, 112, 135, 123, 93,
       197, 125, 103, 146, 78, 71, 184, 101, 160, 171, 8, 83, 115, 9,
       115, 50, 212, 124, 106, 105, 161, 121, 45, 243, 235, 101, 20, 96,
       243, 192, 32, 212, 38, 149, 114, 168, 45, 65, 138, 187, 191, 163,
       88, 134, 242, 201, 31, 133, 215, 108, 24, 58, 69, 203, 2, 153,
       146, 117, 126, 192, 113, 3, 33, 69, 241, 157, 71, 185, 14, 115,
       184, 122, 248, 43, 76, 222, 113, 73, 50, 147, 84, 104, 122, 195,
       112, 249, 31, 173, 158, 69, 102, 72, 35, 67, 35, 96, 213, 17, 249,
       189, 205, 68, 175, 95, 49, 40, 24, 182, 19, 76, 112, 129, 27, 104,
       0, 107, 40, 211, 183, 175, 222, 20, 126, 16, 88, 196, 42, 224,
       168, 157, 250, 200, 237, 17, 135, 158, 23, 32, 24, 182, 243, 64,
       91, 129, 50, 106, 24, 50, 78, 218, 49, 205, 163, 116, 120, 144,
       72, 135, 170, 116, 69, 93, 103, 20, 79, 71, 184, 118, 160, 171, 8,
       83, 49, 25, 112, 49, 212, 72, 106, 105, 176, 121, 30, 253, 174, 5,
       20, 113, 187, 64, 32, 100, 101, 27, 100, 81, 71, 231, 224, 248,
       128, 235, 8, 80, 247, 41, 48, 248, 253, 82, 235, 73, 227, 184, 76,
       49, 174, 143, 12, 65, 51, 102, 162, 116, 117, 117, 68, 185, 111,
       199, 184, 225, 166, 173, 12, 82, 53, 205, 55, 13, 212, 76, 106,
       233, 99, 249, 14, 185, 154, 69, 62, 99, 251, 198, 113, 244, 188,
       253, 118, 137, 248, 85, 142, 163, 243, 167, 24, 119, 247, 73, 123,
       129, 247, 236, 18, 63, 79, 186, 51, 219, 243, 85, 127, 160, 113,
       134, 122, 69, 113, 17, 101, 21, 14, 103, 56, 120, 232, 107, 76,
       214, 49, 9, 48, 144, 76, 104, 110, 193, 240, 209, 14, 165, 188, 5,
       4, 72, 51, 67, 32, 197, 51, 157, 69, 34, 10, 38, 56, 124, 224, 98,
       100, 212, 50, 136, 115, 22, 85, 106, 106, 225, 208, 229, 76, 164,
       170, 103, 4, 72, 162, 11, 181, 120, 206, 156, 126, 139, 41, 22,
       172, 178, 55, 172, 41, 110, 227, 11, 91, 145, 87, 233, 66, 106,
       65, 138, 51, 243, 231, 85, 63, 114, 115, 143, 10, 109, 101, 115,
       103, 180, 26, 118, 168, 121, 160, 107, 8, 207, 121, 29, 176, 178,
       68, 125, 110, 228, 240, 137, 46, 166, 254, 5, 6, 70, 247, 66, 4,
       92, 16, 188, 228, 44, 12, 89, 24, 175, 184, 183, 8, 223, 215, 73,
       91, 134, 213, 125, 90, 200, 65, 203, 0, 211, 249, 99, 156, 0, 162,
       3, 35, 248, 176, 188, 248, 45, 253, 80, 87, 255, 59, 180, 25, 190,
       159, 64, 59, 137, 179, 253, 16, 58, 111, 242, 145, 219, 219, 80,
       123, 210, 8, 199, 91, 145, 142, 219, 59, 176, 171, 111, 151, 118,
       11, 98, 112, 243, 99, 176, 120, 115, 110, 44, 12, 187, 156, 45,
       63, 232, 174, 55, 64, 184, 208, 224, 40, 197, 142, 199, 27, 192,
       169, 96, 143, 246, 19, 66, 208, 243, 224, 200, 79, 97, 110, 106,
       24, 51, 220, 207, 55, 12, 34, 119, 64, 184, 193, 211, 168, 205,
       112, 149, 101, 33, 14, 119, 156, 105, 250, 38, 76, 222, 49, 73,
       191, 150, 68, 124, 106, 225, 244, 241, 8, 231, 251, 101, 20, 74,
       113, 67, 33, 129, 174, 143, 155, 236, 169, 236, 143, 254, 19, 98,
       208, 181, 226, 240, 75, 99, 98, 106, 28, 51, 124, 207, 115, 140,
       130, 247, 40, 152, 216, 193, 168, 108, 164, 188, 99, 137, 109, 17,
       141, 123, 55, 37, 24, 214, 49, 72, 27, 145, 22, 232, 48, 50, 116,
       251, 19, 207, 211, 85, 119, 210, 74, 135, 34, 84, 174, 188, 114,
       170, 105, 21, 199, 178, 191, 172, 57, 7, 167, 64, 26, 163, 215,
       237, 16, 26, 75, 170, 32, 219, 199, 117, 125, 224, 96, 135, 99,
       77, 245, 185, 103, 209, 78, 55, 136, 123, 234, 111, 8, 222, 115,
       72, 50, 145, 93, 120, 106, 1, 240, 249, 106, 111, 255, 5, 38, 202,
       115, 195, 179, 120, 170, 152, 112, 170, 169, 81, 199, 163, 191,
       172, 185, 47, 231, 66, 26, 167, 179, 237, 16, 26, 75, 130, 49,
       219, 197, 117, 121, 224, 64, 134, 43, 105, 189, 188, 115, 173, 61,
       117, 151, 123, 255, 44, 28, 158, 61, 94, 190, 133, 70, 248, 28,
       183, 120, 251, 163, 239, 223, 85, 118, 194, 212, 202, 126, 240,
       184, 255, 112, 170, 200, 69, 87, 162, 159, 164, 56, 55, 215, 64,
       91, 39, 246, 108, 152, 42, 79, 178, 32, 217, 131, 117, 56, 224,
       128, 230, 107, 240, 34, 251, 112, 34, 75, 65, 83, 224, 182, 164,
       56, 19, 151, 192, 59, 47, 180, 68, 24, 24, 79, 160, 0, 217, 137,
       117, 60, 225, 160, 70, 99, 205, 85, 156, 103, 145, 30, 119, 184,
       121, 170, 103, 68, 222, 115, 9, 115, 149, 85, 124, 106, 225, 212,
       249, 110, 231, 255, 103, 4, 10, 115, 65, 1, 240, 190, 222, 118,
       168, 173, 85, 215, 162, 159, 164, 29, 55, 227, 66, 27, 5, 246,
       109, 24, 58, 79, 218, 33, 219, 203, 117, 121, 224, 208, 198, 43,
       69, 113, 145, 69, 97, 92, 54, 8, 105, 200, 43, 8, 222, 48, 77, 62,
       144, 85, 112, 106, 69, 112, 241, 64, 7, 184, 69, 6, 74, 115, 75,
       167, 77, 85, 16, 71, 49, 22, 118, 56, 109, 168, 111, 68, 222, 51,
       9, 244, 214, 85, 56, 234, 193, 176, 121, 78, 167, 255, 3, 2, 74,
       51, 9, 39, 32, 113, 121, 99, 80, 15, 67, 56, 98, 164, 45, 12, 215,
       19, 9, 48, 24, 156, 64, 106, 72, 50, 121, 29, 231, 157, 1, 52, 64,
       155, 70, 162, 244, 168, 255, 86, 171, 120, 81, 199, 243, 191, 165,
       56, 42, 247, 69, 63, 163, 246, 236, 16, 59, 111, 170, 98, 155,
       219, 85, 59, 226, 224, 206, 47, 124, 182, 246, 114, 171, 249, 81,
       223, 179, 183, 165, 56, 15, 247, 72, 159, 39, 215, 237, 16, 58,
       79, 170, 99, 219, 215, 85, 127, 226, 196, 134, 99, 77, 117, 21,
       71, 113, 94, 102, 184, 105, 232, 106, 72, 222, 113, 13, 181, 144,
       84, 112, 106, 225, 176, 89, 44, 39, 248, 69, 6, 74, 51, 75, 33,
       37, 113, 145, 71, 85, 95, 226, 24, 105, 224, 43, 72, 210, 80, 77,
       180, 144, 92, 82, 106, 1, 176, 121, 8, 37, 156, 5, 54, 74, 123,
       66, 164, 93, 85, 61, 103, 176, 14, 79, 184, 116, 234, 127, 68,
       211, 119, 137, 112, 54, 84, 60, 106, 233, 144, 125, 46, 227, 239,
       37, 132, 40, 243, 64, 49, 120, 181, 188, 114, 141, 253, 81, 59,
       239, 57, 173, 24, 222, 253, 72, 59, 129, 147, 253, 16, 26, 107,
       251, 145, 219, 219, 81, 127, 210, 72, 198, 34, 221, 175, 148, 48,
       169, 60, 84, 159, 251, 187, 170, 92, 143, 162, 65, 219, 135, 199,
       108, 28, 190, 75, 203, 2, 184, 251, 119, 254, 138, 116, 139, 5,
       108, 173, 182, 248, 157, 237, 86, 226, 223, 131, 172, 8, 190, 249,
       101, 16, 201, 250, 251, 18, 56, 107, 210, 254, 251, 223, 151, 123,
       210, 121, 246, 138, 5, 181, 188, 71, 176, 14, 55, 184, 126, 226,
       111, 116, 223, 115, 138, 112, 23, 94, 124, 58, 177, 240, 253, 110,
       110, 191, 39, 68, 200, 243, 139, 177, 100, 188, 157, 242, 168,
       237, 69, 207, 218, 59, 160, 24, 150, 241, 72, 59, 129, 211, 110,
       16, 59, 111, 218, 115, 153, 150, 85, 126, 216, 88, 199, 42, 205,
       245, 252, 103, 182, 15, 119, 188, 120, 226, 111, 44, 247, 121,
