%YAML:1.0
---
descriptors: !!opencv-matrix
   rows: 143
   cols: 32
   dt: u
   data: [ 92, 48, 149, 244, 169, 108, 85, 23, 235, 187, 162, 8, 254,
       179, 65, 122, 129, 118, 124, 24, 9, 65, 243, 0, 209, 251, 85, 56,
       138, 112, 3, 42, 88, 144, 159, 252, 41, 76, 85, 51, 170, 91, 130,
       24, 255, 183, 0, 122, 128, 247, 125, 0, 25, 75, 147, 1, 209, 227,
       126, 26, 168, 96, 135, 59, 112, 160, 24, 104, 25, 205, 80, 73,
       163, 176, 160, 9, 19, 147, 64, 16, 216, 156, 104, 16, 10, 99, 211,
       17, 219, 193, 1, 61, 112, 8, 70, 2, 224, 173, 157, 122, 153, 237,
       85, 175, 250, 19, 172, 24, 182, 247, 64, 49, 129, 122, 104, 16,
       59, 104, 251, 55, 237, 159, 20, 123, 208, 64, 198, 42, 208, 184,
       191, 248, 10, 200, 17, 19, 166, 23, 132, 24, 183, 151, 64, 91, 35,
       183, 109, 16, 10, 79, 178, 49, 217, 225, 112, 121, 176, 128, 6,
       122, 69, 113, 145, 71, 83, 78, 102, 184, 105, 192, 107, 72, 222,
       83, 77, 182, 146, 92, 80, 106, 65, 240, 249, 110, 39, 188, 5, 6,
       74, 51, 67, 176, 252, 188, 252, 122, 137, 237, 85, 255, 179, 159,
       164, 25, 55, 247, 74, 27, 137, 242, 237, 16, 58, 111, 250, 51,
       219, 195, 117, 121, 226, 208, 198, 106, 69, 113, 17, 69, 113, 14,
       102, 184, 104, 232, 35, 76, 214, 81, 9, 54, 144, 68, 64, 106, 193,
       240, 217, 12, 37, 184, 5, 4, 72, 51, 67, 34, 149, 156, 57, 235,
       180, 47, 111, 185, 52, 170, 91, 116, 215, 119, 137, 96, 55, 95,
       29, 58, 185, 176, 121, 63, 237, 239, 39, 196, 168, 243, 129, 49,
       69, 245, 157, 119, 153, 79, 119, 168, 122, 242, 43, 8, 214, 113,
       9, 51, 145, 84, 104, 106, 97, 224, 251, 47, 237, 190, 69, 54, 72,
       115, 67, 34, 200, 140, 157, 255, 136, 237, 21, 167, 150, 23, 96,
       24, 183, 243, 0, 91, 129, 122, 105, 8, 50, 76, 218, 53, 205, 163,
       117, 120, 144, 72, 135, 170, 73, 21, 191, 231, 176, 110, 125, 55,
       57, 235, 79, 84, 223, 55, 138, 123, 151, 86, 125, 46, 177, 208,
       185, 14, 239, 255, 118, 132, 138, 224, 129, 113, 240, 168, 223,
       114, 138, 232, 81, 215, 178, 23, 164, 24, 55, 247, 64, 27, 35,
       182, 109, 24, 58, 79, 138, 49, 217, 227, 116, 120, 224, 192, 198,
       42, 116, 161, 120, 98, 216, 109, 81, 88, 34, 61, 165, 25, 19, 87,
       74, 24, 25, 152, 69, 56, 26, 98, 248, 20, 219, 137, 33, 125, 224,
       131, 198, 162, 109, 101, 20, 71, 181, 15, 102, 168, 121, 170, 107,
       8, 211, 97, 25, 180, 144, 68, 104, 110, 96, 240, 201, 46, 175,
       190, 69, 20, 66, 251, 82, 0, 244, 32, 189, 112, 136, 105, 81, 23,
       162, 183, 164, 24, 23, 151, 64, 59, 129, 150, 108, 16, 58, 111,
       162, 0, 219, 193, 117, 125, 224, 64, 134, 98, 109, 189, 189, 110,
       205, 95, 87, 184, 211, 254, 173, 12, 210, 253, 79, 51, 217, 214,
       236, 122, 237, 98, 250, 50, 111, 219, 69, 63, 218, 251, 78, 115,
       248, 188, 255, 112, 153, 253, 17, 215, 243, 95, 164, 57, 54, 181,
       66, 59, 129, 186, 237, 16, 58, 111, 178, 51, 219, 203, 116, 123,
       226, 64, 198, 123, 208, 144, 159, 118, 170, 104, 81, 55, 162, 155,
       166, 56, 247, 55, 0, 123, 39, 246, 108, 8, 57, 77, 179, 32, 217,
       227, 116, 24, 160, 224, 166, 43, 21, 92, 27, 103, 48, 78, 111,
       184, 116, 232, 123, 68, 215, 119, 137, 112, 54, 84, 28, 110, 169,
       144, 121, 46, 229, 175, 37, 128, 40, 179, 1, 49, 252, 112, 189,
       114, 40, 109, 81, 152, 234, 251, 165, 24, 215, 213, 73, 59, 129,
       212, 124, 122, 43, 103, 251, 0, 219, 203, 97, 124, 192, 241, 70,
       114, 120, 180, 188, 250, 189, 237, 81, 15, 207, 125, 173, 24, 191,
       253, 74, 58, 137, 146, 253, 16, 26, 107, 250, 145, 219, 223, 80,
       123, 210, 72, 198, 106, 120, 169, 189, 248, 141, 205, 85, 239,
       219, 23, 164, 24, 190, 189, 64, 19, 201, 178, 249, 16, 58, 107,
       242, 177, 219, 251, 84, 123, 210, 8, 198, 74, 224, 180, 157, 216,
       200, 237, 5, 207, 222, 59, 160, 24, 182, 243, 72, 27, 129, 18,
       106, 16, 51, 111, 218, 115, 221, 134, 117, 124, 216, 72, 131, 42,
       85, 205, 95, 103, 148, 78, 103, 184, 100, 160, 235, 64, 83, 115,
       9, 112, 48, 196, 108, 106, 105, 176, 121, 46, 249, 239, 37, 84,
       97, 179, 192, 32, 69, 99, 16, 5, 116, 31, 102, 184, 105, 168, 122,
       76, 214, 64, 157, 180, 148, 68, 68, 110, 193, 176, 217, 12, 36,
       188, 37, 4, 72, 179, 66, 133, 120, 172, 252, 122, 169, 237, 85,
       255, 179, 159, 164, 25, 51, 247, 64, 27, 137, 242, 237, 16, 58,
       111, 250, 51, 219, 199, 117, 125, 227, 224, 198, 42, 108, 116,
       211, 70, 67, 79, 103, 216, 51, 162, 107, 72, 94, 119, 73, 52, 51,
       220, 50, 106, 65, 22, 185, 74, 117, 190, 5, 36, 98, 243, 70, 176,
       81, 88, 151, 116, 137, 108, 68, 39, 235, 178, 162, 24, 246, 179,
       65, 255, 161, 116, 104, 10, 73, 101, 147, 0, 147, 250, 85, 26, 74,
       112, 195, 42, 88, 152, 147, 252, 43, 76, 81, 39, 171, 27, 166, 24,
       191, 183, 64, 122, 163, 247, 125, 8, 25, 75, 178, 1, 217, 243,
       116, 26, 162, 96, 135, 43, 229, 184, 145, 80, 233, 205, 65, 131,
       235, 249, 160, 24, 150, 151, 68, 58, 129, 22, 120, 24, 19, 111,
       250, 80, 157, 152, 21, 126, 192, 0, 194, 42, 248, 184, 55, 240,
       11, 233, 81, 71, 163, 31, 164, 25, 63, 151, 64, 27, 171, 179, 213,
       16, 59, 111, 178, 177, 211, 209, 80, 123, 227, 0, 134, 123, 205,
       188, 189, 127, 169, 76, 119, 184, 63, 95, 39, 28, 254, 119, 74,
       123, 149, 87, 124, 74, 243, 68, 187, 55, 207, 251, 117, 94, 74, 1,
       135, 115, 36, 32, 249, 67, 248, 111, 67, 152, 34, 188, 173, 8, 83,
       23, 201, 28, 25, 156, 68, 122, 24, 114, 233, 16, 77, 136, 37, 116,
       194, 243, 70, 224, 248, 188, 255, 122, 203, 237, 17, 215, 179, 95,
       180, 189, 62, 189, 66, 27, 167, 187, 245, 16, 58, 79, 178, 51,
       219, 195, 116, 251, 226, 64, 134, 123, 236, 109, 57, 103, 29, 79,
       71, 168, 113, 162, 239, 8, 210, 113, 9, 49, 216, 212, 120, 106,
       105, 246, 249, 46, 231, 219, 5, 52, 66, 123, 86, 34, 69, 117, 157,
       99, 180, 47, 103, 152, 122, 250, 43, 76, 214, 113, 89, 58, 145,
       68, 120, 122, 241, 240, 249, 42, 237, 158, 101, 116, 200, 123,
       195, 34, 240, 50, 255, 112, 42, 233, 81, 82, 226, 191, 164, 56,
       19, 151, 64, 59, 39, 214, 108, 24, 58, 79, 162, 0, 219, 139, 117,
       120, 224, 192, 70, 35, 108, 244, 145, 99, 185, 79, 87, 140, 123,
       186, 45, 8, 222, 117, 73, 190, 145, 84, 104, 122, 33, 112, 249,
       34, 239, 223, 69, 118, 194, 115, 198, 35, 77, 85, 149, 71, 160,
       14, 102, 184, 120, 170, 107, 76, 214, 48, 141, 247, 148, 68, 108,
       110, 225, 240, 217, 12, 164, 190, 101, 4, 72, 243, 67, 37, 77, 87,
       85, 101, 48, 14, 103, 184, 116, 232, 127, 100, 215, 113, 137, 244,
       20, 68, 124, 110, 233, 176, 125, 14, 164, 238, 33, 132, 106, 179,
       66, 49, 93, 85, 125, 101, 48, 78, 79, 184, 100, 232, 126, 68, 211,
       119, 137, 112, 22, 84, 124, 106, 169, 144, 121, 14, 227, 239, 33,
       4, 104, 179, 66, 113, 85, 85, 125, 103, 48, 78, 87, 184, 96, 232,
       191, 64, 87, 119, 137, 115, 20, 212, 124, 106, 233, 161, 121, 46,
       227, 239, 101, 20, 104, 243, 70, 113, 245, 113, 253, 100, 40, 78,
       87, 56, 97, 234, 183, 8, 83, 119, 201, 51, 22, 212, 124, 106, 201,
       227, 249, 8, 243, 233, 101, 52, 104, 243, 70, 115, 124, 48, 185,
       98, 172, 109, 81, 152, 114, 255, 165, 24, 215, 223, 73, 58, 145,
       212, 125, 90, 11, 103, 250, 16, 219, 201, 117, 125, 224, 123, 70,
       114, 124, 180, 189, 114, 189, 109, 81, 27, 239, 57, 173, 24, 159,
       253, 72, 58, 129, 146, 237, 16, 26, 99, 251, 17, 219, 221, 17,
       125, 240, 74, 198, 34, 120, 177, 247, 112, 169, 236, 81, 85, 163,
       189, 164, 9, 31, 191, 64, 27, 168, 151, 237, 16, 26, 107, 146,
       128, 219, 243, 84, 123, 227, 192, 134, 59, 64, 188, 157, 89, 200,
       237, 37, 223, 254, 59, 168, 88, 150, 179, 64, 59, 1, 18, 106, 24,
       51, 107, 218, 49, 205, 134, 117, 124, 216, 72, 131, 186, 84, 101,
       90, 165, 87, 75, 230, 104, 104, 164, 107, 8, 199, 72, 9, 144, 58,
