%YAML:1.0
---
descriptors: !!opencv-matrix
   rows: 295
   cols: 32
   dt: u
   data: [ 13, 117, 49, 71, 113, 78, 102, 60, 121, 200, 111, 72, 222,
       117, 13, 180, 144, 92, 80, 106, 225, 176, 249, 46, 39, 190, 5, 2,
       74, 51, 67, 179, 221, 38, 156, 176, 168, 56, 76, 139, 251, 187,
       163, 89, 207, 34, 203, 219, 167, 71, 108, 30, 188, 69, 207, 0,
       152, 243, 119, 245, 136, 241, 139, 4, 36, 225, 57, 75, 89, 77, 71,
       168, 74, 53, 45, 8, 210, 85, 72, 48, 145, 88, 64, 106, 75, 96,
       251, 21, 109, 156, 1, 124, 80, 27, 198, 162, 248, 184, 253, 112,
       168, 252, 81, 215, 226, 255, 164, 24, 19, 183, 64, 59, 5, 214,
       108, 24, 59, 79, 242, 0, 219, 235, 117, 121, 224, 192, 198, 123,
       117, 215, 93, 103, 180, 14, 71, 184, 96, 232, 191, 76, 211, 113,
       153, 114, 20, 196, 124, 110, 233, 176, 253, 46, 224, 175, 101,
       148, 104, 243, 210, 49, 117, 197, 93, 103, 146, 78, 71, 185, 100,
       160, 171, 72, 215, 115, 8, 115, 50, 212, 108, 106, 105, 161, 121,
       44, 241, 235, 101, 20, 97, 243, 194, 32, 252, 188, 253, 118, 136,
       110, 71, 187, 179, 190, 165, 24, 83, 119, 73, 59, 1, 214, 108, 42,
       120, 103, 251, 42, 249, 203, 117, 60, 227, 241, 198, 98, 252, 92,
       189, 116, 168, 44, 85, 190, 160, 186, 182, 120, 87, 119, 1, 91,
       135, 247, 109, 34, 104, 71, 203, 32, 211, 235, 117, 152, 96, 241,
       134, 43, 253, 113, 253, 103, 40, 78, 87, 152, 97, 250, 183, 72,
       219, 85, 201, 59, 22, 212, 124, 106, 233, 116, 249, 8, 227, 217,
       101, 52, 106, 243, 70, 113, 108, 160, 188, 115, 205, 125, 209,
       139, 83, 63, 165, 24, 202, 125, 94, 59, 153, 18, 235, 16, 58, 110,
       251, 145, 207, 219, 81, 127, 210, 76, 214, 226, 93, 221, 61, 110,
       176, 78, 79, 188, 36, 232, 191, 72, 247, 119, 137, 113, 22, 214,
       92, 106, 233, 129, 121, 63, 241, 237, 37, 148, 40, 243, 192, 49,
       108, 52, 189, 99, 169, 109, 83, 152, 107, 255, 165, 24, 222, 29,
       73, 59, 145, 84, 124, 58, 51, 100, 251, 16, 207, 219, 65, 124,
       194, 123, 71, 115, 92, 157, 29, 231, 176, 14, 79, 188, 36, 232,
       191, 64, 215, 119, 136, 112, 22, 214, 125, 106, 249, 129, 105, 63,
       233, 239, 37, 212, 32, 243, 192, 113, 252, 112, 189, 98, 40, 78,
       83, 152, 115, 250, 167, 24, 215, 85, 73, 59, 149, 212, 108, 122,
       41, 103, 249, 32, 215, 219, 101, 52, 192, 243, 70, 115, 236, 176,
       189, 115, 173, 109, 81, 153, 127, 63, 37, 24, 222, 125, 72, 59,
       153, 26, 252, 58, 58, 100, 251, 16, 207, 219, 81, 127, 210, 73,
       198, 114, 192, 156, 155, 254, 152, 172, 21, 175, 150, 135, 224,
       16, 247, 243, 32, 89, 209, 122, 40, 16, 58, 207, 218, 43, 233,
       167, 117, 56, 144, 120, 134, 170, 101, 109, 59, 94, 93, 196, 199,
       224, 249, 128, 232, 8, 114, 253, 37, 48, 200, 251, 88, 203, 73,
       107, 154, 111, 185, 190, 135, 58, 65, 115, 98, 34, 232, 180, 188,
       251, 189, 253, 81, 47, 255, 63, 165, 24, 190, 189, 74, 59, 137,
       18, 232, 16, 58, 110, 250, 151, 207, 219, 84, 127, 210, 72, 198,
       106, 220, 54, 127, 114, 160, 120, 21, 179, 248, 191, 183, 56, 223,
       117, 200, 59, 131, 118, 236, 50, 48, 109, 170, 38, 203, 211, 117,
       247, 194, 225, 134, 99, 69, 39, 148, 103, 160, 46, 110, 152, 122,
       187, 59, 84, 222, 98, 201, 250, 151, 69, 108, 126, 148, 208, 201,
       98, 172, 254, 103, 196, 136, 243, 203, 5, 252, 102, 252, 100, 141,
       75, 87, 136, 66, 182, 164, 40, 83, 33, 73, 27, 25, 212, 232, 98,
       104, 102, 233, 10, 251, 195, 69, 53, 99, 251, 70, 34, 69, 241,
       149, 87, 137, 78, 55, 184, 122, 251, 35, 8, 246, 113, 73, 50, 145,
       86, 104, 122, 67, 112, 219, 49, 45, 190, 69, 70, 200, 115, 67, 34,
       92, 16, 188, 247, 44, 44, 121, 24, 175, 186, 183, 40, 223, 255,
       73, 123, 231, 213, 125, 58, 168, 65, 251, 128, 203, 251, 119, 180,
       162, 225, 3, 115, 232, 188, 180, 248, 173, 253, 80, 223, 255, 123,
       180, 24, 191, 253, 70, 59, 205, 179, 255, 24, 190, 111, 242, 147,
       219, 219, 84, 123, 210, 204, 198, 91, 145, 172, 198, 191, 150,
       170, 100, 175, 118, 131, 74, 210, 243, 227, 32, 192, 113, 110, 34,
       156, 50, 220, 205, 55, 172, 166, 87, 64, 160, 208, 225, 136, 234,
       188, 180, 252, 173, 173, 92, 255, 191, 251, 184, 25, 235, 253, 84,
       91, 205, 247, 255, 149, 186, 111, 219, 243, 155, 218, 215, 122,
       210, 76, 242, 75, 214, 188, 246, 255, 237, 47, 252, 238, 191, 187,
       242, 154, 237, 254, 21, 91, 255, 255, 255, 145, 162, 127, 203,
       255, 191, 254, 223, 238, 149, 248, 227, 153, 109, 206, 77, 103,
       180, 42, 79, 184, 112, 234, 187, 236, 211, 97, 153, 51, 17, 198,
       108, 110, 185, 240, 77, 46, 236, 175, 101, 148, 237, 251, 82, 32,
       205, 52, 157, 101, 129, 126, 113, 23, 57, 243, 39, 28, 158, 55,
       65, 122, 133, 87, 120, 24, 49, 220, 241, 66, 207, 255, 85, 70,
       138, 96, 131, 50, 252, 170, 250, 114, 138, 233, 81, 199, 162, 181,
       164, 185, 39, 199, 66, 26, 39, 247, 237, 16, 26, 79, 170, 34, 217,
       193, 117, 121, 224, 128, 134, 107, 173, 229, 49, 67, 221, 95, 214,
       172, 95, 248, 45, 8, 214, 120, 77, 164, 145, 92, 66, 106, 101,
       112, 121, 63, 47, 222, 5, 55, 82, 59, 214, 38, 240, 170, 220, 114,
       168, 173, 81, 223, 178, 191, 164, 29, 55, 243, 66, 27, 1, 246,
       109, 28, 58, 79, 218, 33, 219, 203, 117, 121, 224, 192, 198, 10,
       13, 117, 153, 71, 241, 127, 119, 168, 123, 234, 111, 8, 222, 112,
       13, 176, 145, 92, 64, 122, 49, 240, 217, 14, 111, 223, 5, 6, 202,
       115, 75, 183, 13, 117, 17, 69, 117, 78, 102, 184, 121, 232, 106,
       76, 222, 113, 13, 180, 144, 92, 80, 106, 193, 176, 89, 78, 39,
       254, 5, 2, 74, 51, 75, 176, 37, 117, 17, 71, 85, 79, 102, 56, 106,
       232, 43, 72, 214, 80, 77, 180, 144, 92, 82, 106, 193, 240, 121,
       28, 45, 156, 5, 54, 72, 59, 66, 182, 85, 93, 27, 103, 176, 14,
       111, 188, 116, 202, 127, 100, 247, 119, 137, 112, 54, 92, 60, 110,
       233, 144, 121, 46, 229, 239, 39, 128, 104, 243, 33, 49, 208, 188,
       159, 242, 168, 237, 5, 191, 186, 187, 130, 120, 247, 247, 72, 91,
       7, 119, 125, 24, 51, 77, 251, 51, 249, 162, 127, 252, 128, 80,
       135, 57, 100, 188, 157, 250, 232, 237, 21, 143, 170, 59, 160, 24,
       182, 243, 72, 123, 129, 82, 106, 16, 51, 107, 218, 49, 221, 130,
       117, 124, 216, 72, 135, 58, 252, 100, 252, 118, 141, 109, 87, 158,
       243, 183, 165, 24, 99, 225, 77, 31, 9, 214, 236, 26, 56, 103, 251,
       34, 251, 219, 85, 61, 227, 249, 198, 34, 248, 26, 157, 116, 168,
       44, 85, 182, 162, 190, 178, 120, 255, 247, 65, 91, 135, 247, 237,
       2, 104, 79, 194, 32, 211, 227, 117, 152, 224, 112, 7, 43, 3, 176,
       186, 30, 98, 164, 185, 71, 248, 71, 113, 183, 60, 252, 126, 56,
       183, 123, 51, 5, 150, 251, 182, 99, 84, 62, 90, 139, 205, 68, 171,
       223, 93, 85, 125, 103, 176, 78, 79, 184, 96, 232, 255, 64, 115,
       119, 137, 114, 22, 212, 124, 106, 233, 128, 121, 46, 227, 239, 37,
       148, 104, 243, 64, 49, 253, 113, 253, 103, 32, 78, 87, 184, 97,
       234, 167, 72, 223, 117, 201, 59, 20, 212, 124, 106, 201, 240, 249,
       8, 243, 249, 101, 52, 104, 243, 66, 113, 93, 213, 61, 102, 176,
       78, 79, 188, 32, 232, 191, 76, 247, 119, 137, 115, 20, 212, 124,
       106, 201, 129, 121, 44, 241, 235, 101, 148, 104, 243, 198, 49,
       236, 112, 189, 99, 173, 109, 83, 152, 75, 255, 181, 24, 223, 85,
       73, 59, 153, 84, 124, 58, 59, 102, 249, 16, 207, 219, 65, 127,
       194, 123, 70, 115, 216, 78, 151, 180, 168, 8, 76, 167, 160, 182,
       162, 152, 239, 99, 1, 219, 163, 231, 108, 42, 104, 69, 203, 40,
       208, 227, 119, 25, 32, 240, 131, 8, 253, 112, 189, 102, 40, 78,
       87, 152, 225, 250, 183, 8, 215, 87, 73, 59, 148, 212, 124, 122,
       233, 103, 249, 0, 211, 219, 101, 52, 224, 243, 70, 51, 85, 213,
       25, 231, 180, 46, 79, 188, 52, 170, 255, 96, 215, 119, 137, 112,
       87, 222, 93, 122, 185, 144, 105, 46, 233, 239, 39, 148, 160, 243,
