%YAML:1.0
---
descriptors: !!opencv-matrix
   rows: 276
   cols: 32
   dt: u
   data: [ 240, 168, 60, 120, 168, 233, 81, 215, 178, 55, 164, 24, 55,
       147, 64, 25, 201, 182, 101, 16, 58, 111, 194, 49, 211, 163, 113,
       121, 224, 192, 214, 42, 120, 168, 251, 122, 138, 233, 85, 215,
       162, 23, 164, 24, 51, 231, 64, 26, 1, 178, 109, 24, 26, 75, 162,
       49, 219, 225, 116, 120, 224, 192, 166, 42, 200, 180, 157, 113,
       137, 236, 113, 23, 186, 59, 38, 24, 182, 151, 64, 123, 129, 22,
       120, 24, 51, 76, 243, 1, 205, 187, 80, 112, 200, 64, 135, 58, 253,
       116, 156, 119, 168, 46, 85, 184, 176, 242, 167, 29, 215, 119, 75,
       27, 133, 197, 109, 46, 40, 229, 219, 8, 195, 251, 117, 20, 192,
       241, 66, 115, 244, 108, 140, 246, 140, 46, 71, 136, 162, 182, 163,
       25, 211, 97, 73, 27, 17, 212, 105, 114, 104, 199, 219, 40, 249,
       226, 197, 53, 160, 123, 86, 2, 85, 53, 189, 101, 168, 46, 85, 59,
       104, 230, 174, 12, 215, 51, 67, 18, 183, 68, 108, 46, 72, 113,
       249, 10, 235, 239, 101, 20, 224, 242, 195, 99, 116, 44, 172, 182,
       156, 108, 73, 158, 178, 251, 134, 25, 215, 245, 91, 59, 129, 230,
       125, 25, 56, 75, 251, 34, 249, 199, 245, 117, 160, 121, 214, 98,
       65, 136, 188, 90, 137, 189, 17, 143, 207, 19, 164, 24, 166, 240,
       70, 127, 133, 35, 120, 28, 182, 109, 251, 49, 139, 250, 84, 122,
       208, 72, 129, 110, 246, 117, 45, 166, 24, 79, 71, 232, 49, 230,
       235, 141, 83, 111, 11, 17, 220, 213, 105, 231, 104, 179, 217, 46,
       241, 194, 197, 52, 65, 123, 102, 114, 36, 199, 189, 73, 152, 79,
       71, 152, 86, 36, 239, 76, 211, 101, 137, 80, 85, 92, 12, 106, 233,
       176, 105, 31, 229, 158, 37, 20, 80, 251, 68, 96, 108, 32, 189,
       119, 37, 75, 83, 136, 114, 189, 38, 8, 242, 113, 73, 59, 145, 92,
       108, 90, 10, 240, 233, 40, 207, 223, 117, 17, 194, 121, 70, 34,
       100, 113, 41, 234, 56, 69, 83, 56, 130, 200, 253, 8, 247, 223, 9,
       48, 216, 24, 95, 98, 75, 3, 250, 29, 227, 217, 171, 189, 16, 3,
       118, 115, 69, 196, 149, 229, 160, 14, 111, 184, 36, 186, 162, 64,
       215, 51, 137, 123, 87, 84, 125, 108, 49, 208, 217, 12, 237, 170,
       103, 212, 168, 163, 1, 33, 213, 52, 191, 101, 160, 110, 93, 49,
       232, 254, 167, 29, 223, 63, 83, 123, 167, 213, 125, 62, 169, 197,
       185, 0, 219, 235, 101, 148, 200, 240, 7, 115, 124, 98, 200, 39,
       128, 42, 103, 8, 35, 166, 167, 137, 87, 99, 75, 90, 51, 204, 109,
       126, 8, 210, 201, 8, 214, 225, 69, 21, 224, 243, 78, 2, 120, 41,
       156, 50, 137, 205, 81, 77, 198, 61, 164, 9, 51, 147, 66, 27, 136,
       178, 204, 192, 30, 107, 202, 49, 219, 193, 113, 61, 112, 72, 198,
       74, 108, 112, 189, 99, 40, 111, 83, 152, 98, 190, 47, 8, 215, 119,
       73, 58, 149, 84, 108, 122, 9, 116, 249, 0, 207, 223, 101, 52, 192,
       243, 70, 51, 100, 116, 185, 101, 37, 111, 115, 152, 106, 234, 47,
       8, 214, 85, 73, 58, 145, 84, 88, 122, 1, 244, 249, 10, 205, 221,
       5, 52, 192, 123, 70, 114, 197, 113, 61, 103, 36, 78, 103, 184,
       120, 234, 119, 72, 214, 117, 9, 51, 148, 84, 116, 106, 225, 240,
       249, 8, 231, 249, 101, 4, 72, 51, 71, 113, 92, 177, 184, 34, 137,
       76, 23, 141, 162, 125, 140, 9, 151, 223, 74, 82, 129, 215, 253,
       81, 94, 75, 250, 49, 251, 225, 37, 125, 160, 82, 135, 82, 189,
       125, 107, 71, 116, 159, 79, 240, 117, 232, 118, 76, 115, 80, 149,
       49, 28, 236, 20, 110, 237, 182, 125, 63, 115, 201, 33, 16, 107,
       187, 82, 189, 56, 166, 74, 185, 245, 152, 112, 71, 57, 5, 224, 17,
       175, 11, 50, 144, 203, 171, 135, 145, 62, 186, 64, 159, 254, 215,
       154, 65, 212, 12, 255, 202, 84, 197, 93, 111, 176, 11, 71, 184,
       100, 160, 171, 8, 215, 115, 9, 112, 18, 212, 76, 106, 72, 176, 89,
       61, 233, 175, 37, 20, 112, 187, 68, 32, 192, 172, 157, 251, 232,
       237, 53, 143, 190, 23, 32, 24, 182, 179, 64, 91, 129, 114, 106,
       24, 50, 76, 219, 51, 205, 163, 116, 120, 144, 80, 135, 170, 241,
       108, 181, 86, 141, 93, 69, 167, 251, 178, 162, 24, 242, 245, 69,
       191, 129, 246, 104, 10, 105, 111, 251, 50, 187, 250, 85, 58, 194,
       120, 198, 46, 252, 185, 169, 114, 189, 205, 81, 221, 195, 253,
       165, 9, 183, 221, 74, 50, 136, 210, 253, 81, 26, 107, 250, 49,
       251, 209, 37, 127, 192, 10, 214, 123, 101, 180, 149, 83, 140, 45,
       69, 173, 123, 59, 169, 88, 214, 240, 76, 59, 145, 90, 108, 24, 59,
       98, 219, 51, 141, 158, 85, 126, 208, 74, 194, 32, 124, 34, 248,
       112, 168, 105, 81, 154, 227, 191, 180, 56, 23, 181, 65, 26, 129,
       214, 109, 24, 26, 99, 234, 16, 219, 201, 117, 125, 224, 201, 70,
       35, 220, 109, 253, 228, 10, 74, 95, 168, 166, 182, 166, 137, 215,
       103, 65, 83, 39, 213, 109, 226, 104, 67, 251, 12, 249, 227, 101,
       21, 32, 176, 6, 98, 120, 176, 59, 112, 89, 237, 81, 87, 227, 29,
       172, 24, 50, 149, 68, 48, 137, 186, 64, 24, 26, 107, 178, 21, 91,
       221, 16, 121, 194, 136, 198, 234, 244, 100, 157, 116, 137, 46, 69,
       138, 186, 178, 163, 25, 215, 115, 73, 27, 129, 213, 121, 46, 40,
       69, 219, 2, 209, 235, 85, 60, 192, 113, 66, 34, 116, 41, 184, 101,
       168, 15, 71, 63, 98, 160, 174, 8, 215, 51, 65, 18, 16, 196, 108,
       108, 88, 120, 209, 8, 237, 237, 101, 52, 224, 242, 194, 42, 124,
       164, 125, 99, 56, 75, 67, 152, 114, 180, 165, 8, 211, 117, 73, 50,
       25, 212, 76, 122, 42, 96, 233, 20, 221, 207, 37, 116, 240, 171,
       70, 35, 60, 32, 184, 168, 205, 237, 81, 67, 131, 53, 229, 27, 7,
       137, 98, 24, 233, 137, 195, 17, 30, 50, 210, 16, 223, 193, 16,
       125, 241, 72, 110, 194, 252, 116, 253, 118, 8, 108, 85, 152, 243,
       178, 167, 24, 83, 247, 73, 59, 1, 212, 108, 10, 41, 71, 251, 34,
       211, 235, 117, 60, 224, 241, 70, 34, 69, 245, 21, 7, 178, 14, 167,
       184, 124, 226, 107, 76, 220, 114, 137, 180, 54, 77, 74, 110, 225,
       240, 253, 110, 172, 62, 15, 4, 72, 243, 131, 21, 117, 13, 27, 101,
       148, 46, 71, 187, 116, 162, 234, 64, 83, 113, 49, 112, 80, 238, 8,
       106, 105, 177, 89, 14, 241, 175, 37, 20, 105, 250, 240, 32, 224,
       141, 157, 254, 201, 237, 21, 167, 154, 19, 40, 24, 182, 247, 64,
       91, 129, 51, 106, 16, 50, 75, 218, 51, 237, 182, 84, 123, 144, 72,
       135, 42, 3, 118, 234, 20, 242, 240, 188, 71, 184, 199, 120, 167,
       44, 254, 239, 48, 190, 123, 146, 149, 135, 155, 182, 106, 50, 52,
       30, 139, 205, 86, 175, 223, 245, 237, 157, 50, 184, 237, 87, 252,
       187, 254, 165, 25, 119, 247, 75, 27, 161, 230, 125, 78, 107, 103,
       186, 59, 249, 219, 101, 120, 224, 243, 198, 114, 192, 172, 157,
       251, 136, 237, 21, 175, 174, 23, 32, 24, 182, 243, 64, 91, 129,
       123, 104, 16, 50, 77, 218, 51, 205, 131, 118, 120, 144, 64, 135,
       170, 244, 65, 92, 102, 40, 10, 71, 184, 224, 176, 167, 8, 215, 99,
       137, 83, 18, 212, 108, 106, 104, 97, 201, 44, 240, 171, 101, 20,
       96, 179, 66, 32, 208, 142, 157, 247, 172, 47, 69, 191, 244, 190,
       178, 88, 247, 99, 128, 11, 7, 118, 108, 42, 120, 237, 203, 42,
       201, 130, 117, 16, 96, 248, 133, 41, 244, 189, 188, 246, 172, 108,
       87, 158, 178, 187, 142, 24, 215, 241, 73, 27, 129, 246, 125, 90,
       58, 77, 219, 34, 249, 131, 117, 125, 168, 249, 214, 34, 100, 103,
       17, 103, 48, 78, 102, 184, 121, 168, 250, 72, 214, 101, 13, 48,
       152, 213, 108, 98, 73, 240, 201, 110, 165, 180, 5, 16, 72, 179,
       70, 49, 201, 184, 157, 113, 137, 236, 113, 23, 250, 59, 38, 24,
       158, 179, 64, 59, 129, 54, 120, 24, 51, 108, 242, 17, 207, 251,
       80, 120, 202, 64, 139, 42, 225, 185, 189, 118, 141, 253, 84, 135,
       251, 243, 160, 24, 50, 184, 68, 187, 129, 246, 104, 0, 127, 111,
       242, 35, 155, 219, 85, 58, 192, 88, 198, 42, 208, 48, 29, 112, 9,
       236, 81, 19, 162, 151, 164, 24, 150, 151, 64, 59, 129, 150, 105,
       24, 59, 79, 242, 0, 209, 162, 80, 120, 224, 0, 6, 122, 240, 168,
       185, 120, 136, 233, 81, 215, 50, 39, 164, 24, 55, 183, 66, 24, 25,
