%YAML:1.0
---
descriptors: !!opencv-matrix
   rows: 122
   cols: 32
   dt: u
   data: [ 218, 124, 190, 254, 171, 244, 23, 214, 187, 94, 244, 56, 126,
       255, 47, 122, 181, 251, 253, 194, 171, 79, 186, 235, 251, 255,
       127, 139, 130, 117, 39, 123, 190, 191, 174, 154, 221, 245, 158,
       222, 159, 95, 156, 159, 168, 236, 126, 143, 205, 219, 247, 215,
       190, 107, 126, 243, 123, 87, 159, 251, 223, 93, 191, 223, 242,
       140, 190, 184, 205, 229, 176, 71, 159, 55, 226, 27, 44, 190, 100,
       91, 233, 191, 251, 145, 58, 111, 146, 243, 221, 243, 222, 107,
       144, 72, 181, 138, 252, 113, 253, 103, 172, 91, 95, 184, 1, 254,
       183, 168, 211, 109, 201, 59, 24, 212, 253, 106, 72, 99, 251, 40,
       231, 217, 101, 181, 98, 251, 214, 115, 220, 189, 188, 246, 172,
       236, 93, 159, 191, 255, 190, 57, 255, 255, 74, 91, 135, 87, 125,
       24, 186, 73, 251, 51, 251, 251, 119, 252, 128, 208, 133, 123, 252,
       112, 252, 114, 139, 119, 95, 216, 51, 254, 165, 29, 219, 87, 75,
       187, 223, 213, 253, 242, 42, 71, 251, 50, 219, 219, 101, 127, 178,
       243, 14, 115, 200, 188, 149, 243, 169, 236, 16, 143, 250, 251,
       168, 24, 190, 183, 64, 59, 129, 87, 125, 16, 51, 105, 219, 49,
       205, 219, 87, 127, 200, 64, 135, 59, 252, 252, 188, 250, 169, 205,
       95, 254, 191, 95, 180, 24, 255, 255, 74, 91, 133, 215, 253, 74,
       106, 79, 250, 49, 251, 251, 117, 61, 226, 241, 198, 123, 245, 69,
       109, 39, 140, 74, 79, 184, 48, 246, 135, 137, 211, 117, 27, 3, 24,
       196, 125, 110, 104, 228, 221, 46, 225, 235, 229, 20, 100, 251, 84,
       96, 141, 190, 255, 246, 252, 42, 111, 254, 251, 202, 189, 244,
       253, 239, 249, 51, 95, 231, 95, 174, 241, 111, 238, 238, 238, 223,
       231, 236, 206, 241, 227, 241, 200, 188, 189, 250, 185, 237, 16,
       135, 186, 123, 160, 24, 190, 255, 64, 59, 129, 51, 125, 16, 59,
       75, 250, 49, 203, 211, 95, 123, 144, 64, 135, 59, 117, 85, 73,
       103, 52, 14, 79, 184, 116, 234, 251, 68, 211, 97, 153, 112, 22,
       204, 28, 110, 233, 176, 125, 14, 228, 174, 37, 148, 44, 251, 80,
       33, 222, 124, 190, 254, 59, 212, 23, 220, 191, 206, 244, 51, 124,
       255, 47, 120, 255, 251, 255, 211, 170, 71, 186, 251, 251, 247,
       127, 155, 179, 119, 47, 123, 66, 253, 182, 254, 187, 236, 62, 166,
       191, 155, 122, 49, 236, 254, 37, 86, 167, 119, 255, 83, 98, 201,
       154, 235, 175, 255, 94, 139, 130, 119, 167, 27, 107, 188, 172, 26,
       237, 253, 84, 159, 251, 127, 172, 29, 170, 252, 86, 190, 137, 202,
       248, 28, 159, 110, 250, 179, 79, 95, 85, 127, 218, 92, 218, 94,
       200, 188, 149, 243, 169, 237, 17, 135, 187, 123, 160, 24, 190,
       247, 64, 191, 129, 115, 248, 16, 51, 109, 251, 243, 141, 211, 87,
       123, 130, 64, 135, 59, 221, 52, 149, 117, 169, 126, 117, 31, 251,
       251, 166, 24, 222, 179, 72, 255, 133, 86, 252, 24, 59, 109, 243,
       128, 205, 251, 87, 86, 202, 100, 139, 119, 220, 253, 188, 242,
       168, 204, 93, 191, 171, 127, 182, 57, 255, 247, 72, 91, 135, 215,
       125, 80, 122, 75, 251, 49, 251, 251, 119, 125, 128, 208, 135, 123,
       216, 188, 181, 250, 169, 237, 17, 135, 186, 27, 160, 24, 190, 255,
       64, 187, 129, 51, 253, 16, 51, 79, 250, 179, 217, 211, 85, 123,
       146, 64, 135, 59, 166, 172, 214, 159, 253, 175, 236, 239, 191,
       179, 242, 18, 236, 234, 92, 91, 251, 239, 127, 145, 114, 255, 219,
       247, 191, 190, 223, 228, 213, 88, 243, 136, 226, 188, 148, 254,
       237, 237, 92, 207, 159, 187, 248, 24, 238, 250, 92, 91, 201, 207,
       127, 16, 58, 111, 219, 243, 159, 254, 215, 127, 208, 88, 242, 138,
       236, 180, 180, 250, 173, 237, 84, 223, 219, 187, 177, 24, 238,
       249, 92, 27, 205, 215, 255, 16, 58, 111, 218, 179, 155, 219, 85,
       127, 210, 72, 214, 10, 253, 112, 157, 102, 8, 14, 71, 152, 113,
       250, 167, 92, 83, 81, 73, 59, 16, 196, 124, 106, 233, 100, 249,
       42, 241, 235, 101, 20, 104, 179, 66, 50, 205, 124, 189, 119, 173,
       111, 87, 158, 250, 250, 166, 24, 215, 117, 73, 59, 129, 86, 124,
       58, 185, 116, 251, 34, 239, 219, 101, 52, 192, 121, 194, 115, 237,
       244, 188, 123, 141, 109, 85, 191, 219, 63, 165, 24, 210, 117, 76,
       123, 209, 86, 120, 58, 58, 103, 251, 51, 239, 219, 85, 127, 210,
       89, 214, 34, 205, 254, 255, 254, 252, 47, 111, 255, 123, 234, 189,
       254, 255, 111, 187, 115, 119, 231, 127, 174, 177, 239, 175, 255,
       254, 255, 231, 252, 190, 249, 195, 241, 244, 68, 237, 103, 140,
       74, 71, 184, 48, 182, 175, 8, 211, 117, 25, 123, 17, 212, 125,
       106, 104, 228, 249, 42, 225, 235, 229, 20, 32, 251, 86, 96, 21,
       237, 91, 239, 182, 11, 239, 248, 100, 160, 123, 66, 215, 99, 153,
       32, 126, 204, 22, 234, 201, 176, 77, 62, 236, 172, 167, 132, 109,
       187, 161, 161, 53, 237, 203, 238, 244, 11, 239, 252, 54, 160, 250,
       74, 115, 227, 185, 112, 126, 239, 55, 235, 201, 178, 205, 63, 124,
       172, 167, 172, 253, 251, 242, 161, 37, 71, 193, 71, 116, 14, 110,
       184, 116, 234, 123, 196, 83, 97, 153, 116, 94, 204, 36, 110, 233,
       176, 109, 14, 44, 174, 165, 132, 109, 243, 82, 32, 162, 172, 150,
       152, 201, 233, 144, 199, 159, 23, 224, 25, 172, 184, 100, 139,
       201, 59, 235, 17, 54, 111, 194, 243, 153, 18, 94, 123, 208, 76,
       175, 142, 237, 116, 189, 103, 168, 79, 87, 184, 104, 174, 167, 12,
       215, 115, 73, 51, 145, 84, 108, 106, 105, 116, 249, 10, 239, 219,
       101, 52, 72, 115, 66, 51, 122, 181, 182, 254, 189, 253, 85, 103,
       187, 95, 189, 29, 46, 253, 110, 214, 201, 179, 255, 17, 126, 107,
       242, 179, 251, 223, 84, 123, 210, 92, 222, 95, 124, 180, 252, 250,
       173, 125, 82, 216, 87, 127, 181, 57, 223, 253, 74, 187, 219, 211,
       253, 18, 62, 99, 251, 147, 219, 223, 81, 127, 243, 207, 206, 83,
       252, 121, 253, 119, 172, 79, 95, 184, 145, 254, 183, 8, 219, 93,
       203, 59, 156, 212, 253, 106, 105, 103, 251, 32, 243, 217, 101,
       181, 98, 251, 214, 115, 234, 188, 180, 250, 173, 237, 80, 223,
       223, 187, 176, 24, 174, 251, 76, 27, 201, 215, 255, 16, 186, 111,
       219, 243, 159, 251, 213, 126, 210, 72, 210, 10, 252, 157, 125,
       231, 180, 110, 95, 186, 49, 238, 191, 61, 215, 127, 11, 112, 23,
       214, 125, 42, 185, 133, 249, 47, 251, 239, 37, 148, 168, 243, 198,
       115, 182, 172, 126, 239, 126, 43, 250, 232, 127, 162, 251, 10,
       222, 234, 29, 64, 251, 205, 127, 227, 160, 247, 203, 254, 158,
       190, 139, 180, 245, 235, 115, 129, 22, 164, 127, 239, 126, 43,
       251, 104, 127, 162, 251, 10, 215, 234, 60, 64, 251, 237, 127, 163,
       176, 243, 205, 254, 220, 190, 171, 148, 101, 235, 113, 129, 253,
       117, 188, 231, 168, 78, 95, 188, 161, 254, 191, 13, 255, 127, 75,
       115, 150, 215, 253, 234, 201, 67, 251, 40, 243, 233, 101, 181, 40,
       243, 142, 115, 21, 109, 91, 237, 182, 11, 239, 252, 36, 160, 122,
       66, 215, 99, 145, 96, 126, 252, 22, 234, 201, 176, 69, 14, 236,
       172, 167, 132, 109, 186, 225, 161, 21, 77, 91, 229, 52, 11, 79,
       184, 100, 160, 250, 70, 211, 67, 153, 96, 126, 204, 28, 234, 201,
       176, 77, 44, 224, 173, 167, 132, 44, 187, 96, 33, 201, 159, 125,
       69, 176, 222, 111, 189, 124, 232, 118, 116, 255, 119, 146, 117,
       54, 118, 124, 104, 177, 248, 121, 47, 239, 251, 39, 192, 74, 128,
       193, 121, 98, 188, 150, 186, 237, 173, 88, 239, 191, 155, 176, 24,
       238, 251, 84, 91, 201, 231, 127, 144, 58, 111, 218, 243, 159, 254,
       215, 122, 210, 72, 242, 10, 252, 176, 180, 250, 173, 237, 80, 219,
       251, 187, 181, 24, 222, 253, 72, 27, 201, 215, 255, 24, 58, 111,
       218, 177, 219, 219, 85, 127, 210, 72, 198, 18, 221, 80, 157, 231,
       40, 110, 73, 24, 48, 250, 183, 88, 215, 87, 137, 123, 20, 212,
       124, 106, 233, 212, 249, 10, 197, 251, 97, 148, 40, 243, 0, 49,
       244, 101, 173, 103, 140, 110, 71, 168, 98, 182, 167, 8, 211, 97,
       73, 27, 17, 212, 109, 106, 104, 103, 217, 40, 249, 235, 229, 52,
