%YAML:1.0
---
descriptors: !!opencv-matrix
   rows: 279
   cols: 32
   dt: u
   data: [ 197, 198, 157, 119, 164, 46, 100, 186, 60, 250, 35, 80, 215,
       113, 137, 59, 149, 70, 124, 46, 225, 229, 89, 46, 165, 171, 117,
       20, 72, 241, 195, 49, 120, 173, 127, 112, 152, 201, 81, 247, 163,
       21, 172, 56, 55, 247, 66, 16, 9, 178, 69, 16, 90, 107, 226, 53,
       219, 129, 52, 121, 99, 128, 198, 234, 237, 112, 157, 103, 172,
       111, 71, 152, 104, 186, 39, 92, 214, 117, 73, 59, 145, 84, 124,
       122, 121, 84, 249, 0, 207, 217, 101, 52, 192, 123, 66, 32, 236,
       116, 189, 115, 173, 111, 87, 136, 122, 255, 47, 24, 214, 113, 73,
       59, 145, 84, 121, 58, 49, 100, 251, 2, 199, 251, 69, 118, 192,
       123, 198, 98, 104, 245, 181, 103, 153, 79, 71, 172, 50, 236, 168,
       8, 247, 117, 72, 50, 145, 94, 121, 106, 105, 80, 249, 63, 237,
       255, 69, 52, 72, 58, 198, 114, 108, 229, 157, 122, 141, 77, 87,
       172, 179, 151, 173, 24, 82, 247, 74, 58, 153, 210, 233, 82, 122,
       99, 250, 51, 235, 223, 69, 127, 192, 115, 206, 98, 108, 101, 189,
       103, 25, 79, 71, 168, 51, 226, 173, 8, 243, 87, 73, 54, 153, 212,
       121, 122, 105, 98, 251, 62, 237, 223, 5, 60, 64, 123, 70, 98, 44,
       125, 57, 103, 13, 79, 71, 184, 116, 230, 239, 8, 211, 119, 9, 48,
       152, 92, 121, 106, 73, 242, 249, 46, 229, 223, 5, 16, 72, 123, 86,
       242, 220, 16, 159, 244, 40, 110, 65, 16, 165, 219, 167, 80, 223,
       55, 9, 127, 34, 212, 124, 24, 41, 197, 51, 0, 201, 235, 116, 0,
       170, 225, 5, 51, 108, 69, 40, 111, 149, 79, 71, 184, 85, 236, 239,
       8, 211, 117, 27, 48, 88, 212, 123, 106, 105, 178, 249, 30, 231,
       255, 5, 53, 114, 187, 86, 114, 44, 160, 57, 105, 13, 73, 83, 168,
       66, 52, 165, 8, 211, 81, 73, 48, 89, 16, 64, 122, 74, 98, 251, 29,
       207, 137, 5, 61, 82, 43, 70, 226, 253, 112, 253, 103, 44, 79, 87,
       152, 99, 250, 181, 8, 211, 85, 73, 59, 148, 212, 124, 122, 233,
       101, 249, 0, 195, 217, 101, 52, 74, 251, 70, 115, 236, 48, 189,
       99, 173, 109, 81, 152, 91, 251, 165, 24, 222, 93, 73, 59, 153,
       212, 253, 58, 59, 102, 251, 16, 207, 219, 65, 125, 210, 107, 70,
       115, 249, 188, 119, 114, 41, 253, 81, 210, 243, 251, 180, 56, 59,
       221, 198, 63, 169, 242, 236, 24, 175, 111, 254, 181, 219, 219,
       113, 123, 235, 132, 78, 87, 217, 186, 156, 50, 168, 189, 88, 215,
       179, 127, 180, 253, 191, 151, 194, 155, 135, 183, 253, 20, 190,
       79, 226, 49, 218, 243, 117, 251, 162, 196, 138, 91, 248, 184, 255,
       112, 136, 232, 81, 215, 162, 21, 164, 24, 55, 151, 64, 27, 33,
       182, 109, 24, 26, 111, 178, 17, 217, 225, 112, 121, 224, 128, 134,
       122, 252, 36, 220, 114, 136, 41, 85, 223, 146, 183, 164, 25, 19,
       227, 75, 27, 9, 214, 237, 16, 56, 103, 218, 34, 91, 195, 117, 61,
       227, 249, 206, 2, 94, 161, 147, 160, 137, 196, 21, 237, 171, 149,
       137, 9, 206, 247, 72, 146, 145, 159, 233, 16, 26, 67, 186, 209,
       185, 212, 31, 127, 130, 6, 167, 98, 124, 56, 184, 246, 137, 228,
       83, 152, 179, 142, 141, 9, 246, 247, 73, 26, 145, 243, 105, 82,
       10, 67, 218, 34, 203, 213, 5, 63, 130, 115, 6, 114, 232, 170, 68,
       48, 232, 169, 96, 95, 187, 59, 112, 253, 47, 129, 194, 153, 129,
       170, 230, 28, 54, 126, 194, 17, 94, 155, 112, 233, 234, 132, 202,
       137, 224, 180, 156, 250, 140, 237, 65, 143, 223, 51, 161, 24, 182,
       243, 72, 122, 129, 146, 104, 16, 59, 111, 218, 115, 153, 146, 85,
       126, 216, 72, 198, 42, 144, 168, 155, 119, 144, 238, 70, 198, 118,
       163, 226, 16, 115, 243, 32, 88, 121, 254, 40, 136, 42, 189, 25,
       47, 211, 239, 53, 0, 224, 113, 228, 42, 117, 133, 93, 102, 186,
       10, 71, 189, 224, 160, 171, 8, 215, 115, 8, 115, 2, 215, 108, 106,
       121, 169, 89, 45, 249, 232, 101, 84, 96, 162, 194, 32, 212, 77,
       125, 101, 32, 74, 95, 184, 116, 162, 174, 8, 215, 119, 1, 115, 22,
       212, 124, 106, 105, 212, 121, 46, 231, 171, 101, 20, 32, 243, 68,
       32, 148, 253, 31, 103, 144, 78, 71, 248, 116, 160, 238, 0, 83,
       115, 9, 112, 120, 252, 72, 234, 104, 208, 121, 46, 235, 175, 133,
       4, 32, 242, 228, 34, 224, 204, 157, 253, 141, 109, 69, 174, 218,
       59, 160, 24, 182, 51, 69, 123, 129, 83, 104, 72, 99, 110, 211,
       115, 173, 178, 84, 58, 208, 88, 198, 42, 192, 140, 157, 251, 200,
       237, 37, 175, 158, 51, 32, 24, 182, 51, 64, 123, 129, 82, 106, 24,
       51, 108, 211, 51, 205, 182, 84, 120, 144, 72, 135, 40, 69, 117,
       145, 101, 113, 78, 119, 184, 120, 224, 107, 12, 222, 51, 9, 48,
       144, 92, 120, 106, 65, 240, 249, 78, 173, 190, 5, 6, 72, 51, 67,
       179, 109, 101, 115, 101, 53, 31, 118, 184, 121, 168, 123, 73, 203,
       121, 157, 180, 182, 76, 125, 111, 228, 240, 201, 142, 231, 254, 5,
       22, 70, 183, 82, 7, 76, 53, 120, 103, 50, 31, 59, 184, 57, 228,
       62, 169, 223, 55, 194, 16, 22, 93, 253, 110, 0, 208, 233, 78, 239,
       221, 33, 132, 66, 163, 7, 113, 208, 172, 159, 250, 138, 224, 85,
       151, 178, 23, 134, 185, 55, 231, 64, 91, 99, 246, 109, 144, 58,
       79, 170, 51, 217, 227, 244, 121, 160, 192, 166, 106, 124, 170,
       254, 114, 138, 233, 85, 215, 162, 55, 172, 184, 55, 231, 67, 26,
       35, 242, 237, 24, 26, 75, 170, 49, 219, 199, 117, 121, 224, 208,
       134, 107, 5, 113, 123, 65, 112, 91, 99, 48, 97, 232, 111, 104, 82,
       21, 141, 52, 16, 28, 64, 106, 65, 176, 113, 12, 39, 140, 33, 4,
       99, 179, 70, 165, 17, 142, 207, 121, 164, 170, 97, 151, 118, 19,
       106, 212, 243, 97, 144, 120, 51, 46, 32, 28, 59, 252, 101, 55,
       204, 170, 52, 64, 236, 192, 192, 40, 162, 253, 150, 190, 153, 205,
       22, 236, 159, 134, 232, 9, 230, 242, 45, 149, 217, 123, 234, 67,
       110, 107, 90, 63, 185, 182, 69, 59, 80, 123, 174, 142, 193, 174,
       159, 145, 236, 169, 233, 7, 254, 147, 32, 208, 181, 162, 240, 75,
       99, 42, 106, 28, 51, 109, 134, 115, 140, 134, 126, 104, 148, 192,
       129, 168, 193, 170, 143, 155, 236, 169, 224, 199, 254, 19, 34,
       212, 181, 226, 224, 75, 99, 98, 106, 24, 51, 77, 198, 113, 140,
       130, 118, 104, 152, 64, 131, 136, 52, 77, 18, 142, 217, 199, 134,
       232, 156, 132, 233, 8, 70, 240, 41, 208, 216, 232, 202, 98, 104,
       163, 26, 46, 177, 182, 7, 59, 80, 59, 110, 134, 145, 142, 207,
       127, 180, 170, 109, 151, 118, 75, 122, 244, 243, 33, 144, 120, 19,
       110, 44, 60, 187, 252, 109, 63, 204, 174, 116, 192, 232, 208, 192,
       40, 197, 113, 157, 103, 163, 78, 103, 184, 121, 234, 39, 24, 222,
       113, 73, 59, 146, 68, 124, 106, 225, 244, 217, 10, 229, 250, 69,
       6, 72, 114, 195, 51, 69, 241, 145, 99, 149, 111, 103, 136, 122,
       241, 43, 24, 214, 49, 73, 58, 145, 92, 120, 122, 19, 112, 249, 16,
       237, 158, 5, 118, 200, 123, 211, 34, 205, 28, 157, 119, 168, 110,
       103, 186, 120, 250, 39, 92, 215, 115, 9, 123, 147, 86, 124, 42,
       97, 244, 249, 42, 229, 255, 117, 20, 200, 113, 195, 49, 120, 189,
       122, 120, 216, 233, 81, 247, 163, 21, 172, 56, 51, 215, 64, 16, 9,
       186, 197, 16, 26, 107, 226, 53, 219, 193, 48, 121, 99, 128, 198,
       234, 205, 117, 157, 103, 169, 110, 71, 152, 122, 250, 47, 8, 214,
       119, 73, 58, 145, 86, 108, 122, 49, 96, 249, 34, 239, 251, 69, 54,
       192, 115, 199, 51, 108, 253, 157, 103, 185, 79, 71, 189, 122, 234,
       171, 8, 214, 119, 72, 50, 145, 94, 120, 106, 105, 112, 249, 63,
       237, 255, 69, 116, 64, 114, 198, 42, 5, 117, 17, 69, 85, 78, 102,
       56, 124, 72, 107, 76, 222, 81, 13, 180, 144, 76, 82, 106, 193,
       176, 81, 14, 37, 188, 0, 6, 74, 51, 67, 163, 44, 125, 57, 103,
       149, 79, 71, 168, 121, 234, 106, 8, 214, 117, 9, 48, 152, 124, 88,
       106, 105, 176, 249, 46, 229, 255, 5, 52, 64, 123, 70, 242, 220,
       16, 159, 116, 168, 108, 81, 18, 179, 155, 167, 56, 223, 55, 72,
       123, 163, 212, 108, 24, 25, 69, 179, 64, 219, 235, 116, 76, 130,
       225, 38, 51, 108, 237, 189, 122, 141, 77, 87, 168, 115, 191, 173,
