%YAML:1.0
---
descriptors: !!opencv-matrix
   rows: 141
   cols: 32
   dt: u
   data: [ 252, 98, 140, 182, 173, 46, 79, 152, 51, 254, 135, 157, 207,
       101, 91, 27, 149, 196, 237, 126, 168, 71, 219, 162, 211, 243, 229,
       189, 170, 255, 94, 81, 237, 116, 61, 103, 37, 79, 87, 184, 121,
       170, 47, 8, 214, 113, 9, 51, 144, 84, 104, 106, 97, 240, 249, 10,
       231, 219, 69, 54, 66, 123, 70, 34, 253, 118, 140, 183, 172, 46,
       78, 152, 18, 254, 151, 221, 215, 109, 91, 91, 149, 196, 253, 127,
       173, 68, 219, 34, 206, 211, 237, 180, 140, 255, 24, 83, 199, 102,
       133, 23, 172, 62, 237, 186, 218, 250, 146, 220, 226, 104, 221,
       175, 141, 70, 108, 47, 169, 229, 239, 138, 12, 58, 221, 148, 206,
       253, 81, 101, 160, 172, 156, 217, 236, 249, 241, 207, 222, 23,
       100, 24, 164, 160, 230, 107, 75, 26, 106, 24, 54, 110, 230, 115,
       15, 22, 86, 121, 208, 216, 213, 236, 216, 188, 157, 242, 168, 236,
       93, 223, 162, 251, 160, 57, 183, 247, 72, 27, 133, 247, 125, 16,
       59, 79, 218, 49, 217, 195, 125, 124, 160, 64, 135, 115, 108, 117,
       56, 101, 181, 79, 87, 184, 105, 168, 46, 8, 215, 113, 1, 48, 144,
       84, 108, 106, 73, 240, 249, 14, 231, 255, 5, 20, 74, 187, 70, 34,
       77, 69, 157, 165, 176, 14, 111, 184, 120, 224, 79, 68, 223, 34,
       139, 242, 22, 68, 108, 110, 225, 208, 253, 10, 172, 191, 103, 4,
       8, 243, 1, 112, 237, 115, 169, 103, 172, 31, 71, 184, 96, 238,
       191, 76, 211, 101, 219, 51, 156, 196, 124, 110, 205, 112, 249, 8,
       231, 217, 101, 180, 74, 255, 218, 113, 195, 180, 181, 83, 172,
       125, 180, 159, 219, 123, 19, 125, 144, 60, 220, 107, 133, 22, 127,
       17, 183, 108, 235, 211, 15, 26, 117, 246, 204, 72, 209, 63, 133,
       100, 157, 179, 236, 47, 175, 152, 30, 186, 19, 120, 213, 243, 201,
       43, 23, 78, 126, 126, 33, 244, 203, 34, 204, 138, 127, 180, 140,
       251, 17, 161, 116, 52, 150, 254, 205, 102, 86, 200, 163, 154, 161,
       27, 66, 251, 109, 219, 217, 244, 233, 242, 44, 103, 154, 224, 147,
       243, 197, 63, 138, 123, 122, 2, 208, 180, 157, 242, 168, 236, 85,
       159, 178, 187, 166, 24, 183, 247, 72, 59, 7, 247, 125, 24, 59, 79,
       250, 51, 217, 195, 117, 124, 168, 192, 135, 59, 221, 188, 156,
       246, 169, 44, 80, 159, 178, 179, 166, 24, 223, 243, 72, 123, 133,
       214, 125, 24, 58, 77, 219, 34, 219, 235, 117, 124, 170, 224, 138,
       3, 141, 254, 156, 243, 172, 47, 99, 154, 126, 187, 23, 112, 215,
       51, 201, 107, 23, 94, 124, 58, 177, 212, 121, 54, 237, 207, 117,
       116, 138, 249, 129, 33, 221, 188, 149, 48, 173, 61, 68, 143, 251,
       251, 130, 92, 142, 176, 64, 255, 129, 199, 124, 29, 191, 109, 211,
       2, 152, 250, 85, 126, 200, 116, 131, 20, 244, 232, 253, 114, 136,
       237, 85, 215, 178, 183, 164, 24, 23, 247, 64, 27, 33, 246, 108,
       24, 58, 79, 250, 48, 219, 203, 117, 124, 224, 240, 198, 98, 199,
       60, 165, 21, 173, 62, 228, 158, 250, 251, 130, 92, 206, 96, 221,
       175, 129, 70, 120, 31, 177, 229, 247, 162, 140, 122, 85, 20, 202,
       125, 209, 36, 126, 101, 172, 70, 141, 114, 86, 136, 83, 166, 143,
       10, 66, 121, 95, 190, 217, 212, 233, 234, 104, 99, 249, 138, 251,
       255, 197, 63, 163, 127, 94, 38, 214, 180, 151, 210, 139, 244, 20,
       207, 187, 23, 137, 24, 204, 246, 76, 255, 161, 83, 233, 16, 50,
       79, 186, 115, 153, 210, 95, 127, 128, 84, 167, 102, 100, 99, 57,
       103, 48, 14, 103, 56, 120, 172, 103, 72, 215, 35, 8, 16, 144, 84,
       108, 106, 64, 240, 233, 12, 229, 189, 37, 20, 64, 163, 70, 33, 76,
       113, 61, 103, 49, 78, 103, 184, 121, 168, 103, 8, 214, 119, 9, 50,
       144, 116, 108, 106, 97, 240, 249, 12, 231, 251, 101, 52, 64, 51,
       71, 35, 246, 60, 172, 182, 139, 100, 20, 239, 146, 247, 129, 59,
       70, 254, 75, 27, 165, 215, 253, 131, 60, 71, 251, 34, 219, 227,
       221, 63, 160, 117, 190, 82, 128, 172, 253, 89, 236, 233, 165, 143,
       222, 55, 96, 153, 165, 160, 68, 73, 131, 10, 106, 16, 50, 124,
       231, 51, 77, 131, 86, 109, 208, 88, 197, 234, 221, 126, 172, 182,
       173, 60, 92, 158, 179, 255, 151, 93, 207, 237, 91, 155, 133, 198,
       253, 31, 172, 69, 251, 162, 219, 243, 117, 189, 170, 253, 222, 83,
       103, 165, 76, 66, 204, 107, 206, 105, 65, 176, 169, 10, 83, 121,
       92, 51, 91, 196, 81, 111, 93, 98, 221, 128, 62, 24, 197, 125, 237,
       235, 218, 132, 254, 180, 172, 182, 139, 105, 20, 143, 147, 183,
       128, 187, 79, 237, 75, 155, 73, 215, 237, 145, 60, 79, 223, 34,
       219, 195, 221, 63, 165, 124, 150, 74, 114, 184, 156, 122, 169,
       253, 80, 207, 139, 63, 164, 57, 46, 255, 78, 31, 133, 179, 237,
       16, 30, 107, 250, 113, 219, 211, 85, 123, 210, 72, 206, 91, 116,
       21, 205, 101, 136, 74, 79, 184, 48, 166, 175, 168, 211, 103, 201,
       91, 19, 212, 109, 234, 104, 82, 233, 10, 237, 231, 229, 53, 160,
       243, 6, 114, 165, 100, 177, 79, 253, 79, 71, 168, 91, 234, 109, 8,
       210, 113, 13, 52, 217, 76, 80, 106, 105, 118, 249, 46, 111, 158,
       5, 52, 82, 123, 82, 226, 205, 164, 149, 51, 205, 121, 32, 139,
       250, 251, 1, 120, 207, 112, 200, 191, 129, 70, 104, 17, 55, 84,
       207, 2, 140, 210, 119, 116, 136, 69, 131, 132, 237, 100, 244, 167,
       173, 62, 86, 152, 123, 187, 147, 93, 207, 121, 89, 155, 147, 196,
       125, 127, 188, 84, 217, 162, 206, 219, 101, 246, 174, 255, 26, 3,
       201, 60, 151, 85, 169, 252, 165, 7, 254, 251, 162, 80, 190, 178,
       196, 239, 129, 55, 120, 24, 177, 109, 243, 66, 137, 250, 86, 18,
       202, 68, 131, 61, 255, 62, 172, 182, 173, 60, 92, 159, 179, 251,
       150, 93, 207, 237, 91, 27, 133, 198, 253, 31, 188, 71, 219, 162,
       219, 219, 117, 191, 138, 253, 218, 91, 253, 113, 89, 103, 16, 94,
       75, 56, 97, 224, 239, 8, 83, 87, 137, 112, 60, 156, 92, 234, 201,
       146, 241, 14, 243, 237, 33, 16, 107, 163, 106, 48, 254, 100, 236,
       103, 168, 122, 94, 140, 51, 182, 175, 152, 195, 103, 219, 31, 19,
       214, 125, 106, 104, 71, 235, 162, 243, 251, 197, 189, 166, 247,
       214, 98, 124, 235, 216, 110, 250, 0, 30, 188, 51, 172, 189, 169,
       111, 231, 203, 16, 54, 253, 229, 242, 74, 67, 202, 63, 250, 229,
       37, 253, 39, 179, 174, 3, 252, 108, 188, 126, 173, 60, 84, 143,
       211, 151, 165, 24, 98, 249, 79, 91, 201, 214, 237, 2, 40, 103,
       203, 34, 211, 251, 85, 63, 210, 249, 206, 2, 253, 69, 229, 71,
       212, 90, 111, 184, 113, 226, 127, 138, 83, 101, 159, 181, 57, 204,
       116, 110, 233, 240, 237, 46, 110, 46, 229, 132, 231, 255, 82, 228,
       224, 180, 189, 113, 168, 237, 177, 31, 250, 183, 160, 24, 151,
       189, 68, 59, 135, 23, 104, 16, 178, 109, 243, 17, 221, 155, 119,
       124, 192, 64, 199, 251, 109, 97, 81, 71, 113, 90, 111, 168, 121,
       224, 111, 136, 203, 39, 155, 180, 18, 204, 204, 110, 77, 240, 237,
       76, 166, 253, 5, 4, 66, 183, 74, 228, 213, 156, 157, 243, 184, 47,
       86, 190, 127, 187, 170, 92, 215, 115, 201, 123, 135, 86, 124, 58,
       185, 92, 89, 54, 239, 222, 117, 86, 168, 249, 193, 1, 118, 229,
       236, 99, 221, 95, 223, 232, 114, 180, 173, 11, 83, 120, 95, 50,
       185, 205, 121, 243, 76, 115, 253, 30, 123, 15, 141, 117, 225, 123,
       86, 70, 84, 113, 92, 101, 34, 74, 94, 56, 41, 160, 183, 169, 215,
       23, 201, 18, 54, 213, 253, 226, 72, 208, 217, 8, 246, 225, 33,
       149, 109, 179, 7, 19, 216, 184, 158, 240, 168, 236, 81, 223, 178,
       59, 164, 24, 159, 247, 64, 59, 39, 182, 253, 24, 59, 79, 154, 51,
       219, 195, 117, 125, 168, 192, 142, 59, 119, 233, 136, 34, 157,
       189, 71, 205, 171, 181, 172, 13, 230, 224, 91, 20, 153, 194, 108,
       92, 94, 43, 250, 177, 185, 220, 5, 127, 208, 94, 218, 76, 221, 40,
       222, 118, 136, 44, 80, 159, 242, 179, 166, 24, 87, 243, 67, 91,
       161, 230, 108, 24, 56, 77, 219, 34, 219, 235, 117, 61, 160, 224,
       202, 10, 240, 170, 254, 114, 168, 233, 85, 215, 178, 191, 164, 56,
       55, 247, 64, 27, 33, 246, 109, 24, 58, 79, 170, 49, 217, 195, 117,
