%YAML:1.0
---
descriptors: !!opencv-matrix
   rows: 148
   cols: 32
   dt: u
   data: [ 45, 116, 185, 103, 101, 111, 115, 24, 123, 234, 63, 8, 214,
       93, 77, 62, 145, 92, 86, 122, 129, 244, 249, 10, 71, 223, 5, 52,
       194, 251, 70, 243, 141, 174, 220, 115, 244, 43, 103, 159, 118,
       183, 119, 124, 215, 97, 203, 121, 23, 78, 38, 30, 178, 244, 109,
       54, 108, 143, 117, 100, 228, 249, 192, 161, 213, 78, 200, 103,
       132, 62, 111, 28, 112, 174, 231, 20, 115, 98, 147, 122, 113, 204,
       44, 174, 172, 212, 237, 42, 226, 239, 229, 5, 169, 241, 104, 4, 5,
       119, 16, 69, 116, 31, 102, 184, 120, 136, 122, 76, 214, 80, 141,
       180, 148, 76, 70, 110, 193, 176, 217, 46, 37, 188, 37, 4, 74, 187,
       75, 133, 193, 164, 191, 121, 138, 232, 185, 7, 254, 83, 34, 16,
       181, 190, 84, 123, 35, 55, 120, 144, 54, 77, 183, 83, 205, 171,
       122, 105, 224, 64, 135, 10, 37, 113, 17, 69, 85, 79, 102, 56, 106,
       224, 43, 72, 210, 80, 29, 180, 144, 68, 80, 106, 193, 48, 121, 28,
       37, 152, 1, 52, 72, 59, 82, 164, 208, 142, 189, 245, 188, 107, 69,
       175, 244, 182, 170, 24, 247, 97, 144, 3, 3, 118, 108, 43, 56, 237,
       201, 46, 233, 131, 117, 20, 96, 248, 133, 40, 76, 69, 220, 103,
       168, 74, 95, 184, 49, 162, 175, 8, 215, 99, 9, 115, 19, 212, 109,
       106, 104, 240, 201, 10, 237, 255, 101, 21, 96, 243, 70, 32, 36,
       215, 53, 67, 144, 15, 71, 184, 22, 164, 43, 76, 211, 101, 9, 80,
       21, 84, 104, 110, 107, 176, 121, 31, 237, 158, 5, 52, 80, 187, 68,
       48, 214, 190, 189, 246, 170, 248, 87, 158, 187, 191, 141, 185,
       239, 247, 74, 91, 135, 247, 237, 18, 58, 79, 234, 51, 251, 211,
       117, 191, 160, 241, 135, 123, 36, 99, 241, 101, 116, 75, 102, 168,
       105, 168, 123, 72, 195, 105, 29, 48, 152, 220, 100, 98, 73, 240,
       201, 12, 39, 252, 37, 53, 97, 187, 70, 133, 69, 101, 92, 103, 52,
       11, 246, 168, 120, 160, 107, 72, 215, 121, 25, 16, 178, 69, 108,
       111, 68, 240, 201, 14, 166, 255, 5, 5, 100, 243, 75, 0, 248, 172,
       254, 112, 168, 169, 81, 87, 179, 63, 164, 57, 63, 167, 66, 27, 5,
       178, 237, 24, 58, 111, 130, 19, 219, 195, 116, 121, 226, 192, 134,
       43, 240, 172, 159, 114, 172, 232, 81, 215, 242, 27, 164, 24, 55,
       243, 64, 59, 129, 182, 109, 24, 58, 111, 194, 49, 219, 235, 112,
       121, 224, 192, 206, 42, 208, 184, 191, 176, 138, 236, 81, 87, 230,
       83, 162, 24, 183, 151, 64, 91, 33, 183, 108, 16, 59, 77, 147, 17,
       217, 161, 114, 120, 224, 64, 135, 42, 236, 229, 189, 99, 141, 79,
       71, 184, 98, 242, 39, 24, 210, 117, 73, 59, 145, 84, 104, 122,
       121, 116, 249, 16, 237, 155, 69, 116, 192, 123, 70, 34, 80, 128,
       159, 252, 138, 104, 69, 55, 162, 19, 166, 24, 119, 183, 0, 123, 1,
       246, 109, 8, 25, 77, 163, 1, 209, 163, 116, 24, 160, 224, 134, 56,
       248, 186, 222, 120, 173, 169, 80, 87, 131, 63, 164, 57, 39, 169,
       98, 155, 201, 178, 236, 16, 58, 111, 194, 17, 219, 195, 116, 121,
       248, 200, 206, 11, 77, 113, 145, 65, 97, 92, 114, 24, 107, 192,
       109, 8, 158, 16, 77, 182, 144, 92, 96, 90, 67, 112, 249, 64, 7,
       248, 0, 38, 74, 51, 67, 182, 109, 101, 188, 103, 229, 31, 102,
       184, 107, 168, 47, 12, 214, 121, 95, 178, 145, 76, 104, 110, 196,
       240, 217, 8, 239, 255, 69, 52, 74, 115, 74, 128, 100, 103, 113,
       71, 112, 15, 103, 184, 104, 172, 127, 72, 211, 33, 137, 52, 144,
       92, 68, 106, 192, 240, 233, 46, 101, 156, 37, 20, 66, 187, 70,
       161, 195, 188, 164, 23, 173, 252, 224, 143, 251, 251, 134, 28,
       250, 248, 86, 175, 129, 102, 120, 29, 181, 237, 251, 227, 15, 58,
       85, 82, 206, 108, 219, 31, 193, 188, 183, 19, 173, 252, 160, 143,
       255, 91, 130, 24, 190, 240, 86, 255, 129, 102, 120, 25, 183, 109,
       251, 113, 137, 58, 87, 90, 202, 68, 203, 7, 252, 237, 223, 118,
       168, 104, 71, 252, 179, 190, 165, 56, 123, 247, 201, 59, 55, 246,
       108, 106, 106, 71, 170, 42, 251, 235, 101, 60, 227, 243, 198, 33,
       221, 89, 95, 118, 168, 78, 71, 180, 241, 250, 166, 76, 115, 115,
       129, 115, 6, 244, 124, 106, 105, 103, 251, 44, 243, 235, 101, 16,
       106, 177, 194, 57, 141, 142, 252, 83, 240, 47, 103, 187, 118, 183,
       47, 84, 211, 97, 203, 123, 23, 70, 110, 62, 176, 244, 109, 62,
       108, 142, 117, 68, 240, 249, 192, 97, 69, 87, 148, 69, 160, 30,
       102, 184, 121, 168, 106, 76, 211, 96, 159, 246, 144, 68, 108, 110,
       197, 240, 221, 14, 166, 190, 101, 4, 74, 178, 74, 5, 208, 172,
       191, 121, 136, 232, 169, 7, 254, 19, 162, 16, 247, 167, 64, 107,
       35, 55, 104, 152, 58, 205, 131, 51, 201, 163, 122, 80, 224, 64,
       133, 40, 252, 124, 156, 246, 172, 110, 87, 188, 242, 186, 143, 24,
       215, 113, 73, 27, 129, 214, 109, 122, 40, 101, 219, 42, 249, 195,
       101, 124, 168, 115, 214, 34, 192, 136, 189, 122, 8, 173, 16, 15,
       206, 19, 160, 24, 182, 210, 68, 123, 193, 51, 104, 16, 26, 111,
       219, 49, 217, 168, 114, 122, 208, 8, 129, 10, 76, 113, 57, 103,
       48, 78, 119, 184, 105, 168, 127, 40, 222, 117, 137, 48, 148, 92,
       84, 106, 193, 176, 249, 12, 231, 253, 37, 4, 66, 179, 71, 35, 116,
       160, 156, 54, 138, 108, 85, 139, 162, 183, 161, 25, 87, 247, 74,
       27, 129, 215, 109, 16, 58, 71, 219, 0, 217, 195, 85, 125, 160,
       113, 134, 66, 108, 164, 188, 118, 169, 109, 71, 169, 114, 191,
       173, 24, 226, 99, 72, 90, 209, 70, 104, 26, 58, 67, 251, 51, 233,
       215, 85, 125, 144, 115, 198, 34, 112, 177, 57, 96, 136, 221, 81,
       83, 162, 229, 172, 8, 19, 151, 66, 50, 4, 150, 72, 24, 27, 43,
       242, 18, 219, 141, 49, 121, 225, 130, 198, 122, 76, 69, 220, 103,
       32, 74, 79, 168, 33, 162, 239, 8, 215, 99, 9, 82, 18, 212, 108,
       106, 72, 240, 201, 40, 239, 239, 69, 21, 98, 243, 78, 34, 37, 229,
       21, 69, 145, 15, 70, 184, 86, 168, 43, 76, 211, 37, 9, 116, 17,
       212, 104, 110, 105, 240, 89, 30, 173, 158, 5, 52, 88, 187, 64, 48,
       246, 252, 158, 182, 170, 38, 31, 236, 186, 190, 137, 189, 116,
       247, 75, 27, 151, 119, 237, 119, 112, 71, 154, 58, 249, 167, 111,
       191, 136, 115, 135, 83, 197, 101, 157, 103, 180, 15, 103, 184,
       122, 234, 35, 76, 214, 112, 89, 50, 145, 68, 108, 110, 225, 244,
       217, 46, 237, 190, 101, 52, 72, 243, 66, 32, 38, 245, 147, 162,
       217, 205, 150, 200, 158, 123, 169, 29, 198, 244, 104, 150, 221,
       89, 226, 119, 119, 99, 218, 51, 185, 214, 13, 126, 216, 127, 135,
       215, 124, 101, 84, 103, 145, 90, 118, 168, 113, 164, 255, 40, 75,
       115, 141, 148, 122, 212, 236, 234, 72, 242, 205, 142, 246, 255,
       133, 5, 99, 243, 110, 2, 208, 168, 159, 240, 168, 232, 81, 151,
       162, 23, 166, 24, 183, 183, 64, 91, 35, 182, 109, 16, 58, 79, 162,
       49, 217, 227, 116, 121, 160, 192, 134, 42, 120, 184, 222, 114,
       172, 237, 81, 215, 242, 31, 164, 56, 55, 243, 64, 59, 9, 178, 236,
       16, 58, 111, 242, 49, 219, 195, 116, 121, 224, 192, 206, 42, 108,
       245, 185, 111, 221, 77, 71, 168, 83, 120, 173, 8, 210, 117, 73,
       52, 217, 88, 80, 106, 75, 98, 251, 63, 111, 223, 5, 62, 82, 123,
       198, 226, 212, 172, 190, 118, 136, 104, 85, 158, 162, 183, 167,
       25, 119, 247, 75, 27, 129, 214, 109, 18, 58, 71, 170, 32, 219,
       227, 117, 61, 224, 113, 134, 98, 248, 170, 222, 56, 42, 169, 80,
       83, 179, 19, 165, 185, 47, 227, 66, 27, 167, 163, 237, 16, 62, 79,
       130, 49, 218, 195, 112, 121, 232, 192, 42, 11, 109, 113, 17, 65,
       81, 94, 103, 24, 105, 232, 109, 12, 158, 16, 77, 180, 144, 76, 80,
       106, 197, 176, 249, 8, 39, 253, 1, 38, 74, 51, 75, 150, 228, 101,
       113, 71, 112, 75, 71, 168, 112, 160, 107, 8, 211, 101, 141, 180,
       24, 220, 68, 106, 105, 240, 237, 14, 45, 156, 37, 52, 67, 187, 70,
       160, 242, 188, 255, 90, 234, 233, 81, 207, 251, 91, 164, 56, 50,
       254, 76, 59, 163, 179, 236, 16, 63, 111, 186, 115, 91, 154, 84,
       123, 193, 64, 230, 111, 203, 188, 180, 22, 173, 252, 144, 143,
