%YAML:1.0
---
descriptors: !!opencv-matrix
   rows: 270
   cols: 32
   dt: u
   data: [ 68, 113, 153, 229, 193, 78, 103, 152, 56, 234, 35, 72, 222,
       55, 9, 26, 148, 84, 125, 106, 1, 240, 217, 8, 229, 186, 101, 4,
       192, 115, 7, 51, 78, 239, 148, 186, 185, 249, 22, 138, 187, 63,
       137, 41, 174, 242, 67, 146, 131, 115, 236, 67, 14, 75, 202, 51,
       170, 215, 93, 59, 146, 87, 15, 11, 118, 69, 134, 164, 25, 75, 6,
       232, 37, 160, 235, 11, 70, 226, 41, 212, 248, 197, 106, 99, 76,
       163, 73, 78, 185, 182, 7, 31, 64, 59, 46, 6, 156, 68, 126, 255,
       44, 10, 109, 248, 172, 178, 247, 18, 215, 67, 153, 107, 107, 196,
       127, 234, 232, 213, 105, 174, 246, 235, 239, 148, 117, 187, 97,
       161, 254, 232, 150, 254, 205, 79, 254, 232, 63, 178, 229, 10, 222,
       251, 77, 79, 249, 221, 234, 242, 104, 119, 219, 250, 255, 255,
       207, 31, 211, 123, 103, 130, 120, 237, 190, 252, 157, 205, 87,
       230, 207, 132, 172, 9, 174, 253, 37, 18, 201, 243, 235, 64, 104,
       107, 210, 191, 251, 255, 213, 59, 82, 121, 246, 10, 199, 172, 246,
       158, 236, 51, 252, 223, 191, 251, 254, 26, 204, 254, 188, 127,
       255, 239, 127, 153, 186, 255, 235, 255, 158, 250, 223, 238, 151,
       253, 227, 237, 167, 172, 246, 159, 236, 171, 252, 207, 127, 243,
       242, 151, 236, 238, 62, 73, 255, 239, 255, 149, 182, 255, 207,
       255, 158, 58, 223, 230, 213, 252, 243, 217, 232, 181, 188, 254,
       157, 221, 85, 175, 87, 23, 164, 25, 190, 253, 8, 18, 201, 154,
       233, 16, 122, 106, 243, 179, 235, 223, 20, 123, 210, 72, 214, 74,
       108, 48, 189, 99, 173, 111, 83, 152, 123, 254, 37, 8, 215, 117,
       73, 58, 145, 84, 124, 122, 25, 116, 249, 16, 207, 223, 101, 117,
       194, 235, 70, 115, 84, 93, 125, 231, 176, 14, 79, 184, 32, 234,
       255, 72, 215, 119, 137, 114, 22, 212, 125, 106, 233, 144, 249, 46,
       237, 239, 101, 148, 32, 243, 68, 113, 145, 189, 255, 255, 188,
       175, 253, 247, 62, 123, 250, 178, 245, 255, 144, 97, 255, 255,
       127, 157, 178, 250, 235, 55, 252, 175, 255, 192, 165, 216, 225,
       233, 236, 112, 189, 103, 37, 111, 83, 152, 75, 238, 39, 8, 214,
       85, 73, 59, 145, 84, 124, 122, 137, 116, 249, 8, 207, 219, 101,
       52, 194, 251, 70, 115, 3, 188, 254, 251, 252, 237, 253, 215, 191,
       91, 190, 191, 191, 255, 246, 120, 239, 251, 127, 149, 191, 107,
       162, 243, 255, 159, 190, 234, 149, 200, 225, 251, 237, 85, 61,
       103, 36, 78, 103, 184, 104, 232, 127, 72, 215, 119, 137, 51, 148,
       84, 124, 106, 193, 240, 249, 12, 231, 249, 101, 4, 64, 243, 70,
       113, 5, 85, 57, 231, 176, 78, 111, 184, 60, 232, 127, 100, 215,
       119, 137, 112, 54, 92, 62, 106, 193, 176, 121, 14, 229, 255, 39,
       132, 40, 179, 5, 113, 13, 99, 16, 71, 116, 31, 102, 184, 105, 168,
       107, 76, 222, 64, 29, 180, 144, 76, 64, 110, 197, 176, 217, 14,
       38, 188, 5, 4, 74, 179, 75, 133, 120, 188, 187, 112, 27, 236, 81,
       87, 251, 31, 36, 24, 54, 183, 64, 56, 161, 58, 104, 16, 18, 111,
       178, 55, 219, 223, 16, 123, 192, 0, 198, 107, 245, 98, 149, 48,
       13, 45, 64, 200, 187, 186, 160, 93, 198, 128, 69, 31, 137, 196,
       108, 127, 45, 103, 218, 2, 153, 146, 85, 62, 200, 121, 82, 4, 124,
       197, 92, 103, 136, 74, 71, 172, 97, 162, 174, 8, 215, 115, 9, 115,
       19, 212, 104, 106, 104, 229, 217, 46, 241, 235, 69, 21, 96, 243,
       66, 34, 224, 140, 157, 254, 200, 236, 17, 143, 154, 19, 160, 24,
       182, 247, 64, 91, 193, 115, 106, 16, 34, 79, 218, 51, 205, 178,
       86, 123, 144, 72, 135, 42, 192, 172, 157, 255, 200, 237, 37, 143,
       254, 51, 32, 24, 182, 179, 64, 123, 129, 82, 106, 24, 51, 108,
       219, 51, 205, 178, 86, 120, 144, 64, 135, 170, 209, 136, 189, 91,
       169, 189, 17, 143, 207, 115, 164, 24, 174, 48, 78, 127, 133, 2,
       104, 28, 183, 109, 251, 49, 139, 251, 84, 122, 210, 72, 193, 108,
       220, 60, 189, 115, 168, 110, 81, 154, 242, 255, 167, 24, 215, 119,
       73, 59, 133, 213, 108, 18, 185, 229, 251, 34, 203, 203, 117, 52,
       224, 241, 6, 115, 109, 117, 213, 71, 52, 95, 198, 56, 121, 226,
       35, 108, 223, 120, 153, 180, 23, 84, 244, 106, 233, 240, 253, 142,
       174, 255, 69, 20, 110, 255, 90, 53, 69, 113, 29, 101, 1, 78, 55,
       56, 104, 232, 99, 72, 214, 17, 9, 51, 144, 84, 108, 98, 65, 240,
       249, 76, 229, 185, 33, 6, 72, 51, 67, 35, 69, 119, 17, 7, 50, 14,
       39, 184, 124, 224, 107, 108, 222, 114, 137, 116, 54, 93, 88, 235,
       197, 144, 221, 110, 164, 54, 15, 6, 8, 179, 11, 53, 36, 199, 253,
       75, 24, 75, 71, 152, 86, 36, 237, 200, 211, 69, 137, 112, 93, 220,
       44, 106, 234, 176, 105, 31, 237, 158, 37, 52, 112, 251, 68, 96,
       102, 101, 197, 199, 40, 78, 15, 168, 57, 162, 171, 200, 215, 102,
       77, 183, 87, 213, 120, 226, 105, 66, 201, 42, 189, 182, 205, 60,
       0, 243, 2, 48, 108, 71, 237, 103, 176, 90, 103, 184, 53, 172, 255,
       232, 219, 103, 137, 240, 80, 212, 236, 106, 104, 144, 233, 46,
       231, 247, 101, 149, 34, 243, 70, 33, 252, 103, 252, 103, 170, 63,
       95, 184, 57, 170, 191, 169, 223, 119, 137, 27, 23, 213, 253, 110,
       232, 192, 233, 106, 231, 251, 101, 181, 226, 247, 134, 115, 112,
       168, 223, 120, 140, 232, 81, 87, 162, 19, 172, 8, 55, 151, 64, 58,
       193, 182, 109, 24, 26, 11, 194, 17, 219, 169, 112, 121, 224, 194,
       206, 202, 240, 168, 157, 244, 72, 105, 81, 31, 227, 241, 164, 24,
       55, 177, 66, 123, 129, 246, 108, 16, 26, 111, 218, 49, 219, 225,
       113, 121, 160, 168, 134, 42, 129, 134, 79, 121, 164, 170, 97, 151,
       118, 19, 98, 208, 243, 33, 144, 89, 19, 46, 40, 28, 51, 252, 71,
       63, 12, 170, 116, 64, 236, 192, 208, 40, 108, 229, 40, 126, 57,
       197, 71, 168, 51, 200, 173, 9, 242, 211, 75, 16, 216, 200, 121,
       106, 74, 66, 251, 63, 235, 223, 133, 57, 80, 51, 86, 98, 69, 112,
       145, 229, 17, 78, 102, 152, 56, 232, 107, 72, 222, 55, 73, 50,
       144, 92, 120, 106, 1, 208, 249, 72, 237, 188, 5, 4, 200, 115, 67,
       49, 8, 245, 24, 97, 249, 201, 53, 175, 43, 61, 44, 25, 142, 55,
       74, 16, 131, 27, 193, 16, 82, 88, 209, 53, 239, 213, 21, 119, 194,
       16, 135, 171, 156, 68, 94, 247, 46, 42, 125, 184, 180, 186, 183,
       18, 223, 99, 153, 75, 127, 197, 125, 170, 104, 229, 73, 142, 214,
       235, 251, 148, 100, 251, 97, 33, 96, 245, 56, 112, 217, 205, 21,
       174, 59, 61, 44, 25, 142, 183, 74, 16, 129, 27, 193, 16, 18, 90,
       210, 119, 239, 213, 21, 127, 194, 16, 134, 171, 167, 172, 246,
       251, 237, 191, 252, 207, 191, 187, 240, 24, 234, 234, 116, 123,
       205, 239, 127, 145, 190, 239, 235, 243, 143, 218, 223, 252, 208,
       220, 227, 141, 130, 172, 254, 159, 236, 171, 252, 207, 63, 179,
       242, 154, 236, 238, 8, 73, 127, 255, 127, 145, 178, 255, 203, 247,
       156, 50, 223, 202, 149, 120, 241, 153, 144, 172, 223, 255, 238,
       175, 253, 223, 62, 187, 250, 26, 245, 239, 0, 88, 255, 239, 127,
       145, 50, 254, 203, 119, 220, 175, 255, 200, 149, 200, 225, 137,
       144, 157, 191, 247, 180, 174, 127, 183, 54, 171, 218, 114, 247,
       115, 0, 65, 119, 127, 125, 41, 248, 216, 73, 47, 237, 175, 255,
       192, 164, 240, 161, 169, 89, 172, 150, 30, 173, 189, 68, 239, 255,
       155, 170, 92, 238, 224, 214, 223, 161, 230, 108, 13, 183, 111,
       154, 115, 184, 126, 87, 62, 202, 116, 203, 12, 45, 99, 64, 7, 116,
       31, 102, 184, 101, 172, 127, 72, 195, 64, 159, 148, 24, 76, 68,
       110, 204, 176, 77, 12, 38, 252, 37, 4, 66, 183, 90, 132, 212, 80,
       157, 247, 40, 76, 68, 152, 174, 186, 163, 80, 247, 247, 73, 123,
       133, 85, 124, 106, 105, 69, 219, 33, 193, 162, 115, 16, 8, 115, 3,
       51, 13, 117, 57, 103, 113, 79, 103, 184, 121, 232, 111, 8, 223,
       85, 9, 48, 144, 92, 84, 106, 193, 240, 249, 12, 103, 221, 33, 4,
       66, 179, 71, 243, 69, 113, 17, 69, 17, 78, 119, 48, 105, 192, 107,
       8, 222, 16, 5, 52, 144, 68, 88, 106, 193, 240, 241, 76, 39, 188,
       0, 6, 72, 51, 67, 38, 229, 189, 252, 119, 182, 63, 118, 186, 120,
