%YAML:1.0
---
descriptors: !!opencv-matrix
   rows: 145
   cols: 32
   dt: u
   data: [ 100, 225, 184, 122, 137, 77, 87, 172, 226, 183, 172, 8, 82,
       117, 74, 50, 153, 210, 105, 122, 90, 99, 250, 49, 235, 159, 69,
       125, 210, 115, 198, 98, 249, 190, 92, 178, 170, 141, 88, 159, 178,
       127, 180, 189, 63, 215, 202, 27, 135, 179, 253, 20, 62, 79, 138,
       51, 218, 203, 117, 249, 162, 196, 143, 91, 221, 34, 156, 182, 172,
       56, 88, 26, 251, 187, 163, 89, 207, 227, 203, 219, 131, 199, 108,
       30, 60, 69, 207, 2, 210, 251, 119, 61, 160, 241, 10, 1, 96, 176,
       157, 218, 141, 205, 65, 141, 223, 49, 161, 24, 246, 243, 76, 122,
       137, 218, 104, 16, 27, 107, 219, 113, 153, 146, 85, 126, 216, 72,
       198, 42, 73, 57, 17, 71, 17, 78, 51, 32, 104, 64, 99, 8, 222, 17,
       0, 180, 144, 84, 104, 106, 1, 240, 177, 44, 165, 184, 0, 2, 74,
       35, 67, 34, 252, 4, 124, 118, 168, 110, 85, 187, 160, 178, 175,
       56, 87, 119, 9, 123, 135, 215, 109, 42, 104, 65, 203, 44, 243,
       235, 117, 20, 96, 241, 198, 35, 212, 204, 94, 103, 146, 106, 71,
       174, 180, 162, 174, 16, 83, 115, 9, 83, 49, 214, 76, 234, 120,
       197, 89, 46, 249, 227, 101, 21, 160, 113, 228, 34, 192, 140, 157,
       255, 136, 237, 21, 167, 182, 23, 96, 24, 183, 243, 64, 91, 129,
       122, 104, 8, 114, 76, 218, 51, 205, 163, 117, 120, 144, 80, 135,
       170, 120, 187, 216, 32, 50, 168, 82, 95, 34, 169, 60, 237, 55,
       151, 194, 16, 54, 175, 197, 84, 30, 10, 128, 3, 250, 197, 37, 249,
       168, 192, 142, 11, 116, 197, 125, 101, 22, 79, 67, 184, 100, 160,
       171, 8, 83, 49, 8, 112, 49, 212, 72, 106, 104, 160, 121, 31, 237,
       239, 5, 20, 113, 170, 64, 34, 108, 115, 241, 103, 81, 95, 86, 184,
       97, 168, 187, 72, 195, 105, 93, 50, 152, 212, 229, 98, 204, 242,
       217, 8, 239, 253, 5, 53, 99, 187, 70, 2, 76, 97, 121, 103, 50, 10,
       127, 56, 41, 164, 111, 169, 223, 55, 137, 112, 22, 93, 253, 110,
       64, 208, 241, 76, 231, 237, 33, 128, 98, 179, 7, 113, 109, 33, 57,
       101, 52, 31, 114, 56, 105, 232, 63, 73, 219, 61, 157, 176, 148,
       68, 125, 110, 196, 240, 233, 12, 231, 253, 33, 20, 66, 167, 82,
       103, 210, 190, 151, 186, 171, 168, 0, 199, 187, 83, 130, 253, 174,
       226, 64, 223, 167, 167, 236, 21, 63, 79, 130, 227, 152, 178, 94,
       122, 136, 68, 163, 29, 240, 162, 255, 112, 8, 233, 81, 87, 162,
       23, 164, 152, 55, 135, 64, 27, 35, 178, 109, 24, 58, 79, 162, 1,
       217, 128, 112, 120, 224, 192, 230, 106, 104, 48, 49, 65, 73, 221,
       65, 16, 107, 57, 36, 8, 146, 23, 68, 184, 128, 28, 72, 24, 11,
       120, 241, 16, 7, 184, 1, 112, 66, 0, 70, 162, 220, 181, 152, 114,
       184, 109, 81, 143, 179, 191, 173, 57, 151, 183, 74, 26, 133, 151,
       237, 16, 58, 75, 219, 19, 219, 199, 117, 125, 224, 64, 142, 3,
       120, 184, 123, 120, 219, 233, 81, 119, 226, 21, 172, 24, 55, 183,
       64, 48, 33, 178, 232, 16, 26, 107, 178, 21, 219, 205, 16, 121,
       240, 0, 198, 106, 217, 174, 62, 186, 235, 173, 92, 223, 179, 59,
       164, 217, 191, 247, 64, 27, 135, 247, 253, 28, 190, 79, 138, 179,
       219, 251, 117, 249, 162, 196, 138, 75, 205, 174, 200, 18, 210,
       120, 39, 207, 114, 247, 6, 190, 208, 226, 202, 251, 115, 206, 234,
       156, 51, 94, 239, 34, 124, 7, 183, 237, 172, 209, 170, 113, 237,
       214, 88, 99, 176, 63, 82, 184, 118, 47, 63, 124, 211, 112, 138,
       113, 23, 198, 76, 62, 190, 52, 109, 63, 238, 207, 37, 116, 250,
       219, 200, 1, 248, 176, 252, 118, 168, 109, 81, 147, 179, 191, 165,
       25, 115, 247, 72, 27, 1, 214, 237, 24, 58, 79, 218, 34, 219, 207,
       117, 121, 226, 192, 198, 34, 220, 4, 221, 116, 168, 40, 93, 191,
       160, 178, 174, 56, 215, 119, 9, 91, 135, 215, 109, 42, 120, 67,
       203, 34, 251, 235, 117, 29, 224, 240, 142, 35, 197, 117, 149, 71,
       180, 14, 103, 184, 122, 170, 43, 76, 214, 49, 89, 50, 149, 68,
       108, 110, 225, 244, 217, 14, 173, 190, 37, 20, 72, 243, 67, 33,
       116, 69, 93, 101, 22, 79, 67, 40, 100, 160, 171, 8, 83, 49, 8,
       112, 48, 212, 72, 106, 104, 176, 121, 30, 241, 175, 1, 20, 113,
       171, 68, 34, 244, 244, 191, 126, 137, 244, 85, 237, 179, 190, 165,
       56, 107, 247, 78, 59, 129, 247, 237, 18, 122, 71, 170, 51, 251,
       251, 117, 255, 34, 113, 134, 99, 118, 101, 146, 190, 139, 98, 6,
       200, 185, 134, 169, 169, 70, 226, 105, 94, 208, 229, 236, 98, 44,
       67, 138, 10, 176, 182, 77, 63, 160, 119, 46, 6, 101, 97, 104, 101,
       52, 11, 122, 40, 105, 160, 111, 9, 211, 9, 29, 16, 146, 76, 121,
       110, 12, 240, 205, 12, 230, 253, 1, 5, 100, 163, 90, 2, 193, 174,
       143, 18, 170, 169, 33, 199, 190, 91, 130, 244, 180, 230, 192, 123,
       39, 102, 106, 28, 179, 77, 167, 115, 156, 34, 126, 120, 136, 64,
       163, 121, 77, 245, 49, 103, 53, 78, 119, 184, 105, 234, 47, 12,
       222, 113, 9, 50, 144, 84, 120, 106, 193, 240, 249, 46, 109, 255,
       5, 6, 74, 115, 71, 243, 76, 52, 189, 103, 137, 110, 55, 152, 122,
       251, 47, 24, 222, 117, 73, 59, 145, 86, 104, 50, 33, 112, 251, 2,
       205, 223, 69, 54, 192, 115, 199, 34, 240, 162, 222, 112, 8, 168,
       81, 87, 162, 23, 164, 153, 55, 135, 66, 27, 33, 178, 109, 16, 58,
       79, 162, 17, 217, 129, 112, 121, 224, 128, 230, 106, 100, 113, 57,
       99, 80, 15, 67, 152, 104, 172, 45, 12, 210, 81, 73, 48, 144, 92,
       64, 122, 64, 240, 249, 12, 111, 157, 5, 52, 64, 179, 70, 162, 244,
       85, 149, 102, 139, 70, 23, 168, 35, 178, 163, 8, 82, 119, 73, 123,
       145, 212, 104, 98, 105, 71, 251, 40, 185, 162, 69, 63, 160, 115,
       6, 34, 248, 168, 223, 82, 201, 248, 81, 199, 179, 23, 164, 24, 46,
       247, 196, 191, 33, 178, 236, 24, 58, 79, 162, 113, 155, 251, 84,
       123, 226, 192, 206, 46, 231, 174, 207, 150, 234, 96, 37, 199, 186,
       247, 160, 189, 6, 166, 198, 91, 75, 207, 108, 148, 63, 79, 238,
       98, 28, 2, 125, 254, 133, 112, 166, 253, 69, 167, 148, 51, 169,
       61, 70, 191, 123, 59, 41, 93, 238, 112, 74, 150, 149, 79, 108, 29,
       182, 104, 219, 55, 172, 222, 85, 126, 200, 70, 139, 5, 241, 164,
       220, 117, 148, 127, 96, 59, 114, 243, 103, 24, 83, 56, 82, 187,
       17, 206, 112, 28, 189, 252, 253, 14, 79, 235, 117, 68, 237, 232,
       218, 4, 76, 93, 39, 30, 25, 214, 39, 176, 244, 196, 203, 5, 224,
       244, 43, 245, 80, 102, 234, 98, 229, 131, 123, 47, 49, 38, 194,
       10, 26, 55, 52, 118, 116, 119, 138, 166, 24, 15, 23, 248, 130,
       172, 153, 45, 70, 240, 67, 18, 156, 229, 236, 99, 76, 227, 200, 8,
       248, 135, 101, 191, 72, 123, 14, 83, 116, 101, 72, 101, 85, 11,
       103, 40, 97, 164, 111, 9, 211, 73, 27, 16, 56, 204, 65, 106, 72,
       176, 217, 14, 231, 237, 1, 21, 101, 187, 94, 2, 208, 168, 159,
       112, 170, 232, 81, 23, 162, 23, 166, 24, 183, 151, 64, 90, 35,
       183, 109, 16, 26, 77, 163, 49, 217, 225, 112, 89, 160, 192, 134,
       106, 193, 190, 239, 119, 162, 170, 37, 183, 118, 91, 70, 244, 241,
       231, 208, 123, 39, 110, 108, 28, 179, 220, 175, 51, 108, 235, 117,
       192, 168, 208, 129, 121, 108, 245, 57, 99, 253, 79, 71, 168, 123,
       120, 45, 8, 210, 117, 77, 48, 145, 92, 80, 106, 75, 112, 249, 23,
       111, 221, 5, 116, 82, 123, 70, 162, 240, 174, 222, 48, 170, 169,
       80, 83, 178, 31, 164, 189, 55, 163, 66, 27, 163, 163, 237, 20, 62,
       79, 130, 49, 218, 195, 112, 121, 232, 192, 10, 11, 248, 34, 202,
       48, 10, 168, 89, 87, 160, 151, 164, 189, 23, 131, 66, 27, 39, 183,
       237, 148, 26, 79, 130, 0, 218, 193, 112, 249, 160, 128, 174, 26,
       228, 103, 177, 71, 112, 79, 103, 184, 96, 172, 43, 72, 211, 101,
       201, 48, 16, 76, 68, 106, 72, 240, 233, 10, 109, 156, 37, 52, 64,
       179, 70, 160, 224, 184, 255, 80, 200, 248, 81, 199, 251, 87, 164,
       24, 50, 254, 68, 59, 161, 179, 108, 16, 62, 111, 178, 115, 91,
       154, 84, 123, 193, 64, 198, 126, 252, 14, 235, 63, 164, 106, 69,
       191, 113, 254, 106, 241, 115, 229, 147, 91, 81, 238, 44, 14, 232,
