%YAML:1.0
---
descriptors: !!opencv-matrix
   rows: 168
   cols: 32
   dt: u
   data: [ 100, 116, 157, 103, 168, 110, 71, 152, 58, 250, 175, 24, 214,
       119, 73, 123, 145, 84, 120, 58, 57, 68, 251, 34, 207, 191, 69,
       116, 192, 115, 198, 98, 100, 229, 156, 114, 137, 77, 87, 169, 34,
       183, 173, 24, 86, 119, 74, 26, 153, 210, 105, 58, 90, 98, 251, 49,
       251, 215, 69, 125, 192, 82, 198, 98, 66, 172, 144, 50, 171, 173,
       20, 143, 187, 63, 136, 29, 174, 170, 66, 155, 129, 83, 232, 17,
       54, 73, 202, 51, 137, 214, 93, 123, 216, 84, 139, 15, 252, 252,
       245, 82, 136, 111, 71, 190, 51, 182, 172, 24, 83, 247, 201, 63,
       17, 214, 108, 90, 123, 99, 251, 50, 251, 239, 37, 52, 226, 243,
       198, 106, 124, 180, 253, 114, 168, 125, 85, 152, 227, 255, 165,
       24, 83, 247, 72, 59, 5, 214, 108, 56, 59, 99, 251, 16, 219, 235,
       117, 125, 226, 241, 198, 115, 252, 52, 189, 118, 173, 108, 85,
       152, 242, 187, 181, 24, 223, 255, 73, 59, 137, 214, 237, 26, 56,
       103, 250, 34, 219, 203, 117, 61, 226, 113, 198, 35, 244, 68, 92,
       118, 168, 74, 95, 168, 176, 178, 167, 24, 215, 115, 9, 91, 3, 213,
       108, 106, 104, 103, 203, 14, 243, 235, 101, 21, 96, 241, 78, 34,
       224, 201, 149, 253, 157, 205, 69, 174, 155, 57, 160, 24, 182, 51,
       76, 114, 129, 83, 104, 64, 107, 110, 211, 55, 173, 178, 84, 58,
       80, 24, 196, 42, 192, 140, 157, 255, 184, 236, 21, 151, 178, 23,
       104, 24, 183, 243, 64, 91, 129, 122, 104, 24, 50, 72, 218, 51,
       205, 167, 117, 120, 144, 80, 135, 170, 212, 166, 188, 247, 172,
       47, 93, 189, 202, 190, 179, 56, 215, 105, 201, 11, 135, 87, 109,
       43, 248, 101, 203, 34, 233, 139, 117, 52, 192, 249, 129, 35, 193,
       156, 189, 123, 137, 189, 21, 143, 222, 123, 160, 24, 246, 112, 72,
       107, 133, 83, 104, 16, 183, 108, 251, 49, 141, 219, 85, 126, 216,
       88, 129, 79, 213, 84, 29, 127, 168, 110, 87, 184, 112, 250, 167,
       80, 215, 119, 137, 123, 149, 84, 124, 106, 105, 69, 249, 46, 225,
       235, 101, 20, 72, 243, 98, 49, 109, 103, 148, 103, 180, 31, 102,
       184, 105, 170, 63, 76, 215, 96, 155, 181, 144, 76, 108, 110, 205,
       240, 201, 44, 174, 223, 37, 20, 74, 251, 74, 5, 96, 48, 57, 65,
       105, 221, 113, 1, 107, 57, 36, 8, 146, 21, 68, 57, 128, 28, 72,
       24, 3, 56, 241, 16, 71, 184, 16, 118, 66, 0, 70, 162, 108, 97, 57,
       103, 32, 14, 103, 184, 105, 172, 111, 72, 211, 115, 73, 54, 148,
       92, 76, 106, 192, 240, 249, 40, 231, 253, 37, 20, 66, 179, 70, 33,
       108, 103, 241, 103, 168, 74, 71, 184, 33, 174, 175, 136, 211, 103,
       201, 22, 16, 196, 108, 106, 72, 208, 233, 8, 239, 254, 101, 52,
       66, 243, 70, 96, 124, 105, 56, 106, 157, 77, 87, 232, 194, 180,
       172, 8, 115, 217, 67, 16, 217, 216, 193, 122, 74, 99, 218, 63,
       251, 205, 5, 61, 83, 59, 70, 34, 216, 166, 156, 48, 171, 105, 20,
       143, 186, 191, 165, 57, 143, 167, 74, 27, 131, 151, 237, 16, 58,
       77, 203, 19, 219, 195, 117, 127, 192, 64, 143, 19, 212, 180, 156,
       114, 170, 105, 17, 27, 178, 191, 165, 57, 215, 247, 74, 27, 167,
       151, 237, 16, 58, 71, 171, 2, 219, 195, 117, 125, 224, 96, 135,
       99, 145, 134, 205, 117, 16, 10, 98, 35, 116, 35, 98, 208, 243, 33,
       144, 88, 115, 140, 40, 44, 41, 252, 69, 15, 228, 174, 48, 0, 100,
       160, 80, 40, 220, 48, 189, 114, 168, 104, 81, 24, 178, 191, 167,
       56, 215, 119, 73, 59, 3, 212, 108, 50, 56, 71, 235, 2, 217, 195,
       117, 125, 224, 227, 6, 99, 81, 143, 93, 103, 180, 46, 71, 55, 116,
       8, 122, 68, 243, 35, 144, 112, 22, 102, 108, 44, 185, 184, 69, 47,
       232, 174, 36, 64, 232, 242, 192, 41, 69, 113, 25, 101, 1, 79, 51,
       8, 104, 160, 34, 8, 214, 17, 1, 50, 144, 68, 72, 106, 65, 240,
       177, 12, 197, 152, 1, 22, 72, 51, 67, 34, 252, 176, 253, 112, 168,
       109, 85, 157, 243, 255, 165, 24, 91, 247, 72, 59, 129, 214, 124,
       58, 59, 103, 250, 18, 219, 219, 117, 125, 226, 240, 198, 115, 228,
       188, 157, 218, 252, 173, 69, 143, 251, 59, 161, 88, 246, 240, 76,
       59, 137, 218, 106, 24, 59, 111, 218, 115, 157, 150, 85, 124, 208,
       89, 199, 42, 12, 237, 27, 126, 156, 237, 103, 248, 244, 130, 108,
       0, 243, 241, 40, 96, 89, 122, 34, 106, 105, 242, 218, 47, 237,
       239, 7, 8, 88, 123, 224, 162, 116, 172, 220, 114, 168, 237, 85,
       223, 163, 191, 172, 25, 119, 243, 74, 27, 129, 214, 237, 16, 58,
       111, 218, 50, 219, 195, 117, 125, 224, 192, 206, 10, 85, 69, 95,
       103, 150, 78, 103, 184, 101, 160, 235, 64, 83, 113, 25, 112, 48,
       196, 72, 106, 105, 176, 89, 46, 245, 239, 5, 20, 97, 243, 64, 32,
       212, 13, 94, 247, 154, 106, 69, 174, 180, 178, 166, 24, 119, 99,
       1, 83, 33, 246, 109, 226, 104, 197, 89, 46, 241, 227, 229, 21, 32,
       240, 68, 42, 208, 172, 189, 119, 136, 104, 109, 143, 254, 183,
       162, 16, 247, 227, 88, 123, 3, 119, 104, 152, 56, 205, 239, 34,
       201, 171, 127, 17, 160, 240, 135, 42, 116, 133, 93, 101, 148, 79,
       71, 173, 100, 164, 170, 10, 83, 51, 0, 112, 49, 214, 72, 104, 56,
       185, 121, 30, 249, 175, 5, 84, 225, 186, 196, 34, 69, 235, 153,
       71, 180, 14, 102, 188, 106, 232, 42, 76, 215, 97, 89, 50, 144, 68,
       108, 126, 193, 240, 249, 110, 173, 188, 37, 4, 72, 179, 67, 32,
       197, 152, 189, 127, 168, 237, 21, 143, 222, 51, 160, 24, 246, 112,
       73, 123, 129, 83, 104, 16, 50, 109, 219, 49, 201, 162, 85, 58,
       208, 88, 129, 42, 201, 190, 159, 27, 170, 168, 33, 151, 182, 91,
       66, 244, 181, 227, 192, 123, 39, 110, 106, 28, 51, 92, 175, 51,
       76, 35, 118, 192, 136, 192, 163, 185, 108, 229, 57, 111, 89, 77,
       67, 168, 3, 116, 173, 8, 242, 87, 8, 52, 217, 88, 89, 106, 75, 2,
       251, 53, 231, 253, 1, 60, 82, 59, 70, 98, 220, 52, 189, 118, 137,
       108, 85, 154, 243, 187, 175, 24, 223, 119, 73, 59, 129, 214, 108,
       26, 57, 103, 251, 2, 219, 219, 117, 60, 192, 113, 198, 34, 240,
       40, 255, 112, 10, 200, 81, 87, 162, 159, 164, 56, 23, 151, 64, 27,
       35, 176, 109, 24, 10, 79, 162, 0, 209, 193, 112, 120, 224, 128,
       102, 123, 248, 170, 220, 112, 170, 233, 81, 87, 163, 55, 164, 57,
       55, 167, 66, 27, 39, 178, 109, 16, 58, 111, 130, 19, 219, 195,
       113, 121, 224, 192, 134, 43, 97, 48, 17, 65, 97, 77, 113, 0, 105,
       104, 34, 8, 158, 23, 68, 48, 128, 20, 72, 88, 1, 48, 241, 0, 199,
       152, 0, 114, 72, 2, 67, 178, 44, 165, 177, 65, 221, 111, 115, 136,
       122, 241, 41, 24, 214, 53, 73, 190, 145, 94, 96, 122, 49, 112,
       249, 18, 13, 158, 5, 119, 194, 107, 199, 162, 77, 113, 17, 71,
       105, 76, 54, 8, 105, 200, 45, 8, 222, 19, 77, 190, 128, 84, 104,
       106, 65, 96, 243, 64, 71, 248, 64, 46, 74, 51, 67, 179, 101, 103,
       121, 71, 112, 78, 103, 184, 105, 172, 107, 72, 211, 97, 137, 48,
       144, 92, 68, 106, 73, 176, 233, 44, 239, 188, 37, 52, 66, 179, 70,
       33, 240, 168, 255, 82, 203, 248, 81, 215, 251, 83, 164, 24, 42,
       151, 196, 63, 163, 178, 236, 16, 63, 79, 178, 113, 155, 219, 84,
       123, 227, 192, 238, 46, 253, 84, 223, 116, 42, 78, 71, 185, 240,
       242, 162, 88, 87, 119, 137, 123, 50, 244, 124, 106, 105, 101, 187,
       10, 241, 235, 101, 20, 104, 240, 194, 48, 253, 175, 104, 33, 132,
       46, 207, 185, 104, 164, 187, 29, 211, 104, 94, 18, 19, 198, 108,
       127, 252, 114, 205, 38, 254, 141, 37, 116, 229, 243, 210, 66, 124,
       177, 253, 118, 169, 109, 85, 216, 227, 185, 173, 8, 91, 247, 72,
       59, 131, 246, 253, 26, 26, 99, 250, 0, 219, 251, 117, 61, 226,
       242, 198, 99, 229, 180, 149, 242, 237, 45, 65, 142, 251, 187, 160,
       88, 214, 241, 76, 63, 137, 210, 110, 16, 59, 103, 218, 51, 173,
       154, 85, 126, 208, 88, 194, 35, 112, 164, 220, 50, 168, 109, 84,
       207, 178, 183, 169, 25, 87, 243, 74, 27, 129, 215, 109, 16, 62,
       75, 218, 48, 219, 195, 117, 125, 224, 64, 142, 10, 5, 49, 17, 69,
       81, 14, 98, 48, 104, 128, 110, 76, 214, 17, 1, 52, 144, 12, 64,
