%YAML:1.0
---
descriptors: !!opencv-matrix
   rows: 261
   cols: 32
   dt: u
   data: [ 5, 121, 49, 71, 117, 94, 230, 184, 120, 232, 107, 76, 222, 80,
       13, 180, 144, 92, 80, 106, 193, 176, 249, 110, 37, 188, 5, 2, 72,
       51, 67, 182, 221, 38, 148, 178, 168, 60, 72, 154, 235, 187, 179,
       92, 207, 226, 201, 219, 135, 71, 108, 28, 190, 69, 203, 96, 152,
       251, 127, 254, 136, 245, 139, 5, 120, 184, 255, 112, 40, 237, 81,
       95, 163, 255, 164, 24, 51, 247, 66, 59, 7, 246, 236, 0, 43, 111,
       250, 49, 219, 203, 117, 57, 226, 192, 198, 123, 9, 95, 31, 255,
       176, 142, 47, 188, 118, 106, 94, 100, 245, 115, 137, 96, 55, 110,
       62, 110, 225, 216, 121, 63, 228, 175, 47, 128, 8, 243, 129, 185,
       81, 13, 125, 101, 176, 14, 79, 59, 100, 160, 170, 64, 215, 51, 1,
       112, 54, 246, 92, 106, 73, 176, 121, 14, 239, 239, 37, 20, 96,
       242, 192, 40, 252, 188, 253, 86, 184, 110, 69, 191, 178, 191, 160,
       24, 115, 119, 200, 59, 1, 214, 108, 40, 56, 79, 251, 47, 249, 235,
       117, 60, 224, 240, 198, 97, 252, 108, 252, 114, 141, 105, 87, 222,
       211, 182, 180, 24, 83, 113, 75, 31, 25, 214, 236, 122, 40, 103,
       251, 50, 123, 203, 85, 61, 243, 249, 198, 34, 253, 113, 253, 102,
       40, 78, 71, 56, 97, 250, 183, 72, 211, 119, 201, 51, 22, 212, 124,
       106, 201, 99, 249, 8, 243, 233, 101, 52, 107, 243, 70, 115, 252,
       30, 191, 116, 168, 44, 85, 183, 160, 186, 182, 120, 87, 119, 1,
       91, 135, 247, 109, 34, 104, 101, 203, 32, 211, 235, 117, 152, 96,
       240, 198, 35, 93, 213, 125, 103, 176, 78, 79, 188, 96, 232, 190,
       96, 119, 119, 137, 114, 54, 214, 124, 106, 233, 129, 121, 46, 243,
       239, 37, 148, 104, 242, 192, 57, 108, 52, 189, 99, 173, 111, 83,
       152, 91, 255, 181, 24, 223, 29, 73, 59, 153, 212, 252, 58, 59,
       102, 249, 18, 207, 223, 65, 127, 194, 123, 70, 115, 232, 181, 21,
       99, 141, 77, 84, 189, 127, 59, 43, 24, 222, 123, 72, 240, 145, 22,
       104, 48, 123, 112, 219, 147, 175, 223, 85, 119, 210, 74, 196, 2,
       84, 157, 125, 231, 180, 110, 79, 184, 52, 232, 191, 96, 215, 119,
       137, 112, 54, 214, 93, 106, 249, 145, 121, 62, 233, 237, 37, 148,
       32, 243, 192, 49, 164, 120, 91, 69, 96, 78, 99, 16, 96, 202, 102,
       72, 115, 87, 129, 60, 24, 124, 64, 106, 9, 180, 241, 8, 69, 168,
       32, 0, 99, 179, 70, 160, 84, 165, 189, 114, 155, 233, 85, 207,
       178, 55, 173, 24, 31, 231, 72, 26, 35, 147, 233, 16, 26, 107, 186,
       50, 217, 199, 85, 125, 224, 64, 135, 98, 214, 164, 246, 159, 236,
       41, 252, 239, 191, 187, 242, 154, 236, 238, 92, 91, 255, 223, 127,
       145, 178, 119, 203, 243, 158, 186, 223, 236, 149, 104, 227, 145,
       77, 253, 157, 67, 188, 111, 231, 188, 82, 251, 15, 88, 211, 113,
       217, 42, 17, 70, 120, 122, 243, 116, 249, 50, 109, 143, 101, 116,
       200, 251, 209, 32, 248, 174, 220, 114, 138, 233, 85, 199, 179,
       183, 164, 185, 47, 231, 64, 27, 163, 247, 237, 16, 58, 79, 138,
       48, 219, 195, 117, 125, 224, 192, 134, 107, 69, 113, 17, 69, 69,
       78, 102, 56, 104, 232, 107, 8, 222, 16, 13, 54, 144, 92, 80, 106,
       69, 240, 217, 72, 37, 188, 5, 6, 72, 51, 75, 150, 77, 71, 20, 69,
       48, 30, 102, 184, 125, 168, 106, 68, 211, 66, 145, 244, 20, 68,
       108, 110, 232, 176, 77, 14, 166, 254, 37, 4, 74, 179, 72, 5, 248,
       170, 222, 250, 138, 169, 89, 215, 178, 23, 164, 185, 55, 231, 66,
       27, 39, 179, 237, 144, 58, 79, 138, 51, 219, 195, 112, 121, 162,
       192, 166, 43, 248, 158, 248, 120, 170, 169, 81, 215, 131, 31, 180,
       57, 51, 145, 98, 27, 9, 178, 205, 16, 58, 111, 66, 49, 219, 201,
       116, 121, 243, 200, 206, 11, 100, 113, 56, 101, 0, 15, 67, 24, 96,
       172, 37, 12, 210, 19, 9, 19, 20, 84, 64, 106, 72, 240, 249, 8, 69,
       152, 33, 20, 64, 179, 66, 160, 77, 181, 149, 103, 241, 95, 118,
       168, 123, 234, 39, 8, 222, 112, 76, 183, 145, 92, 112, 114, 113,
       240, 249, 10, 111, 223, 69, 6, 202, 115, 203, 183, 205, 245, 145,
       71, 181, 95, 103, 184, 121, 234, 47, 12, 214, 113, 77, 183, 145,
       68, 120, 106, 225, 240, 249, 46, 175, 255, 69, 54, 74, 115, 195,
       50, 45, 117, 17, 71, 117, 95, 230, 184, 106, 232, 43, 72, 214,
       112, 77, 180, 144, 92, 82, 106, 193, 240, 121, 12, 45, 156, 5, 52,
       74, 59, 66, 164, 29, 93, 27, 103, 176, 14, 111, 184, 116, 202,
       126, 100, 247, 115, 137, 112, 54, 110, 28, 110, 233, 144, 121, 46,
       228, 239, 37, 128, 104, 243, 1, 49, 121, 5, 93, 103, 184, 74, 79,
       53, 97, 160, 170, 8, 215, 51, 0, 115, 34, 246, 124, 106, 121, 176,
       121, 44, 245, 233, 101, 16, 96, 178, 194, 32, 166, 252, 99, 19,
       229, 249, 116, 151, 249, 95, 113, 189, 34, 220, 30, 29, 137, 186,
       197, 22, 254, 118, 250, 163, 39, 122, 84, 203, 195, 92, 214, 215,
       125, 221, 125, 103, 176, 78, 71, 188, 96, 232, 190, 72, 247, 119,
       137, 115, 20, 214, 124, 106, 233, 161, 249, 44, 227, 233, 101,
       148, 96, 243, 70, 57, 93, 93, 125, 102, 168, 78, 87, 188, 96, 168,
       191, 72, 215, 119, 137, 115, 20, 212, 124, 106, 201, 131, 249, 44,
       243, 233, 101, 20, 96, 179, 198, 113, 108, 116, 189, 99, 45, 111,
       83, 152, 91, 255, 165, 24, 223, 93, 73, 59, 153, 212, 125, 122,
       43, 102, 251, 18, 207, 223, 97, 124, 194, 123, 70, 115, 237, 181,
       21, 99, 169, 47, 84, 57, 123, 187, 41, 88, 222, 115, 72, 248, 145,
       28, 108, 56, 62, 116, 217, 22, 207, 223, 69, 118, 218, 74, 202, 3,
       148, 92, 25, 231, 180, 46, 79, 184, 52, 174, 223, 112, 247, 119,
       137, 80, 119, 254, 29, 42, 105, 148, 105, 46, 233, 239, 39, 148,
       160, 243, 133, 97, 253, 120, 189, 119, 40, 78, 87, 152, 113, 190,
       165, 8, 215, 87, 73, 59, 148, 212, 124, 106, 233, 102, 251, 32,
       195, 249, 101, 52, 96, 179, 70, 115, 37, 101, 19, 71, 157, 143,
       102, 248, 118, 160, 107, 0, 211, 241, 121, 36, 89, 108, 34, 122,
       73, 240, 122, 30, 173, 156, 5, 44, 88, 59, 80, 160, 104, 253, 180,
       254, 141, 221, 84, 175, 219, 19, 172, 25, 190, 185, 64, 18, 201,
       186, 251, 16, 122, 111, 242, 179, 235, 223, 84, 59, 210, 92, 214,
       10, 101, 99, 16, 69, 116, 14, 98, 56, 105, 168, 99, 76, 214, 1,
       25, 52, 144, 76, 68, 110, 193, 176, 209, 12, 165, 188, 33, 4, 72,
       179, 67, 1, 117, 71, 29, 103, 164, 14, 103, 184, 96, 168, 127, 76,
       211, 97, 153, 51, 52, 196, 108, 110, 201, 240, 237, 44, 228, 169,
       101, 20, 104, 243, 82, 33, 84, 112, 189, 246, 10, 96, 21, 143,
       162, 151, 173, 56, 23, 247, 73, 90, 99, 213, 233, 16, 26, 71, 186,
       32, 217, 231, 223, 59, 160, 112, 166, 114, 92, 81, 126, 231, 44,
       15, 126, 184, 172, 184, 191, 34, 223, 127, 25, 67, 254, 213, 127,
       227, 200, 225, 203, 140, 230, 251, 239, 148, 36, 187, 33, 3, 182,
       172, 134, 154, 139, 233, 4, 239, 191, 151, 160, 25, 102, 240, 108,
       159, 201, 243, 232, 17, 62, 79, 90, 51, 153, 146, 93, 63, 208,
       124, 174, 14, 92, 240, 188, 241, 44, 12, 89, 24, 175, 249, 183,
       40, 223, 223, 72, 123, 198, 213, 125, 88, 138, 65, 251, 128, 203,
       249, 113, 252, 130, 131, 3, 115, 120, 176, 188, 240, 41, 205, 89,
       25, 187, 249, 180, 8, 191, 159, 72, 123, 134, 149, 253, 24, 138,
       111, 242, 17, 219, 251, 112, 123, 194, 128, 71, 123, 229, 75, 85,
       103, 36, 14, 103, 184, 112, 170, 114, 76, 211, 97, 153, 51, 18,
       100, 108, 110, 233, 244, 205, 42, 228, 170, 101, 132, 104, 179,
       82, 33, 248, 180, 182, 248, 45, 253, 81, 87, 255, 123, 180, 24,
       190, 189, 64, 59, 205, 179, 253, 24, 186, 111, 242, 147, 219, 219,
       80, 123, 194, 76, 70, 91, 234, 188, 180, 252, 173, 173, 220, 255,
       191, 187, 184, 24, 170, 191, 84, 91, 201, 247, 255, 0, 186, 111,
       211, 243, 159, 250, 215, 122, 210, 200, 210, 11, 232, 188, 180,
       248, 173, 253, 88, 127, 255, 59, 182, 24, 175, 191, 68, 59, 201,
       179, 255, 24, 186, 111, 242, 147, 219, 251, 87, 122, 210, 204,
       210, 27, 242, 124, 246, 253, 237, 175, 252, 207, 191, 186, 242,
