%YAML:1.0
---
descriptors: !!opencv-matrix
   rows: 309
   cols: 32
   dt: u
   data: [ 240, 176, 255, 112, 40, 204, 81, 19, 179, 253, 164, 60, 23,
       151, 64, 27, 7, 148, 109, 24, 27, 75, 178, 0, 219, 195, 113, 248,
       224, 128, 6, 115, 1, 117, 51, 71, 113, 78, 119, 48, 121, 192, 107,
       72, 254, 117, 13, 180, 146, 124, 80, 106, 65, 240, 185, 14, 39,
       190, 5, 2, 74, 50, 67, 178, 37, 117, 49, 65, 85, 79, 103, 168,
       106, 224, 42, 8, 214, 117, 69, 180, 145, 124, 66, 122, 65, 240,
       121, 28, 45, 156, 5, 54, 72, 59, 67, 162, 69, 116, 145, 71, 193,
       110, 103, 156, 122, 234, 42, 72, 214, 115, 73, 62, 144, 84, 104,
       122, 1, 244, 249, 42, 45, 190, 69, 54, 200, 115, 67, 56, 44, 225,
       57, 107, 93, 77, 87, 168, 66, 53, 45, 8, 242, 85, 72, 48, 153, 90,
       64, 106, 74, 98, 251, 53, 101, 221, 1, 63, 82, 27, 198, 162, 120,
       185, 253, 116, 168, 237, 85, 151, 162, 255, 164, 24, 19, 183, 66,
       59, 1, 246, 252, 24, 27, 107, 242, 32, 219, 235, 117, 125, 224,
       192, 198, 123, 5, 221, 159, 255, 176, 46, 47, 191, 118, 202, 90,
       100, 245, 115, 136, 96, 55, 126, 54, 174, 241, 216, 121, 47, 236,
       175, 47, 128, 8, 242, 161, 185, 117, 87, 77, 103, 180, 14, 79,
       184, 112, 234, 251, 236, 211, 97, 153, 112, 20, 196, 108, 110,
       233, 176, 109, 46, 232, 174, 37, 148, 104, 243, 82, 33, 224, 172,
       156, 250, 204, 237, 85, 143, 218, 27, 164, 24, 182, 243, 72, 123,
       129, 82, 106, 24, 51, 111, 218, 51, 205, 163, 119, 121, 216, 88,
       199, 42, 93, 77, 125, 103, 180, 78, 71, 184, 100, 160, 170, 64,
       215, 115, 9, 113, 50, 212, 124, 106, 105, 176, 89, 44, 235, 235,
       37, 20, 96, 243, 192, 32, 252, 172, 245, 118, 136, 110, 71, 191,
       178, 191, 165, 24, 115, 119, 200, 59, 1, 214, 108, 42, 120, 71,
       251, 47, 251, 235, 117, 60, 226, 241, 198, 32, 237, 112, 189, 103,
       44, 126, 71, 152, 99, 250, 165, 24, 211, 85, 73, 59, 145, 212,
       124, 122, 169, 116, 249, 2, 199, 219, 101, 52, 202, 251, 70, 114,
       125, 93, 125, 103, 164, 78, 71, 188, 96, 232, 191, 72, 211, 119,
       137, 51, 54, 244, 124, 106, 201, 225, 249, 44, 243, 233, 101, 20,
       106, 243, 70, 49, 108, 116, 189, 99, 45, 111, 83, 152, 107, 255,
       165, 24, 223, 93, 77, 59, 145, 212, 124, 122, 35, 100, 251, 16,
       207, 219, 69, 116, 194, 251, 71, 115, 208, 141, 92, 245, 154, 106,
       79, 175, 180, 162, 174, 16, 247, 99, 0, 83, 35, 247, 109, 170,
       120, 205, 89, 47, 233, 227, 101, 17, 32, 240, 196, 42, 104, 181,
       149, 99, 157, 109, 84, 159, 127, 59, 169, 24, 222, 59, 72, 250,
       145, 22, 104, 16, 27, 104, 219, 145, 239, 223, 85, 119, 210, 72,
       192, 2, 221, 149, 57, 239, 180, 46, 79, 191, 52, 232, 255, 64,
       215, 119, 136, 112, 86, 222, 93, 126, 249, 144, 121, 62, 233, 237,
       37, 212, 40, 243, 128, 49, 252, 112, 189, 98, 40, 78, 83, 152,
       251, 250, 167, 24, 215, 87, 73, 59, 148, 212, 124, 122, 41, 103,
       251, 32, 211, 219, 101, 52, 200, 243, 70, 115, 236, 180, 189, 115,
       173, 109, 81, 152, 123, 127, 165, 24, 222, 125, 72, 59, 145, 18,
       236, 58, 59, 100, 251, 16, 207, 219, 81, 127, 194, 75, 70, 242,
       224, 156, 159, 254, 136, 236, 17, 135, 150, 151, 96, 24, 247, 243,
       32, 89, 193, 122, 41, 16, 58, 78, 218, 51, 201, 167, 117, 120,
       144, 72, 135, 170, 100, 109, 27, 86, 93, 198, 199, 224, 249, 128,
       232, 8, 114, 254, 53, 48, 216, 253, 122, 195, 73, 227, 154, 110,
       57, 62, 135, 24, 65, 51, 102, 162, 230, 237, 222, 255, 252, 171,
       254, 238, 191, 179, 251, 18, 255, 235, 125, 75, 251, 207, 127,
       179, 58, 103, 203, 251, 252, 191, 255, 252, 197, 251, 227, 130,
       232, 180, 189, 250, 173, 237, 81, 15, 223, 127, 172, 24, 190, 189,
       72, 59, 201, 147, 235, 16, 58, 110, 242, 147, 207, 219, 84, 123,
       210, 72, 198, 106, 248, 172, 191, 252, 157, 237, 85, 231, 223,
       211, 172, 24, 190, 189, 36, 59, 201, 242, 251, 0, 58, 107, 242,
       187, 251, 255, 212, 123, 210, 88, 214, 106, 69, 103, 148, 71, 176,
       62, 102, 152, 106, 186, 43, 84, 222, 98, 201, 254, 151, 68, 108,
       126, 145, 208, 201, 98, 172, 190, 103, 68, 136, 243, 139, 5, 69,
       241, 149, 87, 25, 79, 19, 168, 122, 240, 35, 8, 246, 113, 73, 50,
       145, 84, 104, 106, 35, 224, 251, 57, 45, 158, 69, 54, 72, 51, 67,
       34, 126, 229, 246, 255, 252, 43, 238, 252, 63, 162, 251, 10, 79,
       235, 61, 80, 255, 207, 127, 227, 248, 243, 203, 254, 190, 255,
       207, 188, 167, 251, 243, 128, 190, 237, 246, 255, 254, 11, 254,
       252, 63, 162, 255, 2, 239, 235, 29, 65, 123, 207, 127, 235, 248,
       243, 201, 255, 190, 254, 207, 148, 103, 255, 227, 129, 92, 144,
       188, 247, 172, 76, 89, 152, 175, 187, 183, 56, 223, 255, 72, 123,
       199, 213, 125, 24, 43, 69, 251, 144, 203, 251, 119, 212, 162, 161,
       7, 115, 216, 176, 188, 248, 41, 220, 89, 24, 171, 123, 181, 24,
       159, 191, 72, 122, 135, 145, 253, 24, 187, 79, 251, 145, 219, 219,
       115, 255, 130, 128, 71, 115, 249, 188, 190, 248, 173, 253, 80, 87,
       251, 123, 180, 24, 191, 157, 70, 63, 205, 179, 255, 24, 186, 111,
       242, 147, 219, 251, 84, 123, 210, 200, 198, 91, 237, 112, 189,
       103, 37, 15, 103, 156, 123, 250, 39, 12, 214, 81, 89, 59, 144, 68,
       120, 122, 97, 244, 249, 40, 231, 219, 69, 52, 200, 123, 66, 34,
       108, 180, 189, 97, 141, 111, 83, 137, 91, 183, 37, 24, 214, 53,
       72, 58, 145, 84, 232, 50, 50, 112, 249, 19, 207, 215, 69, 119,
       192, 75, 198, 34, 206, 172, 148, 186, 139, 233, 16, 142, 187, 31,
       128, 57, 174, 234, 74, 155, 129, 115, 233, 17, 54, 79, 202, 179,
       153, 210, 93, 123, 144, 69, 143, 6, 205, 180, 157, 65, 129, 126,
       117, 23, 123, 243, 47, 28, 158, 55, 66, 254, 133, 86, 120, 24, 49,
       216, 241, 66, 207, 255, 85, 70, 138, 96, 138, 50, 248, 170, 216,
       114, 138, 233, 81, 215, 163, 183, 164, 185, 47, 199, 66, 26, 39,
       243, 237, 16, 26, 79, 138, 32, 219, 193, 53, 125, 226, 128, 134,
       107, 69, 113, 145, 69, 65, 78, 118, 0, 104, 232, 35, 8, 222, 18,
       69, 182, 144, 84, 96, 106, 65, 240, 145, 0, 37, 184, 69, 6, 72,
       51, 67, 166, 100, 99, 57, 71, 112, 14, 103, 56, 104, 172, 111, 72,
       215, 19, 9, 48, 144, 76, 68, 106, 64, 176, 249, 12, 101, 184, 33,
       4, 64, 179, 70, 161, 100, 99, 209, 71, 112, 74, 103, 40, 32, 164,
       107, 136, 211, 103, 201, 86, 16, 204, 108, 106, 72, 240, 233, 8,
       229, 164, 37, 20, 64, 179, 70, 96, 248, 180, 247, 114, 171, 233,
       85, 223, 179, 63, 165, 56, 15, 247, 72, 191, 39, 147, 236, 24, 58,
       79, 234, 51, 219, 211, 85, 127, 226, 192, 198, 107, 37, 117, 17,
       71, 85, 95, 102, 56, 104, 224, 43, 72, 214, 112, 69, 180, 144,
       124, 82, 106, 65, 240, 249, 12, 45, 156, 5, 50, 74, 59, 67, 166,
       36, 225, 57, 73, 217, 79, 87, 168, 106, 49, 45, 8, 214, 85, 72,
       48, 145, 92, 64, 122, 67, 48, 249, 21, 111, 157, 5, 118, 80, 59,
       198, 162, 120, 185, 255, 112, 168, 205, 81, 247, 162, 189, 164, 8,
       59, 183, 64, 59, 167, 182, 253, 16, 26, 75, 242, 49, 219, 203,
       117, 121, 227, 128, 198, 107, 5, 95, 31, 39, 176, 14, 103, 184,
       116, 234, 122, 100, 247, 97, 153, 112, 23, 108, 44, 110, 225, 176,
       109, 46, 236, 174, 37, 128, 104, 243, 64, 49, 21, 221, 27, 103,
       176, 14, 111, 188, 116, 234, 126, 100, 247, 115, 137, 112, 55,
       126, 60, 110, 233, 144, 121, 47, 236, 175, 39, 128, 40, 243, 33,
       57, 208, 188, 159, 242, 170, 237, 5, 143, 186, 187, 128, 121, 151,
       247, 72, 91, 167, 247, 125, 16, 59, 79, 186, 51, 217, 162, 127,
       248, 128, 80, 135, 123, 96, 184, 157, 250, 200, 237, 21, 207, 218,
       59, 161, 24, 182, 243, 72, 123, 129, 82, 106, 24, 51, 107, 218,
       49, 205, 130, 117, 124, 216, 72, 199, 170, 252, 244, 253, 118,
       169, 108, 85, 191, 179, 190, 165, 24, 115, 247, 201, 59, 1, 214,
       236, 42, 120, 103, 251, 34, 251, 235, 117, 124, 227, 241, 198, 99,
       99, 178, 234, 22, 98, 244, 185, 111, 248, 71, 113, 189, 44, 252,
