%YAML:1.0
---
descriptors: !!opencv-matrix
   rows: 209
   cols: 32
   dt: u
   data: [ 205, 117, 61, 103, 32, 78, 103, 184, 104, 232, 127, 72, 215,
       119, 137, 51, 148, 84, 124, 106, 193, 240, 249, 8, 231, 249, 101,
       4, 64, 179, 71, 113, 101, 53, 209, 101, 240, 109, 71, 154, 114,
       161, 104, 72, 211, 51, 193, 180, 16, 222, 68, 24, 25, 50, 217, 26,
       189, 140, 37, 52, 232, 242, 66, 32, 204, 184, 188, 242, 173, 189,
       89, 146, 251, 59, 181, 24, 190, 223, 65, 59, 133, 243, 125, 30,
       186, 109, 250, 241, 219, 219, 117, 122, 194, 209, 67, 59, 200,
       184, 188, 250, 173, 189, 81, 159, 255, 59, 181, 24, 254, 255, 92,
       59, 133, 243, 255, 24, 186, 103, 250, 241, 223, 219, 81, 122, 210,
       72, 194, 3, 216, 248, 189, 250, 41, 221, 89, 218, 171, 126, 181,
       44, 190, 255, 67, 59, 135, 243, 253, 66, 11, 79, 250, 177, 219,
       219, 125, 187, 210, 81, 7, 123, 108, 112, 189, 99, 169, 111, 83,
       152, 123, 254, 37, 8, 215, 117, 73, 58, 145, 84, 124, 122, 9, 116,
       249, 16, 207, 219, 101, 116, 192, 251, 70, 115, 108, 112, 185, 97,
       37, 111, 115, 24, 107, 254, 39, 8, 214, 85, 73, 58, 145, 84, 120,
       122, 1, 244, 249, 8, 207, 217, 5, 52, 194, 123, 71, 115, 244, 36,
       156, 167, 141, 44, 70, 136, 51, 179, 163, 24, 215, 113, 73, 155,
       145, 196, 104, 58, 58, 71, 219, 2, 217, 211, 69, 60, 160, 123,
       218, 2, 116, 100, 140, 229, 141, 106, 71, 168, 162, 182, 171, 9,
       215, 97, 73, 27, 17, 196, 105, 122, 104, 71, 219, 10, 249, 227,
       69, 53, 160, 123, 86, 2, 68, 81, 157, 167, 168, 76, 95, 184, 160,
       234, 143, 108, 215, 119, 9, 82, 6, 85, 125, 110, 73, 193, 217, 32,
       237, 162, 111, 148, 40, 243, 135, 115, 116, 0, 248, 184, 207, 169,
       81, 67, 95, 21, 229, 27, 135, 137, 106, 88, 233, 155, 130, 17, 30,
       50, 214, 144, 211, 193, 16, 125, 241, 72, 206, 194, 200, 140, 157,
       255, 168, 237, 21, 183, 182, 31, 96, 24, 183, 243, 64, 91, 1, 122,
       104, 24, 50, 76, 250, 51, 205, 163, 116, 56, 144, 80, 135, 170,
       220, 196, 220, 118, 170, 74, 95, 172, 48, 178, 166, 24, 87, 119,
       9, 91, 19, 213, 109, 106, 104, 101, 203, 46, 243, 235, 101, 21,
       96, 241, 198, 34, 35, 169, 162, 88, 221, 189, 233, 199, 239, 81,
       232, 28, 160, 136, 118, 36, 205, 11, 83, 157, 151, 43, 246, 243,
       13, 28, 158, 122, 201, 12, 243, 188, 52, 79, 83, 71, 116, 11, 230,
       168, 116, 160, 106, 64, 99, 97, 149, 212, 122, 236, 66, 110, 72,
       176, 77, 46, 52, 172, 5, 4, 99, 251, 66, 32, 252, 229, 157, 98,
       137, 109, 87, 136, 3, 178, 173, 8, 214, 119, 73, 159, 145, 212,
       232, 114, 58, 99, 219, 18, 251, 211, 69, 127, 210, 123, 70, 34,
       197, 132, 157, 103, 168, 46, 100, 191, 116, 187, 163, 80, 211, 51,
       136, 123, 17, 70, 108, 42, 57, 244, 203, 10, 140, 174, 117, 20,
       232, 240, 192, 32, 236, 37, 189, 103, 148, 111, 71, 188, 112, 174,
       231, 24, 211, 117, 9, 51, 145, 214, 124, 106, 56, 240, 249, 42,
       239, 223, 101, 20, 194, 251, 214, 98, 124, 34, 248, 112, 168, 45,
       81, 154, 227, 183, 173, 56, 23, 177, 73, 26, 129, 214, 236, 16,
       26, 99, 202, 16, 219, 197, 117, 125, 226, 201, 70, 3, 76, 85, 61,
       231, 48, 78, 103, 184, 32, 232, 191, 72, 215, 119, 137, 115, 22,
       212, 125, 106, 233, 208, 249, 12, 229, 235, 101, 148, 32, 243, 68,
       113, 232, 172, 180, 251, 173, 173, 216, 159, 255, 187, 180, 24,
       238, 233, 92, 27, 205, 226, 127, 24, 186, 111, 202, 243, 207, 219,
       117, 248, 210, 200, 210, 1, 197, 212, 157, 119, 136, 46, 70, 184,
       120, 250, 167, 88, 214, 115, 9, 123, 145, 86, 120, 106, 97, 196,
       249, 42, 133, 255, 101, 20, 136, 115, 195, 49, 229, 104, 151, 85,
       12, 78, 100, 128, 235, 178, 162, 72, 214, 17, 65, 127, 129, 100,
       104, 74, 73, 101, 211, 32, 133, 186, 85, 16, 64, 113, 66, 40, 69,
       231, 157, 103, 180, 14, 103, 184, 122, 184, 59, 76, 215, 96, 217,
       50, 145, 68, 108, 126, 241, 240, 249, 46, 237, 191, 101, 68, 200,
       243, 194, 33, 212, 36, 157, 54, 136, 44, 69, 138, 178, 186, 163,
       24, 215, 115, 73, 27, 129, 198, 125, 26, 40, 69, 219, 2, 209, 235,
       117, 60, 224, 113, 67, 34, 236, 60, 189, 101, 136, 110, 87, 154,
       114, 178, 174, 24, 215, 51, 65, 59, 129, 84, 120, 122, 56, 116,
       217, 34, 207, 235, 69, 52, 192, 241, 66, 34, 217, 57, 191, 100,
       51, 30, 87, 52, 232, 200, 166, 12, 255, 51, 0, 179, 166, 116, 220,
       104, 105, 169, 176, 12, 243, 249, 32, 18, 106, 34, 11, 43, 120,
       33, 216, 101, 24, 74, 67, 41, 96, 160, 175, 8, 215, 51, 0, 18, 16,
       196, 109, 40, 24, 248, 193, 8, 193, 237, 33, 53, 96, 162, 66, 34,
       246, 246, 188, 254, 203, 36, 25, 204, 186, 191, 161, 157, 68, 239,
       79, 26, 149, 215, 233, 18, 42, 71, 154, 34, 217, 166, 93, 127,
       128, 115, 167, 83, 252, 173, 189, 126, 136, 233, 87, 175, 178, 23,
       173, 24, 243, 231, 72, 27, 1, 242, 236, 18, 58, 111, 250, 51, 251,
       163, 117, 121, 240, 81, 198, 106, 0, 172, 254, 191, 254, 171, 253,
       223, 62, 179, 242, 154, 245, 239, 48, 73, 255, 255, 127, 145, 178,
       251, 203, 127, 252, 175, 255, 232, 181, 200, 225, 137, 53, 77, 91,
       103, 148, 78, 70, 188, 116, 160, 234, 64, 83, 113, 25, 112, 112,
       206, 40, 106, 105, 176, 25, 47, 241, 174, 5, 0, 105, 243, 112, 32,
       236, 112, 189, 101, 32, 78, 119, 24, 106, 238, 39, 8, 215, 23, 73,
       58, 144, 84, 124, 122, 65, 244, 249, 8, 199, 219, 101, 52, 192,
       251, 70, 115, 197, 81, 61, 101, 33, 78, 119, 56, 105, 234, 103,
       72, 222, 55, 9, 51, 148, 84, 124, 106, 225, 240, 249, 72, 231,
       249, 97, 4, 64, 51, 71, 113, 116, 197, 92, 111, 150, 75, 71, 168,
       100, 164, 175, 8, 211, 115, 9, 80, 50, 214, 104, 106, 120, 161,
       89, 63, 233, 175, 37, 20, 112, 251, 196, 32, 36, 117, 81, 69, 240,
       79, 103, 184, 121, 170, 120, 104, 214, 119, 141, 181, 150, 92, 86,
       106, 97, 242, 249, 78, 45, 158, 5, 6, 72, 115, 71, 177, 68, 113,
       153, 231, 96, 76, 111, 152, 32, 232, 111, 72, 215, 119, 73, 114,
       20, 220, 121, 110, 65, 80, 249, 2, 229, 168, 101, 4, 40, 243, 6,
       115, 76, 181, 157, 99, 177, 110, 103, 152, 122, 234, 43, 8, 214,
       119, 73, 114, 145, 94, 120, 122, 49, 208, 249, 42, 237, 255, 5,
       52, 200, 115, 7, 50, 69, 116, 157, 103, 137, 110, 70, 184, 120,
       243, 43, 88, 214, 115, 73, 122, 145, 84, 104, 106, 41, 80, 249,
       42, 237, 191, 69, 22, 200, 115, 195, 50, 108, 225, 177, 99, 137,
       79, 87, 136, 115, 180, 172, 8, 214, 117, 73, 54, 145, 84, 104,
       122, 74, 98, 251, 50, 237, 220, 69, 126, 194, 115, 70, 42, 120,
       176, 187, 112, 11, 237, 17, 83, 235, 21, 173, 24, 54, 151, 64, 56,
       163, 18, 108, 16, 18, 107, 178, 17, 219, 205, 16, 123, 226, 0,
       199, 99, 124, 68, 220, 118, 40, 106, 94, 168, 179, 182, 166, 8,
       223, 99, 1, 91, 3, 213, 108, 42, 104, 71, 203, 40, 211, 235, 117,
       21, 226, 243, 78, 34, 80, 249, 159, 102, 154, 76, 71, 245, 160,
       128, 166, 8, 119, 247, 0, 114, 34, 246, 108, 72, 89, 11, 178, 41,
       249, 161, 37, 24, 32, 178, 166, 42, 88, 112, 159, 118, 40, 76, 81,
       16, 170, 29, 166, 56, 127, 151, 64, 122, 166, 117, 108, 24, 11,
       77, 179, 65, 211, 227, 112, 72, 128, 128, 39, 123, 44, 104, 115,
       97, 245, 91, 114, 0, 101, 160, 178, 8, 155, 25, 81, 176, 27, 156,
       212, 112, 76, 240, 69, 140, 239, 221, 37, 117, 231, 170, 78, 130,
       194, 170, 148, 250, 233, 173, 88, 223, 187, 59, 160, 93, 46, 235,
       64, 31, 133, 163, 125, 156, 58, 79, 218, 243, 155, 218, 85, 122,
       130, 192, 130, 8, 77, 96, 121, 103, 48, 14, 107, 56, 32, 168, 55,
       104, 211, 87, 137, 50, 22, 148, 124, 106, 137, 208, 233, 12, 199,
       233, 33, 148, 98, 163, 70, 33, 192, 172, 157, 251, 168, 237, 21,
       143, 158, 55, 32, 24, 182, 183, 64, 91, 129, 114, 107, 24, 50, 76,
       218, 49, 205, 130, 118, 120, 144, 88, 135, 170, 69, 176, 153, 65,
       244, 205, 99, 143, 106, 57, 40, 24, 150, 145, 72, 48, 145, 14, 74,
