%YAML:1.0
---
descriptors: !!opencv-matrix
   rows: 284
   cols: 32
   dt: u
   data: [ 93, 221, 121, 103, 176, 78, 79, 188, 100, 234, 255, 68, 115,
       119, 137, 112, 118, 214, 28, 106, 249, 144, 121, 46, 227, 239, 37,
       148, 104, 243, 192, 49, 253, 113, 253, 103, 44, 78, 87, 184, 97,
       250, 183, 72, 211, 85, 73, 59, 20, 212, 124, 106, 233, 103, 249,
       40, 243, 233, 101, 52, 107, 243, 70, 115, 93, 157, 57, 239, 176,
       110, 79, 190, 52, 234, 254, 96, 215, 119, 137, 112, 86, 214, 29,
       106, 249, 144, 121, 47, 225, 239, 39, 148, 32, 243, 132, 113, 236,
       48, 189, 115, 237, 109, 81, 152, 91, 255, 181, 24, 222, 93, 75,
       59, 137, 144, 253, 18, 58, 102, 251, 16, 207, 219, 81, 127, 210,
       73, 70, 99, 252, 188, 252, 118, 136, 105, 85, 254, 178, 182, 164,
       25, 115, 231, 67, 27, 9, 246, 109, 10, 120, 111, 218, 34, 219,
       195, 117, 61, 227, 241, 198, 42, 236, 48, 189, 115, 237, 109, 81,
       152, 123, 255, 165, 24, 223, 93, 75, 59, 153, 144, 252, 58, 59,
       102, 251, 16, 223, 219, 81, 127, 194, 73, 70, 115, 120, 176, 253,
       112, 168, 236, 85, 23, 162, 255, 164, 24, 19, 183, 66, 58, 1, 214,
       236, 24, 27, 75, 242, 1, 219, 235, 117, 121, 226, 192, 198, 123,
       248, 92, 255, 116, 168, 110, 85, 182, 176, 190, 182, 56, 87, 55,
       129, 123, 135, 246, 109, 42, 104, 101, 227, 10, 211, 235, 117, 16,
       96, 240, 70, 43, 21, 205, 49, 111, 20, 79, 71, 248, 86, 224, 106,
       2, 211, 113, 49, 96, 49, 204, 26, 106, 75, 176, 121, 63, 237, 142,
       5, 36, 48, 187, 80, 32, 6, 101, 118, 207, 254, 11, 254, 232, 127,
       160, 251, 2, 206, 234, 29, 0, 250, 205, 127, 227, 232, 243, 201,
       254, 188, 190, 143, 148, 117, 123, 99, 129, 54, 229, 70, 175, 252,
       11, 238, 232, 63, 160, 251, 10, 207, 234, 61, 65, 123, 205, 127,
       99, 96, 243, 73, 254, 188, 254, 143, 180, 21, 123, 113, 128, 248,
       154, 252, 120, 170, 41, 81, 27, 131, 31, 180, 56, 51, 9, 66, 27,
       15, 146, 205, 24, 26, 111, 66, 49, 203, 201, 112, 121, 243, 201,
       198, 43, 188, 42, 123, 100, 2, 106, 67, 80, 96, 132, 100, 40, 19,
       23, 129, 57, 62, 244, 68, 106, 8, 247, 160, 40, 83, 137, 33, 0,
       97, 179, 102, 224, 20, 165, 185, 114, 155, 237, 19, 207, 242, 53,
       173, 24, 31, 247, 72, 56, 163, 155, 200, 16, 18, 107, 186, 118,
       219, 197, 21, 111, 225, 65, 167, 34, 237, 112, 157, 102, 40, 76,
       87, 152, 97, 250, 165, 8, 247, 81, 73, 59, 146, 212, 124, 106,
       233, 103, 219, 40, 195, 251, 101, 52, 74, 243, 66, 51, 216, 180,
       188, 240, 168, 236, 89, 159, 187, 251, 180, 24, 191, 255, 74, 59,
       135, 151, 125, 24, 58, 77, 251, 3, 219, 251, 117, 252, 194, 192,
       198, 115, 248, 188, 190, 112, 169, 253, 85, 151, 251, 251, 182,
       28, 191, 191, 66, 59, 133, 183, 125, 24, 186, 111, 242, 147, 219,
       219, 117, 120, 194, 72, 195, 123, 250, 188, 180, 254, 237, 189,
       252, 223, 255, 187, 246, 27, 238, 255, 94, 27, 233, 239, 255, 145,
       186, 111, 219, 247, 255, 251, 223, 121, 211, 220, 250, 138, 230,
       172, 254, 223, 236, 187, 252, 239, 191, 187, 250, 50, 236, 239,
       252, 91, 255, 255, 255, 131, 240, 255, 235, 243, 190, 62, 255,
       222, 149, 248, 243, 137, 230, 174, 246, 223, 252, 171, 252, 255,
       191, 155, 244, 115, 236, 255, 220, 91, 255, 255, 255, 141, 178,
       255, 203, 255, 62, 126, 255, 234, 151, 252, 227, 153, 236, 52,
       189, 97, 168, 111, 117, 31, 123, 191, 47, 24, 223, 55, 72, 59,
       149, 22, 125, 56, 49, 244, 249, 2, 207, 219, 117, 116, 192, 224,
       198, 51, 101, 87, 29, 103, 180, 46, 103, 184, 96, 170, 106, 76,
       211, 113, 153, 115, 20, 70, 108, 110, 233, 176, 249, 46, 229, 175,
       101, 20, 72, 243, 66, 33, 105, 253, 144, 83, 217, 221, 23, 190,
       251, 113, 44, 8, 190, 53, 70, 180, 129, 90, 240, 88, 119, 104,
       250, 55, 111, 221, 21, 127, 202, 81, 203, 190, 197, 252, 141, 19,
       172, 47, 231, 152, 90, 243, 3, 92, 214, 112, 217, 43, 145, 68,
       120, 127, 177, 116, 249, 34, 237, 14, 101, 116, 200, 123, 209, 48,
       77, 20, 157, 229, 129, 110, 113, 27, 57, 250, 46, 84, 158, 55, 65,
       127, 133, 85, 120, 56, 49, 212, 241, 66, 199, 255, 83, 6, 138,
       225, 3, 49, 69, 119, 148, 69, 32, 14, 102, 56, 104, 170, 107, 76,
       214, 112, 24, 247, 148, 68, 108, 110, 225, 240, 217, 14, 37, 186,
       97, 4, 74, 243, 66, 5, 248, 188, 156, 114, 168, 173, 80, 223, 179,
       187, 164, 29, 55, 211, 66, 27, 129, 230, 237, 16, 62, 79, 218, 51,
       219, 195, 117, 121, 234, 192, 202, 139, 148, 236, 254, 191, 238,
       171, 255, 252, 190, 187, 243, 27, 247, 235, 89, 91, 255, 231, 127,
       195, 250, 247, 203, 123, 252, 139, 255, 188, 164, 251, 225, 131,
       252, 112, 188, 115, 41, 111, 81, 152, 115, 186, 165, 24, 223, 87,
       73, 59, 145, 212, 124, 122, 41, 103, 251, 0, 223, 219, 101, 60,
       226, 251, 70, 51, 230, 236, 254, 255, 236, 171, 254, 238, 190,
       187, 243, 27, 247, 234, 92, 75, 251, 239, 127, 211, 254, 119, 203,
       251, 254, 171, 255, 164, 149, 249, 227, 139, 246, 237, 254, 223,
       252, 171, 254, 238, 255, 179, 250, 26, 231, 234, 93, 75, 255, 239,
       127, 211, 228, 127, 203, 250, 190, 254, 255, 190, 149, 123, 227,
       137, 246, 237, 214, 255, 236, 43, 254, 254, 191, 179, 251, 154,
       239, 239, 124, 71, 255, 255, 255, 243, 120, 255, 203, 255, 190,
       254, 223, 156, 135, 251, 227, 129, 104, 180, 188, 250, 189, 237,
       80, 11, 127, 59, 173, 24, 158, 253, 72, 59, 137, 146, 253, 16, 58,
       107, 251, 147, 207, 223, 80, 127, 210, 72, 198, 34, 232, 253, 180,
       252, 141, 205, 84, 231, 223, 27, 172, 24, 174, 185, 36, 51, 201,
       178, 251, 0, 122, 111, 210, 179, 251, 251, 212, 59, 82, 88, 214,
       10, 124, 111, 125, 100, 8, 75, 71, 248, 64, 166, 172, 10, 83, 53,
       193, 51, 24, 244, 76, 106, 72, 227, 233, 40, 241, 201, 101, 60,
       97, 251, 70, 96, 96, 236, 150, 188, 205, 229, 86, 230, 255, 130,
       168, 8, 174, 187, 101, 82, 201, 235, 106, 66, 106, 107, 210, 251,
       187, 255, 215, 59, 210, 121, 114, 10, 54, 173, 130, 239, 221, 79,
       238, 232, 31, 160, 233, 10, 74, 234, 125, 80, 249, 205, 123, 255,
       120, 243, 217, 254, 191, 254, 135, 116, 209, 123, 242, 130, 5,
       237, 19, 67, 21, 207, 71, 232, 118, 160, 106, 0, 211, 241, 113,
       100, 89, 108, 34, 106, 73, 176, 57, 63, 173, 142, 5, 36, 88, 59,
       80, 168, 69, 231, 16, 35, 52, 15, 102, 184, 106, 184, 59, 76, 214,
       64, 216, 176, 149, 76, 108, 110, 199, 112, 201, 61, 172, 156, 37,
       116, 72, 179, 195, 5, 22, 229, 118, 239, 254, 11, 254, 236, 127,
       160, 251, 138, 239, 234, 61, 64, 122, 237, 127, 227, 224, 179, 77,
       254, 190, 254, 143, 148, 101, 187, 241, 129, 22, 77, 118, 143,
       254, 11, 238, 232, 127, 160, 251, 138, 206, 234, 61, 64, 126, 237,
       127, 227, 232, 179, 205, 254, 180, 190, 143, 180, 101, 123, 97,
       128, 206, 237, 212, 191, 252, 42, 254, 255, 191, 178, 251, 18,
       237, 234, 29, 67, 251, 239, 127, 163, 114, 255, 203, 255, 190,
       255, 95, 212, 133, 249, 227, 129, 244, 236, 214, 159, 188, 171,
       238, 238, 63, 179, 250, 18, 236, 234, 25, 89, 123, 239, 110, 227,
       114, 255, 203, 255, 188, 54, 223, 20, 133, 123, 225, 137, 92, 80,
       220, 247, 40, 14, 125, 152, 46, 184, 183, 32, 223, 127, 9, 91,
       247, 213, 125, 106, 8, 193, 203, 8, 222, 243, 111, 148, 164, 243,
       9, 19, 196, 17, 157, 246, 203, 100, 21, 136, 186, 186, 33, 24, 92,
       247, 73, 123, 197, 87, 121, 66, 49, 71, 250, 96, 217, 179, 87, 62,
       144, 113, 135, 51, 242, 178, 147, 184, 235, 161, 16, 207, 139, 27,
       160, 253, 174, 222, 108, 159, 207, 147, 236, 17, 30, 79, 130, 241,
       152, 208, 94, 126, 152, 68, 167, 31, 253, 81, 125, 103, 172, 14,
       71, 184, 96, 248, 175, 76, 211, 113, 155, 115, 20, 198, 108, 110,
       201, 98, 249, 44, 226, 233, 101, 20, 104, 179, 66, 33, 84, 181,
       185, 114, 155, 236, 17, 206, 242, 145, 173, 24, 22, 247, 73, 56,
