%YAML:1.0
---
descriptors: !!opencv-matrix
   rows: 233
   cols: 32
   dt: u
   data: [ 200, 88, 157, 116, 40, 110, 65, 18, 160, 219, 162, 24, 215,
       55, 65, 123, 129, 116, 108, 24, 41, 69, 243, 0, 193, 251, 112, 16,
       128, 241, 6, 59, 37, 117, 145, 67, 245, 79, 99, 152, 107, 232, 43,
       72, 210, 81, 77, 190, 145, 92, 64, 122, 17, 240, 121, 40, 45, 156,
       5, 118, 200, 123, 66, 160, 36, 193, 57, 73, 92, 79, 71, 168, 78,
       48, 37, 8, 210, 85, 76, 52, 153, 24, 64, 106, 75, 48, 121, 21,
       109, 156, 1, 116, 80, 58, 70, 160, 248, 48, 253, 112, 40, 237, 81,
       23, 162, 189, 164, 24, 147, 151, 64, 26, 1, 148, 108, 24, 26, 77,
       243, 17, 219, 203, 112, 120, 226, 128, 70, 123, 236, 120, 189,
       114, 40, 108, 81, 152, 243, 250, 165, 24, 215, 215, 73, 59, 129,
       212, 124, 90, 41, 101, 251, 32, 211, 219, 117, 60, 192, 241, 70,
       51, 252, 52, 252, 116, 137, 109, 85, 223, 179, 183, 164, 24, 83,
       247, 65, 27, 1, 214, 237, 8, 120, 111, 250, 2, 219, 195, 117, 61,
       226, 240, 198, 42, 120, 180, 253, 114, 168, 125, 85, 159, 163,
       127, 173, 24, 19, 247, 74, 59, 5, 214, 108, 24, 27, 107, 250, 49,
       219, 203, 117, 125, 224, 192, 198, 115, 194, 233, 58, 82, 11, 205,
       23, 236, 170, 21, 0, 8, 174, 214, 68, 22, 160, 123, 232, 66, 66,
       75, 186, 117, 185, 144, 31, 59, 80, 17, 135, 46, 221, 38, 156,
       182, 168, 56, 72, 24, 250, 187, 163, 89, 207, 227, 203, 219, 147,
       199, 108, 60, 60, 69, 203, 2, 218, 251, 119, 61, 128, 241, 11, 1,
       252, 48, 149, 114, 173, 108, 84, 219, 243, 187, 177, 88, 159, 245,
       73, 187, 129, 214, 236, 16, 58, 103, 218, 2, 219, 211, 117, 127,
       226, 113, 198, 35, 224, 188, 156, 250, 204, 237, 69, 143, 218, 27,
       168, 24, 182, 243, 72, 123, 129, 90, 106, 8, 51, 111, 218, 115,
       253, 182, 84, 124, 216, 72, 199, 42, 220, 76, 94, 118, 168, 106,
       93, 190, 160, 178, 166, 56, 87, 119, 1, 91, 167, 245, 109, 106,
       104, 69, 139, 46, 241, 235, 117, 16, 96, 241, 134, 35, 69, 38,
       149, 71, 160, 46, 110, 184, 122, 186, 43, 68, 222, 34, 201, 127,
       149, 70, 108, 62, 161, 208, 201, 74, 140, 190, 103, 4, 136, 243,
       3, 5, 69, 253, 149, 103, 145, 14, 118, 188, 122, 242, 35, 92, 214,
       113, 73, 59, 145, 70, 120, 106, 241, 240, 217, 43, 173, 190, 69,
       4, 200, 115, 195, 34, 224, 172, 157, 250, 200, 237, 49, 142, 158,
       23, 32, 24, 182, 247, 64, 91, 129, 114, 106, 24, 50, 78, 218, 51,
       205, 163, 116, 120, 144, 73, 135, 42, 118, 87, 150, 190, 139, 42,
       22, 200, 185, 130, 233, 169, 70, 226, 105, 95, 208, 229, 236, 98,
       44, 199, 138, 42, 176, 242, 77, 63, 128, 119, 46, 23, 248, 160,
       253, 112, 136, 105, 81, 31, 162, 183, 164, 24, 23, 183, 64, 63, 1,
       150, 236, 24, 58, 111, 162, 1, 219, 195, 81, 125, 226, 192, 134,
       98, 76, 97, 120, 103, 114, 10, 63, 184, 40, 164, 111, 168, 223,
       39, 203, 16, 22, 93, 253, 110, 0, 208, 233, 72, 231, 223, 37, 132,
       98, 243, 7, 113, 80, 191, 251, 114, 154, 232, 85, 199, 178, 149,
       172, 24, 39, 247, 72, 58, 33, 223, 236, 16, 26, 107, 186, 35, 251,
       231, 53, 121, 224, 80, 166, 106, 33, 120, 91, 69, 82, 218, 99,
       112, 96, 192, 110, 104, 51, 23, 133, 52, 48, 124, 64, 106, 65,
       176, 177, 44, 101, 168, 32, 0, 97, 179, 102, 172, 237, 67, 68, 7,
       228, 26, 110, 168, 113, 162, 115, 200, 195, 96, 159, 151, 50, 68,
       108, 110, 236, 244, 205, 44, 38, 58, 101, 4, 102, 183, 218, 4,
       236, 180, 189, 99, 137, 111, 19, 137, 122, 183, 37, 24, 214, 117,
       73, 59, 145, 20, 232, 50, 50, 116, 249, 18, 205, 211, 65, 119,
       192, 107, 71, 98, 244, 229, 189, 114, 136, 109, 71, 159, 242, 183,
       173, 24, 211, 247, 72, 59, 1, 214, 108, 26, 122, 111, 250, 35,
       249, 139, 117, 124, 224, 115, 198, 34, 77, 245, 153, 99, 132, 111,
       103, 152, 114, 250, 47, 8, 214, 48, 73, 58, 145, 76, 120, 122, 17,
       112, 249, 2, 237, 143, 101, 116, 200, 123, 195, 50, 252, 170, 254,
       114, 170, 172, 81, 219, 178, 191, 164, 185, 23, 227, 66, 27, 39,
       214, 109, 24, 58, 79, 138, 33, 219, 195, 117, 125, 224, 193, 198,
       115, 232, 254, 124, 122, 172, 201, 85, 191, 215, 63, 164, 56, 179,
       241, 66, 19, 201, 242, 236, 0, 106, 111, 202, 51, 235, 211, 117,
       57, 114, 216, 206, 43, 100, 113, 56, 103, 97, 15, 87, 184, 104,
       172, 45, 12, 214, 83, 73, 16, 144, 76, 68, 106, 200, 112, 249, 12,
       231, 157, 37, 52, 64, 51, 66, 163, 116, 71, 197, 103, 160, 74, 71,
       168, 33, 166, 175, 136, 211, 103, 201, 82, 16, 212, 108, 106, 72,
       208, 233, 10, 237, 166, 101, 21, 32, 243, 70, 96, 244, 68, 149,
       102, 139, 70, 23, 168, 162, 182, 131, 8, 86, 119, 73, 91, 49, 212,
       233, 226, 105, 71, 251, 40, 249, 162, 197, 63, 162, 115, 6, 34,
       248, 190, 183, 118, 169, 232, 85, 215, 179, 191, 164, 56, 47, 247,
       64, 159, 39, 246, 237, 24, 58, 79, 170, 51, 219, 243, 85, 123,
       162, 208, 134, 107, 93, 85, 61, 103, 176, 78, 79, 188, 116, 200,
       254, 68, 247, 119, 137, 112, 22, 118, 28, 106, 233, 144, 121, 47,
       227, 239, 37, 132, 42, 243, 192, 49, 248, 184, 189, 112, 40, 236,
       81, 23, 171, 125, 164, 57, 63, 151, 66, 27, 167, 151, 109, 16, 26,
       77, 178, 17, 219, 243, 112, 121, 226, 128, 6, 123, 77, 207, 92,
       97, 176, 63, 86, 191, 119, 171, 62, 92, 215, 96, 202, 112, 23, 78,
       76, 60, 190, 248, 109, 63, 238, 207, 37, 116, 250, 200, 200, 5,
       224, 170, 206, 81, 200, 185, 240, 199, 170, 55, 164, 189, 163,
       129, 198, 27, 43, 162, 227, 16, 62, 111, 198, 49, 94, 195, 81,
       121, 197, 72, 222, 202, 228, 180, 157, 242, 232, 173, 69, 143,
       250, 59, 160, 88, 150, 240, 76, 59, 129, 82, 104, 16, 59, 111,
       218, 115, 153, 146, 85, 126, 208, 88, 199, 34, 85, 69, 93, 103,
       146, 110, 103, 184, 100, 160, 171, 0, 83, 113, 25, 114, 50, 212,
       124, 106, 105, 176, 121, 46, 247, 175, 37, 20, 96, 243, 64, 32,
       216, 205, 92, 246, 136, 74, 68, 175, 180, 178, 166, 24, 247, 115,
       1, 91, 33, 246, 108, 162, 120, 205, 91, 47, 249, 227, 245, 17, 32,
       112, 238, 10, 196, 172, 157, 251, 136, 237, 17, 130, 150, 23, 96,
       24, 183, 243, 65, 91, 193, 122, 104, 24, 50, 76, 218, 51, 205,
       131, 117, 120, 144, 73, 7, 170, 69, 49, 25, 69, 85, 79, 119, 56,
       104, 224, 107, 12, 222, 17, 1, 48, 144, 12, 64, 106, 65, 176, 241,
       12, 101, 188, 1, 6, 72, 35, 67, 162, 2, 223, 23, 190, 185, 205,
       20, 230, 191, 77, 200, 101, 166, 246, 35, 212, 196, 123, 174, 64,
       75, 137, 66, 63, 168, 182, 92, 90, 24, 92, 165, 95, 104, 118, 252,
       113, 171, 41, 16, 158, 91, 191, 52, 189, 175, 45, 79, 26, 135, 83,
       237, 16, 34, 100, 203, 178, 206, 211, 85, 63, 210, 221, 207, 11,
       240, 32, 189, 112, 137, 104, 81, 7, 163, 183, 164, 24, 19, 183,
       64, 59, 1, 150, 108, 24, 58, 79, 162, 0, 219, 195, 81, 125, 226,
       192, 6, 98, 101, 97, 120, 101, 52, 26, 126, 40, 105, 160, 111, 9,
       211, 73, 29, 48, 18, 76, 89, 110, 76, 176, 221, 12, 103, 253, 1,
       5, 100, 179, 74, 2, 76, 97, 120, 103, 113, 27, 127, 40, 41, 160,
       127, 136, 219, 83, 201, 176, 50, 221, 213, 106, 64, 144, 233, 76,
       103, 205, 37, 133, 99, 179, 79, 160, 240, 162, 254, 122, 138, 192,
       81, 87, 178, 23, 164, 185, 55, 199, 72, 27, 39, 178, 109, 152, 58,
       79, 162, 1, 219, 225, 116, 121, 160, 128, 166, 123, 208, 136, 223,
       254, 10, 64, 69, 183, 162, 19, 166, 24, 119, 247, 64, 123, 35,
       246, 109, 138, 121, 79, 163, 33, 209, 163, 116, 24, 32, 240, 166,
       56, 240, 180, 156, 48, 170, 169, 80, 223, 179, 179, 160, 253, 55,
       243, 74, 27, 167, 199, 109, 20, 62, 79, 218, 19, 218, 195, 117,
       121, 232, 192, 138, 27, 248, 186, 216, 120, 42, 169, 80, 87, 131,
       55, 180, 189, 55, 139, 98, 27, 143, 178, 205, 16, 58, 111, 194,
       17, 219, 193, 112, 121, 249, 200, 206, 11, 77, 113, 17, 71, 105,
       92, 119, 136, 105, 200, 33, 8, 222, 208, 77, 54, 144, 84, 64, 106,
