%YAML:1.0
---
descriptors: !!opencv-matrix
   rows: 203
   cols: 32
   dt: u
   data: [ 100, 52, 157, 103, 137, 111, 71, 152, 122, 178, 35, 24, 214,
       115, 73, 59, 145, 84, 120, 122, 57, 68, 249, 32, 207, 219, 69, 52,
       136, 115, 198, 114, 236, 97, 57, 111, 45, 79, 71, 136, 82, 228,
       165, 8, 211, 85, 73, 48, 216, 212, 121, 106, 73, 98, 249, 56, 229,
       217, 5, 60, 80, 59, 86, 98, 108, 228, 157, 122, 137, 77, 87, 136,
       178, 151, 173, 24, 114, 243, 74, 59, 153, 210, 233, 82, 122, 103,
       250, 51, 251, 211, 69, 125, 208, 115, 206, 98, 252, 190, 220, 178,
       168, 237, 93, 159, 179, 255, 180, 189, 31, 247, 67, 91, 135, 247,
       253, 20, 191, 79, 202, 50, 218, 195, 117, 253, 168, 240, 142, 83,
       81, 143, 23, 101, 176, 46, 79, 183, 100, 8, 250, 68, 247, 99, 128,
       112, 54, 102, 108, 110, 185, 184, 1, 47, 232, 174, 32, 80, 104,
       226, 192, 41, 204, 34, 156, 182, 168, 56, 88, 136, 114, 183, 163,
       25, 199, 35, 203, 219, 147, 199, 108, 30, 60, 68, 203, 2, 222,
       243, 117, 61, 160, 241, 75, 0, 117, 229, 185, 70, 157, 79, 71,
       232, 82, 226, 169, 8, 82, 116, 9, 177, 25, 212, 64, 106, 105, 227,
       57, 14, 57, 174, 69, 52, 225, 123, 86, 34, 224, 164, 24, 218, 220,
       237, 71, 174, 222, 51, 168, 24, 246, 243, 72, 112, 209, 90, 106,
       8, 35, 107, 250, 119, 237, 148, 21, 120, 88, 74, 199, 170, 85, 69,
       125, 103, 22, 79, 111, 184, 116, 226, 239, 0, 211, 115, 25, 112,
       50, 212, 28, 106, 233, 176, 93, 46, 231, 175, 37, 20, 96, 251, 64,
       34, 193, 156, 189, 95, 136, 253, 149, 143, 222, 115, 164, 24, 246,
       112, 13, 107, 133, 83, 120, 24, 54, 109, 123, 113, 79, 186, 84,
       122, 208, 89, 193, 46, 252, 176, 185, 112, 137, 237, 81, 223, 227,
       191, 164, 24, 27, 151, 72, 186, 129, 150, 196, 16, 26, 111, 250,
       16, 219, 201, 53, 125, 227, 192, 198, 98, 84, 180, 173, 182, 136,
       45, 15, 152, 178, 182, 139, 156, 215, 231, 89, 26, 21, 215, 121,
       191, 56, 67, 219, 34, 249, 135, 207, 60, 128, 115, 135, 112, 124,
       101, 117, 103, 53, 91, 118, 56, 113, 168, 191, 8, 203, 125, 29,
       54, 24, 212, 236, 106, 232, 242, 237, 14, 231, 255, 37, 53, 99,
       186, 86, 38, 244, 255, 253, 102, 188, 79, 71, 188, 192, 174, 188,
       108, 83, 117, 201, 50, 29, 212, 76, 106, 233, 97, 249, 46, 249,
       143, 101, 52, 97, 251, 70, 113, 92, 69, 174, 231, 151, 70, 111,
       168, 48, 164, 207, 2, 93, 115, 27, 82, 112, 213, 121, 234, 72,
       209, 153, 74, 243, 239, 207, 5, 32, 179, 36, 34, 76, 117, 121,
       101, 50, 78, 63, 184, 57, 228, 111, 173, 223, 55, 137, 80, 22, 93,
       77, 110, 65, 144, 249, 78, 229, 245, 37, 132, 0, 179, 7, 113, 77,
       115, 61, 103, 53, 30, 118, 56, 105, 232, 127, 109, 223, 57, 159,
       180, 180, 68, 236, 110, 197, 240, 185, 12, 231, 255, 97, 6, 74,
       183, 67, 119, 208, 188, 158, 112, 168, 237, 17, 199, 230, 83, 164,
       24, 183, 243, 64, 59, 129, 51, 108, 17, 59, 109, 210, 49, 217,
       195, 119, 121, 232, 64, 135, 26, 249, 172, 15, 118, 173, 236, 80,
       151, 163, 91, 164, 24, 55, 243, 72, 59, 129, 230, 125, 8, 62, 79,
       218, 33, 219, 235, 113, 121, 32, 64, 222, 66, 149, 52, 189, 55,
       160, 46, 69, 159, 242, 191, 162, 20, 215, 113, 9, 11, 129, 70,
       108, 47, 56, 229, 219, 40, 193, 171, 117, 20, 232, 112, 131, 107,
       77, 125, 185, 103, 181, 15, 119, 184, 121, 230, 110, 12, 214, 113,
       91, 50, 145, 76, 104, 110, 224, 240, 249, 46, 239, 255, 5, 20, 72,
       115, 199, 99, 216, 156, 31, 126, 169, 110, 21, 183, 248, 90, 230,
       16, 254, 115, 0, 123, 161, 119, 108, 34, 113, 77, 187, 111, 241,
       251, 86, 26, 8, 96, 167, 59, 72, 189, 251, 116, 243, 233, 55, 231,
       251, 235, 110, 56, 62, 247, 68, 48, 167, 127, 252, 16, 51, 251,
       178, 103, 255, 255, 21, 107, 194, 64, 135, 171, 108, 165, 57, 97,
       221, 79, 85, 175, 79, 61, 45, 24, 214, 49, 72, 48, 145, 22, 104,
       48, 82, 120, 121, 23, 239, 221, 5, 119, 208, 10, 198, 34, 108,
       181, 57, 97, 153, 111, 87, 171, 123, 61, 45, 24, 214, 53, 72, 56,
       145, 22, 104, 50, 50, 112, 249, 22, 205, 215, 5, 119, 208, 75,
       198, 34, 228, 99, 49, 71, 96, 15, 103, 184, 120, 172, 35, 72, 211,
       83, 137, 53, 144, 92, 68, 106, 97, 244, 233, 12, 37, 152, 37, 52,
       66, 179, 70, 161, 204, 166, 156, 112, 171, 105, 17, 143, 178, 63,
       165, 57, 143, 39, 74, 27, 131, 23, 237, 16, 50, 77, 203, 16, 203,
       195, 117, 125, 192, 64, 143, 3, 92, 164, 188, 112, 137, 104, 17,
       11, 179, 191, 165, 25, 151, 183, 74, 27, 163, 151, 237, 16, 58,
       67, 171, 0, 219, 195, 117, 119, 224, 64, 135, 98, 216, 164, 156,
       48, 137, 41, 84, 143, 179, 63, 164, 25, 143, 167, 74, 27, 129,
       151, 237, 16, 58, 79, 203, 18, 219, 195, 117, 127, 160, 64, 142,
       2, 220, 36, 188, 114, 136, 104, 81, 27, 179, 183, 167, 24, 87,
       247, 73, 27, 33, 214, 109, 16, 58, 71, 234, 2, 219, 195, 117, 125,
       224, 225, 134, 98, 253, 174, 252, 50, 168, 189, 92, 159, 179, 251,
       180, 249, 127, 255, 66, 27, 135, 247, 253, 20, 190, 79, 202, 51,
       219, 219, 117, 249, 226, 244, 130, 75, 81, 157, 29, 101, 184, 14,
       71, 53, 224, 8, 170, 68, 247, 115, 128, 115, 4, 230, 124, 110,
       249, 137, 145, 13, 225, 235, 100, 16, 104, 242, 194, 41, 246, 166,
       213, 82, 203, 169, 96, 207, 187, 179, 161, 89, 2, 227, 76, 155,
       169, 203, 98, 144, 62, 111, 202, 115, 28, 146, 85, 127, 225, 64,
       194, 134, 173, 135, 216, 83, 180, 63, 71, 186, 118, 59, 127, 124,
       211, 96, 202, 112, 23, 78, 12, 62, 191, 248, 109, 55, 238, 159,
       53, 116, 216, 219, 200, 1, 189, 79, 94, 127, 164, 27, 70, 188, 85,
       160, 230, 148, 227, 97, 179, 229, 82, 100, 172, 110, 109, 245, 77,
       46, 162, 251, 101, 1, 122, 189, 104, 12, 93, 38, 220, 71, 144, 62,
       106, 152, 97, 171, 175, 84, 203, 98, 159, 254, 51, 198, 108, 190,
       173, 212, 205, 46, 174, 239, 37, 21, 235, 243, 74, 4, 246, 174,
       190, 158, 235, 225, 29, 207, 155, 191, 132, 185, 102, 231, 75, 31,
       135, 247, 237, 16, 50, 79, 138, 113, 219, 243, 93, 255, 130, 116,
       142, 107, 83, 123, 3, 161, 18, 142, 42, 53, 40, 200, 74, 237, 189,
       6, 128, 208, 166, 173, 92, 229, 197, 152, 133, 78, 180, 36, 42,
       128, 12, 6, 3, 93, 192, 172, 253, 113, 168, 232, 121, 134, 254,
       55, 134, 144, 183, 166, 80, 123, 3, 119, 120, 24, 50, 77, 231, 51,
       205, 171, 127, 81, 132, 192, 7, 104, 212, 110, 188, 247, 172, 47,
       77, 186, 248, 190, 178, 24, 247, 105, 65, 11, 135, 87, 109, 43,
       104, 101, 203, 42, 232, 171, 117, 52, 192, 248, 7, 41, 244, 244,
       188, 247, 140, 111, 87, 190, 178, 187, 135, 24, 215, 113, 72, 59,
       129, 214, 125, 27, 56, 101, 219, 34, 201, 131, 245, 53, 136, 121,
       214, 50, 93, 69, 127, 103, 150, 78, 103, 184, 100, 160, 235, 64,
       83, 115, 25, 112, 112, 196, 92, 106, 105, 176, 89, 46, 245, 175,
       37, 20, 97, 243, 64, 32, 250, 54, 229, 116, 47, 95, 88, 59, 195,
       255, 182, 255, 107, 61, 150, 191, 135, 245, 253, 36, 189, 107,
       247, 140, 219, 251, 245, 183, 239, 172, 94, 127, 196, 152, 189,
       94, 136, 237, 145, 175, 206, 147, 160, 24, 246, 240, 76, 107, 129,
       115, 104, 16, 50, 109, 251, 49, 201, 186, 85, 122, 208, 104, 133,
       42, 116, 176, 249, 112, 136, 253, 81, 83, 227, 181, 165, 24, 19,
       151, 72, 58, 5, 150, 68, 24, 27, 111, 250, 16, 219, 201, 117, 125,
       225, 128, 198, 115, 52, 197, 189, 107, 152, 79, 71, 184, 86, 178,
       171, 72, 211, 101, 9, 112, 81, 220, 104, 122, 107, 240, 89, 31,
       237, 143, 5, 52, 208, 251, 68, 48, 200, 236, 157, 255, 136, 237,
       21, 167, 182, 23, 96, 24, 183, 243, 64, 91, 129, 122, 104, 8, 114,
       76, 218, 51, 237, 163, 116, 56, 144, 80, 135, 170, 108, 115, 113,
       103, 181, 79, 86, 56, 113, 168, 251, 72, 195, 125, 29, 48, 152,
       212, 236, 98, 201, 240, 217, 12, 231, 222, 5, 23, 74, 179, 70, 2,
       118, 69, 150, 190, 139, 34, 22, 232, 177, 134, 235, 41, 70, 226,
