%YAML:1.0
---
descriptors: !!opencv-matrix
   rows: 218
   cols: 32
   dt: u
   data: [ 120, 180, 189, 112, 139, 233, 81, 71, 163, 53, 172, 56, 55,
       183, 64, 58, 131, 178, 108, 16, 26, 107, 178, 17, 219, 203, 80,
       123, 224, 64, 198, 107, 44, 125, 49, 103, 21, 79, 71, 184, 113,
       236, 107, 8, 210, 117, 1, 48, 152, 220, 80, 106, 73, 176, 249, 46,
       229, 253, 5, 20, 64, 59, 86, 114, 100, 113, 57, 71, 93, 79, 71,
       184, 3, 172, 173, 8, 211, 85, 73, 52, 152, 220, 121, 106, 73, 114,
       249, 28, 237, 156, 5, 52, 64, 59, 70, 98, 36, 69, 41, 103, 69, 79,
       71, 184, 101, 228, 239, 8, 211, 85, 25, 48, 88, 220, 82, 106, 73,
       176, 121, 12, 229, 152, 1, 52, 66, 187, 86, 240, 13, 117, 49, 69,
       85, 95, 230, 184, 121, 224, 107, 72, 222, 81, 29, 180, 144, 76,
       80, 106, 193, 240, 89, 30, 39, 190, 5, 6, 74, 51, 75, 160, 37,
       117, 17, 71, 85, 95, 102, 168, 79, 224, 43, 8, 214, 80, 77, 164,
       144, 92, 82, 106, 65, 176, 121, 28, 45, 156, 5, 54, 74, 59, 66,
       166, 36, 225, 57, 75, 93, 79, 71, 168, 74, 49, 37, 8, 210, 85, 76,
       52, 153, 88, 64, 106, 67, 48, 249, 21, 109, 156, 1, 116, 80, 59,
       70, 226, 117, 85, 125, 103, 176, 78, 71, 188, 96, 232, 190, 64,
       243, 119, 137, 114, 86, 244, 124, 106, 233, 160, 121, 46, 227,
       239, 37, 20, 40, 242, 192, 49, 240, 180, 253, 112, 168, 237, 81,
       23, 178, 191, 164, 28, 183, 183, 64, 27, 7, 182, 109, 24, 58, 109,
       242, 3, 217, 138, 117, 120, 224, 192, 134, 123, 221, 172, 156,
       176, 170, 188, 92, 223, 163, 251, 180, 185, 63, 247, 66, 59, 167,
       215, 253, 148, 62, 79, 202, 35, 219, 235, 117, 253, 162, 212, 138,
       91, 29, 244, 145, 99, 176, 63, 78, 184, 55, 171, 47, 116, 223,
       115, 201, 180, 23, 92, 92, 122, 187, 208, 89, 46, 168, 223, 37,
       244, 170, 243, 139, 49, 236, 213, 85, 78, 201, 93, 70, 184, 201,
       120, 173, 72, 122, 119, 141, 247, 148, 214, 236, 106, 105, 33,
       123, 61, 179, 248, 69, 62, 90, 187, 192, 53, 252, 76, 94, 118, 40,
       106, 87, 48, 176, 178, 166, 24, 119, 115, 1, 123, 2, 245, 108,
       106, 104, 101, 203, 46, 241, 235, 101, 17, 96, 241, 70, 40, 100,
       109, 59, 102, 89, 70, 231, 232, 248, 160, 235, 8, 112, 247, 37,
       48, 248, 221, 83, 234, 73, 179, 184, 127, 113, 174, 131, 4, 65,
       115, 102, 162, 69, 113, 17, 101, 21, 79, 114, 32, 104, 232, 107,
       8, 214, 17, 9, 48, 144, 92, 64, 106, 65, 240, 209, 12, 229, 156,
       1, 6, 72, 51, 67, 50, 124, 188, 157, 126, 153, 116, 83, 155, 179,
       191, 165, 24, 123, 247, 78, 59, 129, 246, 236, 18, 62, 67, 186,
       51, 219, 251, 85, 127, 162, 225, 142, 114, 109, 101, 33, 103, 53,
       31, 118, 56, 121, 232, 127, 73, 219, 28, 157, 180, 148, 76, 85,
       110, 196, 240, 233, 142, 103, 253, 37, 150, 66, 191, 82, 103, 77,
       69, 120, 199, 48, 30, 127, 184, 124, 224, 111, 32, 221, 119, 139,
       240, 150, 76, 28, 110, 193, 144, 233, 206, 231, 253, 39, 4, 2,
       179, 75, 97, 76, 101, 120, 101, 50, 10, 127, 56, 41, 164, 111,
       168, 223, 23, 139, 16, 22, 93, 253, 110, 0, 208, 233, 78, 231,
       237, 33, 133, 98, 247, 7, 97, 236, 205, 68, 7, 213, 26, 102, 172,
       97, 164, 235, 137, 203, 96, 159, 215, 26, 196, 232, 110, 108, 240,
       205, 108, 46, 58, 197, 21, 103, 183, 218, 4, 77, 116, 153, 103,
       225, 110, 55, 136, 123, 250, 47, 24, 222, 113, 73, 58, 147, 92,
       104, 42, 65, 244, 185, 98, 199, 255, 69, 38, 202, 115, 195, 163,
       69, 117, 153, 99, 164, 111, 103, 152, 122, 250, 43, 76, 214, 112,
       73, 58, 145, 68, 120, 123, 209, 112, 217, 8, 237, 158, 101, 52,
       200, 123, 195, 33, 69, 117, 184, 103, 33, 14, 119, 184, 105, 168,
       47, 76, 222, 115, 73, 16, 148, 76, 108, 110, 64, 240, 217, 42,
       239, 221, 5, 6, 74, 115, 67, 35, 248, 188, 245, 112, 169, 253, 85,
       223, 179, 191, 164, 24, 46, 247, 64, 159, 39, 254, 237, 16, 58,
       79, 250, 115, 219, 211, 85, 123, 226, 196, 134, 107, 252, 124,
       253, 118, 173, 111, 87, 156, 243, 186, 165, 24, 87, 117, 73, 59,
       145, 212, 108, 106, 105, 103, 251, 42, 243, 219, 101, 53, 226,
       251, 198, 99, 77, 117, 144, 71, 241, 30, 102, 184, 121, 234, 106,
       76, 222, 114, 13, 182, 148, 76, 100, 110, 197, 240, 217, 74, 175,
       254, 101, 4, 74, 115, 75, 5, 37, 117, 16, 69, 85, 31, 230, 184,
       95, 232, 43, 76, 210, 80, 93, 164, 144, 76, 82, 110, 197, 176, 89,
       30, 47, 156, 5, 52, 72, 59, 90, 132, 17, 213, 29, 103, 176, 78,
       111, 189, 117, 232, 127, 100, 247, 119, 136, 112, 22, 86, 60, 110,
       233, 144, 121, 47, 231, 239, 37, 128, 42, 242, 128, 49, 37, 241,
       17, 67, 221, 95, 199, 168, 74, 240, 33, 8, 210, 80, 77, 180, 153,
       92, 80, 122, 67, 112, 249, 53, 45, 156, 5, 118, 88, 59, 82, 164,
       248, 174, 180, 112, 169, 141, 92, 214, 179, 187, 160, 89, 191,
       235, 64, 27, 167, 247, 125, 156, 62, 79, 202, 177, 219, 251, 125,
       253, 162, 212, 130, 11, 248, 164, 252, 118, 136, 109, 85, 159,
       178, 191, 172, 24, 115, 247, 72, 27, 1, 214, 108, 24, 56, 111,
       235, 34, 251, 207, 117, 61, 226, 240, 198, 42, 29, 102, 220, 99,
       178, 63, 78, 152, 119, 162, 111, 196, 215, 98, 203, 184, 23, 76,
       76, 126, 190, 208, 109, 42, 234, 207, 37, 68, 234, 243, 139, 5,
       213, 78, 200, 71, 4, 58, 70, 136, 115, 174, 230, 22, 67, 96, 151,
       90, 113, 204, 44, 238, 172, 212, 237, 42, 242, 239, 229, 5, 225,
       243, 120, 68, 221, 38, 148, 176, 168, 60, 78, 138, 234, 191, 171,
       89, 207, 226, 203, 219, 135, 199, 108, 62, 188, 71, 203, 34, 218,
       227, 101, 125, 160, 241, 139, 1, 224, 188, 157, 91, 252, 173, 69,
       143, 218, 59, 168, 88, 246, 243, 72, 59, 129, 82, 106, 24, 51,
       110, 218, 51, 173, 150, 85, 124, 216, 72, 195, 42, 93, 69, 85,
       102, 152, 78, 71, 184, 229, 160, 171, 8, 87, 115, 9, 115, 50, 212,
       108, 106, 73, 161, 89, 12, 241, 235, 5, 20, 96, 243, 64, 32, 252,
       12, 223, 118, 168, 104, 93, 50, 176, 178, 167, 56, 215, 115, 1,
       91, 7, 245, 108, 42, 104, 103, 203, 10, 211, 235, 117, 25, 224,
       241, 78, 33, 0, 232, 153, 251, 136, 237, 17, 135, 158, 23, 104,
       24, 183, 243, 97, 90, 129, 122, 106, 24, 2, 76, 202, 51, 205, 167,
       117, 120, 144, 88, 135, 170, 85, 69, 81, 101, 20, 79, 71, 56, 116,
       160, 171, 10, 83, 17, 9, 112, 48, 212, 72, 106, 105, 176, 121, 30,
       241, 174, 5, 20, 113, 187, 64, 32, 69, 113, 17, 69, 81, 14, 102,
       56, 104, 168, 107, 76, 222, 17, 9, 52, 148, 76, 64, 110, 193, 240,
       209, 12, 37, 188, 33, 6, 72, 51, 67, 1, 124, 101, 210, 62, 203,
       64, 86, 200, 163, 134, 169, 169, 78, 227, 73, 222, 210, 245, 232,
       98, 76, 67, 202, 138, 186, 246, 69, 63, 162, 119, 46, 6, 92, 101,
       80, 103, 113, 26, 126, 56, 33, 160, 111, 136, 219, 35, 201, 144,
       50, 221, 213, 234, 72, 208, 201, 78, 231, 205, 33, 133, 99, 179,
       78, 162, 237, 113, 157, 103, 164, 15, 71, 184, 96, 234, 35, 76,
       211, 81, 89, 59, 144, 68, 124, 110, 201, 240, 217, 40, 229, 217,
       101, 52, 72, 251, 210, 32, 244, 253, 189, 114, 136, 108, 71, 159,
       178, 183, 169, 24, 215, 247, 72, 59, 1, 214, 108, 26, 122, 111,
       250, 34, 249, 163, 117, 124, 224, 81, 134, 106, 108, 245, 57, 107,
       217, 77, 71, 168, 82, 120, 45, 8, 214, 117, 73, 48, 153, 90, 80,
       106, 75, 98, 251, 49, 237, 221, 5, 124, 80, 59, 70, 162, 77, 116,
       185, 103, 225, 110, 119, 152, 123, 234, 111, 8, 222, 113, 73, 58,
       145, 92, 104, 122, 33, 244, 249, 66, 231, 255, 69, 38, 202, 115,
       67, 163, 77, 117, 185, 101, 49, 78, 115, 184, 107, 232, 42, 72,
       222, 119, 65, 50, 144, 92, 120, 106, 1, 240, 249, 14, 237, 253, 5,
       6, 72, 115, 67, 50, 69, 117, 24, 103, 112, 14, 103, 184, 105, 168,
       107, 76, 214, 115, 9, 16, 144, 76, 68, 110, 193, 176, 217, 46,
       231, 156, 5, 6, 72, 115, 67, 35, 244, 162, 254, 112, 170, 169, 81,
       82, 178, 183, 164, 57, 23, 167, 66, 27, 39, 150, 109, 24, 58, 79,
