%YAML:1.0
---
descriptors: !!opencv-matrix
   rows: 329
   cols: 32
   dt: u
   data: [ 104, 188, 181, 254, 157, 253, 85, 207, 219, 23, 172, 25, 174,
       191, 78, 154, 201, 147, 233, 16, 58, 107, 242, 179, 251, 255, 84,
       123, 210, 92, 206, 234, 108, 180, 188, 123, 141, 125, 81, 139,
       219, 55, 165, 24, 222, 125, 74, 59, 201, 18, 249, 24, 58, 106,
       251, 147, 207, 219, 81, 127, 210, 72, 198, 98, 236, 116, 189, 99,
       45, 111, 81, 152, 123, 191, 165, 24, 215, 85, 73, 59, 153, 84,
       124, 58, 43, 100, 251, 2, 207, 219, 101, 52, 192, 251, 70, 115,
       124, 113, 253, 101, 168, 78, 71, 184, 32, 232, 191, 12, 215, 119,
       201, 115, 20, 212, 125, 106, 73, 240, 249, 8, 229, 233, 101, 52,
       104, 243, 70, 115, 85, 85, 125, 231, 176, 14, 71, 184, 36, 234,
       191, 108, 215, 119, 137, 114, 22, 212, 125, 106, 233, 144, 249,
       14, 237, 239, 37, 148, 40, 243, 64, 113, 197, 116, 157, 119, 168,
       111, 71, 152, 122, 186, 167, 24, 215, 115, 73, 59, 145, 86, 120,
       122, 49, 100, 251, 34, 239, 251, 101, 52, 200, 115, 198, 114, 100,
       245, 189, 103, 169, 111, 71, 172, 58, 234, 169, 8, 215, 117, 72,
       50, 145, 84, 120, 106, 105, 118, 249, 63, 237, 255, 69, 52, 192,
       123, 198, 98, 236, 52, 157, 103, 172, 111, 67, 152, 122, 178, 167,
       24, 214, 113, 73, 59, 145, 84, 120, 122, 33, 116, 249, 2, 207,
       251, 69, 52, 192, 115, 70, 98, 108, 101, 185, 103, 189, 79, 71,
       168, 112, 238, 239, 8, 215, 117, 9, 48, 217, 92, 120, 106, 105,
       242, 249, 46, 237, 255, 5, 20, 64, 123, 86, 226, 236, 229, 157,
       122, 137, 77, 87, 136, 178, 191, 165, 24, 86, 247, 74, 59, 153,
       210, 233, 82, 122, 99, 250, 51, 251, 215, 69, 125, 208, 123, 206,
       98, 120, 173, 123, 112, 153, 201, 81, 103, 179, 17, 172, 24, 54,
       183, 64, 48, 9, 186, 65, 24, 26, 107, 242, 55, 219, 207, 20, 123,
       226, 0, 198, 170, 108, 101, 125, 111, 29, 79, 87, 184, 84, 164,
       239, 8, 211, 125, 25, 16, 88, 212, 249, 106, 104, 242, 249, 14,
       231, 239, 133, 21, 99, 187, 94, 98, 249, 186, 158, 176, 170, 188,
       88, 87, 162, 95, 180, 189, 63, 255, 66, 27, 135, 179, 253, 20,
       191, 79, 162, 49, 218, 195, 112, 249, 160, 196, 143, 91, 112, 56,
       255, 112, 170, 232, 81, 87, 162, 61, 164, 184, 51, 151, 64, 27,
       35, 150, 101, 24, 27, 79, 178, 17, 83, 171, 112, 121, 224, 128,
       198, 123, 108, 217, 85, 94, 105, 76, 71, 189, 129, 26, 165, 8,
       122, 215, 136, 247, 144, 244, 236, 106, 73, 103, 251, 41, 51, 178,
       69, 58, 82, 187, 198, 48, 109, 113, 57, 71, 49, 78, 119, 56, 105,
       232, 111, 8, 219, 119, 141, 54, 148, 84, 92, 106, 193, 240, 249,
       14, 103, 253, 5, 20, 66, 179, 70, 115, 144, 108, 27, 101, 4, 198,
       103, 112, 116, 128, 227, 0, 83, 211, 33, 33, 120, 252, 32, 106,
       104, 244, 17, 14, 225, 173, 34, 0, 96, 179, 96, 162, 252, 69, 125,
       102, 168, 74, 71, 184, 97, 162, 175, 8, 215, 119, 9, 115, 19, 212,
       108, 106, 104, 224, 201, 46, 241, 235, 101, 20, 96, 243, 68, 32,
       224, 140, 157, 222, 200, 237, 17, 143, 154, 23, 160, 24, 182, 247,
       68, 91, 193, 115, 104, 16, 50, 111, 218, 115, 217, 182, 84, 123,
       208, 72, 135, 42, 224, 140, 157, 251, 200, 237, 37, 175, 158, 19,
       32, 24, 182, 51, 64, 123, 193, 115, 106, 24, 50, 108, 211, 51,
       205, 178, 84, 120, 144, 88, 135, 42, 197, 87, 157, 71, 160, 46,
       103, 184, 124, 186, 43, 84, 222, 114, 201, 123, 151, 68, 108, 122,
       241, 212, 249, 106, 172, 190, 103, 4, 136, 243, 131, 33, 116, 205,
       125, 103, 150, 79, 71, 184, 100, 160, 170, 8, 83, 113, 1, 112, 49,
       212, 76, 106, 40, 176, 121, 62, 251, 239, 37, 20, 241, 187, 68,
       34, 125, 99, 16, 39, 49, 31, 102, 248, 41, 172, 123, 109, 207, 66,
       139, 144, 178, 68, 204, 110, 68, 176, 9, 12, 166, 253, 37, 148,
       66, 183, 74, 133, 244, 56, 221, 114, 42, 237, 80, 152, 243, 187,
       161, 56, 87, 217, 73, 27, 163, 145, 108, 16, 63, 103, 154, 50,
       219, 211, 113, 127, 232, 137, 74, 3, 236, 253, 158, 126, 169, 205,
       22, 164, 147, 158, 189, 41, 102, 249, 2, 19, 129, 118, 236, 66,
       108, 99, 202, 47, 250, 247, 101, 59, 72, 123, 206, 3, 77, 69, 120,
       199, 50, 26, 127, 168, 124, 160, 111, 0, 223, 115, 139, 240, 54,
       93, 56, 106, 96, 144, 253, 78, 231, 239, 7, 5, 34, 243, 1, 32, 77,
       117, 57, 103, 244, 31, 118, 184, 121, 232, 127, 41, 219, 121, 157,
       176, 182, 76, 125, 110, 196, 240, 233, 14, 103, 255, 37, 4, 66,
       183, 67, 225, 80, 184, 157, 178, 8, 236, 65, 23, 230, 147, 162,
       24, 183, 183, 64, 90, 1, 246, 108, 24, 27, 77, 179, 33, 201, 163,
       112, 24, 160, 64, 135, 58, 252, 173, 189, 114, 138, 233, 85, 207,
       178, 183, 164, 56, 55, 247, 72, 27, 33, 211, 237, 16, 58, 75, 170,
       33, 219, 195, 117, 125, 224, 80, 134, 106, 129, 142, 205, 121,
       164, 170, 101, 159, 118, 19, 98, 212, 243, 97, 144, 89, 83, 14,
       42, 28, 59, 220, 79, 51, 204, 170, 117, 0, 172, 208, 192, 40, 129,
       174, 159, 155, 236, 169, 105, 215, 254, 19, 98, 208, 181, 227,
       240, 75, 99, 106, 106, 28, 51, 92, 143, 51, 204, 131, 118, 104,
       152, 192, 161, 168, 38, 69, 22, 174, 221, 199, 6, 224, 157, 140,
       233, 9, 70, 240, 45, 208, 216, 249, 106, 98, 72, 163, 26, 46, 185,
       182, 7, 31, 88, 123, 110, 130, 38, 85, 19, 190, 125, 199, 22, 96,
       159, 140, 233, 9, 102, 242, 45, 144, 216, 233, 226, 99, 104, 163,
       90, 30, 177, 182, 5, 27, 80, 59, 110, 134, 38, 93, 16, 62, 249,
       205, 22, 170, 159, 28, 168, 13, 174, 250, 1, 148, 129, 123, 194,
       66, 78, 43, 90, 191, 163, 214, 16, 59, 90, 29, 10, 143, 40, 253,
       144, 62, 217, 205, 22, 174, 159, 29, 40, 9, 174, 251, 65, 144,
       129, 123, 195, 64, 70, 42, 82, 183, 167, 215, 20, 59, 82, 93, 14,
       138, 244, 180, 189, 114, 136, 109, 85, 143, 242, 183, 165, 24, 19,
       247, 72, 27, 129, 214, 108, 16, 58, 111, 250, 34, 217, 138, 85,
       124, 224, 65, 198, 98, 108, 180, 188, 99, 173, 109, 81, 152, 123,
       255, 173, 24, 223, 125, 75, 58, 153, 148, 125, 56, 58, 98, 251,
       16, 207, 219, 81, 125, 210, 75, 70, 98, 21, 205, 223, 255, 188,
       10, 111, 188, 54, 162, 250, 66, 247, 227, 153, 96, 127, 239, 125,
       234, 105, 240, 235, 47, 236, 175, 239, 128, 36, 251, 161, 41, 85,
       213, 125, 231, 176, 14, 79, 184, 36, 234, 191, 96, 215, 119, 137,
       114, 54, 212, 125, 106, 233, 144, 233, 46, 237, 239, 37, 148, 32,
       243, 0, 33, 213, 220, 157, 247, 184, 110, 23, 188, 190, 186, 130,
       80, 247, 247, 65, 115, 167, 119, 125, 74, 105, 69, 219, 35, 233,
       235, 111, 28, 136, 113, 1, 51, 197, 220, 157, 247, 168, 46, 103,
       191, 190, 187, 178, 84, 247, 115, 9, 123, 135, 86, 124, 106, 177,
       205, 91, 47, 173, 235, 119, 132, 136, 113, 129, 41, 204, 52, 157,
       115, 184, 110, 87, 152, 122, 234, 171, 24, 215, 119, 9, 123, 145,
       214, 124, 42, 57, 84, 249, 42, 237, 255, 101, 20, 200, 115, 134,
       51, 253, 116, 157, 103, 0, 78, 71, 184, 112, 250, 167, 92, 215,
       113, 73, 187, 16, 68, 124, 106, 233, 228, 249, 42, 225, 235, 101,
       52, 106, 243, 66, 48, 108, 117, 157, 103, 169, 110, 71, 153, 122,
       251, 47, 24, 214, 119, 73, 58, 145, 86, 104, 122, 49, 100, 251, 2,
       237, 223, 69, 52, 192, 115, 198, 34, 108, 229, 185, 111, 157, 79,
       71, 172, 123, 232, 109, 8, 214, 117, 9, 48, 144, 92, 120, 106, 73,
       240, 249, 62, 237, 255, 5, 52, 192, 123, 198, 226, 108, 237, 189,
       115, 137, 77, 87, 136, 115, 191, 173, 24, 214, 117, 73, 59, 153,
       82, 104, 122, 122, 98, 251, 51, 239, 223, 69, 127, 210, 123, 198,
       34, 120, 188, 121, 112, 219, 233, 81, 103, 243, 53, 172, 56, 50,
       183, 64, 50, 129, 186, 96, 16, 26, 107, 242, 55, 219, 205, 16,
       123, 226, 0, 198, 42, 109, 101, 57, 103, 149, 79, 71, 168, 85,
       164, 239, 8, 210, 117, 9, 48, 216, 220, 90, 106, 105, 178, 121,
       46, 239, 223, 5, 52, 66, 59, 86, 98, 204, 16, 159, 116, 40, 108,
