%YAML:1.0
---
descriptors: !!opencv-matrix
   rows: 348
   cols: 32
   dt: u
   data: [ 246, 224, 182, 223, 221, 79, 254, 232, 63, 226, 227, 11, 238,
       255, 29, 64, 249, 253, 251, 227, 40, 247, 217, 254, 191, 254, 207,
       23, 83, 63, 119, 210, 221, 68, 255, 247, 44, 46, 111, 184, 244,
       186, 183, 80, 223, 99, 153, 123, 119, 196, 125, 42, 169, 229, 107,
       170, 194, 251, 99, 148, 36, 251, 65, 33, 93, 180, 189, 240, 168,
       108, 93, 159, 187, 251, 151, 24, 223, 63, 72, 123, 151, 151, 253,
       17, 187, 73, 251, 128, 251, 219, 127, 254, 136, 192, 135, 115,
       201, 184, 189, 115, 169, 189, 117, 158, 251, 123, 182, 24, 190,
       191, 68, 59, 133, 87, 253, 24, 187, 109, 251, 241, 207, 219, 119,
       126, 130, 81, 195, 107, 178, 172, 246, 223, 252, 171, 236, 207,
       255, 179, 250, 18, 239, 234, 60, 89, 251, 239, 127, 153, 178, 255,
       207, 255, 188, 250, 223, 244, 149, 104, 243, 136, 146, 173, 254,
       191, 238, 43, 237, 223, 63, 179, 250, 154, 253, 239, 52, 74, 123,
       239, 127, 129, 178, 255, 207, 255, 252, 190, 255, 172, 181, 248,
       241, 136, 178, 188, 246, 255, 253, 175, 252, 223, 191, 59, 242,
       50, 236, 255, 116, 107, 239, 255, 127, 145, 186, 255, 203, 243,
       159, 254, 223, 226, 247, 200, 242, 131, 108, 180, 189, 99, 141,
       127, 83, 152, 115, 63, 173, 24, 223, 125, 72, 58, 153, 20, 233,
       58, 58, 98, 249, 16, 207, 223, 65, 125, 210, 107, 70, 114, 85, 85,
       157, 231, 188, 14, 79, 184, 36, 170, 191, 104, 215, 119, 137, 114,
       54, 212, 125, 106, 233, 145, 249, 46, 233, 239, 101, 148, 32, 243,
       128, 35, 236, 112, 189, 103, 40, 78, 87, 152, 122, 234, 167, 8,
       215, 87, 73, 59, 148, 84, 125, 106, 105, 244, 249, 10, 231, 219,
       101, 52, 64, 243, 70, 115, 155, 188, 246, 251, 255, 189, 252, 223,
       191, 91, 246, 179, 189, 255, 246, 111, 239, 243, 255, 148, 182,
       127, 111, 243, 223, 219, 255, 234, 247, 204, 243, 255, 108, 112,
       189, 97, 5, 111, 83, 24, 123, 238, 39, 24, 214, 85, 73, 58, 145,
       84, 124, 58, 169, 244, 249, 10, 199, 223, 69, 52, 194, 123, 70,
       115, 197, 80, 157, 119, 160, 14, 103, 184, 56, 250, 163, 80, 215,
       115, 9, 123, 145, 68, 108, 110, 97, 197, 217, 42, 137, 187, 101,
       20, 200, 241, 3, 49, 241, 184, 247, 112, 171, 252, 80, 87, 243,
       123, 180, 56, 59, 189, 198, 63, 163, 246, 252, 16, 191, 111, 178,
       49, 219, 219, 112, 123, 235, 192, 198, 95, 217, 186, 158, 184,
       168, 188, 88, 215, 163, 95, 180, 185, 63, 215, 66, 27, 135, 179,
       253, 20, 190, 79, 226, 49, 219, 235, 113, 249, 162, 196, 142, 91,
       248, 164, 220, 116, 136, 109, 85, 223, 162, 183, 164, 25, 115,
       247, 74, 27, 1, 214, 109, 16, 56, 111, 218, 0, 219, 195, 117, 61,
       226, 240, 198, 42, 252, 172, 212, 58, 137, 169, 84, 207, 147, 55,
       160, 25, 7, 233, 104, 155, 201, 211, 238, 16, 62, 111, 202, 51,
       155, 211, 85, 127, 243, 88, 206, 2, 205, 1, 213, 71, 169, 14, 109,
       57, 121, 248, 39, 120, 222, 115, 200, 255, 22, 84, 124, 122, 241,
       192, 233, 192, 47, 250, 101, 196, 138, 162, 194, 37, 20, 101, 27,
       101, 144, 79, 102, 248, 116, 160, 234, 0, 83, 51, 33, 112, 120,
       220, 32, 234, 72, 176, 25, 14, 227, 143, 165, 4, 96, 243, 96, 162,
       69, 85, 125, 69, 52, 14, 111, 184, 100, 232, 110, 68, 211, 51,
       129, 112, 86, 68, 92, 110, 233, 144, 125, 14, 228, 174, 165, 4, 8,
       179, 64, 113, 28, 165, 63, 231, 146, 111, 103, 248, 52, 162, 111,
       2, 211, 119, 9, 97, 49, 222, 9, 250, 120, 208, 57, 46, 235, 239,
       69, 68, 160, 243, 228, 34, 224, 136, 157, 254, 141, 237, 81, 143,
       155, 23, 160, 24, 182, 179, 68, 91, 129, 83, 104, 16, 58, 111,
       211, 49, 153, 178, 80, 123, 208, 73, 199, 42, 79, 241, 253, 69,
       184, 30, 59, 184, 42, 244, 7, 165, 221, 110, 222, 166, 23, 85,
       253, 127, 197, 208, 253, 89, 110, 95, 109, 212, 6, 183, 1, 117,
       69, 245, 157, 103, 185, 78, 103, 184, 122, 250, 43, 76, 214, 113,
       73, 50, 145, 84, 120, 122, 99, 112, 249, 59, 237, 159, 69, 54,
       200, 115, 67, 34, 224, 141, 157, 255, 232, 237, 37, 175, 154, 19,
       32, 24, 182, 179, 64, 123, 129, 122, 106, 8, 114, 76, 218, 51,
       237, 163, 86, 120, 144, 88, 133, 42, 116, 205, 93, 103, 146, 235,
       71, 174, 100, 164, 170, 8, 243, 113, 1, 112, 50, 246, 76, 106, 40,
       160, 121, 63, 233, 239, 37, 20, 112, 218, 196, 42, 240, 172, 175,
       114, 200, 228, 233, 199, 178, 55, 228, 24, 48, 247, 96, 59, 233,
       247, 115, 152, 50, 95, 186, 115, 93, 171, 222, 104, 193, 64, 231,
       170, 193, 136, 189, 91, 40, 189, 145, 143, 206, 51, 160, 24, 246,
       208, 78, 107, 129, 2, 104, 12, 54, 109, 251, 49, 133, 154, 82, 58,
       208, 72, 193, 108, 85, 119, 84, 39, 50, 10, 54, 56, 109, 224, 107,
       100, 207, 50, 137, 212, 182, 69, 108, 103, 197, 208, 205, 76, 180,
       254, 15, 6, 40, 55, 11, 5, 92, 52, 189, 116, 168, 108, 85, 27,
       243, 187, 167, 24, 215, 119, 73, 59, 129, 214, 108, 8, 57, 101,
       187, 2, 219, 207, 117, 61, 224, 224, 198, 35, 109, 117, 57, 103,
       244, 31, 118, 184, 121, 232, 127, 77, 222, 125, 159, 176, 148, 76,
       212, 110, 196, 240, 233, 14, 111, 255, 37, 150, 66, 183, 66, 247,
       76, 100, 248, 103, 178, 10, 63, 184, 57, 230, 127, 169, 223, 119,
       203, 16, 23, 93, 253, 110, 96, 208, 233, 78, 230, 255, 37, 132,
       34, 243, 7, 241, 124, 167, 252, 114, 170, 169, 85, 93, 178, 183,
       165, 184, 115, 231, 74, 26, 35, 178, 109, 24, 58, 107, 234, 19,
       251, 199, 117, 125, 224, 194, 198, 35, 37, 120, 91, 69, 80, 74,
       99, 16, 96, 192, 103, 72, 82, 23, 133, 48, 18, 124, 64, 106, 65,
       176, 177, 12, 103, 172, 33, 0, 97, 179, 70, 160, 208, 60, 157,
       120, 136, 237, 17, 19, 226, 83, 166, 24, 151, 243, 64, 59, 1, 179,
       108, 0, 59, 109, 210, 17, 209, 130, 114, 120, 232, 64, 135, 34,
       120, 169, 223, 122, 172, 237, 81, 214, 226, 21, 172, 8, 55, 211,
       64, 59, 129, 178, 125, 16, 26, 75, 186, 49, 219, 201, 112, 121,
       224, 128, 206, 74, 193, 166, 149, 155, 236, 169, 236, 143, 238,
       19, 98, 212, 181, 194, 248, 75, 99, 2, 74, 28, 51, 124, 207, 113,
       140, 130, 118, 104, 156, 200, 193, 168, 129, 174, 207, 155, 232,
       168, 96, 135, 254, 19, 98, 208, 181, 226, 240, 75, 99, 98, 106,
       28, 51, 92, 135, 51, 4, 130, 118, 104, 156, 192, 227, 136, 129,
       174, 199, 123, 164, 170, 109, 151, 118, 19, 98, 212, 243, 97, 144,
       120, 19, 46, 36, 28, 187, 252, 13, 63, 204, 170, 116, 64, 236,
       192, 208, 40, 108, 229, 184, 110, 153, 77, 71, 168, 51, 196, 173,
       8, 242, 119, 75, 50, 217, 200, 121, 122, 74, 99, 251, 27, 235,
       221, 133, 61, 80, 115, 70, 98, 232, 172, 180, 251, 173, 189, 92,
       159, 255, 187, 181, 24, 238, 249, 92, 63, 129, 98, 127, 24, 186,
       111, 250, 179, 207, 219, 85, 120, 210, 200, 211, 2, 230, 172, 214,
       159, 236, 43, 252, 239, 63, 179, 242, 146, 236, 238, 28, 89, 255,
       239, 127, 129, 50, 222, 203, 255, 156, 58, 223, 222, 149, 120,
       243, 137, 236, 181, 188, 107, 157, 125, 85, 25, 83, 63, 165, 24,
       223, 125, 74, 59, 153, 146, 237, 56, 58, 98, 251, 19, 207, 219,
       85, 127, 210, 72, 198, 98, 246, 172, 214, 159, 236, 171, 252, 207,
       63, 187, 242, 18, 236, 234, 12, 89, 255, 239, 127, 145, 50, 254,
       203, 243, 156, 190, 223, 214, 149, 104, 227, 137, 162, 172, 222,
       191, 236, 171, 236, 207, 191, 179, 242, 18, 236, 234, 52, 73, 251,
       239, 127, 145, 58, 255, 203, 247, 156, 254, 223, 228, 213, 104,
       243, 136, 108, 52, 189, 97, 169, 111, 83, 152, 115, 254, 173, 8,
       215, 117, 73, 58, 145, 84, 125, 58, 9, 118, 249, 16, 207, 223,
       101, 117, 194, 251, 70, 115, 128, 172, 255, 255, 254, 171, 237,
       223, 62, 179, 250, 18, 245, 235, 48, 73, 123, 239, 127, 152, 178,
       253, 207, 63, 252, 175, 255, 224, 165, 248, 241, 168, 146, 172,
       254, 255, 238, 171, 236, 255, 255, 51, 250, 18, 245, 235, 52, 72,
