%YAML:1.0
---
descriptors: !!opencv-matrix
   rows: 129
   cols: 32
   dt: u
   data: [ 120, 168, 248, 112, 136, 233, 81, 215, 178, 53, 164, 24, 51,
       151, 66, 27, 9, 178, 237, 16, 26, 75, 226, 49, 219, 193, 48, 121,
       225, 128, 198, 106, 5, 117, 49, 71, 81, 78, 103, 184, 125, 232,
       107, 72, 222, 85, 13, 180, 144, 92, 80, 106, 65, 176, 121, 110,
       37, 188, 5, 6, 74, 51, 71, 179, 5, 223, 31, 143, 224, 14, 47, 184,
       126, 234, 91, 228, 213, 98, 153, 96, 55, 109, 62, 110, 193, 208,
       77, 126, 108, 174, 47, 132, 12, 243, 129, 177, 44, 112, 189, 99,
       77, 127, 83, 152, 123, 251, 37, 24, 222, 93, 75, 59, 145, 88, 124,
       58, 35, 100, 251, 50, 207, 223, 97, 125, 194, 123, 70, 115, 172,
       180, 185, 99, 221, 125, 81, 25, 127, 125, 45, 24, 222, 125, 74,
       56, 153, 26, 241, 24, 59, 98, 251, 19, 207, 223, 17, 127, 210, 75,
       198, 242, 252, 188, 253, 118, 168, 109, 85, 191, 178, 190, 164,
       56, 115, 247, 64, 27, 5, 246, 109, 10, 120, 79, 250, 42, 217, 203,
       117, 60, 224, 240, 198, 115, 224, 172, 157, 250, 200, 237, 84,
       207, 186, 19, 168, 24, 182, 243, 72, 90, 129, 18, 106, 16, 50,
       111, 218, 51, 221, 163, 84, 121, 144, 72, 135, 170, 96, 176, 149,
       115, 173, 109, 80, 143, 123, 59, 33, 24, 222, 125, 72, 59, 129,
       23, 108, 16, 59, 104, 219, 147, 143, 222, 85, 127, 210, 72, 198,
       34, 101, 99, 17, 71, 52, 14, 102, 184, 104, 168, 123, 76, 215, 64,
       153, 180, 144, 76, 76, 110, 193, 176, 201, 14, 164, 188, 33, 4,
       72, 179, 66, 33, 16, 189, 187, 82, 219, 233, 17, 199, 178, 53,
       173, 24, 62, 247, 72, 56, 161, 187, 192, 16, 58, 107, 186, 119,
       219, 197, 21, 107, 225, 64, 167, 234, 232, 252, 188, 254, 141,
       237, 87, 174, 211, 182, 172, 24, 187, 61, 67, 59, 201, 242, 249,
       74, 106, 110, 251, 187, 235, 219, 85, 57, 210, 121, 214, 106, 201,
       188, 31, 115, 170, 174, 53, 183, 246, 27, 118, 116, 191, 243, 192,
       123, 39, 126, 124, 24, 179, 220, 171, 51, 204, 235, 118, 192, 232,
       192, 163, 41, 236, 52, 189, 97, 129, 111, 113, 25, 123, 255, 47,
       24, 215, 119, 73, 59, 145, 148, 124, 56, 57, 244, 249, 2, 207,
       219, 101, 116, 192, 98, 198, 242, 101, 235, 192, 86, 236, 57, 230,
       204, 91, 163, 120, 76, 66, 232, 221, 190, 25, 238, 98, 94, 151,
       122, 206, 34, 62, 30, 5, 44, 207, 255, 218, 132, 137, 92, 23, 117,
       17, 206, 53, 55, 252, 162, 98, 16, 191, 51, 0, 241, 160, 118, 104,
       72, 97, 221, 17, 46, 229, 251, 86, 0, 74, 112, 129, 42, 84, 97,
       153, 96, 138, 106, 87, 136, 34, 164, 175, 8, 87, 119, 73, 58, 51,
       212, 104, 122, 24, 67, 249, 0, 249, 229, 69, 125, 160, 243, 134,
       34, 221, 92, 149, 117, 173, 110, 69, 186, 249, 250, 174, 88, 223,
       115, 1, 255, 129, 102, 108, 42, 41, 229, 217, 46, 195, 251, 85,
       20, 202, 113, 194, 34, 229, 96, 181, 87, 205, 108, 69, 143, 235,
       251, 35, 24, 214, 113, 73, 63, 129, 70, 104, 26, 25, 116, 251, 32,
       205, 186, 85, 52, 192, 113, 194, 34, 205, 63, 191, 183, 160, 46,
       63, 183, 56, 238, 94, 244, 223, 55, 131, 123, 183, 119, 125, 46,
       241, 216, 177, 42, 237, 231, 127, 128, 136, 240, 129, 121, 197,
       124, 29, 101, 9, 14, 85, 176, 232, 250, 162, 92, 215, 19, 1, 59,
       128, 68, 124, 106, 225, 229, 145, 44, 193, 235, 97, 16, 72, 49,
       67, 35, 240, 168, 252, 114, 136, 237, 81, 215, 162, 23, 164, 24,
       55, 183, 64, 27, 1, 242, 109, 24, 58, 79, 250, 33, 219, 195, 116,
       121, 224, 192, 198, 106, 252, 170, 252, 114, 168, 173, 81, 223,
       178, 191, 164, 56, 19, 231, 74, 27, 9, 214, 109, 24, 58, 111, 234,
       49, 219, 195, 117, 125, 226, 192, 198, 35, 96, 164, 185, 114, 248,
       237, 81, 27, 179, 63, 173, 24, 23, 183, 72, 24, 129, 154, 109, 16,
       26, 75, 226, 19, 219, 215, 48, 125, 192, 64, 134, 99, 40, 173, 58,
       120, 217, 205, 85, 247, 246, 13, 108, 8, 54, 149, 32, 48, 136,
       186, 70, 0, 90, 43, 114, 55, 251, 213, 20, 121, 82, 8, 198, 234,
       13, 125, 49, 71, 113, 94, 118, 184, 121, 232, 107, 72, 222, 119,
       13, 180, 144, 92, 80, 106, 97, 176, 249, 110, 39, 188, 5, 6, 74,
       51, 67, 179, 29, 221, 123, 239, 176, 14, 79, 188, 52, 234, 127,
       96, 247, 119, 137, 112, 119, 214, 29, 106, 233, 144, 121, 63, 233,
       239, 39, 196, 168, 243, 128, 57, 85, 93, 125, 103, 176, 78, 79,
       184, 97, 234, 255, 100, 215, 119, 137, 112, 86, 212, 92, 106, 233,
       144, 121, 46, 227, 239, 37, 148, 104, 243, 64, 49, 248, 188, 220,
       118, 168, 105, 85, 255, 178, 191, 164, 57, 119, 247, 64, 27, 7,
       246, 237, 8, 56, 79, 234, 34, 219, 195, 117, 61, 226, 240, 198,
       59, 92, 77, 95, 103, 20, 74, 71, 184, 100, 164, 171, 8, 247, 115,
       9, 112, 48, 244, 108, 106, 104, 161, 121, 47, 241, 239, 37, 20,
       96, 179, 70, 32, 246, 237, 214, 159, 252, 43, 254, 236, 191, 178,
       251, 18, 236, 234, 29, 83, 255, 239, 127, 227, 112, 247, 203, 255,
       188, 190, 207, 20, 133, 123, 225, 129, 120, 168, 220, 122, 137,
       201, 81, 207, 162, 23, 164, 25, 55, 211, 74, 27, 1, 178, 237, 16,
       58, 111, 202, 49, 219, 195, 117, 121, 227, 128, 206, 42, 212, 189,
       59, 114, 154, 233, 17, 207, 178, 21, 172, 56, 54, 247, 72, 56,
       163, 155, 200, 144, 58, 107, 186, 119, 217, 199, 21, 107, 224, 65,
       166, 227, 208, 184, 255, 249, 172, 169, 249, 223, 190, 59, 146,
       114, 183, 251, 240, 107, 239, 183, 127, 145, 187, 109, 226, 115,
       220, 187, 127, 248, 148, 200, 161, 41, 193, 188, 191, 249, 168,
       174, 105, 151, 190, 27, 210, 112, 245, 243, 64, 107, 199, 55, 127,
       24, 179, 221, 195, 115, 205, 171, 127, 200, 128, 192, 129, 41,
       236, 125, 181, 71, 227, 127, 55, 191, 121, 234, 46, 88, 222, 117,
       73, 191, 147, 118, 108, 98, 113, 240, 249, 42, 175, 210, 69, 54,
       74, 123, 199, 51, 205, 237, 53, 71, 245, 94, 119, 173, 121, 234,
       111, 8, 254, 113, 4, 183, 145, 102, 120, 106, 113, 240, 249, 110,
       111, 255, 69, 4, 74, 115, 195, 102, 85, 116, 157, 167, 130, 46,
       46, 138, 56, 226, 11, 213, 213, 38, 73, 90, 55, 69, 121, 183, 165,
       212, 221, 42, 228, 167, 111, 4, 172, 243, 131, 80, 196, 54, 253,
       117, 234, 106, 53, 191, 186, 182, 34, 248, 86, 119, 201, 91, 35,
       87, 108, 34, 112, 212, 171, 96, 93, 162, 117, 7, 224, 240, 135,
       35, 116, 160, 156, 112, 168, 205, 81, 159, 162, 61, 165, 25, 23,
       19, 74, 26, 1, 150, 77, 24, 26, 74, 202, 17, 219, 137, 53, 125,
       224, 128, 206, 2, 197, 112, 177, 69, 96, 78, 103, 16, 104, 234,
       35, 104, 215, 23, 193, 59, 22, 84, 116, 106, 193, 212, 241, 8,
       197, 184, 101, 52, 64, 243, 70, 113, 197, 117, 16, 5, 69, 30, 102,
       56, 120, 168, 107, 76, 210, 48, 31, 180, 144, 76, 96, 110, 197,
       240, 217, 12, 36, 184, 1, 4, 72, 179, 75, 133, 120, 170, 90, 112,
       138, 169, 81, 215, 162, 21, 164, 57, 55, 135, 66, 26, 131, 179,
       237, 16, 26, 75, 130, 49, 219, 195, 112, 121, 224, 128, 142, 42,
       80, 0, 183, 116, 10, 104, 85, 18, 162, 151, 162, 24, 87, 183, 64,
       123, 35, 214, 108, 0, 8, 79, 162, 0, 209, 162, 112, 24, 160, 224,
       38, 106, 37, 117, 17, 71, 85, 95, 230, 184, 123, 232, 43, 72, 214,
       80, 77, 180, 144, 92, 82, 106, 65, 240, 121, 30, 45, 156, 5, 54,
       74, 59, 67, 164, 37, 245, 17, 67, 209, 79, 103, 168, 122, 240, 41,
       8, 214, 81, 77, 52, 145, 92, 64, 122, 65, 112, 121, 30, 45, 156,
       5, 118, 90, 59, 66, 160, 213, 221, 125, 231, 180, 14, 79, 184,
       117, 170, 255, 96, 247, 119, 137, 112, 119, 214, 92, 106, 233,
       144, 105, 46, 233, 175, 37, 148, 32, 243, 64, 33, 117, 85, 125,
       103, 176, 78, 71, 184, 96, 232, 191, 72, 215, 119, 137, 114, 54,
       212, 92, 106, 233, 160, 121, 46, 243, 175, 37, 148, 104, 243, 66,
       49, 237, 112, 189, 103, 40, 78, 119, 152, 112, 250, 183, 8, 215,
       87, 73, 59, 148, 92, 124, 122, 233, 244, 249, 0, 199, 201, 101,
       52, 72, 243, 70, 51, 214, 236, 222, 191, 252, 43, 238, 238, 191,
