%YAML:1.0
---
descriptors: !!opencv-matrix
   rows: 204
   cols: 32
   dt: u
   data: [ 149, 135, 201, 37, 176, 42, 99, 187, 116, 162, 98, 208, 211,
       33, 144, 112, 51, 206, 44, 44, 56, 188, 69, 14, 236, 175, 37, 4,
       224, 224, 64, 32, 120, 184, 189, 112, 9, 237, 81, 87, 163, 29,
       164, 24, 54, 151, 64, 58, 129, 182, 108, 24, 26, 107, 178, 49,
       219, 231, 80, 123, 224, 0, 198, 107, 213, 143, 29, 103, 176, 46,
       79, 190, 116, 136, 122, 68, 247, 99, 129, 112, 22, 102, 108, 110,
       249, 152, 73, 47, 232, 174, 37, 144, 104, 243, 192, 41, 125, 180,
       253, 114, 168, 125, 85, 191, 163, 255, 165, 24, 83, 247, 72, 59,
       5, 214, 108, 24, 59, 111, 250, 49, 219, 235, 117, 125, 226, 208,
       198, 114, 93, 39, 156, 178, 168, 60, 80, 27, 250, 187, 171, 88,
       207, 226, 75, 219, 135, 199, 108, 28, 60, 67, 203, 0, 218, 251,
       119, 253, 136, 225, 139, 1, 252, 44, 220, 118, 168, 109, 85, 222,
       179, 191, 164, 25, 23, 247, 75, 27, 1, 214, 109, 24, 58, 71, 202,
       50, 219, 195, 117, 61, 226, 241, 198, 42, 100, 181, 157, 250, 220,
       237, 69, 175, 219, 51, 161, 24, 182, 240, 76, 123, 137, 218, 106,
       16, 59, 107, 250, 115, 189, 154, 85, 126, 208, 73, 198, 42, 21,
       109, 62, 247, 148, 198, 103, 248, 116, 130, 111, 0, 243, 243, 41,
       32, 120, 126, 2, 234, 104, 210, 154, 46, 231, 175, 231, 0, 64,
       243, 96, 162, 93, 69, 125, 103, 150, 14, 111, 184, 100, 160, 111,
       64, 83, 115, 25, 112, 48, 212, 28, 106, 233, 176, 121, 46, 231,
       239, 37, 20, 96, 243, 192, 32, 244, 68, 253, 116, 168, 110, 85,
       184, 176, 178, 167, 56, 215, 119, 137, 123, 135, 213, 109, 42,
       104, 101, 203, 14, 211, 235, 117, 20, 96, 241, 70, 35, 96, 149,
       149, 123, 157, 77, 85, 175, 111, 49, 40, 24, 182, 51, 76, 114,
       129, 151, 104, 16, 27, 104, 219, 21, 173, 214, 85, 118, 208, 72,
       196, 42, 193, 172, 253, 119, 170, 248, 61, 167, 254, 179, 134,
       144, 245, 230, 80, 123, 7, 119, 120, 136, 54, 77, 239, 99, 207,
       171, 95, 57, 132, 224, 131, 40, 193, 156, 189, 94, 136, 237, 149,
       175, 222, 83, 160, 24, 246, 244, 12, 107, 193, 115, 104, 16, 55,
       109, 123, 49, 201, 186, 85, 58, 208, 72, 133, 46, 76, 113, 121,
       103, 50, 74, 63, 56, 57, 132, 111, 173, 223, 87, 139, 80, 22, 93,
       205, 110, 64, 144, 249, 78, 231, 189, 33, 4, 64, 179, 7, 113, 109,
       115, 61, 103, 116, 31, 118, 56, 105, 232, 127, 109, 223, 125, 159,
       176, 148, 68, 252, 110, 196, 240, 233, 12, 103, 253, 33, 6, 66,
       183, 74, 119, 56, 32, 123, 100, 80, 111, 67, 80, 96, 160, 101, 8,
       83, 23, 129, 48, 24, 188, 68, 106, 9, 246, 240, 12, 67, 137, 33,
       16, 97, 163, 70, 160, 92, 189, 189, 114, 153, 236, 85, 143, 178,
       191, 172, 24, 23, 247, 64, 58, 129, 215, 236, 16, 26, 75, 186, 34,
       219, 231, 117, 125, 224, 64, 134, 106, 208, 184, 189, 48, 168,
       236, 17, 87, 242, 91, 164, 24, 183, 243, 64, 123, 129, 51, 108,
       17, 59, 111, 210, 49, 217, 131, 118, 120, 232, 64, 135, 59, 248,
       168, 223, 114, 136, 237, 81, 214, 162, 83, 164, 25, 51, 243, 66,
       27, 129, 230, 125, 24, 58, 75, 218, 33, 219, 233, 117, 57, 160,
       192, 206, 74, 133, 174, 133, 31, 236, 40, 100, 191, 118, 147, 98,
       240, 213, 227, 216, 75, 67, 78, 106, 28, 50, 220, 207, 51, 108,
       34, 119, 68, 136, 240, 193, 160, 109, 121, 57, 103, 116, 79, 119,
       184, 121, 236, 110, 12, 254, 113, 11, 48, 144, 204, 116, 106, 192,
       242, 249, 46, 103, 255, 37, 0, 74, 179, 70, 227, 248, 170, 252,
       112, 138, 233, 81, 87, 162, 55, 164, 56, 55, 151, 64, 27, 11, 178,
       109, 16, 58, 111, 226, 17, 219, 195, 113, 121, 224, 200, 198, 43,
       96, 48, 21, 65, 73, 93, 96, 16, 105, 113, 38, 8, 146, 21, 68, 189,
       128, 28, 64, 24, 3, 240, 241, 16, 7, 152, 0, 118, 66, 0, 70, 162,
       248, 186, 220, 120, 173, 169, 81, 215, 131, 55, 180, 57, 51, 169,
       98, 27, 201, 178, 237, 16, 58, 111, 194, 49, 219, 195, 116, 121,
       243, 200, 206, 10, 108, 48, 151, 114, 105, 125, 49, 0, 235, 251,
       33, 8, 158, 149, 77, 59, 129, 29, 96, 16, 3, 102, 242, 64, 71,
       219, 81, 47, 194, 97, 71, 163, 220, 164, 152, 114, 184, 105, 81,
       159, 178, 191, 173, 57, 151, 183, 74, 26, 131, 159, 237, 16, 58,
       75, 202, 2, 219, 199, 117, 125, 160, 64, 142, 3, 81, 143, 92, 101,
       176, 46, 71, 55, 96, 168, 238, 68, 243, 33, 128, 114, 20, 102,
       108, 110, 249, 184, 69, 14, 224, 239, 37, 16, 104, 242, 194, 41,
       221, 89, 31, 102, 40, 14, 71, 180, 225, 186, 166, 76, 119, 115,
       129, 115, 4, 244, 124, 106, 105, 225, 153, 44, 241, 235, 101, 16,
       104, 179, 194, 33, 237, 207, 78, 62, 158, 219, 71, 189, 212, 212,
       102, 148, 227, 225, 171, 103, 64, 98, 234, 110, 124, 228, 111, 63,
       230, 227, 101, 25, 114, 248, 220, 68, 242, 186, 222, 84, 202, 165,
       25, 207, 187, 191, 164, 189, 32, 231, 70, 27, 133, 247, 233, 144,
       62, 79, 138, 113, 27, 146, 93, 255, 128, 96, 174, 75, 124, 176,
       253, 114, 168, 109, 85, 158, 227, 255, 165, 24, 91, 245, 72, 58,
       129, 214, 124, 24, 27, 99, 250, 49, 219, 219, 117, 125, 226, 208,
       198, 122, 252, 40, 220, 114, 168, 109, 85, 223, 178, 183, 164, 25,
       55, 243, 67, 27, 129, 214, 109, 16, 58, 79, 218, 32, 219, 195,
       117, 61, 224, 241, 206, 10, 132, 109, 31, 126, 204, 205, 103, 248,
       244, 130, 108, 0, 243, 241, 41, 97, 89, 106, 34, 106, 105, 246,
       218, 47, 237, 175, 103, 40, 88, 123, 96, 162, 93, 69, 95, 103,
       150, 78, 103, 184, 101, 160, 235, 64, 83, 113, 25, 112, 48, 196,
       72, 106, 105, 176, 89, 14, 251, 239, 5, 20, 97, 243, 64, 32, 220,
       76, 188, 118, 168, 110, 85, 186, 177, 186, 167, 56, 87, 55, 9, 91,
       135, 215, 109, 42, 40, 69, 203, 32, 211, 235, 117, 28, 224, 241,
       198, 35, 152, 59, 90, 100, 82, 139, 63, 87, 49, 164, 126, 239, 11,
       167, 161, 16, 62, 189, 135, 232, 0, 154, 132, 78, 118, 133, 32,
       137, 103, 162, 39, 185, 220, 204, 94, 247, 152, 106, 69, 170, 180,
       178, 166, 24, 119, 99, 1, 83, 33, 246, 109, 226, 104, 197, 89, 46,
       249, 227, 229, 21, 32, 241, 68, 42, 96, 181, 21, 99, 153, 77, 80,
       143, 111, 57, 41, 88, 214, 51, 76, 115, 145, 22, 104, 16, 59, 104,
       219, 21, 173, 208, 21, 126, 216, 8, 198, 42, 192, 140, 157, 255,
       136, 237, 5, 135, 190, 23, 104, 24, 183, 243, 64, 91, 129, 122,
       104, 24, 50, 76, 218, 51, 205, 167, 117, 120, 144, 64, 135, 170,
       69, 253, 25, 103, 53, 14, 103, 184, 106, 232, 47, 76, 214, 81, 25,
       50, 148, 68, 108, 110, 193, 240, 249, 46, 237, 189, 37, 20, 72,
       51, 67, 33, 213, 144, 189, 126, 136, 237, 17, 139, 206, 51, 161,
       24, 246, 240, 72, 123, 129, 83, 104, 16, 58, 109, 251, 49, 201,
       170, 85, 122, 208, 72, 129, 42, 236, 246, 252, 113, 170, 89, 181,
       159, 123, 191, 53, 56, 158, 53, 206, 59, 51, 20, 236, 34, 96, 116,
       233, 2, 231, 211, 117, 183, 98, 248, 199, 99, 8, 223, 20, 191,
       185, 153, 20, 55, 158, 29, 104, 125, 174, 247, 34, 192, 134, 59,
       238, 0, 86, 8, 66, 55, 166, 247, 52, 251, 26, 28, 141, 155, 104,
       253, 253, 125, 185, 201, 23, 175, 155, 52, 44, 41, 166, 53, 67,
       18, 131, 114, 233, 64, 114, 104, 243, 63, 239, 247, 85, 59, 82,
       88, 70, 107, 76, 97, 120, 103, 114, 26, 127, 56, 40, 164, 111,
       136, 223, 23, 137, 112, 22, 93, 213, 110, 64, 144, 233, 76, 231,
       237, 33, 4, 98, 179, 7, 33, 240, 170, 253, 116, 138, 232, 81, 7,
       162, 183, 164, 24, 55, 167, 64, 27, 35, 182, 108, 24, 58, 79, 162,
       2, 219, 227, 112, 121, 224, 192, 134, 106, 101, 97, 104, 103, 116,
       10, 126, 40, 105, 160, 111, 137, 211, 9, 29, 48, 146, 68, 121,
       111, 196, 240, 205, 12, 102, 253, 1, 21, 100, 179, 90, 2, 32, 120,
       121, 77, 64, 110, 99, 16, 96, 104, 110, 72, 115, 23, 133, 48, 16,
       60, 64, 106, 1, 180, 177, 12, 71, 169, 32, 0, 97, 179, 70, 168,
       208, 188, 159, 240, 168, 233, 81, 151, 246, 19, 166, 24, 183, 247,
