%YAML:1.0
---
descriptors: !!opencv-matrix
   rows: 109
   cols: 32
   dt: u
   data: [ 223, 186, 134, 176, 169, 252, 88, 151, 187, 255, 146, 253,
       143, 166, 194, 219, 135, 231, 237, 21, 191, 79, 162, 162, 154,
       243, 127, 249, 138, 212, 143, 85, 112, 168, 253, 112, 136, 237,
       65, 95, 162, 55, 164, 24, 51, 151, 64, 27, 1, 182, 108, 24, 26,
       111, 226, 49, 219, 193, 117, 120, 224, 192, 198, 42, 252, 84, 237,
       167, 136, 106, 79, 184, 16, 182, 135, 141, 211, 103, 73, 91, 81,
       212, 105, 234, 104, 70, 249, 42, 241, 227, 229, 60, 160, 251, 22,
       114, 180, 101, 121, 70, 86, 75, 71, 248, 80, 164, 229, 10, 83, 85,
       137, 49, 120, 220, 64, 106, 105, 182, 125, 46, 113, 136, 5, 60,
       113, 187, 70, 160, 220, 188, 156, 118, 168, 124, 85, 159, 178,
       187, 166, 24, 215, 243, 72, 123, 1, 214, 124, 24, 59, 77, 219, 34,
       219, 235, 117, 125, 170, 240, 138, 51, 222, 252, 156, 182, 139,
       116, 20, 174, 146, 254, 129, 25, 78, 254, 75, 91, 129, 215, 233,
       163, 124, 71, 155, 34, 219, 227, 223, 63, 128, 117, 175, 66, 208,
       184, 159, 242, 168, 236, 65, 159, 162, 255, 160, 24, 183, 247, 64,
       59, 5, 247, 125, 16, 59, 79, 250, 49, 217, 131, 117, 120, 160, 64,
       135, 123, 165, 180, 229, 87, 172, 46, 229, 191, 218, 251, 23, 92,
       242, 112, 221, 47, 9, 70, 122, 46, 177, 244, 255, 42, 78, 58, 85,
       20, 207, 249, 208, 164, 237, 172, 245, 80, 237, 253, 65, 207, 251,
       251, 164, 24, 154, 245, 68, 191, 137, 214, 110, 24, 59, 111, 250,
       242, 31, 218, 85, 126, 194, 200, 198, 46, 222, 244, 156, 182, 139,
       112, 22, 136, 146, 182, 129, 187, 77, 254, 75, 219, 179, 215, 237,
       243, 46, 71, 155, 179, 218, 195, 223, 255, 164, 119, 175, 83, 108,
       101, 228, 103, 173, 62, 78, 140, 115, 187, 59, 89, 203, 105, 93,
       63, 145, 196, 125, 123, 188, 112, 201, 162, 111, 223, 197, 181,
       198, 255, 210, 2, 252, 195, 12, 174, 137, 74, 68, 169, 160, 182,
       163, 13, 195, 99, 11, 211, 200, 196, 236, 98, 108, 99, 219, 44,
       240, 227, 101, 21, 96, 59, 206, 2, 222, 180, 151, 242, 137, 252,
       20, 139, 187, 27, 131, 24, 206, 246, 104, 255, 161, 83, 232, 16,
       55, 77, 186, 227, 153, 243, 95, 127, 130, 69, 175, 22, 240, 168,
       191, 112, 136, 233, 81, 215, 162, 55, 164, 24, 55, 183, 64, 27, 1,
       182, 109, 24, 58, 79, 162, 49, 217, 227, 117, 120, 224, 192, 134,
       106, 197, 60, 188, 50, 173, 60, 85, 158, 250, 255, 134, 28, 214,
       248, 91, 59, 129, 70, 120, 31, 181, 101, 251, 32, 217, 91, 85,
       126, 200, 121, 219, 86, 254, 246, 204, 162, 138, 115, 30, 136, 50,
       246, 129, 187, 79, 110, 75, 155, 23, 213, 237, 243, 62, 71, 207,
       50, 250, 195, 237, 253, 164, 119, 142, 82, 193, 188, 149, 21, 169,
       188, 132, 15, 254, 251, 130, 84, 190, 178, 69, 255, 129, 39, 120,
       29, 183, 109, 247, 80, 136, 250, 87, 126, 200, 100, 131, 45, 76,
       115, 85, 101, 50, 74, 115, 56, 45, 160, 111, 232, 223, 87, 137,
       244, 54, 149, 236, 106, 65, 144, 241, 76, 197, 225, 35, 4, 34,
       163, 7, 49, 77, 85, 29, 71, 52, 46, 103, 184, 112, 234, 47, 76,
       211, 49, 153, 52, 20, 68, 76, 110, 233, 176, 121, 14, 103, 255,
       37, 20, 74, 243, 66, 32, 240, 205, 28, 159, 156, 175, 71, 175, 94,
       7, 234, 22, 182, 97, 33, 64, 105, 226, 74, 216, 122, 169, 89, 127,
       253, 166, 22, 80, 185, 89, 209, 10, 254, 124, 140, 182, 139, 100,
       20, 239, 146, 247, 132, 27, 70, 254, 75, 27, 129, 215, 233, 131,
       60, 71, 251, 34, 219, 227, 221, 63, 160, 117, 142, 82, 252, 36,
       150, 246, 141, 102, 82, 202, 179, 147, 167, 27, 74, 251, 109, 219,
       217, 246, 237, 146, 60, 103, 218, 162, 155, 243, 213, 63, 163,
       121, 126, 2, 245, 188, 253, 80, 172, 253, 80, 223, 251, 251, 180,
       56, 18, 184, 214, 59, 137, 214, 124, 24, 191, 111, 234, 34, 155,
       218, 117, 127, 200, 72, 202, 15, 77, 53, 17, 101, 49, 14, 103,
       184, 57, 232, 111, 76, 222, 83, 9, 180, 148, 76, 76, 106, 65, 208,
       249, 94, 173, 252, 5, 6, 74, 182, 3, 49, 92, 188, 156, 118, 137,
       60, 84, 159, 179, 179, 166, 24, 95, 243, 72, 251, 133, 215, 252,
       24, 57, 79, 219, 34, 219, 235, 117, 125, 170, 240, 138, 26, 122,
       173, 148, 186, 153, 249, 84, 239, 187, 55, 168, 25, 174, 186, 66,
       146, 129, 243, 233, 17, 62, 75, 202, 183, 185, 215, 29, 123, 146,
       68, 142, 14, 112, 168, 222, 112, 8, 169, 81, 87, 162, 23, 164, 25,
       55, 131, 66, 27, 1, 178, 109, 16, 26, 79, 130, 17, 219, 193, 112,
       121, 224, 128, 206, 10, 221, 113, 89, 101, 18, 94, 123, 56, 101,
       224, 239, 8, 91, 83, 137, 240, 54, 148, 88, 234, 201, 176, 249,
       14, 247, 237, 1, 4, 107, 163, 106, 48, 13, 103, 156, 227, 178, 63,
       110, 152, 126, 186, 63, 68, 215, 99, 201, 106, 55, 76, 108, 126,
       176, 208, 77, 42, 238, 207, 101, 196, 170, 251, 129, 33, 124, 104,
       156, 126, 45, 36, 84, 200, 131, 158, 165, 25, 102, 249, 111, 91,
       201, 246, 237, 2, 8, 103, 202, 32, 211, 251, 85, 59, 208, 121,
       106, 2, 200, 156, 183, 85, 137, 236, 37, 23, 254, 187, 38, 16,
       188, 183, 68, 255, 33, 54, 232, 24, 51, 205, 179, 115, 77, 186,
       86, 64, 194, 64, 133, 42, 220, 252, 191, 118, 139, 249, 87, 172,
       247, 183, 167, 24, 111, 253, 75, 43, 163, 118, 236, 114, 110, 101,
       187, 63, 251, 195, 85, 87, 226, 123, 133, 110, 109, 117, 29, 101,
       100, 14, 71, 56, 96, 232, 47, 76, 211, 49, 25, 51, 144, 68, 108,
       110, 225, 240, 217, 12, 229, 249, 101, 20, 72, 243, 66, 32, 33,
       253, 24, 27, 221, 157, 230, 231, 222, 105, 44, 77, 166, 232, 22,
       160, 137, 106, 66, 95, 247, 40, 90, 63, 47, 93, 5, 120, 88, 95,
       219, 140, 141, 77, 255, 71, 178, 30, 111, 188, 124, 226, 111, 68,
       223, 115, 155, 117, 55, 108, 60, 110, 225, 208, 125, 110, 103,
       175, 101, 4, 46, 243, 193, 97, 189, 101, 229, 71, 244, 122, 111,
       184, 81, 226, 127, 138, 83, 109, 159, 181, 59, 204, 85, 110, 233,
       244, 237, 174, 127, 111, 229, 133, 231, 255, 210, 100, 98, 248,
       184, 90, 105, 205, 17, 204, 139, 29, 181, 41, 38, 221, 110, 26,
       132, 59, 239, 80, 18, 107, 186, 113, 91, 144, 85, 123, 208, 10,
       70, 219, 121, 188, 152, 116, 137, 44, 80, 159, 243, 179, 166, 24,
       95, 243, 64, 26, 129, 246, 108, 24, 26, 79, 154, 34, 219, 239,
       117, 125, 170, 224, 202, 10, 125, 69, 157, 103, 168, 78, 71, 168,
       50, 250, 175, 8, 83, 119, 201, 123, 17, 212, 124, 106, 105, 66,
       249, 10, 243, 239, 229, 60, 162, 243, 70, 32, 83, 188, 175, 178,
       184, 173, 24, 215, 186, 123, 153, 93, 182, 254, 100, 58, 165, 119,
       125, 21, 147, 75, 154, 115, 153, 158, 127, 250, 136, 65, 163, 123,
       236, 111, 140, 167, 168, 15, 95, 184, 51, 238, 167, 141, 223, 103,
       91, 19, 149, 196, 237, 110, 232, 212, 217, 46, 238, 243, 229, 21,
       42, 247, 222, 82, 4, 113, 249, 103, 242, 79, 243, 184, 107, 232,
       123, 109, 223, 125, 8, 48, 182, 93, 87, 99, 129, 176, 217, 108,
       237, 253, 37, 134, 204, 243, 67, 179, 69, 241, 156, 99, 178, 15,
       126, 184, 110, 168, 43, 68, 215, 115, 73, 112, 55, 84, 124, 122,
       209, 208, 89, 60, 239, 207, 37, 84, 168, 243, 129, 1, 244, 140,
       252, 126, 172, 109, 85, 142, 211, 182, 164, 24, 243, 249, 79, 91,
       201, 214, 108, 2, 120, 103, 203, 51, 219, 251, 85, 63, 208, 249,
       198, 42, 204, 119, 245, 71, 178, 74, 63, 188, 57, 174, 55, 232,
       206, 119, 137, 119, 54, 85, 236, 106, 224, 212, 233, 110, 238,
       242, 37, 134, 66, 179, 135, 97, 84, 99, 88, 101, 18, 14, 126, 56,
       32, 168, 234, 233, 83, 19, 9, 16, 60, 221, 85, 226, 72, 146, 193,
       12, 246, 169, 161, 132, 97, 179, 98, 2, 109, 229, 104, 103, 112,
       91, 87, 168, 99, 228, 189, 41, 211, 124, 159, 48, 24, 204, 84,
       106, 76, 242, 237, 14, 239, 237, 37, 53, 97, 179, 86, 194, 141,
       79, 247, 71, 215, 30, 111, 188, 117, 234, 110, 0, 249, 97, 157,
       119, 51, 236, 126, 238, 225, 240, 173, 110, 111, 46, 101, 4, 99,
