%YAML:1.0
---
descriptors: !!opencv-matrix
   rows: 217
   cols: 32
   dt: u
   data: [ 228, 117, 149, 99, 137, 111, 71, 152, 122, 250, 43, 24, 214,
       115, 73, 62, 145, 84, 120, 122, 49, 64, 249, 34, 239, 254, 69,
       116, 192, 115, 198, 98, 108, 229, 152, 122, 137, 77, 87, 168, 179,
       151, 173, 24, 114, 243, 74, 18, 153, 210, 233, 114, 122, 99, 218,
       51, 251, 223, 69, 125, 208, 115, 206, 98, 124, 97, 120, 111, 76,
       79, 87, 184, 66, 160, 237, 8, 83, 53, 11, 48, 88, 212, 89, 234,
       72, 34, 249, 28, 119, 175, 133, 53, 115, 187, 78, 34, 145, 142,
       73, 101, 176, 170, 107, 63, 116, 35, 110, 208, 211, 35, 144, 112,
       51, 78, 44, 60, 185, 188, 69, 31, 236, 239, 48, 68, 236, 128, 192,
       40, 104, 176, 185, 112, 201, 237, 81, 87, 251, 61, 36, 24, 22,
       151, 64, 58, 129, 26, 104, 24, 18, 109, 178, 19, 219, 223, 16,
       123, 194, 0, 199, 99, 120, 190, 220, 50, 168, 237, 93, 223, 179,
       127, 180, 189, 63, 247, 194, 27, 135, 211, 237, 20, 190, 79, 202,
       49, 218, 195, 117, 253, 234, 208, 142, 91, 72, 120, 157, 117, 40,
       76, 113, 16, 168, 216, 162, 40, 255, 55, 1, 123, 2, 244, 124, 8,
       9, 196, 243, 0, 197, 243, 112, 16, 32, 177, 7, 57, 124, 245, 253,
       114, 232, 109, 71, 221, 243, 191, 173, 24, 83, 247, 201, 59, 1,
       214, 100, 26, 58, 99, 250, 50, 123, 207, 117, 124, 224, 243, 198,
       98, 69, 113, 29, 101, 17, 78, 55, 40, 104, 224, 106, 8, 214, 19,
       1, 48, 144, 85, 72, 106, 65, 176, 217, 12, 229, 184, 5, 6, 72, 51,
       67, 34, 93, 69, 125, 103, 150, 14, 79, 184, 101, 224, 175, 64,
       211, 115, 9, 112, 54, 212, 92, 106, 201, 144, 125, 46, 231, 239,
       37, 20, 104, 243, 192, 32, 252, 104, 220, 114, 137, 105, 85, 223,
       179, 182, 164, 25, 19, 247, 67, 27, 9, 210, 237, 18, 42, 103, 218,
       48, 219, 195, 117, 61, 227, 241, 206, 2, 252, 38, 157, 118, 169,
       44, 84, 152, 243, 187, 177, 88, 223, 243, 73, 187, 133, 214, 236,
       50, 40, 103, 203, 2, 219, 219, 117, 62, 194, 241, 202, 35, 244,
       76, 124, 118, 40, 74, 95, 188, 240, 178, 166, 24, 247, 115, 9,
       123, 3, 212, 109, 106, 104, 229, 203, 46, 241, 235, 101, 21, 96,
       241, 70, 40, 193, 156, 189, 95, 136, 237, 149, 175, 222, 83, 160,
       24, 246, 244, 76, 107, 129, 83, 104, 16, 119, 109, 251, 49, 141,
       186, 85, 122, 216, 88, 197, 46, 69, 231, 157, 103, 180, 14, 102,
       188, 122, 168, 43, 76, 214, 97, 216, 50, 145, 68, 108, 110, 225,
       240, 217, 46, 173, 190, 37, 84, 72, 179, 195, 1, 69, 113, 25, 101,
       19, 79, 115, 16, 104, 224, 43, 8, 222, 17, 1, 48, 144, 92, 72,
       106, 65, 176, 241, 14, 229, 188, 1, 2, 72, 51, 67, 50, 76, 117,
       121, 103, 50, 78, 63, 56, 41, 228, 111, 173, 223, 119, 137, 80,
       150, 85, 221, 110, 64, 208, 249, 78, 231, 255, 33, 132, 66, 179,
       7, 113, 109, 115, 57, 101, 117, 31, 118, 56, 121, 232, 127, 77,
       222, 29, 159, 176, 148, 76, 220, 110, 196, 240, 249, 12, 231, 253,
       33, 150, 66, 183, 66, 119, 248, 168, 159, 48, 44, 236, 80, 22,
       242, 83, 164, 24, 55, 243, 66, 59, 193, 166, 125, 8, 62, 79, 210,
       49, 219, 235, 112, 121, 224, 192, 206, 74, 208, 184, 188, 49, 168,
       237, 17, 31, 226, 243, 162, 24, 183, 241, 66, 59, 129, 55, 108,
       17, 59, 109, 211, 49, 201, 129, 113, 121, 232, 64, 135, 10, 248,
       48, 251, 100, 2, 106, 65, 81, 160, 166, 164, 8, 19, 151, 65, 59,
       38, 180, 68, 8, 8, 199, 176, 8, 211, 201, 112, 56, 96, 160, 70,
       234, 76, 112, 153, 118, 97, 125, 49, 0, 235, 219, 37, 24, 158,
       149, 77, 63, 129, 92, 96, 18, 3, 116, 242, 0, 71, 219, 81, 43,
       194, 113, 71, 163, 100, 113, 57, 71, 96, 14, 103, 184, 105, 172,
       47, 72, 210, 83, 73, 54, 144, 84, 68, 106, 64, 240, 249, 8, 229,
       188, 37, 20, 66, 179, 70, 33, 120, 188, 247, 80, 171, 248, 85,
       215, 179, 63, 164, 56, 46, 247, 64, 191, 39, 246, 236, 16, 58,
       111, 162, 97, 155, 243, 84, 123, 226, 192, 134, 107, 66, 252, 148,
       58, 169, 169, 20, 143, 187, 59, 128, 125, 174, 246, 64, 159, 129,
       115, 232, 17, 54, 79, 202, 113, 136, 82, 93, 123, 144, 84, 143,
       31, 102, 189, 148, 62, 169, 237, 22, 234, 155, 155, 169, 25, 238,
       242, 101, 158, 129, 115, 232, 3, 46, 75, 218, 51, 185, 214, 93,
       59, 208, 95, 143, 15, 145, 14, 77, 101, 52, 42, 107, 55, 116, 163,
       106, 208, 243, 33, 144, 112, 83, 238, 44, 44, 169, 188, 69, 14,
       228, 174, 32, 0, 236, 226, 64, 32, 108, 181, 189, 97, 168, 109,
       85, 159, 59, 191, 45, 24, 151, 53, 73, 59, 129, 86, 108, 56, 58,
       120, 235, 16, 239, 211, 117, 117, 194, 193, 198, 99, 209, 85, 159,
       116, 40, 78, 69, 57, 240, 250, 166, 72, 119, 119, 129, 123, 50,
       244, 124, 106, 105, 197, 179, 8, 241, 235, 101, 20, 104, 240, 66,
       57, 244, 189, 253, 114, 232, 109, 71, 220, 179, 191, 169, 24, 83,
       247, 73, 58, 17, 214, 108, 122, 58, 99, 250, 50, 251, 207, 101,
       124, 224, 243, 198, 35, 246, 174, 213, 18, 203, 169, 100, 207,
       187, 179, 160, 89, 2, 227, 76, 27, 169, 203, 98, 144, 58, 79, 202,
       115, 28, 146, 213, 127, 233, 64, 194, 142, 248, 176, 253, 112, 40,
       237, 81, 83, 163, 125, 164, 61, 55, 151, 64, 27, 5, 150, 109, 24,
       11, 79, 242, 17, 219, 249, 113, 120, 96, 192, 6, 123, 197, 134,
       88, 67, 176, 191, 71, 184, 118, 59, 63, 124, 211, 96, 138, 112,
       23, 78, 12, 126, 254, 244, 109, 63, 238, 143, 53, 116, 248, 219,
       200, 1, 173, 207, 76, 63, 156, 219, 71, 188, 196, 212, 110, 148,
       227, 97, 171, 103, 64, 98, 234, 110, 108, 224, 111, 63, 230, 227,
       101, 25, 114, 187, 220, 84, 245, 70, 202, 87, 36, 50, 70, 152,
       115, 238, 231, 16, 67, 96, 159, 122, 113, 196, 108, 174, 236, 245,
       237, 42, 242, 239, 241, 5, 235, 243, 120, 4, 69, 117, 17, 101, 17,
       14, 102, 56, 104, 224, 106, 8, 214, 17, 1, 48, 144, 68, 72, 106,
       193, 176, 209, 12, 229, 152, 5, 6, 72, 51, 67, 34, 212, 204, 94,
       119, 136, 74, 77, 173, 180, 178, 166, 16, 243, 115, 0, 83, 33,
       244, 108, 234, 104, 197, 25, 46, 249, 227, 101, 21, 32, 240, 228,
       34, 96, 241, 17, 105, 153, 77, 84, 175, 111, 57, 40, 88, 182, 18,
       76, 112, 129, 22, 104, 16, 91, 104, 219, 21, 173, 212, 20, 126,
       88, 24, 198, 42, 208, 172, 189, 117, 136, 104, 109, 143, 254, 183,
       162, 16, 247, 171, 80, 123, 35, 87, 104, 152, 58, 205, 239, 35,
       201, 235, 119, 21, 224, 208, 199, 42, 0, 172, 157, 255, 152, 237,
       21, 143, 182, 23, 104, 16, 183, 243, 96, 88, 129, 122, 104, 24,
       50, 76, 218, 51, 205, 167, 117, 120, 144, 80, 135, 170, 100, 97,
       59, 100, 92, 70, 227, 72, 224, 128, 226, 8, 80, 151, 33, 48, 248,
       252, 82, 234, 65, 227, 176, 12, 85, 164, 130, 12, 65, 51, 103,
       162, 209, 160, 189, 122, 136, 237, 21, 143, 206, 51, 160, 24, 214,
       242, 72, 59, 129, 83, 104, 16, 62, 105, 251, 49, 201, 155, 85,
       124, 208, 72, 131, 42, 112, 5, 93, 101, 22, 79, 67, 56, 100, 160,
       170, 8, 83, 49, 8, 112, 48, 212, 72, 104, 41, 176, 121, 30, 229,
       175, 37, 20, 112, 186, 64, 32, 116, 253, 125, 68, 156, 111, 87,
       191, 193, 230, 172, 8, 82, 117, 200, 54, 12, 214, 76, 106, 233,
       35, 248, 46, 249, 158, 5, 60, 97, 250, 198, 120, 65, 125, 25, 101,
       17, 14, 114, 48, 120, 224, 106, 76, 222, 17, 1, 48, 144, 76, 72,
       106, 193, 240, 209, 78, 229, 188, 0, 2, 72, 51, 67, 34, 104, 253,
       156, 124, 185, 201, 23, 174, 155, 182, 172, 41, 230, 241, 67, 18,
       129, 118, 233, 66, 74, 107, 202, 63, 235, 247, 69, 59, 80, 56,
       198, 74, 76, 101, 120, 103, 115, 27, 127, 56, 41, 160, 111, 136,
       223, 119, 137, 48, 22, 93, 213, 110, 64, 208, 233, 78, 231, 205,
       37, 133, 98, 179, 7, 32, 101, 97, 120, 101, 116, 27, 126, 40, 121,
       160, 127, 9, 211, 9, 157, 48, 146, 76, 85, 110, 196, 240, 201, 12,
       230, 253, 33, 21, 68, 179, 90, 128, 208, 174, 191, 116, 136, 232,
       81, 23, 226, 23, 166, 24, 55, 183, 64, 27, 33, 182, 108, 16, 58,
