%YAML:1.0
---
descriptors: !!opencv-matrix
   rows: 286
   cols: 32
   dt: u
   data: [ 108, 161, 189, 99, 137, 109, 87, 136, 122, 183, 37, 24, 210,
       117, 73, 59, 145, 86, 104, 122, 59, 96, 251, 18, 239, 223, 69,
       126, 192, 115, 198, 98, 112, 184, 255, 112, 136, 233, 81, 247,
       162, 23, 164, 56, 55, 183, 64, 26, 9, 178, 109, 16, 26, 107, 226,
       49, 219, 131, 112, 121, 224, 128, 198, 106, 13, 113, 49, 71, 81,
       79, 230, 152, 125, 232, 107, 72, 222, 85, 13, 180, 144, 92, 82,
       106, 65, 180, 121, 78, 39, 156, 5, 6, 74, 51, 67, 176, 37, 53, 17,
       71, 85, 79, 103, 40, 111, 224, 43, 8, 210, 85, 205, 180, 144, 92,
       82, 106, 65, 176, 121, 28, 45, 156, 5, 54, 66, 43, 70, 160, 117,
       167, 108, 35, 180, 59, 110, 175, 105, 165, 191, 157, 67, 40, 222,
       50, 49, 198, 108, 54, 188, 248, 237, 62, 254, 207, 37, 213, 229,
       226, 218, 68, 98, 170, 187, 86, 200, 100, 17, 207, 170, 189, 168,
       25, 36, 247, 68, 26, 129, 119, 105, 16, 18, 75, 170, 97, 91, 164,
       125, 255, 128, 96, 167, 107, 221, 38, 156, 180, 168, 56, 88, 10,
       250, 179, 163, 121, 207, 162, 195, 219, 131, 199, 108, 28, 60, 69,
       207, 2, 218, 227, 119, 61, 160, 241, 11, 0, 125, 93, 125, 101,
       176, 78, 79, 184, 96, 232, 190, 64, 87, 119, 129, 114, 118, 212,
       92, 106, 233, 161, 249, 14, 241, 237, 101, 148, 104, 242, 66, 57,
       120, 185, 255, 112, 168, 252, 81, 223, 162, 221, 164, 24, 51, 247,
       66, 58, 1, 246, 108, 24, 27, 107, 178, 1, 219, 235, 117, 121, 224,
       208, 198, 123, 252, 112, 189, 98, 40, 111, 83, 152, 235, 187, 167,
       24, 215, 87, 73, 58, 149, 212, 108, 122, 41, 103, 251, 2, 219,
       219, 97, 60, 200, 243, 70, 51, 224, 188, 156, 219, 204, 237, 5,
       143, 218, 59, 165, 24, 246, 243, 72, 123, 129, 82, 106, 24, 51,
       111, 218, 51, 205, 162, 117, 125, 216, 72, 199, 42, 85, 197, 93,
       103, 146, 78, 71, 184, 100, 160, 171, 72, 215, 115, 8, 113, 50,
       214, 124, 106, 105, 161, 121, 44, 233, 239, 37, 20, 97, 243, 192,
       32, 144, 204, 94, 247, 16, 78, 71, 166, 52, 162, 166, 16, 115,
       115, 0, 81, 113, 246, 109, 162, 104, 221, 25, 47, 249, 231, 245,
       17, 33, 112, 228, 42, 64, 172, 157, 255, 216, 237, 33, 167, 190,
       19, 104, 24, 182, 243, 64, 90, 129, 122, 106, 24, 50, 72, 218, 49,
       205, 167, 116, 120, 144, 64, 135, 170, 100, 109, 59, 70, 93, 198,
       231, 224, 248, 128, 235, 8, 80, 255, 45, 48, 216, 253, 122, 234,
       73, 227, 186, 110, 113, 190, 143, 12, 65, 115, 102, 162, 20, 229,
       25, 103, 148, 79, 103, 184, 86, 160, 107, 2, 83, 113, 25, 96, 49,
       220, 40, 106, 105, 176, 57, 30, 233, 143, 5, 4, 32, 187, 64, 32,
       212, 188, 189, 118, 137, 232, 17, 142, 187, 219, 161, 24, 118,
       247, 76, 123, 129, 247, 253, 16, 59, 75, 154, 51, 219, 243, 85,
       127, 128, 96, 135, 50, 116, 247, 117, 70, 233, 79, 199, 188, 225,
       238, 185, 76, 82, 125, 205, 55, 28, 212, 68, 106, 233, 99, 248,
       44, 123, 152, 5, 62, 99, 251, 198, 117, 205, 182, 157, 69, 176,
       126, 39, 184, 116, 226, 102, 116, 209, 55, 137, 251, 23, 92, 232,
       58, 161, 212, 249, 14, 109, 175, 101, 4, 202, 240, 3, 49, 236,
       176, 189, 113, 172, 123, 85, 51, 114, 254, 183, 56, 215, 53, 202,
       59, 131, 84, 108, 50, 121, 100, 233, 2, 203, 203, 117, 117, 224,
       233, 198, 99, 69, 112, 189, 101, 32, 110, 49, 24, 104, 234, 38, 8,
       222, 55, 201, 59, 149, 84, 104, 122, 129, 244, 241, 8, 199, 155,
       101, 36, 200, 243, 7, 113, 69, 113, 17, 71, 17, 14, 103, 184, 120,
       232, 111, 76, 214, 113, 9, 52, 144, 84, 120, 106, 65, 240, 249,
       42, 101, 188, 5, 4, 74, 51, 67, 34, 248, 180, 180, 248, 45, 237,
       81, 83, 255, 59, 180, 28, 190, 191, 68, 59, 133, 179, 253, 16,
       187, 111, 242, 147, 219, 223, 80, 122, 218, 72, 71, 59, 248, 188,
       182, 248, 173, 253, 80, 119, 255, 59, 180, 28, 174, 185, 84, 63,
       201, 163, 127, 16, 186, 111, 242, 147, 219, 219, 86, 122, 210,
       200, 210, 11, 108, 176, 189, 99, 169, 111, 19, 137, 123, 183, 37,
       24, 222, 117, 72, 58, 145, 20, 232, 50, 18, 116, 249, 16, 207,
       211, 65, 119, 194, 107, 199, 98, 205, 112, 189, 103, 195, 78, 55,
       136, 121, 226, 103, 24, 222, 119, 72, 58, 147, 93, 120, 106, 33,
       212, 249, 66, 207, 255, 69, 6, 74, 51, 131, 51, 92, 176, 156, 112,
       170, 233, 81, 223, 162, 181, 164, 57, 31, 183, 74, 26, 167, 215,
       237, 16, 26, 73, 138, 48, 219, 195, 117, 125, 224, 192, 135, 35,
       248, 188, 216, 112, 170, 233, 81, 215, 178, 191, 164, 185, 55,
       135, 64, 27, 7, 243, 237, 16, 58, 79, 170, 18, 219, 195, 53, 121,
       224, 192, 134, 123, 45, 113, 17, 97, 17, 95, 83, 8, 105, 232, 173,
       8, 222, 19, 73, 52, 144, 148, 68, 98, 73, 176, 241, 8, 227, 249,
       1, 54, 74, 51, 74, 50, 77, 85, 17, 71, 49, 30, 54, 56, 105, 224,
       111, 68, 222, 51, 9, 244, 148, 85, 120, 106, 65, 176, 249, 76,
       167, 254, 7, 6, 74, 51, 11, 18, 77, 117, 148, 71, 209, 126, 118,
       184, 121, 234, 111, 12, 222, 112, 9, 183, 145, 84, 120, 106, 229,
       240, 217, 10, 47, 255, 69, 6, 202, 115, 75, 22, 248, 168, 222,
       114, 168, 173, 81, 223, 178, 63, 164, 25, 55, 243, 66, 27, 9, 178,
       109, 24, 58, 111, 218, 49, 219, 203, 117, 121, 226, 192, 206, 42,
       100, 113, 57, 99, 80, 15, 71, 184, 96, 172, 47, 76, 211, 83, 73,
       16, 20, 92, 68, 106, 72, 240, 249, 12, 229, 156, 37, 52, 64, 179,
       66, 33, 100, 103, 209, 103, 176, 14, 71, 152, 34, 172, 47, 8, 211,
       99, 201, 18, 16, 196, 108, 110, 72, 80, 233, 8, 237, 188, 101, 52,
       192, 179, 70, 96, 248, 188, 247, 86, 171, 249, 85, 247, 243, 191,
       164, 56, 106, 247, 64, 191, 39, 246, 236, 0, 58, 111, 170, 227,
       219, 219, 85, 59, 226, 240, 198, 99, 120, 160, 252, 120, 170, 233,
       81, 79, 162, 21, 164, 56, 55, 183, 72, 26, 3, 146, 237, 16, 26,
       75, 226, 17, 219, 195, 112, 121, 224, 128, 198, 43, 81, 143, 85,
       71, 176, 14, 71, 55, 112, 170, 250, 68, 243, 33, 144, 113, 22,
       230, 108, 110, 249, 184, 109, 46, 232, 174, 37, 144, 104, 226,
       194, 41, 13, 113, 17, 71, 81, 30, 230, 184, 125, 224, 107, 76,
       222, 88, 13, 180, 144, 92, 80, 106, 193, 176, 121, 46, 39, 252, 5,
       6, 74, 59, 75, 180, 36, 241, 49, 75, 93, 79, 199, 168, 74, 112,
       45, 8, 210, 85, 77, 180, 153, 92, 64, 106, 67, 48, 121, 29, 45,
       156, 5, 52, 80, 59, 70, 160, 253, 113, 253, 103, 172, 78, 85, 48,
       97, 250, 183, 8, 211, 21, 201, 59, 20, 212, 124, 106, 233, 116,
       249, 8, 231, 201, 101, 52, 106, 179, 70, 113, 120, 185, 255, 112,
       169, 204, 81, 215, 226, 157, 164, 8, 63, 247, 64, 58, 129, 246,
       253, 16, 26, 107, 178, 49, 219, 233, 117, 121, 226, 128, 198, 107,
       85, 149, 25, 231, 176, 110, 79, 185, 52, 232, 255, 100, 215, 119,
       137, 112, 23, 214, 93, 106, 249, 144, 121, 46, 233, 239, 37, 148,
       40, 243, 129, 49, 108, 52, 189, 97, 173, 127, 83, 154, 75, 251,
       173, 24, 223, 29, 73, 59, 145, 212, 125, 58, 27, 100, 249, 16,
       207, 219, 65, 125, 194, 107, 70, 115, 252, 172, 252, 86, 137, 105,
       69, 191, 178, 182, 172, 24, 115, 247, 200, 31, 9, 214, 236, 42,
       120, 71, 251, 42, 251, 203, 117, 61, 227, 240, 198, 42, 21, 157,
       153, 239, 180, 46, 79, 184, 54, 234, 223, 96, 247, 119, 137, 112,
       87, 222, 124, 42, 249, 144, 105, 63, 233, 237, 39, 148, 160, 243,
       128, 33, 252, 120, 189, 97, 40, 79, 83, 152, 99, 250, 167, 24,
       215, 85, 73, 59, 149, 212, 124, 122, 41, 103, 251, 2, 211, 219,
       101, 60, 232, 179, 70, 51, 99, 178, 202, 30, 226, 176, 188, 71,
       187, 91, 117, 253, 104, 238, 254, 26, 183, 111, 178, 133, 215, 91,
       166, 195, 22, 54, 90, 171, 205, 68, 171, 223, 216, 134, 159, 116,
       168, 44, 92, 55, 160, 186, 162, 120, 223, 35, 8, 219, 167, 247,
       108, 2, 120, 79, 195, 0, 219, 235, 117, 29, 226, 240, 130, 35,
       108, 181, 149, 99, 185, 47, 80, 185, 127, 59, 171, 88, 222, 115,
