%YAML:1.0
---
descriptors: !!opencv-matrix
   rows: 292
   cols: 32
   dt: u
   data: [ 5, 117, 49, 71, 85, 78, 103, 184, 120, 224, 107, 72, 222, 117,
       13, 180, 144, 92, 80, 106, 193, 176, 121, 46, 37, 188, 5, 6, 72,
       51, 67, 163, 85, 223, 93, 103, 176, 14, 111, 188, 116, 234, 123,
       100, 247, 115, 152, 112, 22, 78, 60, 110, 233, 176, 125, 47, 236,
       174, 37, 128, 104, 243, 192, 57, 125, 85, 125, 103, 176, 78, 79,
       184, 96, 232, 191, 64, 87, 119, 137, 114, 22, 212, 92, 106, 233,
       144, 121, 46, 227, 239, 37, 148, 96, 243, 194, 113, 125, 85, 125,
       103, 160, 78, 79, 188, 96, 234, 191, 76, 83, 117, 137, 51, 20,
       212, 124, 106, 201, 240, 249, 44, 243, 233, 101, 20, 104, 243, 66,
       49, 36, 81, 49, 69, 77, 79, 71, 40, 74, 160, 43, 8, 210, 85, 13,
       52, 152, 84, 80, 106, 73, 176, 121, 24, 101, 152, 1, 54, 80, 59,
       84, 34, 253, 112, 253, 103, 44, 78, 87, 152, 99, 250, 165, 8, 211,
       85, 73, 59, 20, 212, 124, 106, 233, 100, 249, 40, 195, 201, 101,
       52, 98, 243, 70, 115, 120, 169, 254, 120, 137, 200, 81, 103, 179,
       17, 164, 56, 51, 183, 66, 18, 1, 178, 109, 16, 90, 75, 226, 49,
       219, 203, 116, 121, 226, 128, 230, 106, 252, 112, 189, 99, 173,
       109, 83, 152, 107, 255, 165, 24, 223, 93, 73, 59, 145, 209, 252,
       58, 43, 103, 251, 16, 207, 219, 65, 125, 194, 123, 70, 115, 88,
       176, 189, 248, 138, 232, 81, 15, 163, 63, 166, 56, 55, 183, 72,
       90, 1, 150, 125, 16, 26, 79, 226, 17, 217, 231, 112, 123, 178, 64,
       134, 107, 220, 184, 191, 240, 138, 233, 17, 146, 167, 119, 134,
       56, 151, 151, 64, 91, 35, 177, 125, 16, 27, 77, 178, 16, 217, 195,
       113, 126, 160, 0, 4, 99, 237, 67, 21, 71, 44, 47, 70, 184, 96,
       250, 163, 72, 211, 115, 217, 59, 148, 68, 124, 126, 233, 84, 249,
       8, 229, 219, 101, 52, 136, 251, 82, 49, 197, 176, 157, 87, 168,
       108, 36, 157, 170, 187, 35, 120, 212, 119, 200, 123, 1, 86, 120,
       24, 51, 68, 251, 32, 141, 170, 119, 116, 136, 112, 131, 49, 44,
       117, 49, 103, 181, 79, 71, 168, 48, 228, 239, 8, 210, 85, 9, 52,
       216, 92, 89, 106, 105, 242, 249, 46, 229, 158, 5, 52, 72, 123, 86,
       242, 108, 69, 40, 71, 29, 79, 71, 56, 55, 232, 175, 8, 210, 117,
       25, 52, 24, 220, 91, 106, 73, 178, 121, 30, 229, 159, 129, 52, 82,
       187, 86, 114, 44, 101, 121, 111, 85, 94, 94, 184, 80, 160, 239,
       10, 91, 29, 13, 176, 88, 220, 209, 106, 104, 178, 121, 14, 103,
       237, 133, 21, 99, 187, 94, 146, 252, 102, 252, 102, 138, 75, 87,
       200, 82, 182, 165, 8, 83, 113, 73, 59, 25, 212, 104, 106, 104,
       103, 233, 8, 243, 195, 69, 61, 227, 251, 70, 34, 240, 174, 255,
       112, 168, 233, 85, 215, 178, 23, 164, 56, 51, 167, 64, 27, 3, 242,
       108, 24, 58, 111, 226, 35, 249, 131, 116, 120, 224, 192, 198, 106,
       217, 184, 188, 176, 170, 189, 89, 215, 179, 251, 180, 185, 63,
       183, 194, 59, 167, 247, 253, 20, 190, 79, 162, 35, 218, 195, 117,
       249, 162, 196, 142, 91, 96, 168, 152, 218, 204, 237, 65, 143, 206,
       19, 164, 24, 182, 211, 72, 90, 129, 18, 106, 24, 18, 107, 218, 49,
       221, 144, 17, 121, 208, 72, 199, 42, 144, 168, 155, 119, 144, 230,
       66, 198, 118, 3, 226, 16, 115, 147, 32, 80, 249, 254, 8, 152, 58,
       221, 17, 47, 251, 239, 48, 64, 224, 0, 228, 42, 221, 50, 146, 178,
       169, 60, 16, 155, 235, 187, 131, 124, 206, 242, 73, 251, 167, 71,
       108, 28, 191, 69, 139, 224, 152, 248, 127, 222, 136, 97, 171, 5,
       81, 133, 95, 103, 18, 46, 79, 49, 228, 32, 171, 0, 247, 115, 8,
       115, 50, 247, 108, 106, 121, 169, 49, 45, 233, 239, 33, 80, 96,
       226, 192, 32, 96, 197, 21, 249, 189, 205, 69, 175, 95, 59, 40, 24,
       182, 51, 76, 114, 129, 23, 104, 16, 123, 104, 211, 19, 173, 182,
       84, 126, 208, 88, 198, 42, 227, 249, 0, 187, 217, 141, 68, 238,
       11, 121, 32, 93, 182, 146, 68, 144, 129, 203, 91, 85, 79, 78, 218,
       119, 175, 24, 156, 126, 24, 28, 218, 158, 4, 97, 59, 102, 209, 79,
       175, 232, 240, 160, 235, 10, 80, 247, 25, 48, 184, 221, 82, 235,
       65, 243, 184, 78, 117, 172, 143, 4, 65, 51, 103, 162, 69, 117, 17,
       71, 81, 79, 119, 184, 120, 224, 107, 76, 222, 112, 13, 52, 144,
       92, 80, 106, 65, 240, 249, 14, 37, 190, 5, 6, 72, 115, 67, 182,
       112, 172, 255, 114, 138, 232, 81, 199, 178, 55, 172, 152, 51, 231,
       64, 27, 35, 247, 109, 144, 58, 79, 170, 33, 219, 199, 116, 121,
       224, 64, 166, 106, 108, 127, 156, 62, 169, 201, 22, 174, 147, 158,
       184, 41, 230, 249, 67, 27, 129, 119, 236, 66, 108, 107, 202, 63,
       234, 247, 101, 59, 192, 121, 14, 27, 77, 101, 49, 103, 113, 30,
       118, 184, 121, 168, 123, 105, 223, 121, 157, 180, 150, 76, 116,
       110, 196, 240, 201, 78, 103, 252, 5, 6, 66, 183, 67, 7, 162, 236,
       148, 190, 201, 237, 22, 167, 155, 27, 161, 25, 166, 242, 68, 159,
       129, 123, 224, 66, 126, 111, 218, 179, 169, 214, 84, 59, 208, 95,
       143, 142, 129, 142, 159, 251, 164, 171, 105, 159, 118, 19, 70,
       208, 181, 227, 240, 105, 99, 42, 34, 28, 51, 220, 15, 51, 204,
       139, 118, 64, 184, 192, 161, 168, 38, 93, 146, 190, 249, 205, 22,
       236, 159, 140, 233, 9, 102, 248, 41, 148, 216, 123, 234, 66, 108,
       35, 90, 191, 177, 246, 5, 59, 80, 127, 142, 134, 54, 93, 18, 190,
       217, 207, 22, 224, 159, 132, 233, 9, 198, 240, 45, 148, 216, 233,
       202, 99, 76, 35, 90, 190, 185, 246, 5, 63, 80, 127, 174, 134, 52,
       69, 18, 166, 221, 199, 198, 232, 157, 132, 235, 11, 70, 240, 45,
       84, 216, 253, 66, 99, 76, 163, 26, 110, 185, 182, 7, 31, 81, 123,
       100, 134, 129, 174, 159, 27, 236, 169, 101, 159, 254, 19, 107,
       212, 181, 227, 248, 75, 67, 42, 106, 28, 51, 124, 239, 51, 76,
       131, 118, 72, 156, 192, 193, 168, 54, 85, 18, 190, 221, 199, 22,
       232, 157, 132, 233, 9, 70, 240, 45, 148, 216, 233, 194, 99, 108,
       163, 90, 14, 177, 182, 5, 27, 80, 123, 102, 134, 129, 174, 143,
       155, 236, 169, 229, 199, 254, 19, 66, 212, 177, 227, 240, 75, 99,
       98, 106, 156, 51, 77, 143, 115, 204, 2, 118, 104, 152, 208, 227,
       168, 192, 188, 189, 112, 136, 108, 81, 143, 242, 179, 164, 24,
       151, 183, 64, 59, 129, 86, 104, 16, 51, 109, 243, 2, 201, 163, 85,
       112, 192, 64, 134, 42, 34, 253, 16, 62, 89, 205, 22, 174, 159, 28,
       40, 9, 174, 146, 65, 148, 129, 123, 194, 64, 102, 106, 90, 183,
       165, 212, 16, 59, 80, 29, 15, 142, 141, 174, 207, 27, 200, 170,
       33, 147, 230, 83, 103, 212, 177, 225, 216, 123, 97, 46, 106, 28,
       51, 252, 239, 49, 76, 35, 246, 64, 238, 200, 208, 160, 69, 241,
       189, 99, 156, 79, 167, 136, 122, 241, 43, 24, 214, 116, 72, 42,
       145, 84, 104, 122, 19, 112, 249, 50, 237, 143, 69, 116, 192, 123,
       199, 32, 77, 60, 152, 103, 177, 46, 119, 154, 99, 170, 110, 12,
       223, 115, 11, 112, 145, 92, 108, 106, 9, 240, 217, 42, 239, 255,
       5, 6, 202, 115, 74, 19, 77, 116, 147, 71, 225, 126, 54, 128, 121,
       234, 47, 8, 222, 116, 77, 62, 145, 92, 96, 42, 1, 244, 185, 74,
       71, 191, 69, 6, 194, 115, 71, 167, 109, 117, 177, 71, 229, 30,
       102, 184, 121, 234, 43, 76, 222, 112, 93, 182, 144, 68, 120, 110,
       229, 240, 249, 10, 39, 254, 69, 54, 202, 115, 67, 39, 88, 180,
       253, 116, 139, 108, 85, 159, 187, 183, 174, 24, 55, 183, 72, 27,
       35, 214, 104, 16, 50, 75, 186, 0, 219, 227, 85, 63, 224, 96, 135,
       107, 216, 56, 191, 240, 10, 233, 17, 18, 167, 151, 134, 56, 23,
       151, 64, 91, 39, 179, 237, 16, 11, 79, 178, 16, 217, 193, 113,
       121, 160, 192, 36, 115, 220, 24, 159, 116, 170, 108, 81, 50, 176,
       155, 166, 56, 127, 183, 65, 123, 163, 246, 108, 8, 57, 77, 179,
       96, 219, 227, 117, 88, 160, 225, 39, 35, 244, 182, 188, 114, 168,
       108, 81, 25, 178, 191, 165, 57, 215, 247, 74, 27, 147, 150, 109,
       48, 58, 71, 235, 2, 219, 195, 117, 125, 224, 227, 134, 99, 237,
       112, 145, 71, 105, 110, 67, 152, 123, 250, 39, 88, 214, 83, 73,
