%YAML:1.0
---
descriptors: !!opencv-matrix
   rows: 131
   cols: 32
   dt: u
   data: [ 252, 118, 172, 181, 172, 46, 93, 154, 179, 254, 151, 189, 223,
       45, 83, 27, 133, 214, 253, 39, 172, 71, 203, 128, 194, 243, 253,
       181, 166, 253, 30, 83, 69, 113, 121, 101, 112, 78, 63, 56, 104,
       224, 111, 104, 223, 23, 137, 48, 150, 93, 84, 106, 193, 176, 249,
       76, 103, 189, 37, 4, 72, 179, 7, 241, 192, 148, 191, 179, 178,
       234, 53, 167, 190, 27, 18, 49, 244, 55, 72, 75, 167, 87, 125, 17,
       114, 221, 139, 103, 237, 163, 126, 198, 128, 80, 133, 59, 77, 101,
       157, 165, 48, 14, 111, 56, 124, 232, 75, 68, 215, 115, 137, 115,
       150, 69, 108, 110, 225, 208, 217, 14, 228, 255, 103, 4, 8, 179, 1,
       49, 240, 220, 190, 188, 139, 224, 21, 231, 190, 151, 142, 59, 38,
       191, 99, 91, 225, 247, 233, 1, 124, 79, 130, 35, 249, 227, 94, 27,
       128, 120, 165, 74, 237, 53, 121, 101, 48, 79, 67, 56, 96, 232,
       127, 104, 215, 23, 137, 48, 22, 28, 68, 106, 201, 180, 241, 14,
       229, 185, 33, 20, 104, 163, 70, 49, 61, 113, 121, 103, 112, 79,
       71, 184, 97, 224, 127, 104, 83, 87, 137, 48, 22, 220, 84, 106,
       201, 176, 249, 28, 231, 205, 37, 36, 106, 179, 66, 177, 248, 188,
       254, 114, 168, 237, 81, 223, 178, 191, 164, 24, 55, 247, 64, 27,
       5, 182, 109, 24, 58, 79, 250, 51, 219, 203, 117, 120, 224, 192,
       198, 123, 129, 156, 149, 255, 184, 172, 37, 183, 254, 155, 74, 84,
       245, 243, 32, 105, 69, 114, 58, 24, 51, 220, 91, 63, 173, 174,
       119, 72, 152, 240, 129, 41, 249, 188, 156, 114, 169, 237, 80, 223,
       243, 123, 164, 24, 63, 243, 72, 59, 129, 146, 236, 16, 63, 111,
       218, 51, 219, 207, 117, 125, 234, 200, 202, 2, 254, 98, 237, 118,
       233, 124, 94, 152, 49, 190, 183, 184, 75, 231, 207, 191, 149, 212,
       253, 110, 232, 71, 235, 162, 211, 251, 245, 189, 34, 245, 94, 113,
       252, 112, 189, 103, 45, 79, 87, 152, 99, 254, 181, 8, 223, 93, 75,
       59, 153, 212, 125, 122, 41, 102, 251, 32, 219, 219, 101, 61, 226,
       251, 70, 115, 208, 172, 159, 112, 136, 237, 81, 71, 186, 151, 160,
       24, 183, 179, 64, 27, 161, 183, 109, 16, 58, 79, 146, 49, 217,
       163, 126, 121, 192, 64, 135, 42, 197, 180, 149, 19, 141, 125, 132,
       143, 251, 243, 131, 92, 214, 240, 93, 175, 129, 70, 120, 29, 183,
       109, 251, 178, 137, 94, 93, 126, 200, 124, 211, 22, 252, 188, 156,
       112, 168, 109, 80, 158, 179, 187, 164, 24, 151, 179, 64, 59, 129,
       215, 108, 16, 59, 111, 210, 50, 219, 203, 117, 125, 232, 192, 138,
       27, 100, 97, 121, 101, 80, 79, 103, 56, 96, 160, 107, 8, 211, 19,
       1, 48, 24, 220, 80, 106, 73, 176, 217, 12, 229, 140, 5, 4, 72,
       179, 66, 162, 109, 101, 17, 103, 184, 79, 71, 184, 102, 160, 43,
       8, 215, 115, 73, 48, 16, 76, 72, 106, 73, 48, 249, 62, 237, 156,
       5, 52, 80, 187, 66, 32, 244, 117, 189, 230, 139, 66, 23, 168, 18,
       166, 143, 139, 71, 119, 73, 83, 81, 212, 233, 226, 104, 67, 249,
       42, 249, 227, 205, 53, 161, 115, 134, 114, 199, 116, 149, 151,
       172, 46, 37, 136, 123, 250, 147, 124, 222, 112, 217, 175, 147, 71,
       124, 63, 177, 116, 219, 226, 140, 26, 127, 246, 140, 121, 147, 53,
       97, 221, 189, 125, 185, 143, 87, 191, 127, 171, 46, 8, 246, 49, 1,
       114, 133, 118, 104, 8, 176, 232, 113, 63, 237, 190, 85, 18, 210,
       120, 192, 43, 254, 244, 172, 182, 139, 102, 22, 232, 146, 183,
       133, 27, 71, 255, 75, 27, 145, 223, 233, 243, 60, 67, 219, 34,
       251, 227, 205, 63, 160, 119, 158, 82, 69, 117, 24, 167, 48, 14,
       119, 188, 121, 172, 238, 12, 215, 115, 11, 82, 180, 68, 124, 106,
       192, 208, 217, 46, 237, 253, 37, 4, 8, 179, 67, 43, 109, 125, 156,
       167, 164, 14, 118, 184, 122, 170, 47, 77, 215, 113, 75, 18, 145,
       68, 108, 126, 236, 240, 217, 42, 239, 255, 101, 52, 200, 115, 90,
       3, 210, 222, 189, 189, 170, 166, 61, 183, 190, 222, 146, 247, 245,
       55, 1, 75, 167, 119, 125, 133, 96, 205, 147, 127, 233, 163, 127,
       146, 12, 112, 165, 123, 80, 169, 155, 112, 153, 236, 65, 71, 170,
       21, 168, 8, 190, 147, 64, 18, 160, 183, 104, 24, 26, 11, 146, 97,
       217, 164, 26, 120, 192, 0, 135, 42, 246, 60, 150, 254, 205, 36,
       84, 202, 179, 187, 161, 89, 66, 251, 109, 219, 201, 246, 232, 18,
       44, 103, 218, 226, 155, 242, 213, 63, 137, 121, 250, 6, 77, 101,
       149, 167, 49, 30, 111, 56, 121, 232, 103, 0, 223, 51, 139, 247,
       146, 68, 124, 110, 97, 208, 233, 14, 228, 251, 103, 4, 2, 183, 3,
       101, 53, 109, 91, 71, 85, 79, 103, 232, 113, 224, 110, 10, 115,
       113, 13, 52, 120, 252, 2, 234, 105, 178, 125, 62, 61, 142, 5, 0,
       97, 179, 102, 168, 248, 188, 222, 114, 169, 237, 81, 223, 179, 63,
       164, 25, 63, 247, 66, 27, 37, 246, 237, 16, 58, 79, 154, 51, 219,
       203, 117, 121, 226, 192, 198, 123, 168, 143, 194, 62, 251, 251,
       86, 239, 159, 79, 122, 181, 111, 234, 174, 80, 211, 107, 166, 6,
       54, 251, 14, 191, 58, 247, 53, 139, 222, 126, 236, 223, 244, 100,
       237, 118, 168, 106, 92, 168, 177, 182, 167, 152, 83, 127, 93, 123,
       19, 212, 125, 106, 104, 71, 239, 42, 243, 251, 229, 61, 36, 241,
       214, 66, 252, 112, 189, 115, 169, 111, 87, 152, 59, 250, 181, 24,
       223, 95, 73, 59, 149, 212, 125, 122, 43, 103, 251, 32, 219, 219,
       101, 61, 194, 251, 70, 115, 252, 93, 61, 103, 168, 78, 87, 188,
       97, 236, 190, 8, 223, 119, 1, 51, 148, 212, 125, 106, 233, 224,
       249, 44, 231, 249, 101, 20, 96, 243, 198, 123, 77, 69, 77, 167,
       49, 90, 103, 40, 97, 164, 111, 0, 207, 115, 155, 246, 114, 196,
       108, 106, 72, 208, 237, 12, 167, 251, 1, 5, 34, 183, 78, 100, 109,
       117, 24, 103, 53, 15, 119, 56, 105, 168, 47, 12, 214, 81, 11, 16,
       144, 76, 120, 106, 64, 240, 217, 12, 231, 253, 5, 52, 72, 51, 66,
       34, 109, 127, 156, 39, 52, 14, 87, 184, 123, 172, 47, 77, 215,
       113, 75, 18, 145, 68, 108, 126, 200, 240, 217, 42, 239, 255, 101,
       52, 72, 243, 90, 3, 220, 236, 156, 118, 168, 44, 69, 158, 242,
       183, 166, 24, 247, 227, 67, 91, 1, 230, 108, 30, 40, 77, 219, 34,
       219, 239, 117, 29, 224, 241, 202, 10, 109, 245, 133, 163, 157, 63,
       70, 136, 91, 250, 137, 93, 214, 120, 89, 186, 145, 68, 120, 127,
       255, 98, 217, 18, 173, 223, 69, 126, 136, 127, 218, 20, 236, 98,
       61, 101, 36, 15, 103, 56, 121, 174, 119, 8, 215, 1, 153, 51, 144,
       84, 108, 106, 232, 244, 233, 12, 231, 251, 101, 20, 64, 187, 70,
       97, 226, 56, 191, 112, 106, 173, 177, 82, 186, 155, 176, 121, 60,
       255, 100, 27, 167, 179, 127, 16, 50, 79, 146, 83, 89, 146, 122,
       250, 192, 64, 7, 187, 116, 117, 237, 103, 138, 74, 71, 184, 50,
       230, 175, 173, 211, 103, 73, 19, 16, 212, 237, 226, 105, 210, 249,
       8, 253, 227, 229, 53, 33, 115, 86, 114, 108, 97, 209, 71, 25, 15,
       70, 168, 123, 160, 43, 8, 222, 113, 73, 212, 144, 76, 104, 106,
       64, 112, 217, 30, 173, 188, 5, 52, 114, 59, 66, 32, 221, 180, 149,
       178, 173, 125, 64, 143, 251, 251, 131, 92, 222, 248, 89, 191, 129,
       199, 124, 21, 63, 111, 219, 162, 153, 219, 85, 126, 200, 116, 219,
       22, 248, 184, 158, 112, 169, 253, 81, 215, 163, 63, 164, 28, 63,
       179, 66, 31, 129, 166, 236, 24, 26, 111, 178, 49, 219, 217, 84,
       123, 234, 196, 206, 123, 201, 156, 148, 91, 249, 189, 36, 159,
       254, 91, 101, 84, 252, 243, 232, 255, 1, 106, 106, 28, 51, 76,
       219, 51, 15, 255, 87, 106, 154, 192, 137, 172, 2, 191, 31, 190,
       176, 196, 52, 183, 188, 13, 90, 241, 172, 247, 32, 80, 135, 115,
       237, 1, 114, 201, 2, 127, 169, 247, 126, 195, 128, 80, 165, 123,
       240, 178, 220, 112, 170, 237, 81, 87, 162, 255, 180, 189, 55, 151,
       66, 27, 7, 151, 109, 16, 26, 79, 178, 17, 219, 161, 117, 249, 232,
       192, 134, 91, 228, 174, 200, 182, 200, 104, 69, 191, 50, 183, 134,
       153, 115, 231, 66, 27, 89, 254, 97, 152, 56, 94, 203, 34, 221,
       167, 245, 57, 160, 248, 214, 74, 109, 103, 140, 39, 188, 15, 71,
