%YAML:1.0
---
descriptors: !!opencv-matrix
   rows: 369
   cols: 32
   dt: u
   data: [ 68, 53, 29, 229, 32, 78, 103, 56, 40, 136, 107, 72, 222, 55,
       1, 50, 148, 84, 125, 106, 65, 240, 153, 10, 229, 247, 37, 4, 64,
       243, 7, 49, 12, 181, 177, 65, 241, 77, 53, 143, 43, 189, 45, 24,
       142, 23, 72, 30, 145, 31, 193, 16, 82, 88, 249, 84, 111, 148, 21,
       119, 194, 0, 135, 227, 68, 181, 177, 67, 241, 109, 53, 11, 59,
       189, 45, 24, 142, 55, 76, 62, 149, 31, 192, 48, 18, 120, 249, 66,
       79, 212, 5, 119, 194, 66, 135, 227, 156, 76, 126, 255, 46, 10,
       111, 248, 164, 246, 247, 18, 215, 67, 153, 75, 106, 228, 110, 238,
       104, 213, 105, 44, 242, 235, 239, 148, 117, 187, 101, 96, 76, 233,
       24, 186, 25, 221, 18, 200, 171, 53, 41, 9, 174, 223, 67, 144, 129,
       123, 193, 66, 6, 74, 218, 55, 235, 213, 21, 59, 16, 23, 15, 138,
       200, 188, 189, 114, 169, 189, 125, 151, 251, 63, 180, 24, 190,
       255, 64, 59, 133, 83, 108, 26, 162, 109, 250, 243, 223, 219, 85,
       122, 194, 65, 135, 107, 232, 188, 180, 251, 173, 173, 220, 159,
       255, 187, 180, 24, 254, 253, 92, 123, 129, 114, 127, 16, 178, 103,
       218, 179, 207, 219, 215, 59, 210, 88, 211, 3, 232, 181, 188, 250,
       157, 93, 84, 47, 83, 95, 165, 24, 255, 125, 74, 51, 217, 146, 233,
       16, 122, 110, 251, 147, 235, 223, 84, 123, 210, 72, 198, 106, 236,
       113, 253, 103, 36, 78, 103, 184, 104, 234, 55, 72, 215, 87, 201,
       51, 148, 84, 124, 106, 233, 240, 249, 8, 231, 249, 101, 52, 72,
       179, 70, 113, 5, 93, 57, 231, 176, 78, 111, 184, 60, 232, 127,
       100, 215, 119, 137, 112, 54, 92, 63, 106, 193, 144, 121, 46, 229,
       255, 39, 132, 8, 243, 100, 49, 77, 85, 61, 103, 48, 14, 103, 184,
       124, 232, 127, 68, 215, 119, 153, 112, 150, 68, 28, 106, 225, 176,
       121, 78, 231, 255, 37, 132, 24, 179, 65, 49, 213, 116, 157, 119,
       168, 110, 101, 188, 240, 250, 163, 88, 215, 115, 73, 123, 1, 86,
       108, 42, 97, 229, 251, 42, 193, 175, 117, 20, 200, 241, 195, 33,
       84, 180, 189, 114, 168, 237, 69, 207, 242, 115, 169, 24, 151, 247,
       72, 59, 129, 150, 124, 16, 59, 107, 250, 51, 217, 231, 117, 124,
       224, 64, 134, 50, 104, 180, 189, 112, 25, 237, 81, 3, 251, 127,
       36, 24, 182, 183, 64, 56, 129, 58, 104, 24, 51, 109, 242, 19, 203,
       223, 16, 122, 194, 0, 198, 107, 72, 48, 157, 101, 32, 76, 113, 16,
       236, 216, 39, 72, 223, 23, 0, 123, 130, 84, 124, 88, 1, 208, 243,
       0, 197, 249, 112, 0, 8, 128, 7, 51, 252, 69, 124, 103, 0, 74, 71,
       184, 113, 162, 175, 8, 215, 115, 9, 115, 50, 212, 104, 106, 104,
       244, 217, 46, 245, 235, 69, 20, 104, 243, 70, 34, 28, 189, 159,
       103, 145, 14, 71, 248, 116, 166, 235, 0, 83, 243, 9, 81, 241, 254,
       104, 106, 104, 209, 57, 46, 233, 239, 5, 4, 32, 115, 228, 34, 224,
       140, 157, 254, 200, 237, 17, 135, 154, 19, 32, 24, 182, 247, 64,
       91, 129, 114, 104, 0, 50, 79, 202, 51, 221, 178, 84, 123, 144, 72,
       135, 42, 253, 106, 149, 119, 41, 44, 80, 152, 179, 186, 179, 88,
       215, 115, 73, 155, 141, 244, 108, 18, 44, 103, 203, 34, 211, 219,
       117, 62, 194, 241, 10, 3, 144, 172, 187, 247, 192, 228, 237, 239,
       50, 55, 100, 18, 49, 243, 64, 25, 121, 255, 115, 152, 58, 222,
       186, 49, 221, 171, 255, 97, 225, 64, 231, 170, 244, 197, 92, 109,
       184, 74, 71, 189, 160, 160, 175, 8, 215, 115, 128, 115, 18, 212,
       108, 106, 120, 41, 201, 44, 241, 235, 101, 20, 112, 186, 192, 32,
       208, 140, 189, 181, 188, 107, 197, 175, 254, 243, 178, 24, 247,
       125, 16, 43, 131, 103, 108, 41, 176, 237, 237, 46, 233, 170, 117,
       84, 196, 232, 213, 104, 242, 172, 254, 94, 139, 112, 89, 239, 179,
       191, 164, 185, 102, 231, 70, 31, 129, 247, 237, 0, 58, 79, 170,
       51, 155, 242, 85, 255, 130, 96, 166, 127, 109, 55, 245, 69, 181,
       95, 70, 56, 123, 234, 59, 108, 219, 120, 141, 180, 23, 212, 244,
       106, 233, 240, 125, 142, 46, 254, 101, 22, 79, 191, 82, 53, 246,
       164, 173, 190, 136, 165, 77, 143, 146, 191, 129, 25, 246, 254, 88,
       27, 205, 215, 125, 151, 58, 71, 219, 49, 153, 146, 223, 124, 144,
       113, 146, 34, 69, 112, 157, 101, 32, 78, 55, 56, 104, 234, 35, 72,
       222, 51, 9, 58, 144, 84, 108, 98, 65, 240, 249, 72, 197, 184, 101,
       38, 72, 51, 67, 35, 69, 115, 29, 7, 34, 10, 47, 184, 108, 224, 99,
       236, 214, 82, 137, 116, 22, 85, 122, 98, 197, 144, 253, 76, 164,
       50, 15, 6, 8, 179, 11, 53, 103, 117, 133, 135, 168, 14, 79, 168,
       59, 226, 171, 200, 214, 102, 77, 55, 21, 213, 104, 230, 105, 66,
       251, 42, 189, 182, 205, 60, 0, 243, 130, 48, 220, 188, 189, 118,
       168, 232, 81, 19, 178, 183, 167, 56, 183, 247, 64, 59, 7, 215,
       108, 16, 58, 111, 250, 35, 219, 227, 117, 121, 224, 192, 134, 99,
       205, 112, 221, 103, 40, 14, 71, 184, 112, 218, 167, 92, 219, 81,
       73, 59, 146, 196, 108, 106, 233, 228, 249, 8, 199, 235, 101, 6,
       106, 51, 67, 35, 120, 168, 159, 112, 140, 236, 81, 87, 226, 49,
       172, 8, 55, 211, 64, 58, 129, 182, 76, 16, 26, 75, 242, 49, 219,
       233, 48, 121, 224, 130, 206, 10, 145, 142, 207, 125, 180, 170,
       109, 151, 118, 11, 98, 116, 243, 97, 144, 121, 17, 110, 44, 28,
       249, 252, 69, 63, 236, 175, 116, 128, 232, 208, 192, 40, 101, 49,
       185, 101, 9, 79, 67, 136, 106, 160, 45, 8, 210, 87, 73, 50, 144,
       92, 104, 106, 9, 112, 249, 24, 197, 188, 1, 52, 64, 35, 70, 34,
       188, 77, 94, 255, 60, 11, 79, 248, 180, 176, 247, 18, 255, 67, 57,
       67, 122, 228, 95, 234, 104, 245, 73, 174, 242, 235, 231, 20, 53,
       187, 97, 128, 76, 53, 145, 67, 209, 126, 51, 9, 123, 177, 45, 24,
       222, 119, 77, 190, 179, 95, 192, 48, 17, 240, 249, 66, 15, 215, 5,
       103, 194, 99, 7, 179, 220, 52, 188, 247, 172, 44, 89, 27, 187,
       187, 183, 56, 223, 191, 200, 91, 135, 151, 125, 24, 184, 69, 235,
       192, 219, 251, 127, 220, 130, 224, 135, 51, 194, 172, 182, 191,
       237, 173, 232, 207, 255, 187, 240, 24, 234, 234, 116, 91, 201,
       239, 127, 145, 186, 239, 203, 243, 141, 218, 223, 252, 144, 104,
       243, 136, 234, 180, 180, 250, 173, 173, 84, 159, 255, 187, 180,
       24, 238, 249, 92, 31, 129, 114, 127, 24, 178, 111, 218, 243, 207,
       219, 85, 58, 210, 88, 211, 11, 130, 172, 214, 191, 238, 171, 236,
       207, 191, 179, 242, 18, 237, 234, 52, 75, 251, 239, 127, 157, 50,
       255, 203, 243, 156, 250, 223, 240, 245, 72, 227, 136, 160, 172,
       222, 191, 236, 171, 236, 223, 62, 179, 242, 18, 245, 234, 48, 73,
       251, 239, 127, 17, 50, 255, 203, 127, 220, 167, 255, 224, 197,
       104, 243, 137, 108, 52, 189, 99, 173, 111, 83, 152, 99, 250, 45,
       8, 215, 117, 73, 58, 153, 84, 124, 122, 9, 116, 249, 18, 207, 223,
       101, 116, 194, 235, 70, 115, 236, 112, 185, 103, 36, 79, 119, 152,
       123, 238, 39, 8, 215, 85, 73, 59, 145, 84, 124, 122, 161, 244,
       249, 10, 231, 219, 101, 52, 192, 251, 70, 115, 101, 85, 125, 103,
       160, 78, 111, 184, 32, 232, 191, 72, 215, 119, 137, 115, 22, 212,
       124, 106, 73, 240, 249, 12, 231, 249, 101, 20, 96, 243, 70, 113,
       85, 93, 125, 231, 176, 78, 79, 184, 32, 232, 254, 104, 215, 119,
       137, 114, 86, 212, 125, 106, 233, 144, 249, 46, 229, 239, 37, 148,
       32, 179, 64, 33, 238, 174, 132, 23, 141, 57, 196, 174, 250, 243,
       130, 221, 227, 232, 214, 143, 137, 102, 232, 21, 190, 77, 207,
       162, 168, 82, 221, 123, 142, 124, 218, 28, 197, 87, 157, 247, 168,
       14, 38, 188, 236, 186, 131, 84, 215, 115, 137, 123, 135, 87, 124,
       106, 225, 197, 89, 46, 173, 170, 111, 20, 136, 115, 129, 33, 213,
       92, 157, 247, 168, 108, 5, 188, 182, 186, 162, 80, 215, 115, 73,
       123, 133, 85, 124, 122, 33, 69, 219, 32, 201, 170, 103, 20, 136,
       113, 1, 51, 232, 253, 188, 123, 185, 237, 84, 175, 155, 63, 172,
       25, 166, 115, 74, 17, 129, 90, 233, 16, 58, 106, 218, 55, 239,
       215, 85, 127, 210, 88, 206, 11, 104, 176, 191, 112, 25, 237, 81,
