%YAML:1.0
---
descriptors: !!opencv-matrix
   rows: 315
   cols: 32
   dt: u
   data: [ 93, 93, 125, 103, 176, 78, 79, 184, 96, 232, 191, 72, 83, 119,
       137, 115, 54, 212, 124, 106, 233, 176, 249, 46, 227, 237, 101,
       148, 104, 243, 66, 49, 93, 93, 125, 103, 176, 78, 79, 188, 96,
       234, 255, 68, 119, 119, 129, 114, 86, 244, 92, 106, 233, 144, 121,
       46, 227, 239, 37, 148, 104, 243, 64, 49, 221, 221, 57, 239, 176,
       15, 79, 189, 52, 232, 127, 100, 247, 119, 136, 112, 86, 214, 29,
       106, 233, 144, 121, 63, 233, 239, 39, 132, 40, 242, 128, 49, 21,
       181, 185, 239, 180, 47, 111, 188, 54, 235, 255, 116, 247, 119,
       153, 96, 87, 222, 29, 58, 187, 184, 73, 63, 233, 239, 39, 196,
       172, 251, 129, 49, 236, 52, 189, 99, 173, 109, 83, 152, 91, 255,
       165, 24, 222, 93, 73, 59, 145, 81, 125, 58, 51, 100, 251, 18, 207,
       219, 65, 127, 194, 107, 70, 115, 213, 236, 217, 255, 164, 46, 111,
       158, 62, 163, 123, 80, 247, 243, 88, 104, 127, 95, 127, 158, 187,
       220, 203, 51, 237, 175, 255, 132, 164, 243, 163, 169, 253, 112,
       189, 103, 40, 78, 83, 152, 113, 250, 183, 24, 215, 85, 73, 59,
       148, 212, 124, 122, 169, 103, 249, 0, 211, 217, 101, 52, 104, 179,
       70, 51, 120, 48, 60, 112, 42, 205, 81, 83, 162, 252, 164, 45, 23,
       151, 66, 27, 166, 149, 237, 16, 26, 75, 178, 16, 219, 193, 112,
       121, 96, 128, 6, 123, 236, 180, 189, 115, 173, 125, 81, 152, 123,
       123, 165, 24, 223, 95, 72, 59, 145, 18, 253, 56, 59, 100, 251, 18,
       207, 219, 81, 127, 194, 75, 70, 114, 134, 252, 254, 255, 252, 235,
       254, 239, 191, 187, 243, 59, 238, 251, 93, 75, 255, 255, 127, 131,
       122, 247, 203, 255, 255, 255, 223, 187, 149, 121, 229, 131, 246,
       252, 246, 255, 253, 171, 254, 239, 63, 182, 251, 187, 239, 239,
       95, 75, 255, 255, 255, 179, 126, 119, 203, 251, 191, 222, 223,
       239, 151, 253, 231, 219, 212, 156, 221, 247, 168, 106, 77, 191,
       178, 187, 166, 112, 87, 119, 200, 123, 7, 214, 109, 24, 57, 205,
       235, 34, 203, 163, 117, 84, 160, 225, 134, 49, 120, 184, 253, 112,
       136, 236, 81, 87, 163, 181, 164, 24, 19, 247, 66, 26, 1, 182, 236,
       24, 27, 75, 178, 17, 219, 203, 117, 121, 226, 192, 198, 122, 230,
       173, 246, 223, 253, 187, 254, 254, 191, 179, 255, 26, 238, 235,
       188, 79, 127, 239, 127, 155, 248, 235, 239, 255, 190, 62, 223,
       220, 151, 255, 227, 129, 96, 252, 191, 252, 157, 205, 85, 231,
       223, 210, 232, 8, 190, 189, 36, 51, 201, 251, 123, 0, 123, 111,
       242, 255, 251, 255, 214, 59, 210, 88, 246, 106, 197, 178, 148, 83,
       168, 44, 36, 155, 250, 187, 130, 84, 212, 242, 205, 255, 135, 71,
       108, 28, 179, 77, 155, 98, 140, 186, 127, 254, 136, 113, 137, 5,
       236, 253, 188, 255, 172, 63, 94, 184, 255, 186, 189, 24, 255, 249,
       93, 27, 221, 199, 127, 106, 234, 103, 251, 187, 255, 251, 101,
       190, 210, 251, 194, 3, 148, 12, 27, 103, 20, 78, 103, 224, 116,
       166, 226, 0, 83, 115, 1, 80, 248, 204, 40, 234, 104, 180, 57, 46,
       177, 238, 37, 0, 97, 115, 102, 42, 101, 5, 93, 103, 172, 14, 71,
       184, 232, 160, 171, 8, 215, 51, 137, 115, 130, 212, 124, 106, 105,
       33, 249, 12, 225, 170, 101, 20, 96, 178, 66, 32, 252, 253, 188,
       247, 172, 111, 95, 184, 187, 186, 191, 56, 255, 255, 201, 123,
       151, 215, 253, 106, 250, 103, 235, 179, 251, 255, 103, 191, 194,
       243, 198, 51, 220, 220, 156, 247, 172, 46, 126, 190, 191, 186,
       191, 25, 223, 255, 73, 91, 215, 247, 253, 122, 120, 197, 219, 242,
       239, 255, 119, 252, 130, 243, 131, 17, 96, 181, 149, 114, 141, 77,
       84, 175, 239, 49, 169, 24, 214, 59, 76, 118, 129, 150, 104, 16,
       91, 105, 219, 145, 171, 222, 85, 127, 210, 72, 198, 38, 220, 237,
       188, 183, 172, 47, 126, 191, 191, 187, 187, 25, 255, 255, 89, 91,
       247, 215, 127, 151, 186, 101, 219, 243, 255, 255, 255, 148, 166,
       241, 161, 83, 64, 136, 157, 251, 248, 237, 33, 143, 158, 49, 32,
       24, 182, 51, 64, 122, 129, 18, 106, 24, 51, 72, 211, 53, 205, 146,
       84, 120, 144, 72, 133, 40, 77, 71, 220, 39, 164, 58, 110, 136,
       121, 166, 107, 64, 207, 98, 219, 218, 18, 68, 108, 126, 20, 240,
       205, 10, 140, 255, 103, 4, 192, 243, 75, 4, 117, 68, 189, 69, 15,
       79, 199, 40, 64, 226, 163, 8, 82, 52, 9, 51, 152, 212, 104, 98,
       105, 227, 233, 12, 57, 170, 69, 55, 97, 123, 70, 34, 12, 117, 49,
       103, 240, 78, 55, 184, 57, 232, 127, 108, 222, 119, 141, 52, 148,
       93, 213, 98, 225, 240, 249, 110, 111, 255, 37, 134, 74, 51, 7,
       243, 69, 113, 17, 101, 81, 15, 102, 48, 104, 224, 107, 76, 214,
       17, 9, 176, 144, 76, 64, 106, 193, 176, 209, 12, 37, 188, 1, 6,
       72, 51, 67, 34, 134, 237, 214, 191, 252, 43, 254, 252, 63, 162,
       251, 26, 238, 234, 25, 81, 255, 207, 127, 227, 120, 243, 201, 238,
       188, 246, 207, 140, 197, 251, 225, 129, 135, 86, 111, 197, 38, 54,
       191, 24, 92, 202, 87, 230, 217, 127, 183, 107, 118, 84, 63, 238,
       161, 148, 45, 200, 71, 123, 235, 132, 150, 251, 53, 241, 220, 80,
       157, 247, 44, 77, 121, 152, 175, 186, 183, 56, 223, 87, 73, 91,
       167, 213, 125, 26, 40, 101, 219, 160, 203, 251, 119, 149, 128,
       233, 5, 51, 28, 181, 185, 114, 219, 236, 17, 207, 242, 21, 173,
       24, 30, 247, 72, 56, 161, 155, 192, 144, 19, 107, 186, 114, 219,
       197, 21, 111, 225, 65, 167, 162, 216, 180, 189, 240, 169, 237, 89,
       31, 191, 59, 181, 24, 159, 191, 72, 59, 133, 151, 125, 24, 59, 77,
       251, 19, 219, 219, 117, 248, 194, 192, 134, 51, 129, 153, 83, 77,
       83, 86, 38, 37, 124, 64, 98, 96, 248, 50, 164, 245, 112, 54, 18,
       234, 113, 152, 49, 77, 37, 188, 2, 2, 88, 32, 225, 188, 237, 188,
       180, 250, 173, 191, 84, 159, 223, 251, 176, 28, 254, 249, 85, 91,
       201, 238, 127, 24, 187, 111, 251, 179, 155, 223, 213, 126, 218,
       221, 210, 138, 232, 188, 188, 248, 173, 253, 85, 215, 255, 123,
       180, 24, 191, 249, 68, 59, 205, 242, 255, 8, 187, 111, 242, 179,
       219, 219, 85, 122, 218, 220, 194, 43, 199, 172, 246, 223, 236,
       249, 254, 255, 255, 211, 246, 26, 255, 255, 221, 123, 255, 255,
       127, 139, 187, 255, 235, 243, 190, 254, 223, 232, 143, 248, 225,
       141, 222, 188, 247, 255, 238, 233, 254, 254, 191, 147, 246, 58,
       253, 255, 125, 111, 255, 255, 127, 139, 178, 127, 235, 247, 191,
       255, 223, 206, 167, 249, 229, 169, 238, 172, 246, 255, 236, 169,
       255, 254, 191, 191, 244, 154, 239, 239, 125, 91, 239, 255, 255,
       147, 250, 111, 203, 251, 255, 255, 255, 168, 151, 248, 231, 235,
       125, 93, 95, 103, 164, 14, 71, 177, 96, 234, 174, 76, 83, 113,
       145, 51, 48, 196, 108, 110, 201, 161, 185, 44, 224, 233, 101, 20,
       104, 242, 194, 41, 204, 180, 189, 113, 161, 111, 117, 31, 127,
       255, 167, 24, 223, 55, 74, 59, 149, 23, 125, 56, 50, 124, 241, 2,
       207, 219, 117, 117, 194, 64, 198, 115, 198, 188, 254, 223, 238,
       169, 252, 255, 191, 147, 254, 186, 253, 255, 245, 123, 239, 255,
       127, 131, 250, 255, 239, 247, 254, 187, 255, 138, 133, 248, 161,
       217, 198, 174, 254, 223, 236, 185, 254, 255, 191, 211, 254, 179,
       253, 239, 252, 91, 111, 255, 255, 143, 242, 255, 239, 243, 190,
       255, 255, 232, 135, 252, 161, 249, 220, 221, 61, 231, 40, 78, 95,
       185, 52, 252, 183, 60, 215, 87, 9, 83, 214, 212, 125, 106, 233,
       213, 249, 47, 247, 235, 101, 148, 32, 179, 132, 115, 84, 221, 57,
       239, 180, 15, 127, 188, 36, 232, 222, 100, 247, 119, 137, 64, 118,
       215, 125, 254, 219, 161, 121, 63, 237, 237, 47, 212, 164, 243,
       161, 113, 21, 189, 185, 175, 180, 15, 255, 190, 46, 233, 254, 32,
       215, 255, 201, 96, 247, 127, 127, 91, 218, 184, 105, 59, 237, 237,
       175, 212, 180, 251, 129, 243, 237, 113, 29, 101, 36, 14, 71, 184,
       96, 234, 174, 76, 215, 113, 145, 51, 16, 68, 124, 110, 201, 240,
       249, 8, 229, 169, 101, 20, 74, 243, 66, 48, 109, 85, 29, 103, 164,
