%YAML:1.0
---
descriptors: !!opencv-matrix
   rows: 247
   cols: 32
   dt: u
   data: [ 108, 101, 57, 111, 13, 79, 71, 168, 22, 228, 172, 8, 243, 117,
       73, 48, 216, 220, 121, 106, 73, 98, 249, 62, 229, 223, 5, 56, 80,
       59, 86, 106, 124, 165, 153, 122, 137, 205, 87, 200, 162, 151, 173,
       25, 87, 247, 74, 26, 153, 210, 233, 82, 90, 99, 250, 49, 251, 193,
       69, 125, 240, 115, 206, 66, 220, 164, 156, 178, 137, 105, 81, 143,
       178, 191, 165, 25, 151, 53, 72, 27, 129, 151, 236, 16, 50, 77,
       203, 2, 203, 195, 117, 125, 192, 64, 142, 2, 44, 96, 120, 103, 68,
       94, 95, 56, 96, 164, 239, 8, 219, 77, 29, 48, 88, 212, 209, 106,
       72, 178, 121, 12, 231, 237, 1, 5, 99, 187, 94, 114, 88, 164, 156,
       48, 169, 41, 16, 143, 187, 55, 164, 25, 143, 167, 74, 26, 129,
       151, 237, 16, 26, 79, 203, 19, 219, 211, 85, 127, 160, 64, 143,
       10, 249, 188, 253, 118, 169, 93, 85, 255, 243, 251, 180, 24, 123,
       244, 194, 63, 137, 246, 236, 10, 237, 111, 250, 51, 251, 219, 85,
       59, 235, 244, 206, 127, 252, 52, 189, 118, 168, 104, 81, 24, 242,
       191, 167, 56, 87, 247, 73, 59, 19, 212, 108, 58, 56, 71, 234, 2,
       217, 195, 101, 125, 224, 227, 6, 99, 81, 143, 95, 101, 180, 46,
       79, 182, 100, 136, 122, 68, 243, 35, 144, 112, 22, 102, 108, 110,
       169, 184, 69, 47, 224, 174, 36, 144, 104, 226, 194, 41, 120, 184,
       191, 112, 25, 237, 81, 87, 235, 29, 164, 24, 54, 183, 64, 58, 129,
       50, 108, 16, 18, 111, 178, 17, 219, 223, 16, 123, 194, 0, 198,
       107, 253, 190, 156, 178, 168, 172, 92, 159, 179, 255, 180, 253,
       63, 247, 194, 91, 135, 247, 253, 20, 191, 79, 202, 51, 218, 195,
       117, 249, 168, 192, 142, 91, 209, 92, 159, 117, 40, 78, 69, 58,
       176, 234, 166, 72, 215, 55, 1, 123, 34, 244, 124, 42, 105, 197,
       177, 12, 241, 235, 101, 16, 40, 240, 2, 57, 252, 252, 253, 86,
       168, 109, 71, 221, 178, 191, 173, 24, 115, 247, 201, 59, 1, 214,
       108, 90, 107, 103, 250, 35, 251, 203, 117, 56, 224, 211, 198, 106,
       221, 39, 152, 182, 168, 60, 88, 138, 250, 187, 171, 124, 207, 226,
       203, 218, 131, 199, 108, 28, 60, 65, 203, 2, 154, 243, 119, 124,
       136, 225, 139, 1, 244, 176, 189, 114, 168, 237, 81, 219, 243, 255,
       165, 24, 211, 247, 72, 59, 5, 214, 236, 24, 59, 111, 251, 51, 219,
       251, 117, 124, 224, 192, 198, 115, 83, 123, 18, 164, 50, 138, 58,
       52, 41, 204, 90, 237, 172, 2, 130, 212, 166, 61, 204, 103, 197,
       154, 132, 76, 180, 116, 42, 130, 12, 22, 3, 29, 224, 180, 157,
       218, 204, 237, 71, 142, 218, 51, 168, 24, 246, 241, 72, 122, 129,
       82, 106, 26, 59, 111, 250, 115, 253, 150, 85, 124, 216, 89, 199,
       42, 93, 69, 127, 103, 16, 14, 71, 184, 101, 160, 239, 64, 211,
       115, 8, 112, 50, 212, 92, 106, 233, 144, 125, 62, 231, 239, 37,
       20, 96, 179, 64, 32, 252, 44, 156, 114, 137, 237, 84, 223, 179,
       191, 164, 25, 55, 243, 67, 27, 129, 246, 237, 16, 58, 79, 202, 50,
       219, 195, 117, 125, 226, 240, 142, 10, 244, 68, 124, 118, 168,
       106, 85, 184, 176, 178, 167, 24, 87, 119, 9, 123, 131, 212, 109,
       106, 104, 229, 201, 46, 241, 235, 101, 20, 96, 241, 68, 32, 193,
       160, 253, 113, 168, 248, 189, 143, 254, 179, 134, 144, 245, 246,
       208, 123, 7, 87, 120, 24, 54, 77, 239, 82, 207, 171, 127, 125,
       196, 192, 131, 32, 96, 209, 149, 225, 185, 77, 69, 175, 111, 57,
       163, 24, 214, 51, 76, 114, 129, 150, 104, 16, 123, 104, 219, 21,
       173, 146, 85, 118, 208, 8, 196, 42, 244, 60, 172, 183, 140, 111,
       87, 158, 242, 250, 134, 24, 215, 125, 91, 59, 137, 212, 125, 59,
       40, 71, 251, 34, 249, 195, 237, 53, 168, 121, 86, 50, 224, 172,
       157, 254, 232, 237, 21, 167, 154, 23, 96, 24, 182, 243, 96, 91,
       193, 122, 106, 24, 50, 78, 218, 51, 205, 163, 118, 120, 144, 88,
       133, 42, 193, 156, 189, 95, 136, 237, 149, 175, 206, 115, 160, 24,
       246, 116, 12, 107, 133, 83, 104, 0, 183, 109, 251, 53, 77, 186,
       84, 122, 208, 72, 193, 42, 126, 231, 128, 166, 219, 18, 86, 136,
       19, 183, 137, 139, 78, 43, 74, 150, 145, 207, 233, 243, 124, 67,
       201, 138, 250, 85, 205, 63, 162, 119, 158, 66, 4, 247, 189, 99,
       136, 79, 71, 152, 86, 243, 45, 68, 211, 103, 200, 96, 21, 90, 104,
       122, 251, 80, 251, 51, 237, 134, 101, 116, 240, 251, 132, 176, 69,
       103, 157, 103, 180, 14, 103, 184, 122, 168, 59, 76, 214, 97, 217,
       50, 144, 68, 108, 126, 193, 240, 201, 14, 236, 190, 37, 4, 72,
       243, 67, 33, 236, 176, 156, 115, 169, 111, 80, 136, 123, 187, 37,
       56, 214, 89, 73, 27, 145, 20, 236, 50, 51, 116, 217, 18, 207, 211,
       65, 119, 202, 43, 74, 3, 124, 103, 116, 103, 49, 95, 86, 184, 97,
       168, 191, 72, 219, 29, 217, 178, 152, 212, 236, 106, 200, 240,
       233, 12, 239, 217, 37, 21, 99, 179, 70, 34, 76, 117, 121, 103, 48,
       78, 63, 184, 41, 228, 111, 173, 223, 71, 139, 80, 22, 93, 205,
       110, 65, 144, 249, 76, 231, 253, 33, 4, 66, 179, 7, 113, 109, 119,
       53, 101, 53, 31, 118, 56, 121, 232, 127, 77, 219, 61, 159, 176,
       148, 68, 124, 110, 197, 240, 249, 12, 231, 255, 33, 150, 66, 191,
       82, 119, 248, 164, 191, 116, 136, 233, 81, 23, 226, 183, 172, 24,
       51, 183, 64, 59, 1, 182, 108, 16, 58, 111, 178, 0, 217, 195, 117,
       57, 224, 64, 198, 42, 216, 184, 190, 186, 168, 237, 17, 19, 230,
       123, 166, 24, 183, 247, 66, 59, 129, 51, 108, 17, 59, 111, 211,
       49, 217, 195, 115, 121, 232, 64, 7, 43, 109, 125, 185, 103, 245,
       79, 119, 184, 121, 236, 46, 12, 222, 113, 5, 48, 144, 76, 112,
       106, 224, 240, 249, 46, 111, 255, 5, 34, 74, 51, 198, 226, 120,
       184, 127, 116, 10, 201, 65, 83, 160, 21, 164, 56, 55, 151, 0, 19,
       34, 178, 108, 8, 90, 79, 178, 1, 209, 193, 112, 24, 96, 128, 198,
       107, 76, 112, 157, 112, 105, 124, 49, 0, 235, 219, 37, 8, 158,
       215, 77, 58, 129, 93, 96, 16, 3, 114, 242, 64, 71, 217, 80, 47,
       192, 51, 7, 163, 108, 115, 49, 103, 48, 15, 71, 184, 96, 172, 47,
       72, 211, 83, 9, 48, 144, 84, 68, 106, 72, 240, 249, 12, 103, 221,
       37, 20, 66, 179, 70, 33, 120, 60, 247, 118, 171, 249, 81, 215,
       163, 151, 172, 56, 46, 247, 64, 158, 39, 246, 236, 24, 26, 107,
       162, 97, 219, 211, 84, 123, 226, 192, 134, 107, 145, 6, 205, 101,
       176, 42, 107, 59, 116, 163, 106, 208, 211, 35, 144, 112, 83, 206,
       44, 44, 185, 188, 69, 14, 236, 175, 49, 4, 232, 224, 64, 32, 221,
       221, 95, 102, 168, 14, 71, 189, 224, 218, 171, 76, 119, 115, 137,
       115, 38, 246, 124, 106, 233, 225, 153, 47, 241, 235, 101, 20, 104,
       243, 194, 57, 121, 174, 244, 178, 169, 173, 92, 223, 179, 123,
       180, 57, 63, 255, 66, 27, 135, 247, 253, 20, 190, 79, 202, 51,
       219, 219, 117, 249, 162, 212, 138, 75, 80, 48, 159, 116, 40, 236,
       81, 18, 170, 25, 166, 56, 159, 151, 64, 123, 38, 244, 108, 24, 27,
       77, 178, 0, 209, 225, 112, 88, 160, 128, 7, 51, 246, 174, 213, 82,
       203, 169, 100, 207, 187, 51, 160, 91, 2, 235, 76, 159, 169, 203,
       98, 144, 62, 111, 202, 115, 28, 146, 213, 127, 233, 80, 202, 134,
       120, 177, 249, 112, 40, 237, 81, 83, 178, 255, 164, 24, 55, 183,
       64, 27, 5, 158, 101, 24, 58, 107, 242, 17, 219, 233, 117, 120,
       226, 192, 70, 251, 221, 78, 206, 87, 36, 26, 70, 184, 117, 174,
       230, 20, 67, 97, 155, 253, 113, 204, 44, 238, 236, 244, 237, 42,
       146, 239, 229, 5, 99, 243, 120, 4, 221, 102, 200, 103, 144, 62,
       78, 152, 115, 171, 231, 84, 67, 98, 159, 254, 49, 204, 108, 254,
       172, 208, 237, 42, 166, 239, 165, 5, 171, 243, 74, 4, 226, 168,
       206, 88, 200, 185, 224, 207, 187, 55, 164, 153, 35, 225, 70, 159,
       75, 178, 234, 24, 58, 111, 206, 49, 30, 219, 84, 121, 195, 200,
       206, 138, 69, 113, 25, 101, 17, 78, 115, 32, 104, 192, 106, 8,
       214, 49, 1, 50, 144, 84, 104, 106, 65, 240, 241, 12, 229, 188, 0,
       6, 72, 34, 67, 34, 242, 186, 174, 158, 171, 177, 25, 159, 139,
