%YAML:1.0
---
descriptors: !!opencv-matrix
   rows: 248
   cols: 32
   dt: u
   data: [ 85, 85, 125, 103, 48, 78, 79, 188, 96, 232, 191, 64, 115, 119,
       137, 114, 22, 212, 124, 106, 233, 161, 121, 47, 227, 239, 37, 148,
       104, 243, 192, 49, 104, 180, 189, 122, 141, 253, 81, 15, 235, 61,
       173, 24, 190, 189, 72, 26, 137, 18, 237, 16, 26, 107, 250, 145,
       207, 223, 84, 127, 210, 72, 198, 106, 104, 189, 188, 252, 157,
       221, 84, 143, 219, 63, 172, 24, 190, 189, 64, 50, 201, 186, 232,
       16, 58, 107, 242, 177, 235, 223, 84, 59, 210, 72, 198, 42, 253,
       215, 92, 110, 184, 31, 86, 189, 107, 40, 191, 108, 123, 112, 143,
       244, 149, 198, 236, 110, 239, 33, 121, 63, 186, 255, 37, 54, 122,
       251, 202, 13, 69, 103, 149, 71, 160, 46, 102, 152, 110, 170, 43,
       64, 222, 114, 201, 126, 151, 69, 108, 126, 129, 208, 201, 104,
       172, 190, 103, 4, 136, 243, 131, 5, 226, 178, 189, 92, 11, 241,
       25, 239, 171, 191, 164, 185, 108, 231, 70, 27, 131, 115, 237, 144,
       54, 79, 170, 113, 155, 147, 93, 191, 0, 32, 135, 111, 252, 77, 93,
       118, 168, 72, 85, 188, 176, 178, 166, 56, 247, 115, 1, 123, 134,
       213, 108, 106, 104, 71, 203, 41, 241, 235, 101, 28, 96, 241, 75,
       41, 20, 141, 94, 247, 146, 234, 79, 167, 52, 131, 234, 16, 247,
       115, 0, 81, 49, 246, 77, 184, 58, 216, 89, 63, 235, 231, 183, 81,
       160, 192, 164, 42, 192, 172, 157, 250, 200, 237, 17, 135, 158, 19,
       96, 24, 182, 243, 64, 91, 193, 50, 106, 24, 50, 76, 218, 49, 205,
       163, 86, 120, 144, 72, 135, 170, 38, 237, 214, 191, 252, 43, 254,
       232, 63, 170, 251, 2, 236, 234, 29, 64, 255, 239, 127, 227, 96,
       243, 201, 255, 188, 254, 207, 146, 117, 251, 227, 129, 69, 85, 93,
       101, 48, 6, 79, 56, 100, 232, 235, 68, 211, 51, 153, 112, 84, 196,
       28, 238, 233, 144, 117, 14, 228, 174, 163, 4, 40, 162, 96, 48,
       118, 237, 214, 215, 254, 10, 254, 248, 61, 162, 251, 2, 236, 235,
       61, 65, 251, 239, 127, 227, 112, 243, 201, 238, 190, 190, 143,
       144, 183, 251, 241, 129, 69, 113, 17, 69, 81, 14, 103, 56, 104,
       232, 107, 76, 222, 112, 9, 48, 146, 92, 64, 106, 193, 240, 153,
       12, 37, 188, 5, 6, 72, 51, 67, 162, 252, 180, 253, 126, 201, 252,
       85, 159, 179, 255, 165, 24, 115, 247, 75, 59, 129, 246, 236, 18,
       63, 71, 186, 51, 219, 251, 85, 59, 162, 241, 198, 114, 80, 40,
       189, 112, 8, 237, 81, 7, 226, 53, 164, 24, 55, 151, 64, 59, 129,
       54, 104, 16, 26, 111, 162, 16, 217, 129, 112, 121, 192, 0, 6, 42,
       45, 101, 104, 103, 244, 31, 126, 168, 121, 160, 123, 9, 219, 105,
       157, 176, 146, 76, 85, 111, 196, 240, 205, 46, 102, 253, 5, 21,
       70, 255, 90, 128, 12, 109, 124, 103, 178, 27, 127, 184, 56, 164,
       127, 169, 223, 119, 139, 16, 22, 95, 213, 110, 96, 208, 233, 110,
       231, 255, 101, 133, 226, 243, 7, 241, 124, 185, 253, 114, 154,
       233, 85, 207, 162, 183, 172, 56, 23, 247, 72, 26, 161, 243, 237,
       16, 26, 75, 170, 48, 251, 199, 117, 125, 224, 64, 134, 98, 129,
       120, 83, 77, 82, 94, 35, 48, 96, 200, 102, 104, 114, 19, 133, 52,
       50, 124, 80, 106, 65, 180, 177, 108, 37, 168, 32, 0, 75, 179, 67,
       188, 54, 205, 18, 174, 29, 71, 86, 232, 149, 132, 233, 9, 70, 200,
       44, 212, 216, 237, 130, 98, 76, 163, 26, 174, 177, 182, 5, 31, 81,
       43, 108, 134, 77, 52, 185, 103, 195, 126, 119, 136, 121, 234, 47,
       8, 222, 117, 73, 58, 179, 84, 104, 58, 1, 240, 185, 42, 239, 223,
       69, 38, 202, 115, 71, 163, 105, 173, 184, 83, 253, 189, 116, 151,
       251, 113, 44, 24, 187, 189, 94, 54, 133, 78, 240, 28, 150, 104,
       250, 179, 111, 223, 21, 125, 194, 212, 194, 238, 69, 117, 153, 99,
       164, 79, 103, 152, 122, 250, 43, 72, 214, 112, 73, 42, 145, 76,
       120, 123, 209, 240, 249, 32, 237, 159, 101, 116, 200, 123, 195,
       33, 69, 117, 24, 103, 241, 14, 119, 184, 121, 168, 111, 76, 222,
       115, 11, 80, 178, 76, 108, 106, 65, 240, 217, 46, 231, 255, 5, 6,
       74, 115, 195, 3, 109, 113, 17, 65, 49, 95, 82, 8, 105, 232, 167,
       8, 158, 20, 5, 180, 144, 148, 76, 114, 9, 179, 241, 8, 147, 216,
       1, 54, 74, 35, 66, 38, 141, 245, 189, 71, 209, 95, 119, 184, 123,
       234, 111, 12, 222, 112, 13, 181, 145, 68, 120, 106, 229, 240, 249,
       30, 111, 255, 69, 38, 74, 115, 75, 182, 240, 56, 223, 114, 170,
       232, 65, 86, 178, 151, 164, 56, 23, 151, 64, 91, 35, 246, 109, 24,
       58, 79, 162, 32, 217, 195, 116, 120, 224, 192, 230, 99, 240, 164,
       220, 114, 168, 173, 85, 223, 178, 191, 164, 29, 23, 243, 74, 27,
       9, 146, 109, 16, 58, 111, 218, 51, 219, 203, 117, 125, 224, 192,
       206, 3, 109, 103, 64, 7, 244, 27, 102, 172, 120, 164, 107, 200,
       195, 96, 153, 148, 26, 204, 68, 110, 76, 176, 205, 46, 44, 255,
       37, 21, 102, 187, 218, 128, 248, 172, 252, 114, 168, 233, 81, 223,
       179, 63, 164, 56, 55, 181, 66, 27, 9, 146, 108, 24, 58, 111, 202,
       51, 219, 195, 117, 121, 225, 200, 198, 43, 69, 113, 155, 70, 65,
       93, 52, 128, 233, 216, 39, 8, 222, 213, 77, 62, 128, 92, 96, 74,
       65, 114, 186, 96, 71, 184, 69, 47, 66, 115, 71, 163, 100, 103, 57,
       103, 48, 14, 103, 56, 104, 172, 111, 12, 215, 65, 9, 16, 16, 68,
       68, 110, 192, 240, 249, 12, 231, 173, 33, 20, 64, 179, 70, 97,
       124, 112, 185, 114, 41, 109, 81, 152, 235, 187, 165, 24, 223, 213,
       73, 58, 129, 212, 108, 26, 11, 103, 250, 2, 219, 223, 117, 124,
       192, 243, 70, 115, 104, 177, 184, 115, 237, 253, 81, 31, 239, 61,
       173, 24, 159, 253, 72, 58, 129, 146, 236, 16, 26, 107, 251, 17,
       207, 221, 17, 125, 210, 72, 198, 34, 104, 177, 188, 251, 189, 221,
       85, 47, 203, 61, 172, 24, 190, 189, 72, 50, 137, 154, 232, 16, 26,
       106, 242, 145, 239, 223, 84, 123, 210, 8, 198, 42, 248, 180, 254,
       112, 170, 205, 81, 95, 179, 255, 164, 61, 63, 183, 66, 27, 39,
       182, 237, 16, 122, 79, 178, 3, 219, 195, 116, 121, 226, 192, 6,
       123, 196, 164, 157, 50, 136, 237, 17, 203, 186, 55, 161, 25, 215,
       247, 74, 27, 129, 91, 105, 16, 50, 79, 218, 51, 201, 131, 93, 125,
       128, 65, 135, 194, 124, 176, 253, 118, 168, 108, 85, 159, 163,
       255, 164, 8, 91, 183, 72, 59, 35, 215, 124, 24, 26, 111, 186, 32,
       219, 235, 117, 125, 226, 224, 198, 115, 221, 42, 156, 180, 168,
       56, 76, 130, 243, 187, 163, 125, 207, 162, 195, 219, 131, 199,
       236, 21, 60, 71, 207, 34, 218, 243, 117, 61, 160, 241, 139, 1,
       213, 78, 202, 71, 148, 62, 70, 154, 113, 174, 239, 22, 67, 96,
       159, 122, 113, 196, 44, 190, 172, 212, 237, 42, 178, 239, 165, 21,
       225, 243, 120, 4, 252, 52, 149, 118, 169, 108, 84, 155, 179, 187,
       177, 88, 95, 247, 73, 187, 133, 215, 236, 18, 56, 103, 218, 0,
       219, 219, 117, 62, 226, 241, 199, 35, 228, 180, 156, 91, 232, 237,
       37, 143, 250, 59, 161, 24, 150, 243, 72, 59, 129, 94, 106, 24, 51,
       111, 219, 51, 205, 150, 85, 124, 216, 72, 195, 162, 252, 69, 93,
       103, 12, 78, 71, 184, 97, 160, 171, 8, 211, 115, 9, 115, 50, 212,
       108, 106, 105, 177, 249, 44, 225, 233, 101, 20, 96, 179, 66, 32,
       213, 38, 149, 114, 168, 44, 64, 138, 251, 187, 163, 88, 198, 226,
       201, 31, 133, 229, 108, 30, 42, 69, 203, 34, 153, 218, 117, 62,
       192, 113, 3, 33, 216, 141, 94, 244, 154, 74, 78, 167, 180, 178,
       166, 16, 247, 99, 0, 83, 35, 247, 108, 170, 120, 205, 73, 47, 249,
       227, 101, 81, 32, 224, 172, 10, 109, 119, 252, 71, 180, 63, 119,
       184, 115, 234, 127, 108, 211, 121, 159, 49, 23, 78, 116, 110, 237,
       240, 253, 15, 110, 63, 101, 4, 78, 251, 218, 21, 96, 245, 17, 115,
       153, 205, 68, 175, 79, 57, 40, 88, 150, 19, 76, 116, 129, 27, 104,
       16, 91, 104, 219, 21, 173, 220, 21, 126, 216, 24, 198, 42, 21, 69,
       27, 101, 20, 79, 71, 40, 118, 160, 235, 8, 83, 81, 25, 112, 48,
       220, 72, 106, 105, 176, 57, 30, 241, 142, 1, 20, 112, 187, 64, 32,
       3, 118, 170, 22, 98, 188, 188, 71, 187, 207, 124, 253, 44, 236,
