%YAML:1.0
---
descriptors: !!opencv-matrix
   rows: 242
   cols: 32
   dt: u
   data: [ 120, 176, 251, 120, 138, 232, 81, 71, 163, 21, 172, 56, 55,
       151, 64, 58, 35, 146, 109, 16, 26, 75, 178, 17, 219, 237, 48, 123,
       224, 192, 198, 107, 108, 125, 49, 103, 145, 79, 71, 184, 122, 234,
       43, 8, 214, 117, 65, 50, 144, 92, 120, 106, 105, 240, 249, 46,
       229, 223, 5, 52, 64, 123, 70, 114, 108, 228, 188, 122, 137, 77,
       87, 136, 51, 63, 173, 24, 242, 247, 74, 27, 153, 210, 97, 90, 122,
       98, 251, 51, 235, 223, 85, 127, 210, 91, 198, 226, 108, 117, 49,
       101, 157, 79, 71, 168, 99, 228, 173, 8, 211, 85, 73, 54, 152, 84,
       88, 106, 73, 112, 249, 28, 237, 217, 5, 52, 82, 123, 70, 98, 13,
       117, 49, 69, 113, 94, 102, 184, 121, 232, 106, 72, 222, 81, 13,
       180, 144, 92, 80, 106, 225, 240, 249, 14, 39, 252, 5, 6, 74, 51,
       67, 176, 37, 117, 17, 71, 85, 95, 102, 184, 75, 224, 43, 72, 210,
       81, 77, 164, 144, 92, 82, 106, 65, 176, 121, 28, 45, 156, 5, 54,
       72, 59, 66, 180, 100, 48, 145, 71, 193, 110, 99, 152, 106, 226,
       47, 8, 210, 117, 77, 58, 17, 84, 96, 122, 17, 112, 249, 2, 77,
       156, 69, 52, 192, 243, 70, 48, 29, 221, 153, 71, 176, 14, 111,
       184, 116, 234, 126, 68, 215, 115, 137, 112, 54, 92, 60, 110, 225,
       148, 125, 46, 228, 175, 39, 132, 40, 243, 1, 49, 44, 176, 185,
       115, 173, 125, 81, 152, 91, 255, 173, 24, 222, 125, 73, 58, 153,
       152, 255, 24, 26, 102, 251, 16, 203, 223, 81, 127, 210, 73, 70,
       114, 252, 112, 189, 114, 40, 109, 81, 152, 243, 191, 165, 24, 215,
       215, 73, 59, 145, 212, 108, 122, 43, 103, 251, 32, 219, 219, 97,
       60, 192, 243, 70, 51, 104, 181, 189, 122, 157, 253, 85, 47, 235,
       125, 173, 24, 190, 189, 72, 50, 137, 154, 236, 0, 26, 106, 250,
       145, 203, 223, 16, 127, 82, 72, 198, 106, 124, 164, 252, 114, 137,
       237, 85, 223, 211, 183, 181, 25, 83, 225, 75, 27, 9, 214, 237, 24,
       58, 103, 218, 50, 219, 223, 85, 125, 227, 249, 206, 2, 217, 170,
       188, 50, 170, 189, 89, 215, 179, 123, 180, 185, 191, 223, 66, 58,
       135, 151, 253, 20, 62, 79, 170, 49, 219, 251, 117, 253, 162, 196,
       138, 91, 224, 180, 157, 218, 140, 237, 69, 143, 254, 59, 161, 24,
       214, 243, 72, 59, 129, 210, 104, 0, 115, 111, 219, 115, 157, 146,
       85, 126, 216, 88, 199, 34, 28, 173, 155, 119, 148, 231, 102, 248,
       116, 130, 239, 16, 83, 243, 40, 112, 121, 254, 32, 234, 120, 242,
       25, 47, 251, 239, 165, 68, 96, 243, 226, 162, 252, 77, 221, 118,
       168, 76, 85, 188, 176, 186, 166, 56, 215, 119, 129, 123, 135, 213,
       108, 106, 104, 71, 203, 40, 209, 235, 117, 28, 96, 241, 199, 43,
       245, 69, 93, 103, 168, 14, 71, 184, 104, 176, 171, 8, 215, 115, 9,
       115, 18, 212, 108, 106, 105, 176, 217, 44, 229, 233, 101, 20, 96,
       179, 66, 32, 69, 245, 149, 103, 25, 15, 119, 184, 106, 232, 43,
       76, 214, 113, 73, 50, 145, 68, 120, 106, 195, 112, 249, 61, 109,
       158, 5, 54, 72, 51, 67, 34, 109, 96, 156, 103, 44, 46, 87, 152,
       122, 186, 181, 40, 215, 81, 201, 59, 147, 84, 108, 106, 104, 118,
       201, 2, 197, 219, 101, 52, 192, 243, 67, 33, 245, 69, 177, 102,
       221, 79, 71, 232, 80, 226, 169, 8, 82, 116, 9, 178, 153, 212, 64,
       106, 105, 99, 185, 46, 57, 142, 69, 60, 193, 123, 86, 38, 96, 213,
       21, 121, 157, 77, 84, 175, 127, 49, 170, 24, 214, 51, 76, 240,
       129, 18, 104, 16, 123, 104, 219, 23, 173, 222, 84, 126, 208, 72,
       196, 42, 192, 140, 157, 255, 200, 237, 5, 135, 178, 23, 96, 24,
       183, 243, 64, 91, 129, 122, 106, 24, 50, 76, 218, 51, 205, 163,
       116, 120, 144, 80, 135, 170, 20, 197, 89, 99, 148, 79, 71, 184,
       118, 160, 171, 10, 83, 113, 9, 112, 49, 220, 72, 106, 105, 176,
       121, 30, 233, 143, 5, 20, 113, 251, 64, 32, 124, 177, 221, 94,
       201, 244, 85, 187, 179, 183, 164, 24, 123, 247, 202, 122, 129,
       246, 236, 16, 31, 75, 186, 51, 219, 255, 85, 127, 162, 225, 206,
       114, 5, 113, 17, 101, 17, 79, 99, 40, 105, 224, 107, 8, 214, 17,
       1, 48, 176, 28, 64, 106, 65, 176, 249, 12, 103, 220, 1, 6, 72, 51,
       67, 34, 240, 160, 191, 112, 8, 237, 17, 71, 162, 55, 164, 24, 55,
       151, 64, 59, 129, 179, 104, 16, 58, 111, 178, 17, 217, 195, 80,
       121, 224, 0, 135, 42, 236, 176, 157, 114, 41, 109, 80, 136, 115,
       179, 161, 24, 215, 93, 72, 27, 139, 145, 108, 16, 62, 102, 219, 0,
       203, 211, 81, 127, 224, 9, 78, 2, 76, 96, 120, 103, 98, 10, 63,
       184, 57, 164, 119, 169, 223, 119, 137, 16, 22, 93, 245, 110, 64,
       208, 233, 78, 231, 255, 37, 132, 66, 179, 7, 241, 5, 120, 115, 69,
       98, 74, 103, 48, 96, 192, 110, 104, 242, 18, 133, 52, 50, 124, 64,
       106, 193, 180, 181, 76, 37, 168, 0, 0, 107, 179, 67, 189, 77, 208,
       157, 103, 137, 78, 119, 188, 123, 250, 39, 0, 222, 115, 9, 123,
       147, 85, 120, 106, 65, 112, 251, 96, 231, 251, 71, 6, 202, 115,
       131, 51, 77, 117, 180, 103, 177, 62, 119, 152, 123, 232, 47, 12,
       222, 120, 75, 178, 149, 68, 120, 122, 165, 240, 249, 72, 239, 255,
       5, 6, 202, 115, 75, 3, 252, 180, 220, 114, 138, 173, 81, 222, 178,
       191, 164, 29, 55, 227, 74, 27, 39, 146, 109, 24, 58, 79, 154, 51,
       219, 195, 117, 125, 233, 192, 202, 27, 184, 34, 254, 96, 2, 107,
       81, 87, 162, 183, 164, 56, 19, 135, 192, 27, 47, 148, 69, 24, 24,
       111, 160, 0, 217, 201, 117, 116, 225, 192, 198, 107, 208, 88, 159,
       118, 136, 76, 69, 55, 176, 210, 166, 88, 119, 55, 129, 123, 33,
       246, 108, 42, 105, 71, 179, 40, 241, 163, 116, 24, 32, 240, 134,
       56, 100, 103, 25, 103, 112, 15, 103, 184, 104, 172, 127, 72, 211,
       67, 137, 48, 16, 92, 68, 106, 64, 240, 233, 14, 229, 156, 37, 20,
       64, 179, 70, 161, 253, 116, 189, 103, 172, 111, 71, 188, 113, 250,
       167, 24, 247, 117, 73, 59, 145, 212, 108, 106, 105, 100, 249, 42,
       227, 219, 101, 52, 98, 251, 70, 99, 5, 125, 17, 69, 117, 30, 230,
       184, 121, 232, 122, 76, 210, 120, 21, 180, 144, 76, 84, 110, 225,
       176, 89, 14, 39, 254, 5, 4, 74, 59, 75, 133, 197, 85, 148, 69,
       160, 30, 102, 184, 121, 170, 106, 76, 214, 112, 141, 247, 148, 68,
       108, 110, 229, 240, 217, 14, 165, 190, 101, 4, 74, 243, 74, 5, 37,
       117, 17, 69, 117, 31, 230, 184, 105, 232, 43, 76, 210, 112, 93,
       180, 152, 76, 82, 106, 197, 176, 217, 14, 45, 156, 5, 52, 72, 59,
       74, 180, 93, 85, 25, 103, 176, 14, 79, 184, 116, 234, 127, 68,
       215, 115, 137, 112, 22, 84, 28, 110, 233, 144, 125, 46, 231, 239,
       37, 132, 42, 243, 0, 49, 37, 241, 17, 67, 221, 79, 67, 168, 74,
       120, 33, 8, 210, 85, 77, 52, 145, 92, 64, 122, 67, 48, 121, 21,
       45, 152, 5, 118, 208, 59, 70, 160, 125, 85, 125, 102, 52, 78, 71,
       184, 97, 232, 191, 72, 87, 119, 137, 115, 20, 212, 124, 106, 201,
       161, 121, 44, 243, 233, 101, 20, 104, 243, 70, 49, 253, 113, 249,
       102, 40, 78, 71, 184, 97, 250, 167, 8, 211, 119, 217, 59, 22, 212,
       124, 106, 233, 102, 251, 8, 243, 249, 101, 60, 105, 179, 70, 113,
       109, 112, 185, 99, 109, 125, 83, 152, 107, 250, 37, 8, 210, 93,
       93, 58, 145, 220, 116, 122, 137, 118, 249, 0, 71, 221, 101, 60,
       194, 251, 70, 114, 44, 48, 185, 99, 237, 109, 81, 152, 107, 255,
       189, 24, 223, 95, 73, 58, 153, 216, 125, 56, 27, 102, 251, 16,
       207, 221, 1, 125, 210, 235, 70, 227, 124, 112, 189, 115, 41, 109,
       83, 152, 99, 251, 165, 24, 223, 213, 73, 58, 145, 212, 108, 58,
       11, 102, 251, 0, 207, 223, 97, 125, 194, 243, 70, 51, 252, 160,
       252, 118, 168, 109, 85, 223, 179, 191, 165, 24, 83, 247, 73, 27,
       1, 214, 237, 10, 120, 103, 250, 32, 219, 195, 117, 61, 226, 240,
       198, 34, 248, 176, 252, 112, 168, 237, 81, 87, 179, 255, 164, 57,
       31, 183, 66, 27, 135, 182, 237, 16, 58, 79, 242, 1, 219, 195, 116,
       121, 226, 192, 6, 123, 218, 170, 148, 242, 233, 173, 88, 215, 187,
       59, 160, 89, 175, 235, 80, 27, 167, 151, 93, 29, 62, 79, 138, 241,
