%YAML:1.0
---
descriptors: !!opencv-matrix
   rows: 342
   cols: 32
   dt: u
   data: [ 221, 68, 253, 247, 44, 42, 107, 152, 252, 250, 183, 16, 223,
       99, 153, 123, 119, 197, 124, 106, 169, 229, 235, 40, 210, 235,
       227, 148, 228, 251, 1, 97, 93, 52, 189, 226, 168, 110, 89, 25,
       170, 251, 183, 124, 223, 127, 72, 123, 151, 149, 253, 57, 185, 69,
       251, 0, 219, 251, 127, 252, 168, 226, 135, 115, 201, 188, 188,
       243, 169, 253, 85, 158, 251, 123, 182, 28, 190, 63, 66, 59, 133,
       87, 253, 24, 186, 109, 251, 243, 207, 219, 119, 126, 130, 80, 131,
       123, 230, 172, 148, 255, 173, 173, 124, 159, 191, 187, 176, 24,
       234, 254, 93, 91, 205, 119, 255, 16, 58, 110, 219, 179, 175, 218,
       213, 126, 144, 121, 210, 131, 162, 172, 246, 159, 238, 47, 252,
       239, 63, 187, 250, 26, 236, 250, 60, 91, 255, 239, 127, 3, 178,
       223, 203, 255, 60, 58, 223, 254, 149, 124, 243, 141, 158, 252,
       246, 255, 254, 171, 252, 255, 191, 179, 254, 51, 239, 239, 116,
       83, 255, 255, 255, 149, 250, 251, 203, 247, 254, 255, 255, 212,
       167, 220, 225, 153, 236, 113, 189, 101, 32, 78, 87, 184, 97, 170,
       182, 8, 215, 119, 73, 59, 148, 212, 124, 106, 105, 244, 249, 8,
       231, 249, 101, 52, 64, 243, 70, 51, 76, 85, 125, 101, 176, 78, 79,
       184, 32, 168, 255, 104, 215, 119, 137, 114, 22, 212, 125, 106,
       105, 144, 249, 14, 237, 239, 37, 148, 32, 179, 70, 49, 229, 116,
       157, 103, 137, 111, 71, 152, 122, 186, 39, 24, 214, 117, 73, 59,
       145, 84, 120, 122, 57, 116, 249, 32, 207, 251, 69, 52, 192, 115,
       198, 50, 253, 112, 221, 100, 172, 78, 71, 188, 96, 250, 166, 76,
       87, 113, 201, 59, 16, 196, 124, 106, 233, 101, 249, 8, 209, 235,
       101, 52, 104, 243, 66, 32, 241, 188, 255, 114, 171, 253, 85, 215,
       243, 251, 180, 56, 59, 253, 198, 63, 171, 246, 236, 16, 191, 111,
       186, 51, 219, 251, 117, 123, 235, 208, 198, 127, 249, 190, 222,
       176, 170, 173, 88, 215, 178, 95, 180, 189, 63, 191, 66, 27, 135,
       179, 253, 20, 190, 79, 178, 51, 219, 195, 116, 249, 234, 196, 142,
       91, 248, 178, 255, 112, 40, 201, 81, 83, 162, 21, 164, 24, 55,
       135, 64, 31, 39, 150, 109, 24, 10, 111, 178, 17, 219, 225, 112,
       121, 227, 128, 198, 122, 212, 180, 157, 247, 136, 110, 101, 152,
       34, 243, 163, 80, 215, 119, 201, 123, 1, 86, 104, 58, 57, 196,
       219, 0, 137, 162, 117, 84, 160, 241, 134, 48, 224, 140, 157, 252,
       153, 237, 69, 143, 155, 51, 168, 24, 182, 183, 68, 91, 129, 83,
       104, 16, 50, 107, 211, 115, 249, 178, 84, 122, 208, 72, 197, 42,
       192, 172, 157, 255, 200, 237, 37, 175, 190, 51, 32, 24, 182, 51,
       64, 123, 129, 82, 106, 8, 115, 76, 219, 55, 237, 178, 84, 120,
       144, 88, 135, 42, 197, 244, 157, 71, 161, 62, 55, 152, 122, 186,
       43, 84, 220, 114, 73, 123, 151, 69, 108, 122, 245, 84, 249, 98,
       173, 186, 103, 86, 136, 115, 131, 5, 76, 181, 120, 99, 178, 11,
       63, 184, 63, 228, 127, 173, 223, 119, 138, 80, 22, 93, 237, 110,
       80, 208, 233, 94, 238, 221, 37, 196, 66, 179, 7, 113, 45, 101, 53,
       103, 180, 31, 246, 184, 121, 232, 59, 105, 222, 121, 157, 176,
       150, 68, 125, 111, 228, 240, 201, 174, 239, 223, 37, 54, 66, 255,
       82, 231, 80, 184, 191, 112, 138, 204, 81, 23, 230, 145, 162, 24,
       183, 147, 64, 122, 33, 183, 108, 24, 27, 109, 179, 1, 217, 161,
       116, 88, 224, 0, 135, 42, 252, 173, 254, 114, 136, 233, 85, 223,
       179, 55, 164, 184, 51, 231, 64, 26, 35, 242, 109, 24, 58, 75, 170,
       3, 251, 203, 117, 57, 224, 208, 198, 122, 37, 113, 91, 69, 80, 94,
       99, 48, 105, 232, 111, 40, 114, 22, 133, 52, 16, 124, 64, 106, 65,
       176, 241, 76, 103, 188, 32, 0, 73, 179, 66, 164, 129, 174, 157,
       185, 236, 169, 105, 135, 238, 19, 66, 80, 181, 163, 192, 75, 67,
       34, 106, 28, 51, 120, 135, 115, 140, 138, 118, 64, 152, 192, 129,
       168, 193, 174, 159, 154, 236, 169, 169, 199, 238, 19, 0, 208, 181,
       226, 224, 75, 99, 34, 106, 24, 51, 109, 134, 113, 156, 2, 118,
       104, 156, 192, 161, 168, 193, 170, 159, 155, 236, 169, 225, 199,
       254, 19, 32, 212, 181, 226, 224, 75, 107, 34, 106, 24, 51, 109,
       134, 113, 140, 2, 118, 104, 156, 200, 129, 168, 52, 85, 18, 142,
       217, 199, 6, 232, 157, 132, 233, 9, 70, 240, 45, 208, 216, 249,
       66, 98, 104, 163, 26, 46, 177, 180, 5, 31, 80, 59, 110, 134, 193,
       174, 159, 155, 236, 169, 225, 143, 254, 19, 96, 208, 181, 226,
       224, 75, 99, 34, 106, 28, 51, 124, 142, 115, 204, 2, 246, 104,
       152, 192, 161, 168, 40, 189, 144, 62, 217, 205, 22, 174, 159, 49,
       40, 9, 174, 59, 65, 144, 129, 123, 194, 64, 86, 106, 90, 183, 175,
       214, 20, 59, 210, 29, 142, 138, 76, 116, 185, 103, 163, 126, 55,
       136, 121, 234, 47, 40, 222, 119, 73, 58, 147, 84, 104, 114, 33,
       244, 249, 34, 231, 255, 69, 54, 194, 115, 71, 35, 236, 172, 180,
       255, 173, 173, 92, 159, 255, 187, 160, 24, 238, 249, 93, 27, 141,
       99, 127, 16, 186, 111, 218, 179, 143, 219, 85, 126, 210, 72, 210,
       11, 230, 172, 150, 159, 236, 47, 252, 239, 63, 187, 250, 24, 236,
       234, 12, 91, 251, 239, 127, 145, 50, 255, 203, 247, 189, 250, 223,
       254, 149, 120, 243, 137, 134, 172, 214, 159, 236, 43, 252, 207,
       63, 179, 242, 26, 236, 234, 44, 73, 123, 239, 127, 144, 50, 255,
       203, 255, 188, 190, 223, 236, 149, 120, 225, 137, 40, 189, 180,
       254, 157, 221, 84, 239, 207, 21, 172, 9, 170, 255, 32, 19, 201,
       243, 233, 16, 90, 107, 242, 189, 251, 219, 212, 123, 82, 76, 198,
       74, 134, 172, 214, 159, 252, 171, 236, 239, 191, 179, 250, 26,
       234, 234, 124, 91, 123, 239, 127, 129, 58, 255, 139, 255, 188,
       190, 223, 204, 213, 120, 225, 136, 22, 172, 246, 191, 252, 171,
       252, 239, 191, 179, 250, 26, 239, 234, 124, 91, 255, 239, 127,
       145, 186, 251, 203, 255, 190, 254, 223, 216, 133, 200, 241, 136,
       236, 176, 184, 107, 157, 109, 81, 27, 91, 63, 165, 24, 223, 125,
       74, 58, 153, 154, 236, 16, 58, 98, 251, 19, 207, 223, 81, 127,
       210, 72, 198, 98, 236, 112, 189, 103, 37, 111, 81, 24, 107, 238,
       39, 24, 214, 21, 73, 58, 145, 84, 124, 122, 1, 100, 249, 2, 199,
       219, 117, 52, 194, 123, 70, 115, 236, 113, 61, 103, 32, 78, 119,
       56, 105, 232, 55, 8, 215, 119, 73, 51, 148, 84, 124, 106, 233,
       240, 249, 40, 231, 249, 101, 20, 66, 179, 70, 115, 197, 212, 157,
       119, 168, 46, 71, 184, 120, 234, 171, 84, 215, 115, 9, 123, 149,
       86, 124, 42, 97, 196, 217, 42, 237, 191, 101, 20, 200, 115, 67,
       49, 236, 124, 189, 103, 13, 79, 71, 168, 120, 234, 175, 8, 211,
       117, 9, 50, 152, 84, 120, 106, 105, 240, 249, 42, 229, 255, 69,
       52, 64, 123, 70, 34, 108, 164, 189, 114, 137, 109, 87, 168, 82,
       183, 165, 24, 214, 117, 72, 50, 153, 210, 104, 122, 58, 98, 251,
       51, 235, 223, 69, 127, 208, 123, 198, 98, 120, 180, 251, 112, 155,
       233, 81, 67, 243, 21, 173, 56, 22, 151, 64, 58, 129, 154, 104, 16,
       26, 107, 178, 17, 219, 199, 16, 123, 226, 64, 198, 98, 252, 112,
       157, 118, 40, 108, 67, 152, 243, 250, 167, 24, 87, 247, 73, 59,
       17, 212, 108, 122, 41, 71, 251, 34, 219, 235, 101, 60, 224, 243,
       70, 35, 253, 120, 221, 101, 168, 110, 69, 24, 112, 234, 166, 72,
       215, 49, 193, 59, 3, 212, 124, 106, 105, 228, 249, 10, 197, 235,
       101, 52, 232, 241, 66, 57, 72, 81, 159, 247, 40, 204, 113, 16,
       172, 88, 39, 64, 255, 55, 1, 123, 130, 116, 124, 72, 65, 193, 179,
       96, 197, 251, 96, 0, 8, 131, 1, 59, 251, 174, 182, 176, 169, 172,
       88, 215, 179, 27, 128, 89, 63, 187, 64, 59, 135, 179, 125, 20,
       190, 79, 130, 179, 219, 219, 92, 248, 162, 196, 131, 11, 221, 142,
       88, 99, 176, 191, 83, 191, 118, 171, 62, 124, 87, 112, 138, 112,
       23, 198, 76, 60, 190, 124, 109, 63, 234, 207, 53, 116, 250, 192,
       200, 5, 248, 176, 254, 112, 8, 236, 81, 87, 163, 95, 164, 25, 63,
       151, 66, 27, 161, 179, 237, 16, 26, 79, 146, 17, 211, 195, 112,
