%YAML:1.0
---
descriptors: !!opencv-matrix
   rows: 120
   cols: 32
   dt: u
   data: [ 77, 95, 53, 231, 180, 14, 111, 184, 124, 232, 126, 100, 223,
       119, 137, 112, 22, 84, 124, 110, 225, 144, 121, 46, 237, 175, 39,
       132, 10, 243, 1, 113, 124, 115, 188, 230, 170, 79, 95, 188, 35,
       252, 189, 13, 127, 119, 75, 83, 214, 245, 125, 106, 200, 67, 251,
       40, 251, 201, 101, 189, 32, 243, 142, 115, 252, 188, 191, 254,
       173, 253, 85, 223, 255, 251, 180, 24, 127, 255, 72, 123, 133, 247,
       253, 24, 59, 111, 250, 176, 219, 251, 117, 121, 210, 249, 198,
       115, 205, 84, 21, 231, 48, 14, 111, 184, 124, 234, 114, 116, 223,
       87, 129, 241, 150, 84, 124, 106, 225, 212, 121, 78, 165, 251, 103,
       132, 10, 177, 1, 49, 205, 20, 149, 117, 33, 110, 101, 58, 120,
       250, 99, 84, 223, 119, 9, 255, 149, 84, 124, 42, 161, 212, 249,
       10, 133, 251, 113, 4, 138, 113, 3, 49, 62, 253, 246, 191, 253,
       223, 255, 205, 191, 254, 254, 47, 238, 254, 79, 214, 255, 255,
       255, 210, 207, 243, 251, 249, 255, 255, 207, 143, 207, 127, 238,
       215, 62, 253, 182, 223, 253, 255, 191, 252, 63, 252, 255, 47, 110,
       254, 14, 246, 255, 255, 255, 211, 143, 243, 251, 253, 191, 243,
       207, 215, 195, 127, 175, 215, 159, 252, 254, 255, 252, 62, 255,
       252, 191, 250, 255, 50, 253, 255, 157, 107, 255, 255, 127, 251,
       224, 247, 235, 255, 254, 255, 239, 148, 215, 251, 225, 241, 191,
       247, 255, 223, 253, 127, 255, 248, 255, 254, 255, 191, 254, 255,
       223, 103, 255, 255, 255, 239, 253, 243, 251, 255, 255, 127, 239,
       206, 143, 255, 245, 243, 255, 253, 182, 255, 253, 31, 254, 252,
       191, 250, 255, 50, 252, 255, 127, 99, 255, 255, 255, 227, 242,
       247, 251, 255, 255, 255, 239, 222, 23, 255, 227, 243, 236, 113,
       248, 103, 44, 79, 95, 152, 17, 238, 183, 8, 211, 95, 75, 59, 156,
       212, 125, 106, 73, 244, 249, 8, 231, 217, 101, 53, 66, 251, 86,
       115, 124, 245, 252, 231, 168, 79, 95, 188, 33, 236, 190, 45, 223,
       119, 75, 19, 150, 213, 253, 106, 200, 66, 249, 40, 251, 201, 101,
       181, 32, 243, 142, 115, 255, 182, 244, 191, 237, 255, 254, 255,
       191, 255, 255, 247, 238, 254, 222, 255, 255, 255, 255, 167, 191,
       231, 235, 255, 190, 255, 255, 247, 159, 127, 239, 215, 2, 205,
       130, 159, 246, 130, 190, 231, 190, 1, 90, 131, 44, 238, 48, 64,
       127, 123, 147, 197, 114, 152, 2, 255, 60, 38, 158, 128, 21, 84,
       177, 153, 124, 116, 188, 107, 41, 127, 83, 216, 35, 255, 181, 25,
       223, 95, 75, 27, 157, 212, 253, 122, 46, 103, 251, 48, 219, 219,
       101, 125, 243, 243, 78, 83, 47, 125, 151, 239, 221, 95, 238, 232,
       127, 234, 250, 74, 238, 250, 61, 244, 249, 255, 255, 227, 109,
       243, 219, 254, 191, 254, 207, 22, 91, 127, 107, 134, 94, 223, 255,
       190, 187, 240, 63, 254, 191, 95, 222, 247, 108, 255, 170, 210,
       231, 115, 255, 211, 247, 203, 186, 227, 251, 247, 126, 203, 158,
       117, 173, 91, 205, 52, 149, 85, 169, 126, 116, 31, 123, 251, 38,
       92, 222, 54, 78, 191, 129, 70, 252, 24, 181, 252, 243, 194, 143,
       255, 85, 86, 202, 228, 203, 117, 205, 93, 53, 103, 49, 94, 111,
       184, 125, 232, 118, 84, 223, 119, 129, 247, 22, 84, 124, 110, 225,
       244, 249, 46, 231, 251, 103, 132, 74, 179, 65, 113, 13, 95, 61,
       231, 180, 78, 127, 188, 116, 232, 126, 100, 255, 119, 129, 116,
       22, 118, 62, 106, 193, 152, 121, 46, 239, 255, 39, 132, 42, 242,
       193, 121, 13, 159, 253, 229, 180, 46, 111, 191, 116, 234, 126,
       100, 255, 119, 145, 112, 87, 94, 63, 44, 241, 248, 105, 46, 239,
       239, 103, 132, 174, 242, 128, 121, 216, 188, 189, 254, 169, 237,
       85, 223, 191, 91, 180, 24, 191, 255, 64, 59, 133, 247, 253, 24,
       59, 79, 250, 49, 219, 251, 117, 121, 194, 208, 198, 123, 252, 184,
       191, 246, 173, 253, 85, 223, 251, 251, 180, 24, 255, 255, 64, 59,
       133, 247, 253, 24, 187, 111, 250, 179, 219, 251, 117, 121, 194,
       72, 198, 123, 175, 54, 237, 83, 237, 127, 253, 155, 91, 251, 189,
       94, 218, 124, 223, 175, 221, 206, 247, 63, 191, 118, 255, 210, 79,
       91, 253, 252, 223, 253, 218, 245, 238, 191, 246, 255, 253, 255,
       254, 254, 191, 255, 255, 183, 238, 255, 254, 70, 255, 255, 255,
       211, 190, 251, 235, 255, 255, 255, 255, 255, 215, 255, 239, 223,
       84, 221, 188, 231, 188, 110, 95, 190, 36, 238, 190, 9, 247, 127,
       3, 114, 215, 247, 125, 106, 248, 201, 249, 46, 251, 239, 109, 149,
       160, 243, 132, 123, 124, 117, 188, 231, 168, 78, 95, 188, 32, 254,
       191, 9, 215, 127, 75, 83, 150, 213, 125, 106, 72, 67, 249, 40,
       251, 233, 101, 181, 32, 243, 142, 115, 54, 237, 98, 206, 84, 147,
       238, 248, 87, 128, 125, 2, 104, 233, 61, 32, 126, 233, 23, 235,
       202, 178, 44, 255, 62, 12, 135, 136, 119, 187, 114, 132, 2, 205,
       2, 159, 148, 131, 174, 230, 22, 1, 90, 2, 40, 234, 49, 64, 121,
       107, 19, 195, 98, 154, 8, 255, 44, 38, 142, 128, 21, 94, 177, 136,
       124, 117, 124, 231, 168, 79, 95, 184, 33, 236, 191, 12, 215, 119,
       11, 51, 20, 212, 125, 106, 200, 210, 249, 44, 231, 233, 101, 180,
       32, 243, 70, 115, 54, 237, 118, 239, 254, 11, 254, 232, 127, 160,
       251, 10, 239, 234, 61, 80, 250, 239, 127, 227, 232, 243, 221, 255,
       190, 254, 143, 20, 117, 187, 115, 128, 252, 112, 252, 99, 41, 79,
       87, 152, 35, 254, 181, 9, 223, 95, 75, 27, 157, 213, 253, 114, 10,
       102, 251, 48, 255, 223, 101, 61, 242, 179, 78, 83, 54, 229, 246,
       239, 221, 15, 254, 232, 127, 160, 251, 10, 206, 250, 29, 80, 251,
       205, 127, 227, 104, 243, 219, 254, 191, 254, 207, 22, 165, 127,
       113, 130, 54, 101, 246, 239, 221, 79, 254, 232, 127, 162, 251, 10,
       206, 250, 29, 64, 251, 221, 255, 227, 104, 243, 219, 254, 191,
       254, 207, 23, 101, 127, 117, 130, 255, 247, 247, 255, 239, 127,
       255, 252, 255, 254, 255, 247, 205, 254, 223, 255, 255, 223, 255,
       247, 237, 243, 255, 254, 191, 251, 239, 182, 191, 255, 239, 247,
       158, 253, 254, 254, 253, 223, 255, 253, 191, 252, 254, 47, 254,
       255, 127, 115, 255, 255, 255, 227, 253, 227, 251, 255, 255, 255,
       207, 191, 119, 254, 173, 247, 173, 246, 236, 251, 188, 63, 207,
       216, 87, 255, 181, 254, 219, 109, 223, 41, 95, 200, 127, 127, 187,
       118, 111, 178, 206, 219, 231, 244, 215, 251, 84, 241, 43, 182,
       173, 177, 189, 63, 221, 159, 31, 255, 156, 221, 219, 172, 94, 170,
       221, 199, 255, 29, 191, 106, 251, 146, 239, 95, 255, 254, 222,
       220, 218, 221, 216, 156, 156, 245, 168, 236, 93, 159, 190, 187,
       182, 48, 223, 247, 64, 91, 167, 215, 125, 24, 58, 77, 251, 35,
       203, 251, 119, 212, 128, 192, 135, 43, 205, 176, 189, 81, 173,
       124, 116, 31, 251, 251, 182, 92, 222, 58, 94, 191, 133, 70, 252,
       28, 181, 120, 243, 192, 143, 251, 85, 86, 202, 196, 203, 87, 201,
       223, 61, 103, 180, 30, 127, 188, 117, 232, 118, 100, 255, 119,
       128, 117, 22, 118, 124, 106, 225, 216, 121, 174, 239, 255, 39,
       128, 10, 178, 193, 121, 9, 159, 253, 229, 180, 14, 127, 191, 53,
       233, 126, 100, 255, 119, 144, 112, 23, 126, 63, 44, 217, 184, 105,
       175, 239, 255, 39, 128, 170, 242, 193, 121, 9, 159, 253, 247, 180,
       46, 127, 191, 117, 235, 126, 100, 255, 119, 144, 112, 119, 254,
       63, 44, 185, 248, 105, 47, 238, 255, 119, 128, 170, 224, 193, 57,
       230, 173, 182, 255, 221, 175, 254, 239, 191, 187, 250, 26, 234,
       234, 92, 95, 253, 239, 127, 131, 186, 235, 219, 255, 191, 254,
       223, 126, 209, 120, 243, 142, 252, 188, 180, 250, 173, 253, 84,
       223, 251, 59, 180, 24, 251, 249, 92, 59, 201, 198, 127, 24, 186,
       111, 250, 179, 219, 223, 213, 127, 210, 76, 210, 42, 252, 188,
       188, 250, 173, 253, 81, 223, 251, 251, 181, 24, 255, 253, 76, 59,
       137, 247, 253, 24, 186, 111, 250, 179, 219, 219, 85, 127, 194,
       200, 198, 43, 217, 127, 27, 165, 32, 74, 103, 54, 52, 202, 82,
       229, 151, 7, 129, 89, 54, 117, 108, 102, 233, 212, 161, 42, 224,
