%YAML:1.0
---
descriptors: !!opencv-matrix
   rows: 107
   cols: 32
   dt: u
   data: [ 237, 113, 61, 103, 32, 78, 103, 184, 105, 232, 63, 72, 215,
       119, 9, 51, 148, 212, 124, 106, 233, 240, 249, 44, 231, 249, 101,
       20, 74, 243, 70, 49, 101, 103, 0, 7, 116, 31, 102, 56, 105, 168,
       107, 76, 211, 64, 159, 148, 144, 76, 64, 110, 196, 176, 221, 12,
       36, 60, 5, 4, 74, 183, 90, 132, 120, 180, 59, 120, 91, 237, 81,
       71, 235, 21, 236, 24, 62, 151, 68, 60, 163, 154, 192, 16, 18, 43,
       178, 21, 91, 221, 16, 123, 226, 0, 198, 234, 224, 136, 157, 254,
       200, 237, 17, 7, 154, 19, 32, 24, 182, 247, 64, 91, 129, 114, 106,
       16, 50, 78, 218, 49, 205, 162, 86, 120, 208, 64, 135, 170, 252,
       52, 253, 112, 168, 108, 81, 218, 242, 255, 165, 24, 19, 247, 75,
       59, 5, 214, 253, 24, 59, 71, 250, 2, 219, 203, 117, 125, 224, 241,
       70, 115, 212, 140, 157, 245, 172, 107, 69, 191, 244, 178, 130, 88,
       247, 97, 16, 35, 3, 118, 108, 43, 121, 237, 73, 46, 233, 131, 101,
       20, 228, 248, 133, 40, 36, 71, 181, 79, 48, 79, 71, 184, 86, 166,
       175, 76, 211, 101, 9, 116, 85, 220, 72, 106, 233, 240, 121, 30,
       237, 158, 37, 20, 80, 251, 68, 48, 248, 168, 223, 122, 172, 237,
       81, 215, 242, 31, 164, 24, 55, 243, 64, 59, 129, 178, 108, 24, 58,
       111, 226, 49, 219, 139, 112, 121, 224, 192, 206, 106, 236, 180,
       188, 115, 137, 109, 16, 143, 59, 63, 165, 25, 206, 49, 74, 27,
       145, 23, 237, 48, 50, 100, 219, 19, 203, 211, 85, 119, 210, 72,
       143, 3, 240, 170, 158, 48, 42, 169, 81, 86, 162, 23, 164, 189, 55,
       131, 66, 27, 35, 179, 205, 16, 26, 79, 130, 33, 218, 193, 112,
       121, 232, 192, 46, 11, 240, 170, 254, 114, 40, 233, 81, 210, 162,
       55, 164, 56, 55, 199, 64, 27, 39, 178, 109, 24, 58, 79, 162, 49,
       219, 195, 113, 121, 224, 192, 6, 106, 229, 101, 209, 71, 240, 74,
       103, 168, 120, 224, 107, 8, 211, 113, 137, 48, 16, 92, 68, 106,
       105, 176, 233, 42, 165, 188, 37, 20, 72, 243, 66, 32, 45, 116,
       177, 69, 101, 127, 231, 152, 123, 234, 55, 8, 218, 93, 93, 62,
       145, 92, 84, 122, 129, 244, 249, 10, 71, 223, 69, 54, 202, 251,
       82, 243, 205, 113, 177, 71, 101, 94, 103, 184, 105, 234, 103, 76,
       222, 52, 93, 191, 148, 84, 116, 106, 193, 244, 249, 72, 103, 251,
       69, 4, 74, 179, 67, 117, 109, 101, 81, 69, 85, 30, 99, 56, 97,
       224, 107, 72, 211, 16, 25, 180, 48, 204, 64, 110, 201, 176, 245,
       12, 37, 172, 1, 0, 107, 179, 66, 36, 77, 113, 57, 71, 112, 78,
       119, 184, 105, 168, 127, 40, 222, 119, 137, 52, 148, 92, 84, 106,
       193, 176, 233, 108, 103, 253, 37, 4, 66, 179, 71, 163, 76, 101,
       220, 103, 176, 74, 119, 184, 113, 162, 239, 8, 211, 99, 9, 82, 18,
       212, 108, 106, 72, 240, 201, 46, 231, 239, 69, 21, 98, 243, 202,
       34, 196, 180, 157, 242, 168, 237, 5, 143, 186, 187, 161, 88, 150,
       183, 72, 27, 129, 23, 104, 16, 51, 77, 218, 82, 153, 130, 127,
       126, 128, 64, 135, 35, 192, 168, 191, 121, 136, 232, 169, 7, 254,
       19, 34, 16, 183, 175, 80, 107, 35, 63, 104, 17, 50, 205, 135, 51,
       205, 163, 126, 64, 192, 64, 133, 42, 252, 52, 255, 116, 168, 108,
       81, 19, 178, 255, 164, 24, 19, 183, 67, 59, 39, 246, 109, 24, 58,
       79, 178, 2, 219, 203, 117, 61, 224, 224, 198, 123, 212, 92, 157,
       247, 168, 46, 85, 182, 178, 186, 166, 92, 247, 115, 65, 75, 5,
       118, 109, 10, 104, 101, 219, 34, 225, 227, 117, 16, 232, 249, 129,
       43, 252, 108, 157, 246, 172, 108, 85, 158, 242, 187, 135, 24, 215,
       241, 73, 27, 129, 214, 125, 26, 56, 69, 219, 34, 217, 227, 117,
       125, 160, 249, 214, 34, 244, 173, 141, 246, 153, 45, 71, 236, 146,
       187, 169, 25, 119, 247, 73, 27, 217, 214, 125, 122, 58, 103, 219,
       55, 249, 223, 197, 124, 192, 123, 214, 98, 100, 85, 181, 71, 16,
       15, 71, 56, 118, 160, 43, 76, 211, 101, 9, 116, 17, 84, 104, 110,
       233, 240, 121, 30, 237, 158, 5, 20, 88, 251, 64, 48, 100, 115, 17,
       103, 52, 78, 230, 184, 105, 168, 123, 72, 215, 73, 29, 48, 156,
       220, 108, 98, 201, 176, 217, 76, 165, 188, 37, 4, 72, 179, 66,
       177, 120, 168, 190, 112, 136, 237, 81, 215, 226, 55, 164, 24, 55,
       247, 64, 27, 129, 246, 236, 16, 26, 111, 242, 49, 219, 195, 113,
       121, 224, 192, 198, 42, 113, 157, 95, 102, 172, 14, 71, 181, 224,
       200, 170, 76, 115, 49, 128, 51, 0, 230, 108, 110, 217, 107, 181,
       41, 241, 169, 101, 16, 104, 242, 194, 40, 209, 156, 223, 127, 144,
       46, 71, 191, 116, 75, 234, 84, 115, 115, 128, 112, 53, 230, 44,
       60, 185, 188, 57, 47, 232, 239, 53, 80, 232, 240, 224, 41, 236,
       245, 185, 111, 185, 77, 71, 168, 91, 56, 45, 8, 210, 117, 77, 50,
       153, 80, 64, 106, 107, 96, 251, 23, 239, 223, 5, 126, 82, 123, 70,
       226, 210, 170, 151, 184, 171, 185, 24, 71, 171, 27, 128, 253, 175,
       194, 64, 219, 167, 163, 236, 21, 30, 79, 130, 17, 152, 210, 88,
       123, 136, 68, 171, 15, 56, 176, 57, 120, 89, 237, 17, 87, 235, 29,
       172, 56, 30, 149, 68, 56, 133, 154, 196, 16, 18, 43, 178, 17, 91,
       221, 48, 122, 195, 0, 71, 235, 252, 124, 221, 118, 10, 104, 67,
       152, 179, 178, 173, 24, 95, 247, 201, 59, 51, 212, 108, 122, 41,
       71, 250, 34, 211, 239, 101, 60, 226, 243, 6, 35, 220, 180, 157,
       243, 136, 237, 37, 159, 190, 59, 163, 88, 215, 183, 72, 59, 1, 86,
       104, 24, 51, 77, 251, 19, 205, 195, 119, 124, 128, 64, 135, 51,
       252, 109, 191, 118, 168, 111, 87, 250, 178, 190, 174, 24, 119,
       247, 73, 59, 51, 246, 109, 122, 106, 103, 250, 42, 249, 235, 101,
       61, 224, 241, 198, 99, 208, 160, 156, 120, 8, 141, 0, 11, 206, 19,
       160, 24, 182, 211, 64, 91, 193, 51, 104, 17, 26, 111, 202, 17,
       217, 160, 123, 125, 208, 8, 3, 10, 220, 124, 159, 246, 170, 108,
       87, 158, 178, 187, 163, 120, 215, 247, 73, 123, 131, 246, 108, 18,
       57, 69, 219, 34, 217, 227, 117, 60, 168, 113, 130, 51, 252, 180,
       157, 115, 168, 109, 87, 157, 186, 191, 161, 56, 215, 247, 72, 27,
       145, 86, 108, 18, 58, 69, 251, 51, 201, 211, 117, 125, 128, 115,
       134, 99, 236, 229, 157, 255, 169, 109, 71, 172, 19, 190, 169, 24,
       215, 243, 73, 26, 217, 214, 109, 122, 58, 99, 219, 51, 233, 215,
       69, 124, 208, 123, 214, 34, 77, 67, 177, 39, 180, 27, 70, 168,
       111, 236, 59, 104, 207, 96, 205, 244, 150, 69, 108, 110, 197, 176,
       237, 190, 172, 220, 37, 54, 66, 183, 1, 101, 101, 1, 21, 71, 21,
       15, 66, 56, 102, 160, 43, 72, 210, 113, 9, 244, 144, 68, 104, 106,
       201, 176, 121, 28, 165, 190, 1, 20, 90, 171, 64, 48, 253, 121,
       223, 118, 40, 72, 71, 213, 224, 250, 166, 104, 115, 213, 193, 59,
       34, 244, 108, 106, 105, 103, 186, 40, 241, 235, 101, 56, 97, 240,
       198, 33, 253, 121, 253, 118, 136, 76, 69, 188, 224, 250, 165, 8,
       115, 119, 201, 59, 0, 244, 108, 106, 73, 99, 250, 40, 241, 233,
       101, 60, 97, 243, 198, 40, 77, 117, 157, 103, 161, 78, 119, 184,
       121, 234, 46, 8, 223, 119, 73, 50, 179, 84, 108, 106, 97, 240,
       249, 106, 239, 255, 101, 4, 202, 243, 67, 49, 73, 49, 29, 101, 49,
       94, 49, 59, 105, 232, 110, 40, 158, 55, 0, 48, 146, 21, 124, 32,
       17, 248, 241, 76, 207, 255, 33, 6, 74, 32, 67, 43, 109, 113, 48,
       5, 117, 30, 102, 56, 105, 232, 103, 76, 222, 16, 31, 180, 144, 76,
       64, 110, 197, 176, 241, 12, 167, 249, 0, 20, 74, 51, 75, 134, 212,
       60, 159, 180, 168, 108, 5, 135, 186, 155, 128, 120, 151, 183, 65,
       27, 167, 119, 125, 16, 59, 79, 130, 2, 153, 162, 127, 184, 136,
       112, 167, 57, 220, 94, 159, 183, 170, 106, 15, 188, 176, 146, 131,
       240, 247, 119, 137, 91, 39, 247, 109, 226, 105, 197, 139, 42, 240,
       227, 127, 144, 160, 115, 165, 49, 220, 125, 223, 116, 170, 107,
       85, 255, 179, 186, 172, 40, 87, 247, 65, 91, 51, 214, 109, 56,
       104, 103, 203, 10, 249, 195, 101, 61, 224, 240, 198, 35, 220, 246,
       149, 118, 168, 107, 87, 152, 178, 187, 163, 120, 223, 247, 73, 27,
