%YAML:1.0
---
descriptors: !!opencv-matrix
   rows: 266
   cols: 32
   dt: u
   data: [ 120, 172, 126, 120, 24, 201, 81, 119, 179, 21, 172, 56, 51,
       183, 66, 48, 1, 178, 101, 8, 90, 107, 226, 53, 251, 207, 52, 121,
       98, 128, 198, 106, 149, 14, 29, 119, 164, 46, 101, 186, 60, 186,
       114, 80, 215, 97, 129, 123, 177, 86, 124, 110, 105, 244, 9, 46,
       173, 170, 117, 148, 72, 241, 67, 49, 197, 188, 185, 51, 184, 111,
       87, 159, 55, 255, 170, 28, 215, 119, 72, 59, 145, 222, 92, 24, 57,
       92, 251, 34, 237, 223, 117, 124, 192, 112, 135, 114, 88, 168, 187,
       248, 218, 233, 81, 87, 163, 21, 164, 56, 55, 247, 96, 90, 1, 187,
       109, 16, 26, 79, 162, 49, 217, 197, 48, 121, 178, 128, 134, 106,
       129, 255, 31, 223, 240, 142, 47, 189, 126, 232, 90, 100, 245, 115,
       128, 96, 54, 111, 62, 78, 241, 216, 25, 127, 164, 174, 47, 128,
       12, 242, 129, 185, 236, 253, 185, 103, 185, 79, 71, 188, 58, 252,
       170, 8, 246, 117, 73, 50, 145, 94, 121, 106, 121, 82, 249, 63,
       237, 255, 69, 116, 0, 115, 198, 114, 37, 81, 49, 77, 117, 79, 67,
       56, 76, 224, 107, 8, 214, 21, 9, 48, 144, 92, 82, 106, 1, 176,
       121, 12, 37, 188, 1, 20, 80, 59, 82, 162, 108, 117, 57, 103, 245,
       79, 71, 168, 48, 230, 234, 8, 211, 117, 9, 48, 216, 92, 80, 106,
       105, 178, 249, 46, 229, 253, 5, 20, 64, 123, 86, 242, 124, 229,
       153, 122, 137, 73, 87, 200, 179, 19, 173, 25, 82, 247, 74, 26,
       153, 210, 233, 114, 126, 67, 218, 51, 251, 215, 69, 125, 210, 115,
       206, 66, 108, 117, 57, 103, 25, 79, 71, 136, 51, 228, 173, 8, 243,
       85, 73, 50, 216, 220, 121, 106, 73, 114, 249, 62, 237, 221, 5, 52,
       66, 59, 86, 98, 253, 113, 189, 103, 44, 78, 71, 184, 96, 250, 167,
       76, 211, 117, 201, 59, 148, 212, 124, 106, 201, 116, 249, 8, 231,
       249, 101, 52, 104, 179, 66, 113, 125, 93, 125, 103, 180, 78, 111,
       188, 96, 232, 254, 72, 243, 119, 137, 114, 22, 212, 92, 106, 233,
       176, 121, 46, 231, 239, 37, 148, 96, 243, 66, 121, 60, 101, 83,
       232, 159, 79, 86, 232, 147, 164, 169, 11, 75, 255, 111, 144, 249,
       217, 194, 98, 108, 99, 218, 158, 251, 207, 5, 63, 115, 63, 102,
       194, 236, 69, 40, 71, 29, 79, 71, 184, 21, 108, 231, 8, 211, 85,
       27, 52, 88, 220, 121, 106, 104, 178, 121, 62, 231, 233, 1, 52,
       115, 187, 86, 114, 236, 112, 189, 99, 45, 111, 83, 152, 75, 254,
       165, 24, 223, 95, 75, 59, 145, 84, 125, 122, 35, 100, 251, 0, 207,
       219, 101, 60, 194, 251, 70, 115, 236, 112, 189, 99, 40, 79, 83,
       152, 107, 190, 167, 24, 215, 93, 73, 59, 149, 212, 124, 122, 168,
       101, 251, 0, 199, 219, 101, 52, 192, 251, 70, 115, 236, 180, 188,
       242, 173, 253, 81, 153, 127, 63, 165, 24, 222, 125, 74, 59, 129,
       19, 253, 16, 58, 102, 251, 147, 207, 219, 81, 127, 210, 73, 198,
       34, 232, 180, 188, 251, 173, 237, 80, 15, 219, 63, 173, 24, 190,
       189, 76, 27, 137, 19, 249, 16, 58, 110, 218, 147, 207, 219, 80,
       123, 210, 72, 198, 10, 248, 186, 255, 112, 8, 232, 81, 23, 162,
       31, 164, 56, 55, 151, 64, 91, 1, 182, 109, 24, 59, 79, 178, 17,
       211, 227, 112, 120, 224, 192, 198, 123, 217, 186, 158, 50, 168,
       189, 89, 87, 163, 127, 180, 189, 191, 183, 194, 27, 135, 183, 253,
       20, 190, 79, 162, 49, 218, 235, 113, 249, 162, 196, 138, 91, 82,
       161, 144, 160, 137, 69, 21, 207, 171, 53, 136, 9, 140, 246, 72,
       22, 161, 223, 233, 209, 26, 75, 154, 209, 185, 212, 31, 127, 128,
       22, 167, 110, 224, 160, 156, 218, 200, 237, 69, 143, 142, 51, 160,
       24, 246, 243, 72, 91, 129, 18, 106, 16, 51, 111, 218, 49, 221,
       146, 85, 120, 216, 72, 135, 42, 81, 141, 93, 110, 178, 10, 79,
       189, 228, 32, 170, 8, 247, 115, 8, 115, 18, 215, 124, 106, 121,
       169, 121, 61, 251, 233, 101, 80, 96, 162, 192, 40, 244, 68, 125,
       102, 168, 106, 87, 184, 96, 178, 167, 56, 215, 119, 137, 123, 151,
       212, 108, 106, 104, 229, 73, 44, 243, 171, 101, 20, 96, 243, 70,
       32, 116, 196, 125, 103, 149, 79, 71, 184, 102, 160, 171, 8, 83,
       113, 9, 112, 49, 212, 72, 122, 104, 177, 121, 30, 255, 239, 5, 20,
       241, 251, 68, 34, 69, 117, 145, 71, 81, 78, 54, 168, 120, 224,
       107, 8, 222, 112, 13, 48, 144, 92, 112, 106, 69, 240, 249, 14, 37,
       190, 5, 6, 72, 51, 75, 182, 109, 117, 49, 103, 117, 31, 118, 184,
       121, 232, 122, 109, 218, 120, 149, 180, 180, 76, 84, 110, 196,
       240, 185, 142, 111, 255, 37, 38, 74, 191, 67, 247, 72, 117, 120,
       101, 178, 30, 63, 180, 57, 228, 46, 169, 223, 55, 130, 16, 22, 93,
       253, 110, 64, 208, 169, 108, 239, 255, 37, 132, 66, 182, 135, 241,
       124, 175, 254, 114, 138, 169, 85, 215, 178, 183, 172, 185, 39,
       231, 64, 27, 35, 243, 237, 16, 58, 75, 170, 33, 219, 195, 116,
       121, 224, 208, 134, 107, 5, 49, 83, 69, 112, 95, 227, 48, 97, 200,
       111, 72, 210, 85, 133, 52, 16, 60, 64, 106, 65, 176, 177, 12, 39,
       184, 0, 0, 67, 179, 70, 164, 102, 109, 18, 158, 217, 205, 22, 224,
       158, 128, 169, 9, 230, 242, 33, 144, 200, 123, 234, 67, 110, 3,
       90, 127, 169, 22, 13, 59, 80, 123, 15, 134, 52, 69, 18, 142, 89,
       71, 134, 232, 148, 140, 233, 1, 70, 194, 41, 80, 248, 204, 74, 98,
       72, 163, 26, 78, 177, 36, 135, 31, 80, 59, 110, 130, 36, 69, 18,
       142, 89, 71, 6, 232, 156, 172, 233, 8, 70, 240, 41, 208, 216, 232,
       202, 98, 108, 163, 26, 30, 177, 38, 15, 63, 80, 59, 46, 130, 129,
       142, 207, 27, 164, 170, 101, 151, 118, 19, 98, 212, 243, 225, 208,
       123, 99, 46, 42, 28, 51, 252, 111, 51, 76, 171, 116, 64, 236, 192,
       192, 168, 34, 253, 16, 62, 89, 205, 22, 166, 159, 24, 168, 9, 174,
       251, 97, 144, 129, 123, 194, 66, 70, 42, 90, 63, 161, 212, 20, 59,
       80, 28, 15, 158, 42, 173, 16, 59, 89, 205, 20, 175, 159, 53, 40,
       9, 174, 59, 64, 144, 129, 91, 194, 64, 22, 106, 90, 183, 175, 213,
       16, 123, 82, 12, 143, 138, 240, 172, 189, 112, 136, 237, 69, 135,
       178, 183, 164, 24, 19, 183, 64, 27, 1, 214, 104, 24, 58, 111, 250,
       2, 217, 139, 85, 124, 224, 80, 198, 42, 116, 174, 223, 118, 138,
       232, 85, 183, 179, 183, 174, 184, 55, 231, 72, 26, 39, 247, 109,
       16, 58, 75, 170, 35, 251, 199, 117, 61, 224, 240, 134, 99, 77,
       116, 145, 103, 163, 110, 55, 136, 121, 234, 47, 8, 222, 117, 73,
       58, 147, 92, 104, 114, 33, 244, 185, 42, 103, 159, 69, 6, 194,
       115, 71, 35, 69, 117, 157, 35, 164, 111, 103, 152, 122, 250, 43,
       72, 214, 112, 73, 42, 145, 68, 120, 123, 17, 112, 217, 34, 173,
       158, 101, 116, 200, 123, 195, 49, 76, 52, 177, 103, 193, 122, 55,
       136, 123, 227, 103, 24, 222, 119, 72, 54, 145, 93, 112, 48, 33,
       212, 249, 74, 239, 255, 69, 7, 194, 115, 135, 50, 120, 184, 126,
       120, 218, 233, 81, 119, 163, 21, 164, 56, 55, 151, 64, 18, 9, 178,
       237, 16, 26, 107, 226, 53, 219, 199, 48, 121, 226, 128, 198, 171,
       5, 117, 17, 69, 85, 78, 102, 56, 125, 232, 107, 72, 222, 17, 13,
       180, 144, 92, 82, 106, 225, 176, 89, 78, 39, 188, 1, 4, 74, 51,
       67, 161, 205, 92, 157, 119, 168, 110, 103, 186, 252, 250, 166, 80,
       215, 115, 9, 123, 149, 118, 124, 106, 97, 229, 249, 42, 229, 255,
       117, 20, 200, 113, 67, 49, 37, 85, 17, 69, 85, 79, 230, 48, 108,
       224, 107, 72, 214, 16, 29, 52, 144, 92, 82, 106, 65, 176, 121, 14,
       37, 156, 1, 20, 72, 59, 82, 162, 216, 176, 185, 240, 138, 233, 81,
       19, 167, 23, 164, 24, 23, 151, 64, 90, 39, 147, 109, 144, 26, 79,
       178, 17, 217, 193, 112, 121, 178, 128, 132, 98, 88, 144, 159, 246,
       138, 108, 81, 19, 163, 159, 166, 24, 95, 183, 72, 122, 37, 214,
       109, 24, 25, 77, 179, 0, 217, 227, 117, 88, 162, 224, 166, 99,
       172, 125, 57, 103, 209, 79, 71, 172, 121, 234, 107, 8, 214, 117,
       9, 48, 144, 92, 80, 106, 105, 176, 249, 62, 229, 255, 5, 52, 66,
       123, 198, 242, 236, 229, 185, 122, 137, 77, 87, 168, 115, 183,
       173, 24, 214, 117, 73, 58, 153, 82, 104, 122, 122, 98, 251, 51,
