%YAML:1.0
---
descriptors: !!opencv-matrix
   rows: 414
   cols: 32
   dt: u
   data: [ 156, 229, 127, 239, 52, 11, 111, 248, 116, 176, 247, 18, 215,
       75, 153, 99, 126, 213, 95, 234, 249, 245, 105, 62, 249, 203, 231,
       212, 101, 187, 224, 161, 220, 84, 253, 247, 44, 46, 93, 184, 188,
       186, 183, 112, 223, 115, 153, 123, 103, 213, 125, 234, 169, 229,
       107, 42, 210, 251, 99, 148, 100, 249, 65, 33, 220, 180, 188, 241,
       168, 46, 93, 31, 251, 187, 183, 56, 223, 243, 200, 123, 135, 87,
       125, 24, 187, 69, 243, 2, 207, 251, 119, 222, 130, 224, 195, 35,
       92, 180, 189, 240, 168, 108, 93, 159, 171, 251, 151, 56, 223, 255,
       72, 123, 135, 151, 253, 17, 187, 69, 251, 128, 219, 219, 127, 254,
       128, 192, 135, 115, 201, 188, 188, 115, 169, 253, 117, 159, 251,
       59, 182, 24, 190, 191, 68, 59, 133, 87, 253, 24, 187, 77, 251,
       243, 207, 219, 119, 126, 130, 64, 131, 43, 120, 253, 190, 252,
       141, 205, 87, 230, 223, 21, 172, 9, 174, 253, 102, 16, 201, 251,
       235, 66, 74, 107, 210, 181, 251, 255, 149, 123, 82, 120, 246, 42,
       166, 172, 214, 255, 252, 43, 232, 207, 63, 179, 242, 18, 109, 234,
       60, 89, 251, 239, 127, 129, 48, 255, 203, 255, 158, 250, 223, 212,
       149, 249, 243, 136, 104, 180, 188, 250, 157, 109, 85, 15, 83, 63,
       173, 24, 255, 253, 74, 26, 217, 146, 233, 16, 58, 106, 251, 147,
       235, 223, 84, 123, 210, 74, 198, 74, 242, 172, 246, 223, 252, 171,
       236, 207, 191, 179, 250, 18, 111, 234, 52, 91, 123, 239, 127, 129,
       186, 255, 139, 255, 158, 254, 223, 244, 149, 248, 243, 128, 131,
       236, 254, 255, 238, 43, 254, 254, 127, 179, 254, 154, 253, 238,
       181, 104, 127, 239, 127, 169, 180, 255, 239, 255, 254, 191, 255,
       172, 149, 248, 225, 137, 108, 180, 188, 99, 173, 127, 83, 152,
       123, 63, 173, 24, 223, 125, 74, 58, 153, 20, 233, 58, 58, 102,
       249, 16, 207, 219, 65, 125, 210, 107, 70, 114, 131, 189, 254, 255,
       236, 59, 252, 255, 63, 243, 254, 178, 253, 255, 180, 105, 255,
       255, 255, 141, 240, 253, 239, 255, 254, 255, 255, 234, 199, 252,
       241, 249, 84, 85, 61, 231, 176, 78, 79, 184, 36, 234, 191, 72,
       215, 119, 137, 114, 54, 212, 125, 106, 233, 148, 249, 46, 237,
       239, 37, 148, 32, 243, 4, 115, 236, 113, 189, 101, 160, 78, 87,
       184, 33, 238, 54, 8, 215, 119, 73, 59, 148, 84, 125, 106, 105,
       244, 249, 40, 231, 249, 101, 52, 64, 243, 70, 115, 120, 172, 59,
       112, 89, 237, 81, 71, 227, 21, 172, 24, 54, 183, 64, 48, 137, 58,
       72, 24, 26, 107, 242, 23, 219, 221, 16, 123, 194, 0, 198, 234,
       197, 198, 157, 103, 160, 14, 102, 184, 120, 186, 163, 80, 215,
       115, 137, 123, 181, 68, 108, 110, 249, 244, 217, 10, 237, 191,
       101, 20, 200, 243, 131, 33, 228, 245, 157, 103, 137, 79, 71, 172,
       114, 234, 169, 8, 214, 117, 72, 51, 145, 86, 120, 106, 121, 112,
       249, 55, 229, 251, 69, 52, 64, 123, 198, 34, 73, 48, 157, 101, 40,
       78, 97, 16, 173, 216, 39, 76, 223, 55, 1, 123, 130, 84, 124, 24,
       1, 212, 243, 0, 197, 251, 112, 0, 138, 160, 5, 51, 252, 165, 189,
       114, 141, 77, 87, 169, 210, 183, 173, 24, 210, 117, 72, 19, 153,
       212, 104, 114, 122, 98, 251, 19, 235, 223, 69, 125, 208, 123, 198,
       34, 228, 101, 185, 103, 133, 79, 103, 168, 112, 194, 239, 8, 215,
       119, 9, 51, 152, 92, 120, 106, 105, 240, 249, 42, 229, 251, 69,
       20, 64, 123, 198, 226, 252, 108, 252, 110, 141, 79, 86, 232, 83,
       182, 165, 10, 75, 249, 65, 59, 217, 212, 232, 114, 104, 103, 219,
       186, 251, 219, 69, 63, 115, 123, 70, 34, 252, 101, 125, 111, 13,
       95, 87, 184, 81, 166, 229, 8, 251, 125, 89, 51, 88, 212, 249, 106,
       104, 230, 249, 46, 231, 235, 69, 49, 99, 251, 86, 98, 249, 188,
       247, 118, 169, 253, 85, 87, 243, 123, 180, 24, 59, 253, 198, 63,
       171, 242, 236, 24, 191, 111, 246, 161, 219, 219, 84, 59, 235, 192,
       206, 95, 217, 170, 190, 176, 170, 188, 88, 23, 179, 91, 180, 185,
       63, 183, 66, 59, 135, 183, 253, 20, 190, 79, 194, 49, 219, 235,
       113, 249, 162, 196, 142, 91, 212, 48, 157, 119, 168, 110, 65, 152,
       178, 179, 163, 80, 215, 119, 201, 123, 1, 84, 108, 26, 41, 69,
       251, 0, 201, 163, 117, 20, 160, 241, 6, 48, 252, 40, 220, 118,
       136, 105, 85, 223, 179, 183, 164, 25, 55, 243, 67, 27, 9, 246,
       237, 16, 58, 111, 202, 32, 219, 195, 117, 57, 226, 240, 206, 10,
       77, 49, 189, 69, 177, 78, 119, 184, 107, 232, 47, 8, 222, 55, 77,
       54, 148, 92, 124, 122, 65, 240, 249, 8, 111, 255, 5, 52, 74, 179,
       71, 242, 93, 35, 156, 164, 168, 58, 88, 136, 226, 183, 163, 25,
       207, 35, 203, 219, 131, 199, 108, 28, 28, 65, 203, 0, 218, 225,
       117, 125, 160, 241, 138, 0, 86, 168, 221, 82, 169, 240, 84, 143,
       171, 191, 165, 56, 110, 247, 206, 59, 131, 243, 236, 144, 30, 75,
       170, 113, 155, 211, 85, 127, 130, 113, 142, 110, 65, 113, 17, 103,
       1, 78, 55, 32, 104, 224, 107, 8, 222, 49, 0, 48, 144, 84, 96, 106,
       65, 240, 177, 44, 101, 184, 1, 2, 72, 51, 67, 50, 117, 69, 93,
       103, 18, 14, 71, 48, 100, 160, 43, 72, 83, 49, 25, 115, 50, 212,
       124, 106, 73, 176, 89, 12, 231, 171, 33, 20, 96, 163, 64, 32, 252,
       196, 125, 103, 168, 74, 87, 188, 113, 162, 166, 8, 215, 119, 9,
       115, 19, 212, 109, 106, 104, 244, 233, 46, 229, 235, 101, 20, 96,
       243, 70, 32, 156, 181, 31, 103, 145, 110, 103, 248, 52, 160, 235,
       0, 83, 115, 9, 113, 49, 222, 72, 250, 120, 208, 57, 46, 233, 239,
       69, 68, 160, 115, 228, 34, 79, 241, 237, 71, 178, 30, 191, 184,
       42, 244, 7, 132, 221, 126, 215, 38, 23, 85, 249, 127, 193, 208,
       253, 72, 239, 127, 109, 148, 38, 183, 1, 113, 69, 245, 149, 71,
       161, 14, 118, 184, 122, 250, 43, 76, 222, 113, 73, 58, 145, 68,
       120, 122, 241, 240, 217, 34, 237, 190, 69, 70, 200, 115, 67, 35,
       69, 119, 149, 103, 176, 14, 54, 184, 122, 170, 43, 68, 222, 114,
       201, 114, 151, 69, 124, 106, 225, 208, 217, 106, 172, 190, 103,
       134, 136, 115, 3, 33, 83, 123, 17, 133, 50, 14, 62, 53, 40, 192,
       74, 205, 189, 6, 131, 208, 166, 77, 121, 197, 213, 152, 181, 77,
       180, 52, 10, 130, 12, 22, 139, 93, 240, 172, 191, 114, 200, 228,
       233, 199, 178, 23, 228, 26, 48, 247, 96, 59, 169, 255, 115, 152,
       50, 95, 186, 115, 93, 175, 222, 105, 193, 64, 231, 170, 193, 168,
       61, 121, 168, 232, 57, 135, 238, 115, 134, 144, 149, 158, 210,
       107, 135, 63, 120, 29, 151, 205, 231, 17, 204, 233, 122, 80, 132,
       128, 131, 72, 244, 124, 172, 182, 140, 77, 69, 151, 210, 251, 134,
       24, 215, 245, 83, 59, 129, 246, 125, 25, 104, 71, 251, 34, 217,
       131, 245, 53, 160, 120, 214, 114, 220, 48, 189, 118, 168, 108, 81,
       152, 243, 186, 167, 24, 223, 247, 73, 59, 133, 212, 236, 18, 57,
       103, 187, 34, 219, 195, 117, 61, 226, 241, 6, 51, 117, 96, 156,
       38, 8, 110, 70, 8, 96, 226, 165, 13, 83, 107, 91, 26, 184, 196,
       104, 254, 13, 103, 217, 8, 211, 169, 69, 49, 233, 115, 106, 10,
       68, 103, 132, 131, 194, 42, 38, 136, 50, 183, 139, 246, 197, 98,
       203, 95, 115, 196, 108, 242, 48, 208, 205, 98, 188, 38, 231, 197,
       160, 115, 175, 1, 116, 109, 158, 166, 201, 95, 150, 232, 18, 190,
       169, 9, 102, 248, 79, 154, 217, 198, 236, 99, 108, 99, 217, 42,
       185, 199, 69, 63, 192, 123, 222, 6, 124, 52, 253, 116, 168, 109,
       85, 154, 243, 191, 166, 24, 87, 247, 73, 59, 37, 214, 108, 0, 56,
       103, 171, 2, 219, 195, 117, 61, 224, 240, 70, 35, 109, 101, 121,
       103, 244, 31, 118, 184, 121, 168, 123, 73, 219, 121, 157, 176,
       150, 76, 125, 110, 196, 240, 201, 46, 231, 255, 37, 22, 70, 247,
       82, 131, 44, 117, 113, 111, 253, 95, 87, 184, 95, 168, 61, 40,
       223, 125, 137, 52, 158, 92, 238, 98, 200, 176, 105, 158, 231, 223,
       37, 51, 82, 255, 70, 179, 76, 117, 120, 99, 178, 74, 63, 184, 59,
       238, 127, 169, 223, 119, 139, 80, 22, 93, 253, 110, 96, 208, 233,
