%YAML:1.0
---
descriptors: !!opencv-matrix
   rows: 95
   cols: 32
   dt: u
   data: [ 237, 112, 185, 103, 101, 111, 103, 24, 123, 234, 55, 8, 210,
       93, 77, 62, 145, 92, 116, 122, 161, 244, 249, 10, 71, 223, 69, 52,
       202, 251, 66, 243, 65, 112, 17, 101, 1, 78, 50, 40, 104, 224, 99,
       8, 214, 17, 9, 50, 144, 84, 96, 106, 65, 240, 209, 8, 165, 184, 0,
       6, 72, 51, 75, 50, 85, 69, 117, 101, 20, 78, 103, 56, 100, 160,
       234, 64, 83, 49, 17, 112, 48, 196, 72, 106, 73, 176, 85, 14, 245,
       174, 5, 4, 105, 179, 64, 32, 220, 68, 220, 103, 168, 74, 86, 168,
       49, 162, 167, 8, 87, 99, 9, 83, 51, 212, 108, 106, 104, 197, 201,
       42, 243, 227, 69, 21, 96, 243, 78, 2, 220, 204, 30, 247, 153, 74,
       87, 172, 181, 178, 174, 0, 119, 115, 1, 83, 113, 246, 108, 226,
       104, 193, 89, 46, 249, 227, 197, 21, 32, 115, 100, 34, 136, 172,
       157, 251, 136, 237, 21, 167, 158, 23, 40, 24, 182, 243, 64, 90,
       129, 122, 104, 16, 50, 76, 218, 51, 205, 135, 117, 120, 144, 64,
       135, 171, 208, 140, 189, 245, 172, 107, 69, 191, 212, 178, 146,
       88, 247, 101, 144, 35, 3, 118, 108, 43, 56, 237, 105, 46, 233,
       163, 117, 20, 196, 248, 133, 40, 214, 254, 188, 254, 170, 100, 21,
       142, 187, 191, 129, 185, 110, 255, 79, 27, 135, 247, 237, 18, 58,
       71, 170, 51, 251, 243, 125, 191, 128, 113, 135, 67, 208, 184, 191,
       248, 136, 237, 81, 23, 230, 115, 166, 24, 183, 215, 64, 59, 1,
       182, 108, 16, 59, 109, 211, 17, 217, 224, 112, 120, 224, 192, 135,
       42, 248, 168, 223, 112, 168, 237, 81, 215, 178, 27, 164, 24, 55,
       179, 64, 59, 129, 242, 109, 24, 58, 79, 242, 49, 219, 203, 116,
       121, 224, 192, 206, 106, 129, 174, 159, 251, 160, 173, 105, 151,
       246, 27, 114, 84, 181, 227, 224, 107, 35, 106, 46, 28, 179, 220,
       139, 51, 204, 138, 119, 192, 152, 192, 161, 169, 77, 117, 57, 103,
       181, 78, 119, 188, 121, 236, 110, 12, 254, 113, 9, 48, 144, 126,
       124, 106, 225, 240, 249, 46, 231, 255, 5, 6, 66, 115, 199, 99,
       104, 48, 49, 97, 105, 221, 113, 0, 107, 185, 37, 8, 158, 23, 68,
       62, 128, 28, 72, 16, 3, 112, 240, 0, 71, 217, 16, 127, 66, 2, 71,
       162, 224, 188, 255, 82, 232, 233, 177, 199, 251, 119, 160, 56, 50,
       254, 68, 59, 171, 243, 98, 16, 55, 111, 186, 115, 95, 154, 85,
       123, 193, 64, 198, 255, 237, 113, 185, 103, 100, 78, 119, 184,
       121, 234, 55, 72, 223, 81, 73, 59, 148, 84, 124, 106, 233, 244,
       249, 8, 231, 219, 101, 52, 66, 179, 66, 97, 205, 85, 53, 103, 100,
       78, 103, 184, 105, 232, 127, 76, 222, 117, 141, 119, 148, 84, 124,
       106, 225, 240, 249, 76, 231, 249, 101, 4, 74, 243, 66, 49, 233,
       188, 180, 23, 173, 62, 224, 142, 251, 251, 166, 28, 254, 248, 86,
       175, 129, 102, 120, 13, 181, 237, 255, 225, 15, 58, 85, 18, 202,
       125, 217, 30, 120, 181, 59, 120, 219, 237, 17, 87, 235, 21, 172,
       24, 62, 183, 68, 48, 161, 186, 192, 16, 18, 43, 178, 21, 91, 221,
       16, 123, 227, 0, 198, 234, 252, 253, 255, 118, 168, 108, 87, 220,
       179, 158, 173, 24, 123, 247, 201, 59, 55, 214, 108, 106, 106, 103,
       186, 35, 251, 235, 101, 60, 226, 243, 198, 113, 242, 174, 196, 80,
       169, 185, 92, 199, 179, 155, 180, 24, 43, 235, 196, 155, 41, 178,
       237, 152, 58, 79, 194, 243, 26, 219, 213, 249, 227, 192, 206, 10,
       108, 113, 121, 103, 112, 78, 119, 152, 105, 168, 127, 104, 223,
       119, 201, 48, 148, 92, 84, 122, 192, 176, 233, 44, 111, 253, 37,
       36, 66, 179, 70, 163, 65, 121, 16, 69, 21, 14, 102, 58, 104, 160,
       106, 76, 150, 16, 1, 180, 144, 76, 64, 108, 193, 176, 209, 12, 37,
       188, 1, 4, 72, 49, 67, 0, 53, 21, 18, 77, 21, 14, 70, 56, 116,
       128, 235, 68, 211, 113, 57, 244, 88, 204, 40, 106, 73, 176, 89,
       14, 161, 174, 129, 4, 72, 187, 112, 32, 124, 101, 220, 103, 160,
       74, 70, 168, 51, 162, 175, 8, 223, 99, 73, 82, 19, 212, 108, 106,
       72, 210, 201, 42, 246, 239, 69, 21, 226, 243, 74, 2, 197, 239,
       157, 103, 180, 46, 103, 188, 122, 162, 43, 76, 215, 97, 153, 48,
       145, 78, 104, 110, 241, 240, 217, 46, 237, 190, 37, 52, 200, 243,
       194, 32, 192, 168, 191, 121, 138, 232, 169, 7, 254, 19, 162, 16,
       181, 174, 64, 107, 163, 55, 104, 16, 50, 205, 183, 19, 205, 170,
       122, 80, 192, 64, 133, 42, 221, 236, 191, 114, 168, 111, 87, 188,
       186, 254, 175, 24, 247, 247, 75, 27, 161, 230, 125, 126, 105, 101,
       187, 50, 249, 203, 101, 60, 224, 243, 199, 98, 100, 103, 17, 103,
       176, 78, 102, 184, 105, 168, 123, 72, 215, 105, 29, 48, 144, 221,
       108, 98, 201, 240, 201, 108, 173, 180, 5, 4, 72, 179, 66, 48, 208,
       168, 159, 248, 136, 237, 81, 23, 166, 23, 166, 24, 183, 151, 64,
       91, 33, 179, 109, 16, 58, 79, 178, 17, 217, 227, 112, 121, 160,
       192, 134, 42, 248, 168, 222, 112, 168, 237, 81, 215, 242, 31, 164,
       24, 55, 179, 64, 27, 129, 178, 236, 16, 58, 107, 242, 49, 219,
       195, 116, 121, 224, 192, 198, 42, 109, 245, 57, 107, 249, 77, 71,
       168, 123, 120, 173, 8, 242, 117, 73, 48, 153, 92, 120, 122, 107,
       98, 251, 55, 239, 255, 5, 126, 210, 59, 70, 98, 109, 113, 57, 65,
       65, 93, 114, 0, 105, 232, 39, 8, 158, 17, 69, 182, 128, 20, 72,
       106, 1, 48, 241, 0, 7, 217, 1, 54, 74, 3, 67, 162, 240, 174, 222,
       112, 42, 169, 81, 82, 178, 31, 164, 185, 55, 199, 66, 27, 39, 178,
       109, 16, 42, 79, 130, 51, 219, 195, 112, 121, 224, 192, 6, 43,
       240, 190, 220, 112, 170, 169, 81, 215, 178, 191, 164, 57, 23, 227,
       66, 27, 35, 246, 109, 24, 58, 79, 138, 50, 219, 195, 117, 125,
       224, 192, 134, 11, 120, 176, 57, 120, 91, 237, 17, 83, 227, 29,
       172, 24, 30, 149, 68, 56, 133, 154, 196, 16, 26, 43, 178, 21, 91,
       221, 48, 123, 195, 0, 6, 235, 208, 140, 159, 121, 136, 234, 73, 7,
       190, 23, 162, 16, 183, 163, 64, 91, 35, 55, 108, 24, 58, 205, 131,
       19, 201, 162, 118, 80, 224, 64, 133, 40, 213, 124, 157, 246, 168,
       110, 87, 150, 178, 186, 163, 88, 247, 115, 73, 91, 129, 246, 108,
       82, 41, 69, 219, 42, 249, 227, 117, 52, 168, 241, 130, 51, 252,
       252, 157, 242, 172, 110, 87, 184, 178, 186, 163, 24, 215, 243, 73,
       27, 145, 214, 108, 82, 121, 101, 219, 34, 249, 195, 117, 116, 168,
       123, 198, 34, 101, 97, 17, 103, 80, 15, 102, 168, 104, 160, 235,
       72, 211, 97, 9, 176, 152, 220, 104, 106, 73, 176, 217, 44, 165,
       188, 5, 52, 73, 187, 66, 0, 248, 169, 222, 120, 169, 205, 81, 215,
       178, 29, 164, 25, 55, 243, 64, 27, 128, 179, 236, 16, 58, 107,
       194, 49, 219, 195, 116, 121, 224, 128, 206, 11, 205, 114, 148,
       103, 32, 30, 102, 152, 105, 170, 119, 76, 222, 113, 153, 59, 148,
       68, 108, 110, 225, 244, 233, 8, 230, 251, 101, 132, 74, 243, 67,
       33, 109, 241, 57, 99, 253, 79, 71, 184, 123, 248, 37, 8, 214, 117,
       73, 48, 145, 92, 120, 122, 107, 112, 249, 63, 239, 223, 5, 118,
       90, 59, 66, 162, 240, 190, 222, 48, 170, 169, 80, 83, 162, 31,
       165, 189, 55, 227, 66, 27, 167, 179, 237, 144, 58, 79, 130, 19,
       218, 195, 113, 249, 232, 193, 46, 19, 109, 113, 48, 71, 117, 30,
       102, 56, 105, 224, 111, 76, 222, 16, 29, 180, 144, 76, 64, 110,
       197, 176, 217, 12, 39, 253, 5, 4, 74, 51, 75, 134, 109, 241, 145,
       71, 217, 95, 86, 173, 107, 224, 45, 8, 222, 113, 72, 182, 144, 92,
       224, 106, 69, 112, 249, 61, 47, 221, 5, 55, 74, 54, 202, 38, 243,
       62, 231, 86, 234, 56, 84, 167, 249, 250, 176, 253, 98, 232, 215,
       191, 175, 231, 236, 6, 237, 103, 174, 98, 18, 58, 85, 187, 109,
       244, 202, 93, 101, 102, 12, 37, 44, 15, 70, 184, 104, 234, 179,
       109, 215, 72, 155, 51, 152, 68, 108, 111, 205, 118, 201, 8, 230,
       251, 101, 149, 64, 251, 90, 65, 6, 119, 112, 7, 242, 26, 190, 184,
       61, 230, 127, 231, 204, 110, 143, 148, 54, 221, 198, 230, 229,
       176, 109, 110, 38, 38, 37, 134, 111, 247, 15, 213, 141, 117, 145,
       103, 241, 78, 119, 188, 121, 234, 111, 72, 222, 115, 9, 48, 151,
