%YAML:1.0
---
descriptors: !!opencv-matrix
   rows: 298
   cols: 32
   dt: u
   data: [ 221, 76, 253, 247, 44, 42, 127, 152, 116, 250, 182, 68, 223,
       103, 153, 123, 119, 197, 125, 110, 169, 229, 235, 42, 210, 239,
       227, 148, 228, 251, 1, 121, 254, 236, 244, 239, 93, 95, 254, 232,
       63, 226, 244, 10, 204, 126, 29, 101, 251, 253, 255, 227, 108, 247,
       249, 255, 191, 222, 207, 23, 87, 127, 119, 230, 92, 52, 189, 243,
       184, 110, 89, 25, 59, 251, 183, 124, 223, 127, 72, 123, 151, 149,
       253, 49, 185, 65, 251, 128, 219, 255, 111, 244, 128, 226, 135,
       115, 201, 252, 189, 243, 173, 253, 117, 158, 251, 127, 182, 28,
       190, 191, 64, 59, 133, 87, 125, 24, 163, 77, 251, 241, 203, 219,
       117, 126, 130, 80, 199, 123, 234, 188, 180, 251, 173, 253, 124,
       159, 255, 251, 180, 24, 254, 253, 92, 123, 133, 115, 255, 16, 182,
       111, 250, 179, 207, 223, 213, 123, 146, 124, 215, 19, 120, 173,
       190, 252, 157, 205, 85, 231, 223, 149, 172, 8, 174, 253, 102, 18,
       201, 243, 235, 0, 90, 107, 242, 191, 251, 255, 215, 123, 210, 104,
       246, 106, 108, 176, 188, 99, 141, 127, 81, 153, 99, 63, 165, 24,
       222, 125, 74, 58, 153, 20, 233, 58, 26, 102, 251, 16, 207, 219,
       65, 125, 210, 107, 198, 98, 148, 237, 255, 255, 188, 43, 239, 255,
       118, 178, 250, 90, 245, 235, 153, 97, 127, 239, 127, 235, 249,
       242, 239, 63, 236, 171, 239, 156, 181, 250, 241, 160, 213, 85, 61,
       231, 176, 78, 79, 184, 52, 234, 155, 64, 215, 119, 137, 112, 55,
       212, 125, 106, 233, 144, 105, 46, 233, 239, 37, 148, 160, 243, 0,
       49, 21, 221, 189, 231, 180, 14, 127, 188, 54, 234, 218, 96, 215,
       127, 153, 96, 119, 95, 125, 235, 233, 208, 105, 46, 236, 239, 239,
       132, 164, 243, 1, 97, 236, 112, 189, 97, 13, 111, 83, 152, 107,
       254, 37, 8, 214, 85, 73, 59, 145, 84, 124, 122, 33, 116, 249, 8,
       207, 219, 69, 52, 194, 251, 70, 114, 236, 113, 189, 103, 36, 78,
       87, 184, 97, 238, 183, 8, 215, 119, 73, 59, 148, 84, 124, 106,
       105, 244, 249, 8, 231, 249, 101, 52, 64, 243, 70, 115, 109, 85,
       61, 103, 32, 78, 103, 184, 104, 232, 127, 72, 215, 119, 137, 115,
       148, 84, 124, 106, 201, 240, 249, 12, 231, 249, 101, 20, 64, 179,
       70, 113, 196, 52, 189, 119, 168, 111, 119, 185, 55, 251, 35, 24,
       215, 119, 73, 59, 145, 86, 125, 58, 57, 240, 251, 34, 207, 251,
       117, 20, 192, 113, 134, 114, 197, 215, 157, 119, 168, 14, 102,
       184, 56, 250, 163, 80, 215, 115, 137, 123, 149, 84, 124, 106, 225,
       229, 217, 42, 165, 191, 101, 20, 200, 113, 67, 49, 205, 117, 149,
       103, 169, 110, 71, 153, 122, 178, 39, 88, 214, 119, 73, 255, 145,
       84, 120, 122, 121, 64, 251, 2, 207, 251, 69, 52, 130, 115, 194,
       50, 120, 165, 59, 112, 217, 233, 81, 103, 163, 21, 172, 56, 54,
       183, 64, 48, 137, 186, 65, 24, 26, 107, 162, 21, 219, 221, 16,
       123, 226, 0, 198, 234, 108, 253, 177, 103, 137, 79, 71, 172, 58,
       190, 172, 8, 214, 119, 73, 55, 145, 94, 120, 106, 121, 112, 249,
       51, 237, 255, 5, 52, 192, 123, 198, 98, 100, 165, 156, 122, 201,
       77, 87, 168, 179, 191, 173, 24, 82, 115, 74, 26, 153, 210, 105,
       122, 122, 99, 251, 51, 235, 159, 69, 125, 210, 115, 198, 226, 44,
       101, 185, 103, 149, 79, 71, 168, 117, 228, 239, 8, 211, 119, 9,
       52, 152, 220, 88, 106, 105, 242, 249, 46, 237, 222, 5, 20, 64,
       123, 86, 98, 60, 101, 220, 110, 221, 95, 86, 232, 19, 164, 173,
       11, 91, 121, 75, 146, 217, 216, 225, 114, 108, 99, 219, 62, 251,
       207, 5, 61, 115, 251, 78, 194, 108, 69, 56, 111, 85, 79, 71, 184,
       119, 164, 231, 8, 211, 117, 27, 112, 88, 220, 120, 106, 104, 178,
       249, 30, 231, 189, 5, 53, 66, 187, 86, 34, 44, 37, 120, 103, 213,
       94, 95, 184, 85, 160, 239, 8, 219, 125, 27, 48, 88, 220, 209, 106,
       104, 242, 249, 14, 103, 255, 5, 21, 99, 187, 94, 162, 249, 184,
       255, 112, 169, 253, 81, 215, 243, 91, 180, 56, 59, 189, 198, 63,
       43, 178, 236, 24, 63, 111, 178, 179, 219, 219, 80, 123, 235, 192,
       206, 95, 249, 170, 222, 178, 168, 188, 88, 151, 162, 95, 180, 185,
       191, 247, 66, 27, 135, 247, 253, 20, 190, 79, 138, 49, 218, 203,
       117, 249, 160, 196, 143, 91, 108, 81, 149, 94, 105, 76, 71, 188,
       193, 202, 161, 72, 226, 245, 13, 247, 208, 244, 232, 98, 73, 103,
       250, 41, 33, 178, 69, 58, 82, 187, 198, 51, 252, 96, 220, 118,
       136, 109, 85, 222, 178, 183, 164, 25, 19, 247, 75, 27, 1, 214,
       237, 18, 40, 71, 218, 32, 219, 195, 117, 61, 224, 241, 206, 2, 96,
       172, 157, 255, 232, 237, 21, 150, 158, 23, 32, 24, 182, 243, 64,
       90, 193, 122, 106, 8, 50, 78, 218, 51, 205, 167, 119, 120, 144,
       89, 135, 170, 193, 32, 191, 121, 170, 232, 57, 7, 254, 115, 166,
       144, 181, 246, 208, 123, 135, 55, 120, 25, 183, 77, 231, 17, 204,
       235, 122, 80, 128, 192, 3, 8, 93, 103, 80, 39, 115, 14, 102, 184,
       57, 172, 123, 109, 207, 98, 139, 144, 182, 77, 76, 102, 196, 176,
       137, 14, 180, 247, 37, 134, 98, 247, 11, 133, 77, 101, 240, 199,
       176, 30, 126, 184, 125, 234, 111, 32, 223, 119, 137, 116, 214, 93,
       124, 106, 229, 208, 233, 238, 239, 255, 39, 134, 2, 243, 3, 37,
       76, 117, 124, 103, 50, 75, 127, 184, 57, 228, 127, 169, 223, 119,
       139, 16, 22, 85, 253, 110, 96, 208, 249, 110, 230, 223, 37, 132,
       98, 179, 7, 113, 244, 163, 252, 114, 168, 168, 85, 89, 178, 191,
       165, 57, 83, 231, 72, 27, 1, 150, 109, 26, 58, 67, 234, 3, 217,
       203, 117, 125, 224, 194, 198, 98, 100, 96, 91, 69, 64, 90, 99, 16,
       96, 192, 103, 72, 83, 23, 133, 48, 16, 252, 64, 106, 1, 180, 177,
       8, 71, 169, 32, 0, 97, 179, 70, 160, 193, 174, 205, 27, 140, 168,
       96, 143, 254, 19, 98, 208, 179, 224, 208, 73, 99, 42, 106, 28, 51,
       220, 207, 51, 12, 162, 119, 64, 184, 192, 193, 136, 193, 138, 159,
       155, 108, 169, 168, 198, 254, 19, 160, 208, 181, 226, 240, 75, 99,
       98, 106, 156, 50, 109, 134, 115, 140, 2, 127, 104, 148, 128, 33,
       136, 120, 169, 219, 112, 168, 205, 85, 215, 226, 21, 164, 8, 55,
       179, 64, 59, 129, 182, 125, 8, 26, 75, 242, 1, 219, 201, 117, 57,
       226, 128, 206, 74, 129, 170, 143, 155, 236, 169, 96, 15, 254, 147,
       96, 208, 181, 226, 240, 75, 35, 42, 106, 28, 51, 124, 207, 113,
       12, 2, 119, 104, 152, 192, 193, 136, 193, 170, 158, 153, 236, 169,
       232, 79, 238, 19, 98, 212, 181, 162, 240, 75, 67, 34, 106, 28, 51,
       77, 198, 113, 140, 2, 118, 104, 156, 200, 129, 136, 129, 174, 143,
       153, 236, 169, 232, 199, 238, 19, 2, 208, 181, 162, 240, 75, 99,
       34, 106, 28, 51, 77, 199, 115, 76, 130, 114, 104, 156, 192, 193,
       168, 193, 174, 159, 155, 236, 169, 233, 199, 254, 19, 32, 208,
       181, 226, 224, 75, 99, 34, 106, 28, 51, 109, 134, 115, 204, 2,
       126, 104, 144, 192, 163, 168, 129, 142, 143, 59, 164, 170, 101,
       151, 118, 19, 98, 244, 243, 227, 208, 105, 83, 46, 46, 28, 59,
       252, 111, 51, 204, 171, 118, 64, 248, 192, 193, 168, 129, 142,
       207, 123, 164, 171, 101, 151, 118, 19, 98, 244, 243, 97, 144, 121,
       19, 46, 36, 28, 59, 220, 109, 57, 204, 170, 116, 64, 236, 192,
       208, 40, 108, 229, 189, 110, 153, 77, 71, 168, 35, 246, 173, 8,
       210, 119, 73, 18, 217, 192, 120, 106, 75, 98, 251, 49, 235, 223,
       69, 60, 210, 115, 70, 98, 194, 172, 182, 159, 236, 175, 252, 207,
       191, 187, 242, 24, 236, 250, 20, 75, 253, 239, 127, 145, 186, 239,
       203, 255, 188, 186, 223, 190, 145, 120, 243, 137, 236, 184, 188,
       250, 173, 189, 85, 155, 255, 91, 180, 24, 190, 255, 78, 59, 133,
       115, 253, 24, 178, 109, 250, 241, 207, 219, 85, 122, 210, 77, 199,
       123, 162, 172, 214, 159, 252, 171, 236, 207, 191, 179, 250, 18,
       236, 234, 60, 89, 123, 239, 127, 145, 50, 255, 203, 255, 156, 190,
       223, 244, 213, 104, 211, 137, 232, 176, 188, 123, 141, 125, 81,
       29, 83, 55, 165, 24, 222, 125, 74, 58, 217, 146, 233, 56, 58, 102,
