%YAML:1.0
---
descriptors: !!opencv-matrix
   rows: 253
   cols: 32
   dt: u
   data: [ 120, 185, 255, 112, 139, 232, 81, 71, 163, 21, 164, 56, 55,
       183, 64, 59, 35, 178, 108, 16, 26, 107, 162, 1, 219, 195, 84, 123,
       224, 64, 198, 107, 205, 20, 157, 103, 160, 110, 103, 185, 120,
       250, 47, 92, 215, 119, 137, 255, 21, 86, 124, 42, 97, 244, 249,
       42, 165, 190, 101, 20, 202, 243, 131, 49, 237, 116, 181, 71, 233,
       110, 71, 152, 123, 250, 47, 24, 214, 119, 73, 63, 145, 84, 120,
       122, 33, 116, 249, 2, 199, 251, 69, 52, 194, 243, 70, 34, 13, 117,
       17, 69, 85, 94, 118, 184, 125, 200, 106, 72, 222, 81, 13, 180,
       144, 92, 80, 106, 193, 176, 121, 78, 37, 190, 1, 2, 74, 51, 67,
       176, 100, 229, 185, 122, 217, 77, 87, 168, 35, 181, 173, 24, 210,
       119, 74, 58, 153, 210, 65, 122, 90, 98, 251, 51, 235, 157, 5, 125,
       210, 123, 198, 226, 37, 117, 17, 67, 85, 79, 103, 184, 75, 224,
       41, 8, 210, 81, 77, 180, 145, 92, 66, 106, 65, 240, 121, 28, 45,
       156, 5, 54, 66, 59, 66, 160, 242, 32, 18, 184, 9, 137, 16, 72,
       143, 20, 160, 25, 38, 194, 96, 152, 201, 185, 200, 1, 14, 79, 202,
       17, 145, 144, 25, 63, 80, 8, 7, 6, 252, 112, 189, 99, 40, 111, 83,
       152, 115, 191, 165, 24, 215, 215, 73, 59, 145, 212, 124, 122, 43,
       103, 251, 2, 203, 217, 101, 124, 224, 251, 70, 115, 104, 45, 188,
       252, 141, 221, 84, 199, 219, 23, 172, 8, 190, 189, 71, 58, 201,
       250, 233, 16, 42, 107, 242, 185, 235, 255, 84, 59, 210, 88, 86,
       10, 248, 188, 253, 116, 184, 237, 81, 55, 178, 191, 164, 56, 51,
       183, 64, 31, 7, 182, 108, 8, 56, 79, 242, 5, 219, 203, 116, 56,
       226, 192, 70, 123, 89, 174, 188, 50, 170, 172, 89, 223, 163, 251,
       180, 249, 191, 255, 66, 59, 135, 247, 253, 20, 190, 75, 202, 49,
       219, 235, 117, 249, 162, 196, 138, 91, 244, 56, 253, 86, 168, 109,
       84, 223, 235, 250, 176, 120, 50, 252, 197, 63, 175, 215, 124, 0,
       191, 111, 170, 96, 155, 218, 117, 190, 201, 240, 198, 183, 221,
       34, 152, 182, 168, 60, 88, 26, 250, 187, 163, 93, 207, 226, 203,
       219, 131, 199, 108, 30, 60, 71, 203, 34, 218, 235, 119, 253, 136,
       241, 171, 1, 221, 151, 28, 75, 176, 31, 86, 189, 119, 41, 191,
       124, 95, 114, 138, 244, 151, 198, 204, 106, 239, 32, 121, 63, 170,
       223, 37, 118, 122, 218, 200, 5, 69, 71, 148, 71, 160, 46, 110,
       152, 124, 170, 107, 68, 215, 34, 201, 254, 183, 68, 108, 126, 165,
       208, 201, 74, 164, 190, 103, 4, 136, 243, 65, 5, 21, 69, 121, 103,
       20, 79, 71, 184, 118, 160, 171, 10, 83, 113, 25, 112, 49, 212, 72,
       106, 105, 176, 121, 30, 241, 142, 5, 20, 112, 187, 64, 34, 101,
       101, 63, 102, 93, 70, 231, 232, 240, 128, 235, 8, 84, 183, 41, 48,
       248, 244, 82, 235, 65, 243, 186, 108, 117, 174, 135, 12, 65, 51,
       103, 162, 102, 237, 214, 159, 252, 11, 254, 232, 63, 162, 251, 2,
       236, 234, 29, 64, 251, 239, 127, 227, 112, 243, 201, 250, 188, 62,
       207, 148, 213, 123, 227, 129, 211, 123, 88, 165, 82, 15, 62, 112,
       40, 232, 66, 237, 31, 6, 3, 16, 182, 253, 92, 229, 197, 152, 149,
       78, 180, 164, 41, 148, 44, 182, 3, 157, 69, 113, 17, 69, 81, 78,
       119, 56, 104, 224, 107, 12, 222, 49, 9, 50, 144, 76, 96, 106, 193,
       240, 185, 12, 101, 188, 5, 6, 72, 51, 67, 34, 104, 173, 156, 126,
       168, 233, 23, 170, 155, 182, 44, 41, 230, 121, 67, 19, 131, 119,
       237, 66, 34, 104, 203, 63, 238, 247, 117, 59, 208, 121, 78, 10,
       109, 97, 120, 101, 116, 31, 118, 56, 121, 168, 127, 9, 219, 89,
       157, 176, 150, 76, 85, 110, 196, 176, 205, 12, 103, 253, 33, 4,
       66, 183, 66, 128, 237, 207, 70, 7, 165, 26, 102, 168, 97, 164,
       239, 136, 203, 96, 159, 215, 50, 198, 104, 110, 108, 240, 205, 44,
       38, 120, 69, 21, 103, 247, 218, 4, 133, 207, 205, 39, 180, 11,
       103, 188, 118, 226, 98, 212, 211, 97, 153, 113, 51, 78, 42, 110,
       105, 244, 77, 62, 236, 174, 101, 68, 236, 241, 208, 160, 104, 164,
       188, 115, 217, 109, 21, 175, 59, 55, 45, 25, 142, 51, 74, 26, 145,
       26, 233, 16, 82, 104, 219, 19, 239, 215, 85, 127, 210, 72, 199,
       34, 40, 165, 152, 123, 153, 109, 20, 143, 31, 53, 44, 25, 174, 51,
       74, 144, 129, 27, 235, 16, 18, 104, 219, 51, 239, 213, 20, 127,
       82, 88, 206, 138, 125, 112, 17, 101, 49, 94, 83, 8, 105, 224, 167,
       8, 222, 18, 5, 52, 144, 148, 68, 122, 9, 178, 241, 12, 131, 248,
       1, 54, 74, 35, 66, 38, 205, 116, 189, 71, 161, 31, 119, 184, 121,
       234, 47, 12, 222, 113, 9, 183, 145, 84, 120, 106, 225, 240, 249,
       10, 231, 255, 69, 38, 74, 115, 75, 55, 89, 217, 17, 102, 49, 94,
       87, 188, 101, 160, 174, 76, 255, 83, 1, 114, 144, 245, 124, 106,
       73, 24, 249, 45, 251, 249, 5, 18, 10, 50, 0, 59, 208, 152, 159,
       244, 138, 64, 69, 183, 160, 242, 166, 88, 119, 55, 128, 123, 39,
       246, 125, 10, 121, 77, 179, 33, 147, 163, 117, 24, 32, 240, 132,
       56, 36, 103, 64, 7, 212, 27, 102, 172, 116, 164, 107, 136, 195,
       96, 159, 144, 26, 204, 98, 110, 108, 176, 205, 46, 44, 166, 5, 5,
       101, 251, 218, 132, 248, 188, 220, 114, 168, 173, 81, 215, 178,
       63, 164, 29, 55, 243, 66, 27, 9, 178, 109, 24, 58, 79, 218, 51,
       219, 203, 117, 121, 232, 192, 206, 11, 100, 103, 193, 103, 160,
       74, 71, 168, 32, 166, 171, 136, 195, 103, 201, 82, 16, 212, 108,
       106, 72, 210, 233, 10, 237, 174, 101, 53, 96, 243, 70, 96, 13,
       117, 17, 71, 117, 94, 246, 184, 121, 232, 107, 76, 254, 112, 13,
       180, 144, 76, 112, 106, 193, 240, 217, 15, 39, 254, 5, 2, 74, 51,
       75, 132, 69, 21, 144, 71, 224, 62, 102, 184, 121, 234, 107, 76,
       222, 114, 141, 247, 148, 68, 108, 106, 245, 240, 217, 110, 167,
       190, 101, 4, 74, 243, 74, 5, 93, 85, 59, 103, 48, 14, 111, 188,
       116, 234, 126, 68, 247, 119, 137, 112, 54, 116, 60, 110, 233, 144,
       125, 46, 227, 239, 37, 128, 40, 242, 1, 57, 37, 241, 49, 67, 213,
       95, 198, 168, 106, 240, 41, 72, 210, 80, 77, 180, 145, 92, 64,
       122, 81, 112, 121, 20, 45, 156, 5, 118, 216, 59, 66, 164, 93, 85,
       125, 103, 48, 78, 79, 188, 97, 232, 190, 64, 115, 119, 137, 112,
       20, 212, 92, 106, 233, 177, 121, 46, 225, 239, 37, 20, 104, 242,
       64, 57, 108, 116, 185, 99, 173, 111, 83, 152, 75, 255, 189, 24,
       215, 93, 73, 58, 153, 220, 93, 58, 27, 102, 249, 16, 207, 221, 5,
       125, 194, 251, 70, 115, 252, 164, 253, 86, 168, 105, 85, 191, 179,
       183, 165, 24, 83, 247, 76, 27, 9, 214, 237, 26, 56, 111, 235, 34,
       219, 207, 117, 61, 227, 240, 198, 98, 104, 177, 188, 254, 205,
       221, 85, 47, 219, 49, 172, 24, 190, 189, 72, 50, 201, 186, 249,
       16, 90, 106, 242, 177, 239, 219, 84, 59, 210, 88, 214, 42, 248,
       180, 190, 116, 40, 236, 81, 51, 179, 127, 166, 57, 55, 183, 66,
       27, 167, 183, 237, 0, 56, 79, 178, 3, 219, 227, 112, 57, 34, 192,
       6, 123, 219, 170, 148, 182, 169, 173, 88, 151, 179, 187, 160, 89,
       175, 251, 64, 155, 135, 247, 125, 21, 190, 75, 202, 241, 219, 218,
       93, 250, 162, 68, 131, 11, 88, 176, 255, 112, 168, 108, 85, 159,
       226, 255, 166, 8, 19, 183, 72, 59, 35, 214, 124, 24, 25, 105, 187,
       0, 219, 203, 117, 125, 226, 224, 198, 115, 230, 174, 213, 82, 202,
       169, 100, 206, 187, 183, 48, 249, 32, 226, 204, 27, 43, 203, 102,
       144, 62, 94, 206, 115, 28, 150, 245, 239, 233, 80, 194, 143, 102,
       165, 150, 158, 221, 79, 238, 232, 63, 162, 233, 10, 236, 250, 29,
       67, 249, 239, 123, 227, 104, 243, 219, 255, 189, 190, 207, 30, 81,
       123, 115, 130, 245, 71, 232, 71, 148, 62, 70, 154, 113, 175, 191,
       84, 67, 104, 159, 90, 113, 198, 108, 190, 188, 225, 237, 42, 170,
       239, 37, 21, 225, 243, 122, 68, 141, 135, 92, 123, 176, 63, 87,
       185, 119, 191, 39, 124, 211, 112, 138, 113, 151, 198, 76, 46, 254,
       244, 109, 63, 238, 207, 37, 84, 120, 249, 200, 5, 69, 103, 145,
       39, 176, 14, 110, 184, 120, 162, 107, 68, 223, 34, 217, 242, 177,
