%YAML:1.0
---
descriptors: !!opencv-matrix
   rows: 71
   cols: 32
   dt: u
   data: [ 120, 168, 253, 112, 137, 253, 89, 87, 162, 23, 164, 24, 63,
       183, 64, 59, 5, 182, 125, 28, 26, 75, 242, 33, 219, 235, 112, 121,
       226, 192, 198, 106, 132, 164, 188, 83, 140, 233, 97, 159, 214, 55,
       37, 24, 151, 177, 202, 45, 1, 26, 74, 24, 50, 124, 123, 51, 205,
       131, 117, 125, 208, 88, 197, 162, 171, 237, 224, 95, 221, 23, 230,
       238, 95, 119, 252, 30, 104, 168, 22, 181, 249, 206, 226, 207, 254,
       122, 255, 255, 63, 126, 212, 107, 247, 95, 250, 206, 140, 175,
       151, 243, 180, 74, 111, 255, 127, 179, 126, 16, 223, 227, 216,
       150, 59, 206, 110, 58, 122, 248, 201, 226, 253, 223, 119, 101,
       226, 242, 199, 160, 124, 119, 28, 102, 137, 31, 86, 252, 129, 172,
       173, 109, 66, 105, 10, 147, 220, 214, 237, 98, 76, 99, 219, 44,
       251, 193, 69, 63, 107, 123, 206, 19, 218, 188, 186, 184, 235, 252,
       61, 215, 191, 95, 86, 185, 44, 191, 98, 92, 167, 63, 253, 145,
       178, 205, 178, 242, 219, 119, 94, 203, 134, 68, 167, 127, 248,
       188, 255, 80, 171, 249, 81, 223, 243, 55, 164, 56, 59, 247, 192,
       191, 39, 178, 236, 24, 59, 111, 186, 49, 219, 219, 85, 123, 227,
       192, 198, 123, 124, 101, 108, 103, 145, 75, 86, 168, 49, 164, 239,
       137, 67, 97, 11, 16, 56, 220, 225, 98, 104, 178, 201, 46, 247,
       231, 5, 21, 99, 123, 78, 50, 240, 168, 142, 186, 140, 237, 65,
       207, 162, 19, 132, 24, 183, 243, 64, 27, 201, 178, 121, 25, 26,
       79, 218, 49, 217, 129, 252, 121, 144, 88, 210, 170, 124, 97, 72,
       39, 3, 75, 118, 168, 33, 164, 239, 137, 195, 67, 11, 144, 120,
       196, 201, 98, 76, 144, 221, 12, 230, 229, 5, 21, 99, 187, 78, 18,
       244, 112, 188, 244, 140, 108, 85, 16, 162, 178, 167, 24, 215, 49,
       73, 27, 1, 212, 109, 58, 40, 103, 219, 0, 217, 163, 117, 60, 168,
       241, 86, 34, 248, 140, 215, 124, 171, 104, 84, 167, 225, 18, 162,
       88, 127, 179, 64, 251, 163, 246, 236, 2, 61, 111, 131, 33, 211,
       251, 80, 27, 226, 240, 206, 10, 240, 168, 254, 120, 136, 237, 81,
       199, 163, 21, 160, 25, 55, 191, 68, 26, 129, 179, 125, 16, 26, 75,
       130, 49, 219, 201, 84, 123, 160, 0, 198, 42, 221, 253, 31, 239,
       188, 111, 119, 255, 173, 234, 255, 72, 255, 247, 137, 114, 183,
       247, 124, 106, 121, 251, 251, 175, 255, 255, 103, 28, 42, 243,
       199, 49, 171, 229, 166, 26, 221, 245, 246, 238, 95, 127, 252, 31,
       104, 232, 126, 181, 249, 206, 226, 21, 254, 127, 251, 247, 63, 94,
       213, 127, 211, 92, 254, 222, 222, 157, 187, 254, 179, 231, 127,
       255, 191, 207, 250, 51, 255, 255, 40, 80, 247, 247, 255, 19, 122,
       207, 57, 255, 249, 255, 63, 210, 144, 113, 165, 123, 150, 221,
       191, 190, 187, 231, 63, 231, 191, 239, 250, 51, 254, 255, 34, 65,
       247, 119, 255, 147, 114, 207, 59, 255, 249, 247, 63, 215, 144,
       113, 165, 123, 237, 121, 253, 103, 236, 31, 111, 252, 127, 234,
       189, 76, 219, 89, 219, 191, 222, 238, 126, 110, 201, 242, 249,
       184, 247, 217, 101, 52, 75, 251, 202, 241, 253, 253, 95, 231, 188,
       110, 111, 254, 41, 234, 254, 72, 255, 127, 9, 51, 189, 246, 126,
       106, 249, 179, 249, 175, 255, 255, 101, 188, 106, 251, 194, 49,
       252, 221, 127, 239, 244, 110, 127, 191, 57, 235, 254, 88, 127,
       127, 13, 112, 191, 247, 93, 106, 249, 191, 121, 239, 255, 255, 39,
       132, 234, 251, 194, 51, 111, 93, 255, 103, 244, 126, 255, 191,
       121, 234, 126, 108, 251, 125, 159, 116, 183, 246, 125, 110, 241,
       176, 121, 239, 111, 255, 39, 132, 207, 243, 211, 113, 220, 221,
       63, 254, 185, 238, 127, 255, 189, 203, 254, 58, 255, 247, 41, 112,
       247, 247, 255, 106, 121, 175, 57, 255, 251, 255, 39, 150, 162,
       243, 167, 123, 78, 253, 153, 115, 249, 204, 23, 172, 187, 60, 45,
       8, 236, 247, 73, 22, 133, 123, 233, 66, 66, 64, 250, 127, 239,
       215, 13, 59, 2, 115, 135, 115, 220, 220, 127, 239, 247, 110, 127,
       255, 61, 235, 254, 58, 127, 127, 9, 112, 183, 247, 127, 106, 241,
       191, 121, 255, 255, 255, 39, 134, 234, 243, 231, 123, 124, 113,
       26, 110, 91, 79, 23, 232, 33, 164, 173, 9, 66, 87, 11, 16, 152,
       220, 193, 98, 72, 147, 217, 12, 243, 229, 5, 55, 99, 59, 38, 146,
       242, 172, 255, 112, 170, 233, 81, 199, 187, 159, 160, 56, 51, 255,
       68, 59, 171, 243, 109, 16, 58, 111, 130, 115, 155, 218, 84, 123,
       225, 64, 198, 43, 248, 186, 222, 50, 42, 169, 80, 210, 179, 159,
       164, 189, 63, 231, 66, 27, 167, 247, 237, 16, 62, 79, 130, 49,
       218, 195, 113, 249, 226, 192, 14, 27, 1, 149, 17, 79, 212, 158,
       102, 61, 108, 8, 111, 68, 246, 83, 136, 244, 20, 12, 70, 106, 209,
       184, 89, 31, 37, 172, 37, 68, 74, 130, 235, 169, 240, 168, 158,
       186, 140, 233, 81, 223, 178, 19, 164, 24, 183, 211, 64, 27, 65,
       226, 109, 24, 58, 79, 202, 51, 217, 195, 116, 121, 128, 72, 158,
       10, 126, 247, 156, 174, 184, 7, 30, 248, 51, 188, 169, 237, 76,
       247, 75, 18, 151, 93, 237, 102, 108, 67, 155, 63, 250, 215, 109,
       191, 8, 115, 11, 19, 192, 142, 159, 92, 232, 168, 101, 55, 178,
       27, 38, 120, 182, 163, 192, 127, 33, 246, 110, 8, 51, 79, 194,
       115, 220, 162, 116, 168, 128, 192, 130, 41, 246, 172, 134, 182,
       141, 168, 68, 135, 187, 179, 130, 89, 231, 249, 81, 27, 129, 230,
       125, 17, 62, 109, 203, 162, 153, 242, 221, 123, 164, 80, 218, 10,
       129, 156, 223, 125, 162, 234, 97, 23, 118, 91, 102, 112, 243, 113,
       128, 123, 35, 118, 116, 24, 179, 252, 183, 55, 77, 171, 116, 64,
       233, 224, 192, 57, 233, 188, 188, 114, 169, 253, 84, 223, 251,
       251, 164, 24, 190, 248, 70, 187, 129, 119, 252, 16, 55, 111, 250,
       179, 219, 223, 85, 127, 202, 68, 203, 23, 253, 117, 151, 38, 137,
       15, 87, 248, 17, 174, 161, 13, 86, 123, 75, 19, 156, 197, 104,
       102, 109, 231, 217, 42, 243, 203, 69, 54, 73, 123, 66, 210, 84,
       253, 189, 182, 184, 79, 87, 184, 162, 250, 139, 77, 247, 247, 9,
       83, 149, 247, 125, 99, 105, 67, 219, 47, 249, 231, 109, 52, 160,
       115, 7, 115, 101, 99, 16, 69, 112, 14, 102, 56, 104, 168, 107, 76,
       210, 82, 141, 52, 148, 76, 68, 110, 193, 176, 217, 12, 37, 188,
       33, 4, 72, 179, 74, 133, 200, 188, 157, 118, 169, 252, 16, 150,
       251, 219, 166, 56, 190, 247, 64, 251, 133, 247, 236, 16, 59, 79,
       186, 115, 219, 251, 85, 123, 138, 64, 143, 59, 77, 119, 49, 71,
       244, 31, 231, 184, 121, 234, 126, 76, 222, 113, 159, 148, 148, 76,
       102, 110, 193, 240, 249, 110, 103, 127, 37, 4, 74, 119, 67, 213,
       228, 65, 228, 7, 100, 90, 230, 168, 113, 166, 103, 137, 195, 104,
       159, 151, 26, 196, 104, 110, 108, 244, 237, 8, 38, 107, 69, 21,
       103, 183, 94, 68, 220, 112, 159, 230, 168, 79, 87, 184, 166, 178,
       131, 8, 215, 119, 73, 27, 145, 213, 125, 98, 105, 71, 219, 0, 217,
       227, 101, 60, 32, 115, 6, 50, 253, 117, 145, 167, 203, 79, 71,
       248, 17, 238, 171, 15, 82, 117, 73, 155, 217, 196, 108, 110, 105,
       243, 217, 42, 245, 207, 69, 54, 105, 123, 66, 114, 244, 101, 141,
       101, 137, 15, 71, 169, 18, 162, 169, 9, 211, 99, 73, 19, 89, 196,
       104, 110, 104, 66, 217, 26, 233, 131, 197, 60, 112, 251, 66, 0,
       200, 190, 155, 125, 240, 172, 99, 19, 50, 11, 110, 116, 181, 163,
       192, 80, 39, 126, 32, 24, 51, 156, 176, 35, 77, 167, 52, 96, 168,
       192, 162, 185, 161, 174, 155, 89, 96, 169, 161, 66, 122, 27, 112,
       120, 178, 178, 196, 61, 137, 42, 38, 24, 51, 126, 194, 99, 12,
       186, 114, 106, 200, 64, 99, 173, 195, 178, 183, 48, 168, 237, 25,
       3, 171, 123, 177, 253, 158, 150, 68, 155, 167, 135, 253, 21, 179,
       79, 162, 80, 153, 88, 122, 250, 136, 4, 135, 113, 127, 119, 105,
       71, 58, 83, 31, 184, 119, 224, 141, 168, 209, 87, 203, 48, 23,
       221, 249, 234, 204, 66, 253, 30, 239, 77, 141, 191, 54, 183, 6,
       103, 205, 54, 176, 71, 225, 62, 114, 24, 121, 170, 55, 76, 222,
       112, 207, 190, 149, 76, 100, 122, 165, 244, 249, 106, 7, 223, 97,
