%YAML:1.0
---
descriptors: !!opencv-matrix
   rows: 182
   cols: 32
   dt: u
   data: [ 220, 48, 189, 242, 9, 109, 81, 8, 179, 63, 167, 24, 159, 151,
       72, 123, 1, 148, 109, 16, 58, 71, 251, 16, 219, 243, 81, 125, 226,
       129, 6, 98, 112, 191, 254, 112, 154, 232, 81, 215, 179, 21, 172,
       56, 55, 183, 64, 26, 3, 178, 109, 16, 58, 75, 226, 51, 219, 199,
       52, 121, 226, 128, 198, 107, 237, 184, 181, 112, 137, 237, 81,
       143, 235, 249, 166, 24, 158, 151, 64, 63, 129, 86, 120, 24, 27,
       107, 250, 48, 217, 216, 85, 126, 194, 64, 198, 58, 252, 172, 245,
       118, 152, 111, 69, 190, 178, 183, 165, 24, 115, 119, 73, 59, 1,
       246, 108, 40, 56, 111, 251, 63, 249, 235, 117, 116, 224, 240, 198,
       96, 221, 56, 151, 117, 169, 108, 69, 23, 235, 186, 162, 24, 222,
       179, 65, 254, 129, 118, 124, 24, 25, 69, 243, 0, 201, 251, 85, 26,
       138, 112, 131, 42, 217, 92, 151, 117, 169, 30, 68, 55, 228, 178,
       166, 92, 247, 49, 1, 243, 128, 100, 104, 106, 105, 253, 209, 12,
       225, 251, 69, 16, 74, 240, 74, 40, 112, 160, 24, 104, 25, 205, 80,
       72, 163, 181, 164, 8, 19, 211, 72, 16, 216, 152, 72, 120, 10, 35,
       210, 17, 219, 193, 1, 61, 112, 8, 78, 2, 120, 237, 26, 250, 217,
       200, 85, 231, 179, 21, 236, 9, 47, 187, 34, 16, 160, 187, 193, 0,
       74, 11, 146, 55, 251, 229, 20, 123, 114, 16, 174, 138, 104, 184,
       177, 120, 237, 205, 81, 79, 203, 115, 164, 24, 190, 151, 96, 62,
       201, 178, 74, 24, 27, 111, 242, 177, 219, 216, 85, 122, 210, 8,
       198, 122, 248, 184, 255, 112, 11, 237, 81, 87, 163, 87, 164, 24,
       63, 151, 64, 26, 163, 179, 125, 16, 59, 79, 178, 51, 219, 203,
       112, 121, 224, 64, 198, 122, 125, 69, 125, 103, 176, 10, 79, 184,
       100, 160, 171, 0, 215, 115, 9, 115, 50, 212, 124, 106, 105, 161,
       121, 44, 225, 235, 101, 20, 96, 243, 64, 32, 69, 113, 153, 101, 1,
       78, 67, 8, 97, 224, 167, 8, 214, 23, 73, 50, 144, 84, 72, 106, 73,
       112, 241, 8, 197, 249, 5, 52, 72, 51, 66, 50, 244, 249, 63, 242,
       8, 205, 17, 192, 166, 188, 161, 25, 150, 221, 104, 27, 136, 177,
       109, 83, 106, 103, 218, 53, 217, 208, 77, 127, 64, 25, 7, 114, 69,
       244, 157, 67, 164, 111, 167, 136, 122, 251, 39, 60, 214, 112, 201,
       43, 145, 86, 120, 122, 177, 112, 249, 34, 237, 158, 101, 118, 200,
       123, 195, 51, 80, 217, 63, 190, 24, 197, 151, 236, 150, 68, 200,
       1, 247, 255, 32, 65, 196, 243, 121, 195, 106, 11, 58, 61, 241,
       227, 218, 25, 16, 26, 37, 122, 112, 174, 126, 120, 186, 233, 81,
       87, 163, 21, 164, 56, 51, 151, 66, 18, 15, 178, 237, 16, 26, 107,
       194, 21, 219, 195, 52, 121, 225, 128, 198, 43, 1, 117, 49, 71,
       117, 78, 102, 184, 109, 232, 107, 72, 222, 81, 13, 180, 144, 92,
       80, 106, 193, 176, 121, 78, 37, 188, 5, 2, 74, 51, 75, 185, 216,
       168, 191, 240, 138, 224, 81, 23, 163, 23, 134, 57, 55, 215, 64,
       91, 35, 183, 109, 144, 26, 79, 178, 17, 217, 227, 112, 121, 160,
       192, 164, 106, 208, 24, 159, 116, 42, 108, 65, 55, 176, 155, 166,
       24, 247, 183, 64, 123, 7, 246, 108, 8, 57, 79, 179, 0, 217, 227,
       116, 24, 160, 224, 166, 59, 20, 220, 57, 231, 176, 15, 79, 188,
       52, 170, 127, 100, 247, 119, 136, 112, 23, 95, 29, 106, 249, 184,
       121, 63, 233, 239, 39, 196, 168, 243, 129, 57, 248, 180, 188, 250,
       141, 237, 85, 15, 207, 63, 165, 24, 191, 221, 72, 51, 137, 146,
       253, 16, 58, 107, 250, 145, 203, 219, 84, 123, 82, 72, 198, 42,
       232, 252, 188, 254, 141, 253, 85, 167, 207, 83, 164, 24, 190, 189,
       64, 123, 201, 178, 249, 0, 42, 111, 242, 177, 251, 251, 84, 123,
       210, 88, 198, 42, 120, 184, 255, 112, 169, 237, 81, 215, 163, 191,
       164, 24, 59, 191, 64, 59, 161, 183, 237, 16, 58, 111, 178, 49,
       219, 203, 117, 121, 227, 192, 198, 107, 20, 237, 155, 127, 148,
       230, 71, 254, 118, 130, 234, 64, 115, 243, 33, 112, 89, 254, 44,
       74, 121, 184, 89, 47, 233, 239, 165, 0, 224, 251, 228, 42, 124,
       237, 61, 110, 152, 78, 71, 188, 224, 172, 168, 8, 247, 117, 9, 50,
       17, 246, 108, 106, 104, 35, 249, 47, 249, 231, 37, 56, 96, 115,
       198, 40, 69, 245, 149, 71, 160, 46, 102, 152, 122, 186, 43, 68,
       222, 114, 201, 122, 151, 69, 108, 126, 177, 208, 217, 66, 172,
       190, 103, 100, 200, 115, 131, 37, 197, 245, 157, 103, 153, 79, 23,
       168, 122, 248, 43, 8, 214, 115, 73, 51, 145, 84, 104, 106, 99, 96,
       251, 63, 237, 186, 69, 54, 72, 115, 67, 51, 0, 136, 157, 251, 136,
       237, 17, 135, 158, 23, 96, 24, 182, 243, 64, 91, 129, 122, 104,
       24, 18, 76, 218, 49, 205, 162, 80, 120, 144, 72, 135, 170, 104,
       237, 25, 123, 153, 205, 87, 172, 122, 115, 44, 8, 246, 117, 72,
       48, 129, 90, 104, 66, 107, 104, 251, 63, 237, 159, 21, 59, 64, 83,
       198, 170, 217, 104, 151, 116, 41, 60, 84, 39, 233, 178, 166, 24,
       254, 179, 65, 255, 161, 102, 108, 10, 109, 101, 147, 0, 147, 251,
       85, 26, 74, 112, 75, 14, 216, 184, 151, 244, 171, 236, 81, 23,
       171, 27, 166, 24, 191, 183, 64, 251, 163, 247, 125, 24, 59, 79,
       178, 33, 219, 251, 80, 90, 162, 64, 167, 43, 248, 188, 243, 240,
       139, 233, 81, 71, 163, 87, 172, 56, 63, 183, 64, 30, 163, 179,
       221, 16, 59, 79, 178, 179, 219, 209, 80, 123, 226, 64, 134, 123,
       84, 209, 63, 190, 25, 197, 23, 232, 134, 85, 193, 9, 247, 247, 41,
       64, 216, 243, 121, 227, 75, 3, 91, 61, 241, 163, 202, 56, 16, 59,
       37, 122, 97, 184, 177, 80, 233, 253, 65, 143, 235, 249, 160, 24,
       190, 145, 68, 62, 129, 50, 120, 24, 19, 107, 250, 113, 159, 216,
       85, 126, 202, 64, 194, 46, 228, 96, 185, 225, 172, 110, 77, 138,
       114, 179, 162, 24, 215, 59, 89, 59, 153, 221, 121, 186, 56, 118,
       217, 2, 205, 155, 215, 116, 192, 249, 214, 34, 161, 188, 57, 89,
       93, 237, 227, 206, 94, 65, 224, 24, 178, 216, 116, 32, 217, 42,
       82, 24, 163, 47, 114, 63, 45, 156, 18, 122, 216, 8, 82, 190, 237,
       116, 189, 103, 160, 110, 125, 183, 121, 255, 47, 24, 215, 63, 91,
       123, 151, 214, 125, 62, 185, 244, 249, 10, 239, 251, 117, 20, 128,
       240, 198, 121, 69, 61, 152, 103, 241, 15, 118, 184, 107, 232, 47,
       12, 222, 113, 73, 48, 146, 68, 108, 106, 65, 112, 217, 44, 239,
       221, 5, 54, 72, 115, 67, 19, 108, 165, 177, 99, 233, 111, 87, 136,
       123, 186, 45, 8, 214, 117, 73, 62, 145, 94, 104, 122, 51, 112,
       233, 50, 239, 222, 69, 118, 194, 123, 198, 35, 5, 117, 16, 69,
       117, 30, 230, 184, 125, 168, 122, 76, 222, 80, 29, 180, 148, 76,
       70, 106, 193, 176, 89, 78, 37, 188, 37, 4, 74, 187, 75, 133, 112,
       170, 186, 248, 170, 232, 89, 23, 163, 23, 164, 185, 55, 135, 66,
       90, 35, 183, 109, 144, 26, 79, 130, 17, 219, 225, 112, 121, 160,
       192, 38, 123, 77, 87, 148, 71, 160, 30, 102, 56, 121, 170, 107,
       76, 211, 114, 141, 247, 148, 68, 108, 110, 229, 240, 217, 46, 164,
       190, 101, 4, 74, 243, 74, 5, 88, 152, 191, 244, 138, 96, 81, 23,
       162, 151, 166, 56, 119, 183, 64, 91, 39, 247, 109, 128, 24, 79,
       179, 33, 217, 227, 116, 89, 160, 224, 166, 107, 85, 85, 125, 103,
       48, 78, 111, 56, 117, 232, 127, 68, 211, 119, 137, 112, 54, 84,
       92, 106, 233, 176, 121, 46, 229, 239, 37, 132, 104, 179, 66, 49,
       36, 241, 17, 67, 209, 79, 199, 168, 106, 240, 41, 8, 210, 85, 77,
       52, 145, 92, 64, 122, 65, 112, 249, 28, 45, 156, 5, 116, 72, 59,
       70, 160, 232, 170, 214, 80, 237, 173, 72, 215, 187, 155, 160, 93,
       43, 171, 84, 155, 169, 162, 109, 24, 62, 79, 146, 241, 91, 219,
       85, 123, 202, 192, 202, 10, 108, 112, 189, 99, 44, 111, 83, 152,
       98, 254, 165, 24, 215, 31, 73, 58, 145, 212, 125, 122, 11, 116,
       249, 16, 207, 207, 101, 116, 192, 251, 70, 114, 124, 176, 189,
       115, 173, 109, 81, 153, 111, 121, 165, 24, 223, 125, 72, 59, 145,
       146, 109, 48, 26, 98, 251, 17, 203, 219, 81, 125, 208, 74, 198,
       34, 244, 180, 221, 118, 136, 110, 85, 154, 178, 187, 167, 24, 87,
