%YAML:1.0
---
descriptors: !!opencv-matrix
   rows: 200
   cols: 32
   dt: u
   data: [ 112, 160, 24, 104, 12, 201, 80, 11, 226, 180, 160, 9, 179,
       147, 64, 26, 201, 132, 104, 16, 26, 107, 210, 17, 219, 193, 1,
       125, 80, 0, 74, 2, 88, 173, 31, 241, 48, 202, 81, 39, 180, 5, 138,
       17, 183, 23, 0, 81, 224, 182, 77, 128, 56, 139, 97, 47, 249, 231,
       186, 81, 32, 128, 166, 42, 108, 229, 189, 67, 201, 77, 87, 136,
       115, 183, 173, 24, 210, 117, 77, 59, 153, 82, 96, 122, 122, 98,
       251, 50, 111, 159, 69, 125, 210, 115, 198, 226, 217, 170, 190, 50,
       168, 188, 88, 215, 179, 123, 164, 217, 191, 247, 66, 59, 167, 247,
       253, 156, 190, 79, 130, 33, 219, 235, 117, 249, 162, 196, 138, 75,
       252, 164, 253, 86, 136, 109, 69, 190, 179, 190, 165, 24, 83, 119,
       73, 27, 1, 214, 236, 42, 120, 103, 250, 32, 251, 203, 117, 60,
       227, 241, 198, 34, 248, 184, 253, 114, 136, 252, 81, 211, 163,
       215, 164, 24, 51, 247, 66, 59, 35, 182, 108, 24, 58, 111, 186, 1,
       219, 203, 117, 121, 226, 192, 198, 122, 224, 180, 156, 218, 220,
       237, 5, 175, 250, 59, 160, 24, 182, 243, 72, 123, 129, 90, 106,
       24, 51, 111, 218, 51, 253, 178, 84, 124, 216, 72, 195, 170, 117,
       69, 93, 103, 146, 78, 71, 184, 101, 160, 171, 72, 83, 115, 25,
       115, 50, 212, 108, 106, 73, 176, 121, 44, 245, 235, 37, 20, 96,
       243, 192, 32, 224, 137, 29, 251, 216, 237, 49, 174, 142, 17, 32,
       24, 182, 211, 64, 91, 129, 122, 106, 24, 50, 72, 218, 53, 205,
       162, 114, 120, 144, 9, 135, 170, 221, 89, 149, 117, 169, 14, 68,
       53, 228, 178, 166, 76, 247, 49, 65, 243, 0, 100, 104, 106, 105,
       229, 211, 8, 233, 251, 101, 16, 74, 176, 192, 40, 96, 184, 185,
       123, 137, 205, 81, 143, 171, 121, 164, 24, 182, 215, 72, 60, 129,
       26, 104, 24, 27, 106, 251, 49, 207, 152, 21, 126, 194, 0, 198, 58,
       248, 184, 223, 112, 168, 233, 81, 87, 162, 159, 164, 57, 55, 183,
       64, 27, 1, 182, 109, 16, 58, 79, 130, 0, 217, 227, 116, 120, 224,
       192, 198, 59, 248, 184, 121, 240, 45, 205, 81, 79, 131, 53, 164,
       24, 63, 157, 64, 26, 137, 179, 85, 16, 26, 107, 242, 49, 219, 217,
       17, 123, 115, 8, 198, 122, 161, 125, 97, 73, 84, 199, 71, 124, 80,
       224, 112, 88, 51, 81, 176, 53, 88, 200, 22, 126, 233, 182, 124,
       62, 37, 136, 165, 96, 123, 138, 82, 184, 88, 186, 191, 112, 170,
       236, 17, 23, 171, 127, 54, 60, 190, 183, 194, 90, 135, 55, 109,
       16, 146, 77, 163, 1, 219, 243, 112, 250, 194, 192, 135, 123, 248,
       32, 249, 100, 40, 75, 81, 24, 98, 180, 164, 40, 23, 21, 65, 59,
       24, 148, 108, 40, 40, 103, 227, 24, 219, 201, 49, 61, 112, 168,
       70, 43, 24, 57, 115, 73, 83, 214, 113, 83, 105, 72, 116, 0, 56,
       23, 4, 52, 38, 57, 213, 72, 193, 184, 176, 205, 87, 237, 32, 2,
       99, 0, 103, 251, 120, 176, 253, 114, 136, 236, 81, 219, 163, 31,
       165, 40, 59, 247, 72, 59, 33, 182, 237, 24, 26, 107, 186, 49, 219,
       235, 116, 121, 226, 192, 198, 123, 252, 102, 204, 39, 168, 42, 86,
       136, 50, 182, 167, 153, 199, 99, 75, 91, 51, 196, 108, 126, 60,
       71, 205, 2, 218, 227, 101, 53, 160, 243, 202, 2, 224, 188, 157,
       90, 232, 173, 1, 207, 250, 59, 160, 24, 150, 243, 72, 27, 129, 18,
       106, 16, 51, 111, 218, 115, 221, 146, 85, 126, 216, 72, 131, 42,
       216, 58, 157, 118, 171, 44, 84, 55, 163, 155, 183, 120, 255, 247,
       65, 219, 167, 247, 237, 8, 56, 79, 138, 32, 211, 235, 117, 184,
       226, 240, 134, 35, 85, 77, 93, 103, 148, 78, 103, 184, 100, 160,
       171, 72, 83, 113, 9, 112, 48, 196, 108, 106, 105, 177, 121, 46,
       245, 175, 37, 20, 97, 243, 192, 32, 213, 42, 149, 112, 168, 44,
       68, 159, 187, 187, 160, 88, 134, 243, 65, 31, 133, 247, 108, 20,
       58, 69, 202, 98, 153, 210, 117, 126, 192, 113, 131, 33, 216, 132,
       94, 244, 136, 106, 76, 166, 160, 178, 166, 25, 215, 35, 0, 219,
       35, 246, 108, 42, 120, 77, 131, 44, 211, 227, 117, 17, 32, 240,
       142, 10, 116, 115, 136, 38, 153, 31, 22, 104, 66, 232, 169, 109,
       70, 112, 75, 146, 184, 205, 236, 115, 77, 115, 217, 10, 185, 197,
       37, 55, 73, 127, 14, 151, 120, 172, 252, 120, 137, 237, 85, 255,
       178, 23, 172, 24, 51, 245, 64, 27, 137, 178, 236, 16, 42, 111,
       242, 49, 219, 203, 117, 121, 227, 192, 70, 42, 229, 177, 209, 65,
       212, 15, 71, 157, 115, 225, 104, 72, 82, 113, 201, 180, 24, 206,
       66, 120, 155, 50, 249, 23, 61, 140, 5, 124, 235, 170, 194, 160,
       88, 24, 147, 244, 41, 108, 85, 22, 161, 219, 166, 24, 191, 183,
       65, 122, 162, 247, 125, 8, 9, 79, 178, 0, 209, 251, 84, 26, 162,
       112, 7, 43, 120, 184, 251, 112, 171, 232, 81, 83, 163, 85, 164,
       57, 63, 159, 64, 26, 163, 179, 93, 16, 26, 79, 178, 0, 219, 201,
       48, 121, 226, 128, 38, 123, 101, 176, 49, 80, 233, 205, 81, 143,
       123, 57, 32, 24, 150, 151, 76, 60, 129, 26, 120, 24, 19, 106, 250,
       83, 159, 156, 21, 126, 192, 0, 198, 42, 248, 176, 121, 112, 11,
       201, 81, 71, 163, 53, 164, 57, 63, 159, 64, 26, 171, 179, 213, 16,
       26, 107, 178, 17, 219, 201, 16, 123, 227, 0, 198, 123, 109, 53,
       185, 126, 221, 253, 83, 88, 219, 254, 173, 12, 82, 253, 79, 50,
       157, 244, 224, 122, 157, 99, 250, 58, 91, 223, 65, 63, 218, 107,
       70, 243, 216, 186, 158, 178, 170, 168, 81, 23, 162, 151, 128, 185,
       55, 167, 66, 27, 167, 247, 237, 16, 58, 79, 130, 33, 216, 227,
       116, 121, 160, 64, 143, 91, 33, 113, 49, 67, 112, 94, 99, 24, 120,
       232, 99, 72, 214, 20, 140, 180, 148, 28, 80, 106, 193, 176, 249,
       14, 37, 156, 32, 70, 66, 3, 71, 245, 221, 20, 151, 246, 173, 108,
       81, 3, 255, 219, 163, 24, 222, 177, 73, 255, 129, 150, 124, 24,
       57, 101, 211, 130, 155, 250, 80, 94, 202, 109, 80, 38, 108, 245,
       177, 67, 237, 95, 71, 136, 123, 184, 41, 8, 222, 117, 77, 190,
       145, 92, 96, 122, 99, 112, 249, 50, 47, 222, 5, 118, 194, 123, 70,
       34, 40, 41, 243, 116, 117, 217, 112, 97, 225, 128, 124, 8, 43,
       217, 164, 182, 152, 252, 196, 88, 72, 185, 160, 136, 51, 249, 0,
       17, 99, 162, 70, 174, 120, 177, 245, 114, 169, 205, 81, 221, 163,
       149, 165, 41, 63, 255, 72, 27, 174, 151, 237, 80, 26, 107, 154,
       49, 219, 209, 85, 123, 227, 130, 134, 51, 96, 188, 157, 218, 232,
       237, 161, 207, 238, 59, 168, 72, 182, 243, 64, 58, 129, 19, 106,
       16, 19, 107, 218, 113, 221, 150, 85, 126, 216, 72, 131, 170, 92,
       34, 151, 246, 171, 44, 80, 151, 171, 155, 163, 120, 207, 243, 73,
       219, 167, 247, 109, 16, 56, 79, 138, 32, 155, 251, 117, 186, 162,
       112, 131, 3, 69, 253, 157, 103, 185, 79, 23, 188, 122, 234, 35,
       72, 214, 112, 73, 51, 145, 86, 120, 106, 97, 112, 249, 42, 237,
       191, 69, 54, 200, 115, 195, 43, 4, 50, 115, 69, 114, 122, 163, 16,
       104, 140, 127, 104, 114, 87, 133, 52, 54, 124, 68, 106, 129, 176,
       161, 76, 71, 172, 32, 128, 67, 163, 70, 161, 229, 244, 189, 115,
       137, 111, 23, 174, 122, 51, 33, 24, 214, 119, 72, 59, 145, 86,
       104, 114, 51, 100, 251, 51, 237, 154, 85, 118, 192, 81, 198, 34,
       229, 112, 211, 86, 65, 31, 102, 80, 121, 130, 103, 72, 90, 209,
       253, 189, 60, 236, 50, 106, 225, 246, 154, 104, 23, 218, 69, 10,
       75, 243, 106, 164, 229, 184, 17, 80, 225, 205, 97, 199, 123, 185,
       32, 24, 150, 145, 68, 56, 129, 26, 84, 24, 19, 122, 250, 80, 157,
       152, 53, 126, 192, 0, 198, 171, 32, 189, 56, 122, 189, 205, 19,
       141, 155, 125, 173, 25, 246, 221, 78, 48, 137, 27, 91, 83, 62,
       106, 250, 55, 235, 221, 21, 127, 208, 11, 214, 90, 124, 241, 241,
       98, 11, 205, 82, 220, 163, 176, 161, 72, 31, 223, 72, 50, 142,
       145, 237, 80, 75, 43, 218, 49, 219, 209, 5, 127, 99, 130, 70, 51,
       211, 170, 134, 49, 137, 189, 73, 23, 239, 95, 130, 85, 239, 128,
       18, 223, 165, 39, 108, 29, 190, 205, 51, 129, 136, 242, 90, 82,
       136, 68, 131, 77, 193, 185, 157, 122, 248, 205, 33, 217, 190, 49,
       32, 88, 182, 243, 64, 50, 130, 26, 106, 88, 19, 107, 218, 49, 221,
