%YAML:1.0
---
descriptors: !!opencv-matrix
   rows: 259
   cols: 32
   dt: u
   data: [ 125, 223, 121, 231, 180, 78, 79, 188, 116, 234, 255, 100, 215,
       119, 137, 112, 86, 212, 28, 106, 233, 176, 121, 46, 227, 239, 37,
       148, 40, 243, 192, 49, 21, 252, 251, 255, 180, 46, 111, 191, 54,
       234, 219, 116, 247, 119, 137, 112, 119, 255, 29, 170, 249, 156,
       249, 63, 236, 175, 63, 132, 172, 251, 161, 249, 236, 112, 189, 99,
       41, 125, 83, 152, 123, 255, 165, 24, 223, 85, 73, 59, 145, 84,
       252, 122, 43, 102, 251, 18, 207, 219, 97, 125, 194, 251, 70, 115,
       197, 188, 251, 255, 236, 235, 255, 254, 62, 243, 251, 154, 245,
       255, 200, 121, 127, 255, 127, 154, 187, 255, 255, 119, 253, 175,
       255, 204, 229, 249, 225, 177, 252, 188, 253, 118, 184, 110, 69,
       191, 179, 191, 165, 24, 115, 119, 73, 27, 5, 214, 108, 58, 56,
       111, 251, 46, 251, 235, 117, 124, 224, 240, 198, 98, 134, 236,
       254, 255, 252, 235, 255, 255, 191, 191, 247, 26, 255, 239, 95, 75,
       127, 239, 127, 147, 250, 247, 235, 251, 255, 223, 255, 137, 245,
       249, 229, 67, 150, 236, 255, 255, 238, 235, 255, 254, 190, 247,
       254, 26, 255, 255, 217, 123, 127, 255, 127, 155, 186, 255, 235,
       251, 255, 191, 255, 244, 133, 249, 229, 240, 134, 236, 254, 223,
       252, 191, 254, 255, 191, 191, 255, 27, 238, 250, 126, 75, 255,
       239, 255, 131, 254, 247, 203, 251, 254, 255, 223, 167, 149, 249,
       233, 139, 254, 252, 246, 255, 253, 63, 254, 252, 63, 186, 251, 58,
       239, 255, 93, 207, 255, 223, 255, 179, 242, 247, 203, 251, 190,
       255, 207, 166, 151, 255, 227, 135, 106, 189, 188, 252, 221, 221,
       85, 231, 223, 23, 172, 25, 174, 189, 38, 80, 201, 58, 251, 0, 122,
       111, 242, 183, 235, 255, 84, 59, 82, 88, 214, 74, 224, 184, 156,
       218, 200, 237, 17, 143, 218, 19, 164, 24, 182, 243, 72, 91, 129,
       18, 106, 16, 51, 111, 218, 51, 205, 179, 84, 121, 208, 72, 199,
       42, 117, 77, 93, 103, 188, 14, 71, 188, 232, 160, 170, 8, 215, 51,
       1, 115, 2, 212, 108, 106, 105, 161, 121, 44, 225, 235, 101, 16,
       96, 243, 67, 32, 244, 92, 191, 116, 40, 76, 85, 48, 160, 154, 182,
       56, 87, 119, 1, 123, 134, 245, 125, 42, 104, 101, 195, 8, 211,
       235, 100, 144, 96, 241, 70, 35, 174, 125, 190, 252, 157, 215, 223,
       230, 255, 198, 238, 9, 174, 255, 55, 1, 201, 247, 251, 195, 108,
       235, 178, 254, 251, 255, 207, 27, 64, 121, 102, 210, 253, 244,
       188, 255, 173, 127, 87, 188, 127, 187, 189, 24, 223, 253, 93, 59,
       223, 215, 125, 122, 185, 103, 251, 186, 255, 223, 117, 254, 202,
       251, 210, 3, 238, 125, 191, 238, 221, 79, 255, 248, 191, 230, 239,
       11, 94, 255, 61, 115, 249, 253, 123, 227, 104, 243, 187, 254, 255,
       255, 207, 61, 147, 123, 245, 210, 69, 241, 144, 3, 153, 12, 102,
       188, 106, 249, 43, 76, 254, 112, 76, 182, 145, 70, 104, 94, 199,
       96, 219, 117, 173, 188, 5, 100, 72, 19, 75, 13, 213, 79, 93, 101,
       180, 46, 79, 184, 116, 170, 122, 68, 211, 33, 145, 112, 23, 196,
       108, 110, 233, 180, 77, 46, 236, 238, 37, 132, 232, 243, 66, 33,
       166, 229, 212, 159, 221, 47, 238, 236, 63, 178, 251, 26, 206, 106,
       29, 83, 251, 207, 127, 227, 120, 247, 217, 254, 189, 186, 207, 60,
       213, 123, 210, 130, 245, 113, 157, 102, 160, 78, 71, 184, 97, 234,
       163, 76, 83, 113, 201, 51, 16, 196, 124, 106, 201, 226, 217, 40,
       227, 249, 101, 20, 72, 243, 194, 49, 28, 181, 187, 114, 155, 237,
       17, 207, 243, 21, 173, 24, 30, 247, 72, 56, 161, 155, 192, 16, 27,
       107, 186, 115, 219, 213, 21, 111, 194, 65, 167, 162, 221, 144,
       189, 247, 172, 108, 89, 155, 170, 251, 151, 56, 223, 255, 72, 123,
       199, 87, 125, 16, 187, 69, 251, 144, 203, 251, 127, 252, 130, 193,
       131, 115, 216, 184, 189, 248, 169, 237, 89, 223, 187, 91, 180, 24,
       191, 215, 64, 59, 133, 147, 253, 24, 59, 79, 242, 51, 219, 251,
       116, 250, 234, 192, 135, 123, 248, 188, 190, 120, 169, 253, 81,
       215, 255, 123, 180, 24, 191, 255, 66, 123, 133, 179, 253, 16, 59,
       111, 242, 179, 219, 219, 85, 123, 202, 200, 206, 123, 232, 252,
       188, 115, 173, 125, 85, 191, 123, 59, 188, 24, 191, 61, 72, 59,
       129, 18, 236, 24, 122, 126, 251, 51, 239, 219, 116, 117, 194, 88,
       198, 43, 236, 52, 188, 97, 161, 111, 117, 27, 123, 191, 63, 24,
       223, 55, 72, 59, 149, 150, 125, 56, 187, 244, 249, 2, 207, 223,
       117, 116, 194, 192, 198, 51, 84, 173, 250, 255, 174, 169, 255,
       255, 62, 171, 251, 2, 247, 234, 88, 72, 255, 239, 127, 147, 146,
       255, 207, 119, 252, 175, 191, 200, 132, 251, 161, 137, 220, 93,
       63, 239, 180, 14, 95, 184, 52, 232, 246, 32, 247, 87, 137, 81,
       118, 245, 93, 110, 232, 145, 105, 63, 226, 233, 39, 144, 36, 179,
       1, 121, 204, 84, 189, 231, 32, 110, 127, 152, 57, 238, 118, 16,
       223, 119, 137, 123, 247, 212, 125, 106, 169, 212, 249, 42, 199,
       251, 97, 132, 128, 241, 71, 115, 232, 252, 189, 123, 169, 253, 21,
       190, 159, 127, 36, 24, 190, 189, 70, 59, 129, 122, 249, 16, 98,
       110, 250, 51, 239, 211, 84, 123, 210, 88, 198, 251, 204, 181, 189,
       113, 161, 110, 49, 27, 59, 255, 39, 24, 222, 55, 72, 59, 135, 23,
       253, 48, 179, 80, 249, 66, 207, 219, 117, 230, 194, 96, 135, 115,
       204, 60, 187, 119, 168, 108, 81, 16, 187, 255, 167, 124, 223, 247,
       73, 59, 135, 85, 252, 18, 57, 69, 251, 66, 201, 243, 113, 182,
       130, 225, 7, 115, 232, 172, 156, 58, 137, 237, 16, 143, 187, 55,
       160, 25, 174, 179, 66, 155, 129, 19, 233, 16, 58, 111, 218, 51,
       203, 211, 85, 123, 208, 64, 142, 10, 248, 168, 250, 114, 138, 233,
       81, 87, 179, 23, 164, 185, 55, 215, 66, 27, 35, 186, 109, 24, 58,
       79, 130, 51, 219, 195, 112, 121, 224, 192, 134, 106, 204, 188,
       157, 117, 169, 108, 53, 183, 187, 255, 46, 56, 190, 55, 72, 91,
       131, 87, 237, 16, 51, 72, 243, 99, 207, 247, 119, 247, 130, 80,
       135, 123, 45, 113, 48, 69, 85, 31, 98, 56, 104, 168, 107, 76, 214,
       80, 31, 180, 144, 76, 64, 110, 197, 176, 89, 12, 37, 188, 1, 4,
       74, 51, 75, 133, 100, 48, 56, 97, 32, 13, 83, 24, 98, 172, 37, 8,
       215, 19, 72, 18, 16, 84, 68, 106, 8, 112, 217, 16, 207, 137, 37,
       52, 64, 163, 70, 35, 252, 136, 204, 182, 138, 104, 85, 191, 162,
       183, 134, 185, 119, 167, 66, 91, 3, 214, 109, 128, 56, 79, 203,
       32, 217, 227, 245, 61, 160, 240, 134, 74, 248, 184, 158, 114, 136,
       173, 80, 215, 179, 191, 164, 29, 55, 243, 66, 27, 129, 226, 237,
       16, 62, 111, 218, 51, 219, 195, 117, 121, 232, 192, 202, 10, 205,
       117, 21, 71, 177, 111, 119, 184, 121, 234, 107, 8, 222, 115, 9,
       49, 145, 92, 120, 106, 225, 240, 249, 46, 239, 255, 5, 6, 202,
       115, 67, 50, 125, 117, 125, 103, 164, 78, 79, 184, 97, 232, 191,
       76, 211, 119, 137, 51, 22, 212, 124, 106, 201, 242, 249, 44, 243,
       233, 101, 20, 105, 243, 66, 113, 157, 221, 91, 231, 180, 111, 79,
       189, 52, 234, 127, 96, 215, 119, 137, 112, 55, 254, 29, 106, 249,
       144, 121, 46, 233, 239, 37, 132, 40, 243, 192, 49, 93, 93, 121,
       103, 176, 78, 79, 188, 97, 234, 191, 76, 215, 119, 137, 112, 22,
       212, 92, 106, 233, 145, 249, 46, 225, 239, 101, 148, 104, 243,
       194, 113, 133, 252, 249, 255, 180, 107, 239, 191, 54, 235, 127,
       16, 215, 247, 216, 105, 127, 127, 63, 170, 179, 212, 249, 63, 237,
       239, 191, 132, 164, 241, 225, 177, 236, 52, 189, 99, 173, 125, 83,
       152, 91, 255, 165, 24, 222, 93, 75, 59, 153, 80, 253, 58, 59, 102,
       251, 18, 207, 219, 65, 127, 210, 107, 70, 114, 132, 236, 255, 255,
       236, 235, 255, 254, 190, 183, 254, 154, 247, 255, 89, 91, 255,
       255, 127, 155, 186, 255, 235, 123, 253, 139, 255, 204, 133, 249,
       229, 233, 237, 112, 189, 103, 44, 78, 87, 152, 97, 250, 183, 8,
       215, 85, 73, 59, 148, 212, 124, 122, 201, 102, 249, 32, 211, 217,
       101, 52, 224, 179, 70, 115, 252, 188, 252, 118, 169, 109, 85, 191,
