%YAML:1.0
---
descriptors: !!opencv-matrix
   rows: 215
   cols: 32
   dt: u
   data: [ 112, 170, 217, 114, 136, 201, 65, 223, 162, 183, 164, 24, 23,
       247, 64, 26, 1, 210, 109, 24, 26, 107, 234, 48, 219, 193, 53, 120,
       224, 192, 198, 106, 84, 177, 185, 98, 169, 108, 23, 141, 170, 117,
       169, 25, 151, 255, 72, 50, 133, 223, 253, 81, 26, 67, 250, 33,
       219, 245, 29, 127, 224, 82, 135, 115, 197, 92, 157, 119, 169, 110,
       103, 184, 120, 250, 35, 88, 214, 115, 9, 123, 181, 116, 120, 106,
       97, 244, 185, 42, 197, 255, 69, 4, 200, 115, 67, 49, 76, 101, 120,
       103, 50, 27, 127, 184, 57, 160, 127, 168, 223, 87, 137, 16, 22,
       93, 221, 110, 64, 208, 233, 78, 231, 221, 37, 133, 98, 183, 7,
       161, 244, 249, 211, 102, 210, 79, 71, 180, 226, 224, 162, 8, 119,
       247, 65, 50, 50, 244, 124, 122, 89, 107, 184, 44, 251, 169, 37,
       124, 224, 179, 70, 43, 36, 117, 57, 103, 29, 79, 71, 172, 125,
       232, 107, 8, 246, 117, 9, 48, 152, 92, 88, 106, 105, 176, 249, 62,
       229, 253, 5, 48, 64, 123, 70, 98, 108, 65, 57, 103, 85, 79, 71,
       168, 84, 228, 239, 8, 210, 85, 25, 48, 216, 220, 90, 106, 73, 178,
       121, 12, 229, 189, 133, 52, 64, 59, 86, 98, 69, 117, 17, 71, 113,
       14, 102, 184, 121, 136, 107, 76, 222, 49, 13, 176, 144, 92, 80,
       106, 225, 240, 217, 78, 37, 188, 5, 6, 72, 51, 67, 161, 9, 113,
       51, 69, 114, 79, 187, 48, 105, 104, 118, 76, 190, 21, 148, 180,
       182, 61, 84, 108, 193, 176, 49, 76, 7, 184, 32, 128, 74, 130, 3,
       249, 252, 44, 220, 118, 137, 105, 85, 219, 179, 183, 165, 25, 87,
       243, 75, 27, 1, 214, 237, 16, 58, 79, 218, 34, 219, 195, 117, 61,
       226, 240, 206, 34, 85, 69, 93, 103, 22, 78, 103, 184, 100, 160,
       107, 64, 211, 113, 25, 112, 50, 212, 92, 106, 105, 176, 93, 46,
       231, 174, 37, 20, 97, 179, 64, 32, 69, 245, 157, 103, 145, 14,
       103, 188, 122, 250, 43, 76, 214, 113, 73, 50, 145, 68, 104, 126,
       225, 240, 249, 46, 237, 191, 69, 22, 200, 115, 195, 33, 112, 160,
       28, 48, 8, 201, 64, 11, 162, 181, 160, 9, 183, 147, 64, 26, 201,
       134, 104, 16, 10, 111, 195, 17, 217, 129, 49, 125, 64, 8, 70, 10,
       69, 176, 153, 81, 169, 205, 97, 143, 235, 121, 35, 24, 150, 151,
       72, 122, 129, 30, 120, 24, 19, 120, 251, 80, 141, 184, 21, 118,
       192, 0, 195, 34, 116, 117, 253, 103, 232, 78, 71, 184, 33, 174,
       175, 8, 83, 119, 201, 19, 25, 212, 101, 106, 72, 82, 249, 42, 233,
       175, 101, 52, 226, 243, 70, 98, 228, 36, 156, 231, 140, 46, 70,
       136, 114, 178, 161, 24, 215, 115, 73, 27, 145, 196, 104, 58, 58,
       102, 219, 2, 137, 211, 69, 60, 128, 115, 74, 2, 112, 161, 185,
       100, 24, 78, 67, 40, 98, 164, 175, 8, 215, 115, 64, 18, 48, 196,
       108, 40, 8, 114, 217, 12, 249, 239, 37, 52, 96, 162, 70, 42, 100,
       117, 249, 71, 232, 74, 71, 184, 51, 174, 191, 40, 211, 119, 201,
       22, 25, 212, 100, 106, 72, 114, 233, 42, 111, 190, 101, 52, 194,
       243, 198, 99, 77, 53, 17, 99, 177, 110, 119, 184, 127, 234, 107,
       24, 222, 119, 73, 112, 145, 95, 120, 58, 49, 240, 249, 14, 237,
       223, 5, 6, 202, 115, 195, 51, 69, 97, 88, 103, 54, 10, 126, 168,
       104, 160, 107, 8, 215, 105, 25, 16, 178, 197, 96, 107, 68, 240,
       201, 14, 230, 239, 5, 5, 101, 179, 75, 2, 118, 103, 213, 174, 170,
       2, 22, 200, 49, 134, 169, 237, 70, 226, 203, 222, 218, 197, 236,
       98, 76, 67, 207, 106, 184, 182, 77, 63, 160, 119, 46, 21, 230,
       250, 247, 86, 234, 173, 180, 222, 251, 187, 176, 120, 190, 252,
       197, 59, 175, 247, 110, 17, 179, 111, 202, 99, 61, 154, 119, 250,
       201, 80, 131, 187, 65, 113, 145, 69, 1, 78, 38, 0, 104, 128, 35,
       8, 214, 19, 9, 50, 144, 84, 72, 106, 65, 240, 177, 8, 165, 168, 0,
       4, 72, 50, 66, 34, 101, 180, 149, 114, 201, 173, 69, 143, 251, 59,
       160, 92, 214, 240, 76, 59, 129, 218, 110, 16, 59, 111, 218, 51,
       157, 158, 85, 126, 208, 88, 194, 35, 160, 189, 29, 127, 156, 173,
       103, 255, 246, 130, 104, 80, 243, 241, 8, 32, 89, 106, 106, 10,
       123, 236, 219, 63, 109, 174, 21, 40, 216, 120, 192, 170, 224, 180,
       145, 115, 137, 109, 80, 143, 123, 51, 41, 24, 150, 51, 76, 123,
       129, 23, 104, 16, 51, 108, 219, 19, 141, 146, 85, 126, 216, 72,
       199, 42, 19, 126, 250, 4, 242, 240, 178, 70, 232, 197, 124, 231,
       44, 188, 231, 32, 191, 123, 194, 145, 135, 187, 180, 106, 50, 4,
       30, 131, 205, 84, 47, 223, 192, 141, 157, 255, 136, 237, 21, 175,
       158, 23, 32, 24, 183, 247, 64, 91, 1, 122, 106, 24, 50, 76, 219,
       51, 237, 163, 117, 120, 144, 88, 135, 170, 208, 172, 189, 113,
       136, 232, 73, 135, 254, 23, 162, 16, 247, 163, 80, 91, 35, 55,
       109, 152, 58, 205, 163, 51, 201, 171, 119, 80, 224, 192, 135, 42,
       116, 5, 93, 103, 146, 107, 71, 172, 100, 164, 175, 8, 83, 113, 9,
       80, 48, 214, 104, 106, 56, 161, 121, 30, 249, 239, 5, 84, 225,
       243, 196, 34, 244, 224, 253, 98, 8, 75, 83, 216, 226, 180, 165, 8,
       83, 213, 73, 50, 17, 212, 76, 122, 10, 103, 233, 48, 217, 136, 37,
       116, 224, 187, 70, 35, 227, 164, 169, 88, 205, 237, 225, 207, 219,
       123, 160, 24, 146, 152, 92, 58, 201, 138, 90, 156, 59, 111, 242,
       115, 29, 30, 148, 126, 217, 72, 242, 172, 80, 249, 155, 100, 152,
       200, 71, 181, 162, 129, 174, 8, 119, 247, 64, 114, 48, 244, 108,
       72, 91, 11, 176, 41, 249, 164, 36, 24, 32, 178, 166, 42, 62, 225,
       64, 168, 93, 15, 82, 109, 7, 49, 169, 11, 79, 217, 104, 144, 217,
       137, 195, 98, 94, 35, 90, 149, 251, 213, 1, 127, 115, 14, 218,
       130, 84, 177, 185, 98, 184, 77, 87, 157, 163, 49, 169, 8, 151,
       159, 72, 50, 129, 223, 93, 114, 90, 67, 216, 49, 249, 212, 5, 124,
       224, 83, 135, 50, 36, 101, 57, 79, 93, 79, 71, 168, 82, 172, 173,
       8, 210, 117, 25, 48, 216, 220, 64, 106, 73, 114, 249, 30, 97, 157,
       1, 52, 80, 59, 86, 226, 120, 184, 121, 120, 154, 233, 81, 87, 227,
       21, 172, 56, 51, 151, 64, 58, 35, 186, 109, 16, 26, 107, 178, 17,
       219, 205, 48, 121, 226, 128, 198, 107, 69, 229, 157, 103, 180, 14,
       103, 184, 122, 232, 43, 76, 214, 113, 89, 50, 145, 68, 108, 126,
       225, 240, 217, 46, 237, 191, 37, 84, 200, 115, 195, 33, 101, 117,
       49, 71, 116, 79, 103, 184, 120, 164, 111, 8, 211, 119, 157, 52,
       16, 92, 80, 106, 193, 176, 249, 46, 101, 188, 5, 4, 66, 179, 70,
       224, 120, 56, 123, 112, 35, 232, 81, 83, 161, 69, 164, 57, 59,
       159, 66, 24, 38, 187, 213, 0, 10, 15, 178, 1, 211, 201, 48, 185,
       98, 128, 38, 123, 220, 120, 221, 116, 40, 76, 69, 156, 240, 250,
       166, 88, 87, 119, 193, 123, 34, 212, 108, 106, 105, 71, 251, 2,
       209, 235, 101, 28, 96, 241, 70, 49, 120, 33, 152, 101, 16, 75, 67,
       56, 98, 160, 175, 8, 215, 51, 64, 16, 16, 220, 72, 104, 72, 250,
       217, 12, 233, 229, 37, 53, 96, 162, 70, 34, 112, 229, 232, 30, 92,
       73, 215, 237, 66, 53, 169, 25, 34, 168, 78, 18, 201, 194, 104, 66,
       78, 107, 255, 51, 123, 4, 20, 59, 65, 90, 214, 78, 84, 97, 88, 39,
       86, 74, 118, 40, 104, 160, 107, 9, 199, 9, 27, 16, 50, 205, 96,
       99, 68, 176, 221, 12, 230, 229, 1, 5, 109, 179, 75, 130, 101, 101,
       24, 103, 216, 15, 70, 168, 113, 160, 171, 8, 211, 57, 1, 16, 152,
       220, 104, 106, 72, 242, 217, 14, 239, 255, 5, 52, 72, 251, 202, 2,
       124, 117, 208, 46, 27, 82, 22, 232, 51, 128, 169, 173, 107, 231,
       11, 214, 90, 221, 236, 98, 78, 67, 219, 139, 178, 247, 69, 63,
       123, 247, 110, 18, 101, 101, 21, 103, 25, 15, 70, 168, 118, 160,
       171, 72, 211, 112, 73, 48, 144, 76, 104, 106, 73, 240, 89, 30,
       173, 158, 5, 52, 72, 59, 0, 32, 193, 254, 158, 87, 234, 140, 173,
       214, 186, 187, 112, 252, 188, 247, 193, 63, 167, 127, 114, 24,
       227, 124, 218, 98, 108, 186, 127, 168, 200, 208, 131, 185, 242,
       174, 214, 88, 169, 173, 76, 215, 187, 27, 176, 89, 43, 227, 84,
       223, 169, 226, 109, 152, 58, 79, 130, 243, 155, 218, 84, 249, 194,
