%YAML:1.0
---
descriptors: !!opencv-matrix
   rows: 252
   cols: 32
   dt: u
   data: [ 5, 221, 31, 231, 176, 14, 111, 184, 116, 232, 95, 100, 245,
       115, 137, 112, 55, 110, 60, 110, 225, 208, 121, 47, 236, 175, 39,
       132, 8, 243, 129, 49, 125, 85, 125, 102, 164, 78, 87, 184, 224,
       232, 191, 76, 83, 119, 137, 51, 22, 212, 124, 106, 201, 225, 249,
       40, 243, 233, 101, 20, 106, 243, 66, 113, 248, 176, 125, 112, 168,
       221, 81, 87, 243, 127, 164, 24, 51, 151, 66, 59, 1, 150, 236, 8,
       58, 111, 242, 17, 219, 203, 113, 121, 226, 128, 198, 123, 69, 34,
       148, 147, 168, 60, 44, 154, 235, 187, 179, 80, 222, 226, 205, 255,
       133, 71, 108, 28, 177, 69, 203, 96, 136, 186, 119, 246, 136, 113,
       139, 5, 93, 221, 125, 231, 176, 78, 95, 189, 36, 168, 255, 96,
       215, 119, 136, 112, 54, 214, 92, 106, 233, 129, 121, 46, 227, 237,
       37, 148, 32, 243, 224, 49, 236, 48, 189, 115, 173, 109, 81, 152,
       91, 255, 165, 24, 222, 93, 73, 59, 153, 84, 125, 58, 43, 102, 251,
       16, 207, 219, 113, 127, 194, 123, 70, 115, 252, 252, 252, 118,
       136, 109, 85, 253, 178, 190, 165, 24, 83, 247, 73, 27, 9, 214,
       108, 42, 104, 103, 250, 34, 251, 203, 117, 61, 227, 241, 198, 34,
       148, 149, 89, 239, 180, 46, 79, 191, 52, 168, 255, 96, 247, 119,
       137, 80, 55, 223, 93, 106, 121, 152, 105, 63, 233, 237, 37, 212,
       32, 243, 128, 41, 244, 84, 191, 116, 168, 108, 85, 190, 160, 154,
       182, 56, 87, 119, 1, 123, 135, 215, 109, 34, 104, 69, 203, 32,
       211, 235, 117, 152, 96, 241, 198, 43, 232, 125, 180, 252, 141,
       237, 84, 231, 223, 138, 168, 24, 174, 187, 36, 19, 201, 242, 251,
       0, 122, 111, 210, 191, 187, 255, 212, 59, 210, 88, 214, 10, 21,
       229, 59, 99, 20, 79, 103, 232, 86, 160, 111, 0, 83, 209, 121, 96,
       57, 220, 34, 122, 11, 240, 57, 30, 233, 142, 5, 36, 112, 187, 64,
       160, 220, 253, 253, 247, 172, 62, 95, 184, 187, 190, 191, 56, 255,
       127, 201, 123, 215, 215, 253, 106, 248, 103, 235, 170, 255, 251,
       103, 148, 194, 243, 199, 115, 77, 119, 57, 103, 112, 78, 55, 184,
       57, 232, 127, 108, 222, 119, 137, 52, 148, 93, 117, 106, 193, 240,
       249, 78, 103, 255, 37, 134, 74, 115, 7, 241, 230, 172, 214, 159,
       253, 175, 254, 239, 191, 187, 251, 18, 236, 234, 124, 91, 251,
       239, 127, 129, 50, 255, 203, 251, 189, 186, 223, 190, 213, 120,
       243, 129, 197, 116, 23, 101, 33, 78, 119, 56, 121, 234, 99, 28,
       222, 112, 1, 59, 144, 84, 104, 106, 225, 244, 249, 10, 165, 250,
       69, 6, 72, 115, 67, 38, 228, 116, 189, 97, 136, 111, 71, 174, 112,
       178, 170, 24, 215, 55, 9, 59, 145, 84, 104, 42, 57, 100, 249, 34,
       237, 251, 69, 52, 192, 113, 198, 34, 248, 188, 156, 122, 171, 233,
       21, 207, 146, 63, 164, 57, 38, 243, 66, 27, 129, 210, 237, 16, 58,
       111, 202, 51, 219, 195, 117, 127, 240, 88, 142, 11, 204, 52, 157,
       241, 161, 110, 117, 23, 59, 243, 47, 24, 158, 55, 64, 250, 129,
       86, 120, 24, 49, 216, 241, 66, 207, 255, 85, 118, 138, 96, 131,
       50, 216, 184, 191, 112, 138, 232, 17, 135, 162, 151, 164, 184, 55,
       151, 64, 91, 39, 247, 237, 16, 58, 79, 178, 33, 217, 227, 112,
       121, 160, 64, 135, 123, 244, 48, 255, 112, 168, 109, 65, 82, 162,
       183, 167, 56, 23, 151, 65, 27, 35, 244, 108, 24, 40, 103, 186, 0,
       217, 203, 117, 56, 224, 224, 70, 99, 248, 174, 254, 114, 138, 233,
       81, 199, 178, 23, 164, 185, 39, 167, 64, 27, 35, 178, 237, 16, 58,
       79, 162, 49, 219, 195, 112, 121, 160, 192, 134, 122, 252, 164,
       252, 114, 168, 109, 85, 223, 163, 191, 165, 25, 23, 247, 74, 27,
       1, 214, 109, 24, 58, 71, 250, 16, 217, 195, 117, 125, 224, 208,
       134, 34, 82, 236, 148, 186, 137, 221, 20, 207, 187, 23, 128, 25,
       174, 242, 72, 155, 129, 243, 236, 17, 62, 75, 218, 53, 185, 210,
       93, 123, 144, 84, 143, 14, 109, 113, 24, 101, 81, 30, 103, 56, 97,
       224, 111, 76, 219, 81, 13, 176, 148, 76, 80, 106, 197, 176, 249,
       14, 103, 221, 1, 6, 74, 51, 74, 130, 212, 54, 255, 65, 162, 106,
       97, 83, 50, 191, 165, 56, 19, 55, 192, 59, 39, 148, 68, 56, 56,
       247, 161, 2, 89, 171, 117, 100, 225, 224, 198, 227, 69, 113, 145,
       71, 69, 78, 55, 0, 104, 224, 35, 8, 222, 49, 73, 58, 144, 92, 96,
       122, 1, 240, 177, 0, 77, 152, 69, 34, 200, 115, 67, 34, 244, 174,
       204, 244, 168, 40, 93, 159, 178, 183, 166, 189, 87, 163, 67, 91,
       3, 230, 109, 136, 56, 79, 203, 34, 218, 227, 245, 189, 160, 240,
       134, 74, 248, 190, 220, 114, 168, 173, 80, 215, 178, 191, 164, 29,
       55, 227, 66, 27, 1, 166, 205, 28, 58, 79, 218, 35, 219, 203, 117,
       121, 232, 192, 202, 139, 77, 245, 149, 71, 209, 127, 119, 184,
       123, 234, 111, 8, 222, 112, 13, 53, 145, 92, 96, 106, 117, 240,
       249, 46, 45, 222, 69, 6, 202, 115, 203, 166, 205, 85, 148, 71,
       161, 30, 119, 184, 125, 170, 103, 68, 222, 114, 9, 127, 149, 68,
       124, 106, 229, 212, 249, 106, 231, 254, 101, 6, 138, 115, 3, 37,
       236, 112, 189, 115, 173, 109, 81, 152, 91, 255, 181, 24, 223, 93,
       73, 59, 145, 84, 124, 122, 43, 102, 251, 18, 207, 219, 101, 125,
       194, 123, 70, 115, 252, 188, 252, 118, 169, 109, 85, 190, 179,
       190, 165, 24, 91, 119, 72, 27, 1, 214, 237, 42, 120, 79, 250, 34,
       219, 203, 117, 61, 226, 241, 198, 99, 148, 180, 153, 231, 180, 47,
       111, 188, 54, 171, 223, 112, 215, 115, 136, 80, 119, 222, 29, 58,
       57, 148, 105, 62, 233, 239, 39, 196, 160, 243, 129, 33, 252, 112,
       189, 115, 40, 111, 83, 152, 251, 250, 165, 24, 223, 87, 73, 59,
       149, 212, 124, 122, 41, 101, 251, 0, 203, 219, 101, 60, 224, 243,
       70, 51, 108, 180, 188, 115, 173, 125, 81, 27, 127, 59, 173, 24,
       223, 125, 72, 59, 145, 18, 237, 16, 58, 100, 251, 19, 207, 223,
       81, 127, 210, 75, 198, 34, 6, 236, 246, 223, 236, 43, 254, 206,
       63, 179, 251, 58, 239, 234, 157, 75, 255, 239, 127, 179, 186, 247,
       203, 251, 190, 254, 95, 190, 133, 251, 227, 137, 182, 238, 214,
       255, 238, 43, 254, 239, 63, 179, 251, 26, 239, 234, 29, 75, 127,
       255, 127, 163, 120, 247, 203, 255, 190, 254, 223, 188, 197, 251,
       227, 137, 5, 101, 23, 99, 149, 207, 103, 224, 246, 160, 107, 0,
       210, 209, 121, 32, 217, 108, 34, 106, 73, 178, 56, 30, 169, 142,
       5, 36, 88, 59, 112, 160, 54, 229, 118, 239, 221, 79, 254, 232,
       127, 162, 233, 10, 207, 234, 61, 64, 249, 207, 123, 227, 104, 243,
       217, 254, 191, 222, 143, 20, 81, 123, 243, 130, 141, 117, 49, 71,
       240, 14, 55, 184, 61, 234, 127, 96, 222, 119, 141, 116, 148, 93,
       119, 106, 225, 176, 121, 110, 103, 254, 37, 134, 74, 243, 3, 241,
       125, 79, 31, 37, 180, 14, 71, 182, 96, 234, 58, 76, 243, 33, 145,
       50, 20, 102, 108, 110, 233, 176, 153, 46, 224, 239, 37, 20, 104,
       243, 82, 41, 124, 176, 189, 240, 41, 77, 89, 24, 171, 251, 183,
       24, 159, 191, 72, 123, 133, 149, 253, 16, 186, 111, 243, 64, 219,
       251, 113, 124, 194, 128, 70, 115, 233, 188, 180, 248, 173, 189,
       84, 159, 255, 59, 180, 24, 190, 189, 68, 59, 201, 178, 255, 24,
       186, 111, 242, 147, 223, 219, 85, 122, 210, 76, 210, 43, 232, 180,
       188, 248, 173, 253, 81, 87, 255, 123, 180, 24, 191, 191, 64, 187,
       133, 179, 253, 16, 187, 111, 242, 147, 219, 219, 84, 122, 210, 76,
       71, 123, 182, 236, 246, 255, 253, 175, 252, 239, 191, 187, 242,
       19, 238, 238, 117, 91, 251, 239, 127, 135, 186, 255, 203, 255,
       189, 250, 223, 182, 245, 124, 243, 217, 220, 174, 156, 50, 171,
       169, 20, 175, 186, 63, 44, 189, 239, 227, 74, 27, 163, 67, 237,
       20, 54, 77, 138, 51, 250, 199, 125, 255, 144, 69, 139, 11, 216,
       16, 159, 244, 136, 96, 85, 7, 162, 147, 162, 16, 215, 183, 64,
       123, 161, 247, 108, 128, 57, 77, 179, 0, 209, 227, 118, 25, 160,
       96, 166, 58, 120, 174, 156, 114, 138, 169, 21, 207, 178, 191, 172,
       185, 39, 227, 66, 27, 39, 243, 237, 16, 58, 79, 138, 51, 219, 195,
