%YAML:1.0
---
descriptors: !!opencv-matrix
   rows: 312
   cols: 32
   dt: u
   data: [ 212, 24, 159, 116, 168, 110, 101, 19, 180, 251, 162, 24, 215,
       51, 1, 123, 35, 246, 124, 8, 41, 197, 179, 8, 209, 163, 117, 16,
       168, 240, 133, 99, 5, 117, 49, 71, 113, 78, 103, 56, 121, 232,
       107, 72, 222, 85, 13, 180, 144, 92, 64, 106, 193, 176, 249, 78,
       37, 188, 1, 6, 74, 51, 67, 163, 248, 176, 253, 80, 136, 253, 81,
       223, 227, 247, 164, 24, 19, 183, 192, 59, 1, 214, 236, 24, 59,
       111, 250, 49, 91, 203, 117, 121, 226, 192, 198, 122, 236, 112,
       189, 99, 45, 125, 81, 152, 123, 255, 165, 24, 222, 93, 75, 59,
       145, 80, 252, 58, 43, 100, 251, 16, 207, 219, 69, 125, 194, 107,
       70, 114, 100, 225, 57, 105, 73, 77, 87, 136, 66, 52, 37, 8, 246,
       85, 73, 48, 217, 24, 64, 106, 74, 34, 251, 29, 231, 217, 1, 61,
       80, 43, 70, 162, 232, 180, 180, 250, 205, 253, 80, 15, 223, 31,
       164, 24, 190, 189, 76, 155, 201, 146, 251, 16, 58, 111, 242, 147,
       203, 219, 84, 123, 210, 76, 214, 10, 120, 173, 220, 114, 152, 201,
       85, 255, 178, 23, 172, 56, 55, 247, 74, 18, 9, 178, 109, 16, 90,
       75, 234, 51, 251, 199, 116, 121, 224, 192, 206, 234, 148, 104,
       155, 119, 148, 238, 102, 198, 118, 131, 226, 16, 115, 243, 33,
       112, 249, 254, 12, 152, 42, 221, 17, 46, 243, 239, 181, 0, 224,
       113, 228, 42, 244, 68, 92, 116, 40, 74, 95, 168, 161, 178, 166,
       24, 87, 51, 9, 115, 3, 212, 108, 106, 104, 101, 201, 12, 241, 171,
       101, 20, 96, 241, 70, 32, 197, 182, 148, 83, 169, 60, 4, 159, 251,
       187, 131, 92, 220, 242, 76, 255, 133, 87, 108, 24, 183, 77, 219,
       64, 137, 186, 95, 126, 136, 97, 139, 5, 249, 184, 188, 50, 234,
       189, 89, 223, 179, 251, 180, 185, 63, 247, 194, 59, 135, 247, 253,
       28, 190, 79, 234, 51, 219, 203, 117, 249, 226, 196, 142, 89, 120,
       172, 255, 114, 138, 232, 85, 199, 178, 151, 164, 184, 39, 167, 64,
       27, 1, 243, 237, 144, 58, 79, 162, 35, 219, 199, 116, 121, 224,
       81, 134, 106, 20, 197, 217, 103, 21, 79, 71, 184, 118, 160, 239,
       2, 83, 113, 9, 112, 48, 220, 8, 106, 105, 176, 57, 62, 237, 207,
       5, 20, 112, 187, 64, 34, 244, 164, 245, 86, 136, 110, 71, 190,
       242, 182, 166, 24, 83, 119, 73, 59, 17, 214, 108, 42, 40, 103,
       251, 46, 249, 170, 101, 52, 225, 241, 198, 96, 109, 101, 113, 103,
       52, 30, 118, 184, 121, 224, 51, 73, 219, 121, 157, 176, 150, 76,
       125, 110, 196, 240, 205, 140, 231, 249, 5, 6, 70, 183, 66, 7, 100,
       228, 153, 122, 137, 201, 87, 205, 179, 147, 173, 24, 86, 247, 74,
       26, 153, 210, 113, 90, 122, 67, 218, 51, 235, 159, 85, 125, 192,
       83, 198, 226, 5, 95, 31, 167, 240, 14, 239, 184, 124, 232, 90,
       228, 213, 98, 145, 96, 54, 108, 54, 110, 225, 208, 77, 110, 108,
       174, 47, 132, 12, 243, 129, 177, 149, 221, 125, 231, 180, 78, 111,
       188, 116, 234, 126, 96, 247, 119, 137, 112, 118, 94, 28, 106, 233,
       144, 121, 47, 229, 239, 37, 132, 40, 243, 192, 57, 193, 174, 143,
       155, 204, 169, 225, 199, 254, 19, 160, 208, 177, 226, 97, 75, 107,
       226, 106, 156, 51, 109, 142, 115, 140, 2, 118, 120, 216, 64, 227,
       168, 212, 184, 189, 240, 138, 233, 81, 147, 167, 247, 134, 56,
       151, 247, 64, 123, 7, 243, 125, 16, 26, 77, 187, 33, 217, 195,
       117, 125, 160, 64, 132, 51, 129, 174, 159, 251, 236, 169, 237, 71,
       254, 19, 66, 208, 181, 227, 240, 107, 99, 42, 42, 28, 51, 124,
       143, 115, 204, 130, 118, 64, 152, 192, 161, 168, 54, 77, 18, 174,
       93, 71, 70, 232, 149, 140, 233, 11, 98, 248, 45, 208, 216, 237,
       226, 98, 108, 163, 26, 191, 177, 182, 135, 31, 81, 59, 110, 134,
       52, 69, 18, 174, 221, 71, 70, 232, 157, 132, 233, 9, 70, 224, 45,
       16, 216, 237, 106, 98, 108, 163, 26, 110, 185, 182, 5, 31, 81,
       123, 102, 130, 129, 142, 159, 123, 160, 171, 105, 159, 118, 51,
       103, 84, 247, 227, 216, 105, 51, 46, 38, 28, 179, 252, 47, 51,
       204, 170, 119, 64, 168, 192, 193, 168, 197, 20, 149, 215, 168,
       110, 36, 155, 190, 187, 35, 80, 213, 115, 201, 123, 5, 86, 120,
       58, 49, 212, 219, 34, 141, 170, 119, 68, 136, 241, 129, 49, 252,
       184, 189, 118, 137, 252, 81, 155, 179, 211, 165, 24, 123, 247, 76,
       123, 129, 246, 236, 16, 63, 79, 186, 51, 219, 251, 85, 123, 162,
       225, 134, 50, 44, 109, 49, 103, 157, 79, 71, 172, 49, 228, 239, 8,
       243, 117, 9, 48, 216, 212, 121, 106, 73, 178, 249, 46, 229, 222,
       5, 48, 64, 123, 86, 114, 236, 65, 40, 71, 93, 79, 71, 176, 119,
       228, 175, 8, 211, 117, 27, 48, 24, 220, 123, 106, 73, 178, 121,
       30, 229, 219, 5, 52, 82, 187, 86, 114, 129, 46, 155, 153, 236,
       169, 237, 199, 254, 147, 98, 212, 181, 226, 241, 75, 99, 98, 106,
       28, 51, 89, 206, 115, 140, 2, 127, 40, 152, 208, 161, 168, 38,
       109, 16, 190, 25, 205, 22, 162, 159, 16, 169, 9, 166, 242, 37,
       148, 136, 123, 234, 66, 78, 43, 90, 63, 161, 150, 5, 59, 80, 59,
       15, 135, 34, 253, 16, 62, 217, 205, 22, 166, 159, 20, 168, 9, 166,
       242, 69, 148, 129, 123, 202, 66, 78, 10, 90, 63, 161, 212, 20, 59,
       80, 92, 15, 143, 232, 180, 188, 99, 153, 109, 20, 143, 59, 63, 45,
       25, 206, 59, 74, 27, 145, 19, 233, 16, 50, 104, 219, 19, 239, 211,
       85, 127, 210, 64, 143, 10, 252, 120, 253, 116, 172, 108, 69, 152,
       240, 250, 166, 24, 87, 51, 65, 59, 1, 212, 124, 122, 41, 103, 251,
       34, 217, 203, 117, 60, 232, 241, 70, 115, 5, 95, 31, 103, 176, 14,
       111, 184, 124, 234, 90, 100, 213, 115, 145, 112, 54, 108, 54, 110,
       225, 208, 93, 110, 228, 174, 39, 132, 8, 243, 1, 177, 5, 117, 49,
       69, 113, 94, 102, 184, 120, 232, 107, 72, 222, 81, 13, 180, 144,
       92, 80, 106, 193, 176, 121, 78, 39, 188, 1, 4, 72, 51, 67, 177,
       93, 93, 125, 103, 48, 78, 111, 184, 96, 232, 255, 64, 211, 119,
       129, 114, 22, 212, 92, 106, 233, 176, 121, 46, 231, 239, 37, 132,
       104, 243, 66, 49, 237, 113, 189, 103, 172, 78, 71, 184, 104, 234,
       55, 72, 215, 85, 217, 59, 148, 84, 124, 106, 201, 112, 249, 8,
       231, 249, 101, 52, 72, 243, 70, 113, 236, 112, 189, 99, 45, 111,
       83, 152, 107, 250, 165, 24, 223, 85, 73, 59, 149, 84, 124, 122,
       169, 100, 249, 0, 207, 219, 101, 60, 194, 251, 70, 115, 120, 174,
       252, 120, 152, 201, 81, 255, 179, 21, 172, 56, 55, 247, 64, 18,
       137, 178, 237, 16, 58, 107, 226, 55, 219, 199, 52, 121, 224, 128,
       198, 42, 208, 184, 157, 240, 138, 232, 81, 159, 163, 183, 166, 57,
       55, 183, 64, 90, 39, 183, 237, 16, 26, 79, 178, 32, 217, 227, 117,
       121, 160, 192, 132, 106, 212, 24, 159, 116, 138, 108, 85, 151,
       178, 159, 166, 24, 87, 183, 65, 123, 37, 246, 108, 8, 57, 77, 179,
       32, 217, 227, 117, 88, 160, 240, 166, 35, 204, 164, 188, 112, 136,
       108, 81, 27, 178, 191, 165, 25, 151, 247, 72, 27, 129, 215, 237,
       16, 58, 71, 250, 2, 203, 195, 117, 125, 224, 193, 134, 98, 198,
       236, 148, 26, 137, 173, 22, 174, 186, 179, 136, 25, 166, 226, 77,
       159, 129, 99, 232, 19, 54, 79, 218, 115, 169, 18, 95, 123, 144,
       85, 139, 14, 253, 199, 205, 103, 176, 42, 71, 188, 112, 162, 235,
       204, 115, 97, 153, 112, 19, 198, 108, 110, 233, 176, 205, 46, 232,
       175, 37, 20, 101, 243, 210, 32, 253, 71, 205, 103, 164, 14, 79,
       188, 96, 168, 187, 76, 211, 97, 153, 115, 20, 196, 108, 110, 233,
       160, 237, 44, 228, 233, 101, 148, 104, 251, 210, 33, 253, 79, 77,
       103, 164, 14, 79, 188, 96, 170, 187, 108, 211, 97, 153, 51, 20,
       196, 108, 110, 233, 225, 237, 44, 224, 235, 101, 148, 104, 243,
       210, 33, 237, 121, 157, 103, 44, 14, 71, 188, 112, 250, 38, 76,
       211, 81, 217, 59, 16, 68, 124, 106, 233, 116, 249, 40, 197, 251,
       101, 20, 74, 179, 66, 41, 237, 112, 149, 71, 44, 30, 71, 184, 97,
       250, 167, 76, 211, 113, 205, 191, 148, 68, 108, 106, 233, 100,
       249, 40, 199, 251, 101, 20, 74, 243, 66, 48, 205, 84, 157, 117,
