%YAML:1.0
---
descriptors: !!opencv-matrix
   rows: 197
   cols: 32
   dt: u
   data: [ 120, 185, 251, 112, 154, 233, 81, 71, 227, 53, 164, 56, 55,
       183, 64, 50, 35, 178, 109, 16, 26, 107, 162, 17, 219, 205, 48,
       123, 224, 0, 198, 107, 108, 228, 189, 122, 137, 77, 87, 136, 50,
       191, 173, 24, 210, 247, 72, 27, 153, 210, 97, 122, 122, 98, 251,
       49, 235, 159, 69, 127, 210, 123, 198, 98, 44, 101, 49, 101, 157,
       79, 71, 168, 101, 236, 238, 8, 211, 53, 9, 48, 152, 212, 88, 106,
       105, 176, 249, 14, 229, 221, 5, 52, 64, 123, 70, 114, 13, 117, 49,
       69, 113, 78, 102, 184, 120, 232, 107, 72, 222, 81, 13, 180, 144,
       92, 80, 106, 225, 240, 249, 14, 37, 252, 1, 6, 74, 51, 67, 178,
       205, 87, 20, 69, 160, 30, 102, 184, 121, 170, 107, 76, 211, 51,
       137, 247, 20, 68, 108, 110, 225, 208, 217, 14, 164, 186, 101, 4,
       74, 243, 74, 33, 37, 113, 145, 67, 213, 79, 103, 184, 107, 232,
       43, 8, 214, 85, 73, 180, 144, 84, 64, 122, 65, 240, 249, 8, 45,
       152, 5, 54, 202, 59, 66, 32, 37, 113, 17, 71, 85, 79, 103, 40,
       105, 224, 43, 8, 214, 17, 73, 180, 144, 92, 80, 106, 65, 176, 249,
       12, 37, 156, 5, 54, 72, 59, 66, 32, 100, 48, 145, 71, 224, 110,
       99, 152, 107, 242, 43, 8, 214, 117, 201, 62, 17, 84, 96, 122, 17,
       112, 249, 0, 13, 154, 69, 116, 194, 243, 70, 32, 100, 224, 185,
       99, 89, 77, 67, 136, 98, 53, 45, 8, 210, 85, 72, 48, 17, 88, 64,
       106, 10, 112, 249, 17, 109, 140, 1, 116, 80, 59, 198, 226, 157,
       223, 31, 103, 48, 14, 111, 188, 116, 234, 94, 100, 247, 115, 137,
       112, 55, 76, 60, 110, 225, 148, 125, 46, 228, 239, 39, 132, 40,
       243, 1, 57, 93, 213, 125, 103, 176, 78, 79, 188, 97, 232, 190, 64,
       83, 119, 137, 114, 54, 212, 124, 106, 233, 161, 121, 46, 227, 239,
       37, 148, 104, 243, 224, 49, 253, 112, 253, 102, 40, 78, 85, 152,
       225, 250, 165, 8, 83, 87, 73, 59, 22, 212, 124, 106, 233, 103,
       251, 0, 243, 233, 101, 60, 99, 179, 70, 115, 252, 112, 189, 114,
       40, 109, 81, 216, 243, 255, 165, 24, 87, 215, 73, 59, 129, 212,
       124, 90, 41, 103, 251, 32, 211, 219, 117, 60, 224, 243, 70, 115,
       252, 172, 252, 114, 137, 109, 85, 219, 147, 183, 165, 24, 83, 233,
       79, 27, 9, 214, 237, 24, 58, 103, 218, 34, 219, 203, 85, 61, 227,
       249, 198, 34, 248, 184, 255, 112, 168, 237, 81, 215, 163, 189,
       164, 24, 51, 183, 72, 27, 5, 178, 109, 24, 26, 79, 178, 1, 219,
       201, 116, 120, 226, 192, 198, 123, 104, 181, 189, 123, 189, 253,
       81, 47, 223, 61, 173, 24, 190, 189, 72, 50, 137, 26, 239, 16, 26,
       106, 251, 145, 207, 223, 80, 127, 210, 72, 198, 234, 252, 108,
       244, 118, 137, 109, 85, 222, 179, 190, 165, 24, 115, 247, 73, 27,
       9, 214, 237, 10, 120, 103, 250, 32, 219, 195, 117, 61, 227, 241,
       198, 34, 249, 186, 248, 50, 232, 189, 88, 215, 163, 123, 180, 249,
       63, 183, 66, 58, 135, 183, 221, 28, 190, 79, 202, 51, 219, 219,
       117, 249, 162, 212, 142, 91, 112, 184, 249, 82, 168, 253, 84, 223,
       251, 251, 176, 120, 58, 252, 196, 62, 143, 211, 108, 16, 159, 111,
       234, 113, 219, 216, 117, 255, 233, 64, 198, 191, 228, 180, 157,
       242, 172, 237, 65, 142, 255, 59, 161, 24, 214, 241, 72, 59, 129,
       146, 108, 16, 59, 111, 219, 115, 153, 146, 85, 126, 216, 88, 198,
       34, 248, 14, 95, 116, 168, 108, 85, 191, 176, 186, 166, 56, 247,
       119, 129, 123, 135, 247, 108, 42, 104, 103, 203, 42, 209, 235,
       117, 24, 96, 240, 199, 43, 69, 241, 149, 71, 9, 15, 55, 184, 122,
       248, 35, 76, 246, 113, 73, 50, 145, 68, 120, 106, 195, 96, 219,
       25, 45, 154, 69, 54, 72, 51, 67, 34, 96, 245, 149, 99, 157, 77,
       84, 143, 127, 57, 41, 88, 214, 51, 72, 114, 145, 150, 104, 16,
       123, 104, 219, 147, 173, 218, 21, 126, 208, 72, 196, 34, 192, 172,
       157, 255, 136, 237, 21, 151, 150, 23, 96, 24, 183, 243, 64, 91,
       193, 122, 104, 24, 50, 76, 218, 51, 205, 163, 117, 120, 144, 88,
       135, 170, 116, 197, 93, 103, 148, 79, 71, 184, 116, 160, 171, 8,
       83, 49, 9, 112, 49, 212, 72, 106, 105, 176, 89, 30, 249, 174, 5,
       20, 113, 251, 64, 34, 211, 123, 90, 165, 114, 143, 62, 113, 41,
       172, 122, 237, 15, 6, 3, 144, 182, 189, 205, 101, 197, 153, 133,
       14, 180, 229, 40, 130, 40, 178, 11, 217, 197, 116, 17, 69, 81, 14,
       99, 56, 120, 234, 107, 76, 222, 17, 9, 49, 144, 76, 64, 110, 225,
       180, 81, 14, 37, 184, 1, 4, 72, 35, 67, 35, 109, 109, 116, 103,
       52, 30, 126, 184, 121, 160, 123, 9, 219, 73, 157, 176, 146, 76,
       117, 111, 196, 240, 205, 46, 102, 253, 1, 20, 70, 183, 82, 4, 205,
       116, 180, 103, 161, 63, 119, 152, 123, 234, 39, 12, 222, 112, 77,
       191, 145, 68, 120, 106, 229, 244, 249, 74, 111, 255, 69, 38, 202,
       115, 75, 55, 240, 56, 255, 112, 170, 232, 65, 83, 162, 151, 164,
       56, 55, 151, 64, 27, 39, 182, 109, 24, 42, 79, 178, 0, 209, 195,
       117, 56, 224, 192, 70, 107, 252, 188, 220, 114, 168, 173, 81, 223,
       178, 191, 164, 29, 55, 243, 74, 27, 1, 150, 109, 24, 58, 79, 218,
       49, 219, 195, 117, 125, 232, 192, 206, 11, 240, 34, 251, 112, 10,
       105, 65, 83, 160, 182, 164, 24, 19, 135, 192, 59, 47, 180, 68, 24,
       8, 111, 160, 0, 217, 137, 117, 124, 225, 128, 70, 98, 116, 213,
       149, 102, 137, 102, 23, 168, 162, 178, 171, 8, 86, 119, 73, 127,
       145, 212, 120, 98, 105, 67, 251, 42, 185, 166, 69, 62, 138, 115,
       6, 50, 13, 117, 17, 69, 117, 30, 102, 184, 121, 232, 106, 76, 214,
       112, 5, 180, 144, 76, 80, 106, 225, 176, 89, 14, 37, 254, 5, 4,
       74, 51, 75, 181, 37, 117, 17, 71, 85, 31, 102, 184, 105, 232, 43,
       76, 214, 112, 77, 180, 144, 76, 80, 106, 193, 176, 249, 14, 37,
       156, 5, 52, 74, 59, 74, 180, 29, 93, 21, 103, 176, 46, 111, 188,
       116, 234, 126, 100, 247, 119, 129, 116, 54, 118, 60, 110, 233,
       144, 125, 46, 228, 239, 37, 132, 42, 243, 0, 57, 37, 225, 49, 65,
       217, 79, 67, 168, 106, 240, 33, 8, 210, 85, 77, 180, 145, 92, 64,
       122, 65, 112, 249, 20, 45, 156, 5, 118, 208, 59, 70, 160, 125, 93,
       125, 102, 176, 78, 71, 188, 97, 232, 190, 64, 87, 119, 137, 115,
       22, 212, 124, 106, 233, 161, 121, 44, 243, 233, 101, 20, 106, 243,
       66, 49, 124, 48, 249, 98, 237, 109, 83, 216, 75, 255, 181, 24,
       219, 223, 77, 58, 153, 220, 124, 56, 11, 102, 251, 18, 223, 221,
       37, 125, 194, 251, 70, 115, 124, 112, 185, 114, 40, 109, 83, 216,
       99, 251, 165, 24, 215, 215, 73, 58, 145, 212, 108, 58, 11, 103,
       251, 2, 219, 223, 117, 124, 192, 243, 70, 115, 248, 184, 190, 112,
       168, 236, 81, 87, 163, 95, 164, 61, 63, 151, 66, 27, 39, 179, 237,
       16, 58, 79, 178, 17, 219, 193, 116, 121, 226, 192, 6, 123, 108,
       181, 185, 115, 189, 237, 81, 25, 111, 125, 173, 24, 223, 253, 72,
       58, 153, 154, 253, 24, 27, 107, 251, 17, 207, 223, 17, 127, 210,
       74, 198, 98, 252, 176, 252, 118, 169, 109, 85, 222, 179, 191, 165,
       24, 119, 247, 73, 27, 9, 214, 237, 10, 120, 103, 250, 32, 219,
       195, 117, 61, 226, 241, 198, 34, 250, 170, 182, 178, 233, 173, 88,
       215, 171, 59, 160, 89, 47, 235, 64, 155, 167, 183, 125, 21, 190,
       79, 154, 177, 219, 219, 93, 248, 162, 196, 138, 11, 232, 249, 180,
       252, 157, 221, 84, 238, 219, 114, 164, 8, 190, 189, 65, 51, 201,
       242, 249, 64, 106, 107, 242, 189, 251, 219, 84, 59, 210, 92, 214,
       10, 221, 46, 156, 180, 168, 60, 88, 155, 251, 187, 162, 125, 207,
       163, 195, 219, 135, 199, 108, 28, 60, 71, 203, 2, 218, 251, 117,
       125, 160, 241, 139, 1, 85, 78, 232, 71, 180, 62, 78, 158, 115,
       174, 238, 16, 67, 96, 151, 122, 113, 206, 44, 142, 172, 208, 237,
       42, 226, 239, 245, 5, 225, 241, 120, 68, 228, 180, 149, 242, 168,
       173, 69, 139, 251, 59, 161, 88, 214, 241, 76, 63, 129, 211, 108,
       16, 59, 111, 218, 113, 153, 146, 85, 126, 216, 89, 199, 34, 116,
       77, 95, 103, 144, 78, 71, 188, 101, 160, 170, 8, 83, 115, 9, 115,
