%YAML:1.0
---
descriptors: !!opencv-matrix
   rows: 344
   cols: 32
   dt: u
   data: [ 120, 160, 254, 120, 138, 233, 81, 87, 179, 21, 164, 56, 55,
       183, 66, 27, 35, 147, 237, 16, 58, 75, 226, 17, 219, 195, 112,
       121, 224, 192, 198, 107, 208, 24, 159, 116, 168, 108, 69, 55, 176,
       219, 166, 24, 247, 55, 0, 123, 1, 246, 108, 8, 57, 77, 179, 0,
       209, 227, 116, 24, 160, 224, 134, 59, 112, 48, 253, 112, 40, 204,
       81, 83, 163, 93, 164, 25, 55, 151, 66, 27, 7, 180, 109, 24, 26,
       79, 178, 1, 211, 201, 112, 121, 224, 128, 70, 123, 69, 245, 17,
       71, 81, 78, 102, 184, 121, 192, 107, 72, 254, 81, 12, 180, 176,
       92, 80, 106, 65, 240, 185, 47, 37, 188, 1, 6, 74, 51, 67, 160, 69,
       181, 145, 71, 193, 14, 102, 184, 121, 200, 107, 76, 222, 115, 8,
       182, 144, 86, 104, 106, 113, 240, 153, 75, 167, 190, 69, 6, 74,
       114, 195, 177, 37, 121, 17, 71, 85, 79, 103, 176, 107, 224, 43, 8,
       210, 113, 69, 180, 145, 124, 64, 122, 65, 240, 121, 60, 47, 156,
       5, 54, 74, 59, 67, 162, 36, 225, 121, 73, 92, 73, 83, 136, 66, 20,
       173, 8, 242, 81, 9, 52, 25, 24, 64, 106, 74, 34, 235, 21, 103,
       141, 1, 61, 82, 59, 70, 226, 221, 34, 156, 180, 168, 56, 72, 10,
       242, 179, 131, 221, 207, 234, 211, 219, 131, 199, 236, 21, 60, 69,
       207, 2, 218, 243, 119, 29, 160, 245, 11, 4, 120, 56, 255, 116, 40,
       253, 81, 86, 227, 255, 164, 8, 59, 247, 67, 58, 129, 246, 236, 8,
       11, 107, 242, 33, 211, 203, 117, 57, 226, 208, 70, 123, 129, 221,
       31, 71, 176, 14, 111, 188, 116, 200, 126, 100, 245, 115, 137, 112,
       54, 110, 52, 110, 225, 144, 61, 47, 230, 175, 39, 128, 40, 242,
       129, 57, 93, 93, 125, 103, 48, 30, 71, 184, 96, 234, 191, 108, 83,
       113, 153, 114, 22, 196, 92, 110, 233, 176, 253, 46, 234, 239, 37,
       148, 106, 243, 66, 49, 125, 93, 125, 102, 184, 78, 71, 188, 225,
       232, 190, 72, 115, 119, 137, 115, 54, 244, 124, 106, 201, 161,
       249, 44, 243, 233, 101, 20, 104, 243, 66, 49, 252, 172, 253, 86,
       136, 109, 85, 187, 179, 190, 165, 24, 83, 119, 73, 31, 9, 214,
       108, 42, 56, 71, 251, 42, 217, 203, 117, 60, 226, 241, 198, 98,
       40, 165, 188, 122, 221, 253, 213, 143, 215, 61, 173, 25, 170, 189,
       78, 0, 201, 26, 195, 16, 30, 106, 122, 145, 207, 221, 20, 127,
       210, 76, 222, 202, 252, 164, 252, 114, 137, 105, 213, 222, 211,
       183, 189, 24, 67, 225, 79, 27, 9, 214, 236, 24, 58, 103, 219, 50,
       123, 207, 85, 125, 243, 249, 206, 34, 93, 93, 125, 102, 168, 78,
       87, 188, 160, 232, 191, 72, 215, 119, 137, 115, 20, 212, 124, 106,
       201, 131, 249, 44, 243, 233, 101, 20, 96, 179, 198, 49, 172, 48,
       185, 99, 173, 125, 81, 152, 91, 255, 181, 24, 223, 93, 73, 58,
       153, 24, 255, 58, 59, 102, 251, 18, 207, 219, 1, 127, 210, 235,
       70, 243, 149, 148, 153, 239, 180, 46, 111, 186, 54, 235, 223, 112,
       215, 119, 137, 96, 119, 94, 29, 62, 187, 148, 105, 62, 232, 239,
       39, 196, 160, 243, 129, 113, 93, 151, 29, 231, 176, 46, 79, 188,
       36, 232, 191, 96, 247, 119, 137, 112, 22, 214, 124, 106, 249, 129,
       105, 63, 233, 237, 37, 212, 32, 243, 132, 113, 252, 112, 189, 114,
       41, 111, 83, 152, 251, 191, 165, 24, 215, 215, 73, 59, 145, 220,
       124, 58, 42, 103, 251, 0, 219, 219, 97, 124, 226, 243, 70, 115,
       104, 180, 149, 99, 157, 109, 84, 157, 119, 59, 169, 88, 222, 123,
       72, 250, 145, 150, 108, 48, 59, 96, 219, 147, 143, 223, 21, 126,
       210, 74, 194, 2, 232, 181, 188, 250, 173, 205, 85, 47, 255, 63,
       173, 24, 190, 253, 72, 51, 137, 19, 235, 0, 122, 106, 250, 151,
       207, 219, 84, 123, 82, 72, 198, 106, 224, 172, 157, 255, 200, 237,
       21, 135, 158, 19, 96, 24, 182, 243, 64, 91, 129, 122, 106, 24, 50,
       76, 218, 49, 205, 163, 117, 120, 144, 88, 135, 170, 104, 124, 188,
       252, 141, 205, 85, 166, 223, 135, 164, 8, 174, 185, 101, 18, 201,
       242, 251, 0, 106, 111, 242, 187, 235, 223, 212, 59, 82, 88, 86,
       42, 52, 197, 25, 111, 148, 79, 71, 184, 118, 160, 171, 0, 83, 113,
       25, 112, 113, 196, 8, 122, 107, 176, 121, 31, 233, 174, 5, 20,
       113, 187, 80, 32, 72, 158, 148, 59, 171, 169, 16, 23, 190, 27, 34,
       117, 174, 243, 0, 218, 135, 51, 237, 16, 54, 72, 75, 51, 206, 243,
       116, 91, 218, 72, 136, 27, 77, 117, 16, 103, 17, 14, 118, 184,
       120, 168, 107, 68, 222, 115, 9, 112, 144, 76, 104, 106, 193, 176,
       217, 14, 229, 188, 5, 6, 74, 51, 67, 1, 205, 117, 185, 103, 112,
       78, 55, 184, 57, 232, 127, 108, 222, 119, 137, 50, 148, 93, 125,
       98, 225, 208, 249, 110, 231, 253, 37, 134, 74, 51, 7, 115, 21, 87,
       89, 101, 50, 6, 111, 56, 116, 232, 235, 196, 211, 3, 137, 112,
       118, 196, 12, 238, 233, 144, 109, 78, 228, 174, 35, 132, 40, 179,
       97, 49, 92, 101, 253, 103, 128, 74, 111, 56, 49, 166, 239, 8, 219,
       119, 153, 50, 50, 212, 125, 234, 104, 212, 233, 14, 231, 239, 229,
       133, 99, 243, 70, 96, 64, 48, 185, 101, 1, 111, 49, 0, 104, 224,
       35, 8, 214, 53, 73, 58, 144, 84, 104, 32, 1, 240, 241, 0, 197,
       156, 1, 52, 192, 34, 71, 34, 38, 229, 214, 191, 252, 11, 254, 232,
       63, 162, 251, 10, 204, 234, 61, 64, 251, 207, 127, 227, 96, 243,
       201, 255, 188, 254, 207, 182, 213, 123, 243, 129, 28, 229, 214,
       239, 190, 11, 254, 248, 63, 162, 251, 2, 207, 235, 29, 66, 251,
       199, 127, 227, 96, 241, 201, 254, 190, 255, 207, 148, 215, 251,
       227, 129, 92, 64, 188, 247, 44, 14, 125, 184, 174, 184, 191, 0,
       223, 251, 217, 75, 238, 85, 125, 107, 200, 193, 235, 160, 206,
       251, 239, 148, 4, 243, 1, 1, 129, 121, 19, 77, 64, 78, 39, 52,
       104, 194, 98, 72, 242, 16, 133, 181, 16, 124, 80, 106, 225, 180,
       181, 108, 37, 184, 0, 0, 75, 178, 99, 172, 92, 169, 252, 114, 154,
       201, 93, 207, 162, 181, 172, 184, 11, 231, 72, 26, 35, 147, 237,
       144, 26, 75, 170, 113, 251, 199, 53, 125, 224, 192, 134, 114, 92,
       16, 188, 246, 168, 12, 89, 24, 175, 185, 183, 40, 223, 247, 75,
       91, 167, 213, 125, 16, 154, 65, 235, 144, 219, 251, 119, 252, 128,
       160, 3, 3, 216, 176, 188, 240, 41, 141, 89, 26, 187, 251, 180, 24,
       159, 183, 64, 59, 135, 149, 125, 16, 186, 79, 242, 17, 219, 251,
       113, 254, 194, 128, 66, 123, 234, 188, 180, 248, 237, 189, 92,
       215, 255, 59, 180, 24, 190, 249, 84, 123, 205, 243, 255, 25, 186,
       111, 242, 243, 223, 219, 215, 122, 210, 200, 242, 170, 248, 188,
       190, 248, 173, 253, 81, 87, 255, 91, 180, 24, 191, 191, 66, 59,
       141, 179, 253, 24, 58, 111, 242, 147, 219, 219, 84, 122, 210, 72,
       198, 123, 212, 164, 156, 114, 170, 169, 21, 143, 186, 183, 164,
       185, 7, 167, 74, 27, 163, 215, 237, 16, 58, 77, 138, 50, 217, 195,
       117, 127, 224, 64, 135, 35, 105, 253, 184, 83, 221, 221, 119, 159,
       123, 247, 44, 28, 190, 61, 70, 182, 133, 78, 240, 28, 247, 120,
       251, 179, 111, 223, 21, 119, 202, 84, 203, 254, 69, 245, 189, 67,
       188, 111, 231, 152, 122, 251, 15, 72, 215, 113, 217, 42, 17, 68,
       120, 122, 243, 112, 249, 50, 237, 159, 101, 116, 200, 123, 209,
       33, 248, 170, 222, 120, 170, 233, 81, 87, 162, 31, 164, 185, 55,
       167, 66, 27, 39, 178, 237, 24, 58, 79, 130, 51, 219, 195, 112,
       121, 226, 192, 230, 123, 45, 113, 49, 97, 17, 95, 82, 8, 105, 232,
       173, 8, 222, 22, 77, 180, 152, 156, 68, 122, 73, 50, 241, 12, 167,
       220, 1, 118, 74, 35, 70, 38, 248, 34, 254, 112, 170, 41, 81, 87,
       162, 183, 164, 184, 23, 135, 66, 27, 47, 148, 69, 24, 56, 79, 130,
       0, 219, 193, 117, 125, 227, 192, 198, 51, 240, 170, 204, 180, 136,
       40, 93, 159, 178, 183, 166, 157, 119, 163, 67, 91, 67, 230, 109,
       148, 56, 79, 202, 32, 217, 163, 245, 61, 160, 240, 134, 106, 77,
       245, 148, 71, 177, 95, 119, 184, 121, 234, 47, 12, 222, 112, 77,
       182, 145, 84, 104, 106, 229, 240, 217, 14, 111, 223, 69, 6, 74,
       115, 75, 23, 240, 170, 222, 114, 168, 173, 81, 215, 178, 191, 164,
