%YAML:1.0
---
descriptors: !!opencv-matrix
   rows: 45
   cols: 32
   dt: u
   data: [ 62, 191, 230, 186, 253, 245, 158, 222, 159, 223, 156, 191,
       168, 236, 126, 142, 239, 219, 247, 149, 190, 107, 126, 243, 59,
       87, 223, 255, 151, 93, 191, 223, 245, 117, 85, 71, 236, 30, 71,
       184, 96, 232, 171, 76, 83, 112, 157, 183, 16, 196, 116, 110, 201,
       242, 253, 44, 48, 168, 101, 20, 107, 243, 66, 52, 190, 253, 190,
       190, 189, 127, 222, 232, 191, 254, 253, 27, 78, 254, 47, 19, 251,
       255, 255, 99, 108, 227, 251, 254, 251, 255, 207, 63, 243, 127,
       239, 87, 134, 172, 246, 255, 254, 171, 254, 239, 191, 179, 242,
       18, 237, 234, 93, 75, 255, 239, 127, 145, 178, 255, 203, 255, 190,
       251, 255, 212, 213, 249, 243, 129, 166, 172, 246, 223, 252, 171,
       238, 239, 191, 187, 242, 18, 236, 234, 93, 91, 251, 239, 127, 145,
       178, 255, 203, 255, 190, 254, 223, 180, 213, 248, 243, 137, 236,
       180, 180, 250, 173, 237, 84, 223, 251, 187, 181, 24, 222, 249, 72,
       27, 201, 210, 255, 16, 58, 111, 219, 177, 219, 219, 85, 127, 210,
       72, 194, 2, 252, 184, 188, 122, 173, 253, 85, 222, 251, 251, 181,
       24, 223, 255, 73, 59, 137, 247, 253, 18, 58, 111, 250, 177, 219,
       219, 85, 127, 194, 249, 198, 67, 221, 60, 189, 119, 173, 111, 85,
       159, 251, 250, 166, 24, 215, 117, 65, 59, 129, 86, 124, 24, 57,
       101, 251, 34, 203, 219, 117, 52, 192, 121, 198, 122, 236, 188,
       189, 115, 173, 109, 85, 155, 251, 251, 173, 24, 214, 117, 72, 59,
       129, 86, 124, 26, 59, 101, 251, 50, 207, 219, 85, 124, 194, 121,
       198, 114, 236, 180, 188, 115, 141, 125, 85, 159, 219, 59, 165, 24,
       214, 125, 72, 59, 137, 86, 104, 26, 58, 103, 251, 19, 207, 219,
       85, 125, 210, 89, 198, 34, 236, 172, 180, 250, 141, 253, 86, 175,
       215, 147, 165, 24, 250, 249, 72, 27, 201, 242, 251, 18, 58, 111,
       250, 179, 235, 219, 85, 123, 210, 89, 246, 10, 253, 121, 252, 246,
       169, 95, 95, 152, 51, 254, 181, 29, 223, 95, 75, 59, 159, 213,
       253, 114, 237, 103, 251, 32, 251, 219, 101, 181, 234, 243, 206,
       83, 254, 252, 182, 254, 237, 127, 95, 236, 191, 254, 253, 27, 238,
       255, 111, 95, 253, 223, 255, 226, 104, 103, 251, 251, 255, 255,
       207, 63, 147, 127, 230, 243, 220, 20, 156, 247, 172, 110, 93, 154,
       190, 187, 183, 16, 223, 127, 9, 91, 199, 215, 125, 42, 56, 197,
       219, 34, 203, 251, 119, 84, 160, 241, 129, 3, 242, 172, 182, 254,
       205, 141, 252, 239, 255, 187, 242, 26, 238, 234, 124, 91, 233,
       239, 127, 145, 250, 111, 219, 243, 159, 250, 223, 120, 209, 104,
       243, 136, 104, 188, 180, 250, 189, 173, 88, 223, 223, 187, 160,
       24, 234, 251, 92, 27, 201, 230, 127, 16, 186, 107, 219, 241, 155,
       251, 215, 126, 210, 72, 210, 10, 108, 176, 180, 250, 173, 237, 80,
       223, 219, 59, 164, 24, 238, 249, 92, 27, 201, 194, 127, 16, 58,
       111, 218, 177, 219, 219, 85, 126, 210, 72, 210, 10, 217, 188, 191,
       118, 168, 108, 85, 183, 250, 251, 166, 24, 247, 247, 64, 123, 129,
       119, 124, 8, 57, 109, 251, 32, 219, 235, 117, 16, 192, 96, 135,
       123, 252, 188, 189, 115, 173, 109, 85, 159, 251, 251, 172, 24,
       215, 245, 72, 59, 129, 86, 124, 24, 59, 111, 251, 50, 203, 219,
       85, 125, 194, 121, 198, 98, 236, 52, 188, 245, 173, 45, 85, 27,
       251, 187, 189, 24, 223, 249, 73, 26, 133, 215, 125, 24, 184, 101,
       219, 130, 207, 223, 117, 124, 194, 232, 195, 3, 253, 180, 188,
       112, 173, 252, 81, 31, 251, 251, 183, 24, 159, 189, 90, 59, 133,
       215, 253, 25, 187, 111, 242, 130, 219, 251, 117, 127, 194, 64,
       198, 115, 252, 244, 188, 122, 141, 109, 85, 143, 219, 59, 165, 24,
       242, 253, 72, 59, 201, 210, 108, 24, 58, 111, 251, 51, 219, 219,
       85, 127, 210, 89, 214, 34, 236, 188, 188, 250, 141, 253, 85, 142,
       223, 59, 165, 24, 242, 249, 72, 59, 201, 210, 249, 18, 58, 111,
       250, 179, 219, 219, 85, 123, 210, 89, 214, 42, 208, 188, 191, 118,
       168, 108, 85, 151, 242, 219, 166, 24, 247, 247, 64, 123, 161, 247,
       124, 8, 57, 77, 179, 33, 219, 235, 117, 24, 224, 96, 134, 59, 220,
       60, 255, 114, 170, 104, 83, 26, 187, 183, 175, 184, 223, 247, 201,
       59, 39, 215, 237, 146, 56, 71, 171, 98, 219, 215, 117, 125, 226,
       225, 7, 115, 220, 60, 191, 114, 137, 110, 81, 202, 187, 191, 167,
       24, 94, 247, 65, 59, 161, 246, 232, 18, 56, 103, 186, 98, 219,
       211, 85, 59, 192, 97, 70, 98, 248, 184, 255, 122, 170, 237, 81,
       215, 162, 31, 164, 56, 63, 183, 64, 59, 163, 179, 125, 16, 58,
       111, 178, 49, 219, 235, 116, 121, 224, 192, 230, 123, 213, 83, 93,
       231, 44, 14, 79, 184, 100, 170, 179, 100, 215, 87, 137, 115, 86,
       84, 124, 106, 233, 197, 105, 44, 225, 235, 101, 148, 40, 187, 0,
       33, 125, 85, 93, 102, 168, 78, 71, 184, 224, 248, 175, 72, 83,
       115, 137, 115, 0, 212, 124, 106, 201, 99, 253, 44, 241, 233, 101,
       28, 106, 243, 66, 48, 134, 205, 166, 158, 148, 162, 142, 238, 150,
       146, 88, 146, 104, 238, 57, 73, 89, 107, 51, 227, 240, 204, 10,
       255, 40, 38, 223, 196, 149, 127, 176, 128, 222, 248, 254, 254, 43,
       212, 31, 252, 191, 206, 244, 43, 124, 255, 47, 113, 255, 251, 255,
       194, 234, 71, 186, 251, 243, 251, 239, 187, 51, 119, 39, 123, 111,
       245, 172, 185, 189, 117, 220, 223, 159, 255, 156, 29, 159, 255,
       90, 42, 205, 219, 255, 149, 190, 75, 251, 243, 239, 223, 223, 255,
       150, 92, 150, 218, 117, 71, 68, 7, 180, 30, 78, 188, 96, 232, 187,
       76, 83, 96, 159, 210, 20, 196, 108, 110, 237, 176, 205, 46, 52,
       46, 37, 20, 109, 243, 90, 5, 253, 188, 189, 118, 173, 237, 85,
       151, 251, 251, 166, 24, 247, 247, 64, 59, 129, 118, 124, 24, 57,
       109, 251, 34, 219, 219, 85, 120, 192, 112, 199, 122, 217, 156,
       191, 117, 168, 110, 85, 55, 248, 250, 166, 92, 247, 55, 64, 123,
       133, 118, 124, 10, 185, 237, 243, 42, 195, 251, 119, 16, 200, 224,
       131, 59, 104, 181, 184, 112, 153, 237, 85, 143, 179, 63, 172, 25,
       150, 183, 74, 26, 129, 27, 233, 16, 58, 75, 250, 19, 203, 215, 21,
       127, 192, 64, 134, 122, 221, 83, 93, 103, 40, 78, 79, 184, 33,
       232, 179, 100, 215, 119, 137, 115, 22, 212, 124, 110, 233, 193,
       249, 12, 225, 235, 101, 148, 42, 179, 2, 49, 107, 188, 172, 240,
       189, 253, 221, 159, 155, 251, 156, 29, 159, 189, 94, 42, 205, 215,
       253, 29, 186, 107, 251, 178, 255, 223, 221, 255, 146, 220, 214,
       91, 252, 184, 188, 250, 173, 237, 80, 222, 191, 187, 181, 24, 254,
       249, 72, 27, 137, 211, 253, 16, 58, 111, 218, 177, 219, 219, 85,
       127, 210, 72, 194, 3, 208, 188, 191, 118, 168, 108, 85, 183, 250,
       251, 166, 24, 247, 247, 64, 123, 161, 247, 124, 8, 57, 77, 187,
       32, 219, 235, 117, 24, 224, 112, 135, 59, 252, 248, 188, 126, 41,
       205, 83, 216, 235, 187, 181, 8, 255, 223, 73, 59, 133, 247, 253,
       90, 74, 103, 250, 49, 219, 251, 117, 59, 98, 179, 70, 59, 117, 7,
       93, 103, 188, 46, 71, 185, 96, 184, 187, 76, 211, 97, 153, 115,
       16, 198, 108, 110, 249, 225, 201, 12, 232, 233, 101, 148, 104,
       243, 194, 33, 216, 188, 191, 118, 168, 108, 81, 151, 242, 191,
       166, 24, 183, 247, 64, 59, 167, 246, 125, 24, 59, 111, 178, 33,
       219, 235, 117, 56, 224, 96, 198, 123, 248, 188, 191, 120, 168,
       237, 81, 215, 243, 91, 164, 24, 63, 247, 64, 59, 163, 247, 124,
       24, 59, 111, 178, 51, 219, 235, 117, 120, 224, 64, 198, 123, 252,
       180, 189, 114, 173, 109, 85, 159, 219, 123, 165, 24, 215, 253, 72,
       59, 137, 214, 124, 26, 58, 103, 251, 51, 207, 219, 85, 125, 210,
       121, 214, 34 ]
