%YAML:1.0
---
descriptors: !!opencv-matrix
   rows: 189
   cols: 32
   dt: u
   data: [ 212, 52, 189, 114, 138, 108, 81, 26, 178, 183, 167, 24, 215,
       247, 73, 27, 35, 212, 109, 18, 56, 69, 187, 2, 217, 195, 117, 125,
       224, 225, 6, 34, 209, 20, 157, 101, 40, 78, 69, 57, 224, 242, 162,
       72, 215, 51, 0, 123, 38, 212, 124, 42, 105, 197, 241, 12, 225,
       171, 101, 20, 40, 240, 2, 49, 249, 186, 220, 50, 40, 140, 88, 154,
       163, 125, 180, 189, 63, 247, 194, 26, 135, 247, 253, 20, 142, 79,
       202, 49, 218, 195, 117, 249, 168, 128, 14, 91, 252, 116, 189, 114,
       136, 109, 71, 158, 178, 191, 173, 24, 83, 247, 73, 59, 17, 214,
       108, 90, 58, 103, 251, 50, 249, 203, 117, 124, 224, 211, 198, 96,
       233, 174, 148, 48, 233, 189, 96, 223, 51, 187, 112, 93, 47, 225,
       210, 153, 177, 174, 102, 28, 54, 126, 138, 51, 94, 219, 117, 233,
       226, 196, 202, 137, 93, 38, 152, 182, 168, 56, 72, 10, 251, 183,
       163, 25, 207, 226, 219, 219, 147, 199, 108, 20, 60, 69, 207, 2,
       218, 247, 119, 61, 160, 225, 10, 0, 252, 188, 220, 114, 200, 45,
       85, 222, 178, 183, 165, 25, 23, 247, 75, 27, 1, 214, 109, 24, 58,
       71, 218, 50, 219, 203, 117, 125, 226, 241, 198, 162, 85, 69, 125,
       103, 22, 78, 103, 184, 100, 160, 171, 64, 211, 113, 25, 112, 50,
       212, 92, 106, 233, 176, 93, 46, 231, 239, 37, 20, 104, 179, 192,
       32, 244, 76, 252, 118, 168, 110, 85, 184, 176, 178, 166, 24, 247,
       119, 1, 123, 135, 215, 108, 42, 104, 101, 203, 46, 243, 171, 101,
       16, 96, 241, 66, 35, 224, 140, 157, 254, 232, 237, 21, 183, 154,
       23, 96, 24, 182, 243, 64, 91, 193, 122, 106, 8, 114, 78, 218, 51,
       205, 163, 118, 56, 144, 88, 135, 170, 212, 167, 188, 247, 172, 47,
       213, 175, 218, 190, 187, 24, 215, 105, 89, 11, 135, 71, 108, 43,
       120, 101, 203, 42, 232, 139, 117, 52, 192, 249, 195, 33, 252, 124,
       172, 246, 140, 109, 85, 158, 210, 178, 134, 24, 215, 249, 81, 43,
       137, 246, 125, 115, 56, 103, 219, 34, 217, 195, 245, 125, 136,
       121, 222, 18, 76, 117, 121, 103, 50, 14, 63, 56, 41, 228, 111,
       173, 223, 119, 139, 16, 22, 85, 205, 110, 65, 208, 249, 76, 231,
       253, 33, 4, 66, 179, 7, 113, 211, 174, 151, 176, 139, 169, 16,
       199, 187, 155, 128, 253, 174, 226, 64, 223, 167, 167, 236, 21, 63,
       79, 130, 243, 152, 242, 94, 122, 136, 68, 139, 15, 124, 97, 10,
       62, 9, 196, 87, 104, 161, 192, 237, 9, 114, 243, 11, 18, 216, 224,
       121, 238, 72, 67, 218, 45, 243, 253, 133, 25, 16, 51, 126, 66,
       248, 48, 255, 112, 10, 201, 65, 80, 160, 23, 165, 56, 55, 151, 64,
       27, 38, 176, 108, 24, 58, 79, 178, 0, 209, 129, 112, 120, 96, 128,
       70, 98, 109, 103, 20, 71, 164, 30, 102, 184, 121, 170, 127, 76,
       215, 96, 153, 182, 149, 70, 108, 110, 225, 240, 233, 46, 166, 255,
       101, 20, 74, 243, 202, 37, 116, 225, 121, 78, 93, 79, 71, 232, 67,
       36, 173, 8, 83, 117, 12, 48, 88, 220, 80, 106, 72, 98, 249, 28,
       119, 217, 5, 61, 113, 187, 70, 98, 220, 36, 156, 114, 168, 104,
       81, 27, 178, 183, 173, 56, 215, 247, 72, 26, 35, 151, 109, 16, 58,
       71, 235, 2, 219, 199, 117, 125, 224, 192, 134, 35, 145, 142, 79,
       101, 48, 42, 107, 54, 116, 163, 106, 208, 243, 35, 144, 112, 83,
       206, 44, 44, 169, 188, 69, 14, 236, 175, 32, 0, 236, 226, 64, 40,
       213, 221, 95, 102, 168, 14, 71, 180, 224, 202, 174, 76, 119, 115,
       129, 115, 36, 230, 124, 106, 233, 225, 153, 45, 241, 235, 101, 16,
       104, 243, 194, 41, 237, 134, 92, 67, 180, 31, 71, 186, 118, 63,
       62, 124, 211, 96, 138, 113, 23, 206, 12, 126, 254, 244, 109, 63,
       238, 143, 37, 116, 250, 217, 200, 1, 226, 170, 206, 80, 201, 185,
       240, 207, 187, 55, 164, 153, 35, 225, 70, 31, 73, 178, 235, 16,
       58, 111, 222, 49, 30, 3, 85, 123, 225, 72, 206, 154, 65, 49, 29,
       101, 1, 79, 99, 0, 104, 160, 34, 8, 214, 17, 1, 50, 128, 84, 72,
       106, 65, 240, 177, 12, 197, 184, 0, 0, 72, 35, 67, 34, 242, 186,
       158, 220, 235, 181, 25, 207, 171, 191, 132, 189, 38, 231, 70, 31,
       135, 247, 237, 16, 26, 79, 138, 113, 155, 179, 93, 255, 128, 96,
       142, 111, 100, 180, 157, 82, 200, 173, 69, 174, 250, 59, 169, 88,
       214, 240, 72, 59, 129, 82, 106, 18, 59, 107, 219, 51, 189, 150,
       85, 126, 208, 88, 194, 34, 244, 52, 220, 114, 136, 109, 85, 223,
       178, 183, 165, 25, 23, 243, 75, 27, 129, 214, 109, 24, 58, 71,
       218, 50, 219, 195, 117, 125, 224, 241, 134, 34, 212, 196, 92, 247,
       144, 106, 69, 175, 180, 178, 166, 16, 83, 115, 8, 83, 33, 214,
       108, 170, 104, 205, 89, 46, 249, 163, 245, 21, 32, 112, 228, 42,
       212, 172, 189, 117, 168, 46, 77, 142, 246, 183, 162, 16, 215, 235,
       81, 123, 131, 87, 108, 24, 42, 205, 239, 34, 201, 171, 119, 21,
       224, 240, 135, 32, 192, 172, 157, 255, 200, 237, 53, 150, 190, 31,
       32, 24, 182, 243, 64, 91, 129, 122, 106, 8, 50, 76, 218, 51, 205,
       167, 116, 120, 144, 88, 135, 170, 213, 128, 189, 59, 136, 109, 17,
       143, 222, 51, 161, 24, 247, 112, 72, 123, 129, 83, 104, 16, 50,
       109, 219, 49, 201, 218, 85, 124, 208, 72, 129, 42, 77, 103, 29,
       103, 52, 14, 102, 56, 120, 168, 107, 76, 214, 97, 25, 48, 144,
       100, 108, 110, 225, 240, 217, 46, 229, 255, 37, 4, 72, 243, 66,
       33, 76, 97, 120, 103, 114, 26, 127, 56, 41, 164, 111, 168, 223,
       119, 137, 112, 22, 93, 213, 110, 64, 144, 233, 78, 231, 253, 33,
       132, 98, 179, 7, 96, 100, 97, 104, 101, 116, 26, 126, 40, 105,
       160, 111, 9, 215, 9, 29, 48, 146, 76, 121, 111, 68, 240, 201, 12,
       102, 253, 1, 53, 100, 179, 90, 0, 248, 172, 254, 116, 138, 232,
       81, 23, 179, 151, 164, 56, 55, 167, 64, 27, 33, 182, 109, 24, 58,
       79, 162, 1, 217, 227, 116, 121, 224, 192, 134, 42, 208, 184, 191,
       240, 138, 236, 81, 23, 166, 83, 166, 24, 183, 183, 64, 123, 35,
       183, 108, 16, 59, 109, 147, 49, 217, 163, 117, 89, 224, 192, 135,
       58, 120, 168, 223, 114, 168, 237, 81, 214, 226, 31, 164, 24, 55,
       243, 64, 59, 129, 246, 109, 16, 58, 111, 250, 33, 219, 203, 117,
       121, 224, 192, 206, 106, 193, 190, 143, 27, 170, 168, 161, 135,
       190, 83, 130, 244, 180, 226, 192, 127, 39, 103, 106, 157, 51, 77,
       143, 115, 140, 34, 127, 248, 136, 64, 131, 57, 108, 225, 57, 110,
       93, 77, 71, 168, 3, 80, 173, 8, 242, 83, 9, 16, 216, 200, 89, 106,
       74, 66, 251, 29, 231, 253, 5, 62, 82, 59, 86, 226, 69, 245, 57,
       103, 117, 78, 119, 184, 121, 236, 110, 12, 222, 113, 9, 48, 144,
       92, 80, 106, 193, 176, 249, 46, 111, 223, 5, 6, 74, 51, 71, 243,
       212, 84, 157, 127, 168, 110, 69, 184, 240, 250, 167, 88, 215, 119,
       9, 123, 129, 215, 108, 106, 105, 69, 251, 42, 193, 235, 101, 28,
       96, 241, 38, 51, 220, 52, 189, 118, 136, 108, 85, 158, 242, 183,
       175, 24, 215, 247, 73, 59, 1, 214, 108, 26, 57, 103, 251, 34, 217,
       139, 117, 60, 224, 113, 198, 34, 244, 180, 189, 114, 168, 109, 85,
       255, 243, 183, 172, 24, 119, 247, 72, 59, 133, 214, 108, 16, 59,
       107, 250, 34, 219, 215, 117, 125, 224, 225, 134, 98, 248, 32, 255,
       112, 42, 200, 81, 83, 163, 31, 164, 184, 23, 151, 64, 27, 39, 176,
       109, 24, 58, 79, 162, 1, 209, 193, 112, 120, 226, 128, 38, 99,
       120, 176, 59, 120, 27, 237, 81, 87, 227, 21, 172, 24, 54, 149, 64,
       56, 161, 146, 72, 16, 26, 43, 178, 21, 219, 197, 16, 123, 226, 0,
       198, 107, 221, 89, 215, 118, 42, 76, 71, 180, 225, 242, 166, 88,
       119, 115, 129, 123, 34, 244, 124, 106, 105, 101, 187, 40, 241,
       235, 101, 24, 106, 243, 194, 48, 72, 56, 155, 112, 40, 236, 81,
       18, 170, 27, 38, 56, 191, 151, 64, 122, 135, 117, 108, 24, 3, 73,
       178, 1, 193, 241, 112, 104, 128, 128, 7, 51, 246, 56, 223, 146,
       202, 96, 5, 207, 187, 247, 128, 189, 6, 230, 207, 95, 195, 207,
       106, 20, 63, 79, 206, 96, 152, 2, 93, 126, 128, 112, 166, 117, 97,
       97, 17, 69, 21, 14, 100, 2, 104, 160, 106, 8, 146, 16, 16, 48,
