%YAML:1.0
---
descriptors: !!opencv-matrix
   rows: 179
   cols: 32
   dt: u
   data: [ 100, 53, 149, 99, 169, 111, 71, 136, 58, 251, 47, 24, 214,
       119, 73, 63, 145, 86, 104, 122, 49, 64, 251, 2, 207, 255, 69, 118,
       192, 115, 198, 98, 81, 143, 95, 103, 176, 46, 110, 183, 116, 136,
       122, 228, 243, 35, 144, 112, 23, 230, 108, 46, 249, 188, 77, 47,
       236, 175, 36, 208, 232, 242, 192, 41, 36, 225, 49, 75, 221, 77,
       71, 136, 74, 48, 45, 8, 210, 85, 77, 52, 145, 92, 64, 106, 67, 48,
       249, 21, 109, 156, 5, 118, 80, 59, 70, 32, 252, 36, 252, 118, 137,
       109, 85, 223, 179, 183, 164, 25, 19, 247, 75, 27, 1, 214, 109, 24,
       58, 71, 218, 34, 219, 203, 117, 61, 226, 240, 198, 34, 252, 217,
       85, 78, 201, 92, 70, 184, 65, 82, 164, 72, 122, 117, 141, 247, 80,
       244, 236, 106, 73, 35, 251, 61, 49, 250, 69, 62, 90, 187, 70, 52,
       252, 120, 253, 118, 168, 108, 85, 159, 243, 187, 174, 24, 91, 255,
       73, 59, 129, 215, 125, 26, 56, 99, 250, 34, 219, 235, 117, 61,
       224, 241, 198, 99, 93, 69, 93, 103, 20, 78, 71, 184, 100, 160,
       171, 72, 211, 113, 17, 112, 50, 212, 92, 106, 105, 176, 93, 46,
       239, 239, 37, 20, 97, 179, 64, 32, 96, 145, 149, 249, 157, 237,
       65, 175, 75, 57, 40, 24, 182, 55, 72, 114, 129, 19, 104, 0, 27,
       104, 211, 49, 173, 150, 84, 126, 80, 88, 196, 42, 192, 140, 157,
       255, 136, 173, 21, 135, 178, 23, 96, 24, 247, 243, 64, 91, 129,
       122, 104, 24, 50, 76, 218, 51, 205, 163, 117, 120, 144, 80, 135,
       42, 67, 59, 19, 165, 50, 138, 58, 52, 41, 76, 90, 237, 175, 2,
       130, 208, 182, 61, 205, 69, 197, 152, 132, 76, 164, 244, 42, 130,
       44, 6, 3, 93, 116, 197, 93, 101, 22, 79, 71, 184, 116, 160, 171,
       8, 83, 113, 9, 112, 49, 212, 72, 106, 104, 176, 121, 30, 249, 175,
       5, 20, 113, 187, 64, 34, 69, 113, 25, 101, 17, 79, 115, 8, 104,
       224, 34, 8, 150, 17, 65, 50, 144, 92, 104, 98, 65, 240, 177, 8,
       229, 152, 1, 6, 72, 35, 67, 50, 98, 173, 148, 186, 153, 237, 6,
       199, 159, 19, 168, 25, 166, 242, 100, 146, 201, 123, 234, 81, 126,
       107, 218, 51, 169, 150, 93, 123, 208, 88, 135, 14, 205, 84, 157,
       119, 129, 110, 119, 184, 121, 250, 167, 16, 222, 115, 9, 123, 147,
       85, 124, 42, 105, 244, 249, 74, 231, 251, 71, 6, 202, 115, 195,
       51, 77, 117, 157, 103, 164, 111, 71, 152, 114, 250, 47, 12, 215,
       113, 89, 58, 17, 68, 124, 122, 17, 112, 249, 2, 237, 223, 101,
       116, 202, 243, 195, 48, 208, 144, 157, 252, 8, 68, 69, 55, 162,
       19, 162, 24, 119, 55, 0, 123, 1, 246, 124, 8, 89, 77, 179, 1, 155,
       227, 112, 88, 40, 160, 132, 56, 240, 34, 255, 112, 138, 232, 81,
       83, 162, 151, 165, 184, 23, 135, 64, 27, 35, 178, 109, 24, 58, 79,
       162, 0, 219, 195, 112, 120, 224, 192, 198, 98, 248, 42, 251, 100,
       10, 104, 81, 80, 160, 132, 164, 40, 19, 151, 65, 27, 32, 244, 68,
       24, 8, 71, 162, 8, 211, 193, 97, 57, 224, 161, 102, 98, 100, 113,
       56, 98, 88, 15, 71, 248, 96, 172, 237, 12, 215, 83, 9, 16, 144,
       220, 64, 106, 72, 50, 248, 28, 227, 221, 1, 60, 64, 179, 70, 162,
       248, 188, 183, 114, 169, 252, 81, 215, 179, 31, 164, 25, 47, 247,
       64, 159, 161, 183, 237, 16, 58, 79, 178, 49, 219, 211, 84, 123,
       226, 192, 134, 107, 242, 190, 245, 80, 168, 205, 84, 223, 251,
       187, 176, 120, 18, 252, 196, 51, 143, 247, 108, 0, 187, 111, 194,
       99, 187, 154, 117, 250, 73, 64, 198, 63, 172, 79, 78, 62, 152,
       219, 71, 189, 212, 214, 70, 148, 227, 225, 171, 103, 64, 102, 234,
       110, 108, 229, 111, 62, 226, 227, 101, 25, 114, 253, 220, 68, 221,
       110, 200, 87, 148, 58, 78, 152, 115, 175, 230, 20, 67, 96, 159,
       88, 113, 206, 44, 190, 172, 212, 237, 42, 194, 239, 181, 5, 227,
       241, 122, 68, 205, 142, 220, 67, 176, 63, 86, 186, 118, 47, 63,
       124, 211, 96, 138, 112, 23, 198, 76, 62, 190, 240, 109, 63, 238,
       143, 37, 84, 248, 243, 200, 1, 252, 78, 157, 118, 168, 44, 92,
       191, 177, 186, 163, 56, 223, 243, 73, 219, 135, 215, 236, 10, 104,
       71, 203, 34, 211, 235, 117, 29, 224, 241, 202, 3, 220, 140, 92,
       246, 154, 106, 70, 175, 180, 178, 166, 25, 87, 99, 9, 91, 33, 246,
       109, 170, 120, 197, 73, 47, 249, 227, 229, 85, 32, 240, 140, 2,
       69, 103, 133, 103, 164, 14, 103, 184, 122, 170, 43, 76, 215, 97,
       217, 50, 145, 68, 108, 110, 193, 240, 201, 42, 236, 190, 101, 4,
       72, 243, 67, 33, 244, 180, 253, 126, 137, 116, 85, 207, 179, 191,
       173, 56, 99, 247, 78, 59, 129, 247, 236, 16, 62, 67, 170, 51, 219,
       251, 117, 255, 160, 112, 134, 67, 65, 113, 17, 101, 81, 78, 55,
       32, 104, 224, 106, 8, 150, 17, 1, 48, 144, 92, 64, 106, 65, 240,
       241, 14, 165, 156, 1, 2, 72, 51, 67, 34, 232, 118, 252, 113, 235,
       121, 21, 158, 219, 191, 52, 57, 174, 57, 203, 27, 135, 82, 237,
       16, 34, 100, 235, 146, 207, 211, 117, 191, 226, 216, 198, 107,
       216, 168, 189, 112, 138, 232, 81, 15, 162, 183, 164, 24, 55, 167,
       64, 27, 35, 151, 236, 16, 58, 79, 162, 1, 217, 227, 117, 121, 224,
       192, 134, 98, 252, 160, 252, 114, 44, 205, 81, 216, 242, 63, 165,
       24, 23, 217, 72, 59, 129, 178, 236, 80, 58, 107, 250, 49, 219,
       195, 113, 121, 224, 129, 198, 42, 108, 228, 57, 111, 25, 77, 67,
       168, 83, 52, 173, 8, 242, 119, 73, 48, 217, 92, 104, 106, 75, 98,
       251, 63, 239, 223, 5, 124, 80, 59, 70, 98, 197, 116, 157, 103,
       161, 110, 119, 152, 120, 234, 47, 24, 222, 113, 73, 59, 145, 84,
       104, 42, 97, 244, 249, 10, 229, 190, 69, 22, 200, 115, 67, 35, 92,
       162, 220, 112, 138, 137, 81, 219, 162, 181, 165, 189, 15, 195, 74,
       26, 39, 151, 237, 16, 26, 79, 138, 16, 219, 193, 53, 125, 224,
       128, 142, 18, 248, 34, 218, 112, 10, 169, 81, 87, 162, 183, 164,
       185, 23, 135, 66, 27, 43, 176, 77, 24, 24, 79, 130, 0, 219, 193,
       112, 121, 224, 128, 134, 42, 100, 103, 57, 103, 112, 15, 71, 184,
       96, 172, 109, 72, 211, 81, 73, 16, 144, 76, 68, 106, 72, 242, 249,
       44, 229, 157, 37, 52, 64, 179, 70, 161, 120, 188, 255, 82, 233,
       253, 81, 199, 163, 23, 164, 24, 42, 247, 68, 191, 171, 178, 236,
       16, 58, 111, 178, 113, 155, 219, 84, 123, 227, 192, 198, 111, 194,
       170, 148, 250, 233, 173, 72, 222, 187, 59, 160, 89, 174, 235, 64,
       159, 165, 231, 125, 156, 50, 79, 202, 241, 158, 250, 85, 250, 162,
       208, 195, 1, 245, 110, 234, 119, 148, 42, 71, 142, 115, 174, 230,
       53, 67, 104, 159, 90, 113, 206, 44, 174, 172, 244, 237, 42, 242,
       239, 245, 5, 225, 241, 246, 68, 141, 142, 252, 83, 176, 63, 119,
       186, 118, 190, 102, 92, 211, 97, 139, 113, 23, 70, 110, 62, 182,
       244, 109, 63, 110, 159, 37, 84, 218, 249, 64, 65, 221, 38, 156,
       52, 184, 56, 76, 142, 123, 191, 162, 125, 207, 106, 219, 219, 147,
       207, 236, 60, 60, 71, 207, 34, 250, 243, 117, 61, 128, 241, 203,
       1, 61, 69, 83, 103, 148, 78, 71, 188, 117, 226, 238, 64, 83, 113,
       9, 244, 112, 206, 76, 106, 105, 177, 25, 46, 227, 239, 37, 20,
       107, 251, 240, 32, 141, 117, 244, 7, 54, 15, 119, 188, 127, 230,
       110, 140, 223, 113, 147, 37, 22, 108, 116, 111, 225, 240, 253, 46,
       108, 62, 69, 4, 78, 255, 81, 117, 245, 38, 149, 114, 168, 44, 68,
       143, 187, 187, 161, 120, 199, 226, 201, 159, 135, 199, 108, 18,
       58, 71, 202, 34, 152, 210, 85, 62, 192, 113, 131, 37, 77, 112,
       177, 71, 96, 78, 103, 184, 105, 234, 119, 76, 222, 87, 221, 62,
       148, 84, 116, 106, 193, 244, 249, 72, 103, 184, 101, 4, 74, 179,
       67, 177, 97, 181, 17, 99, 217, 13, 80, 173, 123, 57, 41, 88, 198,
       89, 72, 148, 145, 30, 104, 48, 91, 112, 217, 23, 175, 220, 21,
       118, 216, 10, 194, 6, 244, 142, 30, 190, 152, 162, 22, 239, 180,
       147, 134, 57, 119, 115, 34, 83, 193, 247, 236, 48, 56, 207, 9, 63,
       249, 231, 117, 81, 160, 112, 172, 10, 3, 119, 251, 6, 242, 240,
       190, 71, 232, 205, 124, 231, 44, 254, 231, 160, 182, 123, 210,
