%YAML:1.0
---
descriptors: !!opencv-matrix
   rows: 342
   cols: 32
   dt: u
   data: [ 120, 169, 219, 120, 152, 200, 81, 231, 179, 21, 164, 56, 51,
       183, 66, 16, 1, 186, 77, 16, 90, 75, 226, 53, 251, 201, 52, 121,
       98, 128, 238, 106, 120, 188, 189, 116, 170, 108, 85, 159, 251,
       183, 174, 24, 55, 183, 66, 122, 163, 86, 109, 0, 18, 75, 186, 34,
       217, 231, 117, 63, 226, 240, 198, 107, 236, 180, 189, 251, 173,
       253, 81, 11, 219, 127, 165, 24, 222, 253, 72, 59, 137, 18, 249,
       16, 59, 108, 251, 145, 207, 219, 81, 127, 210, 72, 198, 98, 232,
       188, 180, 254, 205, 253, 84, 135, 223, 91, 164, 24, 174, 253, 100,
       63, 201, 50, 251, 16, 58, 111, 242, 179, 203, 223, 84, 123, 210,
       92, 214, 106, 240, 188, 255, 116, 138, 232, 81, 87, 162, 23, 164,
       24, 51, 183, 64, 27, 39, 246, 108, 8, 58, 79, 178, 33, 209, 235,
       112, 120, 224, 192, 198, 123, 120, 184, 255, 120, 138, 252, 81,
       151, 162, 87, 164, 24, 55, 151, 192, 58, 39, 182, 236, 152, 27,
       79, 178, 49, 219, 233, 116, 121, 224, 128, 230, 122, 249, 186,
       222, 48, 42, 173, 89, 215, 163, 127, 180, 189, 63, 247, 66, 27,
       167, 247, 253, 4, 190, 79, 130, 1, 219, 227, 113, 249, 162, 196,
       142, 91, 144, 168, 155, 115, 144, 230, 98, 215, 118, 3, 226, 16,
       115, 243, 40, 24, 249, 254, 8, 136, 58, 221, 25, 47, 219, 207, 55,
       64, 160, 192, 226, 42, 81, 141, 93, 101, 146, 46, 71, 183, 100,
       32, 170, 64, 247, 115, 0, 112, 50, 246, 108, 106, 24, 169, 121,
       60, 235, 239, 37, 80, 96, 226, 192, 40, 240, 141, 92, 116, 168,
       106, 93, 39, 184, 178, 166, 24, 119, 55, 0, 83, 3, 215, 108, 106,
       120, 77, 193, 14, 241, 171, 101, 16, 96, 240, 198, 40, 96, 213,
       149, 121, 173, 109, 69, 175, 123, 57, 40, 24, 214, 50, 76, 122,
       129, 151, 104, 0, 27, 104, 219, 83, 173, 182, 84, 126, 208, 88,
       196, 42, 124, 197, 93, 103, 21, 79, 71, 184, 101, 160, 171, 8, 83,
       113, 25, 112, 48, 212, 72, 106, 104, 160, 121, 31, 239, 239, 5,
       20, 113, 187, 64, 34, 53, 101, 59, 102, 81, 71, 231, 232, 112,
       160, 235, 8, 80, 223, 45, 48, 184, 221, 82, 235, 65, 243, 184,
       111, 117, 172, 143, 4, 65, 51, 103, 162, 5, 117, 17, 71, 81, 79,
       119, 56, 104, 232, 111, 8, 214, 81, 9, 52, 144, 92, 80, 106, 65,
       240, 217, 14, 101, 156, 5, 22, 72, 51, 67, 178, 124, 173, 255,
       114, 138, 233, 81, 198, 178, 183, 172, 24, 3, 183, 64, 27, 35,
       243, 237, 16, 58, 107, 170, 34, 219, 195, 117, 121, 225, 209, 134,
       98, 109, 101, 49, 103, 245, 31, 118, 184, 121, 232, 59, 73, 218,
       57, 157, 180, 148, 76, 85, 110, 196, 240, 201, 142, 167, 253, 5,
       6, 66, 183, 66, 199, 129, 174, 159, 187, 236, 169, 105, 159, 254,
       19, 66, 240, 181, 227, 232, 75, 67, 42, 42, 12, 51, 92, 207, 51,
       204, 131, 127, 104, 152, 192, 161, 168, 145, 142, 141, 123, 160,
       170, 109, 151, 118, 11, 102, 240, 243, 227, 144, 121, 19, 110, 36,
       28, 51, 252, 77, 59, 204, 171, 117, 0, 184, 192, 224, 40, 166, 93,
       150, 190, 153, 205, 22, 224, 159, 134, 233, 9, 230, 240, 41, 149,
       217, 121, 234, 98, 108, 99, 90, 190, 185, 246, 69, 59, 208, 123,
       14, 134, 182, 69, 150, 190, 217, 199, 22, 232, 159, 134, 233, 9,
       70, 248, 45, 149, 216, 249, 226, 98, 108, 99, 90, 190, 177, 246,
       69, 63, 80, 123, 110, 134, 38, 77, 22, 190, 153, 205, 22, 224,
       157, 128, 233, 9, 102, 240, 41, 144, 200, 233, 234, 67, 76, 163,
       90, 46, 177, 182, 5, 59, 80, 59, 44, 134, 193, 166, 159, 155, 236,
       169, 173, 207, 254, 19, 34, 212, 181, 226, 248, 75, 99, 98, 106,
       28, 51, 77, 206, 115, 204, 130, 119, 104, 156, 216, 161, 168, 52,
       85, 18, 142, 93, 199, 134, 232, 156, 132, 233, 9, 70, 242, 45,
       208, 216, 237, 66, 99, 72, 163, 26, 78, 177, 182, 7, 31, 80, 59,
       110, 134, 38, 109, 18, 190, 89, 205, 22, 96, 155, 4, 233, 9, 230,
       242, 39, 148, 136, 123, 202, 66, 78, 3, 90, 63, 177, 148, 9, 59,
       80, 123, 14, 134, 157, 138, 207, 123, 180, 170, 101, 159, 118, 67,
       102, 244, 211, 65, 152, 120, 19, 14, 44, 28, 187, 252, 109, 61,
       206, 235, 116, 68, 236, 208, 208, 40, 54, 93, 18, 190, 89, 197, 6,
       224, 157, 132, 233, 9, 230, 240, 37, 144, 216, 249, 194, 98, 76,
       35, 90, 62, 177, 182, 5, 59, 80, 59, 46, 134, 40, 237, 16, 57, 89,
       205, 22, 174, 31, 53, 40, 9, 174, 27, 65, 144, 129, 123, 195, 64,
       70, 42, 82, 183, 167, 215, 16, 59, 82, 29, 14, 138, 172, 181, 57,
       65, 233, 111, 19, 137, 107, 189, 45, 24, 222, 53, 76, 62, 145, 20,
       192, 50, 18, 112, 249, 20, 79, 208, 5, 118, 194, 11, 199, 98, 44,
       241, 57, 107, 29, 79, 71, 172, 66, 48, 165, 8, 210, 85, 72, 48,
       153, 80, 64, 106, 75, 98, 251, 21, 111, 217, 5, 60, 82, 26, 70,
       98, 77, 181, 152, 103, 241, 46, 119, 184, 107, 232, 47, 12, 222,
       115, 74, 50, 145, 78, 108, 122, 1, 240, 217, 42, 239, 223, 5, 6,
       202, 115, 203, 19, 77, 117, 180, 103, 161, 30, 118, 184, 121, 234,
       111, 76, 222, 48, 13, 182, 144, 68, 112, 106, 229, 240, 249, 14,
       103, 255, 69, 6, 74, 115, 75, 7, 237, 112, 157, 103, 41, 110, 71,
       152, 120, 250, 39, 88, 210, 113, 73, 59, 145, 84, 120, 106, 225,
       116, 249, 2, 197, 251, 69, 52, 200, 243, 66, 48, 108, 237, 185,
       122, 201, 77, 87, 232, 115, 63, 172, 24, 210, 119, 72, 50, 153,
       90, 97, 114, 122, 98, 251, 51, 111, 223, 69, 127, 210, 123, 198,
       162, 108, 109, 49, 71, 29, 79, 71, 168, 83, 166, 175, 8, 242, 117,
       73, 52, 152, 220, 121, 106, 105, 98, 249, 63, 239, 223, 5, 60, 66,
       123, 198, 98, 108, 69, 59, 71, 213, 79, 71, 168, 117, 230, 239, 8,
       210, 117, 25, 52, 216, 220, 90, 106, 73, 178, 121, 46, 229, 254,
       133, 20, 66, 123, 86, 226, 60, 101, 120, 79, 93, 79, 215, 168, 81,
       164, 237, 10, 211, 125, 29, 48, 88, 220, 81, 234, 104, 114, 249,
       14, 103, 239, 133, 53, 115, 187, 86, 226, 69, 53, 149, 71, 160,
       46, 39, 152, 122, 186, 43, 84, 222, 114, 201, 123, 151, 71, 108,
       122, 177, 208, 217, 98, 172, 190, 103, 68, 136, 115, 129, 37, 252,
       100, 253, 103, 137, 107, 71, 168, 83, 182, 173, 24, 67, 113, 73,
       27, 25, 212, 104, 42, 104, 102, 249, 10, 251, 195, 69, 61, 227,
       251, 70, 34, 120, 184, 255, 120, 138, 204, 81, 215, 162, 85, 164,
       24, 51, 151, 64, 59, 35, 182, 108, 24, 26, 107, 178, 49, 219, 169,
       117, 121, 224, 128, 198, 106, 88, 170, 182, 176, 169, 172, 88, 87,
       163, 187, 128, 89, 191, 191, 64, 154, 167, 183, 253, 149, 158, 79,
       130, 129, 219, 251, 125, 249, 162, 196, 130, 11, 148, 168, 155,
       123, 132, 231, 65, 223, 118, 3, 226, 16, 243, 243, 40, 121, 217,
       122, 10, 24, 58, 254, 27, 51, 201, 171, 117, 76, 224, 192, 224,
       170, 88, 140, 157, 118, 168, 108, 85, 55, 160, 26, 166, 56, 119,
       55, 128, 91, 135, 247, 109, 8, 120, 77, 195, 33, 209, 171, 116,
       16, 224, 224, 134, 43, 85, 15, 220, 71, 149, 62, 74, 152, 113,
       163, 175, 84, 75, 98, 159, 254, 49, 198, 108, 254, 189, 225, 221,
       46, 170, 255, 5, 84, 170, 243, 200, 4, 253, 213, 92, 78, 185, 31,
       86, 184, 117, 42, 190, 108, 115, 114, 141, 245, 149, 214, 236,
       106, 237, 36, 121, 63, 186, 251, 101, 30, 122, 250, 200, 21, 36,
       109, 27, 126, 93, 198, 167, 224, 248, 136, 233, 8, 212, 211, 41,
       48, 216, 120, 66, 106, 65, 163, 250, 110, 113, 188, 135, 8, 64,
       51, 103, 162, 109, 220, 189, 71, 244, 95, 246, 184, 113, 234, 55,
       108, 219, 56, 157, 176, 151, 84, 252, 106, 229, 240, 121, 46, 110,
       255, 37, 22, 74, 251, 74, 21, 5, 117, 16, 71, 117, 30, 102, 56,
       120, 232, 107, 76, 222, 112, 13, 180, 144, 76, 80, 106, 193, 176,
       249, 14, 37, 188, 5, 6, 72, 115, 67, 166, 208, 188, 159, 124, 138,
       224, 21, 7, 178, 23, 166, 24, 55, 247, 64, 123, 99, 246, 105, 0,
       59, 79, 178, 35, 209, 163, 116, 57, 160, 64, 166, 106, 124, 171,
       254, 114, 170, 233, 85, 83, 162, 183, 165, 185, 23, 231, 67, 27,
