%YAML:1.0
---
descriptors: !!opencv-matrix
   rows: 304
   cols: 32
   dt: u
   data: [ 13, 125, 49, 71, 113, 78, 119, 184, 105, 232, 107, 72, 222,
       85, 13, 180, 144, 92, 80, 106, 193, 240, 249, 46, 37, 188, 5, 6,
       74, 51, 67, 179, 36, 241, 49, 67, 93, 79, 71, 168, 78, 184, 41, 8,
       210, 85, 77, 52, 145, 92, 82, 106, 65, 112, 121, 28, 45, 156, 5,
       54, 80, 59, 86, 160, 103, 38, 133, 178, 200, 44, 4, 143, 147, 179,
       160, 221, 70, 226, 73, 223, 205, 198, 104, 20, 63, 71, 203, 32,
       156, 178, 85, 126, 136, 121, 130, 20, 213, 102, 216, 87, 180, 58,
       70, 152, 119, 174, 246, 52, 67, 96, 159, 221, 113, 206, 44, 126,
       172, 244, 237, 42, 174, 255, 101, 133, 227, 245, 120, 5, 100, 48,
       153, 103, 129, 110, 67, 136, 98, 178, 43, 24, 214, 117, 73, 58,
       145, 84, 104, 122, 25, 118, 249, 0, 205, 157, 69, 52, 192, 115,
       70, 34, 221, 182, 148, 176, 169, 60, 12, 154, 251, 187, 163, 92,
       206, 242, 201, 254, 133, 87, 124, 28, 191, 69, 219, 226, 152, 250,
       127, 254, 138, 113, 139, 5, 196, 232, 157, 118, 170, 96, 21, 174,
       170, 187, 160, 184, 244, 247, 73, 123, 131, 119, 109, 130, 35, 71,
       138, 33, 201, 162, 127, 191, 128, 113, 135, 51, 120, 184, 253,
       114, 136, 237, 81, 87, 162, 255, 164, 24, 51, 183, 66, 59, 33,
       182, 236, 24, 59, 75, 178, 49, 219, 203, 117, 121, 226, 192, 198,
       123, 1, 95, 31, 255, 176, 142, 111, 190, 124, 234, 94, 100, 245,
       115, 129, 97, 55, 126, 54, 110, 225, 216, 121, 47, 236, 174, 47,
       128, 8, 242, 161, 185, 252, 172, 253, 118, 136, 111, 85, 191, 178,
       182, 164, 24, 115, 119, 73, 27, 9, 246, 108, 42, 120, 71, 251, 42,
       249, 203, 117, 60, 96, 240, 198, 106, 16, 172, 155, 247, 148, 230,
       102, 247, 118, 3, 235, 16, 115, 243, 32, 112, 249, 254, 44, 136,
       58, 220, 25, 47, 235, 239, 181, 0, 160, 192, 224, 170, 252, 108,
       252, 114, 137, 109, 87, 218, 211, 183, 181, 24, 83, 241, 75, 27,
       9, 214, 236, 26, 42, 103, 219, 50, 219, 203, 85, 61, 243, 249,
       206, 34, 224, 172, 156, 250, 200, 237, 48, 143, 154, 19, 100, 24,
       182, 243, 72, 123, 129, 90, 106, 24, 51, 110, 218, 49, 205, 163,
       116, 121, 208, 72, 135, 170, 93, 93, 125, 102, 160, 78, 79, 184,
       96, 232, 190, 76, 87, 119, 129, 115, 54, 212, 124, 106, 201, 129,
       249, 44, 243, 233, 101, 20, 106, 243, 66, 49, 252, 164, 220, 122,
       137, 121, 86, 218, 211, 55, 165, 25, 67, 249, 75, 27, 153, 210,
       239, 18, 58, 103, 219, 50, 219, 199, 85, 125, 243, 249, 206, 2,
       252, 94, 189, 116, 168, 108, 85, 191, 176, 186, 182, 120, 87, 55,
       65, 91, 133, 215, 109, 2, 104, 71, 203, 34, 211, 235, 117, 156,
       224, 240, 198, 43, 93, 221, 61, 239, 176, 78, 79, 189, 36, 232,
       190, 68, 215, 119, 137, 112, 20, 246, 93, 106, 249, 129, 121, 46,
       225, 239, 37, 148, 40, 243, 192, 113, 236, 52, 189, 99, 173, 109,
       81, 152, 91, 255, 165, 24, 222, 93, 73, 59, 153, 212, 252, 58, 59,
       102, 251, 16, 207, 219, 65, 127, 194, 107, 70, 115, 236, 176, 189,
       115, 237, 125, 81, 153, 123, 127, 165, 24, 222, 125, 74, 59, 145,
       18, 253, 56, 58, 102, 251, 18, 207, 219, 81, 127, 210, 73, 198,
       114, 104, 180, 188, 250, 173, 237, 85, 47, 223, 127, 172, 24, 190,
       189, 78, 59, 137, 147, 249, 16, 58, 106, 250, 147, 207, 223, 84,
       123, 210, 72, 198, 106, 52, 229, 59, 99, 148, 79, 103, 232, 118,
       160, 111, 0, 83, 81, 121, 112, 57, 220, 8, 122, 107, 240, 57, 62,
       233, 142, 5, 100, 112, 187, 84, 32, 100, 101, 59, 86, 93, 199,
       231, 224, 248, 128, 234, 8, 80, 255, 61, 48, 248, 253, 82, 235,
       73, 227, 184, 110, 49, 158, 143, 12, 65, 51, 102, 162, 69, 103,
       145, 103, 160, 46, 110, 152, 121, 170, 59, 68, 222, 98, 201, 250,
       151, 69, 108, 126, 145, 208, 201, 98, 172, 254, 103, 196, 136,
       243, 195, 5, 101, 113, 17, 69, 21, 15, 103, 56, 104, 224, 106, 76,
       214, 80, 9, 48, 144, 76, 112, 106, 193, 240, 241, 12, 37, 188, 1,
       34, 72, 51, 67, 34, 188, 104, 91, 101, 32, 106, 99, 80, 96, 130,
       102, 72, 115, 23, 129, 59, 52, 244, 68, 106, 9, 244, 161, 40, 65,
       137, 33, 0, 97, 243, 102, 160, 92, 161, 185, 114, 155, 233, 17,
       207, 162, 53, 173, 24, 31, 247, 72, 58, 35, 159, 232, 16, 26, 107,
       186, 114, 219, 197, 21, 125, 224, 64, 135, 98, 92, 16, 156, 247,
       172, 44, 89, 152, 175, 250, 183, 56, 223, 247, 73, 91, 231, 213,
       125, 58, 57, 65, 203, 128, 203, 251, 119, 180, 138, 225, 1, 19,
       216, 176, 188, 240, 41, 125, 89, 24, 187, 59, 182, 24, 159, 191,
       64, 59, 135, 149, 253, 24, 186, 79, 242, 17, 219, 251, 115, 253,
       194, 128, 71, 59, 248, 188, 188, 248, 173, 253, 80, 223, 251, 59,
       180, 24, 191, 185, 80, 59, 133, 179, 253, 24, 186, 111, 242, 147,
       219, 219, 117, 122, 194, 200, 194, 11, 234, 173, 164, 254, 237,
       173, 204, 255, 191, 187, 252, 24, 238, 233, 20, 91, 201, 231, 127,
       25, 186, 111, 219, 247, 191, 251, 223, 250, 211, 248, 242, 10,
       232, 188, 180, 248, 173, 189, 92, 223, 223, 59, 188, 24, 190, 249,
       84, 27, 201, 226, 127, 24, 186, 111, 242, 179, 219, 223, 87, 122,
       210, 76, 210, 11, 198, 172, 246, 191, 236, 41, 254, 239, 191, 179,
       243, 154, 239, 238, 93, 75, 251, 239, 127, 147, 182, 127, 207,
       243, 190, 255, 223, 236, 213, 253, 243, 129, 108, 36, 189, 99,
       141, 111, 19, 136, 123, 251, 37, 24, 214, 117, 73, 59, 145, 84,
       104, 122, 51, 116, 249, 18, 207, 219, 69, 119, 192, 107, 199, 34,
       248, 56, 247, 112, 40, 237, 65, 82, 178, 183, 160, 24, 23, 151,
       192, 59, 35, 246, 108, 24, 58, 111, 178, 32, 217, 203, 117, 120,
       224, 129, 70, 99, 220, 174, 156, 58, 171, 169, 20, 143, 186, 63,
       173, 185, 238, 227, 74, 155, 135, 83, 237, 16, 54, 79, 202, 51,
       218, 215, 85, 127, 208, 69, 143, 11, 105, 189, 177, 83, 217, 253,
       85, 191, 123, 113, 44, 28, 190, 53, 70, 182, 129, 70, 248, 24,
       183, 104, 251, 179, 111, 223, 85, 127, 202, 84, 203, 254, 197,
       124, 157, 19, 172, 47, 231, 156, 122, 250, 3, 92, 214, 112, 209,
       43, 145, 70, 120, 63, 241, 116, 251, 34, 173, 26, 101, 116, 200,
       123, 211, 52, 205, 52, 157, 229, 129, 126, 113, 19, 59, 243, 39,
       28, 158, 55, 65, 127, 133, 86, 120, 24, 49, 212, 241, 66, 207,
       251, 87, 70, 138, 96, 131, 50, 220, 172, 189, 112, 138, 233, 81,
       199, 178, 183, 164, 185, 23, 183, 64, 27, 39, 247, 237, 16, 58,
       79, 170, 34, 217, 195, 117, 125, 224, 64, 134, 122, 208, 168, 191,
       116, 138, 224, 17, 7, 178, 151, 164, 184, 55, 151, 64, 91, 33,
       247, 109, 16, 58, 79, 178, 33, 217, 227, 116, 121, 160, 64, 166,
       122, 248, 170, 254, 120, 138, 233, 81, 87, 178, 23, 164, 185, 39,
       135, 64, 27, 35, 178, 109, 144, 58, 79, 162, 51, 219, 195, 112,
       121, 176, 192, 230, 106, 69, 71, 20, 69, 48, 14, 98, 56, 125, 168,
       107, 68, 215, 96, 153, 245, 148, 68, 108, 110, 225, 176, 73, 14,
       164, 190, 97, 4, 74, 179, 72, 37, 69, 113, 17, 69, 65, 78, 54, 40,
       104, 200, 99, 8, 222, 18, 77, 182, 144, 84, 120, 106, 65, 112,
       185, 72, 37, 184, 68, 6, 72, 51, 67, 34, 216, 34, 255, 96, 162,
       107, 81, 83, 162, 191, 164, 56, 19, 167, 64, 27, 39, 148, 108, 24,
       56, 85, 160, 0, 217, 203, 113, 116, 225, 192, 198, 99, 45, 113,
       17, 97, 113, 95, 82, 24, 105, 232, 109, 72, 222, 17, 5, 180, 144,
       92, 84, 106, 197, 176, 217, 12, 167, 221, 1, 38, 74, 179, 74, 151,
       240, 186, 220, 114, 168, 173, 81, 223, 178, 63, 164, 29, 55, 227,
       66, 27, 1, 178, 109, 24, 58, 79, 218, 51, 219, 203, 117, 125, 224,
       192, 206, 11, 205, 117, 149, 71, 209, 127, 118, 184, 121, 234, 47,
       8, 222, 112, 77, 183, 145, 92, 112, 122, 101, 240, 249, 10, 175,
       223, 69, 6, 202, 115, 203, 166, 237, 117, 189, 103, 172, 79, 71,
       184, 112, 250, 47, 24, 211, 113, 89, 51, 145, 68, 124, 106, 233,
       116, 249, 42, 231, 251, 101, 52, 74, 251, 210, 50, 205, 117, 29,
