%YAML:1.0
---
descriptors: !!opencv-matrix
   rows: 231
   cols: 32
   dt: u
   data: [ 252, 172, 190, 126, 137, 237, 85, 198, 178, 23, 164, 24, 119,
       247, 73, 27, 129, 242, 108, 2, 58, 111, 250, 51, 219, 227, 85,
       121, 224, 81, 198, 42, 236, 176, 189, 107, 141, 111, 81, 153, 91,
       63, 165, 24, 215, 125, 72, 59, 153, 146, 104, 56, 58, 102, 249,
       17, 207, 219, 65, 125, 210, 202, 198, 98, 76, 85, 61, 103, 160,
       78, 111, 188, 32, 232, 175, 72, 215, 119, 137, 115, 20, 212, 125,
       106, 105, 208, 249, 44, 229, 235, 101, 20, 32, 243, 70, 113, 116,
       244, 249, 99, 184, 79, 83, 152, 106, 189, 37, 8, 215, 117, 73, 58,
       153, 84, 76, 122, 27, 96, 249, 48, 207, 143, 37, 124, 224, 187,
       70, 35, 200, 188, 157, 113, 129, 236, 113, 151, 250, 123, 38, 24,
       190, 55, 64, 59, 129, 22, 120, 24, 51, 76, 179, 35, 205, 187, 80,
       114, 200, 64, 135, 58, 76, 101, 120, 103, 114, 26, 126, 40, 57,
       164, 127, 169, 223, 87, 137, 80, 54, 221, 253, 238, 64, 208, 201,
       78, 231, 237, 33, 133, 102, 179, 7, 35, 80, 217, 191, 228, 186,
       78, 87, 183, 163, 137, 174, 40, 255, 55, 0, 114, 34, 247, 109, 72,
       89, 137, 179, 105, 241, 229, 36, 0, 224, 242, 167, 59, 244, 52,
       172, 182, 140, 108, 65, 159, 242, 187, 135, 24, 247, 253, 91, 59,
       129, 214, 125, 25, 56, 77, 219, 34, 217, 131, 253, 57, 160, 120,
       214, 58, 192, 164, 157, 241, 200, 237, 37, 143, 62, 59, 32, 24,
       182, 51, 72, 59, 129, 19, 106, 24, 51, 76, 211, 51, 205, 146, 84,
       124, 144, 72, 135, 42, 248, 174, 230, 242, 233, 172, 88, 151, 179,
       27, 164, 89, 63, 247, 64, 27, 135, 183, 253, 20, 190, 79, 194,
       177, 219, 219, 116, 249, 162, 196, 131, 11, 245, 228, 28, 50, 168,
       237, 87, 220, 243, 223, 173, 29, 247, 243, 75, 27, 129, 198, 108,
       94, 63, 103, 154, 51, 249, 235, 117, 120, 232, 211, 202, 82, 224,
       140, 157, 254, 137, 237, 17, 142, 154, 23, 168, 24, 182, 183, 65,
       91, 129, 115, 104, 16, 34, 111, 218, 51, 205, 178, 84, 123, 208,
       73, 71, 42, 210, 174, 189, 222, 170, 224, 25, 143, 171, 191, 164,
       185, 102, 230, 206, 27, 135, 243, 237, 144, 50, 75, 170, 113, 219,
       210, 125, 255, 128, 96, 135, 107, 220, 76, 94, 118, 136, 106, 71,
       168, 180, 178, 174, 8, 87, 115, 9, 83, 113, 214, 108, 226, 104,
       197, 89, 46, 249, 227, 197, 21, 32, 115, 100, 34, 236, 100, 189,
       103, 165, 111, 71, 188, 115, 174, 174, 8, 211, 113, 89, 51, 153,
       84, 108, 106, 104, 244, 249, 42, 239, 223, 69, 53, 66, 251, 86,
       98, 3, 16, 115, 69, 112, 78, 107, 48, 45, 72, 127, 228, 157, 23,
       148, 116, 182, 61, 85, 172, 129, 144, 33, 76, 70, 56, 42, 128, 14,
       130, 3, 241, 248, 172, 88, 120, 203, 249, 80, 207, 255, 55, 164,
       24, 46, 250, 70, 57, 161, 187, 234, 16, 54, 111, 154, 115, 223,
       211, 85, 123, 240, 64, 206, 142, 69, 176, 153, 99, 249, 205, 97,
       191, 110, 121, 107, 24, 150, 51, 72, 50, 129, 14, 122, 24, 19,
       120, 249, 53, 77, 156, 21, 116, 192, 2, 195, 162, 101, 103, 157,
       71, 180, 14, 103, 184, 122, 170, 43, 76, 215, 96, 217, 50, 145,
       68, 108, 110, 225, 240, 201, 46, 172, 190, 101, 20, 200, 243, 82,
       33, 84, 95, 29, 231, 176, 78, 79, 184, 36, 172, 255, 96, 247, 119,
       137, 115, 22, 212, 125, 106, 105, 144, 249, 46, 237, 239, 101,
       148, 32, 243, 132, 113, 108, 112, 189, 101, 37, 111, 119, 24, 107,
       238, 39, 8, 214, 21, 73, 58, 144, 84, 124, 122, 1, 244, 249, 8,
       207, 217, 69, 52, 194, 123, 70, 115, 205, 113, 61, 101, 32, 78,
       103, 184, 104, 232, 118, 72, 215, 119, 1, 51, 148, 84, 124, 106,
       97, 240, 249, 8, 231, 249, 101, 4, 64, 179, 71, 49, 37, 117, 49,
       67, 244, 79, 231, 88, 86, 104, 121, 72, 210, 80, 133, 164, 25, 24,
       2, 122, 129, 176, 121, 30, 37, 140, 33, 52, 217, 59, 194, 165,
       224, 96, 56, 122, 72, 205, 85, 72, 131, 182, 164, 9, 54, 221, 67,
       27, 136, 176, 205, 66, 74, 103, 250, 49, 211, 209, 81, 63, 112,
       25, 70, 106, 100, 225, 49, 71, 25, 79, 71, 168, 105, 160, 33, 8,
       210, 85, 9, 48, 144, 84, 72, 106, 73, 112, 249, 60, 165, 152, 5,
       54, 64, 59, 70, 34, 253, 120, 223, 118, 10, 76, 69, 188, 240, 210,
       167, 120, 115, 119, 137, 123, 34, 244, 124, 106, 105, 71, 187, 40,
       243, 235, 101, 24, 104, 241, 66, 57, 124, 233, 80, 97, 183, 91,
       114, 168, 101, 176, 178, 168, 75, 25, 197, 144, 91, 220, 196, 114,
       76, 178, 69, 148, 238, 217, 5, 85, 231, 191, 78, 130, 246, 56,
       213, 150, 202, 96, 20, 207, 187, 247, 162, 189, 38, 230, 77, 223,
       203, 247, 236, 144, 63, 79, 206, 96, 152, 50, 85, 59, 168, 116,
       166, 95, 65, 113, 17, 69, 1, 78, 118, 0, 104, 224, 98, 8, 222, 17,
       1, 50, 144, 84, 64, 106, 65, 240, 209, 8, 37, 184, 0, 6, 72, 51,
       67, 34, 112, 172, 156, 178, 137, 233, 80, 207, 179, 183, 160, 25,
       39, 243, 74, 27, 129, 211, 237, 16, 62, 79, 218, 51, 219, 211, 85,
       127, 160, 64, 142, 10, 117, 77, 91, 103, 148, 78, 71, 188, 116,
       160, 234, 64, 115, 113, 25, 112, 112, 198, 72, 106, 105, 177, 25,
       46, 241, 174, 37, 20, 105, 243, 224, 40, 224, 172, 157, 126, 201,
       237, 21, 135, 154, 23, 32, 24, 182, 247, 64, 91, 129, 115, 106,
       16, 50, 111, 202, 51, 205, 178, 84, 123, 208, 72, 135, 170, 128,
       172, 157, 251, 136, 237, 21, 182, 182, 23, 32, 24, 183, 243, 64,
       91, 129, 122, 104, 24, 50, 76, 218, 55, 233, 163, 85, 120, 144,
       80, 135, 42, 252, 244, 188, 246, 172, 108, 67, 158, 242, 187, 143,
       24, 247, 241, 72, 59, 129, 214, 125, 27, 58, 109, 219, 34, 249,
       227, 117, 124, 168, 121, 214, 34, 124, 165, 156, 102, 153, 102,
       86, 168, 50, 178, 175, 9, 83, 115, 75, 82, 209, 198, 104, 250, 58,
       67, 219, 58, 251, 239, 133, 125, 160, 115, 234, 2, 100, 119, 85,
       103, 100, 79, 102, 56, 121, 168, 251, 72, 215, 109, 13, 50, 156,
       212, 108, 98, 233, 240, 217, 78, 165, 182, 69, 20, 72, 243, 70,
       16, 94, 103, 80, 103, 113, 27, 126, 184, 49, 168, 251, 232, 75,
       75, 137, 20, 50, 221, 69, 234, 104, 208, 201, 206, 246, 221, 37,
       133, 99, 183, 66, 130, 68, 37, 216, 103, 244, 11, 246, 8, 120,
       160, 107, 8, 215, 105, 25, 144, 178, 77, 104, 107, 68, 240, 201,
       10, 230, 255, 5, 5, 100, 243, 75, 0, 197, 119, 215, 39, 162, 10,
       62, 149, 40, 242, 3, 236, 223, 38, 201, 255, 54, 85, 236, 254,
       225, 208, 189, 72, 172, 178, 111, 132, 172, 243, 131, 89, 69, 160,
       153, 97, 180, 237, 99, 135, 106, 169, 42, 24, 150, 147, 72, 48,
       177, 30, 108, 24, 19, 184, 249, 2, 205, 188, 53, 116, 192, 2, 195,
       162, 217, 57, 151, 100, 51, 94, 23, 53, 232, 72, 166, 8, 255, 51,
       0, 243, 162, 245, 220, 104, 105, 233, 176, 13, 243, 249, 2, 18,
       106, 32, 3, 43, 252, 16, 183, 244, 171, 104, 81, 3, 161, 155, 167,
       56, 159, 191, 65, 63, 163, 151, 253, 16, 56, 103, 162, 128, 211,
       243, 88, 27, 226, 97, 135, 99, 124, 197, 189, 238, 136, 110, 95,
       184, 48, 230, 239, 8, 247, 119, 9, 114, 81, 214, 125, 234, 105,
       67, 251, 43, 241, 239, 103, 28, 40, 243, 230, 114, 76, 125, 121,
       103, 176, 78, 119, 184, 97, 236, 127, 40, 223, 119, 9, 48, 54,
       213, 76, 234, 193, 176, 249, 108, 229, 237, 37, 4, 98, 243, 71,
       115, 108, 100, 156, 99, 141, 123, 87, 140, 83, 178, 173, 24, 211,
       113, 73, 191, 153, 212, 232, 122, 104, 102, 233, 58, 239, 223, 69,
       63, 226, 123, 206, 34, 200, 165, 148, 113, 171, 249, 20, 175, 187,
       63, 40, 57, 142, 55, 72, 159, 131, 19, 233, 16, 114, 109, 203,
       151, 239, 215, 85, 127, 210, 84, 143, 43, 108, 241, 145, 67, 201,
       95, 71, 136, 123, 176, 33, 8, 222, 117, 77, 190, 145, 84, 96, 122,
       83, 112, 249, 16, 47, 218, 69, 118, 194, 115, 70, 162, 109, 245,
       49, 71, 221, 95, 71, 168, 107, 232, 43, 8, 214, 85, 13, 180, 144,
       84, 72, 106, 65, 112, 249, 28, 165, 152, 5, 54, 66, 59, 70, 34,
       242, 174, 206, 90, 168, 185, 72, 199, 187, 27, 180, 88, 43, 235,
