%YAML:1.0
---
descriptors: !!opencv-matrix
   rows: 435
   cols: 32
   dt: u
   data: [ 208, 24, 191, 116, 138, 110, 81, 22, 244, 219, 162, 24, 247,
       55, 1, 123, 35, 246, 108, 24, 57, 77, 179, 0, 217, 227, 116, 16,
       160, 224, 5, 123, 240, 188, 253, 118, 168, 236, 81, 155, 162, 223,
       164, 24, 51, 247, 64, 59, 5, 214, 108, 24, 59, 79, 186, 33, 219,
       235, 117, 121, 224, 192, 198, 115, 148, 237, 219, 255, 180, 43,
       111, 188, 54, 162, 255, 82, 247, 227, 217, 96, 127, 111, 126, 234,
       121, 244, 235, 59, 236, 239, 175, 132, 164, 251, 161, 161, 157,
       205, 27, 231, 180, 46, 111, 184, 54, 170, 95, 80, 215, 115, 153,
       96, 119, 94, 60, 122, 233, 148, 105, 62, 236, 239, 167, 132, 164,
       251, 129, 33, 149, 213, 57, 239, 180, 46, 111, 184, 116, 234, 255,
       96, 215, 119, 137, 112, 119, 222, 29, 234, 249, 144, 105, 62, 233,
       239, 39, 132, 40, 243, 129, 33, 85, 213, 125, 239, 180, 14, 79,
       188, 52, 234, 127, 100, 215, 119, 137, 112, 86, 214, 92, 106, 249,
       144, 121, 46, 227, 239, 37, 132, 40, 243, 192, 33, 69, 117, 49,
       71, 85, 78, 103, 184, 105, 232, 107, 72, 254, 81, 9, 180, 144, 92,
       64, 106, 193, 176, 249, 14, 37, 188, 5, 0, 74, 51, 67, 35, 220,
       80, 189, 247, 172, 46, 89, 152, 191, 186, 183, 24, 223, 247, 73,
       123, 167, 213, 125, 58, 169, 69, 251, 0, 203, 251, 119, 148, 128,
       241, 1, 35, 120, 172, 221, 114, 138, 232, 85, 199, 178, 55, 172,
       24, 39, 231, 72, 27, 35, 214, 109, 144, 58, 75, 170, 33, 217, 199,
       116, 121, 224, 81, 134, 106, 236, 48, 189, 99, 173, 125, 83, 152,
       123, 251, 37, 24, 222, 93, 75, 59, 145, 16, 253, 58, 51, 102, 251,
       18, 207, 219, 81, 127, 194, 107, 70, 114, 236, 180, 188, 123, 173,
       125, 81, 153, 219, 123, 37, 24, 222, 253, 74, 59, 137, 18, 249,
       16, 59, 108, 250, 147, 207, 219, 81, 127, 210, 74, 198, 114, 232,
       188, 188, 250, 205, 253, 81, 175, 223, 83, 164, 24, 190, 189, 76,
       59, 201, 186, 251, 16, 58, 111, 242, 179, 207, 223, 84, 123, 210,
       76, 214, 234, 120, 173, 222, 114, 152, 201, 85, 247, 179, 23, 172,
       56, 55, 183, 66, 51, 137, 178, 253, 16, 122, 75, 226, 51, 219,
       195, 116, 121, 224, 128, 206, 106, 216, 180, 189, 122, 169, 237,
       81, 27, 255, 123, 181, 24, 159, 183, 72, 59, 133, 151, 125, 24,
       187, 111, 251, 17, 219, 251, 117, 124, 194, 192, 198, 115, 85,
       133, 95, 103, 178, 10, 79, 184, 237, 32, 171, 8, 247, 115, 8, 115,
       34, 215, 124, 106, 105, 161, 121, 61, 233, 235, 37, 84, 96, 163,
       192, 32, 233, 188, 188, 248, 173, 253, 85, 159, 255, 251, 180, 24,
       191, 253, 66, 59, 205, 254, 253, 24, 186, 111, 242, 179, 223, 219,
       85, 122, 194, 200, 210, 123, 124, 119, 245, 68, 182, 127, 199, 56,
       113, 238, 186, 104, 83, 53, 133, 183, 23, 212, 76, 106, 233, 225,
       249, 14, 185, 222, 37, 54, 99, 251, 70, 49, 96, 213, 149, 123,
       157, 109, 85, 175, 95, 57, 170, 24, 214, 51, 72, 116, 129, 151,
       104, 16, 123, 104, 219, 19, 173, 214, 85, 126, 80, 88, 196, 42,
       248, 34, 127, 100, 10, 73, 81, 81, 160, 132, 164, 56, 23, 151, 65,
       59, 38, 180, 76, 40, 40, 103, 162, 8, 211, 193, 96, 56, 96, 160,
       102, 226, 252, 99, 248, 103, 136, 75, 86, 216, 66, 166, 165, 171,
       83, 73, 203, 27, 24, 212, 229, 98, 72, 118, 201, 8, 114, 193, 101,
       53, 99, 251, 78, 34, 21, 69, 121, 103, 20, 79, 71, 184, 86, 160,
       111, 2, 211, 113, 25, 112, 49, 220, 24, 106, 105, 176, 121, 31,
       237, 142, 5, 20, 48, 187, 64, 32, 5, 121, 19, 69, 80, 95, 227, 48,
       97, 200, 103, 72, 210, 84, 133, 180, 24, 124, 64, 106, 65, 176,
       113, 12, 37, 184, 1, 0, 67, 179, 66, 164, 252, 109, 220, 114, 136,
       41, 87, 216, 147, 182, 173, 25, 83, 233, 75, 27, 9, 214, 237, 82,
       40, 103, 218, 34, 123, 139, 101, 61, 225, 251, 78, 34, 236, 209,
       213, 118, 232, 76, 71, 189, 51, 186, 39, 88, 87, 119, 200, 127,
       21, 212, 108, 106, 105, 70, 251, 33, 111, 186, 117, 60, 34, 179,
       198, 33, 82, 161, 147, 48, 153, 205, 16, 239, 171, 21, 128, 24,
       142, 246, 72, 182, 161, 91, 232, 17, 18, 75, 186, 113, 185, 212,
       31, 127, 128, 4, 167, 46, 197, 188, 157, 119, 201, 252, 20, 135,
       171, 243, 36, 24, 254, 119, 76, 127, 129, 87, 248, 16, 55, 76,
       187, 113, 207, 251, 85, 127, 138, 80, 143, 30, 221, 207, 16, 111,
       176, 158, 79, 188, 119, 168, 167, 76, 123, 99, 153, 244, 20, 230,
       108, 126, 235, 224, 221, 63, 234, 236, 37, 16, 42, 179, 192, 32,
       244, 168, 253, 80, 203, 217, 85, 207, 163, 180, 164, 184, 34, 215,
       68, 191, 105, 242, 192, 16, 26, 107, 234, 49, 27, 193, 85, 127,
       225, 0, 198, 238, 77, 116, 155, 103, 129, 110, 55, 0, 120, 234,
       43, 8, 222, 49, 73, 58, 177, 84, 104, 34, 97, 244, 185, 10, 197,
       255, 69, 2, 72, 115, 71, 34, 240, 190, 190, 114, 168, 173, 81,
       223, 178, 191, 164, 25, 55, 227, 66, 27, 1, 246, 109, 24, 58, 79,
       154, 32, 219, 195, 117, 125, 224, 224, 134, 107, 109, 117, 145,
       71, 177, 95, 118, 184, 123, 234, 47, 8, 218, 112, 77, 180, 144,
       84, 72, 106, 101, 240, 249, 14, 47, 255, 5, 54, 202, 115, 74, 54,
       77, 245, 152, 103, 177, 110, 118, 184, 105, 234, 175, 12, 222,
       115, 11, 50, 179, 71, 108, 106, 37, 240, 217, 46, 231, 255, 69,
       54, 202, 115, 75, 19, 108, 116, 181, 115, 169, 111, 71, 152, 59,
       254, 39, 24, 214, 115, 73, 127, 145, 84, 120, 58, 57, 68, 249, 34,
       207, 255, 85, 116, 202, 123, 198, 114, 69, 180, 157, 67, 164, 111,
       231, 152, 122, 251, 43, 24, 215, 112, 73, 43, 145, 92, 104, 122,
       17, 112, 249, 50, 237, 143, 101, 116, 200, 123, 199, 35, 252, 116,
       253, 100, 143, 75, 87, 232, 82, 166, 165, 24, 83, 49, 73, 59, 25,
       212, 104, 98, 104, 103, 249, 10, 243, 195, 69, 61, 99, 123, 70,
       34, 69, 253, 157, 87, 155, 76, 55, 184, 122, 242, 43, 8, 254, 113,
       72, 51, 145, 86, 104, 90, 99, 96, 251, 55, 109, 190, 69, 102, 200,
       115, 195, 50, 69, 71, 149, 231, 160, 46, 102, 152, 123, 187, 59,
       84, 222, 114, 201, 250, 149, 69, 108, 126, 177, 208, 201, 98, 172,
       254, 103, 198, 136, 115, 139, 5, 232, 254, 188, 118, 169, 121, 21,
       142, 219, 63, 52, 56, 174, 153, 79, 31, 129, 82, 236, 2, 106, 110,
       234, 179, 195, 211, 84, 63, 210, 88, 198, 43, 246, 237, 254, 255,
       252, 169, 238, 238, 191, 179, 251, 26, 255, 234, 124, 83, 123,
       231, 127, 147, 186, 239, 203, 251, 190, 255, 255, 248, 229, 251,
       243, 136, 221, 38, 150, 178, 169, 60, 88, 27, 251, 187, 131, 92,
       207, 242, 201, 251, 167, 71, 108, 20, 189, 69, 139, 130, 152, 251,
       127, 222, 136, 113, 171, 5, 252, 52, 157, 116, 138, 108, 85, 151,
       186, 183, 174, 24, 23, 183, 73, 91, 3, 214, 109, 8, 56, 103, 250,
       2, 217, 227, 117, 61, 224, 240, 134, 35, 69, 117, 17, 103, 81, 15,
       119, 56, 120, 232, 107, 12, 214, 49, 9, 48, 144, 76, 64, 106, 193,
       176, 217, 14, 101, 156, 5, 6, 72, 51, 67, 162, 133, 22, 29, 247,
       164, 110, 103, 184, 60, 234, 107, 80, 215, 117, 9, 123, 53, 68,
       124, 46, 225, 244, 25, 46, 165, 186, 101, 4, 72, 243, 67, 49, 108,
       229, 156, 122, 201, 205, 87, 169, 179, 83, 165, 25, 210, 247, 74,
       27, 153, 210, 121, 90, 122, 99, 218, 51, 235, 223, 85, 125, 210,
       82, 206, 194, 208, 44, 191, 116, 138, 104, 85, 7, 178, 151, 166,
       56, 55, 183, 64, 27, 35, 247, 108, 16, 58, 79, 162, 2, 219, 227,
       117, 57, 224, 240, 134, 106, 129, 174, 159, 155, 236, 169, 105,
       159, 254, 19, 66, 208, 181, 227, 240, 75, 99, 42, 106, 28, 51,
       220, 143, 115, 204, 130, 118, 72, 152, 192, 161, 168, 54, 77, 18,
       174, 157, 71, 134, 232, 149, 164, 233, 11, 66, 224, 45, 212, 248,
       236, 66, 98, 104, 163, 24, 46, 177, 182, 7, 31, 81, 123, 110, 134,
       248, 186, 255, 112, 40, 233, 81, 83, 179, 191, 164, 56, 51, 135,
       64, 27, 47, 182, 109, 8, 58, 111, 178, 1, 217, 203, 112, 57, 225,
       192, 70, 123, 133, 206, 223, 123, 164, 170, 101, 159, 118, 147,
