%YAML:1.0
---
descriptors: !!opencv-matrix
   rows: 401
   cols: 32
   dt: u
   data: [ 133, 95, 223, 135, 176, 14, 47, 184, 124, 234, 122, 228, 245,
       114, 145, 96, 54, 110, 54, 110, 225, 208, 205, 110, 236, 174, 111,
       128, 12, 242, 1, 185, 93, 93, 125, 231, 180, 14, 79, 188, 36, 232,
       254, 96, 247, 119, 137, 112, 86, 246, 124, 106, 233, 144, 105, 46,
       227, 239, 37, 148, 40, 243, 192, 41, 253, 85, 125, 103, 160, 78,
       79, 184, 96, 232, 191, 76, 83, 119, 153, 51, 20, 212, 124, 106,
       201, 225, 249, 8, 243, 233, 101, 148, 106, 243, 66, 113, 77, 117,
       49, 69, 113, 79, 103, 184, 105, 232, 107, 72, 214, 113, 9, 180,
       144, 92, 80, 106, 65, 240, 249, 14, 229, 156, 5, 6, 74, 51, 67,
       178, 236, 48, 189, 99, 173, 109, 81, 152, 123, 255, 165, 24, 223,
       93, 73, 59, 145, 208, 253, 58, 59, 102, 251, 18, 207, 219, 65,
       125, 194, 107, 70, 115, 36, 81, 49, 65, 92, 79, 71, 24, 66, 224,
       109, 8, 210, 81, 13, 52, 152, 92, 80, 106, 73, 48, 121, 28, 101,
       156, 1, 52, 80, 59, 86, 162, 248, 170, 158, 120, 168, 232, 81,
       247, 179, 23, 164, 57, 55, 183, 66, 27, 33, 178, 109, 16, 58, 79,
       162, 49, 219, 227, 116, 121, 224, 192, 230, 106, 120, 170, 158,
       184, 186, 225, 81, 87, 162, 23, 164, 57, 55, 151, 98, 91, 99, 179,
       109, 16, 26, 79, 130, 49, 219, 195, 112, 121, 176, 192, 166, 107,
       88, 188, 159, 244, 138, 232, 81, 23, 162, 55, 166, 56, 55, 183,
       64, 91, 35, 247, 109, 16, 58, 79, 162, 49, 217, 231, 112, 121,
       160, 192, 134, 107, 208, 184, 159, 248, 138, 233, 81, 23, 166, 23,
       134, 56, 183, 151, 64, 91, 35, 179, 109, 16, 26, 79, 130, 17, 217,
       227, 112, 121, 176, 192, 164, 106, 29, 79, 90, 101, 176, 170, 111,
       182, 116, 162, 110, 192, 211, 99, 145, 112, 115, 238, 12, 110,
       105, 144, 45, 46, 226, 239, 39, 0, 44, 242, 224, 32, 25, 143, 211,
       111, 148, 138, 111, 182, 118, 130, 106, 192, 243, 99, 176, 240,
       115, 238, 12, 236, 107, 152, 13, 63, 236, 239, 55, 0, 58, 242,
       224, 40, 197, 180, 157, 215, 168, 110, 37, 158, 250, 179, 163, 80,
       212, 247, 201, 123, 7, 86, 120, 154, 49, 69, 251, 98, 205, 170,
       119, 84, 136, 113, 129, 48, 197, 95, 157, 231, 160, 14, 102, 188,
       60, 234, 34, 68, 215, 115, 129, 247, 20, 84, 108, 110, 225, 244,
       89, 46, 165, 170, 101, 4, 72, 243, 3, 49, 228, 116, 181, 115, 168,
       110, 69, 152, 51, 251, 167, 24, 214, 115, 73, 127, 145, 84, 124,
       58, 57, 68, 251, 2, 203, 154, 85, 116, 192, 243, 198, 99, 124,
       229, 152, 122, 201, 237, 85, 207, 162, 55, 173, 25, 22, 247, 74,
       26, 129, 210, 65, 16, 122, 75, 250, 51, 251, 199, 85, 125, 208,
       80, 206, 226, 88, 188, 255, 112, 170, 232, 81, 23, 162, 31, 164,
       29, 55, 167, 64, 91, 39, 183, 109, 16, 58, 79, 178, 19, 219, 227,
       112, 249, 224, 192, 166, 123, 240, 132, 92, 117, 168, 106, 85, 43,
       224, 50, 166, 24, 215, 51, 0, 115, 3, 86, 108, 42, 120, 108, 193,
       12, 225, 235, 117, 20, 96, 240, 71, 40, 245, 141, 95, 102, 184,
       10, 71, 189, 232, 176, 170, 8, 247, 115, 8, 115, 34, 247, 124,
       106, 121, 233, 121, 44, 241, 235, 101, 16, 96, 178, 194, 32, 217,
       176, 184, 48, 171, 188, 89, 23, 171, 127, 164, 157, 159, 151, 66,
       58, 135, 151, 253, 28, 190, 79, 178, 81, 219, 249, 112, 248, 130,
       196, 139, 123, 220, 144, 189, 255, 172, 44, 89, 159, 190, 187,
       183, 56, 255, 247, 72, 123, 135, 215, 125, 16, 58, 77, 219, 17,
       219, 251, 119, 220, 128, 240, 131, 35, 96, 169, 21, 217, 72, 205,
       5, 174, 238, 49, 40, 24, 182, 51, 64, 114, 129, 82, 106, 72, 67,
       8, 211, 53, 237, 178, 80, 120, 16, 8, 135, 40, 96, 212, 149, 113,
       173, 109, 69, 175, 127, 59, 170, 24, 214, 51, 76, 122, 129, 151,
       104, 16, 27, 104, 219, 19, 173, 150, 85, 126, 208, 88, 198, 42,
       252, 99, 216, 103, 172, 11, 86, 136, 2, 182, 181, 169, 195, 73,
       75, 27, 24, 220, 197, 114, 72, 118, 201, 32, 70, 193, 101, 53, 99,
       251, 94, 2, 248, 184, 191, 248, 169, 237, 89, 91, 175, 91, 180,
       24, 191, 255, 64, 58, 133, 183, 253, 24, 59, 111, 242, 19, 219,
       251, 117, 248, 226, 64, 198, 123, 20, 69, 125, 103, 20, 79, 71,
       184, 118, 160, 175, 10, 83, 113, 9, 112, 48, 212, 72, 106, 104,
       176, 121, 31, 243, 207, 5, 20, 113, 187, 68, 34, 248, 184, 188,
       240, 173, 253, 81, 255, 251, 121, 180, 24, 191, 253, 64, 59, 141,
       179, 253, 24, 187, 111, 242, 177, 219, 219, 117, 122, 210, 200,
       198, 59, 36, 229, 59, 102, 85, 71, 239, 232, 246, 160, 233, 10,
       80, 215, 45, 48, 248, 221, 83, 235, 65, 227, 184, 127, 113, 172,
       143, 12, 65, 51, 102, 162, 112, 170, 249, 80, 202, 217, 145, 199,
       226, 181, 164, 24, 35, 134, 68, 58, 169, 151, 200, 16, 26, 111,
       226, 17, 95, 129, 17, 123, 225, 0, 198, 234, 133, 142, 79, 59,
       160, 171, 111, 190, 118, 19, 98, 212, 243, 227, 169, 73, 115, 110,
       42, 28, 51, 220, 111, 51, 236, 166, 119, 64, 184, 216, 193, 168,
       52, 205, 18, 174, 93, 71, 6, 236, 149, 132, 232, 9, 102, 226, 45,
       212, 216, 204, 66, 98, 108, 163, 24, 46, 177, 182, 7, 31, 81, 59,
       110, 142, 157, 142, 205, 127, 176, 170, 75, 190, 118, 11, 98, 116,
       243, 99, 144, 120, 51, 110, 44, 60, 187, 188, 45, 63, 232, 239,
       53, 64, 232, 209, 192, 41, 157, 142, 223, 123, 176, 170, 109, 158,
       118, 139, 102, 116, 243, 99, 144, 120, 51, 110, 44, 28, 163, 252,
       109, 63, 204, 239, 53, 64, 184, 208, 224, 40, 129, 174, 159, 187,
       236, 169, 105, 223, 246, 27, 114, 116, 181, 227, 248, 75, 99, 106,
       42, 28, 51, 220, 15, 115, 204, 139, 119, 104, 152, 192, 161, 168,
       54, 85, 18, 190, 93, 199, 22, 224, 149, 132, 233, 9, 102, 248, 45,
       148, 216, 249, 194, 98, 76, 163, 90, 174, 177, 244, 5, 27, 80, 59,
       108, 134, 120, 172, 251, 112, 152, 233, 85, 215, 179, 183, 172,
       24, 23, 183, 64, 26, 33, 246, 76, 24, 58, 75, 186, 34, 251, 199,
       53, 121, 226, 192, 198, 106, 205, 117, 157, 103, 225, 14, 119,
       184, 121, 234, 47, 76, 222, 115, 73, 178, 149, 68, 120, 106, 225,
       244, 249, 78, 239, 255, 69, 6, 74, 115, 67, 51, 248, 184, 156,
       112, 168, 173, 81, 223, 178, 191, 164, 25, 23, 243, 66, 27, 1,
       214, 109, 24, 58, 79, 218, 34, 219, 195, 117, 61, 224, 208, 206,
       10, 109, 113, 25, 101, 49, 78, 83, 56, 105, 232, 111, 8, 222, 19,
       1, 48, 144, 28, 64, 106, 73, 176, 241, 12, 231, 253, 1, 22, 74,
       35, 66, 50, 38, 73, 18, 190, 89, 205, 22, 224, 139, 132, 233, 9,
       166, 216, 37, 20, 200, 251, 194, 66, 78, 43, 90, 63, 177, 180, 5,
       59, 80, 59, 78, 6, 248, 160, 156, 122, 137, 233, 16, 143, 154, 55,
       165, 25, 182, 225, 74, 27, 137, 18, 232, 16, 58, 111, 218, 51,
       219, 195, 85, 125, 208, 72, 206, 10, 129, 142, 159, 187, 236, 169,
       105, 158, 118, 19, 98, 212, 181, 227, 240, 107, 99, 106, 106, 28,
       51, 252, 15, 51, 204, 171, 119, 64, 152, 192, 97, 136, 248, 140,
       148, 58, 137, 233, 80, 206, 131, 23, 160, 25, 47, 233, 96, 155,
       201, 227, 232, 16, 62, 111, 218, 179, 155, 211, 84, 123, 242, 76,
       238, 10, 133, 95, 31, 103, 176, 14, 111, 184, 116, 232, 126, 100,
       245, 115, 153, 112, 54, 108, 52, 110, 225, 144, 61, 46, 228, 175,
       39, 128, 8, 243, 129, 177, 20, 151, 121, 231, 180, 46, 111, 185,
       52, 175, 123, 96, 215, 115, 152, 112, 87, 222, 29, 42, 185, 144,
       105, 46, 236, 239, 167, 132, 164, 251, 132, 33, 93, 215, 121, 231,
       180, 78, 79, 188, 116, 170, 127, 64, 247, 119, 136, 112, 118, 214,
       29, 106, 249, 144, 105, 47, 233, 239, 37, 132, 32, 243, 196, 33,
       69, 117, 145, 71, 161, 78, 102, 184, 105, 234, 43, 76, 214, 115,
       9, 246, 148, 84, 104, 106, 65, 240, 217, 42, 167, 190, 69, 4, 74,
       243, 66, 33, 101, 117, 17, 71, 85, 79, 102, 184, 121, 232, 107,
       72, 214, 81, 13, 180, 144, 92, 80, 106, 65, 240, 249, 78, 37, 156,
       5, 6, 74, 51, 67, 176, 236, 180, 189, 99, 173, 125, 81, 152, 91,
