%YAML:1.0
---
descriptors: !!opencv-matrix
   rows: 312
   cols: 32
   dt: u
   data: [ 236, 229, 189, 99, 137, 77, 71, 168, 115, 191, 165, 24, 214,
       117, 72, 51, 153, 82, 104, 122, 122, 98, 251, 51, 239, 219, 69,
       125, 210, 123, 198, 98, 120, 184, 254, 120, 154, 232, 81, 87, 178,
       21, 164, 56, 55, 183, 64, 27, 3, 178, 109, 16, 58, 79, 162, 49,
       219, 195, 116, 121, 224, 192, 134, 106, 80, 160, 189, 120, 10,
       236, 81, 23, 162, 23, 166, 24, 55, 183, 64, 90, 39, 183, 109, 16,
       26, 79, 178, 17, 217, 227, 112, 121, 160, 192, 134, 106, 36, 161,
       121, 105, 88, 77, 83, 216, 66, 53, 45, 8, 115, 81, 73, 52, 25,
       152, 64, 104, 10, 98, 251, 21, 71, 141, 1, 61, 112, 171, 70, 226,
       13, 95, 25, 103, 176, 30, 111, 188, 116, 234, 94, 100, 245, 115,
       145, 112, 54, 108, 60, 110, 225, 144, 125, 46, 236, 239, 37, 132,
       42, 243, 129, 49, 125, 93, 125, 102, 232, 78, 79, 184, 96, 232,
       191, 72, 87, 119, 137, 115, 22, 212, 124, 106, 201, 163, 249, 44,
       243, 233, 101, 20, 104, 243, 66, 49, 248, 184, 255, 116, 168, 236,
       81, 87, 162, 159, 164, 24, 51, 183, 64, 27, 35, 182, 109, 24, 26,
       79, 178, 0, 219, 203, 116, 121, 224, 192, 198, 115, 252, 172, 252,
       118, 137, 109, 85, 150, 243, 183, 165, 24, 115, 241, 75, 27, 9,
       214, 109, 26, 58, 103, 250, 34, 219, 207, 117, 61, 227, 249, 198,
       34, 232, 108, 182, 252, 141, 237, 84, 230, 223, 130, 228, 24, 190,
       185, 97, 59, 201, 242, 123, 64, 42, 111, 210, 171, 251, 255, 84,
       59, 210, 88, 86, 10, 120, 177, 253, 114, 168, 220, 81, 159, 162,
       125, 164, 24, 51, 247, 74, 58, 5, 214, 124, 24, 27, 107, 250, 49,
       219, 233, 117, 125, 224, 128, 198, 123, 246, 184, 159, 94, 171,
       224, 17, 207, 171, 191, 164, 57, 38, 247, 77, 27, 129, 119, 237,
       16, 58, 79, 170, 113, 155, 178, 93, 255, 128, 112, 134, 107, 85,
       69, 125, 103, 152, 78, 71, 184, 229, 160, 171, 8, 215, 115, 9,
       115, 50, 212, 108, 106, 121, 161, 121, 44, 241, 235, 101, 20, 96,
       243, 194, 32, 208, 204, 92, 117, 146, 74, 79, 167, 180, 178, 166,
       16, 247, 35, 0, 83, 49, 246, 109, 170, 104, 205, 89, 46, 241, 235,
       229, 17, 32, 240, 196, 42, 192, 172, 157, 255, 136, 236, 1, 135,
       146, 23, 100, 24, 183, 243, 64, 90, 129, 122, 104, 24, 50, 76,
       218, 51, 205, 167, 84, 120, 144, 72, 135, 170, 116, 69, 89, 101,
       20, 79, 71, 56, 118, 160, 235, 8, 83, 113, 25, 112, 49, 212, 72,
       106, 105, 176, 121, 30, 249, 174, 5, 20, 113, 187, 64, 32, 100,
       101, 27, 102, 85, 71, 231, 104, 248, 160, 235, 8, 82, 247, 41, 48,
       248, 253, 82, 235, 73, 163, 184, 78, 49, 174, 135, 12, 65, 51,
       102, 162, 244, 188, 189, 118, 137, 240, 85, 174, 179, 243, 167,
       24, 119, 247, 72, 123, 129, 247, 252, 18, 59, 79, 250, 51, 219,
       243, 85, 127, 160, 113, 134, 114, 69, 117, 17, 101, 21, 15, 119,
       56, 120, 232, 107, 76, 214, 17, 9, 48, 144, 76, 104, 110, 193,
       240, 217, 12, 165, 188, 1, 6, 72, 35, 67, 34, 65, 48, 17, 101, 1,
       76, 49, 0, 104, 224, 34, 8, 150, 19, 1, 50, 144, 21, 104, 40, 1,
       176, 177, 0, 197, 184, 0, 6, 72, 32, 3, 34, 93, 48, 188, 230, 44,
       76, 89, 24, 175, 184, 183, 8, 223, 223, 72, 123, 134, 149, 125,
       122, 138, 65, 251, 0, 211, 249, 99, 252, 2, 162, 3, 35, 1, 120,
       83, 77, 66, 90, 39, 20, 96, 194, 102, 104, 114, 18, 133, 52, 50,
       124, 64, 106, 65, 180, 177, 104, 37, 168, 32, 0, 107, 179, 66,
       189, 234, 188, 180, 248, 173, 173, 89, 119, 255, 59, 180, 24, 190,
       189, 84, 91, 205, 179, 127, 29, 186, 111, 242, 211, 223, 219, 214,
       122, 210, 76, 210, 59, 232, 184, 190, 248, 173, 173, 81, 87, 255,
       91, 180, 25, 191, 189, 68, 123, 205, 179, 127, 28, 186, 111, 242,
       147, 219, 219, 80, 122, 210, 72, 194, 107, 197, 67, 69, 71, 164,
       10, 110, 188, 96, 170, 115, 236, 211, 97, 153, 51, 18, 68, 108,
       110, 225, 244, 205, 40, 164, 170, 101, 4, 76, 179, 210, 32, 109,
       207, 68, 111, 181, 26, 102, 188, 97, 160, 239, 200, 203, 97, 153,
       247, 18, 230, 236, 110, 248, 176, 237, 172, 174, 250, 69, 20, 102,
       247, 218, 36, 205, 112, 149, 101, 33, 30, 118, 56, 121, 234, 246,
       76, 222, 113, 9, 191, 150, 68, 108, 110, 225, 244, 241, 8, 231,
       251, 101, 4, 74, 242, 75, 33, 205, 120, 157, 101, 33, 14, 119,
       148, 105, 234, 38, 76, 223, 51, 65, 187, 130, 84, 124, 106, 225,
       244, 241, 40, 199, 251, 101, 2, 74, 113, 67, 43, 221, 120, 159,
       101, 1, 110, 115, 144, 240, 234, 166, 8, 223, 51, 65, 59, 160,
       116, 108, 122, 33, 245, 177, 8, 193, 235, 97, 16, 202, 113, 3, 51,
       129, 174, 215, 155, 236, 169, 100, 143, 254, 19, 98, 208, 179,
       226, 240, 91, 107, 98, 106, 28, 51, 109, 206, 115, 12, 2, 247,
       104, 148, 208, 193, 168, 236, 180, 189, 99, 137, 111, 17, 9, 123,
       63, 37, 24, 214, 117, 72, 59, 145, 20, 232, 48, 50, 116, 249, 19,
       207, 211, 85, 119, 208, 74, 199, 34, 69, 117, 153, 103, 225, 78,
       55, 168, 121, 234, 111, 8, 222, 115, 9, 50, 146, 93, 120, 106, 97,
       208, 249, 106, 231, 255, 71, 6, 74, 115, 3, 179, 120, 187, 152,
       112, 184, 169, 81, 215, 162, 189, 172, 189, 47, 167, 66, 18, 135,
       179, 237, 16, 26, 75, 138, 49, 219, 197, 53, 121, 224, 64, 134,
       91, 208, 152, 159, 252, 170, 96, 69, 183, 162, 27, 166, 184, 119,
       247, 64, 123, 103, 246, 109, 136, 57, 79, 163, 33, 209, 163, 112,
       24, 32, 224, 166, 57, 240, 186, 255, 112, 170, 233, 65, 214, 178,
       63, 164, 56, 51, 247, 192, 27, 39, 178, 108, 24, 58, 111, 162, 32,
       217, 203, 117, 120, 224, 192, 198, 107, 77, 117, 156, 71, 225, 94,
       55, 184, 121, 234, 111, 8, 222, 113, 73, 191, 145, 84, 120, 106,
       97, 240, 249, 106, 239, 255, 69, 6, 202, 115, 75, 50, 240, 238,
       252, 114, 168, 173, 85, 223, 178, 191, 164, 25, 55, 231, 64, 27,
       9, 242, 109, 24, 58, 111, 218, 51, 219, 203, 117, 121, 224, 208,
       198, 43, 100, 113, 57, 99, 88, 15, 67, 184, 98, 44, 173, 12, 215,
       81, 9, 16, 144, 92, 68, 106, 72, 32, 249, 29, 103, 157, 33, 52,
       64, 179, 70, 163, 212, 24, 159, 124, 168, 108, 65, 19, 162, 31,
       166, 24, 87, 183, 64, 123, 5, 246, 109, 24, 25, 79, 179, 0, 217,
       227, 112, 88, 160, 160, 166, 99, 13, 117, 17, 79, 117, 30, 230,
       184, 125, 200, 111, 68, 222, 112, 29, 180, 148, 92, 82, 106, 225,
       176, 89, 78, 39, 252, 5, 4, 74, 51, 75, 165, 117, 85, 125, 103,
       176, 78, 79, 188, 96, 232, 190, 72, 83, 119, 137, 114, 52, 212,
       124, 106, 233, 161, 121, 46, 243, 239, 37, 148, 104, 243, 66, 49,
       253, 113, 253, 102, 172, 78, 71, 184, 96, 250, 183, 8, 83, 117,
       201, 51, 22, 212, 124, 106, 233, 99, 249, 8, 243, 233, 101, 60,
       105, 179, 70, 113, 44, 52, 185, 99, 189, 109, 81, 152, 75, 253,
       173, 24, 223, 125, 73, 58, 153, 152, 253, 24, 27, 98, 251, 16,
       203, 221, 49, 125, 210, 203, 70, 115, 124, 112, 189, 115, 41, 109,
       83, 152, 114, 187, 165, 24, 215, 87, 73, 58, 145, 212, 124, 122,
       43, 103, 251, 2, 219, 207, 117, 60, 224, 243, 70, 51, 104, 177,
       188, 122, 173, 253, 84, 47, 235, 57, 165, 24, 158, 253, 72, 51,
       137, 146, 253, 16, 26, 107, 250, 145, 203, 219, 80, 127, 210, 72,
       198, 34, 252, 188, 252, 118, 136, 104, 85, 191, 178, 182, 165, 24,
       115, 247, 64, 27, 1, 214, 237, 10, 56, 79, 250, 32, 219, 203, 117,
       61, 226, 241, 198, 106, 120, 176, 249, 114, 169, 205, 81, 223,
       227, 61, 164, 8, 59, 223, 72, 58, 131, 150, 253, 16, 26, 107, 250,
       49, 219, 201, 117, 121, 227, 128, 198, 123, 221, 46, 148, 48, 169,
       60, 72, 154, 250, 187, 162, 92, 207, 162, 193, 251, 133, 71, 108,
       28, 188, 73, 203, 2, 152, 251, 119, 254, 136, 117, 139, 5, 228,
       188, 157, 90, 232, 237, 5, 143, 250, 59, 160, 24, 150, 243, 72,
       59, 129, 82, 106, 16, 51, 111, 218, 51, 221, 130, 117, 124, 216,
       72, 131, 42, 85, 38, 149, 114, 168, 44, 69, 159, 187, 187, 162,
