%YAML:1.0
---
descriptors: !!opencv-matrix
   rows: 173
   cols: 32
   dt: u
   data: [ 108, 116, 157, 103, 169, 111, 71, 152, 58, 186, 47, 24, 214,
       119, 73, 59, 145, 84, 120, 58, 49, 84, 249, 34, 207, 191, 69, 116,
       192, 115, 198, 115, 109, 117, 185, 103, 185, 79, 71, 184, 58, 232,
       43, 8, 214, 119, 73, 50, 145, 92, 120, 106, 73, 112, 249, 62, 237,
       221, 5, 54, 64, 115, 198, 114, 246, 236, 150, 190, 137, 205, 22,
       232, 159, 150, 168, 9, 230, 242, 109, 150, 201, 115, 234, 67, 110,
       71, 218, 123, 185, 150, 79, 59, 80, 127, 47, 14, 100, 245, 189,
       99, 137, 109, 87, 140, 51, 63, 173, 24, 246, 119, 72, 58, 153, 82,
       105, 122, 26, 98, 251, 51, 239, 223, 85, 125, 192, 83, 198, 98,
       89, 135, 95, 101, 180, 42, 111, 183, 116, 2, 106, 68, 243, 33,
       144, 112, 19, 198, 44, 44, 249, 188, 69, 15, 236, 175, 36, 64,
       232, 242, 192, 40, 229, 117, 17, 71, 117, 30, 230, 184, 121, 232,
       102, 76, 254, 80, 13, 180, 148, 76, 80, 106, 225, 240, 217, 111,
       39, 184, 5, 0, 74, 51, 75, 165, 249, 180, 156, 58, 170, 189, 89,
       223, 179, 127, 180, 185, 63, 247, 194, 27, 135, 243, 253, 20, 62,
       79, 202, 51, 218, 203, 117, 253, 162, 196, 142, 83, 249, 180, 245,
       116, 169, 253, 80, 222, 243, 251, 180, 120, 59, 253, 198, 62, 137,
       246, 252, 0, 191, 111, 250, 147, 219, 219, 113, 187, 235, 192, 70,
       127, 252, 44, 252, 118, 153, 111, 87, 158, 179, 182, 165, 24, 83,
       119, 67, 27, 1, 214, 109, 58, 56, 71, 219, 42, 251, 207, 117, 61,
       226, 241, 198, 34, 112, 188, 253, 114, 168, 253, 85, 159, 226,
       255, 172, 24, 179, 247, 202, 59, 7, 214, 108, 24, 27, 107, 251,
       49, 219, 203, 117, 125, 224, 208, 198, 123, 224, 252, 153, 218,
       204, 237, 71, 143, 218, 51, 169, 24, 182, 243, 76, 59, 129, 210,
       106, 24, 59, 111, 218, 115, 253, 150, 85, 124, 216, 89, 199, 42,
       252, 76, 93, 118, 40, 74, 87, 184, 176, 178, 167, 24, 215, 119, 9,
       91, 135, 245, 108, 106, 104, 71, 203, 42, 243, 235, 101, 29, 96,
       241, 14, 34, 192, 236, 157, 251, 200, 237, 37, 143, 190, 51, 32,
       24, 182, 243, 64, 91, 129, 114, 106, 24, 50, 76, 219, 51, 205,
       162, 84, 120, 144, 80, 135, 42, 109, 97, 33, 101, 117, 31, 118,
       56, 105, 232, 127, 73, 219, 109, 159, 176, 148, 68, 125, 110, 196,
       176, 233, 140, 103, 253, 33, 148, 66, 191, 82, 101, 76, 101, 121,
       103, 50, 74, 127, 56, 45, 164, 111, 136, 223, 87, 137, 80, 22, 93,
       93, 110, 64, 208, 249, 78, 231, 253, 33, 4, 98, 179, 7, 113, 80,
       184, 157, 120, 136, 236, 81, 159, 230, 123, 166, 24, 247, 247, 72,
       122, 1, 215, 108, 16, 58, 109, 219, 49, 217, 163, 117, 121, 224,
       64, 135, 42, 236, 180, 189, 99, 173, 111, 83, 137, 123, 191, 37,
       24, 214, 117, 72, 59, 145, 84, 104, 50, 50, 116, 249, 18, 207,
       219, 69, 119, 192, 107, 198, 98, 108, 229, 189, 126, 153, 69, 71,
       168, 51, 150, 173, 8, 242, 247, 9, 18, 217, 194, 104, 106, 107,
       98, 251, 63, 235, 223, 197, 60, 80, 115, 70, 114, 77, 116, 157,
       103, 161, 110, 119, 136, 121, 234, 47, 8, 222, 113, 73, 59, 177,
       84, 104, 106, 97, 244, 249, 10, 231, 255, 69, 22, 200, 115, 67,
       35, 205, 116, 153, 119, 161, 110, 55, 136, 123, 234, 103, 24, 222,
       119, 73, 58, 147, 95, 120, 106, 33, 212, 249, 106, 239, 255, 69,
       6, 202, 115, 3, 51, 69, 117, 157, 99, 164, 111, 71, 152, 122, 250,
       47, 12, 215, 113, 73, 58, 145, 68, 120, 126, 49, 112, 249, 34,
       237, 159, 101, 116, 200, 123, 195, 48, 88, 40, 251, 112, 138, 233,
       81, 82, 162, 151, 164, 56, 23, 151, 64, 26, 39, 184, 76, 24, 26,
       79, 162, 0, 217, 197, 49, 120, 224, 128, 38, 226, 216, 172, 183,
       114, 139, 252, 81, 215, 179, 31, 164, 24, 47, 247, 64, 159, 39,
       247, 237, 16, 58, 79, 170, 51, 219, 243, 85, 123, 162, 192, 134,
       107, 248, 238, 148, 248, 169, 173, 92, 223, 187, 59, 160, 217, 31,
       255, 64, 27, 167, 247, 125, 20, 62, 79, 202, 177, 219, 251, 125,
       253, 162, 196, 138, 11, 240, 188, 247, 82, 168, 237, 80, 211, 251,
       59, 184, 120, 62, 252, 196, 59, 143, 247, 124, 0, 187, 111, 202,
       99, 155, 218, 113, 250, 201, 64, 198, 175, 252, 77, 78, 30, 141,
       90, 71, 188, 212, 214, 230, 149, 195, 224, 187, 247, 80, 102, 168,
       110, 108, 245, 111, 46, 226, 227, 69, 5, 118, 252, 252, 68, 213,
       110, 200, 87, 148, 58, 78, 152, 115, 174, 238, 22, 67, 96, 159,
       94, 113, 204, 44, 238, 172, 212, 237, 42, 226, 239, 229, 5, 227,
       247, 122, 68, 230, 186, 142, 222, 234, 36, 157, 207, 186, 191,
       164, 189, 36, 235, 78, 27, 135, 119, 233, 144, 54, 79, 154, 113,
       91, 19, 93, 255, 128, 112, 167, 203, 100, 188, 157, 242, 204, 173,
       69, 143, 219, 59, 169, 88, 214, 240, 76, 59, 137, 219, 108, 16,
       59, 111, 218, 115, 185, 158, 85, 126, 208, 89, 198, 34, 117, 69,
       95, 103, 20, 78, 71, 184, 100, 32, 235, 72, 83, 113, 9, 112, 48,
       212, 108, 106, 105, 177, 89, 46, 241, 239, 33, 20, 97, 179, 64,
       32, 220, 204, 92, 118, 138, 74, 86, 174, 176, 178, 166, 24, 247,
       99, 9, 91, 35, 214, 108, 234, 104, 77, 91, 47, 249, 227, 101, 21,
       32, 241, 142, 10, 116, 197, 93, 103, 21, 79, 67, 168, 116, 160,
       171, 10, 83, 113, 9, 112, 48, 212, 72, 106, 105, 176, 121, 30,
       249, 174, 5, 20, 113, 170, 68, 34, 2, 223, 22, 184, 185, 141, 20,
       167, 159, 93, 74, 101, 174, 246, 34, 212, 197, 123, 238, 64, 79,
       137, 66, 183, 168, 246, 28, 218, 26, 28, 173, 159, 216, 168, 191,
       116, 139, 232, 81, 7, 162, 23, 164, 24, 23, 167, 64, 27, 33, 183,
       236, 16, 58, 79, 162, 1, 219, 227, 112, 121, 226, 64, 134, 106,
       100, 97, 120, 101, 116, 26, 110, 40, 105, 160, 111, 9, 211, 73,
       29, 16, 146, 76, 121, 110, 76, 240, 205, 12, 103, 253, 1, 5, 100,
       179, 74, 2, 92, 101, 120, 103, 83, 27, 127, 40, 57, 164, 111, 136,
       219, 55, 137, 176, 50, 221, 221, 234, 72, 208, 201, 78, 231, 205,
       37, 133, 99, 179, 7, 34, 109, 245, 189, 99, 153, 79, 71, 168, 122,
       49, 45, 24, 210, 117, 72, 50, 145, 86, 104, 122, 123, 112, 249,
       53, 239, 223, 69, 116, 208, 83, 198, 34, 69, 117, 25, 103, 48, 14,
       103, 184, 106, 170, 107, 76, 215, 115, 73, 16, 148, 76, 108, 126,
       192, 176, 217, 46, 229, 254, 37, 4, 72, 243, 67, 35, 240, 170,
       254, 112, 10, 233, 81, 86, 178, 23, 164, 57, 23, 135, 64, 27, 39,
       176, 109, 152, 58, 79, 162, 16, 217, 195, 113, 121, 224, 192, 6,
       106, 205, 113, 49, 69, 97, 92, 55, 8, 105, 232, 39, 8, 222, 16,
       77, 182, 146, 92, 112, 106, 197, 116, 249, 0, 71, 216, 69, 46, 74,
       51, 67, 167, 226, 238, 212, 122, 233, 173, 76, 223, 187, 59, 160,
       89, 46, 227, 68, 159, 161, 231, 109, 152, 58, 79, 202, 243, 158,
       250, 85, 250, 162, 208, 194, 9, 245, 78, 234, 119, 164, 42, 71,
       143, 119, 238, 238, 181, 67, 104, 159, 91, 113, 238, 44, 46, 236,
       244, 237, 42, 242, 239, 229, 5, 225, 241, 244, 76, 120, 249, 253,
       98, 169, 221, 85, 157, 227, 253, 172, 8, 187, 247, 72, 50, 2, 214,
       253, 88, 26, 107, 250, 49, 251, 201, 53, 125, 226, 130, 198, 123,
       116, 184, 149, 114, 201, 173, 69, 206, 251, 187, 160, 88, 214,
       241, 76, 58, 129, 211, 108, 16, 59, 111, 218, 51, 153, 158, 85,
       126, 208, 89, 194, 43, 125, 77, 87, 103, 148, 78, 71, 184, 100,
       160, 234, 72, 83, 113, 25, 112, 112, 196, 76, 106, 105, 177, 57,
       46, 241, 239, 37, 20, 97, 243, 96, 32, 244, 38, 149, 114, 168, 44,
       68, 139, 187, 187, 161, 120, 199, 226, 201, 159, 129, 199, 108,
       18, 58, 71, 202, 0, 152, 210, 85, 62, 192, 113, 131, 37, 116, 68,
       93, 103, 20, 79, 67, 40, 116, 160, 171, 8, 83, 113, 9, 112, 48,
       244, 72, 106, 105, 177, 121, 30, 241, 174, 1, 20, 97, 43, 68, 34,
       116, 127, 154, 166, 56, 15, 23, 248, 160, 236, 185, 45, 70, 244,
       75, 18, 156, 245, 236, 99, 204, 227, 200, 42, 248, 167, 101, 187,
       72, 123, 11, 83, 76, 95, 7, 158, 25, 198, 39, 224, 180, 204, 203,
