%YAML:1.0
---
descriptors: !!opencv-matrix
   rows: 333
   cols: 32
   dt: u
   data: [ 116, 101, 2, 140, 25, 203, 134, 232, 254, 160, 233, 9, 198,
       226, 41, 80, 248, 228, 106, 99, 72, 3, 218, 30, 177, 6, 15, 63,
       80, 59, 43, 2, 236, 112, 189, 103, 45, 95, 87, 152, 83, 250, 165,
       24, 211, 85, 73, 59, 153, 212, 124, 122, 233, 102, 249, 2, 199,
       219, 101, 54, 202, 123, 86, 114, 125, 93, 125, 103, 160, 78, 79,
       184, 97, 232, 191, 76, 83, 119, 137, 115, 52, 212, 124, 106, 201,
       176, 249, 44, 243, 233, 101, 148, 104, 243, 66, 49, 149, 221, 121,
       239, 180, 15, 79, 189, 52, 234, 126, 100, 247, 119, 136, 112, 119,
       222, 29, 106, 249, 184, 121, 63, 235, 239, 39, 196, 40, 243, 192,
       49, 93, 93, 121, 103, 180, 14, 79, 184, 96, 232, 191, 108, 215,
       119, 137, 113, 86, 244, 92, 106, 233, 129, 249, 46, 243, 237, 101,
       148, 104, 243, 66, 49, 149, 189, 153, 239, 180, 111, 127, 191, 54,
       235, 95, 80, 247, 119, 153, 96, 119, 127, 31, 58, 251, 152, 249,
       63, 237, 239, 47, 196, 172, 251, 129, 185, 172, 52, 189, 99, 173,
       125, 83, 152, 91, 255, 165, 24, 222, 93, 75, 59, 145, 81, 252, 58,
       51, 100, 251, 18, 207, 219, 65, 125, 194, 123, 71, 115, 150, 172,
       254, 191, 236, 239, 255, 254, 190, 191, 243, 26, 255, 255, 121,
       91, 239, 247, 127, 147, 58, 239, 203, 243, 253, 187, 255, 220,
       132, 121, 229, 227, 150, 252, 254, 255, 252, 187, 254, 236, 191,
       183, 247, 59, 238, 238, 94, 75, 255, 255, 255, 195, 254, 247, 203,
       255, 254, 255, 223, 247, 149, 125, 237, 211, 150, 252, 254, 255,
       236, 171, 254, 239, 191, 183, 243, 59, 254, 254, 94, 75, 255, 223,
       127, 131, 58, 247, 203, 251, 253, 191, 255, 193, 245, 121, 229,
       11, 236, 176, 189, 123, 237, 253, 81, 153, 127, 123, 37, 24, 222,
       125, 74, 59, 153, 18, 253, 16, 59, 108, 251, 147, 207, 219, 81,
       127, 210, 75, 198, 242, 230, 237, 246, 191, 253, 187, 254, 238,
       63, 242, 251, 155, 238, 238, 95, 207, 255, 239, 255, 215, 230,
       119, 203, 251, 190, 223, 223, 135, 215, 253, 235, 223, 238, 236,
       246, 223, 253, 59, 254, 239, 127, 243, 251, 26, 238, 234, 94, 207,
       255, 223, 255, 243, 250, 247, 207, 235, 190, 254, 223, 167, 151,
       255, 235, 205, 238, 236, 246, 255, 252, 171, 238, 254, 191, 210,
       255, 26, 239, 235, 124, 67, 127, 239, 127, 187, 250, 103, 203,
       255, 254, 255, 207, 140, 215, 255, 227, 129, 246, 237, 230, 223,
       188, 171, 238, 255, 191, 179, 255, 18, 239, 235, 221, 75, 127,
       239, 127, 187, 240, 243, 203, 255, 190, 254, 207, 140, 183, 251,
       227, 136, 238, 236, 246, 255, 252, 191, 238, 236, 255, 186, 251,
       26, 239, 235, 125, 75, 255, 239, 127, 243, 250, 231, 235, 255,
       190, 255, 239, 188, 151, 251, 227, 129, 96, 172, 157, 250, 204,
       205, 16, 143, 158, 27, 160, 24, 182, 243, 104, 91, 193, 50, 106,
       24, 50, 107, 218, 49, 205, 163, 118, 121, 208, 72, 199, 42, 254,
       255, 214, 255, 253, 47, 254, 253, 63, 187, 251, 90, 235, 251, 125,
       91, 255, 223, 127, 242, 248, 239, 203, 250, 191, 254, 247, 254,
       199, 251, 226, 129, 106, 253, 183, 252, 221, 213, 87, 231, 159,
       214, 236, 24, 190, 191, 54, 53, 201, 251, 123, 65, 120, 107, 242,
       255, 251, 255, 214, 59, 210, 124, 230, 250, 208, 28, 253, 116, 40,
       110, 85, 51, 160, 186, 182, 120, 87, 55, 129, 123, 135, 246, 108,
       42, 104, 103, 227, 8, 211, 235, 117, 144, 96, 240, 70, 35, 253,
       180, 252, 247, 173, 127, 95, 184, 187, 250, 191, 60, 223, 255, 75,
       59, 151, 247, 253, 106, 233, 103, 251, 186, 251, 251, 103, 190,
       202, 243, 195, 115, 224, 180, 149, 123, 141, 109, 84, 143, 127,
       59, 169, 24, 214, 61, 76, 255, 129, 150, 120, 16, 59, 108, 219,
       147, 143, 218, 85, 126, 208, 72, 198, 34, 221, 252, 188, 247, 172,
       62, 126, 188, 191, 250, 191, 56, 255, 255, 73, 123, 183, 247, 253,
       122, 249, 69, 251, 250, 251, 251, 103, 188, 130, 243, 195, 19, 21,
       205, 59, 99, 148, 207, 71, 248, 118, 160, 239, 0, 83, 241, 33,
       112, 81, 252, 40, 122, 105, 176, 57, 62, 233, 142, 5, 84, 112,
       187, 224, 40, 205, 117, 49, 71, 240, 78, 55, 184, 57, 232, 127,
       108, 222, 119, 141, 52, 150, 93, 220, 98, 225, 240, 249, 110, 111,
       188, 37, 134, 74, 115, 7, 115, 69, 112, 17, 101, 1, 79, 51, 8,
       104, 224, 35, 8, 214, 17, 9, 50, 144, 20, 104, 106, 1, 240, 241,
       8, 197, 184, 1, 6, 72, 51, 67, 34, 118, 237, 118, 174, 254, 11,
       254, 236, 191, 226, 251, 10, 111, 234, 61, 80, 255, 207, 127, 227,
       244, 243, 141, 255, 190, 254, 143, 190, 53, 255, 241, 133, 246,
       93, 118, 207, 254, 11, 254, 232, 61, 162, 251, 42, 77, 250, 61,
       113, 254, 221, 127, 227, 224, 243, 73, 238, 191, 254, 207, 134,
       53, 251, 113, 129, 31, 101, 246, 239, 188, 11, 254, 232, 125, 170,
       251, 2, 223, 122, 29, 99, 255, 205, 127, 227, 232, 227, 201, 238,
       190, 255, 239, 148, 101, 255, 99, 129, 237, 113, 157, 101, 164,
       78, 71, 184, 96, 234, 167, 76, 215, 113, 73, 59, 16, 68, 124, 106,
       229, 244, 217, 8, 229, 251, 101, 20, 72, 115, 66, 0, 205, 112,
       157, 119, 41, 78, 84, 136, 104, 250, 39, 24, 222, 16, 73, 59, 129,
       84, 108, 106, 97, 100, 249, 40, 197, 251, 69, 54, 200, 115, 67,
       35, 125, 207, 29, 102, 176, 46, 71, 184, 96, 168, 171, 76, 83,
       113, 137, 115, 20, 228, 108, 110, 233, 161, 217, 46, 240, 239,
       101, 16, 104, 243, 66, 33, 252, 236, 180, 254, 205, 103, 94, 254,
       87, 178, 253, 24, 219, 251, 93, 91, 217, 199, 127, 170, 120, 103,
       219, 234, 251, 255, 199, 60, 210, 251, 226, 2, 117, 85, 93, 100,
       160, 14, 71, 189, 96, 234, 170, 76, 83, 113, 137, 51, 18, 196,
       124, 106, 201, 225, 249, 40, 225, 169, 101, 20, 104, 243, 194, 33,
       236, 252, 188, 254, 141, 253, 86, 182, 219, 186, 165, 24, 255,
       249, 5, 91, 201, 242, 253, 10, 120, 110, 250, 187, 235, 223, 213,
       59, 210, 123, 210, 10, 101, 85, 29, 103, 32, 14, 71, 184, 96, 224,
       43, 76, 215, 113, 137, 115, 16, 68, 124, 106, 201, 240, 249, 44,
       229, 168, 101, 16, 104, 242, 194, 32, 216, 184, 191, 248, 169,
       253, 89, 223, 191, 91, 180, 24, 191, 191, 64, 59, 165, 179, 253,
       24, 59, 111, 242, 19, 219, 219, 116, 250, 194, 192, 134, 123, 248,
       188, 188, 120, 173, 253, 81, 183, 251, 123, 180, 24, 191, 255, 64,
       123, 133, 247, 253, 24, 58, 111, 242, 179, 219, 251, 117, 122,
       210, 72, 199, 123, 238, 188, 180, 254, 237, 175, 92, 255, 223,
       187, 176, 24, 234, 249, 116, 91, 205, 247, 127, 1, 186, 111, 219,
       251, 187, 223, 223, 122, 146, 124, 210, 130, 249, 188, 188, 126,
       173, 253, 84, 223, 255, 251, 180, 24, 191, 253, 64, 59, 205, 251,
       253, 0, 186, 111, 250, 179, 219, 251, 87, 59, 210, 200, 194, 91,
       134, 172, 214, 187, 254, 171, 252, 239, 191, 51, 242, 18, 236,
       234, 124, 75, 239, 239, 127, 145, 50, 253, 203, 243, 188, 250,
       223, 194, 165, 88, 225, 137, 214, 172, 246, 187, 238, 169, 252,
       239, 191, 179, 242, 26, 237, 234, 116, 75, 239, 255, 127, 145,
       178, 111, 203, 243, 156, 250, 223, 234, 149, 248, 161, 137, 20,
       172, 250, 175, 188, 171, 254, 255, 62, 163, 250, 130, 247, 238,
       88, 64, 255, 239, 127, 145, 210, 184, 203, 127, 236, 239, 191,
       196, 132, 122, 161, 137, 214, 172, 254, 255, 238, 169, 252, 207,
       190, 179, 250, 18, 253, 234, 124, 91, 239, 239, 127, 145, 178,
       255, 203, 243, 190, 175, 255, 200, 133, 216, 161, 136, 198, 172,
       246, 255, 238, 169, 252, 246, 191, 147, 246, 18, 237, 235, 116,
       91, 239, 247, 127, 153, 178, 255, 203, 243, 158, 250, 223, 200,
       135, 217, 225, 137, 212, 157, 63, 239, 180, 15, 95, 188, 36, 136,
       254, 32, 247, 95, 137, 81, 118, 247, 93, 106, 248, 184, 73, 45,
       234, 233, 39, 144, 36, 179, 129, 59, 20, 189, 56, 239, 180, 171,
       127, 190, 46, 169, 254, 32, 247, 127, 0, 64, 246, 255, 95, 107,
       154, 184, 73, 63, 238, 237, 47, 148, 164, 250, 129, 153, 204, 84,
