%YAML:1.0
---
descriptors: !!opencv-matrix
   rows: 373
   cols: 32
   dt: u
   data: [ 216, 180, 191, 240, 169, 124, 93, 159, 187, 255, 150, 56, 159,
       191, 74, 123, 167, 23, 253, 17, 187, 77, 179, 194, 219, 219, 127,
       254, 128, 80, 167, 115, 204, 188, 188, 115, 169, 253, 125, 151,
       251, 187, 182, 24, 190, 63, 64, 59, 133, 87, 253, 24, 178, 109,
       251, 243, 207, 219, 119, 123, 194, 80, 135, 123, 238, 188, 180,
       254, 173, 237, 92, 159, 223, 187, 180, 24, 254, 249, 92, 91, 193,
       123, 255, 17, 186, 109, 218, 243, 207, 223, 221, 62, 146, 249,
       210, 139, 150, 172, 254, 191, 252, 47, 255, 255, 63, 187, 254, 26,
       247, 235, 29, 89, 251, 239, 127, 186, 240, 255, 203, 127, 254,
       191, 255, 204, 133, 249, 227, 137, 148, 205, 189, 239, 180, 42,
       111, 188, 54, 170, 219, 64, 247, 99, 153, 64, 119, 111, 125, 234,
       249, 208, 105, 46, 232, 175, 111, 148, 164, 251, 129, 33, 108,
       112, 185, 97, 45, 111, 83, 152, 106, 255, 165, 24, 215, 125, 73,
       58, 145, 92, 117, 58, 10, 116, 249, 2, 207, 221, 37, 60, 194, 251,
       70, 242, 236, 113, 189, 103, 40, 78, 87, 152, 32, 254, 183, 8,
       215, 87, 73, 59, 144, 212, 125, 106, 105, 116, 249, 0, 199, 201,
       101, 52, 64, 179, 70, 115, 20, 87, 57, 231, 180, 79, 111, 184, 52,
       234, 127, 100, 215, 119, 137, 112, 55, 93, 61, 106, 233, 144, 121,
       46, 237, 239, 39, 132, 40, 243, 5, 113, 220, 92, 157, 246, 168,
       78, 87, 184, 190, 250, 163, 72, 215, 119, 9, 123, 149, 85, 125,
       106, 105, 197, 219, 42, 245, 251, 103, 20, 8, 115, 3, 51, 197, 84,
       157, 103, 160, 14, 102, 184, 120, 186, 163, 84, 215, 115, 137,
       123, 149, 84, 124, 106, 97, 212, 217, 42, 165, 170, 101, 20, 136,
       243, 1, 49, 196, 180, 157, 103, 184, 111, 119, 153, 63, 251, 171,
       88, 215, 119, 9, 123, 145, 214, 124, 58, 57, 244, 249, 10, 237,
       223, 69, 52, 192, 115, 198, 50, 104, 180, 59, 112, 25, 237, 81,
       71, 251, 21, 45, 24, 54, 151, 64, 60, 129, 58, 72, 24, 27, 107,
       178, 23, 219, 223, 16, 122, 194, 0, 198, 106, 228, 117, 29, 103,
       136, 79, 71, 188, 114, 162, 170, 24, 215, 119, 73, 51, 145, 86,
       120, 106, 121, 112, 249, 62, 237, 175, 37, 52, 192, 115, 198, 34,
       252, 232, 156, 114, 137, 109, 85, 136, 130, 182, 165, 25, 87, 243,
       73, 27, 137, 208, 233, 50, 106, 103, 218, 49, 219, 195, 69, 125,
       242, 123, 206, 34, 36, 101, 189, 103, 172, 79, 71, 168, 100, 166,
       239, 8, 247, 117, 9, 48, 153, 84, 104, 106, 105, 176, 249, 42,
       237, 191, 69, 20, 192, 123, 70, 98, 60, 164, 220, 250, 141, 109,
       80, 202, 195, 183, 173, 25, 75, 249, 76, 154, 201, 210, 232, 16,
       62, 107, 219, 178, 219, 223, 85, 127, 243, 73, 206, 130, 241, 184,
       247, 112, 171, 253, 80, 87, 227, 123, 180, 56, 59, 189, 198, 63,
       175, 179, 252, 16, 191, 111, 178, 177, 219, 218, 112, 251, 235,
       196, 198, 127, 249, 190, 158, 176, 168, 188, 89, 151, 163, 95,
       180, 217, 63, 151, 66, 27, 135, 179, 253, 20, 190, 79, 162, 49,
       219, 203, 116, 249, 162, 196, 138, 91, 252, 164, 188, 118, 136,
       105, 85, 159, 178, 183, 164, 25, 119, 243, 74, 27, 1, 214, 109,
       16, 58, 79, 218, 34, 219, 195, 117, 61, 224, 240, 134, 98, 77,
       174, 192, 35, 176, 56, 103, 191, 118, 179, 78, 228, 235, 227, 218,
       244, 51, 78, 164, 30, 211, 92, 237, 51, 172, 199, 55, 101, 166,
       215, 203, 40, 69, 113, 49, 103, 81, 79, 54, 32, 104, 224, 107, 8,
       222, 87, 9, 176, 144, 92, 64, 106, 65, 240, 249, 12, 165, 156, 1,
       22, 72, 51, 71, 162, 100, 180, 17, 251, 157, 45, 71, 172, 95, 59,
       169, 88, 214, 113, 76, 48, 145, 218, 110, 18, 59, 34, 219, 55,
       173, 158, 21, 126, 208, 74, 198, 34, 85, 69, 93, 103, 22, 78, 67,
       184, 100, 160, 107, 64, 211, 115, 9, 112, 50, 212, 88, 106, 41,
       176, 93, 14, 231, 175, 37, 20, 97, 243, 64, 32, 204, 197, 125,
       103, 160, 74, 111, 188, 113, 162, 47, 8, 215, 119, 9, 115, 18,
       212, 104, 106, 104, 240, 121, 46, 231, 235, 69, 20, 96, 243, 196,
       32, 28, 53, 191, 231, 145, 102, 103, 248, 54, 164, 239, 0, 211,
       115, 9, 96, 121, 222, 72, 234, 40, 208, 57, 46, 235, 239, 135, 5,
       160, 243, 100, 34, 224, 136, 157, 248, 136, 233, 81, 143, 155, 23,
       160, 24, 182, 179, 68, 91, 129, 147, 104, 16, 50, 111, 195, 113,
       221, 178, 84, 123, 208, 72, 135, 42, 192, 173, 157, 251, 232, 205,
       5, 175, 158, 19, 32, 24, 182, 243, 64, 123, 129, 114, 106, 24,
       114, 111, 250, 51, 237, 179, 86, 120, 144, 89, 135, 170, 116, 141,
       92, 111, 154, 43, 71, 175, 228, 160, 170, 8, 211, 51, 1, 83, 18,
       246, 108, 106, 120, 169, 89, 61, 249, 235, 101, 20, 112, 250, 196,
       42, 80, 168, 191, 122, 202, 236, 233, 199, 178, 19, 100, 26, 53,
       247, 64, 59, 41, 255, 115, 152, 50, 127, 186, 113, 93, 171, 250,
       104, 225, 64, 167, 170, 244, 44, 172, 180, 140, 109, 69, 135, 178,
       251, 134, 25, 247, 245, 83, 59, 129, 198, 125, 25, 57, 109, 251,
       32, 217, 163, 245, 57, 160, 120, 214, 114, 242, 62, 188, 254, 171,
       112, 93, 239, 147, 183, 133, 185, 110, 231, 67, 31, 133, 247, 237,
       0, 56, 79, 170, 179, 219, 243, 93, 191, 162, 245, 142, 123, 13,
       117, 213, 71, 182, 31, 102, 184, 126, 224, 111, 108, 223, 120,
       221, 162, 23, 76, 112, 106, 197, 240, 221, 14, 46, 255, 101, 4,
       110, 251, 74, 17, 108, 101, 241, 103, 53, 90, 118, 168, 121, 168,
       59, 8, 203, 125, 29, 54, 152, 220, 108, 98, 204, 240, 201, 42,
       231, 254, 5, 53, 99, 243, 70, 6, 109, 101, 249, 103, 52, 31, 118,
       184, 121, 234, 127, 105, 223, 121, 157, 176, 150, 76, 125, 110,
       228, 240, 233, 14, 231, 255, 37, 20, 66, 243, 66, 227, 77, 69,
       124, 103, 178, 26, 127, 184, 125, 160, 111, 0, 223, 119, 137, 244,
       22, 93, 252, 106, 224, 208, 237, 238, 231, 255, 7, 5, 34, 243, 3,
       33, 76, 229, 124, 103, 178, 26, 127, 184, 59, 236, 127, 169, 223,
       119, 139, 16, 23, 85, 253, 110, 96, 208, 233, 111, 238, 255, 37,
       132, 98, 179, 7, 113, 36, 48, 123, 69, 64, 126, 227, 16, 96, 192,
       111, 72, 83, 21, 141, 48, 56, 156, 64, 106, 1, 176, 177, 8, 71,
       169, 32, 0, 97, 163, 70, 160, 240, 176, 158, 184, 140, 233, 81,
       23, 226, 115, 166, 56, 55, 145, 66, 123, 1, 182, 108, 16, 58, 111,
       210, 17, 217, 225, 116, 121, 160, 200, 198, 42, 193, 10, 27, 153,
       236, 169, 105, 19, 238, 19, 66, 212, 149, 131, 240, 75, 67, 42,
       42, 28, 19, 92, 71, 16, 204, 131, 114, 96, 152, 192, 193, 160,
       145, 138, 143, 121, 164, 170, 105, 151, 118, 27, 114, 212, 243,
       35, 144, 121, 49, 46, 44, 28, 187, 252, 37, 49, 204, 235, 112, 64,
       248, 192, 224, 41, 89, 142, 95, 111, 176, 46, 67, 183, 116, 11,
       174, 92, 115, 97, 144, 112, 53, 230, 76, 44, 185, 173, 61, 47,
       232, 239, 36, 80, 232, 226, 226, 41, 108, 165, 40, 110, 217, 68,
       71, 136, 51, 80, 237, 8, 242, 115, 75, 16, 217, 202, 81, 106, 26,
       66, 251, 55, 239, 221, 133, 60, 82, 115, 214, 226, 220, 52, 188,
       246, 172, 108, 89, 27, 171, 219, 183, 56, 223, 255, 200, 123, 199,
       151, 125, 24, 185, 69, 251, 194, 219, 251, 127, 220, 128, 224,
       135, 115, 232, 188, 180, 251, 173, 237, 84, 159, 255, 187, 180,
       24, 254, 249, 92, 27, 129, 98, 127, 16, 186, 111, 218, 179, 207,
       219, 85, 122, 210, 216, 211, 11, 166, 172, 214, 223, 253, 175,
       236, 255, 191, 187, 242, 18, 238, 235, 60, 91, 219, 239, 127, 128,
       58, 255, 219, 255, 191, 250, 223, 252, 215, 120, 243, 128, 216,
       184, 188, 250, 169, 253, 85, 151, 187, 95, 164, 24, 190, 255, 66,
       59, 135, 115, 253, 16, 186, 79, 250, 241, 219, 219, 85, 123, 146,
       80, 135, 123, 130, 172, 246, 159, 254, 171, 252, 239, 191, 179,
       242, 147, 236, 238, 60, 67, 255, 255, 127, 133, 178, 255, 203,
       255, 188, 62, 223, 228, 213, 108, 227, 217, 130, 188, 254, 191,
       254, 171, 254, 239, 63, 179, 250, 178, 236, 254, 36, 73, 255, 255,
       127, 17, 178, 253, 203, 255, 188, 255, 223, 238, 149, 120, 241,
