%YAML:1.0
---
descriptors: !!opencv-matrix
   rows: 211
   cols: 32
   dt: u
   data: [ 68, 52, 157, 99, 169, 111, 71, 153, 58, 187, 43, 24, 214, 115,
       73, 122, 145, 86, 120, 122, 49, 64, 249, 32, 205, 255, 69, 116,
       128, 115, 198, 98, 96, 245, 185, 103, 25, 79, 71, 45, 34, 236,
       169, 8, 214, 117, 72, 50, 145, 220, 121, 106, 73, 98, 249, 31,
       237, 221, 5, 60, 64, 58, 198, 114, 100, 105, 57, 109, 29, 79, 71,
       168, 6, 228, 172, 8, 211, 21, 65, 48, 216, 252, 121, 106, 73, 98,
       249, 60, 237, 217, 5, 56, 80, 59, 86, 106, 124, 229, 156, 122,
       137, 205, 87, 204, 178, 151, 173, 25, 118, 247, 74, 26, 153, 210,
       233, 82, 90, 99, 218, 51, 251, 199, 69, 125, 208, 115, 206, 66,
       118, 188, 148, 186, 153, 237, 18, 234, 155, 26, 169, 9, 238, 242,
       97, 148, 129, 123, 232, 19, 46, 75, 218, 183, 185, 214, 29, 59,
       210, 95, 15, 14, 81, 159, 29, 101, 176, 14, 71, 189, 96, 168, 186,
       76, 243, 51, 128, 115, 20, 70, 108, 110, 249, 169, 105, 45, 224,
       171, 37, 20, 104, 226, 194, 41, 104, 176, 61, 112, 57, 237, 81,
       19, 235, 61, 37, 24, 182, 151, 64, 56, 129, 50, 108, 24, 18, 109,
       242, 21, 207, 223, 48, 123, 194, 0, 70, 99, 213, 221, 31, 118,
       168, 78, 71, 189, 241, 250, 166, 72, 247, 115, 137, 115, 51, 244,
       124, 106, 105, 197, 153, 47, 241, 235, 101, 16, 104, 242, 162, 57,
       88, 16, 159, 100, 42, 78, 69, 58, 113, 234, 166, 104, 119, 55,
       129, 123, 34, 244, 124, 42, 105, 193, 241, 8, 209, 235, 117, 16,
       162, 240, 6, 57, 88, 120, 223, 101, 32, 76, 97, 16, 224, 201, 102,
       40, 247, 23, 64, 123, 34, 244, 124, 88, 9, 216, 241, 0, 197, 233,
       112, 0, 34, 128, 6, 57, 254, 190, 132, 182, 203, 49, 20, 143, 19,
       183, 128, 187, 106, 250, 74, 159, 137, 223, 233, 145, 62, 94, 207,
       162, 158, 67, 221, 191, 163, 116, 158, 14, 29, 69, 125, 103, 22,
       79, 111, 184, 116, 160, 239, 64, 211, 83, 25, 112, 48, 212, 28,
       106, 105, 176, 89, 14, 231, 175, 37, 20, 96, 187, 64, 34, 225,
       156, 189, 94, 184, 253, 17, 163, 222, 89, 164, 24, 246, 244, 6,
       123, 129, 114, 104, 16, 183, 105, 123, 55, 79, 186, 84, 90, 208,
       104, 193, 127, 252, 76, 220, 118, 168, 106, 87, 184, 176, 178,
       167, 24, 247, 119, 9, 123, 135, 244, 109, 106, 104, 103, 203, 42,
       241, 235, 101, 20, 96, 241, 70, 34, 248, 176, 249, 112, 136, 237,
       65, 223, 226, 191, 164, 24, 19, 151, 64, 26, 1, 214, 228, 24, 26,
       111, 250, 49, 91, 137, 117, 125, 225, 192, 198, 234, 148, 189,
       158, 247, 144, 238, 103, 255, 54, 163, 238, 16, 83, 115, 8, 81,
       121, 254, 105, 184, 56, 216, 25, 46, 235, 231, 167, 69, 160, 96,
       164, 34, 126, 165, 140, 166, 155, 115, 22, 233, 147, 183, 141, 25,
       78, 227, 74, 150, 145, 207, 233, 179, 60, 67, 203, 234, 251, 87,
       77, 63, 162, 119, 142, 66, 192, 172, 157, 249, 232, 237, 5, 175,
       190, 55, 32, 24, 182, 179, 72, 91, 129, 19, 106, 24, 50, 77, 211,
       113, 205, 146, 84, 124, 144, 72, 135, 42, 112, 133, 93, 103, 188,
       11, 71, 185, 100, 160, 170, 8, 215, 49, 8, 112, 18, 214, 104, 106,
       25, 160, 121, 60, 233, 175, 5, 84, 112, 170, 192, 32, 108, 103,
       245, 103, 165, 91, 118, 184, 113, 168, 254, 8, 203, 45, 149, 55,
       24, 212, 236, 106, 204, 240, 237, 12, 231, 251, 101, 21, 99, 183,
       86, 38, 116, 253, 158, 182, 141, 31, 86, 236, 131, 190, 168, 9,
       102, 249, 99, 19, 217, 246, 232, 98, 108, 99, 218, 40, 187, 215,
       69, 63, 201, 122, 206, 10, 92, 69, 174, 239, 23, 70, 111, 40, 48,
       164, 207, 2, 93, 115, 25, 82, 112, 213, 121, 234, 72, 209, 153,
       12, 243, 231, 207, 5, 34, 179, 36, 34, 76, 113, 125, 103, 50, 74,
       59, 184, 40, 164, 111, 172, 223, 87, 137, 48, 150, 85, 109, 110,
       65, 144, 249, 78, 231, 253, 33, 4, 66, 179, 7, 113, 237, 119, 61,
       103, 37, 31, 118, 16, 105, 232, 63, 77, 218, 29, 150, 178, 148,
       68, 252, 110, 197, 240, 241, 12, 231, 249, 33, 182, 74, 183, 66,
       119, 129, 174, 159, 155, 236, 169, 229, 207, 254, 19, 34, 208,
       181, 226, 248, 91, 99, 98, 106, 28, 51, 109, 206, 115, 140, 2,
       255, 104, 156, 208, 129, 168, 125, 229, 10, 62, 25, 196, 95, 232,
       163, 192, 237, 9, 114, 247, 11, 18, 216, 226, 121, 238, 74, 67,
       218, 47, 243, 255, 133, 57, 8, 51, 106, 66, 77, 117, 61, 103, 181,
       15, 119, 188, 121, 228, 110, 12, 214, 113, 26, 48, 144, 70, 104,
       110, 224, 240, 249, 46, 231, 255, 5, 20, 74, 115, 195, 98, 77,
       117, 191, 103, 161, 110, 119, 143, 121, 234, 47, 8, 222, 113, 73,
       58, 177, 86, 104, 122, 97, 240, 185, 42, 229, 223, 69, 22, 194,
       115, 199, 35, 80, 152, 159, 252, 8, 96, 65, 55, 162, 17, 162, 88,
       119, 183, 64, 122, 65, 246, 108, 8, 25, 75, 179, 1, 217, 162, 112,
       88, 160, 160, 166, 58, 240, 168, 255, 120, 10, 200, 65, 87, 178,
       151, 164, 24, 55, 151, 64, 27, 34, 182, 109, 136, 42, 79, 162, 33,
       209, 161, 112, 24, 96, 128, 166, 106, 100, 101, 57, 110, 29, 79,
       83, 168, 82, 164, 173, 8, 83, 85, 9, 48, 88, 220, 72, 106, 8, 35,
       249, 28, 243, 205, 1, 61, 113, 59, 70, 98, 204, 180, 156, 112,
       233, 105, 81, 15, 178, 191, 165, 57, 134, 183, 74, 27, 129, 31,
       237, 16, 58, 79, 202, 2, 203, 195, 117, 127, 192, 64, 142, 3, 200,
       166, 156, 49, 169, 41, 20, 143, 186, 63, 36, 57, 142, 51, 74, 27,
       129, 151, 237, 16, 58, 76, 195, 19, 207, 211, 85, 127, 192, 64,
       143, 11, 252, 166, 156, 114, 137, 105, 81, 11, 179, 191, 173, 25,
       214, 247, 74, 27, 129, 151, 237, 16, 58, 71, 202, 18, 219, 195,
       117, 125, 224, 64, 134, 99, 252, 108, 243, 114, 136, 109, 71, 220,
       243, 190, 173, 24, 83, 247, 73, 58, 17, 214, 108, 122, 40, 103,
       234, 34, 251, 207, 101, 60, 226, 243, 198, 34, 104, 188, 148, 58,
       169, 253, 22, 202, 155, 31, 168, 9, 174, 251, 65, 144, 129, 115,
       232, 66, 78, 107, 218, 179, 187, 215, 85, 59, 210, 95, 142, 10,
       72, 176, 59, 112, 123, 237, 113, 83, 235, 29, 37, 24, 30, 151, 64,
       56, 163, 50, 108, 24, 18, 109, 178, 21, 219, 221, 48, 123, 194, 0,
       71, 99, 221, 110, 200, 103, 16, 62, 74, 152, 113, 170, 239, 84,
       67, 99, 155, 254, 49, 204, 44, 254, 173, 212, 237, 42, 134, 239,
       165, 4, 171, 243, 104, 4, 88, 120, 223, 117, 32, 204, 97, 16, 161,
       137, 166, 40, 183, 151, 64, 122, 38, 244, 108, 88, 11, 220, 242,
       0, 199, 233, 112, 64, 98, 128, 6, 43, 189, 207, 78, 63, 140, 154,
       70, 189, 212, 150, 102, 144, 227, 225, 187, 245, 80, 100, 168,
       110, 108, 244, 111, 61, 226, 227, 101, 17, 114, 190, 216, 76, 69,
       48, 153, 69, 1, 78, 54, 0, 104, 224, 43, 8, 214, 23, 65, 50, 144,
       84, 64, 98, 1, 240, 177, 8, 69, 184, 5, 3, 64, 51, 71, 34, 197,
       103, 132, 7, 172, 27, 238, 184, 122, 234, 27, 236, 192, 96, 221,
       143, 23, 68, 108, 127, 229, 112, 205, 106, 44, 58, 231, 244, 140,
       247, 211, 5, 242, 168, 238, 82, 203, 249, 209, 207, 163, 55, 164,
       155, 34, 229, 70, 27, 105, 242, 233, 16, 58, 107, 234, 49, 27,
       131, 85, 123, 225, 88, 206, 110, 214, 190, 189, 82, 170, 240, 17,
       143, 171, 191, 164, 185, 110, 247, 206, 27, 135, 243, 237, 16, 58,
       79, 170, 113, 155, 211, 117, 255, 128, 64, 135, 107, 211, 123, 3,
       165, 50, 14, 42, 116, 40, 200, 82, 237, 157, 6, 129, 16, 38, 173,
       76, 229, 197, 152, 133, 78, 180, 36, 42, 128, 44, 166, 3, 93, 101,
       181, 149, 242, 141, 45, 71, 143, 123, 59, 169, 88, 214, 114, 76,
       58, 153, 210, 108, 26, 59, 106, 219, 51, 185, 158, 85, 126, 208,
       89, 195, 39, 85, 69, 127, 103, 20, 78, 103, 184, 116, 160, 235,
       64, 83, 113, 25, 112, 112, 196, 72, 106, 105, 177, 25, 14, 243,
       239, 5, 20, 97, 179, 96, 32, 252, 76, 220, 118, 168, 106, 92, 172,
       176, 178, 166, 24, 215, 99, 9, 91, 3, 213, 108, 42, 104, 103, 203,
       42, 211, 227, 117, 21, 96, 241, 78, 2, 228, 164, 157, 190, 141,
       109, 70, 168, 18, 179, 129, 24, 215, 119, 72, 59, 209, 215, 104,
