%YAML:1.0
---
descriptors: !!opencv-matrix
   rows: 295
   cols: 32
   dt: u
   data: [ 230, 172, 246, 255, 252, 43, 254, 239, 191, 179, 242, 18, 239,
       234, 125, 91, 255, 239, 127, 163, 186, 255, 203, 251, 190, 250,
       223, 182, 149, 249, 211, 141, 118, 237, 246, 207, 252, 11, 254,
       236, 63, 162, 251, 130, 201, 239, 29, 80, 127, 207, 127, 227, 232,
       243, 201, 255, 190, 254, 143, 148, 247, 247, 227, 129, 112, 170,
       255, 112, 136, 233, 81, 87, 162, 21, 164, 56, 51, 183, 64, 27, 1,
       178, 109, 24, 26, 75, 162, 49, 219, 129, 112, 121, 224, 192, 198,
       106, 248, 188, 180, 248, 237, 253, 80, 215, 255, 187, 180, 24,
       190, 189, 68, 27, 201, 242, 255, 24, 186, 111, 242, 179, 219, 219,
       87, 123, 210, 76, 198, 186, 248, 180, 188, 240, 169, 237, 81, 27,
       187, 123, 180, 24, 191, 247, 64, 27, 133, 183, 253, 16, 58, 79,
       242, 19, 219, 251, 113, 123, 226, 64, 70, 115, 62, 237, 246, 239,
       254, 11, 254, 252, 63, 162, 251, 2, 79, 234, 61, 80, 255, 239,
       127, 99, 232, 243, 137, 255, 190, 254, 143, 180, 181, 251, 243,
       129, 204, 52, 191, 113, 161, 110, 121, 27, 59, 255, 47, 24, 220,
       119, 72, 59, 183, 87, 253, 48, 49, 84, 251, 66, 207, 255, 117,
       230, 194, 96, 135, 115, 248, 174, 220, 118, 168, 173, 93, 215,
       178, 191, 164, 157, 55, 227, 66, 27, 5, 246, 109, 28, 58, 79, 202,
       35, 219, 203, 117, 121, 224, 192, 198, 123, 176, 184, 191, 112,
       139, 233, 17, 207, 178, 23, 164, 56, 54, 247, 64, 27, 129, 187,
       236, 16, 58, 111, 186, 49, 219, 195, 84, 123, 224, 64, 134, 235,
       252, 172, 252, 118, 136, 110, 85, 191, 178, 183, 164, 24, 115,
       119, 72, 27, 1, 246, 109, 40, 56, 79, 251, 46, 251, 235, 117, 60,
       226, 240, 198, 122, 69, 113, 16, 69, 17, 14, 102, 48, 104, 232,
       107, 76, 214, 16, 5, 180, 144, 76, 80, 106, 197, 176, 209, 12, 37,
       188, 1, 6, 72, 51, 67, 150, 237, 112, 189, 99, 173, 111, 83, 152,
       91, 250, 53, 24, 223, 93, 75, 59, 149, 84, 124, 122, 163, 100,
       251, 18, 207, 219, 101, 60, 194, 251, 70, 115, 197, 117, 141, 39,
       172, 47, 102, 156, 122, 250, 11, 76, 214, 96, 89, 186, 145, 78,
       120, 127, 245, 112, 217, 42, 173, 30, 77, 116, 136, 123, 147, 5,
       236, 180, 188, 115, 173, 125, 83, 152, 91, 59, 45, 24, 222, 121,
       72, 59, 153, 144, 253, 58, 186, 100, 251, 146, 207, 219, 81, 127,
       210, 75, 70, 35, 9, 253, 56, 67, 221, 93, 117, 191, 123, 125, 44,
       28, 190, 48, 86, 180, 129, 74, 192, 28, 215, 120, 243, 55, 111,
       221, 20, 119, 74, 20, 203, 255, 244, 172, 253, 114, 136, 236, 85,
       151, 178, 183, 173, 24, 55, 231, 72, 27, 1, 246, 109, 26, 58, 79,
       250, 51, 249, 227, 117, 120, 224, 208, 198, 106, 150, 237, 230,
       223, 252, 43, 238, 252, 127, 178, 251, 26, 235, 235, 221, 67, 123,
       207, 127, 227, 250, 243, 207, 255, 190, 254, 207, 180, 183, 251,
       227, 128, 220, 28, 253, 247, 40, 110, 91, 26, 185, 218, 183, 84,
       223, 119, 65, 123, 247, 245, 125, 42, 169, 197, 251, 98, 199, 251,
       115, 144, 128, 241, 103, 115, 200, 245, 188, 243, 169, 221, 85,
       191, 223, 127, 44, 24, 190, 63, 74, 59, 133, 19, 255, 16, 114,
       108, 251, 179, 239, 219, 85, 127, 210, 88, 199, 123, 80, 184, 250,
       239, 182, 173, 255, 255, 62, 139, 254, 34, 247, 255, 80, 80, 255,
       255, 127, 145, 154, 186, 201, 115, 220, 239, 191, 200, 164, 210,
       161, 185, 230, 172, 246, 223, 236, 185, 252, 207, 191, 179, 240,
       147, 237, 238, 252, 123, 239, 255, 255, 149, 178, 255, 239, 243,
       30, 126, 223, 254, 149, 220, 227, 221, 231, 172, 246, 223, 236,
       185, 252, 255, 191, 115, 250, 18, 236, 234, 252, 123, 239, 239,
       127, 137, 178, 223, 235, 243, 190, 254, 223, 232, 151, 252, 227,
       141, 238, 172, 246, 223, 236, 169, 252, 223, 191, 179, 248, 154,
       237, 239, 125, 91, 255, 223, 127, 147, 178, 255, 203, 243, 62,
       255, 223, 188, 151, 249, 227, 137, 230, 172, 246, 223, 236, 187,
       252, 255, 63, 147, 255, 18, 237, 235, 220, 75, 255, 255, 127, 155,
       178, 254, 235, 243, 190, 254, 223, 204, 151, 248, 227, 137, 232,
       252, 188, 250, 173, 253, 86, 182, 255, 91, 172, 24, 190, 255, 64,
       59, 129, 114, 255, 66, 122, 110, 250, 179, 239, 255, 84, 123, 210,
       89, 198, 202, 210, 184, 151, 240, 136, 236, 21, 199, 171, 91, 128,
       89, 183, 247, 64, 27, 129, 183, 125, 17, 59, 79, 146, 49, 153,
       210, 124, 250, 160, 64, 135, 123, 120, 82, 157, 116, 42, 12, 85,
       19, 160, 154, 182, 120, 87, 183, 65, 91, 135, 213, 125, 10, 72,
       71, 130, 0, 211, 235, 116, 184, 224, 240, 2, 43, 5, 99, 16, 71,
       116, 30, 102, 56, 105, 168, 123, 76, 211, 64, 157, 180, 148, 76,
       68, 110, 196, 176, 73, 12, 38, 188, 33, 4, 74, 179, 75, 133, 252,
       188, 252, 114, 173, 253, 85, 159, 243, 191, 164, 24, 251, 245,
       210, 59, 131, 246, 125, 24, 186, 111, 250, 35, 219, 251, 117, 121,
       226, 208, 198, 107, 254, 237, 246, 191, 252, 47, 254, 252, 127,
       178, 251, 26, 239, 235, 93, 65, 255, 207, 127, 227, 232, 247, 203,
       255, 191, 255, 207, 190, 247, 251, 227, 129, 214, 236, 150, 186,
       205, 237, 244, 238, 191, 191, 242, 27, 110, 250, 109, 91, 233,
       255, 239, 147, 58, 111, 155, 243, 189, 178, 223, 127, 209, 121,
       231, 134, 248, 188, 190, 120, 173, 253, 81, 87, 251, 123, 180, 24,
       191, 191, 68, 123, 193, 179, 253, 16, 58, 111, 242, 147, 219, 219,
       84, 123, 194, 72, 198, 123, 204, 181, 253, 103, 248, 110, 119,
       184, 59, 234, 63, 124, 222, 119, 137, 51, 151, 87, 253, 98, 225,
       212, 249, 110, 239, 255, 101, 182, 202, 243, 135, 115, 212, 109,
       150, 142, 201, 11, 102, 232, 191, 162, 235, 74, 198, 227, 41, 213,
       249, 237, 106, 226, 104, 215, 219, 254, 188, 182, 207, 63, 8, 123,
       41, 0, 132, 109, 7, 143, 221, 11, 166, 232, 190, 162, 202, 74,
       198, 226, 41, 197, 249, 236, 106, 98, 105, 243, 219, 254, 181, 54,
       207, 42, 0, 123, 49, 32, 181, 175, 237, 255, 246, 43, 111, 255,
       126, 235, 126, 246, 243, 99, 152, 113, 127, 206, 126, 174, 251,
       240, 237, 255, 236, 239, 231, 196, 237, 250, 208, 177, 16, 140,
       139, 59, 132, 171, 101, 247, 118, 3, 74, 82, 179, 227, 160, 64,
       121, 170, 34, 136, 27, 152, 69, 59, 236, 166, 180, 64, 176, 72,
       224, 168, 36, 73, 26, 110, 93, 205, 87, 224, 134, 132, 237, 9,
       230, 217, 35, 16, 216, 120, 194, 66, 74, 43, 90, 61, 227, 245, 5,
       59, 80, 59, 76, 130, 104, 236, 28, 58, 217, 205, 84, 175, 155, 61,
       172, 25, 174, 187, 66, 144, 129, 115, 193, 0, 110, 106, 218, 55,
       235, 215, 21, 123, 82, 88, 206, 138, 248, 174, 156, 58, 137, 249,
       80, 207, 155, 23, 160, 57, 174, 235, 66, 155, 129, 243, 237, 16,
       62, 79, 202, 51, 219, 211, 84, 123, 242, 77, 142, 10, 85, 79, 93,
       103, 176, 42, 79, 184, 100, 160, 171, 64, 211, 99, 153, 113, 50,
       230, 108, 110, 233, 161, 13, 44, 232, 169, 37, 20, 40, 243, 224,
       32, 65, 253, 17, 71, 113, 78, 103, 188, 121, 232, 106, 72, 254,
       83, 137, 52, 16, 92, 88, 106, 65, 240, 249, 111, 167, 188, 5, 6,
       74, 51, 67, 57, 45, 81, 57, 77, 84, 79, 199, 56, 104, 232, 111, 8,
       210, 21, 13, 48, 152, 92, 64, 106, 65, 176, 121, 12, 101, 173, 37,
       52, 65, 59, 70, 160, 120, 41, 122, 96, 10, 201, 83, 81, 162, 5,
       172, 9, 59, 151, 64, 18, 32, 177, 237, 80, 26, 11, 162, 17, 219,
       205, 32, 121, 227, 130, 70, 106, 125, 71, 125, 103, 52, 14, 71,
       184, 96, 232, 175, 76, 211, 97, 153, 51, 16, 196, 108, 110, 201,
       225, 253, 44, 226, 249, 101, 20, 106, 243, 82, 32, 141, 93, 31,
       119, 176, 14, 111, 188, 116, 234, 127, 100, 245, 115, 153, 112,
       55, 126, 60, 238, 225, 212, 125, 46, 236, 239, 39, 128, 40, 243,
       129, 49, 208, 184, 191, 186, 168, 236, 1, 215, 174, 31, 130, 24,
       182, 247, 64, 91, 3, 247, 109, 24, 58, 79, 186, 49, 217, 162, 127,
       120, 128, 64, 135, 123, 248, 172, 252, 118, 169, 109, 85, 191,
