%YAML:1.0
---
descriptors: !!opencv-matrix
   rows: 231
   cols: 32
   dt: u
   data: [ 93, 93, 125, 103, 164, 78, 79, 184, 96, 232, 191, 76, 211,
       119, 137, 115, 54, 244, 124, 106, 201, 177, 249, 44, 243, 233,
       101, 20, 104, 243, 66, 113, 253, 113, 253, 103, 36, 78, 71, 184,
       97, 250, 183, 72, 211, 117, 201, 59, 22, 212, 124, 106, 233, 112,
       249, 40, 227, 233, 101, 52, 106, 243, 70, 113, 93, 157, 121, 239,
       176, 14, 79, 189, 36, 232, 255, 96, 247, 119, 136, 112, 86, 214,
       93, 106, 249, 152, 121, 63, 225, 239, 39, 148, 40, 242, 192, 57,
       236, 176, 189, 115, 173, 125, 81, 152, 91, 255, 165, 24, 222, 93,
       74, 59, 145, 80, 253, 58, 51, 102, 251, 18, 207, 219, 81, 127,
       210, 73, 70, 99, 132, 236, 255, 255, 236, 41, 255, 254, 190, 178,
       246, 26, 247, 255, 121, 91, 255, 255, 127, 219, 187, 231, 203,
       115, 253, 171, 255, 188, 132, 249, 225, 161, 252, 112, 189, 99,
       40, 110, 83, 152, 115, 250, 183, 24, 215, 87, 73, 59, 149, 212,
       124, 122, 169, 102, 249, 0, 215, 219, 101, 52, 226, 243, 70, 115,
       252, 188, 252, 118, 136, 109, 85, 254, 179, 191, 164, 24, 115,
       247, 73, 27, 9, 214, 109, 10, 120, 79, 251, 34, 251, 195, 117, 61,
       226, 240, 198, 106, 104, 180, 189, 251, 237, 253, 84, 15, 219,
       123, 173, 24, 190, 253, 72, 59, 137, 27, 251, 16, 58, 110, 250,
       147, 207, 223, 84, 127, 210, 72, 198, 42, 214, 237, 246, 191, 238,
       43, 254, 238, 191, 178, 251, 154, 206, 238, 29, 91, 255, 247, 127,
       163, 176, 247, 203, 254, 190, 62, 223, 156, 165, 251, 227, 129,
       198, 236, 246, 223, 252, 43, 238, 238, 63, 178, 251, 26, 239, 234,
       29, 91, 255, 239, 127, 179, 248, 247, 203, 255, 188, 126, 223,
       156, 165, 127, 227, 128, 117, 69, 125, 101, 176, 78, 71, 184, 108,
       160, 43, 72, 215, 115, 9, 115, 150, 212, 124, 106, 233, 160, 121,
       12, 225, 239, 101, 20, 96, 242, 64, 32, 238, 228, 244, 255, 236,
       63, 254, 252, 255, 187, 189, 24, 207, 239, 220, 63, 223, 223, 127,
       58, 250, 103, 235, 247, 254, 255, 231, 252, 199, 251, 210, 129,
       230, 228, 244, 255, 252, 59, 254, 255, 127, 187, 251, 24, 235,
       234, 92, 11, 223, 207, 127, 163, 250, 103, 235, 251, 190, 254,
       247, 252, 213, 251, 242, 129, 236, 236, 180, 255, 188, 63, 222,
       216, 255, 187, 181, 88, 223, 237, 93, 27, 221, 231, 127, 122, 186,
       103, 235, 250, 255, 255, 247, 252, 210, 251, 194, 17, 252, 254,
       188, 255, 173, 63, 95, 252, 255, 250, 191, 88, 255, 251, 89, 27,
       157, 215, 125, 110, 234, 103, 235, 171, 251, 251, 117, 188, 194,
       251, 194, 99, 220, 204, 156, 247, 172, 43, 126, 191, 255, 187,
       187, 24, 255, 235, 89, 91, 247, 199, 108, 51, 120, 229, 203, 227,
       254, 255, 255, 20, 132, 243, 163, 1, 206, 236, 212, 191, 252, 42,
       254, 238, 191, 178, 251, 18, 253, 234, 89, 75, 251, 239, 127, 227,
       114, 215, 203, 255, 252, 255, 255, 148, 133, 249, 227, 129, 246,
       237, 198, 159, 252, 171, 238, 239, 191, 178, 250, 18, 236, 234,
       61, 81, 123, 239, 127, 227, 120, 255, 203, 255, 188, 54, 223, 212,
       149, 123, 225, 136, 166, 237, 246, 159, 252, 43, 238, 239, 127,
       147, 251, 18, 236, 234, 93, 65, 251, 239, 127, 227, 250, 255, 203,
       255, 188, 62, 223, 212, 149, 123, 225, 136, 69, 113, 17, 69, 81,
       14, 102, 184, 104, 224, 99, 76, 214, 16, 9, 180, 144, 68, 96, 110,
       193, 240, 217, 12, 37, 184, 1, 6, 72, 51, 67, 33, 166, 173, 246,
       223, 252, 43, 254, 239, 127, 187, 251, 26, 236, 234, 92, 81, 255,
       207, 127, 179, 250, 247, 203, 255, 190, 190, 223, 244, 133, 251,
       225, 129, 105, 253, 184, 115, 217, 221, 87, 190, 123, 115, 44, 24,
       190, 113, 70, 180, 129, 90, 224, 90, 119, 104, 250, 55, 111, 223,
       21, 123, 218, 85, 203, 254, 197, 252, 141, 19, 140, 47, 167, 156,
       122, 243, 3, 92, 214, 112, 89, 43, 145, 70, 120, 127, 177, 116,
       251, 34, 173, 30, 77, 116, 200, 123, 211, 36, 240, 172, 223, 114,
       138, 232, 81, 71, 178, 183, 164, 153, 55, 135, 64, 27, 35, 246,
       109, 144, 58, 79, 162, 38, 217, 195, 117, 121, 160, 192, 134, 122,
       176, 174, 222, 120, 138, 169, 81, 215, 178, 23, 164, 185, 55, 231,
       66, 27, 39, 178, 109, 144, 58, 79, 2, 51, 217, 195, 116, 121, 240,
       192, 166, 122, 45, 113, 17, 97, 49, 95, 82, 8, 105, 232, 45, 8,
       222, 16, 65, 52, 144, 28, 80, 122, 9, 240, 241, 8, 231, 221, 1,
       54, 74, 51, 74, 183, 220, 54, 255, 96, 162, 110, 65, 83, 176, 190,
       164, 56, 19, 151, 193, 59, 55, 180, 69, 56, 56, 199, 160, 2, 91,
       139, 101, 100, 225, 224, 102, 227, 65, 113, 149, 69, 1, 78, 119,
       56, 104, 200, 107, 8, 222, 48, 77, 50, 144, 84, 104, 106, 65, 240,
       241, 72, 37, 184, 68, 2, 72, 51, 67, 34, 244, 42, 136, 182, 168,
       40, 93, 159, 179, 183, 134, 189, 151, 227, 67, 91, 3, 231, 109,
       20, 56, 79, 202, 32, 218, 163, 245, 189, 168, 240, 158, 66, 248,
       184, 156, 50, 168, 173, 80, 223, 179, 59, 164, 29, 55, 211, 66,
       27, 129, 226, 237, 20, 58, 79, 218, 51, 219, 195, 117, 121, 232,
       192, 138, 138, 100, 113, 57, 101, 0, 14, 71, 56, 96, 172, 37, 12,
       214, 19, 8, 48, 148, 20, 68, 106, 64, 240, 249, 12, 229, 185, 33,
       4, 64, 178, 66, 35, 77, 245, 145, 71, 241, 127, 118, 184, 121,
       234, 111, 8, 222, 112, 77, 180, 145, 92, 112, 106, 97, 240, 249,
       10, 39, 223, 69, 6, 202, 115, 203, 183, 248, 156, 214, 122, 169,
       189, 80, 223, 151, 59, 160, 29, 43, 249, 32, 155, 201, 178, 238,
       0, 58, 111, 218, 51, 219, 235, 113, 123, 251, 200, 202, 10, 196,
       236, 222, 255, 236, 43, 239, 252, 190, 178, 243, 26, 247, 235, 73,
       91, 123, 255, 127, 234, 98, 247, 203, 59, 252, 163, 255, 140, 164,
       249, 225, 160, 228, 237, 222, 255, 252, 171, 238, 236, 190, 178,
       243, 27, 247, 235, 93, 75, 251, 239, 127, 243, 98, 119, 203, 251,
       252, 171, 255, 164, 149, 121, 227, 136, 108, 180, 189, 251, 173,
       253, 81, 27, 127, 123, 173, 24, 222, 125, 72, 58, 153, 18, 255,
       16, 58, 106, 251, 147, 207, 223, 81, 127, 210, 74, 198, 226, 246,
       237, 214, 223, 252, 171, 254, 238, 191, 179, 251, 26, 206, 234,
       125, 71, 255, 255, 127, 243, 56, 255, 203, 250, 190, 254, 223,
       158, 133, 123, 227, 133, 230, 228, 180, 255, 236, 47, 238, 237,
       127, 187, 187, 26, 207, 235, 93, 27, 217, 207, 127, 114, 250, 103,
       203, 251, 191, 255, 199, 252, 214, 251, 210, 129, 252, 253, 188,
       247, 169, 47, 95, 188, 251, 186, 191, 56, 255, 251, 73, 123, 183,
       215, 253, 122, 248, 103, 219, 191, 255, 255, 103, 254, 194, 243,
       195, 35, 69, 231, 144, 35, 180, 14, 102, 188, 106, 189, 59, 77,
       198, 96, 218, 146, 145, 76, 108, 127, 198, 112, 201, 37, 172, 156,
       37, 116, 64, 179, 219, 1, 22, 229, 118, 135, 254, 11, 238, 232,
       127, 160, 251, 10, 206, 234, 61, 64, 251, 205, 127, 227, 224, 243,
       73, 254, 188, 190, 143, 180, 69, 123, 113, 128, 135, 86, 239, 199,
       38, 54, 255, 48, 93, 234, 87, 231, 221, 63, 159, 107, 246, 117,
       63, 239, 225, 212, 37, 202, 231, 123, 239, 130, 6, 251, 53, 115,
       162, 236, 182, 254, 221, 47, 252, 239, 191, 59, 242, 27, 238, 234,
       52, 91, 233, 199, 127, 129, 190, 239, 219, 243, 255, 250, 223,
       122, 209, 88, 243, 138, 234, 189, 180, 248, 237, 189, 92, 255,
       255, 59, 188, 24, 202, 249, 84, 91, 201, 231, 127, 25, 190, 107,
       211, 243, 223, 219, 215, 127, 210, 88, 210, 10, 248, 52, 180, 248,
       173, 253, 84, 223, 255, 187, 188, 24, 190, 253, 84, 251, 201, 179,
       255, 24, 186, 111, 242, 146, 219, 219, 87, 123, 210, 204, 218, 11,
       248, 60, 188, 248, 173, 253, 85, 95, 255, 187, 180, 24, 191, 253,
       64, 59, 137, 179, 255, 24, 186, 111, 242, 147, 219, 223, 85, 59,
       210, 204, 198, 59, 229, 75, 71, 103, 100, 14, 110, 184, 120, 170,
       114, 104, 211, 97, 153, 51, 16, 228, 108, 110, 233, 244, 205, 40,
       36, 170, 101, 132, 72, 179, 82, 33, 199, 172, 254, 223, 236, 171,
