%YAML:1.0
---
descriptors: !!opencv-matrix
   rows: 262
   cols: 32
   dt: u
   data: [ 28, 213, 121, 231, 176, 79, 79, 188, 52, 234, 255, 96, 215,
       119, 137, 112, 87, 222, 29, 106, 249, 144, 121, 46, 233, 239, 37,
       132, 32, 243, 224, 113, 236, 48, 189, 99, 45, 109, 83, 152, 123,
       255, 165, 24, 222, 93, 73, 59, 145, 212, 253, 58, 59, 102, 251,
       16, 207, 219, 69, 125, 194, 123, 70, 115, 232, 180, 188, 250, 237,
       253, 81, 25, 223, 63, 165, 24, 222, 253, 74, 59, 129, 19, 251, 16,
       58, 111, 251, 147, 207, 223, 81, 127, 210, 72, 198, 242, 246, 237,
       246, 223, 253, 171, 254, 239, 191, 179, 251, 26, 239, 234, 93, 79,
       255, 255, 127, 147, 240, 251, 203, 239, 188, 254, 223, 134, 199,
       251, 227, 137, 104, 188, 188, 254, 157, 253, 85, 79, 223, 31, 172,
       25, 190, 189, 36, 27, 201, 58, 251, 16, 58, 107, 242, 183, 235,
       223, 84, 123, 210, 72, 214, 234, 120, 188, 253, 112, 168, 236, 81,
       223, 179, 183, 164, 24, 55, 247, 66, 59, 1, 246, 108, 24, 59, 75,
       186, 49, 219, 235, 117, 121, 224, 192, 198, 123, 246, 173, 246,
       254, 237, 47, 238, 255, 191, 187, 249, 26, 235, 235, 125, 91, 255,
       207, 127, 179, 184, 231, 219, 250, 191, 254, 215, 188, 199, 251,
       243, 131, 238, 172, 228, 255, 173, 47, 222, 254, 191, 187, 191,
       24, 235, 251, 93, 27, 217, 239, 127, 171, 248, 103, 203, 251, 187,
       250, 215, 190, 214, 251, 210, 3, 236, 244, 252, 254, 173, 111, 94,
       188, 223, 187, 181, 24, 255, 253, 89, 59, 221, 215, 255, 122, 250,
       103, 203, 191, 251, 255, 117, 253, 194, 251, 214, 3, 224, 168,
       156, 250, 200, 205, 1, 143, 202, 17, 164, 24, 182, 211, 72, 82,
       129, 18, 106, 16, 50, 107, 218, 51, 221, 163, 52, 121, 144, 8,
       135, 42, 113, 5, 93, 101, 48, 14, 71, 48, 108, 160, 170, 0, 215,
       51, 0, 115, 18, 212, 124, 106, 105, 161, 121, 12, 225, 175, 37,
       16, 96, 242, 64, 32, 244, 20, 188, 116, 168, 44, 85, 58, 160, 186,
       167, 56, 87, 119, 1, 91, 135, 244, 109, 42, 104, 69, 235, 2, 211,
       235, 117, 24, 96, 241, 6, 35, 220, 220, 188, 247, 172, 46, 94,
       188, 191, 250, 183, 57, 223, 255, 75, 91, 247, 215, 253, 126, 232,
       69, 203, 242, 255, 251, 119, 252, 130, 243, 131, 83, 31, 237, 246,
       231, 223, 15, 254, 248, 127, 160, 251, 2, 223, 234, 93, 32, 127,
       253, 127, 251, 201, 243, 217, 238, 191, 223, 143, 4, 109, 251,
       161, 0, 220, 253, 188, 183, 172, 47, 126, 191, 191, 250, 187, 48,
       255, 255, 91, 91, 247, 215, 253, 243, 248, 229, 203, 243, 254,
       251, 239, 148, 166, 241, 161, 67, 192, 136, 157, 251, 232, 237,
       49, 143, 158, 19, 32, 24, 182, 183, 64, 90, 193, 50, 107, 24, 18,
       76, 219, 49, 205, 146, 84, 120, 144, 72, 133, 42, 159, 237, 118,
       239, 62, 27, 254, 248, 127, 160, 255, 130, 239, 235, 157, 4, 126,
       237, 127, 239, 232, 243, 237, 255, 254, 255, 175, 148, 103, 187,
       97, 129, 69, 241, 149, 71, 157, 141, 230, 184, 110, 184, 43, 76,
       246, 112, 89, 54, 145, 78, 104, 94, 195, 96, 219, 63, 173, 156, 5,
       60, 72, 19, 67, 36, 77, 117, 57, 71, 112, 78, 55, 184, 57, 232,
       127, 108, 222, 119, 137, 52, 148, 93, 245, 98, 225, 240, 249, 78,
       231, 255, 37, 134, 74, 51, 7, 243, 182, 237, 214, 191, 252, 43,
       238, 238, 63, 178, 251, 26, 236, 234, 61, 65, 251, 239, 127, 227,
       120, 247, 203, 255, 188, 254, 207, 220, 133, 123, 241, 136, 101,
       99, 17, 69, 116, 14, 102, 56, 104, 168, 99, 76, 214, 17, 25, 176,
       144, 76, 68, 110, 193, 176, 201, 76, 37, 188, 33, 4, 72, 179, 67,
       33, 166, 237, 246, 159, 252, 43, 254, 238, 127, 162, 251, 26, 238,
       234, 93, 65, 255, 239, 127, 227, 248, 247, 203, 255, 190, 254,
       207, 206, 197, 251, 225, 137, 182, 117, 116, 239, 190, 27, 254,
       248, 125, 232, 253, 34, 207, 126, 157, 33, 254, 221, 127, 235,
       232, 179, 237, 255, 190, 255, 143, 150, 87, 191, 99, 197, 246,
       237, 214, 159, 254, 43, 254, 236, 63, 162, 251, 154, 238, 238, 13,
       81, 127, 255, 127, 227, 120, 247, 203, 255, 188, 190, 207, 140,
       133, 123, 225, 137, 245, 121, 156, 103, 8, 14, 71, 184, 96, 234,
       167, 12, 215, 112, 73, 59, 144, 196, 124, 106, 237, 103, 217, 40,
       225, 233, 101, 20, 72, 51, 66, 19, 220, 16, 188, 247, 44, 44, 121,
       152, 175, 190, 151, 56, 223, 247, 73, 91, 135, 85, 125, 26, 40,
       69, 251, 0, 203, 251, 119, 156, 160, 233, 5, 115, 205, 112, 157,
       103, 41, 126, 114, 136, 121, 250, 39, 24, 223, 85, 73, 59, 145,
       84, 108, 114, 33, 116, 249, 42, 199, 251, 69, 52, 202, 115, 67,
       35, 85, 134, 77, 109, 180, 42, 111, 187, 116, 162, 110, 224, 211,
       33, 144, 112, 19, 206, 44, 46, 233, 176, 77, 31, 232, 175, 37, 4,
       108, 242, 192, 32, 28, 104, 123, 101, 66, 74, 99, 80, 96, 128,
       102, 8, 19, 23, 129, 48, 56, 124, 64, 106, 9, 244, 160, 40, 65,
       137, 33, 0, 97, 179, 70, 160, 232, 252, 188, 255, 173, 237, 87,
       150, 223, 251, 172, 24, 191, 61, 67, 27, 201, 242, 125, 26, 58,
       110, 251, 179, 239, 219, 85, 57, 210, 89, 86, 74, 28, 181, 185,
       114, 155, 237, 17, 203, 179, 17, 173, 24, 30, 247, 72, 56, 161,
       155, 200, 16, 27, 107, 186, 119, 219, 197, 21, 111, 225, 65, 167,
       162, 242, 168, 134, 186, 137, 225, 4, 239, 183, 55, 160, 25, 38,
       224, 100, 159, 233, 227, 234, 17, 126, 111, 218, 51, 153, 146, 87,
       127, 209, 92, 174, 14, 248, 188, 188, 112, 169, 253, 89, 215, 251,
       127, 180, 24, 191, 191, 66, 123, 133, 183, 253, 16, 186, 111, 242,
       179, 219, 251, 117, 121, 194, 72, 198, 123, 104, 164, 156, 113,
       137, 109, 17, 143, 59, 55, 44, 25, 142, 55, 74, 26, 129, 27, 233,
       16, 18, 72, 219, 17, 207, 215, 21, 127, 208, 64, 143, 10, 125, 79,
       93, 103, 180, 14, 71, 184, 96, 168, 174, 76, 83, 97, 145, 115, 20,
       196, 108, 110, 233, 161, 253, 46, 224, 235, 101, 16, 104, 243, 66,
       33, 232, 188, 188, 120, 173, 253, 81, 255, 255, 255, 180, 24, 191,
       253, 66, 59, 201, 178, 253, 24, 186, 111, 242, 179, 219, 251, 85,
       123, 210, 204, 198, 107, 221, 85, 93, 101, 132, 14, 71, 184, 96,
       232, 174, 76, 211, 113, 153, 51, 16, 196, 108, 110, 201, 225, 249,
       8, 225, 233, 101, 20, 104, 243, 66, 33, 237, 113, 153, 102, 224,
       78, 71, 184, 96, 234, 39, 76, 83, 113, 73, 51, 16, 196, 116, 106,
       73, 240, 249, 8, 231, 169, 101, 20, 106, 243, 194, 48, 208, 184,
       223, 116, 202, 108, 85, 151, 178, 155, 166, 24, 55, 183, 64, 123,
       37, 246, 108, 8, 59, 79, 162, 32, 217, 163, 116, 56, 160, 240,
       166, 59, 248, 168, 255, 122, 202, 232, 81, 87, 178, 23, 164, 185,
       55, 215, 64, 27, 35, 178, 101, 16, 58, 79, 162, 49, 219, 163, 112,
       121, 160, 192, 166, 106, 45, 113, 17, 101, 49, 95, 118, 56, 105,
       232, 107, 8, 214, 16, 13, 180, 144, 92, 80, 106, 69, 176, 241, 14,
       39, 220, 1, 22, 74, 51, 74, 167, 69, 113, 145, 69, 1, 14, 103, 56,
       105, 224, 99, 12, 214, 49, 9, 51, 144, 68, 104, 106, 193, 240,
       241, 8, 165, 186, 69, 6, 72, 51, 67, 34, 244, 42, 140, 182, 168,
       40, 93, 159, 163, 183, 134, 189, 215, 227, 75, 91, 3, 198, 109,
       132, 56, 71, 203, 32, 218, 227, 245, 189, 160, 240, 158, 2, 248,
       184, 220, 114, 169, 173, 80, 222, 179, 187, 164, 29, 55, 211, 66,
       27, 129, 226, 237, 16, 42, 111, 218, 51, 219, 203, 117, 121, 234,
       192, 202, 138, 100, 48, 152, 96, 8, 45, 81, 24, 98, 180, 165, 12,
       215, 19, 73, 26, 0, 148, 72, 56, 8, 96, 217, 0, 203, 137, 97, 124,
       200, 163, 74, 34, 252, 188, 252, 118, 169, 109, 85, 255, 179, 191,
       164, 24, 123, 247, 74, 27, 9, 214, 237, 10, 56, 79, 218, 35, 219,
       203, 117, 61, 227, 240, 198, 107, 246, 236, 198, 159, 252, 171,
       238, 238, 191, 179, 251, 18, 238, 234, 92, 67, 123, 239, 127, 243,
       114, 239, 203, 255, 188, 190, 223, 156, 149, 123, 227, 128, 120,
       184, 253, 114, 168, 237, 81, 223, 178, 63, 164, 8, 51, 247, 64,
       58, 129, 246, 125, 24, 26, 107, 186, 49, 219, 207, 117, 121, 226,
