%YAML:1.0
---
descriptors: !!opencv-matrix
   rows: 134
   cols: 32
   dt: u
   data: [ 208, 184, 159, 254, 202, 228, 25, 151, 163, 23, 166, 185, 55,
       247, 64, 91, 39, 183, 109, 16, 58, 79, 186, 49, 219, 227, 116,
       120, 160, 192, 166, 123, 190, 237, 246, 255, 254, 59, 254, 252,
       63, 179, 255, 146, 207, 111, 157, 33, 127, 207, 127, 235, 248,
       243, 239, 254, 254, 255, 207, 148, 231, 255, 227, 129, 252, 172,
       220, 118, 143, 105, 84, 223, 147, 183, 180, 25, 3, 225, 71, 27, 9,
       246, 237, 16, 58, 111, 202, 50, 219, 203, 85, 61, 243, 248, 206,
       10, 112, 170, 121, 112, 8, 233, 81, 87, 162, 53, 164, 24, 51, 151,
       64, 18, 1, 178, 69, 24, 26, 75, 162, 17, 217, 137, 48, 121, 224,
       128, 198, 106, 204, 28, 189, 247, 40, 110, 123, 26, 184, 254, 255,
       28, 223, 119, 9, 123, 151, 245, 125, 42, 169, 212, 251, 10, 199,
       251, 97, 148, 160, 241, 71, 115, 232, 252, 188, 115, 169, 237, 85,
       191, 255, 63, 44, 24, 190, 63, 72, 27, 133, 83, 237, 16, 114, 108,
       251, 51, 239, 223, 84, 127, 210, 80, 199, 123, 248, 188, 220, 118,
       169, 108, 81, 191, 179, 191, 164, 57, 99, 247, 66, 27, 5, 246,
       237, 8, 56, 79, 202, 33, 219, 235, 117, 125, 226, 224, 198, 27,
       237, 113, 61, 103, 44, 78, 71, 57, 105, 250, 183, 76, 215, 117,
       217, 51, 148, 84, 124, 106, 233, 112, 249, 8, 231, 249, 101, 52,
       74, 250, 198, 121, 237, 120, 189, 97, 45, 127, 83, 152, 91, 251,
       53, 24, 222, 29, 91, 59, 145, 84, 124, 122, 163, 116, 251, 18,
       207, 219, 101, 52, 194, 251, 70, 115, 236, 181, 180, 251, 173,
       125, 80, 25, 95, 59, 173, 24, 222, 125, 76, 27, 153, 146, 253, 48,
       58, 102, 251, 147, 207, 223, 81, 127, 210, 74, 198, 2, 150, 173,
       246, 223, 252, 43, 238, 237, 63, 178, 251, 26, 238, 234, 28, 65,
       127, 207, 127, 163, 250, 243, 207, 255, 190, 158, 207, 164, 213,
       251, 225, 128, 252, 180, 188, 254, 173, 61, 87, 188, 223, 187,
       189, 24, 223, 249, 89, 59, 221, 198, 125, 122, 186, 103, 251, 179,
       251, 255, 69, 126, 194, 251, 210, 35, 252, 125, 188, 119, 172, 47,
       95, 184, 187, 186, 191, 24, 223, 127, 73, 59, 151, 215, 125, 122,
       232, 103, 251, 58, 251, 219, 103, 180, 226, 243, 195, 35, 150,
       237, 150, 191, 221, 47, 238, 236, 191, 170, 251, 18, 238, 234, 61,
       65, 251, 231, 127, 227, 120, 247, 219, 255, 189, 254, 207, 20,
       129, 127, 225, 130, 236, 253, 188, 122, 169, 253, 23, 238, 159,
       31, 172, 25, 174, 253, 99, 25, 137, 123, 233, 66, 106, 111, 250,
       51, 235, 215, 85, 59, 210, 93, 198, 251, 176, 184, 255, 114, 138,
       233, 17, 215, 178, 151, 164, 185, 55, 247, 64, 27, 39, 187, 237,
       144, 58, 79, 186, 51, 219, 195, 116, 121, 224, 192, 134, 250, 5,
       117, 16, 7, 85, 14, 102, 56, 104, 232, 107, 76, 222, 16, 31, 180,
       144, 76, 64, 110, 197, 176, 217, 12, 37, 188, 1, 4, 74, 51, 75,
       133, 189, 98, 205, 234, 142, 3, 79, 216, 82, 178, 181, 238, 83,
       97, 217, 43, 123, 196, 92, 254, 233, 103, 239, 48, 248, 203, 229,
       188, 253, 251, 112, 32, 77, 117, 16, 71, 241, 62, 118, 184, 121,
       234, 111, 76, 222, 112, 13, 181, 144, 76, 80, 106, 229, 240, 217,
       78, 39, 254, 5, 6, 74, 115, 75, 134, 149, 142, 207, 247, 246, 43,
       111, 191, 118, 226, 250, 246, 243, 97, 152, 97, 127, 238, 126,
       190, 185, 252, 109, 127, 252, 175, 231, 196, 109, 232, 209, 161,
       162, 253, 182, 252, 221, 175, 238, 230, 255, 138, 250, 8, 174,
       187, 53, 80, 233, 239, 123, 195, 232, 251, 146, 254, 191, 254,
       223, 58, 211, 121, 242, 138, 226, 172, 206, 255, 236, 171, 236,
       207, 63, 51, 242, 18, 236, 234, 84, 91, 107, 239, 127, 145, 50,
       254, 203, 243, 30, 63, 255, 196, 149, 216, 227, 136, 232, 252,
       188, 126, 169, 253, 23, 174, 159, 95, 172, 25, 190, 253, 67, 59,
       137, 115, 249, 66, 122, 111, 250, 51, 235, 215, 85, 59, 210, 89,
       134, 123, 246, 237, 252, 255, 252, 43, 238, 236, 191, 178, 251,
       18, 221, 234, 29, 83, 251, 207, 127, 227, 224, 247, 203, 255, 190,
       251, 239, 180, 85, 251, 243, 128, 240, 172, 156, 50, 136, 237, 85,
       207, 178, 191, 160, 25, 183, 227, 66, 27, 137, 231, 108, 16, 58,
       111, 202, 50, 217, 131, 117, 121, 192, 72, 134, 10, 221, 221, 127,
       103, 52, 14, 79, 188, 97, 170, 254, 72, 243, 119, 136, 112, 86,
       246, 92, 106, 233, 137, 121, 47, 235, 239, 37, 144, 96, 243, 194,
       57, 237, 112, 189, 99, 45, 95, 87, 156, 123, 250, 53, 24, 223, 93,
       89, 59, 145, 84, 124, 122, 169, 116, 249, 2, 199, 219, 101, 52,
       194, 251, 86, 115, 182, 236, 254, 191, 236, 43, 254, 236, 255,
       178, 243, 26, 239, 234, 125, 91, 251, 239, 127, 211, 234, 231,
       203, 251, 190, 218, 207, 156, 133, 251, 225, 128, 182, 237, 214,
       191, 254, 11, 254, 236, 191, 178, 250, 26, 239, 234, 93, 83, 255,
       199, 127, 227, 120, 243, 203, 255, 190, 254, 207, 188, 165, 123,
       225, 129, 84, 236, 222, 191, 174, 43, 254, 252, 190, 178, 251, 2,
       255, 235, 25, 91, 127, 231, 127, 227, 104, 231, 203, 238, 254,
       235, 239, 156, 165, 251, 33, 1, 252, 180, 180, 254, 173, 61, 86,
       188, 251, 187, 189, 24, 223, 249, 93, 59, 217, 198, 125, 58, 186,
       103, 251, 179, 255, 219, 117, 126, 210, 251, 210, 3, 226, 172,
       214, 255, 236, 169, 236, 207, 191, 51, 250, 18, 173, 234, 84, 91,
       111, 239, 127, 144, 50, 255, 203, 243, 30, 254, 223, 232, 149,
       216, 227, 136, 252, 116, 188, 247, 169, 111, 95, 184, 251, 186,
       183, 24, 223, 127, 73, 59, 183, 215, 253, 122, 232, 103, 251, 58,
       251, 251, 101, 60, 226, 243, 194, 51, 232, 253, 150, 254, 157,
       237, 84, 230, 159, 27, 232, 24, 174, 185, 116, 80, 201, 235, 123,
       17, 106, 111, 210, 255, 187, 222, 222, 58, 210, 88, 242, 138, 200,
       180, 188, 113, 169, 109, 117, 159, 59, 59, 166, 24, 159, 63, 72,
       59, 133, 23, 253, 16, 58, 124, 243, 18, 239, 223, 117, 119, 194,
       64, 199, 59, 92, 241, 188, 231, 172, 14, 95, 188, 174, 184, 191,
       32, 223, 127, 201, 67, 230, 215, 125, 122, 216, 193, 203, 32, 234,
       251, 111, 148, 164, 243, 129, 19, 182, 237, 214, 191, 222, 47,
       238, 236, 63, 170, 251, 2, 207, 234, 61, 81, 123, 207, 127, 227,
       120, 243, 201, 254, 189, 254, 207, 180, 245, 123, 243, 128, 120,
       112, 188, 248, 45, 205, 89, 88, 163, 121, 181, 8, 159, 159, 72,
       58, 132, 153, 253, 24, 139, 99, 242, 17, 211, 217, 112, 125, 98,
       128, 70, 115, 92, 241, 188, 246, 40, 77, 89, 152, 171, 185, 183,
       8, 223, 215, 73, 122, 134, 213, 125, 90, 10, 67, 251, 16, 219,
       249, 97, 252, 32, 163, 6, 51, 182, 237, 214, 255, 222, 43, 238,
       248, 63, 162, 251, 2, 207, 234, 61, 80, 123, 207, 127, 226, 120,
       243, 201, 254, 190, 254, 207, 180, 229, 251, 243, 128, 252, 190,
       220, 114, 168, 173, 81, 222, 178, 191, 164, 29, 55, 227, 66, 27,
       175, 242, 237, 28, 58, 79, 202, 51, 218, 203, 117, 125, 232, 209,
       202, 3, 134, 237, 214, 159, 252, 43, 254, 236, 63, 178, 251, 18,
       204, 234, 29, 75, 251, 207, 127, 227, 112, 247, 203, 255, 188,
       190, 207, 132, 133, 123, 225, 129, 220, 245, 156, 246, 172, 46,
       95, 188, 191, 186, 191, 24, 255, 119, 73, 91, 215, 215, 125, 106,
       120, 69, 203, 47, 251, 251, 103, 180, 160, 243, 131, 35, 208, 190,
       158, 182, 168, 237, 21, 207, 186, 255, 129, 61, 183, 247, 66, 27,
       129, 231, 109, 16, 58, 79, 218, 34, 217, 131, 125, 120, 128, 80,
       135, 219, 156, 188, 156, 178, 168, 237, 85, 239, 190, 191, 161,
       25, 247, 243, 74, 27, 129, 103, 108, 16, 62, 77, 219, 51, 217,
       199, 117, 121, 192, 88, 135, 90, 93, 213, 125, 231, 180, 14, 95,
       188, 112, 170, 255, 96, 247, 119, 136, 112, 22, 214, 92, 106, 233,
       148, 105, 47, 239, 239, 37, 148, 96, 243, 192, 33, 236, 121, 188,
       103, 172, 79, 87, 152, 97, 186, 183, 8, 223, 87, 73, 59, 148, 212,
       108, 106, 201, 244, 249, 40, 231, 217, 101, 52, 96, 179, 66, 35,
       150, 237, 246, 255, 254, 11, 254, 237, 191, 178, 251, 10, 239,
