%YAML:1.0
---
descriptors: !!opencv-matrix
   rows: 109
   cols: 32
   dt: u
   data: [ 189, 237, 230, 95, 223, 179, 238, 252, 119, 194, 255, 10, 107,
       233, 159, 180, 123, 238, 98, 238, 253, 242, 255, 255, 62, 127,
       199, 8, 239, 255, 234, 132, 196, 134, 222, 187, 252, 42, 126, 143,
       122, 183, 251, 25, 207, 235, 75, 91, 251, 199, 111, 50, 48, 231,
       203, 226, 252, 247, 247, 93, 132, 241, 227, 130, 117, 142, 29,
       103, 176, 46, 71, 190, 112, 170, 170, 92, 83, 97, 145, 112, 21,
       198, 108, 46, 185, 188, 73, 46, 232, 175, 37, 20, 232, 243, 194,
       33, 158, 157, 242, 186, 191, 247, 190, 239, 191, 79, 250, 51, 108,
       254, 38, 89, 247, 251, 255, 145, 246, 203, 58, 255, 251, 255, 31,
       211, 144, 85, 165, 95, 255, 77, 103, 204, 222, 115, 111, 250, 87,
       228, 254, 142, 75, 239, 183, 117, 127, 236, 191, 254, 189, 243,
       175, 254, 186, 239, 231, 212, 183, 253, 112, 116, 189, 112, 249,
       235, 173, 95, 87, 220, 115, 252, 181, 8, 223, 221, 91, 120, 223,
       221, 127, 122, 235, 102, 251, 240, 255, 223, 39, 124, 243, 179,
       102, 227, 240, 170, 204, 90, 136, 169, 208, 207, 186, 55, 164,
       153, 35, 233, 70, 27, 201, 178, 235, 16, 62, 111, 202, 49, 91,
       131, 84, 123, 225, 72, 206, 10, 244, 180, 157, 240, 168, 105, 16,
       11, 187, 187, 161, 56, 151, 55, 72, 59, 131, 23, 236, 16, 59, 77,
       219, 2, 153, 211, 117, 126, 200, 64, 131, 51, 69, 113, 48, 69, 85,
       14, 118, 56, 104, 72, 107, 76, 222, 16, 13, 180, 144, 76, 64, 106,
       197, 176, 217, 76, 37, 188, 0, 6, 72, 51, 67, 135, 248, 168, 220,
       248, 141, 233, 81, 71, 163, 23, 164, 24, 63, 155, 98, 27, 137,
       178, 237, 16, 30, 111, 194, 17, 219, 217, 80, 121, 242, 72, 198,
       74, 120, 160, 125, 112, 136, 237, 89, 87, 162, 53, 164, 24, 19,
       151, 64, 59, 5, 146, 125, 24, 26, 79, 242, 17, 219, 203, 112, 121,
       226, 128, 198, 106, 69, 97, 145, 103, 32, 78, 182, 24, 104, 168,
       99, 72, 215, 91, 73, 50, 148, 85, 124, 99, 65, 240, 217, 72, 229,
       168, 39, 4, 64, 51, 3, 33, 108, 99, 104, 37, 52, 27, 102, 168,
       113, 164, 127, 169, 195, 73, 159, 16, 24, 204, 68, 110, 204, 176,
       205, 14, 102, 125, 37, 21, 70, 191, 94, 192, 248, 184, 247, 112,
       11, 248, 81, 215, 179, 183, 164, 56, 59, 247, 68, 63, 171, 182,
       252, 24, 58, 111, 162, 1, 219, 219, 85, 123, 227, 128, 198, 107,
       252, 113, 212, 166, 139, 15, 86, 200, 1, 178, 161, 79, 67, 73, 73,
       155, 220, 213, 236, 98, 108, 103, 219, 168, 178, 195, 69, 63, 107,
       127, 74, 18, 218, 188, 255, 184, 235, 253, 57, 214, 191, 95, 86,
       189, 44, 191, 103, 220, 167, 127, 255, 17, 182, 221, 178, 243,
       219, 119, 94, 235, 134, 84, 167, 223, 220, 253, 126, 238, 189,
       110, 127, 254, 169, 170, 190, 8, 255, 255, 9, 18, 191, 247, 253,
       98, 120, 167, 153, 239, 251, 255, 103, 153, 34, 251, 198, 27, 189,
       121, 253, 227, 172, 15, 95, 216, 127, 184, 181, 8, 219, 95, 89,
       59, 222, 220, 126, 250, 201, 98, 249, 248, 255, 217, 103, 60, 119,
       251, 194, 163, 252, 253, 123, 231, 252, 126, 127, 252, 41, 234,
       190, 10, 91, 127, 157, 50, 191, 246, 253, 106, 249, 179, 249, 174,
       255, 255, 165, 148, 230, 251, 214, 243, 236, 245, 57, 107, 189,
       79, 87, 168, 123, 122, 45, 8, 214, 117, 73, 48, 145, 92, 72, 122,
       107, 112, 249, 63, 239, 223, 5, 118, 80, 123, 70, 99, 112, 168,
       127, 112, 136, 237, 81, 87, 163, 53, 160, 24, 51, 159, 64, 27,
       129, 151, 109, 24, 26, 79, 178, 17, 219, 203, 112, 121, 224, 128,
       198, 42, 124, 103, 72, 103, 145, 75, 87, 168, 33, 164, 239, 137,
       67, 97, 11, 16, 24, 204, 237, 98, 104, 242, 201, 14, 247, 231, 37,
       21, 99, 251, 94, 2, 200, 180, 157, 240, 171, 236, 17, 151, 191,
       155, 166, 56, 158, 183, 64, 123, 129, 87, 124, 16, 59, 77, 243,
       66, 203, 243, 116, 90, 138, 64, 167, 59, 242, 174, 212, 80, 169,
       185, 76, 207, 243, 179, 176, 56, 43, 235, 196, 159, 43, 246, 108,
       144, 62, 111, 206, 243, 26, 218, 213, 123, 227, 192, 238, 14, 244,
       172, 142, 250, 140, 237, 69, 206, 178, 19, 141, 24, 247, 243, 72,
       27, 201, 242, 121, 26, 58, 79, 218, 51, 217, 195, 221, 121, 144,
       121, 218, 42, 244, 100, 189, 118, 136, 109, 85, 156, 242, 254,
       165, 24, 87, 247, 75, 59, 1, 214, 108, 58, 42, 103, 251, 2, 217,
       139, 117, 60, 224, 240, 198, 98, 218, 180, 190, 240, 173, 236, 93,
       159, 187, 191, 150, 56, 159, 191, 72, 91, 167, 87, 253, 16, 50,
       77, 251, 225, 219, 251, 126, 255, 130, 208, 165, 123, 100, 99, 64,
       7, 116, 26, 102, 56, 97, 172, 123, 237, 195, 96, 159, 148, 24,
       204, 68, 110, 204, 176, 205, 12, 36, 52, 33, 149, 70, 183, 94,
       132, 204, 184, 189, 250, 169, 253, 93, 223, 255, 219, 180, 24,
       190, 255, 72, 59, 135, 115, 255, 16, 179, 111, 250, 241, 219, 219,
       119, 250, 210, 80, 135, 107, 240, 136, 215, 124, 139, 104, 85,
       167, 163, 151, 162, 56, 111, 183, 64, 91, 163, 247, 236, 0, 56,
       79, 130, 33, 153, 242, 84, 59, 226, 96, 166, 42, 252, 93, 255,
       239, 244, 110, 127, 188, 57, 234, 254, 40, 95, 127, 153, 112, 191,
       247, 125, 106, 233, 179, 57, 238, 255, 255, 37, 148, 231, 243,
       230, 115, 235, 190, 228, 221, 127, 146, 248, 127, 123, 255, 252,
       191, 40, 172, 214, 166, 239, 175, 247, 149, 182, 126, 231, 219,
       30, 126, 154, 239, 223, 204, 127, 223, 240, 168, 247, 112, 139,
       233, 81, 71, 179, 55, 160, 56, 35, 159, 68, 59, 171, 179, 109, 16,
       58, 111, 162, 35, 155, 218, 84, 123, 227, 192, 198, 43, 124, 253,
       126, 230, 189, 110, 127, 252, 169, 170, 254, 10, 127, 127, 9, 18,
       191, 247, 253, 106, 104, 179, 249, 239, 251, 255, 39, 159, 226,
       251, 198, 179, 109, 244, 61, 107, 189, 79, 87, 184, 123, 250, 37,
       8, 214, 117, 73, 49, 145, 92, 76, 106, 107, 112, 249, 63, 239,
       223, 69, 118, 82, 59, 70, 99, 112, 33, 61, 96, 0, 77, 65, 16, 96,
       180, 174, 8, 147, 21, 65, 50, 0, 148, 104, 72, 8, 224, 240, 0,
       193, 136, 96, 48, 96, 130, 70, 34, 69, 49, 17, 69, 16, 78, 98, 56,
       96, 96, 107, 72, 214, 23, 9, 48, 144, 28, 104, 106, 73, 176, 241,
       12, 165, 188, 1, 20, 72, 35, 66, 32, 193, 180, 159, 85, 172, 174,
       225, 23, 254, 211, 98, 84, 210, 48, 144, 43, 39, 102, 106, 28,
       177, 252, 55, 66, 12, 46, 116, 64, 200, 192, 195, 169, 124, 119,
       104, 103, 16, 75, 87, 120, 33, 172, 255, 169, 67, 101, 11, 16, 56,
       220, 237, 98, 72, 178, 201, 14, 247, 231, 37, 53, 97, 123, 78,
       178, 205, 103, 181, 39, 160, 31, 39, 184, 127, 166, 35, 76, 207,
       96, 207, 247, 151, 69, 108, 110, 228, 244, 253, 62, 172, 250, 69,
       54, 66, 247, 3, 101, 118, 119, 129, 167, 26, 15, 6, 168, 51, 232,
       139, 237, 70, 102, 73, 146, 148, 213, 253, 231, 205, 210, 221, 10,
       188, 86, 141, 182, 44, 119, 18, 85, 242, 140, 197, 60, 169, 232,
       64, 143, 147, 127, 160, 249, 43, 230, 68, 219, 201, 247, 236, 16,
       63, 79, 202, 51, 154, 242, 85, 251, 250, 76, 198, 95, 200, 176,
       157, 112, 169, 252, 17, 151, 187, 91, 166, 24, 190, 183, 64, 251,
       133, 23, 236, 16, 51, 77, 243, 81, 203, 243, 116, 122, 130, 64,
       135, 59, 244, 164, 157, 246, 136, 109, 65, 136, 178, 187, 163,
       120, 215, 247, 73, 59, 129, 215, 108, 18, 59, 69, 203, 34, 217,
       131, 117, 124, 160, 113, 134, 34, 222, 184, 189, 250, 169, 253,
       93, 223, 171, 31, 180, 57, 191, 255, 72, 59, 167, 243, 253, 17,
       186, 79, 250, 241, 219, 219, 127, 251, 146, 84, 135, 123, 77, 115,
       16, 7, 116, 30, 102, 56, 105, 224, 107, 108, 222, 16, 159, 180,
       150, 76, 68, 110, 197, 176, 221, 76, 36, 188, 33, 6, 74, 179, 75,
       149, 240, 166, 172, 182, 168, 44, 85, 159, 178, 191, 134, 29, 247,
       231, 74, 27, 129, 198, 109, 17, 58, 79, 219, 35, 249, 227, 253,
       61, 160, 112, 150, 90, 101, 103, 1, 7, 116, 30, 102, 56, 120, 232,
       107, 76, 211, 64, 25, 48, 144, 76, 64, 110, 197, 176, 249, 14, 37,
