%YAML:1.0
---
descriptors: !!opencv-matrix
   rows: 125
   cols: 32
   dt: u
   data: [ 190, 117, 246, 239, 189, 127, 255, 248, 127, 238, 255, 39,
       203, 255, 159, 165, 255, 213, 255, 227, 232, 227, 251, 238, 255,
       255, 207, 151, 231, 255, 103, 247, 254, 127, 246, 239, 253, 127,
       255, 248, 63, 238, 255, 175, 206, 255, 47, 83, 255, 253, 255, 227,
       228, 247, 235, 254, 255, 255, 239, 183, 23, 255, 103, 211, 13, 22,
       189, 117, 172, 46, 125, 23, 252, 251, 54, 116, 223, 55, 138, 123,
       135, 86, 127, 28, 177, 252, 99, 66, 207, 187, 118, 196, 200, 240,
       194, 241, 190, 253, 190, 223, 189, 118, 223, 254, 63, 223, 253,
       55, 238, 127, 15, 191, 255, 247, 255, 211, 188, 239, 123, 239,
       255, 127, 223, 215, 195, 127, 239, 255, 254, 93, 246, 158, 253,
       95, 126, 232, 191, 238, 247, 43, 110, 254, 47, 215, 251, 253, 255,
       227, 108, 119, 251, 254, 191, 118, 207, 63, 23, 127, 126, 215,
       145, 207, 107, 255, 180, 130, 111, 246, 213, 192, 222, 198, 113,
       231, 176, 96, 126, 238, 31, 238, 251, 153, 44, 255, 250, 237, 166,
       192, 61, 250, 240, 57, 156, 255, 189, 238, 168, 127, 95, 188, 174,
       254, 190, 37, 223, 255, 235, 203, 199, 87, 253, 103, 233, 65, 59,
       56, 251, 219, 111, 157, 24, 243, 173, 123, 141, 188, 255, 255,
       238, 175, 237, 223, 127, 251, 255, 246, 255, 255, 152, 107, 127,
       255, 126, 30, 179, 252, 239, 243, 254, 255, 247, 196, 239, 249,
       193, 177, 254, 119, 246, 239, 255, 91, 254, 248, 61, 238, 255,
       175, 207, 255, 191, 81, 254, 221, 255, 231, 228, 247, 233, 238,
       246, 255, 239, 151, 47, 255, 109, 211, 254, 119, 246, 239, 253,
       127, 255, 248, 127, 238, 255, 43, 206, 255, 159, 100, 255, 221,
       255, 227, 232, 243, 233, 238, 255, 255, 239, 151, 231, 255, 103,
       247, 246, 237, 246, 255, 252, 175, 254, 238, 191, 187, 250, 26,
       239, 234, 60, 80, 255, 239, 127, 131, 250, 235, 203, 255, 190,
       254, 223, 184, 181, 251, 243, 137, 182, 236, 246, 255, 254, 43,
       254, 236, 191, 162, 250, 26, 239, 234, 61, 81, 255, 239, 127, 227,
       232, 251, 203, 255, 190, 254, 207, 180, 181, 251, 243, 137, 61,
       205, 107, 238, 150, 131, 207, 252, 87, 0, 252, 66, 113, 235, 177,
       96, 126, 234, 23, 235, 235, 187, 45, 255, 250, 237, 167, 128, 117,
       251, 240, 169, 205, 222, 253, 254, 252, 127, 255, 255, 251, 254,
       180, 126, 253, 255, 182, 123, 127, 247, 255, 174, 241, 111, 191,
       255, 255, 255, 255, 188, 159, 252, 199, 241, 254, 255, 246, 183,
       253, 254, 126, 252, 191, 254, 255, 191, 110, 254, 111, 215, 255,
       255, 255, 211, 238, 211, 251, 243, 187, 247, 207, 191, 143, 127,
       239, 215, 126, 245, 54, 142, 125, 87, 254, 232, 191, 142, 255, 11,
       110, 254, 47, 212, 254, 245, 255, 227, 108, 227, 251, 254, 191,
       246, 207, 159, 71, 63, 110, 71, 254, 245, 254, 142, 253, 119, 222,
       232, 63, 134, 253, 11, 78, 254, 47, 212, 251, 221, 255, 227, 44,
       99, 219, 255, 187, 255, 207, 31, 215, 127, 126, 214, 126, 245,
       246, 254, 253, 127, 254, 232, 159, 166, 253, 11, 78, 254, 47, 212,
       251, 223, 255, 227, 108, 99, 250, 223, 251, 255, 143, 63, 151,
       127, 255, 214, 124, 180, 244, 250, 173, 125, 81, 216, 255, 127,
       181, 25, 207, 253, 78, 155, 201, 211, 255, 18, 190, 103, 251, 177,
       219, 219, 81, 127, 242, 77, 78, 83, 246, 140, 246, 255, 238, 43,
       254, 248, 191, 178, 243, 26, 237, 235, 61, 91, 255, 239, 127, 227,
       240, 247, 203, 250, 190, 250, 207, 188, 183, 249, 241, 129, 252,
       112, 252, 114, 169, 93, 87, 152, 179, 246, 165, 29, 223, 223, 75,
       219, 223, 213, 253, 114, 46, 103, 251, 48, 219, 219, 101, 63, 242,
       243, 78, 83, 205, 158, 189, 247, 172, 44, 125, 151, 254, 251, 182,
       84, 223, 63, 66, 123, 135, 87, 125, 28, 179, 109, 251, 98, 239,
       255, 118, 212, 202, 209, 195, 123, 255, 253, 255, 215, 253, 223,
       255, 253, 191, 254, 191, 63, 254, 254, 239, 246, 255, 255, 255,
       215, 255, 227, 251, 255, 255, 255, 239, 254, 159, 127, 231, 247,
       191, 189, 190, 223, 253, 254, 255, 252, 191, 255, 255, 55, 254,
       255, 95, 166, 255, 255, 255, 215, 255, 115, 251, 255, 255, 127,
       207, 215, 199, 127, 175, 247, 126, 253, 254, 247, 253, 255, 191,
       252, 191, 254, 255, 63, 126, 254, 111, 246, 255, 255, 255, 211,
       255, 243, 251, 255, 255, 255, 207, 255, 135, 127, 239, 247, 201,
       22, 189, 245, 164, 46, 125, 31, 125, 123, 118, 116, 223, 55, 129,
       123, 231, 23, 127, 44, 177, 244, 115, 74, 198, 255, 114, 132, 136,
       240, 131, 113, 220, 189, 188, 230, 168, 127, 95, 188, 174, 254,
       190, 45, 223, 127, 75, 115, 199, 215, 253, 103, 237, 65, 251, 40,
       251, 203, 111, 189, 24, 243, 173, 115, 205, 190, 252, 231, 188,
       127, 127, 251, 254, 238, 157, 245, 253, 255, 250, 99, 183, 87,
       255, 47, 245, 101, 187, 190, 234, 223, 111, 188, 156, 249, 173,
       241, 174, 222, 254, 247, 245, 126, 255, 248, 59, 255, 255, 183,
       237, 255, 191, 217, 255, 255, 191, 231, 174, 247, 123, 239, 255,
       255, 239, 151, 143, 255, 255, 243, 252, 125, 188, 230, 170, 77,
       87, 184, 163, 254, 188, 13, 255, 255, 75, 91, 214, 215, 253, 226,
       200, 67, 251, 40, 251, 201, 101, 189, 32, 243, 142, 115, 126, 253,
       246, 254, 253, 95, 254, 236, 191, 172, 188, 11, 78, 255, 47, 212,
       249, 253, 255, 227, 124, 99, 250, 250, 187, 255, 143, 63, 83, 127,
       254, 214, 252, 180, 124, 250, 173, 253, 80, 217, 247, 95, 181, 25,
       95, 253, 74, 155, 155, 155, 253, 2, 62, 99, 250, 151, 219, 223,
       81, 127, 243, 204, 206, 83, 191, 255, 255, 255, 253, 223, 255,
       248, 191, 254, 255, 39, 126, 254, 191, 119, 255, 255, 255, 231,
       255, 243, 187, 255, 255, 255, 239, 135, 143, 255, 253, 247, 126,
       254, 246, 190, 249, 253, 126, 252, 191, 254, 253, 189, 238, 255,
       79, 215, 255, 255, 255, 215, 238, 71, 251, 243, 191, 247, 79, 191,
       151, 119, 175, 215, 60, 237, 106, 239, 214, 131, 239, 254, 86,
       128, 252, 2, 115, 233, 181, 0, 122, 234, 23, 235, 202, 187, 8,
       191, 122, 207, 167, 168, 117, 251, 240, 136, 126, 253, 190, 254,
       173, 245, 95, 236, 191, 222, 255, 43, 238, 255, 111, 247, 253,
       247, 255, 211, 126, 99, 251, 255, 251, 255, 207, 155, 215, 127,
       252, 87, 201, 254, 255, 255, 252, 127, 253, 191, 127, 255, 246,
       126, 255, 255, 159, 107, 255, 247, 255, 172, 241, 239, 255, 255,
       255, 255, 255, 180, 207, 248, 199, 249, 126, 253, 190, 223, 253,
       223, 255, 236, 191, 254, 255, 11, 254, 255, 111, 246, 255, 255,
       255, 243, 238, 227, 251, 255, 255, 127, 207, 191, 199, 127, 239,
       247, 122, 181, 180, 250, 237, 221, 213, 111, 191, 95, 189, 25,
       238, 252, 110, 222, 205, 179, 255, 17, 62, 107, 250, 209, 155,
       223, 214, 123, 210, 78, 198, 79, 182, 172, 246, 255, 254, 43, 238,
       232, 255, 178, 243, 26, 239, 234, 61, 81, 123, 239, 127, 163, 232,
       243, 203, 255, 190, 250, 207, 188, 245, 251, 241, 128, 246, 172,
       246, 255, 236, 43, 238, 232, 255, 178, 242, 18, 239, 234, 61, 75,
       123, 239, 127, 163, 248, 247, 203, 250, 190, 250, 223, 188, 245,
       249, 243, 128, 252, 120, 188, 242, 173, 93, 85, 216, 179, 254,
       181, 25, 223, 223, 75, 155, 205, 213, 253, 82, 46, 103, 251, 176,
       219, 219, 117, 63, 242, 191, 70, 83, 255, 253, 191, 222, 253, 223,
       255, 248, 191, 254, 255, 15, 254, 254, 127, 119, 255, 255, 255,
       215, 255, 99, 251, 255, 255, 255, 207, 255, 151, 127, 231, 247,
       239, 253, 255, 190, 253, 255, 255, 252, 63, 254, 255, 175, 254,
       254, 223, 117, 255, 255, 255, 215, 239, 115, 251, 255, 255, 127,
       207, 190, 223, 255, 231, 247, 139, 190, 255, 255, 238, 171, 253,
       254, 191, 254, 254, 247, 253, 239, 147, 105, 111, 239, 127, 157,
       177, 252, 239, 255, 254, 251, 255, 128, 173, 216, 245, 249, 201,
       22, 189, 245, 164, 46, 125, 27, 252, 250, 119, 116, 223, 63, 153,
       123, 247, 7, 127, 44, 177, 212, 97, 74, 198, 251, 115, 132, 140,
