%YAML:1.0
---
descriptors: !!opencv-matrix
   rows: 264
   cols: 32
   dt: u
   data: [ 120, 184, 253, 112, 169, 253, 81, 215, 163, 191, 164, 24, 59,
       247, 66, 58, 1, 182, 237, 24, 26, 107, 242, 49, 219, 203, 117,
       121, 226, 128, 198, 122, 197, 182, 148, 83, 168, 44, 12, 159, 251,
       187, 163, 84, 222, 242, 204, 255, 133, 71, 108, 28, 179, 69, 219,
       98, 140, 186, 127, 246, 136, 113, 139, 5, 252, 180, 253, 118, 136,
       111, 69, 191, 178, 182, 165, 24, 115, 119, 72, 59, 1, 214, 108,
       42, 120, 111, 251, 46, 251, 235, 117, 60, 227, 240, 198, 106, 125,
       93, 61, 102, 176, 78, 79, 184, 97, 232, 191, 72, 87, 119, 137,
       115, 22, 244, 124, 106, 201, 161, 249, 44, 243, 233, 101, 148,
       104, 243, 194, 49, 93, 213, 61, 231, 176, 78, 79, 188, 36, 232,
       255, 100, 247, 119, 137, 112, 22, 214, 93, 106, 233, 129, 121, 63,
       225, 239, 37, 148, 40, 243, 192, 49, 236, 48, 189, 115, 173, 109,
       81, 152, 91, 255, 165, 24, 222, 93, 73, 59, 145, 84, 124, 58, 43,
       102, 251, 18, 207, 219, 101, 125, 194, 123, 70, 115, 149, 149, 25,
       239, 180, 46, 79, 185, 52, 232, 255, 64, 215, 119, 136, 112, 87,
       222, 93, 126, 249, 144, 121, 63, 233, 237, 37, 212, 168, 243, 128,
       33, 96, 172, 157, 254, 204, 237, 16, 143, 222, 27, 168, 24, 246,
       243, 104, 91, 193, 114, 106, 24, 51, 107, 218, 49, 205, 163, 119,
       121, 144, 72, 135, 170, 68, 152, 157, 254, 170, 64, 21, 171, 170,
       155, 163, 184, 244, 247, 200, 123, 135, 119, 109, 16, 51, 75, 170,
       33, 201, 162, 127, 191, 128, 112, 135, 51, 228, 253, 255, 255,
       236, 169, 239, 254, 190, 179, 243, 58, 247, 250, 253, 107, 111,
       255, 127, 147, 243, 111, 235, 243, 252, 171, 255, 252, 149, 249,
       227, 161, 252, 70, 157, 116, 168, 44, 85, 178, 168, 186, 182, 56,
       87, 119, 1, 91, 135, 245, 109, 42, 104, 71, 203, 0, 211, 235, 117,
       156, 96, 241, 6, 35, 183, 252, 214, 255, 252, 175, 254, 255, 191,
       179, 251, 18, 253, 255, 89, 107, 127, 255, 127, 179, 179, 255,
       219, 255, 191, 254, 223, 244, 199, 249, 227, 168, 64, 156, 157,
       255, 136, 237, 17, 151, 150, 19, 96, 24, 182, 243, 64, 90, 129,
       122, 104, 24, 50, 76, 218, 51, 205, 167, 117, 120, 144, 72, 133,
       42, 20, 229, 59, 99, 148, 79, 103, 232, 118, 160, 239, 0, 83, 241,
       121, 96, 89, 220, 2, 122, 75, 240, 57, 31, 233, 142, 5, 100, 112,
       187, 84, 32, 69, 103, 149, 39, 160, 46, 110, 152, 105, 170, 59,
       68, 223, 98, 201, 250, 151, 69, 108, 126, 148, 208, 201, 98, 172,
       252, 103, 196, 136, 243, 203, 5, 69, 241, 149, 71, 153, 13, 35,
       184, 110, 248, 43, 76, 254, 113, 73, 50, 145, 86, 104, 122, 131,
       96, 219, 53, 173, 188, 5, 126, 72, 51, 67, 34, 13, 117, 57, 103,
       240, 79, 55, 184, 57, 234, 127, 108, 222, 119, 137, 48, 149, 93,
       85, 106, 225, 208, 121, 110, 239, 159, 37, 134, 74, 243, 7, 243,
       69, 113, 17, 101, 17, 15, 102, 56, 104, 224, 107, 76, 214, 17, 9,
       48, 144, 68, 104, 106, 193, 176, 217, 12, 165, 188, 1, 4, 72, 51,
       67, 34, 84, 53, 187, 114, 155, 237, 49, 207, 234, 149, 173, 24,
       158, 183, 73, 58, 161, 155, 72, 16, 18, 105, 186, 96, 219, 197,
       21, 111, 224, 65, 167, 34, 248, 188, 188, 120, 169, 253, 81, 91,
       251, 59, 180, 24, 191, 191, 64, 123, 133, 179, 253, 24, 186, 111,
       242, 147, 219, 251, 117, 122, 194, 72, 199, 91, 226, 172, 182,
       255, 253, 175, 254, 239, 127, 187, 250, 26, 239, 250, 20, 91, 253,
       239, 127, 129, 186, 239, 219, 255, 191, 254, 223, 250, 193, 248,
       243, 139, 250, 188, 180, 250, 173, 173, 92, 255, 191, 59, 180, 24,
       235, 249, 84, 91, 201, 239, 127, 153, 186, 111, 219, 243, 191,
       223, 223, 254, 210, 216, 242, 138, 198, 188, 254, 255, 252, 169,
       253, 255, 190, 179, 254, 178, 253, 255, 220, 107, 239, 255, 127,
       129, 178, 111, 235, 247, 254, 251, 255, 252, 213, 248, 243, 177,
       104, 176, 152, 97, 233, 109, 49, 143, 59, 63, 44, 25, 142, 55, 74,
       26, 129, 31, 225, 16, 18, 88, 209, 83, 207, 215, 21, 119, 194, 64,
       135, 186, 197, 116, 149, 103, 101, 110, 119, 56, 121, 234, 47, 8,
       222, 113, 9, 59, 144, 84, 104, 106, 97, 244, 249, 10, 229, 190,
       69, 2, 72, 115, 67, 35, 233, 189, 189, 115, 217, 125, 85, 159,
       123, 115, 44, 24, 190, 53, 70, 191, 129, 94, 248, 24, 55, 104,
       251, 51, 111, 223, 85, 127, 202, 84, 207, 126, 220, 172, 159, 112,
       138, 232, 17, 135, 162, 183, 164, 24, 55, 183, 64, 27, 39, 247,
       237, 16, 58, 79, 170, 0, 217, 195, 85, 125, 224, 64, 134, 106,
       204, 52, 157, 245, 161, 110, 49, 19, 59, 243, 39, 16, 158, 55, 64,
       123, 133, 55, 120, 24, 49, 220, 241, 66, 207, 247, 86, 70, 138,
       96, 135, 50, 208, 168, 191, 114, 10, 232, 81, 7, 178, 151, 164,
       24, 55, 151, 64, 27, 39, 247, 109, 16, 59, 79, 178, 33, 217, 227,
       112, 121, 224, 0, 134, 106, 116, 188, 249, 114, 136, 109, 65, 155,
       178, 191, 165, 24, 19, 247, 72, 26, 33, 214, 109, 24, 58, 79, 250,
       2, 219, 207, 117, 124, 224, 240, 198, 99, 240, 162, 255, 120, 138,
       233, 81, 87, 178, 23, 164, 184, 55, 135, 64, 27, 35, 178, 109, 16,
       58, 79, 162, 19, 217, 195, 112, 121, 224, 64, 134, 106, 244, 181,
       220, 114, 152, 237, 85, 223, 178, 63, 173, 25, 23, 183, 74, 27, 1,
       150, 77, 16, 58, 75, 218, 19, 251, 199, 53, 125, 224, 192, 134,
       98, 248, 181, 156, 50, 136, 205, 84, 191, 162, 63, 164, 25, 183,
       179, 74, 19, 129, 211, 237, 16, 62, 75, 218, 49, 251, 195, 117,
       125, 160, 64, 142, 10, 212, 32, 255, 101, 2, 106, 97, 80, 96, 166,
       167, 8, 83, 87, 193, 59, 54, 244, 68, 58, 41, 245, 161, 8, 81,
       169, 97, 4, 225, 225, 102, 161, 244, 14, 204, 180, 168, 40, 85,
       159, 178, 183, 134, 185, 87, 167, 67, 91, 3, 246, 109, 12, 56, 79,
       203, 32, 217, 227, 245, 189, 160, 241, 134, 98, 36, 164, 57, 99,
       221, 77, 181, 173, 94, 113, 41, 24, 214, 124, 76, 32, 145, 26, 66,
       48, 83, 112, 121, 23, 109, 158, 21, 119, 208, 74, 215, 162, 248,
       188, 156, 50, 168, 173, 84, 222, 178, 187, 164, 29, 55, 227, 66,
       27, 129, 226, 237, 20, 58, 79, 218, 51, 219, 195, 117, 121, 232,
       208, 202, 10, 248, 190, 245, 112, 169, 236, 85, 159, 179, 63, 164,
       56, 63, 247, 64, 159, 7, 214, 237, 24, 58, 79, 234, 51, 219, 243,
       117, 124, 162, 192, 134, 107, 253, 113, 253, 103, 44, 78, 71, 184,
       96, 234, 183, 72, 211, 117, 201, 51, 22, 212, 124, 106, 201, 97,
       249, 40, 243, 233, 101, 52, 104, 243, 70, 113, 93, 93, 125, 103,
       176, 78, 79, 188, 96, 232, 191, 72, 87, 119, 137, 114, 22, 212,
       124, 106, 233, 161, 121, 46, 227, 237, 101, 148, 104, 243, 194,
       49, 149, 220, 153, 239, 180, 46, 111, 184, 54, 234, 95, 112, 215,
       119, 137, 96, 119, 95, 29, 122, 185, 148, 105, 62, 237, 239, 39,
       132, 160, 243, 129, 49, 85, 149, 25, 231, 176, 46, 79, 184, 52,
       234, 255, 96, 215, 119, 137, 112, 23, 214, 93, 106, 249, 144, 105,
       62, 233, 239, 37, 212, 32, 243, 192, 97, 236, 112, 189, 115, 45,
       111, 81, 152, 123, 251, 165, 24, 215, 93, 73, 59, 145, 212, 124,
       122, 43, 100, 251, 18, 207, 219, 101, 125, 194, 251, 70, 115, 93,
       5, 93, 101, 176, 78, 79, 56, 100, 160, 170, 0, 215, 115, 9, 112,
       18, 212, 124, 106, 105, 161, 121, 12, 225, 239, 37, 20, 96, 178,
       64, 32, 252, 112, 189, 115, 40, 111, 83, 152, 115, 250, 167, 24,
       215, 85, 73, 59, 145, 212, 124, 122, 41, 103, 251, 32, 195, 219,
       101, 52, 224, 243, 70, 115, 220, 178, 140, 181, 138, 38, 21, 186,
       178, 182, 134, 157, 247, 103, 74, 91, 101, 213, 237, 164, 40, 199,
       219, 8, 219, 227, 253, 53, 168, 112, 6, 114, 220, 50, 157, 116,
       169, 44, 85, 151, 162, 187, 176, 121, 223, 179, 65, 91, 135, 215,
       237, 0, 56, 71, 202, 0, 211, 227, 117, 188, 224, 112, 134, 35,
       232, 180, 188, 250, 173, 253, 81, 15, 223, 127, 165, 24, 158, 253,
       74, 59, 137, 146, 255, 16, 58, 106, 251, 147, 207, 223, 84, 127,
