%YAML:1.0
---
descriptors: !!opencv-matrix
   rows: 252
   cols: 32
   dt: u
   data: [ 118, 36, 211, 242, 205, 96, 96, 73, 187, 183, 171, 27, 74,
       235, 76, 222, 249, 199, 233, 145, 56, 103, 219, 194, 153, 246,
       215, 95, 161, 99, 230, 2, 229, 96, 213, 135, 236, 11, 238, 200,
       58, 178, 51, 218, 214, 64, 89, 11, 59, 205, 106, 111, 97, 116,
       205, 74, 180, 138, 207, 52, 76, 123, 83, 128, 71, 180, 181, 83,
       173, 125, 176, 159, 91, 123, 23, 124, 150, 61, 222, 46, 129, 6,
       125, 29, 183, 108, 251, 243, 79, 30, 85, 246, 142, 76, 209, 119,
       1, 168, 152, 249, 180, 169, 177, 143, 94, 61, 80, 48, 183, 128,
       226, 104, 131, 11, 38, 24, 22, 124, 99, 55, 204, 143, 50, 97, 144,
       72, 133, 137, 97, 141, 92, 159, 156, 171, 75, 166, 142, 0, 170,
       78, 247, 99, 48, 80, 67, 227, 75, 15, 18, 41, 91, 127, 252, 166,
       14, 88, 28, 91, 217, 8, 121, 184, 254, 112, 169, 253, 80, 215,
       227, 251, 164, 28, 58, 184, 198, 191, 161, 182, 252, 24, 159, 111,
       178, 177, 219, 219, 81, 123, 235, 196, 202, 15, 177, 103, 72, 133,
       212, 11, 238, 239, 80, 170, 240, 222, 67, 0, 145, 1, 120, 204, 6,
       110, 104, 246, 69, 30, 188, 2, 165, 52, 109, 248, 210, 136, 193,
       188, 151, 89, 232, 140, 37, 23, 254, 27, 98, 84, 180, 145, 192,
       123, 1, 46, 106, 28, 179, 252, 179, 17, 76, 170, 118, 64, 200,
       192, 129, 169, 84, 225, 156, 182, 139, 68, 22, 232, 178, 188, 133,
       9, 70, 255, 75, 90, 177, 213, 233, 243, 78, 67, 154, 49, 251, 199,
       79, 63, 160, 115, 47, 66, 80, 75, 158, 245, 34, 14, 109, 55, 52,
       142, 86, 100, 183, 163, 160, 80, 38, 110, 44, 76, 64, 216, 129,
       40, 228, 239, 118, 128, 32, 240, 165, 41, 164, 122, 184, 243, 236,
       173, 161, 154, 26, 191, 48, 93, 182, 157, 81, 10, 137, 91, 99, 93,
       130, 126, 218, 50, 77, 157, 53, 124, 208, 89, 87, 186, 84, 245,
       188, 190, 185, 69, 23, 172, 154, 190, 137, 9, 246, 255, 75, 82,
       145, 119, 233, 115, 98, 67, 154, 59, 249, 151, 77, 63, 144, 115,
       135, 83, 92, 60, 156, 116, 136, 44, 85, 19, 162, 187, 167, 28,
       215, 243, 65, 123, 133, 246, 124, 24, 56, 69, 251, 0, 219, 235,
       117, 24, 168, 241, 131, 35, 222, 244, 156, 180, 139, 96, 22, 238,
       178, 183, 140, 187, 78, 255, 75, 27, 183, 215, 237, 179, 62, 71,
       155, 19, 251, 195, 127, 255, 164, 116, 175, 83, 125, 141, 229,
       119, 148, 126, 71, 191, 83, 227, 102, 24, 115, 117, 148, 63, 25,
       230, 116, 44, 185, 248, 253, 46, 107, 239, 245, 20, 231, 248, 210,
       104, 193, 184, 149, 16, 169, 236, 33, 135, 239, 251, 162, 92, 182,
       178, 196, 127, 129, 39, 120, 24, 179, 109, 243, 113, 153, 186, 87,
       122, 202, 64, 131, 60, 173, 188, 253, 119, 196, 111, 69, 191, 82,
       243, 118, 88, 115, 113, 152, 59, 25, 70, 112, 56, 177, 252, 121,
       46, 111, 203, 117, 4, 235, 248, 210, 168, 124, 113, 120, 101, 18,
       75, 119, 184, 32, 228, 47, 173, 95, 7, 11, 16, 54, 221, 205, 226,
       64, 208, 185, 12, 247, 225, 37, 37, 99, 179, 6, 115, 53, 81, 19,
       78, 85, 71, 70, 232, 85, 192, 233, 10, 82, 241, 45, 52, 88, 220,
       2, 106, 73, 179, 120, 62, 49, 172, 5, 14, 123, 59, 98, 166, 244,
       86, 205, 230, 136, 74, 79, 184, 17, 182, 143, 157, 211, 103, 73,
       91, 85, 212, 109, 234, 104, 71, 249, 42, 241, 162, 229, 52, 34,
       243, 20, 114, 124, 104, 189, 98, 44, 111, 83, 152, 195, 190, 181,
       8, 211, 81, 65, 59, 9, 212, 108, 122, 40, 101, 233, 32, 219, 201,
       101, 53, 224, 251, 86, 98, 248, 184, 156, 48, 168, 173, 85, 190,
       178, 63, 164, 25, 55, 151, 74, 27, 133, 211, 109, 16, 122, 79,
       218, 49, 217, 195, 117, 125, 160, 208, 134, 75, 124, 109, 72, 39,
       155, 75, 87, 232, 53, 164, 239, 139, 67, 99, 11, 16, 120, 204,
       233, 226, 76, 146, 217, 44, 251, 231, 5, 53, 97, 59, 94, 66, 208,
       188, 188, 114, 168, 237, 85, 159, 178, 63, 164, 25, 183, 183, 74,
       27, 133, 83, 109, 16, 58, 77, 219, 49, 203, 131, 117, 125, 224,
       192, 134, 91, 199, 180, 181, 83, 172, 45, 176, 139, 91, 123, 19,
       121, 150, 56, 220, 46, 135, 22, 125, 17, 183, 108, 203, 243, 142,
       30, 85, 246, 140, 72, 209, 7, 248, 176, 156, 48, 136, 237, 80,
       150, 162, 115, 164, 29, 23, 147, 66, 27, 129, 151, 108, 16, 59,
       111, 154, 16, 219, 195, 117, 125, 232, 64, 74, 10, 253, 176, 156,
       180, 141, 60, 80, 147, 234, 243, 130, 93, 151, 184, 90, 155, 129,
       199, 252, 21, 63, 79, 219, 0, 154, 211, 85, 126, 168, 100, 155, 2,
       133, 102, 157, 167, 228, 43, 239, 136, 126, 178, 59, 216, 213, 99,
       217, 43, 51, 76, 106, 126, 33, 244, 205, 10, 228, 130, 111, 36,
       196, 251, 3, 160, 252, 124, 150, 254, 205, 100, 84, 202, 147, 155,
       161, 25, 106, 251, 109, 219, 201, 246, 237, 82, 44, 103, 218, 162,
       211, 243, 209, 59, 202, 121, 126, 2, 236, 118, 164, 39, 173, 126,
       79, 152, 35, 254, 167, 13, 203, 103, 75, 159, 149, 196, 237, 126,
       168, 68, 249, 160, 203, 251, 101, 181, 138, 255, 86, 115, 246, 52,
       150, 186, 205, 100, 32, 75, 179, 179, 225, 90, 66, 250, 77, 219,
       233, 223, 234, 144, 60, 119, 154, 194, 157, 178, 215, 111, 137,
       105, 250, 134, 97, 141, 92, 158, 220, 169, 102, 167, 140, 0, 170,
       76, 247, 99, 32, 66, 66, 226, 106, 110, 48, 41, 91, 127, 252, 166,
       142, 88, 24, 90, 201, 8, 68, 113, 57, 101, 16, 79, 119, 48, 104,
       160, 110, 8, 215, 19, 1, 48, 144, 84, 72, 106, 65, 176, 241, 12,
       229, 189, 1, 20, 72, 34, 71, 34, 237, 112, 157, 103, 33, 78, 119,
       152, 121, 250, 35, 72, 214, 81, 73, 59, 144, 84, 124, 106, 97,
       244, 249, 10, 197, 187, 101, 52, 200, 115, 67, 51, 65, 184, 149,
       81, 137, 236, 161, 135, 238, 115, 170, 80, 182, 178, 196, 126,
       129, 54, 120, 24, 19, 109, 243, 81, 141, 58, 86, 122, 200, 64,
       131, 60, 41, 188, 245, 85, 205, 127, 229, 191, 114, 243, 38, 24,
       251, 113, 144, 175, 9, 86, 120, 24, 177, 252, 251, 32, 79, 235,
       85, 68, 195, 248, 208, 168, 222, 181, 190, 178, 171, 244, 22, 236,
       187, 223, 133, 61, 110, 247, 74, 31, 167, 83, 253, 83, 54, 71,
       186, 243, 251, 211, 93, 255, 162, 117, 143, 91, 193, 184, 149, 81,
       137, 236, 161, 7, 254, 243, 162, 80, 190, 178, 68, 127, 129, 55,
       120, 24, 51, 77, 243, 65, 141, 186, 86, 122, 200, 64, 129, 60,
       249, 184, 254, 112, 173, 253, 81, 215, 227, 255, 180, 28, 59, 152,
       86, 59, 163, 166, 252, 28, 191, 111, 182, 49, 219, 251, 113, 123,
       235, 132, 206, 95, 195, 174, 135, 56, 168, 168, 72, 135, 255, 27,
       146, 249, 175, 162, 208, 223, 163, 231, 108, 21, 191, 77, 134,
       115, 152, 242, 126, 250, 200, 68, 131, 13, 237, 117, 232, 103,
       173, 31, 87, 152, 97, 238, 191, 108, 219, 125, 219, 54, 156, 196,
       124, 110, 205, 118, 249, 170, 231, 217, 101, 180, 78, 255, 90,
       117, 212, 172, 253, 119, 134, 107, 103, 190, 114, 182, 46, 26, 83,
       117, 201, 35, 51, 86, 96, 58, 113, 244, 239, 42, 109, 175, 101,
       68, 229, 249, 198, 32, 116, 109, 72, 39, 155, 75, 87, 232, 34,
       164, 239, 137, 83, 103, 11, 16, 120, 220, 233, 226, 72, 146, 217,
       60, 241, 165, 5, 53, 97, 59, 198, 66, 253, 121, 249, 100, 172, 78,
       71, 189, 224, 234, 190, 72, 115, 17, 209, 50, 24, 228, 124, 106,
       201, 227, 249, 40, 241, 201, 101, 48, 99, 250, 210, 40, 227, 164,
       248, 82, 253, 253, 241, 207, 123, 123, 53, 24, 26, 188, 222, 191,
       153, 138, 114, 28, 183, 126, 254, 211, 31, 31, 85, 127, 195, 76,
       202, 238, 82, 182, 220, 178, 170, 40, 24, 159, 187, 63, 138, 253,
       142, 167, 74, 94, 167, 87, 237, 16, 54, 73, 203, 195, 218, 214,
       93, 255, 174, 196, 143, 95, 76, 178, 158, 178, 169, 236, 21, 151,
       171, 255, 135, 61, 142, 183, 74, 91, 133, 119, 237, 16, 22, 77,
       202, 32, 203, 243, 124, 251, 138, 87, 143, 91, 116, 113, 121, 110,
       90, 79, 87, 232, 0, 164, 237, 10, 83, 117, 9, 16, 88, 220, 65, 98,
       72, 178, 249, 62, 241, 133, 5, 61, 113, 59, 102, 98, 84, 245, 184,
