%YAML:1.0
---
descriptors: !!opencv-matrix
   rows: 413
   cols: 32
   dt: u
   data: [ 252, 99, 252, 101, 140, 11, 87, 184, 64, 166, 181, 170, 83,
       73, 203, 19, 24, 212, 236, 106, 72, 114, 201, 8, 247, 201, 101,
       53, 103, 251, 222, 34, 246, 236, 246, 255, 252, 43, 254, 254, 255,
       178, 251, 154, 239, 239, 29, 91, 255, 239, 127, 227, 248, 231,
       207, 255, 190, 255, 223, 188, 231, 255, 243, 129, 164, 237, 252,
       255, 252, 43, 255, 252, 190, 179, 255, 18, 253, 235, 93, 83, 255,
       207, 127, 251, 186, 115, 203, 251, 254, 239, 239, 244, 213, 251,
       243, 129, 133, 244, 185, 247, 180, 47, 127, 184, 54, 170, 127,
       112, 247, 119, 153, 96, 119, 95, 23, 250, 235, 212, 105, 63, 236,
       175, 175, 132, 180, 251, 161, 161, 148, 237, 223, 255, 238, 43,
       239, 252, 190, 178, 243, 18, 247, 235, 89, 75, 123, 239, 127, 250,
       114, 247, 203, 119, 252, 171, 239, 212, 229, 251, 241, 161, 157,
       213, 121, 239, 180, 46, 79, 188, 116, 234, 127, 64, 215, 119, 137,
       112, 119, 222, 29, 106, 249, 148, 105, 62, 233, 239, 37, 196, 40,
       243, 192, 33, 125, 113, 253, 103, 164, 78, 71, 184, 97, 232, 191,
       76, 211, 117, 201, 51, 148, 212, 124, 106, 201, 112, 249, 40, 227,
       233, 101, 20, 104, 243, 66, 113, 69, 117, 49, 69, 113, 78, 103,
       176, 121, 192, 106, 76, 222, 85, 5, 180, 144, 92, 80, 106, 193,
       176, 249, 78, 37, 188, 1, 2, 74, 51, 67, 161, 248, 170, 222, 114,
       136, 173, 81, 215, 162, 191, 164, 29, 55, 227, 66, 27, 1, 246,
       109, 24, 58, 79, 218, 32, 219, 195, 117, 121, 224, 192, 134, 74,
       236, 48, 189, 99, 173, 125, 81, 152, 123, 255, 165, 24, 222, 93,
       75, 59, 145, 16, 253, 50, 51, 100, 251, 16, 207, 219, 85, 125,
       194, 107, 70, 114, 120, 180, 157, 244, 138, 104, 81, 31, 179, 55,
       172, 56, 55, 183, 66, 122, 3, 247, 109, 16, 58, 75, 146, 1, 219,
       231, 113, 121, 160, 192, 134, 43, 216, 56, 191, 240, 138, 233, 81,
       18, 166, 87, 134, 56, 151, 151, 64, 91, 39, 179, 125, 16, 26, 77,
       146, 48, 217, 195, 113, 121, 160, 64, 5, 99, 109, 117, 17, 71,
       241, 127, 118, 184, 123, 232, 47, 8, 222, 112, 77, 180, 145, 92,
       104, 106, 97, 240, 249, 46, 175, 255, 5, 54, 202, 115, 203, 182,
       77, 116, 152, 103, 179, 111, 119, 184, 105, 234, 111, 12, 222,
       115, 11, 48, 178, 68, 108, 106, 65, 240, 217, 46, 231, 255, 5, 22,
       74, 115, 75, 3, 69, 244, 189, 67, 172, 111, 167, 136, 122, 251,
       43, 72, 214, 112, 89, 42, 145, 76, 120, 122, 17, 112, 249, 16,
       237, 158, 101, 116, 200, 123, 195, 33, 105, 253, 176, 115, 253,
       221, 85, 158, 251, 253, 60, 28, 191, 189, 86, 54, 133, 206, 244,
       92, 183, 120, 250, 163, 111, 223, 21, 119, 202, 212, 206, 95, 240,
       172, 253, 86, 136, 111, 69, 191, 178, 182, 164, 24, 115, 119, 12,
       31, 9, 214, 108, 42, 120, 111, 251, 46, 249, 202, 117, 60, 225,
       224, 198, 106, 129, 174, 159, 251, 236, 169, 109, 222, 126, 19,
       66, 208, 181, 227, 248, 107, 99, 106, 34, 28, 51, 252, 207, 51,
       204, 130, 119, 96, 152, 209, 161, 168, 192, 180, 185, 114, 169,
       105, 17, 143, 58, 63, 33, 56, 150, 54, 72, 59, 147, 19, 202, 16,
       50, 108, 235, 19, 141, 146, 113, 127, 208, 72, 135, 99, 5, 117,
       17, 71, 145, 79, 102, 184, 104, 224, 107, 8, 222, 112, 9, 48, 144,
       92, 80, 106, 193, 240, 217, 14, 37, 188, 5, 54, 72, 51, 75, 150,
       69, 48, 17, 101, 1, 78, 114, 8, 104, 232, 35, 8, 214, 17, 1, 50,
       144, 84, 104, 106, 1, 240, 241, 8, 197, 184, 65, 6, 72, 35, 67,
       50, 197, 86, 157, 247, 164, 46, 103, 184, 60, 234, 99, 80, 215,
       117, 9, 115, 21, 84, 124, 46, 225, 244, 89, 14, 229, 187, 101, 20,
       72, 241, 67, 49, 84, 248, 157, 119, 137, 248, 20, 134, 171, 211,
       165, 24, 252, 247, 72, 123, 129, 119, 232, 18, 47, 76, 250, 33,
       203, 243, 85, 123, 130, 113, 143, 62, 108, 116, 181, 115, 137,
       110, 71, 154, 59, 255, 43, 24, 214, 119, 73, 127, 145, 84, 121,
       58, 57, 68, 251, 34, 239, 255, 85, 116, 202, 113, 198, 114, 252,
       102, 253, 100, 139, 75, 87, 232, 82, 182, 165, 8, 83, 113, 73, 51,
       25, 212, 104, 98, 104, 103, 249, 10, 241, 195, 69, 63, 97, 123,
       70, 34, 237, 124, 189, 118, 141, 125, 85, 158, 251, 247, 166, 24,
       222, 116, 79, 59, 129, 86, 120, 10, 169, 101, 251, 34, 203, 251,
       85, 60, 194, 113, 70, 118, 68, 245, 157, 119, 155, 75, 23, 168,
       250, 242, 43, 40, 214, 117, 73, 51, 145, 116, 104, 106, 97, 225,
       187, 31, 107, 191, 69, 23, 192, 115, 71, 34, 69, 245, 157, 83,
       131, 12, 55, 188, 122, 115, 43, 84, 222, 114, 72, 126, 151, 70,
       120, 90, 211, 120, 251, 97, 45, 190, 87, 70, 200, 83, 131, 46, 69,
       55, 149, 67, 160, 46, 102, 153, 122, 187, 59, 84, 222, 114, 201,
       254, 149, 71, 108, 126, 149, 208, 201, 96, 172, 190, 103, 70, 136,
       115, 131, 5, 108, 225, 152, 122, 201, 77, 87, 236, 162, 23, 173,
       25, 86, 247, 74, 26, 153, 218, 97, 90, 90, 99, 218, 49, 251, 223,
       85, 125, 192, 83, 206, 194, 44, 117, 57, 103, 29, 79, 71, 172,
       112, 228, 239, 8, 210, 117, 9, 48, 152, 92, 89, 106, 73, 242, 249,
       46, 229, 221, 5, 20, 64, 123, 214, 114, 240, 58, 255, 112, 168,
       237, 81, 83, 178, 63, 164, 56, 51, 183, 64, 27, 39, 182, 108, 24,
       58, 107, 178, 33, 209, 139, 112, 121, 225, 192, 198, 107, 244, 5,
       93, 102, 170, 74, 71, 184, 232, 176, 163, 8, 215, 115, 9, 115, 2,
       213, 108, 106, 121, 97, 121, 45, 241, 235, 101, 20, 96, 179, 67,
       32, 28, 69, 249, 103, 20, 79, 71, 184, 118, 160, 239, 2, 83, 113,
       25, 112, 49, 220, 8, 106, 105, 176, 57, 30, 239, 207, 5, 20, 48,
       251, 64, 32, 17, 207, 91, 111, 176, 10, 79, 190, 117, 162, 234,
       192, 243, 99, 145, 112, 114, 230, 12, 110, 105, 152, 45, 63, 232,
       174, 37, 0, 52, 242, 224, 40, 208, 140, 221, 116, 138, 104, 77,
       183, 162, 183, 162, 184, 119, 167, 64, 91, 3, 246, 109, 136, 56,
       79, 227, 33, 217, 227, 245, 24, 160, 240, 134, 106, 100, 177, 185,
       99, 213, 111, 103, 136, 106, 241, 47, 24, 214, 113, 73, 58, 145,
       92, 120, 122, 17, 112, 249, 0, 237, 156, 5, 116, 192, 35, 198, 98,
       252, 224, 156, 122, 139, 41, 16, 200, 151, 55, 165, 25, 78, 193,
       75, 27, 153, 208, 233, 114, 58, 103, 218, 49, 219, 195, 65, 127,
       243, 123, 78, 2, 38, 13, 146, 190, 217, 205, 22, 228, 159, 134,
       232, 9, 230, 248, 37, 148, 217, 235, 202, 67, 108, 35, 90, 190,
       185, 246, 5, 59, 80, 127, 238, 142, 52, 69, 18, 174, 157, 79, 198,
       232, 149, 164, 233, 10, 70, 224, 45, 208, 248, 220, 106, 227, 76,
       163, 24, 110, 177, 180, 7, 31, 65, 123, 110, 134, 34, 237, 144,
       190, 217, 205, 22, 230, 155, 22, 168, 9, 166, 242, 32, 148, 201,
       123, 232, 66, 126, 107, 218, 191, 169, 214, 21, 123, 80, 95, 142,
       142, 129, 142, 207, 63, 132, 170, 101, 158, 118, 147, 106, 212,
       243, 227, 144, 73, 115, 110, 42, 158, 51, 220, 207, 50, 236, 167,
       119, 64, 168, 208, 193, 168, 229, 112, 249, 101, 0, 110, 107, 152,
       96, 234, 167, 8, 211, 87, 89, 59, 16, 212, 125, 106, 137, 244,
       249, 8, 199, 153, 101, 52, 193, 243, 70, 114, 37, 181, 185, 99,
       221, 111, 247, 140, 122, 243, 41, 24, 214, 120, 72, 40, 145, 94,
       114, 115, 51, 112, 249, 50, 109, 158, 69, 118, 200, 123, 195, 162,
       197, 113, 157, 101, 33, 14, 102, 56, 104, 234, 35, 76, 214, 49,
       73, 51, 144, 68, 104, 106, 225, 240, 209, 8, 165, 186, 69, 4, 72,
       115, 67, 35, 118, 65, 2, 199, 88, 11, 174, 232, 37, 160, 235, 139,
       66, 99, 41, 80, 248, 212, 91, 110, 72, 179, 73, 204, 180, 30, 15,
       22, 0, 59, 32, 134, 5, 223, 157, 103, 176, 14, 111, 188, 116, 232,
       126, 100, 245, 115, 137, 112, 54, 110, 60, 110, 225, 144, 125, 47,
       228, 175, 39, 132, 8, 243, 129, 49, 93, 85, 125, 103, 176, 78, 79,
       188, 112, 234, 255, 68, 211, 119, 137, 112, 22, 212, 60, 106, 233,
       144, 121, 46, 231, 239, 37, 148, 104, 243, 194, 49, 69, 117, 16,
