%YAML:1.0
---
descriptors: !!opencv-matrix
   rows: 197
   cols: 32
   dt: u
   data: [ 108, 113, 57, 111, 13, 79, 71, 168, 87, 164, 165, 8, 210, 85,
       73, 48, 216, 220, 88, 106, 73, 98, 249, 56, 229, 217, 5, 60, 80,
       59, 86, 98, 252, 164, 156, 114, 136, 108, 81, 27, 178, 183, 165,
       25, 87, 247, 74, 27, 129, 150, 237, 16, 58, 71, 219, 2, 219, 195,
       117, 125, 224, 96, 134, 98, 248, 62, 222, 178, 168, 237, 85, 223,
       179, 255, 180, 189, 63, 247, 195, 91, 167, 247, 237, 20, 189, 79,
       202, 50, 218, 195, 117, 249, 234, 208, 142, 91, 104, 189, 156, 58,
       249, 253, 86, 175, 155, 63, 168, 25, 174, 251, 74, 147, 129, 115,
       233, 16, 62, 107, 218, 183, 235, 215, 85, 123, 210, 92, 142, 10,
       81, 143, 95, 101, 176, 46, 71, 55, 100, 8, 250, 68, 247, 115, 128,
       114, 22, 230, 108, 110, 249, 184, 65, 47, 232, 175, 36, 16, 104,
       226, 194, 41, 193, 168, 222, 115, 170, 248, 57, 7, 250, 81, 166,
       24, 183, 178, 194, 123, 135, 55, 120, 28, 55, 73, 230, 113, 204,
       171, 122, 120, 204, 192, 139, 12, 29, 69, 121, 103, 22, 79, 111,
       184, 116, 160, 239, 64, 211, 115, 9, 112, 48, 212, 28, 106, 233,
       180, 125, 14, 231, 239, 37, 20, 96, 187, 64, 34, 112, 171, 88, 96,
       242, 137, 81, 87, 34, 45, 60, 169, 55, 131, 194, 16, 51, 154, 69,
       24, 26, 11, 130, 21, 250, 133, 37, 249, 226, 130, 134, 171, 252,
       76, 92, 118, 168, 74, 87, 168, 160, 178, 166, 24, 215, 119, 9,
       123, 3, 213, 108, 106, 104, 229, 73, 44, 241, 235, 101, 21, 96,
       241, 68, 34, 92, 69, 174, 239, 5, 70, 79, 104, 48, 166, 207, 2,
       81, 115, 25, 82, 112, 212, 121, 234, 104, 211, 137, 14, 241, 231,
       203, 5, 32, 115, 116, 34, 76, 115, 121, 103, 50, 78, 63, 184, 44,
       228, 111, 165, 223, 87, 137, 80, 22, 93, 109, 110, 65, 144, 249,
       108, 229, 245, 39, 132, 0, 179, 7, 113, 208, 184, 185, 116, 138,
       237, 81, 23, 242, 191, 164, 24, 55, 183, 64, 59, 129, 246, 108,
       16, 58, 111, 242, 2, 217, 193, 117, 121, 224, 64, 198, 43, 208,
       184, 190, 49, 168, 237, 17, 135, 230, 83, 162, 24, 183, 241, 66,
       43, 129, 51, 108, 17, 27, 109, 211, 49, 201, 195, 115, 121, 232,
       64, 135, 10, 249, 172, 143, 54, 169, 236, 80, 23, 178, 251, 164,
       25, 63, 247, 64, 59, 129, 230, 125, 28, 63, 79, 218, 35, 219, 235,
       245, 121, 160, 192, 218, 74, 129, 142, 207, 59, 160, 170, 101,
       159, 118, 19, 98, 212, 243, 225, 152, 121, 19, 110, 42, 28, 51,
       252, 79, 49, 204, 170, 117, 68, 236, 192, 192, 168, 109, 181, 57,
       103, 213, 15, 119, 188, 121, 236, 110, 12, 214, 113, 27, 48, 144,
       76, 104, 110, 224, 240, 249, 46, 231, 255, 5, 4, 74, 115, 70, 227,
       240, 40, 223, 116, 10, 200, 65, 82, 160, 151, 164, 24, 51, 183,
       64, 59, 38, 246, 108, 8, 40, 79, 162, 32, 209, 227, 116, 56, 96,
       160, 38, 106, 240, 34, 254, 112, 10, 233, 81, 87, 162, 183, 164,
       152, 55, 135, 64, 27, 35, 182, 76, 24, 26, 79, 162, 0, 217, 193,
       112, 121, 224, 128, 134, 106, 76, 112, 189, 80, 105, 92, 49, 0,
       235, 219, 37, 24, 158, 151, 77, 59, 129, 85, 96, 18, 3, 102, 250,
       64, 71, 155, 85, 46, 194, 113, 71, 163, 100, 103, 185, 71, 112,
       15, 71, 184, 96, 172, 47, 72, 211, 119, 201, 50, 16, 212, 68, 106,
       72, 240, 249, 12, 109, 156, 37, 52, 64, 179, 70, 161, 202, 228,
       156, 176, 137, 253, 20, 143, 187, 63, 160, 25, 142, 187, 74, 155,
       129, 83, 233, 16, 126, 77, 219, 51, 203, 211, 85, 127, 130, 84,
       143, 26, 21, 143, 73, 103, 176, 42, 110, 191, 116, 2, 106, 196,
       243, 99, 153, 112, 51, 206, 44, 46, 105, 176, 77, 47, 236, 174,
       37, 4, 108, 242, 208, 40, 252, 164, 156, 112, 169, 105, 81, 143,
       179, 191, 173, 25, 158, 179, 74, 27, 129, 151, 237, 16, 58, 79,
       218, 18, 219, 211, 117, 127, 160, 64, 142, 67, 81, 31, 29, 101,
       176, 46, 71, 53, 96, 168, 170, 76, 243, 51, 128, 115, 20, 230,
       108, 110, 249, 169, 241, 12, 224, 235, 101, 16, 104, 242, 194, 41,
       249, 190, 190, 50, 169, 173, 93, 215, 179, 251, 180, 185, 63, 247,
       66, 27, 135, 247, 253, 28, 186, 79, 202, 48, 219, 219, 117, 249,
       226, 212, 142, 75, 120, 48, 187, 112, 51, 237, 81, 82, 235, 29,
       46, 24, 54, 151, 0, 56, 163, 56, 76, 16, 2, 105, 178, 17, 211,
       253, 48, 123, 194, 0, 71, 107, 213, 93, 223, 118, 10, 78, 71, 185,
       240, 242, 166, 88, 119, 119, 137, 123, 34, 244, 108, 106, 105, 71,
       187, 42, 241, 235, 101, 28, 104, 240, 194, 49, 93, 39, 212, 71,
       145, 62, 106, 24, 97, 162, 175, 68, 203, 99, 159, 254, 51, 196,
       108, 254, 189, 208, 253, 14, 174, 255, 5, 84, 170, 243, 74, 36,
       69, 166, 197, 7, 188, 42, 234, 152, 126, 254, 27, 253, 208, 96,
       221, 142, 23, 68, 106, 127, 179, 240, 237, 34, 12, 46, 37, 196,
       204, 255, 81, 229, 101, 181, 149, 114, 141, 173, 69, 143, 127,
       187, 169, 88, 214, 115, 76, 62, 153, 210, 108, 16, 27, 107, 219,
       53, 153, 158, 85, 126, 208, 72, 194, 35, 252, 76, 220, 118, 168,
       106, 85, 172, 176, 178, 166, 24, 215, 99, 9, 91, 3, 215, 108, 106,
       104, 103, 203, 42, 243, 235, 117, 21, 96, 241, 78, 34, 220, 141,
       30, 247, 144, 106, 87, 175, 52, 178, 174, 16, 119, 115, 0, 83,
       113, 246, 109, 162, 120, 201, 89, 46, 249, 227, 101, 81, 160, 112,
       164, 42, 228, 197, 45, 111, 152, 79, 71, 184, 84, 166, 171, 13,
       211, 37, 9, 83, 80, 196, 104, 110, 105, 102, 121, 31, 225, 170,
       69, 20, 112, 187, 68, 114, 192, 172, 157, 250, 200, 237, 21, 143,
       190, 55, 32, 24, 182, 179, 64, 91, 129, 123, 107, 24, 50, 76, 218,
       49, 205, 162, 116, 120, 144, 64, 135, 170, 100, 119, 117, 103, 49,
       95, 118, 56, 113, 168, 235, 72, 195, 105, 29, 50, 152, 212, 108,
       98, 232, 240, 217, 14, 231, 255, 69, 21, 74, 243, 70, 18, 244,
       253, 253, 70, 184, 111, 71, 190, 113, 230, 174, 24, 115, 117, 133,
       54, 21, 214, 76, 42, 249, 43, 249, 46, 249, 190, 5, 52, 227, 250,
       198, 121, 124, 69, 150, 190, 11, 74, 22, 232, 177, 134, 235, 9,
       110, 227, 41, 215, 208, 117, 232, 98, 108, 67, 138, 170, 179, 246,
       69, 27, 50, 127, 46, 2, 197, 186, 157, 81, 232, 109, 33, 155, 254,
       243, 34, 116, 148, 182, 192, 123, 7, 86, 106, 24, 179, 76, 251,
       80, 77, 131, 119, 68, 136, 192, 131, 177, 76, 97, 121, 103, 50,
       10, 127, 184, 45, 164, 111, 136, 223, 71, 137, 48, 22, 93, 125,
       238, 64, 144, 249, 76, 231, 253, 33, 4, 98, 179, 7, 96, 248, 180,
       189, 112, 138, 233, 81, 87, 178, 23, 164, 56, 55, 183, 64, 27, 7,
       183, 108, 16, 58, 111, 178, 19, 217, 227, 116, 121, 224, 192, 134,
       107, 120, 172, 159, 114, 172, 236, 81, 215, 178, 27, 164, 24, 55,
       243, 64, 59, 161, 230, 125, 24, 58, 79, 186, 49, 219, 235, 116,
       121, 224, 192, 206, 106, 208, 184, 159, 112, 168, 237, 81, 151,
       230, 123, 166, 24, 183, 247, 64, 59, 129, 183, 108, 16, 59, 109,
       211, 49, 217, 227, 116, 121, 224, 192, 135, 42, 108, 245, 41, 107,
       153, 77, 71, 168, 19, 28, 173, 8, 242, 119, 73, 16, 217, 90, 120,
       106, 75, 66, 251, 55, 239, 255, 133, 124, 82, 51, 70, 114, 109,
       245, 57, 103, 113, 78, 119, 184, 121, 236, 111, 12, 222, 113, 9,
       48, 144, 92, 104, 106, 225, 240, 249, 110, 239, 255, 5, 4, 66, 51,
       71, 99, 240, 104, 255, 112, 10, 232, 81, 83, 178, 151, 164, 24,
       55, 199, 64, 27, 35, 244, 109, 24, 42, 79, 162, 32, 217, 195, 117,
       56, 224, 192, 38, 98, 77, 112, 149, 69, 105, 92, 53, 0, 233, 218,
       37, 8, 158, 150, 77, 63, 128, 84, 96, 74, 65, 96, 242, 64, 71,
       184, 65, 46, 74, 51, 67, 167, 101, 103, 81, 71, 48, 79, 103, 184,
       113, 168, 107, 72, 211, 117, 141, 52, 16, 92, 68, 106, 73, 240,
       233, 14, 37, 156, 37, 52, 66, 187, 70, 32, 245, 120, 223, 118, 40,
       76, 69, 148, 240, 186, 166, 88, 115, 55, 193, 123, 0, 244, 108,
       106, 105, 103, 187, 34, 211, 235, 117, 56, 104, 241, 70, 57, 246,
       174, 214, 114, 169, 173, 92, 151, 187, 187, 176, 89, 175, 227, 64,
