%YAML:1.0
---
descriptors: !!opencv-matrix
   rows: 276
   cols: 32
   dt: u
   data: [ 120, 184, 251, 112, 186, 233, 81, 87, 163, 21, 172, 56, 55,
       183, 64, 50, 35, 178, 108, 24, 26, 107, 162, 49, 219, 199, 52,
       123, 226, 128, 198, 107, 108, 229, 189, 106, 137, 77, 87, 136, 98,
       63, 173, 24, 214, 117, 73, 59, 153, 82, 96, 122, 90, 98, 251, 51,
       237, 155, 69, 127, 210, 83, 198, 98, 77, 117, 17, 69, 85, 94, 230,
       184, 121, 232, 106, 72, 222, 49, 5, 180, 144, 92, 80, 106, 193,
       240, 249, 78, 37, 188, 5, 6, 74, 51, 67, 176, 13, 95, 31, 103,
       176, 14, 111, 188, 116, 234, 94, 100, 247, 115, 137, 112, 54, 110,
       60, 110, 225, 144, 125, 47, 228, 175, 39, 128, 42, 243, 129, 57,
       117, 221, 125, 103, 176, 78, 79, 188, 97, 232, 190, 64, 115, 119,
       137, 114, 84, 212, 124, 106, 233, 161, 121, 46, 227, 239, 37, 148,
       104, 243, 192, 57, 253, 112, 249, 103, 104, 77, 87, 152, 99, 250,
       165, 24, 83, 93, 77, 59, 144, 212, 116, 122, 201, 102, 251, 0, 87,
       217, 101, 52, 233, 251, 70, 115, 252, 112, 189, 115, 40, 109, 83,
       152, 242, 251, 165, 24, 215, 215, 73, 58, 145, 220, 124, 90, 43,
       103, 251, 34, 195, 219, 101, 60, 192, 243, 70, 115, 124, 172, 252,
       114, 153, 109, 83, 158, 211, 183, 172, 24, 83, 241, 75, 26, 9,
       214, 236, 24, 58, 103, 218, 34, 219, 207, 85, 61, 227, 249, 198,
       34, 232, 177, 189, 123, 141, 221, 85, 47, 207, 59, 165, 24, 190,
       61, 72, 51, 137, 146, 253, 0, 122, 105, 251, 149, 207, 219, 84,
       127, 210, 72, 198, 106, 252, 98, 252, 118, 168, 45, 85, 222, 178,
       190, 165, 24, 83, 247, 73, 31, 9, 214, 109, 10, 104, 103, 234, 34,
       219, 203, 117, 60, 226, 241, 198, 35, 224, 188, 157, 219, 204,
       237, 5, 143, 218, 27, 161, 24, 182, 211, 72, 123, 129, 82, 106,
       10, 51, 111, 218, 51, 205, 176, 80, 120, 216, 89, 199, 42, 69, 71,
       149, 71, 160, 46, 110, 152, 126, 170, 43, 68, 222, 98, 201, 122,
       183, 68, 108, 126, 165, 240, 233, 74, 172, 190, 103, 4, 200, 243,
       1, 5, 96, 245, 17, 99, 189, 77, 68, 175, 111, 57, 41, 88, 214, 51,
       76, 240, 145, 151, 104, 16, 91, 104, 219, 19, 173, 222, 21, 126,
       208, 72, 196, 42, 230, 229, 214, 255, 252, 15, 254, 232, 63, 170,
       251, 2, 236, 234, 29, 65, 255, 239, 110, 227, 96, 247, 203, 255,
       188, 254, 207, 150, 213, 251, 227, 129, 100, 101, 59, 116, 93,
       198, 163, 224, 240, 128, 225, 8, 212, 211, 41, 49, 216, 124, 82,
       234, 65, 243, 186, 76, 117, 170, 131, 12, 64, 51, 103, 160, 21,
       69, 125, 103, 22, 79, 71, 56, 116, 160, 239, 8, 83, 49, 9, 112,
       48, 212, 8, 106, 105, 176, 121, 30, 245, 174, 5, 20, 112, 187, 64,
       32, 124, 180, 221, 118, 169, 244, 81, 158, 179, 247, 165, 24, 127,
       247, 74, 59, 129, 246, 236, 16, 63, 71, 186, 51, 219, 203, 85,
       123, 162, 225, 142, 114, 76, 37, 120, 103, 114, 10, 127, 24, 57,
       164, 103, 169, 223, 23, 202, 16, 22, 221, 253, 110, 96, 208, 233,
       78, 231, 255, 33, 133, 98, 183, 7, 226, 84, 189, 191, 114, 139,
       232, 21, 199, 178, 151, 172, 24, 54, 247, 64, 58, 129, 119, 233,
       16, 26, 75, 186, 35, 219, 199, 84, 123, 192, 64, 167, 106, 237,
       75, 68, 7, 228, 26, 110, 168, 113, 162, 115, 204, 195, 96, 157,
       151, 18, 68, 108, 110, 236, 244, 205, 40, 38, 58, 101, 4, 78, 183,
       218, 4, 40, 173, 144, 62, 217, 221, 22, 175, 159, 53, 168, 9, 174,
       251, 64, 144, 129, 123, 226, 66, 54, 42, 90, 55, 239, 215, 20, 59,
       210, 29, 143, 138, 77, 117, 181, 103, 53, 78, 119, 184, 105, 232,
       43, 12, 222, 117, 9, 50, 144, 84, 124, 106, 161, 240, 249, 46,
       237, 255, 5, 4, 66, 115, 70, 115, 69, 245, 185, 99, 180, 111, 71,
       136, 122, 249, 15, 8, 214, 113, 73, 58, 145, 92, 120, 122, 19,
       112, 249, 18, 237, 223, 5, 116, 200, 123, 211, 34, 69, 117, 28,
       103, 97, 15, 119, 184, 105, 168, 47, 76, 214, 115, 9, 16, 144, 68,
       108, 110, 65, 240, 217, 46, 231, 223, 69, 22, 72, 115, 67, 3, 124,
       49, 17, 97, 49, 94, 82, 72, 105, 232, 173, 40, 158, 23, 5, 176,
       144, 157, 68, 114, 9, 178, 241, 12, 243, 253, 1, 54, 74, 34, 75,
       179, 13, 117, 180, 103, 177, 127, 247, 184, 123, 234, 47, 12, 222,
       112, 77, 182, 145, 92, 112, 106, 37, 240, 249, 10, 111, 223, 5,
       54, 202, 115, 75, 150, 240, 188, 222, 114, 168, 173, 85, 223, 178,
       63, 164, 29, 55, 243, 74, 27, 9, 146, 109, 24, 58, 111, 218, 51,
       219, 203, 117, 121, 232, 192, 206, 11, 248, 170, 248, 120, 168,
       233, 81, 23, 195, 63, 180, 56, 51, 147, 66, 27, 9, 178, 205, 24,
       58, 111, 226, 17, 219, 201, 112, 121, 241, 200, 198, 43, 69, 113,
       145, 70, 233, 92, 55, 136, 233, 216, 45, 8, 158, 214, 77, 62, 128,
       85, 96, 82, 65, 98, 186, 96, 71, 152, 69, 46, 202, 115, 67, 167,
       116, 213, 149, 102, 139, 102, 22, 168, 179, 178, 171, 8, 86, 119,
       73, 119, 145, 213, 120, 98, 105, 67, 187, 46, 185, 166, 69, 62,
       136, 115, 6, 50, 248, 184, 247, 112, 171, 236, 81, 215, 179, 31,
       164, 56, 47, 183, 64, 30, 39, 191, 237, 16, 58, 79, 178, 179, 219,
       243, 80, 123, 226, 196, 134, 107, 236, 124, 189, 103, 173, 111,
       71, 152, 83, 190, 167, 24, 211, 117, 73, 59, 145, 84, 108, 122,
       105, 100, 249, 42, 239, 219, 101, 53, 194, 251, 86, 34, 93, 95,
       23, 103, 176, 30, 111, 184, 117, 234, 126, 68, 215, 115, 129, 116,
       22, 100, 124, 110, 233, 144, 125, 46, 226, 239, 37, 132, 106, 243,
       64, 49, 37, 241, 17, 67, 213, 95, 230, 168, 106, 240, 43, 72, 210,
       80, 77, 180, 153, 76, 80, 122, 65, 112, 249, 28, 45, 156, 5, 118,
       200, 59, 74, 164, 60, 52, 185, 99, 141, 111, 83, 216, 75, 255,
       189, 24, 223, 127, 73, 58, 153, 220, 92, 58, 11, 100, 249, 16,
       203, 221, 37, 125, 194, 123, 70, 114, 252, 34, 252, 118, 168, 109,
       85, 223, 179, 191, 165, 24, 83, 231, 73, 27, 1, 214, 237, 26, 104,
       103, 235, 34, 219, 203, 117, 61, 226, 241, 198, 99, 216, 184, 190,
       112, 40, 205, 81, 87, 179, 255, 164, 25, 55, 151, 66, 27, 163,
       186, 237, 16, 58, 79, 178, 17, 219, 193, 112, 121, 226, 192, 6,
       123, 104, 248, 188, 254, 141, 221, 85, 143, 219, 53, 164, 24, 190,
       189, 66, 58, 201, 178, 249, 16, 74, 107, 242, 177, 251, 219, 84,
       59, 210, 88, 214, 106, 221, 38, 156, 180, 168, 56, 92, 138, 250,
       190, 170, 249, 215, 226, 195, 91, 131, 231, 108, 28, 60, 71, 207,
       2, 218, 227, 119, 61, 160, 241, 11, 1, 77, 206, 124, 107, 176, 63,
       83, 190, 118, 191, 62, 124, 211, 112, 139, 113, 23, 198, 12, 60,
       174, 244, 109, 63, 238, 207, 37, 116, 248, 249, 72, 1, 102, 229,
       182, 159, 221, 79, 254, 237, 63, 162, 234, 10, 236, 254, 29, 64,
       249, 223, 251, 227, 98, 243, 219, 255, 189, 190, 143, 27, 17, 126,
       115, 154, 125, 69, 87, 102, 28, 78, 71, 168, 97, 164, 235, 8, 83,
       115, 9, 115, 48, 212, 108, 106, 104, 161, 121, 45, 241, 233, 69,
       20, 97, 179, 70, 32, 97, 245, 17, 97, 249, 77, 68, 175, 123, 57,
       40, 88, 214, 18, 76, 240, 145, 27, 104, 48, 91, 104, 219, 23, 173,
       156, 21, 126, 88, 8, 194, 46, 128, 168, 157, 254, 136, 232, 21,
       135, 150, 23, 96, 16, 183, 243, 96, 90, 193, 122, 104, 16, 50,
       204, 202, 51, 201, 166, 117, 120, 144, 72, 135, 170, 116, 188,
       189, 118, 168, 224, 81, 142, 187, 255, 168, 57, 119, 255, 77, 59,
       131, 247, 109, 16, 26, 71, 170, 49, 219, 243, 117, 255, 128, 113,
       134, 115, 166, 62, 184, 114, 233, 173, 18, 158, 155, 191, 188, 61,
       174, 185, 71, 26, 143, 91, 229, 80, 54, 106, 202, 50, 78, 215, 21,
       123, 210, 89, 78, 139, 36, 97, 120, 103, 116, 11, 126, 40, 105,
       160, 107, 9, 215, 73, 29, 16, 146, 76, 81, 111, 68, 176, 201, 14,
       102, 253, 1, 5, 100, 179, 90, 2, 92, 101, 112, 103, 113, 27, 126,
       184, 49, 160, 127, 8, 219, 27, 200, 176, 58, 220, 213, 234, 72,
       208, 201, 78, 103, 207, 33, 133, 99, 179, 78, 162, 1, 124, 115,
       77, 82, 94, 227, 48, 104, 64, 106, 72, 242, 18, 133, 52, 50, 116,
