%YAML:1.0
---
descriptors: !!opencv-matrix
   rows: 353
   cols: 32
   dt: u
   data: [ 180, 185, 122, 239, 246, 139, 255, 252, 117, 168, 245, 42,
       123, 217, 185, 113, 126, 251, 23, 243, 248, 179, 40, 253, 250,
       201, 167, 164, 117, 187, 242, 129, 157, 196, 126, 255, 44, 15,
       127, 248, 164, 186, 247, 18, 215, 75, 152, 107, 111, 197, 127,
       234, 232, 245, 105, 191, 246, 235, 239, 148, 117, 187, 97, 161,
       200, 182, 156, 48, 168, 77, 81, 159, 50, 63, 165, 61, 223, 247,
       74, 27, 151, 151, 237, 48, 58, 68, 219, 19, 203, 211, 117, 117,
       200, 192, 142, 83, 232, 188, 188, 250, 173, 253, 93, 158, 255,
       155, 180, 24, 254, 255, 92, 59, 133, 115, 255, 9, 178, 111, 250,
       243, 203, 219, 117, 122, 210, 80, 199, 59, 130, 172, 246, 159,
       236, 187, 252, 239, 191, 243, 242, 155, 236, 238, 116, 123, 255,
       255, 127, 149, 186, 255, 171, 255, 190, 58, 223, 202, 149, 252,
       225, 221, 213, 93, 61, 231, 184, 78, 79, 188, 36, 170, 158, 96,
       247, 119, 137, 114, 22, 214, 125, 106, 233, 144, 121, 46, 233,
       239, 39, 148, 32, 243, 128, 51, 84, 81, 61, 103, 40, 78, 79, 184,
       32, 232, 175, 8, 215, 119, 73, 115, 20, 212, 125, 106, 73, 208,
       249, 40, 229, 233, 101, 52, 40, 243, 70, 49, 3, 188, 255, 251,
       238, 253, 253, 223, 191, 95, 188, 183, 191, 255, 246, 122, 239,
       243, 127, 149, 191, 111, 250, 243, 223, 223, 255, 233, 181, 200,
       229, 251, 240, 168, 251, 112, 138, 232, 81, 83, 178, 55, 164, 24,
       51, 135, 64, 27, 33, 182, 69, 24, 58, 79, 162, 3, 217, 128, 48,
       120, 224, 128, 134, 106, 109, 103, 16, 7, 116, 31, 102, 56, 121,
       168, 107, 76, 215, 64, 159, 180, 144, 76, 68, 110, 197, 240, 217,
       14, 36, 252, 33, 4, 74, 179, 74, 132, 197, 84, 149, 119, 168, 110,
       102, 184, 184, 250, 43, 80, 214, 115, 9, 251, 145, 86, 108, 106,
       97, 196, 251, 42, 133, 174, 101, 20, 136, 115, 195, 49, 118, 229,
       18, 158, 25, 133, 22, 232, 191, 128, 169, 9, 230, 242, 105, 148,
       216, 233, 202, 67, 78, 67, 218, 255, 185, 22, 13, 59, 80, 63, 47,
       6, 40, 180, 57, 112, 25, 237, 81, 87, 251, 45, 108, 24, 178, 149,
       0, 48, 129, 58, 64, 24, 26, 105, 242, 23, 203, 223, 16, 122, 194,
       8, 198, 235, 72, 48, 157, 229, 34, 76, 113, 16, 173, 217, 38, 40,
       223, 23, 64, 123, 38, 212, 124, 88, 3, 80, 241, 64, 197, 233, 112,
       0, 40, 128, 7, 51, 252, 181, 253, 114, 168, 237, 71, 220, 246, 31,
       173, 24, 83, 247, 200, 59, 35, 210, 108, 90, 58, 103, 186, 51,
       251, 203, 117, 92, 225, 211, 198, 97, 77, 116, 189, 71, 113, 110,
       115, 184, 121, 232, 111, 8, 222, 55, 13, 54, 144, 92, 120, 106,
       129, 240, 249, 8, 103, 255, 5, 4, 66, 115, 71, 242, 244, 170, 252,
       82, 203, 249, 85, 207, 227, 55, 164, 26, 2, 252, 70, 27, 169, 210,
       232, 16, 58, 111, 250, 49, 27, 131, 85, 127, 225, 72, 198, 106,
       69, 113, 17, 69, 17, 79, 119, 40, 104, 224, 99, 8, 214, 16, 9, 48,
       144, 92, 64, 106, 65, 176, 249, 12, 229, 152, 1, 22, 72, 51, 67,
       34, 229, 183, 236, 103, 180, 47, 103, 184, 122, 250, 119, 124,
       211, 113, 219, 43, 19, 78, 116, 126, 177, 240, 253, 46, 110, 171,
       101, 228, 236, 251, 216, 33, 228, 69, 124, 103, 160, 74, 111, 184,
       121, 162, 103, 8, 215, 115, 9, 115, 18, 212, 104, 106, 96, 240,
       217, 14, 229, 187, 69, 20, 96, 242, 66, 32, 64, 173, 157, 251,
       200, 237, 5, 142, 190, 51, 40, 24, 182, 243, 64, 122, 129, 114,
       106, 24, 51, 104, 218, 49, 237, 182, 84, 56, 144, 81, 135, 170,
       244, 52, 149, 242, 169, 44, 80, 26, 187, 187, 163, 88, 214, 243,
       73, 187, 137, 214, 108, 16, 57, 103, 219, 2, 139, 211, 117, 126,
       192, 97, 66, 3, 209, 152, 158, 184, 172, 173, 49, 87, 238, 95,
       176, 61, 182, 250, 226, 123, 167, 35, 94, 21, 183, 109, 242, 49,
       216, 131, 122, 122, 216, 72, 131, 91, 209, 168, 222, 24, 138, 253,
       88, 199, 234, 83, 164, 24, 183, 210, 70, 123, 163, 163, 120, 152,
       31, 79, 246, 113, 155, 155, 94, 121, 200, 64, 171, 12, 221, 124,
       158, 54, 168, 45, 84, 244, 178, 218, 167, 29, 119, 243, 67, 27,
       163, 231, 108, 78, 45, 103, 154, 34, 251, 235, 117, 24, 232, 115,
       138, 83, 144, 168, 253, 55, 148, 106, 225, 175, 114, 243, 34, 18,
       247, 121, 16, 43, 59, 103, 104, 49, 57, 252, 221, 44, 205, 162,
       117, 84, 229, 104, 213, 170, 245, 108, 172, 182, 140, 108, 77,
       151, 178, 250, 134, 25, 247, 253, 83, 59, 129, 230, 125, 25, 56,
       69, 251, 42, 249, 227, 253, 57, 160, 121, 214, 122, 193, 136, 188,
       91, 169, 189, 17, 143, 207, 119, 164, 24, 190, 208, 70, 127, 133,
       2, 104, 28, 183, 109, 251, 49, 139, 251, 84, 122, 208, 72, 129,
       108, 246, 174, 188, 222, 139, 96, 85, 239, 187, 191, 164, 185,
       102, 231, 70, 27, 129, 247, 237, 16, 58, 79, 170, 115, 219, 242,
       85, 191, 128, 97, 134, 103, 109, 117, 245, 71, 52, 95, 70, 184,
       123, 226, 59, 108, 219, 120, 153, 180, 23, 84, 244, 106, 237, 240,
       125, 142, 46, 254, 69, 20, 78, 191, 82, 53, 69, 49, 25, 101, 1,
       78, 115, 56, 104, 232, 107, 72, 214, 19, 9, 48, 144, 85, 84, 106,
       1, 240, 249, 76, 229, 184, 33, 4, 72, 35, 3, 35, 69, 119, 16, 7,
       178, 14, 47, 184, 124, 224, 107, 236, 222, 114, 137, 52, 54, 93,
       74, 98, 229, 208, 221, 78, 172, 54, 15, 6, 72, 179, 11, 21, 36,
       199, 249, 75, 56, 79, 71, 184, 86, 36, 239, 204, 211, 101, 137,
       80, 85, 220, 44, 106, 234, 176, 105, 31, 237, 158, 37, 52, 112,
       251, 68, 96, 221, 207, 78, 79, 130, 26, 103, 172, 116, 166, 103,
       130, 67, 98, 155, 213, 114, 236, 40, 238, 105, 212, 173, 47, 166,
       235, 229, 5, 46, 179, 104, 36, 196, 110, 135, 151, 192, 42, 38,
       156, 50, 178, 131, 244, 209, 98, 193, 219, 113, 230, 104, 250, 49,
       212, 205, 34, 252, 34, 231, 68, 168, 243, 163, 33, 44, 103, 113,
       103, 244, 91, 118, 184, 121, 232, 127, 8, 203, 109, 157, 52, 154,
       92, 108, 106, 236, 240, 237, 174, 231, 255, 37, 5, 66, 243, 70,
       165, 248, 168, 158, 248, 140, 233, 81, 87, 227, 83, 164, 24, 55,
       147, 98, 123, 1, 178, 109, 24, 26, 111, 130, 17, 219, 193, 112,
       121, 178, 200, 134, 43, 209, 142, 207, 125, 180, 170, 109, 151,
       118, 75, 122, 116, 243, 97, 144, 121, 17, 110, 44, 28, 185, 252,
       109, 62, 236, 175, 116, 192, 232, 224, 208, 41, 188, 212, 126,
       255, 46, 11, 255, 248, 180, 186, 247, 50, 223, 95, 25, 67, 126,
       245, 95, 235, 232, 245, 73, 190, 246, 235, 239, 148, 53, 187, 113,
       129, 8, 237, 24, 51, 217, 201, 54, 174, 43, 53, 44, 9, 174, 55,
       66, 16, 129, 91, 193, 64, 66, 72, 202, 55, 239, 215, 21, 123, 80,
       17, 143, 138, 72, 165, 24, 112, 217, 201, 53, 142, 59, 53, 44, 25,
       46, 23, 74, 16, 129, 27, 193, 16, 82, 72, 139, 119, 239, 213, 21,
       127, 64, 16, 143, 138, 220, 48, 188, 241, 172, 108, 93, 31, 187,
       251, 183, 48, 223, 255, 202, 123, 135, 23, 125, 57, 184, 69, 243,
       192, 219, 251, 127, 220, 134, 224, 135, 115, 216, 188, 189, 240,
       169, 237, 93, 159, 187, 127, 180, 61, 191, 191, 74, 59, 135, 211,
       253, 16, 187, 79, 251, 49, 219, 219, 124, 255, 178, 68, 135, 123,
       236, 188, 180, 251, 173, 189, 92, 159, 255, 187, 180, 24, 254,
       249, 93, 27, 141, 98, 127, 24, 178, 109, 250, 243, 207, 219, 87,
       126, 210, 216, 210, 11, 166, 172, 166, 222, 236, 175, 236, 223,
       191, 187, 242, 24, 234, 233, 124, 75, 217, 239, 127, 145, 186,
       255, 203, 243, 159, 219, 223, 248, 210, 216, 242, 136, 134, 172,
       246, 223, 238, 43, 252, 207, 63, 179, 242, 154, 236, 239, 28, 89,
       255, 239, 127, 145, 178, 255, 207, 247, 158, 58, 223, 220, 135,
       248, 225, 137, 162, 172, 254, 191, 236, 171, 252, 239, 191, 179,
       242, 154, 245, 238, 116, 91, 255, 239, 127, 145, 178, 255, 143,
       243, 156, 191, 255, 200, 149, 120, 225, 137, 144, 172, 255, 191,
       254, 171, 253, 255, 190, 179, 250, 146, 247, 239, 112, 91, 255,
       255, 127, 153, 178, 255, 203, 51, 220, 167, 255, 192, 165, 216,
