%YAML:1.0
---
descriptors: !!opencv-matrix
   rows: 241
   cols: 32
   dt: u
   data: [ 93, 93, 125, 103, 176, 78, 79, 188, 97, 232, 255, 72, 215,
       119, 137, 112, 54, 212, 92, 106, 233, 144, 121, 46, 227, 239, 37,
       148, 106, 243, 192, 49, 252, 108, 252, 118, 141, 105, 85, 159,
       211, 182, 180, 24, 83, 229, 73, 31, 9, 214, 108, 26, 104, 103,
       251, 34, 251, 203, 117, 61, 227, 249, 198, 42, 248, 180, 253, 112,
       168, 253, 81, 159, 178, 255, 164, 24, 27, 183, 66, 59, 1, 214,
       253, 24, 58, 79, 250, 49, 219, 235, 117, 121, 226, 192, 198, 123,
       69, 178, 148, 211, 169, 60, 32, 155, 234, 187, 163, 84, 220, 242,
       204, 254, 133, 71, 108, 24, 147, 65, 203, 96, 140, 186, 95, 126,
       136, 97, 139, 5, 93, 221, 57, 239, 176, 110, 79, 184, 116, 168,
       255, 96, 247, 119, 137, 112, 22, 214, 92, 106, 233, 144, 121, 62,
       227, 239, 37, 148, 32, 243, 132, 49, 252, 188, 253, 118, 168, 109,
       85, 191, 178, 190, 172, 24, 83, 119, 73, 31, 9, 214, 108, 42, 120,
       71, 251, 42, 249, 203, 101, 60, 226, 240, 198, 98, 20, 253, 153,
       239, 180, 46, 79, 188, 54, 168, 255, 64, 247, 119, 137, 80, 87,
       94, 29, 106, 121, 144, 105, 63, 233, 237, 39, 148, 160, 243, 129,
       33, 172, 48, 189, 115, 173, 109, 81, 152, 123, 255, 37, 24, 222,
       93, 73, 59, 145, 80, 125, 58, 59, 100, 251, 16, 207, 219, 81, 127,
       194, 107, 70, 243, 132, 188, 153, 191, 180, 42, 111, 190, 62, 171,
       127, 48, 247, 247, 72, 64, 119, 95, 63, 138, 122, 220, 203, 59,
       236, 231, 191, 132, 164, 243, 161, 161, 228, 172, 254, 191, 236,
       171, 236, 239, 190, 179, 242, 18, 245, 234, 92, 75, 239, 239, 127,
       147, 178, 111, 203, 243, 252, 175, 255, 252, 149, 121, 227, 128,
       117, 13, 93, 101, 184, 46, 71, 180, 232, 160, 171, 72, 215, 115,
       1, 115, 2, 212, 124, 106, 105, 160, 121, 44, 229, 235, 101, 16,
       96, 243, 64, 32, 232, 181, 188, 251, 189, 253, 85, 47, 223, 59,
       173, 24, 190, 189, 72, 57, 201, 146, 251, 0, 58, 106, 242, 151,
       239, 223, 84, 123, 210, 72, 198, 42, 244, 84, 189, 116, 168, 46,
       85, 182, 160, 186, 182, 56, 87, 119, 1, 91, 135, 247, 109, 34,
       104, 69, 203, 32, 211, 235, 117, 152, 32, 241, 134, 59, 214, 236,
       214, 191, 252, 171, 254, 254, 191, 179, 250, 58, 238, 250, 157,
       75, 255, 239, 127, 243, 106, 247, 203, 255, 190, 254, 95, 190,
       229, 121, 243, 139, 232, 125, 182, 252, 157, 237, 84, 231, 223,
       138, 172, 24, 170, 251, 36, 17, 201, 242, 251, 64, 122, 107, 210,
       191, 251, 255, 214, 59, 210, 88, 214, 10, 69, 249, 149, 87, 137,
       12, 103, 184, 234, 240, 43, 76, 254, 113, 73, 54, 145, 70, 104,
       90, 195, 112, 219, 49, 45, 190, 69, 102, 200, 51, 67, 42, 77, 113,
       24, 69, 5, 14, 98, 48, 104, 232, 103, 76, 214, 17, 1, 176, 144,
       68, 104, 110, 193, 240, 209, 12, 197, 185, 1, 20, 74, 35, 75, 3,
       84, 37, 189, 114, 155, 233, 17, 203, 234, 181, 173, 24, 159, 247,
       73, 58, 163, 31, 200, 16, 50, 107, 186, 48, 219, 197, 21, 127,
       192, 65, 135, 98, 230, 44, 214, 159, 253, 47, 238, 239, 191, 187,
       251, 18, 236, 234, 20, 91, 251, 239, 127, 131, 48, 255, 203, 251,
       181, 190, 223, 184, 149, 121, 243, 129, 197, 116, 149, 103, 193,
       110, 119, 136, 120, 234, 43, 24, 222, 49, 73, 59, 145, 84, 104,
       42, 97, 244, 249, 10, 101, 158, 69, 6, 200, 115, 67, 35, 220, 174,
       156, 50, 171, 169, 20, 143, 187, 63, 164, 185, 174, 243, 74, 27,
       135, 83, 237, 16, 50, 79, 138, 51, 218, 215, 117, 127, 208, 65,
       143, 11, 105, 253, 144, 83, 217, 221, 87, 190, 251, 123, 44, 8,
       190, 181, 70, 182, 129, 122, 240, 90, 119, 104, 250, 55, 111, 223,
       21, 123, 202, 85, 203, 190, 69, 228, 189, 99, 156, 111, 103, 152,
       82, 243, 15, 88, 211, 113, 217, 42, 17, 78, 120, 126, 179, 116,
       249, 50, 237, 143, 101, 116, 200, 123, 209, 32, 220, 172, 255,
       112, 138, 232, 81, 215, 178, 183, 164, 185, 31, 183, 64, 27, 39,
       247, 237, 144, 58, 79, 170, 34, 217, 195, 117, 125, 224, 64, 134,
       106, 77, 52, 157, 229, 161, 126, 113, 27, 57, 251, 47, 84, 158,
       55, 65, 250, 133, 85, 120, 24, 49, 208, 241, 66, 207, 255, 85, 6,
       138, 96, 131, 49, 240, 48, 251, 114, 170, 233, 81, 87, 162, 191,
       165, 56, 23, 151, 64, 27, 35, 182, 108, 24, 42, 79, 162, 0, 217,
       139, 117, 120, 224, 192, 70, 99, 248, 170, 254, 120, 138, 169, 81,
       87, 178, 23, 164, 185, 39, 167, 66, 27, 35, 178, 109, 144, 58, 79,
       130, 49, 219, 195, 112, 121, 160, 192, 166, 106, 252, 164, 252,
       114, 168, 105, 85, 223, 162, 183, 165, 25, 87, 247, 72, 27, 3,
       214, 109, 24, 58, 71, 234, 16, 219, 195, 117, 125, 224, 208, 134,
       98, 248, 173, 148, 58, 169, 185, 80, 143, 187, 53, 169, 25, 175,
       251, 74, 154, 129, 227, 237, 17, 62, 75, 202, 51, 155, 211, 93,
       123, 146, 68, 143, 10, 61, 113, 17, 97, 17, 95, 86, 40, 97, 224,
       175, 8, 218, 17, 13, 52, 152, 156, 84, 106, 73, 178, 241, 12, 231,
       221, 1, 54, 75, 51, 74, 182, 101, 71, 196, 5, 52, 10, 98, 168,
       116, 160, 227, 224, 195, 96, 153, 212, 16, 196, 108, 110, 105,
       240, 77, 14, 164, 174, 101, 4, 108, 179, 80, 0, 69, 113, 17, 71,
       1, 78, 55, 32, 105, 192, 107, 8, 222, 86, 9, 50, 144, 117, 120,
       98, 65, 176, 177, 104, 37, 188, 0, 2, 72, 51, 99, 34, 100, 113,
       24, 97, 0, 15, 83, 24, 96, 164, 37, 8, 150, 19, 73, 48, 16, 20,
       64, 122, 8, 240, 241, 8, 199, 137, 33, 52, 72, 163, 66, 163, 240,
       174, 220, 114, 168, 173, 81, 215, 178, 191, 164, 29, 55, 227, 66,
       27, 5, 246, 77, 28, 58, 79, 202, 35, 219, 203, 117, 121, 232, 192,
       206, 171, 193, 190, 157, 23, 168, 174, 100, 159, 126, 155, 98, 84,
       244, 242, 192, 123, 133, 102, 110, 12, 179, 252, 219, 99, 12, 186,
       119, 64, 200, 80, 195, 9, 109, 117, 25, 71, 245, 15, 103, 184,
       121, 232, 111, 76, 214, 113, 9, 48, 144, 76, 112, 110, 193, 240,
       249, 14, 111, 189, 5, 4, 72, 115, 195, 176, 93, 221, 125, 103,
       176, 78, 79, 189, 101, 168, 255, 96, 215, 119, 137, 112, 22, 214,
       124, 106, 233, 144, 121, 46, 241, 239, 37, 148, 32, 243, 196, 49,
       237, 112, 189, 99, 173, 127, 81, 152, 91, 251, 53, 24, 223, 85,
       77, 59, 153, 84, 124, 122, 43, 100, 251, 16, 207, 219, 101, 125,
       194, 251, 70, 115, 252, 188, 252, 118, 169, 109, 85, 255, 179,
       190, 165, 24, 123, 247, 72, 27, 9, 214, 237, 10, 120, 79, 251, 34,
       219, 203, 117, 61, 226, 241, 198, 99, 236, 112, 189, 99, 40, 111,
       83, 152, 122, 186, 167, 24, 223, 87, 73, 59, 149, 212, 124, 122,
       41, 118, 251, 32, 207, 219, 101, 52, 192, 243, 70, 51, 228, 236,
       254, 255, 236, 169, 255, 238, 190, 179, 243, 26, 247, 234, 124,
       75, 239, 239, 127, 147, 186, 111, 203, 243, 252, 191, 255, 252,
       149, 121, 227, 129, 93, 77, 93, 101, 178, 78, 79, 180, 228, 160,
       170, 0, 215, 115, 1, 115, 50, 244, 124, 106, 105, 161, 121, 44,
       249, 235, 101, 16, 96, 178, 64, 40, 198, 236, 254, 223, 238, 169,
       254, 238, 191, 179, 243, 26, 206, 234, 124, 91, 255, 231, 127,
       147, 178, 127, 203, 243, 190, 187, 255, 220, 181, 249, 227, 129,
       198, 236, 246, 215, 236, 171, 254, 254, 191, 178, 251, 26, 239,
       234, 93, 75, 255, 231, 127, 147, 186, 247, 203, 255, 190, 250,
       223, 158, 165, 249, 227, 137, 104, 180, 188, 251, 173, 253, 81,
       63, 127, 59, 173, 24, 222, 57, 72, 58, 153, 18, 253, 16, 58, 106,
       251, 147, 207, 223, 81, 127, 210, 72, 198, 34, 252, 26, 159, 244,
       169, 44, 84, 150, 162, 186, 178, 120, 95, 247, 65, 91, 135, 247,
       237, 2, 104, 71, 202, 32, 211, 235, 117, 152, 226, 112, 130, 43,
       216, 78, 95, 180, 168, 42, 76, 167, 160, 182, 162, 153, 255, 99,
       1, 219, 35, 231, 109, 42, 104, 69, 131, 45, 242, 227, 127, 17, 32,
       240, 135, 8, 102, 229, 166, 238, 221, 15, 238, 232, 127, 162, 233,
       10, 202, 234, 61, 80, 249, 207, 123, 227, 104, 115, 219, 254, 191,
       254, 135, 60, 209, 123, 242, 130, 141, 55, 49, 71, 240, 15, 55,
