%YAML:1.0
---
descriptors: !!opencv-matrix
   rows: 298
   cols: 32
   dt: u
   data: [ 36, 245, 113, 67, 85, 79, 103, 168, 123, 248, 47, 8, 214, 117,
       77, 52, 145, 92, 80, 106, 65, 240, 249, 62, 111, 156, 5, 54, 66,
       59, 70, 162, 5, 223, 223, 151, 160, 14, 111, 188, 126, 234, 90,
       228, 245, 98, 152, 96, 55, 111, 54, 238, 225, 216, 205, 127, 236,
       175, 111, 132, 140, 243, 129, 185, 120, 176, 249, 112, 168, 205,
       81, 87, 162, 253, 164, 24, 23, 151, 66, 58, 1, 150, 109, 24, 27,
       79, 178, 0, 219, 233, 113, 121, 226, 128, 198, 115, 93, 93, 125,
       239, 176, 14, 79, 188, 100, 170, 255, 64, 247, 119, 137, 112, 54,
       214, 28, 106, 233, 176, 121, 46, 227, 239, 37, 148, 96, 243, 192,
       49, 252, 188, 253, 118, 184, 110, 69, 191, 178, 191, 164, 24, 115,
       119, 73, 27, 1, 214, 108, 42, 56, 79, 251, 47, 251, 235, 117, 60,
       224, 240, 198, 107, 28, 223, 89, 231, 180, 111, 79, 188, 52, 234,
       254, 100, 247, 115, 137, 112, 87, 206, 93, 106, 249, 144, 121, 63,
       233, 239, 167, 148, 40, 243, 192, 49, 172, 180, 188, 99, 173, 109,
       83, 152, 91, 255, 165, 24, 223, 93, 75, 59, 145, 80, 220, 50, 59,
       102, 251, 18, 207, 223, 65, 125, 210, 107, 70, 114, 254, 236, 254,
       255, 188, 187, 254, 236, 191, 178, 247, 18, 239, 235, 95, 75, 127,
       239, 255, 243, 224, 231, 203, 251, 254, 255, 207, 181, 151, 251,
       227, 138, 96, 181, 149, 249, 137, 109, 84, 143, 223, 51, 169, 24,
       150, 253, 76, 122, 129, 19, 120, 16, 27, 104, 219, 17, 143, 218,
       85, 126, 208, 72, 198, 34, 222, 237, 214, 255, 255, 171, 254, 238,
       191, 178, 251, 26, 238, 250, 125, 83, 255, 255, 255, 211, 112,
       255, 203, 255, 190, 254, 223, 158, 231, 255, 227, 129, 236, 181,
       180, 255, 173, 63, 94, 185, 127, 187, 189, 24, 251, 249, 93, 59,
       217, 215, 127, 106, 250, 103, 251, 191, 239, 219, 215, 252, 210,
       251, 194, 3, 236, 244, 188, 247, 173, 127, 94, 156, 255, 187, 183,
       24, 223, 249, 89, 59, 157, 214, 255, 122, 170, 103, 251, 186, 255,
       223, 101, 180, 210, 251, 194, 35, 69, 6, 212, 7, 160, 58, 110,
       136, 124, 170, 107, 64, 207, 98, 217, 222, 179, 68, 108, 126, 132,
       240, 205, 74, 132, 254, 103, 4, 128, 243, 73, 4, 220, 245, 252,
       255, 173, 110, 127, 184, 187, 186, 191, 24, 223, 127, 73, 27, 215,
       215, 253, 106, 248, 97, 251, 182, 255, 251, 103, 148, 194, 243,
       198, 51, 244, 101, 253, 101, 13, 75, 71, 40, 64, 182, 165, 8, 83,
       53, 73, 59, 24, 212, 104, 106, 104, 102, 249, 8, 241, 131, 69, 53,
       97, 123, 70, 34, 101, 115, 16, 71, 52, 15, 102, 184, 105, 168,
       123, 76, 214, 16, 153, 52, 144, 68, 76, 110, 193, 176, 217, 12,
       37, 188, 33, 4, 74, 179, 75, 5, 253, 113, 157, 103, 13, 14, 71,
       184, 96, 234, 167, 76, 214, 113, 9, 51, 128, 68, 124, 106, 225,
       229, 249, 8, 225, 233, 101, 20, 72, 51, 67, 51, 222, 248, 159,
       254, 203, 100, 21, 138, 179, 31, 165, 24, 28, 247, 105, 123, 193,
       247, 249, 146, 43, 71, 186, 32, 211, 227, 223, 63, 178, 113, 166,
       114, 220, 144, 189, 247, 172, 44, 121, 155, 187, 251, 183, 120,
       223, 247, 72, 123, 199, 87, 125, 24, 185, 69, 251, 0, 203, 251,
       119, 252, 130, 225, 135, 115, 216, 184, 189, 240, 169, 253, 89,
       223, 179, 123, 180, 24, 191, 255, 64, 59, 133, 151, 253, 24, 59,
       79, 250, 51, 219, 219, 117, 249, 226, 192, 135, 123, 248, 188,
       189, 120, 169, 253, 80, 223, 251, 123, 164, 24, 191, 255, 64, 123,
       133, 183, 252, 16, 59, 111, 250, 179, 219, 251, 117, 123, 194, 72,
       198, 123, 232, 252, 188, 115, 173, 237, 85, 183, 127, 59, 44, 24,
       190, 61, 66, 59, 137, 82, 253, 24, 250, 108, 243, 55, 239, 223,
       84, 123, 194, 88, 206, 43, 236, 52, 189, 97, 160, 110, 113, 25,
       57, 187, 63, 24, 223, 119, 73, 59, 151, 21, 125, 56, 49, 244, 249,
       2, 207, 219, 117, 116, 192, 224, 199, 51, 220, 223, 127, 231, 52,
       78, 95, 184, 52, 232, 247, 100, 247, 87, 136, 113, 118, 244, 93,
       106, 233, 212, 105, 63, 247, 235, 103, 148, 40, 179, 0, 49, 204,
       92, 189, 231, 32, 110, 123, 24, 57, 170, 247, 40, 247, 119, 137,
       123, 183, 213, 125, 106, 169, 212, 249, 42, 199, 251, 97, 132, 64,
       243, 71, 51, 60, 77, 18, 174, 93, 199, 86, 232, 133, 132, 233, 11,
       98, 201, 41, 144, 216, 252, 194, 98, 76, 163, 24, 173, 179, 228,
       5, 27, 115, 63, 110, 130, 69, 71, 93, 103, 48, 10, 111, 184, 116,
       168, 107, 68, 211, 97, 153, 112, 18, 68, 108, 110, 233, 176, 77,
       46, 228, 174, 37, 20, 104, 179, 66, 33, 232, 172, 156, 122, 137,
       237, 16, 143, 186, 55, 164, 25, 174, 179, 66, 27, 129, 19, 233,
       16, 58, 79, 218, 51, 203, 211, 85, 123, 210, 64, 142, 10, 109,
       113, 48, 69, 21, 94, 118, 24, 104, 224, 43, 72, 222, 16, 13, 180,
       144, 76, 64, 106, 197, 176, 209, 8, 37, 156, 1, 6, 74, 51, 75,
       134, 240, 188, 220, 114, 168, 173, 85, 223, 178, 191, 164, 29, 55,
       243, 66, 27, 133, 246, 109, 28, 58, 79, 218, 51, 219, 203, 117,
       121, 232, 208, 202, 11, 77, 117, 149, 103, 145, 126, 119, 184,
       121, 234, 47, 8, 222, 113, 73, 182, 145, 92, 104, 106, 97, 240,
       249, 42, 239, 255, 69, 6, 202, 115, 67, 50, 125, 71, 77, 103, 180,
       10, 71, 184, 96, 232, 191, 236, 83, 97, 153, 50, 16, 196, 108,
       110, 233, 176, 237, 46, 226, 239, 37, 148, 109, 243, 210, 33, 13,
       223, 155, 71, 176, 14, 111, 188, 124, 234, 94, 100, 245, 115, 145,
       112, 55, 110, 52, 238, 225, 208, 125, 47, 236, 175, 103, 132, 12,
       243, 1, 185, 125, 87, 125, 103, 180, 14, 79, 184, 97, 232, 191,
       76, 211, 113, 153, 50, 20, 196, 124, 110, 233, 176, 253, 46, 230,
       239, 37, 148, 104, 243, 82, 113, 96, 184, 157, 250, 168, 237, 81,
       143, 171, 57, 160, 24, 182, 209, 72, 26, 129, 147, 104, 16, 19,
       107, 218, 113, 217, 144, 85, 127, 208, 8, 198, 42, 252, 188, 253,
       118, 168, 110, 85, 191, 179, 191, 164, 24, 119, 119, 72, 27, 1,
       214, 109, 42, 56, 111, 251, 42, 251, 195, 117, 124, 226, 240, 198,
       107, 172, 112, 189, 99, 45, 127, 83, 152, 91, 251, 181, 24, 223,
       93, 75, 59, 153, 84, 124, 122, 171, 100, 251, 18, 207, 219, 101,
       60, 194, 251, 70, 115, 172, 180, 188, 250, 237, 253, 81, 153, 223,
       59, 173, 24, 222, 125, 72, 57, 153, 27, 255, 16, 58, 110, 250,
       151, 207, 223, 81, 127, 210, 74, 198, 194, 100, 180, 149, 112,
       173, 109, 80, 143, 107, 59, 169, 88, 222, 185, 76, 190, 129, 151,
       124, 16, 59, 108, 219, 146, 143, 222, 85, 126, 218, 72, 194, 2,
       230, 237, 246, 255, 252, 171, 254, 236, 255, 178, 250, 26, 239,
       234, 61, 71, 255, 239, 127, 243, 248, 255, 203, 255, 190, 254,
       207, 158, 149, 251, 227, 133, 198, 236, 246, 247, 252, 43, 254,
       238, 63, 178, 251, 154, 207, 234, 93, 91, 255, 239, 127, 179, 250,
       247, 207, 255, 190, 254, 223, 156, 165, 123, 227, 129, 230, 172,
       246, 223, 252, 171, 238, 239, 63, 187, 250, 26, 239, 234, 93, 91,
       255, 239, 127, 179, 248, 255, 203, 251, 190, 254, 223, 252, 197,
       251, 243, 128, 236, 180, 180, 255, 173, 63, 222, 188, 223, 187,
       189, 24, 223, 249, 93, 27, 217, 198, 127, 58, 186, 103, 251, 247,
       255, 251, 245, 254, 194, 251, 210, 3, 69, 71, 220, 39, 160, 58,
       102, 136, 120, 166, 107, 192, 199, 98, 219, 218, 82, 68, 108, 110,
       28, 240, 205, 10, 164, 246, 103, 4, 192, 243, 74, 4, 69, 227, 144,
       3, 180, 14, 102, 188, 122, 185, 43, 76, 214, 96, 216, 178, 145,
       78, 108, 126, 215, 112, 217, 34, 173, 190, 37, 68, 200, 179, 203,
       5, 220, 253, 156, 247, 172, 46, 94, 188, 191, 186, 191, 57, 223,
       123, 73, 91, 247, 247, 125, 234, 120, 197, 203, 234, 255, 255,
       111, 148, 166, 251, 129, 3, 220, 237, 156, 183, 188, 46, 126, 190,
       191, 186, 251, 18, 255, 234, 89, 75, 247, 199, 125, 227, 120, 213,
       203, 238, 254, 255, 239, 148, 164, 251, 161, 9, 22, 237, 246, 191,
       254, 11, 254, 236, 63, 162, 251, 2, 207, 234, 61, 64, 127, 239,
