%YAML:1.0
---
descriptors: !!opencv-matrix
   rows: 85
   cols: 32
   dt: u
   data: [ 252, 220, 107, 110, 180, 126, 127, 188, 113, 206, 246, 29,
       123, 125, 155, 112, 55, 246, 253, 110, 169, 165, 121, 175, 251,
       255, 37, 212, 231, 247, 214, 115, 218, 180, 190, 240, 173, 252,
       89, 190, 187, 123, 150, 60, 159, 191, 74, 123, 167, 87, 253, 16,
       187, 79, 243, 231, 219, 219, 127, 254, 130, 192, 167, 123, 213,
       174, 150, 50, 137, 189, 70, 254, 251, 223, 168, 93, 238, 226, 75,
       159, 165, 231, 108, 30, 190, 111, 154, 115, 184, 223, 85, 126,
       200, 117, 139, 13, 104, 176, 187, 80, 27, 237, 81, 87, 235, 29,
       36, 24, 54, 149, 68, 60, 129, 26, 68, 16, 18, 107, 178, 17, 219,
       221, 16, 123, 194, 0, 198, 107, 252, 160, 148, 120, 141, 121, 80,
       203, 195, 183, 164, 25, 11, 185, 72, 154, 201, 214, 232, 16, 62,
       111, 203, 144, 219, 211, 85, 127, 243, 72, 222, 2, 104, 188, 21,
       115, 137, 205, 81, 175, 251, 177, 38, 24, 246, 245, 64, 180, 129,
       54, 104, 8, 51, 248, 251, 55, 239, 255, 81, 114, 194, 0, 198, 42,
       216, 188, 190, 240, 169, 252, 89, 191, 171, 187, 150, 56, 159,
       191, 72, 123, 167, 87, 253, 16, 178, 77, 243, 225, 219, 251, 126,
       254, 130, 192, 163, 123, 244, 172, 157, 246, 140, 105, 84, 150,
       178, 179, 162, 24, 247, 241, 73, 27, 129, 246, 108, 18, 58, 109,
       203, 34, 217, 195, 117, 125, 160, 121, 198, 10, 200, 172, 157,
       251, 169, 237, 21, 142, 190, 59, 160, 24, 182, 247, 72, 59, 129,
       82, 104, 16, 51, 108, 234, 51, 205, 211, 85, 123, 208, 80, 135,
       43, 112, 174, 222, 48, 136, 232, 85, 215, 178, 31, 164, 189, 55,
       163, 66, 27, 33, 163, 109, 20, 58, 79, 130, 49, 218, 131, 116,
       249, 224, 208, 134, 91, 44, 103, 96, 7, 116, 26, 102, 56, 125,
       172, 127, 233, 195, 104, 159, 148, 24, 204, 68, 110, 204, 176, 77,
       14, 38, 60, 37, 133, 71, 191, 90, 196, 65, 113, 17, 69, 17, 78,
       102, 56, 104, 32, 107, 72, 214, 17, 9, 180, 144, 84, 88, 106, 193,
       176, 217, 12, 165, 184, 0, 4, 72, 50, 67, 33, 157, 174, 237, 27,
       154, 123, 39, 190, 86, 119, 141, 179, 243, 100, 139, 97, 121, 74,
       74, 62, 62, 244, 109, 63, 238, 7, 53, 245, 247, 249, 148, 246, 68,
       112, 17, 101, 16, 78, 67, 24, 32, 160, 43, 72, 215, 23, 65, 240,
       16, 84, 104, 106, 73, 208, 241, 12, 165, 172, 1, 20, 64, 51, 6,
       48, 40, 245, 24, 115, 251, 205, 21, 174, 59, 63, 44, 25, 166, 55,
       74, 16, 131, 27, 193, 16, 114, 104, 219, 55, 239, 215, 21, 127,
       82, 88, 142, 139, 248, 170, 24, 112, 137, 169, 80, 207, 163, 53,
       164, 25, 39, 147, 64, 27, 137, 146, 204, 16, 26, 111, 202, 17,
       219, 193, 85, 125, 226, 8, 206, 10, 109, 223, 239, 79, 180, 126,
       111, 188, 125, 238, 255, 228, 91, 125, 159, 112, 183, 214, 125,
       110, 249, 176, 125, 46, 111, 255, 37, 148, 239, 247, 214, 113,
       252, 112, 223, 118, 40, 110, 69, 56, 241, 186, 167, 104, 127, 247,
       201, 123, 19, 244, 108, 42, 105, 71, 251, 10, 211, 235, 101, 28,
       98, 242, 70, 33, 216, 184, 188, 242, 169, 172, 88, 159, 171, 59,
       150, 56, 159, 191, 72, 91, 167, 215, 253, 16, 186, 79, 219, 241,
       219, 251, 126, 254, 130, 192, 131, 27, 69, 113, 17, 71, 112, 30,
       98, 56, 105, 224, 107, 76, 223, 16, 141, 180, 150, 76, 64, 110,
       193, 176, 253, 76, 36, 188, 1, 4, 74, 179, 67, 180, 62, 119, 96,
       7, 219, 91, 150, 248, 53, 236, 255, 235, 66, 116, 143, 180, 92,
       252, 198, 98, 204, 179, 237, 46, 50, 102, 37, 151, 103, 63, 126,
       215, 69, 113, 16, 71, 52, 14, 102, 57, 104, 168, 107, 76, 214, 16,
       136, 180, 144, 76, 68, 110, 193, 176, 89, 12, 37, 184, 33, 4, 72,
       186, 75, 5, 208, 140, 157, 117, 168, 236, 73, 7, 182, 55, 162, 80,
       183, 163, 0, 91, 1, 55, 108, 24, 58, 205, 131, 51, 201, 162, 114,
       80, 224, 192, 133, 40, 212, 174, 157, 246, 168, 105, 71, 154, 178,
       191, 163, 120, 215, 247, 73, 27, 129, 214, 108, 18, 56, 71, 203,
       34, 217, 131, 117, 124, 160, 113, 135, 35, 124, 124, 223, 118, 42,
       108, 87, 152, 179, 186, 167, 40, 127, 247, 73, 59, 55, 244, 108,
       58, 41, 71, 187, 42, 211, 239, 101, 60, 226, 243, 6, 35, 228, 32,
       252, 90, 204, 109, 209, 88, 210, 183, 165, 24, 18, 209, 72, 27,
       73, 80, 98, 24, 58, 102, 234, 17, 79, 137, 117, 125, 209, 200, 70,
       162, 109, 221, 109, 103, 180, 94, 127, 184, 125, 234, 255, 100,
       219, 124, 159, 240, 183, 214, 253, 111, 237, 176, 125, 190, 239,
       127, 37, 148, 78, 247, 87, 113, 244, 120, 255, 118, 10, 76, 69,
       213, 242, 150, 164, 56, 51, 215, 193, 59, 34, 244, 108, 74, 104,
       103, 186, 32, 209, 235, 117, 56, 97, 241, 198, 40, 252, 120, 255,
       118, 42, 72, 69, 212, 242, 190, 164, 56, 51, 215, 193, 59, 47,
       244, 108, 90, 41, 103, 170, 32, 211, 203, 117, 56, 225, 241, 70,
       105, 252, 120, 255, 118, 42, 108, 81, 220, 242, 190, 164, 56, 83,
       215, 193, 59, 47, 244, 108, 26, 42, 103, 170, 32, 209, 203, 117,
       56, 225, 241, 70, 33, 222, 188, 188, 250, 169, 253, 93, 215, 187,
       127, 180, 57, 191, 255, 66, 59, 167, 243, 253, 16, 58, 79, 250,
       241, 219, 219, 127, 251, 146, 68, 135, 123, 61, 101, 2, 4, 81, 31,
       230, 232, 117, 172, 251, 141, 67, 64, 31, 148, 120, 204, 70, 110,
       76, 178, 77, 14, 51, 44, 37, 132, 99, 191, 122, 196, 217, 172,
       158, 62, 136, 188, 84, 239, 246, 219, 128, 29, 247, 250, 82, 91,
       129, 231, 108, 21, 62, 111, 218, 59, 251, 231, 117, 57, 232, 112,
       139, 74, 47, 119, 96, 7, 112, 27, 238, 184, 53, 228, 239, 237,
       195, 108, 159, 148, 92, 220, 194, 231, 237, 178, 125, 46, 38, 36,
       133, 20, 111, 191, 90, 212, 53, 101, 64, 7, 84, 27, 102, 168, 116,
       164, 235, 136, 195, 64, 159, 148, 120, 204, 64, 106, 76, 176, 77,
       14, 36, 172, 5, 21, 99, 187, 90, 132, 220, 183, 222, 35, 226, 42,
       49, 25, 59, 191, 47, 189, 94, 247, 74, 27, 55, 31, 237, 48, 48,
       209, 137, 66, 222, 199, 101, 231, 160, 226, 143, 19, 208, 175,
       157, 116, 170, 232, 85, 55, 178, 191, 168, 57, 55, 183, 64, 91,
       163, 183, 109, 16, 120, 75, 195, 18, 217, 195, 116, 57, 224, 192,
       134, 43, 220, 254, 157, 116, 168, 41, 71, 154, 178, 191, 166, 124,
       215, 227, 201, 27, 3, 214, 108, 122, 58, 69, 203, 50, 217, 195,
       117, 252, 224, 241, 134, 35, 69, 113, 16, 69, 81, 14, 98, 56, 104,
       160, 99, 72, 214, 19, 9, 244, 144, 92, 72, 106, 65, 176, 209, 12,
       37, 188, 1, 4, 72, 51, 75, 32, 205, 99, 21, 103, 164, 14, 103,
       184, 105, 234, 119, 76, 223, 113, 153, 179, 148, 68, 108, 110,
       225, 244, 233, 8, 230, 251, 101, 4, 74, 179, 67, 33, 214, 188,
       159, 242, 168, 172, 89, 151, 171, 59, 178, 120, 182, 255, 72, 91,
       167, 87, 125, 16, 51, 77, 139, 113, 217, 186, 127, 250, 128, 65,
       163, 11, 209, 30, 174, 53, 168, 174, 188, 135, 254, 251, 146, 85,
       247, 40, 83, 75, 133, 103, 125, 21, 180, 237, 207, 42, 200, 163,
       127, 144, 200, 112, 129, 91, 216, 126, 158, 182, 168, 172, 21, 55,
       190, 191, 162, 125, 183, 163, 65, 91, 133, 247, 109, 0, 104, 205,
       146, 42, 249, 227, 126, 16, 136, 80, 131, 27, 243, 172, 141, 180,
       137, 252, 72, 143, 186, 243, 130, 24, 246, 182, 84, 251, 133, 231,
       121, 21, 191, 77, 219, 161, 153, 251, 223, 120, 136, 64, 153, 60,
       211, 184, 151, 184, 169, 237, 64, 135, 175, 95, 130, 29, 174, 246,
       64, 219, 129, 163, 108, 21, 63, 77, 147, 49, 153, 210, 84, 122,
       136, 68, 163, 126, 220, 54, 252, 114, 171, 109, 81, 91, 187, 191,
       167, 56, 79, 247, 72, 27, 167, 151, 237, 18, 56, 99, 170, 2, 219,
       211, 117, 119, 226, 225, 134, 35, 37, 99, 64, 7, 116, 27, 102,
       168, 105, 164, 107, 136, 195, 64, 159, 148, 26, 204, 64, 110, 76,
       176, 77, 12, 38, 188, 1, 21, 96, 187, 90, 132, 244, 105, 253, 118,
       170, 72, 69, 189, 224, 190, 181, 40, 83, 245, 201, 59, 34, 214,
       108, 106, 73, 103, 170, 32, 241, 233, 101, 60, 97, 241, 198, 33,
