%YAML:1.0
---
descriptors: !!opencv-matrix
   rows: 284
   cols: 32
   dt: u
   data: [ 236, 112, 189, 99, 45, 125, 81, 136, 99, 254, 165, 24, 210,
       85, 75, 63, 153, 212, 236, 58, 41, 102, 251, 0, 207, 219, 69, 61,
       194, 123, 70, 114, 253, 113, 61, 103, 168, 78, 71, 184, 97, 234,
       183, 72, 211, 119, 201, 59, 20, 212, 124, 106, 201, 98, 249, 40,
       243, 249, 101, 20, 106, 179, 66, 113, 29, 159, 59, 231, 176, 79,
       79, 188, 52, 234, 255, 100, 247, 119, 136, 112, 118, 214, 29, 106,
       249, 184, 105, 46, 233, 239, 39, 196, 40, 243, 132, 57, 93, 93,
       125, 231, 176, 78, 79, 188, 96, 232, 191, 76, 247, 119, 137, 114,
       86, 212, 124, 106, 233, 145, 121, 46, 227, 237, 37, 148, 104, 243,
       64, 57, 236, 52, 189, 99, 173, 109, 81, 152, 91, 255, 165, 24,
       222, 93, 73, 59, 145, 85, 124, 58, 59, 102, 251, 16, 207, 219, 65,
       125, 194, 123, 70, 114, 232, 180, 188, 250, 205, 253, 81, 31, 223,
       63, 165, 24, 222, 253, 74, 59, 129, 27, 251, 16, 50, 110, 251,
       151, 207, 223, 80, 127, 210, 72, 198, 242, 252, 188, 252, 86, 136,
       109, 85, 255, 179, 190, 164, 56, 115, 247, 64, 27, 9, 246, 109,
       42, 104, 79, 251, 42, 219, 203, 117, 61, 224, 240, 198, 107, 252,
       44, 252, 114, 136, 105, 213, 223, 211, 183, 180, 24, 19, 177, 71,
       27, 9, 214, 108, 24, 42, 103, 218, 50, 91, 207, 117, 61, 227, 248,
       206, 42, 120, 184, 253, 112, 136, 221, 85, 215, 162, 245, 164, 8,
       51, 247, 66, 58, 1, 246, 237, 16, 26, 107, 186, 49, 219, 203, 117,
       121, 226, 192, 198, 122, 252, 236, 188, 254, 173, 45, 94, 188,
       255, 187, 177, 24, 255, 249, 89, 27, 223, 199, 127, 98, 248, 103,
       203, 179, 251, 251, 117, 188, 194, 251, 194, 3, 224, 184, 156,
       250, 136, 237, 81, 142, 138, 57, 160, 24, 182, 211, 72, 90, 129,
       210, 106, 16, 26, 107, 218, 49, 217, 144, 21, 125, 216, 72, 199,
       42, 240, 20, 188, 116, 168, 108, 85, 55, 176, 186, 166, 56, 87,
       55, 1, 123, 133, 214, 109, 42, 104, 69, 195, 0, 211, 235, 117, 24,
       96, 240, 198, 43, 220, 252, 188, 247, 188, 62, 94, 190, 191, 187,
       191, 56, 223, 255, 201, 123, 247, 215, 125, 26, 184, 69, 235, 242,
       255, 255, 119, 252, 130, 243, 131, 3, 220, 252, 156, 247, 172, 47,
       126, 190, 191, 186, 183, 56, 223, 251, 73, 91, 247, 215, 125, 123,
       56, 229, 203, 163, 254, 251, 255, 148, 166, 243, 161, 1, 69, 71,
       148, 39, 160, 58, 110, 136, 121, 170, 107, 68, 207, 98, 137, 218,
       146, 68, 108, 126, 20, 208, 201, 106, 172, 255, 103, 4, 128, 243,
       11, 4, 69, 231, 144, 3, 176, 30, 102, 188, 106, 185, 43, 76, 222,
       96, 220, 246, 149, 78, 108, 126, 215, 112, 201, 98, 173, 188, 37,
       68, 200, 51, 203, 5, 20, 228, 59, 99, 149, 79, 99, 248, 118, 160,
       235, 0, 83, 209, 41, 112, 121, 220, 10, 122, 43, 176, 57, 63, 233,
       143, 5, 100, 96, 187, 68, 34, 13, 117, 49, 103, 240, 78, 55, 184,
       57, 232, 127, 101, 220, 119, 141, 52, 148, 93, 215, 98, 225, 144,
       249, 110, 111, 255, 37, 134, 74, 115, 7, 243, 249, 56, 191, 116,
       9, 252, 85, 7, 226, 87, 164, 24, 59, 181, 66, 59, 1, 246, 248, 8,
       41, 111, 178, 1, 209, 235, 84, 57, 96, 80, 198, 104, 22, 109, 246,
       239, 190, 11, 254, 232, 127, 162, 251, 130, 206, 238, 29, 0, 255,
       229, 127, 227, 232, 243, 201, 254, 190, 254, 143, 150, 101, 251,
       225, 129, 54, 229, 246, 207, 252, 11, 254, 232, 127, 162, 251, 10,
       205, 234, 61, 64, 251, 205, 127, 115, 240, 243, 201, 254, 188,
       254, 143, 246, 149, 123, 241, 129, 38, 229, 116, 207, 188, 11,
       238, 232, 127, 160, 249, 2, 206, 106, 29, 0, 122, 237, 127, 227,
       232, 243, 201, 254, 188, 190, 143, 148, 69, 123, 227, 129, 196,
       152, 157, 254, 169, 100, 93, 190, 175, 218, 135, 24, 254, 247,
       105, 123, 197, 87, 124, 2, 57, 65, 250, 32, 219, 243, 85, 62, 144,
       113, 132, 51, 60, 104, 123, 96, 66, 75, 99, 80, 96, 164, 38, 8,
       83, 23, 129, 57, 58, 252, 68, 122, 9, 244, 160, 8, 65, 137, 97, 0,
       97, 163, 70, 160, 205, 112, 157, 103, 8, 110, 82, 136, 123, 250,
       167, 24, 222, 85, 73, 59, 145, 84, 108, 58, 41, 116, 249, 8, 197,
       251, 69, 52, 200, 115, 66, 34, 236, 252, 188, 254, 141, 253, 86,
       183, 219, 191, 165, 24, 251, 253, 69, 27, 201, 242, 253, 18, 122,
       111, 250, 179, 235, 223, 213, 59, 210, 89, 214, 10, 20, 189, 185,
       114, 155, 237, 19, 207, 242, 149, 173, 24, 30, 247, 72, 56, 161,
       155, 192, 16, 19, 107, 186, 114, 219, 197, 21, 111, 193, 65, 167,
       162, 216, 176, 188, 240, 169, 237, 89, 95, 187, 123, 180, 24, 159,
       191, 72, 59, 133, 147, 125, 24, 59, 111, 242, 17, 219, 219, 116,
       124, 194, 192, 135, 59, 248, 188, 188, 112, 173, 253, 81, 223,
       251, 123, 180, 24, 191, 251, 64, 123, 133, 183, 253, 24, 186, 111,
       242, 179, 219, 251, 117, 122, 194, 72, 195, 43, 253, 199, 93, 109,
       180, 14, 71, 189, 96, 200, 186, 76, 83, 97, 144, 114, 20, 196,
       108, 110, 249, 160, 237, 46, 224, 239, 37, 16, 104, 178, 194, 33,
       232, 188, 188, 248, 173, 189, 85, 223, 255, 187, 180, 24, 190,
       249, 70, 27, 201, 226, 125, 24, 186, 111, 250, 179, 219, 219, 85,
       122, 210, 72, 194, 75, 232, 180, 188, 113, 169, 109, 85, 159, 123,
       63, 166, 24, 159, 53, 72, 59, 133, 22, 109, 24, 58, 124, 241, 19,
       239, 219, 116, 117, 194, 192, 198, 99, 93, 93, 93, 102, 164, 14,
       71, 184, 96, 234, 174, 76, 83, 113, 145, 51, 48, 196, 108, 110,
       201, 161, 185, 44, 240, 233, 101, 16, 104, 243, 66, 41, 221, 113,
       157, 103, 164, 78, 71, 184, 97, 250, 167, 72, 215, 49, 201, 59,
       16, 212, 124, 106, 201, 244, 249, 40, 227, 233, 101, 20, 104, 243,
       194, 49, 237, 113, 29, 103, 168, 78, 71, 184, 96, 234, 174, 76,
       211, 113, 1, 51, 16, 68, 124, 106, 201, 224, 249, 40, 227, 249,
       101, 20, 74, 243, 66, 49, 204, 180, 189, 113, 169, 110, 117, 27,
       59, 255, 55, 24, 222, 63, 72, 59, 151, 23, 125, 56, 51, 84, 249,
       66, 207, 219, 117, 246, 192, 64, 135, 115, 117, 85, 29, 103, 128,
       14, 71, 188, 96, 232, 170, 76, 211, 113, 9, 51, 16, 196, 124, 110,
       201, 176, 249, 44, 161, 169, 101, 20, 104, 243, 66, 48, 244, 108,
       253, 114, 136, 109, 85, 222, 178, 183, 165, 24, 87, 247, 73, 27,
       1, 214, 108, 90, 58, 103, 250, 34, 217, 195, 117, 61, 224, 241,
       198, 98, 109, 253, 176, 91, 217, 221, 87, 174, 251, 113, 44, 8,
       190, 249, 70, 180, 129, 122, 208, 90, 247, 104, 250, 183, 111,
       223, 21, 123, 90, 87, 202, 254, 197, 102, 133, 183, 172, 46, 78,
       152, 122, 186, 131, 92, 199, 96, 217, 59, 149, 68, 108, 63, 189,
       84, 205, 42, 172, 50, 237, 180, 136, 123, 83, 5, 205, 20, 157,
       229, 161, 46, 113, 26, 121, 234, 46, 84, 222, 51, 65, 123, 149,
       84, 120, 56, 161, 212, 241, 2, 199, 251, 83, 6, 138, 225, 3, 49,
       176, 170, 252, 120, 138, 169, 81, 215, 178, 23, 164, 185, 55, 231,
       64, 27, 1, 178, 109, 16, 58, 79, 162, 51, 219, 195, 116, 121, 240,
       192, 198, 106, 244, 48, 255, 112, 168, 109, 81, 218, 178, 183,
       164, 24, 23, 247, 64, 27, 33, 246, 108, 24, 8, 71, 186, 0, 217,
       203, 117, 60, 224, 224, 198, 98, 200, 188, 189, 244, 169, 236, 21,
       191, 187, 191, 12, 25, 190, 183, 64, 91, 133, 119, 237, 16, 50,
       77, 242, 51, 235, 247, 93, 127, 128, 112, 135, 123, 13, 113, 16,
       101, 117, 15, 98, 56, 104, 224, 111, 76, 214, 16, 73, 48, 144, 76,
       64, 106, 197, 176, 209, 10, 103, 221, 1, 22, 74, 51, 75, 130, 69,
       113, 149, 103, 33, 78, 119, 56, 104, 224, 107, 8, 222, 49, 8, 50,
       144, 84, 104, 106, 65, 240, 249, 8, 165, 184, 69, 6, 72, 51, 67,
       34, 244, 138, 204, 180, 168, 40, 93, 191, 162, 183, 134, 185, 87,
       227, 67, 91, 3, 231, 109, 132, 56, 79, 203, 32, 216, 227, 245,
       189, 160, 240, 134, 74, 134, 236, 222, 255, 236, 171, 254, 255,
       191, 178, 243, 26, 247, 235, 93, 75, 251, 255, 127, 131, 42, 247,
       203, 251, 255, 143, 255, 185, 149, 249, 225, 3, 236, 180, 189,
