%YAML:1.0
---
descriptors: !!opencv-matrix
   rows: 363
   cols: 32
   dt: u
   data: [ 198, 172, 148, 154, 137, 173, 22, 174, 187, 51, 136, 25, 166,
       226, 72, 159, 129, 99, 232, 19, 54, 75, 202, 115, 169, 18, 93,
       123, 144, 85, 139, 14, 120, 168, 254, 120, 138, 233, 81, 215, 162,
       21, 164, 56, 55, 151, 64, 26, 41, 178, 237, 16, 26, 79, 162, 49,
       219, 195, 48, 121, 224, 128, 134, 43, 220, 16, 159, 116, 168, 108,
       69, 51, 160, 219, 162, 24, 215, 55, 0, 123, 3, 214, 108, 8, 57,
       77, 179, 0, 217, 227, 116, 24, 224, 224, 134, 51, 112, 184, 249,
       112, 40, 204, 81, 83, 163, 189, 164, 56, 55, 151, 64, 27, 7, 180,
       109, 24, 26, 79, 178, 1, 219, 201, 113, 121, 226, 128, 70, 123,
       245, 78, 214, 71, 149, 62, 70, 152, 117, 138, 254, 84, 66, 97,
       151, 254, 113, 228, 44, 110, 173, 181, 109, 42, 162, 254, 101, 6,
       235, 247, 104, 5, 13, 166, 220, 97, 176, 63, 78, 186, 127, 43,
       126, 92, 223, 98, 139, 245, 151, 78, 76, 60, 182, 240, 77, 31,
       174, 223, 37, 244, 250, 225, 200, 5, 77, 117, 49, 71, 81, 78, 102,
       184, 105, 224, 107, 72, 222, 113, 13, 180, 176, 84, 80, 106, 225,
       240, 249, 46, 37, 190, 5, 6, 74, 51, 67, 176, 44, 225, 57, 107,
       89, 77, 83, 137, 66, 53, 173, 8, 242, 85, 8, 48, 25, 26, 64, 106,
       74, 34, 123, 21, 231, 221, 1, 125, 82, 10, 70, 226, 120, 184, 255,
       112, 168, 221, 85, 215, 227, 255, 164, 24, 51, 183, 66, 59, 33,
       246, 108, 24, 59, 107, 178, 33, 219, 203, 117, 121, 225, 208, 198,
       123, 96, 172, 156, 250, 204, 237, 81, 143, 218, 27, 164, 24, 182,
       243, 72, 122, 193, 18, 106, 24, 51, 107, 218, 51, 205, 163, 113,
       120, 216, 72, 199, 42, 252, 45, 252, 118, 141, 105, 85, 158, 147,
       183, 188, 24, 83, 225, 75, 31, 9, 214, 237, 26, 58, 99, 218, 34,
       219, 203, 85, 61, 227, 249, 198, 34, 212, 140, 92, 245, 146, 106,
       79, 175, 180, 162, 174, 16, 119, 99, 1, 83, 49, 246, 77, 170, 56,
       205, 89, 46, 249, 231, 101, 17, 160, 112, 196, 42, 197, 236, 253,
       255, 236, 143, 239, 254, 190, 187, 243, 82, 247, 251, 217, 75,
       127, 239, 127, 94, 226, 244, 235, 51, 252, 175, 255, 132, 180,
       249, 227, 168, 104, 180, 188, 250, 173, 237, 85, 15, 255, 127,
       173, 24, 190, 189, 74, 27, 137, 18, 249, 16, 58, 106, 250, 147,
       207, 223, 84, 123, 210, 72, 198, 106, 212, 188, 189, 118, 169,
       232, 20, 138, 186, 155, 163, 56, 246, 247, 77, 123, 129, 247, 125,
       16, 59, 77, 154, 99, 153, 243, 85, 126, 128, 113, 135, 51, 21,
       229, 25, 107, 20, 79, 71, 248, 86, 160, 227, 0, 83, 113, 25, 112,
       49, 220, 8, 106, 105, 176, 121, 62, 237, 142, 5, 52, 112, 187, 64,
       32, 69, 117, 16, 103, 113, 14, 118, 56, 120, 224, 107, 76, 222,
       50, 9, 112, 146, 92, 72, 106, 197, 176, 217, 78, 165, 188, 5, 6,
       72, 115, 75, 131, 204, 117, 185, 103, 112, 78, 55, 184, 57, 232,
       127, 108, 222, 119, 9, 50, 148, 85, 253, 98, 225, 208, 249, 78,
       231, 255, 101, 134, 74, 115, 7, 115, 104, 168, 148, 122, 139, 249,
       16, 143, 139, 23, 164, 25, 174, 233, 78, 159, 137, 50, 232, 16,
       30, 107, 218, 177, 203, 209, 85, 123, 210, 76, 206, 10, 92, 229,
       236, 103, 128, 94, 111, 184, 49, 162, 175, 8, 219, 119, 9, 54, 49,
       212, 125, 234, 104, 208, 233, 106, 255, 255, 229, 21, 226, 243,
       70, 32, 92, 197, 254, 255, 172, 11, 126, 248, 46, 178, 243, 10,
       223, 235, 25, 67, 255, 205, 127, 227, 236, 243, 203, 232, 254,
       235, 239, 149, 165, 251, 105, 131, 129, 124, 19, 77, 66, 78, 103,
       52, 104, 194, 98, 72, 242, 16, 133, 181, 50, 124, 64, 106, 65,
       180, 181, 44, 37, 168, 0, 0, 75, 178, 99, 188, 92, 176, 188, 246,
       40, 76, 89, 24, 175, 249, 183, 41, 223, 247, 74, 91, 135, 213,
       253, 24, 26, 65, 251, 144, 219, 251, 119, 253, 130, 128, 7, 83,
       232, 188, 180, 248, 173, 253, 213, 215, 255, 59, 188, 24, 190,
       249, 68, 59, 201, 178, 255, 16, 186, 111, 242, 147, 219, 219, 85,
       122, 210, 72, 214, 43, 248, 180, 188, 248, 173, 253, 81, 87, 251,
       123, 180, 24, 191, 191, 68, 59, 205, 179, 253, 24, 186, 111, 242,
       147, 219, 219, 84, 123, 210, 72, 70, 123, 234, 188, 182, 248, 237,
       253, 92, 215, 255, 187, 180, 24, 174, 249, 116, 123, 205, 243,
       127, 24, 186, 111, 242, 243, 255, 219, 215, 122, 211, 72, 242, 42,
       157, 207, 91, 111, 182, 10, 111, 188, 116, 130, 110, 212, 243, 99,
       185, 112, 115, 238, 12, 110, 105, 152, 109, 63, 232, 239, 39, 0,
       54, 243, 224, 40, 205, 112, 148, 119, 105, 30, 116, 152, 123, 250,
       39, 92, 222, 113, 77, 191, 151, 69, 236, 42, 229, 116, 251, 66,
       135, 251, 85, 38, 202, 117, 75, 39, 77, 112, 145, 119, 105, 124,
       49, 152, 123, 251, 37, 24, 222, 115, 77, 190, 145, 93, 236, 18, 1,
       116, 251, 98, 199, 255, 81, 54, 202, 115, 67, 55, 133, 174, 197,
       31, 128, 170, 101, 151, 118, 19, 66, 244, 243, 225, 200, 123, 65,
       110, 106, 12, 187, 252, 207, 51, 12, 162, 245, 0, 236, 240, 210,
       160, 245, 138, 199, 119, 180, 42, 71, 191, 116, 163, 98, 244, 243,
       97, 153, 121, 27, 206, 36, 62, 185, 252, 109, 46, 172, 174, 245,
       68, 237, 240, 208, 32, 237, 117, 149, 103, 33, 14, 103, 184, 120,
       234, 103, 76, 214, 113, 9, 51, 144, 68, 124, 106, 225, 240, 249,
       8, 229, 187, 69, 4, 74, 115, 67, 32, 69, 116, 149, 103, 161, 111,
       55, 8, 121, 234, 35, 8, 222, 113, 73, 58, 146, 84, 104, 106, 97,
       244, 249, 74, 229, 190, 69, 2, 200, 115, 67, 35, 228, 237, 189,
       115, 136, 109, 71, 141, 226, 55, 171, 24, 215, 117, 8, 58, 129,
       86, 104, 90, 59, 101, 251, 34, 233, 131, 69, 116, 192, 115, 198,
       34, 69, 253, 189, 67, 148, 111, 231, 152, 122, 251, 47, 88, 214,
       113, 217, 43, 17, 68, 120, 122, 177, 112, 249, 34, 109, 143, 101,
       116, 200, 123, 209, 33, 248, 168, 254, 114, 138, 233, 81, 199,
       162, 183, 164, 185, 31, 247, 64, 27, 39, 247, 237, 16, 26, 79,
       138, 32, 217, 193, 117, 121, 224, 192, 134, 106, 205, 52, 157,
       117, 129, 126, 113, 19, 121, 243, 39, 28, 158, 55, 67, 123, 133,
       87, 120, 24, 177, 220, 241, 66, 207, 255, 84, 66, 138, 224, 131,
       112, 248, 174, 222, 120, 138, 169, 81, 215, 179, 31, 164, 185, 39,
       231, 66, 27, 45, 178, 109, 16, 58, 79, 130, 51, 219, 195, 112,
       121, 242, 192, 198, 59, 109, 113, 17, 97, 49, 95, 83, 8, 105, 224,
       45, 8, 222, 17, 69, 180, 144, 28, 68, 122, 73, 176, 241, 12, 231,
       221, 1, 54, 74, 35, 74, 166, 100, 113, 56, 97, 8, 15, 83, 24, 96,
       164, 173, 12, 214, 83, 73, 16, 16, 84, 64, 106, 72, 34, 249, 8,
       103, 137, 1, 52, 72, 179, 66, 34, 244, 42, 216, 244, 138, 32, 93,
       159, 178, 183, 166, 185, 87, 231, 67, 91, 3, 246, 109, 156, 56,
       79, 202, 32, 219, 227, 245, 61, 160, 240, 134, 106, 240, 170, 92,
       114, 168, 173, 81, 215, 178, 191, 164, 29, 55, 227, 66, 27, 13,
       242, 109, 24, 58, 111, 218, 51, 219, 131, 117, 121, 226, 192, 206,
       3, 205, 117, 156, 103, 177, 94, 55, 184, 121, 234, 111, 8, 222,
       115, 13, 178, 145, 92, 112, 106, 97, 240, 249, 46, 111, 255, 69,
       6, 74, 115, 203, 50, 248, 188, 247, 112, 169, 233, 85, 215, 179,
       191, 164, 56, 15, 247, 64, 191, 39, 246, 236, 24, 58, 111, 170,
       35, 219, 251, 85, 59, 226, 196, 134, 107, 216, 152, 191, 116, 170,
       108, 81, 23, 162, 159, 166, 24, 87, 183, 64, 123, 7, 246, 109, 8,
       24, 79, 179, 0, 217, 227, 116, 88, 160, 224, 134, 99, 218, 184,
       183, 176, 41, 236, 16, 7, 187, 95, 160, 57, 175, 159, 66, 155,
       135, 179, 237, 16, 62, 79, 146, 17, 219, 211, 88, 251, 130, 4,
       135, 91, 133, 134, 220, 117, 176, 63, 82, 158, 126, 47, 126, 92,
       215, 34, 130, 113, 151, 78, 108, 60, 182, 252, 109, 31, 238, 223,
       53, 84, 216, 224, 200, 5, 229, 167, 120, 37, 180, 46, 238, 186,
       120, 230, 186, 93, 211, 104, 30, 17, 147, 199, 108, 111, 252, 112,
       205, 31, 236, 175, 101, 116, 76, 243, 203, 4, 77, 117, 17, 71, 85,
