%YAML:1.0
---
descriptors: !!opencv-matrix
   rows: 145
   cols: 32
   dt: u
   data: [ 108, 52, 181, 67, 201, 111, 71, 137, 123, 255, 45, 24, 214,
       115, 73, 63, 145, 84, 120, 58, 49, 68, 251, 2, 207, 254, 69, 118,
       194, 115, 198, 98, 44, 117, 49, 103, 93, 79, 71, 168, 83, 228,
       173, 8, 211, 85, 9, 52, 216, 92, 81, 106, 73, 114, 249, 62, 229,
       156, 5, 52, 80, 59, 86, 242, 252, 180, 188, 114, 170, 105, 17, 11,
       179, 191, 167, 57, 87, 247, 72, 27, 131, 151, 237, 16, 58, 71,
       235, 2, 219, 195, 117, 119, 224, 65, 134, 99, 212, 60, 189, 112,
       42, 104, 81, 146, 242, 182, 167, 56, 87, 247, 65, 59, 35, 212,
       108, 26, 41, 103, 187, 34, 217, 203, 117, 60, 224, 241, 6, 98, 81,
       14, 95, 101, 176, 42, 107, 51, 116, 42, 122, 196, 243, 33, 144,
       112, 51, 230, 108, 44, 185, 184, 69, 15, 232, 175, 32, 192, 232,
       162, 64, 41, 253, 190, 156, 178, 168, 172, 93, 159, 179, 255, 180,
       253, 191, 247, 202, 91, 135, 247, 253, 20, 191, 79, 202, 49, 218,
       211, 117, 253, 168, 196, 142, 83, 76, 117, 121, 103, 114, 78, 63,
       184, 56, 164, 111, 172, 223, 71, 139, 16, 22, 93, 205, 110, 193,
       144, 249, 78, 229, 189, 37, 4, 64, 179, 7, 113, 80, 184, 190, 122,
       136, 237, 17, 159, 230, 115, 166, 24, 183, 215, 64, 59, 161, 51,
       108, 17, 27, 109, 219, 49, 217, 131, 113, 121, 224, 64, 135, 42,
       210, 170, 150, 178, 171, 169, 16, 199, 187, 27, 128, 125, 174,
       226, 64, 223, 163, 163, 236, 17, 62, 79, 138, 115, 152, 210, 94,
       122, 136, 68, 139, 15, 108, 229, 10, 126, 153, 196, 87, 232, 163,
       192, 173, 9, 114, 243, 75, 16, 216, 232, 89, 238, 74, 67, 218, 63,
       251, 221, 133, 57, 0, 51, 106, 98, 77, 117, 61, 111, 177, 15, 119,
       184, 121, 228, 110, 12, 214, 113, 3, 48, 145, 92, 104, 106, 224,
       240, 249, 46, 231, 255, 5, 0, 74, 115, 71, 99, 248, 172, 252, 120,
       168, 233, 81, 223, 178, 63, 164, 24, 55, 181, 64, 27, 3, 146, 108,
       24, 58, 111, 234, 19, 219, 195, 117, 121, 242, 200, 198, 43, 248,
       172, 252, 120, 172, 237, 85, 223, 211, 63, 164, 24, 51, 177, 66,
       27, 201, 178, 236, 16, 58, 111, 194, 51, 219, 203, 117, 121, 243,
       200, 206, 42, 104, 176, 61, 81, 105, 205, 113, 22, 235, 61, 36,
       24, 182, 151, 68, 184, 128, 24, 96, 24, 19, 124, 242, 17, 7, 153,
       16, 114, 66, 0, 70, 171, 248, 34, 127, 100, 0, 72, 65, 80, 160,
       134, 165, 24, 19, 23, 65, 59, 0, 180, 68, 40, 8, 231, 160, 8, 211,
       193, 112, 56, 97, 160, 70, 34, 76, 112, 157, 80, 105, 124, 49, 0,
       233, 219, 37, 24, 158, 151, 69, 59, 129, 93, 96, 18, 1, 102, 178,
       64, 71, 217, 81, 42, 194, 113, 71, 163, 100, 113, 185, 71, 32, 15,
       103, 184, 104, 172, 47, 72, 211, 115, 73, 50, 144, 92, 68, 106,
       192, 240, 249, 8, 229, 156, 37, 52, 64, 243, 70, 161, 209, 149,
       31, 102, 168, 14, 71, 53, 224, 200, 171, 76, 119, 115, 136, 115,
       36, 246, 124, 106, 249, 233, 185, 45, 241, 171, 100, 16, 104, 178,
       194, 41, 237, 190, 252, 50, 235, 189, 92, 223, 179, 123, 180, 249,
       191, 255, 66, 59, 135, 243, 253, 20, 190, 79, 202, 179, 219, 219,
       117, 249, 162, 212, 138, 91, 164, 166, 150, 18, 201, 169, 228,
       207, 187, 187, 161, 89, 2, 162, 76, 155, 169, 203, 98, 144, 62,
       111, 138, 115, 28, 146, 85, 111, 201, 80, 234, 134, 141, 79, 78,
       63, 156, 155, 71, 188, 196, 132, 110, 132, 243, 97, 171, 195, 64,
       98, 202, 110, 104, 160, 111, 63, 228, 227, 101, 25, 122, 251, 216,
       0, 221, 74, 206, 119, 36, 58, 70, 184, 117, 174, 231, 22, 67, 99,
       155, 254, 113, 204, 44, 238, 236, 244, 173, 42, 146, 239, 229, 5,
       107, 243, 120, 4, 205, 166, 136, 19, 210, 56, 39, 143, 114, 183,
       14, 190, 209, 98, 202, 216, 113, 206, 226, 154, 51, 94, 239, 34,
       60, 7, 183, 236, 168, 113, 186, 193, 102, 234, 248, 94, 234, 241,
       29, 206, 187, 191, 164, 185, 36, 231, 79, 27, 135, 251, 237, 16,
       2, 79, 170, 115, 155, 150, 117, 191, 128, 113, 135, 107, 220, 38,
       156, 180, 184, 58, 94, 138, 243, 183, 175, 25, 199, 99, 203, 91,
       147, 199, 108, 60, 44, 71, 203, 2, 218, 247, 117, 61, 160, 241,
       75, 0, 83, 123, 67, 165, 114, 142, 42, 116, 41, 72, 74, 229, 61,
       134, 130, 144, 166, 173, 92, 197, 197, 153, 132, 76, 180, 228, 42,
       128, 44, 134, 43, 93, 192, 153, 157, 126, 137, 205, 21, 175, 222,
       153, 160, 24, 246, 245, 68, 122, 193, 114, 104, 16, 50, 109, 219,
       51, 201, 178, 85, 122, 208, 40, 133, 42, 118, 69, 150, 174, 139,
       98, 22, 72, 177, 134, 235, 41, 70, 226, 41, 222, 240, 245, 236,
       98, 108, 195, 138, 10, 176, 246, 69, 31, 160, 127, 46, 6, 76, 101,
       120, 103, 114, 74, 127, 184, 56, 164, 111, 168, 223, 87, 139, 48,
       54, 93, 221, 238, 64, 144, 249, 78, 231, 237, 37, 133, 98, 179, 7,
       96, 101, 97, 120, 103, 52, 31, 118, 56, 105, 160, 111, 9, 211, 25,
       159, 48, 146, 76, 125, 110, 196, 176, 205, 12, 230, 253, 33, 5,
       64, 179, 90, 2, 88, 174, 189, 116, 168, 232, 81, 23, 162, 183,
       166, 24, 151, 183, 64, 27, 3, 246, 236, 24, 58, 105, 162, 1, 219,
       227, 112, 121, 226, 192, 134, 107, 120, 168, 223, 118, 172, 236,
       81, 151, 242, 31, 164, 24, 55, 243, 64, 59, 1, 246, 108, 24, 58,
       111, 226, 33, 219, 235, 112, 121, 224, 192, 198, 106, 129, 142,
       205, 59, 164, 170, 101, 159, 118, 19, 102, 244, 243, 225, 216,
       121, 3, 46, 46, 28, 51, 252, 111, 51, 76, 171, 117, 64, 248, 192,
       192, 168, 108, 229, 57, 110, 153, 77, 71, 168, 35, 20, 173, 8,
       242, 115, 73, 16, 217, 200, 88, 106, 75, 66, 251, 63, 235, 221, 5,
       60, 80, 51, 70, 98, 240, 58, 255, 112, 42, 200, 65, 82, 162, 157,
       164, 56, 55, 151, 64, 27, 34, 180, 109, 24, 10, 79, 162, 0, 217,
       161, 112, 120, 224, 128, 6, 123, 109, 52, 145, 69, 193, 126, 102,
       136, 123, 234, 39, 24, 222, 116, 73, 191, 145, 92, 96, 58, 33,
       240, 249, 2, 15, 223, 69, 54, 202, 113, 66, 166, 248, 34, 251,
       112, 10, 104, 81, 87, 160, 183, 164, 56, 23, 135, 64, 27, 34, 148,
       76, 24, 8, 71, 162, 0, 211, 193, 112, 57, 224, 192, 6, 106, 77,
       112, 181, 69, 105, 92, 117, 8, 235, 218, 37, 8, 158, 147, 77, 62,
       128, 92, 96, 82, 65, 116, 242, 64, 71, 249, 85, 42, 194, 115, 71,
       162, 226, 174, 148, 122, 233, 173, 88, 223, 187, 59, 176, 217,
       174, 255, 64, 31, 135, 243, 125, 28, 182, 79, 202, 243, 219, 218,
       85, 250, 130, 196, 130, 139, 252, 88, 223, 118, 10, 76, 71, 184,
       224, 210, 163, 120, 119, 119, 137, 123, 34, 212, 108, 106, 105,
       71, 187, 32, 209, 235, 101, 28, 104, 241, 230, 49, 197, 142, 12,
       31, 154, 251, 7, 191, 212, 86, 142, 30, 243, 100, 170, 99, 65,
       226, 106, 42, 125, 109, 127, 63, 237, 163, 101, 25, 112, 120, 148,
       122, 253, 78, 238, 127, 164, 114, 71, 188, 116, 230, 230, 149, 67,
       224, 187, 123, 81, 206, 44, 110, 108, 246, 237, 42, 226, 235, 101,
       5, 96, 251, 252, 64, 117, 69, 95, 103, 148, 78, 103, 184, 116, 0,
       235, 64, 83, 113, 9, 112, 112, 196, 72, 122, 105, 176, 25, 47,
       241, 174, 33, 20, 97, 179, 224, 32, 118, 69, 214, 62, 11, 64, 86,
       104, 179, 134, 233, 169, 110, 227, 41, 222, 210, 245, 232, 98, 76,
       67, 138, 138, 176, 246, 69, 59, 58, 119, 46, 6, 116, 127, 158, 38,
       40, 14, 23, 240, 178, 174, 187, 45, 70, 184, 75, 18, 156, 229,
       236, 99, 76, 227, 200, 40, 248, 231, 109, 63, 64, 123, 14, 83,
       208, 168, 159, 120, 136, 233, 81, 23, 166, 23, 166, 56, 183, 247,
       64, 123, 33, 183, 108, 16, 58, 79, 227, 49, 217, 163, 116, 121,
       224, 192, 134, 106, 120, 168, 255, 114, 172, 237, 81, 87, 242, 29,
       164, 24, 55, 211, 64, 59, 161, 242, 108, 16, 58, 107, 170, 49,
       219, 203, 116, 121, 224, 128, 198, 34, 208, 168, 159, 116, 138,
       232, 81, 159, 162, 183, 166, 24, 247, 247, 64, 91, 1, 247, 108,
       16, 58, 77, 251, 33, 217, 163, 117, 89, 224, 192, 134, 42, 109,
       229, 49, 107, 217, 79, 71, 168, 123, 120, 45, 8, 210, 117, 73, 48,
