%YAML:1.0
---
descriptors: !!opencv-matrix
   rows: 169
   cols: 32
   dt: u
   data: [ 108, 117, 189, 103, 169, 79, 71, 188, 58, 234, 42, 8, 214,
       117, 73, 50, 144, 84, 120, 106, 105, 112, 249, 62, 237, 255, 69,
       52, 64, 123, 70, 114, 100, 165, 157, 122, 137, 109, 87, 200, 178,
       183, 173, 24, 242, 247, 74, 26, 153, 210, 105, 122, 26, 99, 250,
       49, 235, 223, 69, 125, 208, 115, 198, 98, 252, 54, 188, 114, 168,
       105, 81, 25, 178, 191, 165, 56, 87, 247, 72, 27, 129, 150, 237,
       16, 58, 103, 250, 2, 219, 195, 117, 125, 224, 193, 134, 99, 209,
       142, 76, 101, 180, 42, 99, 55, 116, 34, 110, 208, 243, 97, 144,
       112, 19, 110, 44, 44, 185, 188, 69, 47, 228, 175, 32, 0, 232, 226,
       192, 40, 81, 143, 95, 101, 176, 46, 79, 183, 96, 136, 122, 68,
       243, 35, 144, 112, 52, 102, 108, 110, 249, 152, 5, 47, 232, 175,
       36, 192, 104, 226, 194, 41, 209, 84, 157, 116, 42, 78, 69, 62,
       112, 250, 162, 88, 215, 51, 0, 123, 34, 212, 124, 106, 105, 197,
       241, 12, 241, 235, 117, 20, 40, 240, 66, 57, 217, 190, 220, 178,
       170, 172, 93, 159, 179, 127, 180, 189, 191, 247, 194, 27, 167,
       215, 253, 20, 191, 79, 202, 51, 218, 195, 117, 253, 162, 196, 142,
       91, 252, 164, 220, 114, 137, 109, 85, 222, 179, 183, 165, 25, 23,
       243, 75, 27, 1, 214, 237, 16, 58, 71, 218, 32, 219, 195, 117, 125,
       226, 241, 206, 2, 228, 180, 17, 250, 157, 237, 65, 143, 223, 59,
       169, 24, 150, 208, 76, 56, 129, 154, 104, 16, 59, 111, 219, 119,
       153, 150, 21, 126, 208, 72, 198, 34, 93, 69, 125, 103, 22, 14, 71,
       48, 101, 160, 171, 64, 83, 115, 25, 112, 48, 196, 76, 106, 233,
       176, 93, 46, 243, 239, 33, 20, 96, 243, 64, 34, 244, 68, 220, 102,
       168, 106, 87, 168, 184, 178, 167, 24, 87, 119, 9, 123, 23, 213,
       109, 106, 104, 101, 201, 14, 243, 235, 101, 20, 96, 243, 71, 34,
       96, 213, 21, 251, 157, 205, 69, 175, 79, 49, 40, 24, 182, 53, 76,
       112, 129, 19, 104, 0, 91, 40, 243, 181, 173, 214, 84, 127, 80, 24,
       196, 42, 192, 140, 157, 250, 232, 237, 49, 167, 158, 23, 104, 24,
       182, 247, 96, 91, 129, 114, 106, 24, 50, 74, 218, 55, 205, 167,
       116, 120, 144, 72, 135, 170, 69, 231, 189, 71, 180, 14, 103, 184,
       122, 234, 47, 76, 214, 97, 217, 50, 145, 68, 108, 110, 225, 240,
       249, 46, 237, 191, 101, 4, 72, 243, 67, 33, 65, 49, 25, 97, 17,
       78, 51, 33, 104, 224, 106, 8, 190, 17, 0, 48, 144, 28, 72, 104,
       67, 248, 177, 13, 229, 188, 1, 2, 72, 2, 67, 58, 124, 228, 220,
       103, 137, 62, 94, 184, 50, 178, 175, 9, 83, 115, 73, 211, 17, 213,
       249, 234, 40, 66, 217, 62, 251, 239, 197, 117, 170, 243, 74, 2,
       109, 101, 33, 103, 180, 31, 118, 184, 105, 232, 123, 73, 219, 125,
       157, 176, 148, 68, 125, 110, 196, 240, 233, 12, 103, 253, 37, 22,
       66, 191, 82, 103, 12, 119, 121, 101, 48, 79, 63, 56, 57, 172, 127,
       173, 223, 87, 139, 16, 150, 93, 197, 106, 97, 144, 249, 14, 231,
       223, 33, 132, 66, 179, 7, 243, 88, 173, 191, 114, 154, 233, 87,
       231, 178, 181, 172, 24, 63, 247, 64, 58, 161, 247, 236, 16, 26,
       107, 186, 49, 219, 199, 117, 121, 224, 65, 134, 106, 248, 168,
       157, 114, 136, 237, 81, 215, 178, 123, 164, 25, 55, 179, 66, 58,
       129, 230, 125, 24, 62, 79, 210, 35, 219, 203, 117, 121, 162, 192,
       206, 10, 197, 84, 29, 119, 168, 110, 71, 184, 248, 250, 163, 80,
       215, 115, 9, 115, 129, 84, 124, 106, 121, 228, 121, 46, 237, 251,
       101, 20, 72, 243, 195, 49, 108, 240, 189, 113, 169, 77, 85, 159,
       251, 191, 164, 24, 151, 181, 72, 58, 129, 214, 108, 24, 122, 104,
       251, 16, 239, 211, 117, 125, 194, 216, 198, 99, 120, 184, 57, 112,
       27, 237, 81, 83, 235, 53, 172, 24, 54, 151, 64, 56, 161, 178, 104,
       24, 18, 107, 178, 21, 219, 201, 16, 123, 224, 0, 70, 107, 81, 159,
       95, 103, 176, 14, 71, 183, 96, 136, 170, 68, 115, 49, 128, 115,
       20, 230, 108, 110, 249, 169, 81, 45, 224, 235, 100, 16, 104, 242,
       194, 41, 221, 93, 31, 102, 168, 78, 71, 180, 224, 218, 167, 76,
       119, 115, 137, 115, 38, 244, 124, 106, 105, 229, 185, 44, 243,
       235, 101, 16, 104, 243, 194, 57, 221, 92, 221, 116, 40, 78, 69,
       59, 112, 250, 166, 88, 87, 55, 129, 123, 35, 212, 108, 106, 105,
       101, 243, 10, 241, 235, 101, 20, 104, 240, 2, 57, 64, 56, 159,
       116, 40, 108, 81, 19, 170, 153, 166, 56, 183, 183, 64, 122, 2,
       244, 108, 24, 25, 77, 179, 0, 193, 243, 112, 24, 160, 160, 6, 43,
       249, 174, 254, 178, 171, 189, 92, 223, 179, 123, 180, 217, 63,
       247, 66, 59, 167, 243, 253, 28, 190, 79, 202, 51, 219, 219, 117,
       249, 162, 196, 138, 75, 237, 135, 88, 99, 176, 63, 87, 190, 118,
       47, 63, 124, 211, 96, 138, 113, 23, 198, 76, 126, 190, 56, 109,
       63, 238, 207, 37, 116, 248, 218, 200, 1, 230, 162, 190, 94, 232,
       245, 29, 207, 171, 191, 165, 185, 36, 231, 78, 27, 133, 119, 237,
       16, 50, 79, 170, 113, 155, 147, 125, 255, 128, 96, 135, 107, 101,
       180, 145, 242, 172, 173, 69, 143, 255, 59, 169, 88, 214, 240, 76,
       61, 145, 154, 108, 18, 59, 103, 219, 51, 153, 150, 85, 126, 208,
       73, 194, 35, 125, 69, 87, 103, 148, 110, 71, 184, 101, 160, 171,
       72, 83, 113, 25, 112, 48, 196, 76, 234, 105, 177, 25, 46, 241,
       239, 5, 20, 97, 243, 64, 32, 212, 76, 94, 246, 154, 106, 87, 162,
       180, 162, 174, 8, 119, 115, 1, 83, 97, 246, 108, 226, 104, 197,
       89, 46, 249, 227, 229, 17, 32, 113, 108, 42, 96, 245, 17, 99, 153,
       77, 84, 175, 111, 57, 40, 88, 150, 51, 76, 118, 145, 23, 104, 16,
       91, 104, 219, 21, 173, 148, 21, 126, 88, 8, 194, 42, 36, 133, 29,
       105, 24, 79, 71, 184, 86, 176, 171, 8, 211, 117, 9, 112, 81, 84,
       104, 106, 73, 48, 121, 28, 237, 142, 5, 52, 88, 107, 64, 48, 240,
       170, 190, 112, 138, 168, 81, 87, 162, 151, 164, 56, 55, 167, 64,
       26, 35, 182, 109, 16, 26, 79, 162, 3, 219, 227, 116, 121, 224,
       192, 134, 106, 76, 101, 120, 101, 114, 27, 127, 40, 57, 164, 111,
       136, 223, 119, 137, 176, 54, 221, 213, 110, 64, 144, 233, 76, 231,
       207, 33, 133, 103, 179, 7, 160, 101, 97, 120, 103, 116, 26, 126,
       168, 105, 160, 111, 8, 215, 121, 157, 48, 146, 76, 93, 110, 196,
       176, 201, 12, 230, 253, 33, 5, 68, 179, 74, 0, 33, 116, 89, 69,
       80, 79, 99, 48, 96, 200, 109, 72, 114, 21, 133, 52, 24, 60, 64,
       106, 1, 180, 241, 14, 37, 140, 32, 0, 73, 179, 66, 168, 80, 184,
       159, 240, 136, 232, 81, 19, 166, 83, 166, 24, 183, 151, 64, 123,
       1, 183, 108, 16, 27, 77, 147, 49, 217, 195, 113, 120, 160, 192, 7,
       42, 120, 168, 159, 114, 136, 237, 81, 87, 242, 63, 164, 24, 55,
       179, 66, 59, 129, 246, 108, 16, 58, 111, 242, 49, 219, 203, 116,
       121, 224, 192, 206, 42, 108, 225, 57, 110, 89, 77, 67, 168, 3, 52,
       173, 8, 242, 87, 8, 48, 216, 80, 81, 106, 75, 34, 251, 29, 103,
       221, 1, 62, 82, 59, 70, 226, 240, 40, 255, 80, 74, 200, 65, 83,
       162, 151, 164, 24, 19, 151, 64, 59, 33, 182, 100, 24, 58, 79, 162,
       0, 91, 161, 112, 120, 224, 128, 70, 98, 45, 52, 177, 65, 213, 111,
       99, 138, 122, 249, 43, 24, 214, 53, 73, 190, 145, 92, 64, 56, 49,
       112, 249, 2, 13, 158, 5, 118, 194, 123, 70, 162, 88, 56, 187, 116,
       40, 204, 81, 19, 170, 29, 166, 56, 63, 151, 64, 122, 166, 116,
       108, 24, 27, 79, 162, 0, 219, 225, 112, 88, 128, 128, 39, 107,
       242, 174, 150, 114, 233, 173, 92, 255, 187, 59, 176, 89, 46, 235,
       64, 31, 167, 227, 125, 156, 58, 79, 138, 243, 155, 218, 85, 251,
       162, 196, 130, 11, 101, 180, 149, 115, 189, 45, 70, 142, 127, 187,
       185, 88, 214, 241, 76, 62, 153, 218, 110, 16, 59, 98, 91, 51, 141,
       158, 85, 126, 208, 89, 194, 35, 173, 253, 29, 95, 220, 141, 103,
       189, 222, 26, 108, 92, 246, 241, 8, 113, 89, 98, 106, 74, 115,
       106, 219, 63, 101, 171, 101, 56, 88, 122, 194, 162, 61, 68, 147,
       103, 149, 110, 70, 184, 117, 162, 239, 0, 83, 113, 25, 112, 113,
