%YAML:1.0
---
descriptors: !!opencv-matrix
   rows: 193
   cols: 32
   dt: u
   data: [ 20, 117, 121, 231, 176, 79, 111, 184, 36, 232, 255, 100, 215,
       127, 153, 96, 126, 221, 127, 234, 201, 176, 121, 12, 237, 239, 39,
       132, 100, 179, 39, 241, 170, 172, 182, 248, 141, 229, 208, 199,
       255, 23, 160, 25, 174, 186, 102, 155, 201, 179, 235, 17, 62, 111,
       210, 243, 155, 243, 222, 123, 210, 76, 238, 138, 249, 56, 189,
       250, 173, 237, 81, 91, 235, 251, 180, 28, 191, 253, 64, 59, 133,
       179, 253, 24, 187, 111, 250, 177, 219, 219, 81, 122, 218, 200,
       194, 115, 232, 160, 188, 248, 141, 253, 80, 15, 155, 55, 164, 25,
       174, 191, 78, 27, 201, 18, 235, 16, 62, 111, 210, 145, 219, 219,
       80, 123, 210, 76, 206, 10, 117, 81, 121, 103, 52, 78, 79, 184,
       116, 232, 127, 108, 211, 87, 153, 112, 118, 220, 20, 106, 201,
       176, 249, 14, 229, 173, 37, 132, 116, 187, 80, 49, 252, 48, 189,
       98, 13, 109, 81, 24, 195, 183, 165, 24, 223, 29, 73, 59, 129, 148,
       233, 58, 58, 103, 251, 16, 219, 219, 81, 125, 194, 105, 70, 98,
       162, 160, 180, 248, 173, 237, 208, 71, 207, 23, 160, 25, 174, 159,
       70, 11, 201, 51, 251, 17, 58, 111, 210, 209, 139, 216, 90, 123,
       210, 76, 199, 202, 236, 48, 188, 240, 13, 125, 81, 10, 203, 191,
       165, 24, 159, 31, 70, 59, 129, 145, 253, 16, 26, 102, 243, 144,
       203, 217, 81, 125, 210, 73, 71, 114, 237, 125, 189, 103, 173, 111,
       71, 156, 123, 250, 166, 8, 215, 125, 81, 123, 145, 212, 124, 122,
       185, 116, 249, 34, 239, 251, 101, 52, 192, 123, 86, 115, 21, 81,
       89, 231, 182, 78, 111, 184, 36, 232, 123, 96, 215, 119, 137, 96,
       54, 92, 28, 106, 201, 144, 89, 44, 228, 173, 39, 132, 44, 187, 1,
       49, 236, 48, 180, 241, 173, 125, 80, 27, 251, 187, 165, 24, 142,
       189, 72, 59, 201, 23, 253, 17, 58, 109, 243, 130, 207, 219, 80,
       127, 194, 72, 70, 146, 53, 111, 75, 239, 214, 3, 239, 248, 116,
       128, 123, 198, 81, 233, 185, 32, 122, 232, 22, 239, 193, 178, 77,
       62, 116, 172, 175, 132, 125, 187, 112, 160, 118, 229, 118, 239,
       254, 11, 254, 232, 47, 160, 251, 10, 79, 234, 61, 80, 254, 205,
       127, 227, 192, 243, 139, 252, 190, 254, 143, 188, 53, 187, 113,
       129, 236, 113, 253, 103, 36, 95, 95, 152, 1, 238, 183, 8, 211, 93,
       217, 59, 28, 212, 253, 106, 105, 244, 249, 40, 231, 217, 101, 181,
       98, 187, 86, 115, 216, 184, 191, 112, 171, 237, 17, 71, 187, 27,
       164, 24, 190, 183, 64, 59, 163, 55, 253, 16, 58, 109, 178, 3, 219,
       211, 80, 123, 192, 64, 135, 107, 232, 48, 188, 97, 45, 125, 81,
       26, 107, 191, 165, 24, 159, 31, 67, 59, 129, 21, 221, 16, 56, 102,
       241, 144, 199, 217, 81, 63, 194, 73, 70, 114, 5, 81, 25, 231, 180,
       14, 111, 184, 36, 232, 91, 96, 215, 119, 153, 96, 86, 92, 30, 238,
       201, 144, 73, 44, 228, 173, 175, 132, 44, 179, 1, 177, 213, 80,
       29, 103, 32, 78, 71, 56, 112, 250, 179, 124, 215, 87, 137, 123,
       20, 212, 124, 106, 233, 212, 249, 8, 197, 171, 97, 148, 40, 179,
       66, 49, 130, 172, 182, 248, 221, 173, 252, 231, 191, 27, 240, 16,
       172, 186, 116, 75, 201, 171, 123, 145, 50, 110, 210, 243, 159,
       250, 222, 74, 208, 72, 225, 138, 252, 112, 188, 116, 45, 124, 81,
       24, 235, 186, 181, 24, 223, 217, 89, 59, 140, 212, 125, 106, 168,
       103, 250, 128, 211, 249, 97, 60, 98, 169, 66, 35, 226, 180, 180,
       249, 237, 237, 240, 15, 255, 59, 160, 24, 142, 187, 68, 91, 201,
       23, 251, 16, 50, 110, 211, 211, 143, 218, 88, 127, 210, 72, 211,
       138, 221, 85, 29, 231, 60, 14, 79, 184, 100, 232, 187, 72, 215,
       115, 137, 115, 22, 212, 124, 106, 233, 208, 249, 44, 225, 235,
       101, 148, 40, 179, 64, 33, 194, 172, 246, 153, 236, 169, 248, 7,
       127, 51, 242, 18, 172, 170, 84, 75, 239, 191, 127, 145, 178, 124,
       195, 211, 156, 26, 218, 192, 132, 64, 161, 137, 130, 168, 246,
       157, 108, 169, 248, 7, 63, 59, 243, 18, 140, 174, 84, 75, 231, 47,
       127, 145, 178, 254, 195, 195, 140, 62, 90, 192, 132, 72, 161, 137,
       194, 128, 246, 153, 108, 169, 248, 7, 127, 59, 114, 18, 172, 138,
       84, 75, 239, 143, 127, 145, 178, 252, 67, 211, 148, 58, 218, 194,
       132, 0, 33, 137, 130, 0, 214, 145, 110, 171, 248, 75, 63, 51, 243,
       18, 140, 138, 28, 75, 238, 157, 127, 145, 34, 247, 195, 209, 148,
       186, 218, 194, 133, 8, 33, 129, 21, 79, 75, 237, 20, 11, 111, 248,
       100, 160, 122, 198, 211, 67, 177, 96, 122, 204, 6, 238, 201, 176,
       69, 14, 228, 173, 167, 132, 109, 186, 96, 160, 246, 97, 86, 207,
       108, 11, 238, 232, 47, 160, 243, 10, 206, 202, 61, 81, 122, 205,
       127, 227, 72, 243, 203, 252, 182, 184, 207, 188, 37, 187, 115,
       128, 236, 180, 180, 234, 173, 125, 83, 217, 95, 59, 181, 24, 223,
       125, 72, 58, 217, 147, 255, 50, 58, 102, 251, 147, 223, 215, 65,
       127, 210, 75, 198, 51, 236, 113, 253, 103, 36, 79, 87, 152, 97,
       238, 183, 8, 219, 93, 201, 59, 156, 212, 125, 106, 233, 244, 249,
       40, 231, 217, 101, 181, 66, 251, 86, 115, 229, 112, 189, 103, 168,
       110, 87, 152, 114, 254, 167, 12, 215, 117, 73, 27, 145, 68, 125,
       126, 41, 116, 249, 2, 207, 219, 101, 52, 192, 115, 66, 98, 104,
       176, 176, 249, 141, 237, 80, 15, 235, 63, 165, 24, 142, 157, 68,
       27, 137, 147, 249, 16, 26, 111, 210, 209, 207, 217, 80, 127, 210,
       8, 198, 2, 53, 85, 81, 79, 116, 15, 111, 248, 100, 232, 123, 102,
       83, 81, 153, 116, 126, 204, 22, 110, 201, 176, 109, 28, 100, 172,
       165, 132, 125, 187, 80, 177, 232, 172, 188, 248, 141, 237, 80,
       199, 219, 23, 164, 25, 174, 189, 102, 27, 201, 178, 233, 17, 58,
       111, 210, 177, 219, 211, 84, 123, 210, 76, 206, 10, 252, 48, 188,
       240, 45, 125, 81, 26, 251, 187, 181, 24, 158, 159, 73, 59, 133,
       149, 253, 16, 40, 103, 243, 128, 211, 219, 81, 127, 194, 105, 70,
       3, 106, 180, 180, 241, 237, 237, 80, 15, 251, 59, 160, 24, 142,
       185, 68, 91, 137, 19, 251, 17, 58, 111, 211, 209, 143, 219, 82,
       127, 210, 72, 199, 10, 10, 172, 222, 179, 228, 168, 184, 7, 190,
       27, 115, 16, 189, 174, 84, 75, 231, 59, 127, 145, 50, 220, 195,
       211, 140, 255, 122, 194, 132, 72, 161, 137, 237, 124, 189, 119,
       173, 110, 119, 182, 121, 234, 38, 24, 246, 117, 65, 59, 149, 118,
       124, 122, 225, 244, 251, 42, 239, 219, 101, 48, 192, 113, 198,
       123, 130, 172, 214, 155, 100, 169, 184, 7, 191, 27, 115, 18, 172,
       170, 84, 75, 231, 43, 127, 145, 50, 252, 195, 243, 12, 62, 218,
       194, 132, 8, 161, 137, 130, 168, 246, 153, 108, 169, 184, 6, 255,
       27, 114, 18, 140, 138, 84, 75, 239, 11, 127, 145, 178, 252, 195,
       243, 140, 58, 218, 192, 132, 9, 161, 137, 237, 252, 189, 115, 173,
       111, 87, 152, 91, 251, 165, 24, 215, 117, 73, 59, 145, 84, 124,
       122, 123, 102, 249, 50, 239, 219, 69, 116, 194, 123, 198, 114,
       130, 96, 214, 153, 110, 41, 248, 78, 63, 49, 242, 18, 140, 138,
       92, 75, 239, 141, 127, 145, 50, 244, 67, 208, 148, 58, 218, 198,
       196, 8, 161, 129, 124, 85, 125, 231, 184, 110, 95, 188, 33, 168,
       191, 8, 223, 119, 9, 51, 22, 213, 125, 106, 233, 211, 249, 44,
       255, 233, 101, 148, 32, 243, 198, 51, 252, 112, 188, 99, 169, 111,
       87, 152, 115, 186, 181, 8, 223, 95, 73, 59, 157, 213, 253, 122,
       40, 102, 249, 48, 207, 219, 101, 53, 226, 251, 70, 51, 25, 77, 93,
       229, 52, 10, 79, 52, 100, 160, 250, 70, 247, 3, 145, 112, 118,
       228, 28, 238, 201, 184, 69, 12, 224, 233, 164, 144, 44, 178, 96,
       41, 17, 5, 91, 229, 52, 11, 111, 117, 100, 160, 122, 70, 183, 3,
       144, 96, 126, 174, 22, 168, 201, 184, 69, 12, 228, 173, 162, 128,
       108, 138, 225, 169, 52, 32, 91, 171, 124, 43, 235, 88, 62, 160,
       243, 74, 215, 203, 57, 88, 122, 141, 127, 187, 9, 183, 201, 94,
       212, 172, 171, 252, 245, 171, 115, 160, 118, 97, 114, 239, 124,
       11, 254, 232, 45, 160, 251, 10, 207, 106, 29, 80, 254, 205, 95,
