%YAML:1.0
---
descriptors: !!opencv-matrix
   rows: 252
   cols: 32
   dt: u
   data: [ 240, 172, 252, 112, 136, 233, 81, 215, 162, 23, 164, 56, 51,
       183, 66, 27, 1, 178, 109, 16, 58, 79, 162, 49, 219, 195, 116, 121,
       224, 192, 198, 106, 100, 117, 217, 69, 116, 79, 103, 184, 106,
       184, 45, 8, 214, 53, 201, 52, 145, 92, 80, 106, 65, 112, 249, 30,
       111, 156, 37, 54, 66, 187, 70, 227, 37, 81, 49, 77, 125, 79, 199,
       56, 72, 232, 107, 8, 210, 85, 141, 52, 144, 92, 82, 106, 65, 176,
       121, 12, 37, 188, 1, 52, 80, 59, 86, 226, 44, 241, 57, 107, 185,
       77, 83, 184, 3, 120, 45, 8, 242, 87, 73, 48, 153, 88, 68, 122, 74,
       98, 251, 21, 239, 221, 5, 61, 82, 59, 70, 226, 253, 113, 253, 103,
       236, 78, 87, 184, 97, 250, 183, 76, 211, 117, 221, 59, 20, 212,
       124, 106, 201, 102, 249, 8, 103, 217, 101, 60, 107, 243, 70, 113,
       156, 157, 123, 239, 180, 47, 111, 191, 52, 234, 127, 112, 247,
       119, 136, 80, 127, 254, 29, 46, 248, 188, 73, 63, 236, 239, 39,
       132, 100, 243, 128, 113, 220, 95, 123, 103, 180, 78, 79, 184, 116,
       170, 254, 104, 215, 119, 137, 113, 118, 214, 124, 106, 233, 144,
       105, 46, 227, 239, 37, 148, 96, 251, 196, 49, 44, 112, 188, 98,
       237, 125, 83, 152, 91, 255, 181, 24, 223, 93, 73, 59, 149, 217,
       221, 58, 42, 102, 251, 146, 207, 223, 69, 125, 194, 251, 70, 51,
       198, 236, 246, 255, 254, 43, 254, 238, 127, 179, 251, 146, 237,
       238, 29, 75, 127, 239, 127, 179, 250, 247, 207, 255, 190, 254,
       223, 196, 229, 253, 227, 129, 198, 237, 246, 255, 254, 43, 238,
       253, 127, 178, 255, 154, 239, 235, 29, 75, 123, 239, 127, 235,
       240, 247, 207, 255, 190, 254, 207, 140, 231, 251, 225, 129, 172,
       180, 188, 114, 189, 253, 81, 152, 127, 61, 165, 24, 222, 253, 72,
       24, 153, 27, 253, 16, 58, 99, 123, 147, 203, 219, 17, 127, 210,
       75, 198, 50, 182, 229, 246, 255, 252, 47, 254, 236, 191, 186, 251,
       26, 239, 251, 125, 83, 255, 239, 127, 227, 250, 243, 203, 255,
       191, 222, 207, 222, 197, 251, 225, 129, 237, 244, 252, 247, 173,
       110, 95, 184, 187, 250, 183, 28, 223, 127, 75, 123, 151, 215, 253,
       106, 232, 101, 235, 170, 239, 251, 103, 148, 194, 243, 195, 115,
       252, 44, 252, 118, 137, 109, 85, 223, 211, 183, 164, 24, 83, 225,
       71, 27, 9, 214, 236, 26, 56, 103, 250, 34, 219, 203, 85, 61, 227,
       249, 198, 42, 248, 184, 255, 112, 170, 232, 81, 215, 162, 23, 164,
       24, 27, 183, 66, 59, 39, 182, 237, 16, 58, 79, 178, 49, 219, 203,
       116, 121, 226, 128, 198, 123, 224, 172, 157, 250, 200, 233, 17,
       143, 170, 19, 160, 24, 182, 243, 72, 91, 129, 18, 106, 24, 51,
       111, 218, 49, 221, 131, 117, 121, 208, 72, 135, 170, 6, 101, 246,
       239, 252, 11, 254, 232, 125, 160, 251, 2, 207, 106, 29, 0, 127,
       205, 127, 227, 232, 243, 201, 238, 190, 254, 143, 132, 101, 251,
       97, 129, 248, 24, 157, 116, 40, 44, 85, 54, 160, 154, 182, 120,
       247, 183, 65, 91, 133, 245, 237, 2, 104, 71, 194, 0, 211, 227,
       116, 24, 224, 240, 6, 43, 208, 133, 92, 244, 138, 74, 77, 39, 160,
       178, 166, 24, 215, 35, 0, 83, 34, 214, 109, 42, 120, 205, 129, 15,
       241, 163, 101, 21, 32, 224, 134, 42, 69, 245, 149, 3, 149, 14,
       102, 188, 122, 249, 43, 76, 214, 112, 72, 54, 149, 70, 104, 126,
       211, 240, 217, 98, 45, 190, 37, 68, 200, 51, 195, 5, 69, 103, 144,
       39, 176, 46, 110, 152, 123, 170, 59, 100, 223, 98, 201, 250, 151,
       77, 108, 126, 148, 240, 201, 66, 172, 255, 103, 196, 136, 243,
       203, 5, 21, 101, 59, 103, 149, 79, 103, 232, 118, 224, 111, 0, 83,
       241, 41, 96, 121, 204, 18, 106, 73, 176, 57, 30, 233, 142, 5, 4,
       104, 251, 112, 160, 198, 172, 214, 191, 236, 171, 254, 238, 191,
       187, 250, 26, 238, 234, 93, 75, 255, 239, 127, 131, 48, 255, 203,
       255, 188, 190, 223, 234, 197, 121, 225, 137, 70, 69, 118, 239,
       254, 11, 254, 232, 61, 162, 251, 10, 205, 234, 61, 80, 254, 205,
       127, 227, 224, 179, 137, 206, 182, 254, 143, 164, 53, 251, 113,
       129, 109, 102, 16, 71, 116, 30, 102, 184, 121, 170, 123, 76, 214,
       1, 153, 148, 148, 76, 68, 110, 196, 176, 201, 44, 38, 188, 37, 4,
       74, 179, 75, 5, 232, 181, 189, 121, 173, 125, 81, 191, 127, 63,
       188, 24, 159, 61, 72, 51, 129, 83, 252, 24, 58, 108, 251, 55, 207,
       223, 84, 125, 210, 200, 198, 107, 248, 60, 190, 124, 233, 253, 81,
       83, 255, 123, 181, 24, 191, 255, 0, 123, 133, 179, 252, 8, 57,
       239, 114, 19, 211, 219, 113, 57, 194, 200, 198, 51, 69, 117, 149,
       3, 165, 15, 231, 156, 122, 250, 11, 76, 214, 112, 89, 42, 145, 70,
       120, 127, 241, 240, 217, 42, 173, 30, 69, 116, 200, 123, 83, 36,
       69, 117, 16, 69, 85, 30, 102, 56, 104, 224, 107, 76, 214, 16, 13,
       182, 144, 68, 80, 106, 197, 240, 209, 8, 37, 188, 5, 6, 72, 59,
       67, 134, 244, 14, 204, 182, 138, 32, 93, 191, 162, 183, 134, 185,
       119, 231, 67, 91, 67, 246, 109, 140, 56, 79, 202, 32, 217, 163,
       245, 189, 160, 240, 134, 106, 240, 174, 220, 114, 168, 173, 85,
       223, 178, 191, 164, 29, 55, 227, 66, 27, 13, 246, 109, 28, 58, 79,
       202, 51, 219, 139, 117, 121, 224, 192, 206, 3, 69, 125, 49, 71,
       115, 78, 102, 176, 125, 232, 106, 72, 222, 87, 1, 180, 178, 124,
       80, 106, 65, 176, 57, 110, 39, 188, 5, 2, 74, 51, 71, 177, 141,
       93, 159, 103, 48, 14, 111, 184, 124, 234, 95, 100, 213, 119, 145,
       112, 54, 124, 54, 110, 225, 208, 125, 46, 228, 175, 39, 128, 12,
       243, 1, 177, 44, 241, 49, 73, 125, 79, 71, 184, 67, 52, 45, 8,
       210, 85, 77, 52, 153, 88, 64, 106, 74, 32, 123, 29, 103, 221, 5,
       62, 82, 59, 70, 162, 93, 93, 125, 231, 176, 14, 79, 188, 116, 170,
       254, 96, 119, 119, 137, 112, 86, 212, 29, 106, 233, 144, 121, 46,
       227, 239, 37, 132, 96, 243, 192, 57, 125, 85, 125, 103, 180, 78,
       79, 184, 97, 234, 191, 72, 83, 119, 137, 115, 22, 212, 124, 106,
       233, 176, 249, 46, 243, 237, 101, 148, 98, 243, 70, 113, 212, 188,
       250, 255, 182, 171, 255, 254, 62, 163, 242, 50, 247, 251, 89, 73,
       127, 255, 63, 147, 178, 254, 203, 63, 252, 239, 255, 140, 164,
       249, 161, 137, 20, 173, 120, 239, 180, 47, 111, 191, 54, 171, 127,
       16, 215, 115, 153, 64, 119, 206, 29, 58, 186, 176, 73, 63, 236,
       239, 167, 196, 164, 251, 128, 163, 244, 172, 220, 255, 252, 43,
       254, 239, 190, 179, 243, 18, 245, 234, 92, 91, 255, 239, 127, 130,
       50, 247, 203, 243, 254, 239, 255, 156, 149, 120, 243, 129, 44,
       112, 188, 96, 173, 125, 83, 152, 91, 255, 181, 24, 222, 93, 79,
       59, 153, 88, 255, 58, 171, 102, 251, 146, 207, 219, 65, 127, 210,
       91, 70, 115, 198, 237, 246, 255, 252, 43, 238, 236, 127, 178, 251,
       26, 239, 234, 29, 81, 251, 239, 127, 226, 240, 247, 203, 255, 190,
       254, 223, 172, 213, 251, 243, 136, 252, 181, 180, 255, 173, 47,
       94, 188, 255, 187, 181, 25, 219, 255, 92, 27, 221, 214, 255, 106,
       254, 103, 219, 179, 255, 223, 117, 254, 210, 255, 210, 3, 238,
       244, 180, 254, 173, 47, 222, 252, 255, 187, 185, 25, 235, 251, 93,
       91, 221, 214, 127, 82, 250, 103, 203, 243, 191, 255, 247, 190,
       210, 251, 210, 9, 232, 180, 180, 250, 157, 205, 80, 47, 223, 27,
       173, 24, 174, 253, 76, 80, 201, 27, 251, 16, 122, 107, 218, 151,
       203, 223, 80, 127, 210, 72, 198, 146, 252, 180, 188, 255, 173, 63,
       94, 188, 255, 187, 189, 25, 223, 253, 89, 59, 221, 214, 253, 126,
       186, 103, 219, 178, 255, 223, 117, 125, 194, 251, 194, 19, 253,
       244, 252, 247, 172, 47, 95, 184, 251, 250, 191, 24, 223, 127, 75,
       59, 151, 215, 253, 106, 232, 101, 251, 34, 239, 251, 101, 188,
       226, 243, 195, 115, 252, 188, 252, 118, 169, 109, 85, 191, 179,
       191, 164, 25, 123, 247, 64, 27, 1, 214, 236, 10, 56, 79, 250, 32,
       219, 203, 117, 61, 226, 240, 198, 59, 120, 168, 254, 112, 138,
       232, 81, 215, 162, 23, 172, 9, 59, 183, 66, 27, 35, 247, 237, 16,
