%YAML:1.0
---
descriptors: !!opencv-matrix
   rows: 142
   cols: 32
   dt: u
   data: [ 254, 180, 180, 250, 141, 125, 80, 218, 255, 31, 181, 25, 207,
       253, 78, 155, 189, 211, 239, 16, 62, 99, 251, 179, 219, 219, 81,
       127, 242, 77, 78, 83, 252, 113, 252, 242, 169, 85, 95, 216, 179,
       254, 181, 13, 223, 223, 75, 155, 221, 213, 253, 242, 108, 71, 251,
       176, 219, 219, 101, 63, 50, 119, 78, 83, 126, 77, 114, 158, 205,
       95, 254, 236, 159, 166, 253, 11, 108, 254, 47, 212, 249, 255, 255,
       227, 110, 115, 218, 255, 191, 119, 143, 63, 19, 127, 254, 198, 92,
       125, 188, 166, 171, 95, 95, 188, 171, 254, 188, 13, 255, 127, 75,
       211, 247, 215, 253, 102, 204, 67, 251, 184, 251, 217, 101, 189,
       50, 243, 143, 83, 150, 237, 118, 255, 188, 11, 254, 236, 63, 130,
       251, 2, 207, 234, 29, 65, 255, 199, 127, 227, 232, 231, 203, 254,
       190, 254, 207, 132, 101, 243, 227, 129, 246, 236, 246, 255, 236,
       43, 254, 232, 191, 162, 251, 26, 239, 234, 61, 83, 251, 207, 127,
       99, 224, 247, 203, 251, 190, 254, 207, 180, 149, 251, 211, 129,
       254, 252, 244, 255, 253, 254, 247, 238, 155, 255, 188, 27, 110,
       255, 110, 246, 249, 255, 183, 82, 110, 119, 250, 255, 255, 255,
       199, 119, 147, 127, 222, 247, 159, 255, 189, 215, 181, 94, 255,
       252, 63, 222, 253, 39, 254, 127, 159, 39, 255, 255, 255, 247, 239,
       246, 123, 255, 255, 223, 239, 199, 207, 127, 239, 247, 141, 246,
       121, 231, 52, 14, 107, 184, 116, 202, 246, 244, 223, 67, 153, 113,
       126, 204, 94, 238, 233, 212, 125, 46, 230, 233, 171, 132, 44, 179,
       97, 113, 201, 188, 189, 247, 168, 174, 125, 191, 190, 251, 182,
       117, 223, 127, 128, 123, 199, 119, 125, 156, 187, 205, 123, 39,
       206, 251, 255, 212, 136, 192, 129, 121, 254, 180, 182, 250, 173,
       253, 81, 251, 191, 95, 181, 25, 239, 253, 110, 223, 221, 147, 255,
       16, 62, 111, 250, 183, 155, 219, 83, 127, 210, 77, 207, 83, 255,
       239, 230, 255, 254, 187, 239, 248, 255, 238, 254, 255, 239, 239,
       191, 245, 127, 239, 255, 239, 236, 247, 239, 255, 254, 255, 239,
       188, 191, 255, 251, 213, 252, 252, 254, 247, 236, 111, 255, 248,
       255, 254, 247, 63, 255, 255, 191, 123, 255, 255, 127, 227, 233,
       247, 251, 250, 255, 251, 239, 180, 165, 249, 119, 243, 141, 188,
       255, 243, 236, 175, 239, 255, 127, 251, 247, 246, 223, 255, 216,
       105, 127, 255, 126, 158, 179, 252, 255, 243, 254, 223, 247, 196,
       236, 200, 193, 241, 252, 121, 188, 230, 169, 93, 95, 248, 163,
       254, 181, 13, 95, 255, 75, 155, 206, 213, 253, 98, 76, 67, 251,
       160, 251, 217, 101, 189, 114, 243, 78, 83, 126, 245, 114, 142,
       221, 31, 254, 236, 159, 164, 253, 11, 110, 250, 47, 212, 248, 221,
       239, 227, 108, 99, 218, 255, 191, 119, 143, 63, 19, 127, 255, 134,
       118, 245, 114, 238, 221, 87, 254, 232, 63, 196, 249, 11, 78, 254,
       47, 80, 248, 221, 255, 227, 108, 243, 219, 254, 191, 254, 143, 31,
       83, 127, 238, 214, 220, 125, 189, 166, 172, 126, 95, 189, 175,
       238, 159, 45, 255, 127, 75, 83, 215, 247, 253, 231, 252, 65, 251,
       170, 251, 223, 111, 189, 32, 242, 135, 83, 150, 229, 246, 239,
       254, 11, 254, 232, 63, 162, 251, 2, 207, 234, 61, 65, 255, 207,
       127, 227, 224, 243, 201, 254, 190, 254, 207, 180, 37, 251, 241,
       129, 246, 236, 214, 159, 254, 43, 238, 236, 191, 162, 251, 10,
       238, 234, 61, 83, 123, 207, 127, 227, 104, 247, 203, 254, 188,
       190, 207, 180, 165, 123, 115, 128, 126, 253, 146, 174, 221, 223,
       214, 232, 191, 174, 249, 11, 110, 254, 45, 212, 249, 255, 239,
       227, 108, 99, 218, 255, 187, 246, 143, 63, 211, 127, 127, 198,
       216, 188, 189, 246, 168, 108, 93, 159, 187, 251, 182, 92, 255,
       247, 65, 123, 135, 247, 125, 8, 187, 73, 251, 33, 219, 251, 119,
       152, 136, 241, 135, 123, 126, 188, 238, 222, 253, 255, 255, 254,
       159, 254, 189, 31, 110, 255, 126, 255, 253, 255, 255, 151, 255,
       99, 186, 255, 251, 95, 223, 255, 223, 127, 255, 247, 252, 117,
       188, 230, 172, 78, 95, 188, 160, 254, 189, 13, 215, 119, 75, 19,
       20, 215, 125, 106, 104, 67, 249, 40, 243, 201, 101, 189, 32, 251,
       142, 115, 157, 86, 123, 231, 52, 11, 107, 184, 124, 232, 246, 246,
       255, 91, 153, 97, 126, 205, 30, 238, 233, 180, 109, 174, 230, 233,
       167, 132, 44, 185, 97, 241, 141, 188, 253, 243, 252, 111, 239,
       216, 127, 251, 247, 114, 223, 255, 216, 107, 127, 223, 127, 186,
       179, 244, 255, 242, 223, 255, 247, 196, 237, 249, 215, 241, 237,
       180, 253, 255, 236, 109, 239, 216, 127, 254, 247, 58, 255, 255,
       217, 123, 127, 223, 127, 190, 177, 118, 251, 242, 255, 255, 231,
       172, 229, 249, 247, 241, 118, 173, 214, 143, 252, 43, 238, 232,
       63, 162, 251, 10, 206, 234, 93, 80, 123, 207, 127, 243, 120, 243,
       203, 254, 188, 190, 207, 252, 229, 123, 115, 128, 118, 229, 86,
       143, 254, 11, 238, 236, 63, 160, 251, 10, 238, 234, 61, 80, 123,
       239, 127, 227, 104, 243, 203, 255, 188, 190, 143, 188, 53, 58,
       243, 136, 246, 117, 114, 238, 221, 79, 126, 232, 63, 174, 249, 11,
       78, 255, 47, 80, 248, 221, 255, 227, 104, 179, 217, 254, 183, 254,
       143, 31, 19, 127, 103, 210, 220, 188, 255, 255, 236, 111, 255,
       248, 191, 254, 255, 58, 255, 255, 219, 123, 127, 255, 127, 203,
       233, 247, 251, 250, 255, 251, 255, 180, 229, 249, 231, 243, 13,
       188, 255, 243, 252, 239, 239, 251, 127, 251, 247, 118, 223, 255,
       216, 104, 127, 223, 126, 158, 179, 252, 255, 247, 254, 223, 247,
       196, 239, 201, 225, 177, 246, 229, 214, 143, 252, 11, 238, 236,
       63, 162, 243, 2, 206, 234, 29, 81, 123, 205, 127, 227, 104, 247,
       203, 255, 188, 190, 207, 148, 37, 123, 225, 128, 6, 101, 246, 239,
       253, 47, 254, 232, 61, 170, 251, 2, 204, 106, 29, 64, 255, 205,
       127, 227, 224, 243, 217, 238, 191, 254, 143, 134, 5, 123, 241,
       130, 54, 117, 246, 239, 253, 79, 254, 232, 61, 170, 251, 2, 204,
       122, 29, 81, 251, 221, 127, 227, 96, 243, 217, 238, 191, 254, 207,
       23, 69, 123, 97, 130, 139, 190, 246, 223, 254, 187, 252, 255, 127,
       242, 254, 246, 237, 234, 150, 229, 127, 239, 255, 141, 165, 249,
       239, 255, 190, 127, 255, 128, 255, 252, 251, 221, 139, 190, 247,
       223, 254, 187, 237, 255, 127, 243, 255, 246, 253, 234, 150, 229,
       127, 239, 127, 141, 177, 255, 239, 255, 190, 254, 255, 196, 239,
       204, 249, 253, 250, 180, 190, 254, 253, 253, 85, 111, 159, 95,
       181, 25, 238, 253, 110, 91, 205, 147, 255, 17, 62, 111, 250, 211,
       219, 223, 214, 123, 210, 76, 238, 215, 6, 253, 182, 159, 253, 95,
       254, 236, 63, 254, 255, 7, 236, 254, 15, 69, 255, 255, 255, 231,
       244, 243, 251, 255, 191, 126, 207, 135, 135, 127, 229, 215, 126,
       253, 50, 190, 221, 223, 214, 232, 191, 172, 253, 11, 78, 254, 47,
       148, 249, 253, 239, 99, 108, 99, 218, 255, 187, 247, 143, 59, 83,
       127, 111, 198, 62, 253, 50, 174, 157, 95, 222, 232, 191, 172, 253,
       11, 78, 254, 47, 212, 249, 253, 239, 99, 108, 99, 218, 255, 187,
       246, 143, 63, 83, 127, 255, 198, 253, 119, 237, 235, 142, 3, 79,
       248, 82, 242, 157, 238, 83, 105, 217, 35, 95, 196, 125, 255, 233,
       67, 237, 186, 250, 203, 229, 188, 189, 251, 240, 113, 63, 253,
       191, 223, 253, 223, 255, 252, 191, 254, 255, 34, 254, 255, 255,
       230, 255, 255, 255, 223, 251, 251, 251, 255, 255, 255, 239, 222,
       151, 255, 165, 249, 126, 253, 146, 190, 221, 215, 214, 232, 191,
       172, 184, 11, 238, 254, 47, 212, 249, 255, 239, 99, 108, 99, 218,
       255, 187, 246, 143, 59, 83, 127, 110, 198, 216, 189, 189, 246,
       168, 236, 93, 159, 187, 91, 190, 124, 255, 247, 64, 123, 135, 247,
       125, 8, 187, 73, 251, 35, 251, 251, 119, 216, 136, 240, 131, 123,
       252, 112, 252, 114, 169, 95, 87, 152, 243, 254, 181, 9, 223, 95,
       75, 27, 157, 212, 253, 122, 106, 103, 251, 48, 251, 203, 101, 61,
       242, 251, 78, 115, 110, 252, 190, 254, 253, 255, 247, 236, 191,
