%YAML:1.0
---
descriptors: !!opencv-matrix
   rows: 175
   cols: 32
   dt: u
   data: [ 84, 85, 61, 231, 176, 78, 79, 184, 36, 174, 255, 104, 215,
       119, 137, 114, 86, 212, 125, 106, 233, 144, 249, 14, 237, 239,
       101, 148, 32, 243, 4, 113, 108, 112, 189, 97, 5, 111, 83, 24, 106,
       238, 39, 8, 214, 21, 73, 58, 145, 84, 120, 122, 137, 244, 249, 8,
       207, 219, 69, 52, 192, 123, 70, 115, 236, 113, 61, 103, 32, 78,
       119, 184, 104, 234, 55, 8, 215, 119, 9, 51, 148, 212, 124, 106,
       233, 240, 249, 8, 231, 249, 101, 20, 64, 243, 70, 115, 252, 116,
       157, 54, 168, 44, 85, 159, 176, 154, 161, 89, 215, 115, 73, 91,
       133, 215, 125, 46, 105, 71, 218, 34, 209, 235, 117, 60, 232, 113,
       131, 35, 228, 180, 156, 218, 204, 237, 69, 175, 218, 59, 160, 24,
       182, 243, 72, 123, 129, 90, 106, 24, 59, 111, 219, 115, 221, 146,
       85, 126, 216, 88, 199, 42, 92, 102, 216, 166, 168, 42, 94, 136,
       51, 183, 167, 153, 215, 227, 75, 91, 51, 204, 108, 126, 60, 67,
       207, 34, 218, 231, 103, 29, 160, 243, 202, 2, 76, 101, 120, 103,
       50, 74, 127, 184, 61, 164, 111, 169, 223, 103, 139, 16, 54, 93,
       221, 110, 96, 144, 105, 78, 231, 255, 37, 132, 98, 179, 7, 113,
       109, 101, 113, 103, 52, 31, 118, 168, 121, 168, 123, 73, 207, 121,
       157, 176, 146, 76, 125, 111, 192, 240, 137, 46, 38, 255, 5, 22,
       66, 191, 82, 5, 65, 189, 26, 103, 112, 142, 115, 52, 104, 8, 106,
       76, 246, 51, 0, 112, 180, 110, 108, 108, 193, 184, 177, 45, 229,
       189, 32, 0, 72, 2, 67, 11, 236, 100, 189, 101, 13, 79, 71, 56,
       114, 178, 167, 8, 215, 53, 73, 51, 145, 212, 104, 106, 104, 116,
       249, 10, 239, 203, 69, 53, 66, 123, 86, 34, 237, 101, 173, 103,
       181, 111, 103, 184, 112, 238, 175, 24, 211, 117, 25, 48, 153, 212,
       120, 106, 105, 240, 249, 46, 239, 223, 5, 20, 194, 123, 214, 98,
       69, 71, 157, 71, 160, 46, 110, 184, 124, 170, 106, 68, 215, 98,
       137, 122, 19, 68, 108, 126, 161, 212, 201, 106, 172, 190, 103, 4,
       136, 243, 65, 33, 213, 44, 157, 244, 136, 109, 69, 158, 178, 179,
       160, 24, 151, 243, 65, 27, 129, 215, 125, 24, 57, 71, 218, 34,
       217, 131, 117, 60, 168, 113, 131, 34, 71, 105, 11, 158, 88, 128,
       171, 104, 174, 0, 193, 64, 180, 194, 33, 80, 72, 40, 74, 207, 65,
       3, 206, 125, 148, 32, 138, 56, 24, 35, 35, 128, 50, 193, 1, 174,
       29, 9, 194, 236, 15, 48, 137, 75, 102, 216, 60, 144, 216, 139, 75,
       99, 78, 35, 91, 253, 176, 20, 138, 62, 16, 15, 114, 142, 124, 180,
       253, 114, 169, 109, 81, 155, 226, 187, 165, 8, 223, 247, 72, 59,
       129, 214, 237, 24, 26, 99, 251, 0, 219, 203, 117, 125, 226, 226,
       198, 99, 85, 77, 93, 103, 148, 78, 103, 184, 100, 160, 235, 72,
       83, 113, 25, 114, 48, 212, 108, 106, 105, 176, 89, 46, 247, 239,
       37, 20, 97, 243, 64, 32, 252, 76, 221, 118, 40, 44, 92, 184, 178,
       178, 166, 56, 223, 119, 65, 91, 7, 212, 109, 42, 104, 71, 203, 34,
       211, 235, 117, 29, 226, 241, 14, 35, 128, 172, 157, 251, 136, 237,
       21, 134, 158, 23, 96, 24, 183, 247, 64, 91, 129, 122, 107, 24, 50,
       76, 218, 51, 205, 163, 117, 120, 144, 88, 135, 170, 118, 103, 214,
       174, 139, 2, 22, 200, 179, 134, 233, 233, 70, 226, 109, 223, 210,
       229, 236, 114, 108, 67, 206, 170, 176, 246, 69, 63, 160, 119, 42,
       7, 109, 101, 88, 103, 180, 26, 110, 168, 121, 160, 107, 8, 207,
       105, 29, 144, 146, 76, 96, 107, 68, 240, 201, 46, 230, 255, 5, 21,
       100, 179, 218, 0, 248, 168, 252, 114, 136, 233, 81, 223, 162, 183,
       164, 24, 51, 231, 64, 27, 1, 178, 109, 24, 58, 79, 250, 49, 217,
       203, 117, 121, 224, 192, 198, 106, 101, 160, 145, 65, 249, 205,
       97, 143, 122, 113, 35, 24, 150, 144, 76, 56, 145, 30, 120, 24, 19,
       120, 251, 82, 13, 156, 21, 126, 200, 1, 195, 34, 64, 154, 157,
       117, 160, 42, 33, 183, 190, 187, 34, 116, 215, 51, 128, 90, 39,
       118, 108, 8, 49, 216, 139, 2, 204, 167, 119, 196, 136, 224, 129,
       33, 236, 37, 189, 103, 181, 111, 71, 172, 113, 162, 111, 24, 210,
       117, 25, 51, 153, 86, 120, 106, 120, 244, 249, 46, 239, 223, 69,
       20, 194, 251, 214, 98, 108, 245, 177, 65, 249, 95, 71, 136, 123,
       184, 41, 8, 222, 117, 77, 190, 145, 92, 96, 122, 67, 112, 249, 16,
       47, 222, 5, 118, 194, 123, 70, 35, 225, 105, 9, 30, 88, 129, 131,
       72, 174, 0, 129, 72, 180, 194, 33, 80, 88, 32, 106, 206, 67, 15,
       202, 125, 144, 0, 139, 56, 24, 3, 35, 44, 54, 193, 80, 168, 95,
       11, 82, 232, 7, 32, 168, 11, 71, 25, 8, 144, 216, 141, 199, 99,
       76, 35, 89, 149, 187, 212, 1, 127, 119, 63, 90, 134, 124, 177,
       253, 98, 169, 77, 85, 157, 227, 189, 173, 8, 223, 247, 72, 50,
       128, 212, 237, 88, 26, 35, 250, 0, 219, 217, 101, 125, 226, 178,
       198, 35, 101, 177, 157, 98, 168, 45, 5, 143, 234, 185, 168, 76,
       150, 240, 76, 58, 129, 83, 110, 16, 27, 107, 219, 49, 157, 150,
       85, 126, 216, 90, 195, 163, 165, 252, 157, 123, 156, 207, 71, 189,
       86, 155, 100, 80, 243, 241, 8, 120, 81, 106, 98, 24, 59, 124, 91,
       63, 237, 142, 117, 124, 216, 184, 194, 162, 244, 133, 93, 103,
       148, 106, 71, 169, 116, 166, 171, 24, 83, 113, 9, 81, 49, 214,
       104, 42, 120, 176, 121, 14, 249, 174, 5, 20, 97, 115, 196, 34, 60,
       103, 80, 103, 81, 26, 110, 168, 117, 172, 255, 40, 75, 99, 137,
       148, 56, 220, 237, 234, 104, 178, 201, 238, 247, 255, 165, 5, 99,
       247, 110, 130, 60, 101, 88, 103, 213, 75, 102, 168, 121, 164, 111,
       9, 67, 105, 27, 16, 56, 204, 68, 98, 76, 240, 217, 46, 247, 229,
       37, 53, 105, 59, 90, 130, 240, 170, 220, 48, 170, 169, 80, 95,
       162, 183, 164, 185, 55, 227, 66, 27, 3, 179, 237, 16, 62, 79, 194,
       49, 218, 195, 117, 121, 224, 192, 142, 11, 28, 117, 63, 167, 18,
       70, 103, 232, 52, 132, 203, 3, 215, 247, 43, 80, 112, 253, 121,
       227, 104, 209, 185, 46, 241, 166, 143, 0, 33, 51, 39, 242, 225,
       160, 169, 81, 237, 237, 225, 207, 250, 123, 160, 24, 178, 152, 84,
       58, 201, 138, 90, 28, 27, 110, 242, 113, 13, 24, 149, 124, 200,
       72, 210, 234, 237, 125, 253, 119, 168, 110, 95, 156, 59, 254, 38,
       28, 223, 119, 75, 59, 151, 87, 125, 126, 225, 84, 249, 34, 239,
       219, 101, 52, 232, 241, 198, 115, 108, 45, 189, 103, 165, 79, 103,
       172, 121, 162, 103, 8, 211, 113, 9, 59, 153, 94, 104, 106, 89,
       240, 249, 44, 239, 223, 69, 53, 194, 123, 214, 34, 121, 141, 27,
       109, 148, 110, 67, 59, 116, 224, 234, 64, 115, 113, 17, 112, 88,
       166, 104, 40, 25, 184, 81, 15, 233, 175, 33, 4, 105, 234, 112, 32,
       124, 204, 220, 38, 137, 40, 68, 172, 163, 178, 171, 9, 207, 99,
       72, 218, 33, 198, 236, 66, 76, 67, 219, 32, 211, 227, 85, 29, 34,
       243, 206, 2, 197, 109, 141, 103, 148, 46, 102, 174, 120, 162, 43,
       24, 211, 33, 89, 50, 17, 70, 104, 126, 105, 240, 217, 42, 173,
       174, 69, 20, 200, 243, 210, 32, 148, 236, 157, 250, 168, 237, 5,
       142, 150, 23, 161, 24, 247, 247, 72, 91, 129, 114, 104, 26, 58,
       69, 251, 51, 201, 130, 117, 120, 144, 89, 133, 42, 212, 77, 92,
       117, 168, 10, 69, 172, 112, 178, 166, 8, 247, 35, 1, 91, 2, 212,
       108, 106, 104, 229, 193, 44, 224, 171, 101, 21, 96, 240, 66, 40,
       92, 101, 88, 167, 22, 90, 102, 168, 120, 224, 107, 13, 207, 72,
       11, 144, 178, 77, 192, 99, 69, 176, 221, 46, 182, 229, 7, 5, 108,
       51, 75, 128, 195, 186, 138, 184, 106, 176, 184, 87, 186, 83, 208,
       255, 173, 138, 98, 136, 167, 43, 223, 149, 151, 79, 134, 243, 212,
       85, 186, 235, 140, 68, 171, 223, 69, 113, 177, 71, 244, 94, 103,
       184, 104, 232, 123, 72, 215, 117, 157, 180, 144, 92, 116, 106,
       193, 176, 249, 8, 37, 188, 37, 4, 64, 251, 71, 97, 109, 47, 248,
       71, 245, 59, 118, 152, 123, 174, 63, 40, 218, 121, 223, 62, 145,
       78, 228, 126, 252, 240, 205, 42, 110, 223, 101, 53, 194, 255, 74,
       131, 64, 181, 151, 87, 147, 236, 53, 55, 58, 235, 43, 80, 188, 55,
