%YAML:1.0
---
descriptors: !!opencv-matrix
   rows: 300
   cols: 32
   dt: u
   data: [ 112, 56, 191, 116, 40, 76, 81, 19, 162, 252, 164, 44, 55, 151,
       66, 27, 6, 180, 109, 8, 11, 75, 178, 1, 211, 161, 113, 184, 96,
       128, 6, 123, 77, 117, 49, 69, 117, 78, 103, 184, 121, 232, 106,
       72, 222, 113, 13, 180, 144, 92, 80, 106, 193, 240, 249, 46, 39,
       188, 5, 6, 74, 51, 67, 162, 36, 241, 17, 67, 213, 79, 103, 168,
       106, 232, 43, 8, 214, 85, 77, 48, 145, 92, 66, 122, 65, 112, 249,
       60, 45, 156, 5, 118, 192, 59, 70, 162, 120, 180, 253, 112, 168,
       236, 81, 215, 162, 127, 164, 24, 51, 183, 66, 59, 7, 182, 236, 24,
       59, 75, 242, 17, 219, 235, 117, 121, 226, 192, 198, 123, 96, 180,
       156, 250, 220, 237, 65, 143, 250, 49, 173, 24, 182, 241, 72, 122,
       129, 82, 106, 24, 51, 107, 218, 115, 221, 150, 21, 124, 216, 73,
       199, 42, 252, 78, 157, 244, 168, 44, 85, 182, 176, 186, 182, 56,
       247, 119, 129, 91, 135, 247, 109, 34, 104, 101, 203, 40, 209, 235,
       117, 152, 96, 241, 194, 43, 108, 48, 189, 99, 169, 109, 81, 152,
       75, 255, 165, 24, 223, 85, 73, 59, 145, 80, 253, 58, 59, 102, 251,
       16, 207, 219, 113, 127, 194, 235, 70, 115, 208, 141, 92, 231, 146,
       106, 79, 175, 180, 162, 170, 16, 247, 99, 0, 83, 33, 246, 77, 162,
       120, 205, 89, 47, 249, 227, 101, 21, 32, 240, 196, 42, 84, 157,
       25, 231, 176, 14, 79, 189, 52, 168, 255, 96, 215, 119, 136, 80,
       54, 214, 93, 106, 121, 152, 105, 62, 233, 237, 37, 212, 32, 243,
       192, 49, 21, 229, 57, 99, 20, 79, 103, 248, 118, 160, 235, 0, 83,
       113, 89, 96, 49, 204, 40, 106, 105, 240, 57, 31, 233, 142, 5, 52,
       112, 187, 64, 32, 244, 188, 157, 246, 168, 232, 20, 138, 186, 187,
       162, 56, 246, 247, 77, 123, 135, 119, 253, 16, 35, 67, 154, 51,
       153, 178, 93, 126, 128, 113, 135, 59, 253, 181, 81, 68, 181, 127,
       198, 188, 105, 226, 186, 72, 90, 60, 157, 182, 151, 214, 212, 106,
       253, 224, 253, 142, 59, 222, 5, 54, 75, 250, 195, 53, 124, 132,
       220, 126, 139, 121, 87, 168, 147, 54, 173, 185, 75, 99, 75, 31,
       19, 214, 236, 34, 122, 67, 203, 55, 251, 227, 69, 61, 243, 243,
       142, 2, 69, 103, 148, 71, 176, 62, 110, 152, 106, 186, 43, 68,
       222, 98, 201, 254, 149, 68, 108, 126, 149, 208, 201, 64, 172, 190,
       103, 68, 136, 243, 203, 5, 69, 241, 149, 87, 137, 77, 55, 184,
       126, 240, 43, 8, 254, 112, 73, 50, 145, 86, 104, 122, 67, 96, 251,
       61, 45, 186, 69, 46, 200, 51, 67, 34, 69, 112, 17, 101, 17, 79,
       115, 24, 104, 224, 35, 8, 214, 17, 9, 50, 144, 20, 104, 104, 1,
       240, 209, 8, 197, 188, 1, 6, 72, 34, 67, 34, 38, 117, 242, 143,
       252, 11, 254, 232, 63, 232, 251, 43, 236, 254, 29, 80, 255, 255,
       255, 227, 232, 243, 201, 254, 190, 222, 143, 142, 85, 255, 226,
       211, 92, 16, 188, 247, 172, 108, 89, 24, 191, 186, 183, 40, 223,
       247, 73, 91, 199, 85, 125, 58, 56, 65, 219, 128, 203, 251, 119,
       188, 128, 225, 3, 35, 216, 180, 188, 240, 41, 125, 89, 31, 171,
       59, 183, 24, 159, 191, 72, 59, 133, 151, 253, 24, 186, 79, 251,
       19, 219, 251, 119, 252, 194, 192, 195, 43, 232, 188, 180, 249,
       173, 189, 80, 191, 255, 59, 182, 24, 174, 249, 68, 59, 201, 247,
       127, 24, 186, 111, 242, 179, 223, 251, 87, 122, 210, 204, 210, 11,
       233, 188, 190, 248, 173, 253, 85, 87, 255, 123, 180, 24, 191, 189,
       64, 59, 205, 179, 255, 16, 186, 111, 242, 147, 219, 219, 84, 123,
       210, 200, 194, 123, 226, 172, 180, 252, 237, 173, 220, 223, 255,
       251, 182, 24, 239, 249, 84, 91, 205, 247, 127, 153, 186, 111, 219,
       243, 159, 251, 223, 186, 211, 204, 242, 11, 214, 188, 246, 223,
       236, 41, 252, 238, 191, 179, 242, 186, 237, 254, 84, 91, 255, 239,
       127, 145, 178, 127, 203, 247, 158, 254, 223, 238, 213, 248, 227,
       141, 37, 181, 17, 67, 245, 79, 245, 173, 94, 121, 43, 24, 214,
       113, 72, 32, 145, 30, 18, 56, 83, 48, 121, 23, 109, 158, 5, 102,
       200, 74, 195, 163, 65, 213, 157, 103, 32, 14, 103, 56, 104, 170,
       107, 76, 215, 113, 24, 115, 148, 68, 108, 110, 225, 240, 249, 15,
       229, 251, 101, 4, 72, 178, 67, 33, 8, 173, 152, 51, 249, 233, 16,
       143, 59, 53, 44, 25, 174, 55, 66, 18, 129, 91, 193, 16, 22, 72,
       202, 51, 239, 213, 21, 127, 210, 64, 143, 138, 201, 180, 157, 243,
       129, 108, 117, 23, 59, 243, 39, 24, 158, 55, 64, 251, 133, 22,
       120, 24, 49, 92, 241, 66, 207, 251, 84, 70, 138, 64, 135, 50, 69,
       113, 145, 101, 1, 76, 118, 40, 104, 200, 107, 8, 222, 18, 73, 50,
       144, 84, 104, 106, 65, 112, 185, 72, 165, 184, 5, 6, 72, 51, 67,
       34, 248, 174, 222, 120, 138, 169, 81, 87, 183, 23, 164, 185, 55,
       167, 66, 27, 39, 178, 109, 16, 58, 79, 130, 51, 219, 199, 112,
       121, 226, 192, 134, 106, 252, 190, 245, 114, 171, 232, 85, 159,
       179, 191, 164, 56, 15, 247, 72, 159, 39, 214, 236, 24, 58, 79,
       170, 35, 219, 211, 85, 127, 226, 192, 134, 99, 244, 46, 204, 246,
       138, 32, 93, 155, 162, 182, 135, 185, 87, 227, 75, 91, 67, 214,
       109, 130, 40, 71, 203, 32, 209, 163, 245, 189, 160, 241, 134, 98,
       240, 186, 220, 118, 168, 173, 85, 223, 178, 191, 164, 29, 55, 227,
       66, 27, 5, 230, 109, 24, 58, 79, 218, 49, 219, 195, 117, 121, 232,
       192, 198, 43, 88, 170, 140, 49, 40, 169, 81, 7, 166, 53, 166, 185,
       183, 131, 66, 27, 11, 38, 109, 28, 10, 73, 195, 49, 200, 195, 116,
       113, 224, 128, 71, 10, 37, 117, 17, 69, 117, 79, 102, 184, 107,
       224, 43, 72, 214, 113, 77, 180, 144, 92, 80, 122, 65, 240, 249,
       44, 45, 156, 5, 54, 74, 59, 66, 166, 44, 225, 57, 75, 221, 77, 71,
       168, 66, 53, 45, 8, 210, 85, 72, 48, 145, 88, 64, 106, 67, 112,
       249, 21, 109, 157, 5, 116, 80, 27, 70, 226, 120, 184, 255, 112,
       168, 237, 81, 87, 163, 61, 164, 8, 59, 247, 64, 59, 135, 182, 109,
       24, 26, 75, 242, 17, 219, 235, 117, 121, 224, 192, 198, 107, 21,
       93, 155, 103, 176, 14, 111, 180, 116, 234, 127, 100, 247, 115,
       137, 112, 54, 124, 60, 110, 225, 144, 125, 46, 236, 175, 39, 128,
       40, 243, 1, 49, 117, 215, 69, 103, 180, 14, 71, 184, 96, 232, 187,
       108, 211, 97, 153, 114, 20, 196, 76, 110, 233, 176, 237, 46, 224,
       239, 37, 148, 104, 243, 210, 49, 228, 188, 156, 250, 248, 237, 1,
       143, 222, 59, 160, 24, 182, 243, 72, 27, 129, 82, 106, 24, 51,
       111, 218, 51, 221, 146, 117, 124, 216, 72, 199, 170, 124, 133, 95,
       103, 148, 74, 71, 189, 96, 164, 171, 8, 87, 115, 8, 115, 50, 214,
       108, 106, 121, 177, 249, 44, 241, 233, 101, 20, 96, 179, 198, 32,
       252, 188, 253, 118, 137, 111, 69, 191, 179, 190, 164, 24, 83, 119,
       73, 27, 1, 214, 236, 10, 120, 111, 251, 34, 219, 203, 117, 60,
       227, 241, 198, 98, 253, 113, 253, 103, 168, 78, 87, 184, 96, 234,
       183, 72, 211, 117, 201, 51, 20, 212, 124, 106, 201, 112, 249, 8,
       231, 233, 101, 52, 104, 243, 194, 113, 252, 44, 252, 82, 141, 109,
       87, 206, 211, 183, 181, 24, 67, 241, 77, 31, 9, 214, 236, 26, 58,
       99, 250, 50, 251, 219, 85, 127, 243, 249, 198, 34, 216, 30, 159,
       118, 168, 44, 84, 182, 162, 190, 178, 120, 255, 183, 65, 91, 135,
       247, 109, 2, 56, 79, 194, 32, 211, 235, 117, 152, 226, 240, 131,
       43, 85, 93, 61, 102, 168, 78, 71, 188, 32, 168, 191, 72, 247, 119,
       137, 115, 20, 212, 124, 106, 201, 129, 249, 44, 241, 233, 101,
       148, 96, 243, 198, 57, 84, 213, 61, 230, 184, 78, 79, 189, 36,
       168, 191, 72, 247, 119, 136, 115, 20, 214, 125, 106, 249, 129,
       121, 63, 241, 237, 37, 148, 96, 243, 192, 49, 252, 112, 189, 99,
       41, 111, 83, 152, 226, 187, 167, 24, 223, 87, 73, 59, 145, 212,
       124, 122, 41, 103, 251, 0, 219, 219, 101, 124, 192, 243, 70, 51,
       148, 236, 223, 191, 172, 43, 255, 190, 62, 187, 83, 80, 247, 227,
       89, 75, 255, 79, 127, 11, 96, 244, 203, 59, 236, 175, 255, 132,
       164, 241, 129, 161, 236, 176, 188, 115, 141, 125, 81, 25, 127, 63,
