%YAML:1.0
---
descriptors: !!opencv-matrix
   rows: 146
   cols: 32
   dt: u
   data: [ 237, 112, 185, 99, 37, 111, 115, 24, 107, 234, 39, 8, 214, 85,
       73, 58, 144, 84, 120, 122, 1, 244, 249, 8, 207, 219, 69, 52, 194,
       123, 70, 114, 253, 244, 156, 50, 232, 109, 87, 220, 242, 251, 165,
       29, 119, 243, 74, 27, 161, 194, 108, 94, 59, 103, 218, 51, 251,
       203, 117, 124, 232, 83, 202, 210, 221, 116, 189, 37, 168, 126, 87,
       154, 242, 254, 175, 125, 215, 55, 75, 123, 183, 84, 236, 126, 189,
       69, 185, 18, 235, 195, 101, 116, 232, 241, 135, 115, 92, 113, 191,
       228, 138, 78, 87, 184, 166, 182, 163, 8, 215, 247, 73, 90, 51,
       117, 109, 98, 104, 193, 187, 8, 249, 167, 103, 52, 160, 115, 7,
       98, 193, 94, 159, 183, 32, 46, 63, 55, 56, 202, 82, 245, 247, 103,
       131, 83, 182, 103, 124, 166, 225, 212, 177, 42, 228, 163, 110,
       128, 8, 240, 33, 89, 221, 94, 191, 103, 160, 126, 95, 48, 225,
       238, 151, 252, 223, 125, 147, 123, 167, 245, 125, 127, 185, 197,
       185, 42, 235, 235, 101, 144, 232, 243, 7, 113, 120, 161, 120, 96,
       120, 205, 83, 89, 99, 189, 172, 8, 19, 145, 64, 16, 8, 152, 69,
       88, 26, 107, 250, 16, 219, 205, 37, 125, 226, 130, 70, 162, 112,
       170, 20, 16, 45, 249, 192, 79, 235, 55, 160, 24, 162, 184, 86,
       191, 137, 130, 236, 17, 62, 111, 202, 181, 155, 210, 81, 127, 194,
       12, 222, 14, 248, 170, 148, 112, 137, 153, 80, 69, 235, 183, 164,
       24, 175, 147, 64, 223, 129, 184, 204, 16, 26, 79, 130, 17, 155,
       209, 81, 123, 194, 0, 207, 46, 172, 199, 53, 79, 184, 15, 71, 184,
       86, 36, 175, 76, 211, 97, 9, 81, 85, 212, 72, 106, 232, 176, 121,
       31, 237, 190, 37, 20, 80, 251, 68, 32, 246, 52, 151, 154, 219, 96,
       4, 207, 187, 147, 129, 61, 70, 226, 109, 223, 225, 207, 104, 16,
       63, 71, 154, 98, 152, 50, 85, 63, 136, 113, 162, 22, 133, 103,
       197, 3, 214, 123, 102, 136, 95, 246, 15, 158, 199, 96, 203, 142,
       51, 76, 106, 126, 53, 244, 237, 114, 44, 6, 5, 101, 230, 251, 217,
       132, 252, 67, 28, 103, 40, 14, 87, 184, 32, 186, 183, 104, 215,
       83, 137, 123, 22, 212, 108, 106, 104, 197, 201, 8, 245, 235, 101,
       148, 96, 179, 2, 35, 253, 225, 152, 98, 141, 93, 86, 205, 227,
       188, 165, 8, 91, 209, 75, 179, 200, 196, 236, 90, 94, 99, 250, 48,
       251, 217, 5, 127, 98, 55, 202, 2, 109, 164, 148, 115, 173, 47, 68,
       137, 99, 187, 187, 88, 203, 121, 77, 159, 153, 196, 108, 58, 60,
       98, 203, 144, 143, 218, 85, 118, 202, 123, 218, 2, 80, 253, 59,
       254, 26, 197, 31, 239, 182, 93, 136, 9, 55, 255, 96, 80, 237, 243,
       125, 193, 74, 75, 186, 55, 251, 231, 30, 59, 16, 0, 167, 123, 100,
       69, 29, 109, 24, 79, 71, 56, 116, 168, 235, 72, 211, 83, 9, 112,
       208, 212, 104, 106, 104, 146, 121, 14, 229, 174, 37, 20, 0, 59,
       86, 32, 244, 33, 157, 118, 8, 14, 69, 40, 160, 178, 163, 24, 215,
       51, 9, 91, 128, 212, 125, 106, 104, 69, 219, 8, 193, 235, 101, 20,
       96, 241, 66, 34, 245, 101, 113, 69, 52, 14, 71, 56, 113, 224, 107,
       76, 83, 80, 157, 52, 50, 196, 64, 110, 233, 176, 253, 14, 100,
       172, 1, 20, 105, 179, 66, 32, 221, 28, 191, 247, 160, 110, 95, 54,
       176, 206, 134, 20, 247, 119, 3, 123, 244, 119, 125, 46, 233, 197,
       177, 42, 227, 235, 127, 128, 40, 240, 37, 121, 120, 161, 120, 98,
       124, 205, 83, 92, 99, 172, 173, 8, 19, 21, 64, 16, 24, 152, 68,
       120, 26, 106, 232, 20, 239, 205, 37, 125, 98, 138, 70, 163, 165,
       104, 187, 87, 197, 237, 229, 198, 122, 242, 100, 24, 178, 240, 85,
       63, 201, 110, 114, 74, 193, 254, 250, 96, 13, 184, 87, 40, 193,
       121, 210, 236, 248, 234, 148, 112, 13, 217, 80, 70, 235, 183, 160,
       24, 47, 152, 70, 154, 137, 160, 236, 16, 14, 111, 194, 17, 155,
       211, 81, 123, 226, 12, 78, 14, 200, 56, 159, 112, 129, 236, 113,
       23, 170, 19, 34, 24, 190, 151, 64, 123, 165, 55, 120, 24, 51, 109,
       178, 32, 205, 249, 80, 104, 200, 64, 131, 58, 4, 21, 21, 71, 144,
       15, 71, 184, 118, 162, 43, 76, 211, 101, 73, 49, 17, 84, 104, 106,
       105, 240, 121, 30, 237, 158, 5, 20, 88, 251, 68, 48, 252, 229,
       156, 126, 137, 100, 87, 168, 242, 190, 165, 24, 242, 243, 67, 91,
       209, 70, 104, 122, 58, 71, 219, 50, 235, 211, 197, 125, 144, 115,
       238, 2, 252, 52, 156, 246, 172, 108, 85, 159, 242, 187, 135, 24,
       215, 241, 73, 27, 129, 214, 125, 19, 58, 109, 219, 32, 217, 195,
       117, 125, 168, 121, 214, 34, 212, 92, 156, 247, 168, 46, 85, 182,
       178, 186, 162, 92, 247, 113, 65, 11, 133, 118, 108, 10, 104, 101,
       219, 34, 201, 227, 117, 16, 232, 120, 128, 35, 196, 52, 157, 115,
       184, 108, 80, 27, 187, 187, 161, 88, 215, 51, 73, 27, 129, 23,
       108, 16, 59, 101, 219, 2, 203, 215, 117, 126, 200, 97, 6, 19, 92,
       101, 248, 229, 34, 78, 127, 184, 56, 166, 111, 137, 215, 119, 11,
       82, 50, 221, 125, 106, 64, 208, 249, 10, 229, 239, 39, 4, 36, 243,
       71, 98, 224, 236, 157, 250, 137, 237, 21, 135, 186, 23, 160, 24,
       182, 247, 64, 27, 129, 115, 104, 16, 34, 111, 218, 51, 201, 146,
       84, 59, 208, 80, 135, 42, 125, 113, 184, 103, 173, 94, 87, 152,
       107, 168, 191, 8, 223, 113, 217, 50, 144, 212, 124, 122, 152, 32,
       249, 40, 255, 255, 37, 52, 194, 243, 202, 35, 240, 168, 188, 112,
       136, 233, 81, 71, 162, 183, 164, 24, 23, 145, 64, 27, 129, 178,
       108, 16, 58, 111, 210, 16, 219, 129, 112, 121, 224, 200, 198, 42,
       68, 176, 185, 243, 172, 109, 89, 157, 154, 241, 165, 25, 151, 255,
       73, 26, 133, 91, 121, 17, 27, 64, 218, 49, 205, 221, 31, 124, 136,
       73, 135, 114, 124, 97, 248, 102, 212, 75, 71, 152, 98, 164, 111,
       8, 83, 241, 91, 48, 24, 204, 68, 106, 72, 178, 253, 40, 255, 237,
       37, 37, 227, 187, 198, 32, 69, 103, 245, 67, 190, 91, 231, 168,
       126, 230, 43, 200, 203, 96, 221, 228, 51, 68, 106, 126, 225, 240,
       109, 126, 44, 30, 5, 116, 198, 247, 69, 100, 196, 180, 157, 115,
       168, 109, 21, 143, 186, 59, 161, 88, 214, 55, 72, 59, 129, 23,
       108, 16, 115, 76, 251, 19, 205, 146, 117, 126, 128, 64, 135, 51,
       220, 60, 157, 246, 136, 108, 69, 140, 178, 179, 163, 24, 215, 247,
       73, 59, 129, 214, 108, 18, 57, 101, 219, 34, 217, 195, 117, 124,
       168, 113, 134, 50, 101, 21, 21, 103, 153, 15, 70, 184, 102, 160,
       43, 8, 210, 113, 9, 243, 145, 84, 104, 106, 105, 240, 89, 28, 173,
       254, 69, 20, 88, 123, 64, 48, 229, 101, 29, 103, 4, 15, 230, 184,
       120, 162, 107, 72, 215, 113, 9, 51, 156, 92, 104, 106, 105, 240,
       217, 46, 165, 186, 69, 20, 72, 123, 67, 160, 200, 184, 159, 112,
       139, 236, 113, 23, 250, 19, 38, 24, 190, 151, 64, 251, 161, 54,
       104, 24, 51, 77, 178, 33, 219, 251, 84, 106, 202, 64, 135, 43,
       225, 188, 181, 84, 205, 237, 80, 135, 251, 51, 160, 24, 182, 177,
       68, 59, 129, 118, 104, 24, 51, 111, 250, 55, 155, 218, 81, 122,
       192, 72, 194, 42, 104, 227, 121, 99, 124, 207, 83, 24, 99, 172,
       173, 40, 147, 17, 72, 16, 24, 156, 68, 122, 74, 114, 200, 60, 239,
       221, 37, 120, 66, 131, 70, 163, 92, 105, 159, 228, 10, 74, 67, 48,
       37, 164, 171, 8, 87, 55, 65, 82, 32, 244, 105, 234, 72, 211, 241,
       8, 249, 227, 69, 20, 34, 179, 38, 34, 96, 174, 156, 63, 72, 235,
       16, 47, 150, 159, 224, 25, 246, 243, 0, 91, 201, 118, 104, 0, 56,
       107, 203, 61, 205, 167, 113, 25, 208, 104, 134, 10, 80, 136, 142,
       249, 140, 232, 105, 71, 238, 21, 162, 16, 178, 131, 112, 90, 233,
       162, 106, 152, 26, 233, 131, 81, 217, 163, 146, 81, 128, 8, 228,
       42, 93, 103, 53, 39, 181, 91, 102, 168, 126, 234, 43, 200, 207,
       96, 221, 228, 51, 69, 236, 110, 229, 240, 109, 190, 172, 222, 39,
       20, 66, 255, 5, 100, 196, 116, 189, 119, 168, 110, 101, 184, 50,
       250, 163, 92, 215, 119, 73, 59, 21, 214, 108, 42, 41, 212, 251,
       42, 205, 170, 117, 20, 192, 243, 70, 241, 192, 182, 189, 119, 176,
       110, 85, 191, 56, 191, 47, 124, 214, 55, 200, 27, 135, 87, 109,
