%YAML:1.0
---
descriptors: !!opencv-matrix
   rows: 354
   cols: 32
   dt: u
   data: [ 200, 188, 188, 115, 173, 253, 117, 190, 123, 59, 180, 24, 191,
       63, 64, 59, 133, 215, 124, 24, 186, 108, 251, 247, 207, 219, 117,
       127, 194, 80, 199, 59, 230, 228, 164, 255, 237, 173, 92, 158, 159,
       187, 176, 24, 239, 249, 92, 91, 217, 103, 127, 18, 186, 103, 218,
       179, 143, 219, 213, 58, 146, 121, 210, 3, 166, 236, 214, 255, 222,
       171, 236, 239, 191, 179, 242, 18, 109, 234, 52, 91, 123, 239, 127,
       3, 50, 255, 139, 255, 62, 254, 223, 244, 245, 121, 211, 128, 104,
       180, 189, 250, 141, 237, 85, 143, 27, 55, 165, 24, 190, 253, 72,
       27, 137, 154, 232, 16, 58, 110, 251, 147, 203, 219, 84, 123, 210,
       88, 198, 42, 194, 172, 246, 191, 254, 35, 252, 239, 63, 243, 242,
       154, 237, 238, 28, 105, 255, 255, 127, 129, 178, 255, 207, 255,
       188, 255, 223, 238, 213, 244, 227, 157, 108, 180, 189, 121, 173,
       111, 81, 155, 91, 63, 165, 24, 222, 61, 72, 27, 137, 150, 233, 48,
       58, 102, 251, 17, 207, 219, 81, 127, 210, 73, 198, 34, 236, 52,
       189, 99, 169, 111, 83, 152, 59, 187, 165, 24, 223, 117, 73, 59,
       145, 212, 109, 58, 59, 102, 249, 18, 207, 219, 101, 117, 192, 251,
       70, 51, 236, 113, 253, 103, 40, 78, 87, 184, 48, 186, 183, 8, 215,
       87, 73, 59, 148, 212, 125, 106, 105, 246, 249, 8, 231, 249, 101,
       52, 64, 243, 70, 51, 236, 112, 189, 103, 45, 111, 85, 24, 123,
       254, 167, 24, 211, 85, 73, 59, 145, 84, 109, 122, 169, 100, 249,
       8, 207, 219, 101, 52, 194, 251, 70, 99, 221, 92, 189, 242, 168,
       110, 21, 152, 182, 250, 163, 92, 215, 247, 73, 123, 133, 215, 125,
       26, 43, 69, 251, 34, 217, 235, 119, 60, 128, 113, 7, 115, 253,
       112, 157, 102, 44, 14, 71, 152, 112, 250, 167, 72, 83, 113, 201,
       59, 144, 196, 124, 110, 233, 101, 249, 40, 243, 235, 101, 52, 104,
       249, 82, 48, 124, 237, 157, 122, 137, 109, 87, 200, 179, 183, 173,
       25, 87, 243, 72, 18, 153, 210, 233, 114, 106, 99, 218, 51, 251,
       215, 69, 125, 242, 115, 206, 66, 252, 52, 189, 114, 168, 109, 81,
       25, 179, 191, 165, 24, 215, 183, 73, 27, 129, 151, 109, 16, 58,
       71, 251, 2, 219, 211, 117, 125, 192, 227, 134, 99, 68, 125, 49,
       103, 17, 78, 119, 56, 104, 168, 107, 8, 214, 21, 1, 52, 144, 84,
       88, 106, 65, 176, 185, 44, 229, 188, 1, 6, 72, 51, 71, 35, 241,
       184, 255, 84, 169, 252, 80, 87, 227, 251, 180, 120, 58, 159, 196,
       63, 163, 247, 236, 16, 191, 111, 178, 33, 219, 216, 85, 123, 227,
       192, 198, 63, 249, 186, 252, 176, 171, 189, 88, 87, 163, 123, 180,
       249, 63, 159, 66, 155, 135, 183, 253, 20, 158, 79, 162, 49, 219,
       219, 117, 249, 162, 196, 143, 91, 248, 186, 255, 112, 40, 233, 81,
       87, 162, 21, 164, 56, 55, 199, 64, 26, 39, 182, 109, 24, 10, 111,
       178, 17, 217, 225, 112, 121, 225, 128, 198, 123, 252, 168, 252,
       118, 136, 109, 85, 187, 162, 182, 164, 25, 83, 247, 73, 27, 9,
       214, 108, 10, 104, 71, 250, 32, 219, 203, 117, 61, 225, 240, 198,
       34, 124, 168, 220, 114, 137, 173, 80, 223, 130, 183, 164, 25, 27,
       169, 66, 27, 137, 214, 237, 16, 26, 111, 202, 48, 219, 203, 117,
       125, 227, 200, 206, 2, 109, 53, 185, 67, 240, 110, 87, 184, 107,
       232, 45, 8, 219, 55, 197, 54, 149, 92, 124, 122, 145, 112, 249, 8,
       111, 189, 5, 116, 194, 243, 70, 115, 96, 245, 25, 250, 220, 205,
       71, 173, 95, 49, 169, 24, 246, 208, 76, 112, 145, 154, 72, 66,
       123, 42, 218, 119, 173, 148, 21, 126, 80, 26, 198, 42, 85, 69, 93,
       101, 18, 78, 71, 48, 100, 32, 171, 64, 211, 51, 9, 112, 50, 212,
       76, 106, 105, 161, 81, 14, 229, 239, 32, 16, 97, 179, 64, 34, 67,
       59, 18, 133, 50, 14, 62, 52, 44, 192, 74, 237, 140, 6, 131, 212,
       166, 125, 93, 101, 133, 152, 149, 76, 164, 52, 14, 130, 12, 54,
       11, 93, 252, 68, 253, 102, 168, 74, 87, 184, 97, 178, 167, 8, 87,
       119, 9, 123, 23, 212, 124, 106, 104, 228, 233, 46, 241, 235, 101,
       20, 96, 243, 68, 32, 156, 237, 125, 231, 146, 74, 111, 188, 52,
       162, 239, 2, 215, 115, 9, 113, 49, 222, 73, 234, 104, 208, 121,
       46, 235, 167, 133, 5, 32, 243, 196, 34, 208, 184, 188, 186, 168,
       233, 21, 138, 190, 255, 128, 61, 182, 254, 66, 27, 129, 99, 109,
       1, 54, 79, 250, 49, 217, 131, 127, 185, 144, 81, 135, 75, 192,
       140, 157, 251, 200, 237, 37, 143, 158, 19, 40, 24, 182, 51, 64,
       123, 129, 114, 106, 24, 51, 108, 211, 51, 237, 182, 84, 120, 144,
       88, 135, 42, 0, 112, 185, 101, 32, 95, 51, 24, 104, 232, 39, 40,
       222, 23, 201, 50, 148, 85, 196, 96, 129, 240, 249, 64, 199, 217,
       33, 37, 64, 163, 7, 51, 20, 77, 121, 103, 150, 79, 71, 184, 118,
       160, 170, 10, 211, 115, 9, 112, 49, 212, 76, 106, 104, 180, 121,
       62, 227, 143, 37, 20, 112, 251, 64, 34, 77, 245, 157, 103, 185,
       78, 23, 184, 122, 250, 47, 8, 222, 113, 73, 51, 145, 86, 120, 106,
       97, 96, 249, 43, 239, 255, 69, 22, 202, 115, 195, 51, 69, 245,
       157, 71, 161, 46, 103, 188, 122, 186, 43, 68, 222, 114, 73, 122,
       151, 85, 120, 122, 177, 208, 249, 106, 173, 190, 103, 68, 136,
       115, 131, 33, 38, 165, 150, 18, 201, 205, 20, 237, 159, 55, 169,
       25, 70, 240, 110, 156, 153, 147, 234, 49, 126, 107, 90, 87, 185,
       22, 93, 127, 208, 78, 134, 22, 87, 115, 20, 39, 50, 10, 38, 56,
       109, 168, 67, 108, 206, 82, 139, 246, 182, 69, 108, 111, 197, 208,
       205, 76, 164, 176, 43, 134, 44, 55, 11, 5, 76, 117, 120, 103, 242,
       78, 63, 184, 61, 236, 127, 173, 223, 119, 139, 80, 150, 93, 213,
       110, 64, 144, 233, 106, 230, 223, 37, 132, 66, 243, 7, 241, 77,
       101, 113, 103, 53, 31, 118, 184, 121, 232, 123, 105, 222, 121,
       157, 176, 182, 76, 125, 110, 228, 240, 201, 174, 103, 255, 5, 6,
       66, 183, 67, 39, 120, 173, 255, 114, 138, 232, 85, 207, 178, 151,
       164, 56, 55, 247, 72, 26, 33, 243, 109, 16, 58, 75, 170, 51, 219,
       199, 117, 121, 224, 192, 134, 106, 129, 142, 199, 57, 128, 170,
       100, 151, 118, 19, 98, 208, 243, 193, 144, 73, 99, 46, 42, 156,
       51, 252, 199, 51, 12, 162, 118, 64, 244, 192, 208, 168, 129, 174,
       159, 153, 236, 169, 104, 135, 254, 19, 66, 208, 181, 226, 240, 75,
       99, 34, 106, 28, 51, 92, 134, 115, 204, 130, 118, 64, 152, 192,
       161, 168, 33, 113, 81, 69, 80, 94, 99, 56, 97, 224, 103, 72, 242,
       87, 133, 52, 16, 124, 64, 106, 65, 176, 241, 76, 37, 172, 33, 0,
       75, 179, 66, 164, 36, 221, 150, 190, 217, 229, 134, 224, 159, 142,
       233, 9, 70, 240, 45, 145, 217, 249, 234, 99, 108, 227, 26, 126,
       185, 182, 71, 63, 80, 123, 46, 134, 129, 170, 207, 59, 160, 170,
       97, 159, 118, 83, 98, 212, 243, 225, 208, 121, 3, 46, 42, 28, 51,
       252, 111, 49, 140, 170, 118, 64, 172, 192, 208, 168, 129, 170,
       159, 155, 236, 169, 232, 143, 238, 19, 96, 208, 181, 194, 240, 75,
       99, 34, 106, 28, 51, 124, 142, 115, 76, 130, 118, 104, 152, 192,
       161, 168, 52, 85, 146, 190, 89, 199, 150, 232, 153, 132, 233, 9,
       70, 240, 45, 144, 216, 253, 226, 99, 76, 163, 154, 78, 185, 180,
       5, 31, 80, 59, 110, 134, 129, 174, 207, 27, 232, 168, 97, 151,
       246, 19, 98, 212, 177, 227, 210, 75, 99, 46, 106, 28, 55, 220,
       231, 51, 76, 163, 246, 64, 188, 192, 193, 168, 52, 65, 18, 142,
       89, 199, 134, 232, 156, 132, 233, 8, 70, 240, 45, 208, 216, 237,
       202, 99, 72, 163, 26, 108, 177, 182, 13, 31, 80, 59, 62, 130, 76,
       116, 151, 103, 129, 126, 54, 136, 121, 226, 103, 24, 222, 119, 77,
       58, 145, 84, 104, 34, 97, 244, 185, 98, 71, 255, 69, 6, 194, 115,
       71, 34, 244, 44, 189, 114, 136, 233, 81, 150, 242, 183, 164, 24,
       19, 247, 72, 27, 1, 214, 108, 24, 58, 103, 250, 34, 217, 131, 117,
       120, 224, 209, 198, 98, 2, 172, 246, 191, 254, 43, 252, 255, 63,
       179, 242, 154, 239, 239, 20, 73, 255, 239, 127, 145, 178, 251,
       203, 247, 190, 254, 223, 234, 151, 248, 225, 137, 70, 168, 254,
