%YAML:1.0
---
descriptors: !!opencv-matrix
   rows: 169
   cols: 32
   dt: u
   data: [ 228, 116, 189, 103, 168, 110, 71, 152, 58, 186, 167, 24, 215,
       119, 73, 123, 145, 84, 120, 122, 57, 68, 249, 2, 237, 187, 69,
       116, 128, 115, 198, 114, 108, 160, 157, 115, 137, 109, 87, 136,
       34, 183, 173, 24, 214, 119, 73, 26, 145, 210, 105, 122, 26, 66,
       251, 49, 203, 223, 85, 125, 194, 99, 198, 98, 70, 190, 148, 26,
       137, 169, 22, 142, 187, 63, 168, 125, 174, 226, 68, 159, 129, 115,
       232, 16, 54, 75, 202, 115, 136, 86, 93, 123, 152, 85, 139, 15,
       145, 6, 79, 117, 180, 42, 99, 55, 116, 35, 98, 208, 243, 33, 144,
       112, 83, 206, 44, 44, 57, 188, 69, 15, 228, 175, 48, 64, 236, 224,
       192, 40, 121, 186, 220, 178, 170, 173, 89, 222, 163, 125, 180,
       189, 63, 247, 194, 26, 167, 179, 253, 4, 159, 75, 202, 49, 218,
       203, 113, 249, 160, 196, 142, 91, 93, 39, 152, 178, 184, 60, 88,
       25, 123, 187, 163, 92, 207, 226, 74, 218, 151, 207, 108, 28, 62,
       67, 203, 2, 218, 253, 119, 253, 138, 227, 139, 1, 252, 108, 252,
       118, 137, 109, 85, 223, 163, 183, 165, 25, 91, 247, 75, 27, 1,
       214, 237, 18, 58, 71, 218, 32, 219, 203, 117, 61, 227, 241, 198,
       98, 93, 69, 125, 103, 22, 78, 103, 184, 100, 160, 235, 64, 211,
       113, 25, 112, 48, 212, 76, 106, 233, 176, 89, 62, 231, 239, 37,
       20, 96, 179, 64, 32, 96, 149, 149, 123, 157, 77, 69, 143, 75, 49,
       40, 24, 182, 51, 76, 114, 129, 19, 104, 0, 27, 104, 211, 49, 173,
       246, 84, 126, 80, 88, 196, 42, 197, 231, 149, 103, 164, 14, 102,
       184, 122, 186, 43, 76, 214, 97, 88, 178, 145, 68, 108, 126, 225,
       240, 217, 46, 173, 190, 101, 68, 72, 179, 195, 1, 125, 228, 220,
       119, 137, 38, 94, 184, 50, 178, 167, 9, 83, 115, 73, 91, 17, 196,
       105, 254, 40, 71, 219, 46, 251, 235, 197, 53, 171, 243, 74, 2,
       232, 253, 156, 126, 185, 205, 23, 174, 154, 183, 44, 41, 230, 113,
       66, 19, 129, 118, 232, 82, 106, 104, 219, 63, 111, 215, 85, 123,
       210, 56, 78, 11, 92, 101, 194, 230, 23, 66, 118, 168, 49, 160,
       207, 3, 75, 115, 25, 210, 112, 212, 253, 235, 72, 211, 137, 170,
       251, 231, 199, 5, 34, 119, 126, 2, 76, 117, 121, 101, 114, 78, 63,
       56, 57, 228, 111, 173, 223, 119, 137, 80, 22, 93, 197, 110, 97,
       144, 249, 78, 231, 255, 33, 132, 98, 179, 7, 241, 77, 117, 57,
       103, 53, 30, 118, 56, 105, 232, 127, 76, 222, 125, 159, 176, 148,
       68, 92, 110, 196, 176, 233, 12, 231, 253, 37, 6, 66, 247, 67, 119,
       60, 32, 123, 69, 80, 79, 67, 112, 97, 160, 109, 8, 83, 23, 129,
       48, 24, 188, 68, 106, 9, 178, 241, 12, 67, 137, 33, 0, 99, 163,
       70, 160, 84, 189, 191, 114, 154, 237, 85, 199, 178, 183, 172, 24,
       55, 247, 64, 58, 165, 247, 108, 16, 26, 107, 186, 51, 219, 199,
       117, 121, 224, 65, 134, 106, 248, 168, 221, 116, 168, 237, 81, 87,
       178, 251, 164, 25, 51, 179, 66, 26, 129, 230, 125, 16, 58, 79,
       210, 35, 219, 203, 117, 121, 160, 192, 222, 10, 197, 174, 205, 23,
       200, 41, 101, 143, 246, 179, 99, 208, 209, 224, 216, 75, 99, 78,
       106, 24, 51, 244, 207, 51, 76, 34, 247, 68, 172, 249, 209, 160,
       108, 225, 8, 126, 89, 196, 87, 168, 163, 80, 237, 9, 242, 211, 11,
       16, 216, 202, 89, 106, 74, 66, 218, 61, 227, 221, 133, 57, 82, 19,
       122, 226, 101, 125, 49, 103, 117, 79, 119, 184, 105, 236, 47, 12,
       254, 113, 1, 48, 144, 76, 88, 106, 192, 240, 249, 46, 101, 220, 5,
       38, 74, 51, 71, 98, 252, 36, 189, 114, 170, 104, 81, 25, 179, 191,
       167, 56, 87, 247, 73, 27, 55, 148, 108, 16, 58, 71, 170, 2, 217,
       195, 117, 125, 224, 227, 134, 99, 81, 143, 95, 101, 176, 46, 71,
       183, 96, 8, 234, 68, 243, 51, 128, 114, 52, 102, 108, 110, 249,
       169, 129, 47, 224, 239, 36, 16, 104, 226, 194, 41, 213, 221, 31,
       102, 168, 14, 71, 184, 240, 202, 174, 76, 247, 115, 137, 115, 54,
       244, 124, 106, 233, 229, 153, 14, 241, 235, 101, 16, 104, 242, 66,
       49, 221, 102, 200, 71, 148, 62, 78, 154, 115, 174, 238, 20, 67,
       98, 159, 250, 113, 204, 108, 238, 172, 212, 237, 42, 226, 239,
       165, 21, 163, 241, 90, 4, 77, 206, 92, 65, 176, 63, 87, 191, 118,
       63, 62, 124, 211, 96, 138, 112, 23, 206, 12, 62, 254, 176, 109,
       63, 238, 207, 37, 116, 250, 248, 200, 5, 226, 250, 174, 222, 234,
       165, 29, 207, 171, 191, 132, 189, 100, 231, 102, 27, 135, 247,
       237, 20, 50, 79, 170, 113, 219, 18, 93, 255, 128, 112, 134, 107,
       229, 180, 157, 82, 136, 173, 69, 159, 250, 59, 169, 88, 214, 240,
       72, 56, 129, 218, 104, 16, 51, 111, 219, 119, 185, 150, 85, 126,
       208, 73, 194, 34, 220, 205, 30, 246, 152, 74, 71, 175, 180, 178,
       174, 24, 119, 115, 9, 83, 97, 246, 108, 162, 120, 205, 89, 46,
       249, 227, 229, 21, 32, 112, 236, 10, 96, 181, 145, 107, 153, 77,
       84, 143, 107, 57, 40, 88, 150, 51, 76, 114, 145, 23, 104, 16, 27,
       104, 219, 17, 173, 212, 21, 126, 88, 8, 194, 42, 196, 156, 189,
       127, 136, 237, 21, 143, 222, 19, 161, 24, 246, 241, 72, 123, 129,
       83, 104, 16, 50, 109, 219, 49, 201, 162, 117, 124, 208, 104, 129,
       34, 208, 170, 189, 116, 138, 232, 81, 23, 162, 23, 164, 56, 55,
       183, 64, 27, 35, 182, 109, 16, 58, 79, 162, 1, 217, 227, 112, 121,
       224, 192, 134, 106, 69, 97, 120, 103, 116, 15, 126, 40, 105, 160,
       111, 9, 211, 105, 29, 48, 146, 76, 93, 110, 196, 176, 201, 12,
       102, 253, 37, 5, 68, 179, 75, 0, 33, 124, 91, 77, 80, 79, 99, 48,
       96, 224, 111, 72, 114, 21, 133, 52, 24, 60, 64, 106, 1, 180, 241,
       14, 69, 172, 32, 0, 73, 179, 66, 160, 120, 168, 223, 114, 168,
       237, 81, 215, 242, 31, 164, 8, 55, 179, 66, 59, 129, 246, 108, 16,
       26, 107, 210, 33, 219, 203, 116, 121, 224, 192, 206, 10, 195, 190,
       143, 26, 170, 168, 161, 135, 190, 91, 130, 252, 180, 230, 192,
       123, 167, 39, 104, 21, 51, 77, 166, 115, 156, 50, 126, 122, 136,
       64, 131, 61, 108, 229, 57, 111, 25, 77, 71, 168, 3, 52, 173, 8,
       242, 119, 9, 48, 216, 216, 81, 106, 75, 34, 251, 31, 103, 221, 5,
       60, 82, 59, 70, 226, 76, 253, 49, 103, 113, 78, 103, 184, 121,
       232, 42, 76, 222, 117, 9, 52, 144, 92, 80, 106, 65, 176, 249, 47,
       101, 252, 5, 6, 66, 51, 71, 114, 173, 253, 29, 95, 220, 141, 103,
       188, 214, 26, 104, 92, 243, 241, 9, 49, 89, 106, 106, 74, 99, 104,
       219, 63, 109, 171, 101, 56, 88, 91, 194, 168, 29, 69, 83, 103,
       148, 78, 102, 184, 117, 162, 239, 64, 83, 113, 25, 240, 112, 204,
       8, 106, 105, 176, 25, 14, 225, 239, 5, 20, 107, 251, 112, 32, 1,
       49, 17, 69, 81, 78, 115, 58, 104, 224, 106, 8, 150, 17, 0, 52,
       144, 12, 64, 104, 1, 176, 209, 13, 37, 188, 1, 6, 72, 32, 67, 162,
       166, 63, 152, 51, 249, 173, 150, 130, 155, 182, 40, 237, 174, 234,
       71, 154, 135, 123, 195, 86, 54, 104, 218, 114, 238, 151, 21, 123,
       216, 91, 11, 155, 124, 85, 208, 62, 27, 88, 22, 232, 179, 134,
       169, 173, 111, 243, 9, 214, 210, 245, 232, 98, 110, 67, 219, 171,
       178, 231, 69, 59, 59, 119, 46, 18, 116, 119, 138, 38, 24, 15, 22,
       248, 176, 174, 185, 109, 70, 244, 75, 18, 156, 245, 236, 99, 204,
       227, 200, 8, 248, 167, 101, 191, 72, 123, 10, 87, 248, 170, 158,
       48, 171, 169, 80, 71, 179, 159, 164, 189, 47, 163, 66, 155, 135,
       167, 237, 20, 62, 79, 130, 51, 218, 195, 116, 123, 170, 68, 138,
       11, 92, 101, 112, 103, 81, 90, 126, 40, 97, 160, 127, 8, 203, 115,
       137, 148, 58, 220, 197, 234, 72, 144, 77, 206, 102, 255, 33, 133,
       99, 183, 78, 162, 36, 101, 72, 103, 84, 10, 102, 168, 105, 164,
       111, 9, 211, 73, 27, 16, 50, 204, 65, 106, 64, 176, 201, 12, 103,
       173, 1, 5, 101, 187, 90, 2, 208, 168, 159, 116, 136, 232, 81, 23,
       166, 151, 166, 25, 183, 183, 64, 91, 33, 183, 109, 16, 58, 77,
       163, 1, 217, 163, 112, 89, 160, 192, 134, 106, 248, 169, 254, 114,
       168, 205, 81, 215, 226, 61, 164, 24, 55, 243, 66, 27, 129, 178,
