%YAML:1.0
---
descriptors: !!opencv-matrix
   rows: 210
   cols: 32
   dt: u
   data: [ 124, 176, 253, 114, 171, 252, 85, 223, 179, 255, 165, 24, 123,
       247, 72, 187, 39, 214, 236, 24, 59, 107, 186, 49, 219, 203, 117,
       125, 227, 192, 198, 115, 248, 156, 92, 118, 137, 110, 84, 183,
       240, 178, 166, 24, 115, 113, 0, 91, 1, 246, 108, 42, 121, 111,
       219, 45, 243, 235, 117, 17, 106, 240, 202, 42, 124, 252, 220, 118,
       168, 173, 85, 190, 178, 187, 180, 125, 119, 247, 74, 27, 133, 214,
       125, 22, 122, 79, 218, 49, 251, 203, 117, 248, 232, 209, 138, 27,
       227, 178, 236, 16, 234, 253, 177, 151, 251, 255, 181, 189, 26,
       156, 206, 59, 135, 151, 247, 21, 182, 111, 246, 80, 95, 27, 125,
       255, 201, 68, 206, 87, 92, 238, 144, 182, 168, 24, 23, 159, 51,
       175, 159, 189, 239, 231, 203, 158, 23, 247, 237, 6, 120, 77, 201,
       34, 248, 215, 125, 189, 162, 244, 143, 121, 252, 191, 156, 242,
       185, 61, 86, 184, 139, 190, 164, 125, 206, 227, 75, 151, 133, 214,
       236, 118, 126, 75, 203, 58, 186, 209, 37, 255, 146, 245, 14, 71,
       230, 177, 252, 18, 234, 120, 28, 137, 171, 117, 165, 185, 205,
       238, 206, 27, 135, 215, 233, 210, 22, 71, 239, 113, 94, 113, 93,
       255, 132, 245, 143, 86, 109, 66, 44, 103, 36, 30, 118, 56, 105,
       170, 119, 77, 195, 104, 159, 19, 144, 68, 108, 110, 236, 240, 205,
       12, 102, 255, 97, 21, 74, 255, 90, 1, 56, 169, 56, 104, 89, 221,
       81, 87, 199, 189, 164, 9, 59, 151, 98, 48, 137, 184, 193, 24, 10,
       43, 122, 21, 219, 205, 17, 121, 114, 8, 70, 234, 228, 125, 189,
       101, 168, 79, 87, 190, 114, 234, 166, 8, 215, 55, 65, 51, 19, 244,
       124, 106, 105, 244, 241, 10, 237, 203, 101, 52, 96, 240, 70, 107,
       1, 249, 57, 109, 80, 206, 103, 189, 124, 64, 106, 76, 247, 115, 0,
       48, 144, 12, 80, 104, 81, 184, 113, 63, 237, 173, 36, 64, 72, 2,
       195, 250, 203, 62, 229, 87, 236, 62, 237, 159, 251, 251, 22, 244,
       232, 96, 215, 175, 5, 102, 104, 28, 177, 252, 255, 226, 12, 58,
       213, 144, 206, 252, 216, 124, 194, 170, 159, 188, 232, 224, 25,
       143, 186, 191, 128, 249, 100, 231, 64, 91, 135, 119, 237, 16, 50,
       79, 138, 115, 217, 178, 125, 255, 128, 96, 135, 107, 120, 184,
       123, 120, 77, 217, 81, 71, 227, 85, 180, 25, 59, 157, 70, 59, 168,
       178, 205, 17, 14, 43, 178, 49, 211, 217, 16, 123, 115, 12, 70,
       122, 124, 100, 57, 103, 12, 79, 87, 248, 115, 174, 165, 8, 83, 53,
       73, 51, 153, 212, 108, 106, 40, 99, 249, 24, 243, 203, 37, 61, 96,
       251, 70, 98, 65, 183, 157, 165, 176, 46, 109, 63, 40, 233, 94, 68,
       213, 55, 144, 114, 150, 23, 125, 44, 145, 216, 241, 14, 237, 191,
       126, 196, 136, 224, 129, 121, 84, 253, 191, 231, 154, 78, 87, 188,
       50, 244, 174, 8, 215, 119, 73, 114, 55, 215, 108, 122, 57, 193,
       185, 42, 249, 167, 101, 52, 160, 243, 135, 115, 120, 176, 249,
       116, 169, 236, 81, 7, 227, 93, 166, 24, 63, 191, 64, 122, 129,
       151, 125, 16, 27, 75, 178, 1, 219, 249, 80, 123, 226, 0, 198, 123,
       68, 68, 149, 231, 44, 74, 71, 160, 96, 178, 2, 72, 215, 49, 17,
       35, 19, 84, 108, 106, 41, 240, 201, 44, 237, 162, 101, 20, 100,
       251, 5, 32, 248, 140, 223, 126, 137, 124, 84, 190, 241, 146, 166,
       24, 127, 243, 72, 251, 129, 246, 236, 10, 57, 111, 219, 33, 211,
       235, 117, 25, 226, 240, 206, 10, 228, 164, 189, 83, 204, 233, 37,
       207, 222, 183, 165, 24, 150, 240, 200, 59, 9, 18, 106, 24, 50,
       111, 234, 50, 205, 130, 117, 124, 208, 73, 214, 160, 52, 51, 40,
       58, 156, 237, 147, 200, 198, 29, 185, 41, 182, 205, 107, 8, 221,
       27, 79, 81, 30, 35, 75, 53, 217, 133, 33, 127, 209, 27, 180, 195,
       108, 67, 108, 103, 36, 11, 103, 40, 97, 164, 111, 137, 195, 41,
       155, 16, 24, 196, 109, 110, 72, 176, 205, 12, 102, 251, 97, 21,
       103, 187, 86, 64, 100, 97, 29, 101, 8, 79, 71, 40, 100, 160, 163,
       8, 215, 19, 9, 115, 144, 84, 104, 106, 73, 240, 249, 12, 229, 168,
       33, 20, 64, 59, 70, 34, 224, 109, 157, 101, 48, 78, 117, 55, 112,
       162, 166, 8, 247, 51, 64, 51, 0, 246, 108, 8, 104, 252, 209, 10,
       237, 143, 117, 48, 64, 240, 198, 42, 240, 168, 255, 112, 8, 141,
       89, 70, 163, 181, 160, 24, 19, 159, 64, 59, 129, 179, 125, 24, 26,
       111, 178, 48, 219, 201, 112, 121, 224, 128, 70, 42, 208, 168, 156,
       240, 168, 173, 129, 75, 170, 55, 164, 24, 183, 147, 64, 27, 137,
       19, 108, 24, 58, 111, 202, 17, 217, 131, 113, 124, 192, 64, 135,
       42, 203, 172, 164, 23, 172, 60, 173, 135, 234, 247, 134, 156, 235,
       236, 214, 175, 133, 102, 248, 29, 183, 237, 255, 160, 14, 123,
       223, 184, 140, 253, 219, 124, 77, 181, 185, 103, 240, 94, 119,
       184, 122, 224, 111, 12, 222, 119, 79, 48, 149, 93, 224, 106, 129,
       240, 249, 78, 111, 191, 5, 36, 202, 243, 71, 243, 114, 169, 120,
       90, 9, 217, 80, 205, 203, 21, 172, 9, 34, 221, 78, 18, 136, 179,
       205, 80, 30, 43, 234, 49, 123, 216, 1, 123, 81, 10, 198, 14, 108,
       103, 72, 39, 224, 10, 118, 168, 49, 166, 239, 141, 195, 99, 11,
       16, 88, 196, 204, 110, 104, 176, 201, 46, 230, 231, 5, 5, 98, 243,
       78, 2, 88, 84, 29, 116, 17, 78, 85, 48, 224, 186, 162, 8, 223, 51,
       1, 59, 128, 245, 76, 40, 41, 229, 81, 12, 209, 251, 113, 16, 104,
       32, 67, 50, 228, 117, 189, 101, 168, 79, 87, 184, 114, 174, 165,
       8, 215, 117, 73, 50, 145, 212, 108, 106, 104, 102, 249, 30, 235,
       155, 101, 52, 96, 251, 70, 99, 201, 121, 189, 117, 160, 94, 125,
       182, 105, 253, 38, 12, 191, 63, 82, 59, 132, 86, 125, 76, 233,
       216, 241, 40, 239, 251, 116, 16, 8, 176, 198, 123, 201, 189, 29,
       119, 176, 204, 119, 183, 168, 89, 46, 76, 190, 55, 8, 114, 132,
       115, 124, 72, 243, 8, 251, 47, 229, 249, 54, 16, 8, 82, 131, 123,
       212, 245, 253, 101, 154, 74, 87, 185, 50, 166, 166, 8, 215, 119,
       73, 83, 51, 213, 109, 106, 104, 81, 249, 10, 249, 167, 101, 52,
       32, 243, 134, 98, 56, 57, 122, 104, 85, 205, 81, 87, 199, 45, 180,
       8, 58, 157, 32, 48, 136, 184, 71, 8, 26, 43, 48, 149, 83, 217, 16,
       123, 115, 136, 70, 234, 40, 185, 56, 96, 121, 205, 81, 83, 227,
       173, 44, 12, 62, 147, 64, 16, 136, 186, 71, 24, 26, 43, 50, 21,
       219, 221, 17, 123, 66, 8, 70, 171, 88, 188, 62, 122, 184, 236,
       113, 215, 187, 31, 100, 56, 63, 247, 0, 24, 167, 51, 109, 24, 50,
       109, 162, 119, 219, 247, 48, 73, 192, 192, 135, 43, 69, 99, 56,
       69, 117, 30, 111, 152, 104, 172, 127, 76, 210, 65, 159, 52, 144,
       76, 84, 126, 192, 176, 249, 12, 103, 157, 33, 4, 66, 179, 82, 97,
       228, 177, 189, 122, 172, 125, 89, 153, 218, 255, 165, 29, 215,
       253, 90, 58, 157, 211, 253, 53, 191, 103, 250, 19, 203, 219, 117,
       125, 216, 107, 86, 115, 248, 233, 245, 112, 169, 221, 84, 223,
       227, 185, 164, 24, 27, 221, 68, 63, 171, 219, 252, 80, 26, 107,
       242, 177, 219, 219, 85, 127, 227, 144, 198, 43, 209, 176, 157,
       180, 40, 76, 80, 59, 186, 251, 160, 92, 151, 247, 64, 59, 133,
       181, 125, 1, 61, 79, 210, 3, 217, 227, 121, 60, 136, 32, 3, 19,
       126, 181, 172, 182, 137, 116, 85, 175, 177, 247, 142, 153, 243,
       119, 74, 123, 97, 214, 253, 128, 60, 75, 251, 32, 251, 227, 221,
       149, 160, 244, 182, 122, 252, 127, 28, 110, 237, 15, 86, 248, 129,
       174, 188, 77, 99, 225, 75, 19, 156, 214, 197, 102, 232, 99, 216,
       40, 243, 201, 101, 61, 99, 251, 78, 3, 116, 103, 101, 71, 16, 75,
       103, 48, 113, 164, 239, 137, 195, 101, 29, 20, 24, 196, 233, 106,
       72, 176, 253, 46, 103, 166, 5, 21, 103, 187, 86, 98, 36, 99, 41,
       69, 116, 15, 239, 56, 96, 172, 127, 136, 195, 13, 157, 48, 152,
       204, 69, 110, 200, 176, 109, 12, 101, 28, 165, 132, 68, 187, 86,
       225, 32, 177, 120, 64, 112, 141, 81, 85, 111, 45, 60, 76, 54, 147,
       68, 16, 140, 58, 71, 24, 146, 58, 80, 93, 79, 156, 49, 122, 80,
       138, 194, 171, 44, 48, 113, 74, 115, 109, 81, 89, 97, 13, 117, 56,
