%YAML:1.0
---
descriptors: !!opencv-matrix
   rows: 99
   cols: 32
   dt: u
   data: [ 109, 116, 185, 103, 101, 111, 115, 152, 123, 234, 55, 8, 210,
       117, 77, 58, 145, 92, 116, 122, 161, 244, 249, 10, 71, 223, 5, 52,
       194, 251, 70, 115, 72, 144, 157, 126, 40, 204, 81, 16, 175, 25,
       167, 56, 223, 215, 72, 123, 135, 21, 108, 24, 3, 69, 179, 65, 219,
       243, 112, 88, 130, 128, 39, 49, 69, 117, 144, 71, 112, 30, 102,
       184, 121, 168, 107, 76, 214, 112, 141, 180, 144, 76, 100, 110,
       229, 240, 217, 46, 165, 190, 37, 4, 74, 179, 75, 5, 117, 69, 87,
       101, 148, 78, 103, 184, 100, 160, 234, 72, 83, 113, 25, 112, 48,
       196, 72, 106, 105, 177, 25, 14, 241, 174, 5, 20, 97, 179, 64, 32,
       208, 142, 189, 247, 188, 106, 197, 191, 236, 179, 178, 88, 247,
       97, 16, 35, 3, 118, 108, 41, 48, 237, 73, 46, 233, 163, 117, 16,
       228, 232, 133, 40, 209, 136, 188, 90, 8, 189, 16, 138, 207, 19,
       164, 24, 182, 210, 76, 123, 129, 51, 104, 24, 54, 109, 251, 49,
       139, 250, 81, 122, 208, 0, 1, 46, 69, 245, 157, 103, 177, 14, 103,
       184, 122, 232, 43, 76, 214, 113, 73, 50, 145, 68, 104, 110, 225,
       240, 217, 46, 237, 190, 101, 22, 72, 115, 67, 35, 100, 119, 117,
       103, 52, 74, 102, 168, 105, 168, 123, 104, 195, 121, 29, 50, 152,
       212, 108, 98, 73, 240, 201, 12, 165, 254, 37, 53, 97, 243, 70, 5,
       208, 184, 191, 248, 136, 237, 81, 23, 230, 115, 166, 24, 183, 151,
       64, 123, 1, 179, 108, 16, 58, 109, 211, 49, 217, 193, 112, 121,
       224, 192, 135, 42, 248, 172, 223, 112, 172, 237, 81, 87, 178, 27,
       164, 24, 55, 183, 66, 59, 129, 246, 125, 24, 58, 111, 242, 33,
       219, 203, 116, 89, 224, 192, 206, 106, 108, 229, 40, 110, 185, 69,
       71, 232, 51, 200, 237, 8, 210, 243, 11, 16, 216, 192, 121, 234,
       106, 98, 251, 63, 235, 223, 133, 61, 82, 115, 102, 98, 77, 253,
       189, 103, 181, 78, 119, 184, 121, 238, 43, 12, 214, 113, 9, 50,
       147, 86, 124, 106, 225, 240, 249, 46, 237, 255, 5, 6, 66, 115, 71,
       99, 244, 236, 188, 118, 136, 109, 85, 190, 178, 183, 165, 25, 87,
       247, 75, 27, 1, 214, 109, 26, 122, 79, 219, 35, 249, 195, 117,
       125, 224, 113, 134, 98, 229, 103, 153, 103, 240, 14, 103, 184,
       120, 170, 123, 76, 215, 97, 137, 16, 181, 76, 100, 110, 193, 176,
       201, 46, 237, 190, 37, 4, 72, 243, 66, 33, 173, 116, 177, 71, 101,
       79, 103, 152, 123, 234, 55, 72, 222, 85, 77, 62, 153, 92, 86, 122,
       161, 244, 249, 10, 103, 223, 69, 54, 202, 123, 70, 241, 252, 112,
       223, 118, 42, 94, 69, 57, 241, 250, 167, 88, 83, 119, 201, 123,
       50, 244, 108, 106, 105, 103, 187, 10, 211, 235, 101, 28, 106, 242,
       66, 49, 250, 174, 214, 80, 169, 185, 76, 199, 179, 187, 180, 88,
       43, 171, 68, 159, 41, 246, 237, 152, 58, 79, 194, 243, 218, 218,
       213, 249, 226, 192, 202, 10, 109, 113, 57, 71, 240, 95, 119, 184,
       105, 168, 127, 104, 218, 117, 141, 48, 148, 92, 84, 106, 193, 176,
       249, 12, 111, 221, 37, 4, 66, 179, 70, 35, 244, 160, 156, 50, 138,
       109, 84, 203, 178, 183, 161, 25, 23, 243, 75, 27, 161, 215, 105,
       16, 62, 71, 218, 48, 219, 195, 85, 125, 224, 80, 142, 2, 192, 172,
       191, 121, 168, 232, 169, 135, 254, 19, 162, 16, 181, 230, 64, 123,
       35, 63, 104, 152, 50, 77, 163, 51, 205, 171, 126, 72, 192, 64,
       165, 42, 208, 136, 189, 122, 8, 173, 16, 143, 238, 19, 160, 24,
       182, 210, 76, 123, 129, 51, 104, 16, 58, 111, 218, 49, 217, 184,
       81, 122, 208, 64, 1, 10, 100, 69, 53, 79, 153, 15, 71, 184, 86,
       162, 171, 76, 211, 53, 9, 119, 145, 84, 104, 110, 105, 240, 121,
       28, 237, 186, 69, 20, 88, 251, 64, 48, 240, 205, 94, 124, 40, 10,
       85, 53, 224, 18, 166, 24, 119, 35, 128, 83, 2, 244, 108, 106, 104,
       109, 195, 13, 242, 235, 96, 25, 96, 176, 194, 40, 120, 168, 191,
       112, 172, 237, 81, 215, 226, 31, 164, 24, 55, 243, 64, 59, 161,
       242, 236, 16, 58, 107, 242, 33, 219, 203, 116, 121, 224, 192, 198,
       42, 208, 168, 191, 112, 136, 236, 81, 23, 162, 55, 166, 24, 183,
       151, 64, 123, 1, 182, 109, 16, 58, 79, 243, 49, 217, 163, 117,
       121, 160, 192, 134, 42, 252, 172, 156, 118, 136, 109, 85, 159,
       178, 183, 164, 25, 55, 247, 65, 27, 129, 215, 236, 16, 42, 111,
       202, 32, 219, 195, 117, 61, 224, 112, 134, 42, 248, 170, 222, 56,
       42, 169, 80, 82, 179, 23, 164, 189, 55, 131, 66, 27, 167, 163,
       237, 148, 62, 79, 130, 49, 218, 195, 112, 121, 232, 192, 42, 11,
       109, 113, 145, 69, 97, 30, 102, 24, 105, 232, 111, 12, 222, 16,
       77, 182, 144, 76, 80, 106, 197, 240, 249, 8, 39, 248, 5, 38, 74,
       51, 75, 134, 228, 103, 209, 71, 240, 75, 71, 168, 112, 168, 43, 8,
       211, 101, 205, 48, 24, 220, 68, 106, 73, 240, 233, 14, 45, 156,
       37, 52, 64, 243, 70, 32, 100, 225, 177, 75, 205, 77, 199, 168, 91,
       176, 161, 8, 210, 117, 77, 54, 153, 88, 96, 122, 75, 98, 251, 57,
       45, 154, 5, 126, 80, 59, 70, 166, 205, 142, 245, 83, 185, 63, 47,
       191, 254, 183, 39, 84, 222, 97, 141, 255, 23, 70, 106, 60, 176,
       252, 111, 127, 108, 62, 117, 84, 194, 245, 193, 101, 221, 82, 237,
       69, 34, 10, 111, 184, 112, 226, 119, 228, 83, 103, 155, 59, 54,
       68, 52, 110, 225, 212, 253, 8, 102, 171, 101, 132, 109, 179, 66,
       113, 197, 182, 156, 51, 168, 173, 44, 189, 190, 191, 131, 253,
       199, 226, 200, 91, 135, 71, 108, 21, 182, 77, 203, 51, 136, 211,
       127, 244, 128, 192, 139, 1, 108, 105, 249, 103, 212, 74, 103, 168,
       97, 160, 111, 8, 211, 113, 157, 48, 18, 220, 64, 106, 72, 176,
       253, 42, 103, 173, 5, 36, 103, 179, 70, 160, 208, 142, 159, 121,
       168, 174, 73, 7, 190, 23, 162, 16, 183, 163, 0, 91, 35, 55, 109,
       24, 58, 205, 3, 51, 201, 163, 118, 80, 128, 64, 165, 40, 124, 65,
       216, 103, 128, 74, 103, 172, 33, 160, 239, 8, 215, 99, 9, 82, 50,
       212, 104, 106, 72, 176, 217, 40, 231, 229, 5, 5, 98, 243, 78, 2,
       208, 136, 157, 120, 136, 237, 16, 11, 174, 59, 162, 88, 183, 243,
       96, 91, 193, 55, 104, 16, 58, 79, 195, 17, 201, 163, 122, 120,
       144, 72, 129, 42, 252, 180, 157, 242, 168, 109, 87, 140, 178, 187,
       171, 56, 215, 247, 73, 27, 145, 214, 108, 50, 57, 103, 219, 34,
       249, 195, 117, 125, 160, 123, 134, 35, 124, 117, 216, 39, 139, 90,
       86, 136, 35, 166, 171, 9, 67, 115, 75, 146, 57, 196, 232, 98, 76,
       243, 217, 40, 251, 231, 69, 53, 227, 115, 78, 2, 124, 113, 128,
       35, 139, 123, 70, 136, 35, 166, 169, 9, 75, 112, 75, 158, 185,
       197, 232, 114, 12, 114, 221, 40, 185, 196, 5, 55, 227, 119, 14, 6,
       236, 164, 157, 115, 169, 109, 71, 172, 114, 191, 169, 24, 214,
       119, 73, 58, 145, 86, 108, 114, 58, 66, 251, 51, 237, 215, 101,
       125, 128, 115, 134, 34, 229, 109, 149, 103, 180, 15, 103, 188,
       122, 162, 43, 76, 215, 97, 89, 51, 145, 70, 104, 110, 105, 240,
       217, 46, 236, 190, 37, 52, 72, 243, 210, 32, 101, 101, 80, 103,
       212, 15, 70, 168, 97, 160, 235, 8, 211, 113, 25, 16, 152, 204, 72,
       106, 73, 178, 217, 14, 165, 188, 5, 52, 73, 187, 66, 0, 208, 168,
       191, 120, 136, 232, 81, 23, 162, 23, 166, 25, 55, 183, 64, 91, 33,
       183, 109, 16, 58, 79, 146, 49, 219, 227, 112, 121, 160, 192, 134,
       106, 109, 245, 185, 107, 253, 95, 71, 168, 91, 120, 45, 8, 210,
       117, 73, 48, 153, 92, 120, 122, 107, 112, 249, 63, 239, 223, 5,
       118, 210, 59, 70, 34, 77, 245, 153, 103, 181, 78, 119, 188, 121,
       234, 111, 72, 222, 119, 9, 48, 147, 94, 124, 106, 97, 240, 249,
       110, 239, 255, 5, 6, 74, 115, 195, 51, 109, 113, 48, 5, 117, 30,
       230, 56, 105, 224, 111, 76, 222, 24, 31, 180, 144, 76, 64, 110,
       197, 240, 249, 10, 39, 220, 1, 52, 74, 59, 90, 134, 40, 176, 57,
       120, 121, 237, 17, 87, 235, 29, 172, 56, 158, 151, 196, 56, 133,
       27, 196, 16, 19, 42, 242, 17, 75, 221, 48, 122, 194, 0, 70, 235,
       197, 180, 156, 53, 137, 47, 20, 187, 190, 243, 130, 84, 214, 114,
