%YAML:1.0
---
descriptors: !!opencv-matrix
   rows: 110
   cols: 32
   dt: u
   data: [ 221, 180, 156, 246, 169, 60, 84, 159, 178, 187, 167, 92, 223,
       243, 72, 123, 133, 214, 124, 24, 58, 77, 219, 34, 219, 235, 117,
       124, 170, 224, 138, 3, 222, 244, 156, 162, 139, 65, 22, 232, 179,
       182, 133, 43, 79, 255, 75, 27, 179, 213, 233, 243, 110, 71, 154,
       54, 251, 195, 77, 127, 160, 115, 175, 67, 240, 172, 188, 118, 136,
       237, 85, 159, 178, 183, 164, 24, 247, 241, 66, 27, 137, 246, 108,
       24, 58, 111, 251, 51, 219, 195, 117, 121, 224, 200, 198, 42, 112,
       160, 189, 112, 136, 232, 65, 11, 162, 53, 164, 24, 19, 151, 64,
       27, 1, 150, 104, 24, 26, 79, 242, 16, 217, 139, 113, 124, 224,
       128, 198, 98, 254, 4, 151, 246, 141, 98, 74, 72, 179, 183, 163,
       27, 74, 235, 89, 223, 249, 213, 233, 178, 60, 231, 155, 226, 155,
       242, 211, 23, 163, 115, 116, 2, 77, 55, 25, 231, 240, 15, 126,
       184, 56, 168, 123, 76, 222, 115, 9, 80, 150, 93, 124, 106, 17,
       208, 217, 110, 228, 191, 39, 132, 8, 243, 3, 3, 225, 188, 253, 82,
       237, 253, 65, 223, 251, 123, 180, 24, 50, 245, 204, 191, 137, 222,
       110, 24, 59, 111, 250, 51, 31, 219, 85, 127, 195, 200, 198, 45,
       77, 69, 157, 167, 176, 46, 111, 184, 120, 234, 79, 4, 215, 99,
       203, 114, 150, 68, 108, 110, 97, 208, 233, 42, 172, 255, 103, 4,
       8, 243, 1, 113, 108, 117, 57, 101, 185, 79, 87, 184, 106, 168, 47,
       8, 215, 115, 9, 48, 144, 92, 108, 106, 73, 240, 249, 28, 231, 253,
       37, 52, 72, 242, 70, 34, 240, 188, 157, 240, 168, 237, 81, 223,
       178, 255, 160, 57, 183, 247, 64, 91, 135, 247, 125, 16, 59, 79,
       250, 50, 217, 195, 125, 120, 160, 64, 134, 123, 229, 164, 181, 87,
       141, 109, 229, 143, 218, 251, 134, 24, 210, 116, 93, 47, 129, 70,
       120, 28, 179, 108, 251, 50, 13, 26, 85, 116, 200, 120, 209, 124,
       254, 117, 204, 166, 139, 67, 22, 232, 50, 182, 141, 171, 79, 127,
       75, 27, 55, 213, 237, 243, 108, 67, 203, 58, 250, 199, 237, 191,
       165, 119, 174, 82, 217, 190, 149, 52, 169, 60, 68, 55, 255, 251,
       130, 92, 142, 184, 64, 251, 129, 39, 108, 29, 191, 109, 215, 0,
       152, 250, 87, 126, 200, 116, 139, 13, 128, 207, 156, 123, 188,
       169, 71, 175, 86, 23, 108, 16, 183, 97, 131, 65, 3, 106, 42, 74,
       114, 124, 75, 55, 236, 159, 52, 121, 144, 217, 197, 168, 246, 188,
       140, 182, 139, 116, 20, 207, 146, 247, 129, 27, 71, 254, 75, 27,
       129, 215, 233, 147, 62, 71, 251, 34, 219, 227, 221, 63, 160, 117,
       158, 86, 112, 160, 189, 112, 136, 232, 65, 87, 162, 53, 164, 24,
       19, 151, 64, 26, 1, 150, 109, 24, 26, 79, 162, 17, 217, 225, 113,
       124, 224, 128, 134, 106, 5, 103, 157, 227, 180, 47, 111, 156, 126,
       187, 31, 112, 215, 115, 201, 107, 23, 78, 126, 126, 177, 240, 105,
       58, 236, 143, 103, 244, 136, 251, 129, 161, 176, 204, 156, 159,
       156, 175, 71, 174, 94, 7, 200, 82, 246, 99, 33, 64, 89, 234, 10,
       91, 122, 172, 91, 127, 237, 166, 150, 80, 176, 89, 209, 10, 254,
       102, 164, 231, 169, 62, 95, 152, 51, 254, 181, 157, 203, 103, 91,
       31, 149, 212, 253, 126, 168, 70, 235, 162, 199, 251, 229, 188,
       130, 255, 86, 113, 252, 116, 158, 254, 141, 116, 86, 216, 147,
       155, 173, 25, 106, 251, 109, 219, 217, 214, 237, 18, 40, 103, 218,
       162, 211, 247, 213, 63, 162, 123, 126, 2, 77, 117, 17, 103, 177,
       14, 111, 184, 57, 232, 111, 76, 222, 115, 9, 148, 150, 77, 108,
       110, 193, 144, 249, 78, 173, 254, 37, 6, 10, 179, 11, 161, 225,
       180, 253, 80, 236, 249, 81, 223, 251, 123, 180, 120, 50, 188, 196,
       59, 131, 150, 108, 16, 183, 111, 226, 83, 31, 187, 117, 127, 193,
       200, 198, 47, 77, 101, 149, 167, 176, 78, 111, 184, 121, 224, 111,
       0, 223, 115, 139, 246, 18, 68, 124, 110, 33, 208, 237, 46, 236,
       255, 37, 4, 2, 247, 67, 96, 141, 52, 156, 243, 172, 47, 101, 152,
       126, 187, 23, 112, 215, 113, 201, 43, 23, 94, 126, 58, 179, 244,
       121, 50, 205, 203, 117, 116, 136, 249, 129, 161, 119, 229, 236,
       66, 219, 83, 222, 232, 83, 246, 173, 10, 64, 124, 95, 50, 25, 197,
       249, 255, 254, 98, 253, 86, 59, 15, 197, 127, 229, 127, 94, 70,
       118, 101, 188, 70, 141, 114, 87, 136, 83, 182, 141, 10, 66, 249,
       95, 191, 217, 212, 233, 106, 104, 99, 235, 170, 179, 255, 197, 63,
       227, 127, 94, 38, 254, 119, 204, 166, 170, 66, 31, 184, 51, 246,
       157, 175, 223, 111, 75, 19, 87, 213, 253, 243, 108, 67, 207, 186,
       250, 199, 237, 189, 174, 247, 14, 83, 108, 113, 185, 101, 161, 14,
       119, 184, 121, 172, 47, 12, 214, 51, 73, 18, 144, 92, 108, 106,
       64, 240, 249, 8, 239, 255, 37, 52, 66, 115, 70, 35, 201, 188, 183,
       85, 169, 252, 165, 7, 254, 251, 162, 88, 190, 180, 196, 255, 129,
       55, 120, 24, 177, 109, 243, 66, 141, 58, 86, 82, 202, 64, 131, 45,
       197, 188, 165, 85, 173, 60, 164, 159, 250, 251, 134, 28, 218, 56,
       215, 175, 129, 70, 120, 29, 181, 109, 247, 130, 137, 123, 85, 118,
       202, 124, 217, 124, 112, 170, 156, 112, 10, 169, 81, 87, 162, 55,
       164, 25, 55, 131, 66, 27, 1, 179, 109, 16, 26, 79, 130, 49, 219,
       129, 112, 121, 224, 128, 142, 10, 254, 100, 236, 103, 168, 122,
       94, 136, 51, 182, 175, 152, 195, 103, 217, 63, 19, 212, 125, 106,
       104, 70, 237, 170, 247, 251, 229, 189, 166, 243, 214, 98, 252, 76,
       188, 126, 169, 44, 86, 138, 211, 150, 165, 24, 98, 249, 79, 91,
       193, 214, 237, 2, 40, 103, 202, 35, 211, 255, 85, 63, 208, 249,
       206, 2, 224, 188, 189, 113, 232, 237, 177, 87, 250, 55, 160, 24,
       183, 191, 68, 59, 167, 23, 106, 16, 179, 109, 242, 19, 93, 139,
       119, 120, 192, 64, 199, 251, 248, 174, 204, 54, 168, 169, 89, 7,
       179, 63, 180, 185, 175, 171, 66, 27, 9, 166, 237, 28, 62, 111,
       194, 1, 218, 211, 112, 121, 226, 196, 206, 74, 84, 113, 124, 101,
       34, 74, 126, 56, 33, 160, 183, 169, 87, 87, 137, 18, 54, 213, 253,
       226, 72, 208, 217, 12, 247, 225, 37, 133, 105, 179, 38, 51, 221,
       172, 220, 118, 137, 44, 84, 159, 178, 179, 166, 24, 119, 243, 64,
       91, 33, 230, 108, 24, 62, 77, 219, 34, 219, 235, 117, 125, 170,
       240, 202, 10, 216, 188, 158, 240, 168, 236, 85, 215, 178, 187,
       164, 56, 183, 247, 64, 59, 39, 246, 253, 24, 59, 79, 218, 51, 219,
       227, 117, 121, 168, 192, 134, 59, 205, 69, 253, 103, 178, 14, 111,
       184, 117, 226, 103, 68, 219, 115, 153, 117, 55, 204, 52, 110, 225,
       244, 125, 46, 109, 175, 101, 4, 102, 243, 65, 97, 17, 143, 91,
       101, 180, 46, 111, 183, 116, 10, 122, 96, 243, 99, 144, 112, 23,
       110, 44, 44, 185, 184, 69, 47, 236, 174, 36, 192, 232, 226, 192,
       41, 252, 119, 236, 103, 168, 75, 95, 184, 51, 238, 191, 173, 203,
       103, 203, 19, 30, 212, 237, 226, 104, 210, 233, 30, 238, 195, 101,
       181, 99, 255, 78, 115, 253, 172, 253, 118, 137, 125, 77, 254, 243,
       247, 172, 24, 251, 247, 83, 63, 9, 246, 125, 140, 59, 111, 251,
       227, 251, 223, 85, 57, 226, 240, 198, 106, 69, 241, 93, 103, 176,
       15, 86, 184, 110, 160, 43, 76, 215, 115, 201, 112, 150, 84, 124,
       122, 201, 144, 89, 60, 239, 221, 37, 52, 40, 187, 65, 33, 189,
       118, 121, 111, 112, 15, 75, 120, 112, 234, 245, 76, 83, 83, 153,
       49, 92, 204, 4, 238, 233, 182, 125, 46, 101, 171, 33, 4, 104, 179,
       98, 161, 116, 100, 237, 103, 172, 106, 87, 168, 51, 182, 171, 137,
       67, 107, 93, 27, 19, 212, 109, 106, 104, 82, 233, 42, 247, 239,
       197, 53, 164, 243, 86, 34, 240, 190, 156, 50, 168, 169, 80, 215,
       178, 187, 160, 121, 183, 243, 64, 27, 131, 247, 109, 16, 58, 79,
       202, 51, 216, 131, 117, 121, 224, 192, 134, 11, 244, 140, 252,
       126, 173, 45, 85, 175, 211, 183, 164, 24, 99, 241, 65, 91, 193,
       214, 108, 10, 56, 111, 251, 51, 219, 251, 85, 61, 242, 248, 198,
       42, 125, 101, 216, 103, 144, 90, 119, 168, 113, 172, 239, 40, 211,
       115, 139, 116, 112, 204, 236, 106, 76, 146, 237, 14, 255, 237,
