%YAML:1.0
---
descriptors: !!opencv-matrix
   rows: 124
   cols: 32
   dt: u
   data: [ 179, 174, 238, 223, 254, 187, 232, 223, 127, 243, 246, 246,
       249, 235, 150, 237, 127, 238, 127, 156, 191, 254, 237, 255, 94,
       235, 247, 192, 239, 236, 248, 253, 100, 188, 185, 99, 217, 239,
       67, 136, 122, 177, 45, 8, 214, 245, 73, 56, 145, 94, 104, 122, 27,
       112, 249, 54, 237, 159, 5, 118, 192, 115, 198, 35, 100, 101, 113,
       103, 52, 75, 102, 168, 121, 168, 123, 104, 211, 89, 157, 48, 146,
       220, 108, 98, 73, 240, 205, 14, 39, 252, 37, 21, 99, 179, 70, 5,
       117, 69, 127, 103, 148, 14, 71, 188, 100, 160, 235, 72, 83, 113,
       153, 112, 112, 196, 92, 106, 233, 177, 57, 46, 241, 175, 37, 20,
       105, 243, 224, 32, 240, 40, 252, 112, 136, 237, 81, 87, 162, 183,
       164, 24, 23, 183, 64, 27, 1, 146, 108, 24, 58, 79, 178, 0, 217,
       137, 113, 120, 224, 192, 134, 42, 224, 232, 189, 119, 13, 77, 69,
       167, 227, 178, 166, 24, 242, 245, 65, 59, 137, 118, 104, 10, 105,
       103, 251, 32, 207, 187, 85, 56, 64, 120, 198, 106, 248, 172, 61,
       122, 137, 237, 85, 207, 179, 23, 164, 24, 35, 247, 72, 27, 137,
       178, 236, 16, 58, 111, 250, 51, 219, 243, 85, 123, 210, 64, 198,
       106, 60, 161, 249, 96, 220, 205, 81, 217, 99, 189, 172, 8, 23,
       151, 64, 48, 9, 158, 68, 24, 26, 106, 250, 16, 219, 205, 53, 125,
       224, 130, 70, 162, 80, 185, 59, 250, 184, 197, 89, 255, 166, 93,
       136, 9, 183, 255, 104, 80, 197, 187, 125, 145, 90, 75, 186, 117,
       251, 149, 62, 123, 16, 0, 167, 123, 236, 249, 168, 122, 237, 221,
       81, 221, 131, 253, 181, 29, 147, 221, 74, 58, 141, 251, 253, 81,
       222, 107, 250, 49, 219, 217, 53, 255, 208, 27, 222, 115, 92, 117,
       159, 228, 10, 78, 87, 184, 162, 182, 162, 8, 87, 119, 65, 83, 49,
       244, 109, 106, 104, 193, 185, 12, 249, 227, 69, 52, 32, 179, 6,
       34, 85, 60, 191, 100, 140, 110, 95, 178, 232, 238, 174, 29, 215,
       63, 83, 122, 165, 213, 125, 191, 153, 69, 185, 2, 219, 239, 117,
       84, 168, 243, 198, 114, 44, 161, 121, 97, 252, 205, 83, 152, 99,
       189, 189, 8, 19, 19, 64, 48, 25, 152, 68, 88, 26, 122, 232, 16,
       239, 221, 37, 125, 194, 138, 70, 162, 224, 236, 189, 86, 205, 77,
       69, 167, 235, 243, 166, 24, 242, 245, 68, 63, 137, 246, 120, 8,
       105, 111, 243, 35, 213, 186, 85, 58, 64, 120, 198, 42, 240, 168,
       218, 112, 138, 233, 81, 87, 178, 23, 164, 57, 55, 183, 66, 27, 35,
       178, 109, 24, 58, 79, 130, 0, 219, 131, 116, 121, 224, 192, 142,
       42, 100, 103, 81, 103, 116, 78, 102, 56, 121, 168, 123, 72, 211,
       73, 29, 48, 152, 220, 76, 98, 201, 176, 201, 78, 167, 252, 37, 5,
       72, 179, 70, 3, 36, 85, 181, 101, 16, 15, 71, 184, 118, 160, 43,
       76, 211, 37, 9, 112, 21, 84, 104, 106, 233, 240, 121, 30, 237,
       158, 5, 20, 88, 187, 68, 48, 212, 65, 92, 101, 40, 10, 79, 184,
       96, 168, 167, 40, 215, 99, 137, 115, 18, 212, 108, 106, 104, 229,
       201, 12, 224, 171, 101, 20, 96, 179, 66, 33, 197, 117, 21, 7, 96,
       94, 46, 184, 56, 232, 99, 76, 222, 118, 137, 244, 150, 76, 124,
       110, 225, 208, 249, 110, 36, 184, 37, 134, 74, 183, 3, 117, 236,
       249, 185, 242, 236, 77, 87, 157, 131, 252, 165, 29, 183, 221, 74,
       19, 133, 219, 93, 83, 219, 111, 250, 49, 251, 217, 37, 125, 208,
       155, 198, 251, 59, 71, 98, 5, 71, 18, 238, 120, 113, 230, 94, 199,
       73, 40, 151, 164, 126, 236, 148, 239, 204, 176, 165, 206, 54, 111,
       235, 133, 103, 182, 122, 196, 122, 75, 110, 12, 80, 210, 207, 96,
       164, 196, 206, 167, 97, 204, 183, 100, 120, 228, 179, 231, 205,
       147, 36, 205, 114, 39, 138, 129, 39, 183, 116, 116, 116, 105, 204,
       103, 128, 74, 71, 128, 48, 166, 167, 137, 83, 99, 67, 90, 80, 228,
       109, 110, 72, 210, 201, 40, 245, 163, 101, 21, 224, 243, 70, 98,
       208, 172, 191, 113, 136, 234, 73, 135, 246, 23, 162, 16, 183, 35,
       0, 91, 33, 54, 108, 24, 58, 237, 195, 19, 201, 226, 119, 80, 224,
       192, 133, 40, 236, 228, 189, 115, 169, 109, 71, 140, 114, 190,
       165, 24, 214, 115, 73, 91, 145, 86, 108, 58, 42, 68, 251, 51, 237,
       211, 85, 125, 144, 115, 134, 98, 101, 101, 21, 103, 17, 15, 70,
       56, 126, 160, 43, 72, 211, 49, 73, 112, 144, 84, 104, 106, 233,
       176, 89, 30, 173, 158, 5, 52, 72, 187, 64, 32, 225, 188, 181, 86,
       201, 237, 85, 167, 251, 179, 160, 24, 246, 241, 68, 59, 129, 118,
       104, 8, 49, 111, 242, 51, 157, 154, 85, 122, 192, 104, 198, 42,
       120, 164, 189, 120, 137, 233, 81, 207, 179, 55, 172, 24, 38, 247,
       72, 27, 129, 146, 236, 16, 58, 111, 226, 51, 219, 211, 85, 127,
       192, 64, 134, 42, 92, 105, 221, 100, 11, 74, 71, 48, 33, 162, 175,
       8, 87, 55, 65, 114, 32, 244, 105, 106, 72, 75, 209, 8, 249, 227,
       69, 48, 34, 243, 38, 34, 77, 79, 117, 71, 61, 31, 111, 168, 127,
       236, 62, 72, 207, 96, 221, 244, 22, 68, 108, 110, 225, 240, 109,
       254, 172, 222, 5, 20, 66, 183, 65, 101, 158, 190, 181, 83, 187,
       227, 21, 175, 190, 187, 128, 248, 204, 242, 200, 175, 23, 215,
       253, 145, 58, 207, 207, 118, 184, 18, 125, 246, 134, 213, 135, 37,
       220, 157, 159, 183, 138, 106, 23, 167, 180, 179, 139, 112, 247,
       115, 0, 123, 167, 119, 124, 66, 57, 205, 155, 43, 249, 227, 127,
       20, 160, 115, 131, 43, 101, 101, 16, 39, 80, 15, 70, 168, 97, 160,
       235, 8, 211, 97, 25, 16, 152, 204, 64, 106, 72, 176, 217, 44, 229,
       156, 5, 20, 64, 187, 74, 128, 217, 168, 159, 112, 137, 236, 80,
       23, 227, 27, 166, 24, 191, 179, 64, 123, 161, 54, 108, 24, 51, 77,
       146, 17, 219, 251, 80, 123, 226, 64, 203, 43, 120, 105, 209, 102,
       9, 202, 71, 32, 33, 160, 175, 8, 115, 51, 65, 118, 0, 244, 104,
       74, 72, 219, 209, 40, 251, 231, 69, 56, 98, 51, 38, 34, 205, 180,
       189, 243, 224, 108, 121, 27, 51, 127, 103, 24, 213, 247, 74, 121,
       21, 159, 113, 152, 179, 212, 251, 2, 207, 239, 113, 76, 160, 192,
       134, 114, 44, 97, 121, 67, 112, 78, 103, 56, 105, 168, 127, 40,
       211, 87, 137, 52, 18, 92, 70, 106, 65, 176, 105, 12, 103, 156, 37,
       4, 66, 187, 70, 161, 205, 117, 61, 7, 160, 126, 111, 184, 121,
       230, 103, 12, 222, 118, 159, 55, 150, 69, 88, 110, 229, 212, 253,
       110, 103, 123, 69, 4, 74, 247, 67, 117, 220, 181, 149, 119, 176,
       111, 71, 191, 114, 191, 171, 120, 215, 117, 72, 27, 23, 86, 108,
       42, 57, 240, 233, 46, 237, 198, 117, 20, 226, 241, 134, 115, 125,
       161, 252, 98, 173, 221, 84, 205, 227, 253, 173, 13, 75, 232, 94,
       182, 137, 198, 236, 20, 158, 107, 254, 176, 155, 253, 21, 127,
       227, 206, 222, 70, 198, 190, 133, 81, 136, 255, 13, 191, 190, 247,
       134, 252, 195, 102, 204, 159, 5, 215, 232, 144, 187, 207, 255, 50,
       157, 211, 93, 246, 136, 208, 143, 60, 217, 156, 238, 119, 168,
       248, 93, 151, 246, 247, 134, 144, 123, 183, 194, 123, 7, 246, 252,
       24, 191, 77, 191, 49, 203, 235, 117, 81, 162, 192, 206, 122, 220,
       102, 221, 101, 170, 42, 31, 186, 50, 182, 134, 248, 223, 103, 201,
       91, 55, 213, 109, 122, 104, 69, 203, 42, 248, 227, 103, 148, 162,
       241, 135, 49, 248, 61, 221, 100, 168, 75, 85, 127, 51, 186, 170,
       104, 55, 183, 193, 83, 3, 214, 108, 32, 105, 107, 195, 10, 249,
       195, 117, 60, 98, 240, 198, 43, 208, 184, 159, 112, 138, 232, 16,
       7, 251, 19, 162, 120, 182, 179, 64, 123, 163, 183, 108, 16, 58,
       79, 130, 51, 155, 179, 84, 123, 192, 64, 167, 43, 108, 97, 83, 71,
       81, 75, 102, 96, 97, 160, 111, 8, 211, 209, 77, 180, 24, 220, 64,
       106, 72, 176, 216, 12, 39, 140, 5, 53, 67, 179, 70, 160, 140, 180,
       189, 115, 185, 110, 121, 27, 55, 127, 39, 16, 221, 119, 72, 123,
       17, 30, 125, 152, 51, 212, 251, 18, 207, 255, 117, 101, 162, 192,
       134, 243, 112, 186, 157, 176, 9, 141, 64, 135, 170, 181, 168, 77,
       166, 166, 64, 146, 129, 35, 108, 20, 27, 41, 210, 49, 153, 213,
       86, 122, 200, 0, 135, 250, 116, 185, 250, 98, 189, 221, 83, 217,
