%YAML:1.0
---
descriptors: !!opencv-matrix
   rows: 262
   cols: 32
   dt: u
   data: [ 93, 93, 125, 111, 176, 78, 79, 188, 96, 232, 190, 76, 215,
       119, 137, 114, 54, 212, 92, 106, 233, 129, 121, 46, 227, 237, 101,
       148, 104, 243, 192, 49, 149, 189, 185, 239, 180, 46, 111, 191, 54,
       235, 94, 80, 215, 119, 153, 96, 119, 94, 29, 62, 187, 156, 121,
       62, 236, 239, 39, 132, 172, 243, 129, 49, 236, 48, 189, 99, 45,
       127, 83, 152, 123, 255, 165, 24, 222, 93, 75, 59, 145, 84, 124,
       58, 51, 100, 251, 18, 207, 219, 101, 125, 194, 251, 70, 115, 252,
       112, 189, 99, 104, 111, 83, 152, 115, 251, 167, 24, 215, 87, 73,
       59, 145, 212, 124, 122, 41, 103, 251, 2, 207, 219, 101, 52, 202,
       243, 70, 115, 252, 188, 252, 118, 168, 109, 85, 255, 179, 191,
       165, 56, 119, 247, 72, 27, 9, 246, 109, 42, 56, 79, 250, 42, 251,
       195, 117, 61, 224, 240, 198, 106, 172, 180, 189, 115, 237, 125,
       81, 153, 251, 127, 37, 24, 222, 125, 72, 59, 153, 146, 253, 16,
       58, 100, 251, 19, 207, 219, 81, 127, 210, 75, 198, 242, 120, 184,
       253, 112, 168, 236, 81, 214, 162, 191, 164, 24, 55, 183, 66, 58,
       1, 246, 237, 24, 26, 79, 186, 49, 219, 235, 116, 121, 226, 128,
       198, 123, 246, 237, 246, 247, 252, 171, 254, 254, 63, 242, 250,
       26, 207, 235, 61, 83, 255, 239, 127, 243, 240, 255, 207, 255, 190,
       254, 207, 156, 167, 255, 227, 129, 96, 172, 25, 250, 216, 237, 85,
       207, 222, 19, 172, 24, 182, 243, 72, 80, 129, 18, 106, 0, 50, 107,
       218, 55, 221, 146, 20, 125, 80, 72, 135, 42, 117, 5, 125, 101,
       176, 14, 71, 184, 108, 32, 171, 72, 215, 115, 9, 115, 18, 212,
       124, 106, 233, 161, 121, 12, 225, 239, 37, 20, 96, 178, 64, 32,
       216, 76, 189, 244, 168, 46, 85, 54, 176, 190, 166, 56, 119, 55,
       129, 91, 135, 247, 109, 42, 104, 69, 195, 40, 211, 235, 117, 16,
       96, 241, 6, 43, 236, 252, 188, 255, 173, 125, 86, 156, 255, 187,
       183, 24, 255, 255, 89, 27, 157, 215, 253, 90, 170, 103, 251, 179,
       255, 251, 117, 188, 194, 251, 194, 19, 77, 71, 148, 39, 160, 58,
       110, 136, 121, 162, 107, 64, 207, 98, 217, 218, 147, 68, 108, 126,
       4, 240, 205, 10, 172, 255, 103, 5, 128, 243, 75, 0, 249, 176, 189,
       112, 137, 252, 81, 23, 226, 247, 164, 24, 59, 245, 66, 59, 1, 214,
       120, 24, 59, 111, 178, 32, 219, 203, 85, 121, 226, 64, 198, 106,
       69, 113, 17, 101, 1, 15, 98, 24, 105, 232, 99, 76, 214, 17, 9, 48,
       144, 76, 104, 110, 193, 176, 209, 8, 37, 248, 1, 4, 72, 51, 67,
       33, 182, 45, 198, 159, 252, 43, 238, 238, 63, 178, 251, 26, 236,
       234, 29, 89, 123, 239, 127, 179, 58, 247, 203, 255, 188, 190, 223,
       156, 133, 123, 97, 136, 22, 109, 246, 239, 190, 11, 254, 232, 125,
       160, 251, 2, 207, 106, 21, 100, 122, 237, 127, 227, 232, 243, 201,
       254, 182, 254, 143, 150, 117, 251, 99, 129, 237, 252, 180, 254,
       141, 253, 86, 182, 211, 250, 173, 24, 254, 253, 67, 59, 201, 242,
       255, 90, 43, 110, 250, 187, 239, 219, 85, 59, 210, 127, 210, 106,
       216, 176, 188, 240, 168, 237, 89, 86, 187, 187, 180, 24, 159, 183,
       64, 59, 133, 183, 253, 24, 58, 75, 242, 16, 219, 219, 117, 248,
       226, 64, 70, 115, 248, 188, 188, 120, 169, 253, 85, 255, 251, 59,
       180, 24, 191, 189, 64, 59, 133, 151, 253, 24, 186, 111, 242, 147,
       219, 219, 117, 126, 194, 200, 199, 59, 232, 188, 188, 252, 173,
       253, 85, 223, 255, 59, 180, 24, 191, 249, 69, 59, 201, 242, 255,
       8, 170, 111, 242, 179, 211, 251, 85, 58, 210, 88, 214, 43, 236,
       180, 189, 97, 169, 111, 113, 27, 123, 251, 63, 24, 223, 55, 72,
       59, 149, 23, 125, 56, 59, 116, 241, 2, 207, 219, 117, 116, 194,
       192, 198, 115, 231, 172, 246, 223, 236, 175, 254, 255, 191, 147,
       248, 210, 252, 238, 253, 123, 255, 255, 127, 135, 178, 127, 203,
       251, 190, 62, 223, 174, 157, 248, 227, 157, 101, 85, 29, 103, 164,
       14, 71, 184, 104, 232, 43, 76, 214, 113, 25, 51, 144, 68, 108,
       110, 193, 240, 217, 12, 229, 184, 101, 20, 72, 115, 66, 33, 101,
       85, 29, 103, 148, 14, 71, 184, 96, 224, 43, 76, 211, 113, 25, 51,
       148, 196, 108, 110, 233, 176, 249, 44, 229, 169, 101, 20, 72, 243,
       66, 32, 60, 65, 98, 224, 21, 83, 90, 120, 69, 164, 255, 139, 75,
       157, 51, 192, 250, 188, 151, 227, 204, 179, 104, 156, 243, 221,
       129, 23, 55, 175, 124, 66, 197, 125, 133, 19, 172, 47, 167, 156,
       122, 251, 3, 92, 214, 112, 89, 43, 145, 70, 120, 127, 241, 116,
       219, 34, 172, 26, 93, 116, 136, 123, 211, 52, 205, 52, 157, 97,
       129, 110, 117, 19, 57, 243, 39, 28, 158, 55, 65, 127, 133, 85,
       120, 56, 49, 220, 241, 64, 207, 251, 85, 70, 138, 96, 131, 51,
       240, 170, 191, 122, 138, 224, 81, 215, 178, 23, 164, 185, 55, 231,
       64, 27, 39, 178, 109, 144, 58, 79, 170, 51, 217, 227, 112, 121,
       160, 192, 166, 122, 45, 113, 17, 97, 17, 95, 82, 40, 105, 224,
       111, 8, 222, 17, 9, 180, 144, 28, 80, 106, 73, 176, 241, 12, 167,
       221, 1, 54, 74, 35, 74, 54, 210, 189, 149, 186, 137, 253, 20, 143,
       187, 31, 136, 25, 174, 246, 64, 155, 129, 243, 236, 17, 62, 79,
       218, 179, 153, 214, 93, 123, 144, 68, 143, 78, 69, 113, 145, 69,
       69, 78, 119, 0, 104, 224, 107, 8, 214, 48, 77, 50, 144, 92, 96,
       106, 65, 240, 209, 8, 37, 184, 69, 2, 72, 51, 67, 34, 252, 46,
       140, 182, 168, 40, 93, 159, 163, 183, 134, 189, 151, 163, 67, 91,
       1, 198, 109, 132, 56, 79, 203, 32, 218, 227, 245, 189, 160, 240,
       158, 74, 248, 188, 156, 50, 168, 173, 80, 223, 179, 191, 164, 29,
       55, 243, 66, 27, 129, 230, 237, 20, 58, 79, 218, 51, 219, 195,
       117, 121, 232, 192, 138, 10, 237, 117, 145, 71, 241, 127, 119,
       184, 123, 234, 47, 8, 222, 113, 77, 182, 144, 92, 96, 122, 97,
       240, 249, 74, 111, 223, 5, 38, 202, 115, 75, 182, 248, 188, 148,
       250, 141, 173, 80, 207, 147, 59, 160, 93, 47, 233, 96, 155, 201,
       226, 238, 16, 62, 111, 218, 179, 155, 211, 85, 123, 250, 76, 202,
       26, 166, 236, 222, 255, 252, 169, 238, 236, 190, 179, 243, 26,
       247, 235, 93, 75, 255, 223, 127, 163, 98, 247, 203, 243, 253, 139,
       255, 172, 149, 121, 227, 139, 246, 236, 222, 191, 252, 171, 254,
       236, 191, 178, 243, 27, 247, 234, 93, 75, 251, 207, 127, 243, 114,
       119, 203, 243, 252, 223, 239, 236, 149, 123, 227, 138, 230, 237,
       214, 191, 236, 171, 254, 236, 191, 178, 251, 26, 239, 234, 125,
       67, 255, 239, 127, 243, 124, 103, 203, 250, 190, 254, 207, 190,
       149, 123, 227, 133, 232, 180, 189, 251, 173, 125, 81, 25, 127,
       123, 173, 24, 222, 125, 72, 58, 153, 18, 253, 16, 59, 106, 251,
       147, 207, 223, 81, 127, 210, 74, 198, 98, 232, 189, 181, 252, 141,
       221, 84, 175, 223, 83, 172, 24, 190, 189, 100, 58, 201, 178, 251,
       16, 123, 107, 242, 179, 235, 223, 212, 59, 210, 88, 214, 26, 96,
       188, 28, 218, 200, 237, 17, 143, 170, 51, 168, 24, 182, 243, 72,
       16, 129, 18, 106, 16, 19, 107, 218, 53, 221, 134, 53, 124, 216,
       72, 135, 186, 248, 24, 159, 244, 168, 44, 85, 19, 163, 159, 182,
       120, 95, 183, 65, 91, 167, 247, 253, 0, 56, 71, 146, 32, 211, 235,
       117, 152, 224, 240, 198, 59, 93, 5, 93, 100, 136, 10, 71, 184, 96,
       180, 175, 8, 215, 51, 9, 115, 34, 212, 108, 106, 104, 161, 121,
       12, 241, 235, 101, 20, 96, 178, 66, 32, 252, 97, 253, 68, 140, 75,
       71, 248, 65, 182, 172, 10, 83, 117, 65, 51, 24, 212, 108, 106, 72,
       99, 249, 8, 243, 201, 69, 60, 99, 251, 70, 98, 252, 252, 188, 247,
       169, 47, 94, 190, 187, 186, 191, 56, 223, 255, 73, 91, 183, 215,
       253, 122, 248, 103, 203, 178, 255, 251, 119, 254, 194, 243, 194,
       19, 55, 173, 34, 239, 221, 79, 238, 232, 255, 224, 233, 10, 122,
       251, 61, 112, 249, 239, 123, 239, 121, 243, 219, 254, 191, 254,
       135, 124, 91, 123, 242, 146, 69, 103, 216, 39, 176, 10, 110, 136,
       120, 162, 107, 64, 207, 98, 219, 218, 146, 204, 108, 126, 76, 240,
