%YAML:1.0
---
descriptors: !!opencv-matrix
   rows: 289
   cols: 32
   dt: u
   data: [ 44, 245, 57, 106, 93, 77, 87, 184, 83, 16, 173, 8, 242, 85, 9,
       48, 216, 88, 64, 106, 74, 34, 123, 31, 227, 221, 5, 61, 82, 59,
       70, 162, 237, 112, 153, 71, 137, 110, 65, 24, 123, 242, 39, 24,
       214, 113, 73, 187, 145, 84, 104, 122, 1, 116, 249, 2, 207, 219,
       69, 52, 202, 115, 70, 50, 253, 103, 76, 103, 164, 14, 79, 184, 96,
       170, 175, 76, 211, 97, 157, 51, 16, 196, 108, 110, 233, 225, 237,
       44, 226, 235, 101, 20, 104, 251, 210, 0, 5, 255, 159, 159, 160,
       14, 47, 191, 126, 202, 90, 228, 245, 242, 153, 96, 55, 111, 62,
       238, 225, 216, 159, 127, 236, 174, 111, 128, 140, 242, 161, 185,
       125, 85, 125, 102, 160, 78, 79, 184, 97, 234, 191, 72, 83, 119,
       137, 115, 54, 212, 124, 106, 201, 161, 249, 44, 243, 233, 101,
       148, 104, 243, 66, 49, 221, 95, 125, 239, 176, 78, 79, 188, 116,
       170, 254, 96, 247, 119, 137, 112, 54, 214, 28, 106, 233, 176, 105,
       47, 227, 239, 37, 148, 96, 243, 196, 57, 248, 188, 253, 118, 136,
       111, 69, 191, 178, 191, 164, 24, 115, 119, 72, 27, 1, 246, 108,
       42, 120, 111, 251, 46, 251, 235, 117, 60, 225, 240, 198, 106, 156,
       189, 89, 231, 180, 46, 79, 191, 52, 170, 126, 112, 215, 119, 137,
       80, 119, 222, 29, 122, 121, 152, 105, 63, 237, 239, 167, 196, 164,
       243, 196, 113, 44, 52, 189, 99, 173, 109, 83, 152, 91, 255, 165,
       24, 222, 93, 75, 59, 153, 80, 252, 58, 59, 102, 251, 18, 207, 219,
       1, 125, 194, 251, 70, 115, 85, 13, 95, 101, 180, 14, 79, 179, 108,
       160, 170, 0, 215, 51, 1, 112, 50, 244, 124, 106, 105, 161, 113,
       14, 225, 175, 37, 16, 96, 242, 193, 32, 236, 180, 60, 115, 173,
       253, 81, 153, 255, 63, 165, 24, 222, 125, 72, 57, 145, 19, 253,
       16, 58, 106, 250, 147, 207, 223, 81, 127, 210, 74, 198, 162, 234,
       253, 180, 252, 221, 237, 84, 39, 223, 23, 168, 24, 174, 253, 36,
       83, 201, 51, 251, 0, 106, 107, 210, 183, 171, 223, 84, 59, 210,
       88, 214, 138, 38, 237, 134, 252, 221, 228, 222, 227, 191, 130,
       232, 0, 174, 250, 53, 81, 201, 235, 123, 195, 104, 239, 210, 254,
       187, 254, 222, 27, 208, 121, 246, 138, 21, 133, 57, 79, 149, 79,
       71, 184, 118, 160, 239, 0, 83, 115, 56, 112, 49, 204, 8, 106, 121,
       177, 121, 31, 233, 174, 5, 84, 48, 250, 192, 32, 230, 182, 228,
       255, 237, 47, 206, 255, 255, 187, 189, 94, 207, 235, 93, 31, 221,
       207, 127, 62, 250, 103, 219, 242, 255, 254, 215, 188, 215, 251,
       242, 129, 230, 197, 150, 135, 221, 111, 238, 232, 63, 162, 234,
       10, 204, 234, 61, 81, 249, 207, 123, 227, 96, 243, 217, 238, 189,
       190, 207, 5, 129, 123, 241, 130, 237, 244, 188, 255, 173, 63, 94,
       188, 255, 187, 183, 92, 223, 121, 219, 27, 157, 215, 127, 126,
       248, 103, 251, 187, 255, 251, 117, 180, 202, 251, 202, 19, 6, 229,
       212, 143, 253, 11, 238, 232, 63, 162, 251, 2, 204, 106, 29, 64,
       123, 207, 127, 227, 72, 243, 217, 255, 189, 190, 207, 132, 197,
       123, 227, 128, 77, 119, 177, 71, 240, 78, 55, 184, 57, 232, 127,
       108, 222, 119, 141, 52, 148, 92, 245, 106, 193, 208, 249, 110,
       111, 254, 37, 134, 74, 243, 71, 241, 193, 245, 19, 5, 81, 30, 230,
       53, 120, 72, 106, 76, 254, 16, 20, 180, 148, 108, 64, 110, 229,
       184, 149, 13, 36, 184, 4, 2, 73, 50, 203, 141, 28, 181, 187, 114,
       155, 233, 17, 203, 178, 149, 173, 24, 26, 247, 76, 56, 161, 155,
       192, 144, 26, 107, 186, 114, 219, 197, 21, 111, 225, 64, 167, 226,
       216, 176, 189, 248, 169, 253, 89, 223, 187, 27, 180, 24, 191, 247,
       64, 59, 133, 147, 253, 24, 59, 79, 242, 17, 219, 219, 117, 251,
       226, 192, 135, 123, 1, 172, 215, 191, 196, 169, 228, 239, 118, 19,
       106, 146, 245, 226, 104, 72, 123, 106, 34, 156, 50, 248, 207, 115,
       236, 166, 215, 96, 176, 208, 161, 136, 232, 244, 188, 113, 173,
       237, 85, 183, 127, 59, 180, 24, 191, 61, 72, 59, 137, 146, 236,
       24, 122, 124, 243, 51, 239, 223, 116, 115, 194, 88, 198, 59, 230,
       173, 214, 223, 252, 171, 254, 239, 191, 179, 250, 18, 236, 234,
       124, 83, 251, 239, 127, 129, 114, 255, 203, 247, 188, 190, 223,
       252, 149, 120, 243, 137, 204, 53, 189, 97, 160, 110, 113, 27, 123,
       191, 63, 24, 223, 119, 73, 59, 149, 23, 125, 56, 49, 244, 249, 2,
       207, 223, 117, 100, 192, 224, 199, 51, 204, 92, 189, 231, 32, 110,
       123, 24, 57, 174, 119, 100, 247, 119, 137, 123, 55, 212, 125, 106,
       169, 212, 185, 106, 199, 251, 99, 132, 0, 243, 7, 115, 60, 73, 18,
       174, 93, 71, 86, 232, 5, 164, 233, 11, 98, 200, 41, 144, 216, 236,
       194, 98, 76, 163, 88, 189, 179, 244, 5, 31, 83, 63, 126, 134, 81,
       207, 79, 111, 180, 10, 78, 191, 100, 0, 170, 192, 243, 99, 144,
       112, 50, 230, 76, 108, 41, 169, 13, 63, 232, 174, 36, 80, 236,
       178, 192, 40, 77, 180, 157, 97, 137, 126, 53, 23, 43, 243, 39, 24,
       158, 55, 66, 251, 133, 23, 248, 16, 49, 88, 241, 64, 207, 251, 85,
       86, 138, 96, 139, 51, 240, 184, 190, 112, 138, 233, 81, 215, 162,
       23, 164, 57, 55, 183, 64, 27, 35, 182, 109, 16, 58, 79, 178, 49,
       219, 195, 112, 121, 224, 192, 134, 250, 248, 236, 156, 122, 137,
       173, 84, 206, 155, 55, 164, 25, 174, 251, 67, 155, 129, 115, 233,
       16, 62, 111, 202, 51, 251, 211, 85, 123, 210, 92, 142, 10, 77,
       113, 48, 69, 85, 30, 102, 56, 105, 232, 106, 76, 214, 16, 5, 180,
       144, 76, 64, 106, 197, 176, 209, 12, 39, 252, 5, 4, 74, 51, 75,
       133, 244, 12, 172, 180, 138, 96, 85, 190, 162, 183, 134, 185, 119,
       167, 67, 91, 65, 246, 109, 138, 104, 79, 203, 32, 217, 163, 245,
       57, 160, 241, 6, 106, 252, 166, 220, 114, 168, 173, 84, 223, 178,
       191, 164, 29, 55, 227, 74, 27, 1, 198, 237, 28, 58, 79, 202, 35,
       219, 195, 117, 125, 224, 192, 206, 11, 205, 117, 149, 103, 161,
       110, 119, 184, 120, 234, 43, 8, 222, 115, 9, 183, 145, 84, 104,
       106, 97, 244, 249, 42, 237, 255, 69, 6, 202, 115, 67, 50, 237,
       112, 157, 103, 9, 94, 71, 24, 105, 250, 39, 72, 210, 81, 73, 59,
       145, 84, 108, 106, 73, 116, 249, 0, 199, 251, 69, 52, 202, 115,
       66, 32, 141, 223, 159, 255, 176, 14, 111, 188, 124, 234, 95, 100,
       245, 115, 153, 96, 55, 110, 62, 238, 225, 208, 125, 111, 236, 175,
       111, 128, 8, 243, 161, 185, 125, 221, 121, 103, 176, 78, 79, 188,
       97, 170, 255, 96, 243, 119, 137, 112, 22, 214, 124, 106, 233, 144,
       121, 46, 227, 239, 37, 148, 96, 243, 196, 49, 92, 221, 93, 231,
       176, 15, 79, 188, 52, 170, 255, 96, 215, 119, 137, 112, 55, 246,
       93, 106, 121, 152, 105, 62, 233, 239, 37, 148, 32, 243, 192, 49,
       252, 44, 252, 118, 137, 109, 85, 222, 211, 183, 180, 24, 67, 241,
       79, 31, 9, 246, 236, 26, 40, 103, 218, 34, 219, 219, 85, 61, 227,
       249, 198, 34, 96, 184, 157, 250, 200, 201, 17, 143, 138, 57, 160,
       24, 182, 213, 72, 26, 129, 18, 106, 16, 27, 107, 218, 49, 217,
       144, 21, 127, 216, 8, 135, 42, 148, 189, 217, 231, 180, 46, 111,
       191, 52, 170, 223, 48, 247, 119, 137, 64, 119, 223, 29, 58, 120,
       144, 73, 46, 237, 239, 39, 132, 164, 243, 129, 41, 80, 13, 94,
       101, 146, 10, 71, 37, 228, 164, 174, 8, 247, 51, 0, 115, 34, 246,
       108, 106, 104, 169, 113, 12, 241, 171, 100, 16, 96, 178, 196, 40,
       216, 56, 191, 116, 42, 44, 85, 23, 160, 154, 182, 120, 87, 183,
       65, 91, 167, 247, 109, 2, 40, 71, 147, 0, 211, 235, 116, 152, 224,
       240, 6, 59, 236, 180, 188, 115, 173, 125, 81, 152, 127, 63, 173,
       24, 222, 125, 72, 59, 153, 18, 253, 58, 58, 100, 251, 18, 207,
       219, 81, 127, 210, 75, 70, 51, 246, 236, 246, 255, 252, 171, 238,
       252, 63, 178, 243, 18, 239, 235, 93, 75, 127, 239, 127, 243, 226,
       247, 203, 251, 190, 254, 223, 140, 151, 251, 227, 137, 104, 180,
       180, 250, 157, 237, 84, 47, 223, 31, 173, 24, 174, 253, 72, 83,
       201, 19, 251, 0, 122, 110, 210, 151, 239, 223, 84, 123, 210, 72,
