%YAML:1.0
---
descriptors: !!opencv-matrix
   rows: 148
   cols: 32
   dt: u
   data: [ 133, 236, 255, 255, 172, 163, 237, 255, 254, 51, 242, 246,
       253, 235, 152, 43, 111, 239, 127, 140, 179, 252, 95, 243, 204,
       223, 255, 196, 237, 240, 227, 168, 252, 240, 180, 250, 173, 125,
       81, 216, 191, 127, 181, 25, 78, 223, 79, 27, 237, 209, 255, 18,
       174, 103, 251, 240, 219, 219, 85, 127, 242, 221, 102, 83, 78, 253,
       246, 223, 255, 95, 254, 252, 191, 254, 254, 43, 236, 255, 119,
       230, 255, 255, 255, 227, 228, 243, 251, 255, 255, 127, 207, 175,
       151, 127, 253, 223, 142, 253, 254, 255, 253, 95, 255, 248, 63,
       222, 247, 55, 204, 255, 95, 224, 255, 255, 255, 231, 252, 243,
       251, 255, 255, 255, 207, 143, 199, 127, 239, 215, 223, 158, 238,
       191, 254, 187, 254, 254, 255, 251, 246, 255, 253, 238, 254, 239,
       127, 239, 255, 159, 183, 255, 239, 255, 254, 127, 255, 188, 191,
       253, 249, 213, 201, 155, 253, 119, 172, 46, 125, 151, 254, 251,
       54, 116, 223, 63, 194, 123, 135, 87, 127, 28, 241, 237, 251, 96,
       207, 251, 118, 196, 202, 209, 199, 123, 252, 115, 252, 239, 169,
       95, 93, 216, 163, 254, 181, 13, 223, 127, 75, 27, 214, 213, 253,
       114, 204, 67, 249, 152, 251, 217, 101, 191, 114, 247, 134, 83, 92,
       126, 60, 230, 44, 95, 95, 248, 35, 238, 189, 45, 255, 127, 75, 83,
       247, 245, 253, 103, 236, 71, 249, 174, 251, 223, 103, 189, 32,
       243, 7, 115, 220, 183, 189, 230, 185, 95, 95, 188, 63, 238, 191,
       5, 255, 111, 90, 115, 215, 87, 253, 103, 252, 97, 251, 170, 251,
       223, 111, 189, 6, 247, 165, 115, 143, 244, 252, 255, 253, 127,
       255, 255, 255, 222, 180, 54, 253, 255, 222, 35, 255, 243, 255,
       190, 181, 111, 123, 255, 255, 223, 255, 223, 238, 252, 237, 247,
       217, 188, 189, 247, 172, 44, 85, 191, 251, 219, 182, 116, 255,
       243, 192, 123, 197, 119, 125, 28, 187, 77, 251, 163, 203, 251,
       119, 218, 138, 240, 195, 59, 69, 97, 120, 69, 16, 94, 111, 56, 96,
       224, 111, 8, 211, 23, 25, 48, 16, 220, 80, 106, 65, 176, 253, 12,
       103, 141, 1, 4, 96, 179, 70, 160, 252, 112, 189, 250, 173, 125,
       81, 216, 191, 127, 181, 25, 79, 223, 79, 155, 205, 209, 253, 18,
       42, 103, 251, 178, 219, 219, 85, 127, 210, 125, 70, 115, 254, 176,
       188, 250, 173, 253, 81, 218, 191, 127, 181, 25, 206, 253, 78, 255,
       205, 211, 255, 16, 62, 103, 251, 179, 155, 219, 83, 127, 210, 77,
       207, 119, 234, 180, 190, 250, 253, 253, 209, 71, 191, 95, 181, 25,
       238, 252, 110, 254, 205, 187, 255, 17, 62, 111, 250, 243, 223,
       223, 222, 123, 210, 76, 206, 127, 34, 141, 106, 222, 212, 131,
       174, 231, 94, 0, 88, 2, 96, 232, 52, 64, 121, 235, 19, 195, 210,
       186, 12, 255, 60, 46, 143, 200, 85, 26, 241, 136, 133, 174, 253,
       255, 236, 170, 237, 223, 126, 115, 242, 244, 253, 227, 216, 105,
       127, 110, 126, 156, 179, 220, 239, 243, 236, 187, 255, 192, 236,
       208, 227, 169, 133, 172, 221, 255, 236, 234, 109, 207, 126, 179,
       246, 150, 241, 227, 144, 105, 123, 238, 126, 142, 51, 220, 223,
       243, 236, 191, 255, 64, 237, 240, 243, 168, 252, 113, 189, 231,
       169, 95, 85, 248, 171, 254, 181, 9, 223, 127, 75, 27, 140, 213,
       253, 114, 204, 67, 251, 152, 251, 217, 101, 189, 98, 243, 198,
       115, 124, 117, 189, 231, 184, 127, 95, 184, 33, 238, 191, 13, 223,
       127, 11, 19, 246, 213, 253, 98, 236, 67, 249, 174, 251, 255, 101,
       181, 34, 115, 6, 115, 220, 253, 188, 247, 188, 95, 95, 188, 127,
       238, 190, 13, 255, 127, 27, 115, 247, 247, 253, 103, 189, 97, 249,
       175, 251, 255, 111, 177, 132, 251, 133, 123, 118, 189, 150, 190,
       189, 223, 214, 232, 191, 172, 185, 11, 206, 254, 47, 212, 249,
       253, 239, 99, 12, 99, 218, 255, 185, 246, 143, 63, 83, 127, 127,
       214, 54, 253, 22, 174, 221, 95, 222, 232, 191, 172, 249, 11, 206,
       254, 47, 148, 249, 253, 239, 227, 76, 99, 219, 255, 185, 246, 143,
       63, 81, 63, 111, 6, 25, 191, 110, 255, 254, 187, 239, 255, 127,
       231, 254, 246, 253, 235, 150, 228, 127, 239, 127, 157, 177, 249,
       239, 255, 254, 239, 255, 192, 239, 204, 233, 253, 252, 112, 252,
       114, 169, 93, 83, 152, 163, 254, 165, 25, 223, 223, 75, 154, 223,
       212, 253, 82, 14, 103, 251, 48, 219, 203, 101, 61, 242, 179, 78,
       115, 158, 253, 246, 255, 253, 95, 254, 248, 191, 254, 246, 35,
       204, 255, 127, 245, 255, 255, 255, 227, 228, 243, 251, 255, 255,
       255, 207, 143, 199, 127, 239, 215, 217, 190, 189, 253, 172, 44,
       93, 191, 255, 251, 182, 92, 255, 243, 72, 123, 135, 87, 125, 24,
       187, 109, 251, 35, 203, 251, 119, 222, 136, 240, 131, 59, 92, 117,
       188, 230, 168, 79, 95, 188, 166, 254, 191, 41, 223, 127, 75, 115,
       246, 215, 253, 98, 200, 67, 251, 40, 251, 233, 103, 189, 32, 243,
       140, 115, 217, 188, 189, 254, 173, 237, 85, 223, 191, 219, 180,
       92, 191, 255, 64, 123, 133, 247, 125, 16, 187, 111, 251, 33, 219,
       251, 117, 186, 138, 208, 230, 59, 62, 253, 182, 158, 253, 223,
       214, 232, 191, 172, 249, 11, 110, 254, 47, 148, 249, 249, 239, 99,
       76, 99, 218, 255, 187, 118, 143, 63, 83, 63, 110, 86, 239, 252,
       255, 215, 253, 254, 255, 248, 191, 254, 255, 175, 254, 255, 223,
       63, 255, 255, 255, 223, 239, 247, 251, 239, 255, 127, 239, 198,
       207, 255, 39, 247, 157, 118, 123, 229, 52, 10, 107, 56, 124, 234,
       247, 244, 223, 79, 145, 97, 118, 204, 94, 238, 233, 244, 237, 142,
       230, 249, 163, 128, 44, 169, 97, 113, 54, 237, 98, 206, 212, 131,
       238, 236, 87, 128, 248, 10, 104, 232, 61, 0, 121, 235, 23, 243,
       202, 179, 8, 255, 62, 12, 135, 168, 117, 251, 114, 136, 205, 174,
       247, 251, 236, 191, 237, 222, 127, 251, 246, 214, 255, 235, 219,
       109, 127, 239, 126, 158, 179, 254, 255, 242, 222, 255, 247, 192,
       174, 249, 225, 241, 234, 180, 190, 254, 253, 253, 245, 103, 191,
       95, 253, 25, 238, 255, 110, 252, 233, 187, 255, 17, 62, 107, 250,
       247, 223, 223, 214, 123, 210, 76, 254, 223, 217, 158, 159, 245,
       168, 44, 125, 191, 191, 251, 178, 116, 255, 119, 128, 123, 167,
       119, 124, 28, 185, 205, 235, 118, 202, 251, 127, 214, 136, 224,
       129, 57, 129, 142, 223, 255, 166, 170, 109, 159, 126, 243, 114,
       244, 247, 99, 144, 105, 119, 110, 126, 28, 179, 220, 79, 119, 204,
       251, 247, 128, 236, 200, 193, 185, 133, 174, 221, 255, 230, 170,
       237, 223, 126, 115, 122, 214, 253, 227, 216, 105, 123, 110, 62,
       156, 179, 252, 239, 243, 204, 175, 255, 192, 252, 216, 209, 168,
       133, 172, 255, 247, 236, 174, 109, 223, 126, 179, 242, 214, 253,
       227, 88, 107, 123, 238, 106, 156, 179, 252, 255, 243, 204, 171,
       247, 64, 188, 216, 241, 168, 132, 174, 207, 251, 236, 171, 237,
       255, 126, 183, 242, 246, 237, 235, 216, 75, 111, 239, 110, 156,
       178, 252, 207, 243, 252, 163, 247, 196, 229, 200, 229, 169, 245,
       205, 237, 238, 140, 35, 79, 252, 210, 242, 157, 206, 83, 229, 249,
       99, 127, 198, 61, 239, 233, 67, 239, 174, 248, 143, 229, 188, 189,
       251, 240, 112, 2, 141, 67, 159, 214, 162, 174, 230, 190, 3, 90,
       195, 44, 238, 48, 64, 127, 107, 19, 197, 115, 152, 2, 255, 60, 38,
       158, 128, 149, 117, 177, 152, 2, 205, 2, 158, 212, 163, 175, 231,
       22, 1, 90, 2, 112, 234, 48, 64, 121, 107, 19, 203, 114, 154, 10,
       255, 60, 38, 190, 200, 21, 90, 176, 168, 126, 101, 82, 238, 93,
       79, 254, 232, 63, 172, 249, 11, 206, 251, 47, 212, 248, 221, 239,
       226, 72, 179, 217, 222, 183, 246, 143, 31, 19, 127, 111, 134, 126,
       101, 82, 238, 125, 95, 246, 232, 63, 164, 249, 10, 206, 250, 45,
       212, 248, 221, 239, 226, 76, 163, 217, 222, 183, 252, 143, 63, 19,
       127, 110, 134, 252, 113, 253, 112, 173, 95, 85, 156, 171, 254,
       181, 9, 223, 223, 75, 59, 141, 213, 253, 114, 232, 103, 251, 144,
       219, 219, 101, 63, 98, 253, 198, 115, 22, 101, 118, 239, 252, 11,
       254, 248, 61, 160, 251, 2, 207, 107, 29, 64, 254, 205, 127, 227,
