%YAML:1.0
---
descriptors: !!opencv-matrix
   rows: 403
   cols: 32
   dt: u
   data: [ 52, 237, 106, 238, 244, 131, 239, 220, 86, 225, 253, 11, 115,
       239, 186, 112, 126, 234, 23, 254, 154, 179, 72, 189, 248, 237,
       167, 252, 245, 187, 242, 233, 92, 52, 189, 242, 168, 110, 89, 25,
       171, 255, 151, 52, 223, 127, 72, 123, 135, 21, 125, 49, 185, 69,
       251, 128, 219, 251, 127, 252, 128, 226, 135, 115, 200, 188, 188,
       115, 169, 253, 117, 159, 251, 187, 182, 24, 190, 191, 64, 59, 133,
       87, 237, 24, 178, 109, 251, 99, 207, 219, 119, 127, 194, 80, 199,
       59, 230, 236, 214, 159, 253, 47, 236, 239, 63, 179, 243, 18, 236,
       234, 28, 73, 255, 239, 127, 131, 112, 255, 219, 255, 189, 62, 223,
       156, 149, 120, 227, 136, 108, 177, 188, 123, 141, 125, 81, 185,
       127, 61, 173, 24, 223, 125, 74, 59, 153, 146, 233, 48, 58, 98,
       251, 21, 207, 219, 65, 125, 210, 74, 206, 98, 148, 205, 255, 255,
       180, 42, 127, 191, 54, 162, 218, 80, 247, 119, 153, 97, 119, 127,
       125, 235, 249, 208, 105, 47, 236, 175, 239, 148, 164, 251, 129,
       49, 236, 113, 189, 103, 40, 78, 87, 152, 96, 254, 183, 8, 215, 87,
       73, 59, 148, 212, 124, 106, 73, 116, 249, 0, 199, 217, 101, 52,
       64, 179, 70, 115, 116, 85, 125, 103, 176, 78, 71, 184, 32, 232,
       191, 76, 215, 119, 137, 114, 22, 212, 125, 106, 105, 144, 249, 46,
       237, 239, 37, 148, 40, 243, 70, 113, 197, 223, 157, 119, 160, 14,
       102, 188, 124, 186, 163, 80, 215, 115, 137, 123, 149, 68, 108,
       106, 225, 212, 219, 42, 169, 174, 101, 20, 200, 243, 195, 33, 104,
       184, 187, 112, 25, 236, 81, 67, 251, 23, 108, 24, 182, 151, 64,
       58, 129, 58, 104, 24, 18, 109, 178, 19, 219, 223, 16, 123, 194,
       64, 198, 107, 228, 181, 29, 103, 136, 79, 71, 189, 114, 186, 175,
       8, 215, 119, 72, 51, 145, 86, 124, 106, 121, 96, 249, 31, 237,
       175, 101, 52, 64, 114, 198, 34, 124, 172, 188, 114, 141, 237, 84,
       207, 195, 183, 172, 26, 75, 249, 68, 26, 201, 214, 232, 16, 26,
       107, 219, 176, 219, 223, 85, 127, 243, 72, 206, 42, 120, 160, 252,
       114, 141, 125, 81, 27, 243, 183, 165, 24, 251, 253, 88, 58, 201,
       214, 233, 24, 58, 111, 251, 131, 203, 255, 85, 125, 227, 200, 198,
       34, 249, 188, 247, 120, 171, 253, 81, 87, 243, 91, 180, 56, 59,
       189, 198, 63, 171, 178, 252, 16, 191, 111, 182, 147, 219, 219,
       112, 251, 235, 196, 206, 127, 225, 188, 189, 82, 236, 173, 244,
       223, 250, 187, 176, 120, 182, 248, 197, 59, 143, 243, 127, 17,
       177, 111, 202, 112, 29, 26, 117, 190, 205, 88, 195, 43, 252, 168,
       156, 116, 136, 108, 85, 159, 162, 183, 164, 24, 55, 183, 66, 27,
       1, 214, 109, 24, 58, 79, 234, 32, 217, 195, 117, 125, 224, 240,
       198, 106, 85, 6, 212, 71, 149, 62, 74, 24, 97, 162, 175, 68, 203,
       98, 159, 254, 51, 198, 76, 190, 189, 165, 221, 234, 170, 255, 1,
       20, 235, 227, 72, 4, 77, 113, 185, 71, 97, 78, 119, 56, 105, 232,
       47, 8, 222, 55, 13, 54, 148, 92, 120, 106, 129, 240, 249, 8, 103,
       255, 5, 20, 74, 115, 71, 114, 237, 230, 237, 87, 252, 47, 110,
       152, 66, 254, 19, 252, 211, 97, 217, 43, 5, 70, 124, 126, 225,
       244, 239, 34, 110, 11, 229, 228, 204, 249, 208, 225, 100, 181, 17,
       227, 157, 13, 71, 173, 95, 57, 169, 88, 214, 113, 76, 52, 145,
       154, 76, 50, 27, 34, 91, 55, 173, 222, 21, 126, 208, 10, 198, 34,
       85, 69, 93, 101, 22, 78, 71, 56, 100, 160, 107, 64, 211, 49, 25,
       112, 50, 212, 88, 106, 105, 176, 93, 14, 231, 175, 37, 20, 97,
       179, 64, 32, 252, 69, 125, 103, 128, 74, 71, 172, 97, 162, 175, 8,
       215, 115, 9, 115, 18, 212, 104, 106, 105, 240, 89, 46, 229, 235,
       69, 20, 96, 243, 68, 32, 28, 124, 159, 231, 145, 102, 103, 248,
       54, 162, 239, 0, 83, 115, 9, 96, 121, 252, 105, 234, 40, 209, 57,
       46, 233, 231, 199, 4, 160, 115, 36, 162, 224, 140, 157, 254, 136,
       237, 17, 143, 154, 23, 160, 24, 182, 183, 64, 91, 129, 115, 104,
       16, 50, 109, 202, 119, 221, 178, 84, 123, 144, 72, 135, 42, 215,
       123, 81, 165, 50, 14, 46, 177, 40, 192, 66, 205, 159, 6, 129, 208,
       54, 77, 92, 197, 213, 152, 213, 106, 188, 164, 47, 132, 12, 55,
       139, 85, 244, 52, 149, 243, 169, 44, 64, 26, 179, 187, 163, 88,
       214, 115, 73, 187, 129, 214, 108, 16, 57, 103, 219, 2, 137, 210,
       85, 126, 200, 97, 66, 2, 116, 205, 92, 110, 152, 11, 71, 172, 228,
       176, 174, 8, 215, 115, 8, 83, 2, 214, 108, 106, 120, 169, 89, 61,
       241, 233, 101, 84, 112, 186, 196, 32, 144, 172, 187, 247, 192,
       237, 229, 199, 50, 179, 100, 18, 53, 243, 64, 56, 57, 254, 115,
       152, 50, 254, 187, 35, 221, 167, 247, 96, 225, 64, 167, 170, 209,
       142, 189, 53, 180, 74, 205, 47, 234, 247, 146, 24, 247, 121, 16,
       43, 131, 103, 124, 41, 184, 233, 237, 44, 233, 235, 117, 80, 196,
       168, 151, 104, 214, 254, 188, 220, 171, 112, 93, 175, 187, 159,
       133, 184, 110, 231, 98, 95, 135, 247, 237, 0, 56, 79, 170, 131,
       155, 243, 93, 191, 162, 240, 134, 119, 109, 245, 213, 71, 180, 63,
       102, 184, 122, 224, 127, 108, 223, 120, 153, 180, 23, 76, 116,
       107, 229, 240, 253, 14, 46, 255, 101, 20, 78, 251, 218, 53, 197,
       114, 148, 133, 34, 10, 38, 184, 125, 224, 99, 108, 222, 114, 137,
       52, 182, 69, 108, 99, 229, 212, 221, 72, 164, 178, 79, 6, 72, 51,
       11, 5, 36, 215, 241, 75, 144, 79, 71, 184, 86, 55, 239, 84, 211,
       103, 200, 112, 85, 94, 44, 122, 251, 176, 121, 31, 237, 134, 37,
       116, 112, 251, 196, 112, 244, 119, 158, 182, 137, 127, 22, 232,
       146, 190, 169, 45, 70, 248, 75, 27, 217, 197, 236, 99, 108, 103,
       202, 42, 185, 147, 101, 63, 193, 123, 30, 3, 124, 48, 253, 114,
       168, 108, 81, 158, 178, 191, 165, 24, 23, 247, 73, 58, 5, 214,
       108, 24, 27, 101, 186, 0, 219, 203, 117, 124, 224, 192, 198, 35,
       76, 101, 120, 103, 242, 10, 127, 184, 57, 238, 127, 169, 223, 119,
       139, 16, 22, 93, 253, 110, 96, 208, 233, 78, 230, 255, 37, 132,
       34, 243, 135, 113, 129, 170, 211, 17, 232, 168, 104, 6, 254, 19,
       66, 208, 149, 162, 240, 75, 35, 46, 106, 28, 51, 92, 135, 81, 140,
       162, 115, 64, 152, 192, 65, 160, 208, 176, 177, 176, 8, 236, 17,
       18, 230, 151, 162, 24, 183, 147, 64, 27, 1, 183, 108, 25, 10, 109,
       147, 1, 209, 128, 112, 120, 232, 0, 7, 106, 112, 172, 223, 114,
       140, 232, 81, 87, 162, 211, 172, 9, 55, 179, 66, 58, 73, 230, 125,
       24, 26, 75, 194, 33, 219, 139, 112, 121, 224, 194, 206, 74, 145,
       10, 223, 121, 180, 174, 105, 22, 118, 139, 114, 84, 243, 33, 144,
       121, 51, 110, 36, 28, 185, 252, 5, 60, 204, 171, 117, 128, 232,
       192, 64, 41, 1, 170, 159, 217, 104, 169, 105, 19, 110, 145, 98,
       112, 181, 131, 240, 107, 35, 42, 110, 28, 19, 252, 135, 16, 76,
       136, 114, 64, 152, 128, 65, 168, 230, 188, 180, 251, 173, 173, 84,
       159, 255, 187, 176, 24, 238, 249, 68, 27, 129, 98, 255, 16, 178,
       109, 218, 179, 143, 219, 85, 122, 210, 88, 211, 11, 166, 172, 150,
       159, 205, 175, 236, 207, 191, 187, 242, 18, 238, 234, 60, 75, 217,
       239, 127, 145, 58, 255, 219, 255, 141, 190, 223, 252, 209, 120,
       243, 130, 166, 172, 214, 159, 252, 171, 236, 207, 63, 179, 242,
       18, 236, 234, 28, 91, 251, 239, 127, 145, 50, 255, 203, 255, 188,
       190, 223, 244, 213, 120, 227, 136, 146, 172, 214, 191, 252, 171,
       236, 239, 191, 179, 242, 18, 236, 234, 60, 73, 123, 239, 127, 129,
       50, 255, 203, 255, 188, 190, 223, 228, 213, 120, 243, 136, 108,
       176, 188, 99, 173, 111, 81, 152, 99, 253, 173, 24, 215, 117, 75,
       58, 153, 212, 109, 58, 26, 98, 249, 16, 207, 217, 65, 117, 210,
       107, 70, 98, 144, 173, 254, 255, 190, 43, 239, 255, 62, 179, 250,
       18, 245, 235, 24, 73, 127, 239, 127, 153, 178, 249, 203, 63, 252,
       175, 255, 228, 229, 248, 227, 169, 84, 221, 189, 231, 176, 14, 95,
       188, 52, 170, 158, 96, 215, 119, 137, 112, 119, 246, 125, 234,
