%YAML:1.0
---
descriptors: !!opencv-matrix
   rows: 273
   cols: 32
   dt: u
   data: [ 252, 89, 185, 102, 40, 76, 85, 184, 225, 186, 167, 8, 215,
       215, 73, 123, 132, 212, 124, 106, 201, 71, 251, 32, 211, 233, 101,
       28, 96, 179, 70, 35, 252, 176, 253, 118, 168, 109, 69, 191, 178,
       191, 165, 24, 83, 119, 64, 27, 1, 214, 108, 10, 120, 79, 251, 32,
       219, 203, 117, 60, 226, 240, 198, 106, 96, 168, 236, 82, 200, 249,
       241, 207, 170, 53, 164, 153, 35, 225, 70, 26, 9, 178, 235, 16, 26,
       107, 202, 49, 94, 131, 85, 121, 225, 72, 206, 234, 120, 185, 253,
       114, 168, 221, 81, 223, 226, 253, 164, 24, 59, 247, 66, 58, 133,
       246, 252, 24, 26, 107, 250, 49, 219, 201, 117, 121, 224, 128, 198,
       123, 93, 38, 156, 180, 168, 60, 80, 154, 250, 187, 187, 124, 207,
       226, 203, 219, 135, 199, 108, 28, 188, 69, 203, 34, 154, 251, 119,
       252, 128, 113, 139, 1, 214, 184, 189, 86, 168, 224, 17, 143, 171,
       191, 160, 56, 230, 247, 76, 27, 129, 119, 109, 16, 50, 79, 170,
       113, 155, 178, 125, 255, 128, 96, 135, 107, 93, 197, 125, 103,
       146, 78, 79, 184, 101, 160, 170, 0, 119, 115, 8, 115, 50, 212,
       124, 106, 105, 161, 121, 45, 251, 235, 37, 20, 96, 243, 192, 32,
       220, 12, 157, 116, 168, 46, 85, 186, 176, 186, 166, 56, 215, 119,
       1, 91, 135, 247, 109, 42, 120, 71, 203, 42, 211, 235, 117, 29,
       224, 241, 6, 43, 213, 38, 149, 114, 168, 45, 65, 154, 187, 187,
       163, 88, 134, 243, 73, 31, 133, 87, 108, 16, 58, 69, 203, 34, 153,
       146, 117, 126, 192, 113, 131, 33, 208, 140, 94, 117, 146, 106, 71,
       175, 180, 178, 166, 16, 119, 99, 0, 83, 49, 246, 108, 162, 120,
       205, 89, 46, 249, 227, 229, 21, 32, 112, 228, 42, 69, 245, 157,
       71, 57, 14, 103, 184, 122, 248, 43, 76, 214, 113, 73, 50, 147, 68,
       104, 122, 195, 112, 249, 41, 109, 158, 69, 38, 72, 115, 67, 35,
       192, 172, 157, 251, 200, 237, 33, 143, 190, 51, 32, 24, 182, 179,
       64, 91, 129, 90, 106, 24, 50, 76, 219, 49, 205, 162, 84, 120, 144,
       64, 133, 42, 236, 96, 156, 101, 44, 10, 87, 24, 96, 170, 183, 40,
       215, 17, 201, 27, 88, 212, 108, 106, 72, 102, 201, 8, 193, 249,
       101, 52, 72, 243, 66, 32, 100, 101, 31, 124, 93, 198, 231, 224,
       248, 128, 232, 8, 84, 243, 41, 48, 216, 253, 90, 235, 73, 227,
       186, 110, 49, 172, 135, 8, 64, 51, 98, 162, 244, 188, 189, 118,
       137, 232, 85, 143, 171, 211, 163, 24, 119, 247, 77, 123, 129, 247,
       253, 18, 58, 79, 186, 35, 219, 243, 85, 127, 160, 112, 134, 58,
       69, 117, 17, 101, 21, 15, 103, 56, 120, 232, 106, 76, 214, 49, 17,
       48, 144, 76, 72, 110, 193, 240, 209, 14, 165, 188, 1, 4, 72, 51,
       67, 34, 116, 164, 249, 114, 139, 121, 85, 204, 243, 183, 165, 24,
       67, 252, 76, 59, 169, 215, 236, 18, 62, 99, 234, 48, 251, 203, 85,
       63, 225, 113, 198, 98, 224, 191, 156, 62, 169, 137, 20, 175, 147,
       191, 184, 61, 230, 249, 66, 19, 133, 119, 236, 0, 124, 107, 202,
       43, 234, 247, 117, 123, 200, 104, 202, 27, 124, 207, 156, 126,
       139, 9, 23, 172, 178, 22, 172, 41, 110, 227, 11, 83, 145, 86, 232,
       66, 122, 67, 202, 59, 243, 231, 85, 63, 114, 115, 143, 10, 69,
       113, 17, 101, 1, 78, 51, 32, 104, 224, 35, 8, 214, 19, 65, 48,
       144, 20, 104, 106, 1, 240, 241, 8, 133, 184, 1, 6, 72, 35, 3, 34,
       77, 101, 119, 103, 180, 30, 118, 168, 121, 128, 107, 8, 207, 121,
       29, 176, 178, 68, 124, 110, 228, 240, 137, 78, 166, 254, 5, 6, 66,
       247, 67, 6, 92, 101, 124, 103, 34, 10, 127, 56, 61, 166, 103, 136,
       223, 119, 137, 112, 54, 213, 125, 238, 96, 208, 233, 78, 231, 239,
       103, 133, 98, 179, 71, 96, 28, 225, 248, 231, 188, 10, 255, 248,
       46, 160, 255, 2, 223, 107, 89, 66, 254, 205, 127, 235, 200, 147,
       201, 232, 252, 237, 175, 148, 36, 187, 97, 129, 92, 112, 28, 236,
       44, 12, 89, 24, 171, 184, 183, 40, 223, 215, 201, 123, 134, 149,
       125, 106, 8, 65, 235, 0, 211, 249, 99, 156, 2, 163, 3, 35, 1, 124,
       19, 77, 80, 94, 167, 48, 96, 200, 102, 72, 242, 16, 133, 52, 16,
       124, 64, 106, 65, 180, 177, 76, 37, 184, 0, 0, 75, 179, 67, 188,
       248, 184, 188, 248, 45, 253, 81, 87, 255, 91, 165, 24, 190, 159,
       100, 59, 129, 179, 255, 16, 58, 111, 242, 209, 219, 219, 82, 123,
       210, 8, 71, 123, 129, 142, 205, 55, 180, 170, 97, 191, 118, 147,
       107, 208, 243, 97, 152, 89, 83, 110, 42, 28, 51, 252, 77, 51, 236,
       174, 119, 64, 232, 192, 208, 168, 145, 206, 203, 127, 180, 170,
       103, 191, 118, 131, 106, 212, 243, 97, 145, 121, 51, 238, 44, 60,
       249, 252, 77, 46, 236, 174, 53, 0, 236, 240, 192, 40, 205, 120,
       157, 117, 33, 46, 119, 148, 105, 234, 38, 76, 254, 51, 65, 59,
       128, 100, 124, 106, 225, 244, 241, 40, 199, 251, 101, 2, 74, 113,
       67, 43, 77, 245, 185, 103, 241, 110, 55, 136, 123, 232, 111, 8,
       222, 115, 73, 50, 145, 93, 120, 122, 49, 240, 249, 106, 239, 255,
       5, 38, 202, 115, 195, 179, 88, 170, 152, 112, 170, 169, 85, 207,
       162, 191, 172, 185, 39, 231, 66, 26, 135, 243, 237, 16, 26, 75,
       138, 49, 219, 197, 117, 125, 224, 64, 134, 123, 105, 164, 184,
       115, 237, 61, 116, 159, 123, 251, 44, 24, 154, 61, 94, 58, 133,
       70, 248, 28, 190, 120, 251, 162, 207, 223, 85, 116, 194, 212, 194,
       234, 69, 116, 157, 55, 132, 47, 103, 156, 122, 250, 11, 76, 214,
       112, 89, 42, 145, 70, 120, 127, 241, 240, 217, 34, 173, 158, 69,
       116, 200, 123, 211, 34, 248, 186, 255, 112, 170, 233, 65, 215,
       178, 31, 164, 56, 51, 247, 64, 27, 39, 178, 109, 24, 58, 79, 162,
       48, 217, 203, 117, 120, 224, 208, 198, 99, 184, 34, 255, 96, 42,
       107, 81, 83, 162, 183, 164, 56, 19, 135, 64, 59, 47, 148, 68, 24,
       56, 111, 160, 0, 217, 201, 117, 116, 225, 128, 198, 99, 77, 117,
       156, 103, 225, 94, 119, 184, 121, 234, 47, 76, 222, 113, 77, 51,
       145, 84, 120, 106, 101, 240, 217, 74, 111, 255, 69, 6, 202, 115,
       75, 18, 248, 188, 220, 114, 168, 173, 85, 223, 178, 191, 164, 29,
       55, 227, 66, 27, 1, 246, 109, 24, 58, 111, 218, 51, 219, 203, 117,
       121, 224, 208, 198, 11, 69, 112, 145, 69, 101, 76, 119, 8, 105,
       232, 35, 8, 222, 16, 77, 62, 144, 92, 96, 122, 65, 240, 241, 0, 5,
       152, 69, 6, 72, 115, 67, 167, 216, 25, 151, 116, 168, 108, 65, 51,
       160, 25, 166, 24, 215, 183, 64, 123, 5, 246, 108, 24, 57, 73, 179,
       0, 217, 227, 112, 88, 160, 224, 166, 35, 121, 93, 125, 102, 176,
       78, 79, 185, 97, 232, 190, 72, 115, 119, 129, 115, 20, 212, 124,
       106, 233, 163, 249, 12, 243, 233, 37, 16, 104, 242, 66, 121, 124,
       112, 189, 96, 41, 111, 83, 216, 115, 187, 165, 24, 215, 215, 73,
       58, 145, 220, 108, 122, 11, 103, 251, 2, 219, 207, 97, 60, 224,
       243, 70, 51, 104, 181, 188, 122, 189, 221, 85, 47, 239, 57, 165,
       24, 190, 253, 72, 51, 137, 146, 255, 0, 90, 106, 251, 149, 207,
       219, 80, 127, 82, 8, 198, 34, 228, 188, 157, 250, 200, 237, 5,
       207, 218, 59, 160, 24, 214, 243, 72, 123, 129, 82, 106, 24, 51,
       111, 218, 51, 253, 146, 117, 124, 216, 88, 195, 162, 93, 197, 93,
       101, 148, 78, 71, 188, 101, 160, 170, 0, 83, 115, 9, 112, 49, 214,
       76, 234, 105, 161, 121, 62, 251, 239, 37, 20, 225, 242, 192, 32,
       92, 46, 149, 118, 169, 44, 84, 151, 163, 187, 178, 120, 223, 243,
       65, 219, 135, 247, 237, 0, 56, 111, 202, 32, 219, 251, 117, 186,
       226, 240, 131, 35, 197, 54, 157, 82, 168, 45, 5, 159, 186, 187,
       162, 92, 214, 243, 73, 27, 133, 87, 108, 24, 50, 71, 203, 98, 153,
       146, 117, 126, 192, 113, 131, 33, 69, 103, 152, 103, 176, 14, 102,
       184, 120, 160, 107, 64, 223, 98, 201, 114, 144, 76, 108, 126, 100,
       208, 205, 74, 172, 255, 39, 4, 200, 243, 75, 4, 69, 245, 149, 71,
       53, 14, 103, 184, 106, 248, 43, 76, 214, 113, 73, 50, 149, 68,
       104, 110, 193, 112, 217, 28, 173, 158, 37, 52, 72, 51, 67, 33,
       108, 181, 145, 99, 189, 15, 84, 29, 127, 57, 41, 88, 206, 49, 72,
