%YAML:1.0
---
descriptors: !!opencv-matrix
   rows: 262
   cols: 32
   dt: u
   data: [ 93, 85, 125, 103, 164, 78, 111, 184, 96, 232, 63, 76, 211,
       119, 153, 51, 22, 212, 124, 106, 201, 176, 249, 44, 231, 233, 101,
       148, 106, 243, 194, 113, 29, 93, 123, 231, 180, 47, 111, 188, 52,
       234, 127, 100, 247, 119, 137, 112, 119, 254, 29, 106, 249, 176,
       105, 46, 237, 239, 37, 132, 44, 243, 192, 49, 93, 85, 125, 103,
       180, 14, 79, 184, 101, 234, 255, 68, 211, 119, 137, 112, 54, 212,
       92, 106, 233, 144, 121, 46, 231, 239, 37, 148, 104, 243, 192, 49,
       133, 236, 255, 255, 252, 175, 255, 255, 62, 179, 251, 82, 213,
       255, 216, 104, 127, 239, 127, 26, 179, 220, 235, 51, 253, 239,
       255, 196, 245, 249, 209, 161, 236, 176, 189, 115, 173, 109, 81,
       152, 123, 255, 165, 24, 222, 93, 75, 59, 145, 80, 253, 50, 58,
       102, 251, 18, 207, 219, 65, 127, 210, 75, 70, 99, 237, 112, 189,
       99, 40, 110, 83, 152, 99, 250, 183, 24, 215, 87, 73, 59, 148, 212,
       124, 122, 169, 103, 249, 0, 215, 217, 97, 52, 202, 243, 70, 115,
       150, 236, 254, 255, 238, 169, 254, 238, 191, 179, 250, 26, 239,
       235, 93, 91, 255, 247, 255, 131, 254, 231, 203, 251, 255, 219,
       223, 189, 180, 249, 229, 3, 150, 236, 254, 255, 238, 169, 255,
       238, 191, 179, 242, 26, 255, 251, 89, 91, 251, 247, 127, 147, 58,
       255, 203, 243, 253, 223, 255, 157, 165, 121, 229, 130, 246, 236,
       246, 191, 239, 171, 254, 239, 63, 179, 251, 18, 236, 234, 92, 75,
       255, 239, 127, 147, 246, 255, 203, 251, 190, 254, 223, 214, 199,
       255, 227, 141, 104, 180, 188, 250, 221, 253, 81, 143, 223, 31,
       172, 24, 190, 191, 110, 122, 201, 59, 251, 16, 58, 107, 242, 183,
       203, 223, 80, 123, 210, 76, 198, 122, 246, 204, 230, 255, 236, 43,
       238, 238, 63, 179, 250, 26, 207, 235, 60, 75, 255, 207, 127, 243,
       184, 255, 203, 234, 190, 126, 223, 220, 135, 249, 227, 136, 21,
       237, 27, 97, 21, 79, 103, 248, 118, 160, 238, 0, 115, 83, 41, 112,
       57, 220, 10, 106, 107, 176, 57, 63, 233, 142, 5, 116, 112, 59, 64,
       32, 116, 37, 181, 69, 15, 79, 71, 40, 80, 166, 171, 8, 82, 53, 8,
       51, 24, 212, 104, 98, 105, 227, 249, 12, 57, 138, 69, 55, 97, 123,
       70, 34, 69, 241, 148, 71, 153, 12, 102, 188, 106, 177, 43, 76,
       246, 112, 88, 182, 145, 70, 104, 122, 199, 112, 219, 113, 45, 188,
       5, 100, 72, 51, 203, 5, 166, 101, 116, 239, 188, 15, 254, 232,
       125, 170, 249, 3, 207, 122, 29, 1, 255, 221, 127, 227, 232, 241,
       201, 254, 190, 254, 143, 150, 69, 251, 99, 131, 93, 78, 93, 111,
       180, 46, 79, 184, 116, 174, 251, 68, 115, 97, 153, 80, 49, 196,
       108, 46, 168, 180, 13, 46, 224, 239, 37, 148, 232, 243, 64, 33,
       184, 146, 249, 105, 174, 105, 209, 26, 70, 55, 52, 56, 19, 17,
       200, 59, 19, 16, 68, 56, 26, 52, 97, 17, 71, 201, 112, 116, 243,
       136, 196, 99, 238, 236, 180, 254, 205, 239, 78, 255, 223, 179,
       173, 24, 234, 251, 93, 91, 217, 239, 123, 138, 120, 103, 218, 243,
       187, 255, 215, 62, 210, 121, 226, 130, 164, 120, 123, 69, 66, 74,
       167, 84, 96, 192, 98, 72, 50, 23, 133, 57, 56, 124, 64, 106, 1,
       180, 176, 104, 101, 168, 32, 0, 65, 179, 102, 168, 232, 252, 180,
       254, 173, 253, 84, 183, 219, 187, 164, 24, 255, 249, 68, 27, 201,
       226, 125, 18, 122, 111, 250, 179, 255, 223, 213, 59, 210, 89, 210,
       10, 217, 176, 189, 248, 168, 236, 89, 95, 187, 91, 180, 24, 191,
       215, 72, 59, 133, 151, 125, 24, 59, 79, 242, 19, 219, 251, 116,
       248, 226, 128, 198, 123, 249, 188, 191, 120, 169, 253, 81, 151,
       251, 123, 180, 24, 191, 255, 66, 251, 133, 183, 253, 24, 187, 111,
       242, 179, 219, 251, 117, 122, 194, 72, 195, 123, 237, 113, 157,
       101, 36, 14, 71, 184, 96, 234, 166, 76, 215, 113, 1, 51, 144, 68,
       124, 106, 201, 240, 249, 8, 229, 233, 101, 20, 72, 115, 66, 32,
       204, 52, 189, 103, 40, 110, 115, 24, 120, 186, 183, 24, 215, 119,
       73, 123, 151, 212, 124, 58, 168, 212, 249, 10, 199, 251, 97, 20,
       192, 243, 70, 35, 125, 93, 29, 103, 164, 14, 71, 184, 96, 224,
       170, 76, 215, 49, 17, 51, 16, 68, 124, 110, 201, 240, 217, 44,
       225, 169, 101, 20, 104, 243, 66, 32, 212, 157, 61, 239, 180, 15,
       95, 188, 60, 168, 254, 0, 247, 119, 152, 81, 118, 247, 93, 106,
       248, 184, 105, 63, 237, 233, 39, 212, 36, 179, 129, 57, 204, 52,
       189, 97, 160, 110, 121, 19, 59, 255, 63, 24, 223, 119, 72, 59,
       151, 85, 125, 56, 177, 208, 249, 66, 207, 255, 119, 198, 130, 227,
       135, 115, 117, 87, 93, 103, 32, 14, 70, 184, 96, 168, 171, 76, 83,
       115, 137, 115, 20, 196, 108, 110, 201, 224, 249, 44, 224, 171,
       101, 20, 104, 243, 66, 33, 248, 184, 254, 112, 138, 233, 81, 87,
       178, 23, 164, 185, 55, 183, 64, 27, 35, 186, 77, 16, 58, 79, 162,
       51, 217, 195, 116, 121, 162, 192, 134, 106, 69, 71, 29, 103, 48,
       14, 102, 184, 120, 168, 107, 76, 210, 96, 153, 115, 148, 68, 108,
       110, 225, 176, 201, 14, 173, 190, 101, 4, 72, 179, 66, 1, 205,
       117, 149, 71, 225, 127, 118, 184, 121, 234, 47, 8, 222, 112, 73,
       183, 145, 84, 104, 122, 97, 244, 249, 42, 47, 223, 69, 6, 202,
       115, 75, 55, 248, 188, 220, 112, 168, 173, 84, 223, 179, 191, 164,
       29, 55, 243, 66, 27, 137, 162, 237, 16, 58, 111, 218, 51, 219,
       203, 117, 121, 234, 192, 202, 10, 196, 236, 254, 255, 236, 169,
       255, 254, 190, 179, 251, 26, 245, 251, 89, 91, 251, 255, 127, 146,
       178, 231, 203, 115, 252, 175, 255, 188, 149, 249, 227, 163, 253,
       112, 189, 103, 40, 78, 87, 152, 97, 250, 183, 8, 215, 85, 73, 59,
       148, 212, 124, 122, 233, 103, 249, 32, 199, 217, 101, 52, 224,
       243, 70, 115, 134, 236, 222, 255, 236, 169, 254, 239, 191, 179,
       243, 26, 255, 234, 93, 75, 255, 255, 127, 131, 122, 127, 203, 251,
       254, 158, 255, 185, 181, 121, 225, 3, 236, 176, 189, 99, 173, 125,
       81, 152, 123, 127, 165, 24, 222, 93, 72, 59, 153, 144, 253, 26,
       59, 102, 251, 147, 207, 219, 81, 127, 210, 75, 198, 114, 230, 237,
       214, 255, 253, 169, 254, 239, 191, 179, 251, 27, 239, 234, 92, 75,
       255, 239, 127, 147, 118, 127, 203, 251, 190, 254, 223, 166, 149,
       253, 227, 139, 252, 188, 252, 118, 137, 105, 85, 255, 179, 190,
       164, 56, 127, 119, 75, 27, 13, 246, 237, 42, 56, 79, 234, 34, 251,
       199, 117, 61, 226, 240, 198, 123, 246, 236, 246, 247, 236, 171,
       254, 239, 191, 179, 251, 18, 237, 234, 92, 75, 255, 255, 127, 147,
       242, 103, 203, 255, 188, 254, 223, 150, 133, 251, 227, 133, 221,
       253, 156, 247, 188, 14, 126, 188, 63, 186, 183, 56, 223, 251, 73,
       115, 215, 215, 125, 250, 121, 69, 219, 186, 255, 251, 103, 156,
       170, 243, 194, 3, 92, 221, 156, 247, 172, 47, 126, 191, 191, 186,
       187, 56, 255, 251, 73, 114, 247, 215, 253, 99, 120, 225, 203, 171,
       255, 255, 111, 148, 132, 251, 161, 3, 55, 247, 118, 207, 254, 15,
       254, 248, 63, 160, 249, 198, 206, 110, 29, 64, 255, 221, 127, 231,
       224, 243, 217, 255, 189, 190, 143, 52, 85, 127, 115, 129, 220,
       252, 156, 255, 188, 47, 126, 190, 191, 186, 187, 176, 255, 254,
       73, 123, 255, 247, 255, 162, 120, 197, 203, 235, 188, 247, 127,
       148, 164, 251, 129, 1, 38, 231, 118, 239, 252, 11, 254, 232, 63,
       168, 251, 226, 204, 254, 157, 80, 254, 221, 127, 227, 224, 179,
       73, 255, 190, 254, 175, 182, 85, 191, 243, 129, 158, 236, 212,
       247, 188, 43, 254, 238, 191, 187, 251, 18, 239, 239, 93, 75, 255,
       223, 127, 179, 120, 215, 203, 255, 189, 255, 255, 212, 180, 123,
       193, 49, 246, 237, 246, 191, 254, 43, 254, 238, 255, 178, 250, 19,
       236, 234, 93, 91, 255, 255, 127, 243, 252, 247, 203, 255, 190,
       190, 223, 214, 133, 127, 225, 139, 38, 229, 242, 207, 252, 11,
       238, 232, 127, 160, 251, 10, 202, 234, 29, 80, 250, 205, 127, 227,
       200, 243, 201, 254, 190, 190, 143, 188, 85, 251, 115, 129, 54,
       229, 70, 143, 220, 11, 238, 232, 63, 160, 251, 10, 78, 234, 61,
