%YAML:1.0
---
descriptors: !!opencv-matrix
   rows: 112
   cols: 32
   dt: u
   data: [ 236, 100, 140, 247, 141, 46, 70, 136, 50, 186, 163, 24, 211,
       99, 89, 27, 145, 196, 109, 106, 104, 68, 203, 34, 237, 243, 229,
       61, 160, 123, 210, 2, 253, 245, 120, 98, 221, 93, 87, 252, 227,
       236, 173, 12, 115, 209, 75, 18, 216, 198, 68, 122, 126, 35, 250,
       46, 123, 217, 37, 125, 107, 187, 238, 98, 213, 20, 255, 103, 160,
       126, 95, 176, 232, 254, 135, 29, 223, 63, 91, 123, 167, 213, 125,
       127, 253, 197, 185, 2, 219, 235, 101, 212, 232, 243, 135, 115,
       213, 121, 127, 100, 48, 78, 79, 48, 161, 232, 166, 104, 215, 23,
       193, 119, 6, 244, 124, 126, 201, 133, 177, 12, 241, 168, 37, 208,
       98, 178, 66, 97, 92, 113, 31, 229, 26, 78, 87, 56, 38, 164, 163,
       8, 215, 55, 9, 83, 50, 213, 109, 98, 104, 193, 185, 12, 249, 163,
       103, 20, 32, 51, 7, 98, 120, 161, 120, 96, 252, 205, 81, 221, 99,
       189, 172, 8, 19, 147, 64, 16, 137, 152, 76, 88, 26, 107, 250, 16,
       219, 205, 37, 125, 224, 130, 198, 42, 224, 237, 61, 95, 141, 77,
       69, 39, 235, 250, 166, 24, 242, 181, 64, 55, 201, 246, 104, 8,
       105, 111, 243, 37, 229, 186, 85, 56, 66, 56, 198, 42, 240, 168,
       220, 112, 136, 201, 81, 223, 162, 53, 164, 25, 55, 183, 66, 26, 9,
       178, 109, 24, 26, 79, 194, 49, 219, 129, 117, 121, 224, 128, 198,
       42, 100, 103, 117, 103, 180, 74, 102, 184, 105, 168, 123, 72, 195,
       77, 29, 48, 144, 212, 108, 106, 72, 240, 201, 14, 39, 252, 37, 5,
       64, 179, 70, 37, 220, 69, 93, 102, 56, 10, 79, 56, 160, 160, 175,
       40, 215, 115, 137, 115, 22, 212, 108, 106, 104, 225, 73, 12, 240,
       235, 101, 20, 96, 179, 2, 33, 112, 189, 59, 254, 24, 197, 27, 239,
       150, 93, 136, 9, 55, 223, 104, 80, 205, 179, 125, 129, 74, 11,
       186, 55, 251, 133, 187, 123, 16, 0, 167, 123, 112, 177, 57, 254,
       24, 197, 17, 105, 150, 77, 201, 25, 247, 215, 40, 80, 208, 187,
       121, 129, 91, 11, 218, 31, 241, 165, 170, 56, 16, 2, 167, 114,
       204, 125, 189, 101, 137, 15, 119, 188, 123, 170, 38, 8, 214, 115,
       65, 58, 145, 84, 125, 106, 40, 240, 217, 42, 239, 255, 101, 20,
       192, 115, 67, 34, 93, 60, 187, 102, 128, 110, 95, 176, 99, 238,
       174, 29, 215, 127, 91, 122, 181, 213, 125, 126, 221, 69, 185, 34,
       251, 239, 101, 84, 232, 243, 70, 114, 200, 184, 159, 113, 129,
       236, 113, 23, 168, 19, 34, 24, 190, 151, 64, 187, 161, 55, 120,
       24, 51, 108, 146, 33, 197, 249, 80, 74, 200, 64, 131, 58, 100,
       103, 17, 103, 116, 78, 102, 184, 105, 168, 123, 72, 211, 109, 29,
       48, 144, 220, 108, 98, 201, 240, 217, 78, 165, 190, 37, 4, 72,
       243, 70, 49, 118, 60, 215, 190, 203, 112, 20, 207, 187, 211, 160,
       253, 110, 230, 69, 223, 195, 247, 232, 16, 63, 71, 218, 224, 154,
       242, 85, 59, 170, 117, 170, 31, 220, 69, 94, 230, 56, 10, 79, 184,
       164, 160, 175, 136, 215, 99, 9, 83, 50, 228, 108, 234, 104, 193,
       9, 12, 240, 227, 101, 21, 32, 179, 2, 0, 161, 164, 9, 139, 124,
       173, 235, 203, 126, 105, 169, 92, 176, 192, 92, 32, 217, 10, 90,
       29, 179, 46, 217, 87, 13, 28, 139, 124, 216, 8, 82, 160, 187, 71,
       106, 5, 70, 18, 238, 112, 97, 230, 223, 135, 73, 40, 151, 132,
       122, 204, 149, 239, 204, 178, 165, 206, 118, 105, 234, 129, 103,
       247, 122, 196, 213, 66, 157, 165, 40, 14, 76, 184, 48, 186, 163,
       124, 215, 19, 201, 91, 183, 197, 108, 110, 105, 69, 201, 0, 208,
       162, 101, 148, 40, 241, 3, 1, 236, 228, 189, 119, 169, 109, 71,
       140, 114, 183, 173, 24, 214, 243, 72, 90, 145, 86, 104, 26, 122,
       68, 251, 51, 237, 215, 85, 125, 144, 114, 134, 106, 5, 85, 21,
       103, 21, 15, 71, 184, 126, 160, 43, 72, 210, 113, 9, 48, 144, 84,
       104, 106, 233, 240, 121, 30, 237, 158, 5, 20, 72, 59, 64, 48, 101,
       101, 17, 103, 116, 14, 230, 184, 120, 168, 107, 72, 215, 113, 9,
       48, 156, 92, 104, 106, 201, 240, 217, 44, 165, 190, 5, 4, 72, 115,
       67, 160, 236, 253, 125, 110, 232, 79, 87, 176, 113, 246, 165, 13,
       87, 61, 3, 51, 141, 244, 85, 106, 233, 110, 120, 62, 127, 219,
       101, 53, 99, 251, 198, 243, 33, 101, 113, 111, 124, 79, 70, 40,
       65, 160, 249, 72, 211, 57, 28, 48, 216, 220, 68, 106, 77, 178, 89,
       28, 231, 253, 1, 48, 81, 186, 82, 130, 197, 96, 181, 71, 65, 110,
       107, 24, 121, 242, 99, 24, 210, 49, 89, 63, 145, 92, 114, 126,
       161, 244, 249, 64, 69, 26, 69, 4, 192, 243, 66, 160, 240, 170,
       215, 82, 169, 232, 64, 71, 251, 31, 176, 89, 35, 170, 68, 155,
       201, 162, 236, 144, 62, 111, 194, 161, 154, 210, 212, 123, 193,
       192, 238, 14, 101, 109, 16, 39, 208, 15, 102, 168, 104, 160, 107,
       8, 211, 97, 25, 48, 152, 204, 104, 106, 73, 240, 217, 44, 165,
       188, 5, 52, 72, 251, 66, 0, 209, 184, 159, 112, 139, 253, 80, 7,
       251, 19, 36, 24, 190, 179, 64, 123, 163, 50, 108, 24, 51, 109,
       178, 49, 219, 251, 84, 122, 226, 64, 163, 43, 100, 99, 81, 99,
       112, 79, 67, 48, 33, 160, 109, 72, 151, 19, 72, 16, 16, 92, 68,
       122, 74, 240, 201, 12, 111, 156, 5, 116, 98, 131, 70, 160, 44, 69,
       112, 111, 85, 15, 70, 168, 85, 32, 235, 8, 219, 121, 29, 180, 88,
       220, 82, 106, 72, 178, 89, 190, 103, 254, 1, 52, 123, 187, 82,
       162, 89, 188, 238, 119, 168, 252, 93, 151, 246, 247, 134, 16, 123,
       183, 210, 123, 39, 246, 252, 24, 191, 201, 191, 33, 203, 235, 117,
       81, 160, 208, 206, 123, 220, 71, 223, 245, 138, 42, 15, 188, 178,
       178, 130, 240, 215, 103, 201, 91, 55, 215, 109, 226, 104, 69, 143,
       42, 240, 227, 111, 20, 160, 241, 167, 48, 248, 189, 221, 116, 168,
       75, 85, 191, 51, 186, 172, 104, 23, 183, 65, 19, 35, 214, 108, 56,
       105, 107, 131, 10, 249, 195, 117, 60, 224, 240, 134, 43, 225, 96,
       133, 69, 69, 30, 228, 174, 105, 226, 162, 76, 146, 56, 21, 191,
       152, 68, 120, 108, 237, 254, 209, 8, 39, 58, 84, 20, 72, 56, 90,
       140, 208, 188, 159, 112, 170, 232, 16, 135, 250, 27, 162, 120,
       190, 179, 64, 187, 163, 183, 108, 16, 50, 79, 130, 115, 153, 163,
       116, 123, 192, 64, 135, 43, 36, 97, 83, 67, 81, 15, 102, 96, 97,
       160, 105, 8, 83, 1, 13, 180, 24, 220, 64, 106, 72, 176, 73, 28,
       47, 156, 5, 117, 67, 139, 70, 160, 220, 111, 133, 100, 136, 14,
       77, 191, 51, 178, 130, 152, 223, 103, 65, 223, 37, 215, 108, 168,
       104, 71, 243, 10, 249, 227, 69, 28, 162, 240, 162, 40, 41, 97, 48,
       79, 93, 93, 198, 236, 115, 165, 173, 8, 226, 88, 78, 180, 152, 74,
       64, 106, 78, 106, 251, 63, 39, 221, 5, 59, 67, 27, 218, 142, 209,
       164, 143, 48, 136, 253, 65, 199, 190, 83, 132, 24, 183, 212, 74,
       59, 137, 34, 120, 29, 63, 111, 242, 19, 153, 211, 84, 123, 192,
       88, 151, 122, 221, 118, 173, 6, 40, 62, 95, 184, 113, 234, 143,
       252, 223, 103, 139, 127, 23, 196, 252, 110, 173, 69, 253, 46, 210,
       247, 101, 148, 42, 247, 10, 117, 28, 109, 243, 119, 215, 206, 247,
       224, 241, 164, 107, 3, 93, 255, 33, 48, 50, 253, 243, 226, 96,
       177, 184, 238, 125, 230, 7, 1, 227, 115, 71, 226, 212, 109, 187,
       38, 188, 238, 71, 174, 240, 130, 170, 17, 247, 249, 9, 82, 177,
       102, 109, 111, 120, 37, 219, 46, 249, 174, 37, 24, 96, 115, 199,
       98, 205, 52, 189, 103, 169, 126, 115, 56, 121, 250, 39, 93, 222,
       119, 79, 123, 149, 214, 124, 46, 181, 84, 249, 106, 223, 123, 65,
       54, 202, 231, 74, 119, 237, 102, 252, 127, 170, 58, 95, 156, 113,
       182, 181, 189, 219, 111, 219, 59, 95, 212, 236, 46, 236, 103, 239,
       162, 226, 235, 117, 181, 231, 245, 206, 65, 252, 249, 168, 50,
       237, 221, 81, 217, 131, 253, 181, 29, 23, 221, 74, 26, 141, 216,
       221, 83, 222, 111, 250, 48, 219, 217, 53, 127, 208, 13, 222, 211,
       192, 176, 29, 241, 32, 236, 113, 23, 168, 27, 34, 88, 158, 23, 0,
       123, 165, 23, 124, 8, 51, 92, 145, 64, 197, 185, 114, 66, 200, 64,
       131, 59, 209, 160, 188, 51, 141, 125, 68, 143, 238, 55, 160, 24,
