%YAML:1.0
---
descriptors: !!opencv-matrix
   rows: 85
   cols: 32
   dt: u
   data: [ 5, 95, 157, 199, 180, 14, 111, 188, 124, 232, 122, 100, 215,
       115, 137, 96, 54, 86, 62, 110, 193, 144, 121, 110, 172, 190, 39,
       132, 136, 243, 129, 57, 197, 223, 29, 231, 176, 14, 110, 188, 124,
       232, 114, 100, 215, 115, 129, 113, 150, 77, 126, 110, 225, 212,
       89, 110, 172, 184, 39, 132, 8, 179, 129, 57, 205, 20, 149, 117,
       169, 110, 101, 31, 124, 251, 35, 80, 222, 55, 72, 255, 129, 87,
       120, 24, 49, 212, 243, 2, 205, 251, 87, 70, 202, 112, 131, 51, 47,
       189, 132, 95, 221, 157, 238, 237, 219, 240, 108, 76, 234, 232,
       222, 180, 217, 234, 178, 94, 255, 122, 254, 255, 47, 94, 133, 110,
       219, 126, 218, 148, 92, 61, 188, 230, 168, 79, 95, 188, 38, 254,
       158, 9, 247, 119, 67, 115, 215, 247, 125, 106, 92, 65, 251, 40,
       251, 193, 103, 189, 48, 243, 173, 91, 124, 121, 188, 231, 168, 79,
       95, 184, 35, 236, 189, 41, 223, 119, 75, 83, 214, 245, 125, 106,
       72, 67, 249, 40, 251, 201, 101, 189, 32, 243, 14, 83, 221, 92,
       181, 119, 173, 125, 69, 154, 250, 250, 163, 24, 215, 125, 73, 187,
       133, 84, 124, 26, 169, 101, 251, 34, 201, 251, 85, 54, 200, 121,
       71, 50, 205, 52, 149, 117, 169, 126, 116, 31, 251, 251, 167, 88,
       222, 55, 72, 255, 129, 86, 252, 24, 49, 237, 243, 194, 143, 251,
       87, 86, 202, 100, 139, 53, 220, 156, 156, 247, 168, 172, 93, 159,
       190, 187, 150, 48, 255, 255, 72, 91, 199, 87, 125, 24, 58, 77,
       203, 50, 203, 251, 127, 212, 160, 208, 129, 11, 88, 189, 188, 229,
       188, 78, 95, 191, 52, 238, 158, 25, 247, 127, 10, 114, 151, 247,
       125, 34, 56, 73, 249, 46, 251, 231, 111, 149, 32, 242, 141, 115,
       92, 125, 188, 231, 168, 78, 95, 188, 33, 238, 190, 9, 247, 119,
       67, 83, 148, 247, 125, 106, 72, 67, 251, 40, 251, 233, 101, 49,
       32, 243, 142, 91, 124, 125, 124, 231, 40, 79, 95, 176, 33, 236,
       191, 9, 215, 119, 75, 19, 148, 245, 125, 106, 72, 82, 249, 40,
       243, 201, 101, 177, 32, 243, 70, 115, 252, 180, 189, 115, 173,
       109, 85, 139, 219, 251, 165, 24, 214, 245, 76, 59, 129, 86, 124,
       24, 59, 101, 251, 18, 203, 219, 85, 126, 208, 105, 199, 34, 92,
       93, 188, 166, 168, 78, 87, 189, 166, 254, 142, 9, 215, 127, 11,
       91, 215, 213, 253, 99, 72, 65, 251, 40, 251, 227, 111, 21, 32,
       243, 133, 91, 108, 93, 127, 103, 180, 78, 127, 184, 49, 238, 255,
       8, 211, 119, 9, 112, 22, 244, 93, 106, 105, 177, 121, 46, 231,
       255, 37, 144, 97, 179, 70, 115, 236, 113, 253, 103, 36, 78, 95,
       152, 81, 238, 183, 8, 211, 85, 203, 59, 156, 212, 125, 106, 201,
       244, 249, 8, 231, 217, 101, 53, 66, 187, 86, 115, 134, 205, 160,
       158, 148, 34, 142, 239, 22, 83, 89, 147, 104, 110, 57, 65, 93,
       115, 19, 231, 240, 68, 12, 255, 40, 6, 207, 196, 149, 127, 176,
       80, 134, 205, 32, 154, 132, 161, 142, 231, 20, 2, 89, 18, 96, 106,
       57, 65, 89, 67, 19, 227, 242, 12, 8, 255, 40, 6, 142, 128, 149,
       91, 176, 128, 143, 253, 246, 255, 253, 127, 255, 252, 255, 250,
       254, 175, 254, 253, 223, 103, 255, 255, 255, 227, 232, 247, 251,
       255, 255, 255, 239, 139, 143, 255, 237, 243, 205, 93, 117, 103,
       176, 94, 111, 188, 124, 232, 118, 68, 223, 119, 137, 245, 54, 84,
       124, 110, 225, 208, 121, 46, 239, 251, 39, 132, 10, 179, 193, 113,
       43, 191, 164, 59, 253, 189, 222, 191, 223, 253, 188, 13, 234, 232,
       86, 134, 205, 235, 250, 93, 191, 106, 254, 183, 47, 95, 157, 123,
       219, 124, 218, 222, 205, 92, 53, 119, 33, 94, 111, 184, 125, 250,
       118, 84, 223, 87, 137, 255, 151, 84, 124, 106, 225, 244, 249, 46,
       231, 251, 103, 132, 74, 177, 1, 117, 205, 20, 149, 117, 169, 126,
       117, 27, 253, 250, 103, 84, 222, 119, 9, 255, 133, 84, 252, 42,
       161, 212, 251, 10, 133, 251, 83, 6, 138, 113, 11, 49, 200, 184,
       181, 250, 169, 237, 17, 143, 187, 123, 160, 24, 190, 247, 64, 190,
       133, 115, 249, 16, 51, 79, 250, 243, 217, 211, 85, 123, 146, 64,
       135, 58, 223, 255, 246, 254, 187, 212, 63, 254, 191, 93, 222, 183,
       236, 255, 174, 115, 167, 247, 255, 215, 247, 203, 186, 235, 251,
       255, 126, 139, 134, 247, 175, 127, 216, 221, 188, 229, 188, 78,
       95, 191, 52, 238, 190, 25, 247, 55, 2, 82, 87, 215, 125, 42, 120,
       201, 249, 47, 251, 239, 37, 17, 32, 242, 132, 123, 252, 112, 252,
       99, 41, 79, 87, 152, 51, 190, 181, 9, 223, 95, 75, 26, 157, 212,
       253, 114, 8, 118, 249, 48, 223, 223, 101, 53, 242, 187, 70, 99,
       39, 229, 150, 175, 221, 95, 254, 232, 63, 160, 251, 10, 206, 250,
       13, 244, 249, 205, 254, 227, 109, 243, 217, 254, 191, 254, 143,
       23, 73, 123, 235, 134, 2, 205, 2, 159, 214, 130, 190, 231, 190, 1,
       90, 131, 172, 238, 48, 64, 127, 123, 179, 197, 114, 152, 2, 255,
       44, 38, 158, 128, 21, 20, 177, 153, 236, 113, 253, 103, 172, 78,
       87, 184, 65, 238, 55, 8, 211, 93, 89, 59, 28, 212, 125, 106, 201,
       244, 249, 8, 231, 217, 101, 52, 66, 251, 70, 115, 136, 221, 30,
       189, 118, 142, 190, 246, 188, 10, 90, 34, 189, 254, 33, 64, 230,
       123, 183, 193, 96, 153, 2, 239, 244, 231, 190, 128, 52, 88, 33,
       155, 134, 205, 128, 154, 148, 161, 142, 239, 22, 19, 89, 18, 96,
       106, 57, 65, 89, 66, 19, 243, 114, 68, 8, 255, 40, 6, 223, 196,
       148, 123, 176, 136, 111, 246, 253, 255, 253, 253, 95, 152, 223,
       255, 189, 61, 255, 255, 223, 58, 221, 255, 255, 42, 175, 103, 251,
       187, 239, 255, 231, 191, 210, 255, 86, 243, 88, 188, 188, 250,
       169, 236, 93, 159, 171, 59, 180, 24, 191, 247, 64, 91, 133, 247,
       253, 16, 58, 75, 250, 49, 219, 251, 117, 120, 162, 64, 135, 59,
       201, 184, 149, 82, 169, 253, 80, 159, 251, 123, 166, 24, 190, 179,
       76, 191, 129, 86, 252, 24, 55, 109, 251, 243, 159, 219, 85, 127,
       202, 68, 203, 63, 205, 93, 125, 117, 52, 94, 111, 188, 125, 250,
       118, 116, 251, 87, 145, 247, 150, 84, 124, 110, 233, 212, 121,
       174, 231, 251, 103, 132, 74, 176, 65, 125, 205, 221, 125, 103,
       176, 94, 111, 189, 117, 232, 118, 116, 219, 119, 128, 117, 22,
       118, 124, 110, 233, 240, 121, 46, 239, 251, 103, 128, 42, 178,
       193, 121, 248, 184, 188, 254, 173, 253, 80, 218, 235, 187, 180,
       24, 191, 249, 64, 59, 141, 242, 253, 16, 58, 111, 250, 177, 219,
       219, 85, 123, 210, 72, 198, 35, 107, 191, 168, 187, 189, 189, 222,
       191, 219, 253, 188, 29, 170, 236, 86, 130, 205, 74, 255, 29, 191,
       107, 251, 183, 239, 95, 157, 251, 222, 92, 222, 222, 88, 188, 156,
       246, 168, 172, 89, 159, 174, 187, 190, 56, 255, 247, 72, 91, 135,
       87, 125, 16, 58, 77, 219, 49, 219, 251, 119, 220, 128, 192, 135,
       27, 34, 205, 98, 154, 212, 131, 174, 228, 86, 64, 120, 2, 104,
       200, 52, 64, 121, 107, 19, 195, 194, 186, 12, 255, 60, 14, 143,
       232, 85, 31, 241, 136, 54, 237, 98, 206, 84, 147, 238, 248, 87,
       128, 253, 10, 104, 201, 189, 0, 122, 232, 23, 235, 202, 178, 44,
       255, 62, 12, 135, 172, 119, 187, 114, 128, 2, 205, 2, 159, 148,
       131, 174, 230, 22, 1, 88, 130, 104, 238, 48, 64, 121, 107, 19,
       193, 98, 186, 8, 255, 40, 38, 142, 192, 21, 30, 177, 136, 118, 97,
       114, 239, 126, 11, 254, 248, 125, 160, 251, 10, 207, 203, 29, 80,
       254, 205, 127, 227, 200, 179, 201, 238, 182, 252, 143, 132, 103,
       191, 115, 129, 54, 101, 198, 143, 93, 75, 254, 232, 63, 164, 251,
       131, 206, 238, 61, 64, 250, 221, 239, 227, 104, 243, 201, 254,
       189, 182, 143, 23, 69, 63, 125, 130, 252, 112, 252, 99, 169, 79,
       87, 152, 99, 190, 181, 9, 215, 95, 75, 58, 153, 212, 253, 122,
       200, 118, 249, 8, 231, 219, 101, 53, 226, 187, 70, 115, 223, 253,
       190, 254, 185, 148, 95, 254, 191, 93, 188, 133, 253, 255, 110,
       119, 239, 243, 253, 214, 238, 75, 251, 243, 251, 251, 223, 218,
       18, 246, 167, 123, 18, 205, 18, 191, 22, 130, 190, 230, 188, 0,
       90, 130, 109, 238, 48, 64, 126, 123, 183, 195, 98, 153, 0, 255,
