%YAML:1.0
---
descriptors: !!opencv-matrix
   rows: 222
   cols: 32
   dt: u
   data: [ 201, 190, 159, 119, 170, 174, 37, 183, 246, 27, 102, 116, 245,
       179, 192, 123, 39, 118, 108, 24, 179, 220, 163, 97, 204, 171, 118,
       192, 136, 208, 161, 41, 37, 117, 25, 67, 53, 79, 231, 184, 78,
       232, 41, 8, 214, 85, 77, 48, 145, 92, 82, 106, 65, 240, 121, 28,
       45, 156, 5, 52, 72, 59, 82, 163, 29, 221, 59, 239, 180, 15, 111,
       188, 52, 202, 127, 100, 247, 119, 136, 112, 119, 254, 29, 110,
       249, 176, 121, 63, 239, 239, 39, 132, 40, 243, 160, 57, 236, 48,
       189, 99, 173, 111, 83, 152, 91, 251, 37, 24, 222, 93, 75, 59, 149,
       81, 93, 58, 51, 100, 251, 16, 207, 219, 65, 125, 194, 123, 70,
       115, 172, 180, 185, 115, 237, 125, 81, 153, 123, 123, 37, 24, 222,
       93, 72, 59, 153, 18, 245, 24, 59, 102, 251, 19, 207, 219, 81, 127,
       210, 75, 198, 242, 252, 174, 253, 114, 168, 233, 81, 223, 178,
       191, 164, 56, 19, 231, 72, 27, 1, 214, 109, 24, 58, 79, 234, 51,
       219, 203, 117, 124, 224, 192, 198, 107, 93, 28, 149, 119, 169,
       110, 68, 182, 233, 250, 170, 88, 223, 51, 1, 255, 129, 102, 108,
       42, 57, 225, 219, 40, 137, 250, 85, 16, 202, 113, 194, 34, 236,
       53, 189, 97, 129, 111, 117, 25, 123, 250, 47, 24, 215, 117, 72,
       59, 145, 148, 124, 56, 57, 240, 249, 0, 207, 219, 101, 84, 194,
       98, 198, 114, 248, 168, 92, 122, 137, 201, 81, 223, 163, 55, 164,
       25, 51, 211, 66, 27, 137, 178, 237, 16, 58, 111, 202, 49, 219,
       195, 117, 121, 98, 128, 198, 10, 120, 170, 254, 120, 136, 233, 81,
       215, 162, 29, 164, 25, 55, 151, 64, 26, 33, 178, 237, 16, 26, 75,
       162, 49, 219, 193, 52, 121, 224, 128, 134, 106, 84, 97, 153, 100,
       138, 106, 71, 136, 34, 160, 175, 8, 87, 119, 73, 58, 49, 212, 104,
       122, 25, 67, 185, 0, 217, 135, 5, 52, 160, 243, 134, 34, 232, 236,
       188, 255, 205, 253, 87, 175, 211, 247, 173, 24, 187, 61, 66, 59,
       201, 242, 123, 10, 122, 110, 251, 179, 239, 219, 85, 59, 210, 89,
       214, 106, 21, 173, 219, 251, 180, 175, 111, 190, 118, 43, 127, 80,
       247, 99, 152, 112, 119, 206, 29, 62, 251, 184, 233, 63, 237, 239,
       39, 196, 180, 218, 161, 169, 5, 49, 17, 69, 85, 78, 242, 32, 104,
       224, 106, 0, 222, 18, 12, 52, 144, 92, 80, 106, 65, 176, 113, 76,
       37, 156, 1, 6, 72, 35, 67, 166, 230, 245, 246, 223, 252, 43, 254,
       236, 127, 186, 251, 51, 236, 254, 93, 91, 255, 223, 255, 247, 248,
       247, 203, 254, 190, 190, 199, 214, 197, 127, 225, 145, 40, 237,
       123, 124, 221, 201, 85, 247, 242, 37, 236, 8, 54, 149, 0, 48, 8,
       186, 68, 72, 90, 171, 226, 63, 251, 205, 20, 123, 66, 152, 198,
       234, 105, 189, 144, 83, 217, 221, 87, 190, 123, 113, 44, 8, 190,
       112, 70, 182, 129, 122, 208, 90, 211, 104, 250, 183, 111, 223, 21,
       127, 202, 87, 202, 254, 229, 113, 17, 69, 32, 79, 103, 48, 104,
       234, 51, 108, 215, 23, 201, 59, 22, 84, 76, 106, 193, 244, 241, 8,
       165, 152, 101, 128, 64, 243, 71, 113, 16, 81, 59, 186, 31, 197,
       155, 108, 132, 68, 201, 3, 183, 223, 40, 64, 252, 187, 27, 195,
       74, 11, 50, 189, 241, 229, 138, 24, 48, 11, 37, 122, 100, 103, 49,
       101, 240, 15, 103, 184, 96, 172, 47, 72, 211, 1, 201, 50, 16, 92,
       68, 106, 72, 240, 233, 12, 237, 156, 37, 52, 64, 179, 70, 161, 77,
       117, 57, 103, 240, 79, 55, 184, 57, 234, 127, 108, 222, 119, 137,
       48, 148, 93, 253, 98, 225, 240, 249, 110, 239, 255, 37, 134, 74,
       115, 7, 115, 88, 164, 185, 114, 216, 237, 81, 27, 179, 63, 173,
       24, 31, 183, 72, 24, 5, 155, 237, 16, 26, 75, 250, 19, 217, 215,
       16, 125, 226, 192, 134, 98, 13, 117, 49, 69, 117, 30, 246, 184,
       124, 232, 106, 72, 222, 48, 21, 176, 146, 92, 82, 106, 225, 176,
       121, 110, 39, 254, 5, 6, 72, 51, 75, 183, 150, 237, 246, 191, 254,
       171, 254, 238, 191, 178, 251, 27, 238, 232, 93, 83, 255, 247, 127,
       195, 254, 227, 203, 255, 188, 182, 207, 158, 133, 123, 241, 133,
       214, 237, 222, 191, 236, 169, 254, 238, 191, 178, 243, 27, 255,
       234, 121, 91, 251, 239, 127, 195, 122, 231, 203, 251, 188, 179,
       239, 156, 133, 121, 241, 129, 248, 188, 252, 118, 171, 108, 85,
       191, 163, 191, 172, 57, 123, 247, 64, 27, 5, 246, 237, 40, 56, 79,
       234, 46, 251, 235, 117, 61, 226, 240, 198, 123, 100, 172, 153,
       250, 200, 233, 20, 239, 154, 19, 168, 24, 182, 243, 72, 123, 129,
       82, 74, 16, 51, 111, 218, 51, 253, 135, 117, 125, 208, 88, 135,
       170, 220, 253, 222, 247, 188, 14, 126, 188, 63, 186, 183, 56, 255,
       255, 73, 83, 247, 215, 125, 122, 120, 85, 203, 190, 254, 251, 103,
       148, 130, 243, 130, 3, 77, 103, 152, 39, 180, 10, 110, 136, 121,
       166, 43, 64, 207, 99, 203, 90, 147, 76, 108, 126, 84, 240, 205,
       106, 236, 255, 39, 36, 192, 243, 75, 0, 69, 227, 144, 3, 180, 31,
       102, 184, 122, 185, 43, 76, 222, 96, 218, 150, 149, 76, 108, 126,
       214, 112, 217, 55, 173, 156, 37, 100, 72, 51, 203, 5, 158, 236,
       214, 255, 236, 171, 254, 238, 191, 179, 251, 18, 239, 234, 93, 91,
       255, 239, 127, 35, 120, 247, 203, 255, 190, 255, 255, 182, 213,
       253, 161, 129, 205, 117, 185, 71, 240, 14, 63, 184, 57, 234, 127,
       120, 222, 119, 137, 52, 150, 93, 117, 106, 225, 240, 233, 78, 103,
       255, 37, 132, 74, 243, 131, 177, 198, 236, 246, 247, 254, 43, 254,
       239, 191, 178, 242, 18, 237, 234, 93, 75, 251, 239, 127, 211, 242,
       119, 203, 255, 190, 254, 207, 252, 149, 249, 227, 129, 198, 237,
       214, 223, 252, 170, 254, 239, 191, 179, 250, 18, 237, 234, 93, 67,
       251, 239, 127, 226, 114, 215, 203, 251, 190, 254, 95, 212, 149,
       123, 227, 129, 109, 99, 16, 71, 116, 31, 102, 184, 105, 168, 115,
       76, 214, 64, 157, 180, 148, 76, 68, 110, 197, 176, 249, 12, 36,
       156, 37, 4, 74, 179, 74, 133, 230, 237, 214, 191, 252, 43, 254,
       255, 191, 179, 251, 18, 236, 234, 125, 75, 255, 207, 127, 243,
       114, 243, 203, 255, 188, 190, 223, 198, 149, 251, 225, 129, 134,
       164, 246, 255, 236, 187, 248, 91, 63, 179, 243, 18, 237, 234, 92,
       79, 239, 207, 127, 145, 186, 127, 75, 243, 158, 250, 223, 194,
       197, 200, 243, 132, 192, 174, 255, 251, 172, 173, 233, 87, 190,
       59, 146, 114, 183, 235, 208, 75, 231, 167, 127, 153, 179, 239,
       195, 113, 220, 171, 123, 208, 132, 200, 161, 41, 80, 189, 155,
       239, 176, 206, 127, 191, 46, 233, 110, 64, 247, 247, 0, 112, 150,
       127, 125, 8, 11, 152, 249, 47, 237, 237, 39, 0, 128, 226, 133, 57,
       37, 235, 232, 39, 116, 155, 230, 226, 82, 164, 108, 141, 179, 232,
       215, 32, 25, 108, 64, 87, 204, 250, 204, 42, 110, 141, 165, 49,
       205, 251, 90, 140, 33, 107, 74, 23, 116, 153, 230, 96, 122, 160,
       116, 12, 179, 200, 215, 48, 154, 108, 66, 79, 196, 178, 196, 46,
       102, 45, 37, 41, 77, 187, 90, 140, 253, 103, 221, 103, 172, 27,
       71, 184, 115, 242, 167, 108, 83, 97, 203, 59, 17, 196, 108, 106,
       233, 247, 239, 42, 246, 235, 101, 52, 227, 251, 82, 96, 68, 178,
       253, 117, 234, 72, 53, 191, 170, 183, 38, 248, 214, 119, 201, 90,
       39, 87, 108, 16, 16, 92, 171, 96, 221, 162, 117, 54, 160, 240,
       135, 41, 24, 81, 51, 170, 27, 197, 19, 120, 133, 64, 201, 3, 254,
       215, 40, 64, 216, 185, 27, 227, 75, 3, 122, 189, 241, 228, 138,
       56, 50, 11, 37, 114, 116, 160, 216, 97, 168, 109, 81, 159, 34, 61,
       173, 25, 23, 19, 74, 26, 1, 146, 69, 24, 26, 74, 219, 17, 207,
       141, 53, 125, 224, 128, 198, 34, 196, 113, 113, 69, 32, 78, 111,
       56, 40, 234, 99, 72, 215, 23, 153, 119, 22, 84, 125, 106, 193,
       212, 241, 72, 229, 184, 97, 132, 64, 179, 71, 113, 244, 168, 253,
       114, 136, 237, 81, 150, 162, 23, 165, 24, 23, 231, 72, 27, 1, 210,
       108, 24, 58, 111, 250, 33, 217, 195, 116, 121, 224, 209, 198, 34,
       41, 249, 176, 83, 221, 221, 87, 190, 123, 117, 44, 12, 190, 21,
       86, 180, 133, 74, 208, 92, 215, 120, 251, 183, 111, 221, 21, 118,
