%YAML:1.0
---
descriptors: !!opencv-matrix
   rows: 328
   cols: 32
   dt: u
   data: [ 42, 172, 148, 90, 201, 253, 20, 142, 155, 55, 168, 25, 174,
       184, 68, 156, 129, 123, 226, 16, 30, 106, 218, 243, 11, 214, 84,
       123, 210, 92, 206, 142, 125, 93, 125, 103, 176, 78, 79, 188, 96,
       232, 190, 100, 83, 119, 137, 115, 54, 212, 92, 106, 233, 176, 249,
       46, 227, 239, 37, 148, 104, 243, 66, 49, 253, 113, 253, 103, 44,
       78, 71, 184, 96, 250, 183, 76, 211, 85, 217, 51, 20, 212, 124,
       106, 201, 114, 249, 40, 227, 201, 101, 52, 106, 243, 66, 113, 93,
       93, 127, 103, 180, 78, 79, 188, 100, 234, 255, 68, 243, 119, 137,
       112, 22, 244, 92, 106, 233, 144, 121, 46, 227, 239, 37, 148, 104,
       243, 192, 113, 93, 221, 127, 231, 176, 78, 79, 188, 36, 234, 255,
       96, 247, 119, 137, 112, 86, 246, 93, 106, 233, 144, 121, 63, 225,
       239, 39, 148, 32, 243, 192, 121, 148, 236, 251, 255, 252, 43, 255,
       223, 62, 179, 243, 18, 245, 255, 216, 105, 127, 255, 127, 30, 178,
       252, 235, 51, 253, 239, 255, 132, 244, 249, 193, 225, 236, 48,
       189, 99, 45, 109, 83, 152, 107, 255, 165, 24, 222, 93, 73, 59,
       145, 208, 125, 58, 43, 100, 251, 16, 207, 219, 65, 125, 194, 123,
       70, 115, 132, 164, 254, 255, 236, 41, 255, 255, 190, 183, 247, 27,
       247, 251, 92, 123, 127, 255, 127, 154, 50, 247, 203, 243, 255,
       187, 255, 236, 149, 249, 231, 163, 198, 236, 254, 255, 238, 169,
       254, 238, 255, 178, 247, 26, 255, 235, 121, 91, 123, 255, 127,
       178, 58, 247, 203, 251, 255, 187, 255, 157, 133, 249, 233, 130,
       236, 176, 189, 115, 237, 125, 81, 153, 251, 127, 165, 24, 222,
       125, 74, 59, 153, 146, 253, 24, 59, 100, 251, 17, 207, 219, 81,
       127, 210, 73, 198, 114, 142, 236, 246, 255, 253, 171, 254, 237,
       191, 178, 243, 27, 238, 251, 92, 203, 251, 239, 255, 227, 254,
       247, 203, 251, 191, 222, 223, 191, 215, 127, 225, 139, 150, 236,
       214, 255, 255, 171, 254, 238, 191, 179, 251, 27, 239, 235, 121,
       219, 251, 231, 255, 195, 58, 247, 203, 251, 191, 254, 223, 159,
       165, 121, 229, 130, 252, 188, 252, 118, 136, 105, 85, 191, 179,
       190, 164, 56, 115, 119, 64, 27, 5, 214, 109, 42, 56, 79, 251, 42,
       251, 203, 117, 61, 224, 240, 198, 122, 134, 237, 214, 255, 253,
       139, 254, 237, 191, 178, 251, 26, 238, 234, 93, 67, 255, 255, 255,
       195, 122, 247, 203, 255, 188, 254, 207, 183, 149, 127, 225, 134,
       230, 236, 246, 191, 252, 171, 254, 238, 191, 179, 251, 26, 239,
       234, 124, 67, 255, 255, 127, 211, 254, 255, 203, 255, 190, 254,
       207, 214, 149, 251, 227, 133, 40, 189, 181, 252, 157, 253, 213,
       71, 223, 31, 236, 25, 174, 191, 100, 112, 201, 59, 251, 16, 58,
       107, 242, 183, 235, 255, 22, 123, 210, 76, 214, 234, 246, 164,
       246, 255, 237, 47, 206, 239, 191, 187, 251, 26, 234, 250, 125, 91,
       251, 207, 127, 163, 248, 103, 203, 250, 191, 254, 223, 190, 197,
       248, 242, 131, 102, 253, 55, 252, 157, 207, 215, 231, 255, 18,
       232, 8, 190, 253, 52, 51, 201, 247, 251, 195, 105, 107, 210, 255,
       187, 255, 199, 27, 80, 120, 246, 42, 236, 244, 180, 255, 173, 127,
       95, 248, 127, 186, 181, 24, 255, 253, 93, 59, 223, 247, 255, 106,
       234, 103, 251, 187, 255, 219, 117, 190, 194, 251, 198, 179, 38,
       237, 183, 239, 221, 79, 254, 236, 223, 226, 232, 10, 254, 251, 61,
       99, 249, 255, 123, 235, 97, 243, 218, 255, 189, 254, 207, 54, 153,
       123, 115, 170, 252, 253, 188, 247, 184, 111, 95, 188, 251, 250,
       191, 57, 223, 255, 73, 123, 183, 215, 125, 122, 232, 103, 219,
       183, 255, 251, 103, 254, 194, 243, 194, 115, 221, 157, 190, 247,
       188, 46, 94, 189, 191, 250, 191, 61, 223, 255, 75, 91, 183, 247,
       125, 122, 188, 65, 219, 250, 255, 255, 103, 252, 138, 243, 131,
       83, 77, 70, 212, 39, 160, 58, 102, 136, 120, 166, 107, 128, 199,
       98, 219, 218, 18, 68, 108, 110, 12, 240, 205, 10, 166, 247, 71, 5,
       224, 243, 73, 4, 244, 37, 181, 100, 15, 79, 71, 41, 64, 162, 171,
       8, 82, 53, 8, 51, 24, 212, 96, 98, 104, 243, 249, 12, 121, 138,
       69, 55, 97, 122, 70, 34, 54, 101, 70, 175, 252, 11, 238, 232, 31,
       160, 251, 10, 73, 234, 61, 80, 250, 205, 127, 99, 96, 243, 201,
       254, 180, 254, 143, 180, 21, 123, 81, 128, 196, 236, 214, 159,
       236, 43, 238, 238, 63, 162, 251, 26, 238, 234, 9, 73, 251, 239,
       110, 162, 112, 247, 203, 239, 188, 182, 223, 12, 133, 123, 225,
       128, 198, 253, 246, 159, 252, 175, 254, 236, 63, 162, 251, 26,
       238, 254, 61, 64, 255, 255, 255, 227, 248, 247, 219, 255, 189, 62,
       207, 110, 213, 123, 225, 0, 182, 237, 182, 215, 221, 111, 254,
       237, 63, 179, 235, 26, 206, 254, 77, 81, 249, 223, 123, 243, 122,
       243, 219, 255, 189, 158, 207, 119, 209, 127, 243, 130, 156, 240,
       188, 247, 172, 14, 127, 184, 174, 190, 183, 48, 223, 127, 27, 75,
       239, 85, 125, 227, 232, 197, 235, 240, 206, 227, 239, 148, 36,
       243, 39, 115, 245, 113, 189, 103, 44, 14, 71, 184, 96, 250, 167,
       76, 215, 113, 89, 59, 16, 196, 108, 106, 233, 96, 251, 8, 227,
       235, 101, 20, 104, 51, 66, 48, 93, 135, 93, 109, 180, 14, 79, 184,
       116, 170, 254, 68, 83, 97, 152, 80, 49, 196, 108, 110, 249, 176,
       109, 14, 224, 239, 37, 148, 104, 242, 192, 33, 220, 16, 188, 247,
       172, 108, 121, 152, 191, 191, 183, 56, 223, 247, 75, 91, 135, 85,
       125, 26, 56, 69, 251, 128, 203, 251, 119, 156, 160, 233, 5, 115,
       205, 112, 157, 103, 41, 110, 81, 136, 123, 250, 39, 24, 222, 85,
       73, 59, 145, 84, 124, 122, 33, 100, 251, 0, 199, 251, 69, 52, 202,
       115, 67, 34, 132, 104, 91, 69, 66, 74, 163, 80, 96, 192, 98, 72,
       83, 22, 133, 57, 56, 116, 64, 106, 1, 244, 161, 40, 69, 136, 33,
       0, 97, 179, 71, 160, 236, 252, 180, 254, 141, 253, 86, 182, 219,
       186, 164, 24, 191, 253, 67, 59, 201, 242, 253, 26, 104, 110, 250,
       186, 235, 219, 85, 59, 210, 125, 214, 74, 12, 181, 185, 114, 219,
       237, 49, 207, 251, 53, 45, 24, 158, 247, 72, 56, 169, 27, 192, 16,
       19, 107, 186, 115, 95, 213, 21, 111, 193, 65, 167, 162, 248, 180,
       189, 248, 169, 237, 89, 95, 187, 127, 180, 24, 191, 183, 72, 59,
       133, 147, 125, 24, 59, 111, 242, 19, 219, 219, 113, 253, 226, 64,
       134, 123, 248, 188, 191, 248, 173, 253, 81, 215, 251, 127, 180,
       24, 191, 189, 64, 59, 133, 179, 253, 24, 58, 111, 242, 177, 219,
       219, 116, 121, 210, 72, 199, 123, 222, 188, 247, 247, 238, 47,
       255, 254, 191, 242, 246, 27, 255, 255, 125, 127, 127, 247, 127,
       143, 184, 255, 187, 227, 191, 255, 223, 152, 167, 253, 241, 249,
       234, 188, 188, 254, 237, 255, 92, 255, 255, 123, 182, 24, 250,
       253, 116, 123, 201, 255, 127, 8, 187, 107, 251, 243, 219, 219,
       215, 123, 210, 92, 214, 106, 248, 188, 189, 248, 173, 253, 85,
       215, 255, 127, 180, 24, 191, 253, 64, 59, 205, 242, 255, 24, 186,
       111, 242, 179, 219, 219, 85, 122, 210, 220, 214, 123, 253, 121,
       149, 103, 132, 14, 71, 184, 96, 234, 162, 76, 211, 113, 201, 51,
       16, 68, 124, 106, 201, 240, 249, 40, 225, 233, 101, 20, 106, 243,
       66, 33, 236, 180, 189, 113, 169, 111, 113, 27, 123, 191, 39, 24,
       223, 55, 72, 59, 149, 23, 125, 56, 58, 116, 241, 2, 207, 219, 117,
       116, 192, 192, 199, 99, 207, 188, 246, 223, 238, 185, 253, 255,
       191, 211, 246, 186, 238, 239, 246, 127, 111, 255, 255, 157, 250,
       239, 235, 243, 254, 251, 255, 200, 135, 252, 161, 249, 158, 188,
       246, 255, 238, 187, 252, 255, 191, 251, 246, 178, 253, 255, 186,
       107, 111, 255, 255, 145, 178, 253, 235, 247, 254, 251, 255, 192,
       167, 252, 225, 217, 207, 190, 254, 191, 238, 185, 252, 255, 191,
       251, 246, 251, 255, 239, 254, 123, 239, 255, 255, 149, 186, 111,
       235, 243, 254, 255, 255, 216, 151, 220, 161, 217, 200, 244, 189,
       113, 169, 237, 117, 191, 127, 123, 36, 24, 190, 63, 72, 59, 133,
       19, 253, 24, 115, 108, 251, 51, 239, 219, 117, 127, 210, 88, 199,
