%YAML:1.0
---
descriptors: !!opencv-matrix
   rows: 274
   cols: 32
   dt: u
   data: [ 148, 157, 121, 231, 180, 111, 79, 191, 52, 170, 126, 96, 215,
       115, 137, 112, 119, 222, 29, 106, 121, 184, 121, 62, 235, 239, 37,
       196, 40, 243, 192, 49, 125, 93, 121, 103, 180, 14, 79, 188, 96,
       168, 255, 104, 215, 119, 137, 112, 54, 214, 92, 106, 233, 144,
       121, 46, 243, 237, 37, 148, 96, 243, 192, 33, 236, 52, 189, 115,
       173, 125, 81, 152, 91, 255, 165, 24, 222, 93, 75, 59, 153, 80,
       253, 50, 58, 102, 251, 18, 207, 219, 81, 127, 210, 75, 70, 114,
       252, 112, 253, 103, 40, 78, 87, 152, 97, 186, 183, 8, 215, 87, 73,
       59, 148, 212, 108, 106, 201, 103, 249, 32, 211, 249, 101, 52, 96,
       179, 70, 35, 252, 188, 253, 118, 136, 109, 85, 255, 178, 190, 164,
       24, 83, 119, 73, 27, 5, 214, 109, 42, 120, 103, 250, 42, 251, 203,
       117, 60, 224, 240, 198, 34, 236, 180, 188, 250, 173, 237, 81, 11,
       251, 59, 165, 24, 158, 253, 72, 59, 129, 18, 253, 16, 58, 110,
       250, 147, 207, 223, 80, 127, 210, 72, 199, 34, 252, 44, 252, 114,
       143, 105, 85, 222, 147, 183, 181, 24, 67, 225, 75, 27, 9, 210,
       236, 18, 58, 103, 218, 50, 219, 203, 85, 125, 243, 249, 206, 34,
       104, 189, 188, 250, 221, 237, 85, 39, 223, 31, 172, 24, 190, 189,
       70, 126, 201, 59, 234, 0, 58, 107, 242, 179, 239, 223, 84, 123,
       210, 72, 198, 42, 246, 237, 246, 223, 252, 171, 238, 252, 191,
       178, 255, 18, 239, 235, 92, 64, 127, 239, 127, 251, 224, 231, 203,
       255, 190, 254, 207, 180, 151, 251, 227, 128, 238, 237, 246, 255,
       252, 171, 238, 238, 191, 186, 250, 58, 239, 235, 253, 66, 255,
       239, 127, 243, 248, 255, 203, 255, 190, 255, 239, 156, 151, 251,
       227, 129, 246, 239, 246, 255, 252, 175, 254, 252, 191, 186, 251,
       122, 207, 235, 252, 83, 255, 239, 127, 227, 160, 247, 203, 255,
       190, 254, 239, 158, 151, 251, 227, 129, 113, 13, 125, 101, 178,
       14, 79, 190, 108, 160, 170, 0, 215, 51, 1, 114, 18, 212, 124, 106,
       105, 169, 113, 46, 233, 175, 37, 20, 96, 242, 64, 40, 254, 191,
       214, 255, 252, 175, 254, 253, 191, 187, 251, 126, 235, 255, 253,
       75, 255, 223, 127, 179, 250, 103, 203, 251, 190, 255, 255, 254,
       199, 251, 243, 129, 240, 84, 189, 116, 168, 12, 85, 51, 160, 154,
       182, 56, 87, 55, 129, 123, 135, 213, 108, 34, 104, 101, 227, 8,
       241, 235, 100, 144, 96, 240, 198, 35, 237, 245, 180, 255, 173, 47,
       94, 184, 255, 251, 181, 88, 223, 253, 93, 59, 223, 199, 127, 122,
       251, 103, 219, 179, 255, 255, 117, 254, 202, 255, 210, 17, 69, 71,
       148, 39, 160, 58, 110, 136, 125, 166, 107, 68, 199, 98, 219, 218,
       19, 68, 108, 126, 148, 240, 205, 74, 172, 254, 103, 4, 192, 243,
       75, 4, 69, 249, 148, 23, 29, 15, 38, 184, 110, 224, 43, 76, 246,
       112, 73, 182, 145, 100, 120, 106, 193, 112, 219, 61, 45, 190, 69,
       22, 72, 51, 67, 6, 248, 40, 254, 112, 137, 249, 81, 83, 226, 215,
       164, 24, 59, 149, 194, 187, 1, 178, 236, 24, 58, 111, 162, 0, 219,
       203, 112, 121, 227, 192, 78, 106, 252, 236, 222, 255, 252, 43,
       254, 238, 191, 179, 255, 18, 237, 235, 89, 91, 255, 223, 127, 243,
       122, 247, 203, 255, 254, 251, 255, 213, 133, 121, 235, 139, 198,
       252, 246, 159, 236, 43, 254, 239, 63, 178, 250, 58, 238, 238, 13,
       67, 255, 255, 255, 163, 244, 255, 203, 239, 188, 62, 223, 202,
       133, 123, 225, 141, 69, 112, 17, 69, 1, 15, 99, 24, 104, 232, 107,
       72, 214, 17, 1, 48, 144, 84, 64, 106, 193, 176, 209, 8, 197, 184,
       1, 6, 72, 51, 67, 34, 198, 189, 246, 223, 252, 171, 254, 238, 63,
       186, 250, 187, 236, 254, 29, 77, 255, 255, 255, 167, 240, 255,
       203, 255, 190, 62, 223, 206, 197, 255, 225, 213, 216, 176, 190,
       240, 169, 237, 89, 31, 187, 219, 182, 24, 159, 247, 72, 27, 133,
       183, 253, 24, 58, 79, 242, 66, 219, 219, 117, 249, 194, 64, 134,
       115, 248, 188, 190, 112, 169, 253, 89, 215, 251, 59, 180, 24, 191,
       191, 64, 123, 165, 183, 253, 16, 58, 111, 242, 51, 219, 251, 117,
       121, 194, 64, 198, 123, 232, 180, 188, 113, 173, 125, 85, 159,
       123, 63, 180, 24, 191, 61, 72, 27, 129, 18, 237, 24, 250, 126,
       243, 51, 207, 219, 116, 117, 194, 88, 198, 59, 28, 189, 184, 175,
       180, 175, 127, 191, 46, 233, 254, 33, 247, 127, 26, 64, 118, 111,
       127, 125, 154, 184, 73, 63, 237, 237, 175, 212, 164, 250, 129,
       219, 232, 189, 189, 122, 169, 253, 21, 175, 155, 127, 172, 25,
       190, 253, 66, 59, 133, 114, 249, 16, 122, 104, 250, 51, 239, 223,
       85, 123, 210, 89, 135, 123, 204, 52, 189, 113, 161, 110, 57, 17,
       58, 255, 39, 24, 220, 119, 72, 59, 151, 23, 125, 56, 177, 84, 249,
       66, 207, 251, 117, 230, 192, 96, 135, 115, 248, 172, 148, 58, 139,
       233, 16, 207, 187, 55, 160, 25, 174, 235, 64, 155, 129, 51, 233,
       0, 62, 79, 202, 51, 155, 211, 85, 123, 210, 76, 142, 10, 252, 56,
       251, 116, 138, 76, 85, 23, 179, 151, 164, 24, 55, 183, 65, 27, 39,
       247, 109, 24, 58, 79, 178, 34, 219, 227, 117, 56, 160, 224, 134,
       123, 248, 174, 254, 122, 138, 233, 81, 87, 179, 23, 164, 57, 55,
       231, 66, 27, 33, 178, 237, 16, 58, 79, 162, 51, 211, 195, 112,
       121, 226, 192, 198, 107, 204, 188, 189, 245, 169, 236, 21, 183,
       187, 191, 6, 24, 188, 119, 65, 91, 135, 87, 237, 16, 51, 76, 242,
       99, 205, 243, 93, 127, 128, 112, 135, 123, 5, 117, 16, 69, 85, 30,
       102, 56, 104, 224, 107, 76, 214, 16, 5, 180, 144, 76, 64, 110,
       197, 176, 81, 12, 37, 156, 1, 4, 74, 51, 67, 133, 69, 112, 153,
       69, 1, 14, 102, 56, 105, 202, 99, 76, 214, 49, 9, 50, 144, 68,
       104, 106, 193, 240, 241, 10, 167, 190, 65, 6, 72, 51, 67, 34, 116,
       49, 24, 96, 8, 13, 83, 24, 226, 185, 165, 12, 23, 19, 74, 18, 128,
       148, 76, 88, 10, 98, 218, 0, 195, 137, 37, 60, 104, 130, 74, 2,
       248, 190, 222, 114, 168, 173, 80, 215, 179, 191, 164, 29, 55, 243,
       66, 27, 133, 226, 237, 20, 58, 111, 210, 35, 219, 195, 117, 121,
       232, 192, 202, 139, 205, 117, 149, 71, 241, 111, 119, 184, 121,
       234, 47, 8, 222, 113, 9, 181, 144, 84, 104, 106, 97, 240, 249, 46,
       231, 223, 69, 6, 74, 115, 67, 35, 220, 122, 159, 246, 40, 104, 81,
       24, 179, 190, 167, 56, 215, 247, 73, 91, 39, 244, 109, 82, 40, 69,
       235, 34, 209, 227, 117, 29, 160, 241, 6, 99, 150, 252, 254, 255,
       236, 43, 255, 236, 190, 183, 243, 58, 255, 238, 95, 91, 255, 223,
       127, 147, 186, 247, 235, 243, 255, 159, 255, 252, 164, 249, 229,
       99, 236, 180, 189, 115, 173, 125, 81, 152, 127, 63, 165, 24, 222,
       127, 72, 58, 145, 18, 253, 48, 59, 100, 251, 19, 207, 223, 81,
       127, 210, 75, 70, 50, 252, 188, 253, 116, 168, 108, 85, 191, 178,
       191, 164, 24, 83, 247, 73, 27, 5, 214, 237, 40, 56, 79, 250, 34,
       219, 203, 117, 60, 227, 240, 198, 107, 252, 44, 252, 114, 137,
       109, 85, 222, 211, 183, 180, 25, 67, 225, 71, 31, 9, 214, 236, 26,
       58, 103, 218, 50, 219, 219, 85, 61, 243, 249, 198, 34, 120, 48,
       255, 112, 8, 205, 81, 87, 162, 180, 164, 8, 51, 151, 64, 59, 1,
       246, 100, 8, 8, 107, 178, 0, 211, 201, 117, 57, 96, 130, 70, 106,
       230, 237, 246, 255, 253, 171, 238, 236, 255, 178, 251, 26, 239,
       235, 60, 65, 255, 239, 127, 243, 248, 243, 203, 255, 190, 254,
       207, 156, 151, 255, 227, 129, 104, 181, 189, 251, 173, 237, 85,
       15, 219, 63, 173, 24, 190, 253, 72, 58, 129, 19, 234, 16, 58, 106,
       250, 147, 207, 223, 84, 127, 210, 72, 198, 106, 88, 141, 93, 100,
       48, 10, 71, 182, 228, 164, 174, 8, 247, 51, 0, 115, 34, 246, 108,
       106, 104, 169, 113, 44, 241, 235, 100, 16, 96, 242, 71, 40, 255,
       231, 244, 255, 252, 47, 222, 253, 63, 187, 187, 24, 235, 235, 93,
       27, 221, 207, 127, 255, 250, 103, 203, 251, 190, 255, 247, 252,
       214, 251, 242, 1, 104, 253, 183, 252, 157, 221, 213, 231, 223, 15,
       172, 8, 190, 187, 36, 48, 201, 242, 251, 16, 122, 107, 242, 191,
