%YAML:1.0
---
descriptors: !!opencv-matrix
   rows: 247
   cols: 32
   dt: u
   data: [ 92, 48, 153, 180, 192, 76, 81, 152, 50, 245, 70, 25, 23, 183,
       75, 26, 145, 221, 125, 16, 26, 82, 250, 0, 217, 167, 117, 45, 160,
       97, 6, 114, 69, 113, 25, 101, 48, 78, 51, 48, 104, 232, 107, 104,
       222, 19, 129, 50, 148, 85, 76, 106, 129, 176, 177, 76, 229, 249,
       32, 6, 72, 35, 67, 35, 224, 172, 157, 250, 136, 237, 85, 175, 186,
       63, 160, 24, 182, 183, 64, 27, 129, 19, 108, 16, 58, 109, 218, 51,
       233, 146, 84, 123, 208, 64, 199, 42, 244, 60, 173, 182, 140, 108,
       65, 158, 178, 255, 135, 24, 215, 245, 91, 59, 129, 198, 125, 25,
       58, 77, 251, 34, 217, 163, 117, 61, 160, 113, 214, 98, 253, 188,
       156, 50, 168, 237, 87, 222, 243, 251, 165, 29, 23, 243, 74, 27,
       129, 194, 108, 30, 59, 111, 218, 51, 251, 207, 117, 124, 232, 81,
       202, 83, 1, 165, 41, 203, 180, 255, 235, 155, 94, 97, 79, 84, 145,
       21, 156, 96, 93, 14, 26, 60, 179, 184, 125, 31, 109, 63, 147, 68,
       220, 138, 209, 240, 185, 133, 109, 111, 156, 111, 79, 175, 86,
       224, 239, 0, 83, 117, 24, 49, 88, 198, 16, 232, 121, 184, 125, 31,
       111, 239, 133, 84, 113, 234, 212, 224, 120, 169, 120, 98, 92, 207,
       83, 92, 99, 173, 173, 8, 51, 17, 64, 48, 152, 184, 68, 88, 26,
       122, 248, 61, 251, 205, 33, 121, 98, 130, 198, 162, 112, 93, 122,
       252, 26, 193, 93, 103, 149, 68, 236, 171, 55, 223, 35, 80, 110,
       187, 191, 129, 72, 139, 114, 15, 243, 229, 138, 25, 53, 168, 36,
       90, 221, 52, 189, 101, 168, 126, 95, 176, 225, 254, 135, 28, 223,
       61, 83, 123, 135, 213, 125, 127, 185, 197, 249, 0, 219, 251, 101,
       212, 232, 243, 71, 115, 220, 112, 157, 229, 42, 75, 83, 24, 38,
       164, 163, 40, 215, 55, 73, 82, 51, 213, 109, 98, 8, 213, 249, 10,
       249, 163, 101, 52, 32, 163, 7, 99, 40, 8, 14, 187, 5, 173, 105,
       66, 181, 21, 194, 17, 163, 131, 48, 73, 200, 170, 43, 156, 10,
       191, 83, 181, 215, 251, 210, 65, 144, 9, 116, 234, 102, 189, 185,
       186, 185, 229, 25, 207, 158, 125, 137, 25, 150, 223, 106, 10, 197,
       27, 125, 17, 30, 75, 250, 179, 203, 213, 159, 127, 144, 8, 135,
       83, 192, 190, 159, 117, 160, 46, 53, 55, 184, 159, 50, 124, 215,
       51, 192, 27, 167, 119, 109, 32, 48, 253, 129, 74, 205, 162, 117,
       128, 200, 224, 135, 43, 221, 246, 189, 39, 169, 125, 87, 186, 227,
       254, 175, 29, 223, 55, 75, 58, 133, 198, 236, 106, 157, 101, 249,
       50, 235, 251, 101, 117, 234, 243, 134, 115, 110, 176, 168, 250,
       221, 221, 209, 207, 131, 253, 165, 25, 150, 221, 78, 58, 205, 219,
       221, 17, 30, 111, 250, 177, 219, 213, 157, 127, 208, 13, 222, 210,
       212, 117, 123, 229, 50, 74, 119, 96, 48, 164, 231, 171, 87, 31, 1,
       80, 250, 221, 93, 99, 104, 147, 177, 14, 241, 161, 39, 5, 37, 49,
       38, 115, 216, 188, 190, 182, 139, 96, 21, 166, 163, 215, 134, 153,
       127, 247, 2, 91, 35, 247, 253, 128, 56, 79, 187, 37, 219, 227, 95,
       27, 162, 112, 175, 122, 222, 168, 238, 246, 171, 232, 92, 130,
       163, 151, 167, 185, 111, 247, 67, 27, 163, 247, 237, 130, 60, 79,
       138, 32, 219, 243, 213, 59, 166, 245, 166, 66, 76, 112, 180, 54,
       9, 124, 20, 142, 171, 191, 173, 9, 206, 247, 75, 158, 129, 87,
       232, 2, 76, 67, 219, 32, 131, 245, 85, 63, 194, 119, 15, 70, 212,
       32, 157, 117, 136, 46, 68, 8, 176, 178, 163, 24, 215, 51, 73, 27,
       129, 196, 109, 42, 40, 101, 219, 0, 193, 235, 117, 20, 224, 241,
       66, 34, 120, 41, 248, 101, 40, 14, 81, 55, 98, 160, 166, 8, 183,
       51, 64, 18, 2, 244, 109, 8, 72, 74, 209, 8, 217, 233, 117, 52, 96,
       160, 66, 42, 240, 32, 189, 112, 8, 105, 81, 3, 226, 183, 164, 24,
       19, 21, 64, 58, 1, 150, 104, 24, 24, 109, 225, 0, 211, 201, 80,
       49, 224, 200, 70, 34, 88, 57, 153, 116, 40, 76, 65, 16, 227, 200,
       166, 8, 215, 183, 64, 114, 0, 244, 124, 72, 9, 73, 243, 0, 209,
       163, 101, 24, 0, 160, 6, 50, 196, 52, 157, 115, 168, 109, 16, 11,
       58, 187, 163, 120, 215, 119, 72, 59, 131, 23, 108, 16, 59, 68,
       219, 2, 205, 146, 117, 126, 200, 65, 131, 51, 212, 82, 28, 101,
       42, 14, 87, 184, 32, 186, 182, 104, 87, 55, 137, 123, 54, 212,
       108, 106, 104, 85, 201, 8, 241, 235, 101, 148, 96, 179, 2, 35,
       245, 236, 189, 50, 168, 237, 87, 222, 179, 255, 173, 25, 87, 247,
       75, 27, 129, 194, 125, 94, 59, 111, 250, 50, 251, 203, 117, 124,
       224, 211, 198, 106, 208, 172, 189, 126, 136, 173, 84, 143, 254,
       51, 160, 24, 247, 248, 72, 123, 129, 67, 104, 17, 46, 109, 219,
       49, 217, 218, 85, 60, 208, 88, 199, 10, 244, 60, 156, 246, 140,
       108, 81, 155, 242, 179, 139, 24, 215, 241, 73, 27, 129, 246, 109,
       16, 58, 109, 219, 34, 217, 163, 117, 61, 168, 105, 214, 50, 244,
       180, 189, 120, 168, 237, 85, 223, 162, 63, 172, 24, 55, 247, 72,
       26, 129, 210, 108, 16, 58, 79, 250, 51, 219, 199, 117, 125, 240,
       192, 198, 42, 200, 184, 159, 240, 137, 236, 113, 23, 170, 19, 34,
       24, 190, 151, 64, 123, 165, 55, 120, 24, 51, 109, 178, 33, 217,
       233, 80, 104, 200, 64, 135, 58, 225, 181, 53, 86, 205, 237, 69,
       39, 235, 123, 160, 24, 178, 240, 68, 55, 137, 118, 120, 8, 59,
       111, 242, 49, 157, 248, 85, 122, 72, 72, 210, 46, 40, 229, 121,
       99, 124, 207, 83, 220, 99, 172, 189, 8, 19, 21, 72, 48, 24, 152,
       68, 122, 90, 186, 232, 61, 239, 157, 37, 113, 66, 139, 198, 163,
       68, 176, 185, 243, 184, 237, 89, 159, 158, 241, 129, 25, 183, 255,
       72, 26, 133, 91, 121, 17, 27, 72, 219, 51, 205, 213, 31, 124, 144,
       73, 133, 50, 96, 184, 29, 113, 185, 201, 17, 143, 142, 53, 160,
       57, 166, 151, 64, 18, 129, 19, 232, 16, 18, 75, 211, 53, 201, 208,
       21, 127, 144, 0, 135, 42, 80, 253, 61, 190, 24, 197, 21, 237, 150,
       28, 136, 9, 247, 247, 41, 80, 193, 179, 121, 129, 74, 75, 218, 63,
       241, 167, 187, 57, 16, 2, 37, 122, 217, 180, 159, 247, 162, 110,
       53, 51, 48, 254, 39, 124, 255, 55, 66, 27, 167, 119, 124, 0, 113,
       220, 187, 10, 201, 227, 125, 0, 168, 224, 135, 123, 236, 240, 185,
       114, 252, 205, 81, 220, 154, 253, 165, 29, 151, 221, 74, 58, 141,
       216, 85, 83, 222, 103, 250, 51, 203, 217, 53, 125, 208, 27, 214,
       242, 192, 180, 191, 250, 170, 232, 49, 19, 190, 31, 163, 57, 214,
       247, 72, 90, 167, 23, 109, 16, 50, 109, 155, 83, 217, 163, 114,
       89, 192, 64, 135, 51, 64, 49, 57, 101, 0, 110, 49, 49, 104, 232,
       107, 72, 214, 55, 0, 50, 144, 21, 64, 32, 17, 240, 241, 8, 133,
       180, 0, 6, 64, 2, 7, 50, 112, 12, 158, 126, 8, 227, 65, 99, 244,
       167, 226, 24, 99, 163, 0, 91, 200, 246, 104, 128, 56, 235, 211,
       45, 209, 167, 209, 25, 192, 32, 102, 42, 96, 32, 152, 117, 32,
       141, 80, 55, 224, 169, 162, 72, 183, 147, 64, 18, 128, 182, 108,
       8, 72, 120, 208, 8, 193, 201, 48, 48, 96, 128, 66, 42, 216, 184,
       159, 112, 139, 236, 80, 151, 183, 19, 36, 24, 191, 151, 64, 251,
       163, 51, 120, 24, 51, 77, 178, 49, 219, 251, 80, 106, 234, 64,
       131, 42, 37, 229, 29, 103, 244, 15, 231, 188, 120, 40, 107, 72,
       214, 112, 8, 48, 156, 94, 64, 106, 121, 240, 217, 47, 165, 190, 5,
       4, 72, 51, 195, 168, 236, 101, 157, 231, 153, 79, 71, 168, 49,
       166, 227, 24, 211, 115, 9, 17, 217, 220, 125, 106, 104, 246, 217,
       46, 249, 251, 69, 52, 80, 123, 214, 34, 252, 164, 157, 114, 152,
       108, 71, 141, 178, 179, 169, 24, 215, 247, 72, 123, 145, 214, 108,
       18, 123, 77, 251, 50, 249, 199, 117, 125, 160, 122, 134, 34, 212,
       52, 157, 246, 136, 44, 85, 158, 178, 179, 163, 92, 215, 243, 73,
       91, 129, 214, 108, 10, 41, 69, 219, 34, 217, 162, 117, 56, 232,
       113, 130, 43, 5, 111, 117, 67, 150, 75, 231, 168, 126, 228, 43,
       192, 203, 96, 213, 164, 51, 68, 106, 126, 225, 240, 109, 126, 44,
       30, 5, 116, 194, 247, 69, 100, 245, 180, 237, 118, 168, 108, 71,
       184, 178, 250, 167, 252, 83, 247, 200, 123, 55, 214, 108, 42, 185,
