%YAML:1.0
---
descriptors: !!opencv-matrix
   rows: 323
   cols: 32
   dt: u
   data: [ 198, 172, 246, 223, 254, 43, 254, 239, 63, 179, 250, 155, 238,
       238, 20, 89, 119, 255, 127, 180, 176, 223, 207, 255, 190, 62, 223,
       252, 149, 252, 211, 217, 166, 189, 246, 159, 238, 43, 254, 239,
       63, 187, 250, 59, 108, 254, 20, 88, 255, 255, 127, 7, 240, 255,
       203, 255, 190, 190, 223, 190, 149, 124, 241, 153, 236, 176, 188,
       123, 205, 125, 81, 155, 123, 63, 165, 24, 222, 253, 72, 59, 153,
       26, 233, 16, 58, 102, 251, 19, 207, 219, 81, 127, 210, 73, 198,
       226, 148, 237, 254, 191, 190, 171, 255, 254, 254, 178, 250, 26,
       247, 234, 121, 83, 251, 239, 127, 83, 250, 255, 139, 63, 252, 175,
       239, 220, 181, 250, 241, 136, 212, 69, 29, 231, 176, 14, 79, 184,
       52, 170, 191, 8, 215, 119, 137, 82, 54, 212, 125, 234, 104, 209,
       73, 46, 233, 239, 37, 148, 32, 243, 128, 33, 108, 116, 189, 99,
       45, 111, 81, 152, 235, 254, 167, 24, 215, 85, 73, 59, 145, 212,
       124, 58, 41, 101, 251, 2, 203, 219, 69, 52, 194, 251, 70, 114,
       236, 113, 189, 103, 160, 78, 87, 184, 97, 250, 183, 8, 215, 119,
       73, 59, 20, 212, 124, 106, 201, 240, 249, 8, 231, 249, 101, 52,
       96, 179, 70, 115, 92, 85, 125, 231, 176, 14, 71, 184, 32, 170,
       255, 104, 215, 119, 137, 114, 22, 212, 125, 106, 233, 144, 249,
       46, 229, 239, 37, 148, 32, 243, 68, 49, 237, 81, 61, 103, 44, 78,
       103, 184, 96, 248, 55, 72, 215, 117, 137, 51, 148, 84, 124, 106,
       225, 112, 249, 8, 231, 249, 101, 20, 66, 179, 71, 115, 221, 60,
       189, 246, 168, 108, 85, 158, 186, 251, 163, 92, 215, 247, 73, 123,
       133, 215, 125, 26, 169, 71, 251, 34, 217, 235, 119, 60, 128, 113,
       135, 115, 236, 253, 61, 103, 184, 79, 71, 172, 58, 246, 168, 8,
       247, 117, 72, 51, 145, 86, 120, 106, 105, 96, 249, 63, 229, 255,
       69, 52, 64, 122, 198, 122, 236, 109, 189, 103, 141, 79, 71, 168,
       112, 206, 239, 8, 215, 117, 9, 51, 152, 212, 124, 106, 105, 242,
       249, 46, 229, 251, 69, 20, 64, 123, 86, 98, 108, 165, 156, 122,
       201, 109, 87, 136, 179, 183, 173, 24, 214, 243, 74, 27, 153, 210,
       233, 114, 122, 99, 250, 51, 235, 215, 69, 125, 208, 115, 206, 98,
       249, 184, 255, 112, 169, 253, 80, 215, 227, 91, 180, 56, 59, 215,
       198, 63, 163, 182, 236, 24, 159, 111, 178, 49, 219, 219, 112, 123,
       235, 192, 206, 127, 249, 186, 158, 178, 170, 189, 88, 215, 163,
       95, 180, 253, 63, 183, 66, 27, 167, 179, 253, 20, 191, 79, 162,
       49, 218, 195, 112, 249, 160, 196, 142, 91, 248, 48, 255, 112, 170,
       232, 81, 87, 162, 125, 164, 189, 55, 151, 64, 27, 39, 150, 109,
       24, 27, 79, 178, 1, 211, 233, 112, 121, 226, 128, 198, 123, 224,
       140, 157, 222, 201, 237, 21, 167, 154, 19, 168, 24, 182, 243, 64,
       91, 193, 115, 104, 16, 50, 111, 218, 115, 221, 182, 84, 123, 208,
       72, 199, 42, 192, 172, 157, 217, 200, 237, 5, 175, 158, 51, 32,
       24, 182, 51, 72, 123, 129, 82, 106, 8, 51, 76, 211, 113, 237, 178,
       84, 120, 144, 88, 133, 42, 84, 76, 125, 99, 150, 79, 71, 184, 118,
       162, 171, 10, 83, 115, 9, 112, 49, 212, 76, 106, 104, 181, 121,
       62, 233, 207, 37, 20, 113, 251, 64, 34, 244, 180, 157, 112, 170,
       233, 80, 75, 187, 187, 161, 56, 215, 191, 72, 59, 163, 149, 236,
       16, 59, 103, 138, 18, 153, 210, 81, 127, 192, 73, 199, 35, 76,
       241, 120, 99, 242, 11, 63, 184, 59, 236, 63, 169, 223, 119, 202,
       16, 23, 93, 253, 110, 64, 208, 233, 78, 239, 223, 37, 164, 98,
       243, 135, 243, 124, 173, 255, 114, 138, 233, 85, 223, 162, 183,
       173, 56, 55, 231, 64, 26, 35, 243, 237, 16, 26, 75, 170, 51, 251,
       195, 117, 121, 224, 208, 134, 106, 37, 112, 89, 69, 80, 78, 99,
       48, 96, 224, 103, 72, 83, 23, 133, 52, 16, 124, 64, 106, 65, 176,
       241, 12, 101, 168, 33, 0, 97, 163, 70, 160, 129, 142, 207, 121,
       164, 170, 97, 151, 118, 19, 98, 208, 243, 97, 144, 121, 19, 46,
       44, 28, 187, 252, 69, 51, 204, 170, 116, 64, 236, 192, 192, 32,
       129, 174, 159, 57, 236, 171, 104, 151, 126, 19, 98, 112, 181, 226,
       208, 107, 35, 46, 106, 28, 51, 220, 135, 51, 204, 162, 118, 64,
       152, 192, 193, 168, 145, 138, 207, 125, 180, 170, 109, 151, 118,
       11, 98, 244, 243, 97, 144, 121, 19, 110, 36, 28, 187, 252, 69, 63,
       204, 171, 116, 64, 232, 208, 208, 40, 38, 92, 150, 190, 217, 205,
       22, 224, 159, 142, 233, 9, 230, 240, 45, 16, 201, 233, 234, 67,
       108, 227, 90, 62, 185, 150, 5, 59, 80, 123, 46, 134, 193, 174,
       159, 147, 236, 169, 169, 199, 254, 19, 0, 208, 181, 162, 224, 75,
       99, 34, 106, 156, 51, 77, 134, 115, 140, 130, 126, 104, 156, 192,
       129, 168, 129, 174, 143, 155, 232, 169, 105, 151, 230, 51, 98,
       212, 149, 163, 240, 75, 99, 42, 106, 28, 51, 220, 143, 51, 76,
       131, 118, 104, 156, 192, 129, 136, 129, 174, 207, 25, 172, 168,
       97, 151, 246, 19, 102, 240, 181, 227, 208, 75, 99, 46, 106, 28,
       51, 252, 231, 51, 204, 163, 118, 64, 184, 192, 193, 168, 34, 237,
       16, 62, 89, 205, 22, 162, 159, 28, 168, 9, 166, 250, 5, 144, 129,
       123, 202, 66, 78, 43, 90, 63, 161, 214, 4, 59, 80, 29, 14, 14,
       129, 142, 207, 59, 160, 170, 101, 151, 118, 83, 106, 212, 243, 97,
       144, 121, 83, 46, 32, 28, 59, 252, 111, 51, 204, 163, 116, 64,
       236, 192, 208, 168, 77, 116, 151, 103, 129, 127, 119, 136, 123,
       243, 47, 8, 222, 119, 73, 58, 177, 85, 104, 50, 33, 240, 185, 74,
       197, 223, 69, 39, 194, 115, 7, 34, 104, 181, 188, 122, 157, 253,
       81, 143, 75, 53, 173, 24, 254, 125, 72, 50, 217, 146, 233, 16, 26,
       106, 251, 151, 239, 223, 20, 127, 210, 72, 198, 170, 134, 172,
       246, 159, 252, 43, 254, 239, 63, 179, 250, 26, 236, 234, 12, 89,
       255, 255, 127, 129, 176, 255, 203, 255, 188, 190, 223, 238, 197,
       120, 225, 137, 130, 188, 246, 255, 252, 171, 252, 239, 63, 179,
       250, 187, 236, 255, 20, 73, 255, 255, 255, 149, 178, 255, 203,
       247, 190, 62, 223, 202, 215, 252, 227, 153, 134, 173, 222, 191,
       252, 171, 254, 239, 191, 179, 250, 26, 247, 234, 124, 83, 255,
       239, 127, 129, 122, 251, 139, 255, 190, 159, 255, 204, 133, 120,
       227, 137, 20, 237, 220, 191, 188, 42, 111, 252, 54, 170, 251, 2,
       247, 99, 25, 64, 123, 111, 127, 235, 104, 240, 201, 63, 236, 175,
       239, 148, 164, 251, 225, 169, 212, 220, 157, 247, 168, 12, 20,
       158, 190, 186, 130, 80, 247, 119, 65, 123, 135, 87, 124, 10, 225,
       77, 219, 34, 233, 251, 127, 16, 136, 113, 129, 59, 197, 156, 157,
       247, 168, 46, 108, 190, 188, 186, 178, 84, 247, 115, 136, 123,
       133, 87, 124, 42, 241, 197, 91, 46, 173, 170, 119, 144, 136, 112,
       129, 41, 205, 212, 157, 119, 168, 46, 71, 186, 56, 186, 163, 84,
       215, 115, 9, 123, 149, 86, 124, 106, 97, 196, 217, 42, 229, 175,
       117, 20, 136, 113, 65, 49, 245, 116, 157, 103, 36, 14, 71, 184,
       112, 234, 167, 92, 211, 113, 201, 59, 16, 68, 108, 110, 233, 228,
       249, 40, 225, 235, 101, 20, 104, 243, 66, 33, 236, 116, 189, 103,
       137, 110, 71, 152, 122, 251, 163, 24, 215, 119, 73, 59, 145, 84,
       104, 122, 49, 100, 251, 34, 205, 251, 69, 52, 192, 115, 199, 34,
       236, 125, 61, 103, 141, 79, 71, 168, 115, 170, 175, 8, 214, 117,
       9, 50, 144, 116, 120, 106, 105, 240, 249, 62, 229, 255, 69, 52,
       64, 123, 198, 98, 108, 164, 189, 115, 137, 109, 87, 168, 115, 191,
       173, 24, 214, 117, 73, 58, 153, 210, 104, 122, 26, 98, 251, 51,
       235, 223, 69, 127, 210, 123, 198, 98, 120, 180, 255, 112, 219,
       233, 81, 103, 251, 21, 172, 56, 54, 183, 64, 58, 129, 58, 104, 24,
       18, 107, 178, 17, 219, 223, 16, 123, 226, 0, 198, 106, 252, 52,
       189, 114, 168, 105, 81, 27, 179, 191, 165, 24, 215, 119, 72, 27,
       129, 150, 109, 16, 58, 71, 251, 2, 219, 195, 117, 125, 226, 225,
       134, 99, 124, 229, 120, 111, 29, 95, 71, 168, 83, 164, 237, 8,
       211, 125, 24, 48, 88, 220, 88, 106, 72, 178, 249, 31, 231, 205,
