%YAML:1.0
---
descriptors: !!opencv-matrix
   rows: 252
   cols: 32
   dt: u
   data: [ 5, 223, 153, 39, 176, 14, 111, 188, 116, 234, 127, 100, 247,
       99, 153, 112, 23, 110, 52, 110, 241, 208, 125, 47, 236, 175, 39,
       132, 40, 243, 129, 49, 237, 113, 189, 102, 40, 78, 71, 184, 233,
       250, 183, 72, 211, 85, 201, 59, 22, 212, 124, 106, 201, 101, 251,
       40, 227, 249, 101, 60, 74, 179, 70, 113, 93, 93, 125, 103, 176,
       78, 79, 180, 96, 232, 191, 72, 215, 119, 137, 115, 54, 244, 124,
       106, 201, 129, 121, 44, 231, 233, 101, 144, 96, 243, 192, 49, 252,
       112, 189, 119, 40, 110, 81, 24, 115, 186, 167, 24, 215, 85, 73,
       59, 145, 212, 124, 122, 41, 100, 249, 32, 199, 219, 117, 52, 224,
       243, 70, 51, 236, 180, 189, 115, 237, 253, 81, 155, 255, 123, 165,
       24, 222, 253, 72, 59, 137, 18, 253, 16, 58, 110, 251, 19, 207,
       223, 81, 127, 210, 72, 198, 242, 81, 13, 93, 101, 180, 78, 71, 63,
       100, 160, 170, 64, 215, 51, 1, 112, 50, 244, 124, 106, 105, 184,
       113, 14, 225, 239, 37, 16, 96, 242, 192, 40, 124, 92, 189, 118,
       168, 44, 85, 190, 160, 154, 182, 121, 215, 119, 1, 91, 135, 215,
       109, 2, 104, 71, 203, 32, 211, 235, 117, 156, 224, 241, 6, 35,
       116, 101, 125, 69, 140, 75, 71, 184, 64, 166, 174, 10, 83, 53,
       209, 55, 24, 212, 108, 106, 72, 242, 237, 8, 117, 136, 101, 52,
       101, 250, 86, 96, 118, 237, 182, 254, 221, 239, 254, 228, 255,
       162, 235, 10, 74, 251, 61, 82, 249, 239, 123, 226, 104, 227, 218,
       254, 187, 254, 199, 62, 211, 123, 242, 130, 192, 172, 153, 255,
       136, 237, 21, 151, 150, 23, 96, 16, 183, 243, 96, 89, 193, 122,
       40, 24, 50, 78, 218, 51, 205, 163, 116, 120, 144, 72, 135, 170,
       100, 109, 59, 118, 77, 198, 231, 224, 248, 128, 233, 8, 114, 255,
       37, 50, 216, 249, 82, 194, 105, 227, 186, 110, 49, 190, 143, 24,
       65, 51, 102, 162, 69, 241, 149, 87, 29, 141, 55, 184, 110, 240,
       43, 76, 246, 113, 73, 50, 145, 68, 104, 126, 195, 96, 219, 61,
       173, 190, 69, 118, 72, 51, 67, 34, 77, 117, 57, 71, 112, 78, 55,
       184, 57, 232, 127, 108, 222, 119, 137, 52, 148, 92, 213, 98, 225,
       240, 249, 78, 231, 255, 37, 134, 74, 51, 7, 115, 220, 237, 252,
       191, 172, 42, 127, 188, 191, 178, 191, 17, 255, 235, 91, 91, 243,
       231, 127, 99, 120, 197, 203, 239, 252, 255, 239, 148, 164, 243,
       129, 3, 249, 56, 191, 112, 9, 253, 81, 70, 227, 247, 164, 24, 62,
       149, 66, 59, 161, 246, 120, 24, 43, 111, 178, 0, 211, 201, 84, 59,
       226, 64, 70, 122, 22, 237, 246, 143, 254, 11, 254, 232, 63, 162,
       251, 2, 238, 234, 29, 64, 255, 239, 127, 227, 232, 243, 203, 254,
       188, 190, 207, 150, 229, 123, 161, 129, 69, 112, 17, 101, 33, 14,
       98, 24, 104, 224, 99, 76, 214, 17, 9, 48, 144, 76, 64, 110, 129,
       176, 209, 12, 133, 184, 1, 4, 72, 35, 67, 32, 143, 87, 111, 135,
       38, 118, 191, 16, 29, 238, 95, 230, 220, 124, 183, 101, 118, 117,
       63, 239, 225, 148, 61, 206, 102, 59, 235, 130, 14, 255, 53, 117,
       248, 186, 248, 120, 170, 41, 81, 159, 131, 63, 180, 56, 55, 9, 66,
       27, 7, 146, 205, 18, 26, 109, 194, 49, 203, 201, 112, 121, 243,
       201, 198, 43, 156, 106, 251, 100, 2, 106, 99, 80, 96, 132, 102,
       40, 83, 23, 129, 59, 62, 244, 68, 106, 8, 247, 160, 8, 83, 169,
       33, 0, 225, 179, 102, 160, 28, 165, 185, 114, 155, 233, 17, 203,
       162, 53, 173, 24, 31, 247, 72, 56, 163, 155, 200, 16, 26, 107,
       186, 116, 219, 197, 21, 127, 225, 67, 135, 98, 248, 180, 189, 112,
       169, 253, 81, 222, 251, 123, 180, 24, 191, 159, 64, 59, 133, 151,
       253, 24, 187, 111, 250, 147, 219, 219, 117, 124, 194, 200, 199,
       123, 228, 236, 222, 255, 236, 169, 239, 223, 62, 51, 251, 18, 245,
       235, 88, 91, 111, 207, 127, 155, 114, 255, 203, 243, 252, 175,
       255, 236, 149, 249, 243, 136, 230, 252, 246, 255, 252, 45, 254,
       239, 191, 155, 249, 18, 237, 250, 92, 91, 239, 223, 127, 131, 178,
       111, 203, 243, 191, 254, 223, 190, 149, 248, 243, 129, 17, 142,
       219, 107, 176, 170, 111, 151, 118, 3, 110, 212, 243, 35, 176, 112,
       51, 14, 12, 60, 59, 156, 45, 63, 232, 175, 54, 64, 188, 194, 225,
       40, 197, 87, 149, 101, 32, 14, 103, 56, 104, 234, 107, 76, 215,
       113, 24, 51, 148, 68, 108, 110, 225, 240, 217, 11, 229, 186, 101,
       20, 72, 243, 67, 33, 197, 116, 157, 119, 129, 110, 119, 128, 120,
       234, 35, 24, 222, 113, 73, 59, 145, 84, 104, 42, 97, 244, 249, 10,
       197, 190, 69, 6, 200, 115, 67, 35, 228, 244, 189, 115, 136, 111,
       71, 191, 114, 178, 171, 24, 211, 119, 73, 59, 145, 86, 104, 58,
       57, 100, 251, 42, 237, 171, 69, 52, 192, 113, 198, 34, 105, 189,
       152, 115, 217, 253, 85, 191, 123, 115, 44, 24, 190, 55, 70, 182,
       129, 90, 248, 24, 119, 104, 251, 51, 239, 223, 21, 127, 202, 80,
       206, 62, 220, 174, 189, 114, 138, 233, 17, 199, 178, 183, 164,
       185, 39, 231, 64, 27, 39, 247, 237, 144, 58, 79, 170, 34, 217,
       195, 117, 127, 224, 64, 134, 106, 244, 48, 255, 114, 168, 109, 81,
       18, 179, 191, 165, 24, 19, 183, 72, 27, 33, 214, 109, 24, 58, 103,
       186, 0, 219, 203, 117, 124, 224, 241, 198, 99, 120, 174, 252, 122,
       138, 169, 81, 199, 178, 23, 164, 185, 39, 231, 66, 27, 11, 179,
       205, 16, 58, 75, 130, 49, 219, 195, 117, 121, 224, 192, 134, 106,
       252, 180, 220, 114, 168, 237, 85, 223, 179, 63, 173, 25, 23, 247,
       74, 26, 1, 210, 109, 16, 58, 79, 218, 51, 219, 199, 117, 125, 226,
       192, 134, 99, 82, 236, 20, 186, 137, 253, 16, 174, 187, 63, 128,
       25, 174, 242, 72, 155, 129, 243, 236, 17, 62, 79, 202, 55, 185,
       214, 93, 123, 144, 85, 143, 14, 220, 54, 255, 97, 162, 106, 101,
       115, 32, 190, 166, 56, 83, 39, 192, 59, 39, 148, 100, 56, 56, 245,
       161, 0, 89, 139, 101, 100, 225, 224, 198, 97, 69, 113, 157, 101,
       65, 78, 115, 32, 104, 224, 107, 8, 222, 51, 73, 51, 144, 84, 104,
       106, 1, 240, 249, 72, 101, 186, 69, 6, 72, 51, 67, 50, 244, 34,
       140, 182, 138, 40, 85, 159, 178, 183, 134, 185, 23, 227, 75, 91,
       3, 198, 109, 144, 56, 71, 202, 32, 218, 227, 253, 189, 160, 241,
       134, 66, 240, 174, 220, 48, 168, 173, 81, 215, 178, 191, 164, 29,
       55, 195, 66, 27, 129, 230, 109, 20, 58, 79, 218, 35, 219, 203,
       117, 121, 232, 192, 202, 11, 236, 52, 189, 114, 173, 125, 81, 152,
       91, 255, 165, 24, 222, 93, 75, 59, 145, 80, 253, 58, 59, 103, 251,
       18, 207, 219, 81, 127, 194, 107, 70, 115, 252, 172, 252, 118, 169,
       109, 85, 190, 179, 191, 165, 25, 115, 247, 72, 27, 9, 214, 237,
       10, 56, 111, 251, 35, 219, 203, 117, 121, 227, 241, 198, 34, 80,
       85, 29, 231, 176, 46, 79, 188, 36, 168, 255, 96, 215, 55, 128,
       112, 22, 212, 93, 106, 121, 144, 121, 46, 233, 239, 37, 148, 32,
       243, 128, 49, 108, 180, 188, 251, 173, 253, 81, 27, 255, 63, 173,
       24, 222, 253, 72, 59, 137, 18, 253, 16, 58, 108, 251, 147, 207,
       223, 81, 127, 210, 72, 198, 34, 124, 26, 153, 244, 168, 44, 84,
       158, 162, 186, 186, 120, 223, 179, 65, 218, 135, 215, 237, 2, 72,
       67, 202, 32, 211, 231, 117, 152, 224, 240, 131, 35, 232, 189, 180,
       254, 157, 221, 84, 39, 223, 27, 172, 24, 190, 253, 96, 50, 201,
       178, 249, 0, 122, 107, 242, 179, 235, 223, 84, 123, 210, 88, 214,
       10, 108, 177, 149, 99, 157, 111, 80, 25, 123, 57, 41, 88, 222,
       121, 72, 186, 145, 22, 108, 48, 27, 120, 217, 146, 143, 223, 21,
       118, 218, 74, 194, 3, 69, 231, 17, 35, 176, 14, 102, 184, 106,
       184, 43, 76, 214, 112, 217, 50, 149, 68, 108, 126, 195, 112, 217,
       23, 173, 156, 37, 100, 72, 51, 67, 33, 22, 237, 246, 143, 223, 15,
       238, 232, 127, 160, 251, 10, 206, 234, 61, 64, 123, 207, 127, 227,
       104, 243, 217, 254, 189, 190, 143, 52, 101, 123, 241, 128, 205,
       117, 57, 103, 112, 14, 63, 184, 57, 168, 127, 96, 222, 119, 137,
       48, 150, 93, 85, 106, 225, 144, 233, 78, 103, 255, 37, 134, 66,
