%YAML:1.0
---
descriptors: !!opencv-matrix
   rows: 82
   cols: 32
   dt: u
   data: [ 77, 253, 31, 239, 188, 111, 103, 191, 173, 234, 254, 72, 255,
       247, 137, 114, 183, 246, 124, 106, 121, 249, 251, 47, 253, 255,
       103, 20, 10, 251, 195, 33, 178, 188, 252, 90, 169, 253, 85, 207,
       215, 31, 180, 25, 98, 253, 110, 27, 141, 243, 237, 16, 62, 111,
       250, 51, 219, 154, 85, 123, 209, 88, 198, 127, 61, 89, 27, 103,
       52, 79, 67, 48, 101, 224, 111, 8, 247, 85, 129, 244, 16, 244, 92,
       106, 73, 176, 121, 12, 163, 233, 33, 16, 106, 59, 64, 48, 240,
       168, 142, 250, 140, 237, 64, 207, 178, 19, 132, 24, 183, 243, 64,
       27, 193, 242, 125, 24, 58, 79, 218, 51, 217, 131, 245, 121, 128,
       72, 218, 10, 248, 107, 64, 164, 40, 9, 78, 196, 161, 168, 176,
       233, 163, 130, 129, 144, 200, 225, 204, 70, 76, 39, 192, 136, 176,
       208, 161, 185, 98, 188, 74, 12, 110, 117, 188, 124, 57, 196, 23,
       168, 170, 188, 45, 9, 236, 247, 75, 18, 145, 117, 233, 98, 66, 67,
       186, 31, 235, 183, 77, 63, 2, 51, 7, 115, 248, 156, 220, 124, 169,
       124, 84, 55, 240, 51, 166, 24, 91, 51, 0, 219, 35, 246, 236, 42,
       57, 111, 147, 45, 211, 235, 116, 25, 234, 224, 202, 2, 172, 172,
       188, 83, 236, 237, 37, 207, 214, 55, 37, 24, 150, 240, 200, 47, 1,
       26, 106, 24, 50, 124, 250, 51, 205, 135, 117, 125, 208, 72, 199,
       162, 160, 190, 156, 30, 232, 173, 151, 215, 154, 31, 164, 29, 246,
       243, 34, 27, 205, 123, 106, 0, 50, 111, 218, 51, 253, 182, 117,
       58, 216, 120, 135, 243, 77, 117, 20, 71, 225, 62, 102, 184, 121,
       170, 111, 76, 222, 112, 13, 180, 145, 76, 104, 110, 229, 240, 249,
       78, 39, 190, 69, 6, 74, 115, 203, 133, 9, 217, 25, 109, 112, 207,
       102, 181, 100, 64, 110, 64, 255, 19, 0, 176, 18, 56, 82, 106, 65,
       184, 113, 61, 229, 237, 36, 64, 122, 146, 195, 184, 240, 168, 253,
       120, 136, 237, 93, 135, 163, 23, 160, 24, 55, 179, 64, 27, 129,
       183, 125, 8, 58, 79, 210, 49, 219, 235, 84, 57, 160, 192, 198, 42,
       5, 173, 217, 99, 244, 111, 103, 191, 119, 227, 110, 72, 211, 225,
       216, 48, 17, 202, 34, 24, 91, 184, 237, 50, 239, 142, 53, 100,
       224, 250, 194, 160, 242, 180, 245, 122, 169, 253, 80, 207, 219,
       59, 176, 57, 42, 253, 76, 187, 141, 147, 237, 16, 58, 111, 202,
       179, 155, 218, 85, 127, 211, 72, 198, 55, 60, 103, 104, 103, 80,
       75, 71, 168, 53, 164, 239, 168, 195, 101, 137, 20, 24, 220, 198,
       106, 72, 178, 105, 14, 103, 231, 37, 21, 99, 187, 70, 162, 10,
       134, 98, 137, 50, 243, 186, 35, 61, 5, 94, 163, 237, 46, 178, 68,
       119, 187, 151, 177, 22, 152, 5, 223, 110, 119, 186, 193, 183, 198,
       173, 221, 3, 203, 34, 141, 116, 150, 238, 53, 77, 72, 90, 199,
       253, 10, 182, 68, 246, 47, 23, 239, 213, 152, 5, 205, 36, 60, 170,
       128, 28, 134, 249, 221, 242, 178, 221, 122, 168, 233, 144, 207,
       155, 59, 176, 121, 62, 252, 76, 155, 143, 147, 237, 17, 59, 111,
       202, 51, 155, 211, 117, 255, 217, 64, 207, 19, 230, 190, 213, 146,
       234, 104, 29, 155, 187, 247, 160, 253, 76, 231, 77, 159, 167, 215,
       253, 149, 179, 79, 154, 226, 152, 18, 95, 254, 140, 228, 135, 113,
       165, 172, 201, 83, 212, 173, 160, 207, 90, 179, 104, 92, 178, 240,
       204, 61, 121, 234, 34, 28, 51, 126, 222, 50, 28, 30, 85, 106, 201,
       72, 210, 172, 44, 101, 153, 99, 213, 79, 71, 136, 83, 160, 45, 8,
       210, 113, 73, 48, 153, 220, 64, 122, 105, 114, 249, 42, 239, 221,
       5, 116, 194, 123, 214, 34, 208, 48, 189, 116, 8, 72, 81, 3, 176,
       179, 166, 24, 151, 55, 64, 59, 0, 148, 104, 8, 40, 101, 211, 0,
       193, 162, 113, 20, 224, 32, 70, 34, 102, 52, 181, 246, 169, 110,
       21, 139, 178, 191, 137, 25, 214, 247, 73, 27, 133, 87, 249, 2, 56,
       71, 251, 32, 201, 243, 93, 63, 130, 97, 134, 114, 217, 172, 158,
       60, 168, 188, 85, 255, 242, 247, 166, 29, 191, 178, 66, 91, 167,
       231, 108, 29, 127, 79, 187, 51, 248, 235, 117, 121, 232, 80, 139,
       90, 193, 184, 143, 25, 236, 172, 97, 23, 246, 91, 66, 84, 180,
       177, 208, 123, 1, 46, 122, 28, 179, 92, 215, 17, 76, 42, 114, 64,
       136, 192, 211, 184, 248, 172, 255, 120, 169, 249, 84, 215, 243,
       19, 164, 24, 59, 255, 68, 59, 163, 242, 253, 16, 62, 111, 162, 51,
       219, 219, 85, 123, 227, 192, 198, 47, 212, 168, 158, 178, 138,
       172, 48, 198, 186, 147, 128, 25, 183, 243, 97, 27, 161, 119, 105,
       16, 50, 79, 154, 48, 217, 163, 127, 121, 128, 80, 171, 10, 77,
       105, 51, 71, 85, 207, 103, 176, 112, 232, 111, 8, 210, 113, 21,
       48, 152, 108, 114, 106, 193, 240, 249, 108, 109, 158, 5, 4, 64,
       51, 66, 160, 245, 125, 147, 230, 161, 15, 86, 85, 57, 170, 186,
       92, 31, 147, 65, 182, 156, 253, 84, 114, 233, 119, 216, 42, 179,
       220, 5, 50, 106, 123, 130, 9, 208, 172, 156, 250, 140, 233, 80,
       223, 182, 19, 164, 24, 183, 243, 72, 27, 129, 162, 108, 24, 58,
       79, 202, 49, 219, 195, 117, 121, 160, 72, 139, 10, 69, 121, 89,
       71, 17, 78, 71, 184, 96, 224, 110, 76, 87, 83, 137, 48, 16, 220,
       88, 106, 73, 176, 249, 44, 231, 173, 5, 4, 104, 51, 66, 50, 77,
       119, 180, 7, 229, 30, 102, 184, 121, 174, 127, 76, 222, 96, 159,
       180, 149, 76, 108, 110, 244, 240, 249, 110, 39, 254, 101, 4, 74,
       243, 203, 133, 60, 119, 121, 71, 250, 75, 71, 168, 49, 164, 255,
       168, 67, 117, 141, 52, 26, 220, 196, 98, 104, 178, 233, 14, 119,
       231, 37, 183, 99, 251, 70, 227, 240, 188, 243, 112, 203, 233, 85,
       199, 187, 31, 168, 56, 47, 255, 68, 58, 163, 243, 108, 16, 58,
       111, 146, 51, 155, 214, 84, 122, 193, 64, 230, 43, 248, 172, 215,
       124, 171, 232, 81, 135, 187, 31, 162, 56, 47, 183, 64, 219, 167,
       247, 236, 16, 58, 79, 162, 35, 153, 242, 84, 123, 224, 96, 166,
       43, 208, 166, 159, 186, 136, 169, 68, 143, 182, 51, 162, 120, 183,
       227, 72, 91, 129, 246, 108, 16, 58, 77, 203, 49, 217, 163, 117,
       120, 160, 64, 130, 2, 224, 160, 215, 94, 169, 168, 68, 143, 235,
       51, 162, 120, 110, 242, 196, 255, 131, 182, 108, 16, 59, 79, 210,
       81, 152, 178, 85, 122, 202, 64, 130, 44, 253, 117, 29, 38, 201,
       15, 87, 248, 17, 174, 169, 13, 86, 109, 75, 19, 156, 197, 96, 102,
       108, 99, 217, 46, 243, 235, 69, 60, 73, 123, 194, 210, 77, 119,
       177, 7, 241, 62, 231, 184, 121, 238, 127, 76, 222, 96, 159, 180,
       149, 76, 108, 110, 197, 240, 249, 78, 47, 254, 37, 134, 74, 115,
       203, 213, 208, 186, 159, 176, 170, 168, 17, 23, 170, 191, 130,
       253, 183, 163, 64, 27, 135, 183, 109, 16, 58, 77, 131, 0, 216,
       162, 116, 120, 160, 64, 135, 43, 225, 168, 215, 88, 205, 189, 192,
       199, 251, 155, 160, 88, 34, 184, 68, 191, 201, 230, 106, 16, 63,
       111, 210, 115, 28, 186, 85, 122, 201, 72, 194, 14, 169, 174, 133,
       48, 205, 173, 160, 207, 210, 179, 224, 93, 163, 232, 80, 143, 201,
       106, 98, 21, 63, 126, 202, 51, 28, 82, 85, 122, 217, 76, 218, 140,
       62, 99, 96, 7, 87, 91, 243, 104, 97, 228, 255, 171, 75, 76, 159,
       20, 58, 204, 196, 227, 76, 178, 237, 140, 54, 116, 129, 151, 103,
       191, 86, 214, 234, 190, 149, 185, 168, 237, 152, 223, 154, 255,
       176, 253, 174, 164, 192, 143, 143, 83, 237, 17, 51, 79, 210, 19,
       140, 211, 125, 254, 216, 76, 135, 249, 126, 159, 181, 94, 185,
       118, 23, 190, 207, 250, 170, 108, 238, 246, 165, 247, 213, 119,
       236, 34, 193, 75, 251, 189, 185, 246, 71, 158, 218, 118, 165, 61,
       254, 255, 248, 70, 250, 66, 31, 184, 51, 182, 172, 169, 73, 103,
       195, 22, 55, 213, 237, 226, 104, 67, 235, 126, 251, 231, 165, 189,
       35, 243, 38, 113, 37, 112, 16, 69, 97, 14, 98, 56, 104, 168, 107,
       76, 210, 18, 13, 180, 148, 76, 64, 110, 193, 176, 217, 76, 5, 188,
       33, 4, 74, 35, 67, 133, 33, 49, 17, 69, 17, 79, 66, 41, 106, 232,
       42, 8, 214, 16, 9, 48, 144, 12, 64, 104, 1, 240, 209, 28, 37, 156,
       1, 52, 72, 34, 66, 162, 240, 253, 91, 102, 176, 78, 71, 180, 48,
