%YAML:1.0
---
descriptors: !!opencv-matrix
   rows: 312
   cols: 32
   dt: u
   data: [ 216, 28, 151, 116, 136, 108, 69, 55, 160, 154, 166, 24, 247,
       55, 0, 123, 1, 246, 108, 8, 57, 77, 179, 0, 209, 162, 116, 24,
       160, 224, 6, 58, 248, 48, 125, 112, 40, 204, 81, 83, 162, 189,
       164, 60, 55, 151, 64, 27, 4, 180, 109, 24, 11, 79, 242, 0, 211,
       233, 112, 120, 98, 128, 6, 251, 101, 113, 177, 71, 5, 79, 103,
       184, 107, 160, 35, 8, 214, 117, 73, 54, 145, 84, 72, 122, 65, 240,
       249, 24, 45, 152, 5, 52, 64, 59, 70, 34, 5, 95, 159, 103, 176, 14,
       47, 188, 124, 234, 90, 100, 245, 115, 137, 112, 55, 110, 52, 110,
       225, 208, 61, 47, 236, 174, 39, 128, 136, 242, 129, 185, 245, 69,
       125, 103, 178, 74, 87, 185, 105, 160, 171, 8, 215, 113, 9, 115,
       150, 214, 124, 106, 121, 160, 121, 45, 225, 235, 101, 20, 96, 179,
       194, 32, 93, 93, 125, 103, 176, 14, 79, 184, 96, 232, 63, 76, 211,
       115, 153, 114, 54, 68, 92, 110, 249, 176, 125, 46, 233, 239, 37,
       148, 104, 243, 66, 49, 125, 85, 127, 103, 176, 78, 79, 188, 96,
       200, 255, 64, 247, 119, 137, 112, 54, 244, 28, 106, 233, 144, 121,
       46, 227, 239, 37, 144, 96, 243, 224, 49, 108, 180, 145, 99, 153,
       127, 80, 25, 127, 187, 171, 88, 222, 115, 72, 250, 145, 22, 108,
       48, 58, 112, 217, 18, 207, 223, 21, 118, 218, 74, 202, 3, 125, 85,
       61, 103, 176, 78, 79, 184, 96, 168, 191, 72, 247, 119, 137, 113,
       22, 214, 124, 106, 233, 129, 121, 47, 243, 237, 37, 144, 32, 243,
       198, 49, 144, 140, 93, 245, 146, 235, 79, 175, 52, 35, 166, 16,
       247, 99, 0, 81, 51, 247, 77, 168, 56, 220, 89, 63, 233, 167, 53,
       81, 160, 192, 132, 42, 196, 188, 157, 118, 168, 232, 20, 175, 187,
       179, 171, 56, 246, 247, 77, 123, 131, 119, 124, 18, 51, 77, 218,
       99, 233, 182, 87, 126, 136, 113, 131, 51, 104, 180, 189, 251, 189,
       253, 81, 15, 255, 59, 165, 24, 190, 253, 72, 26, 137, 18, 251, 16,
       58, 106, 250, 147, 207, 223, 84, 123, 210, 72, 198, 42, 205, 71,
       20, 71, 48, 30, 102, 184, 121, 138, 103, 68, 215, 34, 137, 247,
       148, 68, 108, 110, 229, 240, 233, 14, 166, 254, 101, 4, 74, 179,
       75, 5, 69, 6, 149, 71, 160, 62, 102, 152, 120, 170, 43, 68, 206,
       98, 205, 255, 149, 68, 108, 126, 180, 208, 205, 64, 140, 190, 103,
       4, 200, 243, 67, 5, 252, 36, 253, 100, 141, 107, 199, 168, 64,
       182, 173, 8, 83, 53, 73, 59, 25, 212, 104, 34, 104, 103, 249, 10,
       249, 195, 69, 61, 97, 250, 70, 34, 69, 249, 149, 87, 137, 76, 55,
       168, 106, 249, 43, 8, 246, 112, 73, 50, 145, 86, 104, 122, 67, 96,
       219, 53, 109, 158, 69, 54, 200, 115, 67, 46, 118, 237, 246, 223,
       124, 11, 238, 252, 127, 162, 254, 10, 239, 235, 61, 80, 123, 239,
       127, 235, 232, 243, 203, 255, 190, 254, 143, 136, 119, 251, 98,
       136, 143, 84, 107, 199, 182, 54, 191, 48, 29, 238, 95, 166, 221,
       126, 183, 101, 118, 116, 31, 239, 229, 148, 45, 206, 103, 127,
       175, 130, 6, 255, 53, 117, 92, 165, 249, 114, 155, 233, 21, 207,
       162, 53, 173, 24, 15, 247, 72, 58, 35, 151, 232, 16, 26, 107, 186,
       51, 251, 199, 21, 125, 225, 64, 135, 98, 28, 240, 188, 247, 172,
       14, 125, 184, 174, 186, 183, 32, 223, 123, 25, 75, 239, 69, 125,
       227, 232, 193, 203, 184, 205, 251, 239, 148, 164, 243, 1, 3, 92,
       16, 188, 247, 172, 12, 89, 25, 175, 187, 183, 40, 223, 255, 73,
       91, 199, 213, 125, 16, 184, 65, 219, 128, 203, 251, 119, 212, 130,
       161, 3, 99, 232, 188, 180, 252, 173, 253, 84, 223, 255, 187, 180,
       24, 175, 249, 68, 63, 201, 246, 255, 24, 186, 111, 242, 179, 219,
       251, 87, 122, 210, 76, 214, 11, 248, 180, 188, 248, 173, 253, 81,
       95, 255, 123, 180, 24, 191, 189, 68, 59, 205, 179, 255, 24, 186,
       111, 242, 147, 219, 219, 84, 123, 210, 200, 198, 59, 234, 188,
       182, 252, 173, 189, 220, 255, 255, 251, 180, 24, 238, 249, 84,
       123, 205, 247, 127, 145, 186, 111, 243, 243, 191, 251, 215, 122,
       210, 220, 242, 142, 38, 237, 148, 190, 217, 205, 22, 230, 159, 16,
       169, 9, 166, 242, 36, 148, 136, 123, 234, 66, 110, 43, 90, 63,
       161, 150, 21, 59, 80, 58, 143, 14, 125, 79, 15, 103, 164, 14, 71,
       184, 96, 232, 175, 76, 211, 97, 153, 51, 20, 198, 108, 110, 249,
       225, 249, 44, 224, 233, 101, 20, 106, 243, 210, 33, 125, 207, 77,
       103, 180, 46, 71, 184, 112, 234, 191, 76, 83, 97, 153, 51, 17,
       198, 108, 46, 185, 160, 237, 46, 232, 175, 37, 148, 232, 243, 210,
       33, 40, 164, 152, 123, 217, 125, 16, 142, 31, 53, 44, 25, 174, 57,
       74, 152, 129, 27, 235, 0, 18, 104, 219, 51, 239, 215, 20, 127, 82,
       88, 206, 10, 77, 116, 157, 103, 161, 110, 55, 136, 120, 234, 47,
       24, 222, 49, 73, 58, 145, 84, 104, 42, 97, 244, 249, 66, 197, 255,
       69, 6, 202, 115, 71, 35, 84, 164, 156, 50, 138, 233, 21, 207, 186,
       55, 164, 57, 7, 183, 74, 26, 163, 211, 237, 16, 58, 73, 138, 51,
       219, 199, 117, 127, 224, 64, 135, 74, 105, 189, 185, 115, 217,
       253, 85, 151, 251, 119, 44, 28, 190, 52, 70, 190, 129, 94, 248,
       24, 183, 104, 250, 51, 111, 223, 21, 127, 202, 84, 207, 126, 69,
       245, 157, 83, 172, 111, 167, 152, 122, 251, 47, 88, 214, 113, 217,
       42, 17, 70, 120, 122, 241, 112, 249, 34, 109, 143, 101, 116, 200,
       123, 209, 33, 248, 168, 252, 114, 138, 233, 81, 215, 162, 183,
       164, 57, 55, 151, 64, 27, 35, 246, 237, 24, 26, 79, 138, 32, 217,
       193, 117, 121, 226, 192, 134, 106, 61, 113, 17, 97, 49, 95, 82,
       24, 97, 232, 173, 8, 219, 17, 5, 180, 152, 156, 68, 122, 73, 178,
       241, 28, 163, 221, 1, 22, 74, 35, 74, 38, 252, 184, 220, 114, 168,
       173, 80, 222, 178, 191, 164, 29, 55, 243, 66, 27, 129, 226, 109,
       16, 58, 111, 218, 49, 219, 203, 117, 121, 232, 192, 202, 27, 237,
       112, 189, 103, 173, 79, 71, 152, 91, 250, 165, 24, 214, 117, 73,
       59, 145, 84, 124, 106, 105, 100, 251, 42, 231, 219, 69, 54, 66,
       123, 86, 34, 129, 188, 31, 115, 176, 174, 37, 183, 126, 27, 102,
       84, 245, 243, 128, 123, 33, 110, 106, 8, 179, 220, 187, 55, 237,
       171, 119, 64, 200, 96, 195, 169, 77, 117, 17, 71, 49, 78, 102,
       184, 121, 168, 107, 72, 222, 113, 9, 180, 144, 92, 88, 106, 193,
       240, 217, 46, 165, 252, 5, 6, 74, 51, 75, 32, 37, 113, 17, 71,
       117, 95, 102, 184, 105, 224, 43, 72, 214, 113, 77, 182, 144, 84,
       80, 106, 65, 240, 249, 12, 37, 156, 5, 52, 74, 59, 66, 32, 221,
       42, 150, 180, 168, 60, 72, 130, 251, 187, 162, 121, 207, 226, 203,
       219, 131, 199, 236, 21, 190, 69, 203, 0, 154, 243, 119, 125, 136,
       245, 139, 1, 44, 161, 57, 105, 217, 79, 67, 136, 98, 52, 45, 8,
       210, 85, 73, 48, 145, 92, 64, 122, 11, 112, 249, 17, 111, 157, 5,
       117, 210, 59, 70, 226, 21, 93, 27, 103, 176, 14, 111, 188, 116,
       200, 126, 100, 247, 115, 137, 112, 54, 126, 60, 110, 225, 144, 57,
       46, 236, 175, 39, 128, 104, 243, 1, 49, 228, 180, 157, 250, 232,
       237, 1, 143, 206, 59, 160, 24, 182, 243, 72, 123, 129, 82, 106,
       24, 51, 111, 219, 51, 221, 146, 117, 124, 216, 72, 135, 162, 188,
       172, 155, 127, 148, 230, 71, 222, 118, 11, 226, 16, 115, 243, 41,
       121, 217, 126, 8, 24, 59, 254, 89, 63, 233, 239, 53, 64, 224, 208,
       228, 42, 93, 133, 93, 103, 146, 106, 71, 185, 100, 160, 235, 8,
       215, 115, 9, 115, 50, 214, 108, 106, 121, 177, 121, 44, 241, 235,
       37, 20, 97, 243, 192, 32, 216, 14, 159, 116, 168, 44, 85, 55, 160,
       154, 178, 120, 255, 119, 1, 91, 135, 247, 109, 2, 120, 71, 195,
       32, 211, 235, 117, 152, 226, 240, 130, 43, 85, 85, 61, 102, 168,
       78, 71, 188, 32, 168, 191, 72, 247, 119, 137, 115, 20, 212, 124,
       106, 201, 129, 249, 44, 241, 233, 101, 148, 96, 243, 198, 49, 236,
       112, 189, 99, 45, 109, 83, 152, 123, 255, 165, 24, 215, 93, 73,
       59, 145, 212, 124, 122, 43, 101, 251, 50, 207, 219, 101, 60, 194,
       251, 70, 115, 216, 140, 95, 180, 136, 106, 76, 175, 180, 182, 162,
