%YAML:1.0
---
descriptors: !!opencv-matrix
   rows: 301
   cols: 32
   dt: u
   data: [ 44, 225, 57, 120, 29, 205, 87, 232, 87, 20, 172, 8, 246, 213,
       9, 48, 216, 184, 64, 106, 74, 34, 122, 31, 227, 221, 1, 61, 82,
       59, 70, 162, 108, 52, 189, 97, 201, 111, 81, 9, 123, 191, 37, 24,
       214, 119, 72, 59, 145, 28, 104, 48, 50, 112, 249, 2, 207, 211, 81,
       119, 194, 99, 198, 98, 86, 101, 18, 156, 25, 193, 6, 104, 191,
       160, 136, 9, 4, 226, 37, 20, 248, 233, 74, 227, 66, 3, 154, 93,
       177, 20, 139, 63, 16, 51, 43, 6, 5, 255, 223, 159, 240, 14, 47,
       191, 126, 234, 90, 228, 245, 115, 152, 97, 55, 111, 62, 238, 241,
       216, 141, 127, 44, 174, 111, 132, 12, 242, 129, 177, 93, 223, 89,
       239, 176, 14, 79, 188, 116, 234, 255, 100, 215, 119, 137, 112, 54,
       214, 28, 106, 233, 176, 121, 46, 225, 239, 37, 148, 32, 243, 196,
       113, 252, 188, 253, 118, 136, 110, 85, 191, 178, 190, 164, 24, 83,
       119, 73, 27, 5, 246, 108, 58, 56, 111, 251, 42, 249, 203, 117, 60,
       224, 240, 198, 99, 81, 133, 93, 101, 180, 14, 71, 189, 100, 160,
       170, 72, 215, 51, 0, 112, 50, 214, 108, 106, 105, 176, 121, 14,
       233, 239, 37, 20, 96, 242, 192, 32, 157, 223, 123, 239, 180, 111,
       79, 190, 52, 234, 254, 100, 247, 119, 137, 112, 119, 238, 29, 238,
       233, 144, 121, 63, 232, 239, 167, 132, 44, 243, 224, 113, 208, 82,
       189, 116, 40, 110, 85, 50, 160, 186, 182, 56, 87, 55, 1, 123, 135,
       244, 109, 42, 104, 103, 195, 8, 209, 235, 117, 144, 96, 240, 6,
       35, 255, 237, 214, 191, 253, 187, 254, 238, 191, 178, 251, 26,
       239, 251, 61, 199, 255, 255, 255, 243, 104, 239, 203, 254, 190,
       254, 207, 158, 151, 127, 227, 129, 234, 253, 181, 252, 221, 237,
       85, 167, 223, 31, 168, 25, 174, 189, 100, 80, 201, 59, 251, 0,
       106, 107, 242, 183, 167, 223, 84, 59, 210, 92, 214, 234, 220, 245,
       252, 247, 173, 46, 95, 184, 187, 186, 191, 92, 223, 255, 73, 27,
       215, 215, 125, 106, 248, 71, 219, 182, 235, 251, 103, 158, 194,
       243, 198, 35, 244, 37, 189, 101, 143, 79, 71, 168, 64, 162, 168,
       8, 83, 117, 73, 51, 24, 212, 104, 98, 105, 103, 249, 10, 249, 138,
       69, 55, 97, 122, 70, 34, 205, 112, 157, 101, 8, 78, 87, 24, 96,
       250, 167, 8, 214, 81, 73, 59, 144, 84, 108, 106, 105, 100, 249, 8,
       197, 187, 101, 20, 200, 115, 66, 35, 197, 85, 29, 103, 160, 14,
       103, 184, 96, 232, 43, 76, 215, 113, 137, 51, 16, 68, 124, 110,
       201, 240, 249, 40, 225, 169, 101, 20, 72, 243, 194, 33, 222, 184,
       159, 254, 203, 100, 21, 138, 179, 31, 165, 56, 28, 247, 105, 91,
       193, 246, 233, 146, 59, 71, 186, 34, 219, 227, 213, 63, 178, 113,
       166, 114, 129, 113, 19, 77, 81, 30, 230, 53, 104, 64, 98, 76, 250,
       16, 20, 180, 144, 108, 64, 110, 229, 176, 149, 79, 36, 184, 4, 2,
       73, 50, 195, 141, 92, 181, 187, 114, 155, 232, 17, 207, 179, 149,
       173, 24, 26, 247, 76, 58, 161, 155, 192, 144, 26, 75, 186, 114,
       219, 197, 21, 111, 225, 64, 167, 226, 149, 112, 189, 247, 172, 15,
       127, 152, 174, 250, 183, 48, 223, 127, 217, 43, 255, 213, 125,
       255, 233, 229, 107, 96, 200, 235, 111, 148, 228, 243, 33, 113,
       248, 184, 189, 248, 169, 237, 89, 223, 187, 95, 180, 24, 191, 247,
       66, 59, 133, 179, 253, 24, 59, 111, 242, 51, 219, 219, 116, 249,
       226, 192, 135, 123, 248, 188, 181, 250, 173, 253, 213, 223, 255,
       123, 180, 25, 190, 253, 68, 187, 201, 243, 255, 17, 187, 111, 250,
       179, 219, 219, 87, 123, 210, 92, 198, 122, 230, 188, 214, 191,
       237, 175, 252, 207, 191, 187, 248, 50, 236, 250, 125, 91, 239,
       239, 127, 147, 50, 255, 203, 243, 191, 254, 223, 226, 149, 120,
       243, 139, 230, 188, 212, 255, 236, 165, 252, 239, 191, 187, 242,
       50, 233, 254, 84, 75, 239, 255, 255, 129, 58, 111, 203, 243, 190,
       250, 223, 190, 197, 112, 231, 155, 226, 172, 246, 223, 252, 171,
       252, 255, 191, 51, 250, 146, 237, 239, 116, 91, 239, 239, 127,
       145, 178, 255, 203, 247, 190, 254, 223, 240, 151, 216, 243, 136,
       204, 84, 189, 231, 32, 110, 119, 152, 57, 234, 247, 120, 215, 119,
       137, 123, 151, 212, 125, 106, 233, 212, 249, 42, 199, 251, 97,
       148, 40, 243, 70, 51, 220, 93, 61, 231, 52, 15, 95, 184, 52, 232,
       247, 104, 247, 87, 137, 113, 118, 212, 93, 106, 233, 180, 121, 63,
       247, 233, 103, 148, 32, 179, 129, 49, 60, 65, 18, 238, 93, 71, 86,
       232, 133, 132, 225, 9, 66, 217, 41, 208, 216, 216, 194, 98, 76,
       35, 26, 156, 243, 245, 1, 31, 83, 63, 110, 130, 232, 253, 189,
       122, 153, 221, 151, 238, 223, 95, 172, 25, 190, 253, 103, 51, 137,
       122, 249, 66, 122, 111, 250, 51, 235, 215, 85, 59, 210, 93, 214,
       251, 133, 172, 221, 187, 132, 171, 109, 159, 118, 51, 66, 210,
       181, 227, 224, 73, 115, 106, 34, 156, 51, 220, 79, 51, 204, 130,
       119, 64, 184, 208, 161, 168, 17, 142, 75, 111, 180, 138, 111, 191,
       100, 129, 106, 192, 243, 99, 144, 112, 19, 230, 12, 60, 121, 184,
       77, 63, 232, 174, 37, 64, 44, 210, 192, 40, 197, 102, 133, 163,
       172, 46, 78, 152, 122, 250, 11, 92, 214, 96, 217, 171, 145, 68,
       124, 127, 189, 84, 221, 34, 172, 30, 109, 116, 136, 123, 211, 4,
       248, 186, 254, 120, 138, 233, 81, 215, 178, 23, 164, 57, 55, 167,
       64, 27, 35, 178, 237, 16, 58, 79, 162, 49, 217, 195, 116, 121,
       224, 192, 166, 107, 68, 189, 189, 245, 169, 236, 21, 183, 186,
       191, 46, 25, 252, 55, 72, 91, 133, 87, 109, 16, 115, 72, 251, 99,
       237, 183, 85, 127, 128, 112, 135, 123, 101, 113, 17, 69, 81, 95,
       118, 24, 105, 224, 43, 12, 222, 16, 77, 52, 144, 92, 64, 106, 69,
       240, 209, 8, 39, 156, 5, 38, 74, 51, 75, 151, 248, 174, 254, 122,
       136, 169, 81, 223, 243, 23, 180, 56, 55, 245, 96, 27, 43, 178,
       237, 16, 58, 111, 138, 51, 219, 195, 116, 121, 241, 200, 198, 43,
       69, 71, 95, 101, 52, 10, 110, 184, 116, 168, 122, 68, 211, 33,
       153, 112, 18, 68, 108, 110, 233, 176, 77, 46, 164, 174, 32, 0,
       104, 179, 66, 32, 248, 172, 156, 58, 137, 169, 20, 143, 187, 55,
       164, 25, 46, 187, 74, 27, 129, 19, 233, 16, 58, 79, 202, 51, 219,
       211, 84, 127, 208, 64, 142, 10, 108, 245, 177, 99, 157, 95, 87,
       168, 95, 176, 45, 8, 214, 125, 73, 176, 145, 92, 104, 114, 83,
       112, 251, 21, 239, 221, 5, 119, 210, 123, 214, 34, 248, 190, 220,
       114, 168, 173, 84, 223, 179, 191, 164, 29, 55, 227, 66, 27, 9,
       242, 237, 24, 58, 111, 218, 51, 219, 195, 117, 121, 224, 209, 206,
       10, 205, 117, 145, 103, 177, 110, 119, 184, 121, 234, 111, 8, 222,
       115, 73, 50, 145, 92, 104, 106, 97, 240, 249, 10, 237, 255, 69, 6,
       74, 115, 67, 50, 237, 112, 149, 103, 41, 126, 103, 152, 105, 250,
       39, 72, 214, 81, 73, 59, 145, 84, 108, 106, 73, 116, 249, 2, 199,
       251, 69, 52, 74, 115, 66, 48, 237, 113, 157, 103, 100, 30, 71,
       184, 121, 250, 167, 76, 211, 113, 217, 59, 16, 68, 108, 110, 233,
       116, 249, 40, 231, 251, 101, 20, 74, 179, 66, 33, 141, 223, 31,
       103, 176, 14, 111, 188, 124, 234, 94, 100, 245, 115, 145, 113, 55,
       110, 62, 110, 225, 208, 125, 110, 236, 175, 103, 128, 8, 243, 129,
       177, 253, 198, 77, 103, 180, 42, 79, 184, 116, 234, 255, 236, 211,
       97, 153, 112, 27, 196, 108, 110, 249, 212, 109, 46, 236, 239, 165,
       212, 109, 243, 210, 49, 125, 87, 125, 103, 180, 14, 71, 184, 97,
       234, 191, 76, 211, 113, 153, 114, 20, 196, 92, 110, 233, 176, 125,
       46, 230, 239, 37, 148, 104, 243, 82, 113, 253, 93, 125, 103, 180,
       78, 79, 184, 97, 234, 255, 68, 83, 119, 153, 114, 22, 212, 92,
       106, 233, 176, 249, 46, 227, 239, 37, 148, 106, 243, 66, 113, 253,
       113, 253, 103, 172, 78, 87, 152, 97, 250, 183, 8, 215, 87, 73, 59,
       148, 212, 124, 122, 201, 230, 249, 32, 231, 217, 101, 52, 96, 243,
       70, 115, 237, 112, 189, 99, 44, 111, 83, 152, 123, 250, 165, 24,
       219, 93, 73, 59, 157, 212, 125, 122, 171, 100, 249, 2, 207, 219,
