%YAML:1.0
---
descriptors: !!opencv-matrix
   rows: 382
   cols: 32
   dt: u
   data: [ 85, 93, 89, 103, 48, 14, 111, 184, 112, 234, 127, 100, 211,
       115, 153, 112, 22, 68, 124, 110, 233, 176, 125, 46, 232, 175, 37,
       132, 104, 243, 66, 49, 93, 93, 125, 111, 180, 46, 79, 188, 116,
       234, 126, 100, 247, 119, 137, 112, 86, 214, 28, 106, 233, 144,
       121, 46, 227, 239, 37, 132, 40, 243, 192, 41, 93, 93, 127, 103,
       176, 78, 79, 184, 96, 234, 190, 100, 83, 119, 137, 112, 54, 212,
       124, 106, 233, 144, 121, 46, 227, 239, 37, 132, 104, 243, 194, 49,
       192, 52, 189, 117, 136, 109, 69, 151, 240, 183, 162, 24, 215, 55,
       72, 59, 129, 86, 104, 8, 57, 101, 243, 2, 193, 219, 85, 52, 192,
       112, 198, 34, 52, 77, 2, 134, 221, 75, 166, 232, 20, 164, 235, 10,
       102, 224, 41, 208, 248, 236, 106, 227, 76, 163, 25, 110, 185, 38,
       135, 31, 65, 59, 126, 134, 236, 176, 188, 115, 237, 125, 81, 153,
       251, 123, 165, 24, 222, 125, 72, 59, 153, 18, 249, 48, 59, 100,
       251, 144, 207, 219, 81, 127, 210, 73, 198, 50, 232, 180, 188, 250,
       141, 253, 84, 15, 223, 123, 165, 24, 190, 189, 76, 59, 201, 19,
       249, 16, 59, 110, 242, 147, 207, 219, 80, 123, 210, 72, 198, 10,
       120, 169, 95, 114, 136, 201, 85, 247, 179, 21, 164, 25, 55, 247,
       66, 19, 9, 178, 93, 16, 90, 75, 226, 49, 219, 195, 116, 121, 224,
       192, 134, 234, 80, 184, 189, 240, 138, 233, 81, 23, 167, 119, 130,
       56, 151, 183, 64, 91, 3, 179, 109, 16, 26, 77, 147, 49, 217, 195,
       117, 89, 160, 64, 132, 115, 216, 24, 159, 244, 168, 110, 69, 54,
       180, 251, 162, 24, 215, 55, 1, 123, 33, 215, 124, 8, 41, 77, 179,
       0, 217, 235, 117, 16, 168, 240, 5, 107, 129, 174, 159, 187, 236,
       169, 109, 167, 238, 19, 66, 208, 181, 227, 240, 75, 99, 106, 42,
       8, 51, 220, 143, 51, 204, 130, 119, 72, 188, 200, 161, 136, 109,
       101, 248, 103, 52, 30, 118, 184, 121, 232, 127, 41, 223, 57, 157,
       48, 150, 68, 125, 110, 196, 240, 205, 14, 239, 255, 37, 7, 66,
       183, 82, 3, 96, 176, 184, 99, 169, 105, 17, 143, 26, 63, 33, 56,
       134, 22, 72, 58, 131, 27, 238, 16, 18, 108, 235, 19, 141, 150, 49,
       127, 208, 72, 135, 43, 132, 87, 157, 119, 164, 14, 103, 188, 60,
       250, 51, 80, 214, 119, 9, 123, 149, 86, 108, 110, 241, 244, 121,
       46, 165, 187, 103, 4, 72, 241, 131, 49, 5, 121, 19, 69, 81, 94,
       227, 48, 104, 232, 106, 72, 210, 16, 133, 180, 16, 124, 64, 106,
       65, 176, 241, 76, 37, 184, 1, 0, 75, 179, 67, 180, 197, 112, 157,
       101, 1, 78, 101, 32, 120, 234, 35, 24, 214, 49, 73, 59, 144, 84,
       104, 42, 97, 244, 241, 8, 197, 186, 65, 6, 72, 48, 67, 50, 100,
       229, 156, 122, 201, 73, 87, 141, 179, 147, 173, 24, 86, 247, 74,
       26, 153, 210, 113, 90, 122, 67, 250, 51, 235, 223, 85, 125, 192,
       83, 206, 98, 172, 245, 57, 103, 181, 79, 71, 188, 113, 236, 232,
       8, 246, 117, 9, 48, 216, 208, 93, 106, 105, 178, 249, 47, 229,
       223, 5, 52, 64, 115, 214, 114, 69, 253, 157, 119, 153, 207, 23,
       168, 250, 250, 43, 40, 246, 113, 73, 51, 145, 118, 104, 114, 97,
       224, 251, 63, 109, 190, 69, 86, 200, 115, 195, 51, 69, 55, 149,
       99, 160, 46, 110, 152, 122, 187, 43, 84, 222, 114, 201, 254, 151,
       69, 108, 126, 145, 80, 217, 66, 141, 190, 103, 70, 136, 115, 131,
       5, 120, 184, 253, 112, 137, 253, 81, 215, 227, 247, 164, 24, 19,
       181, 66, 59, 137, 246, 236, 24, 27, 111, 242, 49, 219, 203, 117,
       121, 226, 192, 198, 122, 240, 184, 255, 112, 168, 237, 81, 87,
       162, 63, 164, 24, 51, 183, 66, 27, 39, 182, 109, 8, 58, 111, 178,
       33, 209, 203, 112, 120, 224, 192, 198, 123, 244, 68, 124, 116,
       168, 106, 93, 40, 160, 178, 166, 56, 87, 55, 1, 91, 135, 213, 108,
       106, 104, 103, 195, 12, 241, 235, 101, 20, 96, 241, 70, 33, 85,
       197, 93, 103, 186, 46, 71, 185, 228, 160, 171, 8, 215, 115, 9,
       115, 50, 215, 124, 106, 89, 161, 121, 44, 249, 235, 101, 84, 96,
       163, 192, 32, 249, 186, 188, 48, 232, 253, 81, 223, 179, 127, 180,
       253, 62, 255, 66, 27, 135, 147, 253, 20, 191, 79, 250, 49, 219,
       219, 117, 251, 226, 196, 142, 91, 20, 229, 185, 103, 148, 79, 71,
       184, 118, 160, 175, 0, 83, 113, 9, 112, 49, 220, 8, 122, 104, 176,
       57, 62, 233, 143, 5, 20, 112, 251, 64, 34, 100, 37, 59, 126, 217,
       198, 231, 224, 248, 136, 235, 8, 80, 247, 45, 50, 248, 253, 123,
       227, 73, 227, 186, 110, 121, 190, 143, 10, 65, 115, 102, 34, 109,
       120, 209, 94, 73, 92, 71, 152, 227, 250, 36, 72, 122, 215, 205,
       190, 21, 252, 112, 74, 195, 102, 250, 104, 53, 56, 69, 58, 75,
       243, 66, 181, 120, 172, 252, 114, 138, 232, 93, 206, 163, 183,
       172, 185, 39, 231, 64, 27, 1, 242, 109, 144, 58, 75, 234, 51, 219,
       195, 117, 57, 160, 208, 134, 106, 193, 184, 156, 83, 137, 244, 53,
       151, 171, 243, 38, 24, 190, 55, 68, 123, 129, 87, 248, 144, 23,
       76, 187, 97, 207, 251, 86, 119, 138, 81, 139, 26, 77, 117, 158,
       101, 49, 14, 119, 184, 105, 232, 47, 12, 223, 83, 9, 50, 178, 100,
       108, 106, 65, 240, 217, 14, 239, 255, 5, 22, 74, 51, 75, 35, 248,
       188, 188, 114, 136, 173, 81, 223, 178, 191, 164, 25, 55, 227, 66,
       27, 5, 214, 109, 16, 58, 79, 218, 35, 219, 195, 117, 121, 224,
       192, 134, 59, 205, 116, 159, 103, 161, 110, 119, 0, 121, 234, 39,
       24, 222, 49, 9, 59, 146, 84, 104, 106, 97, 244, 185, 42, 231, 251,
       69, 2, 74, 115, 195, 35, 50, 77, 18, 174, 25, 71, 22, 232, 159,
       132, 232, 9, 70, 240, 37, 212, 216, 237, 226, 98, 76, 163, 18,
       190, 177, 244, 4, 27, 80, 58, 110, 142, 129, 174, 151, 155, 236,
       169, 236, 207, 254, 51, 32, 208, 149, 226, 248, 75, 99, 66, 106,
       156, 51, 77, 143, 115, 140, 130, 119, 108, 156, 208, 225, 168,
       129, 174, 159, 155, 236, 169, 233, 199, 254, 19, 66, 208, 181,
       227, 240, 74, 99, 98, 106, 28, 51, 92, 142, 115, 140, 130, 119,
       104, 152, 192, 129, 168, 52, 69, 18, 142, 89, 71, 6, 232, 21, 160,
       233, 11, 70, 240, 45, 144, 248, 205, 74, 98, 76, 163, 73, 110,
       177, 166, 7, 31, 81, 59, 46, 134, 129, 142, 207, 123, 164, 170,
       101, 159, 118, 19, 98, 244, 243, 97, 144, 121, 19, 78, 44, 28, 59,
       252, 77, 63, 204, 175, 117, 64, 236, 208, 192, 40, 205, 112, 253,
       101, 32, 110, 123, 24, 104, 226, 39, 8, 219, 55, 73, 59, 22, 84,
       120, 122, 129, 244, 249, 8, 199, 217, 69, 52, 200, 243, 70, 114,
       56, 32, 120, 104, 89, 205, 209, 91, 195, 36, 180, 8, 19, 145, 6,
       24, 8, 184, 196, 8, 10, 34, 250, 17, 211, 201, 1, 57, 115, 136,
       70, 162, 228, 118, 189, 115, 168, 111, 69, 152, 178, 191, 161, 24,
       215, 119, 73, 59, 129, 212, 108, 58, 56, 101, 251, 2, 201, 139,
       117, 116, 192, 113, 198, 97, 205, 112, 148, 103, 33, 30, 118, 152,
       121, 186, 39, 92, 222, 113, 77, 191, 150, 68, 108, 106, 229, 244,
       217, 74, 135, 251, 101, 6, 202, 115, 75, 7, 131, 172, 165, 251,
       232, 173, 36, 207, 247, 19, 226, 243, 177, 243, 224, 107, 109,
       242, 123, 148, 50, 95, 203, 115, 28, 10, 215, 42, 176, 216, 177,
       138, 193, 117, 149, 101, 33, 14, 103, 56, 104, 202, 99, 76, 214,
       49, 8, 115, 146, 68, 124, 106, 225, 240, 217, 8, 229, 250, 69, 6,
       72, 114, 67, 35, 5, 95, 31, 103, 48, 14, 47, 184, 124, 234, 90,
       100, 245, 115, 137, 112, 54, 108, 62, 110, 225, 144, 29, 110, 228,
       174, 39, 128, 8, 243, 1, 185, 205, 23, 21, 71, 176, 14, 102, 184,
       113, 170, 123, 68, 215, 99, 137, 247, 20, 68, 108, 110, 233, 240,
       73, 14, 164, 186, 101, 20, 74, 243, 66, 33, 69, 113, 49, 71, 85,
       78, 102, 184, 121, 192, 106, 72, 222, 81, 13, 180, 144, 92, 80,
       106, 193, 176, 185, 108, 37, 188, 5, 2, 74, 51, 67, 161, 253, 113,
       253, 103, 172, 78, 71, 184, 97, 234, 183, 76, 215, 117, 153, 51,
       20, 212, 124, 106, 201, 112, 249, 8, 227, 233, 101, 52, 106, 243,
       70, 113, 236, 48, 189, 99, 173, 125, 81, 152, 107, 251, 165, 24,
