%YAML:1.0
---
descriptors: !!opencv-matrix
   rows: 228
   cols: 32
   dt: u
   data: [ 40, 225, 57, 107, 93, 77, 83, 168, 67, 20, 45, 8, 242, 81, 9,
       48, 153, 26, 64, 106, 74, 34, 123, 61, 103, 157, 1, 61, 82, 155,
       70, 170, 197, 162, 149, 19, 168, 44, 108, 155, 251, 187, 179, 124,
       206, 162, 204, 255, 133, 71, 108, 28, 181, 69, 203, 96, 140, 250,
       119, 246, 136, 97, 131, 5, 252, 172, 253, 118, 168, 79, 69, 187,
       178, 182, 164, 24, 83, 119, 72, 27, 1, 214, 109, 42, 120, 111,
       251, 46, 249, 171, 117, 124, 224, 224, 198, 106, 93, 93, 125, 101,
       160, 78, 103, 184, 96, 232, 62, 72, 215, 119, 129, 115, 22, 212,
       124, 106, 201, 176, 249, 12, 231, 233, 101, 20, 106, 243, 66, 49,
       93, 213, 125, 101, 176, 78, 79, 188, 96, 232, 254, 68, 215, 119,
       137, 115, 22, 212, 124, 106, 233, 144, 121, 44, 231, 233, 101,
       148, 98, 242, 192, 49, 224, 172, 157, 254, 204, 237, 65, 143, 158,
       19, 160, 24, 246, 243, 104, 90, 193, 114, 106, 24, 51, 111, 218,
       51, 221, 163, 118, 121, 144, 72, 135, 42, 20, 157, 57, 239, 180,
       110, 95, 190, 52, 232, 255, 100, 215, 119, 137, 80, 55, 94, 29,
       110, 233, 144, 105, 63, 233, 237, 39, 148, 168, 243, 129, 113,
       236, 48, 189, 97, 173, 125, 81, 152, 75, 255, 165, 24, 222, 93,
       73, 59, 145, 144, 253, 58, 59, 102, 251, 16, 79, 219, 65, 127,
       194, 107, 70, 115, 252, 86, 156, 116, 168, 44, 85, 191, 168, 186,
       182, 56, 87, 55, 73, 91, 135, 215, 109, 2, 104, 71, 203, 0, 211,
       235, 117, 156, 224, 240, 134, 35, 236, 176, 188, 115, 237, 125,
       81, 153, 123, 127, 165, 24, 222, 125, 72, 59, 145, 18, 252, 58,
       58, 102, 251, 16, 207, 219, 81, 127, 210, 75, 198, 242, 212, 12,
       94, 101, 154, 106, 79, 170, 180, 166, 167, 17, 215, 99, 9, 83, 35,
       213, 109, 234, 104, 197, 25, 46, 249, 227, 101, 21, 32, 241, 102,
       34, 104, 181, 181, 99, 157, 109, 80, 143, 127, 57, 43, 24, 222,
       61, 76, 62, 145, 22, 104, 16, 59, 120, 251, 147, 143, 222, 21,
       119, 210, 72, 198, 34, 69, 49, 21, 103, 17, 15, 98, 56, 104, 160,
       107, 76, 214, 17, 9, 48, 144, 68, 104, 106, 193, 176, 145, 12,
       165, 184, 1, 6, 72, 35, 67, 32, 92, 16, 188, 247, 172, 108, 121,
       152, 191, 186, 183, 56, 223, 247, 73, 91, 231, 213, 125, 122, 168,
       69, 251, 32, 203, 251, 119, 188, 160, 241, 7, 51, 232, 172, 188,
       248, 173, 173, 93, 215, 255, 187, 180, 24, 190, 249, 84, 27, 201,
       230, 127, 24, 186, 111, 250, 179, 219, 219, 87, 122, 210, 72, 214,
       43, 232, 188, 188, 248, 173, 253, 81, 215, 251, 127, 180, 24, 191,
       251, 66, 59, 205, 179, 253, 24, 186, 111, 242, 147, 219, 251, 84,
       122, 210, 200, 194, 43, 241, 207, 201, 119, 180, 42, 103, 182,
       118, 162, 106, 240, 243, 97, 145, 112, 19, 238, 36, 46, 249, 252,
       77, 46, 236, 174, 229, 0, 109, 240, 208, 40, 69, 117, 157, 103,
       161, 110, 103, 184, 120, 234, 107, 12, 214, 113, 9, 59, 145, 68,
       104, 106, 225, 240, 249, 40, 229, 187, 69, 6, 200, 115, 195, 35,
       105, 189, 184, 83, 221, 253, 215, 159, 123, 117, 44, 28, 190, 56,
       78, 180, 129, 74, 208, 24, 151, 104, 251, 183, 111, 223, 21, 127,
       202, 84, 202, 254, 109, 244, 189, 99, 172, 111, 231, 152, 82, 243,
       47, 24, 211, 113, 89, 42, 17, 70, 120, 122, 179, 112, 249, 50,
       237, 143, 101, 116, 200, 251, 208, 32, 208, 168, 159, 116, 138,
       224, 81, 7, 162, 151, 164, 24, 55, 151, 64, 91, 131, 247, 109, 16,
       58, 79, 162, 33, 219, 225, 116, 121, 160, 0, 166, 106, 248, 170,
       254, 122, 138, 233, 81, 71, 178, 23, 164, 185, 55, 199, 64, 27,
       33, 179, 237, 144, 58, 79, 162, 49, 219, 195, 112, 121, 176, 192,
       166, 106, 248, 158, 252, 122, 174, 237, 81, 151, 211, 31, 180, 56,
       51, 185, 66, 59, 1, 178, 236, 24, 58, 111, 226, 51, 219, 203, 116,
       121, 243, 200, 196, 43, 248, 186, 220, 114, 168, 173, 85, 223,
       178, 191, 164, 29, 55, 227, 66, 27, 9, 242, 109, 24, 42, 111, 218,
       49, 219, 203, 117, 57, 224, 208, 206, 11, 237, 113, 253, 103, 36,
       94, 71, 56, 97, 234, 183, 72, 211, 21, 193, 59, 148, 244, 124,
       106, 201, 244, 249, 8, 231, 249, 101, 52, 106, 243, 70, 113, 64,
       188, 157, 250, 200, 237, 33, 143, 190, 27, 32, 88, 182, 243, 72,
       123, 129, 18, 106, 16, 51, 105, 218, 49, 221, 167, 117, 120, 216,
       72, 131, 170, 237, 112, 189, 97, 45, 111, 83, 152, 75, 251, 181,
       24, 210, 29, 77, 59, 145, 212, 124, 122, 171, 102, 249, 16, 207,
       219, 101, 116, 192, 251, 70, 115, 21, 188, 185, 239, 180, 47, 111,
       188, 54, 234, 223, 112, 247, 119, 136, 112, 119, 126, 29, 46, 249,
       148, 105, 63, 233, 239, 39, 132, 160, 243, 129, 33, 93, 157, 61,
       231, 176, 46, 79, 189, 36, 232, 255, 96, 247, 119, 137, 112, 22,
       214, 92, 106, 249, 144, 121, 46, 233, 239, 37, 148, 32, 242, 128,
       57, 149, 156, 155, 191, 180, 46, 111, 188, 54, 234, 211, 112, 247,
       231, 201, 96, 87, 127, 61, 138, 187, 220, 233, 63, 236, 175, 63,
       132, 164, 243, 129, 41, 198, 236, 254, 247, 238, 169, 255, 254,
       191, 179, 250, 26, 247, 235, 92, 75, 239, 247, 127, 155, 186, 127,
       203, 243, 254, 187, 127, 252, 133, 249, 227, 169, 108, 181, 17,
       99, 189, 111, 80, 153, 127, 57, 41, 88, 222, 121, 72, 184, 145,
       22, 108, 48, 27, 112, 217, 150, 143, 223, 21, 118, 210, 74, 194,
       2, 40, 180, 188, 123, 173, 253, 81, 29, 127, 127, 173, 24, 222,
       125, 74, 58, 153, 18, 236, 16, 59, 110, 251, 147, 207, 223, 17,
       127, 210, 74, 198, 114, 69, 103, 152, 39, 176, 10, 110, 152, 120,
       170, 107, 68, 215, 98, 201, 210, 178, 69, 108, 126, 213, 240, 137,
       74, 172, 252, 103, 4, 136, 243, 75, 4, 244, 52, 189, 100, 141, 79,
       87, 40, 66, 182, 164, 8, 82, 53, 65, 51, 153, 212, 104, 98, 105,
       99, 249, 8, 219, 203, 69, 55, 97, 122, 70, 34, 69, 241, 149, 71,
       181, 14, 103, 184, 106, 248, 43, 76, 214, 112, 89, 54, 147, 68,
       104, 126, 195, 112, 249, 53, 173, 190, 37, 100, 200, 51, 67, 33,
       101, 99, 0, 71, 52, 15, 98, 56, 108, 168, 115, 76, 215, 1, 153,
       180, 144, 76, 76, 110, 192, 176, 73, 12, 164, 188, 33, 4, 72, 179,
       66, 1, 166, 229, 242, 239, 252, 11, 254, 232, 127, 162, 251, 2,
       202, 250, 29, 81, 255, 221, 127, 227, 232, 243, 201, 238, 190,
       254, 207, 182, 213, 127, 243, 129, 92, 97, 124, 167, 188, 11, 126,
       184, 44, 160, 255, 130, 223, 111, 25, 67, 254, 221, 127, 227, 200,
       243, 73, 236, 246, 235, 175, 149, 36, 187, 41, 145, 92, 81, 28,
       231, 44, 14, 127, 184, 172, 184, 159, 33, 223, 127, 27, 91, 246,
       213, 125, 107, 72, 193, 203, 12, 230, 251, 239, 149, 36, 179, 9,
       19, 88, 176, 188, 240, 45, 92, 89, 24, 171, 185, 183, 40, 159,
       223, 74, 123, 134, 149, 253, 88, 154, 67, 243, 16, 219, 219, 115,
       252, 194, 128, 71, 51, 232, 188, 180, 248, 173, 237, 81, 159, 255,
       187, 180, 24, 191, 187, 68, 31, 201, 178, 127, 24, 186, 111, 210,
       147, 223, 255, 85, 122, 210, 72, 194, 43, 229, 67, 213, 71, 36,
       14, 103, 184, 120, 170, 115, 76, 211, 97, 153, 55, 50, 68, 108,
       110, 233, 244, 205, 42, 164, 170, 101, 132, 104, 179, 66, 33, 226,
       172, 180, 252, 237, 189, 92, 223, 255, 187, 188, 24, 175, 249, 84,
       127, 205, 247, 127, 25, 186, 111, 243, 243, 159, 219, 215, 122,
       210, 72, 242, 47, 229, 134, 137, 103, 180, 46, 111, 185, 120, 235,
       123, 92, 211, 97, 152, 112, 17, 70, 108, 46, 249, 176, 77, 15,
       236, 191, 37, 196, 200, 226, 210, 33, 237, 103, 133, 103, 52, 14,
       103, 56, 120, 234, 111, 76, 210, 97, 153, 51, 144, 68, 108, 110,
       233, 244, 233, 14, 229, 187, 101, 20, 72, 243, 66, 33, 228, 109,
       189, 119, 136, 111, 71, 191, 112, 182, 47, 24, 211, 117, 9, 59,
       145, 86, 72, 42, 121, 112, 249, 58, 237, 159, 69, 52, 192, 115,
       198, 34, 240, 56, 255, 116, 42, 236, 65, 83, 178, 151, 164, 24,
       23, 247, 64, 27, 39, 182, 109, 8, 58, 79, 178, 1, 209, 203, 113,
