%YAML:1.0
---
descriptors: !!opencv-matrix
   rows: 203
   cols: 32
   dt: u
   data: [ 108, 165, 189, 115, 137, 109, 87, 168, 114, 187, 173, 24, 214,
       119, 72, 58, 153, 82, 105, 122, 26, 98, 251, 51, 239, 223, 69,
       127, 208, 123, 198, 98, 108, 121, 57, 103, 13, 79, 71, 136, 98,
       228, 173, 8, 210, 85, 73, 48, 152, 92, 88, 106, 73, 112, 249, 56,
       229, 217, 5, 52, 64, 59, 86, 114, 120, 180, 253, 114, 155, 233,
       81, 239, 242, 53, 164, 24, 54, 183, 72, 59, 131, 18, 104, 16, 26,
       107, 178, 21, 219, 207, 16, 127, 224, 0, 198, 106, 44, 69, 41, 99,
       85, 79, 67, 40, 69, 228, 239, 8, 211, 85, 25, 48, 216, 220, 90,
       106, 73, 178, 121, 12, 231, 221, 129, 20, 82, 59, 86, 114, 5, 113,
       25, 71, 85, 94, 246, 184, 121, 224, 110, 76, 222, 88, 13, 48, 144,
       92, 80, 106, 225, 176, 89, 78, 39, 190, 5, 6, 72, 51, 75, 180, 37,
       117, 17, 71, 85, 79, 230, 56, 106, 224, 43, 8, 214, 80, 77, 48,
       144, 92, 82, 106, 193, 240, 249, 30, 45, 156, 5, 52, 72, 59, 66,
       166, 249, 170, 158, 50, 232, 189, 88, 214, 163, 123, 180, 185, 63,
       247, 194, 58, 167, 247, 253, 20, 62, 75, 194, 51, 219, 233, 117,
       249, 162, 196, 138, 91, 252, 112, 253, 102, 40, 78, 87, 152, 225,
       250, 167, 8, 83, 87, 73, 59, 0, 212, 124, 106, 201, 103, 249, 8,
       211, 233, 101, 52, 99, 243, 70, 115, 252, 41, 220, 118, 137, 105,
       85, 222, 163, 182, 164, 25, 23, 247, 67, 27, 9, 214, 237, 26, 104,
       71, 218, 32, 219, 195, 117, 61, 227, 241, 198, 34, 237, 157, 85,
       78, 169, 93, 70, 184, 73, 120, 173, 76, 122, 119, 141, 247, 16,
       214, 236, 106, 89, 34, 251, 189, 163, 248, 69, 126, 90, 171, 74,
       53, 228, 180, 25, 250, 140, 237, 65, 143, 207, 57, 168, 24, 182,
       211, 76, 112, 129, 146, 104, 16, 27, 111, 219, 115, 153, 148, 21,
       126, 216, 72, 198, 42, 244, 76, 92, 118, 168, 74, 87, 172, 176,
       178, 166, 24, 87, 119, 1, 91, 135, 213, 108, 106, 104, 69, 203,
       46, 241, 235, 101, 20, 96, 241, 142, 34, 69, 103, 149, 71, 176,
       14, 110, 184, 120, 170, 43, 64, 222, 98, 201, 114, 151, 68, 108,
       126, 241, 208, 201, 106, 172, 190, 103, 4, 136, 243, 3, 33, 69,
       245, 149, 103, 157, 14, 103, 184, 122, 184, 43, 76, 214, 113, 73,
       50, 149, 68, 104, 126, 193, 240, 217, 60, 237, 190, 69, 6, 200,
       115, 67, 35, 116, 105, 59, 102, 81, 70, 231, 200, 32, 160, 235,
       10, 80, 215, 41, 48, 248, 221, 83, 234, 73, 243, 184, 104, 117,
       172, 143, 0, 65, 51, 103, 162, 124, 77, 150, 190, 139, 104, 86,
       136, 147, 130, 233, 9, 110, 227, 41, 219, 193, 119, 232, 66, 108,
       67, 202, 42, 178, 247, 69, 59, 146, 127, 10, 2, 76, 37, 120, 99,
       178, 10, 63, 184, 41, 36, 111, 169, 223, 7, 138, 16, 22, 93, 221,
       110, 80, 208, 233, 76, 231, 221, 37, 132, 98, 163, 7, 113, 124,
       173, 191, 114, 155, 236, 81, 198, 178, 149, 172, 24, 54, 247, 64,
       58, 161, 247, 104, 16, 26, 107, 186, 34, 217, 199, 21, 121, 224,
       65, 166, 106, 212, 184, 159, 118, 136, 236, 81, 146, 230, 243,
       162, 24, 183, 247, 64, 59, 1, 247, 108, 16, 59, 109, 219, 33, 217,
       227, 117, 121, 224, 192, 7, 42, 244, 245, 189, 118, 136, 109, 69,
       159, 226, 183, 164, 24, 83, 247, 73, 59, 1, 214, 108, 26, 120,
       103, 251, 34, 251, 203, 117, 60, 224, 240, 198, 106, 77, 116, 157,
       103, 161, 110, 119, 136, 123, 234, 47, 8, 222, 113, 73, 58, 145,
       92, 104, 106, 65, 244, 185, 2, 229, 223, 69, 54, 202, 115, 195,
       35, 205, 81, 157, 103, 129, 78, 87, 184, 121, 250, 103, 24, 222,
       115, 8, 123, 145, 85, 124, 98, 113, 240, 249, 72, 239, 251, 71,
       22, 200, 115, 131, 51, 69, 245, 157, 99, 181, 111, 71, 136, 122,
       243, 47, 24, 215, 113, 73, 58, 145, 84, 120, 122, 49, 112, 249,
       34, 237, 159, 69, 116, 200, 123, 211, 34, 240, 34, 255, 112, 170,
       232, 81, 83, 162, 151, 164, 184, 19, 167, 64, 27, 39, 180, 109,
       24, 58, 79, 162, 0, 217, 201, 112, 56, 224, 192, 230, 115, 109,
       103, 192, 71, 244, 27, 110, 168, 112, 166, 127, 232, 195, 96, 159,
       148, 25, 204, 68, 110, 236, 240, 205, 46, 46, 62, 37, 20, 102,
       255, 218, 132, 240, 174, 220, 118, 168, 40, 85, 222, 162, 191,
       164, 56, 55, 231, 74, 27, 35, 214, 109, 24, 58, 79, 202, 33, 219,
       227, 117, 125, 224, 209, 198, 43, 208, 157, 157, 124, 136, 100,
       69, 55, 160, 82, 166, 88, 119, 55, 0, 123, 65, 246, 124, 170, 121,
       77, 179, 33, 211, 227, 116, 16, 40, 240, 134, 56, 120, 172, 247,
       118, 171, 248, 81, 223, 163, 23, 172, 56, 46, 247, 64, 158, 39,
       246, 236, 16, 26, 75, 234, 113, 219, 243, 85, 123, 226, 192, 134,
       99, 133, 113, 16, 69, 85, 14, 230, 184, 120, 232, 115, 76, 214,
       80, 29, 48, 148, 76, 86, 106, 229, 176, 217, 14, 39, 184, 37, 4,
       72, 51, 75, 133, 218, 174, 150, 178, 232, 173, 88, 215, 171, 187,
       160, 89, 47, 203, 64, 155, 167, 183, 125, 21, 190, 79, 202, 177,
       219, 219, 93, 248, 162, 196, 138, 9, 252, 52, 149, 118, 233, 44,
       84, 218, 179, 187, 177, 120, 223, 243, 73, 155, 133, 214, 236, 50,
       56, 103, 218, 2, 219, 219, 117, 60, 226, 241, 70, 35, 224, 180,
       25, 90, 248, 173, 69, 143, 250, 59, 168, 24, 182, 242, 72, 48,
       137, 18, 74, 16, 51, 111, 218, 115, 189, 148, 21, 124, 216, 72,
       195, 34, 252, 76, 157, 118, 168, 44, 84, 186, 176, 178, 166, 56,
       223, 115, 1, 91, 135, 245, 108, 106, 104, 103, 203, 42, 211, 235,
       117, 29, 96, 241, 74, 35, 69, 231, 149, 71, 180, 14, 102, 184,
       106, 168, 43, 76, 214, 97, 217, 50, 145, 68, 108, 110, 193, 240,
       217, 106, 172, 190, 37, 4, 200, 243, 67, 33, 200, 172, 159, 254,
       136, 237, 17, 135, 150, 23, 96, 24, 183, 243, 96, 89, 193, 122,
       41, 16, 50, 78, 218, 51, 205, 163, 117, 120, 144, 72, 135, 170,
       100, 97, 27, 108, 93, 198, 231, 224, 224, 136, 232, 8, 212, 211,
       41, 48, 216, 252, 90, 106, 73, 163, 186, 108, 117, 172, 135, 12,
       64, 51, 102, 162, 117, 69, 125, 103, 22, 79, 71, 56, 100, 160,
       235, 8, 83, 113, 8, 112, 48, 212, 72, 106, 105, 176, 121, 30, 229,
       174, 1, 20, 113, 187, 64, 32, 244, 252, 253, 118, 169, 240, 85,
       141, 179, 251, 161, 56, 114, 255, 77, 59, 133, 247, 237, 16, 46,
       71, 170, 51, 219, 251, 117, 59, 160, 112, 198, 115, 69, 113, 25,
       101, 17, 14, 119, 56, 104, 224, 107, 76, 222, 17, 1, 48, 144, 68,
       72, 106, 193, 176, 241, 12, 101, 189, 1, 6, 72, 51, 67, 34, 2,
       223, 151, 190, 185, 141, 20, 167, 191, 77, 200, 101, 174, 246, 34,
       212, 197, 123, 142, 65, 95, 137, 66, 63, 168, 182, 28, 218, 24,
       92, 141, 31, 104, 246, 252, 113, 169, 57, 21, 158, 123, 191, 60,
       185, 174, 61, 207, 26, 135, 82, 237, 16, 34, 100, 235, 147, 206,
       215, 117, 191, 194, 216, 207, 43, 248, 170, 158, 112, 138, 169,
       81, 71, 162, 23, 164, 57, 55, 163, 66, 27, 35, 183, 237, 16, 58,
       79, 130, 1, 219, 195, 116, 121, 224, 192, 134, 42, 101, 97, 104,
       101, 52, 26, 110, 40, 105, 160, 111, 8, 211, 73, 29, 16, 146, 76,
       89, 110, 68, 240, 205, 12, 230, 253, 1, 21, 100, 179, 90, 2, 92,
       101, 120, 103, 179, 90, 127, 168, 49, 160, 111, 136, 223, 23, 137,
       52, 54, 221, 221, 238, 64, 144, 233, 78, 231, 205, 37, 133, 98,
       179, 7, 34, 36, 56, 123, 69, 80, 111, 227, 16, 96, 224, 111, 72,
       115, 21, 133, 48, 24, 124, 64, 106, 1, 176, 113, 12, 71, 136, 33,
       0, 97, 163, 70, 160, 112, 233, 253, 112, 40, 205, 85, 215, 226,
       189, 164, 8, 55, 211, 64, 50, 129, 246, 108, 80, 74, 107, 226, 49,
       219, 193, 117, 121, 224, 128, 198, 42, 244, 253, 189, 118, 136,
       109, 87, 159, 178, 183, 173, 24, 83, 247, 72, 59, 129, 214, 108,
       26, 120, 79, 250, 34, 249, 139, 117, 60, 224, 241, 198, 106, 205,
       116, 153, 103, 225, 110, 119, 184, 121, 234, 111, 24, 222, 113,
       73, 54, 145, 92, 120, 106, 97, 244, 249, 74, 231, 255, 69, 6, 202,
       115, 195, 35, 197, 117, 157, 99, 148, 79, 103, 152, 114, 250, 43,
       8, 215, 113, 73, 58, 145, 84, 124, 122, 105, 240, 249, 42, 237,
