%YAML:1.0
---
descriptors: !!opencv-matrix
   rows: 292
   cols: 32
   dt: u
   data: [ 228, 229, 189, 98, 137, 109, 87, 140, 123, 183, 165, 24, 210,
       119, 73, 59, 145, 86, 104, 122, 59, 98, 251, 50, 239, 219, 69,
       126, 192, 115, 198, 98, 240, 184, 254, 112, 138, 232, 81, 87, 179,
       23, 164, 56, 55, 183, 64, 27, 3, 178, 237, 16, 58, 79, 162, 51,
       219, 195, 116, 121, 224, 192, 134, 42, 209, 84, 157, 101, 40, 78,
       69, 51, 224, 242, 162, 88, 215, 51, 128, 115, 2, 212, 124, 42,
       105, 197, 241, 12, 241, 235, 116, 20, 40, 240, 2, 49, 208, 16,
       157, 244, 40, 108, 65, 18, 164, 27, 162, 24, 215, 55, 0, 123, 3,
       212, 108, 8, 25, 77, 243, 1, 209, 227, 112, 16, 160, 224, 4, 51,
       77, 125, 49, 71, 49, 78, 118, 184, 125, 232, 107, 72, 222, 117,
       13, 180, 144, 92, 80, 106, 193, 176, 121, 110, 37, 190, 5, 6, 74,
       51, 67, 49, 77, 117, 145, 71, 161, 14, 102, 184, 105, 234, 107,
       76, 222, 115, 137, 247, 144, 84, 104, 106, 65, 208, 217, 10, 167,
       190, 69, 6, 74, 243, 194, 49, 36, 113, 49, 71, 93, 79, 71, 136,
       78, 232, 41, 8, 210, 85, 205, 52, 145, 92, 66, 106, 65, 112, 121,
       24, 37, 156, 5, 54, 80, 59, 70, 160, 36, 161, 121, 105, 88, 77,
       83, 152, 66, 52, 45, 8, 82, 81, 13, 52, 24, 24, 64, 106, 74, 34,
       123, 21, 101, 141, 1, 61, 80, 171, 70, 162, 13, 95, 155, 103, 176,
       14, 111, 188, 116, 234, 126, 100, 245, 115, 129, 112, 55, 110, 52,
       110, 225, 208, 61, 46, 228, 175, 103, 128, 8, 243, 1, 57, 245,
       113, 253, 102, 172, 76, 87, 184, 225, 250, 183, 8, 83, 85, 73, 59,
       22, 212, 124, 106, 233, 103, 251, 8, 243, 201, 101, 60, 105, 179,
       70, 115, 157, 213, 57, 239, 176, 79, 79, 189, 52, 234, 255, 96,
       247, 119, 136, 112, 86, 214, 29, 106, 249, 144, 121, 63, 225, 239,
       37, 148, 32, 243, 128, 49, 44, 48, 185, 115, 253, 109, 81, 154,
       90, 255, 189, 24, 222, 223, 73, 58, 153, 88, 253, 24, 27, 102,
       251, 18, 207, 223, 49, 127, 210, 75, 70, 243, 108, 48, 189, 115,
       169, 109, 81, 152, 114, 187, 165, 24, 215, 215, 73, 59, 145, 212,
       124, 58, 58, 103, 251, 2, 207, 207, 113, 125, 194, 225, 70, 51,
       252, 188, 253, 118, 168, 109, 69, 191, 178, 190, 164, 24, 115,
       119, 73, 27, 9, 214, 108, 42, 56, 79, 250, 32, 217, 139, 117, 60,
       224, 240, 198, 106, 120, 181, 188, 250, 173, 205, 85, 47, 207, 29,
       165, 24, 190, 189, 72, 51, 137, 19, 237, 0, 122, 107, 242, 149,
       227, 219, 84, 123, 82, 72, 198, 42, 120, 184, 255, 112, 168, 221,
       81, 215, 226, 255, 164, 24, 59, 215, 66, 58, 129, 182, 236, 16,
       27, 111, 242, 49, 219, 203, 117, 121, 224, 128, 198, 123, 224,
       188, 156, 218, 204, 237, 69, 143, 218, 27, 164, 24, 182, 243, 72,
       123, 129, 82, 106, 24, 51, 111, 218, 51, 221, 166, 117, 124, 216,
       88, 199, 170, 85, 69, 93, 103, 146, 78, 71, 184, 100, 160, 171, 8,
       87, 113, 9, 115, 50, 212, 124, 106, 105, 161, 121, 44, 243, 175,
       101, 20, 96, 243, 64, 32, 21, 69, 217, 103, 20, 79, 71, 184, 118,
       160, 235, 2, 83, 115, 25, 112, 48, 220, 40, 106, 105, 176, 121,
       30, 229, 142, 5, 20, 48, 251, 64, 32, 212, 252, 189, 246, 136,
       252, 85, 150, 179, 251, 166, 24, 247, 247, 65, 123, 129, 247, 252,
       18, 59, 77, 251, 51, 219, 247, 85, 123, 160, 113, 134, 58, 197,
       117, 157, 69, 32, 14, 103, 48, 96, 234, 51, 108, 214, 49, 201, 59,
       144, 68, 124, 106, 225, 244, 241, 8, 228, 186, 101, 4, 72, 243,
       67, 49, 109, 101, 117, 103, 180, 31, 118, 172, 121, 160, 123, 9,
       219, 121, 157, 176, 178, 68, 125, 110, 228, 240, 201, 46, 103,
       255, 5, 20, 70, 247, 210, 2, 9, 120, 19, 77, 82, 94, 167, 52, 104,
       192, 98, 104, 250, 16, 133, 180, 50, 124, 64, 106, 65, 180, 177,
       110, 37, 188, 4, 2, 75, 178, 67, 189, 234, 188, 180, 248, 237,
       253, 88, 87, 223, 59, 180, 24, 186, 189, 84, 123, 205, 179, 255,
       17, 186, 111, 242, 211, 223, 219, 214, 123, 210, 76, 214, 27, 232,
       188, 190, 248, 173, 253, 81, 87, 255, 91, 180, 24, 191, 189, 84,
       123, 205, 179, 255, 16, 186, 111, 242, 147, 219, 219, 80, 123,
       210, 72, 214, 123, 248, 176, 190, 248, 45, 253, 81, 87, 255, 95,
       180, 25, 190, 159, 102, 27, 141, 179, 253, 16, 58, 111, 242, 145,
       219, 219, 80, 123, 210, 76, 199, 123, 129, 142, 207, 127, 132,
       170, 101, 159, 118, 179, 98, 212, 243, 97, 145, 121, 115, 110, 34,
       28, 59, 252, 205, 54, 204, 170, 117, 64, 236, 208, 208, 40, 129,
       142, 207, 27, 128, 171, 101, 159, 118, 19, 98, 208, 243, 224, 128,
       120, 97, 78, 106, 24, 59, 220, 79, 51, 12, 166, 119, 68, 248, 208,
       240, 168, 205, 112, 149, 101, 33, 14, 117, 24, 105, 250, 38, 76,
       223, 49, 65, 191, 130, 68, 124, 106, 225, 244, 241, 8, 199, 251,
       101, 2, 74, 113, 67, 35, 133, 174, 207, 155, 236, 169, 101, 143,
       254, 147, 98, 208, 179, 226, 216, 91, 107, 98, 106, 28, 51, 125,
       206, 99, 76, 2, 247, 104, 144, 208, 193, 168, 193, 174, 207, 27,
       236, 168, 101, 143, 246, 51, 98, 240, 177, 226, 216, 107, 67, 78,
       106, 28, 51, 252, 207, 51, 76, 162, 119, 68, 140, 208, 193, 168,
       236, 180, 188, 99, 137, 109, 21, 141, 91, 55, 37, 24, 198, 113,
       72, 27, 145, 30, 232, 48, 50, 116, 251, 19, 207, 211, 85, 119,
       210, 74, 135, 34, 236, 180, 189, 99, 141, 111, 17, 9, 123, 191,
       45, 24, 214, 117, 72, 59, 145, 20, 104, 50, 50, 116, 249, 18, 207,
       211, 69, 119, 194, 107, 199, 98, 84, 174, 156, 114, 138, 233, 21,
       143, 178, 183, 172, 185, 7, 231, 74, 27, 167, 215, 237, 144, 58,
       73, 138, 48, 217, 195, 117, 127, 224, 80, 135, 99, 69, 244, 157,
       67, 172, 47, 39, 152, 122, 250, 11, 76, 214, 112, 89, 43, 145, 68,
       120, 123, 241, 112, 217, 34, 237, 158, 69, 116, 200, 123, 211, 34,
       109, 49, 17, 97, 49, 95, 66, 88, 105, 224, 173, 8, 210, 23, 65,
       52, 144, 148, 68, 122, 9, 178, 241, 12, 203, 217, 1, 54, 74, 35,
       66, 50, 240, 174, 220, 114, 168, 173, 85, 223, 178, 191, 164, 25,
       55, 231, 74, 27, 9, 214, 109, 24, 58, 79, 202, 49, 219, 195, 117,
       125, 224, 208, 198, 43, 69, 113, 145, 71, 65, 76, 54, 8, 104, 200,
       35, 8, 222, 18, 77, 58, 144, 85, 96, 122, 65, 112, 249, 64, 69,
       184, 69, 6, 72, 51, 67, 167, 77, 85, 16, 69, 49, 30, 118, 56, 109,
       168, 111, 68, 222, 51, 9, 116, 150, 85, 56, 106, 193, 144, 121,
       78, 231, 255, 3, 6, 74, 51, 11, 19, 100, 113, 57, 103, 16, 15, 71,
       56, 97, 172, 47, 12, 215, 81, 8, 16, 16, 84, 68, 106, 72, 176,
       249, 12, 231, 153, 33, 52, 64, 178, 70, 35, 252, 184, 247, 118,
       171, 249, 81, 223, 179, 183, 164, 56, 46, 247, 65, 159, 39, 246,
       237, 16, 58, 79, 170, 99, 219, 211, 85, 123, 226, 197, 134, 107,
       108, 229, 181, 99, 137, 111, 71, 136, 123, 179, 45, 24, 214, 117,
       73, 59, 145, 86, 104, 122, 49, 112, 249, 34, 239, 223, 69, 118,
       194, 115, 198, 34, 77, 125, 17, 71, 113, 30, 102, 184, 125, 232,
       106, 76, 222, 113, 13, 180, 148, 92, 80, 106, 193, 176, 89, 110,
       39, 254, 5, 6, 74, 51, 75, 177, 37, 117, 17, 71, 117, 95, 102,
       184, 105, 232, 43, 72, 214, 80, 77, 180, 144, 92, 82, 106, 65,
       176, 249, 12, 37, 156, 5, 54, 74, 59, 67, 166, 29, 93, 31, 103,
       176, 14, 111, 184, 116, 234, 94, 100, 247, 119, 137, 112, 54, 108,
       28, 106, 225, 144, 57, 46, 238, 239, 39, 128, 42, 243, 1, 49, 224,
       232, 16, 56, 89, 205, 16, 200, 139, 21, 160, 9, 166, 219, 72, 144,
       137, 187, 200, 64, 14, 111, 218, 17, 147, 208, 1, 63, 80, 8, 14,
       138, 117, 93, 125, 102, 184, 78, 79, 184, 225, 232, 191, 72, 119,
       119, 137, 115, 52, 212, 124, 106, 201, 163, 249, 44, 243, 233,
       101, 148, 104, 243, 66, 49, 253, 113, 249, 102, 104, 76, 85, 152,
       96, 250, 165, 8, 83, 87, 73, 59, 150, 212, 124, 106, 201, 103,
       251, 0, 211, 201, 101, 60, 105, 243, 70, 115, 148, 252, 185, 239,
       180, 46, 111, 156, 62, 170, 91, 112, 215, 119, 137, 64, 119, 95,
