%YAML:1.0
---
descriptors: !!opencv-matrix
   rows: 142
   cols: 32
   dt: u
   data: [ 228, 116, 189, 103, 136, 110, 71, 152, 58, 186, 175, 24, 215,
       119, 73, 59, 145, 84, 120, 122, 49, 68, 249, 0, 207, 251, 101,
       116, 192, 115, 198, 114, 108, 236, 157, 114, 137, 109, 87, 136,
       50, 183, 165, 24, 214, 119, 75, 59, 153, 210, 105, 122, 122, 102,
       251, 49, 235, 219, 69, 127, 194, 115, 198, 98, 89, 135, 93, 101,
       176, 42, 111, 191, 116, 170, 122, 228, 243, 33, 144, 112, 19, 102,
       76, 44, 185, 184, 69, 15, 232, 175, 37, 192, 104, 242, 194, 41,
       108, 88, 145, 94, 73, 76, 71, 136, 195, 138, 164, 8, 122, 247, 5,
       255, 208, 244, 232, 106, 73, 103, 250, 41, 51, 186, 69, 59, 82,
       59, 70, 50, 252, 185, 253, 86, 168, 125, 85, 157, 243, 253, 165,
       24, 83, 247, 76, 59, 5, 214, 108, 24, 59, 107, 250, 32, 219, 203,
       117, 125, 226, 224, 198, 115, 221, 39, 152, 182, 168, 56, 90, 152,
       242, 191, 171, 89, 207, 227, 203, 219, 147, 199, 108, 62, 60, 65,
       203, 34, 218, 243, 101, 61, 160, 243, 10, 0, 252, 172, 252, 118,
       136, 109, 85, 222, 179, 191, 164, 25, 83, 247, 75, 27, 1, 214,
       109, 26, 58, 71, 218, 48, 219, 203, 117, 125, 226, 241, 198, 98,
       224, 181, 28, 218, 204, 237, 69, 175, 250, 51, 169, 24, 246, 243,
       72, 115, 129, 210, 106, 0, 115, 107, 219, 51, 253, 182, 85, 124,
       88, 88, 199, 42, 77, 49, 189, 101, 117, 31, 114, 56, 121, 232,
       127, 77, 223, 125, 159, 176, 180, 68, 252, 110, 132, 240, 233, 12,
       239, 255, 33, 4, 66, 167, 67, 119, 124, 32, 123, 108, 64, 78, 67,
       80, 97, 164, 229, 8, 83, 23, 129, 48, 16, 180, 68, 106, 9, 182,
       240, 12, 83, 169, 32, 16, 97, 163, 70, 32, 208, 184, 191, 176,
       168, 237, 17, 23, 242, 87, 166, 24, 183, 211, 64, 26, 129, 179,
       108, 17, 59, 109, 146, 19, 217, 130, 114, 120, 232, 64, 135, 42,
       240, 40, 220, 118, 168, 236, 85, 23, 179, 243, 164, 24, 51, 243,
       66, 59, 9, 230, 125, 8, 58, 79, 218, 33, 219, 235, 117, 57, 224,
       192, 206, 74, 108, 225, 8, 126, 89, 196, 87, 136, 163, 64, 237, 9,
       242, 215, 75, 16, 216, 232, 89, 106, 74, 66, 218, 57, 227, 253,
       133, 57, 82, 51, 122, 226, 196, 116, 189, 103, 137, 110, 117, 24,
       122, 243, 167, 24, 222, 117, 73, 59, 145, 84, 104, 50, 33, 116,
       251, 2, 205, 251, 85, 4, 192, 115, 199, 34, 76, 112, 149, 114,
       105, 125, 49, 0, 235, 219, 37, 8, 158, 149, 77, 63, 128, 93, 96,
       82, 3, 98, 242, 0, 71, 218, 81, 42, 194, 49, 71, 163, 100, 113,
       57, 103, 112, 15, 87, 184, 105, 172, 45, 12, 215, 83, 73, 16, 144,
       92, 68, 106, 72, 114, 249, 12, 231, 221, 37, 52, 64, 179, 66, 162,
       248, 188, 183, 114, 169, 232, 81, 151, 179, 31, 164, 24, 47, 247,
       64, 159, 35, 247, 237, 24, 58, 79, 186, 51, 219, 211, 85, 123,
       226, 192, 134, 107, 77, 174, 200, 19, 210, 120, 35, 158, 114, 255,
       14, 252, 209, 226, 202, 250, 115, 206, 238, 152, 51, 94, 239, 34,
       92, 7, 183, 237, 174, 192, 170, 241, 237, 150, 92, 67, 176, 63,
       86, 191, 119, 47, 62, 124, 211, 112, 138, 113, 23, 198, 76, 60,
       190, 56, 109, 31, 238, 223, 37, 116, 248, 200, 200, 5, 124, 177,
       253, 118, 168, 108, 85, 221, 227, 253, 165, 8, 83, 247, 72, 58, 1,
       214, 124, 88, 27, 107, 250, 32, 219, 235, 117, 121, 226, 242, 198,
       114, 100, 181, 149, 114, 137, 173, 69, 175, 251, 59, 169, 88, 214,
       241, 76, 59, 129, 210, 110, 16, 59, 107, 218, 51, 185, 158, 85,
       126, 208, 73, 194, 34, 93, 69, 93, 103, 22, 78, 103, 184, 100,
       160, 235, 64, 211, 113, 25, 112, 50, 196, 76, 106, 73, 176, 89,
       14, 229, 239, 37, 20, 105, 243, 64, 32, 252, 12, 157, 118, 168,
       108, 85, 191, 176, 186, 166, 56, 215, 119, 137, 91, 135, 215, 108,
       42, 120, 71, 203, 34, 211, 235, 117, 28, 224, 241, 198, 35, 220,
       68, 92, 119, 154, 106, 71, 175, 180, 178, 167, 24, 87, 115, 9, 83,
       33, 214, 108, 162, 104, 197, 89, 14, 241, 227, 101, 21, 32, 240,
       204, 34, 128, 236, 157, 255, 184, 237, 21, 167, 182, 23, 96, 24,
       183, 243, 64, 91, 129, 122, 104, 8, 50, 76, 218, 51, 237, 227,
       117, 56, 144, 80, 135, 170, 69, 115, 149, 103, 36, 14, 102, 184,
       106, 168, 43, 76, 214, 113, 25, 50, 144, 68, 108, 110, 193, 176,
       217, 44, 173, 252, 37, 20, 72, 179, 67, 1, 109, 97, 104, 101, 52,
       26, 122, 8, 105, 160, 111, 8, 215, 89, 149, 48, 146, 108, 125,
       110, 196, 176, 201, 12, 230, 253, 1, 5, 100, 163, 74, 0, 112, 168,
       222, 118, 172, 237, 81, 214, 226, 159, 164, 8, 55, 243, 66, 59, 9,
       246, 108, 24, 26, 107, 242, 33, 219, 203, 117, 121, 224, 192, 206,
       106, 44, 229, 57, 110, 89, 77, 71, 168, 3, 28, 173, 8, 210, 87, 9,
       52, 216, 88, 81, 106, 75, 34, 251, 29, 99, 221, 5, 60, 82, 59, 70,
       226, 76, 253, 49, 103, 113, 78, 103, 184, 121, 232, 42, 76, 254,
       117, 9, 52, 148, 92, 112, 106, 65, 240, 249, 47, 109, 156, 5, 38,
       66, 51, 71, 243, 197, 84, 157, 126, 168, 110, 23, 184, 248, 250,
       167, 72, 214, 119, 9, 123, 145, 85, 108, 106, 97, 69, 251, 44,
       241, 187, 101, 20, 72, 115, 67, 51, 240, 162, 254, 112, 138, 169,
       81, 87, 178, 183, 164, 185, 23, 135, 66, 27, 35, 182, 109, 24, 58,
       79, 130, 1, 217, 163, 117, 121, 224, 192, 134, 106, 248, 34, 218,
       112, 10, 169, 81, 87, 162, 183, 164, 185, 23, 135, 66, 27, 39,
       178, 77, 24, 26, 79, 130, 0, 219, 193, 112, 121, 224, 128, 134,
       59, 77, 113, 145, 71, 105, 92, 118, 8, 233, 200, 45, 8, 158, 19,
       77, 182, 128, 84, 104, 106, 65, 32, 250, 64, 7, 248, 1, 62, 74,
       51, 67, 183, 100, 103, 49, 71, 112, 15, 103, 184, 105, 172, 111,
       72, 211, 67, 137, 48, 144, 76, 68, 106, 72, 240, 233, 12, 103,
       188, 37, 20, 66, 179, 70, 161, 240, 168, 223, 82, 169, 249, 81,
       199, 251, 115, 164, 56, 42, 246, 196, 63, 163, 178, 236, 16, 63,
       111, 170, 115, 155, 219, 85, 123, 227, 192, 206, 46, 231, 162,
       223, 148, 234, 64, 1, 203, 187, 247, 160, 189, 6, 230, 207, 91,
       75, 239, 108, 148, 63, 79, 238, 66, 156, 50, 117, 254, 132, 96,
       166, 85, 245, 110, 234, 119, 148, 62, 103, 146, 115, 175, 231, 20,
       67, 98, 151, 122, 113, 238, 108, 190, 172, 212, 237, 42, 226, 239,
       245, 1, 161, 241, 122, 68, 176, 170, 206, 49, 232, 153, 248, 199,
       170, 49, 160, 189, 163, 200, 86, 26, 139, 34, 237, 20, 22, 105,
       198, 49, 206, 193, 117, 121, 200, 136, 218, 138, 244, 188, 156,
       112, 136, 109, 85, 207, 178, 183, 160, 25, 55, 247, 64, 27, 129,
       223, 109, 16, 58, 79, 218, 50, 251, 195, 117, 125, 224, 112, 134,
       10, 165, 253, 157, 95, 220, 141, 231, 252, 222, 18, 96, 72, 246,
       241, 9, 33, 217, 106, 106, 74, 99, 98, 218, 63, 109, 170, 71, 56,
       88, 123, 67, 168, 93, 69, 87, 101, 148, 78, 71, 184, 116, 162,
       238, 64, 83, 113, 25, 112, 113, 196, 72, 106, 105, 177, 25, 14,
       241, 239, 5, 20, 107, 251, 96, 32, 96, 181, 17, 97, 153, 77, 80,
       175, 107, 49, 40, 24, 150, 19, 76, 48, 145, 19, 104, 48, 19, 40,
       219, 21, 173, 148, 20, 126, 216, 8, 195, 42, 36, 97, 74, 101, 84,
       11, 99, 40, 104, 164, 111, 9, 211, 73, 27, 16, 58, 204, 105, 106,
       72, 176, 201, 12, 231, 173, 1, 21, 100, 187, 90, 130, 208, 172,
       159, 246, 138, 232, 81, 151, 182, 23, 166, 57, 183, 247, 64, 91,
       35, 247, 109, 16, 58, 77, 163, 51, 217, 163, 116, 89, 160, 192,
       134, 106, 120, 185, 254, 112, 168, 201, 85, 215, 226, 189, 164,
       56, 55, 211, 64, 27, 1, 246, 236, 16, 26, 107, 194, 49, 219, 195,
       117, 121, 224, 192, 198, 43, 108, 245, 49, 99, 217, 79, 71, 168,
       123, 112, 45, 8, 210, 117, 73, 176, 145, 92, 64, 106, 107, 112,
       249, 55, 111, 221, 5, 116, 82, 59, 70, 178, 69, 245, 49, 71, 117,
       79, 103, 184, 105, 232, 111, 72, 254, 85, 9, 52, 148, 92, 80, 106,
       193, 176, 249, 46, 39, 156, 5, 38, 74, 51, 67, 179, 240, 170, 158,
       176, 42, 168, 81, 86, 178, 31, 164, 189, 55, 131, 66, 27, 35, 147,
