%YAML:1.0
---
descriptors: !!opencv-matrix
   rows: 93
   cols: 32
   dt: u
   data: [ 92, 245, 157, 228, 154, 78, 87, 184, 182, 182, 163, 8, 215,
       119, 73, 83, 51, 85, 109, 98, 105, 65, 185, 12, 249, 227, 101,
       116, 160, 115, 7, 114, 213, 84, 255, 101, 160, 126, 95, 176, 233,
       254, 183, 29, 219, 125, 27, 123, 167, 213, 253, 111, 185, 197,
       185, 2, 251, 251, 101, 212, 168, 243, 71, 115, 228, 97, 57, 111,
       44, 79, 71, 152, 98, 160, 165, 8, 211, 117, 73, 50, 144, 84, 104,
       106, 73, 96, 249, 24, 237, 153, 5, 52, 80, 59, 70, 34, 213, 146,
       157, 103, 168, 42, 97, 29, 118, 59, 163, 112, 215, 51, 200, 123,
       19, 22, 108, 56, 177, 212, 201, 18, 204, 227, 115, 84, 168, 193,
       129, 33, 224, 172, 157, 250, 200, 237, 17, 207, 190, 55, 160, 24,
       182, 179, 64, 27, 129, 19, 107, 16, 58, 111, 218, 51, 217, 146,
       84, 123, 208, 64, 135, 42, 240, 168, 255, 112, 138, 233, 81, 87,
       162, 23, 164, 24, 51, 167, 64, 27, 1, 178, 108, 24, 58, 111, 162,
       17, 217, 131, 112, 120, 224, 192, 198, 34, 13, 101, 244, 71, 6,
       30, 239, 184, 123, 228, 79, 134, 219, 96, 223, 38, 55, 76, 112,
       110, 193, 240, 253, 14, 108, 46, 69, 68, 111, 191, 82, 244, 252,
       124, 223, 118, 42, 108, 81, 152, 179, 154, 167, 56, 95, 247, 73,
       59, 35, 245, 108, 66, 40, 71, 186, 34, 211, 235, 117, 61, 226,
       241, 70, 35, 124, 225, 208, 35, 189, 11, 70, 136, 99, 160, 169, 9,
       207, 73, 73, 146, 152, 204, 236, 114, 14, 114, 201, 40, 170, 221,
       5, 119, 227, 187, 202, 2, 252, 124, 157, 246, 172, 76, 87, 156,
       178, 186, 163, 24, 215, 245, 73, 27, 129, 214, 109, 82, 105, 101,
       219, 34, 249, 227, 117, 124, 168, 251, 130, 51, 37, 101, 17, 103,
       112, 15, 230, 24, 104, 160, 107, 72, 215, 16, 9, 48, 156, 92, 72,
       106, 65, 240, 217, 46, 165, 176, 1, 20, 72, 59, 67, 160, 217, 184,
       159, 112, 137, 236, 113, 151, 250, 27, 36, 24, 190, 243, 64, 251,
       161, 54, 120, 24, 51, 77, 178, 49, 203, 251, 84, 122, 202, 64,
       131, 43, 224, 173, 189, 84, 205, 237, 85, 135, 235, 179, 160, 24,
       182, 241, 68, 59, 129, 118, 104, 24, 115, 111, 250, 49, 157, 186,
       85, 122, 192, 88, 198, 42, 109, 188, 148, 86, 201, 124, 84, 175,
       251, 187, 164, 24, 238, 240, 68, 191, 129, 214, 236, 26, 59, 107,
       251, 226, 63, 222, 85, 127, 202, 116, 202, 46, 117, 99, 8, 38,
       120, 91, 78, 232, 53, 200, 255, 173, 195, 104, 155, 16, 216, 204,
       236, 231, 77, 211, 205, 14, 178, 245, 165, 157, 104, 183, 122,
       212, 196, 54, 157, 117, 168, 110, 69, 63, 56, 255, 35, 124, 215,
       55, 200, 123, 135, 86, 108, 56, 49, 196, 233, 2, 201, 178, 117,
       212, 128, 224, 135, 49, 109, 97, 16, 103, 21, 31, 102, 136, 116,
       160, 107, 72, 211, 80, 9, 180, 144, 76, 104, 110, 201, 176, 89,
       60, 165, 216, 1, 52, 74, 187, 72, 36, 101, 101, 16, 39, 209, 15,
       70, 168, 96, 160, 235, 8, 211, 97, 25, 144, 24, 204, 64, 110, 72,
       176, 217, 44, 165, 156, 5, 20, 64, 251, 202, 128, 208, 184, 159,
       120, 171, 237, 80, 7, 251, 19, 160, 24, 62, 179, 64, 123, 163, 54,
       108, 16, 51, 109, 178, 51, 219, 251, 84, 123, 224, 64, 195, 43,
       44, 113, 113, 67, 116, 79, 227, 184, 105, 168, 127, 40, 219, 87,
       141, 52, 154, 92, 86, 106, 65, 176, 105, 78, 103, 220, 33, 4, 66,
       187, 70, 161, 212, 156, 159, 255, 170, 238, 85, 147, 182, 27, 163,
       48, 247, 119, 8, 123, 167, 247, 124, 18, 59, 197, 27, 35, 201,
       231, 119, 80, 168, 97, 165, 51, 220, 52, 181, 119, 160, 110, 69,
       187, 48, 250, 171, 88, 223, 119, 73, 59, 23, 86, 108, 42, 57, 212,
       249, 10, 237, 206, 117, 20, 224, 241, 135, 113, 121, 163, 238, 98,
       173, 221, 80, 207, 227, 253, 173, 12, 11, 232, 222, 182, 137, 198,
       236, 20, 158, 107, 254, 145, 155, 253, 21, 127, 227, 142, 222, 70,
       208, 190, 151, 112, 138, 232, 16, 135, 186, 27, 162, 120, 62, 179,
       64, 123, 167, 183, 236, 16, 50, 79, 130, 115, 153, 162, 116, 123,
       192, 64, 135, 43, 92, 180, 149, 103, 169, 110, 69, 159, 115, 187,
       175, 88, 223, 55, 72, 190, 21, 214, 108, 56, 57, 208, 249, 2, 175,
       254, 117, 84, 226, 245, 130, 49, 124, 185, 248, 98, 188, 221, 83,
       221, 227, 237, 189, 41, 51, 253, 82, 18, 136, 238, 237, 84, 158,
       107, 250, 51, 251, 237, 37, 121, 225, 130, 222, 83, 65, 188, 173,
       113, 136, 191, 93, 143, 238, 247, 142, 140, 243, 166, 86, 59, 133,
       215, 120, 156, 159, 73, 243, 48, 203, 219, 221, 116, 128, 80, 135,
       120, 21, 69, 149, 251, 136, 39, 79, 168, 150, 178, 137, 80, 215,
       119, 73, 43, 29, 209, 120, 251, 121, 65, 91, 50, 169, 134, 77,
       124, 176, 115, 161, 32, 45, 101, 48, 70, 221, 95, 198, 236, 115,
       164, 237, 8, 226, 120, 93, 180, 152, 110, 192, 106, 76, 114, 249,
       63, 39, 221, 5, 57, 67, 31, 218, 142, 200, 181, 149, 247, 137, 76,
       101, 175, 57, 27, 40, 88, 190, 51, 8, 147, 129, 83, 105, 0, 114,
       72, 211, 103, 237, 243, 84, 58, 2, 80, 135, 170, 237, 244, 212,
       67, 249, 31, 100, 159, 123, 187, 166, 88, 202, 49, 204, 190, 21,
       222, 236, 24, 63, 120, 249, 194, 175, 223, 85, 118, 202, 244, 202,
       52, 233, 185, 25, 42, 136, 205, 87, 181, 226, 124, 164, 12, 183,
       135, 66, 113, 196, 254, 108, 86, 223, 11, 250, 49, 251, 241, 5,
       120, 88, 154, 198, 122, 221, 118, 173, 22, 40, 62, 83, 184, 113,
       250, 135, 252, 223, 119, 203, 127, 23, 196, 124, 46, 173, 69, 253,
       10, 210, 243, 97, 180, 42, 247, 10, 117, 108, 252, 161, 17, 233,
       253, 150, 134, 123, 255, 44, 25, 130, 60, 87, 190, 129, 94, 224,
       81, 191, 126, 249, 54, 47, 95, 21, 119, 194, 93, 222, 222, 244,
       65, 93, 103, 168, 14, 87, 188, 32, 184, 167, 40, 215, 115, 137,
       115, 22, 212, 108, 106, 104, 225, 201, 44, 241, 235, 101, 20, 96,
       179, 194, 33, 148, 108, 91, 231, 146, 234, 111, 178, 52, 166, 107,
       0, 247, 115, 1, 80, 51, 252, 8, 234, 40, 148, 25, 46, 237, 175,
       39, 0, 224, 243, 71, 34, 209, 160, 188, 59, 173, 253, 80, 142,
       206, 119, 164, 24, 167, 176, 94, 123, 129, 3, 104, 28, 46, 109,
       251, 49, 139, 219, 84, 125, 208, 88, 133, 110, 213, 74, 159, 37,
       42, 42, 35, 152, 100, 170, 130, 228, 215, 2, 129, 75, 102, 68,
       108, 106, 41, 197, 7, 8, 192, 163, 99, 20, 40, 177, 33, 33, 144,
       168, 191, 121, 138, 232, 169, 135, 254, 19, 162, 16, 181, 238, 80,
       107, 35, 55, 104, 145, 50, 205, 215, 49, 205, 171, 126, 81, 128,
       64, 199, 42, 208, 168, 188, 122, 136, 237, 80, 143, 206, 51, 160,
       24, 183, 216, 72, 123, 129, 3, 104, 16, 62, 109, 203, 49, 217,
       216, 84, 124, 208, 72, 199, 10, 80, 181, 63, 254, 24, 196, 21,
       121, 178, 88, 137, 9, 247, 247, 32, 80, 200, 179, 121, 128, 91,
       75, 218, 31, 241, 167, 171, 56, 16, 2, 167, 122, 196, 180, 157,
       114, 136, 109, 1, 11, 186, 187, 161, 88, 214, 247, 72, 59, 129,
       23, 108, 16, 59, 69, 219, 2, 153, 130, 117, 124, 136, 64, 135, 51,
       124, 197, 220, 102, 136, 74, 87, 172, 115, 162, 175, 8, 87, 115,
       9, 82, 51, 214, 108, 106, 104, 97, 203, 34, 251, 235, 69, 21, 226,
       243, 202, 2, 208, 172, 159, 121, 136, 234, 65, 7, 246, 19, 162,
       80, 183, 163, 64, 75, 33, 55, 108, 152, 58, 237, 195, 19, 201,
       163, 118, 80, 224, 64, 133, 40, 240, 136, 159, 216, 136, 232, 65,
       71, 230, 23, 162, 16, 178, 147, 96, 91, 201, 182, 104, 16, 26,
       111, 195, 1, 217, 160, 210, 89, 208, 72, 228, 42, 158, 190, 181,
       83, 186, 227, 13, 191, 183, 187, 146, 248, 204, 115, 200, 175, 23,
       215, 253, 145, 178, 205, 79, 126, 136, 18, 125, 246, 134, 212,
       133, 45, 216, 156, 159, 183, 138, 110, 7, 167, 176, 154, 139, 80,
       247, 115, 0, 123, 167, 119, 108, 2, 121, 205, 155, 43, 233, 227,
       127, 16, 168, 113, 131, 11, 120, 233, 123, 114, 217, 217, 85, 199,
       227, 53, 172, 8, 42, 151, 68, 54, 129, 250, 204, 80, 94, 107, 170,
       49, 251, 209, 20, 123, 98, 18, 198, 110, 239, 119, 252, 94, 233,
