%YAML:1.0
---
descriptors: !!opencv-matrix
   rows: 292
   cols: 32
   dt: u
   data: [ 125, 85, 125, 103, 176, 78, 79, 184, 97, 234, 191, 68, 83,
       119, 153, 114, 22, 212, 92, 106, 233, 161, 249, 46, 227, 237, 101,
       148, 104, 243, 66, 49, 149, 221, 121, 231, 180, 79, 79, 188, 52,
       234, 127, 100, 215, 119, 137, 112, 119, 222, 29, 110, 249, 144,
       121, 62, 235, 239, 37, 132, 40, 243, 192, 113, 149, 253, 251, 255,
       180, 46, 111, 191, 54, 234, 219, 116, 247, 119, 137, 96, 119, 255,
       61, 46, 249, 156, 249, 47, 236, 175, 55, 132, 172, 251, 161, 249,
       236, 48, 189, 115, 169, 109, 81, 152, 123, 255, 37, 24, 222, 93,
       73, 59, 145, 80, 125, 58, 59, 102, 251, 18, 207, 223, 81, 125,
       194, 123, 71, 115, 150, 236, 255, 255, 254, 235, 255, 254, 191,
       247, 254, 26, 255, 239, 253, 123, 255, 215, 127, 155, 186, 239,
       235, 251, 255, 191, 255, 252, 133, 249, 245, 241, 252, 190, 253,
       118, 168, 110, 69, 191, 178, 190, 164, 56, 83, 119, 73, 27, 5,
       214, 108, 58, 56, 111, 251, 62, 251, 235, 117, 60, 224, 241, 198,
       99, 134, 236, 254, 255, 252, 235, 255, 255, 191, 183, 247, 26,
       255, 239, 95, 75, 127, 239, 127, 139, 250, 247, 239, 255, 255,
       223, 255, 173, 245, 249, 229, 75, 236, 180, 188, 115, 237, 253,
       81, 153, 255, 63, 173, 24, 222, 125, 74, 58, 145, 26, 253, 24, 58,
       102, 251, 147, 207, 223, 81, 127, 210, 75, 198, 226, 212, 180,
       157, 247, 170, 102, 109, 159, 178, 187, 38, 112, 213, 119, 201,
       123, 39, 86, 108, 24, 49, 220, 171, 34, 205, 163, 117, 68, 160,
       241, 134, 49, 142, 236, 254, 255, 252, 187, 255, 253, 191, 182,
       247, 27, 239, 234, 126, 75, 255, 239, 255, 163, 254, 247, 203,
       255, 254, 255, 255, 177, 149, 251, 239, 194, 224, 184, 156, 218,
       200, 205, 21, 175, 154, 27, 160, 24, 182, 243, 72, 91, 129, 82,
       106, 16, 51, 111, 218, 49, 205, 146, 85, 121, 208, 72, 199, 42,
       240, 92, 191, 116, 40, 14, 85, 52, 160, 154, 182, 120, 87, 119,
       129, 123, 134, 245, 109, 42, 104, 101, 227, 8, 209, 171, 116, 144,
       96, 240, 70, 35, 220, 253, 253, 246, 172, 110, 95, 188, 187, 186,
       191, 120, 223, 127, 73, 91, 215, 215, 125, 122, 248, 71, 251, 186,
       251, 251, 103, 212, 194, 243, 199, 51, 69, 243, 148, 3, 145, 12,
       102, 188, 106, 185, 43, 76, 246, 112, 92, 178, 149, 70, 104, 126,
       199, 120, 219, 117, 173, 190, 85, 102, 200, 83, 203, 13, 204, 118,
       185, 103, 113, 78, 119, 184, 121, 234, 127, 108, 222, 119, 141,
       52, 149, 92, 100, 106, 225, 244, 249, 106, 103, 255, 37, 134, 74,
       115, 71, 243, 198, 172, 246, 191, 236, 41, 238, 238, 127, 179,
       251, 26, 238, 234, 93, 79, 123, 239, 127, 175, 240, 247, 203, 235,
       190, 190, 223, 238, 197, 253, 225, 164, 110, 93, 246, 175, 254,
       11, 254, 248, 61, 226, 251, 171, 205, 254, 61, 80, 255, 253, 255,
       99, 224, 243, 201, 238, 190, 254, 143, 134, 5, 255, 113, 211, 30,
       117, 118, 239, 188, 47, 254, 248, 61, 170, 255, 34, 207, 127, 157,
       65, 255, 221, 255, 227, 232, 243, 201, 238, 190, 255, 239, 150,
       71, 243, 99, 147, 125, 93, 93, 102, 152, 14, 71, 188, 224, 232,
       175, 76, 83, 113, 145, 115, 0, 196, 108, 110, 233, 161, 249, 44,
       240, 235, 101, 20, 104, 179, 194, 33, 166, 237, 212, 159, 221, 47,
       238, 236, 63, 162, 251, 26, 206, 106, 29, 80, 251, 207, 127, 99,
       120, 243, 217, 254, 189, 190, 207, 52, 213, 123, 211, 128, 221,
       125, 28, 102, 160, 14, 71, 184, 96, 234, 166, 76, 83, 113, 129,
       51, 16, 228, 108, 106, 233, 225, 153, 40, 240, 169, 101, 20, 72,
       243, 66, 49, 157, 240, 188, 247, 172, 46, 125, 152, 174, 186, 183,
       16, 223, 127, 89, 75, 175, 213, 125, 223, 168, 197, 235, 112, 207,
       235, 111, 148, 196, 241, 33, 99, 129, 121, 19, 69, 85, 14, 230,
       53, 104, 192, 106, 76, 246, 16, 21, 180, 144, 108, 64, 110, 197,
       176, 21, 14, 36, 184, 4, 2, 72, 50, 67, 140, 253, 121, 157, 103,
       160, 78, 71, 184, 96, 234, 167, 76, 215, 113, 9, 51, 50, 196, 124,
       106, 201, 240, 217, 40, 225, 169, 101, 20, 104, 243, 194, 49, 28,
       189, 185, 122, 155, 237, 17, 207, 179, 21, 173, 24, 30, 247, 72,
       56, 161, 155, 200, 16, 26, 107, 186, 119, 219, 197, 21, 127, 226,
       65, 167, 226, 248, 184, 189, 248, 169, 237, 89, 223, 179, 95, 180,
       24, 191, 183, 64, 59, 133, 147, 253, 24, 58, 111, 242, 49, 219,
       219, 116, 249, 226, 64, 134, 123, 232, 188, 188, 122, 173, 237,
       85, 223, 255, 187, 180, 24, 190, 253, 64, 59, 205, 118, 255, 24,
       186, 111, 250, 179, 219, 251, 85, 123, 210, 88, 198, 59, 248, 188,
       190, 120, 169, 253, 81, 215, 255, 127, 180, 24, 191, 255, 102, 59,
       133, 179, 253, 16, 58, 111, 242, 179, 219, 219, 84, 123, 194, 72,
       198, 123, 232, 253, 188, 243, 173, 253, 85, 191, 123, 59, 180, 24,
       191, 61, 72, 59, 137, 82, 237, 24, 122, 108, 243, 179, 239, 219,
       84, 121, 210, 216, 198, 59, 234, 188, 182, 252, 253, 191, 92, 255,
       223, 187, 182, 24, 234, 249, 116, 255, 205, 255, 255, 24, 186,
       111, 251, 243, 251, 223, 215, 122, 146, 93, 210, 110, 236, 52,
       189, 97, 160, 111, 113, 27, 123, 191, 63, 24, 223, 119, 72, 59,
       149, 21, 125, 56, 51, 244, 249, 2, 207, 223, 117, 116, 192, 224,
       198, 115, 84, 172, 250, 255, 174, 169, 255, 255, 62, 171, 250,
       138, 247, 239, 121, 72, 255, 255, 127, 147, 146, 127, 203, 243,
       254, 175, 255, 200, 132, 251, 161, 137, 220, 220, 127, 231, 44,
       14, 95, 184, 60, 170, 246, 104, 247, 87, 137, 115, 118, 212, 125,
       106, 233, 213, 105, 62, 247, 235, 103, 148, 32, 179, 64, 115, 220,
       221, 63, 239, 180, 15, 95, 188, 52, 200, 246, 32, 247, 87, 137,
       81, 118, 245, 93, 234, 248, 185, 105, 63, 235, 233, 39, 144, 36,
       178, 129, 121, 20, 189, 250, 239, 180, 171, 127, 255, 62, 169,
       254, 34, 247, 255, 88, 64, 127, 255, 31, 219, 218, 184, 201, 63,
       252, 237, 175, 196, 164, 250, 161, 169, 204, 84, 189, 229, 32,
       110, 127, 24, 57, 238, 247, 60, 223, 119, 9, 123, 183, 84, 125,
       106, 161, 212, 249, 10, 199, 251, 97, 132, 128, 243, 6, 115, 204,
       53, 189, 113, 161, 110, 57, 25, 59, 255, 39, 56, 220, 55, 72, 59,
       151, 23, 125, 56, 177, 84, 249, 66, 207, 219, 117, 230, 192, 96,
       135, 115, 109, 253, 48, 90, 217, 221, 87, 168, 235, 81, 45, 8,
       190, 216, 78, 180, 129, 122, 208, 66, 87, 107, 250, 181, 107, 221,
       5, 123, 90, 31, 202, 190, 197, 252, 133, 19, 172, 47, 231, 156,
       90, 251, 3, 92, 214, 112, 89, 171, 145, 70, 120, 127, 177, 116,
       219, 34, 172, 30, 109, 116, 136, 123, 209, 52, 205, 52, 157, 101,
       161, 110, 113, 27, 121, 234, 47, 84, 222, 51, 65, 127, 148, 85,
       120, 56, 177, 208, 241, 66, 207, 251, 67, 6, 138, 225, 3, 49, 252,
       60, 223, 116, 154, 108, 81, 151, 179, 183, 164, 24, 55, 247, 65,
       26, 35, 246, 109, 24, 58, 79, 178, 34, 219, 227, 117, 56, 160,
       224, 134, 106, 125, 253, 156, 126, 185, 142, 87, 188, 243, 26,
       174, 12, 255, 243, 75, 16, 147, 247, 108, 106, 106, 107, 219, 63,
       251, 239, 101, 92, 234, 243, 203, 3, 248, 168, 254, 122, 138, 233,
       81, 215, 178, 23, 164, 185, 55, 199, 66, 27, 35, 186, 77, 24, 58,
       79, 130, 49, 217, 195, 112, 121, 224, 192, 230, 234, 65, 49, 145,
       71, 17, 78, 99, 56, 104, 224, 43, 8, 214, 49, 9, 50, 144, 84, 96,
       106, 1, 240, 249, 12, 173, 184, 5, 22, 72, 35, 67, 34, 37, 113,
       48, 69, 85, 15, 98, 56, 104, 168, 107, 76, 214, 80, 29, 180, 144,
       76, 64, 110, 193, 176, 217, 12, 37, 188, 1, 4, 72, 51, 66, 129,
       244, 138, 204, 182, 168, 40, 93, 191, 162, 183, 134, 185, 119,
       163, 66, 91, 3, 231, 109, 132, 56, 79, 203, 32, 216, 227, 253,
       249, 160, 224, 134, 74, 77, 53, 145, 103, 145, 110, 119, 184, 121,
       234, 111, 8, 222, 113, 9, 48, 145, 94, 120, 122, 241, 240, 249,
       14, 239, 223, 5, 6, 202, 115, 195, 50, 93, 93, 121, 103, 180, 78,
       79, 184, 97, 234, 255, 76, 211, 119, 137, 112, 86, 212, 92, 106,
