%YAML:1.0
---
descriptors: !!opencv-matrix
   rows: 102
   cols: 32
   dt: u
   data: [ 240, 172, 189, 114, 136, 237, 81, 215, 178, 55, 164, 24, 51,
       247, 64, 27, 1, 178, 108, 24, 58, 111, 250, 51, 219, 203, 117,
       120, 224, 192, 198, 106, 204, 190, 158, 178, 169, 236, 21, 151,
       187, 255, 135, 61, 222, 247, 74, 91, 135, 87, 237, 18, 50, 77,
       154, 34, 239, 243, 124, 251, 130, 85, 143, 91, 77, 119, 17, 101,
       240, 14, 127, 184, 57, 168, 107, 76, 222, 115, 9, 18, 148, 69,
       108, 106, 65, 208, 217, 78, 229, 255, 37, 4, 72, 243, 3, 3, 232,
       172, 245, 80, 237, 253, 65, 223, 251, 187, 164, 24, 186, 245, 68,
       191, 137, 178, 238, 24, 59, 111, 250, 243, 31, 218, 85, 122, 194,
       200, 198, 46, 109, 115, 233, 103, 172, 31, 71, 184, 97, 252, 191,
       108, 219, 125, 219, 51, 156, 196, 124, 110, 205, 112, 249, 40,
       231, 217, 101, 180, 74, 255, 90, 113, 133, 100, 157, 179, 236, 43,
       169, 154, 94, 187, 19, 120, 213, 209, 217, 43, 11, 76, 126, 31,
       35, 116, 203, 34, 140, 138, 127, 180, 132, 249, 17, 161, 222, 180,
       151, 242, 137, 252, 20, 143, 187, 19, 131, 24, 206, 246, 76, 255,
       161, 83, 232, 16, 63, 77, 186, 227, 153, 210, 95, 127, 130, 68,
       143, 38, 92, 119, 59, 103, 146, 79, 55, 184, 40, 172, 127, 104,
       94, 119, 137, 48, 180, 84, 108, 98, 65, 240, 185, 14, 245, 133,
       37, 20, 96, 51, 71, 115, 80, 188, 157, 178, 168, 236, 81, 223,
       178, 255, 160, 57, 151, 247, 72, 90, 135, 247, 125, 16, 59, 79,
       250, 51, 217, 131, 117, 124, 160, 64, 135, 123, 213, 52, 158, 178,
       169, 188, 80, 150, 251, 91, 163, 29, 222, 250, 75, 91, 133, 247,
       124, 17, 62, 69, 154, 98, 219, 243, 86, 123, 136, 81, 139, 19,
       248, 174, 204, 52, 168, 168, 89, 7, 179, 191, 182, 185, 171, 171,
       66, 27, 139, 166, 237, 28, 62, 111, 194, 1, 218, 219, 112, 121,
       224, 192, 206, 74, 92, 117, 121, 103, 19, 78, 55, 184, 40, 172,
       111, 172, 95, 87, 9, 16, 54, 213, 237, 98, 64, 144, 249, 12, 247,
       237, 37, 134, 99, 179, 7, 51, 216, 188, 156, 114, 168, 236, 81,
       223, 178, 179, 164, 24, 183, 247, 64, 58, 7, 246, 125, 24, 59, 75,
       250, 51, 219, 227, 117, 124, 168, 192, 134, 59, 86, 172, 140, 182,
       137, 228, 28, 143, 186, 215, 129, 29, 245, 230, 74, 90, 161, 227,
       121, 149, 62, 75, 154, 115, 217, 167, 223, 121, 136, 81, 139, 90,
       236, 125, 181, 79, 253, 79, 71, 168, 123, 234, 173, 8, 210, 113,
       77, 53, 216, 92, 112, 106, 105, 114, 249, 62, 111, 222, 69, 54,
       66, 123, 86, 226, 237, 188, 165, 87, 173, 127, 101, 191, 215, 251,
       6, 92, 248, 113, 223, 175, 1, 70, 120, 30, 185, 244, 255, 186, 47,
       122, 213, 52, 206, 253, 216, 124, 209, 188, 149, 48, 169, 189, 68,
       135, 251, 251, 162, 92, 174, 176, 64, 255, 129, 231, 108, 29, 191,
       109, 211, 19, 152, 242, 87, 122, 200, 84, 131, 28, 217, 188, 149,
       52, 169, 60, 68, 7, 255, 251, 130, 92, 174, 184, 64, 255, 129, 7,
       108, 21, 191, 109, 215, 19, 152, 250, 87, 126, 200, 116, 139, 13,
       205, 52, 181, 85, 173, 62, 229, 191, 250, 251, 150, 92, 218, 112,
       221, 175, 1, 70, 120, 13, 177, 229, 255, 226, 12, 58, 85, 20, 202,
       124, 209, 52, 165, 249, 19, 78, 93, 207, 135, 232, 85, 224, 225,
       8, 114, 208, 45, 181, 216, 120, 2, 106, 105, 179, 120, 63, 49, 24,
       5, 54, 91, 59, 98, 164, 240, 168, 220, 112, 136, 233, 81, 71, 162,
       55, 164, 24, 51, 131, 66, 27, 1, 178, 109, 24, 26, 111, 194, 49,
       219, 131, 113, 121, 224, 192, 198, 42, 92, 115, 81, 101, 50, 74,
       59, 56, 44, 160, 111, 224, 223, 87, 137, 240, 54, 149, 252, 106,
       65, 144, 249, 76, 197, 225, 33, 4, 34, 162, 7, 49, 86, 182, 212,
       242, 171, 40, 24, 159, 187, 191, 135, 189, 206, 167, 74, 94, 167,
       23, 237, 16, 58, 77, 139, 194, 218, 247, 93, 255, 162, 196, 135,
       91, 133, 110, 157, 163, 164, 43, 175, 156, 126, 178, 27, 120, 215,
       99, 201, 43, 19, 78, 110, 126, 33, 244, 205, 34, 236, 142, 111,
       52, 132, 251, 1, 161, 240, 207, 28, 159, 156, 175, 71, 174, 30, 7,
       234, 18, 166, 99, 33, 64, 105, 226, 74, 219, 106, 172, 89, 127,
       189, 166, 150, 80, 177, 89, 81, 10, 77, 101, 149, 39, 177, 94,
       103, 184, 121, 228, 110, 8, 223, 119, 155, 246, 18, 68, 124, 110,
       97, 208, 237, 14, 237, 255, 101, 4, 2, 247, 71, 96, 108, 117, 61,
       101, 49, 79, 119, 184, 104, 172, 46, 8, 215, 51, 9, 48, 144, 84,
       108, 106, 73, 240, 249, 12, 231, 255, 5, 52, 72, 51, 70, 34, 118,
       101, 228, 70, 141, 114, 71, 140, 83, 166, 141, 10, 66, 121, 95,
       191, 89, 212, 253, 106, 104, 99, 235, 170, 179, 127, 197, 63, 227,
       127, 222, 102, 13, 221, 125, 103, 178, 14, 111, 188, 124, 226,
       111, 100, 223, 115, 137, 112, 55, 110, 60, 110, 225, 208, 125,
       110, 236, 175, 39, 4, 40, 243, 129, 113, 252, 160, 156, 112, 137,
       109, 80, 11, 179, 191, 165, 25, 143, 247, 74, 27, 129, 151, 237,
       16, 58, 71, 218, 18, 219, 211, 85, 127, 128, 64, 142, 2, 237, 245,
       181, 71, 253, 79, 71, 172, 123, 234, 60, 72, 242, 117, 77, 183,
       153, 92, 124, 106, 107, 112, 249, 63, 47, 158, 69, 54, 66, 123,
       86, 163, 120, 170, 222, 48, 136, 169, 80, 71, 162, 21, 164, 153,
       55, 131, 66, 27, 131, 163, 237, 16, 26, 79, 130, 17, 218, 193,
       112, 121, 224, 128, 142, 10, 252, 92, 188, 126, 173, 52, 85, 143,
       211, 158, 164, 56, 98, 249, 79, 91, 201, 214, 237, 2, 104, 103,
       202, 34, 243, 251, 85, 63, 242, 249, 222, 3, 224, 190, 189, 113,
       232, 237, 177, 215, 250, 183, 160, 56, 182, 188, 68, 59, 135, 55,
       106, 16, 179, 109, 242, 51, 77, 155, 117, 122, 192, 64, 199, 251,
       77, 113, 49, 101, 49, 14, 103, 56, 104, 172, 110, 8, 223, 51, 1,
       48, 144, 92, 104, 106, 65, 240, 249, 12, 231, 253, 5, 20, 74, 51,
       71, 34, 189, 109, 224, 71, 212, 26, 111, 188, 113, 170, 127, 138,
       91, 105, 159, 55, 57, 204, 21, 110, 232, 242, 237, 174, 127, 111,
       229, 132, 103, 255, 86, 228, 103, 40, 236, 80, 204, 253, 224, 66,
       235, 241, 165, 29, 18, 140, 87, 59, 137, 228, 122, 29, 159, 103,
       254, 96, 31, 24, 81, 127, 201, 205, 90, 212, 117, 233, 152, 34,
       157, 157, 70, 204, 107, 181, 172, 12, 166, 240, 74, 148, 152, 202,
       72, 94, 94, 43, 218, 51, 184, 220, 5, 126, 216, 30, 202, 14, 221,
       188, 158, 118, 137, 172, 80, 159, 178, 179, 166, 24, 127, 243, 64,
       90, 161, 246, 124, 24, 58, 79, 155, 34, 219, 235, 117, 93, 170,
       192, 202, 10, 227, 60, 185, 94, 221, 252, 212, 7, 219, 75, 236,
       29, 178, 184, 86, 62, 201, 106, 114, 28, 191, 110, 242, 99, 15,
       62, 82, 123, 201, 76, 250, 222, 202, 172, 148, 176, 137, 253, 20,
       143, 187, 63, 128, 25, 174, 178, 74, 155, 129, 83, 232, 17, 62,
       79, 202, 51, 137, 210, 93, 127, 144, 84, 143, 14, 248, 164, 156,
       48, 137, 109, 16, 143, 187, 63, 161, 25, 142, 179, 74, 155, 129,
       23, 237, 16, 62, 79, 202, 19, 219, 211, 85, 127, 194, 68, 143, 10,
       237, 113, 156, 103, 32, 14, 71, 184, 96, 234, 39, 76, 211, 113,
       73, 51, 144, 68, 108, 110, 201, 240, 217, 40, 231, 249, 101, 20,
       72, 243, 66, 33, 168, 172, 240, 83, 213, 253, 231, 207, 115, 183,
       36, 24, 2, 225, 84, 60, 25, 74, 66, 24, 50, 254, 248, 55, 111,
       158, 21, 100, 195, 200, 214, 172, 248, 184, 218, 114, 202, 237,
       81, 215, 51, 51, 100, 24, 55, 243, 64, 57, 51, 250, 245, 24, 58,
       94, 154, 51, 223, 139, 117, 105, 170, 192, 138, 42, 225, 181, 188,
       59, 236, 109, 213, 31, 91, 123, 121, 93, 214, 60, 94, 59, 157, 11,
       117, 21, 183, 118, 251, 19, 79, 62, 84, 126, 216, 88, 211, 215,
       253, 85, 221, 103, 42, 74, 71, 184, 114, 234, 167, 104, 215, 119,
       201, 115, 19, 212, 124, 106, 105, 84, 233, 42, 237, 239, 101, 148,
       32, 243, 70, 33, 133, 253, 60, 58, 157, 157, 214, 237, 222, 80,
       40, 13, 246, 248, 62, 33, 144, 99, 66, 111, 247, 41, 26, 63, 171,
       89, 5, 122, 88, 30, 203, 158, 220, 95, 253, 103, 162, 74, 87, 184,
