%YAML:1.0
---
descriptors: !!opencv-matrix
   rows: 281
   cols: 32
   dt: u
   data: [ 133, 104, 221, 241, 102, 43, 237, 136, 126, 178, 18, 250, 215,
       193, 209, 43, 51, 108, 126, 94, 97, 244, 207, 34, 132, 138, 119,
       164, 164, 249, 1, 169, 116, 160, 148, 178, 137, 233, 85, 201, 155,
       183, 161, 25, 230, 241, 72, 27, 137, 210, 105, 19, 58, 103, 202,
       48, 217, 146, 85, 127, 208, 121, 198, 98, 77, 85, 149, 39, 33, 30,
       103, 184, 121, 234, 111, 76, 222, 115, 203, 246, 148, 68, 124,
       110, 225, 208, 249, 78, 173, 254, 101, 4, 10, 247, 3, 97, 209,
       174, 151, 184, 172, 169, 72, 199, 255, 31, 176, 253, 175, 162,
       208, 223, 163, 171, 108, 21, 190, 111, 130, 243, 152, 242, 86,
       122, 208, 196, 163, 13, 213, 79, 85, 111, 48, 10, 70, 188, 100,
       136, 250, 100, 243, 99, 153, 113, 50, 228, 76, 110, 233, 176, 77,
       44, 224, 168, 37, 144, 104, 179, 64, 41, 217, 184, 215, 190, 139,
       249, 84, 199, 251, 211, 160, 56, 191, 242, 64, 187, 163, 247, 236,
       16, 63, 111, 154, 177, 153, 242, 87, 123, 234, 64, 171, 30, 197,
       252, 141, 87, 140, 47, 165, 154, 250, 243, 3, 92, 214, 240, 221,
       47, 1, 70, 120, 31, 177, 109, 223, 98, 12, 26, 85, 118, 200, 121,
       209, 52, 222, 244, 156, 178, 155, 113, 22, 232, 178, 182, 137,
       187, 79, 254, 75, 155, 179, 223, 237, 243, 46, 71, 155, 51, 250,
       195, 77, 127, 164, 119, 47, 83, 253, 140, 237, 119, 148, 110, 69,
       191, 115, 226, 110, 24, 115, 121, 148, 63, 25, 230, 116, 44, 185,
       252, 253, 46, 107, 239, 245, 16, 239, 232, 208, 104, 193, 188,
       149, 80, 169, 236, 33, 15, 239, 243, 162, 92, 182, 178, 196, 127,
       129, 39, 104, 24, 179, 77, 243, 113, 153, 186, 87, 122, 200, 64,
       131, 60, 193, 184, 149, 81, 137, 188, 0, 159, 255, 251, 162, 92,
       174, 178, 196, 255, 133, 70, 104, 28, 179, 109, 243, 112, 137,
       250, 87, 94, 202, 68, 129, 45, 193, 186, 29, 89, 232, 172, 33, 23,
       254, 27, 98, 84, 180, 146, 192, 123, 5, 46, 106, 28, 179, 220,
       211, 81, 76, 170, 114, 64, 200, 128, 129, 41, 228, 122, 185, 82,
       237, 173, 213, 158, 219, 191, 48, 29, 178, 172, 85, 26, 137, 75,
       99, 87, 130, 110, 250, 114, 77, 24, 85, 56, 208, 89, 86, 250, 9,
       105, 223, 101, 32, 74, 103, 23, 100, 224, 110, 64, 179, 51, 209,
       114, 34, 108, 108, 72, 73, 248, 245, 8, 228, 173, 37, 0, 104, 178,
       194, 168, 56, 207, 26, 254, 177, 143, 86, 183, 214, 8, 238, 69,
       247, 243, 33, 80, 212, 122, 12, 78, 106, 169, 73, 63, 235, 239,
       36, 17, 18, 251, 232, 11, 109, 113, 188, 103, 173, 95, 71, 152,
       75, 250, 181, 12, 219, 89, 219, 191, 152, 196, 124, 126, 205, 100,
       249, 160, 199, 217, 101, 52, 74, 255, 90, 115, 120, 49, 249, 96,
       40, 77, 81, 16, 226, 184, 164, 8, 23, 147, 64, 50, 0, 148, 108, 8,
       11, 35, 242, 0, 211, 201, 33, 56, 106, 128, 70, 35, 1, 138, 156,
       249, 188, 173, 177, 143, 94, 29, 88, 48, 180, 162, 226, 104, 131,
       11, 34, 24, 54, 120, 99, 51, 204, 143, 54, 97, 144, 72, 133, 137,
       229, 104, 213, 151, 236, 11, 238, 200, 58, 178, 51, 218, 214, 96,
       89, 11, 59, 237, 106, 111, 97, 116, 205, 106, 180, 138, 207, 52,
       76, 123, 211, 128, 104, 37, 53, 101, 37, 79, 65, 43, 97, 172, 238,
       8, 154, 53, 1, 52, 136, 20, 104, 40, 72, 248, 241, 8, 199, 254,
       85, 22, 66, 104, 70, 234, 112, 207, 28, 158, 156, 134, 71, 166,
       158, 4, 234, 2, 230, 98, 37, 64, 73, 226, 74, 203, 122, 171, 75,
       127, 189, 166, 134, 24, 144, 91, 240, 40, 220, 80, 93, 103, 34,
       78, 79, 56, 32, 226, 167, 224, 215, 87, 137, 115, 22, 84, 124,
       106, 233, 197, 249, 12, 227, 235, 101, 20, 32, 179, 6, 49, 246,
       36, 247, 182, 205, 106, 80, 73, 179, 183, 163, 27, 78, 235, 77,
       219, 249, 199, 233, 178, 60, 199, 153, 194, 155, 246, 197, 95,
       163, 101, 246, 6, 80, 176, 153, 240, 8, 205, 65, 19, 162, 241,
       162, 24, 151, 151, 64, 58, 1, 151, 125, 0, 27, 75, 186, 17, 217,
       131, 117, 120, 32, 0, 134, 114, 230, 36, 199, 178, 205, 104, 96,
       75, 59, 179, 227, 26, 68, 234, 76, 219, 233, 207, 107, 144, 50,
       119, 155, 192, 157, 162, 223, 111, 161, 96, 246, 162, 65, 141, 92,
       254, 156, 169, 78, 166, 142, 0, 234, 68, 247, 99, 48, 64, 66, 226,
       74, 76, 50, 40, 95, 127, 228, 174, 142, 88, 28, 218, 217, 8, 204,
       182, 158, 178, 185, 236, 93, 151, 187, 255, 135, 61, 223, 183, 74,
       91, 135, 119, 253, 17, 62, 77, 154, 34, 219, 243, 126, 251, 136,
       85, 143, 83, 108, 168, 146, 58, 217, 221, 16, 207, 155, 21, 168,
       25, 46, 249, 110, 150, 137, 251, 232, 16, 30, 107, 218, 179, 187,
       215, 21, 123, 210, 76, 206, 142, 96, 184, 184, 90, 233, 253, 81,
       143, 219, 61, 172, 25, 166, 189, 70, 30, 137, 26, 234, 16, 26,
       107, 250, 177, 75, 215, 84, 123, 210, 72, 206, 234, 229, 67, 85,
       103, 172, 14, 70, 184, 96, 168, 187, 76, 211, 97, 153, 51, 20,
       196, 108, 110, 233, 240, 205, 12, 164, 184, 101, 20, 72, 243, 82,
       33, 199, 181, 181, 83, 172, 61, 176, 139, 123, 251, 19, 121, 150,
       56, 220, 47, 135, 86, 125, 21, 183, 108, 203, 243, 142, 26, 93,
       254, 140, 77, 211, 7, 241, 176, 156, 48, 136, 173, 81, 18, 178,
       179, 165, 29, 23, 179, 66, 27, 161, 198, 108, 16, 58, 109, 154, 0,
       219, 139, 117, 125, 232, 64, 74, 10, 92, 115, 85, 229, 51, 78,
       121, 56, 45, 164, 102, 136, 223, 23, 9, 246, 54, 149, 237, 104, 1,
       208, 241, 76, 197, 241, 1, 4, 34, 162, 7, 112, 133, 100, 157, 167,
       230, 43, 175, 200, 126, 178, 123, 90, 213, 99, 201, 43, 51, 76,
       106, 126, 33, 244, 205, 42, 164, 130, 111, 36, 196, 251, 67, 160,
       112, 169, 153, 112, 8, 205, 65, 87, 162, 53, 164, 8, 55, 151, 64,
       26, 1, 178, 108, 24, 10, 75, 226, 17, 217, 129, 112, 56, 224, 128,
       70, 42, 224, 207, 28, 158, 220, 132, 71, 166, 252, 4, 234, 18,
       246, 98, 33, 81, 72, 226, 106, 234, 104, 11, 75, 127, 189, 166,
       142, 24, 16, 83, 244, 40, 176, 143, 152, 155, 156, 143, 71, 239,
       30, 47, 168, 27, 38, 34, 32, 80, 249, 203, 74, 64, 122, 169, 73,
       127, 185, 166, 22, 18, 17, 88, 208, 40, 65, 141, 92, 191, 220,
       169, 102, 167, 204, 0, 234, 204, 247, 99, 0, 195, 66, 98, 106, 78,
       51, 40, 95, 63, 236, 167, 167, 88, 24, 202, 201, 8, 68, 113, 57,
       101, 0, 78, 119, 24, 104, 168, 103, 8, 215, 19, 9, 50, 144, 84,
       104, 106, 65, 240, 241, 8, 229, 173, 33, 52, 72, 51, 71, 34, 236,
       117, 181, 111, 141, 79, 71, 168, 107, 234, 165, 8, 214, 117, 9,
       55, 152, 84, 120, 106, 105, 96, 249, 56, 231, 251, 69, 54, 66,
       123, 70, 98, 193, 184, 183, 88, 136, 236, 161, 135, 238, 115, 162,
       88, 182, 176, 196, 127, 129, 54, 120, 24, 179, 109, 247, 113, 157,
       58, 86, 90, 200, 64, 131, 44, 173, 188, 245, 85, 205, 127, 229,
       191, 83, 243, 38, 24, 250, 113, 80, 175, 9, 70, 112, 24, 177, 252,
       251, 32, 79, 155, 85, 84, 235, 248, 210, 168, 65, 184, 149, 80,
       137, 236, 161, 7, 238, 243, 162, 88, 182, 178, 68, 127, 129, 55,
       120, 24, 147, 109, 243, 81, 137, 186, 86, 122, 200, 64, 131, 60,
       121, 184, 250, 112, 237, 253, 81, 87, 227, 127, 180, 28, 59, 185,
       86, 58, 169, 162, 228, 28, 159, 111, 182, 49, 219, 217, 117, 123,
       235, 196, 202, 95, 252, 116, 140, 116, 9, 110, 85, 158, 179, 182,
       166, 29, 83, 119, 67, 31, 9, 212, 233, 34, 104, 71, 219, 42, 211,
       227, 213, 61, 235, 113, 94, 114, 36, 239, 72, 39, 252, 11, 86,
       168, 55, 180, 185, 169, 195, 105, 75, 16, 153, 204, 230, 102, 108,
       114, 201, 63, 254, 215, 37, 61, 112, 187, 94, 130, 124, 231, 204,
       39, 168, 10, 118, 168, 51, 166, 175, 169, 199, 99, 75, 19, 147,
       196, 237, 110, 108, 240, 201, 42, 238, 243, 101, 21, 96, 243, 74,
       2, 105, 213, 61, 111, 152, 143, 87, 191, 102, 13, 46, 8, 247, 51,
       8, 112, 145, 18, 76, 40, 250, 40, 121, 63, 235, 255, 52, 16, 80,
       218, 196, 43, 157, 95, 223, 103, 178, 46, 111, 188, 116, 234, 111,
