%YAML:1.0
---
descriptors: !!opencv-matrix
   rows: 369
   cols: 32
   dt: u
   data: [ 188, 221, 126, 255, 60, 15, 79, 253, 60, 250, 247, 50, 243,
       95, 153, 67, 126, 245, 95, 234, 232, 245, 73, 63, 241, 235, 231,
       212, 117, 187, 224, 243, 220, 84, 252, 255, 44, 110, 89, 154, 180,
       186, 183, 50, 223, 119, 153, 75, 103, 213, 125, 170, 168, 229,
       123, 168, 211, 235, 123, 148, 100, 249, 5, 49, 220, 176, 189, 240,
       169, 108, 93, 31, 171, 255, 151, 61, 223, 255, 72, 123, 167, 151,
       253, 145, 187, 69, 251, 192, 219, 219, 127, 252, 128, 192, 135,
       115, 200, 188, 188, 115, 169, 253, 93, 159, 251, 59, 182, 24, 190,
       191, 64, 59, 133, 87, 237, 24, 178, 109, 251, 243, 207, 219, 119,
       127, 194, 81, 135, 59, 238, 252, 180, 255, 237, 173, 212, 159,
       255, 187, 188, 24, 238, 249, 92, 91, 193, 99, 127, 19, 50, 108,
       218, 179, 239, 219, 85, 58, 146, 121, 210, 131, 230, 236, 246,
       223, 253, 63, 236, 223, 63, 179, 243, 18, 237, 235, 28, 88, 255,
       239, 127, 131, 240, 255, 239, 255, 191, 250, 223, 212, 151, 252,
       243, 136, 85, 85, 29, 231, 188, 78, 71, 184, 36, 170, 191, 72,
       215, 119, 137, 114, 22, 212, 125, 106, 105, 144, 249, 46, 237,
       239, 101, 148, 40, 243, 0, 35, 108, 116, 189, 99, 45, 111, 83,
       152, 107, 254, 47, 8, 211, 125, 73, 58, 145, 84, 125, 58, 9, 100,
       249, 2, 207, 223, 69, 52, 194, 251, 70, 114, 236, 113, 189, 103,
       168, 78, 87, 152, 49, 234, 167, 24, 215, 87, 73, 59, 148, 212,
       125, 106, 105, 244, 249, 10, 231, 219, 101, 52, 72, 179, 70, 115,
       148, 221, 189, 231, 180, 79, 127, 188, 54, 170, 250, 96, 247, 119,
       9, 64, 119, 223, 125, 107, 233, 240, 89, 47, 237, 239, 111, 132,
       44, 243, 129, 41, 120, 188, 63, 112, 25, 237, 81, 103, 235, 21,
       172, 24, 54, 183, 64, 50, 129, 58, 104, 24, 27, 107, 178, 7, 219,
       223, 16, 123, 194, 0, 198, 106, 228, 228, 29, 103, 136, 111, 71,
       172, 114, 178, 172, 24, 215, 115, 72, 50, 145, 94, 120, 106, 107,
       100, 249, 55, 229, 191, 69, 52, 64, 91, 198, 98, 252, 229, 157,
       114, 137, 109, 87, 168, 194, 182, 165, 24, 87, 245, 73, 27, 153,
       208, 233, 114, 106, 103, 250, 17, 251, 195, 69, 125, 208, 123,
       198, 34, 68, 48, 31, 227, 40, 204, 97, 16, 172, 88, 35, 72, 159,
       151, 72, 123, 134, 20, 124, 88, 3, 64, 243, 0, 205, 249, 96, 64,
       8, 131, 5, 51, 249, 184, 119, 120, 169, 253, 81, 215, 243, 91,
       180, 56, 59, 157, 198, 63, 171, 178, 252, 24, 191, 111, 182, 177,
       219, 219, 112, 123, 235, 128, 206, 95, 249, 186, 222, 178, 168,
       172, 88, 23, 163, 95, 180, 185, 63, 183, 66, 27, 167, 183, 253, 4,
       190, 79, 130, 49, 219, 203, 112, 249, 162, 196, 143, 91, 252, 172,
       252, 118, 136, 109, 85, 159, 162, 183, 164, 25, 55, 247, 66, 27,
       1, 214, 109, 8, 58, 79, 234, 32, 219, 195, 117, 57, 224, 240, 134,
       106, 93, 5, 212, 71, 149, 62, 74, 26, 105, 160, 175, 68, 203, 98,
       149, 254, 19, 198, 108, 190, 189, 129, 253, 236, 170, 255, 1, 20,
       234, 247, 72, 4, 77, 117, 57, 69, 33, 94, 119, 56, 105, 232, 111,
       8, 222, 55, 13, 50, 148, 84, 104, 106, 193, 240, 241, 12, 231,
       249, 1, 4, 74, 243, 71, 113, 117, 69, 93, 101, 16, 78, 71, 56,
       100, 160, 171, 72, 83, 49, 9, 114, 50, 212, 104, 106, 73, 176, 89,
       12, 245, 175, 5, 20, 96, 179, 64, 32, 124, 69, 125, 103, 160, 74,
       87, 188, 121, 162, 238, 8, 215, 119, 9, 115, 22, 212, 124, 106,
       105, 240, 121, 46, 231, 235, 101, 20, 32, 243, 68, 32, 197, 245,
       157, 103, 169, 78, 102, 188, 122, 250, 43, 76, 222, 112, 73, 50,
       145, 68, 104, 122, 97, 112, 217, 98, 173, 154, 69, 118, 200, 115,
       195, 35, 224, 136, 157, 254, 136, 237, 17, 143, 154, 23, 160, 24,
       182, 243, 96, 91, 193, 115, 105, 16, 50, 111, 250, 49, 217, 178,
       84, 123, 144, 72, 199, 42, 67, 123, 17, 133, 50, 142, 43, 48, 40,
       192, 74, 205, 189, 6, 129, 240, 38, 109, 124, 197, 197, 152, 245,
       108, 164, 52, 47, 130, 12, 54, 11, 93, 192, 172, 157, 255, 232,
       237, 37, 175, 190, 27, 32, 24, 182, 179, 64, 123, 129, 114, 106,
       24, 51, 108, 251, 51, 205, 178, 118, 120, 144, 80, 135, 170, 16,
       172, 191, 114, 200, 237, 233, 207, 50, 179, 100, 26, 53, 247, 96,
       59, 41, 255, 115, 152, 50, 127, 186, 115, 221, 143, 255, 104, 225,
       64, 167, 170, 209, 142, 189, 53, 60, 106, 205, 63, 250, 247, 178,
       24, 247, 121, 16, 43, 135, 119, 108, 41, 184, 237, 237, 47, 233,
       235, 117, 16, 68, 232, 135, 105, 242, 182, 190, 222, 139, 112, 93,
       239, 187, 159, 164, 185, 110, 247, 78, 31, 129, 246, 237, 0, 58,
       79, 170, 163, 219, 243, 85, 191, 162, 224, 134, 103, 69, 119, 28,
       7, 178, 10, 38, 184, 124, 224, 35, 108, 222, 114, 137, 53, 54, 77,
       104, 106, 229, 208, 221, 78, 172, 62, 15, 6, 72, 51, 3, 21, 36,
       215, 245, 75, 152, 79, 71, 184, 86, 116, 175, 76, 211, 103, 200,
       112, 85, 94, 40, 122, 251, 240, 121, 31, 237, 150, 5, 116, 112,
       187, 196, 112, 109, 101, 120, 103, 244, 31, 118, 184, 121, 168,
       63, 73, 219, 121, 157, 176, 150, 76, 125, 111, 228, 240, 201, 14,
       231, 255, 37, 52, 70, 251, 218, 131, 76, 117, 120, 103, 114, 14,
       63, 184, 57, 238, 127, 173, 223, 103, 139, 16, 22, 93, 253, 110,
       96, 208, 233, 110, 230, 255, 37, 132, 66, 243, 7, 113, 229, 112,
       91, 77, 112, 78, 103, 48, 96, 72, 103, 104, 82, 18, 133, 48, 16,
       92, 80, 106, 65, 180, 241, 76, 101, 172, 32, 0, 73, 179, 66, 176,
       208, 48, 57, 48, 8, 237, 81, 19, 230, 147, 166, 24, 183, 147, 64,
       91, 1, 147, 108, 24, 27, 109, 147, 17, 217, 128, 49, 120, 232, 0,
       7, 50, 120, 168, 159, 112, 136, 236, 80, 215, 162, 17, 172, 8, 55,
       243, 66, 58, 129, 230, 125, 16, 26, 75, 210, 33, 219, 201, 112,
       121, 224, 192, 222, 10, 209, 142, 219, 127, 176, 174, 75, 183,
       118, 11, 114, 84, 243, 99, 144, 112, 53, 174, 44, 28, 185, 188,
       37, 63, 232, 239, 52, 192, 232, 192, 192, 41, 204, 180, 188, 241,
       169, 108, 125, 159, 251, 187, 183, 24, 223, 183, 72, 91, 167, 215,
       125, 24, 186, 109, 243, 194, 203, 251, 119, 220, 194, 192, 199,
       51, 236, 188, 180, 250, 173, 237, 84, 159, 255, 187, 180, 24, 254,
       249, 92, 27, 137, 98, 127, 24, 186, 111, 218, 179, 207, 223, 85,
       122, 210, 88, 211, 11, 166, 172, 246, 254, 237, 175, 236, 223,
       255, 187, 242, 16, 206, 234, 60, 91, 217, 239, 127, 145, 250, 223,
       219, 243, 191, 250, 223, 244, 149, 120, 243, 128, 232, 188, 188,
       250, 169, 253, 81, 159, 255, 27, 180, 24, 254, 255, 64, 59, 133,
       115, 253, 16, 178, 111, 250, 241, 219, 219, 85, 123, 210, 64, 199,
       59, 130, 172, 238, 223, 252, 43, 252, 239, 255, 179, 250, 18, 236,
       234, 52, 105, 123, 239, 127, 177, 178, 255, 207, 255, 62, 62, 223,
       228, 213, 248, 243, 141, 238, 172, 246, 255, 252, 171, 252, 223,
       63, 179, 242, 146, 237, 239, 20, 91, 255, 239, 127, 145, 178, 255,
       203, 243, 158, 255, 223, 244, 215, 252, 243, 129, 148, 221, 29,
       231, 180, 78, 127, 188, 52, 170, 251, 96, 215, 119, 9, 96, 55,
       215, 125, 106, 105, 208, 105, 46, 237, 231, 39, 148, 32, 243, 133,
       51, 108, 116, 185, 97, 37, 111, 83, 152, 123, 239, 39, 8, 214, 85,
       73, 58, 153, 84, 124, 58, 137, 116, 249, 10, 207, 221, 5, 52, 194,
       123, 86, 115, 205, 85, 61, 103, 36, 78, 103, 184, 104, 232, 63,
       72, 215, 117, 137, 51, 148, 84, 124, 106, 193, 240, 249, 12, 231,
       249, 101, 4, 64, 179, 71, 115, 193, 207, 157, 167, 176, 14, 110,
       188, 60, 170, 218, 64, 247, 115, 136, 115, 151, 71, 124, 106, 97,
       216, 73, 47, 164, 175, 111, 148, 8, 242, 129, 41, 197, 93, 159,
       231, 160, 14, 118, 176, 60, 170, 227, 64, 215, 119, 9, 115, 148,
       85, 124, 106, 105, 212, 217, 46, 229, 251, 103, 16, 8, 115, 1, 49,
       197, 84, 157, 103, 168, 46, 102, 184, 120, 170, 35, 92, 215, 115,
       201, 123, 145, 84, 108, 106, 97, 212, 249, 42, 229, 190, 101, 20,
