%YAML:1.0
---
descriptors: !!opencv-matrix
   rows: 265
   cols: 32
   dt: u
   data: [ 236, 180, 189, 123, 237, 109, 81, 153, 219, 63, 165, 24, 222,
       125, 74, 59, 153, 146, 235, 24, 58, 98, 251, 17, 207, 219, 81,
       127, 210, 73, 198, 114, 213, 221, 61, 231, 180, 79, 79, 184, 52,
       234, 159, 96, 215, 119, 137, 112, 54, 212, 125, 106, 233, 240,
       105, 46, 233, 239, 37, 148, 32, 243, 0, 49, 236, 116, 189, 113,
       45, 111, 81, 152, 123, 254, 165, 24, 214, 85, 73, 59, 153, 84,
       124, 58, 169, 100, 251, 2, 203, 219, 69, 52, 194, 249, 70, 115,
       236, 113, 61, 103, 168, 78, 79, 184, 33, 232, 183, 8, 215, 119,
       73, 51, 148, 212, 125, 106, 73, 208, 249, 8, 231, 249, 101, 180,
       96, 243, 70, 115, 205, 244, 189, 242, 168, 108, 85, 188, 186, 251,
       161, 92, 215, 247, 73, 123, 133, 87, 125, 26, 169, 71, 251, 50,
       221, 251, 119, 60, 136, 112, 135, 115, 229, 117, 157, 99, 168,
       111, 71, 184, 122, 186, 47, 24, 214, 115, 73, 59, 145, 86, 120,
       122, 121, 64, 249, 34, 237, 223, 69, 52, 200, 115, 198, 114, 100,
       245, 61, 103, 157, 79, 71, 173, 122, 234, 41, 8, 214, 117, 72, 51,
       145, 94, 120, 106, 105, 112, 249, 62, 237, 255, 5, 52, 64, 123,
       198, 98, 172, 125, 61, 103, 157, 79, 71, 184, 113, 234, 227, 8,
       210, 117, 9, 51, 216, 116, 120, 106, 105, 240, 249, 46, 229, 251,
       69, 52, 64, 123, 86, 114, 120, 172, 123, 120, 153, 201, 81, 231,
       179, 21, 172, 24, 51, 183, 66, 48, 9, 186, 97, 24, 58, 107, 178,
       55, 219, 207, 20, 121, 227, 0, 198, 234, 236, 228, 157, 122, 137,
       109, 87, 168, 179, 183, 165, 24, 210, 247, 74, 59, 153, 210, 105,
       50, 122, 103, 250, 17, 203, 211, 69, 125, 208, 115, 198, 98, 249,
       190, 220, 178, 170, 189, 88, 215, 179, 95, 180, 189, 63, 183, 194,
       27, 167, 147, 253, 20, 63, 79, 194, 49, 218, 203, 116, 249, 160,
       196, 142, 91, 224, 156, 177, 122, 236, 173, 84, 223, 147, 59, 176,
       125, 50, 253, 100, 24, 205, 187, 199, 16, 186, 111, 218, 179, 31,
       214, 117, 250, 209, 72, 198, 155, 112, 184, 127, 112, 10, 233, 81,
       87, 162, 21, 164, 57, 51, 135, 66, 27, 34, 186, 101, 24, 26, 79,
       242, 17, 209, 201, 112, 121, 224, 128, 198, 122, 248, 89, 85, 78,
       73, 76, 71, 188, 129, 2, 164, 8, 114, 215, 1, 247, 0, 244, 236,
       106, 73, 103, 251, 41, 179, 178, 69, 58, 114, 186, 70, 58, 252,
       228, 252, 116, 136, 109, 85, 191, 162, 182, 164, 25, 83, 247, 75,
       27, 9, 214, 109, 42, 104, 71, 250, 0, 219, 195, 117, 61, 224, 240,
       198, 98, 221, 34, 150, 176, 184, 60, 80, 146, 251, 187, 163, 124,
       207, 226, 201, 219, 167, 199, 108, 28, 188, 69, 139, 32, 154, 243,
       119, 252, 128, 245, 171, 5, 228, 177, 17, 251, 157, 13, 67, 140,
       95, 57, 169, 88, 214, 81, 76, 52, 145, 154, 72, 82, 59, 34, 91,
       55, 173, 158, 21, 126, 208, 11, 198, 34, 252, 99, 252, 103, 142,
       11, 87, 168, 65, 166, 172, 171, 67, 101, 75, 19, 26, 212, 236,
       106, 72, 114, 205, 40, 115, 193, 69, 53, 103, 251, 78, 34, 108,
       69, 125, 103, 160, 74, 95, 184, 113, 162, 47, 8, 215, 119, 137,
       115, 22, 212, 125, 106, 104, 244, 201, 46, 229, 251, 101, 20, 96,
       243, 70, 32, 67, 59, 145, 129, 34, 30, 62, 181, 44, 224, 74, 237,
       156, 6, 135, 214, 166, 125, 121, 69, 197, 152, 245, 76, 164, 52,
       15, 130, 12, 54, 139, 93, 156, 165, 95, 103, 147, 79, 103, 184,
       52, 162, 235, 0, 83, 115, 9, 81, 49, 214, 73, 234, 104, 208, 25,
       46, 251, 231, 5, 4, 32, 242, 228, 34, 192, 172, 157, 255, 200,
       237, 5, 135, 158, 19, 32, 24, 182, 243, 64, 123, 129, 122, 106, 8,
       50, 110, 250, 51, 205, 182, 86, 56, 144, 88, 135, 170, 197, 245,
       157, 103, 177, 78, 55, 184, 122, 250, 47, 8, 246, 113, 73, 51,
       145, 86, 104, 106, 97, 224, 251, 43, 237, 251, 69, 22, 200, 115,
       195, 35, 197, 247, 157, 69, 160, 14, 103, 152, 122, 186, 43, 68,
       222, 114, 201, 123, 151, 68, 108, 122, 241, 208, 217, 66, 172,
       186, 103, 6, 136, 115, 131, 37, 117, 77, 125, 101, 150, 79, 71,
       188, 100, 160, 170, 8, 83, 115, 1, 112, 18, 212, 76, 106, 104,
       176, 121, 62, 253, 175, 37, 20, 112, 187, 192, 34, 108, 191, 156,
       126, 169, 233, 22, 175, 155, 190, 188, 57, 230, 249, 66, 19, 129,
       118, 237, 66, 124, 107, 202, 59, 234, 247, 101, 59, 210, 121, 206,
       3, 76, 117, 120, 103, 48, 14, 127, 56, 57, 236, 63, 169, 223, 87,
       139, 16, 22, 93, 253, 110, 64, 208, 233, 76, 231, 217, 37, 132,
       66, 179, 7, 115, 77, 101, 113, 103, 53, 30, 126, 184, 121, 232,
       127, 9, 223, 121, 157, 180, 182, 76, 124, 110, 196, 240, 201, 14,
       231, 255, 37, 6, 66, 183, 67, 33, 80, 184, 157, 240, 136, 236, 65,
       130, 166, 147, 162, 24, 183, 247, 64, 90, 1, 246, 104, 24, 27, 77,
       251, 33, 217, 163, 85, 24, 160, 64, 7, 42, 38, 77, 18, 190, 249,
       201, 22, 224, 159, 132, 232, 9, 230, 226, 37, 144, 200, 251, 202,
       67, 110, 35, 74, 63, 177, 182, 5, 59, 80, 123, 238, 134, 153, 143,
       75, 63, 180, 170, 102, 151, 118, 75, 98, 244, 243, 96, 144, 121,
       17, 46, 44, 28, 191, 252, 69, 63, 202, 175, 52, 192, 232, 192,
       216, 8, 42, 237, 16, 62, 153, 205, 22, 175, 159, 21, 40, 9, 174,
       155, 65, 144, 129, 123, 192, 66, 70, 106, 90, 183, 171, 212, 20,
       59, 82, 29, 10, 10, 244, 164, 189, 114, 136, 109, 69, 135, 242,
       183, 165, 24, 23, 183, 64, 27, 1, 214, 108, 24, 58, 111, 250, 34,
       217, 131, 117, 124, 224, 64, 198, 98, 205, 116, 153, 103, 33, 126,
       55, 136, 121, 234, 39, 24, 222, 119, 73, 58, 147, 92, 104, 98, 97,
       244, 249, 74, 197, 255, 69, 6, 66, 115, 71, 35, 85, 85, 125, 231,
       184, 14, 79, 184, 32, 170, 191, 104, 215, 119, 137, 115, 86, 212,
       125, 106, 233, 144, 249, 14, 231, 239, 101, 148, 32, 243, 64, 33,
       20, 253, 189, 239, 180, 15, 111, 184, 54, 170, 251, 96, 247, 119,
       137, 96, 119, 255, 125, 235, 233, 208, 105, 46, 236, 239, 175,
       132, 36, 243, 1, 49, 93, 85, 125, 231, 176, 78, 79, 184, 32, 234,
       255, 72, 215, 119, 137, 114, 22, 212, 125, 106, 105, 144, 249, 14,
       229, 239, 37, 148, 32, 243, 70, 49, 197, 222, 157, 247, 160, 46,
       108, 191, 188, 186, 114, 84, 215, 115, 137, 123, 167, 71, 124, 42,
       161, 220, 91, 46, 172, 251, 119, 132, 136, 241, 129, 41, 197, 220,
       157, 247, 168, 110, 117, 188, 190, 251, 35, 88, 215, 247, 73, 123,
       151, 87, 124, 26, 49, 84, 219, 34, 205, 251, 119, 20, 136, 113,
       131, 51, 197, 212, 157, 119, 160, 46, 103, 184, 120, 186, 163, 84,
       215, 115, 9, 123, 149, 86, 124, 106, 241, 212, 217, 42, 237, 174,
       117, 20, 200, 241, 195, 33, 68, 180, 157, 119, 176, 110, 119, 185,
       122, 235, 43, 24, 214, 119, 9, 120, 145, 94, 124, 58, 49, 208,
       249, 42, 237, 191, 37, 86, 200, 115, 135, 51, 253, 71, 221, 103,
       36, 14, 71, 184, 96, 170, 179, 76, 211, 97, 153, 51, 20, 196, 108,
       110, 233, 244, 237, 42, 228, 171, 101, 20, 104, 243, 66, 33, 120,
       188, 57, 120, 25, 233, 81, 103, 179, 21, 172, 56, 54, 151, 64, 48,
       137, 186, 96, 16, 58, 107, 242, 55, 219, 223, 16, 123, 226, 0,
       198, 234, 108, 228, 189, 115, 137, 109, 87, 168, 66, 190, 173, 24,
       214, 117, 73, 59, 153, 212, 104, 58, 122, 103, 251, 51, 203, 223,
       69, 127, 210, 123, 70, 34, 219, 170, 180, 178, 169, 172, 88, 215,
       179, 59, 128, 89, 175, 191, 64, 27, 167, 183, 125, 21, 190, 79,
       130, 177, 219, 251, 92, 250, 162, 196, 131, 11, 248, 184, 254,
       112, 138, 233, 81, 87, 178, 93, 164, 189, 55, 151, 66, 27, 7, 179,
       229, 16, 26, 79, 146, 17, 211, 193, 112, 121, 224, 128, 6, 123,
       241, 151, 88, 106, 184, 191, 82, 191, 87, 41, 191, 124, 115, 112,
       142, 241, 149, 150, 76, 40, 191, 40, 121, 63, 250, 255, 37, 116,
       250, 202, 200, 5, 205, 166, 200, 17, 210, 184, 33, 159, 114, 247,
       14, 252, 145, 130, 202, 248, 115, 206, 170, 152, 147, 92, 239, 51,
       76, 5, 183, 237, 174, 196, 187, 225, 153, 79, 78, 62, 8, 219, 71,
