%YAML:1.0
---
descriptors: !!opencv-matrix
   rows: 158
   cols: 32
   dt: u
   data: [ 124, 119, 28, 102, 137, 31, 86, 249, 129, 172, 173, 77, 66,
       249, 75, 147, 220, 212, 237, 98, 76, 99, 219, 40, 243, 193, 69,
       63, 107, 122, 206, 19, 116, 69, 65, 111, 82, 75, 71, 168, 48, 164,
       239, 168, 67, 103, 9, 80, 120, 220, 0, 98, 72, 146, 249, 46, 245,
       164, 5, 4, 97, 187, 70, 98, 207, 190, 132, 87, 172, 58, 237, 151,
       251, 255, 22, 220, 200, 96, 215, 143, 5, 102, 104, 31, 177, 244,
       255, 226, 12, 58, 85, 144, 206, 252, 217, 85, 116, 103, 108, 103,
       48, 75, 71, 40, 32, 164, 175, 168, 211, 69, 137, 17, 24, 196, 68,
       106, 72, 178, 237, 12, 108, 168, 37, 52, 97, 179, 70, 224, 144,
       158, 223, 113, 162, 238, 57, 23, 54, 95, 110, 245, 247, 39, 130,
       88, 55, 62, 45, 28, 187, 220, 97, 19, 206, 171, 116, 192, 232,
       192, 133, 121, 249, 174, 150, 50, 168, 189, 68, 239, 187, 27, 176,
       93, 239, 234, 64, 155, 161, 227, 236, 20, 62, 111, 202, 51, 152,
       211, 117, 120, 192, 68, 203, 13, 44, 106, 152, 90, 77, 181, 208,
       204, 195, 62, 164, 8, 10, 202, 79, 158, 201, 200, 234, 210, 14,
       103, 218, 176, 23, 217, 17, 63, 211, 95, 110, 134, 248, 184, 123,
       120, 77, 221, 81, 71, 235, 85, 180, 25, 42, 157, 86, 60, 168, 186,
       197, 17, 158, 107, 178, 145, 91, 217, 16, 123, 115, 12, 198, 254,
       165, 45, 157, 146, 236, 237, 129, 202, 222, 243, 168, 24, 150,
       240, 65, 187, 137, 66, 106, 16, 59, 111, 234, 50, 157, 18, 85,
       126, 192, 73, 214, 96, 124, 97, 97, 69, 80, 75, 103, 40, 97, 164,
       239, 136, 211, 7, 25, 52, 56, 220, 64, 234, 72, 176, 249, 14, 101,
       132, 1, 5, 99, 179, 70, 226, 237, 67, 236, 39, 36, 14, 118, 184,
       96, 172, 55, 13, 211, 105, 155, 19, 144, 68, 108, 110, 204, 240,
       205, 12, 230, 251, 101, 149, 64, 179, 90, 1, 68, 232, 141, 179,
       10, 201, 153, 140, 174, 53, 129, 153, 149, 207, 72, 10, 135, 89,
       121, 145, 2, 77, 203, 113, 205, 130, 63, 125, 132, 1, 135, 210,
       68, 101, 21, 103, 48, 78, 110, 168, 104, 128, 107, 72, 223, 123,
       9, 112, 150, 85, 120, 106, 65, 176, 217, 78, 229, 190, 1, 4, 64,
       179, 67, 34, 240, 140, 149, 62, 136, 236, 68, 167, 178, 51, 162,
       88, 247, 242, 0, 123, 193, 247, 104, 0, 57, 79, 211, 35, 153, 162,
       84, 88, 216, 104, 130, 10, 200, 188, 191, 122, 184, 236, 113, 151,
       187, 31, 100, 56, 191, 247, 0, 24, 135, 50, 108, 24, 50, 109, 162,
       55, 203, 255, 48, 72, 192, 128, 199, 107, 242, 184, 245, 122, 169,
       249, 80, 203, 155, 63, 176, 57, 42, 253, 76, 191, 135, 147, 237,
       16, 58, 111, 234, 49, 27, 218, 113, 255, 243, 68, 198, 55, 248,
       186, 95, 48, 42, 201, 81, 214, 162, 31, 180, 185, 55, 199, 192,
       27, 39, 179, 109, 16, 42, 79, 138, 49, 216, 193, 112, 248, 96,
       128, 6, 107, 109, 52, 140, 165, 8, 46, 77, 26, 32, 230, 142, 13,
       211, 39, 83, 27, 157, 196, 121, 47, 136, 86, 209, 10, 197, 251,
       201, 52, 136, 241, 82, 82, 102, 187, 141, 182, 200, 5, 143, 157,
       138, 241, 137, 205, 244, 229, 88, 10, 77, 215, 123, 215, 155, 67,
       219, 113, 253, 38, 255, 252, 140, 123, 151, 112, 69, 101, 17, 103,
       16, 78, 102, 168, 124, 160, 107, 8, 215, 115, 25, 176, 144, 212,
       72, 234, 73, 176, 217, 110, 229, 188, 5, 4, 72, 179, 67, 32, 193,
       176, 31, 81, 12, 173, 161, 19, 238, 91, 34, 84, 214, 144, 208,
       107, 33, 38, 106, 28, 179, 109, 151, 81, 12, 40, 114, 64, 200, 0,
       65, 33, 80, 33, 17, 229, 145, 78, 97, 43, 100, 160, 202, 8, 151,
       19, 0, 244, 48, 156, 120, 40, 73, 152, 209, 12, 149, 172, 17, 4,
       32, 32, 130, 42, 120, 169, 245, 120, 169, 220, 80, 223, 243, 25,
       164, 24, 59, 159, 68, 58, 137, 218, 252, 24, 26, 107, 242, 49,
       219, 219, 85, 127, 227, 208, 230, 43, 244, 101, 51, 71, 81, 94,
       71, 104, 113, 160, 239, 8, 82, 85, 13, 180, 120, 220, 192, 98,
       105, 182, 249, 14, 51, 164, 129, 23, 99, 51, 102, 162, 85, 109,
       104, 37, 16, 10, 111, 186, 116, 228, 78, 141, 151, 44, 19, 64, 22,
       196, 105, 103, 204, 152, 245, 14, 228, 39, 13, 20, 108, 177, 85,
       80, 236, 99, 108, 39, 36, 10, 103, 184, 96, 172, 119, 173, 195,
       105, 155, 19, 18, 68, 109, 110, 72, 240, 205, 12, 230, 187, 101,
       149, 108, 179, 90, 64, 124, 20, 173, 246, 136, 102, 85, 155, 50,
       247, 207, 25, 83, 119, 75, 123, 81, 214, 253, 24, 24, 82, 251, 32,
       219, 231, 245, 93, 162, 243, 150, 114, 229, 100, 157, 101, 36, 63,
       102, 152, 123, 242, 33, 24, 211, 40, 85, 59, 145, 68, 104, 110,
       165, 116, 253, 26, 143, 219, 69, 52, 192, 251, 90, 4, 148, 79, 78,
       165, 180, 10, 79, 180, 116, 228, 202, 133, 243, 41, 19, 65, 56,
       228, 77, 111, 236, 177, 85, 44, 224, 163, 173, 16, 108, 187, 208,
       80, 243, 186, 238, 80, 169, 249, 81, 215, 243, 95, 180, 189, 43,
       236, 214, 63, 143, 162, 236, 28, 190, 111, 166, 179, 219, 219, 84,
       251, 227, 196, 206, 95, 248, 185, 241, 120, 169, 201, 80, 207,
       251, 25, 176, 56, 59, 155, 68, 58, 137, 155, 236, 16, 26, 107,
       226, 17, 219, 217, 85, 127, 227, 16, 198, 43, 247, 124, 140, 182,
       173, 124, 84, 182, 241, 254, 132, 29, 134, 245, 83, 159, 129, 230,
       236, 31, 253, 71, 250, 160, 219, 211, 85, 59, 170, 117, 222, 127,
       98, 190, 239, 90, 234, 249, 209, 199, 251, 95, 176, 189, 42, 236,
       86, 26, 175, 163, 255, 21, 190, 111, 182, 115, 91, 30, 84, 251,
       197, 68, 198, 95, 77, 119, 49, 71, 245, 30, 103, 184, 121, 232,
       127, 76, 222, 113, 159, 180, 148, 76, 70, 110, 197, 240, 249, 110,
       103, 255, 37, 4, 74, 51, 75, 133, 161, 234, 25, 109, 56, 15, 67,
       184, 62, 52, 32, 76, 247, 65, 1, 16, 148, 4, 104, 110, 67, 116,
       121, 31, 229, 154, 1, 52, 64, 187, 67, 97, 225, 172, 215, 84, 205,
       173, 100, 199, 251, 19, 160, 88, 34, 177, 68, 31, 201, 166, 106,
       24, 59, 111, 194, 99, 28, 186, 84, 122, 202, 64, 194, 12, 216,
       240, 85, 79, 49, 78, 71, 188, 117, 32, 102, 72, 127, 87, 9, 181,
       16, 84, 92, 106, 105, 180, 121, 63, 227, 251, 64, 0, 106, 178, 66,
       56, 161, 172, 135, 19, 205, 173, 228, 207, 219, 179, 224, 89, 162,
       224, 84, 159, 201, 106, 98, 20, 62, 126, 206, 50, 28, 146, 85,
       122, 193, 76, 210, 140, 117, 101, 18, 103, 213, 14, 70, 232, 112,
       160, 235, 8, 82, 113, 9, 144, 152, 204, 64, 106, 72, 242, 217, 46,
       181, 172, 5, 4, 104, 51, 74, 2, 77, 117, 177, 71, 113, 78, 103,
       184, 121, 232, 47, 8, 222, 51, 141, 52, 16, 76, 84, 106, 193, 240,
       249, 78, 109, 254, 37, 6, 74, 179, 67, 101, 106, 182, 48, 13, 120,
       27, 18, 186, 59, 252, 60, 237, 206, 36, 206, 148, 151, 77, 196,
       36, 134, 66, 203, 31, 46, 86, 37, 191, 82, 164, 14, 213, 216, 50,
       150, 176, 43, 184, 89, 26, 163, 95, 148, 253, 175, 199, 194, 31,
       167, 163, 237, 20, 142, 79, 130, 145, 210, 209, 113, 187, 170,
       196, 15, 83, 181, 116, 51, 78, 89, 95, 150, 104, 81, 226, 225, 8,
       82, 212, 13, 181, 152, 92, 64, 98, 105, 231, 249, 14, 51, 186, 1,
       31, 65, 59, 102, 166, 77, 181, 144, 227, 241, 61, 62, 152, 123,
       57, 47, 88, 222, 115, 72, 180, 149, 95, 120, 122, 147, 80, 217,
       119, 173, 220, 5, 118, 138, 83, 139, 33, 173, 124, 183, 86, 233,
       127, 182, 216, 219, 218, 124, 120, 120, 245, 141, 191, 157, 114,
       246, 106, 225, 229, 58, 234, 39, 94, 69, 170, 203, 251, 67, 181,
       101, 105, 177, 69, 117, 78, 99, 136, 99, 168, 106, 8, 210, 81, 85,
       54, 152, 76, 98, 122, 1, 242, 249, 40, 111, 188, 5, 36, 66, 51,
       82, 160, 216, 190, 254, 122, 186, 232, 81, 215, 187, 31, 188, 61,
       63, 247, 130, 24, 39, 179, 237, 24, 58, 79, 138, 119, 218, 255,
       112, 249, 234, 192, 175, 123, 101, 168, 220, 82, 205, 253, 80,
       207, 203, 191, 60, 29, 18, 249, 78, 26, 137, 202, 98, 28, 22, 107,
       250, 32, 31, 153, 85, 127, 201, 73, 218, 194, 106, 188, 167, 58,
       251, 237, 177, 199, 170, 95, 120, 185, 60, 253, 112, 26, 175, 115,
